2003-08-18 11.4 11.46 11.28 11.28
2003-11-17 12.0 12.08 11.89 11.89
2003-11-19 12.06 12.15 12.0 12.0
2003-12-04 12.1 12.14 11.85 11.85
2003-12-09 11.99 12.16 11.9 11.9
2004-01-08 13.03 13.28 12.53 12.53
2004-01-13 13.35 13.39 12.72 12.72
2004-02-09 14.18 14.22 13.54 13.54
2004-02-27 16.23 16.49 15.57 15.57
2004-03-15 15.83 16.02 15.58 15.58
2004-03-19 15.92 16.0 15.65 15.65
2004-03-25 15.95 15.99 15.55 15.55
2004-03-26 16.32 16.36 15.99 15.99
2004-03-30 16.45 16.47 15.99 15.99
2004-04-07 17.29 17.48 17.19 17.19
2004-04-12 17.14 17.34 17.0 17.0
2004-04-20 16.7 16.79 16.15 16.15
2004-05-21 7.14 7.15 7.02 7.02
2004-07-05 6.48 6.48 6.29 6.29
2004-07-06 6.62 6.75 6.48 6.48
2004-08-26 6.96 7.01 6.95 6.95
2004-09-15 7.08 7.19 6.71 6.71
2004-09-22 7.77 7.99 7.68 7.68
2004-10-29 7.94 8.15 7.66 7.66
2004-11-02 7.97 8.1 7.75 7.75
2004-11-10 8.02 8.03 7.63 7.63
2004-11-25 8.13 8.22 8.12 8.12
2005-01-05 7.47 7.48 7.3 7.3
2005-01-10 7.79 7.83 7.46 7.46
2005-01-13 7.91 7.93 7.82 7.82
2005-03-17 7.53 7.69 7.48 7.48
2007-01-17 5.38 5.6 5.26 5.26
2007-01-22 5.77 5.82 5.61 5.61
2007-04-20 9.4 9.48 9.08 9.08
2007-04-23 9.92 9.95 9.48 9.48
2007-06-13 13.71 14.59 13.47 13.47
2007-07-30 13.07 13.37 12.82 12.82
2007-08-02 12.58 12.74 12.2 12.2
2007-08-09 13.3 13.59 12.82 12.82
2007-12-26 18.14 18.25 17.31 17.31
2008-12-10 7.65 7.67 7.2 7.2
2010-03-01 12.69 12.78 12.48 12.48
2010-11-04 12.97 13.14 12.19 12.19
2011-02-16 12.19 12.3 11.61 11.61
2012-05-22 6.38 6.41 6.31 6.31
2012-08-06 5.42 5.44 5.26 5.26
2012-08-09 5.5 5.52 5.44 5.44
2012-08-16 5.43 5.47 5.35 5.35
2012-08-31 5.47 5.49 5.38 5.38
2012-09-03 5.48 5.54 5.44 5.44
2012-09-06 5.47 5.48 5.36 5.36
2013-01-30 7.15 7.26 6.92 6.92
2013-02-27 8.93 8.95 8.62 8.62
2013-03-01 9.5 9.53 9.12 9.12
2013-03-20 9.36 9.52 8.92 8.92
2013-03-22 10.22 10.3 9.8 9.8
2013-08-05 11.78 11.93 11.02 11.02
2013-08-07 12.39 12.72 11.8 11.8
2013-11-11 11.19 11.37 10.92 10.92
2013-11-18 11.96 12.03 11.81 11.81
2013-12-31 13.22 13.35 12.9 12.9
2014-01-03 13.14 13.19 13.01 13.01
2014-02-13 12.88 13.28 12.45 12.45
2014-08-15 14.85 14.91 14.75 14.75
2015-05-04 32.84 33.06 30.15 30.15
2015-07-09 12.88 12.88 10.54 10.54
2016-11-29 9.57 9.78 9.4 9.4
2017-02-14 10.05 10.19 10.0 10.0
2017-02-17 9.9 10.07 9.88 9.88
3428
