1997-07-30 26.25 26.31 25.8 25.8
1997-07-31 26.52 27.1 26.31 26.31
1997-08-21 23.63 23.95 22.35 22.35
1997-08-27 25.0 25.2 24.2 24.2
1997-09-03 23.35 23.7 22.8 22.8
1997-09-24 21.52 21.6 20.1 20.1
1997-09-30 21.5 21.8 21.3 21.3
1997-10-10 22.5 22.98 21.9 21.9
1997-10-27 26.5 26.99 25.78 25.78
1997-10-31 28.05 28.3 27.02 27.02
1997-11-06 29.02 30.35 29.0 29.0
1997-11-18 30.87 31.25 29.6 29.6
1997-12-08 33.53 33.68 32.1 32.1
1997-12-10 33.31 33.85 33.0 33.0
1998-02-24 27.48 27.93 27.3 27.3
1998-03-05 25.9 26.84 25.5 25.5
1998-03-13 27.15 27.6 26.5 26.5
1998-05-14 41.15 42.0 40.65 40.65
1998-05-27 38.7 40.0 38.2 38.2
1998-06-05 37.95 38.5 36.5 36.5
1998-07-08 36.2 36.8 36.02 36.02
1998-07-23 31.77 31.9 31.5 31.5
1998-07-31 32.35 33.0 32.0 32.0
1998-08-21 32.08 32.25 31.11 31.11
1998-08-28 31.71 32.0 31.6 31.6
1998-09-03 32.18 32.4 31.7 31.7
1998-10-20 31.39 32.0 31.3 31.3
1998-10-29 31.06 32.89 30.67 30.67
1998-11-06 32.52 33.35 32.3 32.3
1998-11-23 32.67 33.0 31.59 31.59
1999-01-21 28.15 28.37 27.9 27.9
1999-04-09 27.5 27.99 27.2 27.2
1999-04-14 27.1 27.43 27.0 27.0
1999-04-28 25.57 27.19 24.82 24.82
1999-05-13 25.21 25.7 25.2 25.2
1999-05-19 26.1 26.55 24.85 24.85
1999-05-20 27.3 27.47 25.81 25.81
1999-06-04 30.0 30.98 28.9 28.9
1999-06-16 36.28 36.28 33.5 33.5
1999-07-01 61.28 61.28 61.28 61.28
1999-07-02 59.8 61.81 55.15 55.15
1999-07-07 56.1 56.1 51.28 51.28
1999-07-20 48.84 48.84 44.58 44.58
1999-09-08 46.18 46.85 46.0 46.0
1999-10-22 35.89 37.0 34.2 34.2
1999-11-23 33.8 34.2 33.55 33.55
1999-11-30 32.88 32.95 31.9 31.9
1999-12-08 32.25 32.57 32.2 32.2
1999-12-10 34.27 34.8 32.35 32.35
1999-12-15 35.63 37.15 34.15 34.15
2000-01-04 38.19 38.8 36.0 36.0
2000-01-24 43.95 44.86 41.01 41.01
2000-02-17 61.1 72.0 60.09 60.09
2000-02-24 56.5 56.5 52.0 52.0
2000-03-17 56.01 56.5 53.52 53.52
2000-04-25 59.0 59.45 58.0 58.0
2000-06-19 45.8 46.4 45.0 45.0
2000-06-21 47.2 47.3 45.6 45.6
2000-07-27 50.05 50.58 49.52 49.52
2000-09-15 50.48 50.76 50.0 50.0
2000-09-29 47.8 48.02 47.4 47.4
2000-10-31 45.3 45.77 45.0 45.0
2000-11-09 48.48 48.86 47.6 47.6
2000-11-28 47.08 47.1 46.11 46.11
2000-12-29 44.3 44.5 44.0 44.0
2001-01-19 39.86 40.28 39.38 39.38
2001-02-13 35.62 35.9 35.1 35.1
2001-02-20 36.25 37.04 35.8 35.8
2001-04-24 43.08 43.55 42.62 42.62
2001-05-10 43.95 44.39 43.25 43.25
2001-05-30 29.45 29.45 28.3 28.3
2001-07-10 27.24 27.35 26.86 26.86
2001-07-31 22.9 23.37 22.0 22.0
2001-08-07 22.8 23.6 21.0 21.0
2001-08-09 22.9 22.99 22.66 22.66
2001-08-10 23.21 23.37 22.89 22.89
2001-08-31 24.36 24.65 24.32 24.32
2001-09-04 25.15 25.34 24.5 24.5
2001-09-06 25.14 25.22 24.88 24.88
2001-09-18 23.58 23.98 23.3 23.3
2001-10-11 21.72 22.2 21.51 21.51
2001-10-29 22.76 22.88 22.5 22.5
2001-11-06 21.6 21.85 21.31 21.31
2001-11-20 21.52 21.75 21.15 21.15
2001-12-03 22.4 22.59 22.1 22.1
2001-12-18 21.7 21.8 21.35 21.35
2002-03-08 23.88 24.8 22.8 22.8
2002-03-19 22.92 23.0 22.24 22.24
2002-04-24 20.58 20.82 20.5 20.5
2002-04-25 20.65 20.8 20.6 20.6
2002-04-26 21.2 21.51 20.75 20.75
2002-05-10 20.78 21.2 20.7 20.7
2002-06-18 18.76 18.95 18.41 18.41
2002-06-20 18.43 18.7 18.35 18.35
2002-07-01 22.0 22.96 21.76 21.76
2002-07-08 21.82 21.95 21.52 21.52
2002-07-11 21.16 21.38 21.0 21.0
2002-07-29 20.39 20.42 20.2 20.2
2002-08-02 19.1 19.28 19.0 19.0
2002-08-27 18.99 19.25 18.65 18.65
2002-09-19 19.16 19.18 18.66 18.66
2002-10-22 17.91 18.0 17.54 17.54
2002-11-04 18.12 18.2 17.69 17.69
2002-11-05 18.27 18.4 18.1 18.1
2002-12-12 15.5 15.99 15.35 15.35
2003-01-15 17.56 18.14 16.5 16.5
2003-02-11 17.13 17.16 16.88 16.88
2003-03-03 17.4 17.41 17.1 17.1
2003-04-29 14.55 14.95 14.5 14.5
2003-05-19 14.82 15.19 14.55 14.55
2003-05-23 14.65 14.98 14.35 14.35
2003-05-29 16.39 16.5 15.27 15.27
2003-07-08 15.24 15.44 15.05 15.05
2003-07-16 15.73 15.84 15.51 15.51
2003-08-14 16.8 17.3 15.75 15.75
2003-09-10 18.43 18.5 17.58 17.58
2003-10-09 16.38 16.74 16.3 16.3
2003-11-20 15.14 15.18 14.02 14.02
2003-12-01 15.28 15.45 14.95 14.95
2003-12-02 15.6 16.4 15.52 15.52
2003-12-26 14.75 14.85 14.5 14.5
2004-01-02 14.73 14.96 14.39 14.39
2004-01-06 15.54 15.56 15.24 15.24
2004-01-16 16.56 16.81 16.0 16.0
2004-02-03 17.37 17.78 17.12 17.12
2004-02-12 17.88 18.53 17.8 17.8
2004-03-10 16.81 16.9 16.3 16.3
2004-03-19 18.4 18.46 17.6 17.6
2004-06-24 15.23 15.44 15.09 15.09
2004-07-06 14.36 14.65 14.25 14.25
2004-07-16 14.46 14.57 14.0 14.0
2004-08-10 15.31 15.43 15.15 15.15
2004-09-14 13.37 13.63 12.98 12.98
2004-09-17 14.68 14.8 14.35 14.35
2004-10-15 16.19 16.28 14.96 14.96
2004-11-10 15.7 15.73 14.78 14.78
2004-11-18 15.54 15.55 15.3 15.3
2004-12-01 15.1 15.41 15.0 15.0
2004-12-06 15.64 15.77 15.15 15.15
2004-12-22 14.85 15.0 14.29 14.29
2004-12-24 14.58 14.88 14.3 14.3
2004-12-27 14.74 15.0 14.6 14.6
2005-01-06 14.93 14.97 14.6 14.6
2005-01-18 14.56 14.58 14.3 14.3
2005-02-01 12.96 13.11 12.85 12.85
2005-03-31 11.06 11.21 10.8 10.8
2005-04-15 10.64 10.8 10.6 10.6
2005-05-12 9.57 9.57 9.57 9.57
2005-05-13 10.53 10.53 10.53 10.53
2005-06-29 10.41 10.54 10.21 10.21
2005-07-29 9.2 9.33 9.12 9.12
2005-08-03 9.54 9.75 9.39 9.39
2005-08-24 11.29 11.5 10.85 10.85
2005-08-31 11.53 11.58 11.12 11.12
2005-09-02 12.0 12.37 11.71 11.71
2005-09-26 11.15 11.29 10.85 10.85
2005-09-29 10.72 10.78 10.6 10.6
2005-11-14 9.68 9.72 9.5 9.5
2005-12-09 9.49 9.51 9.3 9.3
2005-12-13 9.71 9.74 9.51 9.51
2006-01-06 10.52 10.52 10.52 10.52
2006-11-21 9.92 9.95 9.46 9.46
2006-12-04 10.48 10.6 10.32 10.32
2007-01-19 15.88 15.88 15.41 15.41
2007-02-28 20.29 20.5 18.88 18.88
2007-05-08 29.6 30.65 29.0 29.0
2007-05-25 29.65 30.5 29.2 29.2
2007-06-07 30.78 31.0 29.1 29.1
2007-07-23 33.8 33.83 32.47 32.47
2007-08-14 34.54 35.2 33.95 33.95
2007-09-28 35.2 35.6 34.1 34.1
2008-02-04 43.23 43.24 41.0 41.0
2008-02-18 43.57 44.1 42.82 42.82
2008-04-07 32.48 32.5 29.0 29.0
2008-07-24 23.03 23.3 22.0 22.0
2008-08-29 11.88 12.06 11.48 11.48
2008-11-05 7.05 7.21 6.86 6.86
2008-11-19 9.52 9.74 8.76 8.76
2008-12-19 11.26 11.35 10.8 10.8
2009-02-13 15.56 15.78 15.28 15.28
2009-09-11 15.35 15.73 14.38 14.38
2009-11-09 16.4 16.41 15.95 15.95
2009-11-19 17.49 17.65 16.78 16.78
2009-12-17 17.39 18.3 16.88 16.88
2010-01-18 22.38 22.44 20.86 20.86
2010-01-28 20.43 20.56 19.6 19.6
2010-02-05 21.28 21.3 20.13 20.13
2010-03-03 21.88 22.0 21.5 21.5
2010-04-12 24.75 24.75 22.51 22.51
2010-05-14 25.76 25.76 24.01 24.01
2010-07-07 21.19 21.23 20.72 20.72
2010-08-11 24.78 24.8 23.54 23.54
2010-10-12 23.93 23.96 23.04 23.04
2010-11-01 27.83 27.99 26.7 26.7
2010-11-04 28.92 29.17 26.6 26.6
2010-12-22 28.3 28.89 27.65 27.65
2011-01-21 25.0 25.09 24.01 24.01
2011-02-21 27.9 28.03 26.51 26.51
2011-03-04 28.18 28.21 27.29 27.29
2011-05-13 12.94 12.96 12.67 12.67
2011-07-18 11.32 11.47 11.13 11.13
2011-08-23 9.08 9.12 8.91 8.91
2011-12-14 8.29 8.41 8.16 8.16
2012-01-12 9.85 10.13 9.66 9.66
2012-02-27 11.02 11.32 10.78 10.78
2012-03-08 10.44 10.53 10.33 10.33
2012-05-24 9.15 9.25 9.0 9.0
2012-05-29 9.24 9.35 9.18 9.18
2012-08-01 7.77 7.8 7.66 7.66
2012-08-07 8.04 8.08 7.98 7.98
2012-08-17 8.01 8.14 7.88 7.88
2012-09-03 7.8 7.86 7.72 7.72
2012-09-19 8.15 8.19 8.01 8.01
2012-10-18 8.01 8.04 7.84 7.84
2012-10-25 8.07 8.23 7.92 7.92
2012-11-01 7.77 7.9 7.73 7.73
2013-04-01 7.02 7.09 6.91 6.91
2013-04-19 7.11 7.17 7.0 7.0
2013-04-22 7.13 7.17 7.08 7.08
2013-05-06 7.15 7.19 6.99 6.99
2013-07-10 6.93 6.96 6.7 6.7
2013-07-15 7.28 7.32 7.12 7.12
2013-08-12 8.0 8.03 7.79 7.79
2013-08-19 8.37 8.46 8.0 8.0
2013-08-22 8.84 9.18 8.6 8.6
2013-09-02 8.64 8.79 8.48 8.48
2013-09-05 8.7 8.85 8.61 8.61
2013-10-21 9.66 9.85 9.3 9.3
2013-11-04 8.75 8.89 8.65 8.65
2013-11-14 8.94 8.98 8.5 8.5
2013-12-27 10.08 10.17 9.45 9.45
2014-01-28 10.65 10.99 10.53 10.53
2014-02-10 11.47 11.56 11.28 11.28
2014-02-19 11.41 11.63 11.01 11.01
2014-04-04 9.25 9.25 9.1 9.1
2014-04-16 9.2 9.25 9.06 9.06
2014-07-03 8.81 8.88 8.73 8.73
2014-07-11 8.53 8.56 8.42 8.42
2014-08-27 10.27 10.39 9.91 9.91
2014-10-14 10.8 11.06 10.6 10.6
2014-10-31 11.13 11.47 11.07 11.07
2015-02-09 13.97 14.44 13.77 13.77
2015-03-23 16.47 16.65 15.73 15.73
2015-04-21 17.85 17.99 17.18 17.18
2015-04-22 18.25 18.55 17.9 17.9
2015-07-08 11.48 12.08 11.48 11.48
2015-07-10 13.89 13.89 13.89 13.89
2015-07-13 15.28 15.28 15.28 15.28
2015-07-14 16.81 16.81 16.81 16.81
2015-07-22 21.07 21.36 19.35 19.35
2015-08-25 14.61 15.18 14.61 14.61
2015-09-16 14.2 14.2 13.0 13.0
2015-10-26 17.16 17.16 17.16 17.16
2015-12-03 17.46 17.49 17.0 17.0
2016-02-16 12.0 12.13 11.46 11.46
2016-05-19 14.39 14.76 14.17 14.17
2016-06-27 15.03 15.06 14.42 14.42
2016-07-25 15.74 15.91 15.51 15.51
2016-07-26 15.95 16.08 15.7 15.7
2016-08-19 16.08 16.17 15.87 15.87
2016-09-19 14.43 14.54 14.28 14.28
2016-10-10 14.19 14.2 13.88 13.88
2017-01-20 13.57 13.6 13.41 13.41
2017-02-16 13.7 13.73 13.63 13.63
2017-02-20 13.81 13.83 13.61 13.61
2017-02-28 13.77 13.79 13.71 13.71
