1996-02-13 9.63 9.7 9.37 9.37
1996-03-04 11.1 11.18 10.5 10.5
1996-03-22 10.26 10.3 10.16 10.16
1996-03-25 10.46 10.46 10.26 10.26
1996-04-10 8.29 8.31 8.25 8.25
1996-04-11 8.34 8.36 8.27 8.27
1996-04-12 8.35 8.43 8.35 8.35
1996-04-19 8.95 9.21 8.58 8.58
1996-04-23 8.98 8.98 8.75 8.75
1996-04-26 9.62 10.05 9.06 9.06
1996-05-06 9.05 9.1 8.85 8.85
1996-05-13 9.19 9.33 8.91 8.91
1996-05-15 9.5 9.58 9.2 9.2
1996-06-18 11.7 11.8 11.21 11.21
1996-06-19 12.38 12.38 11.85 11.85
1996-06-21 13.75 13.95 13.18 13.18
1996-06-26 14.95 15.14 13.4 13.4
1996-07-04 17.19 17.5 16.65 16.65
1996-07-08 17.8 18.0 17.0 17.0
1996-07-09 18.48 19.1 18.0 18.0
1996-08-05 16.67 16.79 16.02 16.02
1996-08-21 17.75 17.9 17.46 17.46
1996-10-29 13.95 14.08 13.82 13.82
1996-11-04 13.0 13.1 12.35 12.35
1996-11-07 13.0 13.1 12.75 12.75
1996-11-08 12.99 12.99 12.8 12.8
1996-11-11 13.2 13.25 12.92 12.92
1996-11-14 13.4 13.53 13.33 13.33
1996-11-18 14.6 14.66 13.7 13.7
1996-11-26 13.5 13.79 13.22 13.22
1996-11-28 13.95 14.18 13.58 13.58
1996-12-02 15.17 15.26 14.6 14.6
1996-12-04 15.48 15.52 14.71 14.71
1996-12-11 18.28 18.28 17.0 17.0
1996-12-16 14.94 14.94 14.94 14.94
1996-12-17 13.45 14.6 13.45 13.45
1997-02-20 14.32 14.5 13.27 13.27
1997-02-25 14.96 15.1 14.85 14.85
1997-03-03 15.7 15.75 15.45 15.45
1997-03-10 16.09 16.3 15.45 15.45
1997-03-26 16.75 17.16 16.2 16.2
1997-06-02 21.5 21.98 21.0 21.0
1997-07-10 23.38 24.05 22.61 22.61
1997-07-17 25.0 25.53 24.0 24.0
1997-08-22 21.5 21.8 21.25 21.25
1997-09-30 18.5 18.56 18.16 18.16
1997-10-08 19.12 19.5 19.03 19.03
1997-10-10 18.96 19.05 18.89 18.89
1997-10-17 20.48 20.65 19.6 19.6
1997-10-27 21.36 21.6 20.5 20.5
1997-11-11 20.6 20.8 20.18 20.18
1997-11-28 19.45 19.45 19.0 19.0
1997-12-08 20.2 20.28 19.96 19.96
1997-12-11 20.98 21.1 20.1 20.1
1997-12-19 21.68 21.9 21.52 21.52
1997-12-22 22.36 22.55 21.75 21.75
1997-12-25 21.9 22.17 21.78 21.78
1997-12-30 21.4 21.53 21.2 21.2
1998-01-05 22.85 23.1 22.1 22.1
1998-01-07 22.7 22.8 22.06 22.06
1998-02-13 21.8 22.2 21.7 21.7
1998-02-19 21.29 21.38 20.85 20.85
1998-02-24 20.13 20.4 19.6 19.6
1998-02-27 20.18 20.37 20.02 20.02
1998-03-26 18.73 19.2 18.0 18.0
1998-04-20 19.68 19.8 19.52 19.52
1998-04-27 21.7 21.8 21.0 21.0
1998-04-28 21.98 22.65 21.81 21.81
1998-05-04 21.95 22.4 21.76 21.76
1998-07-15 27.9 28.1 27.0 27.0
1999-02-08 14.95 15.1 14.85 14.85
1999-02-09 15.52 15.73 14.9 14.9
1999-03-16 16.17 16.24 15.6 15.6
1999-04-08 15.69 15.84 15.58 15.58
1999-05-18 14.0 14.25 14.0 14.0
1999-05-21 15.65 15.98 15.4 15.4
1999-06-21 18.7 19.15 17.85 17.85
1999-08-19 21.47 21.7 20.8 20.8
1999-11-12 12.35 12.4 12.2 12.2
1999-11-19 13.4 13.67 13.25 13.25
2000-02-23 13.46 13.6 13.2 13.2
2000-04-11 13.58 14.1 13.38 13.38
2000-04-18 13.28 13.48 12.9 12.9
2000-04-21 13.29 13.5 13.2 13.2
2000-05-29 13.87 14.1 13.85 13.85
2000-06-06 13.66 13.7 13.5 13.5
2000-07-24 14.86 14.96 14.62 14.62
2000-11-02 13.65 13.76 13.51 13.51
2000-11-03 13.85 13.87 13.65 13.65
2000-11-13 14.3 14.48 14.1 14.1
2000-12-28 14.35 14.5 14.08 14.08
2000-12-29 14.38 14.5 14.35 14.35
2001-01-02 14.59 14.68 14.38 14.38
2001-01-10 14.59 14.68 14.35 14.35
2001-01-18 14.9 15.11 14.75 14.75
2001-02-07 15.24 15.42 14.95 14.95
2001-05-11 14.44 14.49 14.35 14.35
2001-06-22 14.38 14.39 14.26 14.26
2001-06-25 14.64 14.66 14.4 14.4
2001-06-29 14.46 14.5 14.38 14.38
2001-07-19 14.48 14.53 14.35 14.35
2001-08-21 13.18 13.23 13.14 13.14
2001-09-28 11.9 12.01 11.84 11.84
2001-11-28 11.93 12.03 11.65 11.65
2001-11-30 12.03 12.08 11.88 11.88
2001-12-03 12.05 12.15 12.03 12.03
2002-01-25 9.93 10.15 9.88 9.88
2002-01-31 10.15 10.2 9.49 9.49
2002-03-07 11.14 11.15 10.8 10.8
2002-03-11 11.79 11.97 11.2 11.2
2002-04-26 11.86 11.88 11.7 11.7
2002-06-21 6.89 6.94 6.67 6.67
2002-06-27 7.69 7.79 7.43 7.43
2002-10-16 6.53 6.61 6.47 6.47
2002-10-21 6.5 6.51 6.4 6.4
2002-10-22 6.58 6.63 6.5 6.5
2002-12-12 5.71 5.77 5.7 5.7
2002-12-16 5.84 5.85 5.7 5.7
2003-01-08 5.41 5.42 5.2 5.2
2003-06-17 5.74 5.8 5.7 5.7
2003-09-11 5.08 5.14 5.03 5.03
2003-09-16 5.0 5.0 4.94 4.94
2003-09-17 4.97 4.99 4.95 4.95
2003-10-22 4.85 4.88 4.73 4.73
2004-01-29 5.07 5.08 4.97 4.97
2004-03-01 6.65 6.8 6.39 6.39
2004-03-05 6.39 6.63 6.34 6.34
2004-03-10 6.15 6.16 5.98 5.98
2004-09-14 6.07 6.1 5.87 5.87
2004-09-15 6.26 6.42 6.06 6.06
2004-09-20 6.65 6.67 6.45 6.45
2004-11-23 5.75 5.87 5.7 5.7
2005-01-07 4.97 5.01 4.91 4.91
2005-01-12 5.06 5.07 5.0 5.0
2005-01-14 5.12 5.28 5.03 5.03
2005-01-18 5.04 5.05 4.95 4.95
2005-01-20 4.94 4.99 4.92 4.92
2005-02-22 4.96 5.06 4.62 4.62
2005-03-09 5.23 5.34 5.19 5.19
2005-03-11 5.23 5.25 5.04 5.04
2005-04-21 4.44 4.46 4.28 4.28
2005-06-27 3.65 3.69 3.57 3.57
2005-07-12 3.25 3.25 3.1 3.1
2005-07-19 2.85 2.89 2.8 2.8
2005-11-18 3.51 3.56 3.36 3.36
2005-11-28 3.5 3.53 3.39 3.39
2007-02-02 7.78 7.88 7.41 7.41
2007-04-20 11.7 11.83 11.08 11.08
2007-04-23 12.87 12.87 11.89 11.89
2007-07-23 19.84 20.25 19.19 19.19
2007-12-19 15.8 16.0 15.65 15.65
2007-12-21 16.26 16.34 15.78 15.78
2007-12-26 16.8 17.0 16.54 16.54
2008-01-02 16.95 17.11 16.38 16.38
2008-02-18 16.29 16.49 16.15 16.15
2008-04-15 10.83 10.85 10.1 10.1
2008-04-25 10.77 10.84 10.2 10.2
2008-08-14 6.85 6.89 6.55 6.55
2008-11-12 4.66 4.73 4.33 4.33
2009-01-09 5.75 5.75 5.21 5.21
2009-10-09 12.45 12.49 12.1 12.1
2009-11-30 16.5 16.7 15.92 15.92
2010-03-08 20.5 20.95 20.06 20.06
2010-07-28 17.48 17.57 17.12 17.12
2010-08-02 18.17 18.18 17.45 17.45
2010-10-25 23.47 23.58 22.2 22.2
2011-03-28 22.71 22.87 22.5 22.5
2011-03-31 21.94 22.4 21.33 21.33
2011-06-07 17.05 17.15 16.87 16.87
2012-08-28 10.76 10.87 10.62 10.62
2013-03-14 10.14 10.3 9.93 9.93
2013-07-23 12.04 12.18 11.75 11.75
2013-09-27 14.02 14.21 13.59 13.59
2014-01-21 11.82 11.86 11.66 11.66
2014-01-23 12.43 12.47 12.04 12.04
2014-01-24 12.97 13.29 12.38 12.38
2014-02-10 15.13 15.33 14.01 14.01
2014-04-17 16.71 16.97 16.41 16.41
2014-04-18 17.18 17.2 16.52 16.52
2014-08-18 19.31 19.66 19.06 19.06
2015-03-17 21.25 21.63 20.8 20.8
2015-04-07 27.46 27.62 25.87 25.87
2015-04-10 28.86 29.2 26.68 26.68
2015-05-12 33.29 34.77 32.59 32.59
2015-07-14 27.3 27.3 27.3 27.3
2015-07-31 26.19 26.57 25.3 25.3
2015-11-06 33.3 34.43 32.1 32.1
2015-12-23 36.46 38.47 35.37 35.37
2016-02-15 25.26 25.53 23.58 23.58
2016-06-01 30.76 31.47 30.01 30.01
2016-07-29 15.3 15.48 15.12 15.12
2016-09-19 15.51 15.66 15.36 15.36
2016-09-21 15.68 15.69 15.49 15.49
2016-11-30 14.9 14.96 14.82 14.82
2017-03-21 14.9 15.0 14.68 14.68
2017-06-14 15.62 16.25 15.26 15.26
2017-06-16 15.99 16.25 15.61 15.61
