2005-02-02 9.12 9.22 8.5 8.5
2005-03-11 8.88 8.97 8.8 8.8
2005-03-17 8.74 8.81 8.67 8.67
2006-11-27 7.0 7.05 6.87 6.87
2006-12-04 7.23 7.44 7.15 7.15
2006-12-21 7.48 7.9 7.29 7.29
2007-04-04 13.29 13.36 12.4 12.4
2007-04-06 14.45 14.48 13.31 13.31
2007-04-09 15.13 15.18 14.53 14.53
2007-05-21 24.65 24.98 22.55 22.55
2007-05-22 25.83 26.62 24.91 24.91
2007-06-11 25.35 25.5 24.33 24.33
2007-07-23 25.94 25.95 24.0 24.0
2007-08-09 29.52 30.27 29.08 29.08
2007-08-24 32.47 33.33 32.05 32.05
2007-08-27 33.29 33.8 32.6 32.6
2007-09-03 40.02 40.02 37.0 37.0
2007-10-29 41.82 42.46 39.26 39.26
2007-10-30 42.96 43.18 41.05 41.05
2008-01-24 50.06 51.5 48.42 48.42
2008-02-19 42.33 42.49 39.83 39.83
2008-05-19 54.8 55.5 53.0 53.0
2008-12-03 12.51 12.51 11.46 11.46
2009-01-16 14.05 14.51 13.65 13.65
2009-02-09 17.26 17.61 16.65 16.65
2009-05-04 26.85 26.85 24.58 24.58
2009-05-12 28.78 28.86 26.17 26.17
2010-02-25 20.83 20.88 20.3 20.3
2010-03-02 21.63 22.75 21.37 21.37
2010-03-29 23.28 23.6 22.67 22.67
2010-04-01 23.64 23.75 23.17 23.17
2010-04-02 24.03 24.38 23.8 23.8
2010-05-24 18.0 18.25 17.3 17.3
2010-08-03 15.87 16.9 15.58 15.58
2010-10-08 16.79 16.81 15.71 15.71
2010-10-11 17.64 18.25 17.1 17.1
2010-10-12 18.59 19.11 17.05 17.05
2010-12-21 20.81 21.03 19.99 19.99
2010-12-27 20.42 21.6 20.05 20.05
2011-07-14 16.9 17.1 16.66 16.66
2011-07-19 17.49 17.93 16.86 16.86
2013-05-03 8.65 8.65 8.65 8.65
2013-05-10 8.31 8.31 8.15 8.15
2013-11-18 5.94 5.97 5.84 5.84
2013-12-04 6.09 6.13 5.96 5.96
2013-12-19 5.72 5.81 5.7 5.7
2014-04-29 4.38 4.38 4.25 4.25
2014-07-18 4.45 4.48 4.39 4.39
2014-08-18 5.01 5.04 4.95 4.95
2015-03-23 7.54 7.58 7.33 7.33
2015-03-27 7.42 7.53 7.38 7.38
2015-07-09 6.18 6.18 5.62 5.62
2015-07-10 6.8 6.8 6.29 6.29
2015-07-13 7.48 7.48 6.8 6.8
2015-08-07 6.81 6.88 6.69 6.69
2015-11-04 5.52 5.53 5.34 5.34
2016-06-27 5.18 5.21 4.94 4.94
2016-06-28 5.18 5.2 5.11 5.11
2016-09-29 7.39 7.65 7.19 7.19
