2001-07-20 32.85 33.07 32.3 32.3
2001-08-03 28.24 28.4 28.0 28.0
2001-08-09 28.8 28.9 28.3 28.3
2001-08-10 29.8 29.87 27.0 27.0
2001-08-31 27.75 28.1 27.3 27.3
2001-09-18 26.16 26.3 25.28 25.28
2001-10-29 22.3 22.4 22.0 22.0
2001-11-02 21.57 21.94 21.43 21.43
2001-11-15 19.9 19.95 19.72 19.72
2001-11-19 20.78 20.97 20.2 20.2
2002-03-18 23.26 23.78 23.04 23.04
2002-03-19 24.51 24.55 23.26 23.26
2002-04-12 21.22 21.4 21.2 21.2
2002-04-26 20.76 20.78 20.41 20.41
2002-05-08 21.25 21.4 21.05 21.05
2002-05-14 20.31 20.5 20.19 20.19
2002-05-17 19.09 19.49 18.6 18.6
2002-05-23 19.2 19.5 19.11 19.11
2002-07-23 18.65 18.72 18.58 18.58
2002-09-19 19.5 19.55 19.16 19.16
2003-01-27 14.94 15.0 14.65 14.65
2003-02-11 14.86 14.9 14.51 14.51
2003-02-25 15.37 15.38 14.91 14.91
2003-05-30 13.51 13.65 13.3 13.3
2003-08-05 11.99 12.04 11.75 11.75
2003-08-27 11.91 11.98 11.8 11.8
2003-09-03 12.23 12.3 12.03 12.03
2003-09-08 11.84 11.98 11.8 11.8
2003-11-24 9.45 9.56 9.02 9.02
2003-12-17 9.26 9.4 9.22 9.22
2004-01-08 9.89 9.94 9.45 9.45
2004-01-14 9.74 9.79 9.67 9.67
2004-01-15 9.86 9.88 9.71 9.71
2004-01-29 10.37 10.4 10.06 10.06
2004-02-13 10.9 11.06 10.66 10.66
2004-02-16 11.4 11.5 11.06 11.06
2004-04-30 10.95 11.08 10.83 10.83
2004-05-12 11.05 11.09 10.8 10.8
2004-06-21 9.91 9.99 9.57 9.57
2004-06-22 10.62 10.77 9.98 9.98
2004-08-13 5.28 5.31 5.25 5.25
2004-08-17 5.25 5.28 5.2 5.2
2004-09-02 5.27 5.5 5.11 5.11
2004-09-17 5.85 5.85 5.4 5.4
2004-11-12 5.13 5.18 5.02 5.02
2004-11-15 5.64 5.64 5.4 5.4
2005-04-07 4.77 4.77 4.45 4.45
2005-05-13 4.0 4.01 3.92 3.92
2005-06-03 4.12 4.24 4.03 4.03
2005-06-08 4.39 4.44 4.1 4.1
2005-06-29 4.14 4.19 4.12 4.12
2005-07-06 3.66 3.67 3.58 3.58
2005-07-07 3.68 3.69 3.58 3.58
2005-07-26 3.55 3.55 3.38 3.38
2005-09-12 4.17 4.18 4.06 4.06
2005-09-29 4.05 4.07 3.97 3.97
2005-10-11 4.13 4.13 4.0 4.0
2005-12-06 3.65 3.66 3.56 3.56
2005-12-07 3.66 3.66 3.61 3.61
2005-12-12 3.73 3.75 3.66 3.66
2005-12-16 3.76 3.77 3.7 3.7
2005-12-20 3.72 3.75 3.7 3.7
2005-12-22 3.86 3.92 3.72 3.72
2005-12-23 3.9 3.95 3.88 3.88
2006-01-23 4.19 4.22 4.09 4.09
2006-03-15 3.68 3.69 3.63 3.63
2006-03-23 3.72 3.73 3.67 3.67
2006-05-15 4.75 4.85 4.52 4.52
2006-05-22 5.04 5.24 5.01 5.01
2006-06-13 4.95 4.98 4.75 4.75
2006-07-03 5.53 5.57 5.22 5.22
2007-06-05 9.34 9.34 9.34 9.34
2007-06-06 9.09 9.3 8.87 8.87
2007-06-12 8.39 8.57 8.39 8.39
2007-06-29 8.03 8.03 8.03 8.03
2007-07-02 7.63 7.8 7.63 7.63
2007-07-03 7.94 8.0 7.25 7.25
2007-11-06 8.76 8.76 8.76 8.76
2007-11-07 9.2 9.2 9.2 9.2
2007-11-08 9.66 9.66 9.66 9.66
2007-11-09 10.14 10.14 10.14 10.14
2007-11-12 10.65 10.65 10.65 10.65
2007-11-14 11.74 11.74 11.74 11.74
2007-11-15 12.33 12.33 12.33 12.33
2007-12-06 10.79 10.85 10.51 10.51
2007-12-11 10.92 11.17 10.7 10.7
2007-12-19 10.8 11.04 10.53 10.53
2008-02-04 10.67 10.71 10.25 10.25
2008-03-14 10.38 10.55 10.21 10.21
2008-04-11 10.23 10.23 9.82 9.82
2008-04-15 9.55 9.67 9.26 9.26
2008-05-13 9.29 9.47 8.65 8.65
2008-06-17 6.06 6.28 6.06 6.06
2008-06-20 5.54 5.88 5.54 5.54
2008-06-26 5.68 5.75 5.51 5.51
2008-06-30 5.19 5.23 5.13 5.13
2008-07-10 5.83 6.04 5.51 5.51
2008-09-01 5.05 5.28 4.87 4.87
2008-09-09 4.49 4.54 4.37 4.37
2008-09-24 4.0 4.02 3.84 3.84
2008-09-26 4.14 4.16 4.04 4.04
2008-11-05 3.43 3.44 3.36 3.36
2008-11-07 3.49 3.54 3.36 3.36
2008-11-10 3.66 3.66 3.51 3.51
2008-11-12 3.76 3.77 3.63 3.63
2008-12-02 5.02 5.13 4.7 4.7
2008-12-08 5.27 5.27 5.27 5.27
2008-12-09 5.53 5.53 5.53 5.53
2008-12-10 5.81 5.81 5.81 5.81
2008-12-11 6.1 6.1 6.1 6.1
2009-01-12 5.84 5.86 5.51 5.51
2009-02-06 6.95 6.99 6.62 6.62
2009-02-12 7.95 7.95 7.57 7.57
2009-02-13 8.35 8.35 8.03 8.03
2009-03-18 9.42 9.59 9.15 9.15
2009-03-30 11.27 11.27 10.7 10.7
2009-05-22 12.89 13.05 12.36 12.36
2009-06-15 14.24 14.28 13.66 13.66
2009-06-16 14.58 14.7 14.06 14.06
2009-07-31 17.78 17.83 17.4 17.4
2009-09-03 14.3 14.35 13.52 13.52
2009-09-11 15.13 15.25 15.0 15.0
2009-09-15 15.22 15.38 15.12 15.12
2009-10-19 15.71 15.88 15.41 15.41
2009-10-22 15.69 15.87 15.31 15.31
2009-11-10 17.77 17.92 16.75 16.75
2010-01-04 17.92 18.28 17.68 17.68
2010-02-05 16.58 16.61 16.26 16.26
2010-07-22 10.68 10.7 10.36 10.36
2010-08-23 12.25 12.4 12.06 12.06
2010-12-16 12.93 13.09 12.78 12.78
2011-02-23 12.09 12.13 11.81 11.81
2011-02-24 12.67 12.99 12.11 12.11
2011-08-30 17.09 17.15 16.3 16.3
2011-09-20 18.04 18.49 17.46 17.46
2011-09-27 17.69 17.77 17.11 17.11
2011-10-10 17.28 17.4 16.6 16.6
2012-01-18 20.49 20.49 20.49 20.49
2012-08-01 15.39 15.48 15.02 15.02
2012-11-07 20.66 21.16 19.0 19.0
2013-04-09 7.66 7.67 7.5 7.5
2013-04-16 7.74 7.76 7.52 7.52
2013-05-10 9.54 9.64 8.68 8.68
2013-09-23 9.57 9.7 9.21 9.21
2014-03-24 9.49 9.5 9.33 9.33
2014-05-23 8.88 8.9 8.78 8.78
2014-06-20 9.01 9.1 8.85 8.85
2014-06-26 8.91 8.95 8.82 8.82
2014-07-30 11.3 11.42 11.01 11.01
2014-11-10 13.55 13.67 13.02 13.02
2015-01-14 13.71 14.2 13.35 13.35
2015-01-15 13.83 14.09 13.55 13.55
2015-01-20 13.43 13.5 13.18 13.18
2015-10-13 19.52 19.52 19.52 19.52
2015-10-14 17.77 18.6 17.57 17.57
2015-10-20 20.61 20.61 18.68 18.68
2015-11-11 23.28 23.28 21.08 21.08
2016-01-11 19.4 19.95 19.4 19.4
2016-01-12 17.46 18.6 17.46 17.46
2016-03-18 14.55 14.74 13.47 13.47
2016-04-22 14.31 14.49 13.85 13.85
2016-05-03 15.52 15.57 14.73 14.73
2016-08-26 22.01 22.45 21.85 21.85
2016-11-10 23.6 23.77 23.3 23.3
2016-11-16 24.77 24.95 24.25 24.25
2016-11-23 26.23 26.7 24.95 24.95
2017-08-02 7.0 7.13 6.92 6.92
