1996-08-01 9.8 10.17 9.7 9.7
1996-08-09 9.35 9.48 9.05 9.05
1996-08-12 9.7 9.98 9.52 9.52
1996-08-16 9.04 9.2 8.8 8.8
1996-08-26 8.45 8.78 8.25 8.25
1996-09-04 8.8 8.9 8.65 8.65
1996-09-13 8.26 8.28 7.78 7.78
1996-09-17 9.15 9.28 8.5 8.5
1996-10-14 5.87 5.98 5.61 5.61
1996-10-23 6.18 6.2 5.85 5.85
1996-11-04 5.92 5.98 5.75 5.75
1996-12-02 8.2 8.26 7.68 7.68
1996-12-16 6.57 6.57 6.57 6.57
1996-12-17 5.91 6.39 5.91 5.91
1996-12-18 6.25 6.37 5.4 5.4
1997-01-02 5.25 5.32 5.1 5.1
1997-01-31 5.67 5.9 5.38 5.38
1997-02-19 5.39 5.46 5.12 5.12
1997-02-20 5.42 5.45 4.85 4.85
1997-04-09 6.42 6.5 6.32 6.32
1997-04-14 6.74 6.82 6.5 6.5
1997-05-06 6.93 6.93 6.28 6.28
1997-05-12 7.04 7.04 6.6 6.6
1997-06-09 4.9 4.95 4.8 4.8
1997-06-13 4.78 4.85 4.38 4.38
1997-06-20 4.73 4.77 4.5 4.5
1997-07-11 4.18 4.28 3.95 3.95
1997-07-17 4.62 4.64 4.28 4.28
1997-07-24 4.52 4.58 4.4 4.4
1997-07-28 4.85 4.95 4.64 4.64
1997-08-12 4.7 4.95 4.7 4.7
1997-08-21 4.56 4.6 4.49 4.49
1997-08-22 4.63 4.65 4.57 4.57
1997-09-02 4.79 4.85 4.68 4.68
1997-09-09 5.48 5.7 5.25 5.25
1997-09-16 5.92 6.03 5.65 5.65
1997-09-19 6.28 6.39 5.91 5.91
1997-09-24 6.06 6.06 5.61 5.61
1997-09-25 6.48 6.64 6.18 6.18
1997-09-30 6.5 6.55 6.23 6.23
1997-10-06 6.7 6.75 6.5 6.5
1997-11-03 9.2 9.35 8.4 8.4
1997-11-11 8.89 9.08 8.66 8.66
1997-11-13 9.09 9.18 8.65 8.65
1997-12-15 8.85 9.02 8.66 8.66
1997-12-18 8.88 9.06 8.7 8.7
1997-12-24 9.9 9.9 9.9 9.9
1997-12-25 10.89 10.89 10.89 10.89
1998-01-14 11.23 11.23 10.6 10.6
1998-01-22 12.28 12.5 11.8 11.8
1998-03-10 10.7 10.85 10.4 10.4
1998-03-12 11.0 11.18 10.63 10.63
1998-03-23 11.1 11.38 11.0 11.0
1998-04-01 11.66 11.8 11.48 11.48
1998-04-22 13.15 13.25 12.25 12.25
1998-05-21 11.76 11.8 11.4 11.4
1998-06-10 11.8 11.89 11.52 11.52
1998-06-18 11.78 11.91 11.68 11.68
1998-06-24 12.25 12.5 11.65 11.65
1998-06-26 12.57 12.82 11.7 11.7
1998-07-23 12.7 12.75 12.5 12.5
1998-08-04 11.85 11.95 11.5 11.5
1998-08-19 8.21 8.25 7.45 7.45
1998-09-03 8.56 8.68 8.22 8.22
1998-09-04 8.7 8.85 8.58 8.58
1998-09-16 9.4 9.41 9.13 9.13
1998-09-25 9.01 9.01 8.72 8.72
1998-09-28 9.31 9.51 9.06 9.06
1998-10-07 9.18 9.25 8.97 8.97
1998-10-12 11.07 11.07 10.18 10.18
1998-10-27 10.45 10.55 9.6 9.6
1998-11-24 10.09 10.22 10.03 10.03
1998-12-09 9.35 9.48 9.2 9.2
1998-12-25 8.83 8.92 8.67 8.67
1999-01-28 8.86 8.9 8.68 8.68
1999-02-09 8.08 8.12 7.88 7.88
1999-03-02 8.27 8.3 8.04 8.04
1999-03-19 8.55 8.55 8.35 8.35
1999-04-02 8.56 8.65 8.35 8.35
1999-06-14 10.01 10.01 9.21 9.21
1999-06-16 10.8 10.81 10.2 10.2
1999-06-24 10.92 11.2 10.6 10.6
1999-07-07 9.63 9.79 9.37 9.37
1999-07-08 9.85 9.98 9.6 9.6
1999-07-20 10.05 10.12 9.56 9.56
1999-07-23 10.62 10.78 10.3 10.3
1999-08-09 11.8 12.1 11.1 11.1
1999-08-12 11.9 12.3 11.55 11.55
1999-08-17 12.0 12.2 11.5 11.5
1999-08-18 12.44 12.45 12.05 12.05
1999-09-01 12.58 13.0 12.47 12.47
1999-09-16 12.63 12.68 12.55 12.55
1999-09-30 11.21 11.28 11.21 11.21
1999-10-08 10.09 10.5 10.09 10.09
1999-11-05 9.37 9.57 9.31 9.31
2000-01-05 8.8 9.03 8.7 8.7
2000-01-14 9.44 9.5 9.26 9.26
2000-01-19 10.23 10.35 9.62 9.62
2000-01-26 10.52 10.7 10.3 10.3
2000-02-28 10.66 10.98 10.51 10.51
2000-03-17 10.16 10.28 9.9 9.9
2000-03-21 10.74 10.78 10.31 10.31
2000-04-06 11.6 11.7 11.39 11.39
2000-04-10 12.15 12.5 12.1 12.1
2000-05-08 12.27 12.36 11.88 11.88
2000-05-11 11.89 12.1 11.81 11.81
2000-06-06 13.74 13.8 13.35 13.35
2000-06-09 13.29 13.39 13.18 13.18
2000-07-13 13.22 13.35 13.1 13.1
2000-08-08 14.91 14.97 14.3 14.3
2000-08-10 14.85 14.96 14.7 14.7
2000-08-29 15.6 15.8 15.31 15.31
2000-08-30 15.97 16.21 15.68 15.68
2000-09-04 15.94 15.99 15.5 15.5
2000-09-21 14.95 15.03 14.71 14.71
2000-09-25 14.47 14.96 14.35 14.35
2000-10-10 15.3 15.3 14.51 14.51
2001-02-13 18.33 18.58 17.8 17.8
2001-03-30 22.16 22.16 21.55 21.55
2001-04-17 23.65 23.7 23.35 23.35
2001-04-23 23.95 24.0 23.51 23.51
2001-06-12 23.38 23.4 22.6 22.6
2001-07-20 23.3 23.5 21.15 21.15
2001-08-09 19.77 19.84 19.02 19.02
2001-08-23 20.0 20.4 18.69 18.69
2001-09-11 20.65 20.99 19.54 19.54
2001-09-24 19.66 19.97 18.5 18.5
2001-11-12 16.9 17.0 16.22 16.22
2001-11-19 12.56 12.56 12.56 12.56
2001-11-20 13.7 13.82 11.33 11.33
2001-11-23 14.9 14.96 14.7 14.7
2001-12-07 14.8 15.3 14.64 14.64
2002-02-04 11.07 11.15 10.5 10.5
2002-02-26 11.59 11.71 11.08 11.08
2002-02-27 11.56 11.79 11.4 11.4
2002-03-04 11.24 11.32 10.5 10.5
2002-03-06 11.61 11.9 11.59 11.59
2002-03-22 14.78 14.79 14.2 14.2
2002-04-03 16.34 16.59 15.8 15.8
2002-04-09 15.96 16.21 15.41 15.41
2002-05-27 15.05 15.05 13.75 13.75
2002-06-11 14.0 14.0 13.82 13.82
2002-06-13 13.98 14.25 13.5 13.5
2002-06-21 14.67 14.86 14.5 14.5
2002-07-12 13.56 13.58 13.37 13.37
2002-08-16 13.65 13.67 13.53 13.53
2002-11-01 9.76 10.19 9.76 9.76
2002-12-12 6.68 6.8 6.63 6.63
2002-12-23 7.72 7.95 7.56 7.56
2003-01-27 8.22 8.39 7.8 7.8
2003-02-28 7.87 7.9 7.76 7.76
2003-03-11 7.14 7.2 7.06 7.06
2003-03-21 6.93 6.97 6.8 6.8
2003-03-24 7.07 7.08 6.95 6.95
2003-04-17 6.7 6.72 6.38 6.38
2003-05-19 5.7 5.78 5.6 5.6
2003-05-22 5.69 5.7 5.51 5.51
2003-06-11 6.36 6.37 6.2 6.2
2003-06-13 6.33 6.47 6.3 6.3
2003-07-11 5.85 5.9 5.75 5.75
2003-07-15 5.72 5.75 5.7 5.7
2003-07-18 5.6 5.74 5.29 5.29
2003-07-29 5.3 5.33 5.22 5.22
2003-07-31 5.6 5.7 5.35 5.35
2003-08-06 6.14 6.14 5.55 5.55
2003-08-15 6.23 6.5 6.12 6.12
2003-08-21 6.1 6.15 6.05 6.05
2003-08-22 6.29 6.29 6.08 6.08
2003-10-28 6.45 6.47 6.32 6.32
2003-11-14 6.35 6.42 6.32 6.32
2003-12-15 6.98 7.1 6.9 6.9
2004-01-02 5.46 5.52 5.36 5.36
2004-01-07 4.37 4.78 4.37 4.37
2004-02-03 5.23 5.32 4.94 4.94
2004-02-27 5.89 5.95 5.66 5.66
2004-03-02 6.08 6.19 5.8 5.8
2006-10-18 3.63 3.66 3.6 3.6
2006-10-19 3.76 3.81 3.63 3.63
2006-12-18 3.36 3.36 3.36 3.36
2006-12-19 3.53 3.53 3.53 3.53
2007-01-04 3.24 3.24 3.09 3.09
2007-01-15 3.66 3.68 3.5 3.5
2007-01-22 4.01 4.01 3.98 3.98
2007-02-16 4.62 4.69 4.53 4.53
2007-03-06 5.32 5.32 5.15 5.15
2007-03-13 6.18 6.18 6.18 6.18
2007-03-20 6.7 6.7 6.35 6.35
2007-03-22 7.39 7.39 7.21 7.21
2007-04-02 8.87 8.87 8.87 8.87
2007-04-03 9.31 9.31 9.31 9.31
2007-08-16 10.23 10.23 10.23 10.23
2007-08-17 9.72 9.72 9.72 9.72
2007-08-20 9.24 9.71 9.23 9.23
2007-08-24 10.87 10.87 10.87 10.87
2007-08-27 11.41 11.41 11.41 11.41
2007-08-30 13.21 13.21 13.21 13.21
2007-08-31 13.87 13.87 13.87 13.87
2007-09-03 14.56 14.56 14.56 14.56
2007-09-10 16.25 16.25 16.25 16.25
2007-09-11 15.44 15.44 15.44 15.44
2007-09-12 14.67 14.67 14.67 14.67
2007-10-16 12.75 12.75 12.14 12.14
2007-10-18 14.06 14.06 14.06 14.06
2007-10-26 12.94 12.98 12.68 12.68
2007-12-12 12.03 12.2 11.71 11.71
2008-01-04 13.66 13.66 13.08 13.08
2008-01-10 15.49 15.49 15.1 15.1
2008-01-23 12.65 12.8 12.19 12.19
2008-01-29 11.36 11.75 11.36 11.36
2008-02-04 11.28 11.28 10.74 10.74
2008-02-14 11.65 11.7 11.47 11.47
2008-02-18 12.01 12.01 11.45 11.45
2008-03-18 10.26 10.58 10.26 10.26
2008-04-22 6.53 6.68 6.53 6.53
2008-04-28 7.75 7.75 7.38 7.38
2008-04-29 7.36 8.09 7.36 7.36
2008-04-30 7.45 7.6 6.99 6.99
2008-05-23 7.66 7.66 7.66 7.66
2008-06-05 6.58 6.65 6.48 6.48
2008-07-09 5.13 5.22 5.02 5.02
2008-10-15 3.45 3.55 3.4 3.4
2008-10-22 3.37 3.59 3.35 3.35
2008-11-05 3.19 3.3 3.11 3.11
2009-01-07 4.24 4.35 4.22 4.22
2009-03-04 4.91 4.95 4.66 4.66
2009-04-16 6.9 6.99 6.51 6.51
2009-05-07 7.03 7.29 6.65 6.65
2009-06-05 6.7 6.82 6.68 6.68
2009-06-17 7.09 7.15 6.91 6.91
2009-08-26 9.68 9.74 9.06 9.06
2009-09-15 11.85 12.05 11.52 11.52
2009-10-19 12.23 12.33 11.71 11.71
2009-10-26 12.28 12.5 11.71 11.71
2009-11-03 12.49 12.6 12.17 12.17
2009-11-16 13.28 13.29 12.98 12.98
2009-11-26 15.36 15.36 15.0 15.0
2009-12-23 12.52 12.6 12.33 12.33
2009-12-28 13.59 13.65 13.29 13.29
2009-12-31 13.87 13.88 13.4 13.4
2010-01-05 14.47 14.5 13.94 13.94
2010-01-11 14.9 14.95 14.2 14.2
2010-01-14 15.79 15.79 14.49 14.49
2010-01-18 16.22 16.45 15.92 15.92
2010-02-01 16.86 16.89 16.04 16.04
2010-02-05 17.55 18.12 17.21 17.21
2010-03-03 18.86 18.98 18.15 18.15
2010-03-17 17.48 17.5 16.5 16.5
2010-03-29 18.46 18.69 17.9 17.9
2010-04-21 18.96 19.05 18.3 18.3
2010-05-14 16.08 16.21 15.0 15.0
2010-08-06 10.33 10.33 9.36 9.36
2010-08-26 10.39 10.54 10.22 10.22
2010-09-14 12.52 12.64 11.91 11.91
2010-11-04 11.89 11.91 11.25 11.25
2010-12-14 10.74 10.85 10.64 10.64
2011-02-21 13.0 13.0 11.7 11.7
2011-03-08 14.11 14.15 13.53 13.53
2011-03-30 11.68 11.77 11.4 11.4
2011-04-11 12.05 12.24 11.96 11.96
2011-05-05 10.77 10.91 10.33 10.33
2011-05-31 12.57 12.75 11.57 11.57
2011-06-14 11.89 12.17 11.71 11.71
2011-07-13 11.84 11.85 11.36 11.36
2011-11-14 10.82 10.87 10.67 10.67
2011-12-26 7.26 7.46 7.22 7.22
2011-12-29 6.83 6.9 6.63 6.63
2012-02-06 7.95 8.15 7.47 7.47
2012-02-08 7.89 7.9 7.56 7.56
2012-02-14 8.01 8.38 7.91 7.91
2012-02-27 8.57 8.65 8.47 8.47
2012-03-01 8.3 8.4 8.18 8.18
2012-04-25 8.94 9.04 8.56 8.56
2012-05-16 9.91 9.91 9.25 9.25
2012-05-18 11.99 11.99 11.99 11.99
2012-07-13 8.6 8.74 8.53 8.53
2012-07-20 8.39 8.65 8.3 8.3
2012-07-24 8.57 8.59 8.1 8.1
2012-08-06 8.09 8.56 7.68 7.68
2012-08-09 8.22 8.33 8.06 8.06
2012-09-25 9.28 9.28 9.28 9.28
2012-10-19 7.93 8.02 7.88 7.88
2012-11-16 7.2 7.22 7.05 7.05
2012-12-10 6.56 6.63 6.44 6.44
2012-12-13 6.48 6.63 6.43 6.43
2012-12-19 6.76 6.83 6.72 6.72
2012-12-25 6.81 6.87 6.65 6.65
2012-12-26 6.94 6.95 6.8 6.8
2013-02-20 8.64 8.77 8.51 8.51
2013-03-12 8.34 8.75 8.01 8.01
2013-04-02 8.61 8.69 8.3 8.3
2013-04-09 8.18 8.23 7.88 7.88
2013-04-19 8.19 8.29 8.04 8.04
2013-05-10 8.61 8.62 8.3 8.3
2013-05-23 9.43 9.68 8.71 8.71
2013-07-09 7.01 7.02 6.8 6.8
2013-07-11 7.46 7.53 7.2 7.2
2013-07-15 7.69 7.78 7.25 7.25
2013-08-05 7.92 7.95 7.78 7.78
2013-08-06 8.03 8.05 7.9 7.9
2013-10-23 8.81 9.29 8.51 8.51
2013-11-12 7.58 7.75 7.34 7.34
2013-11-22 8.25 8.81 8.18 8.18
2013-12-25 7.42 7.44 7.25 7.25
2014-01-07 7.05 7.13 7.0 7.0
2014-01-14 6.77 6.78 6.66 6.66
2014-03-03 8.21 8.24 7.99 7.99
2014-03-11 8.6 8.67 8.17 8.17
2014-04-03 8.08 8.11 7.91 7.91
2014-04-09 8.35 8.37 8.11 8.11
2014-05-22 8.19 8.36 8.1 8.1
2014-06-05 8.14 8.15 8.02 8.02
2014-06-09 8.14 8.28 8.01 8.01
2014-06-13 8.25 8.32 8.12 8.12
2014-06-18 8.87 9.15 8.41 8.41
2014-07-10 8.9 8.95 8.75 8.75
2014-10-23 12.45 12.85 11.89 11.89
2014-11-17 13.13 13.26 12.65 12.65
2014-11-21 13.36 13.41 13.05 13.05
2014-11-27 15.1 15.19 14.35 14.35
2014-12-04 16.66 16.9 16.0 16.0
2014-12-25 16.27 17.3 16.01 16.01
2015-01-15 17.0 17.09 16.61 16.61
2015-03-04 17.96 18.05 17.39 17.39
2015-03-18 22.27 22.47 22.0 22.0
2015-05-06 28.4 28.51 27.02 27.02
2015-05-20 22.46 22.71 22.3 22.3
2015-05-21 22.8 22.87 22.3 22.3
2015-07-13 23.01 23.01 19.5 19.5
2015-07-23 26.77 27.3 25.9 25.9
2015-08-04 18.83 19.11 16.75 16.75
2015-08-25 13.8 14.3 13.8 13.8
2015-08-26 12.42 13.8 12.42 12.42
2015-11-19 12.33 12.33 12.33 12.33
2015-11-20 13.56 13.56 13.56 13.56
2015-11-23 14.92 14.92 14.92 14.92
2015-11-24 16.41 16.41 16.41 16.41
2015-11-25 18.05 18.05 18.05 18.05
2015-12-30 23.52 23.98 23.08 23.08
2016-01-19 16.58 16.86 15.17 15.17
2016-02-02 14.11 14.47 13.25 13.25
2016-02-04 14.45 14.63 13.84 13.84
2016-04-13 15.26 15.68 15.08 15.08
2016-05-19 12.39 12.78 12.3 12.3
2016-05-31 13.4 13.45 12.55 12.55
2016-06-03 14.03 14.3 13.23 13.23
2016-06-15 12.73 12.85 12.2 12.2
2016-07-22 15.28 15.8 14.5 14.5
2016-08-05 15.17 15.33 14.53 14.53
2016-08-16 16.68 16.94 15.44 15.44
2016-08-22 17.0 17.77 16.8 16.8
2016-09-08 16.21 16.98 16.17 16.17
2016-09-22 16.79 16.91 16.5 16.5
2016-09-29 17.9 18.27 17.1 17.1
2016-10-25 18.62 18.76 18.13 18.13
2016-11-08 16.68 16.68 16.41 16.41
2016-11-09 17.29 17.48 16.69 16.69
2016-11-18 17.73 18.0 17.5 17.5
2016-12-06 18.4 18.52 17.69 17.69
2016-12-14 19.19 19.42 18.9 18.9
2017-05-22 18.67 18.67 18.67 18.67
2017-05-23 16.8 16.8 16.8 16.8
2017-05-24 15.12 15.12 15.12 15.12
2017-05-25 13.61 13.61 13.61 13.61
2017-07-03 11.59 11.75 11.39 11.39
2017-07-13 11.85 11.87 11.65 11.65
