1992-07-24 164.5 177.75 120.0 120.0
1992-08-10 116.95 119.0 115.0 115.0
1992-08-19 112.1 115.55 101.0 101.0
1992-10-07 88.0 92.95 85.0 85.0
1992-10-15 90.0 93.0 85.5 85.5
1992-11-24 53.1 55.0 50.5 50.5
1992-12-21 11.77 12.49 11.0 11.0
1992-12-23 12.03 12.05 11.5 11.5
1992-12-25 12.67 12.99 12.0 12.0
1993-01-04 7.46 7.5 6.95 6.95
1993-01-07 7.78 7.89 7.7 7.7
1993-01-08 7.73 7.98 7.3 7.3
1993-01-20 9.35 9.4 9.05 9.05
1993-01-22 10.08 10.2 9.6 9.6
1993-02-04 13.55 13.6 13.2 13.2
1993-02-09 13.42 13.6 13.0 13.0
1993-04-02 7.99 8.15 7.95 7.95
1993-04-07 9.45 10.28 9.2 9.2
1993-04-19 10.58 10.69 9.78 9.78
1993-05-05 9.18 9.4 9.0 9.0
1993-06-09 7.78 8.11 7.65 7.65
1993-06-17 7.36 7.44 7.35 7.35
1993-07-16 7.3 7.43 7.15 7.15
1993-07-21 7.14 7.19 7.01 7.01
1993-08-06 7.06 7.1 7.0 7.0
1993-09-03 7.19 7.28 7.12 7.12
1993-09-15 6.99 7.06 6.94 6.94
1993-09-20 6.94 6.95 6.88 6.88
1993-09-21 6.99 7.05 6.95 6.95
1993-09-23 6.92 7.0 6.9 6.9
1993-09-27 6.92 7.15 6.89 6.89
1993-11-11 6.39 6.64 6.31 6.31
1993-12-23 5.75 5.84 5.23 5.23
1993-12-31 5.3 5.35 5.18 5.18
1994-02-16 4.3 4.34 4.25 4.25
1994-03-04 4.08 4.26 3.98 3.98
1994-03-22 3.55 3.55 3.51 3.51
1994-03-30 3.15 3.25 3.12 3.12
1994-04-07 3.01 3.06 3.0 3.0
1994-04-29 2.79 3.17 2.55 2.55
1994-05-10 2.67 2.7 2.58 2.58
1994-06-22 1.97 2.0 1.96 1.96
1994-06-28 1.92 1.93 1.87 1.87
1994-07-04 1.87 1.9 1.85 1.85
1994-07-05 1.93 1.95 1.87 1.87
1994-07-07 1.91 1.92 1.88 1.88
1994-07-08 1.96 1.98 1.9 1.9
1994-08-03 2.31 2.37 1.9 1.9
1994-08-08 3.97 4.6 3.68 3.68
1994-08-30 3.03 3.18 2.82 2.82
1994-09-01 3.2 3.33 3.1 3.1
1994-10-12 2.15 2.28 2.11 2.11
1994-10-31 2.05 2.1 2.02 2.02
1994-11-18 2.02 2.04 2.01 2.01
1994-11-22 2.02 2.05 2.02 2.02
1994-11-29 2.01 2.01 1.98 1.98
1994-12-15 1.97 1.98 1.83 1.83
1994-12-21 2.04 2.28 2.0 2.0
1995-01-26 1.7 1.7 1.68 1.68
1995-01-27 1.73 1.73 1.7 1.7
1995-02-07 1.74 1.74 1.7 1.7
1995-02-17 1.85 1.86 1.82 1.82
1995-02-20 1.88 1.91 1.85 1.85
1995-03-03 1.91 1.92 1.88 1.88
1995-03-14 1.86 1.89 1.85 1.85
1995-03-22 1.9 1.95 1.86 1.86
1995-04-12 1.88 1.91 1.86 1.86
1995-04-14 1.89 1.91 1.86 1.86
1995-04-28 1.7 1.72 1.6 1.6
1995-05-02 1.72 1.72 1.7 1.7
1995-05-03 1.71 1.73 1.71 1.71
1995-05-16 1.67 1.69 1.66 1.66
1995-06-12 1.85 1.88 1.81 1.81
1995-06-20 1.74 1.75 1.71 1.71
1995-06-21 1.77 1.78 1.72 1.72
1995-07-10 1.9 1.93 1.75 1.75
1995-07-17 1.88 1.92 1.8 1.8
1995-07-24 3.03 3.08 2.15 2.15
1995-08-03 2.65 2.68 2.58 2.58
1995-08-31 2.97 2.97 2.51 2.51
1995-10-24 3.93 3.98 3.89 3.89
1995-12-07 3.4 3.42 3.33 3.33
1995-12-19 3.4 3.44 3.36 3.36
1995-12-20 3.48 3.5 3.41 3.41
1995-12-29 2.92 2.99 2.9 2.9
1996-01-23 2.9 2.91 2.85 2.85
1996-01-24 2.92 2.95 2.9 2.9
1996-01-25 2.98 3.15 2.96 2.96
1996-02-09 2.95 2.96 2.92 2.92
1996-02-13 2.96 2.98 2.93 2.93
1996-02-15 2.96 2.99 2.94 2.94
1996-02-16 3.02 3.04 2.97 2.97
1996-03-07 3.1 3.12 3.05 3.05
1996-04-03 3.04 3.07 3.02 3.02
1996-04-04 3.03 3.04 3.02 3.02
1996-04-12 3.09 3.12 3.07 3.07
1996-04-16 3.11 3.14 3.06 3.06
1996-04-17 3.13 3.18 3.12 3.12
1996-04-24 3.44 3.49 3.26 3.26
1996-05-06 3.29 3.35 3.08 3.08
1996-05-08 3.21 3.27 3.1 3.1
1996-05-22 3.12 3.14 3.03 3.03
1996-05-27 2.98 3.02 2.97 2.97
1996-05-31 2.99 3.05 2.95 2.95
1996-06-05 3.07 3.07 2.83 2.83
1996-06-10 3.8 3.85 3.28 3.28
1996-06-13 3.5 3.56 3.4 3.4
1996-06-26 3.43 3.56 3.2 3.2
1996-07-04 3.4 3.55 3.3 3.3
1996-08-05 3.77 3.78 3.7 3.7
1996-09-04 3.36 3.42 3.3 3.3
1996-09-05 3.37 3.5 3.36 3.36
1996-09-19 3.17 3.18 2.9 2.9
1996-10-11 3.75 3.8 3.55 3.55
1996-10-21 4.08 4.11 3.88 3.88
1996-11-19 5.12 5.32 4.75 4.75
1996-11-27 4.75 4.85 4.54 4.54
1996-12-16 5.49 5.49 5.49 5.49
1996-12-17 4.94 5.4 4.94 4.94
1996-12-20 4.23 4.55 4.23 4.23
1997-01-09 4.4 4.54 4.37 4.37
1997-01-20 4.45 4.47 4.32 4.32
1997-02-20 4.6 4.75 4.1 4.1
1997-03-31 5.17 5.19 4.93 4.93
1997-04-14 5.83 5.91 5.6 5.6
1997-04-16 6.0 6.09 5.82 5.82
1997-04-21 6.79 6.82 6.41 6.41
1997-05-05 6.51 6.7 6.31 6.31
1997-06-20 6.45 6.5 6.21 6.21
1997-07-25 4.77 4.82 4.7 4.7
1997-08-14 4.97 5.0 4.8 4.8
1997-09-08 5.62 5.7 5.38 5.38
1997-11-04 5.04 5.15 5.0 5.0
1997-12-10 4.26 4.3 4.13 4.13
1997-12-18 4.62 4.62 4.22 4.22
1998-01-14 4.58 4.69 4.44 4.44
1998-01-15 4.81 4.87 4.62 4.62
1998-01-23 4.65 4.65 4.55 4.55
1998-02-10 4.8 4.83 4.75 4.75
1998-02-11 5.06 5.1 4.8 4.8
1998-03-13 4.7 4.74 4.62 4.62
1998-04-02 4.9 5.06 4.76 4.76
1998-04-21 5.45 5.48 5.28 5.28
1998-05-27 6.05 6.05 5.55 5.55
1998-07-08 6.46 6.55 6.31 6.31
1998-07-21 5.75 5.77 5.51 5.51
1998-07-22 5.86 6.01 5.7 5.7
1998-07-28 5.77 5.86 5.66 5.66
1998-08-05 5.89 5.9 5.72 5.72
1998-10-13 5.12 5.19 5.09 5.09
1998-11-05 4.85 4.85 4.78 4.78
1998-11-18 5.0 5.1 4.9 4.9
1998-11-20 4.98 5.04 4.91 4.91
1998-12-02 4.87 4.88 4.81 4.81
1998-12-22 4.52 4.54 4.38 4.38
1999-01-06 4.33 4.34 4.23 4.23
1999-01-19 4.39 4.46 4.22 4.22
1999-01-21 4.55 4.56 4.34 4.34
1999-02-04 4.41 4.49 4.4 4.4
1999-02-09 4.4 4.45 4.25 4.25
1999-03-01 4.51 4.55 4.4 4.4
1999-03-02 4.59 4.71 4.5 4.5
1999-03-11 4.66 4.71 4.57 4.57
1999-03-19 4.78 4.82 4.69 4.69
1999-03-22 4.98 5.1 4.85 4.85
1999-04-23 4.95 5.04 4.82 4.82
1999-05-05 4.87 4.95 4.7 4.7
1999-06-14 5.85 5.85 5.61 5.61
1999-07-02 6.1 6.2 5.82 5.82
1999-07-23 7.0 7.1 6.55 6.55
1999-09-08 6.81 6.95 6.7 6.7
1999-09-13 7.12 7.25 7.02 7.02
1999-09-21 6.86 6.91 6.8 6.8
1999-09-24 6.8 6.87 6.72 6.72
1999-11-09 5.8 5.9 5.75 5.75
1999-11-23 5.18 5.2 5.11 5.11
1999-11-30 5.17 5.2 5.05 5.05
2000-01-26 4.85 4.97 4.82 4.82
2000-02-21 5.43 5.49 5.1 5.1
2000-03-13 5.39 5.48 5.3 5.3
2000-03-17 5.14 5.15 5.05 5.05
2000-03-21 5.3 5.45 5.26 5.26
2000-04-07 5.57 5.7 5.5 5.5
2000-04-10 5.79 5.91 5.6 5.6
2000-04-19 6.11 6.24 5.9 5.9
2000-05-17 5.19 5.22 5.18 5.18
2000-05-25 5.5 5.52 5.43 5.43
2000-06-02 6.2 6.49 5.98 5.98
2000-06-13 6.04 6.15 5.85 5.85
2000-06-26 5.96 6.03 5.91 5.91
2000-07-06 6.37 6.45 6.33 6.33
2000-07-12 6.84 6.88 6.71 6.71
2000-07-17 6.82 6.95 6.7 6.7
2000-07-21 7.01 7.1 6.9 6.9
2000-08-01 6.96 7.05 6.9 6.9
2000-08-03 6.96 7.05 6.95 6.95
2000-08-11 7.34 7.51 7.3 7.3
2000-08-28 7.1 7.1 7.04 7.04
2000-09-07 6.38 6.48 6.25 6.25
2000-09-12 6.59 6.65 6.4 6.4
2000-09-20 6.38 6.5 6.0 6.0
2000-09-25 6.58 6.63 6.45 6.45
2000-11-03 6.13 6.16 6.1 6.1
2000-11-08 6.26 6.31 6.24 6.24
2000-11-15 6.55 6.59 6.46 6.46
2000-11-22 6.9 6.95 6.88 6.88
2000-11-28 7.01 7.1 6.85 6.85
2000-12-18 6.62 6.7 6.55 6.55
2000-12-29 6.77 6.8 6.7 6.7
2001-03-01 7.35 7.42 7.14 7.14
2001-03-02 7.43 7.53 7.38 7.38
2001-03-05 7.52 7.64 7.45 7.45
2001-03-26 8.06 8.08 7.82 7.82
2001-04-02 8.42 8.5 8.33 8.33
2001-04-24 7.68 7.85 7.61 7.61
2001-05-28 7.42 7.53 7.38 7.38
2001-06-11 7.28 7.31 7.25 7.25
2001-06-14 7.13 7.22 7.08 7.08
2001-06-19 7.18 7.21 7.08 7.08
2001-06-21 7.24 7.28 7.2 7.2
2001-07-10 7.18 7.2 7.13 7.13
2001-08-01 6.72 6.75 6.48 6.48
2001-08-21 6.45 6.55 6.4 6.4
2001-08-29 5.85 5.99 5.81 5.81
2001-09-05 5.83 5.93 5.73 5.73
2001-09-18 5.55 5.68 5.5 5.5
2002-01-21 5.03 5.12 5.0 5.0
2002-01-22 5.07 5.17 5.02 5.02
2002-01-30 5.17 5.26 5.1 5.1
2002-01-31 5.51 5.6 5.23 5.23
2002-02-04 5.63 5.65 5.3 5.3
2002-02-07 5.54 5.58 5.45 5.45
2002-03-05 5.36 5.4 5.23 5.23
2002-03-06 5.43 5.52 5.37 5.37
2002-04-09 5.54 5.55 5.38 5.38
2002-05-14 5.94 6.05 5.8 5.8
2002-06-18 5.79 5.82 5.7 5.7
2002-09-03 6.67 6.74 6.65 6.65
2002-10-10 5.69 5.74 5.61 5.61
2002-11-12 5.41 5.57 5.4 5.4
2002-12-24 5.52 5.65 5.49 5.49
2003-01-08 5.3 5.31 5.11 5.11
2003-01-23 5.66 5.73 5.61 5.61
2003-01-27 5.96 6.08 5.75 5.75
2003-02-19 6.13 6.14 5.95 5.95
2003-03-03 6.51 6.6 6.35 6.35
2003-03-24 6.42 6.48 6.4 6.4
2003-03-28 6.32 6.41 6.25 6.25
2003-04-25 6.89 7.11 6.81 6.81
2003-06-18 7.87 8.05 7.77 7.77
2003-06-25 7.47 7.63 7.4 7.4
2003-07-14 7.45 7.54 7.42 7.42
2003-07-15 7.63 7.63 7.45 7.45
2003-07-28 6.71 6.86 6.63 6.63
2003-08-12 6.66 6.75 6.61 6.61
2003-09-01 6.88 6.98 6.72 6.72
2003-09-30 7.14 7.2 6.8 6.8
2003-11-24 6.37 6.37 6.15 6.15
2004-01-05 6.18 6.22 5.88 5.88
2004-01-09 6.76 7.02 6.51 6.51
2004-01-29 6.9 6.97 6.7 6.7
2004-02-11 7.51 7.75 7.4 7.4
2004-03-15 7.19 7.2 6.9 6.9
2004-03-25 7.02 7.06 6.91 6.91
2004-03-31 6.9 6.92 6.82 6.82
2004-05-11 5.24 5.27 5.14 5.14
2004-07-23 3.73 3.82 3.66 3.66
2004-08-13 3.26 3.3 3.23 3.23
2004-08-27 3.16 3.19 3.14 3.14
2004-09-14 3.16 3.18 3.05 3.05
2004-09-16 3.49 3.58 3.43 3.43
2004-09-20 4.03 4.03 3.7 3.7
2004-09-30 3.87 3.99 3.8 3.8
2004-10-19 3.3 3.4 3.27 3.27
2004-11-15 3.2 3.28 3.11 3.11
2004-12-22 3.04 3.05 2.92 2.92
2005-01-10 2.95 2.97 2.9 2.9
2005-03-29 2.19 2.21 2.17 2.17
2005-04-13 2.18 2.22 2.11 2.11
2005-04-19 2.03 2.03 1.97 1.97
2005-04-26 1.76 1.77 1.7 1.7
2005-05-13 1.75 1.75 1.71 1.71
2005-05-18 1.76 1.76 1.73 1.73
2005-05-26 1.78 1.82 1.76 1.76
2005-06-27 1.86 1.89 1.8 1.8
2005-07-06 1.52 1.56 1.5 1.5
2005-07-07 1.55 1.56 1.51 1.51
2005-07-22 1.44 1.46 1.38 1.38
2005-08-25 1.74 1.76 1.65 1.65
2005-09-05 1.85 1.88 1.8 1.8
2005-10-24 1.81 1.83 1.75 1.75
2005-10-28 1.55 1.63 1.51 1.51
2005-11-11 1.61 1.62 1.53 1.53
2005-11-17 1.62 1.65 1.61 1.61
2005-11-30 1.58 1.58 1.56 1.56
2005-12-21 1.57 1.59 1.53 1.53
2005-12-28 1.57 1.58 1.56 1.56
2005-12-29 1.57 1.58 1.56 1.56
2006-01-25 1.59 1.61 1.54 1.54
2006-02-14 1.69 1.71 1.68 1.68
2006-02-23 1.7 1.71 1.62 1.62
2006-04-06 1.59 1.59 1.54 1.54
2006-08-14 1.79 1.79 1.73 1.73
2006-09-20 2.04 2.07 1.95 1.95
2006-10-18 2.08 2.1 2.05 2.05
2006-10-27 1.99 2.0 1.96 1.96
2006-10-30 1.9 1.94 1.89 1.89
2006-12-11 2.39 2.39 2.32 2.32
2007-01-05 2.45 2.48 2.38 2.38
2007-01-15 2.89 2.89 2.75 2.75
2007-01-19 2.94 2.96 2.82 2.82
2007-02-15 3.37 3.37 3.21 3.21
2007-02-28 3.58 3.62 3.34 3.34
2007-03-13 4.03 4.03 3.85 3.85
2007-03-15 4.44 4.44 4.3 4.3
2007-03-21 4.82 4.82 4.64 4.64
2007-04-02 4.8 4.8 4.59 4.59
2007-04-09 5.17 5.17 5.14 5.14
2007-04-20 6.37 6.37 6.06 6.06
2007-04-26 6.32 6.36 6.1 6.1
2007-05-22 8.23 8.23 8.23 8.23
2007-05-23 8.64 8.64 8.64 8.64
2007-05-30 8.1 8.39 8.1 8.1
2007-05-31 7.7 7.7 7.7 7.7
2007-06-01 7.32 7.32 7.32 7.32
2007-06-04 6.95 6.95 6.95 6.95
2007-06-05 6.6 6.6 6.6 6.6
2007-06-06 6.27 6.9 6.27 6.27
2007-06-25 6.41 6.6 6.41 6.41
2007-06-26 6.13 6.3 6.09 6.09
2007-06-29 5.81 5.95 5.81 5.81
2007-08-22 7.37 7.48 7.25 7.25
2007-08-30 7.04 7.14 6.86 6.86
2007-09-12 8.19 8.57 7.9 7.9
2007-09-25 8.29 8.88 8.11 8.11
2007-11-12 6.46 6.7 6.46 6.46
2007-11-14 6.73 6.78 6.54 6.54
2007-12-20 6.6 6.6 6.45 6.45
2008-02-04 7.0 7.0 6.73 6.73
2008-02-18 7.64 7.79 7.56 7.56
2008-03-19 5.99 6.17 5.76 5.76
2008-04-07 5.36 5.36 5.1 5.1
2008-05-22 5.74 5.74 5.74 5.74
2008-07-02 3.56 3.61 3.5 3.5
2008-07-14 4.31 4.4 4.2 4.2
2008-08-18 3.37 3.56 3.32 3.32
2008-08-19 3.29 3.36 3.11 3.11
2008-08-22 3.37 3.43 3.25 3.25
2008-10-17 2.15 2.16 2.11 2.11
2008-11-05 1.9 1.93 1.85 1.85
2008-11-07 2.06 2.06 1.83 1.83
2009-01-05 2.52 2.53 2.4 2.4
2009-03-04 3.25 3.25 3.1 3.1
2009-03-10 3.16 3.17 3.01 3.01
2009-03-23 3.44 3.5 3.32 3.32
2009-04-01 3.39 3.44 3.36 3.36
2009-04-29 3.57 3.58 3.39 3.39
2009-05-20 4.09 4.09 3.81 3.81
2009-06-04 4.29 4.44 4.21 4.21
2009-08-20 3.63 3.65 3.47 3.47
2009-10-15 4.08 4.12 4.03 4.03
2009-10-19 4.09 4.09 4.01 4.01
2009-11-16 5.13 5.2 5.1 5.1
2009-12-02 5.85 5.95 5.61 5.61
2010-01-08 5.32 5.33 5.18 5.18
2010-01-12 5.33 5.33 5.2 5.2
2010-01-20 5.8 5.9 5.52 5.52
2010-02-02 4.82 4.85 4.66 4.66
2010-02-25 5.12 5.15 5.04 5.04
2010-02-26 5.08 5.14 5.06 5.06
2010-03-01 5.1 5.12 5.06 5.06
2010-03-26 5.68 5.78 5.45 5.45
2010-05-04 4.97 5.14 4.69 4.69
2010-06-28 3.99 4.05 3.96 3.96
2010-07-14 3.57 3.63 3.52 3.52
2010-07-20 3.66 3.69 3.58 3.58
2010-08-02 3.92 3.92 3.83 3.83
2010-08-26 4.13 4.19 3.99 3.99
2010-11-01 4.58 4.67 4.5 4.5
2010-11-02 4.81 4.81 4.58 4.58
2010-11-03 5.05 5.05 5.05 5.05
2010-11-04 5.3 5.3 5.3 5.3
2010-11-18 4.86 4.89 4.73 4.73
2011-01-26 4.14 4.15 4.06 4.06
2011-04-11 5.37 5.37 5.1 5.1
2011-04-20 5.26 5.35 5.2 5.2
2011-05-13 5.65 5.69 5.43 5.43
2011-08-26 4.04 4.09 4.03 4.03
2011-09-01 3.95 4.03 3.94 3.94
2011-10-28 3.46 3.49 3.42 3.42
2011-11-14 3.51 3.52 3.44 3.44
2011-11-17 3.52 3.56 3.45 3.45
2011-12-30 2.59 2.62 2.54 2.54
2012-01-17 2.67 2.69 2.55 2.55
2012-02-06 2.89 2.94 2.81 2.81
2012-02-14 2.88 2.9 2.83 2.83
2012-02-15 3.02 3.02 2.92 2.92
2012-03-01 3.03 3.06 3.02 3.02
2012-03-08 3.03 3.04 2.99 2.99
2012-03-16 2.9 2.92 2.82 2.82
2012-04-20 2.87 2.88 2.82 2.82
2012-04-27 2.72 2.74 2.71 2.71
2012-05-10 2.59 2.62 2.57 2.57
2012-05-11 2.6 2.62 2.58 2.58
2012-05-22 2.55 2.57 2.54 2.54
2012-06-26 2.61 2.61 2.49 2.49
2012-07-25 2.37 2.46 2.35 2.35
2012-07-30 2.21 2.21 2.21 2.21
2012-07-31 2.1 2.1 2.1 2.1
2012-08-01 2.0 2.1 2.0 2.0
2012-08-16 1.95 1.97 1.9 1.9
2012-08-22 2.22 2.22 2.22 2.22
2012-08-23 2.44 2.44 2.44 2.44
2012-09-10 2.55 2.59 2.51 2.51
2012-10-11 3.16 3.16 3.16 3.16
2012-10-16 3.01 3.14 3.0 3.0
2012-11-05 3.81 3.88 3.74 3.74
2012-12-12 3.67 3.69 3.34 3.34
2013-02-08 4.03 4.07 3.94 3.94
2013-03-27 3.66 3.7 3.62 3.62
2013-03-29 3.47 3.53 3.45 3.45
2013-05-24 3.79 3.84 3.76 3.76
2013-06-03 3.77 3.82 3.75 3.75
2013-06-18 3.44 3.48 3.4 3.4
2013-07-05 2.96 3.08 2.87 2.87
2013-08-14 3.09 3.19 3.07 3.07
2013-08-21 3.05 3.05 3.01 3.01
2013-09-03 3.33 3.37 3.3 3.3
2013-09-05 3.26 3.29 3.24 3.24
2013-09-06 3.29 3.33 3.23 3.23
2013-09-11 3.47 3.55 3.33 3.33
2013-10-11 3.37 3.42 3.31 3.31
2013-10-21 3.33 3.34 3.26 3.26
2013-11-11 3.1 3.12 3.07 3.07
2013-11-15 3.11 3.16 3.07 3.07
2013-11-18 3.14 3.16 3.1 3.1
2013-12-13 3.09 3.11 3.07 3.07
2013-12-18 3.05 3.08 3.04 3.04
2014-01-14 2.86 2.86 2.6 2.6
2014-02-10 2.99 2.99 2.83 2.83
2014-03-11 2.87 2.9 2.82 2.82
2014-03-17 2.91 2.92 2.85 2.85
2014-04-01 2.88 2.9 2.84 2.84
2014-04-04 2.94 2.98 2.87 2.87
2014-05-20 2.73 2.77 2.73 2.73
2014-05-23 2.78 2.84 2.74 2.74
2014-05-26 2.79 2.82 2.77 2.77
2014-05-30 2.78 2.78 2.74 2.74
2014-06-10 2.74 2.78 2.71 2.71
2014-06-16 2.73 2.74 2.71 2.71
2014-07-01 2.91 2.97 2.87 2.87
2014-07-22 3.09 3.11 3.02 3.02
2014-08-04 3.18 3.19 3.12 3.12
2014-08-13 3.24 3.29 3.17 3.17
2014-08-27 3.35 3.37 3.28 3.28
2014-09-03 3.44 3.46 3.4 3.4
2014-09-09 3.49 3.54 3.4 3.4
2014-11-03 4.14 4.17 4.06 4.06
2015-03-13 4.93 4.96 4.64 4.64
2015-03-16 5.24 5.42 4.9 4.9
2015-04-01 5.75 5.82 5.61 5.61
2015-04-07 6.73 6.92 6.7 6.7
2015-09-22 6.47 6.47 6.47 6.47
2015-09-23 5.82 5.82 5.82 5.82
2015-09-24 5.24 5.24 5.24 5.24
2015-10-15 4.63 4.68 4.49 4.49
2015-10-29 5.29 5.47 5.15 5.15
2015-11-11 5.24 5.33 5.17 5.17
2015-12-24 5.09 5.15 4.95 4.95
2016-01-29 3.29 3.35 3.17 3.17
2016-02-02 3.38 3.38 3.27 3.27
2016-02-04 3.48 3.52 3.41 3.41
2016-02-16 3.59 3.65 3.41 3.41
2016-03-03 3.8 3.91 3.73 3.73
2016-03-14 3.84 3.89 3.74 3.74
2016-03-17 3.84 3.85 3.72 3.72
2016-03-21 4.03 4.05 3.95 3.95
2016-03-25 4.12 4.23 4.08 4.08
2016-04-06 4.69 4.96 4.61 4.61
2016-04-27 4.58 4.64 4.55 4.55
2016-05-10 4.33 4.41 4.29 4.29
2016-05-19 4.57 4.65 4.47 4.47
2016-05-24 4.68 4.74 4.6 4.6
2016-05-31 4.68 4.68 4.49 4.49
2016-06-07 4.9 4.92 4.7 4.7
2016-06-14 4.63 4.69 4.49 4.49
2016-06-15 4.82 4.85 4.53 4.53
2016-07-07 5.0 5.04 4.88 4.88
2016-07-14 4.84 4.85 4.76 4.76
2016-07-18 4.85 4.89 4.76 4.76
2016-07-28 4.7 4.77 4.61 4.61
2016-08-08 4.56 4.59 4.51 4.51
2016-09-08 5.35 5.5 5.17 5.17
2016-09-14 5.62 5.76 5.37 5.37
2016-09-27 5.65 5.68 5.56 5.56
2016-10-10 6.08 6.18 5.91 5.91
2016-10-11 6.32 6.36 6.03 6.03
2016-12-09 7.6 7.75 7.54 7.54
2016-12-14 8.24 8.24 7.54 7.54
2017-01-23 7.74 7.77 7.28 7.28
2017-02-06 7.7 7.83 7.68 7.68
2017-08-23 7.32 7.77 7.27 7.27
2017-09-05 6.29 6.38 6.19 6.19
