1998-06-10 15.54 15.82 15.3 15.3
1998-07-24 14.12 14.25 14.01 14.01
1998-07-29 13.98 14.09 13.76 13.76
1998-08-19 10.85 11.0 10.28 10.28
1998-09-29 12.67 12.8 12.5 12.5
1998-10-09 12.89 13.1 12.75 12.75
1998-11-03 13.12 13.29 13.0 13.0
1998-12-08 12.98 13.0 12.71 12.71
1998-12-21 12.83 12.84 12.36 12.36
1999-01-08 12.55 12.6 12.35 12.35
1999-02-09 10.4 10.49 10.2 10.2
1999-03-03 10.84 10.86 10.49 10.49
1999-03-05 10.92 11.1 9.65 9.65
1999-03-10 10.98 11.15 10.5 10.5
1999-03-11 11.21 11.34 10.91 10.91
1999-03-12 11.3 11.79 11.29 11.29
1999-03-15 11.41 11.69 11.3 11.3
1999-04-02 11.08 11.25 10.7 10.7
1999-04-23 10.44 10.8 10.08 10.08
1999-05-19 9.44 9.45 8.88 8.88
1999-06-04 11.2 11.3 11.01 11.01
1999-06-08 11.27 11.4 11.18 11.18
1999-06-14 12.54 12.54 11.4 11.4
1999-06-16 13.58 13.59 12.08 12.08
1999-06-23 14.12 14.3 13.68 13.68
1999-08-03 15.28 15.3 15.0 15.0
1999-08-04 15.83 16.18 15.3 15.3
1999-09-09 17.83 17.9 16.8 16.8
1999-09-23 17.96 18.49 17.53 17.53
1999-11-22 10.25 10.26 10.04 10.04
1999-11-25 10.39 10.44 10.35 10.35
1999-12-03 10.75 10.84 10.65 10.65
1999-12-14 10.11 10.34 9.85 9.85
2000-01-07 10.89 10.89 9.8 9.8
2000-01-27 10.38 10.76 10.2 10.2
2000-02-14 11.66 11.66 10.8 10.8
2000-02-15 12.75 12.83 12.0 12.0
2000-03-24 13.5 14.0 13.18 13.18
2000-03-27 13.95 14.14 13.5 13.5
2000-05-11 13.53 13.53 12.55 12.55
2000-05-16 13.98 14.03 12.88 12.88
2000-05-22 15.29 15.29 13.42 13.42
2000-05-25 16.71 17.17 15.7 15.7
2000-07-21 17.0 17.63 16.78 16.78
2000-07-27 18.42 18.6 17.71 17.71
2000-08-02 19.45 19.9 19.2 19.2
2000-08-04 19.65 19.95 19.26 19.26
2000-08-15 19.8 19.96 19.0 19.0
2000-08-16 21.78 21.78 19.5 19.5
2000-09-14 17.17 17.3 16.8 16.8
2000-10-11 16.45 16.5 16.2 16.2
2000-10-13 16.5 16.5 16.24 16.24
2000-10-16 16.59 16.86 16.28 16.28
2000-11-07 16.63 16.88 16.37 16.37
2000-11-08 16.78 17.01 16.63 16.63
2000-11-27 17.78 17.87 17.65 17.65
2000-12-15 17.0 17.5 16.44 16.44
2001-01-12 17.2 17.24 17.17 17.17
2001-01-18 18.05 18.15 17.54 17.54
2001-02-13 19.65 20.2 18.8 18.8
2001-03-07 21.46 21.5 20.75 20.75
2001-04-04 23.85 23.88 23.0 23.0
2001-04-10 23.1 23.23 21.7 21.7
2001-04-16 25.76 26.0 24.5 24.5
2001-04-24 23.99 24.0 23.61 23.61
2001-05-08 22.55 22.79 21.72 21.72
2001-06-20 16.5 16.66 15.55 15.55
2001-06-21 17.42 17.6 16.28 16.28
2001-07-19 13.34 13.35 12.66 12.66
2001-08-01 12.72 12.75 12.37 12.37
2001-08-22 11.95 11.95 11.8 11.8
2001-08-29 12.0 12.25 11.79 11.79
2001-09-05 12.2 12.27 12.02 12.02
2001-09-13 11.52 11.7 11.48 11.48
2001-09-18 11.3 11.49 11.16 11.16
2001-10-15 9.52 9.56 9.08 9.08
2001-10-24 10.2 10.64 9.88 9.88
2001-11-21 9.78 9.78 9.31 9.31
2001-11-22 10.14 10.25 9.92 9.92
2001-12-04 10.41 10.58 9.78 9.78
2001-12-10 10.2 10.36 10.09 10.09
2001-12-27 9.18 9.3 9.15 9.15
2002-01-16 7.63 7.65 7.3 7.3
2002-01-18 7.5 7.65 7.4 7.4
2002-01-31 7.65 7.8 7.11 7.11
2002-02-07 7.69 7.77 7.4 7.4
2002-02-27 8.04 8.15 7.86 7.86
2002-03-08 8.78 8.83 8.4 8.4
2002-03-21 8.97 9.12 8.7 8.7
2002-03-22 9.12 9.2 8.81 8.81
2002-04-17 8.09 8.1 8.01 8.01
2002-04-26 7.94 7.97 7.8 7.8
2002-06-11 6.94 6.99 6.75 6.75
2002-06-20 7.02 7.13 6.91 6.91
2002-06-21 7.43 7.59 7.1 7.1
2002-07-01 7.95 8.1 7.85 7.85
2002-07-03 8.13 8.18 8.05 8.05
2002-07-12 7.61 7.65 7.58 7.58
2002-08-01 7.41 7.45 7.34 7.34
2002-08-07 7.67 7.78 7.5 7.5
2002-08-29 7.38 7.44 7.36 7.36
2002-09-27 7.11 7.25 7.02 7.02
2002-10-16 6.75 6.84 6.72 6.72
2002-11-04 6.82 6.88 6.73 6.73
2002-12-04 6.03 6.11 6.0 6.0
2002-12-23 6.16 6.27 6.15 6.15
2002-12-24 6.19 6.19 6.07 6.07
2003-01-22 6.08 6.1 6.01 6.01
2003-02-25 6.24 6.27 6.06 6.06
2003-03-18 6.02 6.12 6.02 6.02
2003-03-21 6.07 6.1 5.92 5.92
2003-05-14 5.4 5.55 5.27 5.27
2003-06-13 5.62 5.65 5.6 5.6
2003-06-24 5.44 5.48 5.41 5.41
2003-07-03 5.46 5.5 5.43 5.43
2003-07-08 5.38 5.4 5.36 5.36
2003-07-10 5.44 5.47 5.3 5.3
2003-07-22 5.04 5.15 4.97 4.97
2003-07-23 5.1 5.14 5.05 5.05
2003-08-11 5.22 5.24 5.08 5.08
2003-08-19 5.11 5.13 5.0 5.0
2003-10-17 4.7 4.73 4.67 4.67
2003-12-31 4.85 4.89 4.7 4.7
2004-01-08 4.93 4.94 4.81 4.81
2004-02-02 5.14 5.22 5.05 5.05
2004-02-09 5.59 5.64 5.41 5.41
2004-02-17 5.87 5.87 5.45 5.45
2004-03-15 6.28 6.28 6.15 6.15
2004-03-18 6.45 6.64 6.29 6.29
2004-04-01 6.36 6.4 6.25 6.25
2004-04-28 5.29 5.31 5.18 5.18
2004-06-17 4.67 4.79 4.65 4.65
2004-07-06 4.27 4.3 4.22 4.22
2004-07-28 4.05 4.06 3.97 3.97
2004-08-13 3.91 3.95 3.88 3.88
2004-08-23 3.57 3.62 3.47 3.47
2004-08-24 3.72 3.77 3.57 3.57
2004-08-30 3.6 3.64 3.55 3.55
2004-09-01 3.66 3.96 3.65 3.65
2004-09-13 4.01 4.08 3.96 3.96
2004-10-19 4.22 4.38 4.1 4.1
2004-11-08 3.78 3.82 3.71 3.71
2004-11-24 4.05 4.12 4.05 4.05
2004-12-02 4.13 4.14 3.81 3.81
2004-12-27 3.8 3.83 3.75 3.75
2005-01-07 3.62 3.65 3.6 3.6
2005-01-20 3.68 3.85 3.65 3.65
2005-03-03 3.34 3.36 3.3 3.3
2005-03-16 3.06 3.09 3.02 3.02
2005-03-18 2.89 2.96 2.87 2.87
2005-03-21 2.93 2.95 2.88 2.88
2005-04-13 2.94 2.97 2.88 2.88
2005-05-17 2.28 2.29 2.23 2.23
2005-06-07 2.26 2.27 2.17 2.17
2005-06-08 2.4 2.43 2.25 2.25
2005-06-27 2.26 2.27 2.2 2.2
2005-07-07 1.88 1.91 1.87 1.87
2005-07-19 1.64 1.66 1.59 1.59
2005-07-22 1.69 1.72 1.63 1.63
2005-07-26 1.75 1.77 1.7 1.7
2005-08-23 2.2 2.26 2.18 2.18
2005-09-02 2.32 2.34 2.25 2.25
2005-09-12 2.37 2.39 2.3 2.3
2005-09-16 2.55 2.61 2.48 2.48
2005-09-19 2.57 2.6 2.52 2.52
2005-09-23 2.24 2.31 2.22 2.22
2005-09-29 2.24 2.25 2.16 2.16
2005-10-10 2.33 2.44 2.24 2.24
2005-10-17 2.44 2.44 2.32 2.32
2005-11-02 2.13 2.15 2.09 2.09
2005-11-08 2.36 2.4 2.23 2.23
2005-12-09 2.15 2.16 2.12 2.12
2005-12-16 2.16 2.17 2.13 2.13
2005-12-22 2.17 2.17 2.14 2.14
2006-01-12 2.33 2.36 2.26 2.26
2006-01-18 2.32 2.32 2.25 2.25
2006-02-06 2.36 2.37 2.29 2.29
2006-03-14 2.38 2.46 2.35 2.35
2006-03-29 2.35 2.38 2.35 2.35
2006-04-27 2.41 2.47 2.36 2.36
2006-05-15 2.89 2.89 2.64 2.64
2006-05-26 3.05 3.1 2.95 2.95
2006-06-05 3.7 3.72 3.45 3.45
2006-06-15 3.23 3.3 3.12 3.12
2006-07-06 3.59 3.6 3.5 3.5
2006-07-17 3.29 3.3 3.2 3.2
2006-07-18 3.35 3.38 3.25 3.25
2006-07-26 3.46 3.52 3.33 3.33
2006-08-10 3.04 3.05 2.99 2.99
2006-08-15 2.98 3.0 2.92 2.92
2006-08-18 3.02 3.06 3.0 3.0
2006-08-22 3.07 3.08 3.03 3.03
2006-09-04 3.32 3.33 3.24 3.24
2006-09-12 3.28 3.36 3.27 3.27
2006-09-22 3.84 3.84 3.53 3.53
2006-10-12 4.22 4.22 4.22 4.22
2007-01-10 3.33 3.36 3.22 3.22
2007-01-15 3.33 3.33 3.0 3.0
2007-02-05 4.2 4.3 4.08 4.08
2007-02-28 5.49 5.49 5.0 5.0
2007-03-07 5.33 5.44 5.23 5.23
2007-03-26 6.4 6.43 6.0 6.0
2007-05-22 8.9 9.1 8.73 8.73
2007-05-23 9.68 9.78 8.99 8.99
2007-05-29 11.35 11.6 10.65 10.65
2007-06-05 7.5 7.55 7.05 7.05
2007-06-19 10.29 10.29 9.41 9.41
2007-07-25 11.23 11.39 10.75 10.75
2007-08-20 11.68 11.8 11.35 11.35
2007-08-30 10.75 10.86 10.38 10.38
2007-11-05 7.61 7.69 7.3 7.3
2007-12-07 7.93 8.09 7.75 7.75
2007-12-13 8.79 9.28 8.45 8.45
2007-12-19 8.55 8.7 8.51 8.51
2007-12-21 8.74 8.79 8.61 8.61
2008-03-03 10.7 10.79 10.05 10.05
2008-03-31 8.99 9.42 8.72 8.72
2008-09-02 5.49 5.63 5.0 5.0
2008-09-12 4.55 4.69 4.52 4.52
2009-01-09 4.94 5.03 4.85 4.85
2009-01-23 5.16 5.27 5.08 5.08
2009-04-01 6.49 6.56 6.36 6.36
2009-04-17 7.15 7.24 6.85 6.85
2009-05-12 6.32 6.33 6.16 6.16
2009-06-01 6.31 6.33 6.23 6.23
2009-06-05 6.42 6.55 6.31 6.31
2009-07-13 6.81 6.94 6.67 6.67
2009-07-22 7.28 7.51 7.24 7.24
2009-08-13 6.93 7.05 6.82 6.82
2009-09-10 7.19 7.44 6.72 6.72
2009-10-23 7.02 7.08 6.85 6.85
2009-10-30 7.14 7.14 6.56 6.56
2009-11-30 7.91 7.91 7.23 7.23
2009-12-07 8.36 8.55 8.02 8.02
2009-12-11 8.59 8.8 8.13 8.13
2009-12-23 7.72 7.8 7.5 7.5
2009-12-28 8.18 8.22 7.92 7.92
2010-03-19 8.08 8.12 7.96 7.96
2010-03-23 9.0 9.0 8.56 8.56
2010-08-24 8.28 8.49 7.98 7.98
2010-09-27 8.06 8.08 7.95 7.95
2010-10-11 8.54 8.9 8.45 8.45
2011-04-14 8.79 8.9 8.61 8.61
2011-04-19 8.77 9.01 8.61 8.61
2011-05-09 7.97 7.99 7.79 7.79
2011-05-25 8.61 8.95 8.3 8.3
2011-06-14 8.34 8.38 8.14 8.14
2011-08-04 7.96 8.06 7.9 7.9
2011-08-23 7.19 7.19 7.11 7.11
2011-09-07 7.4 7.46 7.19 7.19
2011-11-14 6.73 6.74 6.62 6.62
2011-11-15 6.82 6.84 6.69 6.69
2011-11-28 6.4 6.48 6.27 6.27
2012-02-02 5.2 5.43 5.05 5.05
2012-03-01 5.67 5.71 5.62 5.62
2012-03-08 5.57 5.61 5.5 5.5
2012-03-09 5.73 5.9 5.63 5.63
2012-03-13 5.8 5.85 5.69 5.69
2012-04-11 5.23 5.25 5.12 5.12
2012-05-11 5.15 5.25 5.12 5.12
2012-05-22 5.11 5.13 5.02 5.02
2012-07-04 4.83 4.85 4.69 4.69
2012-08-07 5.07 5.1 4.9 4.9
2012-08-09 5.16 5.19 5.06 5.06
2012-09-12 5.12 5.17 5.08 5.08
2012-10-16 4.78 4.81 4.73 4.73
2012-11-02 4.87 4.93 4.81 4.81
2012-11-29 4.16 4.24 4.13 4.13
2012-12-14 4.62 4.64 4.46 4.46
2013-02-08 5.16 5.16 5.16 5.16
2013-02-18 5.68 5.68 5.68 5.68
2013-04-09 4.79 4.84 4.69 4.69
2013-04-11 4.77 4.81 4.75 4.75
2013-05-03 4.7 4.78 4.65 4.65
2013-05-06 4.8 4.8 4.71 4.71
2013-06-14 4.66 4.73 4.62 4.62
2013-07-01 4.15 4.16 4.06 4.06
2013-07-02 4.17 4.21 4.12 4.12
2013-07-22 4.1 4.1 4.0 4.0
2013-08-26 4.37 4.37 4.3 4.3
2013-09-30 4.51 4.51 4.44 4.44
2013-10-17 4.78 4.95 4.63 4.63
2013-11-18 4.46 4.46 4.35 4.35
2013-11-26 4.49 4.54 4.46 4.46
2013-12-03 4.47 4.48 4.37 4.37
2013-12-20 4.97 4.98 4.74 4.74
2014-03-03 4.58 4.59 4.45 4.45
2014-03-11 4.35 4.36 4.26 4.26
2014-04-29 4.4 4.4 4.32 4.32
2014-05-05 4.48 4.5 4.31 4.31
2014-05-12 4.47 4.5 4.37 4.37
2014-05-23 4.44 4.45 4.41 4.41
2014-06-05 4.43 4.45 4.38 4.38
2014-06-20 4.6 4.62 4.4 4.4
2014-07-01 4.61 4.64 4.56 4.56
2014-07-10 4.61 4.64 4.55 4.55
2014-07-25 4.79 4.8 4.7 4.7
2014-08-18 5.19 5.22 5.12 5.12
2014-08-29 4.95 4.96 4.87 4.87
2014-09-26 5.7 5.75 5.45 5.45
2014-10-29 5.92 6.0 5.85 5.85
2014-11-03 5.83 5.84 5.76 5.76
2015-01-15 5.77 5.77 5.72 5.72
2015-01-20 5.67 5.7 5.58 5.58
2015-01-30 5.98 6.0 5.85 5.85
2015-02-10 5.71 5.74 5.65 5.65
2015-02-26 5.99 6.0 5.92 5.92
2015-03-16 6.65 6.86 6.38 6.38
2015-07-08 7.23 7.23 7.23 7.23
2015-07-09 7.95 7.95 6.51 6.51
2015-07-20 9.26 9.37 8.41 8.41
2015-09-22 6.59 6.68 6.21 6.21
2015-10-12 6.6 6.68 6.31 6.31
2015-11-10 7.24 7.24 7.24 7.24
2016-01-06 6.63 6.64 6.45 6.45
2016-02-16 5.61 5.63 5.42 5.42
2016-02-19 5.66 5.71 5.6 5.6
2016-02-22 5.8 5.84 5.67 5.67
2016-03-07 5.69 5.7 5.45 5.45
2016-03-14 5.52 5.6 5.39 5.39
2016-03-18 5.7 5.78 5.53 5.53
2016-04-01 5.88 5.9 5.77 5.77
2016-04-05 6.08 6.1 5.89 5.89
2016-04-11 6.09 6.15 5.91 5.91
2016-04-26 6.5 6.52 6.3 6.3
2016-05-10 6.1 6.14 6.02 6.02
2016-05-19 6.34 6.42 6.21 6.21
2016-06-17 6.28 6.36 6.18 6.18
2016-07-21 6.5 6.7 6.48 6.48
2016-08-02 6.18 6.19 6.06 6.06
2016-08-05 6.2 6.24 6.17 6.17
2016-08-15 6.39 6.4 6.24 6.24
2016-09-30 6.95 7.05 6.82 6.82
2016-11-01 6.88 6.9 6.76 6.76
2016-12-27 6.64 6.67 6.59 6.59
2017-01-03 6.79 6.79 6.65 6.65
2017-01-05 6.95 7.05 6.91 6.91
2017-01-09 6.98 7.01 6.85 6.85
2017-02-28 7.41 7.42 7.3 7.3
2017-03-21 7.28 7.31 7.25 7.25
2017-04-05 7.27 7.28 7.09 7.09
2017-04-10 7.29 7.47 7.26 7.26
2017-06-07 5.65 5.65 5.53 5.53
2017-06-16 5.7 5.73 5.62 5.62
2017-06-29 5.64 5.7 5.61 5.61
2017-07-20 5.37 5.44 5.35 5.35
2017-08-14 5.68 5.74 5.55 5.55
