1998-07-29 13.98 14.09 13.76 13.76
1998-10-09 12.89 13.1 12.75 12.75
1999-03-03 10.84 10.86 10.49 10.49
1999-03-05 10.92 11.1 9.65 9.65
1999-03-10 10.98 11.15 10.5 10.5
1999-03-11 11.21 11.34 10.91 10.91
1999-03-12 11.3 11.79 11.29 11.29
1999-03-15 11.41 11.69 11.3 11.3
1999-06-08 11.27 11.4 11.18 11.18
1999-06-14 12.54 12.54 11.4 11.4
1999-06-16 13.58 13.59 12.08 12.08
1999-06-23 14.12 14.3 13.68 13.68
1999-08-04 15.83 16.18 15.3 15.3
1999-11-25 10.39 10.44 10.35 10.35
1999-12-03 10.75 10.84 10.65 10.65
2000-02-14 11.66 11.66 10.8 10.8
2000-02-15 12.75 12.83 12.0 12.0
2000-03-27 13.95 14.14 13.5 13.5
2000-05-16 13.98 14.03 12.88 12.88
2000-05-22 15.29 15.29 13.42 13.42
2000-05-25 16.71 17.17 15.7 15.7
2000-07-27 18.42 18.6 17.71 17.71
2000-08-02 19.45 19.9 19.2 19.2
2000-08-04 19.65 19.95 19.26 19.26
2000-08-16 21.78 21.78 19.5 19.5
2000-10-13 16.5 16.5 16.24 16.24
2000-10-16 16.59 16.86 16.28 16.28
2000-11-08 16.78 17.01 16.63 16.63
2001-01-18 18.05 18.15 17.54 17.54
2001-04-10 23.1 23.23 21.7 21.7
2001-04-16 25.76 26.0 24.5 24.5
2001-04-24 23.99 24.0 23.61 23.61
2001-05-08 22.55 22.79 21.72 21.72
2001-06-21 17.42 17.6 16.28 16.28
2001-08-29 12.0 12.25 11.79 11.79
2001-09-05 12.2 12.27 12.02 12.02
2001-09-13 11.52 11.7 11.48 11.48
2001-09-18 11.3 11.49 11.16 11.16
2001-11-22 10.14 10.25 9.92 9.92
2001-12-10 10.2 10.36 10.09 10.09
2002-01-18 7.5 7.65 7.4 7.4
2002-02-07 7.69 7.77 7.4 7.4
2002-02-27 8.04 8.15 7.86 7.86
2002-03-22 9.12 9.2 8.81 8.81
2002-06-21 7.43 7.59 7.1 7.1
2002-07-01 7.95 8.1 7.85 7.85
2002-07-03 8.13 8.18 8.05 8.05
2002-08-07 7.67 7.78 7.5 7.5
2002-12-24 6.19 6.19 6.07 6.07
2003-03-21 6.07 6.1 5.92 5.92
2003-07-08 5.38 5.4 5.36 5.36
2003-07-10 5.44 5.47 5.3 5.3
2003-07-23 5.1 5.14 5.05 5.05
2003-08-19 5.11 5.13 5.0 5.0
2004-01-08 4.93 4.94 4.81 4.81
2004-02-09 5.59 5.64 5.41 5.41
2004-02-17 5.87 5.87 5.45 5.45
2004-03-18 6.45 6.64 6.29 6.29
2004-08-23 3.57 3.62 3.47 3.47
2004-08-24 3.72 3.77 3.57 3.57
2004-08-30 3.6 3.64 3.55 3.55
2004-09-01 3.66 3.96 3.65 3.65
2004-12-02 4.13 4.14 3.81 3.81
2005-03-18 2.89 2.96 2.87 2.87
2005-03-21 2.93 2.95 2.88 2.88
2005-06-08 2.4 2.43 2.25 2.25
2005-07-22 1.69 1.72 1.63 1.63
2005-07-26 1.75 1.77 1.7 1.7
2005-09-12 2.37 2.39 2.3 2.3
2005-09-16 2.55 2.61 2.48 2.48
2005-09-19 2.57 2.6 2.52 2.52
2005-09-23 2.24 2.31 2.22 2.22
2005-09-29 2.24 2.25 2.16 2.16
2005-10-10 2.33 2.44 2.24 2.24
2005-10-17 2.44 2.44 2.32 2.32
2005-11-08 2.36 2.4 2.23 2.23
2005-12-16 2.16 2.17 2.13 2.13
2005-12-22 2.17 2.17 2.14 2.14
2006-01-18 2.32 2.32 2.25 2.25
2006-02-06 2.36 2.37 2.29 2.29
2006-06-05 3.7 3.72 3.45 3.45
2006-07-18 3.35 3.38 3.25 3.25
2006-07-26 3.46 3.52 3.33 3.33
2006-08-15 2.98 3.0 2.92 2.92
2006-08-18 3.02 3.06 3.0 3.0
2006-08-22 3.07 3.08 3.03 3.03
2006-09-12 3.28 3.36 3.27 3.27
2007-01-15 3.33 3.33 3.0 3.0
2007-03-07 5.33 5.44 5.23 5.23
2007-05-23 9.68 9.78 8.99 8.99
2007-05-29 11.35 11.6 10.65 10.65
2007-06-05 7.5 7.55 7.05 7.05
2007-12-13 8.79 9.28 8.45 8.45
2007-12-19 8.55 8.7 8.51 8.51
2007-12-21 8.74 8.79 8.61 8.61
2009-06-05 6.42 6.55 6.31 6.31
2009-10-30 7.14 7.14 6.56 6.56
2009-12-07 8.36 8.55 8.02 8.02
2009-12-11 8.59 8.8 8.13 8.13
2009-12-28 8.18 8.22 7.92 7.92
2010-03-23 9.0 9.0 8.56 8.56
2010-10-11 8.54 8.9 8.45 8.45
2011-04-19 8.77 9.01 8.61 8.61
2011-11-15 6.82 6.84 6.69 6.69
2012-03-08 5.57 5.61 5.5 5.5
2012-03-09 5.73 5.9 5.63 5.63
2012-03-13 5.8 5.85 5.69 5.69
2012-08-09 5.16 5.19 5.06 5.06
2013-02-18 5.68 5.68 5.68 5.68
2013-04-11 4.77 4.81 4.75 4.75
2013-05-06 4.8 4.8 4.71 4.71
2013-07-02 4.17 4.21 4.12 4.12
2013-11-26 4.49 4.54 4.46 4.46
2013-12-03 4.47 4.48 4.37 4.37
2014-03-11 4.35 4.36 4.26 4.26
2014-05-05 4.48 4.5 4.31 4.31
2014-05-12 4.47 4.5 4.37 4.37
2014-11-03 5.83 5.84 5.76 5.76
2015-01-20 5.67 5.7 5.58 5.58
2015-07-09 7.95 7.95 6.51 6.51
2016-02-19 5.66 5.71 5.6 5.6
2016-02-22 5.8 5.84 5.67 5.67
2016-03-14 5.52 5.6 5.39 5.39
2016-03-18 5.7 5.78 5.53 5.53
2016-04-05 6.08 6.1 5.89 5.89
2016-04-11 6.09 6.15 5.91 5.91
2016-08-05 6.2 6.24 6.17 6.17
2016-08-15 6.39 6.4 6.24 6.24
2017-01-03 6.79 6.79 6.65 6.65
2017-01-05 6.95 7.05 6.91 6.91
2017-01-09 6.98 7.01 6.85 6.85
2017-04-10 7.29 7.47 7.26 7.26
