1997-08-19 10.65 10.85 10.62 10.62
1997-08-21 11.35 11.44 11.01 11.01
1997-08-27 11.37 11.4 11.0 11.0
1997-09-01 11.56 11.8 11.35 11.35
1997-09-04 11.85 11.87 11.7 11.7
1997-10-10 11.26 11.28 11.1 11.1
1997-11-04 12.0 12.18 11.85 11.85
1997-11-07 12.3 12.3 11.85 11.85
1997-11-17 12.92 13.35 12.8 12.8
1998-01-23 11.9 11.93 11.7 11.7
1998-02-13 11.55 11.66 11.45 11.45
1998-02-17 11.5 11.55 11.31 11.31
1998-02-25 11.23 11.4 11.0 11.0
1998-05-15 10.35 10.45 10.25 10.25
1998-09-09 10.36 10.39 9.77 9.77
1998-09-14 11.0 11.17 10.78 10.78
1998-09-21 10.5 10.55 10.0 10.0
1998-09-28 10.8 10.9 10.58 10.58
1998-10-05 10.8 10.98 10.72 10.72
1998-10-08 10.78 10.79 10.35 10.35
1999-01-21 11.26 11.36 11.15 11.15
1999-01-26 10.98 11.18 10.77 10.77
1999-02-01 11.01 11.35 10.8 10.8
1999-03-26 11.6 11.66 11.36 11.36
1999-03-29 11.97 12.1 11.65 11.65
1999-03-31 11.75 12.04 11.58 11.58
1999-06-21 10.42 10.48 10.1 10.1
1999-09-17 12.04 12.15 11.9 11.9
1999-11-08 9.81 9.91 9.6 9.6
1999-12-17 9.69 9.79 9.6 9.6
2000-03-27 11.29 11.3 10.6 10.6
2000-05-17 16.38 16.6 15.95 15.95
2000-05-19 17.5 17.7 16.5 16.5
2000-05-22 18.07 18.6 17.6 17.6
2000-05-29 18.98 19.07 18.2 18.2
2000-06-06 17.53 17.58 17.08 17.08
2000-06-14 15.52 15.9 15.39 15.39
2000-06-16 16.29 16.57 15.6 15.6
2000-07-11 16.39 16.42 15.82 15.82
2000-08-03 15.48 15.55 15.27 15.27
2001-01-18 14.54 14.65 14.38 14.38
2001-01-19 14.64 14.75 14.53 14.53
2001-03-14 13.73 13.79 13.62 13.62
2001-03-27 14.42 14.51 14.35 14.35
2001-04-03 14.05 14.11 13.96 13.96
2001-04-06 14.14 14.2 14.03 14.03
2001-05-09 13.92 14.09 13.88 13.88
2001-05-14 14.5 14.57 14.12 14.12
2001-06-04 15.47 15.7 15.43 15.43
2001-06-12 15.81 15.95 15.66 15.66
2001-06-13 16.02 16.08 15.85 15.85
2001-08-09 14.47 14.49 14.1 14.1
2001-11-16 12.53 13.1 12.4 12.4
2002-03-06 11.34 11.47 11.24 11.24
2002-03-07 11.62 11.65 11.25 11.25
2002-05-28 12.42 12.6 12.39 12.39
2002-06-21 12.97 13.19 12.39 12.39
2002-06-27 13.7 14.03 13.52 13.52
2002-11-29 9.96 10.1 9.72 9.72
2002-12-04 9.95 10.03 8.97 8.97
2003-01-09 10.12 10.12 9.86 9.86
2003-01-16 10.79 10.88 10.58 10.58
2003-01-17 10.71 10.78 10.65 10.65
2003-01-24 10.46 10.56 10.2 10.2
2003-01-27 10.6 10.65 10.39 10.39
2003-02-13 10.73 10.85 10.5 10.5
2003-02-19 10.98 10.99 10.79 10.79
2003-02-25 11.35 11.38 10.79 10.79
2003-03-12 10.16 10.3 10.0 10.0
2003-03-13 10.28 10.34 10.16 10.16
2003-03-18 10.36 10.36 10.26 10.26
2003-03-24 10.46 10.46 10.36 10.36
2003-04-01 11.39 11.47 10.75 10.75
2003-04-07 11.54 11.65 11.43 11.43
2003-04-17 11.69 11.75 11.4 11.4
2003-04-22 11.48 11.61 11.4 11.4
2003-07-04 11.1 11.2 11.0 11.0
2003-07-08 11.15 11.22 11.04 11.04
2003-07-09 11.3 11.31 11.15 11.15
2003-07-10 11.45 11.5 11.3 11.3
2003-08-15 11.48 11.55 11.23 11.23
2003-08-22 11.93 11.98 11.69 11.69
2003-10-15 11.36 11.7 11.15 11.15
2003-11-03 5.66 5.8 5.5 5.5
2003-11-11 5.38 5.45 5.28 5.28
2003-11-19 5.27 5.33 5.21 5.21
2003-11-24 5.54 5.58 5.36 5.36
2003-11-26 5.83 5.85 5.55 5.55
2003-12-01 5.72 5.78 5.58 5.58
2003-12-04 5.76 5.76 5.53 5.53
2004-01-09 6.19 6.35 6.06 6.06
2004-01-12 6.57 6.66 6.22 6.22
2004-05-20 6.8 6.82 6.7 6.7
2004-05-21 6.7 6.78 6.67 6.67
2004-06-10 6.25 6.35 6.1 6.1
2004-06-15 6.37 6.43 6.19 6.19
2004-07-13 6.17 6.22 6.12 6.12
2004-08-30 5.63 5.68 5.6 5.6
2004-09-15 5.53 5.56 5.3 5.3
2004-11-23 5.41 5.44 5.25 5.25
2005-04-13 5.42 5.45 5.27 5.27
2005-04-19 5.27 5.33 5.24 5.24
2005-08-05 4.22 4.33 4.18 4.18
2005-11-24 4.43 4.45 4.3 4.3
2006-01-12 4.75 4.75 4.64 4.64
2006-01-17 4.66 4.71 4.62 4.62
2006-02-14 4.98 4.99 4.85 4.85
2006-05-12 5.87 5.87 5.34 5.34
2007-01-19 7.68 7.68 7.29 7.29
2007-04-09 9.04 9.1 8.95 8.95
2007-07-23 7.0 7.06 6.57 6.57
2007-07-25 7.25 7.3 6.81 6.81
2007-08-13 8.08 8.09 7.62 7.62
2007-08-20 7.9 7.95 7.78 7.78
2007-08-21 8.0 8.09 7.83 7.83
2007-08-23 8.7 9.02 8.41 8.41
2007-08-24 8.58 8.7 8.5 8.5
2007-11-14 8.68 8.68 8.35 8.35
2007-12-17 9.95 10.28 9.81 9.81
2007-12-21 10.2 10.37 10.0 10.0
2007-12-24 10.79 10.97 10.29 10.29
2008-01-02 12.19 12.5 11.86 11.86
2008-04-11 10.04 10.18 9.42 9.42
2008-05-16 12.71 13.08 12.3 12.3
2008-05-26 14.06 14.56 13.4 13.4
2008-07-11 13.76 13.87 12.73 12.73
2009-06-01 7.79 7.92 7.37 7.37
2009-11-02 7.58 7.74 7.2 7.2
2009-11-04 8.34 8.58 8.0 8.0
2010-02-22 10.16 10.36 9.81 9.81
2010-05-07 9.23 9.71 8.91 8.91
2010-10-29 9.77 9.84 9.54 9.54
2010-11-01 10.37 10.68 9.77 9.77
2011-01-19 7.55 7.58 7.31 7.31
2011-01-26 7.23 7.24 7.11 7.11
2011-02-09 7.51 7.67 7.45 7.45
2011-02-14 8.0 8.04 7.88 7.88
2011-06-03 9.43 9.52 9.16 9.16
2012-01-17 7.43 7.45 6.8 6.8
2012-02-22 9.0 9.15 8.76 8.76
2012-08-09 9.17 9.19 8.65 8.65
2013-08-07 6.44 6.48 6.14 6.14
2013-11-28 6.05 6.11 6.01 6.01
2014-01-29 5.35 5.36 5.28 5.28
2014-02-10 5.54 5.56 5.42 5.42
2014-03-11 5.31 5.35 5.26 5.26
2014-08-05 6.04 6.17 5.97 5.97
2014-10-14 7.98 7.99 7.68 7.68
2014-12-10 8.15 8.58 7.12 7.12
2015-02-13 7.09 7.12 6.96 6.96
2015-04-13 9.54 9.68 9.21 9.21
2015-04-21 9.41 9.44 8.97 8.97
2015-04-22 10.01 10.13 9.46 9.46
2015-07-02 12.34 12.34 12.34 12.34
2015-07-03 11.11 11.11 11.11 11.11
2015-07-07 9.0 9.0 9.0 9.0
2015-12-25 8.23 8.23 8.23 8.23
2016-06-02 6.21 6.27 6.15 6.15
2016-08-23 7.08 7.08 6.4 6.4
2017-01-20 6.87 6.89 6.75 6.75
2017-01-23 6.98 7.03 6.87 6.87
2017-02-06 7.04 7.05 6.96 6.96
2017-03-20 7.88 7.99 7.75 7.75
2017-06-07 5.95 5.97 5.8 5.8
2017-06-15 5.99 6.07 5.9 5.9
2017-07-31 7.12 7.25 6.76 6.76
