2006-10-19 3.06 3.1 3.05 3.05
2006-10-20 3.12 3.18 3.07 3.07
2006-10-24 3.2 3.2 3.09 3.09
2006-12-14 2.87 2.95 2.86 2.86
2007-01-15 3.94 3.95 3.61 3.61
2007-01-29 3.92 3.94 3.69 3.69
2007-02-05 3.76 3.8 3.66 3.66
2007-02-08 3.97 4.01 3.88 3.88
2007-03-09 6.5 6.66 6.2 6.2
2007-04-09 7.22 7.3 7.06 7.06
2007-04-13 7.83 7.95 7.37 7.37
2007-04-17 8.25 8.5 7.96 7.96
2007-05-22 9.98 10.2 9.82 9.82
2007-06-05 6.86 6.88 6.43 6.43
2007-07-20 6.08 6.1 5.8 5.8
2007-07-26 7.01 7.01 6.9 6.9
2007-08-01 8.48 8.48 8.48 8.48
2007-08-21 8.22 8.55 8.17 8.17
2007-11-28 6.72 6.81 6.25 6.25
2008-01-18 7.8 8.0 7.6 7.6
2008-02-04 7.33 7.33 6.8 6.8
2008-04-07 6.21 6.27 5.7 5.7
2008-04-15 5.85 5.88 5.5 5.5
2008-06-06 5.47 5.51 5.38 5.38
2008-06-25 4.15 4.15 3.9 3.9
2008-08-27 3.12 3.17 3.03 3.03
2008-09-12 2.96 2.99 2.91 2.91
2008-10-06 3.27 3.41 3.2 3.2
2008-10-28 2.6 2.63 2.39 2.39
2008-11-05 2.4 2.44 2.35 2.35
2008-11-10 2.6 2.6 2.44 2.44
2008-12-05 3.46 3.49 3.31 3.31
2009-01-21 3.28 3.32 3.21 3.21
2009-02-02 3.75 3.75 3.48 3.48
2009-02-13 4.35 4.37 4.17 4.17
2009-03-04 3.9 3.94 3.71 3.71
2009-04-14 4.71 4.8 4.45 4.45
2009-05-04 5.24 5.35 5.01 5.01
2009-06-03 5.28 5.36 5.24 5.24
2009-10-13 5.73 5.76 5.57 5.57
2009-10-19 5.79 5.8 5.61 5.61
2009-10-20 6.0 6.04 5.82 5.82
2009-10-30 5.77 5.86 5.62 5.62
2009-11-12 6.26 6.38 6.22 6.22
2009-11-23 6.76 6.85 6.55 6.55
2009-11-25 6.9 6.9 6.26 6.26
2009-12-01 6.7 6.74 6.35 6.35
2009-12-10 7.04 7.15 6.93 6.93
2010-01-18 7.08 7.16 6.9 6.9
2010-01-21 7.31 7.44 7.09 7.09
2010-03-08 7.02 7.11 6.78 6.78
2010-03-16 7.06 7.08 6.9 6.9
2010-04-21 7.9 7.93 7.62 7.62
2010-05-31 6.7 6.85 6.38 6.38
2010-06-07 6.52 6.57 6.3 6.3
2010-06-09 6.64 6.66 6.44 6.44
2010-09-29 9.41 9.81 9.05 9.05
2010-10-08 10.4 10.6 9.92 9.92
2010-10-11 11.05 11.13 10.3 10.3
2010-10-20 14.31 14.8 13.35 13.35
2010-10-26 15.39 15.39 13.83 13.83
2010-11-22 15.37 15.77 15.01 15.01
2010-12-01 12.92 12.92 12.92 12.92
2010-12-02 12.52 13.29 12.18 12.18
2011-01-04 10.95 11.07 10.78 10.78
2011-01-18 9.78 9.83 9.57 9.57
2011-03-18 13.64 13.92 13.02 13.02
2011-04-29 9.77 9.79 9.56 9.56
2011-05-09 10.17 10.2 9.72 9.72
2011-05-16 11.08 11.08 10.18 10.18
2011-06-03 9.12 9.2 9.0 9.0
2011-06-14 9.2 9.25 8.95 8.95
2011-08-19 7.92 7.96 7.68 7.68
2011-09-09 7.88 7.89 7.66 7.66
2011-10-17 7.8 7.95 7.35 7.35
2011-11-14 7.84 7.85 7.7 7.7
2011-11-17 7.97 8.26 7.94 7.94
2011-11-29 7.19 7.23 7.1 7.1
2011-12-02 6.9 6.97 6.82 6.82
2011-12-30 5.08 5.14 4.93 4.93
2012-01-20 5.09 5.14 5.01 5.01
2012-02-27 5.94 6.08 5.93 5.93
2012-03-29 5.66 5.96 5.64 5.64
2012-06-13 6.39 6.41 6.26 6.26
2012-07-02 5.83 5.87 5.73 5.73
2012-09-19 5.07 5.11 5.02 5.02
2012-10-12 5.31 5.56 5.07 5.07
2012-10-24 5.2 5.26 5.14 5.14
2012-11-01 5.01 5.03 4.88 4.88
2012-11-12 4.96 4.96 4.87 4.87
2012-12-28 5.42 5.48 5.35 5.35
2013-01-14 5.39 5.4 5.23 5.23
2013-01-15 5.47 5.49 5.37 5.37
2013-01-28 5.41 5.42 5.3 5.3
2013-02-04 5.6 5.7 5.49 5.49
2013-02-28 5.55 5.56 5.44 5.44
2013-03-20 5.66 5.69 5.51 5.51
2013-03-21 5.66 5.74 5.61 5.61
2013-04-01 5.58 5.67 5.54 5.54
2013-04-18 5.16 5.19 5.1 5.1
2013-04-19 5.29 5.31 5.16 5.16
2013-04-24 5.18 5.2 5.1 5.1
2013-05-03 4.95 4.99 4.88 4.88
2013-05-08 5.05 5.09 5.0 5.0
2013-05-13 5.11 5.17 5.07 5.07
2013-08-01 4.43 4.45 4.33 4.33
2013-08-15 4.7 4.79 4.62 4.62
2013-09-03 4.92 4.93 4.75 4.75
2013-10-21 5.17 5.19 5.06 5.06
2013-11-01 4.73 4.76 4.67 4.67
2013-11-14 4.85 4.88 4.78 4.78
2013-11-26 4.96 5.0 4.94 4.94
2013-12-13 4.88 4.9 4.83 4.83
2014-01-07 4.58 4.63 4.5 4.5
2014-01-21 4.43 4.44 4.38 4.38
2014-01-22 4.54 4.55 4.45 4.45
2014-02-10 4.64 4.66 4.52 4.52
2014-03-13 4.7 4.83 4.51 4.51
2014-04-15 5.0 5.09 4.95 4.95
2014-04-30 4.66 4.67 4.55 4.55
2014-05-08 4.56 4.64 4.53 4.53
2014-06-05 4.64 4.65 4.59 4.59
2014-06-26 4.81 4.85 4.77 4.77
2014-07-03 5.0 5.11 4.91 4.91
2014-07-04 5.02 5.06 4.96 4.96
2014-07-11 4.99 5.02 4.89 4.89
2014-07-16 5.07 5.18 4.98 4.98
2014-07-25 5.0 5.0 4.93 4.93
2014-08-08 5.33 5.4 5.2 5.2
2014-09-09 6.16 6.2 6.06 6.06
2014-09-15 6.41 6.49 6.28 6.28
2014-09-19 6.56 6.56 6.41 6.41
2014-10-15 7.49 7.55 7.02 7.02
2014-10-28 6.91 6.92 6.7 6.7
2014-12-12 7.14 7.2 6.98 6.98
2015-01-20 6.49 6.51 6.3 6.3
2015-02-13 6.8 6.95 6.68 6.68
2015-02-26 7.08 7.12 7.0 7.0
2015-03-02 7.26 7.26 7.03 7.03
2015-03-05 8.6 8.6 7.95 7.95
2015-04-28 12.44 12.49 11.91 11.91
2015-05-08 11.74 11.77 11.2 11.2
2015-07-03 9.67 10.27 9.67 9.67
2015-07-07 7.83 7.95 7.83 7.83
2015-07-08 7.05 7.05 7.05 7.05
2015-07-09 7.76 7.76 6.35 6.35
2015-07-17 8.75 8.95 8.16 8.16
2015-08-07 8.87 8.9 8.4 8.4
2015-09-02 7.8 8.35 7.61 7.61
2015-10-15 11.95 11.96 11.52 11.52
2015-11-03 11.2 11.4 11.09 11.09
2015-11-23 13.19 13.19 13.19 13.19
2015-12-18 11.51 11.8 11.24 11.24
2016-01-06 10.06 10.17 9.84 9.84
2016-01-18 7.69 7.88 7.35 7.35
2016-02-22 8.22 8.33 8.11 8.11
2016-03-14 8.14 8.24 7.89 7.89
2016-03-17 8.32 8.43 8.05 8.05
2016-03-30 9.45 9.5 9.21 9.21
2016-04-11 9.49 9.59 9.26 9.26
2016-04-13 9.49 9.71 9.28 9.28
2016-04-14 10.1 10.34 9.54 9.54
2016-05-10 9.51 9.55 9.15 9.15
2016-05-25 9.67 9.71 9.57 9.57
2016-05-31 9.61 9.63 9.24 9.24
2016-06-06 9.94 10.04 9.79 9.79
2016-08-09 9.35 9.38 9.26 9.26
2016-08-12 9.28 9.32 9.13 9.13
2016-09-01 10.27 10.37 9.38 9.38
2016-09-06 9.95 10.17 9.76 9.76
2016-09-08 10.02 10.1 9.96 9.96
2016-09-13 10.23 10.35 9.95 9.95
2016-11-07 11.4 11.45 11.09 11.09
2016-11-22 12.14 12.25 11.77 11.77
2016-11-28 12.99 13.16 12.44 12.44
2016-12-01 12.99 13.08 12.71 12.71
2016-12-05 13.01 13.29 12.92 12.92
2016-12-12 13.11 13.3 12.87 12.87
2017-01-05 13.16 13.47 13.0 13.0
2017-01-26 12.91 12.96 12.68 12.68
2017-02-10 12.21 12.37 12.17 12.17
2017-02-16 12.45 12.6 12.37 12.37
2017-02-20 13.51 13.75 12.58 12.58
2017-03-07 13.28 13.3 13.17 13.17
2017-04-13 10.37 10.48 10.3 10.3
2017-04-14 10.16 10.3 9.9 9.9
2017-04-18 9.22 9.5 9.15 9.15
2017-07-04 8.79 9.08 8.71 8.71
2017-07-05 8.85 8.88 8.71 8.71
2017-07-10 9.71 9.71 8.8 8.8
2017-08-14 8.19 8.19 8.05 8.05
