2003-07-17 25.13 25.3 24.0 24.0
2003-08-26 23.58 23.76 23.45 23.45
2003-08-29 24.18 24.38 23.05 23.05
2003-09-08 23.87 23.96 23.65 23.65
2003-09-12 23.83 24.0 23.78 23.78
2003-09-19 23.75 23.78 23.53 23.53
2003-09-30 23.97 24.0 23.3 23.3
2003-10-14 23.61 23.99 23.48 23.48
2003-10-17 23.47 23.6 23.32 23.32
2003-10-27 24.37 24.45 23.45 23.45
2003-10-30 24.29 24.6 24.1 24.1
2003-11-18 23.68 23.97 23.6 23.6
2003-11-26 23.09 23.22 22.61 22.61
2003-12-05 23.55 23.6 23.06 23.06
2003-12-11 23.78 23.85 23.55 23.55
2003-12-31 24.74 25.1 24.6 24.6
2004-01-14 28.38 29.1 27.7 27.7
2004-01-16 27.8 28.2 27.5 27.5
2004-01-29 28.82 28.84 27.9 27.9
2004-02-06 27.99 28.59 27.83 27.83
2004-02-10 29.3 30.15 28.5 28.5
2004-02-16 29.74 29.77 28.79 28.79
2004-03-19 27.93 28.0 27.4 27.4
2004-03-26 29.0 29.14 28.32 28.32
2004-04-23 29.1 30.0 28.88 28.88
2004-07-01 23.45 23.5 22.62 22.62
2004-08-24 18.17 18.3 17.95 17.95
2004-08-25 18.29 18.39 18.0 18.0
2004-11-02 19.41 19.68 19.22 19.22
2004-11-15 19.34 19.5 18.9 18.9
2004-12-06 18.65 18.86 18.6 18.6
2004-12-08 18.53 18.82 18.41 18.41
2004-12-09 19.0 19.26 18.45 18.45
2004-12-13 18.8 18.85 18.6 18.6
2005-01-05 16.32 16.46 16.01 16.01
2005-01-12 16.36 16.61 15.1 15.1
2005-01-18 16.19 16.3 15.63 15.63
2005-02-01 15.83 16.13 15.7 15.7
2005-02-16 17.95 18.3 17.3 17.3
2005-02-21 17.95 18.2 17.65 17.65
2005-02-28 18.3 18.48 17.9 17.9
2005-03-08 18.35 18.38 17.71 17.71
2005-03-09 19.31 19.55 18.5 18.5
2005-04-07 17.39 17.77 16.64 16.64
2005-04-13 18.05 18.3 17.7 17.7
2005-04-27 17.03 17.16 16.61 16.61
2005-05-11 18.65 18.65 18.65 18.65
2006-10-11 17.55 17.8 16.57 16.57
2006-10-27 19.12 19.19 18.0 18.0
2006-11-15 17.9 18.16 16.68 16.68
2006-12-04 24.39 25.71 23.81 23.81
2006-12-11 25.71 25.8 23.44 23.44
2006-12-25 31.16 31.16 28.0 28.0
2007-01-19 37.99 38.3 35.5 35.5
2007-01-22 38.46 40.4 37.91 37.91
2007-02-07 34.9 35.0 33.09 33.09
2007-02-08 36.35 36.85 34.88 34.88
2007-04-02 43.19 43.58 41.0 41.0
2007-04-09 48.09 49.75 45.88 45.88
2007-05-16 31.66 31.87 29.92 29.92
2007-05-17 33.37 34.78 31.98 31.98
2007-05-23 36.71 37.38 35.02 35.02
2007-06-11 42.0 43.0 41.0 41.0
2007-07-23 44.29 44.79 41.82 41.82
2007-07-26 45.18 45.87 44.09 44.09
2007-09-12 49.03 49.49 47.6 47.6
2007-10-19 60.76 62.49 58.05 58.05
2007-12-04 45.48 46.1 45.0 45.0
2007-12-06 48.97 50.0 47.85 47.85
2007-12-17 48.92 49.96 48.55 48.55
2007-12-19 50.94 50.97 48.99 48.99
2007-12-21 52.37 52.59 51.11 51.11
2007-12-24 54.37 56.51 52.58 52.58
2008-01-15 57.99 59.19 57.48 57.48
2008-01-23 52.81 52.81 49.22 49.22
2008-01-29 54.79 56.18 54.15 54.15
2008-01-30 55.64 57.15 55.1 55.1
2008-02-14 59.47 59.54 56.95 56.95
2008-04-08 39.57 39.95 37.6 37.6
2008-05-05 41.02 41.2 39.15 39.15
2008-05-15 44.31 45.84 43.51 43.51
2008-05-16 44.99 46.2 44.0 44.0
2008-09-02 14.85 15.14 14.53 14.53
2008-09-12 13.1 13.25 12.85 12.85
2008-09-17 13.91 13.95 13.3 13.3
2008-10-17 14.6 14.88 13.9 13.9
2008-11-05 12.0 12.21 11.35 11.35
2008-11-10 13.13 13.13 12.56 12.56
2008-12-02 16.64 17.25 16.1 16.1
2008-12-03 17.87 17.98 16.78 16.78
2009-01-09 17.12 17.26 16.41 16.41
2009-03-04 23.7 23.96 21.99 21.99
2009-04-01 24.39 24.74 23.68 23.68
2009-04-30 26.12 26.91 25.1 25.1
2009-05-05 27.33 28.01 26.64 26.64
2009-05-12 26.8 26.8 25.63 25.63
2009-06-18 27.99 28.5 27.01 27.01
2009-06-24 30.21 30.65 27.96 27.96
2009-07-08 30.78 30.9 29.19 29.19
2009-07-22 32.74 32.86 32.0 32.0
2009-07-27 33.85 34.4 33.58 33.58
2009-07-31 33.29 33.75 32.7 32.7
2009-09-09 33.47 33.96 31.2 31.2
2009-09-30 33.18 33.63 32.55 32.55
2009-10-15 35.68 36.28 34.97 34.97
2009-10-19 37.09 37.2 36.0 36.0
2009-11-10 37.71 37.95 36.02 36.02
2009-11-16 38.79 39.08 38.19 38.19
2009-12-07 37.02 37.89 36.25 36.25
2009-12-23 33.49 33.58 32.67 32.67
2010-03-22 32.24 32.33 31.5 31.5
2010-03-29 33.59 34.05 33.0 33.0
2010-05-18 28.07 28.65 26.12 26.12
2010-06-02 27.34 27.38 26.07 26.07
2010-07-14 20.49 20.72 19.99 19.99
2010-08-19 25.39 25.8 25.02 25.02
2010-09-27 28.81 28.96 27.18 27.18
2010-10-08 29.87 30.42 29.31 29.31
2010-12-13 22.31 22.36 21.57 21.57
2010-12-29 20.92 20.95 20.6 20.6
2011-01-26 19.59 19.6 19.22 19.22
2011-02-14 23.49 24.3 23.3 23.3
2011-02-28 25.2 25.46 23.32 23.32
2011-03-28 28.03 28.98 27.95 27.95
2011-03-31 27.92 28.53 27.75 27.75
2011-04-07 28.89 29.05 28.17 28.17
2011-04-21 27.62 27.97 26.3 26.3
2011-04-22 19.32 19.95 18.75 18.75
2011-05-09 17.88 18.13 17.56 17.56
2011-06-21 16.9 17.1 16.5 16.5
2011-06-22 17.1 17.34 17.0 17.0
2011-06-30 18.04 18.26 17.82 17.82
2011-08-12 16.68 16.88 16.47 16.47
2011-09-02 16.14 16.48 16.0 16.0
2011-10-28 15.11 15.15 14.87 14.87
2012-02-02 14.06 14.1 13.8 13.8
2012-02-15 13.87 13.9 13.63 13.63
2012-02-23 14.25 14.5 14.1 14.1
2012-03-08 14.25 14.44 14.13 14.13
2012-03-09 14.45 14.46 14.29 14.29
2012-04-05 13.15 13.25 12.28 12.28
2012-04-18 14.57 14.72 13.8 13.8
2012-05-22 14.43 14.5 13.84 13.84
2012-05-24 14.74 15.02 14.55 14.55
2012-06-11 14.63 14.67 14.3 14.3
2012-06-18 14.8 14.84 14.65 14.65
2012-07-27 11.69 11.75 11.62 11.62
2012-08-01 12.15 12.25 11.93 11.93
2012-08-06 12.39 12.41 12.14 12.14
2012-09-06 9.03 9.12 8.93 8.93
2012-09-07 9.93 9.93 9.15 9.15
2012-10-09 9.68 9.74 9.48 9.48
2012-10-25 9.42 9.6 9.4 9.4
2012-11-01 9.19 9.25 8.98 8.98
2012-12-17 9.37 9.61 9.3 9.3
2013-01-10 10.11 10.26 9.98 9.98
2013-02-04 12.28 13.19 12.0 12.0
2013-02-25 11.3 11.47 11.16 11.16
2013-02-27 11.28 11.37 11.11 11.11
2013-04-02 10.2 10.41 10.02 10.02
2013-04-09 10.18 10.29 10.05 10.05
2013-04-19 10.19 10.29 9.9 9.9
2013-05-21 9.77 9.87 9.71 9.71
2013-06-03 9.28 9.36 9.23 9.23
2013-07-26 7.0 7.04 6.95 6.95
2013-09-11 8.6 8.6 7.9 7.9
2013-09-23 7.91 7.97 7.78 7.78
2013-09-27 7.49 7.55 7.42 7.42
2013-10-11 7.58 7.59 7.45 7.45
2013-10-14 7.74 7.83 7.59 7.59
2013-10-28 7.2 7.3 7.13 7.13
2013-11-12 7.06 7.07 6.97 6.97
2014-01-29 5.97 6.02 5.96 5.96
2014-02-10 6.05 6.06 5.91 5.91
2014-03-21 5.71 5.72 5.51 5.51
2014-05-12 5.44 5.5 5.28 5.28
2014-05-14 5.35 5.39 5.32 5.32
2014-05-16 5.37 5.37 5.25 5.25
2014-05-30 5.21 5.24 5.2 5.2
2014-06-10 5.12 5.13 5.08 5.08
2014-07-28 5.61 5.74 5.45 5.45
2014-09-03 5.63 5.66 5.55 5.55
2014-10-08 5.94 5.94 5.86 5.86
2014-11-04 6.56 6.71 6.16 6.16
2014-12-18 8.71 8.88 8.43 8.43
2015-01-20 8.17 8.28 8.0 8.0
2015-03-17 8.99 9.15 8.71 8.71
2015-03-26 9.54 9.66 9.17 9.17
2015-07-08 6.03 6.24 6.03 6.03
2015-08-04 8.35 8.4 8.0 8.0
2015-12-17 6.58 6.6 6.49 6.49
2016-01-18 5.48 5.56 5.35 5.35
2016-02-02 4.73 4.78 4.63 4.63
2016-02-18 5.4 5.4 5.4 5.4
2016-04-15 6.08 6.12 5.91 5.91
2016-06-14 4.94 4.95 4.88 4.88
2016-06-17 5.02 5.02 4.97 4.97
2016-08-26 5.34 5.37 5.31 5.31
2016-09-05 5.31 5.34 5.27 5.27
2016-09-06 5.45 5.47 5.3 5.3
2016-09-30 5.47 5.48 5.41 5.41
2016-10-11 5.59 5.65 5.52 5.52
2016-11-04 5.95 6.05 5.86 5.86
2016-11-28 6.76 6.81 6.62 6.62
2016-12-29 6.08 6.2 6.02 6.02
2017-01-23 6.75 6.9 6.65 6.65
2017-02-16 7.3 7.45 7.25 7.25
2017-03-06 7.29 7.29 7.14 7.14
2017-03-10 7.5 7.61 7.4 7.4
2017-04-21 6.91 6.93 6.86 6.86
2017-04-25 6.81 6.85 6.7 6.7
2017-04-26 6.98 7.0 6.8 6.8
2017-05-03 7.18 7.18 7.02 7.02
2017-05-04 7.17 7.26 7.1 7.1
2017-05-12 6.67 6.71 6.6 6.6
2017-05-26 6.91 6.99 6.81 6.81
2017-06-01 6.97 7.01 6.85 6.85
2017-06-09 7.3 7.33 6.92 6.92
2017-08-21 8.3 8.33 8.19 8.19
2017-08-25 8.26 8.28 8.1 8.1
