2003-08-29 24.18 24.38 23.05 23.05
2003-09-08 23.87 23.96 23.65 23.65
2003-09-12 23.83 24.0 23.78 23.78
2003-09-19 23.75 23.78 23.53 23.53
2003-10-14 23.61 23.99 23.48 23.48
2003-10-17 23.47 23.6 23.32 23.32
2003-10-27 24.37 24.45 23.45 23.45
2003-10-30 24.29 24.6 24.1 24.1
2003-11-26 23.09 23.22 22.61 22.61
2003-12-11 23.78 23.85 23.55 23.55
2004-01-16 27.8 28.2 27.5 27.5
2004-01-29 28.82 28.84 27.9 27.9
2004-02-06 27.99 28.59 27.83 27.83
2004-02-10 29.3 30.15 28.5 28.5
2004-02-16 29.74 29.77 28.79 28.79
2004-03-26 29.0 29.14 28.32 28.32
2004-08-25 18.29 18.39 18.0 18.0
2004-12-08 18.53 18.82 18.41 18.41
2004-12-09 19.0 19.26 18.45 18.45
2004-12-13 18.8 18.85 18.6 18.6
2005-01-12 16.36 16.61 15.1 15.1
2005-01-18 16.19 16.3 15.63 15.63
2005-02-16 17.95 18.3 17.3 17.3
2005-02-21 17.95 18.2 17.65 17.65
2005-02-28 18.3 18.48 17.9 17.9
2005-03-08 18.35 18.38 17.71 17.71
2005-03-09 19.31 19.55 18.5 18.5
2005-04-13 18.05 18.3 17.7 17.7
2005-05-11 18.65 18.65 18.65 18.65
2006-12-11 25.71 25.8 23.44 23.44
2007-01-22 38.46 40.4 37.91 37.91
2007-02-08 36.35 36.85 34.88 34.88
2007-04-09 48.09 49.75 45.88 45.88
2007-05-17 33.37 34.78 31.98 31.98
2007-05-23 36.71 37.38 35.02 35.02
2007-07-26 45.18 45.87 44.09 44.09
2007-12-06 48.97 50.0 47.85 47.85
2007-12-19 50.94 50.97 48.99 48.99
2007-12-21 52.37 52.59 51.11 51.11
2007-12-24 54.37 56.51 52.58 52.58
2008-01-23 52.81 52.81 49.22 49.22
2008-01-29 54.79 56.18 54.15 54.15
2008-01-30 55.64 57.15 55.1 55.1
2008-02-14 59.47 59.54 56.95 56.95
2008-05-16 44.99 46.2 44.0 44.0
2008-09-17 13.91 13.95 13.3 13.3
2008-11-10 13.13 13.13 12.56 12.56
2008-12-03 17.87 17.98 16.78 16.78
2009-05-05 27.33 28.01 26.64 26.64
2009-05-12 26.8 26.8 25.63 25.63
2009-06-24 30.21 30.65 27.96 27.96
2009-07-27 33.85 34.4 33.58 33.58
2009-07-31 33.29 33.75 32.7 32.7
2009-10-15 35.68 36.28 34.97 34.97
2009-10-19 37.09 37.2 36.0 36.0
2009-11-16 38.79 39.08 38.19 38.19
2010-03-29 33.59 34.05 33.0 33.0
2010-10-08 29.87 30.42 29.31 29.31
2011-03-31 27.92 28.53 27.75 27.75
2011-04-07 28.89 29.05 28.17 28.17
2011-04-22 19.32 19.95 18.75 18.75
2011-06-22 17.1 17.34 17.0 17.0
2011-06-30 18.04 18.26 17.82 17.82
2012-02-23 14.25 14.5 14.1 14.1
2012-03-09 14.45 14.46 14.29 14.29
2012-05-24 14.74 15.02 14.55 14.55
2012-06-18 14.8 14.84 14.65 14.65
2012-08-01 12.15 12.25 11.93 11.93
2012-08-06 12.39 12.41 12.14 12.14
2012-09-07 9.93 9.93 9.15 9.15
2012-11-01 9.19 9.25 8.98 8.98
2013-02-27 11.28 11.37 11.11 11.11
2013-04-09 10.18 10.29 10.05 10.05
2013-09-23 7.91 7.97 7.78 7.78
2013-09-27 7.49 7.55 7.42 7.42
2013-10-11 7.58 7.59 7.45 7.45
2013-10-14 7.74 7.83 7.59 7.59
2014-02-10 6.05 6.06 5.91 5.91
2014-05-14 5.35 5.39 5.32 5.32
2014-05-16 5.37 5.37 5.25 5.25
2014-06-10 5.12 5.13 5.08 5.08
2016-06-17 5.02 5.02 4.97 4.97
2016-09-05 5.31 5.34 5.27 5.27
2016-09-06 5.45 5.47 5.3 5.3
2016-10-11 5.59 5.65 5.52 5.52
2017-03-10 7.5 7.61 7.4 7.4
2017-04-25 6.81 6.85 6.7 6.7
2017-04-26 6.98 7.0 6.8 6.8
2017-05-03 7.18 7.18 7.02 7.02
2017-05-04 7.17 7.26 7.1 7.1
2017-05-12 6.67 6.71 6.6 6.6
2017-06-01 6.97 7.01 6.85 6.85
2017-06-09 7.3 7.33 6.92 6.92
