2003-10-31 15.38 15.64 15.25 15.25
2003-11-19 13.39 13.4 12.97 12.97
2003-11-20 14.01 14.38 13.39 13.39
2003-12-01 14.38 14.5 13.88 13.88
2003-12-02 14.56 14.58 14.22 14.22
2003-12-03 15.08 15.4 14.41 14.41
2003-12-05 15.29 15.4 14.85 14.85
2003-12-17 15.23 15.3 15.07 15.07
2003-12-19 14.98 15.09 14.85 14.85
2003-12-23 15.35 15.58 15.15 15.15
2003-12-30 16.21 16.5 15.8 15.8
2004-01-12 18.75 18.95 17.58 17.58
2004-01-29 19.47 19.65 19.17 19.17
2004-02-04 20.04 20.25 19.28 19.28
2004-02-09 21.94 22.68 21.21 21.21
2004-02-18 21.73 22.05 21.4 21.4
2004-02-26 21.65 21.77 21.03 21.03
2004-03-11 21.92 22.15 21.6 21.6
2004-04-02 18.02 18.29 16.73 16.73
2004-04-30 16.19 16.61 15.81 15.81
2004-05-12 16.7 16.73 16.16 16.16
2004-05-26 15.29 16.0 14.9 14.9
2004-06-01 16.42 16.5 15.59 15.59
2004-06-11 14.87 15.09 14.59 14.59
2004-06-15 15.09 15.28 14.71 14.71
2004-06-30 15.19 15.6 15.01 15.01
2004-07-01 15.99 16.15 15.08 15.08
2004-07-06 16.37 16.58 16.02 16.02
2004-07-23 15.58 15.59 15.1 15.1
2004-08-10 15.64 15.64 15.48 15.48
2004-08-23 14.23 14.3 14.01 14.01
2004-08-24 14.38 14.55 13.58 13.58
2004-08-30 13.92 13.97 13.7 13.7
2004-10-11 17.5 17.62 17.0 17.0
2004-10-21 12.59 12.68 12.0 12.0
2004-11-09 12.68 12.69 12.3 12.3
2004-11-15 13.74 13.8 13.5 13.5
2004-11-30 13.59 13.65 13.51 13.51
2004-12-16 13.51 13.65 13.4 13.4
2005-01-25 12.26 12.4 12.0 12.0
2005-02-22 11.95 12.0 11.26 11.26
2005-03-04 12.04 12.2 11.61 11.61
2005-03-14 13.15 13.48 12.6 12.6
2005-03-30 13.0 13.2 12.43 12.43
2005-04-06 14.25 14.29 13.46 13.46
2005-05-27 11.79 11.84 11.53 11.53
2005-06-03 11.3 11.3 10.9 10.9
2005-06-08 12.68 12.71 11.59 11.59
2005-06-16 11.83 11.9 11.46 11.46
2005-07-20 11.08 11.15 11.01 11.01
2005-07-26 11.6 11.7 11.4 11.4
2005-07-29 11.87 12.03 11.86 11.86
2005-08-04 12.2 12.25 12.17 12.17
2005-08-05 12.43 12.61 12.0 12.0
2005-08-15 12.92 12.95 12.7 12.7
2005-08-23 12.33 12.37 12.2 12.2
2005-08-29 13.0 13.2 12.5 12.5
2005-09-07 14.23 14.4 13.8 13.8
2005-09-13 14.72 14.85 14.24 14.24
2005-10-11 14.75 14.82 14.51 14.51
2005-11-14 14.86 14.98 14.3 14.3
2005-11-21 14.69 14.7 14.51 14.51
2005-11-22 14.7 14.71 14.32 14.32
2005-11-28 14.48 14.49 14.21 14.21
2005-12-01 14.3 14.4 14.26 14.26
2005-12-13 14.11 14.2 14.01 14.01
2005-12-16 13.52 13.78 13.5 13.5
2005-12-22 14.4 14.45 13.88 13.88
2005-12-23 14.57 14.69 14.21 14.21
2006-01-04 15.57 15.65 15.04 15.04
2006-01-11 16.23 16.37 15.13 15.13
2006-02-22 15.5 15.82 15.34 15.34
2006-03-16 17.27 17.5 17.1 17.1
2006-03-24 17.75 17.84 17.21 17.21
2006-04-17 21.0 21.2 19.8 19.8
2006-06-12 24.87 24.88 23.5 23.5
2006-06-14 25.98 26.3 24.9 24.9
2006-06-22 27.1 27.5 26.5 26.5
2006-07-14 24.49 24.8 22.8 22.8
2006-07-25 24.78 24.82 23.5 23.5
2006-08-08 21.43 21.85 20.6 20.6
2006-08-10 21.07 21.2 20.8 20.8
2006-08-23 20.67 21.48 20.23 20.23
2006-08-30 21.88 22.0 21.5 21.5
2006-08-31 21.88 21.99 21.37 21.37
2006-09-05 21.63 21.98 21.35 21.35
2006-09-20 23.66 24.22 22.53 22.53
2006-09-21 25.03 25.06 23.63 23.63
2006-11-08 22.61 22.88 22.4 22.4
2007-01-09 23.19 23.66 22.78 22.78
2007-01-15 25.13 25.26 24.02 24.02
2007-01-18 28.38 29.05 27.01 27.01
2007-02-06 27.41 28.0 25.98 25.98
2007-03-13 26.9 27.16 26.76 26.76
2007-04-09 24.36 24.73 24.26 24.26
2007-05-16 29.96 29.98 28.11 28.11
2007-05-21 36.87 36.87 33.79 33.79
2007-07-23 26.86 27.01 25.8 25.8
2007-07-26 27.89 28.09 26.81 26.81
2007-08-14 27.58 27.88 26.89 26.89
2007-09-25 26.22 27.0 25.9 25.9
2007-10-16 24.8 24.98 24.16 24.16
2007-11-19 26.2 26.31 25.2 25.2
2007-11-27 25.73 26.0 25.01 25.01
2007-12-24 28.99 29.4 27.98 27.98
2008-01-02 33.6 34.0 31.5 31.5
2008-01-10 35.76 37.39 35.0 35.0
2008-02-14 32.58 32.8 32.11 32.11
2008-04-30 20.62 20.86 19.86 19.86
2008-05-09 24.04 24.48 22.34 22.34
2008-05-15 27.05 27.18 24.77 24.77
2008-05-27 24.2 24.88 23.7 23.7
2008-06-18 18.81 19.27 17.62 17.62
2008-06-25 20.0 20.18 18.89 18.89
2008-06-30 19.85 20.4 18.58 18.58
2008-07-02 19.74 19.95 19.01 19.01
2008-07-07 21.6 21.74 20.3 20.3
2008-08-19 19.28 19.3 18.16 18.16
2008-08-25 19.57 19.7 19.18 19.18
2008-09-25 16.78 17.3 16.5 16.5
2008-11-04 15.9 16.05 15.75 15.75
2008-11-05 16.57 16.7 15.82 15.82
2008-12-10 22.68 23.05 22.01 22.01
2008-12-16 22.53 22.55 21.78 21.78
2009-01-06 22.87 22.99 20.9 20.9
2009-01-22 22.0 22.06 21.39 21.39
2009-02-06 24.55 24.55 23.25 23.25
2009-02-19 23.81 23.82 22.86 22.86
2009-03-02 22.16 22.25 21.41 21.41
2009-03-04 22.92 23.15 21.88 21.88
2009-03-11 22.98 23.16 22.7 22.7
2009-03-17 23.07 23.3 22.04 22.04
2009-03-26 23.28 23.3 22.84 22.84
2009-03-27 24.02 24.5 23.26 23.26
2009-04-01 24.84 25.18 24.42 24.42
2009-04-13 25.05 25.3 24.15 24.15
2009-04-23 27.98 28.19 25.9 25.9
2009-04-24 29.07 30.78 27.98 27.98
2009-04-28 28.0 28.85 27.39 27.39
2009-04-30 29.72 30.7 28.66 28.66
2009-05-12 28.19 28.48 27.47 27.47
2009-05-19 34.31 34.31 31.36 31.36
2009-05-26 36.58 39.78 36.18 36.18
2009-07-07 34.99 36.2 34.0 34.0
2009-07-09 36.99 37.47 35.33 35.33
2009-07-10 37.98 40.03 36.66 36.66
2009-07-13 39.88 40.02 37.5 37.5
2009-07-20 37.98 38.45 37.04 37.04
2009-09-03 32.22 33.1 31.6 31.6
2009-09-29 37.89 38.55 36.2 36.2
2009-10-09 38.06 38.5 37.0 37.0
2009-11-03 42.24 42.53 40.8 40.8
2009-11-30 48.34 48.57 46.99 46.99
2009-12-16 46.17 46.4 45.68 45.68
2009-12-23 46.26 46.9 45.05 45.05
2010-01-08 46.72 46.81 45.51 45.51
2010-01-11 46.5 47.25 46.25 46.25
2010-01-27 52.88 53.14 49.0 49.0
2010-02-05 49.35 49.52 48.03 48.03
2010-02-08 49.8 50.32 49.05 49.05
2010-02-10 52.65 53.38 51.38 51.38
2010-03-05 57.35 57.69 56.05 56.05
2010-03-19 58.29 58.56 57.69 57.69
2010-05-28 46.65 48.0 45.79 45.79
2010-06-08 45.09 45.33 44.33 44.33
2010-07-21 40.27 40.5 38.71 38.71
2010-07-22 40.72 41.46 40.36 40.36
2010-07-26 41.25 41.47 40.29 40.29
2010-08-13 44.18 44.2 42.51 42.51
2010-08-17 45.79 46.36 45.01 45.01
2010-08-30 50.07 50.2 48.5 48.5
2010-09-02 52.54 53.8 50.76 50.76
2010-09-06 53.15 54.1 52.2 52.2
2010-09-08 56.79 57.5 52.6 52.6
2010-09-10 59.54 62.13 57.0 57.0
2010-09-13 62.95 64.1 59.38 59.38
2010-10-19 57.81 58.2 53.8 53.8
2010-11-24 71.72 72.61 65.0 65.0
2010-12-15 80.35 81.8 77.99 77.99
2010-12-29 71.56 71.7 69.99 69.99
2011-02-14 72.28 72.5 70.36 70.36
2011-03-09 72.14 72.36 69.98 69.98
2011-03-25 35.63 36.2 35.1 35.1
2011-04-20 37.57 38.37 35.03 35.03
2011-04-29 36.2 36.42 35.35 35.35
2011-05-19 35.65 36.05 35.47 35.47
2011-05-31 33.45 33.5 32.84 32.84
2011-06-03 33.32 33.39 32.8 32.8
2011-06-15 34.7 35.1 34.62 34.62
2011-06-30 36.3 36.78 36.09 36.09
2011-07-14 39.26 39.45 38.35 38.35
2011-07-22 37.57 38.03 37.41 37.41
2011-07-28 38.19 38.3 37.6 37.6
2011-08-04 39.0 39.68 38.5 38.5
2011-09-29 34.88 35.3 33.7 33.7
2011-10-24 31.58 31.65 30.61 30.61
2011-10-26 33.5 34.14 32.55 32.55
2011-11-14 37.16 37.31 36.7 36.7
2011-11-21 34.44 35.16 34.05 34.05
2011-11-23 35.2 35.85 34.63 34.63
2011-11-25 35.52 36.04 35.4 35.4
2011-12-06 35.06 35.5 34.14 34.14
2011-12-22 32.44 33.05 31.0 31.0
2011-12-30 31.2 31.82 30.87 30.87
2012-01-04 32.05 33.05 31.34 31.34
2012-02-06 31.49 31.97 30.9 30.9
2012-02-22 33.39 33.85 32.95 32.95
2012-05-15 21.17 21.22 20.6 20.6
2012-07-11 16.9 17.2 16.3 16.3
2012-09-05 15.37 15.48 15.01 15.01
2012-09-06 15.99 16.39 15.8 15.8
2012-09-07 16.98 17.17 16.2 16.2
2012-09-19 16.71 16.79 16.3 16.3
2012-09-20 16.75 17.03 16.5 16.5
2012-12-05 14.0 14.4 13.7 13.7
2013-01-08 16.43 16.5 15.46 15.46
2013-02-01 16.31 16.35 15.88 15.88
2013-02-06 17.27 17.32 16.5 16.5
2013-02-20 17.15 17.21 16.61 16.61
2013-03-05 16.35 16.41 15.98 15.98
2013-03-21 15.27 15.46 15.1 15.1
2013-04-10 15.8 16.18 15.2 15.2
2013-04-24 17.9 18.1 16.78 16.78
2013-04-26 18.22 18.63 17.9 17.9
2013-05-03 18.28 18.61 18.15 18.15
2013-05-15 20.05 20.13 19.2 19.2
2013-05-16 21.24 21.73 20.1 20.1
2013-05-20 23.51 24.3 22.2 22.2
2013-07-15 14.93 15.2 14.51 14.51
2013-08-01 14.68 14.7 13.65 13.65
2013-08-26 15.5 15.68 15.22 15.22
2013-08-27 15.89 16.1 15.51 15.51
2013-09-10 16.59 17.28 16.19 16.19
2013-11-27 13.6 13.66 13.21 13.21
2013-12-03 14.27 14.35 14.1 14.1
2013-12-04 14.68 14.85 14.31 14.31
2013-12-12 14.82 14.86 14.13 14.13
2014-01-07 15.5 15.86 14.9 14.9
2014-02-10 15.48 15.57 14.4 14.4
2014-02-17 16.01 16.18 15.12 15.12
2014-03-17 16.39 16.47 15.96 15.96
2014-04-24 14.14 14.23 14.02 14.02
2014-05-26 13.39 13.48 13.16 13.16
2014-07-21 14.49 14.76 14.2 14.2
2014-07-22 14.87 15.03 14.49 14.49
2014-08-11 14.65 14.66 14.48 14.48
2014-08-27 14.24 14.38 14.12 14.12
2014-11-17 15.69 15.99 15.58 15.58
2014-11-26 16.13 16.4 15.92 15.92
2014-12-10 16.85 16.88 15.93 15.93
2015-01-20 15.81 15.92 15.35 15.35
2015-02-13 15.46 15.72 15.29 15.29
2015-04-01 22.81 22.81 20.85 20.85
2015-04-22 24.45 25.18 23.2 23.2
2015-05-26 26.36 27.55 25.9 25.9
2015-07-08 12.89 13.85 12.74 12.74
2015-08-05 18.12 19.05 18.02 18.02
2015-09-21 15.24 15.28 14.1 14.1
2015-11-26 16.85 17.19 16.71 16.71
2016-01-18 14.07 14.5 13.35 13.35
2016-01-29 12.98 13.2 12.43 12.43
2016-03-18 13.57 13.72 13.23 13.23
2016-04-05 15.03 15.47 14.75 14.75
2016-06-20 13.41 13.45 13.18 13.18
2016-07-29 14.93 15.22 14.6 14.6
2016-09-02 15.93 16.18 15.36 15.36
2016-09-08 16.1 16.37 15.96 15.96
2016-09-19 15.9 15.96 15.58 15.58
2016-09-21 16.3 16.39 15.9 15.9
2016-09-30 16.32 16.37 15.82 15.82
2017-06-09 17.84 17.84 16.41 16.41
2017-08-09 16.86 16.95 16.59 16.59
2017-08-17 16.94 17.19 16.71 16.71
2017-09-08 16.43 16.63 16.3 16.3
