1997-06-13 13.34 13.4 11.5 11.5
1997-08-19 11.68 11.9 11.3 11.3
1997-09-04 12.46 12.61 12.2 12.2
1997-09-05 12.65 12.92 12.46 12.46
1997-09-18 11.98 12.01 11.85 11.85
1997-09-19 11.94 12.06 11.9 11.9
1997-10-07 11.06 11.28 10.8 10.8
1997-10-08 11.8 11.94 11.1 11.1
1997-10-15 12.65 12.76 12.1 12.1
1997-10-27 12.59 12.64 12.0 12.0
1997-11-07 14.1 14.14 13.55 13.55
1997-12-04 13.36 13.45 13.0 13.0
1997-12-18 14.04 14.11 13.8 13.8
1998-01-15 14.26 14.51 13.4 13.4
1998-02-24 13.44 13.75 13.4 13.4
1998-02-26 13.55 13.55 13.09 13.09
1998-03-13 14.24 14.3 14.1 14.1
1998-03-16 14.8 14.86 14.3 14.3
1998-03-24 15.25 15.35 14.75 14.75
1998-03-27 15.16 15.35 14.9 14.9
1998-04-15 15.72 15.84 15.62 15.62
1998-05-15 17.6 17.75 17.26 17.26
1998-05-22 17.95 18.2 17.6 17.6
1998-05-27 17.89 17.94 17.28 17.28
1998-06-23 17.9 18.1 17.52 17.52
1998-07-16 16.85 16.92 16.5 16.5
1998-08-03 15.55 15.79 15.25 15.25
1998-08-19 12.88 13.0 12.09 12.09
1998-08-28 12.73 12.83 12.68 12.68
1998-09-02 13.32 13.6 13.1 13.1
1998-09-03 13.36 13.5 13.2 13.2
1998-09-04 13.64 13.78 13.36 13.36
1998-09-30 14.84 14.95 14.65 14.65
1998-10-19 15.17 15.3 15.07 15.07
1998-10-22 14.51 14.57 14.1 14.1
1998-10-30 14.48 14.68 14.4 14.4
1998-12-01 14.93 15.05 14.9 14.9
1998-12-11 14.3 14.3 14.0 14.0
1998-12-22 14.03 14.05 13.42 13.42
1998-12-24 13.93 13.93 13.7 13.7
1999-01-14 13.79 13.9 13.6 13.6
1999-01-18 14.38 14.42 13.73 13.73
1999-02-03 13.18 13.28 13.05 13.05
1999-02-09 12.74 12.75 12.45 12.45
1999-03-03 12.88 13.0 12.4 12.4
1999-04-28 11.25 11.45 11.2 11.2
1999-05-06 11.79 11.87 11.53 11.53
1999-05-11 11.37 11.42 11.2 11.2
1999-05-20 11.88 11.94 11.44 11.44
1999-06-08 13.39 13.95 13.18 13.18
1999-06-16 13.8 13.82 13.3 13.3
1999-07-09 16.3 16.64 15.5 15.5
1999-07-23 15.52 15.77 15.2 15.2
1999-08-03 15.15 15.15 14.88 14.88
1999-08-11 14.63 14.7 14.58 14.58
1999-08-17 14.61 14.68 14.35 14.35
1999-09-08 14.5 14.62 14.4 14.4
1999-09-09 15.57 15.7 14.67 14.67
1999-09-28 13.68 13.89 13.4 13.4
1999-10-11 13.41 13.49 13.2 13.2
1999-10-12 13.63 13.63 13.41 13.41
1999-10-15 13.62 13.75 13.46 13.46
1999-10-20 13.1 13.1 12.8 12.8
1999-10-22 13.14 13.25 12.85 12.85
1999-11-01 13.25 13.36 13.14 13.14
1999-11-04 13.21 13.34 13.2 13.2
1999-11-05 13.27 13.38 13.15 13.15
1999-11-16 13.95 13.98 13.7 13.7
1999-12-01 14.2 14.28 14.12 14.12
1999-12-02 14.34 14.51 14.22 14.22
1999-12-03 14.42 14.48 14.35 14.35
1999-12-06 14.64 14.85 14.44 14.44
1999-12-10 14.63 14.63 14.38 14.38
1999-12-15 14.2 14.5 14.06 14.06
1999-12-27 13.73 13.8 13.5 13.5
2000-01-07 14.9 15.1 14.61 14.61
2000-01-14 15.3 15.46 15.08 15.08
2000-01-17 16.24 16.35 15.31 15.31
2000-02-16 17.36 17.5 16.33 16.33
2000-02-24 15.8 15.92 15.5 15.5
2000-04-20 20.2 20.3 19.0 19.0
2000-06-13 23.96 24.37 23.81 23.81
2000-06-15 26.28 26.3 24.7 24.7
2000-06-30 25.38 25.38 24.0 24.0
2000-07-21 28.8 28.98 28.0 28.0
2000-08-18 27.42 27.6 27.26 27.26
2000-09-05 27.98 28.68 27.4 27.4
2000-09-20 15.98 16.5 15.81 15.81
2001-02-05 15.58 15.88 15.5 15.5
2001-02-23 14.94 15.24 14.88 14.88
2001-03-02 15.08 15.25 14.95 14.95
2001-03-15 15.58 15.6 15.03 15.03
2001-04-06 15.51 15.6 15.48 15.48
2001-04-27 15.74 15.95 15.62 15.62
2001-04-30 15.83 15.98 15.78 15.78
2001-05-30 15.34 15.41 15.1 15.1
2001-07-09 15.0 15.06 14.75 14.75
2001-07-19 14.72 14.74 14.6 14.6
2001-08-01 13.6 13.78 13.05 13.05
2001-08-03 13.5 13.61 13.4 13.4
2001-08-15 13.8 13.9 13.63 13.63
2001-09-04 13.58 13.58 13.25 13.25
2001-09-11 13.44 13.68 13.33 13.33
2001-09-18 13.0 13.3 12.9 12.9
2001-10-08 12.1 12.48 12.08 12.08
2001-10-23 11.53 11.53 11.01 11.01
2001-10-29 11.75 11.81 11.67 11.67
2001-11-22 11.6 11.6 11.43 11.43
2001-11-30 11.81 11.85 11.7 11.7
2001-12-03 12.13 12.25 11.82 11.82
2001-12-06 12.09 12.2 12.0 12.0
2001-12-19 11.88 12.08 11.85 11.85
2001-12-28 11.7 11.75 11.6 11.6
2001-12-31 11.86 11.88 11.7 11.7
2002-01-14 10.53 10.85 10.5 10.5
2002-01-31 11.57 11.72 10.88 10.88
2002-02-07 11.65 11.66 11.3 11.3
2002-02-26 11.64 11.7 11.4 11.4
2002-03-14 12.31 12.37 11.7 11.7
2002-03-19 12.31 12.32 11.96 11.96
2002-04-08 12.27 12.4 12.18 12.18
2002-04-25 12.31 12.39 12.22 12.22
2002-06-04 10.8 10.89 10.5 10.5
2002-06-17 10.65 10.78 10.65 10.65
2002-06-20 10.72 10.81 10.7 10.7
2002-07-16 12.08 12.09 11.87 11.87
2002-07-19 12.04 12.1 11.97 11.97
2002-08-05 11.91 11.91 11.7 11.7
2002-08-07 12.19 12.28 11.98 11.98
2002-08-13 11.73 11.8 11.7 11.7
2002-08-14 11.79 11.86 11.7 11.7
2002-09-19 11.69 11.73 11.36 11.36
2002-10-15 11.08 11.08 11.03 11.03
2002-10-16 11.14 11.2 11.06 11.06
2002-10-21 11.23 11.26 11.11 11.11
2002-11-05 11.37 11.45 11.27 11.27
2002-11-08 11.06 11.44 10.88 10.88
2002-12-03 10.28 10.29 10.18 10.18
2002-12-05 10.21 10.3 10.17 10.17
2003-01-14 10.28 10.45 9.86 9.86
2003-01-23 10.25 10.4 10.11 10.11
2003-02-11 10.34 10.35 10.28 10.28
2003-02-18 10.64 10.75 10.48 10.48
2003-02-25 11.05 11.15 10.88 10.88
2003-03-11 10.56 10.58 10.5 10.5
2003-04-14 11.59 11.67 11.4 11.4
2003-05-14 10.59 10.62 10.25 10.25
2003-06-10 10.74 10.74 10.58 10.58
2003-06-24 10.7 10.75 10.6 10.6
2003-07-09 10.37 10.43 10.33 10.33
2003-07-16 10.72 10.77 10.68 10.68
2003-07-22 11.05 11.08 10.75 10.75
2003-07-28 11.49 11.56 11.14 11.14
2003-08-18 11.82 11.87 11.73 11.73
2003-08-20 12.41 12.96 11.95 11.95
2003-08-26 12.49 12.71 12.13 12.13
2003-09-01 12.56 12.68 12.29 12.29
2003-09-08 12.26 12.38 12.25 12.25
2003-09-16 12.16 12.16 12.0 12.0
2003-10-10 11.28 11.3 10.86 10.86
2003-10-14 11.18 11.19 11.06 11.06
2004-02-05 7.66 7.68 7.41 7.41
2004-02-09 7.84 7.94 7.55 7.55
2004-02-16 7.69 7.7 7.31 7.31
2004-02-19 7.98 8.04 7.75 7.75
2004-02-27 7.85 7.89 7.76 7.76
2004-03-10 7.4 7.41 7.12 7.12
2004-03-19 7.4 7.43 7.3 7.3
2004-05-12 6.85 6.85 6.61 6.61
2004-07-13 5.9 5.91 5.85 5.85
2004-07-21 6.21 6.25 6.18 6.18
2004-08-02 5.57 5.63 5.51 5.51
2004-08-05 5.72 5.97 5.67 5.67
2004-08-17 5.58 5.62 5.53 5.53
2004-09-08 4.99 5.02 4.93 4.93
2004-09-14 5.04 5.07 4.93 4.93
2004-10-19 4.99 5.05 4.96 4.96
2004-11-12 5.28 5.36 5.25 5.25
2004-11-15 5.34 5.38 5.29 5.29
2004-11-19 5.34 5.36 5.29 5.29
2004-11-22 5.39 5.42 5.35 5.35
2005-01-12 4.67 4.71 4.56 4.56
2005-01-26 4.6 4.67 4.48 4.48
2005-02-01 4.16 4.22 4.11 4.11
2005-02-21 4.53 4.53 4.44 4.44
2005-04-06 5.06 5.14 4.65 4.65
2005-06-08 4.34 4.36 3.99 3.99
2005-06-27 4.23 4.32 4.2 4.2
2005-07-14 3.47 3.51 3.43 3.43
2005-07-22 3.31 3.35 3.22 3.22
2005-08-02 3.55 3.56 3.41 3.41
2005-08-03 3.61 3.67 3.55 3.55
2005-08-08 3.97 4.05 3.85 3.85
2005-08-31 4.25 4.27 4.05 4.05
2005-10-17 4.25 4.27 4.15 4.15
2005-10-18 4.41 4.43 4.25 4.25
2005-10-21 4.44 4.44 4.31 4.31
2005-10-24 4.54 4.6 4.44 4.44
2005-11-18 4.3 4.32 4.11 4.11
2005-11-22 4.3 4.39 4.26 4.26
2005-11-23 4.35 4.38 4.29 4.29
2006-10-24 4.69 4.71 4.6 4.6
2006-11-09 4.7 4.77 4.62 4.62
2006-12-11 5.7 5.77 5.5 5.5
2006-12-14 5.79 5.82 5.49 5.49
2006-12-29 5.52 5.68 5.42 5.42
2007-01-11 7.03 7.15 6.53 6.53
2007-01-19 7.81 7.81 7.18 7.18
2007-01-22 8.15 8.36 7.95 7.95
2007-01-29 8.01 8.07 7.72 7.72
2007-02-05 8.13 8.13 7.51 7.51
2007-02-14 8.76 9.17 8.6 8.6
2007-03-22 10.86 11.28 10.52 10.52
2007-03-27 11.88 12.0 11.6 11.6
2007-03-30 11.33 11.49 11.1 11.1
2007-05-29 18.59 18.59 17.0 17.0
2007-06-27 14.49 14.87 14.37 14.37
2007-07-16 12.8 13.09 12.5 12.5
2007-07-23 14.65 15.0 13.82 13.82
2007-08-02 15.88 15.92 15.0 15.0
2007-08-30 17.58 17.79 16.73 16.73
2007-09-12 19.94 20.0 18.6 18.6
2007-10-31 20.13 20.2 19.2 19.2
2007-11-19 18.9 19.23 18.38 18.38
2007-11-23 18.04 18.1 17.05 17.05
2007-11-29 20.59 20.59 19.06 19.06
2007-12-03 21.06 21.5 20.08 20.08
2007-12-05 21.56 21.77 20.66 20.66
2007-12-21 22.91 23.3 22.17 22.17
2007-12-26 24.4 24.69 23.36 23.36
2008-01-10 26.13 26.45 24.57 24.57
2008-01-29 21.97 22.19 21.3 21.3
2008-02-04 22.91 23.0 21.61 21.61
2008-02-19 24.74 25.47 23.85 23.85
2008-02-29 24.14 24.37 23.5 23.5
2008-03-14 21.28 21.6 20.6 20.6
2008-04-30 21.59 21.69 20.92 20.92
2008-05-08 23.51 23.56 21.6 21.6
2008-05-19 13.19 13.39 12.7 12.7
2008-06-05 10.66 10.9 10.21 10.21
2008-06-06 10.91 11.08 10.66 10.66
2008-06-12 9.61 9.65 9.17 9.17
2008-07-02 7.18 7.37 7.09 7.09
2008-07-09 8.8 8.8 8.4 8.4
2008-09-10 5.77 5.9 5.6 5.6
2008-11-10 3.73 3.77 3.53 3.53
2008-12-29 4.1 4.18 4.03 4.03
2009-01-16 4.46 4.5 4.32 4.32
2009-01-19 4.59 4.68 4.5 4.5
2009-02-02 5.11 5.2 4.94 4.94
2009-02-06 5.27 5.32 5.04 5.04
2009-03-23 5.93 5.99 5.78 5.78
2009-04-16 6.33 6.53 6.27 6.27
2009-05-08 6.05 6.07 5.85 5.85
2009-07-15 6.85 7.05 6.59 6.59
2009-09-17 6.51 6.57 6.4 6.4
2009-11-12 7.69 7.85 7.25 7.25
2009-11-16 7.75 7.85 7.62 7.62
2009-12-16 7.77 7.85 7.61 7.61
2009-12-28 7.5 7.6 7.26 7.26
2010-01-05 7.66 7.75 7.38 7.38
2010-01-08 7.39 7.51 7.3 7.3
2010-01-15 7.72 7.81 7.6 7.6
2010-01-18 8.06 8.15 7.7 7.7
2010-02-12 6.42 6.43 6.31 6.31
2010-03-05 6.64 6.69 6.53 6.53
2010-03-26 6.53 6.7 6.33 6.33
2010-05-18 5.77 5.79 5.39 5.39
2010-06-09 5.57 5.57 5.4 5.4
2010-07-14 4.97 5.06 4.93 4.93
2010-07-20 5.39 5.43 5.24 5.24
2010-09-09 5.79 5.84 5.69 5.69
2010-11-11 6.2 6.35 6.18 6.18
2010-12-03 5.29 5.33 5.22 5.22
2011-01-12 5.39 5.44 5.16 5.16
2011-03-21 5.87 5.92 5.83 5.83
2011-04-01 5.77 5.77 5.68 5.68
2011-06-10 5.68 5.75 5.46 5.46
2011-06-27 2.94 2.97 2.91 2.91
2011-08-25 2.59 2.59 2.5 2.5
2011-09-09 2.48 2.55 2.46 2.46
2011-10-27 2.39 2.43 2.36 2.36
2011-11-14 2.41 2.41 2.38 2.38
2011-11-29 2.3 2.3 2.28 2.28
2012-01-17 2.09 2.13 1.97 1.97
2012-02-15 2.19 2.22 2.12 2.12
2012-02-27 2.29 2.33 2.27 2.27
2012-03-16 2.07 2.07 2.0 2.0
2012-04-16 1.93 1.94 1.9 1.9
2012-04-18 1.92 1.94 1.9 1.9
2012-05-04 1.72 1.73 1.66 1.66
2012-05-17 1.71 1.72 1.63 1.63
2012-06-05 1.68 1.7 1.65 1.65
2012-07-17 1.42 1.43 1.4 1.4
2012-07-26 1.39 1.4 1.38 1.38
2012-07-30 1.31 1.31 1.31 1.31
2012-07-31 1.24 1.24 1.24 1.24
2012-08-01 1.18 1.18 1.18 1.18
2012-08-02 1.21 1.24 1.12 1.12
2012-08-16 1.2 1.22 1.16 1.16
2012-08-23 1.33 1.33 1.29 1.29
2012-08-28 1.29 1.31 1.26 1.26
2012-09-12 1.32 1.34 1.28 1.28
2012-10-17 1.44 1.46 1.39 1.39
2012-10-31 1.44 1.47 1.36 1.36
2012-11-01 1.46 1.47 1.44 1.44
2012-11-05 1.51 1.54 1.49 1.49
2012-11-30 1.31 1.31 1.27 1.27
2012-12-21 1.34 1.35 1.32 1.32
2013-01-10 1.33 1.34 1.31 1.31
2013-01-21 1.4 1.42 1.36 1.36
2013-01-25 1.35 1.35 1.32 1.32
2013-02-04 1.37 1.4 1.35 1.35
2013-02-06 1.39 1.4 1.37 1.37
2013-02-22 1.4 1.41 1.39 1.39
2013-02-27 1.43 1.44 1.41 1.41
2013-02-28 1.5 1.5 1.43 1.43
2013-03-05 1.48 1.49 1.43 1.43
2013-03-25 1.62 1.62 1.59 1.59
2013-03-29 1.65 1.67 1.62 1.62
2013-04-09 1.58 1.6 1.54 1.54
2014-04-21 1.47 1.47 1.47 1.47
2014-04-22 1.32 1.32 1.32 1.32
2014-04-23 1.19 1.19 1.19 1.19
2014-04-24 1.07 1.07 1.07 1.07
2014-04-25 0.96 0.96 0.96 0.96
2014-04-28 0.86 0.86 0.86 0.86
2014-04-29 0.77 0.85 0.77 0.77
2014-05-09 0.73 0.76 0.71 0.71
2014-05-14 0.72 0.73 0.71 0.71
2014-05-26 0.76 0.78 0.71 0.71
2014-05-28 0.75 0.76 0.74 0.74
2014-05-29 0.8 0.82 0.75 0.75
