1996-06-11 8.35 8.77 8.3 8.3
1996-06-24 8.1 8.25 8.02 8.02
1996-07-02 7.88 8.19 7.79 7.79
1996-07-19 7.5 7.75 7.28 7.28
1996-08-08 7.75 7.95 6.46 6.46
1996-08-20 7.25 7.39 7.23 7.23
1996-08-22 8.0 8.36 7.88 7.88
1996-09-13 7.47 7.53 7.28 7.28
1996-09-19 7.42 7.45 7.25 7.25
1996-09-20 7.74 7.85 7.41 7.41
1996-09-26 8.79 8.87 8.36 8.36
1996-10-08 8.25 8.28 8.05 8.05
1996-10-10 8.25 8.45 8.17 8.17
1996-10-14 8.89 8.92 8.25 8.25
1996-10-28 11.09 11.19 10.28 10.28
1996-11-07 9.5 9.55 9.25 9.25
1996-11-11 9.55 9.6 9.4 9.4
1996-11-29 10.91 11.05 10.27 10.27
1996-12-09 14.7 14.95 14.2 14.2
1996-12-16 11.66 11.66 11.66 11.66
1996-12-17 10.49 11.08 10.49 10.49
1997-01-09 10.15 10.48 10.01 10.01
1997-01-10 10.9 10.95 10.25 10.25
1997-01-13 11.68 11.9 11.2 11.2
1997-02-19 11.46 11.5 11.0 11.0
1997-02-20 11.0 11.2 10.31 10.31
1997-03-21 12.82 12.92 12.33 12.33
1997-04-09 13.76 13.8 13.3 13.3
1997-04-14 13.74 13.95 13.4 13.4
1997-05-09 14.11 14.12 13.65 13.65
1997-05-12 14.48 14.65 14.18 14.18
1997-05-15 14.05 14.12 13.72 13.72
1997-05-22 11.61 12.18 11.61 11.61
1997-06-02 8.98 8.98 8.71 8.71
1997-06-20 8.25 8.28 7.9 7.9
1997-07-16 7.57 7.7 7.49 7.49
1997-07-18 8.4 8.4 7.54 7.54
1997-08-05 9.15 9.18 8.99 8.99
1997-08-19 6.8 6.8 6.79 6.79
1997-08-20 7.18 7.26 6.82 6.82
1997-08-27 7.19 7.19 7.01 7.01
1997-08-28 7.39 7.76 7.17 7.17
1997-09-03 7.7 7.84 7.4 7.4
1997-09-04 8.18 8.2 7.42 7.42
1997-09-16 7.83 7.83 7.66 7.66
1997-10-08 8.58 8.64 8.2 8.2
1997-11-14 8.14 8.14 7.06 7.06
1997-11-25 7.58 7.58 7.32 7.32
1997-11-26 7.6 7.63 7.42 7.42
1997-12-02 7.42 7.42 7.18 7.18
1997-12-08 7.4 7.4 7.2 7.2
1997-12-09 7.45 7.45 7.3 7.3
1997-12-18 7.9 7.92 7.71 7.71
1997-12-19 8.1 8.16 7.95 7.95
1997-12-29 8.18 8.45 7.58 7.58
1998-01-09 7.85 8.1 7.71 7.71
1998-02-12 8.11 8.25 7.99 7.99
1998-02-18 8.16 8.25 8.0 8.0
1998-03-10 7.28 7.38 7.25 7.25
1998-03-17 6.88 6.99 6.8 6.8
1998-03-19 6.95 7.12 6.85 6.85
1998-03-30 6.88 6.92 6.73 6.73
1998-04-01 6.97 7.11 6.88 6.88
1998-04-28 7.15 7.25 7.05 7.05
1998-06-10 7.49 7.49 7.15 7.15
1998-06-17 7.43 7.56 7.37 7.37
1998-06-18 7.5 7.53 7.15 7.15
1998-08-13 9.99 9.99 9.09 9.09
1998-08-26 10.7 10.8 10.1 10.1
1998-09-03 9.61 9.98 9.32 9.32
1998-09-28 10.95 11.1 10.42 10.42
1998-10-07 11.37 11.41 10.45 10.45
1998-10-19 11.98 12.24 11.7 11.7
1998-10-28 10.55 10.73 10.27 10.27
1998-12-21 8.45 8.45 8.15 8.15
1999-01-06 7.42 7.53 7.35 7.35
1999-01-08 7.94 7.99 7.55 7.55
1999-01-20 8.07 8.19 7.8 7.8
1999-01-21 8.37 8.37 8.01 8.01
1999-01-27 7.9 7.95 7.7 7.7
1999-02-09 7.57 7.61 7.41 7.41
1999-03-08 9.4 9.6 9.05 9.05
1999-03-19 8.98 8.98 8.58 8.58
1999-03-26 9.13 9.16 8.88 8.88
1999-04-14 8.48 8.48 8.28 8.28
1999-04-29 7.62 7.65 7.4 7.4
1999-05-05 7.77 7.83 7.6 7.6
1999-05-12 7.53 7.58 7.41 7.41
1999-05-18 7.15 7.38 7.15 7.15
1999-05-19 7.54 7.55 7.15 7.15
1999-06-11 8.79 9.0 8.55 8.55
1999-06-23 9.6 10.0 9.35 9.35
1999-07-14 8.0 8.28 7.88 7.88
1999-08-02 8.94 8.98 8.7 8.7
1999-08-23 9.36 9.38 9.08 9.08
1999-08-25 9.12 9.34 9.0 9.0
1999-09-08 9.35 9.46 9.22 9.22
1999-09-15 10.16 10.5 9.6 9.6
1999-09-17 10.35 10.49 10.1 10.1
1999-09-24 9.95 10.2 9.93 9.93
1999-10-08 9.13 9.46 9.11 9.11
1999-10-15 9.55 9.57 9.1 9.1
1999-11-22 9.88 9.91 9.65 9.65
2000-01-06 9.06 9.08 8.5 8.5
2000-01-24 9.59 9.59 8.85 8.85
2000-02-24 11.92 12.09 11.0 11.0
2000-02-25 11.95 12.34 11.8 11.8
2000-02-28 12.28 12.7 11.6 11.6
2000-03-08 14.18 14.23 12.9 12.9
2000-03-13 14.8 15.14 14.02 14.02
2000-03-21 14.4 14.68 13.8 13.8
2000-03-27 14.97 15.18 14.0 14.0
2000-03-30 16.5 16.5 15.21 15.21
2000-04-10 16.17 16.17 15.1 15.1
2000-05-25 15.55 15.85 15.08 15.08
2000-06-13 14.4 14.5 14.08 14.08
2000-06-15 14.52 14.62 14.1 14.1
2000-06-21 14.0 14.15 13.8 13.8
2000-07-04 14.27 14.28 13.56 13.56
2000-07-24 15.3 15.48 15.1 15.1
2000-09-07 15.0 15.15 14.88 14.88
2000-09-22 14.21 14.5 14.05 14.05
2000-09-28 14.21 14.21 14.21 14.21
2000-10-20 17.82 17.82 16.48 16.48
2000-10-27 19.3 19.35 18.73 18.73
2000-11-08 19.89 20.3 19.22 19.22
2000-11-30 19.89 20.0 18.61 18.61
2000-12-12 19.12 19.5 18.91 18.91
2000-12-13 19.79 20.05 19.12 19.12
2000-12-19 21.6 22.21 21.1 21.1
2000-12-22 21.79 22.4 21.26 21.26
2000-12-25 22.0 22.18 21.7 21.7
2001-01-04 21.68 21.8 21.3 21.3
2001-01-19 19.3 19.3 18.18 18.18
2001-02-28 17.76 17.95 17.3 17.3
2001-03-01 17.83 17.88 17.45 17.45
2001-03-14 19.0 19.05 18.32 18.32
2001-03-20 19.58 20.05 19.58 19.58
2001-04-11 19.64 19.7 19.28 19.28
2001-04-13 19.5 19.67 18.98 18.98
2001-04-24 20.49 20.5 19.9 19.9
2001-05-08 20.15 20.2 19.81 19.81
2001-05-29 19.36 19.48 19.14 19.14
2001-05-30 19.78 19.78 19.36 19.36
2001-06-06 20.88 21.18 20.55 20.55
2001-06-20 19.8 20.14 19.51 19.51
2001-07-12 19.65 19.65 19.2 19.2
2001-07-13 19.67 19.79 19.65 19.65
2001-07-16 19.45 19.69 19.39 19.39
2001-07-18 19.63 19.63 19.3 19.3
2001-07-20 19.88 20.0 19.6 19.6
2001-08-01 18.18 18.25 17.81 17.81
2001-08-08 17.75 18.1 16.19 16.19
2001-08-28 16.39 16.44 16.0 16.0
2001-08-30 16.45 16.5 16.1 16.1
2001-09-10 16.9 16.95 16.5 16.5
2001-09-12 16.93 16.94 16.2 16.2
2001-09-13 16.7 17.06 16.3 16.3
2001-10-30 15.79 15.89 15.54 15.54
2001-11-08 14.31 14.5 13.88 13.88
2001-11-15 14.1 14.11 14.02 14.02
2001-11-27 14.92 14.92 14.7 14.7
2001-11-28 15.16 15.3 14.82 14.82
2001-12-25 12.88 12.98 12.42 12.42
2002-01-08 12.97 13.08 12.9 12.9
2002-01-22 11.8 11.9 11.5 11.5
2002-01-29 11.74 11.98 11.5 11.5
2002-01-31 12.93 12.94 11.99 11.99
2002-02-05 12.76 12.98 12.7 12.7
2002-02-07 12.89 12.98 12.65 12.65
2002-03-05 13.67 13.85 13.41 13.41
2002-04-16 13.44 13.49 13.35 13.35
2002-04-26 13.62 13.84 13.05 13.05
2002-04-29 14.98 14.98 13.58 13.58
2002-05-21 13.77 13.85 13.45 13.45
2002-05-23 13.7 13.87 13.58 13.58
2002-05-28 13.42 13.58 13.33 13.33
2002-06-11 13.81 13.85 13.45 13.45
2002-06-17 13.59 13.75 12.98 12.98
2002-06-18 13.75 13.9 13.59 13.59
2002-06-20 13.99 14.88 13.8 13.8
2002-06-26 15.21 15.59 15.0 15.0
2002-07-02 14.59 14.8 14.53 14.53
2002-07-09 14.85 15.0 14.8 14.8
2002-07-22 14.8 14.9 14.61 14.61
2002-07-29 14.7 14.7 14.24 14.24
2002-07-31 14.8 14.88 14.52 14.52
2002-08-02 15.23 15.25 14.34 14.34
2002-09-02 17.57 17.8 17.0 17.0
2002-09-06 17.06 17.2 17.01 17.01
2002-09-10 16.59 16.78 16.5 16.5
2002-09-18 16.95 16.98 16.73 16.73
2002-09-24 16.82 16.98 16.72 16.72
2002-09-25 16.94 16.96 16.7 16.7
2002-10-09 16.8 16.89 16.45 16.45
2002-10-15 16.66 16.82 16.51 16.51
2002-10-24 16.97 17.1 16.91 16.91
2002-10-29 16.9 16.98 16.8 16.8
2002-10-30 17.15 17.4 16.8 16.8
2002-11-11 17.41 17.44 17.1 17.1
2002-11-13 17.08 17.1 16.7 16.7
2002-11-21 16.96 17.3 16.71 16.71
2002-12-06 18.24 18.32 18.06 18.06
2002-12-10 17.76 17.83 17.6 17.6
2002-12-19 18.65 18.7 18.3 18.3
2002-12-26 19.14 19.3 18.6 18.6
2003-01-13 19.09 19.1 18.56 18.56
2003-01-14 19.33 19.5 19.01 19.01
2003-01-22 19.1 19.6 18.98 18.98
2003-01-23 19.4 19.52 19.15 19.15
2003-01-27 19.54 19.58 19.13 19.13
2003-01-29 19.59 19.63 19.3 19.3
2003-02-20 19.62 19.75 19.55 19.55
2003-02-24 19.64 19.7 19.5 19.5
2003-02-25 20.25 20.25 19.58 19.58
2003-02-28 20.49 20.55 20.1 20.1
2003-03-18 20.83 20.99 20.5 20.5
2003-03-21 21.1 21.15 20.6 20.6
2003-03-31 21.34 21.34 20.9 20.9
2003-07-03 15.89 15.99 15.6 15.6
2003-07-22 14.03 14.03 13.74 13.74
2003-07-23 14.02 14.02 13.74 13.74
2003-08-01 13.95 13.96 13.93 13.93
2003-08-07 14.09 14.18 13.18 13.18
2003-08-08 13.98 13.98 13.71 13.71
2003-08-25 13.81 13.84 13.74 13.74
2003-09-24 14.14 14.18 13.81 13.81
2003-09-29 13.97 14.09 13.56 13.56
2003-10-08 14.2 14.2 13.7 13.7
2003-10-17 14.15 14.15 13.7 13.7
2003-10-20 14.15 14.2 13.8 13.8
2003-11-07 13.42 13.43 13.0 13.0
2003-11-11 13.36 13.38 13.3 13.3
2003-11-17 13.75 14.0 12.02 12.02
2003-11-19 13.49 13.62 13.05 13.05
2003-12-04 12.68 12.83 12.51 12.51
2003-12-08 12.88 12.88 12.88 12.88
2003-12-09 12.81 12.88 12.36 12.36
2003-12-12 12.71 12.73 11.6 11.6
2003-12-15 12.3 12.62 12.0 12.0
2004-01-09 12.34 12.38 11.99 11.99
2004-01-13 12.45 12.45 11.9 11.9
2004-01-29 12.4 12.52 12.23 12.23
2004-02-05 13.43 13.95 13.22 13.22
2004-04-01 11.31 11.34 11.07 11.07
2004-04-06 11.38 11.4 11.16 11.16
2004-04-08 12.62 12.62 11.5 11.5
2004-04-09 13.22 13.88 12.65 12.65
2004-04-29 9.45 9.5 8.8 8.8
2004-04-30 10.0 10.38 9.45 9.45
2004-05-11 9.85 9.92 9.63 9.63
2004-05-31 9.13 9.33 9.04 9.04
2004-07-09 7.63 7.79 7.51 7.51
2004-07-16 7.46 7.61 7.3 7.3
2004-07-20 8.12 8.12 7.41 7.41
2004-08-03 7.2 7.29 7.1 7.1
2004-08-06 7.46 7.49 7.3 7.3
2004-08-27 5.81 5.81 5.3 5.3
2004-09-08 6.08 6.29 6.07 6.07
2004-10-11 6.19 6.39 6.0 6.0
2004-11-01 6.25 6.25 5.71 5.71
2004-11-12 6.41 6.42 6.25 6.25
2004-11-26 6.34 6.37 6.24 6.24
2004-12-03 6.19 6.22 6.05 6.05
2004-12-15 5.8 6.08 5.69 5.69
2004-12-21 5.43 5.6 5.33 5.33
2005-02-02 4.57 4.63 4.32 4.32
2005-02-22 4.78 4.79 4.6 4.6
2005-03-24 6.57 6.68 6.35 6.35
2005-04-12 6.18 6.37 6.11 6.11
2005-05-12 4.15 4.15 3.76 3.76
2005-05-17 4.56 4.63 4.25 4.25
2005-05-27 4.71 4.92 4.55 4.55
2005-05-30 4.79 4.84 4.66 4.66
2005-06-02 4.65 4.73 4.5 4.5
2005-06-27 4.69 4.73 4.56 4.56
2005-07-11 3.75 3.88 3.73 3.73
2005-07-19 3.36 3.43 3.3 3.3
2005-07-25 3.56 3.66 3.52 3.52
2005-07-26 3.68 3.8 3.5 3.5
2005-08-01 4.03 4.03 3.67 3.67
2005-08-03 4.59 4.83 4.46 4.46
2005-08-05 4.59 4.6 4.48 4.48
2005-09-13 5.77 5.9 5.64 5.64
2005-09-20 5.81 5.93 5.6 5.6
2005-10-19 4.94 5.09 4.89 4.89
2005-10-27 4.22 4.35 4.1 4.1
2005-11-02 4.58 4.58 4.21 4.21
2005-11-14 4.32 4.41 4.21 4.21
2005-11-18 4.56 4.68 4.36 4.36
2005-11-24 4.5 4.58 4.48 4.48
2005-12-06 4.61 4.65 4.3 4.3
2005-12-21 4.44 4.55 4.38 4.38
2005-12-23 4.47 4.47 4.39 4.39
2005-12-28 4.72 4.84 4.6 4.6
2005-12-30 4.77 4.96 4.75 4.75
2006-01-09 5.46 5.58 5.2 5.2
2006-02-14 5.49 5.55 5.4 5.4
2006-03-15 5.16 5.18 5.01 5.01
2006-03-20 5.17 5.2 5.02 5.02
2006-04-18 5.92 6.02 5.64 5.64
2006-04-20 6.67 6.67 6.05 6.05
2006-05-12 6.29 6.4 6.1 6.1
2006-05-15 6.92 6.92 6.38 6.38
2006-06-13 6.54 6.56 6.3 6.3
2006-06-26 6.45 6.51 6.31 6.31
2006-06-30 6.67 6.85 6.61 6.61
2006-07-04 7.2 7.36 6.8 6.8
2006-08-02 6.88 6.91 6.7 6.7
2006-08-07 6.49 6.6 6.26 6.26
2006-10-11 6.0 6.1 5.72 5.72
2006-10-20 6.08 6.21 5.88 5.88
2006-10-24 5.88 6.09 5.78 5.78
2007-01-15 5.11 5.13 4.8 4.8
2007-01-18 5.74 5.74 5.32 5.32
2007-02-26 8.05 8.21 7.51 7.51
2007-03-27 9.39 9.39 9.39 9.39
2007-03-28 9.25 9.74 8.96 8.96
2007-04-02 8.82 8.82 8.44 8.44
2007-04-16 9.48 9.8 9.3 9.3
2007-04-20 10.7 10.7 9.92 9.92
2007-05-10 10.87 10.87 10.43 10.43
2007-05-22 13.45 13.45 13.3 13.3
2007-05-30 11.78 12.25 11.78 11.78
2007-05-31 11.19 11.3 11.19 11.19
2007-06-01 10.63 11.1 10.63 10.63
2007-06-04 10.1 10.1 10.1 10.1
2007-06-05 9.6 9.6 9.6 9.6
2007-06-06 9.12 9.95 9.12 9.12
2007-06-18 8.87 8.94 8.55 8.55
2007-06-27 10.1 10.4 9.73 9.73
2007-07-03 10.67 10.67 10.2 10.2
2007-07-06 10.0 10.3 9.71 9.71
2007-07-16 8.91 9.15 8.6 8.6
2007-07-17 8.91 9.04 8.5 8.5
2007-07-31 10.25 10.33 9.71 9.71
2007-08-09 10.15 10.15 9.68 9.68
2007-09-14 12.59 12.59 12.59 12.59
2007-09-24 13.68 13.68 13.07 13.07
2007-09-28 13.09 13.65 12.6 12.6
2007-10-09 11.82 11.83 11.82 11.82
2007-10-10 11.89 12.35 11.23 11.23
2007-10-16 10.61 10.86 9.95 9.95
2007-10-24 9.24 9.62 9.15 9.15
2007-10-29 8.15 8.32 8.01 8.01
2007-11-05 8.25 8.25 7.6 7.6
2007-12-27 9.46 9.46 9.46 9.46
2007-12-28 9.93 9.93 9.93 9.93
2008-01-02 10.43 10.43 10.43 10.43
2008-01-09 13.31 13.31 13.31 13.31
2008-01-10 13.98 13.98 13.98 13.98
2008-01-11 14.68 14.68 14.68 14.68
2008-01-21 14.8 14.8 14.8 14.8
2008-01-22 14.06 14.06 14.06 14.06
2008-01-23 13.36 13.36 13.36 13.36
2008-01-29 12.08 12.48 12.08 12.08
2008-02-04 11.05 11.05 10.65 10.65
2008-02-05 11.6 11.6 11.6 11.6
2008-02-18 13.6 13.62 12.81 12.81
2008-03-18 10.36 10.36 10.36 10.36
2008-03-19 9.84 10.36 9.84 9.84
2008-03-28 9.29 9.43 8.94 8.94
2008-04-07 8.4 8.4 8.11 8.11
2008-04-17 8.41 8.41 8.41 8.41
2008-05-15 8.56 8.8 8.5 8.5
2008-05-21 8.52 8.66 8.24 8.24
2008-05-27 8.28 8.28 7.8 7.8
2008-06-11 7.57 7.75 7.44 7.44
2008-06-16 6.55 6.8 6.55 6.55
2008-06-20 5.57 5.9 5.57 5.57
2008-06-24 5.18 5.28 5.03 5.03
2008-07-14 6.77 6.77 6.3 6.3
2008-07-16 6.54 6.54 6.54 6.54
2008-07-17 6.21 6.45 6.21 6.21
2008-07-21 6.34 6.46 6.12 6.12
2008-07-22 6.4 6.59 6.31 6.31
2008-08-19 5.27 5.29 4.79 4.79
2008-09-12 3.72 3.72 3.72 3.72
2008-09-16 3.64 3.68 3.53 3.53
2008-09-19 3.52 3.52 3.52 3.52
2008-09-26 3.98 3.98 3.71 3.71
2008-11-12 4.15 4.15 4.15 4.15
2008-11-13 4.13 4.21 3.94 3.94
2008-12-26 4.03 4.03 3.8 3.8
2008-12-30 4.05 4.17 3.95 3.95
2009-01-06 4.24 4.26 4.1 4.1
2009-02-03 4.56 4.69 4.45 4.45
2009-02-04 4.65 4.74 4.55 4.55
2009-02-13 5.44 5.53 5.27 5.27
2009-02-19 5.06 5.15 4.88 4.88
2009-03-10 4.95 4.95 4.6 4.6
2009-04-10 6.61 6.61 6.32 6.32
2009-04-29 6.15 6.29 6.05 6.05
2009-05-04 6.52 6.52 6.21 6.21
2009-07-20 10.55 10.55 10.55 10.55
2009-07-21 11.08 11.08 11.08 11.08
2009-07-28 13.97 13.97 13.38 13.38
2009-08-26 10.85 11.16 10.76 10.76
2009-09-01 9.91 10.17 9.91 9.91
2009-09-22 10.96 11.38 10.73 10.73
2009-10-12 10.57 10.57 10.57 10.57
2009-10-15 11.15 11.15 10.53 10.53
2009-11-16 12.0 12.1 11.68 11.68
2009-11-18 12.25 12.39 11.79 11.79
2009-12-21 10.44 10.54 10.22 10.22
2009-12-28 10.97 11.0 10.71 10.71
2010-01-28 10.37 10.47 10.26 10.26
2010-01-29 10.37 10.71 10.28 10.28
2010-02-08 10.65 10.72 10.52 10.52
2010-02-11 10.88 10.9 10.74 10.74
2010-02-26 11.05 11.11 10.8 10.8
2010-03-03 11.48 11.5 11.35 11.35
2010-03-05 11.11 11.23 11.0 11.0
2010-04-06 12.0 12.1 11.83 11.83
2010-04-09 12.3 12.34 11.84 11.84
2010-05-24 8.57 8.57 8.18 8.18
2010-05-25 8.65 8.96 8.5 8.5
2010-06-22 8.36 8.4 8.17 8.17
2010-07-06 7.25 7.36 7.02 7.02
2010-07-16 7.48 7.5 7.31 7.31
2010-08-16 9.63 9.73 9.35 9.35
2010-08-26 9.54 9.68 9.4 9.4
2010-10-08 11.54 11.54 11.15 11.15
2010-11-01 13.32 13.32 12.99 12.99
2010-11-02 13.99 13.99 13.99 13.99
2011-01-26 10.24 10.29 10.01 10.01
2011-03-11 12.39 12.65 12.18 12.18
2011-03-14 12.88 13.0 12.37 12.37
2011-04-01 13.61 13.67 12.95 12.95
2011-04-27 13.68 13.88 13.39 13.39
2011-04-29 15.05 15.05 14.28 14.28
2011-05-10 15.14 15.14 13.76 13.76
2011-08-05 22.25 23.47 21.63 21.63
2011-08-12 21.74 22.8 21.58 21.58
2011-09-07 18.72 18.84 18.11 18.11
2011-10-20 16.19 16.19 14.85 14.85
2011-10-24 16.91 16.91 15.55 15.55
2011-12-14 15.21 16.1 14.8 14.8
2011-12-16 15.47 15.49 14.73 14.73
2011-12-20 15.86 16.35 15.31 15.31
2011-12-30 15.04 15.23 14.65 14.65
2012-03-02 17.57 17.88 17.33 17.33
2012-04-05 15.16 15.16 14.68 14.68
2012-04-17 15.6 15.89 15.54 15.54
2012-04-18 15.99 16.03 15.5 15.5
2012-05-17 14.97 15.05 14.72 14.72
2012-05-21 14.84 14.94 14.58 14.58
2012-05-24 14.67 14.8 14.51 14.51
2012-07-24 12.79 13.19 12.5 12.5
2012-09-28 12.55 12.68 12.26 12.26
2012-10-18 12.48 12.53 12.28 12.28
2012-11-05 11.79 11.89 11.32 11.32
2012-11-22 11.01 11.07 10.66 10.66
2012-11-30 9.51 9.53 9.21 9.21
2012-12-04 9.75 9.8 9.22 9.22
2012-12-19 10.73 10.92 10.55 10.55
2012-12-21 11.32 11.91 11.02 11.02
2013-01-16 11.51 11.96 11.4 11.4
2013-01-29 11.14 11.21 11.0 11.0
2013-02-27 10.62 10.72 10.5 10.5
2013-03-20 10.0 10.03 9.71 9.71
2013-04-19 9.42 9.47 9.16 9.16
2013-05-15 9.73 9.78 9.56 9.56
2013-07-23 8.26 8.6 7.82 7.82
2013-07-30 7.85 7.98 7.7 7.7
2013-09-23 8.42 8.43 8.31 8.31
2013-09-27 8.02 8.15 7.86 7.86
2013-10-15 8.39 8.39 8.25 8.25
2013-11-27 7.95 7.96 7.79 7.79
2013-11-28 8.16 8.19 7.97 7.97
2014-01-29 7.95 7.98 7.76 7.76
2014-02-27 8.63 8.81 8.0 8.0
2014-03-31 8.77 8.86 8.62 8.62
2014-04-29 7.94 8.03 7.75 7.75
2014-06-11 8.1 8.1 7.97 7.97
2014-07-29 8.66 8.66 8.66 8.66
2014-07-30 9.53 9.53 9.53 9.53
2014-07-31 10.48 10.48 10.48 10.48
2014-08-01 11.11 11.5 10.7 10.7
2014-09-05 10.1 10.18 10.01 10.01
2014-09-17 10.23 10.25 9.84 9.84
2015-03-18 12.34 12.34 12.34 12.34
2015-03-19 13.57 13.57 13.57 13.57
2015-07-08 8.83 8.83 8.83 8.83
2015-07-10 9.71 9.71 9.71 9.71
2015-08-04 10.74 10.74 9.93 9.93
2015-08-07 10.98 11.05 10.53 10.53
2015-08-28 12.01 12.6 11.47 11.47
2015-09-01 9.73 9.8 9.73 9.73
2015-09-02 8.76 9.72 8.76 8.76
2015-09-16 7.43 7.43 6.75 6.75
2015-09-24 8.18 8.33 8.05 8.05
2015-10-22 10.04 10.24 9.41 9.41
2015-11-04 10.09 10.1 9.59 9.59
2015-11-26 12.27 12.73 11.76 11.76
2016-05-05 12.44 12.48 12.25 12.25
2016-05-10 10.63 10.73 10.21 10.21
2016-05-31 10.74 10.75 9.99 9.99
2016-06-15 10.29 10.35 9.65 9.65
2016-08-08 13.21 13.24 12.41 12.41
2016-08-16 13.3 13.61 13.18 13.18
2016-08-17 13.83 14.13 13.21 13.21
2016-08-30 13.49 13.52 13.03 13.03
2016-09-19 12.99 13.19 12.89 12.89
2016-09-20 13.05 13.19 13.0 13.0
2016-10-25 16.6 16.6 16.36 16.36
2016-10-31 15.91 16.1 15.71 15.71
2016-11-04 19.83 19.83 18.29 18.29
2016-12-16 15.37 15.7 14.74 14.74
2016-12-21 15.67 16.17 15.29 15.29
2017-01-03 15.43 15.72 15.38 15.38
2017-01-05 16.0 16.5 15.51 15.51
2017-02-16 16.39 16.39 14.84 14.84
2017-03-16 14.51 14.6 14.4 14.4
2017-03-20 14.75 14.78 14.55 14.55
2017-03-27 14.27 14.36 14.04 14.04
2017-04-05 14.48 14.63 14.02 14.02
2017-05-12 11.65 11.9 11.4 11.4
2017-06-05 10.67 10.79 10.56 10.56
2017-07-19 12.8 12.8 11.46 11.46
2017-07-31 13.28 13.34 12.79 12.79
2017-08-25 12.38 12.51 12.19 12.19
