1997-05-27 10.59 10.77 10.3 10.3
1997-09-19 6.3 6.41 6.22 6.22
1997-10-08 6.03 6.08 5.88 5.88
1997-10-09 5.9 6.05 5.82 5.82
1997-10-10 6.13 6.16 5.88 5.88
1997-10-16 6.0 6.1 5.95 5.95
1997-11-25 5.88 5.88 5.78 5.78
1997-12-02 5.66 5.74 5.64 5.64
1997-12-10 5.62 5.71 5.55 5.55
1998-01-16 6.28 6.46 6.15 6.15
1998-01-19 6.44 6.55 6.3 6.3
1998-03-26 7.1 7.24 6.65 6.65
1998-05-13 11.99 11.99 11.0 11.0
1998-05-18 11.97 12.2 11.5 11.5
1998-08-11 10.05 10.27 9.58 9.58
1998-09-01 8.45 8.7 8.25 8.25
1998-09-02 8.9 8.95 8.45 8.45
1998-11-19 9.66 9.83 9.45 9.45
1999-01-14 7.4 7.4 7.27 7.27
1999-01-20 7.5 7.58 7.12 7.12
1999-03-02 7.31 7.35 7.0 7.0
1999-03-03 7.7 7.71 7.24 7.24
1999-03-11 7.93 8.05 7.69 7.69
1999-04-14 8.7 8.7 7.95 7.95
1999-09-14 12.55 12.7 12.0 12.0
1999-09-15 13.17 13.35 12.5 12.5
1999-10-12 13.01 13.1 12.6 12.6
1999-10-14 13.0 13.25 12.88 12.88
1999-10-20 11.0 11.15 10.51 10.51
1999-11-18 13.7 13.7 13.0 13.0
1999-12-28 10.48 10.79 10.02 10.02
2000-01-04 11.03 11.1 10.49 10.49
2000-01-26 11.69 11.8 11.33 11.33
2000-02-14 11.96 12.0 11.2 11.2
2000-05-17 12.54 13.4 12.08 12.08
2000-11-28 16.08 16.2 15.5 15.5
2000-12-29 15.69 15.78 15.4 15.4
2001-02-13 14.4 14.42 13.93 13.93
2001-02-14 14.79 14.85 14.43 14.43
2001-02-19 15.06 15.1 14.72 14.72
2001-02-26 15.29 15.3 14.3 14.3
2001-03-02 15.45 15.55 15.3 15.3
2001-03-05 15.74 15.8 15.4 15.4
2001-03-09 16.08 16.18 15.69 15.69
2001-08-08 16.46 16.58 15.9 15.9
2001-10-09 14.65 14.7 14.3 14.3
2001-11-19 12.75 12.78 12.4 12.4
2001-11-30 14.46 14.8 14.24 14.24
2002-01-14 12.42 12.7 12.31 12.31
2002-01-17 12.4 12.79 12.0 12.0
2002-02-08 13.65 13.86 13.6 13.6
2002-02-27 14.02 14.15 13.72 13.72
2002-03-06 13.7 13.95 13.65 13.65
2002-03-07 13.91 14.08 13.6 13.6
2002-03-27 14.5 14.55 14.05 14.05
2002-04-12 13.38 13.59 13.0 13.0
2002-04-26 13.4 13.44 13.2 13.2
2002-05-09 13.7 13.73 13.56 13.56
2002-05-14 13.27 13.4 13.2 13.2
2002-06-11 12.37 12.4 12.14 12.14
2002-06-21 12.4 12.42 12.0 12.0
2002-08-02 12.39 12.4 12.23 12.23
2002-08-05 12.42 12.46 12.28 12.28
2002-08-06 12.45 12.5 12.3 12.3
2002-08-16 12.24 12.27 12.08 12.08
2002-08-22 12.45 12.58 12.28 12.28
2002-08-28 12.56 12.73 12.44 12.44
2002-12-04 8.64 8.77 8.51 8.51
2004-04-30 6.7 6.89 6.68 6.68
2004-06-21 6.3 6.3 6.16 6.16
2004-06-24 6.2 6.3 6.17 6.17
2004-07-01 6.1 6.16 5.88 5.88
2004-07-09 6.18 6.28 6.18 6.18
2004-07-15 6.09 6.18 6.01 6.01
2004-07-16 6.3 6.35 6.12 6.12
2004-08-03 6.24 6.26 6.1 6.1
2004-09-08 5.73 5.75 5.65 5.65
2004-09-16 6.0 6.07 5.81 5.81
2004-09-23 6.22 6.23 6.06 6.06
2004-10-20 6.01 6.03 5.65 5.65
2004-11-10 5.78 5.8 5.57 5.57
2004-11-30 6.09 6.09 5.94 5.94
2005-02-01 4.89 5.11 4.7 4.7
2005-04-13 4.88 4.95 4.78 4.78
2005-05-30 4.05 4.06 3.96 3.96
2005-06-07 3.97 4.02 3.86 3.86
2005-06-08 4.37 4.37 4.37 4.37
2005-07-29 3.74 3.77 3.66 3.66
2005-09-01 4.35 4.43 4.25 4.25
2005-09-07 4.48 4.53 4.3 4.3
2005-09-23 4.23 4.3 4.21 4.21
2005-09-29 4.33 4.33 4.24 4.24
2005-09-30 4.38 4.4 4.27 4.27
2005-11-23 4.27 4.3 4.23 4.23
2005-11-30 4.41 4.46 4.18 4.18
2006-01-18 4.49 4.5 4.38 4.38
2006-03-08 4.54 4.55 4.36 4.36
2006-04-03 5.58 5.65 5.45 5.45
2006-04-24 5.65 5.72 5.55 5.55
2006-04-28 5.7 5.77 5.21 5.21
2006-05-09 6.02 6.28 5.77 5.77
2006-05-12 6.29 6.35 6.1 6.1
2006-07-10 6.55 6.67 6.11 6.11
2006-07-14 7.05 7.15 6.8 6.8
2006-07-20 7.7 7.75 7.5 7.5
2007-02-05 5.2 5.29 5.09 5.09
2007-02-16 6.01 6.24 5.95 5.95
2007-02-28 6.08 6.1 5.6 5.6
2007-04-20 8.8 8.91 8.32 8.32
2007-04-25 9.77 10.2 9.42 9.42
2007-05-18 12.89 13.26 12.62 12.62
2007-06-07 9.36 9.37 8.88 8.88
2007-08-09 9.72 9.95 9.55 9.55
2007-11-13 9.53 9.53 8.7 8.7
2007-11-20 10.89 11.5 10.5 10.5
2007-12-21 10.74 10.98 10.41 10.41
2008-01-15 11.59 11.75 11.34 11.34
2008-02-01 10.99 10.99 10.99 10.99
2008-02-04 10.72 11.25 10.44 10.44
2008-02-13 9.67 9.84 9.67 9.67
2008-02-14 9.47 9.72 9.3 9.3
2008-05-14 8.14 8.3 7.88 7.88
2008-05-15 8.15 8.25 8.0 8.0
2008-05-19 7.97 8.01 7.81 7.81
2008-06-05 7.68 7.75 7.59 7.59
2008-08-04 6.56 6.75 6.41 6.41
2008-09-12 3.78 3.91 3.78 3.78
2008-09-19 3.5 3.5 3.5 3.5
2008-10-17 3.13 3.25 3.09 3.09
2008-11-05 2.74 2.79 2.7 2.7
2008-12-01 3.2 3.2 3.08 3.08
2008-12-03 3.39 3.41 3.26 3.26
2008-12-08 3.73 3.73 3.52 3.52
2008-12-10 3.85 3.85 3.63 3.63
2009-01-05 3.68 3.69 3.59 3.59
2009-01-21 3.94 3.98 3.9 3.9
2009-01-22 4.03 4.1 3.91 3.91
2009-02-02 4.33 4.42 4.21 4.21
2009-03-06 5.0 5.03 4.83 4.83
2009-03-11 5.14 5.27 5.05 5.05
2009-03-25 5.59 5.67 5.39 5.39
2009-05-04 6.02 6.09 5.86 5.86
2009-05-06 6.09 6.14 6.03 6.03
2009-07-06 8.25 8.25 7.8 7.8
2009-07-07 8.22 8.4 8.13 8.13
2009-10-12 7.16 7.24 7.12 7.12
2009-10-19 7.51 7.62 7.25 7.25
2009-11-03 7.76 7.76 7.49 7.49
2009-11-05 7.82 7.83 7.68 7.68
2009-12-02 11.26 11.27 10.6 10.6
2009-12-03 11.8 11.82 11.4 11.4
2009-12-04 12.39 12.39 11.8 11.8
2009-12-21 11.9 11.91 11.12 11.12
2010-01-04 11.46 11.55 11.34 11.34
2010-01-06 11.51 11.75 11.26 11.26
2010-02-08 10.61 10.66 10.44 10.44
2010-02-11 10.48 10.7 10.44 10.44
2010-06-23 9.16 9.23 9.07 9.07
2010-07-16 8.23 8.25 7.58 7.58
2010-07-30 8.59 8.78 8.5 8.5
2010-08-18 9.27 9.33 9.2 9.2
2010-08-25 10.43 10.53 10.1 10.1
2010-08-30 10.73 10.77 10.38 10.38
2010-09-02 10.2 10.28 10.09 10.09
2010-09-03 10.25 10.27 10.0 10.0
2010-09-08 10.75 10.84 10.5 10.5
2010-09-15 10.56 10.65 10.33 10.33
2010-09-20 10.92 11.03 10.53 10.53
2010-09-27 11.44 11.5 10.98 10.98
2010-11-01 10.74 10.9 10.7 10.7
2010-12-27 10.58 11.0 10.36 10.36
2010-12-30 10.75 10.79 10.55 10.55
2011-03-07 10.48 10.53 10.38 10.38
2011-03-08 10.53 10.57 10.42 10.42
2011-07-19 13.1 13.32 12.69 12.69
2011-07-20 13.73 13.75 13.04 13.04
2011-07-21 14.42 14.42 13.66 13.66
2011-08-23 15.93 16.25 15.34 15.34
2011-08-29 15.58 15.92 15.56 15.56
2011-09-01 15.02 15.49 14.63 14.63
2011-09-07 14.89 15.68 14.89 14.89
2011-09-08 14.89 15.17 14.51 14.51
2011-09-09 15.0 15.5 14.81 14.81
2011-09-27 14.11 14.45 14.05 14.05
2011-10-10 13.35 13.64 13.01 13.01
2011-10-12 13.6 13.62 13.2 13.2
2011-10-14 14.21 14.29 13.93 13.93
2011-12-14 13.27 13.45 13.06 13.06
2012-01-06 13.31 13.31 13.31 13.31
2012-01-09 12.9 12.94 12.64 12.64
2012-01-17 12.45 12.47 12.25 12.25
2012-02-01 11.93 12.07 11.69 11.69
2012-02-02 11.96 11.99 11.77 11.77
2012-02-06 12.47 12.69 12.0 12.0
2012-02-14 12.69 12.85 12.39 12.39
2012-03-02 12.68 12.69 12.4 12.4
2012-03-22 10.89 10.89 9.85 9.85
2012-05-02 8.93 9.05 8.93 8.93
2012-05-10 9.29 9.46 9.22 9.22
2012-07-25 8.75 8.76 8.69 8.69
2012-07-27 8.88 9.08 8.73 8.73
2012-07-30 8.44 8.44 8.44 8.44
2012-07-31 8.02 8.02 8.02 8.02
2012-08-01 7.62 7.86 7.62 7.62
2012-08-07 7.64 7.76 7.55 7.55
2012-09-07 8.29 8.35 8.09 8.09
2012-09-13 8.29 8.43 8.25 8.25
2012-09-27 8.44 8.48 8.27 8.27
2012-09-28 8.66 8.78 8.41 8.41
2012-11-15 8.57 8.73 8.53 8.53
2012-11-22 9.07 9.11 8.63 8.63
2012-11-30 8.25 8.26 8.03 8.03
2012-12-05 8.3 8.31 8.09 8.09
2012-12-07 8.41 8.46 8.19 8.19
2013-01-08 8.76 8.8 8.54 8.54
2013-01-16 9.2 9.35 9.01 9.01
2013-01-17 9.33 9.44 9.16 9.16
2013-02-26 10.65 10.82 10.31 10.31
2013-02-27 10.82 10.97 10.61 10.61
2013-04-01 10.92 11.08 10.92 10.92
2013-05-08 9.99 10.06 9.88 9.88
2013-05-23 10.34 10.58 10.16 10.16
2013-05-28 10.44 10.45 10.26 10.26
2013-05-30 10.6 10.69 10.53 10.53
2013-06-07 9.92 10.08 9.85 9.85
2013-11-13 10.79 10.86 10.65 10.65
2013-11-18 10.88 10.94 10.75 10.75
2014-01-21 9.24 9.29 9.18 9.18
2014-01-24 9.47 9.54 9.38 9.38
2014-04-09 10.05 10.07 9.86 9.86
2014-04-15 10.48 10.55 10.2 10.2
2014-05-30 9.66 9.66 9.66 9.66
2014-07-03 9.97 10.02 9.5 9.5
2014-07-08 10.1 10.1 9.69 9.69
2014-08-15 11.1 11.2 10.94 10.94
2014-08-18 11.26 11.32 11.11 11.11
2014-08-19 11.54 11.64 11.02 11.02
2014-09-04 13.29 13.44 12.81 12.81
2014-09-10 13.61 13.89 13.12 13.12
2014-09-11 13.95 14.26 13.42 13.42
2014-09-19 14.23 14.27 13.35 13.35
2014-10-14 15.2 15.58 14.64 14.64
2014-10-29 13.66 13.9 13.57 13.57
2014-12-24 11.54 11.55 11.16 11.16
2014-12-25 11.73 11.78 11.53 11.53
2015-02-27 12.89 12.94 12.78 12.78
2015-03-03 13.42 13.75 13.13 13.13
2015-04-02 16.14 16.14 15.3 15.3
2015-04-22 18.03 18.03 17.08 17.08
2015-04-23 18.93 18.93 18.12 18.12
2015-04-24 19.88 19.88 19.88 19.88
2015-05-12 18.7 18.7 17.76 17.76
2015-05-18 19.98 19.98 18.86 18.86
2016-02-18 25.37 25.9 24.46 24.46
2016-05-17 29.47 29.98 28.62 28.62
2016-07-04 23.02 23.02 23.02 23.02
2016-07-05 21.89 22.33 21.87 21.87
2016-08-11 23.21 23.64 23.15 23.15
2016-08-19 24.18 24.23 24.07 24.07
2016-08-23 24.3 24.38 24.03 24.03
2016-08-24 24.82 25.18 24.22 24.22
2016-08-29 25.66 26.02 25.42 25.42
2016-09-02 25.86 25.89 25.7 25.7
2016-09-20 27.95 28.36 27.13 27.13
2016-09-28 28.02 28.43 27.65 27.65
2016-09-29 28.11 28.39 27.8 27.8
2017-04-19 30.65 34.06 30.65 30.65
2017-04-20 28.45 30.46 27.59 27.59
2017-04-24 31.97 33.22 30.4 30.4
2017-08-17 28.87 31.2 26.07 26.07
