2002-12-18 18.75 19.16 18.47 18.47
2003-01-17 17.77 18.15 17.6 17.6
2003-03-21 18.31 18.47 18.2 18.2
2003-03-27 18.35 18.47 17.57 17.57
2003-04-29 17.8 18.49 17.65 17.65
2003-05-21 16.61 16.85 16.49 16.49
2003-05-29 16.93 17.02 16.73 16.73
2003-06-06 19.14 20.02 18.25 18.25
2003-06-12 21.07 21.4 19.91 19.91
2003-07-16 20.18 20.19 19.81 19.81
2003-08-04 19.87 19.88 19.56 19.56
2003-09-01 18.09 18.1 17.42 17.42
2003-10-16 16.15 16.3 15.9 15.9
2003-11-14 12.86 12.93 12.6 12.6
2003-12-02 14.03 14.3 13.83 13.83
2004-03-31 17.38 17.95 17.01 17.01
2004-04-22 16.38 16.46 16.25 16.25
2004-04-23 16.4 16.79 15.76 15.76
2004-04-27 16.62 16.94 16.58 16.58
2004-05-12 15.63 15.64 15.35 15.35
2004-05-17 15.39 15.5 15.3 15.3
2004-05-21 16.0 16.04 15.75 15.75
2004-05-26 15.51 15.65 15.29 15.29
2004-09-23 13.46 13.48 13.02 13.02
2004-11-12 13.55 13.63 13.31 13.31
2004-12-27 12.83 12.9 12.8 12.8
2005-01-17 12.76 13.0 12.59 12.59
2005-02-16 12.15 12.35 12.0 12.0
2005-02-21 12.16 12.25 12.05 12.05
2005-04-19 10.91 10.92 10.6 10.6
2005-05-18 9.59 9.61 9.47 9.47
2005-05-24 9.62 9.64 9.36 9.36
2005-06-27 9.98 10.09 9.61 9.61
2005-06-28 9.77 9.84 9.5 9.5
2005-07-04 10.53 10.87 10.31 10.31
2005-07-05 11.03 11.18 10.55 10.55
2005-07-06 11.57 11.65 11.06 11.06
2005-07-11 9.13 9.63 9.03 9.03
2005-10-10 10.98 10.99 10.85 10.85
2005-10-21 12.03 12.15 11.75 11.75
2005-10-31 11.22 11.24 11.05 11.05
2005-11-23 11.95 12.04 11.88 11.88
2005-11-25 12.21 12.25 12.01 12.01
2005-11-30 12.23 12.25 12.06 12.06
2006-10-20 21.69 21.77 21.03 21.03
2006-11-22 19.28 19.6 19.0 19.0
2006-12-14 20.71 20.89 19.5 19.5
2006-12-29 27.8 28.5 26.1 26.1
2007-03-15 42.01 42.1 38.5 38.5
2007-03-19 41.19 41.9 38.4 38.4
2007-03-21 43.61 45.08 41.0 41.0
2007-06-11 51.96 53.98 49.9 49.9
2007-07-17 46.1 46.5 44.7 44.7
2007-07-19 47.39 48.79 46.0 46.0
2007-07-20 49.0 49.35 46.98 46.98
2007-08-16 51.26 52.0 49.01 49.01
2007-12-06 42.82 43.94 41.28 41.28
2007-12-12 44.76 45.28 44.08 44.08
2008-02-21 51.96 52.85 51.2 51.2
2008-02-26 50.56 51.8 49.3 49.3
2008-07-02 18.65 18.8 18.3 18.3
2008-11-14 12.73 12.73 11.57 11.57
2009-02-13 20.73 20.9 19.65 19.65
2009-03-04 17.37 17.5 16.52 16.52
2009-05-22 19.38 19.6 18.65 18.65
2009-10-26 21.41 21.73 21.0 21.0
2009-11-03 22.31 22.5 21.45 21.45
2009-11-10 23.23 23.75 23.03 23.03
2010-01-18 28.47 29.36 28.08 28.08
2010-01-25 27.22 27.79 26.0 26.0
2010-07-21 15.36 15.77 15.2 15.2
2010-09-13 19.7 19.85 18.5 18.5
2011-02-11 22.59 22.65 21.96 21.96
2011-02-21 21.76 21.83 21.29 21.29
2011-06-21 7.59 7.64 7.51 7.51
2011-07-18 10.13 10.32 9.52 9.52
2011-07-22 9.71 9.87 9.41 9.41
2011-11-09 9.03 9.04 8.74 8.74
2012-02-10 7.49 7.52 7.35 7.35
2012-02-20 7.88 8.17 7.76 7.76
2012-05-22 7.89 7.9 7.72 7.72
2012-05-30 7.71 7.81 7.69 7.69
2012-08-31 6.08 6.11 5.94 5.94
2012-09-05 5.99 6.07 5.88 5.88
2012-12-14 5.91 6.0 5.64 5.64
2012-12-19 5.88 5.95 5.81 5.81
2013-03-05 6.31 6.48 5.99 5.99
2013-06-14 6.78 6.88 6.65 6.65
2013-07-15 6.9 6.9 6.31 6.31
2013-08-06 7.1 7.2 6.95 6.95
2013-10-17 8.63 8.84 8.28 8.28
2013-11-20 9.02 9.12 8.82 8.82
2013-12-24 8.35 8.41 8.05 8.05
2014-03-17 11.12 11.33 10.35 10.35
2014-06-10 11.22 11.54 10.71 10.71
2014-07-14 11.62 11.65 11.21 11.21
2014-09-26 13.17 13.33 13.1 13.1
2015-02-13 16.13 16.59 15.8 15.8
2015-04-22 18.65 18.75 18.03 18.03
2015-07-09 17.18 17.18 15.0 15.0
2015-07-10 18.9 18.9 18.0 18.0
2016-03-21 13.91 14.1 13.4 13.4
2016-07-04 13.86 13.94 13.6 13.6
2017-01-25 14.29 14.36 14.02 14.02
2017-02-06 14.21 14.27 14.11 14.11
2017-04-26 14.26 14.45 14.2 14.2
2017-06-02 13.33 13.5 12.62 12.62
2017-06-05 13.35 13.65 13.21 13.21
2017-06-20 13.81 14.04 13.64 13.64
