2001-01-19 25.7 25.89 25.05 25.05
2001-02-26 24.55 24.7 24.48 24.48
2001-03-30 28.15 28.18 27.5 27.5
2001-04-18 30.3 30.5 29.0 29.0
2001-07-10 22.82 23.1 22.6 22.6
2001-07-18 21.99 22.3 21.81 21.81
2001-09-05 18.89 19.46 18.54 18.54
2001-09-11 18.67 18.9 18.48 18.48
2001-09-18 18.09 18.5 17.85 17.85
2001-09-25 18.1 18.4 17.8 17.8
2001-10-29 14.88 14.95 14.3 14.3
2001-11-16 15.68 15.68 14.8 14.8
2001-12-31 15.99 16.07 15.7 15.7
2002-01-29 13.88 14.3 12.8 12.8
2002-01-31 14.91 15.2 14.1 14.1
2002-02-07 14.59 14.95 14.31 14.31
2002-03-19 16.38 16.68 15.25 15.25
2002-07-12 11.21 11.35 11.1 11.1
2002-08-20 10.46 10.48 10.24 10.24
2002-08-27 10.85 10.98 10.62 10.62
2002-09-03 10.76 10.89 10.72 10.72
2002-09-09 10.39 10.48 10.3 10.3
2003-01-17 8.94 9.14 8.8 8.8
2003-02-19 8.48 8.49 8.33 8.33
2003-05-21 7.25 7.33 7.21 7.21
2003-05-23 7.24 7.4 7.2 7.2
2003-05-28 7.47 7.55 7.36 7.36
2003-06-05 7.48 7.58 7.45 7.45
2003-06-10 7.33 7.37 7.3 7.3
2003-07-08 7.02 7.03 6.91 6.91
2003-07-29 6.63 6.68 6.58 6.58
2003-08-01 6.65 6.66 6.5 6.5
2003-08-11 6.91 6.93 6.73 6.73
2003-08-22 6.99 7.02 6.72 6.72
2003-10-09 6.26 6.35 6.19 6.19
2003-10-17 6.23 6.24 6.08 6.08
2003-10-21 6.16 6.18 6.11 6.11
2003-11-19 5.41 5.49 5.3 5.3
2003-11-20 5.89 5.95 5.42 5.42
2003-11-28 5.87 5.9 5.74 5.74
2003-12-08 6.15 6.2 6.01 6.01
2004-02-17 7.93 8.1 7.6 7.6
2004-03-11 7.25 7.27 7.1 7.1
2004-05-18 6.4 6.4 6.2 6.2
2004-05-21 6.69 6.75 6.6 6.6
2004-06-15 6.2 6.25 6.01 6.01
2004-08-23 4.99 5.02 4.84 4.84
2004-08-30 5.0 5.06 4.98 4.98
2004-08-31 5.13 5.3 5.1 5.1
2004-09-23 5.23 5.23 4.75 4.75
2004-12-21 3.97 3.99 3.89 3.89
2004-12-22 4.18 4.18 3.98 3.98
2004-12-30 3.97 4.02 3.9 3.9
2005-01-05 3.96 4.04 3.8 3.8
2005-01-07 3.93 4.0 3.86 3.86
2005-03-07 3.61 3.69 3.53 3.53
2005-04-19 2.99 3.01 2.9 2.9
2005-04-22 3.03 3.03 2.84 2.84
2005-08-04 3.98 4.08 3.88 3.88
2005-11-21 5.1 5.12 4.95 4.95
2005-12-23 4.21 4.25 4.18 4.18
2005-12-27 4.4 4.44 4.21 4.21
2006-06-16 5.7 5.75 5.6 5.6
2006-08-15 5.89 5.97 5.7 5.7
2006-12-29 3.73 3.79 3.68 3.68
2007-01-08 4.08 4.1 3.85 3.85
2007-01-15 4.28 4.33 4.0 4.0
2007-04-17 8.78 8.99 8.33 8.33
2007-04-23 9.81 9.94 9.11 9.11
2007-04-26 9.96 10.3 9.68 9.68
2007-04-27 10.96 10.96 9.99 9.99
2007-05-10 14.2 14.7 13.5 13.5
2007-07-20 13.69 13.84 12.42 12.42
2007-07-27 15.29 15.7 14.62 14.62
2007-09-25 17.0 17.94 16.9 16.9
2007-09-27 18.22 18.58 17.05 17.05
2007-10-16 18.77 18.77 17.05 17.05
2007-10-22 16.63 16.95 16.05 16.05
2007-12-07 15.62 16.0 14.63 14.63
2008-01-24 15.4 15.98 15.15 15.15
2008-05-19 10.5 10.73 10.0 10.0
2008-07-07 7.91 8.1 7.5 7.5
2008-10-20 4.48 4.49 4.23 4.23
2008-11-10 3.9 3.98 3.66 3.66
2009-03-09 7.19 7.58 7.05 7.05
2009-03-13 7.49 7.62 7.2 7.2
2009-06-05 10.0 10.15 9.96 9.96
2009-06-15 9.99 10.02 9.65 9.65
2009-07-23 10.3 10.44 10.21 10.21
2009-09-01 7.2 7.29 7.01 7.01
2009-09-18 9.09 9.34 8.8 8.8
2009-09-21 9.86 9.99 9.09 9.09
2009-09-28 9.34 9.36 8.65 8.65
2009-10-16 9.77 9.78 9.36 9.36
2009-10-23 9.92 10.31 9.55 9.55
2009-11-10 12.67 13.0 12.11 12.11
2009-12-02 13.69 14.03 13.07 13.07
2010-01-06 12.5 12.5 11.5 11.5
2010-02-09 10.31 10.32 9.91 9.91
2010-02-10 10.5 10.66 10.38 10.38
2010-03-08 11.2 11.5 11.1 11.1
2010-03-16 11.31 11.49 10.49 10.49
2010-06-22 9.44 9.54 9.37 9.37
2010-07-14 8.37 8.44 8.11 8.11
2010-07-20 8.97 9.04 8.28 8.28
2010-07-27 9.1 9.19 8.99 8.99
2010-07-28 9.2 9.26 9.05 9.05
2010-08-11 10.69 10.69 9.51 9.51
2010-10-11 12.01 12.35 11.39 11.39
2010-11-01 13.39 13.59 12.65 12.65
2011-06-23 12.11 12.22 11.79 11.79
2011-06-27 12.55 12.6 12.37 12.37
2011-06-28 12.87 12.95 12.56 12.56
2011-11-23 12.96 13.16 12.48 12.48
2011-11-25 13.51 13.77 12.88 12.88
2012-10-09 9.48 9.55 8.95 8.95
2012-12-25 8.66 8.83 8.4 8.4
2013-01-29 9.65 9.67 9.2 9.2
2013-02-05 9.64 9.7 9.4 9.4
2013-02-28 10.32 10.44 10.1 10.1
2013-03-01 10.69 10.82 10.33 10.33
2013-07-24 9.05 9.15 8.88 8.88
2014-01-03 10.61 10.79 10.53 10.53
2014-02-10 11.91 12.04 11.42 11.42
2014-02-12 12.04 12.3 11.92 11.92
2015-02-16 14.02 14.2 13.9 13.9
2015-07-13 14.31 14.31 14.31 14.31
2015-07-14 15.74 15.74 15.74 15.74
2015-07-16 17.41 17.58 14.9 14.9
2015-07-17 19.1 19.13 17.42 17.42
2015-09-23 18.59 18.59 18.59 18.59
2015-09-24 18.39 19.46 16.73 16.73
2015-11-06 17.56 17.67 16.82 16.82
2016-05-31 14.8 15.0 14.39 14.39
2016-07-08 18.67 18.67 16.64 16.64
2016-08-16 16.57 17.05 16.08 16.08
2016-08-29 16.22 16.24 15.76 15.76
2016-12-06 16.0 16.15 15.86 15.86
2016-12-14 14.42 14.65 14.33 14.33
2016-12-15 14.52 14.73 14.34 14.34
2017-02-14 14.43 14.51 14.37 14.37
2017-08-07 11.81 11.82 11.67 11.67
2017-08-29 12.6 12.81 12.36 12.36
