1997-01-15 10.0 10.17 9.91 9.91
1997-02-19 9.42 9.55 9.1 9.1
1997-02-20 9.15 9.3 8.48 8.48
1997-03-21 11.2 11.25 10.63 10.63
1997-03-28 11.0 11.38 10.9 10.9
1997-05-16 10.45 11.3 10.43 10.43
1997-05-19 10.69 10.85 10.51 10.51
1997-07-22 6.54 6.62 6.33 6.33
1997-07-29 6.29 6.4 6.2 6.2
1997-08-04 6.93 7.0 6.66 6.66
1997-10-14 7.1 7.14 6.9 6.9
1997-12-29 7.76 7.88 7.6 7.6
1998-02-11 8.79 8.88 8.2 8.2
1998-03-11 7.9 8.02 7.7 7.7
1998-03-18 8.0 8.11 7.88 7.88
1998-03-19 8.01 8.14 8.0 8.0
1998-03-27 8.84 8.84 8.01 8.01
1998-04-02 9.2 9.5 8.9 8.9
1998-04-03 9.73 9.81 9.0 9.0
1998-07-08 9.35 9.35 9.18 9.18
1998-07-13 9.49 9.6 9.26 9.26
1998-07-21 9.4 9.4 8.86 8.86
1998-07-24 9.59 9.64 9.35 9.35
1998-08-21 8.48 8.69 8.2 8.2
1998-08-26 8.69 8.98 8.45 8.45
1998-09-03 7.8 8.0 7.75 7.75
1998-09-04 7.91 8.19 7.8 7.8
1998-09-07 8.32 8.36 8.0 8.0
1998-09-09 8.85 8.87 8.28 8.28
1998-09-10 8.81 9.01 8.7 8.7
1998-09-18 9.99 9.99 8.8 8.8
1999-01-06 10.01 10.2 9.61 9.61
1999-02-04 9.17 9.25 8.91 8.91
1999-02-08 8.99 9.12 8.85 8.85
1999-03-03 9.5 9.6 9.11 9.11
1999-03-16 10.34 10.76 10.08 10.08
1999-03-22 9.76 10.05 9.7 9.7
1999-05-05 9.36 9.4 9.11 9.11
1999-05-11 9.07 9.08 8.85 8.85
1999-05-13 9.23 9.23 9.11 9.11
1999-05-19 9.5 9.5 9.05 9.05
1999-06-09 11.88 11.88 10.81 10.81
1999-06-16 12.85 13.2 12.4 12.4
1999-07-08 17.25 17.27 15.7 15.7
1999-08-17 13.6 14.1 13.46 13.46
1999-09-09 14.65 14.65 13.88 13.88
1999-11-22 12.62 12.76 12.37 12.37
1999-11-30 13.4 13.8 12.95 12.95
1999-12-01 13.75 13.98 13.0 13.0
1999-12-21 12.48 12.6 12.01 12.01
1999-12-28 11.4 11.68 11.3 11.3
2000-02-14 11.32 11.35 10.61 10.61
2000-02-21 12.28 12.28 11.2 11.2
2000-03-17 11.29 11.4 11.0 11.0
2000-03-27 12.74 12.9 12.3 12.3
2000-03-30 12.9 13.2 12.2 12.2
2000-04-06 13.55 13.66 13.1 13.1
2000-05-12 12.36 12.62 12.16 12.16
2000-06-16 13.29 13.49 13.14 13.14
2000-09-07 20.65 20.9 20.5 20.5
2000-09-08 21.0 21.25 20.65 20.65
2000-09-12 22.2 22.55 21.2 21.2
2000-09-14 22.4 22.4 22.02 22.02
2000-09-21 22.27 22.93 22.0 22.0
2000-10-31 22.75 23.0 22.7 22.7
2000-11-01 23.36 23.47 22.5 22.5
2000-11-21 23.49 23.5 23.21 23.21
2000-11-29 23.4 23.92 23.2 23.2
2000-12-01 23.36 23.4 23.23 23.23
2000-12-08 22.65 22.84 22.5 22.5
2000-12-15 22.08 22.3 22.0 22.0
2000-12-19 22.0 22.0 21.05 21.05
2000-12-22 22.91 23.09 22.85 22.85
2001-01-19 19.38 19.38 18.4 18.4
2001-02-20 18.15 18.3 18.01 18.01
2001-02-22 18.19 18.39 17.88 17.88
2001-03-01 18.18 18.19 18.01 18.01
2001-03-06 19.1 19.21 18.47 18.47
2001-03-14 19.7 19.82 19.51 19.51
2001-03-16 19.83 19.9 19.52 19.52
2001-04-18 21.0 21.21 20.75 20.75
2001-04-23 21.65 21.78 20.62 20.62
2001-04-24 22.0 22.69 21.89 21.89
2001-05-08 22.9 22.9 22.5 22.5
2001-05-11 22.74 22.8 22.7 22.7
2001-05-18 22.45 22.55 22.08 22.08
2001-05-22 22.6 22.8 22.25 22.25
2002-02-05 11.3 11.4 11.1 11.1
2002-02-07 11.08 11.2 10.95 10.95
2002-02-08 11.28 11.39 11.1 11.1
2002-04-11 13.15 13.47 13.0 13.0
2002-04-30 13.16 13.37 13.1 13.1
2002-05-10 12.87 13.13 12.8 12.8
2002-06-12 12.38 12.38 11.96 11.96
2002-06-13 12.68 12.81 12.38 12.38
2002-09-10 11.15 11.29 11.13 11.13
2002-11-04 8.09 8.11 7.9 7.9
2006-09-14 3.89 3.96 3.8 3.8
2006-10-11 4.11 4.17 4.04 4.04
2006-10-12 4.1 4.15 4.06 4.06
2006-10-16 4.2 4.25 4.06 4.06
2006-10-24 3.95 3.95 3.86 3.86
2006-11-27 3.63 3.68 3.56 3.56
2007-01-15 3.91 3.92 3.74 3.74
2007-01-19 4.31 4.31 4.31 4.31
2007-01-22 4.53 4.53 4.53 4.53
2007-01-23 4.76 4.76 4.76 4.76
2007-01-29 5.54 5.64 5.4 5.4
2007-02-26 6.49 6.49 6.18 6.18
2007-03-05 7.16 7.16 6.85 6.85
2007-06-20 9.86 10.38 9.56 9.56
2007-06-21 10.26 10.4 9.7 9.7
2007-06-27 10.13 10.17 9.55 9.55
2007-08-09 10.1 10.2 9.86 9.86
2007-08-14 9.7 9.79 9.27 9.27
2007-08-30 10.59 11.0 10.1 10.1
2007-11-05 8.42 8.45 8.08 8.08
2007-11-06 8.48 8.51 8.3 8.3
2007-11-23 9.79 9.82 9.22 9.22
2008-02-27 11.66 11.8 11.1 11.1
2008-02-29 11.53 11.62 11.4 11.4
2008-10-17 3.49 3.56 3.42 3.42
2009-03-23 7.09 7.1 6.89 6.89
2009-03-26 7.12 7.16 6.86 6.86
2009-04-20 8.04 8.18 7.7 7.7
2009-07-23 8.44 8.56 8.35 8.35
2009-07-27 8.39 8.44 8.2 8.2
2009-10-19 7.59 7.68 7.35 7.35
2009-12-28 10.63 10.69 10.48 10.48
2010-01-13 11.2 11.51 11.01 11.01
2010-01-18 11.84 11.98 11.61 11.61
2010-01-20 12.37 12.67 12.05 12.05
2010-04-26 15.15 15.47 15.0 15.0
2010-05-24 11.11 11.19 10.68 10.68
2010-09-10 15.52 15.65 14.8 14.8
2010-12-31 11.8 11.84 11.57 11.57
2011-01-26 11.85 11.97 11.67 11.67
2011-02-09 12.0 12.1 11.8 11.8
2011-03-10 14.28 14.59 13.62 13.62
2011-03-24 14.0 14.08 13.61 13.61
2011-04-01 13.16 13.19 13.05 13.05
2011-06-30 11.84 11.89 11.61 11.61
2011-07-04 11.99 12.07 11.74 11.74
2011-07-22 13.31 13.77 12.81 12.81
2011-07-26 14.12 14.23 13.13 13.13
2011-07-28 14.04 14.12 13.8 13.8
2011-10-13 12.29 12.31 12.16 12.16
2011-11-07 13.3 14.19 13.1 13.1
2011-12-28 11.48 11.58 11.33 11.33
2011-12-29 11.71 11.72 11.4 11.4
2012-01-18 12.77 12.93 12.4 12.4
2012-02-01 12.83 13.0 12.81 12.81
2012-02-02 13.41 13.58 12.83 12.83
2012-05-22 15.07 15.2 14.91 14.91
2012-08-02 13.67 13.8 13.51 13.51
2012-08-21 13.48 13.65 13.25 13.25
2012-08-28 13.35 13.38 13.13 13.13
2012-08-31 13.08 13.13 12.91 12.91
2012-10-09 14.44 14.66 14.21 14.21
2012-11-21 13.49 13.52 13.36 13.36
2012-11-23 13.67 13.78 13.5 13.5
2012-11-30 13.06 13.1 12.5 12.5
2013-05-10 14.09 14.32 13.9 13.9
2013-07-17 14.64 14.84 13.9 13.9
2013-09-06 13.75 13.78 13.44 13.44
2013-09-27 15.86 15.94 14.49 14.49
2013-10-08 16.33 16.44 16.05 16.05
2013-11-18 14.33 14.46 14.12 14.12
2013-12-18 14.56 14.72 14.51 14.51
2014-02-14 13.93 13.98 13.7 13.7
2014-02-19 14.13 14.21 13.93 13.93
2015-01-15 17.4 17.55 17.21 17.21
2015-01-16 17.73 17.74 17.31 17.31
2015-01-20 18.49 18.5 17.81 17.81
2015-01-21 18.87 19.15 18.47 18.47
2015-02-13 19.19 19.36 18.81 18.81
2015-03-13 20.82 20.84 20.4 20.4
2015-04-23 27.65 27.68 25.13 25.13
2015-05-14 28.74 28.92 27.98 27.98
2015-06-09 33.42 33.62 32.71 32.71
2015-07-09 14.01 14.01 11.5 11.5
2015-07-17 17.32 17.62 16.16 16.16
2015-08-03 16.93 17.68 16.56 16.56
2015-08-06 19.76 19.82 18.24 18.24
2015-08-07 20.22 20.71 19.71 19.71
2015-08-14 23.84 24.4 23.2 23.2
2015-09-11 18.82 18.98 18.05 18.05
2016-01-07 23.43 23.43 23.43 23.43
2016-01-25 18.49 18.51 17.89 17.89
2017-06-12 20.51 20.98 20.41 20.41
2017-08-14 25.16 25.2 24.39 24.39
