1990-12-20 273.0 273.0 273.0 273.0
1990-12-21 275.0 275.0 275.0 275.0
1990-12-24 288.0 288.0 288.0 288.0
1990-12-25 302.4 302.4 302.4 302.4
1991-01-02 305.4 305.4 305.4 305.4
1991-01-03 308.5 308.5 308.5 308.5
1991-01-04 311.6 311.6 311.6 311.6
1991-01-09 313.2 313.2 313.2 313.2
1991-01-10 314.8 314.8 314.8 314.8
1991-01-11 316.4 316.4 316.4 316.4
1991-01-16 318.0 318.0 318.0 318.0
1991-01-17 319.6 319.6 319.6 319.6
1991-01-18 321.2 321.2 321.2 321.2
1991-01-21 322.8 322.8 322.8 322.8
1991-01-22 324.4 324.4 324.4 324.4
1991-01-23 326.0 326.0 326.0 326.0
1991-01-24 327.6 327.6 327.6 327.6
1991-01-25 329.2 329.2 329.2 329.2
1991-03-05 334.2 334.2 334.2 334.2
1991-03-06 335.9 335.9 335.9 335.9
1991-03-07 337.6 337.6 337.6 337.6
1991-03-08 339.3 339.3 339.3 339.3
1991-04-01 342.7 342.7 342.7 342.7
1991-04-02 344.4 344.4 344.4 344.4
1991-04-03 346.1 346.1 346.1 346.1
1991-04-04 347.8 347.8 347.8 347.8
1991-04-05 349.5 349.5 349.5 349.5
1991-04-08 351.2 351.2 351.2 351.2
1991-04-09 353.0 353.0 353.0 353.0
1991-04-10 354.8 354.8 354.8 354.8
1991-04-12 356.6 356.6 356.6 356.6
1991-04-15 358.4 358.4 358.4 358.4
1991-04-16 360.2 360.2 360.2 360.2
1991-04-17 362.0 362.0 362.0 362.0
1991-04-18 363.8 363.8 363.8 363.8
1991-04-19 365.6 365.6 365.6 365.6
1991-04-22 367.4 367.4 367.4 367.4
1991-04-23 369.2 369.2 369.2 369.2
1991-04-24 371.0 371.0 371.0 371.0
1991-04-25 372.9 372.9 372.9 372.9
1991-04-26 376.6 376.6 376.6 376.6
1991-04-29 380.4 380.4 380.4 380.4
1991-04-30 384.2 384.2 384.2 384.2
1991-05-02 388.0 388.0 388.0 388.0
1991-05-03 391.9 391.9 391.9 391.9
1991-05-06 395.8 395.8 395.8 395.8
1991-05-07 399.8 399.8 399.8 399.8
1991-05-08 403.8 403.8 403.8 403.8
1991-05-09 407.8 407.8 407.8 407.8
1991-05-10 411.9 411.9 411.9 411.9
1991-05-13 416.0 416.0 416.0 416.0
1991-05-14 420.2 420.2 420.2 420.2
1991-05-15 424.4 424.4 424.4 424.4
1991-05-16 428.6 428.6 428.6 428.6
1991-05-17 432.9 432.9 432.9 432.9
1991-05-20 437.2 437.2 437.2 437.2
1991-05-21 441.6 441.6 441.6 441.6
1991-05-22 446.0 446.0 446.0 446.0
1991-05-23 450.5 450.5 450.5 450.5
1991-05-24 455.0 455.0 455.0 455.0
1991-05-27 459.6 459.6 459.6 459.6
1991-05-28 464.2 464.2 464.2 464.2
1991-05-29 468.8 468.8 468.8 468.8
1991-05-30 473.5 473.5 473.5 473.5
1991-05-31 478.2 478.2 478.2 478.2
1991-06-03 483.0 483.0 483.0 483.0
1991-06-04 487.8 487.8 487.8 487.8
1991-06-06 492.7 492.7 492.7 492.7
1991-06-07 497.6 497.6 497.6 497.6
1991-06-10 502.6 502.6 502.6 502.6
1991-06-11 507.6 507.6 507.6 507.6
1991-06-12 512.7 512.7 512.7 512.7
1991-06-13 517.8 517.8 517.8 517.8
1991-06-14 523.0 523.0 523.0 523.0
1991-06-17 528.2 528.2 528.2 528.2
1991-06-18 533.5 533.5 533.5 533.5
1991-06-19 538.8 538.8 538.8 538.8
1991-06-20 544.2 544.2 544.2 544.2
1991-06-21 549.6 549.6 549.6 549.6
1991-06-24 555.1 555.1 555.1 555.1
1991-06-25 560.7 560.7 560.7 560.7
1991-06-26 566.3 566.3 566.3 566.3
1991-06-27 572.0 572.0 572.0 572.0
1991-06-28 577.7 577.7 577.7 577.7
1991-07-01 583.5 583.5 583.5 583.5
1991-07-02 589.3 589.3 589.3 589.3
1991-07-03 595.2 595.2 595.2 595.2
1991-07-04 601.2 601.2 601.2 601.2
1991-07-05 607.2 607.2 607.2 607.2
1991-07-08 613.3 613.3 613.3 613.3
1991-07-09 619.4 619.4 619.4 619.4
1991-07-10 625.6 625.6 625.6 625.6
1991-07-11 631.9 631.9 631.9 631.9
1991-07-12 638.2 638.2 638.2 638.2
1991-07-15 644.6 644.6 644.6 644.6
1991-07-16 651.0 651.0 651.0 651.0
1991-07-17 657.5 657.5 657.5 657.5
1991-07-18 664.1 664.1 664.1 664.1
1991-07-19 670.7 670.7 670.7 670.7
1991-07-22 677.4 677.4 677.4 677.4
1991-07-23 684.2 684.2 684.2 684.2
1991-07-24 691.0 691.0 691.0 691.0
1991-07-25 697.9 697.9 697.9 697.9
1991-07-26 704.9 704.9 704.9 704.9
1991-07-29 711.9 711.9 711.9 711.9
1991-07-30 719.0 719.0 719.0 719.0
1991-07-31 726.2 726.2 726.2 726.2
1991-08-01 733.5 733.5 733.5 733.5
1991-08-02 740.8 740.8 740.8 740.8
1991-08-05 748.2 748.2 748.2 748.2
1991-08-06 755.7 755.7 755.7 755.7
1991-08-07 763.3 763.3 763.3 763.3
1991-08-08 770.9 770.9 770.9 770.9
1991-08-09 778.6 778.6 778.6 778.6
1991-08-12 786.4 786.4 786.4 786.4
1991-08-13 794.3 794.3 794.3 794.3
1991-08-14 802.2 802.2 802.2 802.2
1991-08-15 810.2 810.2 810.2 810.2
1991-08-16 810.2 810.2 810.2 810.2
1991-08-19 818.3 818.3 818.3 818.3
1991-08-20 826.5 826.5 826.5 826.5
1991-08-21 834.8 834.8 834.8 834.8
1991-08-22 843.1 843.1 843.1 843.1
1991-08-23 851.5 851.5 851.5 851.5
1991-08-26 860.0 860.0 860.0 860.0
1991-08-27 868.6 868.6 868.6 868.6
1991-08-28 877.3 877.3 877.3 877.3
1991-08-29 886.1 886.1 886.1 886.1
1991-08-30 895.0 895.0 895.0 895.0
1991-09-02 904.0 904.0 904.0 904.0
1991-09-03 913.0 913.0 913.0 913.0
1991-09-04 922.1 922.1 922.1 922.1
1991-09-05 931.3 931.3 931.3 931.3
1991-09-06 940.6 940.6 940.6 940.6
1991-09-09 950.0 950.0 950.0 950.0
1991-09-10 959.5 959.5 959.5 959.5
1991-09-11 969.1 969.1 969.1 969.1
1991-09-12 978.8 978.8 978.8 978.8
1991-09-13 988.6 988.6 988.6 988.6
1991-09-16 998.5 998.5 998.5 998.5
1991-09-17 1008.5 1008.5 1008.5 1008.5
1991-09-18 1018.6 1018.6 1018.6 1018.6
1991-09-19 1028.8 1028.8 1028.8 1028.8
1991-09-20 1039.1 1039.1 1039.1 1039.1
1991-09-23 1049.5 1049.5 1049.5 1049.5
1991-09-24 1060.0 1060.0 1060.0 1060.0
1991-09-25 1070.6 1070.6 1070.6 1070.6
1991-09-26 1081.3 1081.3 1081.3 1081.3
1991-09-27 1092.1 1092.1 1092.1 1092.1
1991-10-03 1114.0 1114.0 1114.0 1114.0
1991-10-04 1125.1 1125.1 1125.1 1125.1
1991-10-07 1136.4 1136.4 1136.4 1136.4
1991-10-08 1147.8 1147.8 1147.8 1147.8
1991-10-09 1159.3 1159.3 1159.3 1159.3
1991-10-10 1170.9 1170.9 1170.9 1170.9
1991-10-11 1182.6 1182.6 1182.6 1182.6
1991-10-14 1194.4 1194.4 1194.4 1194.4
1991-10-15 1206.3 1206.3 1206.3 1206.3
1991-10-16 1218.4 1218.4 1218.4 1218.4
1991-10-17 1230.6 1230.6 1230.6 1230.6
1991-10-18 1242.9 1242.9 1242.9 1242.9
1991-10-21 1255.3 1255.3 1255.3 1255.3
1991-10-22 1267.9 1267.9 1267.9 1267.9
1991-10-23 1267.9 1267.9 1267.9 1267.9
1991-10-24 1280.6 1280.6 1280.6 1280.6
1991-10-25 1293.4 1293.4 1293.4 1293.4
1991-10-28 1306.3 1306.3 1306.3 1306.3
1991-10-29 1306.3 1306.3 1306.3 1306.3
1991-10-30 1319.4 1319.4 1319.4 1319.4
1991-10-31 1332.6 1332.6 1332.6 1332.6
1991-11-01 1345.9 1345.9 1345.9 1345.9
1991-11-04 1359.4 1359.4 1359.4 1359.4
1991-11-05 1359.4 1359.4 1359.4 1359.4
1991-11-06 1373.0 1373.0 1373.0 1373.0
1991-11-07 1386.7 1386.7 1386.7 1386.7
1991-11-08 1400.6 1400.6 1400.6 1400.6
1991-11-11 1414.6 1414.6 1414.6 1414.6
1991-11-12 1428.7 1428.7 1428.7 1428.7
1991-11-13 1443.0 1443.0 1443.0 1443.0
1991-11-14 1457.4 1457.4 1457.4 1457.4
1991-11-15 1472.0 1472.0 1472.0 1472.0
1991-11-18 1486.7 1486.7 1486.7 1486.7
1991-11-19 1486.7 1486.7 1486.7 1486.7
1991-11-20 1501.6 1501.6 1501.6 1501.6
1991-11-21 1501.6 1501.6 1501.6 1501.6
1991-11-22 1516.6 1516.6 1516.6 1516.6
1991-11-25 1531.8 1531.8 1531.8 1531.8
1991-11-26 1531.8 1531.8 1531.8 1531.8
1991-11-27 1547.1 1547.1 1547.1 1547.1
1991-11-28 1547.1 1547.1 1547.1 1547.1
1991-11-29 1562.6 1562.6 1562.6 1562.6
1991-12-02 1578.2 1578.2 1578.2 1578.2
1991-12-03 1594.0 1594.0 1594.0 1594.0
1991-12-04 1609.9 1609.9 1609.9 1609.9
1991-12-05 1626.0 1626.0 1626.0 1626.0
1991-12-06 1642.3 1642.3 1642.3 1642.3
1991-12-09 1658.7 1658.7 1658.7 1658.7
1991-12-10 1675.3 1675.3 1675.3 1675.3
1991-12-11 1692.1 1692.1 1692.1 1692.1
1991-12-12 1709.0 1709.0 1709.0 1709.0
1991-12-13 1726.1 1726.1 1726.1 1726.1
1991-12-16 1743.4 1743.4 1743.4 1743.4
1991-12-17 1760.8 1760.8 1760.8 1760.8
1991-12-18 1778.4 1778.4 1778.4 1778.4
1991-12-19 1796.2 1796.2 1796.2 1796.2
1991-12-20 1814.2 1814.2 1814.2 1814.2
1991-12-23 1832.3 1832.3 1832.3 1832.3
1991-12-24 1850.6 1850.6 1850.6 1850.6
1991-12-25 1869.1 1869.1 1869.1 1869.1
1991-12-26 1887.8 1887.8 1887.8 1887.8
1991-12-27 1906.7 1906.7 1906.7 1906.7
1991-12-30 1925.8 1925.8 1925.8 1925.8
1991-12-31 1945.1 1945.1 1945.1 1945.1
1992-01-02 1964.6 1964.6 1964.6 1964.6
1992-01-03 1984.2 1984.2 1984.2 1984.2
1992-01-06 2004.0 2004.0 2004.0 2004.0
1992-01-07 2024.0 2024.0 2024.0 2024.0
1992-01-08 2044.2 2044.2 2044.2 2044.2
1992-01-09 2064.6 2064.6 2064.6 2064.6
1992-01-10 2085.2 2085.2 2085.2 2085.2
1992-01-13 2106.1 2106.1 2106.1 2106.1
1992-01-14 2127.2 2127.2 2127.2 2127.2
1992-01-15 2148.5 2148.5 2148.5 2148.5
1992-01-16 2148.5 2148.5 2148.5 2148.5
1992-01-17 2170.0 2170.0 2170.0 2170.0
1992-01-20 2170.0 2170.0 2170.0 2170.0
1992-01-21 2170.0 2170.0 2170.0 2170.0
1992-01-22 2170.0 2170.0 2170.0 2170.0
1992-01-23 2191.7 2191.7 2191.7 2191.7
1992-01-24 2191.7 2191.7 2191.7 2191.7
1992-01-27 2213.6 2213.6 2213.6 2213.6
1992-01-28 2213.6 2213.6 2213.6 2213.6
1992-01-29 2235.7 2235.7 2235.7 2235.7
1992-01-30 2235.7 2235.7 2235.7 2235.7
1992-01-31 2235.7 2235.7 2235.7 2235.7
1992-02-03 2258.1 2258.1 2258.1 2258.1
1992-02-07 2280.7 2280.7 2280.7 2280.7
1992-02-10 2303.5 2303.5 2303.5 2303.5
1992-02-11 2326.5 2326.5 2326.5 2326.5
1992-02-12 2326.5 2326.5 2326.5 2326.5
1992-02-13 2338.6 2338.6 2338.6 2338.6
1992-02-14 2362.0 2362.0 2362.0 2362.0
1992-02-17 2362.0 2362.0 2362.0 2362.0
1992-02-18 2385.6 2385.6 2385.6 2385.6
1992-02-19 2409.5 2409.5 2409.5 2409.5
1992-02-20 2433.6 2433.6 2433.6 2433.6
1992-02-21 2433.6 2433.6 2433.6 2433.6
1992-02-24 2433.6 2433.6 2433.6 2433.6
1992-02-25 2457.9 2457.9 2457.9 2457.9
1992-02-26 2457.9 2457.9 2457.9 2457.9
1992-02-27 2457.9 2457.9 2457.9 2457.9
1992-02-28 2482.5 2482.5 2482.5 2482.5
1992-03-02 2507.3 2507.3 2507.3 2507.3
1992-03-03 2532.4 2532.4 2532.4 2532.4
1992-03-04 2532.4 2532.4 2532.4 2532.4
1992-03-05 2557.7 2557.7 2557.7 2557.7
1992-03-06 2583.3 2583.3 2583.3 2583.3
1992-03-09 2609.1 2609.1 2609.1 2609.1
1992-03-10 2635.2 2635.2 2635.2 2635.2
1992-03-11 2635.2 2635.2 2635.2 2635.2
1992-03-12 2661.6 2661.6 2661.6 2661.6
1992-03-16 2688.2 2688.2 2688.2 2688.2
1992-03-17 2715.1 2715.1 2715.1 2715.1
1992-03-18 2742.3 2742.3 2742.3 2742.3
1992-03-20 2769.7 2769.7 2769.7 2769.7
1992-03-25 2725.5 2725.5 2725.5 2725.5
1992-03-26 2752.8 2752.8 2698.2 2698.2
1992-03-27 2780.3 2780.3 2780.3 2780.3
1992-03-30 2808.1 2808.1 2808.1 2808.1
1992-03-31 2836.2 2836.2 2836.2 2836.2
1992-04-01 2864.6 2864.6 2864.6 2864.6
1992-04-02 2893.2 2893.2 2893.2 2893.2
1992-04-03 2922.1 2922.1 2922.1 2922.1
1992-04-06 2951.3 2951.3 2951.3 2951.3
1992-04-22 2321.8 2321.8 2321.8 2321.8
1992-04-23 2295.0 2417.95 2205.7 2205.7
1992-04-24 2205.0 2260.15 2180.3 2180.3
1992-07-27 339.0 341.0 310.0 310.0
1992-07-30 327.0 328.0 324.0 324.0
1992-08-13 256.0 275.0 210.0 210.0
1992-08-17 295.0 295.0 272.0 272.0
1992-10-07 188.7 193.08 185.0 185.0
1992-11-03 108.5 110.0 105.0 105.0
1992-11-27 165.0 196.15 120.0 120.0
1992-11-30 180.5 185.0 165.0 165.0
1992-12-03 188.0 192.0 170.0 170.0
1992-12-07 194.05 194.05 182.0 182.0
1992-12-24 18.15 18.2 17.6 17.6
1992-12-30 19.01 19.3 19.0 19.0
1992-12-31 19.2 19.48 19.1 19.1
1993-01-05 21.66 21.88 20.5 20.5
1993-01-07 21.88 22.1 21.0 21.0
1993-01-11 23.46 23.59 21.0 21.0
1993-01-12 24.8 26.1 24.0 24.0
1993-01-18 24.5 25.5 24.0 24.0
1993-01-20 24.5 24.87 22.4 22.4
1993-02-01 31.09 31.58 27.6 27.6
1993-02-02 32.88 33.3 31.0 31.0
1993-03-19 33.3 35.5 32.8 32.8
1993-04-22 29.74 31.0 28.2 28.2
1993-05-26 23.44 23.98 23.3 23.3
1993-09-15 9.2 9.25 9.15 9.15
1993-09-16 9.13 9.2 9.1 9.1
1993-09-21 9.37 9.5 9.3 9.3
1993-09-23 9.31 9.37 9.26 9.26
1993-09-27 9.38 9.5 9.26 9.26
1994-03-29 7.41 7.48 7.22 7.22
1994-04-04 7.48 7.63 7.4 7.4
1994-04-12 7.03 7.06 6.8 6.8
1994-04-26 5.98 6.0 5.8 5.8
1994-05-24 5.08 5.25 5.0 5.0
1994-05-27 5.47 5.47 5.15 5.15
1994-07-19 3.5 3.51 3.21 3.21
1994-07-20 3.64 3.72 3.5 3.5
1994-08-25 5.68 5.75 5.5 5.5
1994-08-30 6.14 6.65 5.4 5.4
1994-08-31 6.75 7.41 6.51 6.51
1994-09-20 8.22 8.4 8.04 8.04
1994-11-29 4.1 4.1 4.04 4.04
1994-12-02 4.03 4.08 4.01 4.01
1994-12-09 3.74 3.8 3.65 3.65
1994-12-15 3.9 3.98 3.61 3.61
1995-02-22 3.32 3.48 3.04 3.04
1995-04-06 3.45 3.45 3.36 3.36
1995-04-10 3.66 3.78 3.58 3.58
1995-04-12 3.43 3.46 3.35 3.35
1995-04-19 3.42 3.43 3.33 3.33
1995-04-20 3.58 3.58 3.4 3.4
1995-04-25 3.38 3.38 3.31 3.31
1995-05-02 3.16 3.19 3.11 3.11
1995-05-03 3.18 3.2 3.16 3.16
1995-06-01 5.1 5.1 5.0 5.0
1995-06-09 5.08 5.15 4.95 4.95
1995-06-23 4.7 4.75 4.61 4.61
1995-06-29 4.75 4.87 4.7 4.7
1995-08-03 5.09 5.1 4.71 4.71
1995-08-11 5.45 5.58 5.05 5.05
1995-10-13 4.78 4.8 4.7 4.7
1995-11-10 4.85 4.88 4.8 4.8
1995-11-27 4.68 4.82 4.65 4.65
1995-12-12 4.85 4.95 4.67 4.67
1995-12-20 4.8 4.82 4.7 4.7
1996-01-31 4.24 4.26 4.14 4.14
1996-02-06 4.05 4.06 4.0 4.0
1996-02-07 4.06 4.08 4.02 4.02
1996-02-09 4.06 4.06 4.01 4.01
1996-02-12 4.05 4.1 4.0 4.0
1996-02-16 4.4 4.43 4.23 4.23
1996-03-22 4.51 4.53 4.45 4.45
1996-04-01 4.35 4.45 4.35 4.35
1996-04-02 4.42 4.45 4.32 4.32
1996-04-04 4.4 4.44 4.4 4.4
1996-04-22 6.23 6.4 5.0 5.0
1996-07-09 5.65 5.88 5.38 5.38
1996-07-16 5.9 5.92 5.68 5.68
1996-07-18 5.85 5.96 5.74 5.74
1996-08-12 5.62 5.68 5.56 5.56
1996-09-03 5.26 5.41 5.2 5.2
1996-12-17 6.32 6.32 6.32 6.32
1997-02-21 6.35 6.35 5.81 5.81
1997-04-25 7.95 8.2 7.8 7.8
1997-04-29 6.44 6.44 6.44 6.44
1997-04-30 6.32 6.39 5.8 5.8
1997-06-16 4.58 4.68 4.49 4.49
1997-06-20 4.6 4.64 4.38 4.38
1997-07-25 4.15 4.23 4.1 4.1
1997-08-22 4.82 4.89 4.6 4.6
1997-10-10 5.15 5.2 5.09 5.09
1997-11-21 6.9 7.25 6.8 6.8
1997-11-24 6.68 6.9 6.5 6.5
1997-12-02 7.3 7.3 6.6 6.6
1997-12-04 7.12 7.22 7.02 7.02
1997-12-09 6.79 6.88 6.7 6.7
1997-12-23 6.82 7.05 6.63 6.63
1997-12-29 7.4 7.59 6.89 6.89
1998-06-18 7.76 7.85 7.63 7.63
1998-06-22 8.42 8.45 8.1 8.1
1998-07-23 11.07 11.18 10.6 10.6
1998-08-27 9.9 10.2 9.73 9.73
1998-08-28 10.1 10.27 9.89 9.89
1998-09-04 9.95 10.1 9.81 9.81
1998-10-08 9.85 9.9 9.6 9.6
1999-01-12 8.85 9.18 8.8 8.8
1999-01-20 9.1 9.17 9.0 9.0
1999-02-09 8.07 8.1 7.9 7.9
1999-03-02 8.39 8.65 8.05 8.05
1999-04-20 7.78 7.78 7.59 7.59
1999-05-26 8.15 8.15 7.52 7.52
1999-06-01 7.92 7.96 7.63 7.63
1999-09-13 12.53 12.6 12.0 12.0
1999-11-08 12.27 12.45 12.0 12.0
2000-04-06 13.46 13.48 13.0 13.0
2000-04-21 13.85 14.39 13.5 13.5
2000-06-02 12.21 12.4 11.84 11.84
2000-06-07 12.22 12.25 12.05 12.05
2000-07-04 11.5 11.52 11.3 11.3
2000-08-16 13.46 13.49 12.74 12.74
2000-08-21 14.08 14.26 13.7 13.7
2000-09-11 14.05 14.27 13.95 13.95
2000-09-18 14.07 14.47 14.0 14.0
2000-10-12 14.41 14.52 13.71 13.71
2000-10-17 14.33 14.39 14.0 14.0
2000-10-24 14.6 14.78 14.18 14.18
2000-10-30 14.86 15.25 14.8 14.8
2000-11-20 15.42 15.56 15.2 15.2
2000-12-04 15.3 15.44 14.93 14.93
2000-12-08 15.81 16.15 14.96 14.96
2000-12-12 16.15 16.15 15.53 15.53
2001-01-10 16.55 16.9 16.45 16.45
2001-03-08 14.35 14.55 14.1 14.1
2001-03-09 14.48 14.97 14.36 14.36
2001-03-15 14.86 14.94 14.69 14.69
2001-03-16 15.32 15.66 14.9 14.9
2001-03-20 15.68 15.74 15.2 15.2
2001-06-21 15.96 16.0 15.8 15.8
2001-08-01 14.68 14.7 14.18 14.18
2001-08-03 14.6 14.6 14.2 14.2
2001-08-09 14.88 14.95 14.6 14.6
2001-11-14 12.15 12.19 11.9 11.9
2001-11-15 12.39 12.45 12.16 12.16
2001-11-20 13.1 13.15 12.8 12.8
2002-01-18 10.34 10.36 9.91 9.91
2002-04-09 13.79 13.9 13.5 13.5
2002-06-11 14.42 14.45 14.15 14.15
2002-06-18 14.45 14.45 14.0 14.0
2002-07-17 15.65 15.73 15.43 15.43
2002-08-07 15.18 15.3 15.15 15.15
2002-08-08 15.22 15.45 15.18 15.18
2002-08-14 15.05 15.05 14.7 14.7
2002-08-19 15.06 15.16 14.97 14.97
2002-08-21 15.15 15.2 15.06 15.06
2002-08-22 15.49 15.6 15.15 15.15
2002-08-23 15.97 16.09 15.0 15.0
2002-09-02 15.5 15.7 15.46 15.46
2002-09-09 15.02 15.18 15.02 15.02
2002-09-16 15.05 15.23 15.04 15.04
2002-09-20 15.19 15.27 14.48 14.48
2002-10-21 14.52 14.57 14.16 14.16
2002-11-12 14.3 14.5 14.16 14.16
2002-12-10 13.3 14.0 13.15 13.15
2002-12-16 13.24 13.3 12.93 12.93
2002-12-19 13.37 13.48 13.11 13.11
2003-01-14 14.39 14.4 13.5 13.5
2003-01-15 14.37 14.6 14.0 14.0
2003-01-20 14.38 14.4 14.02 14.02
2003-01-22 14.31 14.38 13.94 13.94
2003-02-19 14.13 14.22 14.11 14.11
2003-03-25 14.15 14.15 13.7 13.7
2003-03-26 14.18 14.3 14.0 14.0
2003-05-15 11.4 12.0 11.0 11.0
2003-06-04 13.02 13.02 12.5 12.5
2003-06-09 12.89 13.16 12.86 12.86
2003-11-18 9.81 9.85 9.73 9.73
2003-11-19 9.98 9.98 9.76 9.76
2003-11-20 9.98 10.08 9.88 9.88
2003-11-24 10.05 10.16 9.85 9.85
2003-11-28 9.57 9.66 9.51 9.51
2003-12-04 9.53 9.67 9.48 9.48
2003-12-08 9.53 9.56 9.3 9.3
2004-03-11 10.37 10.48 9.51 9.51
2004-03-26 11.35 11.45 11.0 11.0
2004-09-02 7.88 8.0 7.58 7.58
2004-09-03 7.97 7.99 7.8 7.8
2004-09-23 8.26 8.51 7.85 7.85
2004-12-09 6.89 6.93 6.7 6.7
2005-02-17 4.78 4.8 4.49 4.49
2005-08-01 2.17 2.21 2.12 2.12
2005-11-25 2.55 2.55 2.45 2.45
2006-02-10 2.46 2.49 2.43 2.43
2006-02-13 2.71 2.71 2.47 2.47
2006-03-08 3.57 3.62 3.45 3.45
2006-04-10 2.75 2.75 2.75 2.75
2006-04-11 2.77 2.85 2.48 2.48
2006-10-26 3.13 3.13 3.06 3.06
2006-10-30 2.92 3.02 2.85 2.85
2006-10-31 3.04 3.07 2.89 2.89
2006-11-08 2.89 2.94 2.8 2.8
2006-11-09 2.93 2.96 2.87 2.87
2006-11-15 3.0 3.05 2.81 2.81
2006-11-17 3.12 3.12 2.97 2.97
2006-11-20 3.23 3.28 3.09 3.09
2006-11-28 2.98 2.99 2.92 2.92
2006-12-05 3.04 3.09 2.93 2.93
2007-02-13 3.3 3.3 3.24 3.24
2007-02-14 3.47 3.47 3.47 3.47
2007-02-15 3.64 3.64 3.64 3.64
2007-02-26 4.01 4.01 3.99 3.99
2007-03-19 4.98 5.3 4.82 4.82
2007-03-27 5.1 5.38 4.88 4.88
2007-04-02 5.08 5.08 5.08 5.08
2007-04-03 5.33 5.33 5.33 5.33
2008-07-03 5.43 5.43 4.91 4.91
2008-07-08 6.29 6.29 6.04 6.04
2008-07-10 6.67 6.67 6.22 6.22
2008-09-24 3.59 3.59 3.29 3.29
2008-10-13 3.13 3.15 2.95 2.95
2008-10-16 2.74 2.8 2.74 2.74
2009-01-05 3.9 3.9 3.76 3.76
2009-01-06 4.1 4.1 4.1 4.1
2009-01-07 4.31 4.31 4.31 4.31
2009-04-01 4.79 4.8 4.67 4.67
2009-05-27 4.48 4.54 4.42 4.42
2009-06-08 4.83 4.83 4.65 4.65
2009-08-11 5.37 5.44 5.27 5.27
2009-09-02 4.93 4.97 4.68 4.68
2009-09-04 5.16 5.17 5.06 5.06
2010-02-26 6.55 6.65 6.42 6.42
2010-03-03 6.87 6.96 6.56 6.56
2010-03-08 6.8 6.9 6.56 6.56
2010-03-16 6.81 6.87 6.6 6.6
2010-04-29 7.74 7.74 7.74 7.74
2010-04-30 7.35 7.35 7.35 7.35
2010-05-05 6.87 7.0 6.63 6.63
2010-06-11 7.71 7.74 7.32 7.32
2010-07-01 6.48 6.78 6.3 6.3
2010-07-02 6.71 6.8 6.5 6.5
2010-07-06 6.72 6.81 6.63 6.63
2010-07-14 6.64 6.71 6.51 6.51
2010-07-15 6.7 6.72 6.61 6.61
2010-08-16 7.35 7.43 7.17 7.17
2010-08-18 7.36 7.51 7.26 7.26
2010-09-21 8.12 8.12 7.73 7.73
2010-09-28 8.04 8.17 7.94 7.94
2010-10-11 8.1 8.39 8.02 8.02
2011-01-05 6.93 6.99 6.88 6.88
2011-01-06 7.02 7.08 6.93 6.93
2011-01-07 7.04 7.13 7.02 7.02
2011-01-12 7.19 7.19 6.89 6.89
2011-03-08 8.78 8.78 8.78 8.78
2011-05-13 12.29 12.43 12.11 12.11
2011-06-03 13.51 13.6 13.17 13.17
2011-06-14 13.36 13.47 13.09 13.09
2011-06-22 12.29 12.39 12.21 12.21
2011-09-30 13.19 13.19 13.19 13.19
2011-10-10 13.85 13.85 13.85 13.85
2011-10-13 14.49 14.61 14.08 14.08
2011-11-17 9.95 10.09 9.61 9.61
2011-12-19 6.24 6.49 6.24 6.24
2011-12-22 5.67 5.7 5.67 5.67
2011-12-23 5.42 5.69 5.39 5.39
2011-12-29 4.82 4.96 4.66 4.66
2011-12-30 5.06 5.06 4.83 4.83
2012-02-06 5.9 5.9 5.9 5.9
2012-05-11 5.26 5.26 5.02 5.02
2012-07-09 6.09 6.09 6.09 6.09
2012-07-11 5.5 5.62 5.5 5.5
2012-07-31 4.58 4.58 4.58 4.58
2012-08-01 4.35 4.42 4.35 4.35
2012-08-02 4.13 4.29 4.13 4.13
2012-08-07 4.22 4.22 4.11 4.11
2012-08-09 4.24 4.3 4.05 4.05
2012-08-23 4.73 4.73 4.73 4.73
2012-09-06 4.46 4.47 4.35 4.35
2012-09-12 4.89 4.89 4.63 4.63
2012-09-27 4.8 4.85 4.54 4.54
2012-10-09 5.05 5.07 4.91 4.91
2012-10-12 5.41 5.41 5.06 5.06
2012-10-17 5.25 5.31 5.12 5.12
2012-10-19 5.46 5.46 5.46 5.46
2013-01-08 6.2 6.22 5.96 5.96
2013-01-14 6.49 6.51 6.26 6.26
2013-01-18 7.4 7.4 7.08 7.08
2013-03-06 7.2 7.3 6.8 6.8
2013-07-15 5.89 5.97 5.71 5.71
2013-07-19 6.05 6.08 5.61 5.61
2013-12-27 5.86 5.91 5.75 5.75
2014-02-14 6.97 7.27 6.78 6.78
2014-02-17 7.26 7.34 6.86 6.86
2014-04-17 7.23 7.36 7.2 7.2
2014-04-21 7.25 7.33 7.11 7.11
2014-04-23 7.21 7.27 7.01 7.01
2014-07-02 6.23 6.25 6.13 6.13
2014-08-08 6.84 6.88 6.73 6.73
2014-11-17 9.99 10.45 9.5 9.5
2014-12-10 9.11 9.3 8.72 8.72
2015-04-01 6.78 6.78 6.78 6.78
2015-04-02 6.44 6.44 6.44 6.44
2015-04-03 6.12 6.12 6.12 6.12
2015-04-07 5.81 5.81 5.81 5.81
2015-04-08 5.52 5.52 5.52 5.52
2015-04-09 5.24 5.24 5.24 5.24
2015-04-10 5.5 5.5 4.98 4.98
2015-04-13 5.54 5.75 5.23 5.23
2015-04-21 5.73 5.73 5.73 5.73
2015-04-22 6.02 6.02 6.02 6.02
2015-05-05 6.27 6.27 6.27 6.27
2015-05-06 5.96 6.54 5.96 5.96
2015-05-07 5.66 5.82 5.66 5.66
2016-03-30 5.31 5.31 5.31 5.31
2016-03-31 4.78 4.78 4.78 4.78
2016-04-01 4.3 4.33 4.3 4.3
2016-04-06 4.21 4.38 4.12 4.12
2016-04-13 4.38 4.41 4.32 4.32
