2006-10-24 7.18 7.23 6.7 6.7
2007-01-30 8.13 8.42 8.01 8.01
2007-02-06 8.01 8.04 7.76 7.76
2007-03-07 9.81 9.88 9.21 9.21
2007-04-23 13.1 13.13 12.74 12.74
2007-07-27 16.9 17.1 16.7 16.7
2007-08-02 20.81 20.81 18.91 18.91
2007-09-17 21.25 21.73 20.71 20.71
2007-11-13 9.15 9.45 8.6 8.6
2007-12-13 14.24 15.03 14.2 14.2
2007-12-20 15.21 15.21 14.02 14.02
2008-07-02 9.31 9.6 8.8 8.8
2008-07-07 10.0 10.28 9.75 9.75
2009-02-13 8.11 8.14 7.61 7.61
2009-04-23 8.43 8.43 7.88 7.88
2009-05-04 7.54 7.61 7.3 7.3
2009-07-20 8.6 8.62 8.39 8.39
2009-07-22 8.32 8.38 8.21 8.21
2009-12-07 11.52 11.79 11.2 11.2
2010-03-03 11.54 11.54 10.51 10.51
2010-07-26 8.9 9.07 8.56 8.56
2010-08-06 9.64 9.86 9.38 9.38
2010-08-09 9.75 10.11 9.66 9.66
2010-08-16 9.39 9.42 9.1 9.1
2010-12-31 10.15 10.19 10.0 10.0
2011-02-09 10.32 10.75 10.17 10.17
2011-05-26 11.2 11.2 10.66 10.66
2011-06-01 12.54 12.54 11.05 11.05
2011-06-17 12.83 13.41 12.29 12.29
2011-06-27 14.09 14.09 12.99 12.99
2011-06-30 14.09 14.16 13.72 13.72
2011-12-30 8.28 8.28 8.09 8.09
2013-04-02 6.26 6.37 6.17 6.17
2013-05-24 6.1 6.1 6.02 6.02
2013-05-28 6.25 6.26 6.14 6.14
2013-05-30 6.26 6.28 6.21 6.21
2013-06-06 6.23 6.28 6.08 6.08
2013-07-05 5.42 5.45 5.29 5.29
2013-08-22 5.67 5.69 5.56 5.56
2013-12-09 6.39 6.44 6.31 6.31
2014-03-17 6.38 6.39 6.23 6.23
2014-08-29 7.47 7.49 7.39 7.39
2014-10-29 8.58 8.68 8.48 8.48
2014-12-31 11.78 12.0 11.14 11.14
2015-01-08 11.7 12.04 11.6 11.6
2015-02-12 12.39 12.55 12.01 12.01
2015-02-13 12.54 12.65 12.39 12.39
2015-02-16 13.6 13.79 12.6 12.6
2015-05-18 22.63 23.57 21.46 21.46
2015-07-03 12.0 12.8 12.0 12.0
2015-07-13 11.88 11.88 11.88 11.88
2015-07-14 13.07 13.07 13.07 13.07
2015-07-27 17.79 19.61 17.0 17.0
2015-08-04 16.37 16.37 14.71 14.71
2016-06-14 14.95 15.01 14.66 14.66
2017-01-04 9.0 9.03 8.88 8.88
2017-02-06 8.8 8.85 8.71 8.71
2017-02-07 8.82 8.84 8.76 8.76
2017-03-20 8.65 8.68 8.57 8.57
2017-03-28 8.48 8.52 8.45 8.45
2017-05-19 6.42 6.5 6.38 6.38
