2000-06-27 20.15 20.6 19.86 19.86
2000-07-12 19.81 20.0 19.7 19.7
2000-07-13 20.56 20.85 20.0 20.0
2000-07-20 20.12 20.21 20.08 20.08
2000-09-14 20.79 20.9 20.51 20.51
2000-09-20 20.95 21.0 20.35 20.35
2000-09-25 21.4 21.55 20.95 20.95
2000-12-13 24.06 24.3 23.95 23.95
2001-02-09 20.31 20.39 20.0 20.0
2001-02-14 20.37 20.45 20.1 20.1
2001-02-19 20.04 20.1 19.61 19.61
2001-03-20 20.2 20.48 20.2 20.2
2001-03-26 22.18 22.26 21.27 21.27
2001-05-11 21.97 22.45 21.6 21.6
2001-05-17 22.28 22.35 21.8 21.8
2001-06-12 23.18 23.3 22.82 22.82
2001-07-02 25.74 25.87 25.0 25.0
2001-07-20 23.36 23.59 22.9 22.9
2001-08-09 20.12 20.19 19.75 19.75
2001-08-10 20.48 20.65 20.15 20.15
2001-09-18 17.53 17.61 17.33 17.33
2001-12-28 14.52 14.58 14.25 14.25
2002-02-07 15.96 16.12 15.75 15.75
2002-02-08 15.92 16.3 15.9 15.9
2002-03-14 17.18 17.2 16.75 16.75
2002-04-26 16.29 16.37 16.12 16.12
2002-06-20 13.76 13.92 13.6 13.6
2002-08-27 15.89 16.0 15.41 15.41
2002-11-04 14.83 14.9 14.61 14.61
2002-11-06 14.99 15.11 14.9 14.9
2002-12-16 13.46 13.58 13.35 13.35
2002-12-18 13.45 13.6 13.45 13.45
2002-12-23 13.61 13.67 13.45 13.45
2003-01-13 12.9 13.0 12.83 12.83
2003-03-03 14.23 14.38 14.1 14.1
2003-03-21 13.96 14.05 13.87 13.87
2003-03-26 13.86 13.99 13.7 13.7
2003-06-18 12.11 12.6 12.08 12.08
2003-07-10 11.75 11.95 11.61 11.61
2003-09-16 10.67 10.68 10.48 10.48
2003-10-13 8.8 8.9 8.51 8.51
2003-10-21 8.11 8.3 8.1 8.1
2003-11-11 7.42 7.45 7.22 7.22
2003-11-14 7.3 7.3 7.16 7.16
2003-11-19 7.33 7.38 7.08 7.08
2004-03-05 8.98 9.17 8.9 8.9
2004-05-28 9.1 9.17 9.04 9.04
2004-06-01 9.18 9.2 9.0 9.0
2004-07-12 8.42 8.46 8.22 8.22
2004-08-16 8.24 8.39 8.0 8.0
2004-08-27 8.3 8.47 8.28 8.28
2004-08-31 8.6 8.88 8.5 8.5
2004-11-24 8.31 8.34 8.25 8.25
2004-11-29 8.16 8.46 8.12 8.12
2004-12-02 8.02 8.04 7.88 7.88
2005-01-14 7.0 7.05 6.93 6.93
2005-02-16 6.77 6.88 6.71 6.71
2005-03-09 7.1 7.17 6.95 6.95
2005-04-06 6.97 7.04 6.79 6.79
2005-04-07 7.06 7.18 6.97 6.97
2005-06-08 5.98 5.99 5.5 5.5
2005-12-08 6.36 6.39 6.28 6.28
2005-12-09 6.47 6.56 6.31 6.31
2005-12-12 6.48 6.55 6.41 6.41
2006-03-10 6.75 6.75 6.67 6.67
2006-03-13 6.91 6.94 6.7 6.7
2006-06-28 10.8 11.09 10.5 10.5
2006-08-18 11.41 11.65 11.38 11.38
2006-08-23 12.17 12.78 11.95 11.95
2006-09-21 14.65 15.05 14.52 14.52
2006-11-27 14.67 14.95 14.41 14.41
2006-12-12 15.35 15.68 14.76 14.76
2007-03-19 22.46 23.0 20.71 20.71
2007-03-26 24.63 24.63 22.55 22.55
2007-04-03 23.5 23.75 22.86 22.86
2007-05-16 29.49 29.51 28.3 28.3
2007-05-17 30.9 31.5 29.37 29.37
2007-06-21 51.21 51.21 46.22 46.22
2007-07-30 46.57 47.58 45.0 45.0
2007-08-02 47.8 48.0 44.9 44.9
2007-08-20 48.93 49.5 46.61 46.61
2007-09-07 54.45 58.32 53.15 53.15
2007-12-26 48.0 48.15 45.58 45.58
2007-12-28 48.57 49.5 47.68 47.68
2008-01-02 51.81 53.07 48.01 48.01
2008-01-29 40.06 41.2 38.35 38.35
2008-04-15 31.19 31.23 29.1 29.1
2008-08-12 16.55 16.55 16.55 16.55
2008-08-13 15.15 16.5 14.9 14.9
2008-08-15 13.61 14.28 13.4 13.4
2008-11-20 9.03 9.2 8.3 8.3
2008-12-10 10.43 10.5 9.47 9.47
2009-02-02 11.11 11.2 10.85 10.85
2009-02-03 11.99 12.22 11.09 11.09
2009-02-04 13.15 13.19 12.0 12.0
2009-02-06 15.05 15.05 13.78 13.78
2009-09-17 20.27 20.65 20.02 20.02
2009-10-28 16.92 16.97 16.52 16.52
2010-08-09 22.69 22.99 20.65 20.65
2010-09-30 23.39 23.78 23.07 23.07
2010-12-29 22.3 22.37 22.0 22.0
2011-04-11 22.97 23.26 22.88 22.88
2012-04-11 13.28 13.28 12.9 12.9
2012-08-03 12.23 12.24 11.95 11.95
2012-08-29 11.96 12.06 11.91 11.91
2013-05-10 13.82 13.92 12.6 12.6
2013-05-20 14.48 14.85 13.91 13.91
2013-09-13 15.05 15.13 14.73 14.73
2013-10-11 14.16 14.32 14.0 14.0
2014-03-17 13.7 13.9 13.3 13.3
2014-04-17 14.54 14.57 14.26 14.26
2014-04-21 14.95 15.04 14.57 14.57
2014-05-22 15.11 15.19 15.02 15.02
2014-08-11 14.79 14.81 14.55 14.55
2015-01-26 17.71 17.8 16.95 16.95
2015-02-03 16.88 17.09 16.8 16.8
2015-02-09 16.34 16.49 16.05 16.05
2015-12-28 22.45 22.45 22.45 22.45
2015-12-29 24.7 24.7 24.7 24.7
2015-12-30 27.17 27.17 27.17 27.17
2015-12-31 29.89 29.89 29.89 29.89
2016-01-04 32.88 32.88 32.88 32.88
2016-03-18 20.81 21.05 19.9 19.9
2016-07-29 20.67 21.38 20.0 20.0
2016-08-02 19.01 19.05 18.66 18.66
2017-01-03 23.66 23.98 22.9 22.9
2017-02-27 25.21 25.61 24.85 24.85
2017-03-01 26.16 27.41 25.24 25.24
2017-03-06 26.62 26.88 26.1 26.1
2017-03-13 26.21 26.35 25.9 25.9
2017-03-16 26.77 26.95 26.0 26.0
2017-05-10 26.39 26.92 26.3 26.3
2017-06-08 22.17 22.3 21.1 21.1
