2000-06-19 19.74 20.08 19.28 19.28
2000-06-27 20.15 20.6 19.86 19.86
2000-07-07 19.94 20.0 19.5 19.5
2000-07-12 19.81 20.0 19.7 19.7
2000-07-13 20.56 20.85 20.0 20.0
2000-07-20 20.12 20.21 20.08 20.08
2000-08-28 21.28 21.55 21.01 21.01
2000-09-11 20.41 20.71 20.4 20.4
2000-09-14 20.79 20.9 20.51 20.51
2000-09-20 20.95 21.0 20.35 20.35
2000-09-25 21.4 21.55 20.95 20.95
2000-10-23 22.25 22.45 21.9 21.9
2000-11-15 23.95 24.0 23.58 23.58
2000-12-11 24.0 24.3 23.34 23.34
2000-12-13 24.06 24.3 23.95 23.95
2001-01-19 21.68 21.95 21.3 21.3
2001-02-09 20.31 20.39 20.0 20.0
2001-02-14 20.37 20.45 20.1 20.1
2001-02-19 20.04 20.1 19.61 19.61
2001-03-15 20.75 21.0 20.4 20.4
2001-03-20 20.2 20.48 20.2 20.2
2001-03-26 22.18 22.26 21.27 21.27
2001-04-27 22.68 22.89 22.5 22.5
2001-05-11 21.97 22.45 21.6 21.6
2001-05-17 22.28 22.35 21.8 21.8
2001-05-30 22.7 22.79 22.45 22.45
2001-06-08 22.84 22.96 22.68 22.68
2001-06-12 23.18 23.3 22.82 22.82
2001-06-29 24.88 25.35 24.65 24.65
2001-07-02 25.74 25.87 25.0 25.0
2001-07-18 22.9 23.24 22.6 22.6
2001-07-20 23.36 23.59 22.9 22.9
2001-08-01 20.66 20.75 20.0 20.0
2001-08-09 20.12 20.19 19.75 19.75
2001-08-10 20.48 20.65 20.15 20.15
2001-09-04 18.36 18.5 17.88 17.88
2001-09-13 17.99 18.2 17.9 17.9
2001-09-18 17.53 17.61 17.33 17.33
2001-11-13 14.22 14.52 13.41 13.41
2001-12-27 14.15 14.88 14.0 14.0
2001-12-28 14.52 14.58 14.25 14.25
2002-01-31 16.45 16.61 15.26 15.26
2002-02-07 15.96 16.12 15.75 15.75
2002-02-08 15.92 16.3 15.9 15.9
2002-03-07 17.01 17.06 16.54 16.54
2002-03-14 17.18 17.2 16.75 16.75
2002-04-25 16.12 16.47 15.91 15.91
2002-04-26 16.29 16.37 16.12 16.12
2002-06-18 13.75 13.8 13.5 13.5
2002-06-20 13.76 13.92 13.6 13.6
2002-07-01 15.5 15.67 15.41 15.41
2002-07-11 15.33 15.45 15.15 15.15
2002-08-13 14.5 14.6 14.46 14.46
2002-08-22 15.28 15.6 15.08 15.08
2002-08-27 15.89 16.0 15.41 15.41
2002-09-10 15.96 16.18 15.45 15.45
2002-10-15 14.9 15.25 14.9 14.9
2002-10-31 14.44 14.58 14.4 14.4
2002-11-04 14.83 14.9 14.61 14.61
2002-11-06 14.99 15.11 14.9 14.9
2002-12-03 13.39 13.4 13.13 13.13
2002-12-12 13.26 13.35 13.1 13.1
2002-12-16 13.46 13.58 13.35 13.35
2002-12-18 13.45 13.6 13.45 13.45
2002-12-23 13.61 13.67 13.45 13.45
2003-01-09 12.95 12.95 12.6 12.6
2003-01-13 12.9 13.0 12.83 12.83
2003-02-14 14.65 14.97 14.62 14.62
2003-02-25 14.4 14.41 14.12 14.12
2003-03-03 14.23 14.38 14.1 14.1
2003-03-18 13.99 14.17 13.86 13.86
2003-03-21 13.96 14.05 13.87 13.87
2003-03-26 13.86 13.99 13.7 13.7
2003-04-08 13.58 14.0 13.51 13.51
2003-06-03 12.29 12.54 12.2 12.2
2003-06-12 11.99 12.35 11.8 11.8
2003-06-18 12.11 12.6 12.08 12.08
2003-07-03 11.9 12.12 11.85 11.85
2003-07-10 11.75 11.95 11.61 11.61
2003-08-07 10.85 10.89 10.77 10.77
2003-08-19 10.6 10.68 10.47 10.47
2003-08-28 10.62 10.91 10.53 10.53
2003-09-08 11.22 11.33 11.17 11.17
2003-09-16 10.67 10.68 10.48 10.48
2003-09-30 8.82 8.83 8.63 8.63
2003-10-13 8.8 8.9 8.51 8.51
2003-10-21 8.11 8.3 8.1 8.1
2003-11-03 7.35 7.4 7.21 7.21
2003-11-11 7.42 7.45 7.22 7.22
2003-11-14 7.3 7.3 7.16 7.16
2003-11-19 7.33 7.38 7.08 7.08
2004-01-29 9.45 9.5 9.08 9.08
2004-03-01 9.27 9.28 9.12 9.12
2004-03-05 8.98 9.17 8.9 8.9
2004-05-26 8.88 8.95 8.8 8.8
2004-05-28 9.1 9.17 9.04 9.04
2004-06-01 9.18 9.2 9.0 9.0
2004-07-09 8.4 8.46 8.21 8.21
2004-07-12 8.42 8.46 8.22 8.22
2004-08-04 8.7 8.92 8.29 8.29
2004-08-13 8.42 8.62 8.39 8.39
2004-08-16 8.24 8.39 8.0 8.0
2004-08-25 8.46 8.75 8.38 8.38
2004-08-27 8.3 8.47 8.28 8.28
2004-08-31 8.6 8.88 8.5 8.5
2004-09-14 8.3 8.43 8.11 8.11
2004-10-11 8.97 9.2 8.85 8.85
2004-11-08 7.76 7.81 7.7 7.7
2004-11-19 8.38 8.45 8.29 8.29
2004-11-24 8.31 8.34 8.25 8.25
2004-11-29 8.16 8.46 8.12 8.12
2004-12-02 8.02 8.04 7.88 7.88
2004-12-21 7.17 7.19 7.08 7.08
2005-01-07 6.82 6.88 6.63 6.63
2005-01-14 7.0 7.05 6.93 6.93
2005-02-04 6.71 6.75 6.51 6.51
2005-02-16 6.77 6.88 6.71 6.71
2005-03-08 6.92 6.94 6.72 6.72
2005-03-09 7.1 7.17 6.95 6.95
2005-03-29 6.84 6.98 6.8 6.8
2005-04-06 6.97 7.04 6.79 6.79
2005-04-07 7.06 7.18 6.97 6.97
2005-05-31 5.86 5.98 5.82 5.82
2005-06-08 5.98 5.99 5.5 5.5
2005-06-27 5.85 5.94 5.68 5.68
2005-07-14 5.45 5.55 5.41 5.41
2005-08-05 5.64 5.66 5.42 5.42
2005-08-22 6.1 6.12 5.75 5.75
2005-10-27 6.1 6.16 6.05 6.05
2005-11-18 6.27 6.35 6.12 6.12
2005-12-07 6.28 6.28 6.16 6.16
2005-12-08 6.36 6.39 6.28 6.28
2005-12-09 6.47 6.56 6.31 6.31
2005-12-12 6.48 6.55 6.41 6.41
2006-01-05 7.09 7.1 6.91 6.91
2006-02-06 7.58 7.62 7.33 7.33
2006-03-09 6.68 6.77 6.65 6.65
2006-03-10 6.75 6.75 6.67 6.67
2006-03-13 6.91 6.94 6.7 6.7
2006-04-04 8.09 8.09 8.09 8.09
2006-04-26 8.86 8.9 8.41 8.41
2006-05-26 9.46 9.57 9.13 9.13
2006-06-22 9.98 10.0 9.6 9.6
2006-06-28 10.8 11.09 10.5 10.5
2006-07-14 10.51 10.94 9.85 9.85
2006-07-27 11.89 12.12 11.43 11.43
2006-08-17 11.36 11.47 11.12 11.12
2006-08-18 11.41 11.65 11.38 11.38
2006-08-23 12.17 12.78 11.95 11.95
2006-09-04 14.75 14.75 13.35 13.35
2006-09-18 14.38 14.6 14.05 14.05
2006-09-21 14.65 15.05 14.52 14.52
2006-10-17 13.63 13.78 13.53 13.53
2006-11-09 14.11 14.35 13.76 13.76
2006-11-22 13.59 14.19 13.1 13.1
2006-11-27 14.67 14.95 14.41 14.41
2006-12-11 14.72 14.82 14.11 14.11
2006-12-12 15.35 15.68 14.76 14.76
2007-01-19 20.59 20.98 19.05 19.05
2007-02-05 17.62 17.9 17.28 17.28
2007-03-15 22.74 23.25 21.0 21.0
2007-03-19 22.46 23.0 20.71 20.71
2007-03-26 24.63 24.63 22.55 22.55
2007-04-03 23.5 23.75 22.86 22.86
2007-04-16 26.92 27.0 25.04 25.04
2007-05-08 30.87 31.7 30.6 30.6
2007-05-16 29.49 29.51 28.3 28.3
2007-05-17 30.9 31.5 29.37 29.37
2007-05-30 37.27 37.27 32.1 32.1
2007-06-13 47.3 47.3 43.0 43.0
2007-06-21 51.21 51.21 46.22 46.22
2007-07-23 43.19 43.48 41.95 41.95
2007-07-30 46.57 47.58 45.0 45.0
2007-08-02 47.8 48.0 44.9 44.9
2007-08-17 46.17 47.35 45.86 45.86
2007-08-20 48.93 49.5 46.61 46.61
2007-09-06 53.02 53.02 47.97 47.97
2007-09-07 54.45 58.32 53.15 53.15
2007-09-24 47.36 48.5 45.6 45.6
2007-12-19 45.86 47.1 44.61 44.61
2007-12-26 48.0 48.15 45.58 45.58
2007-12-28 48.57 49.5 47.68 47.68
2008-01-02 51.81 53.07 48.01 48.01
2008-01-24 42.08 43.0 41.05 41.05
2008-01-29 40.06 41.2 38.35 38.35
2008-04-11 32.66 33.9 31.67 31.67
2008-04-15 31.19 31.23 29.1 29.1
2008-06-05 29.12 29.65 29.04 29.04
2008-06-24 21.12 21.12 18.96 18.96
2008-08-06 21.77 22.36 20.93 20.93
2008-08-12 16.55 16.55 16.55 16.55
2008-08-13 15.15 16.5 14.9 14.9
2008-08-15 13.61 14.28 13.4 13.4
2008-10-28 6.97 7.08 6.55 6.55
2008-11-12 7.75 7.8 7.53 7.53
2008-11-20 9.03 9.2 8.3 8.3
2008-12-03 8.69 8.76 8.3 8.3
2008-12-10 10.43 10.5 9.47 9.47
2009-01-20 11.3 11.58 11.06 11.06
2009-02-02 11.11 11.2 10.85 10.85
2009-02-03 11.99 12.22 11.09 11.09
2009-02-04 13.15 13.19 12.0 12.0
2009-02-06 15.05 15.05 13.78 13.78
2009-05-04 16.81 16.92 16.03 16.03
2009-06-18 16.12 16.27 15.89 15.89
2009-07-22 17.4 17.53 17.15 17.15
2009-08-03 19.61 19.69 18.35 18.35
2009-09-14 20.61 20.86 19.95 19.95
2009-09-17 20.27 20.65 20.02 20.02
2009-10-13 17.33 17.34 16.6 16.6
2009-10-23 18.02 18.33 17.61 17.61
2009-10-28 16.92 16.97 16.52 16.52
2009-11-19 22.15 22.6 20.75 20.75
2009-12-07 24.05 24.6 22.48 22.48
2010-02-26 23.1 23.2 22.81 22.81
2010-03-17 21.48 21.49 21.11 21.11
2010-04-16 23.05 23.34 22.82 22.82
2010-05-05 20.96 21.0 20.28 20.28
2010-05-24 18.79 19.0 18.19 18.19
2010-06-09 19.16 19.26 18.81 18.81
2010-06-28 18.71 18.8 18.33 18.33
2010-07-14 18.43 18.69 18.28 18.28
2010-08-02 19.52 19.7 19.01 19.01
2010-08-09 22.69 22.99 20.65 20.65
2010-08-23 22.19 22.39 21.95 21.95
2010-09-27 24.68 25.0 22.63 22.63
2010-09-30 23.39 23.78 23.07 23.07
2010-10-25 22.96 23.38 22.65 22.65
2010-11-04 22.48 22.5 22.03 22.03
2010-11-25 24.93 25.9 24.6 24.6
2010-12-10 24.42 24.5 23.2 23.2
2010-12-21 25.21 25.5 24.46 24.46
2010-12-29 22.3 22.37 22.0 22.0
2011-01-19 22.31 22.57 20.63 20.63
2011-02-10 22.89 22.95 22.51 22.51
2011-03-07 26.16 27.31 24.85 24.85
2011-03-30 23.04 23.07 22.6 22.6
2011-04-11 22.97 23.26 22.88 22.88
2011-04-29 20.97 21.0 20.58 20.58
2011-06-21 16.81 16.85 16.42 16.42
2011-07-04 18.1 18.15 17.59 17.59
2011-07-13 17.16 17.19 16.85 16.85
2011-07-29 17.24 17.45 17.06 17.06
2011-08-29 18.26 18.7 18.2 18.2
2011-10-27 15.19 15.43 15.02 15.02
2012-03-08 14.69 14.7 14.3 14.3
2012-04-06 13.34 13.6 13.12 13.12
2012-04-11 13.28 13.28 12.9 12.9
2012-05-08 14.04 14.15 13.9 13.9
2012-06-05 12.59 12.74 12.55 12.55
2012-08-01 12.21 12.26 12.0 12.0
2012-08-03 12.23 12.24 11.95 11.95
2012-08-23 12.31 12.32 12.18 12.18
2012-08-29 11.96 12.06 11.91 11.91
2012-10-18 11.94 11.96 11.82 11.82
2012-10-30 11.33 11.44 11.31 11.31
2012-12-07 10.19 10.19 9.83 9.83
2013-01-08 11.55 11.6 11.28 11.28
2013-02-25 14.26 14.38 13.72 13.72
2013-04-09 12.43 12.54 12.27 12.27
2013-04-19 13.3 13.39 12.97 12.97
2013-05-03 12.64 12.83 12.52 12.52
2013-05-10 13.82 13.92 12.6 12.6
2013-05-20 14.48 14.85 13.91 13.91
2013-07-09 14.05 14.06 13.15 13.15
2013-07-31 14.18 14.24 13.57 13.57
2013-08-09 13.86 14.07 13.8 13.8
2013-09-03 15.56 15.8 14.99 14.99
2013-09-12 14.76 15.06 14.66 14.66
2013-09-13 15.05 15.13 14.73 14.73
2013-10-10 13.94 14.2 13.85 13.85
2013-10-11 14.16 14.32 14.0 14.0
2013-10-30 12.71 12.74 12.51 12.51
2014-03-14 14.27 14.27 14.27 14.27
2014-03-17 13.7 13.9 13.3 13.3
2014-04-11 14.56 14.66 14.32 14.32
2014-04-17 14.54 14.57 14.26 14.26
2014-04-21 14.95 15.04 14.57 14.57
2014-05-20 15.1 15.24 14.8 14.8
2014-05-22 15.11 15.19 15.02 15.02
2014-06-20 14.47 14.51 14.2 14.2
2014-07-01 14.77 14.98 14.6 14.6
2014-08-08 14.53 14.55 14.36 14.36
2014-08-11 14.79 14.81 14.55 14.55
2014-12-16 16.76 16.76 16.76 16.76
2015-01-20 16.11 16.25 15.85 15.85
2015-01-26 17.71 17.8 16.95 16.95
2015-02-03 16.88 17.09 16.8 16.8
2015-02-09 16.34 16.49 16.05 16.05
2015-12-25 20.41 20.41 20.41 20.41
2015-12-28 22.45 22.45 22.45 22.45
2015-12-29 24.7 24.7 24.7 24.7
2015-12-30 27.17 27.17 27.17 27.17
2015-12-31 29.89 29.89 29.89 29.89
2016-01-04 32.88 32.88 32.88 32.88
2016-01-14 24.36 24.4 22.02 22.02
2016-02-02 23.79 23.79 21.58 21.58
2016-03-07 19.35 19.5 18.98 18.98
2016-03-17 19.87 19.99 19.13 19.13
2016-03-18 20.81 21.05 19.9 19.9
2016-03-30 21.59 21.63 20.99 20.99
2016-05-31 20.02 20.08 19.35 19.35
2016-07-25 20.33 20.43 19.98 19.98
2016-07-29 20.67 21.38 20.0 20.0
2016-08-02 19.01 19.05 18.66 18.66
2016-09-05 22.36 22.69 20.88 20.88
2016-09-19 23.95 24.0 21.95 21.95
2016-10-17 25.11 25.58 23.81 23.81
2016-11-10 25.35 25.7 25.18 25.18
2016-12-05 23.69 24.24 23.59 23.59
2016-12-26 22.61 22.65 21.7 21.7
2017-01-03 23.66 23.98 22.9 22.9
2017-01-24 24.9 25.16 24.86 24.86
2017-02-09 25.07 25.08 24.53 24.53
2017-02-22 24.8 24.81 24.39 24.39
2017-02-27 25.21 25.61 24.85 24.85
2017-03-01 26.16 27.41 25.24 25.24
2017-03-06 26.62 26.88 26.1 26.1
2017-03-13 26.21 26.35 25.9 25.9
2017-03-16 26.77 26.95 26.0 26.0
2017-04-07 29.2 29.4 27.56 27.56
2017-04-19 28.4 28.46 27.15 27.15
2017-05-09 26.24 26.35 25.37 25.37
2017-05-10 26.39 26.92 26.3 26.3
2017-06-07 21.28 21.53 20.76 20.76
2017-06-08 22.17 22.3 21.1 21.1
2017-06-29 23.51 23.52 22.75 22.75
