2003-07-08 8.98 9.01 8.85 8.85
2003-07-09 9.03 9.13 9.0 9.0
2003-07-10 9.14 9.18 9.0 9.0
2003-09-26 7.14 7.18 7.11 7.11
2003-11-28 6.7 6.92 6.39 6.39
2003-12-04 6.9 6.94 6.75 6.75
2004-01-08 6.56 6.65 6.32 6.32
2004-04-01 7.93 8.1 7.72 7.72
2004-05-21 7.25 7.27 7.16 7.16
2004-05-26 7.17 7.19 6.95 6.95
2004-06-11 7.77 7.93 7.49 7.49
2004-06-15 7.65 7.7 7.51 7.51
2004-06-23 7.0 7.03 6.96 6.96
2004-07-15 6.09 6.15 6.03 6.03
2004-08-06 6.4 6.7 6.38 6.38
2004-08-13 6.44 6.55 6.36 6.36
2004-09-15 6.73 6.77 6.49 6.49
2004-10-19 7.27 7.4 7.1 7.1
2004-10-20 7.34 7.35 7.22 7.22
2004-11-08 7.17 7.24 6.95 6.95
2004-11-09 7.21 7.27 7.14 7.14
2004-11-15 7.35 7.48 7.18 7.18
2004-11-16 7.58 7.59 7.36 7.36
2005-03-28 6.72 6.99 6.71 6.71
2005-04-14 6.45 6.58 6.4 6.4
2005-05-17 5.71 5.76 5.53 5.53
2005-06-27 5.76 5.9 5.47 5.47
2005-07-05 5.46 5.48 5.3 5.3
2005-09-26 5.7 5.71 5.62 5.62
2005-09-29 5.87 5.89 5.75 5.75
2005-09-30 5.81 5.89 5.8 5.8
2005-10-21 5.45 5.46 5.34 5.34
2005-11-04 5.17 5.2 5.08 5.08
2005-11-24 5.07 5.1 5.0 5.0
2005-11-30 5.02 5.03 4.94 4.94
2005-12-07 4.74 4.74 4.65 4.65
2005-12-15 4.83 4.92 4.8 4.8
2005-12-20 4.85 4.88 4.82 4.82
2005-12-23 4.99 5.01 4.9 4.9
2006-01-13 5.28 5.32 5.2 5.2
2006-01-16 5.13 5.33 5.1 5.1
2006-05-15 8.03 8.03 7.3 7.3
2006-06-13 7.31 7.47 7.01 7.01
2006-06-15 7.88 8.03 7.43 7.43
2006-10-18 5.99 6.02 5.88 5.88
2006-10-24 5.67 5.7 5.58 5.58
2006-10-25 6.24 6.24 5.66 5.66
2007-02-05 6.47 6.55 6.35 6.35
2007-03-19 7.4 7.43 7.05 7.05
2007-03-22 8.59 8.59 8.03 8.03
2007-07-23 8.57 8.59 8.09 8.09
2007-07-30 9.29 9.57 9.19 9.19
2007-11-29 8.44 8.47 8.29 8.29
2007-12-17 9.25 9.53 9.18 9.18
2007-12-20 9.39 9.54 9.32 9.32
2007-12-21 9.42 9.5 9.32 9.32
2008-01-29 10.58 10.65 10.0 10.0
2008-06-24 6.21 6.27 5.99 5.99
2008-06-25 6.83 6.83 6.12 6.12
2008-06-30 6.26 6.4 6.1 6.1
2008-10-23 4.63 4.69 4.34 4.34
2009-01-09 5.83 5.85 5.64 5.64
2009-01-14 5.84 5.87 5.7 5.7
2009-01-16 5.88 5.97 5.85 5.85
2009-02-10 6.66 6.77 6.42 6.42
2009-03-19 7.14 7.19 7.03 7.03
2009-05-22 7.53 7.59 7.45 7.45
2009-06-17 7.91 7.98 7.81 7.81
2009-06-19 7.86 7.93 7.77 7.77
2009-09-07 7.52 7.7 7.39 7.39
2009-09-11 7.54 7.59 7.45 7.45
2009-09-17 7.9 7.94 7.73 7.73
2009-11-10 9.18 9.37 9.01 9.01
2009-11-17 9.72 9.95 9.7 9.7
2009-12-28 11.5 11.62 11.09 11.09
2010-02-22 11.25 11.44 10.96 10.96
2010-06-21 12.57 12.59 11.2 11.2
2010-06-23 12.58 12.9 12.32 12.32
2010-07-22 11.33 11.35 11.09 11.09
2010-12-08 12.18 12.33 12.05 12.05
2010-12-13 12.36 12.5 11.84 11.84
2011-03-28 12.63 12.65 12.5 12.5
2011-11-14 9.27 9.28 9.14 9.14
2011-11-22 8.72 8.73 8.58 8.58
2012-11-01 5.87 5.9 5.75 5.75
2012-12-07 6.03 6.05 5.92 5.92
2013-02-01 6.22 6.25 6.12 6.12
2013-04-17 5.8 5.81 5.6 5.6
2013-04-22 5.84 5.85 5.8 5.8
2013-05-30 6.17 6.26 6.08 6.08
2013-11-01 5.8 5.84 5.76 5.76
2013-11-04 5.84 5.86 5.78 5.78
2013-11-25 6.09 6.17 6.08 6.08
2013-11-29 6.19 6.2 6.14 6.14
2014-01-15 5.8 5.8 5.7 5.7
2014-01-21 5.85 5.86 5.71 5.71
2014-01-24 6.05 6.08 5.96 5.96
2014-01-29 6.01 6.05 5.98 5.98
2014-02-07 6.03 6.06 5.97 5.97
2014-04-04 6.42 6.43 6.34 6.34
2014-04-08 6.55 6.56 6.38 6.38
2014-04-16 6.77 6.79 6.65 6.65
2014-04-30 6.39 6.4 6.25 6.25
2014-05-08 6.36 6.44 6.26 6.26
2014-08-15 7.33 7.34 7.23 7.23
2014-08-22 7.79 8.1 7.55 7.55
2014-10-28 9.18 9.26 8.86 8.86
2014-10-29 9.29 9.39 9.18 9.18
2014-10-31 9.36 9.55 9.17 9.17
2014-11-03 9.82 9.89 9.36 9.36
2015-04-03 13.14 13.22 12.56 12.56
2015-05-14 13.48 13.7 13.1 13.1
2015-06-05 20.95 21.78 19.95 19.95
2015-07-09 8.1 8.1 6.72 6.72
2015-08-04 10.74 10.75 10.06 10.06
2015-08-25 10.18 10.4 10.18 10.18
2015-12-08 15.76 16.5 15.01 15.01
2015-12-22 17.05 17.9 16.52 16.52
2016-02-16 13.87 13.95 13.4 13.4
2016-03-17 13.78 14.0 12.5 12.5
2016-04-08 15.82 16.09 15.4 15.4
2016-04-11 16.01 16.92 15.82 15.82
2016-08-23 13.58 13.75 13.3 13.3
2016-08-30 13.62 13.77 13.55 13.55
2016-09-20 13.82 13.97 13.35 13.35
2016-09-28 13.87 14.04 13.75 13.75
2016-09-29 13.92 14.15 13.84 13.84
2016-09-30 14.23 14.3 13.97 13.97
2016-10-10 14.35 14.42 14.18 14.18
2017-01-26 15.16 15.33 15.05 15.05
2017-02-08 15.65 15.8 15.47 15.47
2017-03-24 14.72 14.82 14.65 14.65
