1996-10-25 9.45 9.68 9.03 9.03
1996-11-04 9.94 10.0 9.35 9.35
1996-12-17 9.87 10.4 9.87 9.87
1997-01-17 9.7 9.75 9.58 9.58
1997-01-27 10.06 10.18 9.75 9.75
1997-01-29 9.93 9.95 9.81 9.81
1997-02-19 9.3 9.39 8.8 8.8
1997-02-20 9.18 9.3 8.37 8.37
1997-02-27 10.66 10.99 10.5 10.5
1997-06-13 8.59 8.75 8.03 8.03
1997-06-16 8.78 8.85 8.59 8.59
1997-11-13 8.27 8.28 7.99 7.99
1997-11-14 8.2 8.4 8.15 8.15
1997-12-10 8.1 8.18 7.98 7.98
1997-12-26 10.48 10.6 9.8 9.8
1998-02-27 11.39 11.6 11.28 11.28
1998-03-03 11.36 11.37 10.69 10.69
1998-03-06 11.37 11.58 11.25 11.25
1998-03-12 11.3 11.76 11.0 11.0
1998-03-31 7.24 7.33 6.68 6.68
1998-04-14 7.85 7.95 7.7 7.7
1998-05-27 8.55 8.6 7.9 7.9
1998-05-29 9.19 9.5 8.71 8.71
1998-06-19 8.66 8.75 8.43 8.43
1998-07-23 7.85 7.89 7.68 7.68
1998-07-27 7.99 8.04 7.8 7.8
1998-12-08 7.8 7.85 7.6 7.6
1998-12-09 7.88 7.9 7.8 7.8
1998-12-15 7.9 7.95 7.65 7.65
1998-12-18 7.92 7.92 7.73 7.73
1998-12-24 8.45 8.56 8.25 8.25
1998-12-29 8.38 8.85 8.02 8.02
1999-01-21 7.96 8.02 7.6 7.6
1999-03-02 7.51 7.56 7.4 7.4
1999-03-24 10.6 10.6 10.01 10.01
1999-04-28 10.76 10.95 10.5 10.5
1999-05-05 11.71 11.77 11.49 11.49
1999-06-18 14.08 14.08 12.9 12.9
1999-06-28 14.6 15.0 13.9 13.9
1999-08-06 17.52 17.52 16.2 16.2
1999-08-23 17.6 18.1 17.49 17.49
1999-09-13 15.4 16.0 15.3 15.3
1999-11-25 12.8 12.98 12.4 12.4
2000-06-06 14.89 14.98 14.55 14.55
2000-08-09 16.84 17.35 16.5 16.5
2000-10-10 15.06 15.1 14.71 14.71
2001-03-14 13.8 13.83 13.65 13.65
2001-04-04 15.14 15.3 14.53 14.53
2001-05-09 14.6 14.88 14.4 14.4
2001-05-10 14.92 14.96 14.53 14.53
2001-05-14 15.6 15.86 15.05 15.05
2001-08-20 14.6 14.7 14.3 14.3
2001-08-21 14.76 14.85 14.6 14.6
2001-09-03 13.7 13.97 13.65 13.65
2001-09-04 14.05 14.05 13.7 13.7
2001-12-11 10.92 11.08 10.8 10.8
2006-10-16 4.33 4.33 4.33 4.33
2006-11-13 3.75 3.75 3.6 3.6
2007-03-22 6.48 6.48 6.48 6.48
2007-04-04 6.28 6.44 6.19 6.19
2007-04-12 6.73 6.73 6.48 6.48
2007-05-18 10.98 10.98 10.98 10.98
2007-05-31 10.79 10.79 10.79 10.79
2007-06-01 10.25 10.25 10.25 10.25
2007-06-04 9.74 9.74 9.74 9.74
2007-06-05 9.25 9.25 9.25 9.25
2007-06-06 8.79 9.31 8.79 8.79
2007-06-07 8.6 8.75 8.35 8.35
2007-06-13 9.47 9.47 9.47 9.47
2007-06-18 9.45 9.64 9.12 9.12
2007-09-26 11.97 11.97 11.97 11.97
2007-10-10 12.96 12.96 12.96 12.96
2007-12-04 8.57 8.69 8.51 8.51
2008-06-23 4.26 4.4 4.2 4.2
2008-06-24 4.42 4.47 4.26 4.26
2008-08-28 3.95 3.97 3.8 3.8
2009-02-06 4.27 4.33 4.03 4.03
2009-05-07 6.15 6.15 6.15 6.15
2009-05-15 6.14 6.33 6.03 6.03
2009-05-18 6.5 6.69 6.1 6.1
2009-05-19 6.57 6.9 6.5 6.5
2009-06-12 7.89 8.23 7.61 7.61
2009-10-14 7.15 7.25 6.92 6.92
2010-02-11 8.36 8.45 8.31 8.31
2010-02-12 8.56 8.57 8.35 8.35
2010-02-24 9.05 9.11 8.67 8.67
2010-08-27 7.8 7.83 7.69 7.69
2010-10-28 8.45 8.48 8.12 8.12
2011-03-22 9.13 9.24 8.88 8.88
2011-03-30 9.4 9.49 8.98 8.98
2011-05-05 9.28 9.42 9.03 9.03
2011-06-07 9.23 9.23 8.61 8.61
2011-08-25 8.96 9.06 8.77 8.77
2011-08-26 9.02 9.07 8.85 8.85
2012-04-26 6.71 6.98 6.66 6.66
2012-08-27 6.5 6.5 5.81 5.81
2012-10-18 6.27 6.32 6.11 6.11
2013-01-10 6.63 6.77 6.55 6.55
2013-05-06 7.24 7.32 7.1 7.1
2013-05-08 7.59 7.6 7.39 7.39
2013-05-13 7.77 7.8 7.62 7.62
2013-07-15 12.09 12.18 11.65 11.65
2013-07-16 12.96 13.2 12.31 12.31
2013-10-08 12.26 12.35 11.88 11.88
2013-11-27 12.94 13.01 12.65 12.65
2014-02-10 10.25 10.28 10.1 10.1
2014-03-14 13.12 13.18 12.9 12.9
2014-03-24 13.27 13.39 13.01 13.01
2014-08-01 15.04 15.04 15.04 15.04
2015-05-11 27.29 27.75 26.91 26.91
2015-05-18 27.88 28.28 26.81 26.81
2015-05-20 30.95 30.95 28.0 28.0
2015-05-27 35.42 35.42 31.85 31.85
2015-08-06 29.98 29.98 29.98 29.98
2015-08-07 29.02 32.14 26.98 26.98
2015-09-09 19.95 20.0 18.38 18.38
2015-09-16 17.73 18.27 15.35 15.35
2016-01-06 31.64 32.0 30.19 30.19
2016-02-04 31.48 31.99 29.98 29.98
2016-03-23 32.17 32.59 31.88 31.88
2016-08-11 27.77 27.95 27.61 27.61
2016-10-11 31.34 32.99 29.77 29.77
2016-10-18 32.03 32.1 31.06 31.06
2016-12-05 34.84 35.5 33.68 33.68
2016-12-06 36.22 37.75 34.88 34.88
2016-12-07 37.02 37.88 36.3 36.3
2017-01-20 35.51 35.96 34.31 34.31
2017-01-25 37.92 38.3 36.0 36.0
2017-02-17 36.98 37.0 34.3 34.3
2017-05-05 30.2 30.48 29.35 29.35
2017-06-20 26.73 27.13 26.7 26.7
2017-08-08 25.58 25.93 25.1 25.1
2017-08-11 26.65 26.89 26.11 26.11
2017-08-17 26.91 27.11 26.09 26.09
2017-08-18 27.03 27.1 26.55 26.55
