2000-12-27 29.39 29.78 29.3 29.3
2001-01-19 29.22 29.37 28.7 28.7
2001-02-09 26.07 26.3 25.58 25.58
2001-02-21 25.9 26.32 25.72 25.72
2001-02-22 25.96 26.3 25.75 25.75
2001-02-26 26.86 27.15 26.5 26.5
2001-03-02 27.52 27.66 27.39 27.39
2001-03-09 27.58 27.7 27.32 27.32
2001-03-26 29.24 29.24 28.6 28.6
2001-04-02 30.45 30.58 30.0 30.0
2001-04-06 29.67 29.9 29.51 29.51
2001-04-12 30.28 30.3 29.3 29.3
2001-05-08 31.08 31.15 30.32 30.32
2001-06-13 31.41 31.41 30.66 30.66
2001-07-09 29.1 29.48 28.91 28.91
2001-07-16 29.8 30.07 29.12 29.12
2001-07-19 30.36 30.36 30.08 30.08
2001-07-20 30.62 30.68 30.3 30.3
2001-07-31 26.45 26.82 26.45 26.45
2001-08-01 26.95 27.13 26.6 26.6
2001-08-07 26.0 26.08 25.31 25.31
2001-08-09 26.5 26.5 25.99 25.99
2001-08-29 25.48 25.6 25.15 25.15
2001-09-10 26.1 26.15 24.6 24.6
2001-09-25 25.31 25.47 25.05 25.05
2001-11-14 21.12 21.8 21.1 21.1
2001-11-20 22.95 23.05 22.21 22.21
2001-11-27 23.0 23.1 22.66 22.66
2002-01-25 19.03 19.15 18.8 18.8
2002-01-31 19.1 19.27 18.25 18.25
2002-02-04 19.27 19.28 18.72 18.72
2002-03-05 20.17 20.3 19.26 19.26
2002-03-27 21.31 21.37 20.93 20.93
2002-04-03 20.4 20.4 19.71 19.71
2002-04-26 21.01 21.15 20.88 20.88
2002-04-29 21.4 21.51 21.03 21.03
2002-05-14 20.8 21.0 20.5 20.5
2002-05-17 20.05 20.2 19.83 19.83
2002-05-28 19.5 19.71 19.41 19.41
2002-06-06 18.69 18.8 18.01 18.01
2002-06-21 19.23 19.3 18.55 18.55
2002-06-26 17.54 17.58 17.02 17.02
2002-07-16 17.19 17.3 17.15 17.15
2002-07-24 16.8 16.95 16.75 16.75
2002-07-26 16.75 16.84 16.63 16.63
2002-08-08 17.21 17.35 17.02 17.02
2002-08-13 17.26 17.3 16.98 16.98
2002-08-20 17.76 17.93 17.55 17.55
2002-09-10 17.22 17.4 17.16 17.16
2002-10-08 16.88 17.18 16.74 16.74
2002-10-16 15.87 15.97 15.75 15.75
2002-10-23 15.83 15.96 15.18 15.18
2002-10-30 14.98 15.1 14.86 14.86
2002-10-31 15.05 15.12 14.9 14.9
2002-12-03 14.4 14.4 13.8 13.8
2002-12-18 14.33 14.4 14.26 14.26
2002-12-24 14.58 14.69 14.5 14.5
2003-01-06 13.34 13.4 13.21 13.21
2003-01-09 13.77 13.78 13.37 13.37
2003-01-16 14.7 14.8 14.29 14.29
2003-01-22 15.2 15.22 15.02 15.02
2003-01-28 15.41 15.45 15.06 15.06
2003-02-11 15.55 15.56 15.39 15.39
2003-02-25 15.3 15.39 15.18 15.18
2003-02-27 15.36 15.39 15.18 15.18
2003-03-31 14.37 14.65 14.11 14.11
2003-04-14 14.33 14.34 14.1 14.1
2003-05-22 11.81 11.85 11.62 11.62
2003-06-10 11.67 11.75 11.6 11.6
2003-06-11 11.87 11.89 11.67 11.67
2003-06-24 11.55 11.65 11.39 11.39
2003-07-08 11.33 11.35 11.15 11.15
2003-07-10 11.46 11.53 11.2 11.2
2003-07-29 10.42 10.44 10.23 10.23
2003-08-12 10.59 10.78 10.36 10.36
2003-08-29 10.77 10.79 10.54 10.54
2003-09-09 11.3 11.4 10.97 10.97
2003-09-29 11.83 11.97 11.53 11.53
2003-10-17 10.51 10.62 10.42 10.42
2003-11-13 8.36 8.4 8.25 8.25
2003-11-14 8.54 8.59 8.36 8.36
2004-01-08 9.43 9.48 9.05 9.05
2004-01-12 9.22 9.27 8.96 8.96
2004-02-27 11.37 11.46 11.1 11.1
2004-03-15 11.36 11.37 11.0 11.0
2004-03-26 11.74 11.78 11.6 11.6
2004-03-31 11.79 11.79 11.52 11.52
2004-04-01 12.97 12.97 11.77 11.77
2004-04-20 11.32 11.33 11.18 11.18
2004-04-26 11.2 11.29 11.05 11.05
2004-05-21 11.01 11.21 10.93 10.93
2004-05-31 10.91 11.04 10.87 10.87
2004-06-09 11.0 11.29 10.92 10.92
2004-06-11 10.92 11.0 10.84 10.84
2004-06-22 10.35 10.39 10.14 10.14
2004-07-01 9.99 10.05 9.83 9.83
2004-07-19 9.85 9.89 9.56 9.56
2004-07-20 9.85 9.85 9.7 9.7
2004-07-23 9.55 9.55 9.01 9.01
2004-07-27 9.4 9.44 9.3 9.3
2004-08-24 9.04 9.08 8.8 8.8
2004-08-26 8.94 9.02 8.92 8.92
2004-09-15 9.28 9.48 8.93 8.93
2004-09-20 10.35 10.8 10.18 10.18
2004-09-23 10.44 10.48 10.3 10.3
2004-09-28 10.7 10.75 10.24 10.24
2004-11-08 4.85 4.9 4.7 4.7
2004-11-10 5.34 5.38 4.95 4.95
2004-12-14 5.04 5.05 4.98 4.98
2004-12-24 4.94 4.98 4.78 4.78
2004-12-27 4.96 5.02 4.78 4.78
2005-01-06 4.88 4.93 4.82 4.82
2005-01-10 4.93 4.95 4.82 4.82
2005-01-11 4.88 4.99 4.84 4.84
2005-01-13 5.0 5.0 4.88 4.88
2005-01-19 4.96 5.0 4.91 4.91
2005-02-04 5.4 5.45 5.1 5.1
2005-02-21 6.17 6.2 5.66 5.66
2005-03-02 6.31 6.33 5.85 5.85
2005-03-07 6.38 6.47 6.13 6.13
2005-03-21 6.31 6.35 6.09 6.09
2005-03-23 6.21 6.31 6.1 6.1
2005-03-29 6.52 6.75 6.4 6.4
2005-04-18 6.3 6.39 6.2 6.2
2005-04-26 6.39 6.48 6.22 6.22
2005-05-25 6.21 6.3 6.15 6.15
2005-06-07 5.78 6.0 5.7 5.7
2005-06-21 6.01 6.09 5.9 5.9
2005-06-24 6.01 6.02 5.9 5.9
2005-07-07 5.81 5.88 5.74 5.74
2005-07-12 5.92 5.94 5.65 5.65
2005-07-15 6.0 6.12 5.96 5.96
2005-07-20 5.85 5.96 5.75 5.75
2005-07-21 5.89 5.91 5.83 5.83
2005-08-05 6.31 6.33 6.2 6.2
2005-08-22 5.62 5.69 5.57 5.57
2005-09-07 5.62 5.63 5.44 5.44
2005-10-11 5.46 5.48 5.34 5.34
2005-10-12 5.66 5.67 5.3 5.3
2005-10-31 4.5 4.58 4.32 4.32
2005-11-15 4.69 4.78 4.67 4.67
2005-11-16 4.72 4.72 4.45 4.45
2005-11-18 4.88 4.88 4.68 4.68
2005-11-28 5.03 5.08 4.81 4.81
2006-01-06 5.56 5.56 5.38 5.38
2006-10-09 8.58 8.66 8.43 8.43
2006-10-11 9.27 9.3 8.58 8.58
2006-10-26 9.55 9.7 9.3 9.3
2006-11-17 8.83 8.9 8.6 8.6
2006-11-28 9.36 9.44 8.85 8.85
2006-12-04 9.48 9.78 9.39 9.39
2006-12-15 9.51 9.75 9.0 9.0
2007-01-04 11.96 11.97 10.92 10.92
2007-01-16 15.4 15.47 14.0 14.0
2007-02-09 14.3 14.73 13.84 13.84
2007-02-28 13.57 13.76 12.48 12.48
2007-03-02 13.92 14.11 12.8 12.8
2007-03-09 16.11 16.2 15.02 15.02
2007-04-20 17.27 17.55 16.76 16.76
2007-04-23 17.96 18.16 17.36 17.36
2007-05-09 18.72 18.9 17.18 17.18
2007-05-16 21.84 21.89 19.9 19.9
2007-05-21 22.29 23.5 21.2 21.2
2007-05-25 22.71 23.4 21.82 21.82
2007-05-31 21.9 22.0 19.61 19.61
2007-06-07 21.08 21.4 20.03 20.03
2007-06-11 21.98 22.65 21.5 21.5
2007-07-02 22.0 23.0 21.51 21.51
2007-07-23 22.89 23.42 21.89 21.89
2007-07-30 23.32 23.5 22.51 22.51
2007-08-02 23.78 23.98 23.2 23.2
2007-08-07 24.54 25.67 24.02 24.02
2007-08-20 27.29 27.68 27.01 27.01
2007-09-06 29.45 29.59 28.8 28.8
2007-09-25 25.67 26.19 25.11 25.11
2007-10-19 24.23 24.49 23.5 23.5
2007-10-30 24.41 25.88 23.98 23.98
2007-11-21 22.09 22.36 21.93 21.93
2007-12-26 24.67 25.1 24.0 24.0
2008-01-03 25.8 25.9 25.1 25.1
2008-01-11 26.0 26.2 24.05 24.05
2008-02-20 23.51 23.9 22.77 22.77
2008-03-03 23.47 23.6 22.68 22.68
2008-04-30 8.35 8.38 8.02 8.02
2008-05-28 8.61 8.73 8.4 8.4
2008-06-24 5.05 5.08 4.83 4.83
2008-06-26 5.72 6.0 5.6 5.6
2008-07-09 6.25 6.34 6.02 6.02
2008-07-23 5.96 6.12 5.88 5.88
2008-10-22 3.55 3.55 3.25 3.25
2008-12-03 3.58 3.66 3.37 3.37
2009-01-09 3.83 3.86 3.74 3.74
2009-02-19 4.96 4.99 4.81 4.81
2009-03-13 4.48 4.55 4.31 4.31
2009-04-15 6.31 6.36 6.06 6.06
2009-06-19 6.75 6.75 6.44 6.44
2009-07-10 6.45 6.46 6.35 6.35
2009-07-20 7.06 7.09 6.73 6.73
2009-08-20 7.65 7.77 7.3 7.3
2009-09-03 6.86 6.94 6.61 6.61
2009-10-16 7.18 7.19 6.92 6.92
2009-11-30 7.67 7.7 7.4 7.4
2009-12-01 7.89 7.94 7.6 7.6
2009-12-10 8.5 8.56 7.89 7.89
2010-01-18 10.4 10.46 9.81 9.81
2010-01-28 9.27 9.27 8.87 8.87
2010-03-08 9.4 9.53 9.36 9.36
2010-05-05 10.69 10.76 9.9 9.9
2010-07-19 7.08 7.12 6.83 6.83
2010-07-28 8.13 8.24 7.7 7.7
2010-08-06 8.86 8.86 8.1 8.1
2010-08-09 9.39 9.58 9.03 9.03
2010-08-11 9.03 9.2 8.87 8.87
2010-08-30 9.46 9.49 9.17 9.17
2010-09-29 10.74 10.93 10.65 10.65
2010-10-19 9.91 10.05 9.31 9.31
2010-10-22 10.01 10.28 9.95 9.95
2010-11-08 10.79 10.9 10.34 10.34
2011-02-23 11.24 11.3 11.06 11.06
2011-02-28 11.34 11.62 11.22 11.22
2011-04-07 10.57 10.62 10.43 10.43
2011-06-07 10.63 10.72 10.27 10.27
2011-06-16 10.2 10.38 10.11 10.11
2011-07-13 11.98 12.05 11.57 11.57
2011-11-01 11.02 11.16 10.79 10.79
2011-11-14 11.66 11.7 11.36 11.36
2011-11-25 10.11 10.3 10.05 10.05
2011-12-09 9.15 9.21 8.95 8.95
2011-12-16 8.81 8.83 8.44 8.44
2012-02-06 7.68 8.0 7.3 7.3
2012-02-15 8.3 8.32 8.07 8.07
2012-03-02 8.51 8.58 8.35 8.35
2012-03-08 9.24 9.47 9.05 9.05
2012-04-06 7.67 7.77 7.51 7.51
2012-04-12 8.08 8.15 7.76 7.76
2012-04-13 8.28 8.39 8.08 8.08
2012-05-10 7.88 7.99 7.81 7.81
2012-05-22 7.54 7.58 7.35 7.35
2012-05-23 7.61 7.75 7.47 7.47
2012-05-29 7.45 7.54 7.3 7.3
2012-06-19 6.93 7.05 6.88 6.88
2012-08-14 6.11 6.19 5.73 5.73
2012-10-09 6.18 6.25 6.01 6.01
2012-12-11 5.13 5.16 5.06 5.06
2012-12-14 5.19 5.25 4.93 4.93
2012-12-17 5.27 5.32 5.19 5.19
2013-01-29 5.71 5.85 5.32 5.32
2013-02-08 5.67 5.8 5.46 5.46
2013-05-15 6.8 6.93 6.71 6.71
2013-05-27 7.04 7.15 6.87 6.87
2013-07-17 5.98 6.13 5.87 5.87
2013-07-31 5.71 5.85 5.64 5.64
2013-08-08 5.96 6.03 5.93 5.93
2013-08-12 6.4 6.5 6.1 6.1
2013-10-21 7.1 7.19 6.88 6.88
2013-11-25 6.41 6.46 6.32 6.32
2014-01-20 5.92 5.98 5.88 5.88
2014-02-10 6.39 6.42 6.18 6.18
2014-03-21 6.0 6.03 5.85 5.85
2014-05-27 5.81 5.85 5.64 5.64
2014-05-30 5.93 6.11 5.9 5.9
2014-06-05 5.77 5.8 5.74 5.74
2014-06-09 5.75 5.77 5.66 5.66
2014-07-14 5.81 5.82 5.72 5.72
2014-07-15 5.92 5.95 5.84 5.84
2014-07-18 5.87 5.91 5.81 5.81
2014-07-21 5.91 6.03 5.88 5.88
2014-07-24 5.97 5.98 5.82 5.82
2014-08-15 6.86 6.99 6.6 6.6
2014-09-30 8.41 8.66 8.1 8.1
2014-10-28 8.75 8.8 8.32 8.32
2014-11-03 9.01 9.2 8.81 8.81
2014-11-25 9.48 9.54 9.3 9.3
2014-12-04 10.32 10.32 9.5 9.5
2015-01-20 9.98 10.1 9.74 9.74
2015-03-09 12.1 12.12 11.61 11.61
2015-03-16 12.45 12.5 11.8 11.8
2015-04-03 13.84 13.84 13.84 13.84
2015-06-01 18.37 18.49 17.2 17.2
2015-07-13 13.23 13.23 13.23 13.23
2015-07-14 14.55 14.55 14.55 14.55
2015-07-17 15.7 15.98 14.7 14.7
2015-08-24 15.16 15.6 15.16 15.16
2015-08-25 13.64 14.28 13.64 13.64
2015-09-16 12.76 12.76 11.7 11.7
2015-09-22 13.79 14.2 13.59 13.59
2015-09-30 13.45 13.54 12.93 12.93
2015-10-12 14.43 14.47 13.76 13.76
2015-11-04 15.93 15.96 15.3 15.3
2015-12-21 15.88 15.97 15.3 15.3
2016-02-01 11.82 12.12 11.73 11.73
2016-02-02 12.17 12.3 11.8 11.8
2016-03-14 12.88 13.09 12.62 12.62
2016-03-17 13.13 13.16 12.65 12.65
2016-04-13 12.55 12.77 12.39 12.39
2016-04-14 13.15 13.21 12.54 12.54
2016-04-26 12.44 12.46 12.17 12.17
2016-05-04 12.52 12.7 12.31 12.31
2016-05-25 11.76 11.78 11.21 11.21
2016-08-24 14.51 14.98 14.25 14.25
2016-11-22 13.51 13.55 13.43 13.43
2016-12-02 14.49 14.58 14.01 14.01
2017-02-09 13.49 13.81 13.41 13.41
2017-06-08 5.3 5.34 5.2 5.2
2017-06-15 5.24 5.31 5.21 5.21
2017-07-18 5.61 5.64 5.5 5.5
2017-07-20 5.85 5.88 5.71 5.71
2017-07-25 6.01 6.03 5.82 5.82
2017-08-14 5.8 5.87 5.73 5.73
2017-08-23 5.76 5.8 5.69 5.69
