2001-02-09 26.07 26.3 25.58 25.58
2001-02-22 25.96 26.3 25.75 25.75
2001-02-26 26.86 27.15 26.5 26.5
2001-03-02 27.52 27.66 27.39 27.39
2001-03-09 27.58 27.7 27.32 27.32
2001-04-02 30.45 30.58 30.0 30.0
2001-04-06 29.67 29.9 29.51 29.51
2001-04-12 30.28 30.3 29.3 29.3
2001-07-16 29.8 30.07 29.12 29.12
2001-07-19 30.36 30.36 30.08 30.08
2001-07-20 30.62 30.68 30.3 30.3
2001-08-01 26.95 27.13 26.6 26.6
2001-08-07 26.0 26.08 25.31 25.31
2001-08-09 26.5 26.5 25.99 25.99
2001-11-20 22.95 23.05 22.21 22.21
2001-11-27 23.0 23.1 22.66 22.66
2002-01-31 19.1 19.27 18.25 18.25
2002-02-04 19.27 19.28 18.72 18.72
2002-04-03 20.4 20.4 19.71 19.71
2002-04-29 21.4 21.51 21.03 21.03
2002-05-14 20.8 21.0 20.5 20.5
2002-05-17 20.05 20.2 19.83 19.83
2002-06-26 17.54 17.58 17.02 17.02
2002-07-24 16.8 16.95 16.75 16.75
2002-07-26 16.75 16.84 16.63 16.63
2002-08-13 17.26 17.3 16.98 16.98
2002-08-20 17.76 17.93 17.55 17.55
2002-10-16 15.87 15.97 15.75 15.75
2002-10-23 15.83 15.96 15.18 15.18
2002-10-30 14.98 15.1 14.86 14.86
2002-10-31 15.05 15.12 14.9 14.9
2002-12-24 14.58 14.69 14.5 14.5
2003-01-09 13.77 13.78 13.37 13.37
2003-01-16 14.7 14.8 14.29 14.29
2003-01-22 15.2 15.22 15.02 15.02
2003-01-28 15.41 15.45 15.06 15.06
2003-02-11 15.55 15.56 15.39 15.39
2003-02-27 15.36 15.39 15.18 15.18
2003-06-11 11.87 11.89 11.67 11.67
2003-07-10 11.46 11.53 11.2 11.2
2003-11-14 8.54 8.59 8.36 8.36
2004-01-12 9.22 9.27 8.96 8.96
2004-03-31 11.79 11.79 11.52 11.52
2004-04-01 12.97 12.97 11.77 11.77
2004-04-26 11.2 11.29 11.05 11.05
2004-05-31 10.91 11.04 10.87 10.87
2004-06-11 10.92 11.0 10.84 10.84
2004-07-20 9.85 9.85 9.7 9.7
2004-07-23 9.55 9.55 9.01 9.01
2004-07-27 9.4 9.44 9.3 9.3
2004-08-26 8.94 9.02 8.92 8.92
2004-09-20 10.35 10.8 10.18 10.18
2004-09-23 10.44 10.48 10.3 10.3
2004-09-28 10.7 10.75 10.24 10.24
2004-11-10 5.34 5.38 4.95 4.95
2004-12-27 4.96 5.02 4.78 4.78
2005-01-10 4.93 4.95 4.82 4.82
2005-01-11 4.88 4.99 4.84 4.84
2005-01-13 5.0 5.0 4.88 4.88
2005-01-19 4.96 5.0 4.91 4.91
2005-02-21 6.17 6.2 5.66 5.66
2005-03-07 6.38 6.47 6.13 6.13
2005-03-23 6.21 6.31 6.1 6.1
2005-03-29 6.52 6.75 6.4 6.4
2005-04-26 6.39 6.48 6.22 6.22
2005-06-24 6.01 6.02 5.9 5.9
2005-07-12 5.92 5.94 5.65 5.65
2005-07-15 6.0 6.12 5.96 5.96
2005-07-20 5.85 5.96 5.75 5.75
2005-07-21 5.89 5.91 5.83 5.83
2005-10-12 5.66 5.67 5.3 5.3
2005-11-16 4.72 4.72 4.45 4.45
2005-11-18 4.88 4.88 4.68 4.68
2005-11-28 5.03 5.08 4.81 4.81
2006-10-11 9.27 9.3 8.58 8.58
2006-12-04 9.48 9.78 9.39 9.39
2007-03-02 13.92 14.11 12.8 12.8
2007-03-09 16.11 16.2 15.02 15.02
2007-04-23 17.96 18.16 17.36 17.36
2007-05-16 21.84 21.89 19.9 19.9
2007-05-21 22.29 23.5 21.2 21.2
2007-05-25 22.71 23.4 21.82 21.82
2007-05-31 21.9 22.0 19.61 19.61
2007-06-07 21.08 21.4 20.03 20.03
2007-06-11 21.98 22.65 21.5 21.5
2007-07-30 23.32 23.5 22.51 22.51
2007-08-02 23.78 23.98 23.2 23.2
2007-08-07 24.54 25.67 24.02 24.02
2008-01-03 25.8 25.9 25.1 25.1
2008-01-11 26.0 26.2 24.05 24.05
2008-06-26 5.72 6.0 5.6 5.6
2009-07-20 7.06 7.09 6.73 6.73
2009-12-01 7.89 7.94 7.6 7.6
2010-08-09 9.39 9.58 9.03 9.03
2010-08-11 9.03 9.2 8.87 8.87
2010-10-22 10.01 10.28 9.95 9.95
2011-02-28 11.34 11.62 11.22 11.22
2011-12-16 8.81 8.83 8.44 8.44
2012-03-08 9.24 9.47 9.05 9.05
2012-04-12 8.08 8.15 7.76 7.76
2012-04-13 8.28 8.39 8.08 8.08
2012-05-23 7.61 7.75 7.47 7.47
2012-05-29 7.45 7.54 7.3 7.3
2012-12-14 5.19 5.25 4.93 4.93
2012-12-17 5.27 5.32 5.19 5.19
2013-08-08 5.96 6.03 5.93 5.93
2013-08-12 6.4 6.5 6.1 6.1
2014-05-30 5.93 6.11 5.9 5.9
2014-06-05 5.77 5.8 5.74 5.74
2014-06-09 5.75 5.77 5.66 5.66
2014-07-15 5.92 5.95 5.84 5.84
2014-07-18 5.87 5.91 5.81 5.81
2014-07-21 5.91 6.03 5.88 5.88
2014-07-24 5.97 5.98 5.82 5.82
2014-11-03 9.01 9.2 8.81 8.81
2015-03-16 12.45 12.5 11.8 11.8
2015-07-14 14.55 14.55 14.55 14.55
2015-07-17 15.7 15.98 14.7 14.7
2015-08-25 13.64 14.28 13.64 13.64
2015-09-22 13.79 14.2 13.59 13.59
2015-09-30 13.45 13.54 12.93 12.93
2015-10-12 14.43 14.47 13.76 13.76
2016-02-02 12.17 12.3 11.8 11.8
2016-03-17 13.13 13.16 12.65 12.65
2016-04-14 13.15 13.21 12.54 12.54
2016-05-04 12.52 12.7 12.31 12.31
2017-06-15 5.24 5.31 5.21 5.21
2017-07-20 5.85 5.88 5.71 5.71
2017-07-25 6.01 6.03 5.82 5.82
