2004-05-24 13.29 13.46 13.2 13.2
2004-07-06 11.1 11.25 10.92 10.92
2004-08-10 8.86 8.94 8.79 8.79
2004-08-30 8.91 8.95 8.58 8.58
2004-09-06 8.82 8.9 8.59 8.59
2004-09-07 8.89 8.94 8.8 8.8
2004-09-10 8.75 8.79 8.62 8.62
2004-10-27 11.31 11.49 10.9 10.9
2004-12-24 9.5 9.52 9.3 9.3
2004-12-30 9.82 9.88 9.54 9.54
2005-03-01 12.34 12.52 12.15 12.15
2005-05-24 4.45 4.51 4.35 4.35
2005-06-08 4.37 4.4 3.98 3.98
2005-07-26 3.64 3.67 3.53 3.53
2005-08-01 3.9 3.95 3.79 3.79
2005-08-05 4.35 4.36 4.17 4.17
2005-09-15 5.19 5.22 5.0 5.0
2005-12-23 5.48 5.58 5.18 5.18
2007-01-29 6.19 6.19 5.63 5.63
2007-02-12 6.35 6.53 6.3 6.3
2007-02-14 6.7 6.82 6.21 6.21
2007-02-26 7.7 7.7 7.03 7.03
2007-03-26 8.28 8.46 8.07 8.07
2007-03-30 7.72 7.74 7.5 7.5
2007-04-23 8.87 8.95 8.58 8.58
2007-07-25 8.42 8.55 8.2 8.2
2007-08-02 8.81 8.94 8.48 8.48
2007-11-09 7.61 7.7 7.4 7.4
2007-12-26 9.38 9.39 9.06 9.06
2008-01-03 9.74 9.82 9.27 9.27
2008-01-07 9.87 9.96 9.46 9.46
2008-01-15 10.16 10.2 9.92 9.92
2008-02-04 8.77 8.85 8.29 8.29
2008-02-18 9.39 9.48 9.19 9.19
2008-06-24 5.46 5.53 5.23 5.23
2009-01-14 4.74 4.76 4.5 4.5
2009-01-15 4.89 4.92 4.69 4.69
2009-09-11 5.73 5.78 5.52 5.52
2009-09-30 6.08 6.28 5.8 5.8
2009-11-02 6.21 6.23 5.86 5.86
2009-11-03 6.31 6.33 6.16 6.16
2009-11-11 6.78 7.1 6.61 6.61
2010-04-06 10.59 10.73 9.85 9.85
2011-06-27 15.9 16.2 15.45 15.45
2011-06-30 15.27 15.6 15.01 15.01
2011-07-01 15.68 15.95 15.28 15.28
2011-08-03 14.87 15.18 14.76 14.76
2011-08-04 15.26 15.4 14.89 14.89
2012-01-17 8.93 8.97 8.23 8.23
2012-01-30 9.49 9.57 9.1 9.1
2012-02-06 9.77 9.96 9.54 9.54
2012-02-08 9.73 9.81 9.38 9.38
2012-03-20 10.92 11.09 10.65 10.65
2012-06-18 11.02 11.08 10.85 10.85
2012-08-08 9.2 9.7 9.18 9.18
2012-08-16 9.24 9.46 9.04 9.04
2012-10-10 9.08 9.15 8.76 8.76
2012-12-07 7.34 7.37 7.13 7.13
2012-12-14 7.64 7.66 7.22 7.22
2013-01-17 8.5 8.65 8.35 8.35
2013-02-25 8.83 8.84 8.66 8.66
2013-03-05 9.3 9.34 8.75 8.75
2013-08-09 13.96 14.23 13.7 13.7
2013-11-18 12.34 12.37 11.94 11.94
2013-11-22 13.03 13.3 12.8 12.8
2013-11-28 13.41 13.48 12.9 12.9
2013-11-29 13.74 13.9 13.33 13.33
2013-12-09 14.79 14.8 14.0 14.0
2014-05-08 10.13 10.34 10.05 10.05
2014-06-24 10.83 10.95 10.23 10.23
2014-06-30 11.43 11.54 11.12 11.12
2014-08-29 12.08 12.11 11.85 11.85
2014-11-05 15.4 15.62 15.26 15.26
2014-11-25 15.72 15.83 15.1 15.1
2014-12-30 13.35 13.78 13.13 13.13
2015-01-21 13.86 13.9 13.44 13.44
2015-07-09 10.67 10.67 9.45 9.45
2015-07-13 12.91 12.91 12.91 12.91
2015-07-14 14.2 14.2 14.2 14.2
2016-03-11 12.12 12.2 11.85 11.85
2016-03-14 12.54 12.72 12.26 12.26
2016-03-31 15.83 16.12 15.47 15.47
2016-04-05 16.37 16.59 15.5 15.5
2016-04-13 15.4 15.72 15.28 15.28
2016-08-02 15.83 15.86 15.55 15.55
2016-09-02 15.11 15.23 14.9 14.9
2017-02-13 17.13 17.35 16.6 16.6
2017-06-07 16.25 16.44 15.49 15.49
2017-06-12 16.64 16.78 16.02 16.02
2017-06-20 17.42 17.67 16.84 16.84
2017-07-05 17.79 17.89 17.61 17.61
