1994-08-10 11.58 11.8 9.6 9.6
1994-08-18 11.67 12.08 11.3 11.3
1994-08-25 11.45 11.8 11.0 11.0
1994-08-30 11.61 11.76 11.01 11.01
1994-08-31 12.2 12.3 11.78 11.78
1994-11-30 12.56 12.65 12.45 12.45
1995-01-26 10.2 10.3 10.02 10.02
1995-01-27 10.36 10.45 10.1 10.1
1995-02-09 10.0 10.19 9.6 9.6
1995-03-01 10.49 10.49 10.0 10.0
1995-03-21 11.18 11.28 11.03 11.03
1995-03-27 12.09 12.2 11.9 11.9
1995-04-20 12.3 12.35 12.0 12.0
1995-06-09 12.68 12.78 12.6 12.6
1995-06-14 12.28 12.58 12.2 12.2
1995-06-16 11.35 11.5 11.01 11.01
1995-06-21 11.15 11.18 10.96 10.96
1995-07-07 11.35 11.35 10.75 10.75
1995-07-13 11.1 11.15 11.0 11.0
1995-07-20 11.1 11.2 11.0 11.0
1995-09-08 10.79 11.0 10.78 10.78
1995-10-17 9.22 9.27 9.1 9.1
1995-10-20 9.7 9.7 9.3 9.3
1995-10-27 9.43 9.69 9.43 9.43
1995-11-01 9.5 9.5 9.21 9.21
1995-11-03 9.53 9.6 9.5 9.5
1995-11-08 9.37 9.58 9.34 9.34
1995-11-09 9.4 9.4 9.3 9.3
1995-11-10 9.32 9.5 9.2 9.2
1995-11-13 9.15 9.39 9.1 9.1
1995-11-20 9.36 9.4 9.2 9.2
1995-11-24 9.14 9.25 9.13 9.13
1995-11-30 9.14 9.2 9.05 9.05
1995-12-04 9.03 9.05 9.0 9.0
1995-12-05 9.05 9.3 9.05 9.05
1995-12-07 9.0 9.0 9.0 9.0
1995-12-22 8.49 8.49 8.45 8.45
1996-01-09 8.0 8.0 7.7 7.7
1996-01-15 7.5 7.51 7.45 7.45
1996-01-19 7.23 7.24 7.21 7.21
1996-01-25 7.7 8.83 7.21 7.21
1996-01-26 7.41 7.58 7.33 7.33
1996-02-16 7.6 7.7 7.35 7.35
1996-04-01 7.63 7.7 7.38 7.38
1996-04-04 7.62 7.62 7.54 7.54
1996-04-05 7.94 7.98 7.6 7.6
1996-04-10 7.98 7.99 7.85 7.85
1996-04-11 7.98 7.98 7.85 7.85
1996-04-18 8.25 8.25 8.1 8.1
1996-05-14 8.7 8.8 8.6 8.6
1996-06-04 7.98 8.01 7.88 7.88
1996-06-05 8.48 8.48 8.0 8.0
1996-06-26 8.5 8.6 8.32 8.32
1996-07-15 7.25 7.32 7.2 7.2
1996-07-18 7.61 7.95 7.5 7.5
1996-07-19 8.33 8.4 7.51 7.51
1996-08-06 8.41 8.41 8.29 8.29
1996-08-28 8.9 9.0 8.36 8.36
1996-08-29 9.13 9.3 8.91 8.91
1996-09-17 10.39 10.45 9.7 9.7
1996-11-19 11.0 11.35 10.7 10.7
1996-12-18 10.51 10.52 9.1 9.1
1997-01-15 11.5 11.88 11.1 11.1
1997-01-16 11.35 11.53 11.2 11.2
1997-01-17 11.59 11.6 11.2 11.2
1997-01-20 12.05 12.1 11.35 11.35
1997-01-21 12.1 12.2 11.8 11.8
1997-01-22 12.15 12.3 11.85 11.85
1997-02-20 11.55 11.6 10.63 10.63
1997-02-21 12.08 12.1 11.4 11.4
1997-02-24 12.18 12.4 11.88 11.88
1997-02-25 12.18 12.35 11.98 11.98
1997-02-27 12.58 12.93 12.35 12.35
1997-03-06 12.64 12.64 12.35 12.35
1997-03-13 12.98 13.46 12.88 12.88
1997-06-09 13.69 13.8 13.0 13.0
1997-06-13 13.28 13.6 12.0 12.0
1997-10-14 8.45 8.48 8.2 8.2
1997-10-16 8.7 8.96 8.38 8.38
1997-11-03 8.52 8.73 8.5 8.5
1997-11-07 8.5 8.5 8.35 8.35
1997-12-09 8.44 8.58 8.2 8.2
1997-12-15 8.28 8.3 8.2 8.2
1997-12-22 8.5 8.64 8.31 8.31
1997-12-30 8.5 8.7 8.5 8.5
1998-04-16 10.12 10.12 9.4 9.4
1998-09-25 10.28 10.38 10.0 10.0
1998-09-30 10.48 10.77 10.3 10.3
1998-10-05 10.65 10.7 10.38 10.38
1998-11-16 10.86 11.0 10.6 10.6
1999-05-06 8.39 8.45 8.18 8.18
1999-05-11 8.06 8.08 7.87 7.87
1999-05-24 8.66 8.8 8.35 8.35
1999-05-26 8.52 8.6 8.35 8.35
1999-08-05 10.5 10.61 10.2 10.2
1999-08-10 9.86 10.1 9.65 9.65
1999-08-13 9.47 9.78 9.38 9.38
1999-08-17 9.58 9.96 9.36 9.36
1999-08-18 10.42 10.42 9.65 9.65
1999-08-26 11.16 11.2 10.51 10.51
1999-08-31 10.77 10.89 10.5 10.5
1999-09-07 10.7 10.78 10.43 10.43
1999-09-08 11.0 11.08 10.7 10.7
1999-10-15 9.92 10.25 9.6 9.6
1999-10-22 9.48 9.6 9.2 9.2
1999-10-26 9.33 9.54 9.25 9.25
1999-11-29 9.82 10.1 9.45 9.45
2000-01-28 11.08 11.14 10.7 10.7
2000-03-02 11.85 11.87 11.5 11.5
2000-03-03 13.04 13.04 12.05 12.05
2000-03-23 14.08 14.3 13.5 13.5
2000-03-27 14.06 14.46 13.7 13.7
2000-05-15 15.18 15.24 14.5 14.5
2000-07-17 16.78 16.93 16.4 16.4
2000-07-18 17.35 17.48 16.7 16.7
2000-07-20 19.21 19.21 17.9 17.9
2000-08-04 18.02 18.05 17.75 17.75
2000-08-07 18.15 18.2 17.95 17.95
2000-08-24 17.94 18.08 17.75 17.75
2000-08-25 18.5 18.5 17.81 17.81
2000-10-10 16.15 16.18 15.9 15.9
2000-10-16 15.7 15.97 15.36 15.36
2000-10-20 15.9 15.98 15.6 15.6
2000-10-23 15.93 16.2 15.9 15.9
2000-10-27 18.16 18.38 17.2 17.2
2000-10-30 18.5 18.6 18.08 18.08
2000-11-06 18.93 19.05 18.72 18.72
2000-11-08 19.5 19.62 19.05 19.05
2000-12-25 17.58 17.59 17.28 17.28
2001-01-12 16.82 17.0 16.72 16.72
2001-04-18 16.21 16.38 16.2 16.2
2001-04-30 16.34 16.5 16.2 16.2
2001-05-10 17.25 17.37 16.5 16.5
2001-07-17 17.5 17.59 16.16 16.16
2001-09-10 15.43 15.5 14.6 14.6
2001-09-18 14.42 14.6 14.35 14.35
2001-09-20 14.6 15.2 14.52 14.52
2001-12-25 14.18 14.39 14.08 14.08
2001-12-26 14.3 14.34 14.08 14.08
2002-02-07 14.6 14.65 14.1 14.1
2002-02-08 15.52 16.06 14.61 14.61
2002-07-12 17.97 18.4 17.81 17.81
2002-07-16 18.59 18.61 18.18 18.18
2002-07-18 19.13 19.2 18.48 18.48
2002-08-13 15.3 15.46 15.04 15.04
2002-08-16 15.32 15.4 15.11 15.11
2002-08-19 15.27 15.6 14.52 14.52
2002-08-20 15.4 15.44 15.14 15.14
2002-08-22 15.85 15.94 15.55 15.55
2002-08-30 16.1 16.2 16.0 16.0
2002-09-02 16.1 16.19 16.0 16.0
2002-09-03 16.15 16.25 16.1 16.1
2002-12-23 13.09 13.1 12.67 12.67
2003-01-13 12.91 13.05 12.8 12.8
2003-01-23 12.84 12.91 12.6 12.6
2003-02-10 13.09 13.16 12.98 12.98
2003-02-18 13.2 13.2 13.02 13.02
2003-02-25 12.96 13.0 12.7 12.7
2003-03-04 13.59 13.59 13.36 13.36
2003-03-07 13.22 13.3 12.9 12.9
2003-03-13 13.2 13.48 13.0 13.0
2003-03-14 13.18 13.2 13.11 13.11
2003-08-04 10.02 10.1 9.85 9.85
2003-08-11 9.95 9.98 9.85 9.85
2003-08-22 10.26 10.36 10.0 10.0
2003-08-25 10.24 10.37 10.1 10.1
2003-11-25 10.2 10.48 10.08 10.08
2003-12-08 10.07 10.12 9.82 9.82
2004-01-13 11.18 11.27 10.56 10.56
2004-02-02 11.27 11.33 10.68 10.68
2004-02-09 13.02 13.29 12.27 12.27
2004-05-31 10.44 10.62 10.35 10.35
2004-07-30 5.94 6.05 5.85 5.85
2004-08-03 5.76 5.78 5.6 5.6
2004-08-09 5.97 5.98 5.82 5.82
2004-08-24 5.99 6.07 5.8 5.8
2004-09-14 6.49 6.53 6.06 6.06
2004-10-18 7.3 7.3 7.01 7.01
2004-10-19 7.53 7.68 7.3 7.3
2004-10-26 8.12 8.17 7.95 7.95
2004-12-24 7.12 7.18 7.03 7.03
2004-12-30 7.22 7.27 7.09 7.09
2005-01-07 7.39 7.47 7.38 7.38
2005-02-02 6.86 7.18 6.58 6.58
2005-02-04 6.75 6.85 6.65 6.65
2005-02-16 6.79 6.84 6.74 6.74
2005-03-29 5.91 6.02 5.76 5.76
2005-04-05 5.83 5.99 5.73 5.73
2005-04-07 6.36 6.5 6.0 6.0
2005-04-13 6.42 6.6 6.3 6.3
2005-04-19 6.07 6.14 5.9 5.9
2005-05-30 6.18 6.19 6.07 6.07
2005-07-22 5.48 5.55 5.31 5.31
2005-07-25 5.61 5.65 5.42 5.42
2005-08-26 5.9 6.03 5.86 5.86
2005-09-13 6.85 6.98 6.77 6.77
2005-11-08 5.76 5.77 5.6 5.6
2005-11-11 5.66 5.69 5.55 5.55
2005-11-16 5.83 5.86 5.61 5.61
2005-11-24 5.88 5.94 5.82 5.82
2005-11-25 5.94 5.98 5.71 5.71
2005-11-28 5.99 6.02 5.9 5.9
2005-12-02 5.98 5.99 5.87 5.87
2005-12-07 6.06 6.08 5.84 5.84
2005-12-08 6.19 6.22 5.99 5.99
2005-12-09 6.37 6.65 6.19 6.19
2005-12-29 6.69 6.74 6.42 6.42
2006-04-10 8.55 8.58 8.32 8.32
2006-05-17 10.48 10.86 9.93 9.93
2006-12-04 8.2 8.28 8.06 8.06
2007-01-16 10.03 10.12 9.5 9.5
2007-05-23 17.5 17.87 17.27 17.27
2007-06-11 16.12 16.28 15.45 15.45
2007-06-13 17.4 17.8 16.4 16.4
2007-07-20 15.49 15.77 14.88 14.88
2007-07-23 15.96 16.18 15.42 15.42
2007-09-14 18.29 18.3 17.63 17.63
2007-11-09 16.98 17.24 16.51 16.51
2007-11-14 18.3 18.68 18.0 18.0
2008-06-30 11.09 11.25 10.71 10.71
2008-08-01 13.37 13.68 12.05 12.05
2008-08-25 12.23 12.65 12.2 12.2
2008-11-05 7.2 7.36 7.02 7.02
2009-03-12 11.2 11.33 10.82 10.82
2009-04-01 11.9 12.06 11.7 11.7
2009-04-29 12.53 12.59 12.2 12.2
2009-06-19 13.19 13.33 13.06 13.06
2010-05-28 17.46 17.75 16.2 16.2
2010-07-14 15.97 16.05 15.6 15.6
2010-11-05 20.43 20.43 20.43 20.43
2010-11-15 21.05 21.2 20.3 20.3
2011-07-21 19.19 19.85 18.56 18.56
2011-09-05 17.9 18.01 17.1 17.1
2011-09-13 16.2 16.37 16.09 16.09
2011-10-27 16.4 16.62 15.8 15.8
2011-11-03 16.74 17.02 16.59 16.59
2012-01-19 12.25 12.43 11.58 11.58
2012-03-15 13.6 13.86 13.3 13.3
2012-04-16 12.22 12.35 12.0 12.0
2012-07-31 9.53 9.6 9.47 9.47
2014-10-30 12.63 12.96 12.52 12.52
2015-02-17 17.17 17.35 16.77 16.77
2015-04-27 22.23 22.23 22.23 22.23
2016-03-18 13.64 13.8 13.26 13.26
2016-06-08 12.51 12.6 12.44 12.44
2016-06-15 12.64 12.66 12.12 12.12
2016-06-28 12.08 12.12 11.96 11.96
2017-02-13 15.34 15.55 15.24 15.24
2017-04-13 15.97 16.25 15.79 15.79
2017-04-14 16.11 16.36 15.89 15.89
2017-04-26 15.49 15.57 15.32 15.32
2017-05-03 16.21 16.22 15.45 15.45
2017-05-05 16.12 16.35 16.08 16.08
2017-05-08 16.19 16.59 16.14 16.14
2017-05-31 15.31 15.31 15.31 15.31
