2003-10-24 8.67 8.76 8.52 8.52
2004-01-15 12.14 12.2 12.0 12.0
2004-01-16 12.33 12.5 12.12 12.12
2004-02-10 12.82 12.87 12.56 12.56
2004-02-13 12.67 12.78 12.42 12.42
2004-03-22 12.3 12.37 12.0 12.0
2004-03-25 12.94 12.95 12.58 12.58
2004-04-02 13.13 13.31 12.98 12.98
2004-04-05 13.86 13.9 13.02 13.02
2004-05-24 10.91 10.95 10.8 10.8
2004-07-08 11.4 11.42 11.2 11.2
2004-07-13 11.44 11.46 11.1 11.1
2004-07-15 12.04 12.05 11.65 11.65
2004-08-11 11.4 11.53 11.28 11.28
2004-08-13 11.71 11.75 11.3 11.3
2004-08-17 11.67 11.76 11.6 11.6
2004-09-15 11.07 11.3 10.6 10.6
2004-10-08 12.69 12.71 12.0 12.0
2004-10-18 12.38 12.5 11.9 11.9
2004-11-09 12.98 13.22 12.82 12.82
2004-12-28 13.06 13.1 12.51 12.51
2005-01-17 11.97 12.07 11.71 11.71
2005-01-20 11.35 11.37 11.01 11.01
2005-01-21 11.67 12.0 11.18 11.18
2005-02-02 12.55 12.55 11.95 11.95
2005-04-15 11.2 11.31 10.6 10.6
2005-04-19 11.3 11.39 11.25 11.25
2005-04-22 11.49 11.6 11.25 11.25
2005-05-20 10.08 10.3 9.6 9.6
2005-05-27 9.84 9.95 9.75 9.75
2005-06-20 10.15 10.28 9.74 9.74
2005-07-19 8.56 8.58 8.35 8.35
2005-08-03 9.6 9.79 9.35 9.35
2005-08-05 9.97 10.1 9.7 9.7
2005-08-11 10.6 10.83 10.46 10.46
2005-09-07 10.13 10.17 10.0 10.0
2005-09-08 10.46 10.59 10.17 10.17
2005-10-12 11.19 11.28 10.82 10.82
2006-10-24 11.12 11.25 11.03 11.03
2006-10-26 11.14 11.28 11.12 11.12
2007-01-22 18.49 18.6 17.72 17.72
2007-01-30 19.39 20.04 18.31 18.31
2007-04-20 24.24 24.5 23.0 23.0
2007-07-09 40.78 41.08 38.0 38.0
2007-07-23 41.01 41.5 38.8 38.8
2007-07-25 43.93 44.0 41.15 41.15
2007-07-30 46.8 47.31 43.9 43.9
2007-08-02 44.29 44.76 43.17 43.17
2007-08-03 45.11 46.0 44.43 44.43
2007-08-29 53.77 54.8 51.1 51.1
2007-09-03 57.82 57.86 52.58 52.58
2007-09-13 69.3 69.3 63.51 63.51
2007-12-26 50.42 51.0 48.95 48.95
2008-01-04 52.7 54.68 52.0 52.0
2008-01-10 65.47 65.88 60.0 60.0
2008-03-11 46.24 46.36 41.4 41.4
2008-05-21 55.99 56.14 50.44 50.44
2009-04-29 21.41 22.22 20.84 20.84
2009-07-01 32.17 32.46 30.23 30.23
2009-09-01 34.67 36.36 33.0 33.0
2009-10-14 40.68 41.75 39.7 39.7
2009-11-23 47.78 48.09 46.53 46.53
2009-11-25 49.55 49.65 46.96 46.96
2010-11-11 32.58 34.99 31.66 31.66
2011-02-01 25.41 25.8 24.8 24.8
2011-02-14 26.15 26.6 25.06 25.06
2011-04-26 24.6 24.78 24.35 24.35
2012-03-09 20.39 20.59 19.85 19.85
2012-11-05 14.47 14.71 14.3 14.3
2013-01-29 15.41 15.75 15.28 15.28
2013-04-24 13.0 13.2 12.76 12.76
2013-05-03 12.2 12.5 12.09 12.09
2013-06-06 11.95 12.22 11.9 11.9
2013-11-14 8.22 8.35 8.16 8.16
2014-04-08 6.14 6.21 5.89 5.89
2016-02-15 5.83 5.93 5.6 5.6
2016-02-18 6.07 6.27 5.99 5.99
2016-06-27 6.43 6.6 6.18 6.18
2016-07-12 7.3 7.63 7.03 7.03
2016-08-08 7.32 7.38 6.93 6.93
2017-04-07 7.09 7.14 7.03 7.03
