1999-10-15 6.34 6.39 6.25 6.25
1999-10-22 6.12 6.21 6.01 6.01
1999-12-13 5.18 5.27 5.15 5.15
1999-12-15 5.29 5.31 5.17 5.17
2000-03-22 5.34 5.48 5.23 5.23
2000-03-23 5.53 5.65 5.34 5.34
2000-03-27 5.5 5.56 5.36 5.36
2000-03-28 5.7 5.8 5.55 5.55
2000-05-18 5.36 5.38 5.23 5.23
2000-05-22 5.45 5.58 5.36 5.36
2000-08-01 7.35 7.39 7.2 7.2
2000-08-07 7.65 7.65 7.27 7.27
2000-09-29 6.39 6.42 6.36 6.36
2000-11-17 6.99 7.03 6.96 6.96
2001-01-05 8.28 8.29 7.8 7.8
2001-02-09 8.29 8.38 8.15 8.15
2001-06-25 10.05 10.05 9.83 9.83
2001-08-21 10.04 10.08 9.84 9.84
2001-09-21 10.11 10.15 10.06 10.06
2001-11-09 9.87 9.9 9.73 9.73
2001-11-14 10.04 10.15 9.92 9.92
2002-01-18 10.72 10.75 10.36 10.36
2002-01-23 10.85 10.86 10.58 10.58
2002-01-29 10.25 10.4 10.01 10.01
2002-01-30 10.3 10.37 10.2 10.2
2002-04-22 12.39 12.65 12.13 12.13
2002-10-18 12.91 13.0 12.81 12.81
2002-10-22 12.92 12.94 12.74 12.74
2002-10-28 12.91 13.1 12.75 12.75
2002-10-29 13.06 13.28 12.95 12.95
2002-12-13 12.87 13.0 12.8 12.8
2002-12-20 12.92 12.99 12.8 12.8
2002-12-24 13.3 13.38 13.0 13.0
2003-02-25 13.79 13.85 13.66 13.66
2003-05-29 13.28 13.28 13.06 13.06
2003-06-12 12.87 12.9 12.8 12.8
2003-06-13 12.88 12.9 12.81 12.81
2003-06-18 12.85 12.89 12.82 12.82
2003-06-25 12.88 12.97 12.82 12.82
2003-06-27 13.12 13.15 12.82 12.82
2003-07-04 12.9 12.9 12.84 12.84
2003-07-17 13.19 13.22 13.0 13.0
2003-07-24 13.17 13.2 13.06 13.06
2003-08-07 12.88 12.9 12.84 12.84
2003-09-24 11.1 11.24 10.79 10.79
2003-09-26 11.17 11.18 10.99 10.99
2003-10-10 10.94 11.01 10.4 10.4
2003-10-15 10.77 10.85 10.72 10.72
2004-04-13 12.89 13.15 12.84 12.84
2005-04-13 2.98 3.02 2.88 2.88
2005-04-19 2.79 2.82 2.78 2.78
2005-09-07 3.02 3.04 2.85 2.85
2005-09-12 3.03 3.04 2.95 2.95
2005-12-13 2.62 2.63 2.57 2.57
2005-12-21 2.68 2.72 2.68 2.68
2005-12-26 2.75 2.77 2.71 2.71
2006-05-26 3.9 3.93 3.8 3.8
2006-05-29 4.1 4.18 3.9 3.9
2006-06-01 4.24 4.24 4.1 4.1
2006-06-06 4.36 4.47 4.22 4.22
2006-06-16 3.91 3.95 3.83 3.83
2006-07-25 3.66 3.68 3.6 3.6
2006-08-15 3.31 3.32 3.21 3.21
2006-08-22 3.31 3.35 3.28 3.28
2006-12-04 3.05 3.08 2.96 2.96
2007-04-09 7.19 7.27 6.98 6.98
2007-04-23 8.24 8.3 7.81 7.81
2007-12-27 8.8 9.06 8.73 8.73
2008-11-12 2.67 2.68 2.6 2.6
2009-05-20 5.05 5.26 4.96 4.96
2009-07-15 5.39 5.43 5.26 5.26
2009-07-20 5.3 5.34 5.2 5.2
2010-08-19 5.94 5.95 5.83 5.83
2011-03-16 5.26 5.29 5.2 5.2
2011-09-07 3.83 3.83 3.79 3.79
2011-12-23 3.12 3.15 3.07 3.07
2012-04-05 3.37 3.4 3.3 3.3
2012-10-09 2.78 2.8 2.75 2.75
2012-10-10 2.89 2.9 2.79 2.79
2013-01-28 3.39 3.39 3.13 3.13
2013-02-08 3.24 3.27 3.16 3.16
2013-04-10 2.9 2.93 2.86 2.86
2013-04-11 2.94 2.97 2.92 2.92
2013-10-11 3.1 3.12 3.04 3.04
2013-11-18 2.94 2.96 2.91 2.91
2014-01-21 2.82 2.83 2.79 2.79
2014-02-28 3.07 3.07 3.0 3.0
2014-07-10 3.02 3.03 3.0 3.0
2014-07-14 3.16 3.2 3.04 3.04
2014-08-19 4.28 4.28 4.28 4.28
2014-08-20 4.71 4.71 4.71 4.71
2015-01-15 5.88 5.88 5.79 5.79
2015-01-20 5.6 5.7 5.52 5.52
2015-01-27 6.29 6.33 5.85 5.85
2015-03-04 6.29 6.3 6.2 6.2
2015-05-19 10.73 10.95 10.43 10.43
2015-07-09 7.71 7.71 6.58 6.58
2016-02-16 6.05 6.05 5.81 5.81
2016-07-04 8.59 8.74 8.4 8.4
2017-01-03 6.92 6.95 6.87 6.87
2017-01-26 6.85 6.86 6.79 6.79
2017-02-07 6.91 6.98 6.85 6.85
2017-05-31 5.62 5.67 5.6 5.6
2017-06-06 5.62 5.62 5.58 5.58
2017-06-13 5.98 6.08 5.75 5.75
2017-06-14 5.96 6.06 5.9 5.9
2017-08-16 5.85 5.9 5.8 5.8
