2006-10-11 4.24 4.29 4.05 4.05
2006-10-24 3.98 4.04 3.84 3.84
2006-11-24 4.03 4.03 3.67 3.67
2007-02-16 5.54 5.9 5.4 5.4
2007-02-28 6.2 6.2 5.65 5.65
2007-03-12 6.8 6.8 6.29 6.29
2007-03-19 8.18 8.18 7.71 7.71
2007-03-20 9.0 9.0 9.0 9.0
2007-04-10 11.38 11.61 10.89 10.89
2007-04-23 13.19 13.19 12.6 12.6
2007-04-30 14.55 14.8 13.5 13.5
2007-06-05 13.83 14.05 12.96 12.96
2007-07-17 11.86 12.3 11.42 11.42
2007-07-23 13.02 13.11 12.57 12.57
2007-07-25 13.58 13.79 13.23 13.23
2007-10-11 26.14 27.47 26.0 26.0
2007-10-29 17.95 17.95 16.82 16.82
2007-11-05 21.42 22.2 20.56 20.56
2007-11-14 21.02 21.15 19.41 19.41
2007-11-16 21.44 21.99 20.45 20.45
2007-11-23 20.79 21.0 20.06 20.06
2007-11-29 17.46 17.7 16.77 16.77
2007-12-04 18.08 18.2 17.15 17.15
2007-12-28 21.08 21.79 20.6 20.6
2008-01-18 23.54 23.75 22.6 22.6
2008-03-05 20.43 20.43 19.0 19.0
2008-03-28 15.95 15.95 14.6 14.6
2008-04-29 15.39 15.48 14.51 14.51
2008-05-08 16.08 16.12 15.05 15.05
2008-05-14 16.87 17.33 16.25 16.25
2008-05-29 14.83 14.83 14.83 14.83
2008-06-12 13.75 14.55 13.0 13.0
2008-06-26 12.6 13.1 12.05 12.05
2008-07-11 13.6 13.78 13.03 13.03
2008-08-06 12.93 13.25 12.48 12.48
2008-11-12 7.78 7.83 7.46 7.46
2008-11-13 8.04 8.14 7.5 7.5
2009-01-06 9.21 9.36 8.87 8.87
2009-03-02 9.32 9.38 9.1 9.1
2009-03-03 9.25 9.42 9.03 9.03
2009-04-21 11.04 11.19 10.69 10.69
2009-09-04 9.68 9.86 9.5 9.5
2009-09-11 10.69 10.97 10.52 10.52
2009-10-29 13.59 14.17 12.81 12.81
2009-11-13 13.7 13.74 13.32 13.32
2009-12-02 15.3 15.96 14.95 14.95
2010-01-13 14.56 14.8 14.4 14.4
2010-01-19 15.3 15.49 14.88 14.88
2010-02-25 13.77 13.79 13.46 13.46
2010-03-03 14.04 14.13 13.82 13.82
2010-04-21 13.35 13.5 12.83 12.83
2010-05-10 11.2 11.29 10.75 10.75
2010-06-08 9.57 9.87 9.16 9.16
2010-08-03 11.07 11.5 10.8 10.8
2010-08-23 10.81 11.11 10.72 10.72
2010-09-02 12.96 13.16 12.05 12.05
2010-09-27 12.32 12.48 12.03 12.03
2010-11-03 12.2 12.45 12.04 12.04
2010-11-11 13.2 13.53 12.92 12.92
2011-01-26 10.21 10.23 10.01 10.01
2011-03-07 11.77 12.05 11.71 11.71
2011-04-22 11.81 11.94 11.67 11.67
2011-04-27 12.32 12.35 11.78 11.78
2011-05-16 14.29 14.48 13.82 13.82
2011-07-13 15.12 15.25 14.79 14.79
2011-08-17 15.44 15.85 15.01 15.01
2011-08-22 15.24 15.63 15.02 15.02
2011-08-25 15.79 15.92 15.37 15.37
2011-11-09 10.06 10.09 9.68 9.68
2011-11-14 9.93 9.98 9.79 9.79
2011-12-23 6.7 6.76 6.53 6.53
2012-03-01 7.71 7.81 7.65 7.65
2012-04-25 10.18 10.48 9.8 9.8
2012-07-27 7.49 7.89 7.13 7.13
2012-08-06 7.77 7.83 7.6 7.6
2012-09-05 7.14 7.22 7.03 7.03
2012-09-07 7.47 7.56 7.25 7.25
2012-09-19 7.27 7.3 7.19 7.19
2012-09-21 7.06 7.16 7.03 7.03
2012-09-24 7.11 7.14 7.0 7.0
2012-09-28 7.04 7.15 6.9 6.9
2012-10-09 7.14 7.17 6.98 6.98
2012-10-10 7.21 7.25 7.1 7.1
2013-01-14 7.74 7.79 7.5 7.5
2013-02-25 7.73 7.76 7.67 7.67
2013-03-27 7.32 7.34 7.16 7.16
2013-05-22 7.37 7.48 7.35 7.35
2013-05-30 7.86 8.12 7.52 7.52
2013-08-05 6.46 6.49 6.3 6.3
2013-11-28 7.05 7.16 6.91 6.91
2013-12-18 7.46 7.51 7.15 7.15
2013-12-24 7.27 7.29 7.14 7.14
2014-02-10 6.06 6.08 5.92 5.92
2014-02-14 6.31 6.47 6.12 6.12
2014-03-11 5.5 5.51 5.42 5.42
2014-04-14 6.02 6.05 5.97 5.97
2014-04-16 6.01 6.05 5.96 5.96
2014-04-24 5.77 5.82 5.75 5.75
2014-05-23 5.55 5.55 5.46 5.46
2014-06-03 5.52 5.54 5.45 5.45
2014-06-10 5.51 5.51 5.44 5.44
2014-06-24 5.36 5.38 5.31 5.31
2014-07-14 5.67 5.72 5.64 5.64
2014-07-15 5.72 5.76 5.66 5.66
2014-07-18 5.63 5.71 5.61 5.61
2014-09-29 7.2 7.24 7.14 7.14
2014-10-21 7.11 7.18 7.03 7.03
2014-10-30 7.35 7.67 7.2 7.2
2014-11-17 7.65 7.66 7.36 7.36
2015-01-07 9.28 9.28 8.68 8.68
2015-01-12 10.13 10.13 9.5 9.5
2015-02-11 10.64 10.8 10.37 10.37
2015-05-08 13.37 13.48 12.57 12.57
2015-05-15 15.14 15.38 14.23 14.23
2015-05-21 17.39 17.48 16.41 16.41
2015-07-08 7.82 7.82 7.82 7.82
2015-07-09 8.6 8.6 7.04 7.04
2015-07-17 10.84 10.89 9.87 9.87
2015-07-30 17.06 17.57 16.12 16.12
2015-08-25 12.69 12.69 12.69 12.69
2015-09-15 12.94 12.94 12.94 12.94
2015-09-16 14.02 14.22 11.65 11.65
2015-11-04 17.67 17.75 16.86 16.86
2015-12-17 18.08 18.25 17.79 17.79
2016-02-16 16.68 16.8 16.03 16.03
2016-02-22 16.9 17.2 16.8 16.8
2016-03-14 16.69 16.94 16.33 16.33
2016-03-31 19.29 19.38 18.42 18.42
2016-04-11 20.43 20.64 19.97 19.97
2016-07-13 20.71 20.85 20.26 20.26
2017-03-07 16.52 16.6 16.28 16.28
2017-03-13 16.11 16.29 16.0 16.0
2017-07-03 14.18 14.35 13.89 13.89
2017-08-14 11.39 11.41 11.11 11.11
2017-08-16 12.03 12.39 11.31 11.31
2017-08-24 11.55 11.73 11.5 11.5
