2007-02-28 6.2 6.2 5.65 5.65
2007-03-19 8.18 8.18 7.71 7.71
2007-03-20 9.0 9.0 9.0 9.0
2007-04-30 14.55 14.8 13.5 13.5
2007-07-23 13.02 13.11 12.57 12.57
2007-07-25 13.58 13.79 13.23 13.23
2007-11-05 21.42 22.2 20.56 20.56
2007-11-16 21.44 21.99 20.45 20.45
2007-11-23 20.79 21.0 20.06 20.06
2007-11-29 17.46 17.7 16.77 16.77
2007-12-04 18.08 18.2 17.15 17.15
2008-05-08 16.08 16.12 15.05 15.05
2008-05-14 16.87 17.33 16.25 16.25
2008-11-13 8.04 8.14 7.5 7.5
2009-03-03 9.25 9.42 9.03 9.03
2009-09-11 10.69 10.97 10.52 10.52
2010-01-19 15.3 15.49 14.88 14.88
2010-03-03 14.04 14.13 13.82 13.82
2010-11-11 13.2 13.53 12.92 12.92
2011-04-27 12.32 12.35 11.78 11.78
2011-08-22 15.24 15.63 15.02 15.02
2011-08-25 15.79 15.92 15.37 15.37
2011-11-14 9.93 9.98 9.79 9.79
2012-08-06 7.77 7.83 7.6 7.6
2012-09-07 7.47 7.56 7.25 7.25
2012-09-21 7.06 7.16 7.03 7.03
2012-09-24 7.11 7.14 7.0 7.0
2012-09-28 7.04 7.15 6.9 6.9
2012-10-09 7.14 7.17 6.98 6.98
2012-10-10 7.21 7.25 7.1 7.1
2013-05-30 7.86 8.12 7.52 7.52
2013-12-24 7.27 7.29 7.14 7.14
2014-02-14 6.31 6.47 6.12 6.12
2014-04-16 6.01 6.05 5.96 5.96
2014-04-24 5.77 5.82 5.75 5.75
2014-06-03 5.52 5.54 5.45 5.45
2014-06-10 5.51 5.51 5.44 5.44
2014-07-15 5.72 5.76 5.66 5.66
2014-07-18 5.63 5.71 5.61 5.61
2015-01-12 10.13 10.13 9.5 9.5
2015-05-15 15.14 15.38 14.23 14.23
2015-05-21 17.39 17.48 16.41 16.41
2015-07-09 8.6 8.6 7.04 7.04
2015-07-17 10.84 10.89 9.87 9.87
2015-09-16 14.02 14.22 11.65 11.65
2016-02-22 16.9 17.2 16.8 16.8
2016-04-11 20.43 20.64 19.97 19.97
2017-03-13 16.11 16.29 16.0 16.0
2017-08-16 12.03 12.39 11.31 11.31
2017-08-24 11.55 11.73 11.5 11.5
