1997-07-17 9.95 10.29 9.7 9.7
1997-08-20 10.35 10.4 9.88 9.88
1997-09-02 11.33 11.39 10.95 10.95
1997-09-16 10.15 10.38 10.05 10.05
1997-09-18 10.25 10.4 10.18 10.18
1997-09-19 10.59 10.6 10.3 10.3
1997-10-16 10.41 10.52 10.25 10.25
1997-11-14 10.45 10.66 10.3 10.3
1997-12-04 10.18 10.3 9.98 9.98
1997-12-12 10.82 11.09 10.75 10.75
1997-12-30 11.31 11.38 11.17 11.17
1998-01-06 11.9 12.1 11.5 11.5
1998-03-09 10.34 10.5 10.3 10.3
1998-03-13 10.11 10.19 10.0 10.0
1998-03-23 10.25 10.28 10.1 10.1
1998-03-27 10.4 10.45 10.2 10.2
1998-04-06 11.3 11.46 11.1 11.1
1998-04-14 11.06 11.26 11.0 11.0
1998-04-28 11.93 12.1 11.7 11.7
1998-05-12 11.55 11.64 11.5 11.5
1998-05-13 12.0 12.14 11.62 11.62
1998-05-25 11.93 12.15 11.71 11.71
1998-06-03 10.22 10.34 10.15 10.15
1998-06-09 10.15 10.38 9.93 9.93
1998-07-16 9.3 9.4 9.3 9.3
1998-07-23 8.98 8.98 8.61 8.61
1998-08-05 8.51 8.57 8.4 8.4
1998-08-13 7.88 7.95 7.8 7.8
1998-08-19 7.09 7.1 6.65 6.65
1998-09-07 8.77 8.92 8.35 8.35
1998-09-10 9.16 9.28 9.05 9.05
1998-10-05 9.6 9.75 9.45 9.45
1998-10-28 8.71 8.85 8.59 8.59
1998-11-09 9.3 9.32 8.82 8.82
1998-12-03 8.42 8.5 8.38 8.38
1998-12-21 7.7 7.8 7.61 7.61
1999-01-08 8.1 8.15 7.8 7.8
1999-01-21 8.09 8.1 7.91 7.91
1999-02-02 7.78 7.94 7.7 7.7
1999-02-04 7.87 7.96 7.67 7.67
1999-02-09 7.97 8.07 7.68 7.68
1999-03-01 8.34 8.5 8.02 8.02
1999-03-03 8.47 8.66 8.32 8.32
1999-03-24 8.62 8.71 8.5 8.5
1999-03-29 9.1 9.14 8.88 8.88
1999-04-05 9.14 9.2 8.99 8.99
1999-04-20 8.51 8.75 8.4 8.4
1999-04-29 7.91 8.0 7.75 7.75
1999-05-11 7.75 7.78 7.5 7.5
1999-06-09 8.35 8.53 8.13 8.13
1999-06-28 10.76 10.8 10.2 10.2
1999-07-14 9.88 9.95 9.65 9.65
1999-08-17 9.45 9.58 9.29 9.29
1999-09-09 10.3 10.3 10.0 10.0
1999-09-14 10.61 10.7 10.2 10.2
1999-09-24 10.98 11.15 10.85 10.85
1999-10-22 9.76 9.95 9.61 9.61
1999-11-01 10.45 10.51 10.2 10.2
1999-11-26 10.87 10.93 10.71 10.71
2000-04-06 13.65 13.83 13.3 13.3
2000-04-11 13.73 14.0 13.65 13.65
2000-04-12 14.0 14.2 13.73 13.73
2000-04-21 14.15 14.58 14.0 14.0
2000-04-25 14.48 14.58 14.08 14.08
2000-05-09 14.2 14.78 14.1 14.1
2000-05-12 13.8 13.83 13.4 13.4
2000-05-16 14.08 14.15 13.9 13.9
2000-05-19 14.88 15.18 14.45 14.45
2000-05-30 15.53 15.7 15.33 15.33
2000-06-19 15.43 15.59 15.31 15.31
2000-06-23 16.48 16.55 15.65 15.65
2000-07-04 15.35 15.4 15.01 15.01
2000-08-10 15.21 15.29 15.0 15.0
2000-08-21 15.3 15.45 15.0 15.0
2000-08-24 15.75 15.78 15.15 15.15
2000-09-04 15.95 16.0 15.5 15.5
2000-09-29 14.48 14.59 14.41 14.41
2000-10-20 15.4 15.4 15.1 15.1
2000-10-26 15.48 15.9 15.46 15.46
2000-10-27 15.89 16.05 15.52 15.52
2000-12-01 19.29 19.46 18.9 18.9
2000-12-14 19.58 19.7 19.35 19.35
2000-12-19 21.18 21.3 20.0 20.0
2001-01-19 21.0 21.0 20.35 20.35
2001-02-05 21.96 22.39 21.4 21.4
2001-02-20 22.98 23.68 22.2 22.2
2001-04-09 26.3 26.3 25.9 25.9
2001-04-17 13.15 13.36 13.0 13.0
2001-05-25 12.54 12.7 12.48 12.48
2001-05-30 12.87 12.94 12.55 12.55
2001-06-21 12.27 12.39 12.2 12.2
2001-06-26 13.25 13.25 12.65 12.65
2001-07-09 13.17 13.18 12.8 12.8
2001-07-16 13.18 13.38 12.5 12.5
2001-08-10 12.4 12.62 12.17 12.17
2001-08-14 12.65 12.82 12.3 12.3
2001-08-29 11.88 11.95 11.78 11.78
2001-08-31 12.07 12.1 11.85 11.85
2001-09-05 12.1 12.32 12.03 12.03
2001-09-06 12.29 12.35 12.05 12.05
2001-10-23 11.3 11.3 10.68 10.68
2001-11-20 9.18 9.18 8.87 8.87
2001-11-28 9.93 9.96 9.35 9.35
2001-12-25 8.95 9.06 8.8 8.8
2002-01-08 8.75 8.84 8.6 8.6
2002-02-04 7.49 7.59 7.1 7.1
2002-03-06 8.45 8.65 8.25 8.25
2002-03-20 10.1 10.17 9.7 9.7
2002-04-24 8.86 9.0 8.82 8.82
2002-05-21 8.9 9.08 8.84 8.84
2002-05-31 8.75 8.96 8.63 8.63
2002-07-03 9.69 9.77 9.48 9.48
2002-07-05 9.78 10.08 9.68 9.68
2002-07-11 9.97 10.15 9.68 9.68
2002-08-13 6.4 6.49 6.35 6.35
2002-08-20 6.43 6.47 6.31 6.31
2002-08-22 6.48 6.49 6.37 6.37
2002-09-02 6.35 6.36 6.3 6.3
2002-10-16 5.7 5.76 5.62 5.62
2002-12-12 4.99 5.09 4.93 4.93
2002-12-20 5.23 5.24 5.15 5.15
2003-01-02 4.77 4.88 4.75 4.75
2003-02-17 5.54 5.68 5.47 5.47
2003-02-24 5.37 5.42 5.33 5.33
2003-02-25 5.46 5.47 5.3 5.3
2003-03-12 5.26 5.32 5.2 5.2
2003-03-14 5.27 5.3 5.22 5.22
2003-04-14 5.62 5.63 5.41 5.41
2003-05-14 4.82 4.83 4.6 4.6
2003-05-26 4.91 4.93 4.85 4.85
2003-05-30 5.04 5.04 4.91 4.91
2003-06-10 4.82 4.83 4.77 4.77
2003-07-08 4.6 4.64 4.52 4.52
2003-07-10 4.62 4.64 4.55 4.55
2003-07-22 4.35 4.36 4.3 4.3
2003-08-01 4.23 4.24 4.15 4.15
2003-08-04 4.31 4.35 4.2 4.2
2003-08-11 4.28 4.28 4.21 4.21
2003-08-18 4.21 4.25 4.21 4.21
2003-09-11 4.18 4.23 4.16 4.16
2003-09-16 4.13 4.17 4.1 4.1
2003-09-19 4.16 4.16 4.1 4.1
2003-09-22 4.14 4.18 4.09 4.09
2003-09-26 4.18 4.21 4.15 4.15
2003-10-13 4.24 4.32 4.23 4.23
2003-10-24 4.2 4.24 4.16 4.16
2003-11-04 3.87 3.92 3.82 3.82
2003-11-11 3.57 3.58 3.5 3.5
2003-11-26 4.04 4.11 3.93 3.93
2003-12-01 3.98 3.98 3.92 3.92
2003-12-24 3.77 3.8 3.74 3.74
2004-01-02 3.74 3.78 3.7 3.7
2004-02-27 4.49 4.5 4.42 4.42
2004-03-09 4.42 4.44 4.3 4.3
2004-03-19 4.75 4.78 4.57 4.57
2004-03-29 4.67 4.7 4.64 4.64
2004-03-31 4.76 4.79 4.61 4.61
2004-05-12 4.12 4.13 3.98 3.98
2004-06-22 3.75 3.76 3.7 3.7
2004-06-24 3.69 3.72 3.67 3.67
2004-07-06 3.65 3.68 3.62 3.62
2004-08-04 3.33 3.37 3.23 3.23
2004-08-06 3.43 3.45 3.37 3.37
2004-08-13 3.29 3.35 3.28 3.28
2004-08-24 3.48 3.56 3.26 3.26
2004-09-09 3.49 3.62 3.41 3.41
2004-09-23 4.25 4.25 3.86 3.86
2004-11-08 3.31 3.37 3.22 3.22
2004-11-10 3.4 3.45 3.26 3.26
2004-11-30 3.36 3.39 3.33 3.33
2004-12-22 3.32 3.38 3.18 3.18
2005-01-04 3.06 3.11 3.05 3.05
2005-01-05 3.12 3.19 3.06 3.06
2005-01-10 3.15 3.17 3.08 3.08
2005-01-27 3.16 3.18 3.09 3.09
2005-02-25 3.16 3.23 3.15 3.15
2005-03-07 3.09 3.09 3.06 3.06
2005-03-09 3.19 3.23 3.13 3.13
2005-04-07 2.75 2.8 2.7 2.7
2005-04-18 2.76 2.84 2.66 2.66
2005-05-12 2.07 2.1 2.01 2.01
2005-06-02 2.1 2.12 2.05 2.05
2005-06-03 2.08 2.13 2.08 2.08
2005-06-06 2.11 2.12 2.05 2.05
2005-06-24 2.17 2.19 2.15 2.15
2005-07-07 2.03 2.07 2.01 2.01
2005-07-26 1.93 1.94 1.89 1.89
2005-07-28 2.01 2.06 1.98 1.98
2005-08-22 2.25 2.25 2.2 2.2
2005-09-02 2.48 2.58 2.44 2.44
2005-09-07 2.52 2.52 2.42 2.42
2005-09-15 2.56 2.59 2.5 2.5
2005-10-18 2.18 2.19 2.12 2.12
2005-10-21 2.22 2.25 2.18 2.18
2005-11-15 2.34 2.34 2.12 2.12
2005-11-23 2.38 2.38 2.31 2.31
2005-11-24 2.39 2.41 2.35 2.35
2005-12-19 2.45 2.46 2.38 2.38
2006-01-06 2.42 2.43 2.38 2.38
2006-01-13 2.51 2.55 2.4 2.4
2006-02-06 2.62 2.62 2.54 2.54
2006-02-14 2.59 2.6 2.55 2.55
2006-02-22 2.77 2.79 2.64 2.64
2006-02-28 2.9 2.9 2.69 2.69
2006-03-27 2.55 2.56 2.5 2.5
2006-04-06 2.54 2.56 2.51 2.51
2006-04-17 2.72 2.73 2.6 2.6
2006-05-31 2.84 2.84 2.84 2.84
2006-06-01 3.12 3.12 3.12 3.12
2006-06-02 3.43 3.43 3.43 3.43
2006-06-05 3.77 3.77 3.77 3.77
2006-10-10 3.25 3.25 2.98 2.98
2006-10-19 3.14 3.19 3.09 3.09
2006-11-21 2.61 2.63 2.58 2.58
2006-12-11 2.79 2.79 2.65 2.65
2007-01-19 3.22 3.23 3.13 3.13
2007-01-29 3.56 3.57 3.33 3.33
2007-02-12 3.59 3.6 3.55 3.55
2007-03-20 4.97 4.98 4.77 4.77
2007-03-26 5.37 5.4 5.1 5.1
2007-04-09 5.91 6.0 5.66 5.66
2007-04-13 6.34 6.58 6.28 6.28
2007-04-16 6.5 6.6 6.32 6.32
2007-04-20 7.18 7.3 6.65 6.65
2007-04-23 7.49 7.55 7.22 7.22
2007-05-09 8.91 8.91 8.31 8.31
2007-06-05 5.95 5.96 5.51 5.51
2007-06-13 6.68 6.68 6.07 6.07
2007-07-02 5.05 5.06 4.66 4.66
2007-07-11 5.12 5.2 4.94 4.94
2007-07-23 5.59 5.68 5.1 5.1
2007-07-25 5.66 5.7 5.41 5.41
2007-08-02 6.25 6.3 5.71 5.71
2007-08-20 6.25 6.37 6.19 6.19
2007-08-27 6.8 6.8 6.8 6.8
2007-10-10 8.1 8.39 7.92 7.92
2007-11-14 8.48 8.48 7.72 7.72
2007-11-20 8.68 8.9 8.59 8.59
2008-01-11 13.93 14.15 13.15 13.15
2008-02-29 10.5 10.58 9.8 9.8
2008-03-06 11.89 11.89 11.0 11.0
2008-04-15 7.2 7.22 6.71 6.71
2008-07-24 5.94 6.12 5.83 5.83
2008-08-07 5.39 5.46 5.27 5.27
2008-08-29 4.19 4.3 4.04 4.04
2008-09-04 4.32 4.45 4.16 4.16
2008-09-24 4.67 4.7 4.3 4.3
2008-11-05 2.73 2.81 2.66 2.66
2008-11-19 3.24 3.25 3.04 3.04
2008-11-26 3.09 3.13 3.03 3.03
2008-12-05 3.55 3.57 3.36 3.36
2008-12-30 3.59 3.6 3.38 3.38
2009-01-05 3.51 3.52 3.43 3.43
2009-01-09 3.55 3.59 3.46 3.46
2009-01-12 3.63 3.77 3.51 3.51
2009-01-21 3.94 4.19 3.86 3.86
2009-02-03 4.09 4.17 3.95 3.95
2009-02-06 4.2 4.24 4.03 4.03
2009-04-20 5.09 5.12 4.93 4.93
2009-05-18 5.52 5.53 5.16 5.16
2009-06-02 5.91 5.91 5.4 5.4
2009-07-02 6.89 7.0 6.65 6.65
2009-07-27 7.06 7.09 6.86 6.86
2009-08-06 8.0 8.22 7.7 7.7
2009-08-10 8.34 8.37 7.98 7.98
2009-09-21 10.78 11.09 10.09 10.09
2009-10-19 10.21 10.41 10.08 10.08
2009-10-27 9.79 9.94 9.6 9.6
2009-12-01 10.91 10.98 10.65 10.65
2009-12-07 10.8 10.84 10.37 10.37
2009-12-10 10.57 10.9 10.45 10.45
2009-12-23 9.85 9.98 9.67 9.67
2010-03-05 10.62 10.83 10.53 10.53
2010-03-08 10.71 10.85 10.65 10.65
2010-03-09 11.54 11.77 10.71 10.71
2010-03-19 11.98 12.05 11.58 11.58
2010-05-19 8.95 9.23 8.58 8.58
2010-06-17 10.44 10.79 10.22 10.22
2010-06-21 10.31 10.38 10.03 10.03
2010-07-07 9.51 9.8 9.2 9.2
2010-07-09 9.79 9.85 9.49 9.49
2010-07-14 9.99 10.33 9.8 9.8
2010-08-04 11.54 11.55 10.84 10.84
2010-09-10 11.31 11.47 11.03 11.03
2010-10-19 13.1 13.11 11.59 11.59
2010-10-22 13.16 13.5 12.75 12.75
2010-12-13 14.38 14.49 14.08 14.08
2010-12-31 13.25 13.48 12.92 12.92
2011-03-24 13.2 13.34 12.91 12.91
2011-06-30 10.56 10.65 10.41 10.41
2011-07-04 10.86 10.89 10.67 10.67
2011-07-13 10.87 10.95 10.7 10.7
2011-08-22 9.54 9.68 9.46 9.46
2011-08-26 9.88 9.95 9.8 9.8
2011-09-23 10.22 10.25 9.79 9.79
2011-10-28 7.97 8.0 7.86 7.86
2011-11-04 8.27 8.34 8.12 8.12
2011-12-30 5.68 5.71 5.61 5.61
2012-01-12 5.68 5.94 5.67 5.67
2012-02-16 6.61 6.65 6.31 6.31
2012-03-08 7.26 7.42 7.1 7.1
2012-07-13 4.37 4.43 4.3 4.3
2012-07-17 4.2 4.25 4.0 4.0
2012-08-23 5.54 5.64 5.18 5.18
2012-11-01 4.69 4.88 4.57 4.57
2012-12-04 3.85 3.88 3.66 3.66
2012-12-05 4.0 4.04 3.79 3.79
2012-12-17 4.22 4.24 4.17 4.17
2013-02-25 4.58 4.63 4.53 4.53
2013-04-09 4.93 4.98 4.83 4.83
2013-04-22 5.0 5.02 4.92 4.92
2013-07-02 4.62 4.67 4.48 4.48
2013-07-23 4.71 4.74 4.58 4.58
2013-08-19 5.27 5.3 4.94 4.94
2013-08-22 5.42 5.49 5.16 5.16
2013-09-10 7.13 7.32 6.73 6.73
2013-09-18 6.32 6.5 6.21 6.21
2013-09-23 6.45 6.61 6.33 6.33
2013-12-03 5.51 5.54 5.3 5.3
2013-12-30 6.04 6.09 5.8 5.8
2014-01-07 5.68 5.8 5.6 5.6
2014-01-24 5.58 5.6 5.45 5.45
2014-05-22 6.14 6.27 6.13 6.13
2014-07-01 6.19 6.25 6.14 6.14
2014-07-10 6.2 6.29 6.1 6.1
2014-11-18 7.08 7.08 7.08 7.08
2014-11-19 7.79 7.79 7.79 7.79
2014-11-20 8.57 8.57 8.57 8.57
2014-11-21 9.43 9.43 9.43 9.43
2014-11-24 10.37 10.37 10.37 10.37
2014-11-25 11.41 11.41 11.41 11.41
2014-11-26 12.55 12.55 12.55 12.55
2014-11-27 13.81 13.81 13.81 13.81
2014-11-28 15.19 15.19 15.19 15.19
2014-12-01 16.71 16.71 16.71 16.71
2014-12-02 18.38 18.38 18.38 18.38
2014-12-03 20.22 20.22 20.22 20.22
2014-12-04 22.24 22.24 22.24 22.24
2015-02-13 22.59 23.27 21.54 21.54
2015-03-18 25.67 25.87 24.7 24.7
2015-04-07 27.74 28.25 27.1 27.1
2015-04-22 30.23 30.8 28.65 28.65
2015-07-20 34.04 34.04 34.04 34.04
2015-07-21 30.64 30.64 30.64 30.64
2015-07-22 29.09 31.33 27.58 27.58
2015-07-28 22.24 24.3 22.24 22.24
2015-08-04 21.35 21.35 19.41 19.41
2015-09-07 13.29 13.69 13.01 13.01
2015-10-15 16.55 16.67 15.82 15.82
2015-11-05 23.34 23.34 22.5 22.5
2015-11-17 28.31 28.31 27.2 27.2
2015-12-21 28.76 29.54 28.44 28.44
2016-01-05 23.4 23.93 21.42 21.42
2016-03-18 17.56 17.56 15.96 15.96
2016-03-25 19.19 19.35 18.71 18.71
2016-06-15 17.33 17.76 16.68 16.68
2016-10-28 16.21 16.53 16.08 16.08
2017-01-20 15.48 15.54 15.23 15.23
2017-01-25 15.48 15.49 15.41 15.41
2017-02-13 15.85 15.94 15.58 15.58
2017-04-05 15.25 15.33 14.99 14.99
2017-06-13 15.0 15.05 14.88 14.88
2017-08-18 15.92 16.03 15.81 15.81
