1996-09-03 14.8 14.99 14.2 14.2
1996-09-20 13.93 13.95 13.0 13.0
1996-09-23 14.41 14.65 14.05 14.05
1996-10-10 14.18 14.45 14.04 14.04
1996-10-15 14.44 14.58 14.3 14.3
1996-12-02 16.21 16.4 15.8 15.8
1996-12-04 16.7 16.8 16.0 16.0
1996-12-09 18.0 18.15 17.2 17.2
1996-12-16 15.48 15.5 15.48 15.48
1996-12-18 15.32 15.32 14.1 14.1
1997-01-06 15.55 15.9 15.5 15.5
1997-01-07 15.7 15.83 15.4 15.4
1997-01-10 16.48 16.5 16.2 16.2
1997-01-15 17.68 17.7 16.15 16.15
1997-02-20 16.6 16.86 15.39 15.39
1997-04-28 18.79 19.26 18.28 18.28
1997-05-05 21.11 21.11 19.2 19.2
1997-05-22 17.91 19.11 17.91 17.91
1997-05-27 19.73 20.0 19.1 19.1
1997-05-30 20.75 20.75 20.0 20.0
1997-06-06 20.01 20.6 19.45 19.45
1997-06-16 20.55 20.65 20.2 20.2
1997-07-14 23.3 24.2 23.0 23.0
1997-07-17 23.7 23.7 22.9 22.9
1997-07-22 23.68 23.99 23.1 23.1
1997-07-23 23.91 25.1 23.79 23.79
1997-07-30 23.55 24.0 23.0 23.0
1997-08-04 23.85 24.15 23.4 23.4
1997-08-07 24.16 24.28 23.55 23.55
1997-08-14 24.0 24.6 23.5 23.5
1997-08-21 24.15 24.15 23.05 23.05
1997-10-15 25.35 25.5 25.2 25.2
1997-10-31 26.55 26.55 26.0 26.0
1997-12-19 28.77 28.8 27.45 27.45
1998-03-03 29.2 29.3 28.8 28.8
1998-03-09 29.19 29.51 29.03 29.03
1998-04-10 30.95 31.79 29.02 29.02
1998-04-23 31.0 31.5 30.8 30.8
1998-04-24 31.31 31.9 30.8 30.8
1998-05-13 23.9 23.93 22.68 22.68
1998-07-24 16.9 17.36 16.0 16.0
1998-09-11 16.42 16.65 16.2 16.2
1998-09-21 16.33 16.35 15.1 15.1
1998-09-23 16.25 16.35 16.0 16.0
1998-10-12 16.6 16.8 16.17 16.17
1998-10-13 16.7 16.98 16.65 16.65
1998-11-05 17.4 17.5 17.1 17.1
1998-11-11 18.33 18.41 18.25 18.25
1998-11-27 17.07 17.29 17.0 17.0
1999-01-12 14.7 15.0 14.5 14.5
1999-01-25 14.81 15.1 14.81 14.81
1999-03-15 14.75 15.25 14.6 14.6
1999-03-29 15.39 15.55 15.09 15.09
1999-05-05 13.99 14.0 13.6 13.6
1999-05-27 16.53 16.87 15.3 15.3
1999-06-04 15.31 15.59 15.2 15.2
1999-06-24 20.38 20.87 19.0 19.0
1999-06-28 21.33 21.33 19.7 19.7
1999-07-12 22.8 23.43 21.5 21.5
1999-08-05 21.35 21.7 20.0 20.0
1999-08-11 20.9 21.3 20.4 20.4
1999-08-25 23.4 23.59 23.01 23.01
1999-09-02 25.0 25.4 24.89 24.89
1999-09-07 23.94 24.0 23.31 23.31
1999-09-08 24.2 24.45 23.75 23.75
1999-11-04 23.6 23.88 23.0 23.0
1999-11-05 23.65 23.9 23.51 23.51
1999-11-08 23.88 23.98 23.0 23.0
1999-11-09 24.0 24.0 23.7 23.7
1999-11-10 24.38 24.38 23.88 23.88
2000-03-20 35.5 35.7 31.47 31.47
2000-03-21 36.6 37.2 35.5 35.5
2000-03-23 37.2 37.5 36.6 36.6
2000-09-29 23.45 23.78 22.76 22.76
2000-10-10 23.78 23.8 23.25 23.25
2000-12-01 25.0 25.08 24.5 24.5
2000-12-08 25.28 25.3 25.04 25.04
2001-01-17 22.4 22.8 22.3 22.3
2001-01-19 23.0 23.0 22.48 22.48
2001-03-09 20.98 21.12 20.8 20.8
2001-03-14 20.45 20.69 20.3 20.3
2001-04-10 21.85 22.05 21.72 21.72
2001-04-27 21.91 22.03 21.91 21.91
2001-06-11 21.27 21.47 21.08 21.08
2001-06-13 21.38 21.48 21.18 21.18
2001-06-18 21.66 22.38 20.0 20.0
2001-06-19 21.9 22.08 21.65 21.65
2001-06-20 22.06 22.21 21.8 21.8
2001-06-21 22.2 22.38 21.95 21.95
2001-08-03 19.88 19.99 19.41 19.41
2001-08-08 19.28 19.65 19.12 19.12
2001-08-15 19.35 19.6 19.12 19.12
2001-09-05 17.45 17.9 17.1 17.1
2001-09-13 17.19 17.65 16.9 16.9
2001-09-14 17.2 17.58 17.02 17.02
2001-10-29 13.2 13.29 12.5 12.5
2001-11-20 13.4 13.49 13.02 13.02
2001-11-22 14.3 14.35 13.7 13.7
2001-11-30 15.05 15.12 14.72 14.72
2001-12-18 14.69 14.7 14.0 14.0
2002-06-21 13.8 13.82 13.58 13.58
2002-06-26 14.82 14.82 14.4 14.4
2002-12-25 16.48 16.5 16.46 16.46
2003-07-08 16.09 16.23 15.85 15.85
2003-11-28 11.88 12.0 11.65 11.65
2004-02-03 10.94 11.1 10.9 10.9
2004-02-09 12.25 12.6 12.0 12.0
2004-07-05 6.77 6.8 6.62 6.62
2004-12-14 3.77 3.81 3.75 3.75
2004-12-22 3.76 3.76 3.64 3.64
2004-12-24 3.69 3.76 3.66 3.66
2005-01-04 3.49 3.56 3.43 3.43
2005-01-05 3.6 3.64 3.5 3.5
2005-01-07 3.52 3.58 3.5 3.5
2005-01-11 3.55 3.56 3.51 3.51
2005-12-29 3.6 3.63 3.53 3.53
2007-01-09 17.78 18.3 17.44 17.44
2007-02-01 23.23 23.4 22.01 22.01
2007-04-02 31.98 31.98 29.32 29.32
2007-04-03 31.9 33.88 31.7 31.7
2007-04-30 70.38 70.4 64.2 64.2
2007-05-30 45.14 48.49 45.14 45.14
2008-05-08 34.19 34.75 33.05 33.05
2008-05-14 34.0 34.68 33.2 33.2
2008-12-08 14.68 14.99 13.9 13.9
2009-06-01 29.29 30.1 28.46 28.46
2009-06-03 29.79 30.2 29.01 29.01
2009-07-06 36.76 39.4 35.8 35.8
2009-07-07 37.64 38.53 36.87 36.87
2009-09-11 31.19 31.68 29.83 29.83
2009-11-10 36.12 36.7 35.7 35.7
2010-04-01 35.83 36.0 34.91 34.91
2010-04-02 36.66 37.2 35.84 35.84
2010-05-26 28.58 28.8 27.55 27.55
2011-02-21 30.74 31.0 29.53 29.53
2011-03-09 33.62 34.49 33.05 33.05
2011-03-16 31.91 32.35 30.83 30.83
2012-07-26 14.98 15.34 14.92 14.92
2013-09-23 15.9 16.1 15.67 15.67
2013-12-26 16.89 17.14 16.81 16.81
2014-02-10 16.03 16.13 15.25 15.25
2014-06-24 15.13 15.25 14.91 14.91
2015-03-24 27.07 27.07 24.87 24.87
2015-12-16 19.15 19.15 19.15 19.15
2015-12-17 21.07 21.07 21.07 21.07
2016-11-14 19.33 19.51 19.01 19.01
2016-11-22 20.7 21.3 19.81 19.81
2017-01-03 18.37 18.39 17.96 17.96
2017-06-29 17.83 17.87 17.58 17.58
