1996-08-27 12.0 12.1 11.52 11.52
1996-09-03 14.8 14.99 14.2 14.2
1996-09-13 13.25 13.28 12.5 12.5
1996-09-20 13.93 13.95 13.0 13.0
1996-09-23 14.41 14.65 14.05 14.05
1996-10-08 14.51 14.65 14.41 14.41
1996-10-10 14.18 14.45 14.04 14.04
1996-10-15 14.44 14.58 14.3 14.3
1996-10-25 15.22 15.5 15.05 15.05
1996-11-07 14.7 14.78 14.33 14.33
1996-11-29 15.42 15.66 15.1 15.1
1996-12-02 16.21 16.4 15.8 15.8
1996-12-04 16.7 16.8 16.0 16.0
1996-12-09 18.0 18.15 17.2 17.2
1996-12-16 15.48 15.5 15.48 15.48
1996-12-18 15.32 15.32 14.1 14.1
1997-01-02 16.2 16.25 15.7 15.7
1997-01-06 15.55 15.9 15.5 15.5
1997-01-07 15.7 15.83 15.4 15.4
1997-01-10 16.48 16.5 16.2 16.2
1997-01-15 17.68 17.7 16.15 16.15
1997-02-19 17.1 17.57 16.45 16.45
1997-02-20 16.6 16.86 15.39 15.39
1997-04-09 21.93 22.2 20.7 20.7
1997-04-22 21.71 22.2 21.6 21.6
1997-04-28 18.79 19.26 18.28 18.28
1997-05-05 21.11 21.11 19.2 19.2
1997-05-16 19.41 21.2 19.29 19.29
1997-05-22 17.91 19.11 17.91 17.91
1997-05-27 19.73 20.0 19.1 19.1
1997-05-30 20.75 20.75 20.0 20.0
1997-06-06 20.01 20.6 19.45 19.45
1997-06-16 20.55 20.65 20.2 20.2
1997-07-11 22.6 22.65 21.34 21.34
1997-07-14 23.3 24.2 23.0 23.0
1997-07-17 23.7 23.7 22.9 22.9
1997-07-22 23.68 23.99 23.1 23.1
1997-07-23 23.91 25.1 23.79 23.79
1997-07-30 23.55 24.0 23.0 23.0
1997-08-04 23.85 24.15 23.4 23.4
1997-08-07 24.16 24.28 23.55 23.55
1997-08-14 24.0 24.6 23.5 23.5
1997-08-21 24.15 24.15 23.05 23.05
1997-10-07 25.25 25.5 25.08 25.08
1997-10-15 25.35 25.5 25.2 25.2
1997-10-30 26.2 26.7 26.16 26.16
1997-10-31 26.55 26.55 26.0 26.0
1997-11-11 26.1 26.65 25.4 25.4
1997-11-25 26.1 26.5 25.68 25.68
1997-12-18 27.4 27.77 27.2 27.2
1997-12-19 28.77 28.8 27.45 27.45
1998-01-08 31.28 33.86 30.65 30.65
1998-02-25 28.85 29.48 28.8 28.8
1998-03-03 29.2 29.3 28.8 28.8
1998-03-09 29.19 29.51 29.03 29.03
1998-04-03 29.3 29.5 28.48 28.48
1998-04-10 30.95 31.79 29.02 29.02
1998-04-22 31.2 31.98 31.0 31.0
1998-04-23 31.0 31.5 30.8 30.8
1998-04-24 31.31 31.9 30.8 30.8
1998-05-07 21.45 22.0 20.5 20.5
1998-05-13 23.9 23.93 22.68 22.68
1998-05-26 21.0 21.7 20.5 20.5
1998-06-25 19.3 19.75 19.1 19.1
1998-07-23 15.78 15.95 15.18 15.18
1998-07-24 16.9 17.36 16.0 16.0
1998-08-05 16.36 16.56 16.15 16.15
1998-08-28 15.1 15.35 14.74 14.74
1998-09-09 15.86 15.86 15.65 15.65
1998-09-11 16.42 16.65 16.2 16.2
1998-09-21 16.33 16.35 15.1 15.1
1998-09-23 16.25 16.35 16.0 16.0
1998-10-07 15.95 16.14 15.7 15.7
1998-10-12 16.6 16.8 16.17 16.17
1998-10-13 16.7 16.98 16.65 16.65
1998-10-29 17.54 17.7 17.1 17.1
1998-11-05 17.4 17.5 17.1 17.1
1998-11-11 18.33 18.41 18.25 18.25
1998-11-24 17.79 17.96 17.6 17.6
1998-11-27 17.07 17.29 17.0 17.0
1998-12-08 16.0 16.17 15.86 15.86
1999-01-06 14.17 14.5 13.95 13.95
1999-01-12 14.7 15.0 14.5 14.5
1999-01-21 14.8 14.88 14.51 14.51
1999-01-25 14.81 15.1 14.81 14.81
1999-02-09 13.18 13.99 12.81 12.81
1999-03-09 15.4 15.57 14.6 14.6
1999-03-15 14.75 15.25 14.6 14.6
1999-03-24 14.4 14.49 14.3 14.3
1999-03-29 15.39 15.55 15.09 15.09
1999-04-08 14.97 15.38 14.75 14.75
1999-04-29 14.1 14.28 13.9 13.9
1999-05-05 13.99 14.0 13.6 13.6
1999-05-19 14.15 14.18 13.35 13.35
1999-05-27 16.53 16.87 15.3 15.3
1999-06-04 15.31 15.59 15.2 15.2
1999-06-16 17.75 17.75 17.02 17.02
1999-06-24 20.38 20.87 19.0 19.0
1999-06-28 21.33 21.33 19.7 19.7
1999-07-09 21.3 22.0 20.3 20.3
1999-07-12 22.8 23.43 21.5 21.5
1999-07-23 19.76 19.85 19.4 19.4
1999-08-04 20.73 21.2 19.9 19.9
1999-08-05 21.35 21.7 20.0 20.0
1999-08-11 20.9 21.3 20.4 20.4
1999-08-20 22.38 22.79 22.2 22.2
1999-08-25 23.4 23.59 23.01 23.01
1999-09-02 25.0 25.4 24.89 24.89
1999-09-07 23.94 24.0 23.31 23.31
1999-09-08 24.2 24.45 23.75 23.75
1999-09-20 25.0 25.2 24.8 24.8
1999-09-30 24.99 25.08 24.6 24.6
1999-10-27 23.9 24.9 23.5 23.5
1999-11-04 23.6 23.88 23.0 23.0
1999-11-05 23.65 23.9 23.51 23.51
1999-11-08 23.88 23.98 23.0 23.0
1999-11-09 24.0 24.0 23.7 23.7
1999-11-10 24.38 24.38 23.88 23.88
1999-11-25 24.33 24.5 24.2 24.2
2000-01-17 26.12 26.6 24.5 24.5
2000-02-29 32.45 33.33 30.6 30.6
2000-03-13 31.4 31.5 30.91 30.91
2000-03-20 35.5 35.7 31.47 31.47
2000-03-21 36.6 37.2 35.5 35.5
2000-03-23 37.2 37.5 36.6 36.6
2000-04-28 36.88 37.0 36.6 36.6
2000-05-16 34.6 34.7 33.8 33.8
2000-06-22 19.85 20.0 19.6 19.6
2000-07-11 19.74 19.95 19.63 19.63
2000-07-28 23.34 23.4 22.7 22.7
2000-08-11 25.38 25.9 25.0 25.0
2000-09-07 22.61 22.8 22.2 22.2
2000-09-26 21.95 22.2 21.89 21.89
2000-09-29 23.45 23.78 22.76 22.76
2000-10-10 23.78 23.8 23.25 23.25
2000-11-16 23.28 23.5 23.0 23.0
2000-11-30 24.58 24.8 24.51 24.51
2000-12-01 25.0 25.08 24.5 24.5
2000-12-08 25.28 25.3 25.04 25.04
2001-01-10 23.28 23.47 22.9 22.9
2001-01-17 22.4 22.8 22.3 22.3
2001-01-19 23.0 23.0 22.48 22.48
2001-02-20 20.7 21.09 20.63 20.63
2001-03-07 20.85 21.0 20.78 20.78
2001-03-09 20.98 21.12 20.8 20.8
2001-03-14 20.45 20.69 20.3 20.3
2001-04-09 21.86 21.86 21.61 21.61
2001-04-10 21.85 22.05 21.72 21.72
2001-04-24 22.74 23.1 22.25 22.25
2001-04-27 21.91 22.03 21.91 21.91
2001-06-05 21.1 21.38 20.61 20.61
2001-06-11 21.27 21.47 21.08 21.08
2001-06-13 21.38 21.48 21.18 21.18
2001-06-18 21.66 22.38 20.0 20.0
2001-06-19 21.9 22.08 21.65 21.65
2001-06-20 22.06 22.21 21.8 21.8
2001-06-21 22.2 22.38 21.95 21.95
2001-08-01 20.2 20.28 19.6 19.6
2001-08-03 19.88 19.99 19.41 19.41
2001-08-08 19.28 19.65 19.12 19.12
2001-08-15 19.35 19.6 19.12 19.12
2001-08-28 17.8 17.8 17.28 17.28
2001-09-05 17.45 17.9 17.1 17.1
2001-09-13 17.19 17.65 16.9 16.9
2001-09-14 17.2 17.58 17.02 17.02
2001-10-09 17.2 17.38 16.3 16.3
2001-10-23 15.05 15.05 14.65 14.65
2001-10-29 13.2 13.29 12.5 12.5
2001-11-13 13.0 13.18 12.64 12.64
2001-11-20 13.4 13.49 13.02 13.02
2001-11-22 14.3 14.35 13.7 13.7
2001-11-30 15.05 15.12 14.72 14.72
2001-12-12 14.69 14.88 14.01 14.01
2001-12-18 14.69 14.7 14.0 14.0
2001-12-31 14.58 14.8 13.91 13.91
2002-01-15 13.79 13.98 13.4 13.4
2002-04-02 13.8 14.2 13.72 13.72
2002-04-12 13.61 13.7 13.36 13.36
2002-04-26 13.04 13.28 12.84 12.84
2002-06-18 13.48 13.52 13.2 13.2
2002-06-21 13.8 13.82 13.58 13.58
2002-06-26 14.82 14.82 14.4 14.4
2002-09-25 17.46 17.49 17.35 17.35
2002-10-16 16.92 16.98 16.77 16.77
2002-11-15 16.61 16.64 16.45 16.45
2002-11-29 16.6 16.62 16.5 16.5
2002-12-20 16.49 16.52 16.45 16.45
2002-12-25 16.48 16.5 16.46 16.46
2003-01-08 16.4 16.4 16.3 16.3
2003-04-22 16.65 16.68 16.6 16.6
2003-06-03 15.5 15.52 15.45 15.45
2003-06-13 15.35 15.35 15.1 15.1
2003-07-01 15.57 15.75 15.55 15.55
2003-07-08 16.09 16.23 15.85 15.85
2003-11-12 11.66 11.75 11.6 11.6
2003-11-27 11.67 11.68 11.6 11.6
2003-11-28 11.88 12.0 11.65 11.65
2004-01-14 10.38 10.43 10.3 10.3
2004-02-03 10.94 11.1 10.9 10.9
2004-02-09 12.25 12.6 12.0 12.0
2004-03-30 11.78 11.8 11.6 11.6
2004-04-09 12.25 12.33 11.73 11.73
2004-05-12 9.62 9.65 9.35 9.35
2004-05-31 7.48 7.64 7.4 7.4
2004-07-01 6.55 6.6 6.24 6.24
2004-07-05 6.77 6.8 6.62 6.62
2004-08-24 3.3 3.34 3.17 3.17
2004-09-03 3.67 3.85 3.5 3.5
2004-10-19 3.99 4.15 3.82 3.82
2004-11-15 4.0 4.04 3.89 3.89
2004-11-30 3.89 3.92 3.83 3.83
2004-12-09 3.91 3.99 3.86 3.86
2004-12-14 3.77 3.81 3.75 3.75
2004-12-22 3.76 3.76 3.64 3.64
2004-12-24 3.69 3.76 3.66 3.66
2005-01-04 3.49 3.56 3.43 3.43
2005-01-05 3.6 3.64 3.5 3.5
2005-01-07 3.52 3.58 3.5 3.5
2005-01-11 3.55 3.56 3.51 3.51
2005-02-21 3.56 3.6 3.52 3.52
2005-03-11 3.67 3.74 3.65 3.65
2005-05-10 3.82 3.86 3.53 3.53
2005-05-30 3.71 3.74 3.55 3.55
2005-06-09 4.37 4.5 4.2 4.2
2005-07-22 3.43 3.5 3.35 3.35
2005-10-19 3.42 3.43 3.34 3.34
2005-11-02 3.26 3.32 3.12 3.12
2005-11-24 3.27 3.28 3.21 3.21
2005-12-09 3.29 3.31 3.18 3.18
2005-12-27 3.48 3.56 3.47 3.47
2005-12-29 3.6 3.63 3.53 3.53
2006-11-20 12.52 12.6 12.0 12.0
2006-12-01 13.88 14.2 13.22 13.22
2006-12-14 14.34 14.62 14.0 14.0
2006-12-29 17.83 18.68 17.41 17.41
2007-01-09 17.78 18.3 17.44 17.44
2007-01-24 23.92 24.8 22.31 22.31
2007-02-01 23.23 23.4 22.01 22.01
2007-02-14 27.02 27.4 24.96 24.96
2007-03-26 26.19 26.62 25.8 25.8
2007-04-02 31.98 31.98 29.32 29.32
2007-04-03 31.9 33.88 31.7 31.7
2007-04-20 52.74 53.98 50.25 50.25
2007-04-30 70.38 70.4 64.2 64.2
2007-05-24 41.87 41.87 38.1 38.1
2007-05-30 45.14 48.49 45.14 45.14
2007-06-18 49.0 50.89 47.28 47.28
2007-07-23 41.43 42.2 39.15 39.15
2007-09-14 50.6 51.7 47.01 47.01
2007-12-24 48.87 48.87 45.02 45.02
2008-02-14 49.49 51.0 46.6 46.6
2008-04-30 36.02 36.48 34.4 34.4
2008-05-08 34.19 34.75 33.05 33.05
2008-05-14 34.0 34.68 33.2 33.2
2008-08-28 16.23 16.8 15.52 15.52
2008-09-19 13.35 13.35 13.35 13.35
2008-12-02 13.41 14.04 13.0 13.0
2008-12-08 14.68 14.99 13.9 13.9
2009-01-09 14.09 14.63 13.85 13.85
2009-02-13 20.97 21.05 19.61 19.61
2009-03-04 19.31 19.33 17.7 17.7
2009-03-26 24.01 24.08 22.41 22.41
2009-04-29 23.85 24.13 22.7 22.7
2009-05-11 25.51 26.62 24.8 24.8
2009-05-22 25.79 26.25 25.5 25.5
2009-06-01 29.29 30.1 28.46 28.46
2009-06-03 29.79 30.2 29.01 29.01
2009-06-18 31.99 32.88 30.58 30.58
2009-07-02 35.57 36.22 34.32 34.32
2009-07-06 36.76 39.4 35.8 35.8
2009-07-07 37.64 38.53 36.87 36.87
2009-07-27 40.41 40.92 39.6 39.6
2009-08-20 30.97 31.9 29.13 29.13
2009-09-07 29.44 30.88 28.46 28.46
2009-09-11 31.19 31.68 29.83 29.83
2009-10-09 29.67 29.69 28.0 28.0
2009-11-09 35.45 35.48 34.72 34.72
2009-11-10 36.12 36.7 35.7 35.7
2009-12-03 38.21 38.7 37.71 37.71
2010-01-11 41.9 41.9 41.9 41.9
2010-03-05 34.69 34.78 33.44 33.44
2010-03-29 34.58 34.92 33.5 33.5
2010-04-01 35.83 36.0 34.91 34.91
2010-04-02 36.66 37.2 35.84 35.84
2010-05-24 27.4 27.4 25.65 25.65
2010-05-26 28.58 28.8 27.55 27.55
2010-06-08 29.14 30.51 28.0 28.0
2010-07-20 26.03 26.2 24.74 24.74
2010-08-02 27.6 27.85 26.98 26.98
2010-10-18 35.49 37.48 34.8 34.8
2010-11-01 37.61 38.0 35.2 35.2
2010-11-24 30.3 30.56 29.12 29.12
2011-02-14 29.29 29.46 27.26 27.26
2011-02-21 30.74 31.0 29.53 29.53
2011-03-07 33.35 34.49 32.75 32.75
2011-03-09 33.62 34.49 33.05 33.05
2011-03-16 31.91 32.35 30.83 30.83
2011-03-28 33.06 33.25 32.17 32.17
2011-08-01 17.39 17.65 17.31 17.31
2011-12-30 12.29 12.48 11.89 11.89
2012-01-16 12.86 13.15 12.75 12.75
2012-03-08 15.92 16.46 15.26 15.26
2012-06-18 16.75 16.92 16.68 16.68
2012-07-24 15.2 15.45 14.81 14.81
2012-07-26 14.98 15.34 14.92 14.92
2012-10-29 14.73 14.86 14.65 14.65
2012-12-14 14.02 14.08 13.22 13.22
2013-01-28 15.53 15.55 14.92 14.92
2013-06-18 15.38 15.54 14.83 14.83
2013-07-11 14.23 14.46 13.56 13.56
2013-07-23 14.73 14.88 14.19 14.19
2013-08-07 14.84 15.13 14.48 14.48
2013-09-12 16.25 16.25 16.25 16.25
2013-09-23 15.9 16.1 15.67 15.67
2013-11-15 18.74 19.45 18.11 18.11
2013-12-18 18.1 18.22 17.93 17.93
2013-12-26 16.89 17.14 16.81 16.81
2014-01-24 15.8 16.13 15.45 15.45
2014-02-10 16.03 16.13 15.25 15.25
2014-03-18 14.22 14.36 14.11 14.11
2014-04-04 14.23 14.26 14.05 14.05
2014-06-05 14.37 14.4 14.22 14.22
2014-06-19 14.91 15.27 14.8 14.8
2014-06-24 15.13 15.25 14.91 14.91
2014-07-24 14.95 14.99 14.61 14.61
2014-08-04 15.95 16.02 15.66 15.66
2014-09-29 16.17 16.3 16.0 16.0
2014-10-28 15.53 15.56 15.2 15.2
2014-12-12 21.09 21.8 20.86 20.86
2015-02-02 21.74 21.8 21.26 21.26
2015-02-13 22.67 23.16 21.68 21.68
2015-03-23 24.61 24.87 24.0 24.0
2015-03-24 27.07 27.07 24.87 24.87
2015-04-16 28.01 28.38 27.15 27.15
2015-05-21 33.47 34.19 32.66 32.66
2015-12-15 17.41 17.41 17.41 17.41
2015-12-16 19.15 19.15 19.15 19.15
2015-12-17 21.07 21.07 21.07 21.07
2016-02-24 17.18 17.18 17.18 17.18
2016-03-30 17.85 17.87 17.5 17.5
2016-04-13 17.4 17.77 17.23 17.23
2016-07-05 15.97 16.04 15.9 15.9
2016-08-10 18.26 18.64 17.6 17.6
2016-09-02 17.64 17.98 17.5 17.5
2016-09-21 17.65 17.76 17.52 17.52
2016-11-10 19.02 19.36 18.96 18.96
2016-11-14 19.33 19.51 19.01 19.01
2016-11-22 20.7 21.3 19.81 19.81
2016-12-29 18.08 18.13 17.64 17.64
2017-01-03 18.37 18.39 17.96 17.96
2017-01-26 17.79 17.86 17.5 17.5
2017-04-05 17.84 17.87 17.63 17.63
2017-06-22 17.75 18.13 17.7 17.7
2017-06-29 17.83 17.87 17.58 17.58
2017-07-13 18.1 18.41 17.91 17.91
2017-07-31 19.04 19.18 18.85 18.85
2017-09-08 18.8 18.82 18.56 18.56
