2003-05-19 8.75 8.98 8.6 8.6
2004-03-29 9.58 9.69 9.55 9.55
2004-09-14 8.29 8.4 8.18 8.18
2005-04-07 7.58 7.78 7.41 7.41
2005-04-13 7.74 7.9 7.68 7.68
2005-06-15 7.28 7.43 7.2 7.2
2005-11-11 7.99 8.06 7.9 7.9
2007-01-29 9.92 9.98 9.28 9.28
2007-02-13 12.7 12.99 11.97 11.97
2007-02-28 11.38 11.5 10.51 10.51
2007-05-25 16.07 16.08 14.69 14.69
2007-05-31 16.71 16.71 15.02 15.02
2007-07-23 19.03 19.3 18.6 18.6
2007-11-20 18.4 18.68 18.01 18.01
2007-12-24 20.96 21.15 20.51 20.51
2008-01-02 22.15 22.2 20.95 20.95
2008-07-09 11.27 11.33 11.01 11.01
2008-08-29 11.66 11.78 11.21 11.21
2009-09-17 9.27 9.29 9.12 9.12
2009-10-13 8.98 8.99 8.84 8.84
2009-10-23 9.41 9.44 9.31 9.31
2010-09-06 10.18 10.22 9.83 9.83
2010-10-08 9.76 9.8 9.6 9.6
2010-10-15 10.34 10.39 9.9 9.9
2010-11-08 11.13 11.3 10.94 10.94
2011-05-06 8.7 8.74 8.6 8.6
2011-08-23 7.12 7.13 7.05 7.05
2011-10-13 7.37 7.38 7.24 7.24
2012-05-04 7.33 7.37 7.18 7.18
2012-05-07 7.44 7.55 7.28 7.28
2012-05-10 7.3 7.34 7.25 7.25
2012-07-27 6.31 6.31 6.25 6.25
2012-08-01 6.32 6.34 6.26 6.26
2012-09-06 6.52 6.56 6.45 6.45
2012-09-28 6.75 6.75 6.49 6.49
2012-10-09 6.81 6.83 6.7 6.7
2012-10-11 6.75 6.8 6.73 6.73
2012-10-16 6.84 6.88 6.76 6.76
2012-12-03 6.46 6.55 6.43 6.43
2012-12-04 6.52 6.54 6.43 6.43
2012-12-07 6.7 6.73 6.62 6.62
2012-12-14 6.85 6.88 6.64 6.64
2012-12-20 6.94 6.96 6.85 6.85
2013-01-15 7.15 7.17 7.11 7.11
2013-02-28 7.45 7.48 7.31 7.31
2013-03-05 7.33 7.35 7.24 7.24
2013-04-15 6.81 6.82 6.75 6.75
2013-05-03 6.96 6.99 6.9 6.9
2013-07-10 6.33 6.34 6.18 6.18
2013-07-11 6.5 6.52 6.3 6.3
2013-08-08 6.13 6.18 6.12 6.12
2013-10-31 6.97 7.15 6.91 6.91
2014-01-22 6.75 6.77 6.62 6.62
2014-06-24 6.93 6.93 6.89 6.89
2014-07-18 7.3 7.33 7.26 7.26
2014-07-22 7.21 7.26 7.15 7.15
2014-09-23 7.97 7.99 7.91 7.91
2014-11-03 9.33 9.67 9.25 9.25
2014-11-10 9.64 9.68 9.31 9.31
2015-01-21 11.16 11.2 10.79 10.79
2015-03-30 13.14 13.31 12.74 12.74
2015-04-27 15.04 15.09 14.7 14.7
2015-05-22 16.64 16.7 16.15 16.15
2015-05-25 17.9 18.05 16.53 16.53
2015-07-09 12.39 12.39 11.35 11.35
2015-07-10 13.63 13.63 13.01 13.01
2015-07-17 14.64 14.9 13.99 13.99
2015-08-13 15.26 15.38 14.78 14.78
2016-02-04 12.54 12.62 12.34 12.34
2016-02-15 12.34 12.53 12.08 12.08
2016-02-16 12.69 12.73 12.35 12.35
2016-04-13 12.69 12.86 12.52 12.52
2016-11-11 15.26 15.29 15.13 15.13
2017-01-09 14.47 14.48 14.33 14.33
2017-03-01 15.02 15.18 15.0 15.0
2017-03-06 15.08 15.16 14.9 14.9
2017-03-09 15.24 15.25 14.99 14.99
2017-05-03 16.76 16.87 16.25 16.25
2017-05-05 16.69 16.81 16.57 16.57
2017-07-11 19.59 19.76 19.3 19.3
