1996-11-29 11.9 11.91 11.45 11.45
1996-12-02 12.7 12.96 12.1 12.1
1996-12-16 11.48 11.48 11.48 11.48
1996-12-17 10.33 10.99 10.33 10.33
1997-01-09 10.1 10.25 9.96 9.96
1997-01-23 10.3 10.45 10.16 10.16
1997-01-27 10.48 10.49 10.3 10.3
1997-02-19 10.23 10.28 9.8 9.8
1997-02-20 9.94 9.96 9.21 9.21
1997-02-21 10.37 10.39 9.99 9.99
1997-02-25 10.4 10.53 10.33 10.33
1997-03-17 11.2 11.29 11.1 11.1
1997-03-18 11.43 11.85 11.2 11.2
1997-04-04 12.29 12.31 12.1 12.1
1997-04-16 12.48 12.55 12.0 12.0
1997-05-28 9.7 9.83 9.68 9.68
1997-06-06 9.53 9.95 9.3 9.3
1997-06-16 9.01 9.08 8.79 8.79
1997-07-11 7.83 7.83 7.18 7.18
1997-07-14 8.61 8.61 8.27 8.27
1997-07-15 9.07 9.47 9.0 9.0
1997-08-14 8.58 8.65 8.25 8.25
1997-08-21 8.34 8.39 8.2 8.2
1997-08-28 8.28 8.35 7.85 7.85
1997-09-03 8.24 8.25 8.08 8.08
1997-09-30 7.58 7.67 7.5 7.5
1997-10-30 7.95 8.27 7.93 7.93
1997-11-10 8.56 8.83 8.3 8.3
1997-11-17 8.11 8.3 8.1 8.1
1997-11-18 8.04 8.2 8.0 8.0
1997-12-08 7.47 7.58 7.45 7.45
1997-12-09 7.68 7.7 7.3 7.3
1997-12-12 7.59 7.84 7.5 7.5
1997-12-16 7.55 7.65 7.51 7.51
1998-01-23 7.89 7.91 7.71 7.71
1998-02-11 8.18 8.25 7.92 7.92
1998-02-16 8.3 8.41 8.15 8.15
1998-02-19 8.2 8.5 8.0 8.0
1998-02-24 7.86 7.94 7.8 7.8
1998-02-27 7.71 7.78 7.65 7.65
1998-04-20 8.18 8.35 8.02 8.02
1998-04-22 8.56 8.7 8.26 8.26
1998-04-23 8.75 9.18 8.62 8.62
1998-04-27 7.61 7.87 7.61 7.61
1998-04-30 7.4 7.44 7.2 7.2
1998-05-06 7.14 7.3 7.07 7.07
1998-05-08 7.38 7.44 7.2 7.2
1998-05-13 7.4 7.5 7.21 7.21
1998-05-25 8.07 8.26 7.9 7.9
1998-06-15 7.84 8.03 7.42 7.42
1998-06-22 8.14 8.26 7.86 7.86
1998-08-07 8.66 8.86 8.51 8.51
1998-09-03 6.41 6.56 6.35 6.35
1998-09-08 6.74 6.8 6.55 6.55
1998-09-15 8.46 8.6 8.02 8.02
1998-10-26 9.65 9.78 9.2 9.2
1998-11-12 9.06 9.14 8.88 8.88
1998-12-08 7.87 7.9 7.63 7.63
1998-12-21 7.19 7.22 7.08 7.08
1999-01-05 7.27 7.3 7.07 7.07
1999-01-08 7.8 7.82 7.65 7.65
1999-01-14 6.39 6.65 6.14 6.14
1999-01-27 6.4 6.47 6.17 6.17
1999-02-08 6.03 6.15 6.01 6.01
1999-02-09 6.21 6.35 6.0 6.0
1999-03-11 7.03 7.1 6.85 6.85
1999-04-20 7.12 7.15 6.87 6.87
1999-04-28 6.18 6.4 6.17 6.17
1999-04-29 6.48 6.66 6.25 6.25
1999-05-06 6.62 6.62 6.45 6.45
1999-05-10 6.16 6.55 5.85 5.85
1999-05-11 6.4 6.47 6.2 6.2
1999-05-19 6.4 6.4 6.05 6.05
1999-05-21 7.24 7.24 6.6 6.6
1999-05-26 7.56 7.81 7.56 7.56
1999-05-27 7.18 7.18 7.18 7.18
1999-06-03 7.48 7.64 7.3 7.3
1999-06-07 7.84 7.84 7.58 7.58
1999-06-08 8.23 8.23 8.23 8.23
1999-06-09 8.64 8.64 8.64 8.64
1999-06-10 9.07 9.07 9.0 9.0
1999-06-11 9.52 9.52 9.52 9.52
1999-06-16 9.77 9.77 9.48 9.48
1999-06-17 10.26 10.26 10.26 10.26
1999-06-23 10.01 10.34 9.85 9.85
1999-07-02 9.23 9.23 8.81 8.81
1999-07-05 9.69 9.69 9.5 9.5
1999-07-09 9.67 9.78 9.4 9.4
1999-07-14 9.45 9.45 9.45 9.45
1999-07-15 9.92 9.92 9.92 9.92
1999-07-16 10.42 10.42 10.42 10.42
1999-07-30 12.97 12.97 12.01 12.01
1999-09-15 11.75 11.9 11.65 11.65
1999-11-08 9.24 9.3 8.82 8.82
1999-11-18 10.16 10.25 10.0 10.0
1999-12-10 10.58 10.74 10.18 10.18
2000-02-21 12.78 12.78 12.78 12.78
2000-02-22 13.42 13.42 13.42 13.42
2000-02-29 15.67 15.67 15.67 15.67
2000-03-01 16.45 16.45 16.45 16.45
2000-03-03 18.13 18.13 18.13 18.13
2000-03-07 16.36 16.36 16.36 16.36
2000-03-08 15.54 15.54 15.54 15.54
2000-03-09 15.25 16.32 14.88 14.88
2000-03-22 16.11 16.11 16.11 16.11
2000-04-18 16.48 16.9 16.0 16.0
2000-04-28 15.65 15.95 14.58 14.58
2000-06-02 14.27 14.49 14.08 14.08
2000-06-21 15.38 15.88 14.7 14.7
2000-06-22 15.5 15.7 15.4 15.4
2000-06-23 15.6 15.94 15.4 15.4
2000-06-26 16.0 16.18 15.5 15.5
2000-07-04 15.1 15.2 14.88 14.88
2000-07-06 15.15 15.58 15.02 15.02
2000-08-22 15.9 16.5 15.9 15.9
2000-10-19 18.11 18.25 17.85 17.85
2000-11-07 19.23 19.38 18.66 18.66
2000-11-21 19.19 19.48 19.0 19.0
2000-11-22 19.6 19.6 19.19 19.19
2000-12-14 18.2 18.3 18.03 18.03
2000-12-20 18.49 18.65 18.3 18.3
2000-12-21 18.97 19.15 18.58 18.58
2001-01-02 18.59 18.7 18.3 18.3
2001-01-08 18.28 19.08 17.67 17.67
2001-01-19 18.15 18.33 18.0 18.0
2001-02-19 17.09 17.1 16.81 16.81
2001-02-28 16.45 16.55 16.28 16.28
2001-03-01 16.65 16.8 16.45 16.45
2001-03-14 16.33 16.48 16.28 16.28
2001-03-26 16.55 16.57 16.32 16.32
2001-04-13 17.58 17.73 17.23 17.23
2001-04-27 17.53 17.58 17.4 17.4
2001-05-16 18.15 18.68 17.51 17.51
2001-05-30 18.2 18.37 17.75 17.75
2001-06-12 18.45 18.79 18.3 18.3
2001-06-25 18.31 18.38 18.15 18.15
2001-07-10 17.33 17.46 17.2 17.2
2001-07-13 17.3 17.64 17.23 17.23
2001-08-15 14.28 14.39 14.04 14.04
2001-08-21 14.1 14.2 13.95 13.95
2001-09-13 14.67 15.1 14.61 14.61
2001-10-09 15.23 15.4 14.87 14.87
2001-11-14 15.66 15.78 15.4 15.4
2001-11-30 16.34 16.38 16.2 16.2
2002-01-07 14.1 14.2 14.0 14.0
2002-01-22 12.08 12.36 11.58 11.58
2002-01-31 13.7 13.89 12.95 12.95
2002-03-05 13.77 13.9 13.55 13.55
2002-03-13 14.14 14.37 14.0 14.0
2002-03-14 14.49 14.49 14.05 14.05
2002-03-21 14.42 14.65 14.3 14.3
2002-04-12 13.55 13.62 13.5 13.5
2002-06-11 12.51 12.55 12.02 12.02
2002-06-20 12.26 12.44 12.15 12.15
2002-07-04 13.21 13.4 13.11 13.11
2002-07-12 12.27 12.3 12.19 12.19
2002-07-19 12.26 12.28 12.01 12.01
2002-08-02 12.44 12.52 11.6 11.6
2002-08-13 12.01 12.13 11.93 11.93
2002-08-22 12.63 12.85 12.3 12.3
2002-08-26 12.43 12.55 12.4 12.4
2002-09-02 12.3 12.47 12.21 12.21
2002-09-10 12.2 12.22 11.98 11.98
2002-10-22 10.93 11.05 10.8 10.8
2002-10-25 10.76 11.07 10.71 10.71
2002-10-28 10.6 10.82 10.6 10.6
2002-11-15 9.95 10.2 9.7 9.7
2002-12-12 8.93 9.15 8.8 8.8
2002-12-16 9.19 9.3 9.03 9.03
2002-12-23 9.37 9.62 9.36 9.36
2003-01-03 8.87 8.97 8.45 8.45
2003-01-06 9.53 9.69 9.0 9.0
2003-01-13 10.34 10.55 10.08 10.08
2003-02-26 11.5 11.64 11.41 11.41
2003-03-12 11.12 11.15 10.86 10.86
2003-03-14 10.89 11.1 10.8 10.8
2003-03-18 10.98 11.49 10.92 10.92
2003-03-28 11.1 11.45 11.01 11.01
2003-06-10 9.5 9.64 9.45 9.45
2003-07-03 10.47 10.7 10.04 10.04
2003-07-29 10.7 10.84 10.6 10.6
2003-09-22 10.88 10.97 10.76 10.76
2003-09-26 10.76 10.91 10.73 10.73
2003-10-09 9.92 10.25 9.8 9.8
2003-10-21 9.52 9.56 8.68 8.68
2003-11-19 7.59 7.7 7.26 7.26
2003-11-25 8.59 8.95 8.51 8.51
2003-11-28 8.38 8.58 8.15 8.15
2003-12-26 8.12 8.34 8.08 8.08
2004-01-29 9.48 9.54 9.0 9.0
2004-03-10 8.97 8.99 8.7 8.7
2004-03-12 9.17 9.17 8.99 8.99
2004-03-17 9.77 9.85 9.56 9.56
2004-03-31 9.39 9.4 9.1 9.1
2004-04-13 9.04 9.2 9.02 9.02
2004-05-13 8.8 9.1 8.55 8.55
2004-05-27 8.35 8.42 8.2 8.2
2004-06-01 8.43 8.46 8.25 8.25
2004-06-21 7.73 7.74 7.52 7.52
2004-07-02 7.58 7.7 7.5 7.5
2004-07-13 7.56 7.65 7.49 7.49
2004-07-23 7.63 7.78 7.41 7.41
2004-08-03 7.55 7.68 7.46 7.46
2004-08-09 7.57 7.62 7.49 7.49
2004-08-10 7.6 7.65 7.52 7.52
2004-08-13 7.27 7.32 7.2 7.2
2004-08-25 6.54 6.54 6.38 6.38
2004-09-14 5.95 6.0 5.68 5.68
2004-09-23 6.91 6.92 6.66 6.66
2004-09-28 6.52 6.63 6.45 6.45
2004-10-11 6.5 6.73 6.38 6.38
2004-10-13 6.44 6.44 6.26 6.26
2004-11-09 6.57 6.58 6.46 6.46
2004-11-12 7.37 7.57 6.86 6.86
2004-11-26 7.28 7.45 7.16 7.16
2004-12-02 7.48 7.49 7.25 7.25
2004-12-13 6.46 6.46 6.46 6.46
2004-12-14 5.81 5.81 5.81 5.81
2005-02-21 4.41 4.49 4.35 4.35
2005-02-22 4.67 4.7 4.42 4.42
2005-02-23 4.83 5.0 4.68 4.68
2005-03-10 5.05 5.05 4.61 4.61
2005-04-22 3.56 3.56 3.25 3.25
2005-04-26 3.59 3.67 3.34 3.34
2005-06-07 3.58 3.7 3.55 3.55
2005-06-08 3.84 3.88 3.54 3.54
2005-06-22 3.64 3.67 3.57 3.57
2005-06-24 3.78 3.78 3.56 3.56
2005-06-27 3.87 3.93 3.8 3.8
2005-07-07 3.24 3.27 3.18 3.18
2005-07-25 2.92 2.93 2.85 2.85
2005-08-08 3.48 3.58 3.1 3.1
2005-08-19 3.79 3.87 3.6 3.6
2005-08-24 3.68 3.69 3.58 3.58
2005-08-25 3.82 3.89 3.7 3.7
2005-09-29 3.78 3.81 3.68 3.68
2005-09-30 3.87 3.99 3.78 3.78
2005-10-11 3.81 3.83 3.69 3.69
2005-10-31 4.51 4.51 4.03 4.03
2005-11-18 4.96 5.0 4.65 4.65
2005-11-23 4.96 4.96 4.8 4.8
2005-12-09 4.37 4.42 4.11 4.11
2005-12-23 4.75 4.79 4.7 4.7
2005-12-26 4.92 4.97 4.75 4.75
2005-12-28 5.08 5.17 4.91 4.91
2006-01-09 5.15 5.23 5.01 5.01
2006-01-23 5.78 5.97 5.62 5.62
2006-02-15 6.13 6.24 5.95 5.95
2006-03-27 5.89 5.96 5.54 5.54
2006-05-12 6.0 6.0 6.0 6.0
2006-05-15 6.6 6.6 6.6 6.6
2006-05-25 6.54 6.6 6.29 6.29
2006-06-13 7.1 7.29 6.96 6.96
2006-06-15 7.24 7.29 7.12 7.12
2006-10-10 6.1 6.3 6.01 6.01
2006-10-24 5.91 5.93 5.7 5.7
2006-11-08 5.39 5.47 5.35 5.35
2006-11-14 5.13 5.13 4.77 4.77
2006-11-22 5.16 5.3 5.08 5.08
2006-11-27 5.37 5.37 5.11 5.11
2006-11-28 5.49 5.55 5.39 5.39
2006-12-05 5.74 5.98 5.68 5.68
2007-01-09 5.77 5.86 5.69 5.69
2007-01-15 6.44 6.51 6.1 6.1
2007-01-29 7.19 7.19 6.58 6.58
2007-04-12 10.15 10.15 10.15 10.15
2007-04-13 11.17 11.17 11.17 11.17
2007-04-20 10.84 11.0 10.26 10.26
2007-04-23 11.62 11.65 10.78 10.78
2007-04-24 12.37 12.4 11.55 11.55
2007-05-10 12.19 12.37 11.84 11.84
2007-05-16 13.22 13.51 12.8 12.8
2007-05-25 13.46 13.92 13.31 13.31
2007-07-06 7.76 7.77 7.1 7.1
2007-07-11 7.67 7.68 7.41 7.41
2007-08-06 9.0 9.01 8.4 8.4
2007-08-14 9.18 9.38 8.88 8.88
2007-09-06 10.0 10.28 9.91 9.91
2007-09-17 9.31 9.46 8.9 8.9
2007-11-06 7.42 7.57 7.26 7.26
2007-11-14 7.59 7.65 7.34 7.34
2007-11-19 7.64 7.79 7.44 7.44
2007-11-28 7.76 7.92 7.66 7.66
2007-12-19 8.64 8.8 8.4 8.4
2007-12-21 8.96 8.99 8.5 8.5
2007-12-25 10.06 10.13 9.42 9.42
2008-01-23 10.28 10.29 9.26 9.26
2008-02-13 10.6 10.79 10.3 10.3
2008-03-24 9.87 9.87 8.9 8.9
2008-04-29 8.84 8.9 8.61 8.61
2008-05-07 9.89 10.18 9.71 9.71
2008-06-23 5.94 5.99 5.73 5.73
2008-06-24 6.22 6.27 5.97 5.97
2008-07-14 7.19 7.39 6.65 6.65
2008-07-24 8.3 8.45 7.8 7.8
2008-08-29 5.54 5.65 5.4 5.4
2008-09-17 4.1 4.15 3.91 3.91
2008-10-08 4.51 4.6 4.2 4.2
2008-10-15 3.6 3.74 3.5 3.5
2008-10-30 3.13 3.17 3.0 3.0
2008-11-03 3.03 3.07 3.0 3.0
2008-11-05 3.01 3.06 2.91 2.91
2008-11-07 3.17 3.27 2.98 2.98
2008-11-10 3.42 3.46 3.15 3.15
2008-11-19 3.93 3.93 3.68 3.68
2008-12-02 3.85 3.98 3.62 3.62
2008-12-05 4.23 4.3 4.08 4.08
2009-01-14 4.57 4.6 4.36 4.36
2009-02-06 5.1 5.1 4.84 4.84
2009-02-12 5.44 5.45 5.14 5.14
2009-02-16 5.6 5.75 5.53 5.53
2009-03-02 4.57 4.7 4.35 4.35
2009-05-22 6.23 6.23 6.11 6.11
2009-06-15 6.54 6.55 6.35 6.35
2009-06-17 6.52 6.53 6.38 6.38
2009-06-18 6.86 6.99 6.53 6.53
2009-07-27 8.26 8.3 8.0 8.0
2009-09-04 8.41 8.68 7.75 7.75
2009-10-23 8.23 8.35 7.91 7.91
2009-11-30 8.84 8.99 8.46 8.46
2009-12-22 9.34 9.34 8.49 8.49
2010-01-14 10.04 10.29 9.85 9.85
2010-03-08 9.0 9.2 8.91 8.91
2010-03-26 9.03 9.06 8.73 8.73
2010-05-24 8.55 8.71 8.3 8.3
2010-06-10 7.96 8.03 7.84 7.84
2010-07-21 7.39 7.44 7.03 7.03
2010-09-13 8.13 8.16 7.94 7.94
2010-09-20 8.37 8.67 8.0 8.0
2010-10-19 8.78 8.78 7.91 7.91
2010-11-18 8.45 8.47 8.26 8.26
2010-11-29 8.6 8.67 8.53 8.53
2010-12-10 8.39 8.46 8.31 8.31
2010-12-21 9.34 9.36 9.18 9.18
2010-12-31 8.43 8.47 8.28 8.28
2011-01-21 7.44 7.54 7.38 7.38
2011-02-10 7.77 7.8 7.54 7.54
2011-02-11 7.8 7.87 7.71 7.71
2011-02-17 8.57 8.66 8.16 8.16
2011-03-04 8.32 8.32 8.11 8.11
2011-03-28 8.51 8.59 8.3 8.3
2011-05-09 7.97 7.98 7.81 7.81
2011-05-27 8.47 8.68 8.0 8.0
2011-06-03 7.32 7.33 7.11 7.11
2011-06-22 7.19 7.23 7.11 7.11
2011-08-22 6.72 6.75 6.45 6.45
2011-08-23 6.81 7.1 6.64 6.64
2011-08-25 6.8 6.89 6.63 6.63
2011-08-26 6.87 7.06 6.72 6.72
2011-09-06 6.37 6.42 6.25 6.25
2011-09-27 6.03 6.09 5.86 5.86
2011-11-17 6.71 6.85 6.65 6.65
2011-12-01 6.1 6.26 6.07 6.07
2011-12-16 5.62 5.64 5.41 5.41
2011-12-20 5.62 5.7 5.55 5.55
2011-12-23 5.4 5.4 5.11 5.11
2011-12-29 5.23 5.28 5.17 5.17
2012-01-12 5.5 5.57 5.45 5.45
2012-01-16 5.25 5.37 5.21 5.21
2012-01-20 5.8 5.85 5.7 5.7
2012-02-01 5.73 5.84 5.68 5.68
2012-02-06 5.82 5.84 5.75 5.75
2012-02-15 6.08 6.08 5.86 5.86
2012-03-01 6.27 6.29 6.01 6.01
2012-03-08 6.84 6.84 6.55 6.55
2012-03-29 6.37 6.46 6.14 6.14
2012-05-10 6.39 6.47 6.3 6.3
2012-06-29 5.72 5.87 5.65 5.65
2012-07-24 5.61 5.88 5.51 5.51
2012-08-01 5.17 5.2 5.1 5.1
2012-08-23 5.46 5.47 5.33 5.33
2012-08-28 5.25 5.3 5.2 5.2
2012-09-19 5.52 5.64 5.4 5.4
2012-09-28 5.34 5.38 5.25 5.25
2012-10-18 5.53 5.54 5.43 5.43
2012-10-25 5.52 5.61 5.5 5.5
2012-11-01 5.55 5.59 5.37 5.37
2012-11-02 5.84 5.87 5.51 5.51
2012-12-13 4.91 5.02 4.9 4.9
2012-12-31 5.37 5.38 5.28 5.28
2013-02-28 6.19 6.29 6.04 6.04
2013-03-01 6.18 6.24 6.12 6.12
2013-03-14 5.9 5.99 5.86 5.86
2013-03-26 6.45 6.6 6.26 6.26
2013-06-17 7.93 8.12 7.77 7.77
2013-06-19 8.05 8.07 7.82 7.82
2013-09-03 7.5 7.55 7.36 7.36
2013-09-11 7.78 7.84 7.5 7.5
2013-11-14 8.05 8.19 7.57 7.57
2013-11-26 7.96 8.05 7.9 7.9
2013-12-03 8.53 8.54 8.16 8.16
2014-03-26 8.59 8.61 8.43 8.43
2014-07-22 7.47 7.48 7.31 7.31
2014-08-08 7.7 7.72 7.6 7.6
2014-08-19 9.2 9.2 8.46 8.46
2014-09-15 10.93 11.1 10.56 10.56
2014-12-16 12.85 13.18 12.7 12.7
2015-01-20 10.95 10.96 10.58 10.58
2015-02-02 11.71 12.05 11.66 11.66
2015-02-26 13.18 13.61 12.45 12.45
2015-04-10 16.26 16.55 16.02 16.02
2015-04-21 15.75 16.05 15.0 15.0
2015-05-08 16.18 16.2 15.52 15.52
2015-05-19 19.43 19.68 19.03 19.03
2015-07-07 12.21 12.25 12.21 12.21
2015-07-08 10.99 10.99 10.99 10.99
2015-07-09 12.09 12.09 9.89 9.89
2015-07-16 13.43 14.38 12.23 12.23
2015-07-17 14.77 14.77 13.41 13.41
2015-08-06 17.17 17.6 16.66 16.66
2015-08-07 18.08 18.18 17.39 17.39
2015-08-25 12.87 13.15 12.87 12.87
2015-09-11 14.03 14.12 13.45 13.45
2015-09-30 12.88 13.15 12.34 12.34
2015-10-15 16.63 16.63 14.9 14.9
2015-11-04 19.27 19.68 18.02 18.02
2015-11-19 19.65 19.7 18.85 18.85
2015-11-25 19.12 19.3 18.9 18.9
2015-12-10 17.03 17.65 16.8 16.8
2015-12-14 17.8 17.88 16.7 16.7
2015-12-17 18.78 18.95 18.15 18.15
2015-12-25 20.03 20.29 19.18 19.18
2016-01-18 13.29 13.56 12.51 12.51
2016-02-02 11.67 11.85 11.05 11.05
2016-02-04 12.16 12.43 11.9 11.9
2016-03-18 12.93 13.15 12.51 12.51
2016-04-14 14.09 14.2 13.73 13.73
2016-04-19 14.86 14.92 14.28 14.28
2016-05-10 13.96 14.1 13.78 13.78
2016-05-17 14.13 14.28 13.99 13.99
2016-05-31 13.48 13.49 12.9 12.9
2016-06-06 14.2 14.4 13.91 13.91
2016-07-01 15.2 15.43 14.91 14.91
2016-11-03 14.54 14.66 14.39 14.39
2016-11-23 15.21 15.45 15.1 15.1
2016-12-22 14.47 14.57 14.3 14.3
2017-01-03 14.15 14.27 13.91 13.91
2017-02-08 15.97 16.09 15.71 15.71
2017-03-31 14.93 15.02 14.83 14.83
2017-04-14 15.69 15.92 15.39 15.39
2017-07-21 10.26 10.39 9.99 9.99
2017-08-03 10.07 10.16 9.96 9.96
2017-08-14 10.24 10.3 10.11 10.11
