2007-01-08 7.7 7.71 7.4 7.4
2007-01-15 7.88 7.99 7.33 7.33
2007-02-28 9.79 9.85 9.37 9.37
2007-04-12 17.89 18.31 16.74 16.74
2007-04-20 18.19 18.38 17.52 17.52
2007-06-07 17.89 17.89 16.3 16.3
2007-07-13 8.29 8.85 8.15 8.15
2007-07-23 9.15 9.15 8.34 8.34
2007-07-25 11.08 11.08 10.18 10.18
2007-11-09 8.74 8.85 8.48 8.48
2007-11-13 9.17 9.22 8.38 8.38
2008-02-14 12.47 12.64 11.82 11.82
2008-12-05 4.77 4.78 4.52 4.52
2009-03-30 6.27 6.39 5.91 5.91
2009-08-26 7.02 7.1 6.62 6.62
2009-12-28 9.66 9.66 9.45 9.45
2010-07-26 10.29 10.39 10.05 10.05
2010-12-17 12.0 12.02 11.8 11.8
2010-12-22 11.98 12.1 11.74 11.74
2011-03-08 13.1 13.5 12.7 12.7
2011-07-11 8.27 8.44 8.02 8.02
2011-08-11 8.24 8.45 8.13 8.13
2011-08-18 9.29 9.3 8.4 8.4
2011-11-15 8.29 8.29 8.29 8.29
2012-09-06 5.43 5.46 5.22 5.22
2012-10-16 5.22 5.31 5.21 5.21
2012-10-17 5.42 5.54 5.22 5.22
2012-10-18 5.48 5.55 5.38 5.38
2012-10-24 5.37 5.45 5.33 5.33
2012-11-01 5.3 5.31 5.19 5.19
2012-11-06 5.38 5.66 5.27 5.27
2012-11-07 5.46 5.48 5.25 5.25
2012-11-30 4.63 4.65 4.57 4.57
2012-12-07 4.82 4.84 4.69 4.69
2012-12-14 5.01 5.01 4.76 4.76
2013-07-15 10.13 10.15 9.56 9.56
2014-01-02 9.56 9.58 9.3 9.3
2014-06-24 11.18 11.24 10.97 10.97
2014-11-17 11.86 11.94 11.65 11.65
2015-04-29 13.19 13.35 13.03 13.03
2015-07-09 9.38 9.38 7.68 7.68
2015-08-13 13.43 13.47 12.85 12.85
2015-09-02 7.08 8.05 7.05 7.05
2016-05-23 12.89 13.1 12.68 12.68
2016-05-31 13.18 13.2 12.58 12.58
2016-07-26 14.25 14.34 13.96 13.96
2017-02-13 11.27 11.46 10.91 10.91
2017-02-16 11.09 11.16 10.99 10.99
2017-05-02 9.34 9.36 9.16 9.16
