2006-10-24 7.99 8.1 7.8 7.8
2006-11-14 7.77 7.8 7.39 7.39
2006-11-27 7.59 7.6 7.42 7.42
2006-12-29 7.37 7.58 7.35 7.35
2007-01-08 7.7 7.71 7.4 7.4
2007-01-15 7.88 7.99 7.33 7.33
2007-01-29 9.5 9.53 8.9 8.9
2007-02-15 10.09 10.16 9.81 9.81
2007-02-28 9.79 9.85 9.37 9.37
2007-03-15 11.52 11.79 11.29 11.29
2007-03-26 14.79 14.87 13.75 13.75
2007-04-04 15.62 15.62 14.36 14.36
2007-04-12 17.89 18.31 16.74 16.74
2007-04-20 18.19 18.38 17.52 17.52
2007-05-16 17.94 17.95 17.18 17.18
2007-06-05 15.83 16.0 15.27 15.27
2007-06-07 17.89 17.89 16.3 16.3
2007-06-22 26.68 28.6 26.68 26.68
2007-07-06 9.74 9.99 8.64 8.64
2007-07-13 8.29 8.85 8.15 8.15
2007-07-23 9.15 9.15 8.34 8.34
2007-07-25 11.08 11.08 10.18 10.18
2007-08-07 13.77 14.22 13.31 13.31
2007-10-08 11.08 11.5 10.97 10.97
2007-10-26 9.41 11.39 9.41 9.41
2007-11-06 9.08 9.18 8.71 8.71
2007-11-09 8.74 8.85 8.48 8.48
2007-11-13 9.17 9.22 8.38 8.38
2007-12-04 9.33 9.56 9.25 9.25
2007-12-27 12.54 12.7 11.83 11.83
2008-01-10 17.11 17.11 15.6 15.6
2008-02-04 11.45 11.46 10.66 10.66
2008-02-14 12.47 12.64 11.82 11.82
2008-03-21 10.62 11.2 10.07 10.07
2008-04-30 7.85 8.03 7.48 7.48
2008-05-30 8.27 8.4 8.04 8.04
2008-06-30 5.84 5.9 5.61 5.61
2008-09-03 4.91 4.91 4.91 4.91
2008-10-17 3.8 3.87 3.75 3.75
2008-10-31 3.66 3.75 3.49 3.49
2008-11-19 4.41 4.41 4.18 4.18
2008-12-03 4.66 4.76 4.47 4.47
2008-12-05 4.77 4.78 4.52 4.52
2008-12-17 4.98 5.12 4.82 4.82
2009-01-15 4.65 4.78 4.51 4.51
2009-02-06 5.26 5.3 5.07 5.07
2009-03-04 5.6 5.64 5.3 5.3
2009-03-27 6.02 6.19 5.81 5.81
2009-03-30 6.27 6.39 5.91 5.91
2009-04-30 6.72 6.84 6.65 6.65
2009-05-25 7.59 7.69 7.21 7.21
2009-06-18 7.65 7.66 7.49 7.49
2009-07-27 8.1 8.15 7.99 7.99
2009-08-05 8.13 8.19 7.89 7.89
2009-08-20 6.35 6.36 6.1 6.1
2009-08-26 7.02 7.1 6.62 6.62
2009-09-25 6.88 7.07 6.86 6.86
2009-12-23 9.26 9.35 8.82 8.82
2009-12-28 9.66 9.66 9.45 9.45
2010-03-19 10.35 10.44 10.11 10.11
2010-04-29 12.2 12.8 12.08 12.08
2010-06-08 8.54 8.58 8.29 8.29
2010-07-20 9.68 9.77 8.82 8.82
2010-07-26 10.29 10.39 10.05 10.05
2010-08-09 11.3 11.37 11.0 11.0
2010-12-10 11.44 11.5 11.23 11.23
2010-12-17 12.0 12.02 11.8 11.8
2010-12-22 11.98 12.1 11.74 11.74
2011-01-04 11.05 11.2 10.82 10.82
2011-03-02 12.75 13.0 11.88 11.88
2011-03-08 13.1 13.5 12.7 12.7
2011-04-07 12.08 12.15 11.81 11.81
2011-05-31 9.11 9.16 8.9 8.9
2011-06-14 9.58 9.63 9.33 9.33
2011-07-04 10.19 10.22 9.7 9.7
2011-07-11 8.27 8.44 8.02 8.02
2011-08-10 8.22 8.5 8.09 8.09
2011-08-11 8.24 8.45 8.13 8.13
2011-08-18 9.29 9.3 8.4 8.4
2011-11-03 7.12 7.31 7.1 7.1
2011-11-14 7.54 7.54 7.05 7.05
2011-11-15 8.29 8.29 8.29 8.29
2012-01-20 6.44 6.54 6.41 6.41
2012-06-11 6.58 6.63 6.47 6.47
2012-09-03 5.26 5.39 5.1 5.1
2012-09-06 5.43 5.46 5.22 5.22
2012-09-19 5.36 5.36 5.23 5.23
2012-10-09 5.31 5.32 5.17 5.17
2012-10-16 5.22 5.31 5.21 5.21
2012-10-17 5.42 5.54 5.22 5.22
2012-10-18 5.48 5.55 5.38 5.38
2012-10-24 5.37 5.45 5.33 5.33
2012-11-01 5.3 5.31 5.19 5.19
2012-11-06 5.38 5.66 5.27 5.27
2012-11-07 5.46 5.48 5.25 5.25
2012-11-28 4.66 4.8 4.55 4.55
2012-11-30 4.63 4.65 4.57 4.57
2012-12-07 4.82 4.84 4.69 4.69
2012-12-14 5.01 5.01 4.76 4.76
2013-01-08 5.23 5.32 5.2 5.2
2013-01-21 5.7 5.88 5.6 5.6
2013-01-30 6.19 6.19 6.19 6.19
2013-02-18 6.88 6.97 6.65 6.65
2013-03-06 7.49 7.67 7.08 7.08
2013-04-09 8.15 8.29 8.07 8.07
2013-05-03 8.64 8.97 8.13 8.13
2013-07-10 9.63 9.63 8.74 8.74
2013-07-15 10.13 10.15 9.56 9.56
2013-09-02 9.13 9.16 8.64 8.64
2013-09-17 9.4 9.48 9.25 9.25
2013-10-21 9.88 9.9 9.37 9.37
2013-11-04 8.55 8.63 8.44 8.44
2013-11-20 9.13 9.15 8.53 8.53
2013-12-09 10.05 10.24 10.02 10.02
2013-12-27 9.49 9.51 9.2 9.2
2014-01-02 9.56 9.58 9.3 9.3
2014-04-17 12.63 13.22 12.61 12.61
2014-06-23 11.01 11.14 10.92 10.92
2014-06-24 11.18 11.24 10.97 10.97
2014-07-17 10.54 10.69 9.6 9.6
2014-07-31 12.23 12.63 11.68 11.68
2014-09-09 12.42 12.47 12.31 12.31
2014-09-25 12.1 12.32 11.88 11.88
2014-10-23 12.17 12.39 11.95 11.95
2014-11-10 12.09 12.1 11.95 11.95
2014-11-17 11.86 11.94 11.65 11.65
2014-12-24 10.17 10.2 9.99 9.99
2015-01-20 10.15 10.15 9.87 9.87
2015-02-03 10.27 10.28 10.19 10.19
2015-03-02 11.61 11.69 11.35 11.35
2015-03-16 11.86 11.96 11.7 11.7
2015-04-22 13.85 13.86 13.63 13.63
2015-04-29 13.19 13.35 13.03 13.03
2015-05-19 13.95 14.05 13.81 13.81
2015-06-01 17.91 17.91 16.28 16.28
2015-07-08 8.53 8.53 8.53 8.53
2015-07-09 9.38 9.38 7.68 7.68
2015-08-07 11.85 11.85 11.85 11.85
2015-08-13 13.43 13.47 12.85 12.85
2015-08-25 8.7 8.95 8.7 8.7
2015-09-02 7.08 8.05 7.05 7.05
2015-09-16 8.22 8.22 7.42 7.42
2015-11-04 14.15 14.18 13.28 13.28
2015-12-17 17.7 18.01 16.63 16.63
2016-01-05 14.14 15.0 13.6 13.6
2016-01-14 11.68 11.7 10.12 10.12
2016-01-29 11.65 11.9 10.89 10.89
2016-02-16 12.68 12.9 12.32 12.32
2016-03-11 12.22 12.44 12.07 12.07
2016-04-05 14.48 14.53 13.69 13.69
2016-05-19 12.55 12.8 12.48 12.48
2016-05-23 12.89 13.1 12.68 12.68
2016-05-31 13.18 13.2 12.58 12.58
2016-06-14 12.76 13.0 12.54 12.54
2016-07-25 13.96 14.09 13.8 13.8
2016-07-26 14.25 14.34 13.96 13.96
2016-09-21 12.19 12.25 12.16 12.16
2016-10-10 11.99 12.05 11.64 11.64
2016-11-07 12.76 12.9 12.51 12.51
2016-11-28 12.06 12.11 12.02 12.02
2016-12-22 11.48 11.55 11.15 11.15
2017-02-06 10.93 10.95 10.8 10.8
2017-02-13 11.27 11.46 10.91 10.91
2017-02-16 11.09 11.16 10.99 10.99
2017-03-20 11.13 11.14 10.95 10.95
2017-03-31 10.52 10.58 10.46 10.46
2017-04-13 11.71 11.85 11.38 11.38
2017-04-28 9.27 9.3 9.11 9.11
2017-05-02 9.34 9.36 9.16 9.16
2017-06-14 7.64 7.85 7.53 7.53
2017-07-14 7.83 8.0 7.81 7.81
