2003-01-15 8.13 8.62 8.0 8.0
2003-03-03 8.5 8.5 8.22 8.22
2003-04-08 8.35 8.43 8.19 8.19
2003-05-21 8.12 8.2 8.05 8.05
2003-09-15 7.24 7.35 7.22 7.22
2003-10-24 8.21 8.38 8.12 8.12
2003-12-22 10.39 10.48 9.58 9.58
2004-03-10 10.69 10.7 10.35 10.35
2004-09-20 9.1 9.16 8.76 8.76
2004-11-18 4.05 4.06 4.0 4.0
2005-02-04 3.64 3.65 3.53 3.53
2005-02-16 3.71 3.76 3.65 3.65
2005-03-11 3.98 4.02 3.83 3.83
2005-07-07 2.73 2.76 2.7 2.7
2006-10-19 4.33 4.38 4.28 4.28
2007-04-20 11.09 11.09 10.56 10.56
2007-07-23 10.62 10.77 9.92 9.92
2007-09-12 21.39 21.6 19.77 19.77
2007-12-25 18.9 19.16 18.35 18.35
2007-12-26 19.7 19.77 19.17 19.17
2008-01-04 20.8 21.44 20.58 20.58
2008-02-18 18.38 18.5 17.42 17.42
2008-08-19 5.29 5.38 5.11 5.11
2008-09-03 5.31 5.34 5.1 5.1
2009-12-07 8.35 8.38 8.12 8.12
