1994-01-10 6.7 6.7 6.4 6.4
1994-01-27 5.65 5.69 5.65 5.65
1994-02-28 5.53 5.59 5.48 5.48
1994-03-09 4.96 5.0 4.9 4.9
1994-03-18 5.15 5.26 5.1 5.1
1994-03-24 5.18 5.42 5.0 5.0
1994-04-06 5.08 5.1 5.02 5.02
1994-04-12 5.18 5.18 5.08 5.08
1994-05-10 4.78 4.78 4.66 4.66
1994-05-12 4.73 4.75 4.6 4.6
1994-05-25 4.8 4.82 4.7 4.7
1994-05-31 4.69 4.7 4.6 4.6
1994-06-02 4.6 4.62 4.55 4.55
1994-06-28 2.8 2.87 2.77 2.77
1994-07-04 2.61 2.68 2.55 2.55
1994-08-12 4.47 4.88 4.3 4.3
1994-08-16 4.6 4.7 4.18 4.18
1994-08-25 4.32 4.38 4.29 4.29
1994-08-30 4.36 4.5 4.1 4.1
1994-10-12 3.43 3.55 3.22 3.22
1994-10-17 3.08 3.2 3.0 3.0
1994-10-27 3.21 3.22 3.1 3.1
1994-11-07 3.29 3.32 3.12 3.12
1994-11-09 3.36 3.4 3.2 3.2
1994-11-29 3.24 3.24 3.1 3.1
1994-12-07 3.11 3.15 3.1 3.1
1995-01-03 2.86 2.9 2.81 2.81
1995-01-17 2.74 2.95 2.72 2.72
1995-01-23 2.58 2.6 2.58 2.58
1995-01-26 2.6 2.61 2.58 2.58
1995-01-27 2.63 2.65 2.6 2.6
1995-02-07 2.53 2.55 2.48 2.48
1995-02-09 2.58 2.59 2.52 2.52
1995-02-13 2.55 2.58 2.5 2.5
1995-02-20 2.47 2.5 2.45 2.45
1995-02-21 2.49 2.49 2.46 2.46
1995-02-22 2.7 2.73 2.49 2.49
1995-03-01 2.49 2.5 2.45 2.45
1995-03-08 2.82 2.98 2.75 2.75
1995-03-16 2.56 2.56 2.5 2.5
1995-03-27 2.75 2.76 2.7 2.7
1995-03-28 2.79 2.81 2.74 2.74
1995-04-03 2.75 2.75 2.68 2.68
1995-04-18 2.54 2.56 2.53 2.53
1995-04-28 2.31 2.34 2.24 2.24
1995-05-05 2.36 2.42 2.3 2.3
1995-05-09 2.36 2.4 2.36 2.36
1995-05-30 2.61 2.7 2.58 2.58
1995-06-09 2.81 2.88 2.6 2.6
1995-06-16 2.6 2.65 2.46 2.46
1995-07-12 3.0 3.04 2.91 2.91
1995-07-17 3.09 3.1 2.91 2.91
1995-07-24 3.22 3.3 3.1 3.1
1995-07-28 3.13 3.18 3.08 3.08
1995-08-07 3.12 3.12 3.05 3.05
1995-08-28 3.76 3.85 3.6 3.6
1995-09-06 4.21 4.28 3.98 3.98
1995-09-11 4.13 4.18 3.95 3.95
1995-09-13 4.04 4.12 3.93 3.93
1995-09-18 3.97 4.06 3.9 3.9
1995-09-21 3.87 3.89 3.75 3.75
1995-09-26 3.79 3.8 3.71 3.71
1995-09-27 3.95 4.12 3.85 3.85
1995-10-11 4.07 4.07 3.8 3.8
1995-10-30 4.17 4.24 4.15 4.15
1995-12-22 3.32 3.35 3.28 3.28
1996-01-03 2.8 2.85 2.72 2.72
1996-01-19 3.02 3.04 2.8 2.8
1996-01-31 3.18 3.22 3.1 3.1
1996-02-02 3.14 3.16 3.1 3.1
1996-02-07 3.08 3.09 3.03 3.03
1996-03-04 3.51 3.55 3.31 3.31
1996-03-07 3.35 3.35 3.29 3.29
1996-03-14 3.51 3.52 3.46 3.46
1996-03-19 3.57 3.64 3.5 3.5
1996-04-17 3.95 3.95 3.68 3.68
1996-04-19 4.02 4.02 3.93 3.93
1996-04-24 4.75 4.98 4.51 4.51
1996-05-03 4.07 4.28 4.05 4.05
1996-06-05 3.76 3.76 3.42 3.42
1996-06-26 3.71 3.75 3.56 3.56
1996-07-10 3.41 3.5 3.37 3.37
1996-07-16 3.6 3.7 3.3 3.3
1996-08-09 3.87 3.88 3.73 3.73
1996-08-21 3.53 3.6 3.47 3.47
1996-08-27 3.49 3.49 3.3 3.3
1996-09-03 3.75 3.98 3.7 3.7
1996-09-26 3.62 3.68 3.55 3.55
1996-10-10 5.11 5.18 4.21 4.21
1996-10-29 9.2 9.9 8.3 8.3
1996-12-16 7.21 7.21 7.21 7.21
1996-12-17 6.49 6.49 6.49 6.49
1996-12-18 6.58 6.98 5.84 5.84
1996-12-20 5.33 5.6 5.33 5.33
1997-01-09 5.78 5.83 5.55 5.55
1997-02-19 6.12 6.14 5.55 5.55
1997-02-20 6.0 6.16 5.51 5.51
1997-04-14 8.51 8.77 8.3 8.3
1997-05-16 6.55 7.09 6.55 6.55
1997-05-22 5.77 6.0 5.77 5.77
1997-06-13 5.28 5.35 4.86 4.86
1997-07-04 4.59 4.59 4.06 4.06
1997-07-11 5.18 5.19 4.7 4.7
1997-07-28 5.13 5.3 5.02 5.02
1997-08-21 5.57 5.62 5.41 5.41
1997-10-16 5.66 5.9 5.18 5.18
1997-11-07 6.13 6.13 5.58 5.58
1997-11-24 5.5 5.68 5.5 5.5
1997-12-25 5.26 5.27 4.95 4.95
1998-01-06 5.93 5.95 5.5 5.5
1998-02-09 6.78 6.83 6.6 6.6
1998-02-13 6.87 6.93 6.71 6.71
1998-02-25 6.68 6.7 6.54 6.54
1998-02-26 7.0 7.05 6.7 6.7
1998-03-05 7.19 7.39 6.95 6.95
1998-03-26 6.46 6.65 6.4 6.4
1998-04-06 8.1 8.25 7.78 7.78
1998-04-15 8.21 8.46 7.9 7.9
1998-05-08 8.91 9.0 8.6 8.6
1998-06-23 9.55 9.75 9.3 9.3
1998-07-10 9.3 9.48 9.15 9.15
1998-07-14 9.22 9.34 9.02 9.02
1998-09-18 8.08 8.44 7.8 7.8
1998-09-25 7.88 7.9 7.53 7.53
1998-11-24 7.24 7.32 7.19 7.19
1998-12-08 6.84 6.86 6.7 6.7
1998-12-09 6.8 6.9 6.73 6.73
1998-12-24 6.38 6.47 6.35 6.35
1999-01-08 6.48 6.52 6.28 6.28
1999-01-19 6.6 6.64 6.5 6.5
1999-01-21 6.5 6.51 6.35 6.35
1999-02-09 6.55 6.58 6.36 6.36
1999-03-12 7.4 7.51 7.08 7.08
1999-03-23 7.15 7.15 7.0 7.0
1999-03-26 7.17 7.24 7.03 7.03
1999-04-19 6.83 6.96 6.7 6.7
1999-04-20 6.88 6.88 6.69 6.69
1999-04-28 6.3 6.42 6.25 6.25
1999-04-29 6.45 6.45 6.3 6.3
1999-05-10 6.12 6.38 6.01 6.01
1999-05-31 6.93 6.93 6.42 6.42
1999-06-04 6.69 6.78 6.6 6.6
1999-06-07 7.36 7.36 7.0 7.0
1999-06-28 11.28 11.28 11.28 11.28
1999-06-29 12.41 12.41 12.41 12.41
1999-07-26 8.85 8.98 8.78 8.78
1999-08-17 9.61 9.84 9.5 9.5
1999-08-19 9.99 10.28 9.52 9.52
1999-08-26 9.9 9.96 9.63 9.63
1999-08-30 9.72 10.0 9.65 9.65
1999-10-14 8.25 8.49 8.2 8.2
1999-10-20 7.99 8.11 7.91 7.91
1999-10-22 7.95 8.01 7.65 7.65
1999-10-26 8.05 8.09 7.82 7.82
1999-12-02 8.33 8.55 8.3 8.3
1999-12-15 8.2 8.32 8.1 8.1
1999-12-30 7.25 7.27 7.18 7.18
2000-03-08 8.4 8.68 8.2 8.2
2000-03-21 8.88 9.35 8.8 8.8
2000-04-05 8.74 8.8 8.61 8.61
2000-05-15 7.89 8.0 7.82 7.82
2000-05-30 9.75 10.08 9.24 9.24
2000-06-21 9.95 9.98 9.5 9.5
2000-07-18 10.19 10.3 9.6 9.6
2000-08-29 12.86 13.05 12.43 12.43
2000-09-06 11.95 12.0 11.2 11.2
2000-09-25 12.12 12.33 12.05 12.05
2000-09-29 12.65 12.78 12.26 12.26
2000-10-12 13.75 14.18 13.46 13.46
2000-10-17 14.2 14.35 13.62 13.62
2000-10-25 13.53 13.6 13.36 13.36
2000-10-30 13.08 13.36 12.98 12.98
2000-11-15 12.7 12.89 12.6 12.6
2000-11-21 12.75 12.98 12.55 12.55
2000-12-12 12.29 12.38 12.05 12.05
2000-12-27 12.26 12.45 12.1 12.1
2000-12-28 12.48 12.58 12.25 12.25
2001-01-12 12.09 12.24 11.89 11.89
2001-01-18 11.77 11.89 11.65 11.65
2001-01-19 12.0 12.03 11.8 11.8
2001-02-13 11.77 11.85 11.6 11.6
2001-02-15 11.79 11.9 11.77 11.77
2001-03-13 10.85 10.94 10.5 10.5
2001-03-15 11.49 11.74 11.26 11.26
2001-05-10 14.06 14.2 13.63 13.63
2001-06-12 14.19 14.35 14.09 14.09
2001-06-13 14.51 14.69 14.29 14.29
2001-06-15 14.27 14.3 14.02 14.02
2001-07-10 13.77 13.86 13.45 13.45
2001-08-03 13.03 13.18 12.7 12.7
2001-08-07 12.76 12.86 12.3 12.3
2001-08-09 13.32 13.47 12.86 12.86
2001-11-01 10.38 10.5 10.0 10.0
2001-11-22 10.59 10.6 10.25 10.25
2001-11-30 11.0 11.01 10.65 10.65
2001-12-12 11.25 11.44 11.2 11.2
2001-12-21 10.9 10.91 10.68 10.68
2002-01-29 7.65 7.78 7.1 7.1
2002-01-30 7.85 7.86 7.09 7.09
2002-01-31 8.51 8.64 7.98 7.98
2002-02-07 8.66 8.8 8.32 8.32
2002-02-25 8.9 9.08 8.8 8.8
2002-03-06 9.25 9.51 9.18 9.18
2002-03-07 9.53 9.65 9.25 9.25
2002-03-14 10.4 10.4 9.46 9.46
2002-03-19 10.1 10.25 9.8 9.8
2002-03-25 10.65 10.8 10.29 10.29
2002-04-12 11.05 11.2 10.85 10.85
2002-04-29 11.13 11.27 10.92 10.92
2002-05-21 10.28 10.38 9.91 9.91
2002-05-28 10.25 10.45 9.9 9.9
2002-06-20 9.44 9.51 9.28 9.28
2002-06-21 9.93 9.95 9.5 9.5
2002-07-09 10.6 10.84 10.48 10.48
2002-07-11 10.46 10.6 10.36 10.36
2002-07-26 10.19 10.4 10.06 10.06
2002-08-06 10.39 10.45 10.23 10.23
2006-10-10 8.29 8.65 8.02 8.02
2006-10-12 9.65 9.65 8.65 8.65
2006-11-27 11.24 11.25 10.2 10.2
2006-11-28 11.74 12.28 11.26 11.26
2007-01-15 13.17 13.43 12.55 12.55
2007-02-01 13.91 14.0 13.41 13.41
2007-02-07 14.93 15.29 14.6 14.6
2007-02-12 15.34 15.38 15.0 15.0
2007-03-30 22.51 22.51 22.51 22.51
2007-04-02 24.76 24.76 24.76 24.76
2007-04-20 26.84 27.0 25.88 25.88
2007-05-17 31.84 32.5 30.61 30.61
2007-05-28 33.58 33.58 30.8 30.8
2007-06-07 25.89 27.0 24.88 24.88
2007-06-13 28.3 28.8 27.96 27.96
2007-07-02 29.49 30.0 28.2 28.2
2007-07-23 33.76 34.3 33.1 33.1
2007-08-20 50.87 51.08 48.0 48.0
2007-09-03 52.4 54.0 51.19 51.19
2007-09-06 25.45 26.96 24.5 24.5
2007-09-28 28.44 28.48 26.36 26.36
2007-10-15 31.73 32.08 29.8 29.8
2007-11-19 25.71 26.03 25.0 25.0
2007-12-03 25.11 25.3 24.71 24.71
2007-12-20 30.0 30.49 29.31 29.31
2008-01-10 35.8 36.46 35.02 35.02
2008-02-04 28.49 28.49 26.68 26.68
2008-04-11 18.87 19.3 18.2 18.2
2008-05-05 23.0 23.35 22.2 22.2
2008-06-12 13.18 13.23 12.66 12.66
2008-06-30 11.91 11.94 11.22 11.22
2008-07-02 12.12 12.49 11.95 11.95
2008-07-07 13.82 13.82 12.55 12.55
2008-11-05 5.51 5.51 5.02 5.02
2008-11-07 5.61 5.67 5.35 5.35
2008-12-01 9.02 9.02 8.26 8.26
2008-12-03 9.31 9.42 8.91 8.91
2008-12-17 9.35 9.62 9.09 9.09
2009-01-06 10.45 10.6 9.81 9.81
2009-01-21 9.7 9.8 9.55 9.55
2009-02-11 12.82 13.36 12.09 12.09
2009-03-03 11.69 12.12 11.41 11.41
2009-03-04 12.64 12.78 11.79 11.79
2009-03-13 13.21 13.65 12.67 12.67
2009-03-18 14.25 14.45 13.6 13.6
2009-03-23 14.48 15.15 14.3 14.3
2009-04-13 15.71 15.96 15.19 15.19
2009-05-04 16.47 16.49 15.8 15.8
2009-05-27 8.97 9.13 8.86 8.86
2009-07-15 10.79 10.79 10.16 10.16
2009-08-20 8.23 8.28 7.88 7.88
2009-09-14 9.67 9.67 8.99 8.99
2009-09-16 10.35 10.56 9.98 9.98
2009-09-23 9.1 9.4 9.0 9.0
2009-10-09 9.03 9.12 8.67 8.67
2009-10-28 10.44 10.57 9.7 9.7
2009-11-16 10.84 10.9 10.46 10.46
2009-11-23 11.99 12.0 11.45 11.45
2009-12-25 10.45 10.67 10.36 10.36
2010-01-05 11.29 11.4 11.08 11.08
2010-01-13 13.1 13.41 12.35 12.35
2010-01-14 13.53 14.0 13.21 13.21
2010-01-27 13.07 13.43 12.69 12.69
2010-03-12 13.04 13.33 12.77 12.77
2010-03-24 13.74 13.93 13.5 13.5
2010-03-30 13.43 13.45 13.05 13.05
2010-04-09 14.42 14.5 13.93 13.93
2010-06-08 9.94 9.94 9.19 9.19
2010-06-17 10.12 10.35 9.98 9.98
2010-09-27 9.69 9.78 9.48 9.48
2010-10-15 9.3 9.43 9.11 9.11
2010-10-19 9.6 9.67 9.13 9.13
2010-11-04 11.34 11.54 10.5 10.5
2010-11-08 11.52 11.98 11.46 11.46
2011-01-12 8.6 8.65 8.42 8.42
2011-04-20 8.92 9.05 8.86 8.86
2011-04-26 8.48 8.52 8.34 8.34
2011-05-12 8.45 8.64 8.23 8.23
2011-05-20 8.83 8.89 8.53 8.53
2011-07-13 8.61 8.72 8.47 8.47
2011-07-15 8.77 8.93 8.52 8.52
2011-10-25 6.81 6.9 6.57 6.57
2011-11-15 8.25 8.36 8.18 8.18
2012-03-19 7.14 7.18 6.87 6.87
2012-07-11 6.11 6.15 6.04 6.04
2012-08-07 6.25 6.3 6.16 6.16
2012-08-14 6.36 6.38 6.19 6.19
2012-10-09 6.3 6.35 6.24 6.24
2012-10-15 6.32 6.33 6.25 6.25
2012-10-24 6.09 6.09 6.01 6.01
2012-11-05 6.03 6.03 5.91 5.91
2013-01-07 6.13 6.16 5.96 5.96
2013-03-29 7.81 7.85 7.45 7.45
2013-04-22 8.61 8.88 8.08 8.08
2013-04-24 9.49 9.5 8.69 8.69
2013-05-06 10.16 10.8 10.1 10.1
2013-05-15 13.51 13.51 12.54 12.54
2013-08-20 16.91 17.34 16.63 16.63
2013-09-27 17.73 18.48 17.44 17.44
2013-10-08 19.74 19.99 18.65 18.65
2013-12-24 13.59 13.85 13.11 13.11
2013-12-30 14.2 14.39 13.94 13.94
2014-05-12 14.12 14.25 13.92 13.92
2014-05-23 13.76 13.82 13.48 13.48
2014-05-26 13.88 14.04 13.76 13.76
2014-06-18 14.79 14.95 14.32 14.32
2014-06-26 14.38 14.64 14.21 14.21
2014-08-27 15.15 15.25 14.94 14.94
2014-09-29 16.97 17.42 16.74 16.74
2014-10-28 16.47 16.59 16.13 16.13
2014-12-15 19.6 19.85 19.03 19.03
2015-01-20 20.55 20.55 18.44 18.44
2015-01-23 21.57 22.44 20.5 20.5
2015-01-26 22.75 23.3 21.37 21.37
2015-03-19 28.85 28.85 28.85 28.85
2015-03-20 31.74 31.74 31.74 31.74
2015-04-30 33.93 35.5 33.03 33.03
2015-05-12 41.83 43.6 40.5 40.5
2015-06-01 44.27 44.86 41.96 41.96
2015-06-15 44.6 45.53 43.3 43.3
2015-07-21 21.66 21.66 21.66 21.66
2015-07-22 23.83 23.83 23.83 23.83
2015-07-23 26.21 26.21 26.21 26.21
2015-08-25 19.26 19.76 19.26 19.26
2015-09-08 20.05 20.33 17.04 17.04
2015-09-09 21.04 21.45 20.26 20.26
2015-10-15 25.38 26.0 24.26 24.26
2015-10-20 25.76 25.96 24.6 24.6
2015-11-04 26.19 26.3 24.65 24.65
2016-01-05 21.91 22.33 20.8 20.8
2016-02-02 18.1 18.15 17.0 17.0
2016-02-04 18.42 18.65 18.01 18.01
2016-02-15 18.21 18.4 17.35 17.35
2016-02-16 18.89 19.27 18.24 18.24
2016-03-07 18.82 19.1 18.38 18.38
2016-03-30 20.56 20.65 20.0 20.0
2016-05-23 18.25 18.35 17.54 17.54
2016-07-11 18.72 19.18 18.51 18.51
2016-07-12 18.97 19.25 18.63 18.63
2016-10-10 22.11 22.17 21.05 21.05
2016-10-14 21.81 21.99 21.5 21.5
2016-10-18 21.99 22.05 21.08 21.08
2016-10-31 22.06 22.18 21.74 21.74
2017-01-12 21.94 22.08 21.8 21.8
2017-01-24 22.6 22.98 22.41 22.41
2017-03-21 21.47 21.57 21.26 21.26
2017-04-18 19.38 19.54 19.22 19.22
2017-06-15 17.39 17.59 16.65 16.65
2017-07-06 17.79 17.84 17.56 17.56
