1994-04-21 9.2 9.55 7.7 7.7
1994-05-19 9.48 9.49 9.09 9.09
1994-06-02 8.45 8.69 8.41 8.41
1994-07-05 6.99 6.99 6.81 6.81
1994-08-03 8.5 8.7 7.11 7.11
1994-08-12 9.95 10.6 9.3 9.3
1994-08-30 13.8 14.1 12.5 12.5
1994-09-02 17.8 17.99 15.51 15.51
1994-09-20 24.31 25.28 23.2 23.2
1994-11-16 24.33 24.33 22.28 22.28
1994-11-21 23.49 23.73 23.02 23.02
1994-11-29 22.93 22.98 22.2 22.2
1995-01-27 17.27 17.51 17.09 17.09
1995-05-02 19.09 19.2 18.48 18.48
1995-05-03 19.77 20.1 19.18 19.18
1995-05-12 18.71 19.28 18.0 18.0
1995-06-21 18.2 18.2 17.75 17.75
1995-06-23 18.1 18.26 18.0 18.0
1995-07-05 17.64 17.7 17.2 17.2
1995-07-17 18.53 18.98 17.65 17.65
1995-08-17 17.7 18.2 17.68 17.68
1995-09-04 16.93 17.16 16.85 16.85
1995-09-18 16.49 16.68 16.3 16.3
1995-09-21 15.7 15.8 15.4 15.4
1995-10-16 14.17 14.35 14.05 14.05
1995-10-17 14.17 14.35 14.05 14.05
1995-11-01 14.18 14.31 14.0 14.0
1995-11-06 14.36 14.5 14.0 14.0
1995-11-10 14.16 14.21 14.02 14.02
1995-11-21 13.74 13.9 13.6 13.6
1995-11-24 13.6 13.96 13.5 13.5
1995-12-06 13.59 13.6 13.5 13.5
1995-12-07 13.65 13.65 13.56 13.56
1996-01-19 10.3 10.4 10.1 10.1
1996-01-24 10.05 10.15 10.05 10.05
1996-01-31 10.5 10.55 10.4 10.4
1996-02-06 10.34 10.35 10.0 10.0
1996-02-09 10.35 10.38 10.21 10.21
1996-04-03 11.82 12.0 11.7 11.7
1996-04-04 12.03 12.08 11.8 11.8
1996-04-05 12.53 12.6 12.1 12.1
1996-04-09 12.31 12.53 12.25 12.25
1996-04-10 12.35 12.61 12.26 12.26
1996-05-28 13.49 13.58 13.2 13.2
1996-05-31 13.2 13.66 13.1 13.1
1996-06-04 13.39 13.5 13.1 13.1
1996-06-12 14.8 15.4 14.01 14.01
1996-06-19 16.0 16.79 15.58 15.58
1996-06-20 15.48 15.98 15.0 15.0
1996-07-02 13.5 13.75 13.11 13.11
1996-07-10 12.6 13.1 12.5 12.5
1996-07-16 12.4 12.5 12.0 12.0
1996-07-30 13.4 13.76 13.2 13.2
1996-08-23 12.18 12.42 11.85 11.85
1996-09-19 10.76 10.82 10.68 10.68
1996-09-27 12.0 12.09 11.74 11.74
1996-10-10 12.1 12.19 11.7 11.7
1996-10-21 12.18 12.34 11.99 11.99
1996-10-28 13.2 13.6 13.0 13.0
1996-11-20 12.51 12.98 11.62 11.62
1996-11-29 12.2 12.5 12.05 12.05
1996-12-03 13.78 14.54 13.5 13.5
1996-12-16 13.77 13.77 13.77 13.77
1996-12-17 12.39 13.38 12.39 12.39
1996-12-25 12.65 12.8 12.05 12.05
1997-01-09 12.84 12.99 12.7 12.7
1997-01-16 12.54 12.63 12.5 12.5
1997-02-20 12.58 12.68 11.52 11.52
1997-03-06 13.9 13.96 13.0 13.0
1997-03-21 14.09 14.1 13.55 13.55
1997-03-26 14.03 14.45 13.86 13.86
1997-03-31 14.3 14.45 14.0 14.0
1997-04-09 16.77 16.93 15.79 15.79
1997-04-15 15.85 16.0 15.2 15.2
1997-05-05 17.8 17.8 16.2 16.2
1997-05-13 16.25 16.4 15.6 15.6
1997-05-15 15.92 16.57 14.8 14.8
1997-05-16 14.33 15.5 14.33 14.33
1997-05-22 12.96 13.79 12.96 12.96
1997-05-23 12.7 13.37 12.61 12.61
1997-05-27 12.78 13.0 12.5 12.5
1997-06-26 12.7 13.09 12.5 12.5
1997-07-11 11.48 11.5 11.15 11.15
1997-07-17 11.62 11.78 11.47 11.47
1997-08-01 12.35 12.57 11.65 11.65
1997-08-08 12.05 12.15 11.95 11.95
1997-08-12 12.3 12.55 12.18 12.18
1997-08-29 10.74 10.85 10.3 10.3
1997-09-03 10.85 10.88 10.6 10.6
1997-09-04 11.07 11.18 10.8 10.8
1997-09-19 10.15 10.2 10.1 10.1
1997-09-30 8.99 8.99 8.85 8.85
1997-10-10 9.21 9.29 9.09 9.09
1997-10-27 10.14 10.15 9.2 9.2
1997-11-14 9.92 10.15 9.38 9.38
1997-12-25 9.3 9.4 9.2 9.2
1998-01-23 10.49 10.58 10.36 10.36
1998-02-24 10.0 10.05 9.95 9.95
1998-03-17 9.69 9.82 9.53 9.53
1998-03-20 9.58 9.65 9.5 9.5
1998-03-24 9.67 9.77 9.6 9.6
1998-03-27 10.65 10.99 10.1 10.1
1998-04-08 11.48 11.75 11.0 11.0
1998-04-14 10.9 11.2 10.62 10.62
1998-04-22 11.48 11.49 11.19 11.19
1998-05-06 11.81 12.12 11.7 11.7
1998-05-20 11.3 11.55 11.2 11.2
1998-06-12 11.5 11.62 11.19 11.19
1998-07-08 11.1 11.16 11.0 11.0
1998-07-10 11.3 11.31 11.1 11.1
1998-07-23 10.54 10.9 10.37 10.37
1998-08-19 8.51 8.6 8.12 8.12
1998-09-03 8.77 8.85 8.68 8.68
1998-09-09 9.1 9.15 8.8 8.8
1998-09-23 10.1 10.18 9.9 9.9
1998-10-09 10.52 10.6 10.23 10.23
1998-10-22 10.61 10.65 10.31 10.31
1998-10-27 10.23 10.48 10.18 10.18
1998-11-02 10.87 10.88 10.61 10.61
1998-12-08 9.49 9.55 9.33 9.33
1998-12-22 9.48 9.5 9.2 9.2
1998-12-29 9.18 9.34 9.16 9.16
1999-01-08 9.6 9.62 9.3 9.3
1999-01-14 9.21 9.32 9.2 9.2
1999-01-18 9.25 9.3 8.75 8.75
1999-01-19 9.33 9.4 9.25 9.25
1999-01-20 9.23 9.33 9.2 9.2
1999-01-21 9.3 9.3 9.2 9.2
1999-01-25 9.42 9.45 9.35 9.35
1999-02-08 8.78 8.9 8.68 8.68
1999-03-01 9.04 9.1 8.98 8.98
1999-03-03 9.22 9.25 8.95 8.95
1999-03-10 9.24 9.33 9.02 9.02
1999-03-15 9.51 9.65 9.48 9.48
1999-03-18 9.5 9.63 9.35 9.35
1999-04-05 9.96 10.15 9.7 9.7
1999-04-20 10.14 10.25 9.75 9.75
1999-04-29 9.49 9.58 9.31 9.31
1999-05-07 9.67 9.87 9.58 9.58
1999-05-11 9.54 9.58 9.19 9.19
1999-05-12 9.4 9.54 9.35 9.35
1999-05-19 9.68 9.8 9.18 9.18
1999-05-26 10.63 10.65 10.04 10.04
1999-06-04 10.54 10.75 10.3 10.3
1999-06-14 14.64 14.64 13.6 13.6
1999-06-29 16.99 18.04 16.81 16.81
1999-07-12 16.5 17.38 16.03 16.03
1999-07-14 16.6 16.87 16.2 16.2
1999-08-03 17.9 17.95 17.22 17.22
1999-08-10 17.28 17.4 16.6 16.6
1999-08-19 16.8 17.2 16.5 16.5
1999-08-20 17.06 17.48 16.81 16.81
1999-09-20 15.2 15.35 15.0 15.0
1999-10-14 13.45 13.75 13.3 13.3
1999-10-26 13.6 13.74 13.4 13.4
1999-11-08 15.28 15.5 14.75 14.75
1999-11-12 14.24 14.5 14.11 14.11
1999-11-17 15.46 15.68 14.51 14.51
1999-11-26 15.58 15.89 15.55 15.55
1999-11-29 15.7 16.15 15.6 15.6
1999-12-28 11.3 11.77 10.6 10.6
1999-12-30 10.93 11.13 10.9 10.9
2000-01-13 11.96 12.0 11.4 11.4
2000-01-17 12.54 12.78 11.68 11.68
2000-03-08 12.7 12.85 12.41 12.41
2000-03-27 11.63 11.8 11.3 11.3
2000-03-29 12.3 12.38 11.98 11.98
2000-04-06 12.63 12.78 12.2 12.2
2000-04-07 13.04 13.3 12.7 12.7
2000-04-24 16.85 16.85 15.57 15.57
2000-05-22 23.62 23.62 20.85 20.85
2000-05-30 24.25 24.57 23.15 23.15
2000-06-02 24.1 24.8 23.5 23.5
2000-06-07 26.3 26.33 23.68 23.68
2000-06-12 26.88 27.4 26.0 26.0
2000-06-16 27.2 27.63 26.0 26.0
2000-07-03 25.6 25.98 25.01 25.01
2000-07-04 25.82 26.0 25.3 25.3
2000-07-10 26.78 26.88 26.3 26.3
2000-07-11 27.7 27.75 26.85 26.85
2000-07-20 18.93 19.38 18.6 18.6
2000-08-07 22.21 22.21 20.39 20.39
2000-08-22 24.2 24.53 23.67 23.67
2000-08-25 24.1 24.39 23.9 23.9
2000-08-28 23.97 24.3 23.9 23.9
2000-09-07 27.0 27.05 25.75 25.75
2000-10-11 26.3 27.08 26.08 26.08
2000-10-13 27.68 27.68 26.45 26.45
2000-10-16 28.7 28.74 27.6 27.6
2000-10-24 26.3 26.7 26.08 26.08
2000-11-08 25.8 25.8 24.1 24.1
2000-11-24 25.6 25.63 25.3 25.3
2000-12-04 25.41 25.41 25.05 25.05
2000-12-05 25.32 25.34 25.1 25.1
2001-01-02 21.6 22.0 21.01 21.01
2001-01-18 16.98 17.1 15.85 15.85
2001-01-19 17.46 17.8 17.0 17.0
2001-02-07 16.73 17.01 16.3 16.3
2001-02-09 16.92 16.97 16.51 16.51
2001-03-15 16.92 17.1 16.6 16.6
2001-03-16 17.0 17.18 16.8 16.8
2001-03-28 18.19 18.45 17.7 17.7
2001-04-10 17.88 17.95 17.8 17.8
2001-04-13 17.8 17.96 17.4 17.4
2001-04-16 17.92 18.1 17.85 17.85
2001-04-20 17.49 17.9 17.46 17.46
2001-05-09 16.87 16.99 16.72 16.72
2001-05-15 17.5 17.5 16.8 16.8
2001-07-06 18.05 18.1 17.78 17.78
2001-07-25 14.82 15.0 14.53 14.53
2001-08-09 14.12 14.14 13.54 13.54
2001-08-31 12.95 13.1 12.91 12.91
2001-09-04 13.38 13.38 12.95 12.95
2001-10-09 11.38 11.49 11.22 11.22
2001-11-06 11.64 11.72 11.41 11.41
2001-11-22 12.22 12.58 11.74 11.74
2001-11-26 12.12 12.18 12.02 12.02
2001-11-27 12.75 12.85 12.12 12.12
2001-12-11 13.97 14.28 13.7 13.7
2001-12-21 13.82 13.86 13.25 13.25
2002-01-10 13.14 13.18 12.55 12.55
2002-01-23 11.97 11.99 10.93 10.93
2002-01-25 11.79 12.0 11.62 11.62
2002-01-31 12.46 12.54 11.7 11.7
2002-02-07 12.3 12.48 12.18 12.18
2002-04-09 13.63 13.82 13.01 13.01
2002-05-09 13.63 13.71 13.5 13.5
2002-05-15 13.16 13.38 13.12 13.12
2002-05-23 12.82 13.0 12.75 12.75
2002-05-27 12.78 12.9 12.6 12.6
2002-06-11 12.21 12.27 12.1 12.1
2002-06-17 11.77 11.8 11.6 11.6
2002-06-18 12.03 12.18 11.88 11.88
2002-07-08 13.15 13.23 13.05 13.05
2002-07-26 13.24 13.25 13.1 13.1
2002-08-14 12.88 12.9 12.83 12.83
2002-08-20 13.02 13.05 12.84 12.84
2002-08-22 13.09 13.17 12.94 12.94
2002-09-03 12.86 12.99 12.8 12.8
2002-09-09 12.64 12.7 12.58 12.58
2002-10-08 12.26 12.33 12.12 12.12
2002-10-22 11.93 12.0 11.7 11.7
2002-11-01 11.65 11.66 11.58 11.58
2003-02-25 10.89 11.05 10.54 10.54
2003-03-27 10.47 10.5 10.16 10.16
2003-04-04 10.56 10.6 10.45 10.45
2003-04-07 10.65 10.77 10.58 10.58
2003-04-10 10.88 11.03 10.75 10.75
2003-05-27 9.8 9.85 9.73 9.73
2003-06-10 9.41 9.51 9.38 9.38
2003-06-17 9.88 10.09 9.7 9.7
2003-07-04 9.31 9.4 9.3 9.3
2003-07-10 9.46 9.5 9.28 9.28
2003-07-29 8.11 8.17 8.1 8.1
2003-07-31 8.08 8.11 8.07 8.07
2003-08-12 7.99 8.05 7.92 7.92
2003-11-19 5.93 6.0 5.55 5.55
2003-11-20 6.22 6.23 5.93 5.93
2003-11-24 6.39 6.4 6.1 6.1
2003-12-01 6.62 6.63 6.32 6.32
2003-12-17 6.72 6.93 6.71 6.71
2004-01-08 6.42 6.42 6.25 6.25
2004-01-15 6.77 6.84 6.56 6.56
2004-01-16 6.99 7.03 6.78 6.78
2004-03-09 7.27 7.39 7.12 7.12
2004-03-25 7.41 7.45 7.26 7.26
2004-03-31 7.38 7.38 7.23 7.23
2004-04-20 6.86 6.99 6.8 6.8
2004-04-21 6.97 7.03 6.86 6.86
2004-04-26 6.98 7.02 6.88 6.88
2004-05-17 6.7 6.82 6.66 6.66
2004-05-18 6.85 6.85 6.7 6.7
2004-06-11 6.21 6.38 6.18 6.18
2004-06-21 5.97 5.99 5.86 5.86
2004-07-01 6.29 6.3 6.14 6.14
2004-08-02 6.15 6.15 6.03 6.03
2004-08-04 6.23 6.28 6.1 6.1
2004-08-13 6.31 6.33 6.21 6.21
2004-08-25 6.2 6.28 6.15 6.15
2004-09-14 5.92 6.0 5.7 5.7
2004-09-15 6.17 6.26 5.92 5.92
2004-09-23 6.45 6.45 6.21 6.21
2004-10-14 6.44 6.6 6.35 6.35
2004-11-03 5.75 5.77 5.63 5.63
2004-11-05 5.75 5.8 5.68 5.68
2004-11-24 5.87 5.95 5.86 5.86
2004-11-30 5.78 5.8 5.73 5.73
2004-12-27 5.45 5.49 5.4 5.4
2004-12-30 5.38 5.46 5.32 5.32
2005-01-05 5.48 5.53 5.42 5.42
2005-01-06 5.51 5.52 5.42 5.42
2005-01-10 5.58 5.62 5.5 5.5
2005-02-21 5.35 5.37 5.16 5.16
2005-03-08 5.45 5.46 5.35 5.35
2005-04-12 5.13 5.23 5.05 5.05
2005-04-18 5.24 5.44 5.16 5.16
2005-05-10 5.3 5.37 4.98 4.98
2005-05-25 5.39 5.47 5.33 5.33
2005-06-08 5.37 5.46 5.01 5.01
2005-06-17 5.25 5.3 5.08 5.08
2005-07-11 4.73 4.89 4.66 4.66
2005-07-22 4.51 4.57 4.41 4.41
2005-08-10 4.9 4.94 4.82 4.82
2005-08-16 6.15 6.15 5.72 5.72
2005-08-24 6.35 6.46 6.15 6.15
2005-08-25 6.7 6.98 6.36 6.36
2005-09-01 6.78 6.96 6.26 6.26
2005-09-05 7.02 7.09 6.7 6.7
2005-09-19 7.54 7.65 7.48 7.48
2005-09-23 7.5 7.56 7.3 7.3
2005-10-13 8.01 8.25 7.6 7.6
2006-10-24 5.75 5.78 5.62 5.62
2006-11-03 5.62 5.65 5.56 5.56
2006-11-09 5.53 5.57 5.38 5.38
2006-12-04 5.6 5.62 5.55 5.55
2006-12-18 5.49 5.53 5.42 5.42
2006-12-29 5.7 5.85 5.66 5.66
2007-01-04 5.8 5.89 5.71 5.71
2007-01-19 6.67 6.8 6.53 6.53
2007-02-16 8.39 8.39 7.63 7.63
2007-02-28 8.29 8.34 7.73 7.73
2007-03-07 8.17 8.19 7.9 7.9
2007-03-26 9.19 9.25 9.03 9.03
2007-04-12 9.83 9.85 9.45 9.45
2007-04-20 10.0 10.09 9.53 9.53
2007-06-18 11.92 11.97 11.62 11.62
2007-06-19 12.29 12.45 11.82 11.82
2007-07-20 9.76 9.79 9.35 9.35
2007-07-23 10.32 10.37 9.8 9.8
2007-08-14 10.41 10.49 10.18 10.18
2007-08-16 10.53 10.59 10.25 10.25
2007-08-24 12.0 12.11 11.1 11.1
2007-08-29 14.07 14.07 12.45 12.45
2007-11-23 12.67 12.69 12.0 12.0
2007-12-19 13.3 13.48 12.94 12.94
2007-12-21 13.64 13.73 13.45 13.45
2008-01-02 14.48 14.6 13.95 13.95
2008-02-04 12.86 12.92 12.23 12.23
2008-03-28 11.18 11.2 10.51 10.51
2008-03-31 10.74 11.09 10.62 10.62
2008-04-23 8.3 8.36 7.81 7.81
2008-05-15 9.89 10.09 9.61 9.61
2008-06-30 7.29 7.49 6.96 6.96
2008-07-14 7.92 7.94 7.63 7.63
2008-07-28 8.4 8.48 8.28 8.28
2008-08-04 8.18 8.35 8.09 8.09
2008-08-07 8.53 8.64 7.93 7.93
2008-08-11 8.42 8.72 7.82 7.82
2008-10-17 6.65 6.66 6.21 6.21
2008-11-10 5.77 5.79 5.36 5.36
2008-11-19 6.38 6.47 5.94 5.94
2008-11-20 6.7 6.85 6.42 6.42
2008-12-08 6.82 6.86 6.67 6.67
2008-12-15 6.53 6.6 6.2 6.2
2008-12-24 6.41 6.57 6.28 6.28
2009-02-06 7.38 7.41 7.12 7.12
2009-02-20 7.96 8.05 7.75 7.75
2009-03-17 7.93 7.95 7.65 7.65
2009-03-26 8.13 8.24 7.9 7.9
2009-04-28 8.03 8.08 7.81 7.81
2009-06-03 9.65 9.66 9.52 9.52
2009-06-08 9.15 9.24 9.02 9.02
2009-06-15 9.2 9.25 8.9 8.9
2009-06-29 9.36 9.43 9.16 9.16
2009-07-13 9.69 9.9 9.55 9.55
2009-07-17 9.88 9.98 9.63 9.63
2009-07-22 10.35 10.43 10.07 10.07
2009-09-03 8.5 8.57 8.23 8.23
2009-09-11 9.12 9.2 9.05 9.05
2009-09-14 9.26 9.31 9.14 9.14
2009-10-09 8.67 8.67 8.41 8.41
2009-10-19 8.98 9.0 8.82 8.82
2009-12-21 10.4 10.4 9.46 9.46
2010-01-14 13.35 13.37 12.8 12.8
2010-01-18 14.45 14.45 13.2 13.2
2010-03-15 15.96 16.5 15.6 15.6
2010-03-26 16.82 17.18 15.52 15.52
2010-04-09 16.8 17.08 16.56 16.56
2010-05-24 12.44 12.55 12.02 12.02
2010-10-18 12.53 12.53 11.53 11.53
2010-11-03 13.02 13.28 12.33 12.33
2010-12-13 11.52 11.58 11.38 11.38
2011-01-18 10.02 10.04 9.94 9.94
2011-02-10 10.47 10.49 10.28 10.28
2011-03-07 11.57 11.6 11.47 11.47
2011-03-18 10.87 10.97 10.83 10.83
2011-04-01 10.73 10.79 10.55 10.55
2011-04-12 11.07 11.24 10.98 10.98
2011-04-18 11.23 11.25 10.78 10.78
2011-04-19 11.77 12.17 11.1 11.1
2011-05-09 10.76 10.85 10.66 10.66
2011-07-13 9.76 9.79 9.59 9.59
2011-07-14 9.85 9.87 9.74 9.74
2011-07-15 9.87 9.94 9.81 9.81
2011-08-15 9.14 9.25 8.59 8.59
2011-08-22 8.33 8.48 8.26 8.26
2011-08-23 8.45 8.48 8.33 8.33
2011-08-26 9.25 9.28 8.52 8.52
2011-10-10 8.45 8.9 8.33 8.33
2011-11-24 7.58 7.66 7.53 7.53
2011-11-25 7.61 7.67 7.51 7.51
2011-11-28 7.78 7.79 7.58 7.58
2012-01-17 6.32 6.34 5.93 5.93
2012-01-18 6.79 6.89 6.26 6.26
2012-02-10 6.58 6.63 6.53 6.53
2012-02-24 6.88 6.9 6.75 6.75
2012-03-08 6.95 7.0 6.78 6.78
2012-03-09 7.02 7.14 6.95 6.95
2012-03-16 6.76 6.77 6.56 6.56
2012-05-31 7.35 7.43 7.28 7.28
2012-07-17 6.25 6.31 6.2 6.2
2012-08-01 6.39 6.42 6.26 6.26
2012-08-28 6.3 6.35 6.22 6.22
2012-08-29 6.28 6.36 6.25 6.25
2012-09-03 6.3 6.33 6.21 6.21
2012-09-19 6.4 6.44 6.38 6.38
2012-09-21 6.19 6.28 6.18 6.18
2012-10-09 6.58 6.6 6.25 6.25
2012-10-18 6.43 6.53 6.36 6.36
2012-11-05 6.51 6.6 6.45 6.45
2012-11-12 6.34 6.45 6.25 6.25
2012-11-21 6.21 6.23 6.1 6.1
2012-12-07 6.05 6.06 5.92 5.92
2012-12-14 6.2 6.24 6.02 6.02
2012-12-19 6.22 6.31 6.18 6.18
2012-12-25 6.26 6.3 6.14 6.14
2013-01-14 6.42 6.43 6.25 6.25
2013-01-25 6.38 6.42 6.35 6.35
2013-02-22 6.62 6.66 6.58 6.58
2013-02-25 6.74 6.75 6.6 6.6
2013-04-02 6.88 6.89 6.67 6.67
2013-04-09 6.92 6.94 6.72 6.72
2013-04-19 6.45 6.48 6.33 6.33
2013-04-24 6.28 6.3 6.21 6.21
2013-05-06 6.32 6.36 6.25 6.25
2013-05-10 6.3 6.33 6.23 6.23
2013-05-30 6.54 6.55 6.48 6.48
2013-05-31 6.55 6.65 6.54 6.54
2013-06-05 6.46 6.53 6.43 6.43
2013-07-04 5.59 5.63 5.45 5.45
2013-07-11 5.7 5.75 5.53 5.53
2013-08-01 5.69 5.7 5.56 5.56
2013-08-12 5.86 5.87 5.78 5.78
2013-08-19 6.0 6.03 5.88 5.88
2013-08-30 6.96 7.27 6.81 6.81
2013-09-23 6.98 6.99 6.77 6.77
2013-09-30 7.41 7.41 7.41 7.41
2013-11-04 6.83 6.85 6.8 6.8
2013-12-12 7.27 7.37 7.13 7.13
2014-01-21 6.23 6.24 6.14 6.14
2014-02-10 6.77 6.82 6.67 6.67
2014-03-28 7.72 7.95 7.65 7.65
2014-05-05 6.91 6.94 6.75 6.75
2014-06-27 6.74 6.74 6.61 6.61
2014-06-30 6.76 6.79 6.72 6.72
2014-07-03 6.94 6.98 6.81 6.81
2014-07-15 7.24 7.33 7.18 7.18
2014-07-29 7.36 7.46 7.31 7.31
2014-08-01 7.32 7.44 7.3 7.3
2014-08-14 8.32 8.32 7.55 7.55
2014-09-29 8.66 8.85 8.46 8.46
2014-09-30 8.89 8.93 8.62 8.62
2014-10-20 9.88 10.21 9.4 9.4
2014-10-28 9.27 9.28 8.83 8.83
2014-11-10 10.44 10.48 10.0 10.0
2015-01-14 9.67 9.73 9.61 9.61
2015-01-15 9.79 9.8 9.67 9.67
2015-01-20 9.48 9.54 9.32 9.32
2015-01-21 9.75 9.8 9.5 9.5
2015-01-26 10.55 10.6 9.98 9.98
2015-03-30 13.29 13.33 13.03 13.03
2015-04-10 14.22 14.45 13.88 13.88
2015-04-22 15.9 16.22 15.56 15.56
2015-05-20 17.09 18.0 16.87 16.87
2015-05-22 19.7 19.7 17.93 17.93
2015-05-25 21.67 21.67 20.3 20.3
2015-06-11 25.47 25.74 24.81 24.81
2015-07-08 13.78 13.78 13.78 13.78
2015-07-09 15.08 15.08 12.34 12.34
2015-07-17 16.23 16.55 15.35 15.35
2015-07-23 18.68 18.68 17.13 17.13
2015-08-07 17.48 17.7 16.95 16.95
2015-10-14 18.61 19.66 18.55 18.55
2015-10-22 19.45 19.47 18.43 18.43
2015-11-02 18.4 18.98 18.0 18.0
2015-12-03 16.77 16.79 16.35 16.35
2015-12-11 16.69 17.06 16.6 16.6
2015-12-17 17.63 17.8 17.03 17.03
2016-01-25 14.96 15.06 14.51 14.51
2016-03-18 14.26 14.3 13.65 13.65
2016-03-21 14.86 15.2 14.4 14.4
2016-05-23 13.42 13.46 13.22 13.22
2016-06-29 13.2 13.22 13.05 13.05
2016-07-13 13.42 13.47 13.2 13.2
2016-07-18 13.68 13.82 13.4 13.4
2016-07-26 13.7 13.7 13.55 13.55
2016-09-20 14.24 14.42 14.16 14.16
2016-09-29 14.05 14.17 14.02 14.02
2016-11-15 14.78 14.8 14.5 14.5
2016-11-24 15.18 15.25 14.8 14.8
2016-12-19 14.91 15.12 14.31 14.31
2017-01-20 14.32 14.34 14.04 14.04
2017-06-20 13.28 13.28 13.28 13.28
2017-06-21 12.67 12.89 12.17 12.17
2017-08-01 11.64 11.74 11.45 11.45
2017-08-14 11.59 11.6 11.41 11.41
