2000-12-05 27.76 27.92 27.05 27.05
2000-12-12 26.68 26.78 26.31 26.31
2001-01-12 27.48 27.61 27.3 27.3
2001-01-18 26.72 26.85 26.6 26.6
2001-01-19 27.09 27.18 26.8 26.8
2001-02-26 23.34 23.4 22.82 22.82
2001-03-07 23.38 23.54 23.3 23.3
2001-03-14 23.82 23.9 23.4 23.4
2001-03-22 24.24 24.3 24.01 24.01
2001-04-02 25.72 25.81 24.45 24.45
2001-04-12 25.54 25.76 25.45 25.45
2001-04-24 25.15 25.39 25.1 25.1
2001-05-08 25.07 25.07 24.5 24.5
2001-05-18 25.84 26.1 25.15 25.15
2001-05-29 25.21 25.29 24.78 24.78
2001-05-30 25.8 25.82 25.32 25.32
2001-06-12 26.71 26.86 26.42 26.42
2001-06-20 26.12 26.4 26.1 26.1
2001-07-06 25.67 25.88 25.55 25.55
2001-08-10 23.32 23.36 23.08 23.08
2001-08-21 23.15 23.28 23.12 23.12
2001-08-31 21.65 21.7 21.6 21.6
2001-09-05 21.9 22.44 21.81 21.81
2001-10-23 17.16 17.16 17.16 17.16
2001-11-06 17.6 17.76 17.45 17.45
2001-11-19 17.2 17.23 16.8 16.8
2001-11-22 17.9 17.95 17.3 17.3
2001-12-06 18.11 18.29 17.96 17.96
2001-12-26 16.96 16.96 16.51 16.51
2002-01-23 14.71 14.75 13.5 13.5
2002-02-07 15.08 15.23 14.8 14.8
2002-03-05 16.1 16.15 15.68 15.68
2002-03-14 17.0 17.09 16.5 16.5
2002-03-19 17.28 17.29 16.5 16.5
2002-03-20 17.73 17.9 17.35 17.35
2002-03-25 17.57 17.65 17.2 17.2
2002-04-03 16.53 16.79 16.5 16.5
2002-04-09 17.35 17.38 17.0 17.0
2002-05-14 16.55 16.7 16.5 16.5
2002-06-06 14.55 14.62 13.7 13.7
2002-06-18 14.61 14.77 14.35 14.35
2002-06-20 14.5 14.75 14.45 14.45
2002-07-01 15.86 16.0 15.8 15.8
2002-07-11 15.65 15.86 15.46 15.46
2002-07-12 15.68 15.8 15.55 15.55
2002-07-19 15.82 15.98 15.79 15.79
2002-08-07 15.48 15.6 15.4 15.4
2002-08-12 15.2 15.37 15.07 15.07
2002-08-19 15.7 15.85 15.61 15.61
2002-09-03 15.78 15.83 15.71 15.71
2002-09-13 15.3 15.37 15.2 15.2
2002-09-17 15.02 15.13 14.8 14.8
2002-10-10 14.36 14.65 14.13 14.13
2002-10-22 14.3 14.35 14.11 14.11
2002-12-10 11.73 12.1 11.73 11.73
2003-01-09 12.08 12.15 11.8 11.8
2003-01-22 12.48 12.69 12.4 12.4
2003-01-24 12.57 12.67 12.26 12.26
2003-02-11 12.89 13.05 12.4 12.4
2003-02-12 12.95 12.95 12.8 12.8
2003-02-25 12.87 12.9 12.65 12.65
2003-02-26 13.13 13.38 12.84 12.84
2003-03-20 12.3 12.43 12.28 12.28
2003-03-21 12.42 12.43 12.28 12.28
2003-03-31 12.56 12.58 12.36 12.36
2003-04-18 13.44 13.94 13.4 13.4
2003-05-28 12.0 12.12 11.98 11.98
2003-06-18 11.8 11.85 11.76 11.76
2003-07-30 10.08 10.1 10.0 10.0
2003-08-18 10.02 10.08 9.96 9.96
2003-08-19 10.12 10.16 10.0 10.0
2003-09-09 9.81 9.9 9.78 9.78
2003-09-10 9.96 9.99 9.82 9.82
2003-10-08 9.25 9.3 9.11 9.11
2003-11-20 8.13 8.2 7.75 7.75
2003-12-24 7.78 7.79 7.64 7.64
2004-02-04 9.22 9.3 9.13 9.13
2004-02-09 9.81 9.94 9.7 9.7
2004-02-12 9.66 9.88 9.63 9.63
2004-02-16 10.01 10.08 9.65 9.65
2004-02-27 9.58 9.6 9.5 9.5
2004-03-02 9.65 9.7 9.55 9.55
2004-03-30 9.38 9.38 9.13 9.13
2004-04-19 9.22 9.38 9.17 9.17
2004-05-21 8.49 8.54 8.33 8.33
2004-06-11 7.94 8.15 7.86 7.86
2004-07-08 8.4 8.4 8.18 8.18
2004-07-19 8.55 8.62 8.43 8.43
2004-07-20 8.61 8.95 8.55 8.55
2004-09-10 7.8 7.82 7.65 7.65
2004-09-14 7.96 8.02 7.7 7.7
2004-10-22 7.34 7.45 7.25 7.25
2004-12-03 7.31 7.33 7.11 7.11
2004-12-17 6.81 6.88 6.71 6.71
2004-12-21 6.69 6.76 6.62 6.62
2004-12-22 6.9 6.9 6.7 6.7
2005-01-05 6.48 6.59 6.38 6.38
2005-01-14 6.51 6.6 6.47 6.47
2005-02-25 6.85 6.92 6.8 6.8
2005-03-04 6.56 6.6 6.48 6.48
2005-03-29 6.0 6.06 5.9 5.9
2005-04-05 5.91 6.08 5.86 5.86
2005-04-11 6.78 6.96 6.56 6.56
2005-04-13 6.47 6.66 6.45 6.45
2005-04-19 5.98 6.03 5.8 5.8
2005-05-12 5.41 5.5 5.31 5.31
2005-05-26 5.47 5.52 5.39 5.39
2005-05-30 5.68 5.73 5.56 5.56
2005-06-15 5.7 5.75 5.66 5.66
2005-06-20 5.95 5.95 5.8 5.8
2005-07-05 5.23 5.39 5.15 5.15
2005-07-07 5.4 5.43 5.22 5.22
2005-07-18 5.14 5.27 5.12 5.12
2005-07-26 4.84 4.87 4.69 4.69
2005-08-15 5.71 5.85 5.62 5.62
2005-08-31 5.83 5.83 5.58 5.58
2005-09-23 5.69 5.84 5.68 5.68
2005-09-29 5.67 5.72 5.51 5.51
2005-10-13 5.66 5.76 5.58 5.58
2005-11-18 5.54 5.58 5.34 5.34
2005-11-24 5.73 5.82 5.53 5.53
2005-12-07 5.46 5.46 5.37 5.37
2005-12-08 5.61 5.63 5.43 5.43
2005-12-16 5.59 5.6 5.48 5.48
2006-01-06 6.05 6.11 5.73 5.73
2006-01-18 6.04 6.15 5.85 5.85
2006-02-06 6.17 6.23 6.04 6.04
2006-03-01 5.94 5.94 5.88 5.88
2006-03-10 5.58 5.64 5.54 5.54
2006-03-13 5.62 5.65 5.58 5.58
2006-03-15 5.67 5.68 5.6 5.6
2006-03-21 5.79 5.82 5.74 5.74
2006-03-24 5.78 5.85 5.7 5.7
2006-03-29 5.92 5.99 5.8 5.8
2006-04-26 6.05 6.08 5.92 5.92
2006-05-17 7.38 7.41 7.08 7.08
2006-07-11 9.62 10.0 9.12 9.12
2006-07-14 9.49 9.83 9.0 9.0
2006-12-27 6.22 6.29 6.1 6.1
2006-12-29 6.05 6.1 6.02 6.02
2007-01-08 6.54 6.58 6.33 6.33
2007-01-15 6.84 6.84 6.54 6.54
2007-01-22 7.57 7.58 7.34 7.34
2007-02-05 6.72 6.8 6.61 6.61
2007-02-06 6.95 6.95 6.74 6.74
2007-02-07 7.14 7.24 6.96 6.96
2007-02-16 8.14 8.4 8.11 8.11
2007-03-12 8.71 8.75 8.26 8.26
2007-03-15 8.73 8.88 8.5 8.5
2007-03-20 8.64 8.68 8.4 8.4
2007-03-23 9.14 9.14 8.81 8.81
2007-03-26 9.42 9.58 9.14 9.14
2007-03-30 9.02 9.17 8.9 8.9
2007-04-16 11.55 11.55 11.02 11.02
2007-04-20 11.47 11.69 10.7 10.7
2007-05-08 12.32 12.48 11.91 11.91
2007-06-04 10.36 10.48 10.36 10.36
2007-06-05 9.67 9.8 9.32 9.32
2007-07-02 8.14 8.14 7.5 7.5
2007-07-30 10.62 10.62 10.62 10.62
2007-07-31 11.68 11.68 11.68 11.68
2007-09-06 11.97 11.98 11.58 11.58
2007-11-07 9.38 9.49 9.11 9.11
2007-11-16 9.21 9.3 8.88 8.88
2007-11-29 9.55 9.7 9.22 9.22
2007-12-03 9.49 9.5 9.22 9.22
2007-12-18 10.34 10.72 10.31 10.31
2007-12-19 10.5 10.56 10.31 10.31
2007-12-20 10.65 10.85 10.32 10.32
2007-12-21 10.87 10.91 10.48 10.48
2007-12-26 11.41 11.53 11.04 11.04
2008-01-29 11.07 11.27 10.81 10.81
2008-02-04 11.13 11.17 10.52 10.52
2008-02-13 11.26 11.37 11.0 11.0
2008-02-18 12.15 12.26 11.58 11.58
2008-02-28 12.23 12.4 11.28 11.28
2008-02-29 12.36 12.45 11.95 11.95
2008-04-23 8.75 8.82 8.22 8.22
2008-04-30 10.15 10.17 9.59 9.59
2008-05-05 10.69 10.79 10.21 10.21
2008-05-14 11.44 11.6 10.92 10.92
2008-05-16 11.68 11.99 11.35 11.35
2008-06-11 10.4 10.55 10.05 10.05
2008-06-26 8.37 8.47 8.19 8.19
2008-06-30 7.72 7.79 7.35 7.35
2008-07-02 7.76 7.8 7.55 7.55
2008-07-04 8.02 8.31 7.94 7.94
2008-07-29 8.71 8.75 8.56 8.56
2008-08-14 6.72 6.78 6.53 6.53
2008-08-15 6.72 6.82 6.55 6.55
2008-09-02 6.33 6.36 6.09 6.09
2008-09-12 5.45 5.54 5.31 5.31
2008-09-24 5.9 5.91 5.52 5.52
2008-10-20 5.18 5.23 4.97 4.97
2008-11-10 5.12 5.17 4.86 4.86
2008-12-17 6.35 6.58 6.3 6.3
2008-12-19 6.58 6.75 6.4 6.4
2009-01-14 6.72 6.73 6.45 6.45
2009-02-06 7.22 7.26 6.89 6.89
2009-03-13 8.31 8.52 7.84 7.84
2009-04-01 8.7 8.73 8.5 8.5
2009-04-10 9.32 9.38 9.01 9.01
2009-04-14 10.04 10.16 9.2 9.2
2009-04-30 12.78 13.1 12.52 12.52
2009-06-01 13.01 13.05 12.85 12.85
2009-06-05 6.28 6.48 6.26 6.26
2009-07-09 6.76 6.79 6.49 6.49
2009-07-15 8.17 8.17 7.51 7.51
2009-09-07 8.3 8.6 7.92 7.92
2009-09-17 8.1 8.19 8.0 8.0
2009-09-21 8.8 8.91 8.4 8.4
2009-09-30 7.1 7.13 6.92 6.92
2009-10-16 7.87 8.05 7.65 7.65
2009-10-26 8.25 8.29 7.95 7.95
2009-11-16 8.74 8.78 8.49 8.49
2009-12-23 8.68 8.76 8.47 8.47
2009-12-28 9.14 9.2 9.01 9.01
2010-01-18 9.71 9.77 9.6 9.6
2010-02-12 8.83 8.85 8.68 8.68
2010-02-24 9.04 9.06 8.68 8.68
2010-03-17 9.11 9.12 8.9 8.9
2010-03-18 9.19 9.25 9.1 9.1
2010-04-14 10.23 10.25 9.86 9.86
2010-06-17 8.24 8.51 8.06 8.06
2010-07-06 7.72 7.76 7.57 7.57
2010-09-02 10.33 10.48 9.96 9.96
2010-10-19 9.85 9.87 9.53 9.53
2010-12-13 11.64 11.65 11.37 11.37
2010-12-29 10.53 10.59 10.2 10.2
2011-01-18 10.04 10.08 9.96 9.96
2011-01-19 10.31 10.35 10.04 10.04
2011-02-10 10.44 10.45 10.11 10.11
2011-02-28 10.76 10.78 10.0 10.0
2011-05-03 10.4 10.41 10.15 10.15
2011-05-09 10.51 10.66 10.37 10.37
2011-06-13 9.22 9.28 9.1 9.1
2011-06-14 9.33 9.42 9.2 9.2
2011-07-04 9.49 9.55 9.35 9.35
2011-07-13 9.53 9.56 9.29 9.29
2011-07-22 9.79 9.88 9.75 9.75
2011-08-05 8.88 8.98 8.81 8.81
2011-08-18 8.87 8.94 8.52 8.52
2011-09-21 8.36 8.39 8.17 8.17
2011-11-28 7.4 7.48 7.32 7.32
2011-12-06 7.03 7.1 6.96 6.96
2011-12-20 6.06 6.14 5.99 5.99
2012-02-09 6.12 6.22 5.97 5.97
2012-03-02 6.78 6.98 6.43 6.43
2012-03-08 6.59 6.63 6.48 6.48
2012-03-19 7.06 7.13 6.42 6.42
2012-05-17 6.5 6.54 6.42 6.42
2012-05-22 6.36 6.37 6.22 6.22
2012-06-13 6.2 6.2 6.06 6.06
2012-06-15 6.27 6.31 6.16 6.16
2012-07-03 6.09 6.23 6.04 6.04
2012-07-11 6.02 6.03 5.9 5.9
2012-07-24 5.8 5.85 5.74 5.74
2012-08-01 5.29 5.34 5.21 5.21
2012-08-06 5.94 5.94 5.4 5.4
2012-08-15 5.93 6.02 5.82 5.82
2012-08-28 5.58 5.59 5.5 5.5
2012-09-06 5.64 5.68 5.56 5.56
2012-09-27 5.29 5.4 5.19 5.19
2012-10-22 5.64 5.67 5.5 5.5
2012-12-07 5.16 5.17 5.03 5.03
2012-12-14 5.26 5.27 5.05 5.05
2012-12-24 5.33 5.35 5.24 5.24
2012-12-31 5.51 5.55 5.44 5.44
2013-01-07 5.63 5.7 5.49 5.49
2013-01-14 5.68 5.7 5.47 5.47
2013-02-07 6.16 6.28 6.01 6.01
2013-04-26 7.34 7.45 7.15 7.15
2013-09-23 6.22 6.23 6.13 6.13
2013-09-27 6.28 6.3 6.04 6.04
2013-11-14 6.22 6.35 6.05 6.05
2013-12-03 5.91 5.95 5.78 5.78
2013-12-09 5.95 5.96 5.91 5.91
2013-12-12 5.9 5.91 5.84 5.84
2013-12-25 5.88 5.88 5.78 5.78
2014-01-08 5.84 5.85 5.8 5.8
2014-01-16 5.7 5.71 5.62 5.62
2014-01-20 5.78 5.92 5.69 5.69
2014-01-28 5.92 5.96 5.86 5.86
2014-02-10 6.09 6.11 5.98 5.98
2014-02-11 6.16 6.18 6.05 6.05
2014-02-14 6.17 6.2 6.06 6.06
2014-02-17 6.36 6.45 6.2 6.2
2014-02-25 6.61 6.99 6.39 6.39
2014-03-31 7.85 7.99 7.65 7.65
2014-04-04 8.25 8.4 7.93 7.93
2014-04-08 8.28 8.56 8.16 8.16
2014-05-29 7.95 8.08 7.45 7.45
2014-06-03 8.01 8.13 7.74 7.74
2014-06-27 7.47 7.5 7.36 7.36
2014-07-17 8.11 8.24 7.97 7.97
2014-08-20 8.69 8.77 8.45 8.45
2014-09-01 8.99 9.15 8.83 8.83
2014-12-08 11.34 11.34 11.34 11.34
2014-12-09 12.47 12.47 12.47 12.47
2015-02-02 13.07 13.42 12.88 12.88
2015-02-13 13.12 13.15 12.75 12.75
2015-02-16 13.29 13.69 13.16 13.16
2015-03-02 14.32 14.32 13.03 13.03
2015-03-27 16.84 17.11 16.0 16.0
2015-04-13 18.32 18.88 17.33 17.33
2015-05-12 25.88 25.88 25.88 25.88
2015-07-13 16.48 16.48 16.48 16.48
2015-07-31 17.72 18.0 17.28 17.28
2015-08-14 19.27 19.35 18.79 18.79
2015-08-17 19.89 19.98 19.2 19.2
2015-08-27 17.63 17.63 16.1 16.1
2015-09-07 17.94 18.72 17.5 17.5
2015-09-11 17.46 17.65 16.4 16.4
2015-12-23 12.8 12.8 12.8 12.8
2015-12-24 14.08 14.08 14.08 14.08
2016-02-02 12.59 12.89 12.46 12.46
2016-02-16 12.36 12.46 12.03 12.03
2016-03-02 12.78 12.98 12.0 12.0
2016-04-11 12.48 12.57 12.42 12.42
2016-06-20 9.29 9.32 8.68 8.68
2016-08-15 9.16 9.2 8.93 8.93
2016-08-22 9.56 9.86 9.3 9.3
2016-08-26 9.67 9.84 9.53 9.53
2016-08-29 9.78 9.95 9.67 9.67
2016-09-09 9.38 9.53 9.32 9.32
2016-10-12 9.18 9.21 9.12 9.12
2016-11-15 8.64 8.68 8.56 8.56
2016-11-16 8.61 8.73 8.6 8.6
2016-12-30 8.56 8.63 8.4 8.4
2017-01-05 8.71 8.83 8.65 8.65
2017-01-18 9.09 9.11 8.82 8.82
2017-01-19 9.28 9.55 9.02 9.02
2017-02-20 9.69 9.85 9.25 9.25
2017-03-14 10.31 10.43 9.95 9.95
2017-03-31 9.2 9.25 9.01 9.01
2017-04-26 9.57 9.65 9.34 9.34
2017-05-15 9.14 9.19 9.0 9.0
2017-05-26 9.54 9.66 9.46 9.46
2017-06-05 9.84 10.07 9.68 9.68
2017-06-22 7.36 7.49 7.26 7.26
2017-07-31 7.65 7.69 7.48 7.48
2017-08-28 7.67 7.74 7.44 7.44
