1996-08-05 11.45 11.45 10.6 10.6
1996-08-30 11.75 11.85 11.28 11.28
1996-09-04 12.18 12.2 11.2 11.2
1996-10-21 11.82 11.99 11.56 11.56
1996-11-04 11.46 11.69 11.45 11.45
1996-11-13 12.15 12.36 11.85 11.85
1996-12-16 12.87 12.87 12.87 12.87
1996-12-17 11.58 12.2 11.58 11.58
1997-01-15 13.26 13.37 12.8 12.8
1997-01-21 13.25 13.55 13.1 13.1
1997-02-20 12.55 12.55 11.48 11.48
1997-03-06 13.79 13.79 13.3 13.3
1997-04-09 15.55 15.65 15.09 15.09
1997-04-21 15.5 15.76 15.01 15.01
1997-04-24 14.85 15.25 14.5 14.5
1997-04-28 14.95 15.29 14.85 14.85
1997-05-06 16.55 16.97 15.55 15.55
1997-05-12 18.08 18.08 17.0 17.0
1997-05-16 15.71 17.4 15.21 15.21
1997-05-23 14.58 14.91 14.01 14.01
1997-05-29 15.25 15.4 14.98 14.98
1997-06-13 12.56 12.6 12.0 12.0
1997-06-19 13.6 13.95 13.31 13.31
1997-06-24 14.96 15.1 14.59 14.59
1997-06-27 15.0 15.24 14.75 14.75
1997-07-10 16.64 16.68 15.79 15.79
1997-07-11 17.21 17.22 16.41 16.41
1997-07-14 17.64 17.64 17.15 17.15
1997-07-15 18.14 18.14 17.64 17.64
1997-07-16 18.18 18.26 17.75 17.75
1997-07-18 18.18 18.2 17.81 17.81
1997-07-21 18.77 18.8 18.2 18.2
1997-07-22 19.4 19.46 18.78 18.78
1997-07-23 20.3 20.44 18.53 18.53
1997-08-05 18.16 18.25 17.98 17.98
1997-08-06 18.26 18.47 18.05 18.05
1997-08-11 19.72 19.72 18.22 18.22
1997-08-18 18.87 18.95 18.34 18.34
1997-09-01 18.8 19.0 18.3 18.3
1997-09-25 10.18 10.3 9.4 9.4
1997-10-08 9.99 10.12 9.85 9.85
1997-10-17 10.6 10.85 9.88 9.88
1997-10-20 10.73 10.95 10.62 10.62
1997-11-17 10.88 11.05 10.7 10.7
1997-12-02 10.13 10.23 9.5 9.5
1997-12-12 9.74 10.18 9.69 9.69
1997-12-19 10.73 10.88 10.25 10.25
1997-12-25 10.79 10.93 10.55 10.55
1998-01-05 11.29 11.46 11.03 11.03
1998-01-14 12.43 12.58 11.95 11.95
1998-01-16 12.75 13.09 12.42 12.42
1998-01-19 13.25 13.43 12.75 12.75
1998-02-09 13.04 13.2 12.8 12.8
1998-02-25 12.43 12.57 12.29 12.29
1998-02-27 13.81 13.81 12.55 12.55
1998-03-17 11.0 11.18 10.36 10.36
1998-04-15 10.82 11.12 10.5 10.5
1998-04-21 11.69 11.8 10.95 10.95
1998-04-27 11.25 11.3 11.01 11.01
1998-05-11 11.26 11.5 10.82 10.82
1998-05-22 10.93 11.15 10.78 10.78
1998-06-04 11.6 11.85 11.39 11.39
1998-06-22 11.26 11.3 10.8 10.8
1998-06-26 11.6 11.88 11.46 11.46
1998-07-07 11.05 11.1 10.86 10.86
1998-07-10 11.08 11.39 10.75 10.75
1998-07-21 11.42 11.65 11.25 11.25
1998-07-23 11.15 11.34 11.05 11.05
1998-07-31 11.18 11.34 11.16 11.16
1998-08-19 10.0 10.05 9.61 9.61
1998-08-21 10.11 10.25 9.8 9.8
1998-09-07 10.42 10.63 10.33 10.33
1998-09-09 10.39 10.4 10.14 10.14
1998-10-20 12.27 12.48 11.76 11.76
1998-10-26 13.72 13.8 13.0 13.0
1998-11-03 15.38 15.39 14.37 14.37
1998-11-11 15.7 16.1 15.46 15.46
1998-11-30 15.95 16.2 15.9 15.9
1998-12-08 15.47 15.66 15.16 15.16
1998-12-14 15.59 15.74 15.35 15.35
1998-12-31 15.12 15.36 15.05 15.05
1999-01-18 16.74 16.78 16.26 16.26
1999-03-08 15.11 15.38 15.02 15.02
1999-03-10 15.4 15.78 15.25 15.25
1999-03-16 16.09 16.18 15.9 15.9
1999-03-25 16.3 16.57 15.73 15.73
1999-03-31 15.7 15.9 15.2 15.2
1999-04-14 14.52 14.64 13.85 13.85
1999-04-23 14.21 14.68 14.02 14.02
1999-04-28 14.5 14.6 14.17 14.17
1999-05-27 16.4 16.82 15.8 15.8
1999-07-02 17.6 17.6 16.0 16.0
1999-08-04 16.7 16.85 16.4 16.4
1999-08-12 17.58 17.8 17.2 17.2
1999-08-13 17.8 17.98 17.65 17.65
1999-08-31 17.38 17.45 17.01 17.01
1999-09-09 17.5 17.6 16.9 16.9
1999-09-29 16.7 16.8 16.5 16.5
1999-10-15 16.33 16.45 16.05 16.05
1999-10-27 16.87 16.88 16.58 16.58
1999-11-23 16.56 16.65 16.3 16.3
1999-12-21 16.75 16.77 16.41 16.41
1999-12-24 16.58 16.71 16.42 16.42
2000-02-14 17.01 17.3 16.0 16.0
2000-03-17 17.9 17.97 17.0 17.0
2000-03-27 19.58 19.98 18.96 18.96
2000-04-26 26.61 26.61 24.19 24.19
2000-05-22 24.9 24.99 24.2 24.2
2000-05-31 26.29 26.5 26.0 26.0
2000-06-01 26.49 26.8 26.4 26.4
2000-07-07 33.62 33.62 32.35 32.35
2000-07-10 34.5 34.5 33.9 33.9
2000-07-14 34.85 34.9 34.3 34.3
2000-08-01 38.7 38.8 38.25 38.25
2000-09-01 39.9 39.95 39.6 39.6
2000-09-18 44.68 44.92 43.8 43.8
2000-11-10 23.06 23.06 21.0 21.0
2000-12-29 20.4 20.42 20.29 20.29
2001-01-04 20.23 20.31 20.2 20.2
2001-01-10 20.45 20.45 20.23 20.23
2001-01-18 20.79 20.84 20.6 20.6
2001-01-19 21.06 21.08 20.8 20.8
2001-03-02 20.5 20.67 20.42 20.42
2001-03-09 21.25 21.57 20.62 20.62
2001-03-23 22.33 22.4 21.7 21.7
2001-05-09 20.98 21.35 20.8 20.8
2001-05-30 21.9 21.95 21.6 21.6
2001-06-21 23.32 23.5 22.9 22.9
2001-10-23 24.36 24.71 22.5 22.5
2001-11-08 22.29 22.38 22.2 22.2
2002-02-06 23.02 23.03 22.85 22.85
2002-03-08 23.27 23.31 23.05 23.05
2002-03-19 23.59 23.6 23.52 23.52
2002-06-18 25.31 25.36 25.24 25.24
2002-07-16 26.02 26.05 25.93 25.93
2002-08-02 17.4 17.42 17.3 17.3
2002-08-14 17.38 17.4 17.2 17.2
2002-09-10 17.71 17.72 17.64 17.64
2002-09-13 17.8 17.84 17.71 17.71
2002-12-04 18.53 18.61 18.5 18.5
2002-12-12 18.53 18.59 18.45 18.45
2002-12-18 18.6 18.63 18.55 18.55
2002-12-20 18.62 18.64 18.56 18.56
2002-12-27 18.67 18.7 18.59 18.59
2002-12-31 18.87 18.92 18.63 18.63
2003-01-14 19.22 19.28 19.1 19.1
2003-02-20 19.14 19.18 19.01 19.01
2003-03-03 19.22 19.25 19.1 19.1
2003-03-07 19.14 19.17 19.03 19.03
2003-03-13 19.05 19.12 19.02 19.02
2003-04-08 19.22 19.27 19.15 19.15
2003-04-14 19.3 19.3 19.21 19.21
2003-05-30 19.53 19.56 19.43 19.43
2003-06-11 19.48 19.56 19.41 19.41
2003-07-23 13.85 13.88 13.81 13.81
2003-08-18 13.8 13.87 13.78 13.78
2003-08-29 13.85 13.87 13.81 13.81
2003-09-29 13.94 13.96 13.79 13.79
2003-11-11 13.91 13.93 13.8 13.8
2003-12-11 13.87 13.91 13.76 13.76
2003-12-12 13.96 14.0 13.85 13.85
2003-12-16 14.23 14.24 13.99 13.99
2003-12-17 14.33 14.35 14.22 14.22
2003-12-30 14.6 14.61 14.35 14.35
2004-01-08 14.53 14.55 14.48 14.48
2004-02-04 14.32 14.48 14.2 14.2
2004-04-15 7.99 7.99 7.99 7.99
2004-04-16 7.19 7.19 7.19 7.19
2004-04-19 6.47 6.47 6.47 6.47
2004-04-20 5.82 5.82 5.82 5.82
2004-04-21 5.8 6.29 5.24 5.24
2004-04-22 5.22 5.39 5.22 5.22
2004-04-23 4.74 5.03 4.7 4.7
2004-06-07 4.27 4.4 4.16 4.16
2004-07-14 3.2 3.21 2.92 2.92
2004-07-22 4.41 4.41 4.0 4.0
2006-10-16 5.12 5.17 5.0 5.0
2006-10-23 5.32 5.56 5.22 5.22
2006-10-30 6.0 6.0 5.7 5.7
2006-11-02 6.51 6.51 6.15 6.15
2006-12-18 6.98 6.98 6.98 6.98
2006-12-19 7.33 7.33 7.33 7.33
2007-02-09 9.51 9.74 9.3 9.3
2007-04-20 10.59 10.64 10.25 10.25
2007-06-05 9.89 10.2 9.55 9.55
2007-06-12 12.24 12.34 11.62 11.62
2007-07-23 9.54 9.79 9.15 9.15
2007-07-26 10.12 10.29 9.78 9.78
2007-08-23 12.11 12.48 11.92 11.92
2007-10-31 12.55 12.55 11.75 11.75
2007-11-16 14.12 14.39 13.5 13.5
2007-11-19 14.64 14.8 14.16 14.16
2008-01-23 23.69 23.69 22.6 22.6
2008-02-18 26.35 26.35 24.12 24.12
2008-03-04 31.39 32.6 30.9 30.9
2008-04-16 20.97 22.22 20.0 20.0
2008-07-02 17.5 17.82 16.45 16.45
2008-08-14 14.51 14.61 13.61 13.61
2008-08-29 12.6 12.79 12.15 12.15
2008-09-25 10.07 10.34 9.3 9.3
2008-10-10 10.44 10.77 10.44 10.44
2008-10-20 8.8 8.89 8.15 8.15
2008-11-14 8.59 8.74 8.1 8.1
2008-11-19 8.87 8.87 7.81 7.81
2009-01-15 9.78 9.95 9.54 9.54
2009-03-04 12.68 12.69 11.83 11.83
2009-03-16 12.11 12.3 11.58 11.58
2009-03-26 13.2 13.3 12.56 12.56
2009-03-30 12.9 13.28 12.8 12.8
2009-04-01 13.1 13.36 12.7 12.7
2009-05-04 11.89 11.93 11.3 11.3
2009-06-02 12.44 12.77 11.65 11.65
2009-06-05 12.54 12.8 12.28 12.28
2009-09-14 14.29 14.62 13.85 13.85
2009-09-17 14.1 14.17 13.82 13.82
2009-09-21 13.38 13.45 13.0 13.0
2009-10-09 12.66 12.66 12.11 12.11
2009-10-23 13.58 13.65 13.35 13.35
2009-11-09 14.41 14.55 13.73 13.73
2009-11-25 16.83 17.1 15.6 15.6
2009-12-07 17.89 18.09 17.15 17.15
2010-01-25 15.02 15.28 14.86 14.86
2010-02-22 14.82 15.0 14.31 14.31
2010-05-18 11.98 12.19 11.55 11.55
2010-07-07 9.45 9.62 9.3 9.3
2010-08-06 13.87 13.94 13.03 13.03
2010-08-24 13.12 13.3 12.71 12.71
2010-09-07 13.77 13.81 13.14 13.14
2010-09-13 14.67 14.72 14.1 14.1
2010-09-20 13.93 14.46 13.9 13.9
2010-09-27 14.26 14.4 13.59 13.59
2010-10-26 16.63 16.65 16.0 16.0
2010-11-01 17.46 17.76 16.78 16.78
2010-11-04 17.64 17.79 16.95 16.95
2010-11-24 14.14 14.25 13.7 13.7
2011-01-26 11.4 11.55 11.22 11.22
2011-02-14 12.81 12.98 12.6 12.6
2011-03-17 12.86 13.13 12.5 12.5
2011-04-07 11.74 11.8 11.43 11.43
2011-04-12 11.8 11.88 11.61 11.61
2011-05-03 11.23 11.35 10.83 10.83
2011-05-20 11.41 11.67 11.1 11.1
2011-05-25 10.88 11.2 10.58 10.58
2011-06-01 10.5 10.65 10.32 10.32
2011-06-14 10.26 10.38 10.07 10.07
2011-07-08 11.04 11.34 10.94 10.94
2011-07-13 11.07 11.08 10.74 10.74
2011-08-11 10.54 10.56 10.09 10.09
2011-11-28 8.29 8.34 8.2 8.2
2012-02-02 6.49 6.51 6.29 6.29
2012-03-08 7.27 7.33 7.2 7.2
2012-05-22 7.24 7.26 7.11 7.11
2012-08-01 5.44 5.48 5.36 5.36
2012-08-03 5.48 5.5 5.43 5.43
2012-08-09 5.8 5.81 5.67 5.67
2012-09-27 5.6 5.63 5.45 5.45
2012-10-09 5.77 5.77 5.67 5.67
2012-10-25 5.88 6.02 5.81 5.81
2012-12-14 5.16 5.18 4.91 4.91
2012-12-18 5.2 5.29 5.15 5.15
2013-01-15 5.59 5.7 5.31 5.31
2013-01-21 5.7 5.79 5.58 5.58
2013-01-24 6.18 6.18 5.62 5.62
2013-02-05 6.43 6.51 6.25 6.25
2013-03-27 5.88 5.91 5.71 5.71
2013-04-19 5.82 5.85 5.67 5.67
2013-05-03 5.86 5.93 5.8 5.8
2013-05-13 6.04 6.17 5.94 5.94
2013-06-05 6.2 6.31 6.18 6.18
2013-06-18 5.59 5.64 5.54 5.54
2013-07-01 5.07 5.13 5.0 5.0
2013-07-09 4.99 5.04 4.95 4.95
2013-08-15 5.29 5.48 5.24 5.24
2013-09-25 5.77 5.88 5.7 5.7
2013-10-11 5.72 5.78 5.61 5.61
2013-11-06 5.78 5.89 5.59 5.59
2014-02-07 5.1 5.12 5.03 5.03
2014-03-17 5.16 5.26 5.0 5.0
2014-04-03 5.04 5.07 5.0 5.0
2014-05-13 4.65 4.72 4.63 4.63
2014-06-13 4.87 4.88 4.82 4.82
2014-06-20 4.67 4.73 4.61 4.61
2014-07-10 4.74 4.77 4.66 4.66
2014-07-16 5.83 5.83 5.5 5.5
2014-07-28 5.96 6.17 5.8 5.8
2015-03-12 10.44 10.55 10.16 10.16
2015-04-01 10.97 11.09 10.9 10.9
2015-07-03 15.17 16.0 15.17 15.17
2015-07-08 12.92 14.26 12.92 12.92
2015-07-09 14.21 14.21 11.9 11.9
2015-07-22 20.43 20.43 18.0 18.0
2015-07-28 22.35 22.4 18.6 18.6
2015-08-04 19.56 19.56 17.1 17.1
2015-08-19 24.42 25.91 22.38 22.38
2015-09-02 15.15 17.65 15.15 15.15
2015-10-22 17.67 17.67 16.0 16.0
2015-11-04 17.2 17.25 16.37 16.37
2015-11-25 17.34 17.44 17.18 17.18
2015-12-17 15.23 15.47 15.02 15.02
2016-01-29 10.17 10.35 9.6 9.6
2016-03-14 11.55 11.8 11.33 11.33
2016-05-23 10.17 10.35 10.03 10.03
2016-06-14 11.5 11.6 10.65 10.65
2016-07-13 12.16 12.38 12.0 12.0
2016-10-10 11.62 11.64 11.45 11.45
2017-01-20 11.57 11.65 11.38 11.38
2017-01-23 11.66 11.74 11.57 11.57
2017-01-26 11.86 11.88 11.66 11.66
2017-02-22 12.39 12.91 11.88 11.88
2017-03-16 11.49 11.5 11.36 11.36
2017-04-06 11.4 11.48 11.35 11.35
2017-04-11 11.43 11.5 11.17 11.17
2017-05-17 9.37 9.48 9.3 9.3
2017-07-10 9.45 9.49 9.29 9.29
2017-07-19 9.36 9.59 8.82 8.82
