1996-09-04 12.18 12.2 11.2 11.2
1996-12-17 11.58 12.2 11.58 11.58
1997-01-21 13.25 13.55 13.1 13.1
1997-04-24 14.85 15.25 14.5 14.5
1997-04-28 14.95 15.29 14.85 14.85
1997-05-06 16.55 16.97 15.55 15.55
1997-05-12 18.08 18.08 17.0 17.0
1997-05-16 15.71 17.4 15.21 15.21
1997-05-23 14.58 14.91 14.01 14.01
1997-05-29 15.25 15.4 14.98 14.98
1997-06-19 13.6 13.95 13.31 13.31
1997-06-24 14.96 15.1 14.59 14.59
1997-06-27 15.0 15.24 14.75 14.75
1997-07-11 17.21 17.22 16.41 16.41
1997-07-14 17.64 17.64 17.15 17.15
1997-07-15 18.14 18.14 17.64 17.64
1997-07-16 18.18 18.26 17.75 17.75
1997-07-18 18.18 18.2 17.81 17.81
1997-07-21 18.77 18.8 18.2 18.2
1997-07-22 19.4 19.46 18.78 18.78
1997-07-23 20.3 20.44 18.53 18.53
1997-08-06 18.26 18.47 18.05 18.05
1997-08-11 19.72 19.72 18.22 18.22
1997-08-18 18.87 18.95 18.34 18.34
1997-10-08 9.99 10.12 9.85 9.85
1997-10-20 10.73 10.95 10.62 10.62
1997-12-19 10.73 10.88 10.25 10.25
1997-12-25 10.79 10.93 10.55 10.55
1998-01-05 11.29 11.46 11.03 11.03
1998-01-16 12.75 13.09 12.42 12.42
1998-01-19 13.25 13.43 12.75 12.75
1998-02-09 13.04 13.2 12.8 12.8
1998-02-27 13.81 13.81 12.55 12.55
1998-04-21 11.69 11.8 10.95 10.95
1998-04-27 11.25 11.3 11.01 11.01
1998-06-26 11.6 11.88 11.46 11.46
1998-07-10 11.08 11.39 10.75 10.75
1998-07-23 11.15 11.34 11.05 11.05
1998-07-31 11.18 11.34 11.16 11.16
1998-08-21 10.11 10.25 9.8 9.8
1998-09-09 10.39 10.4 10.14 10.14
1998-10-26 13.72 13.8 13.0 13.0
1998-11-03 15.38 15.39 14.37 14.37
1998-11-11 15.7 16.1 15.46 15.46
1998-12-08 15.47 15.66 15.16 15.16
1998-12-14 15.59 15.74 15.35 15.35
1999-03-10 15.4 15.78 15.25 15.25
1999-03-16 16.09 16.18 15.9 15.9
1999-03-31 15.7 15.9 15.2 15.2
1999-04-28 14.5 14.6 14.17 14.17
1999-08-12 17.58 17.8 17.2 17.2
1999-08-13 17.8 17.98 17.65 17.65
1999-12-24 16.58 16.71 16.42 16.42
2000-03-27 19.58 19.98 18.96 18.96
2000-06-01 26.49 26.8 26.4 26.4
2000-07-10 34.5 34.5 33.9 33.9
2000-07-14 34.85 34.9 34.3 34.3
2001-01-04 20.23 20.31 20.2 20.2
2001-01-10 20.45 20.45 20.23 20.23
2001-01-18 20.79 20.84 20.6 20.6
2001-01-19 21.06 21.08 20.8 20.8
2001-03-09 21.25 21.57 20.62 20.62
2002-09-13 17.8 17.84 17.71 17.71
2002-12-12 18.53 18.59 18.45 18.45
2002-12-18 18.6 18.63 18.55 18.55
2002-12-20 18.62 18.64 18.56 18.56
2002-12-27 18.67 18.7 18.59 18.59
2002-12-31 18.87 18.92 18.63 18.63
2003-03-07 19.14 19.17 19.03 19.03
2003-03-13 19.05 19.12 19.02 19.02
2003-04-14 19.3 19.3 19.21 19.21
2003-12-12 13.96 14.0 13.85 13.85
2003-12-16 14.23 14.24 13.99 13.99
2003-12-17 14.33 14.35 14.22 14.22
2004-01-08 14.53 14.55 14.48 14.48
2004-04-16 7.19 7.19 7.19 7.19
2004-04-19 6.47 6.47 6.47 6.47
2004-04-20 5.82 5.82 5.82 5.82
2004-04-21 5.8 6.29 5.24 5.24
2004-04-22 5.22 5.39 5.22 5.22
2004-04-23 4.74 5.03 4.7 4.7
2004-07-22 4.41 4.41 4.0 4.0
2006-10-23 5.32 5.56 5.22 5.22
2006-10-30 6.0 6.0 5.7 5.7
2006-11-02 6.51 6.51 6.15 6.15
2006-12-19 7.33 7.33 7.33 7.33
2007-06-12 12.24 12.34 11.62 11.62
2007-07-26 10.12 10.29 9.78 9.78
2007-11-19 14.64 14.8 14.16 14.16
2008-10-10 10.44 10.77 10.44 10.44
2008-10-20 8.8 8.89 8.15 8.15
2008-11-19 8.87 8.87 7.81 7.81
2009-03-30 12.9 13.28 12.8 12.8
2009-04-01 13.1 13.36 12.7 12.7
2009-06-05 12.54 12.8 12.28 12.28
2009-09-17 14.1 14.17 13.82 13.82
2009-09-21 13.38 13.45 13.0 13.0
2010-09-13 14.67 14.72 14.1 14.1
2010-09-20 13.93 14.46 13.9 13.9
2010-09-27 14.26 14.4 13.59 13.59
2010-11-01 17.46 17.76 16.78 16.78
2010-11-04 17.64 17.79 16.95 16.95
2011-04-12 11.8 11.88 11.61 11.61
2011-05-25 10.88 11.2 10.58 10.58
2011-06-01 10.5 10.65 10.32 10.32
2011-07-13 11.07 11.08 10.74 10.74
2012-08-03 5.48 5.5 5.43 5.43
2012-08-09 5.8 5.81 5.67 5.67
2012-10-09 5.77 5.77 5.67 5.67
2012-12-18 5.2 5.29 5.15 5.15
2013-01-21 5.7 5.79 5.58 5.58
2013-01-24 6.18 6.18 5.62 5.62
2013-05-13 6.04 6.17 5.94 5.94
2013-06-18 5.59 5.64 5.54 5.54
2013-07-09 4.99 5.04 4.95 4.95
2014-06-20 4.67 4.73 4.61 4.61
2014-07-16 5.83 5.83 5.5 5.5
2015-07-08 12.92 14.26 12.92 12.92
2015-07-09 14.21 14.21 11.9 11.9
2015-07-28 22.35 22.4 18.6 18.6
2015-08-04 19.56 19.56 17.1 17.1
2017-01-23 11.66 11.74 11.57 11.57
2017-01-26 11.86 11.88 11.66 11.66
2017-04-11 11.43 11.5 11.17 11.17
