2000-04-13 14.24 14.49 13.5 13.5
2000-06-15 15.28 15.48 14.8 14.8
2000-07-07 15.02 15.15 14.55 14.55
2000-07-17 15.51 15.95 15.25 15.25
2000-09-20 18.5 18.51 17.7 17.7
2000-10-19 18.69 18.85 18.4 18.4
2000-10-23 18.93 18.98 18.6 18.6
2000-10-26 19.18 19.18 18.88 18.88
2000-12-06 18.0 18.19 17.9 17.9
2000-12-14 17.78 18.0 17.69 17.69
2001-03-06 20.44 20.6 20.23 20.23
2001-03-14 21.4 21.6 21.18 21.18
2001-04-09 23.35 23.35 21.55 21.55
2001-07-03 14.68 14.96 14.55 14.55
2001-08-03 12.71 12.96 12.6 12.6
2001-10-24 11.7 12.1 11.35 11.35
2001-10-29 11.45 11.51 11.1 11.1
2001-11-06 11.28 11.36 11.0 11.0
2001-11-13 10.39 10.43 10.11 10.11
2002-04-15 10.59 10.85 10.4 10.4
2002-04-22 10.66 10.9 10.55 10.55
2002-05-28 11.22 11.26 11.11 11.11
2002-05-29 11.19 11.28 10.93 10.93
2002-06-24 12.97 12.97 12.97 12.97
2002-06-26 14.77 14.95 13.6 13.6
2002-06-27 14.8 15.2 14.77 14.77
2002-07-03 14.99 15.1 14.8 14.8
2002-07-04 15.28 15.6 15.0 15.0
2002-07-08 16.07 16.12 15.75 15.75
2002-10-16 9.48 9.58 9.36 9.36
2002-12-03 8.1 8.15 7.9 7.9
2002-12-04 8.22 8.44 8.09 8.09
2002-12-12 7.71 7.9 7.53 7.53
2003-01-21 9.81 10.0 9.36 9.36
2003-12-30 5.07 5.1 4.96 4.96
2004-05-12 5.37 5.37 5.2 5.2
2004-05-19 5.39 5.45 5.32 5.32
2004-09-15 4.21 4.31 4.05 4.05
2005-04-13 3.51 3.6 3.42 3.42
2005-07-26 1.97 2.01 1.91 1.91
2005-07-27 2.04 2.04 1.92 1.92
2005-08-24 2.39 2.4 2.31 2.31
2005-09-26 2.49 2.5 2.45 2.45
2005-09-29 2.45 2.45 2.35 2.35
2005-12-07 2.28 2.28 2.23 2.23
2005-12-26 2.49 2.53 2.47 2.47
2006-12-05 2.68 2.71 2.59 2.59
2006-12-11 2.53 2.54 2.49 2.49
2006-12-15 2.46 2.46 2.46 2.46
2006-12-18 2.34 2.34 2.34 2.34
2006-12-19 2.36 2.4 2.22 2.22
2006-12-29 1.9 1.9 1.9 1.9
2007-01-23 2.1 2.1 2.1 2.1
2007-01-24 2.21 2.21 2.21 2.21
2007-03-19 3.51 3.69 3.36 3.36
2007-03-22 3.92 3.92 3.92 3.92
2007-03-27 3.93 3.95 3.71 3.71
2009-10-30 9.11 9.7 8.87 8.87
2009-11-04 9.3 9.3 8.86 8.86
2009-11-10 10.77 10.77 10.77 10.77
2010-03-01 10.56 10.74 10.3 10.3
2010-04-01 10.99 11.03 10.86 10.86
2010-11-05 9.52 9.67 9.32 9.32
2011-07-13 7.44 7.59 7.39 7.39
2011-09-01 6.83 6.97 6.46 6.46
2012-09-28 3.52 3.54 3.44 3.44
2013-05-03 3.91 3.94 3.87 3.87
2013-05-07 4.17 4.24 3.91 3.91
2013-05-27 4.41 4.48 4.28 4.28
2014-02-12 7.24 7.24 6.78 6.78
2014-02-14 7.13 7.37 6.97 6.97
2014-09-02 6.78 6.85 6.65 6.65
2015-07-13 7.88 7.88 7.88 7.88
2015-07-14 8.67 8.67 8.67 8.67
2015-07-17 8.01 8.2 7.37 7.37
2015-11-16 7.24 7.33 6.71 6.71
2015-12-16 7.15 7.24 6.92 6.92
2015-12-22 8.38 8.38 7.7 7.7
2016-04-06 6.22 6.39 5.81 5.81
2016-04-11 6.11 6.23 6.05 6.05
2016-06-20 5.56 5.65 5.47 5.47
2016-06-27 5.55 5.57 5.4 5.4
2017-05-05 5.69 5.69 5.69 5.69
2017-07-21 5.71 5.71 5.42 5.42
