1993-06-23 28.3 28.57 28.09 28.09
1993-06-29 30.35 30.84 29.02 29.02
1993-07-13 25.1 26.0 24.7 24.7
1993-07-15 24.38 24.5 23.92 23.92
1993-07-29 22.98 23.0 22.7 22.7
1993-07-30 25.0 25.8 23.1 23.1
1993-08-05 23.7 24.3 23.7 23.7
1993-08-06 24.54 24.7 23.8 23.8
1993-08-12 24.6 24.78 20.4 20.4
1993-08-13 25.35 25.6 24.8 24.8
1993-08-16 27.6 27.65 26.0 26.0
1993-09-17 26.96 28.0 26.45 26.45
1993-09-24 15.8 16.4 15.5 15.5
1993-09-28 16.0 16.19 15.88 15.88
1993-10-07 16.85 19.88 16.18 16.18
1993-11-17 18.16 18.3 18.07 18.07
1993-12-07 31.28 31.8 26.05 26.05
1993-12-23 23.95 24.59 23.72 23.72
1994-02-02 22.5 22.5 22.11 22.11
1994-02-03 22.8 23.3 22.5 22.5
1994-02-16 22.63 22.79 22.4 22.4
1994-02-22 22.39 23.48 21.81 21.81
1994-02-25 23.09 23.95 22.0 22.0
1994-03-04 21.41 21.7 21.4 21.4
1994-03-29 21.65 21.84 21.3 21.3
1994-04-07 21.13 21.38 21.1 21.1
1994-04-08 21.22 21.31 21.15 21.15
1994-04-26 17.29 17.3 16.85 16.85
1994-05-03 18.26 18.32 17.6 17.6
1994-05-31 11.89 11.95 11.51 11.51
1994-06-02 11.62 11.75 11.55 11.55
1994-06-03 11.7 11.97 11.55 11.55
1994-06-15 11.05 11.13 11.01 11.01
1994-07-08 9.57 9.57 9.05 9.05
1994-07-13 9.48 9.5 9.21 9.21
1994-08-05 13.7 13.99 11.2 11.2
1994-08-16 14.1 14.68 13.5 13.5
1994-09-05 24.65 24.78 22.6 22.6
1994-10-27 16.0 16.16 15.64 15.64
1994-11-21 16.09 16.25 15.8 15.8
1994-11-29 15.88 15.88 15.47 15.47
1994-12-07 15.11 15.3 15.05 15.05
1994-12-21 15.28 15.82 15.1 15.1
1995-01-03 14.4 14.9 13.99 13.99
1995-01-04 14.68 14.77 14.4 14.4
1995-01-16 13.0 13.1 12.87 12.87
1995-01-25 12.1 12.28 12.0 12.0
1995-01-27 12.25 12.33 12.1 12.1
1995-02-13 11.98 12.08 11.61 11.61
1995-02-22 12.95 13.0 11.8 11.8
1995-03-03 12.53 12.6 12.0 12.0
1995-03-21 14.1 14.17 13.68 13.68
1995-03-23 14.86 15.36 14.7 14.7
1995-03-27 15.59 15.8 15.18 15.18
1995-04-12 17.1 17.28 16.31 16.31
1995-04-25 16.3 16.48 16.05 16.05
1995-06-02 18.35 18.35 17.85 17.85
1995-06-12 17.24 17.45 17.0 17.0
1995-06-19 15.75 15.8 15.5 15.5
1995-06-21 16.05 16.05 15.65 15.65
1995-07-05 15.62 15.8 15.25 15.25
1995-07-07 17.0 17.0 15.72 15.72
1995-07-12 16.38 16.48 16.2 16.2
1995-07-13 16.41 16.87 16.3 16.3
1995-07-17 17.35 17.7 16.2 16.2
1995-07-31 16.29 16.38 16.1 16.1
1995-08-16 16.34 16.6 16.31 16.31
1995-08-22 15.93 16.27 15.9 15.9
1995-09-05 15.88 16.98 15.7 15.7
1995-10-04 14.56 14.65 14.55 14.55
1995-10-10 14.08 14.65 14.0 14.0
1995-10-16 14.1 14.3 13.9 13.9
1995-10-17 14.1 14.3 13.9 13.9
1995-11-20 13.49 13.55 13.0 13.0
1995-11-24 13.5 13.55 13.4 13.4
1995-11-30 13.6 14.25 13.3 13.3
1995-12-07 13.35 13.5 13.3 13.3
1995-12-21 12.98 13.2 12.95 12.95
1996-01-03 11.6 11.7 11.3 11.3
1996-01-04 11.9 11.96 11.6 11.6
1996-01-09 11.55 11.65 11.2 11.2
1996-01-16 11.22 11.25 11.05 11.05
1996-01-22 10.41 10.55 10.1 10.1
1996-01-26 10.49 10.5 10.3 10.3
1996-01-29 10.58 10.62 10.4 10.4
1996-01-30 10.5 10.55 10.45 10.45
1996-01-31 10.52 10.58 10.45 10.45
1996-02-08 10.3 10.48 10.3 10.3
1996-02-09 10.45 10.48 10.28 10.28
1996-02-13 10.5 10.53 10.35 10.35
1996-02-15 10.64 10.7 10.5 10.5
1996-02-16 11.08 11.11 10.72 10.72
1996-03-11 11.87 11.88 11.52 11.52
1996-03-14 11.63 11.65 11.58 11.58
1996-04-03 11.9 11.97 11.71 11.71
1996-04-05 12.58 12.68 12.01 12.01
1996-04-10 12.45 12.5 12.37 12.37
1996-04-16 13.06 13.5 12.81 12.81
1996-04-19 13.56 13.56 13.07 13.07
1996-04-25 14.5 15.2 14.41 14.41
1996-05-08 14.64 14.75 14.5 14.5
1996-05-10 12.32 12.44 12.0 12.0
1996-05-17 13.78 13.8 12.4 12.4
1996-05-31 12.11 12.4 11.94 11.94
1996-06-04 12.33 12.5 12.1 12.1
1996-06-05 13.5 13.5 12.3 12.3
1996-06-17 13.1 13.6 13.0 13.0
1996-06-18 14.5 14.98 13.1 13.1
1996-06-26 13.56 14.6 13.1 13.1
1996-07-05 12.29 12.53 12.08 12.08
1996-07-16 12.66 12.87 12.2 12.2
1996-07-24 13.26 13.61 13.14 13.14
1996-08-26 11.34 11.96 11.2 11.2
1996-09-13 11.9 11.9 11.48 11.48
1996-09-26 11.38 11.45 10.85 10.85
1996-09-27 12.08 12.3 11.5 11.5
1996-10-15 13.87 14.37 13.56 13.56
1996-10-23 14.58 14.78 14.0 14.0
1996-10-28 16.3 16.5 15.02 15.02
1996-11-04 13.55 13.58 13.3 13.3
1996-11-07 12.95 13.0 12.8 12.8
1996-12-09 15.2 15.48 15.0 15.0
1996-12-11 15.4 15.79 14.6 14.6
1996-12-16 12.87 12.87 12.87 12.87
1996-12-17 11.58 12.49 11.58 11.58
1996-12-18 12.3 12.5 11.28 11.28
1997-01-07 10.82 10.91 10.68 10.68
1997-01-08 11.08 11.3 10.8 10.8
1997-01-27 11.17 11.34 11.05 11.05
1997-01-31 11.72 11.95 11.33 11.33
1997-02-19 13.12 13.15 12.3 12.3
1997-03-07 15.35 15.35 14.65 14.65
1997-03-17 16.7 16.7 16.05 16.05
1997-04-09 21.66 21.9 20.7 20.7
1997-04-10 21.76 22.55 21.5 21.5
1997-04-16 22.22 22.6 22.0 22.0
1997-05-05 13.3 13.5 13.15 13.15
1997-05-09 13.58 13.58 12.98 12.98
1997-05-16 11.48 12.35 11.46 11.46
1997-05-19 11.65 11.85 11.3 11.3
1997-05-20 12.06 12.17 11.7 11.7
1997-05-22 10.52 11.18 10.52 10.52
1997-06-04 12.59 12.8 12.01 12.01
1997-06-13 11.63 11.65 10.6 10.6
1997-06-16 11.78 12.0 11.7 11.7
1997-06-24 12.93 12.93 11.65 11.65
1997-07-17 11.31 11.78 11.2 11.2
1997-08-08 11.46 11.71 11.1 11.1
1997-08-19 11.49 11.66 11.29 11.29
1997-09-01 12.94 13.18 12.8 12.8
1997-09-04 12.91 13.15 12.75 12.75
1997-10-13 11.2 11.36 11.16 11.16
1997-10-16 11.35 11.4 11.15 11.15
1997-11-04 11.15 11.2 11.1 11.1
1997-11-25 10.56 10.65 10.5 10.5
1997-11-26 10.64 10.7 10.6 10.6
1997-12-05 10.41 10.58 10.35 10.35
1997-12-10 10.74 10.85 10.69 10.69
1997-12-16 10.55 10.62 10.5 10.5
1997-12-22 10.43 10.58 10.35 10.35
1997-12-31 11.1 11.15 10.86 10.86
1998-01-08 11.77 11.95 11.6 11.6
1998-03-03 10.62 10.66 10.37 10.37
1998-03-11 10.62 11.01 9.88 9.88
1998-03-24 10.1 10.15 10.0 10.0
1998-03-30 10.18 10.4 10.1 10.1
1998-04-02 10.58 11.0 10.01 10.01
1998-04-13 11.39 11.55 11.18 11.18
1998-04-15 11.39 11.39 11.18 11.18
1998-04-29 10.57 10.7 10.45 10.45
1998-05-11 10.91 11.1 10.7 10.7
1998-05-13 10.69 10.88 10.55 10.55
1998-05-29 11.02 11.32 10.88 10.88
1998-06-22 11.59 11.95 11.5 11.5
1998-07-24 11.04 11.09 10.83 10.83
1998-09-04 9.25 9.33 9.21 9.21
1998-10-30 8.98 8.98 8.68 8.68
1998-11-04 9.24 9.24 8.98 8.98
1998-11-05 9.48 9.48 9.2 9.2
1998-11-12 10.19 10.28 10.1 10.1
1998-12-21 9.15 9.34 9.1 9.1
1998-12-22 9.45 9.45 9.2 9.2
1999-01-08 9.25 9.28 9.05 9.05
1999-02-09 9.0 9.0 8.5 8.5
1999-03-01 8.85 8.9 8.5 8.5
1999-03-31 8.94 9.08 8.91 8.91
1999-04-14 8.77 8.8 8.7 8.7
1999-05-27 8.89 8.89 8.12 8.12
1999-06-01 8.5 8.51 8.33 8.33
1999-06-07 9.2 9.2 8.28 8.28
1999-06-14 9.4 9.41 8.9 8.9
1999-06-17 9.58 9.88 9.29 9.29
1999-06-23 10.44 10.53 10.25 10.25
1999-06-30 11.6 11.75 10.7 10.7
1999-07-07 11.43 11.43 10.82 10.82
1999-07-09 11.98 12.1 11.75 11.75
1999-07-14 11.28 11.47 10.89 10.89
1999-07-20 11.15 11.15 10.1 10.1
1999-08-16 11.95 12.18 11.75 11.75
1999-08-19 12.15 12.36 11.9 11.9
1999-09-07 10.59 10.77 10.55 10.55
1999-09-08 10.86 10.99 10.6 10.6
1999-09-09 11.5 11.5 10.93 10.93
1999-09-17 11.08 11.15 11.0 11.0
1999-09-24 10.76 10.9 10.7 10.7
1999-10-12 10.26 10.28 10.2 10.2
1999-10-22 9.75 10.1 9.65 9.65
1999-11-05 9.52 9.65 9.5 9.5
1999-11-17 9.72 9.75 9.34 9.34
1999-12-02 9.92 10.02 9.9 9.9
1999-12-14 9.49 9.7 9.4 9.4
1999-12-28 8.9 9.03 8.9 8.9
1999-12-30 8.9 8.99 8.8 8.8
2000-01-17 9.8 9.85 9.46 9.46
2000-01-24 10.24 10.24 9.85 9.85
2000-03-08 11.78 11.88 11.15 11.15
2000-03-31 10.49 10.68 10.0 10.0
2000-04-05 11.01 11.14 10.5 10.5
2000-04-06 11.16 11.34 11.0 11.0
2000-04-07 11.3 11.65 11.2 11.2
2000-04-28 13.12 13.6 13.06 13.06
2000-05-08 14.43 14.43 13.18 13.18
2000-05-25 16.98 17.0 16.0 16.0
2000-06-14 15.75 16.19 15.7 15.7
2000-06-16 16.18 16.2 15.5 15.5
2000-07-26 16.28 16.29 15.85 15.85
2000-08-02 16.03 16.15 15.92 15.92
2000-08-18 16.9 16.91 16.51 16.51
2000-08-29 16.55 16.88 16.35 16.35
2000-08-30 16.77 17.15 16.5 16.5
2000-09-08 16.0 16.08 15.5 15.5
2000-09-19 15.95 15.95 15.16 15.16
2000-09-21 15.8 15.88 15.7 15.7
2000-09-27 15.75 15.75 15.4 15.4
2000-10-12 17.52 17.75 16.84 16.84
2000-10-16 17.2 17.49 17.2 17.2
2001-01-19 15.9 15.98 15.55 15.55
2001-02-13 15.4 15.5 15.37 15.37
2001-02-20 14.02 14.3 14.0 14.0
2001-03-02 14.55 14.7 13.99 13.99
2001-04-02 15.14 15.17 14.9 14.9
2001-04-09 16.3 16.44 16.15 16.15
2001-04-16 17.24 17.28 16.85 16.85
2001-04-26 16.87 16.95 16.58 16.58
2001-04-27 17.08 17.15 16.81 16.81
2001-05-17 17.45 17.58 17.05 17.05
2001-05-30 17.02 17.2 16.59 16.59
2001-06-04 17.1 17.17 16.8 16.8
2001-06-13 16.78 16.78 16.65 16.65
2001-07-09 16.2 16.32 16.2 16.2
2001-08-10 12.42 12.54 12.2 12.2
2001-10-29 10.58 10.62 10.25 10.25
2001-11-08 10.29 10.3 9.81 9.81
2001-11-28 12.38 12.52 12.25 12.25
2001-12-21 11.27 11.29 11.0 11.0
2002-01-31 10.46 10.46 9.8 9.8
2002-04-12 11.28 11.39 11.11 11.11
2002-04-25 10.98 11.2 10.81 10.81
2002-04-26 11.23 11.32 10.95 10.95
2002-05-14 10.66 10.88 10.58 10.58
2002-05-28 10.38 10.48 10.25 10.25
2002-06-18 9.98 10.05 9.7 9.7
2002-06-21 10.8 10.8 10.0 10.0
2002-07-08 11.48 11.6 11.44 11.44
2002-08-02 10.66 10.75 10.59 10.59
2002-08-05 10.78 10.79 10.66 10.66
2002-08-07 11.0 11.05 10.89 10.89
2002-08-28 11.03 11.11 11.0 11.0
2002-09-25 10.31 10.39 10.25 10.25
2002-10-22 9.9 9.98 9.75 9.75
2002-10-25 9.76 9.8 9.7 9.7
2002-11-06 9.91 10.18 9.89 9.89
2002-11-15 9.1 9.2 9.0 9.0
2002-12-09 8.76 8.82 8.6 8.6
2003-01-03 7.73 7.78 7.65 7.65
2003-01-08 7.98 8.05 7.74 7.74
2003-01-27 8.97 9.04 8.7 8.7
2003-02-25 8.94 8.99 8.7 8.7
2003-03-04 9.08 9.12 8.91 8.91
2003-03-24 8.4 8.41 8.33 8.33
2003-05-21 8.01 8.05 7.85 7.85
2003-05-22 8.14 8.16 7.93 7.93
2003-06-02 8.64 8.83 8.61 8.61
2003-06-10 8.13 8.26 8.03 8.03
2003-06-13 8.32 8.34 8.22 8.22
2003-07-08 7.91 8.0 7.78 7.78
2003-07-15 7.86 7.88 7.81 7.81
2003-08-11 8.05 8.05 7.88 7.88
2003-09-18 7.37 7.39 7.3 7.3
2003-09-24 7.42 7.45 7.26 7.26
2003-10-24 7.15 7.16 7.07 7.07
2003-11-17 6.81 6.87 6.79 6.79
2003-11-24 7.22 7.25 6.97 6.97
2003-12-01 7.35 7.43 7.18 7.18
2004-01-12 7.72 7.77 7.53 7.53
2004-03-10 7.58 7.6 7.42 7.42
2004-03-15 8.15 8.35 7.67 7.67
2004-03-17 8.37 8.55 8.23 8.23
2004-03-30 8.42 8.5 8.37 8.37
2004-03-31 8.57 8.58 8.44 8.44
2004-05-11 8.03 8.14 7.95 7.95
2004-06-01 6.09 6.1 6.01 6.01
2004-06-15 5.63 5.64 5.46 5.46
2004-07-26 5.57 5.57 5.5 5.5
2004-08-04 5.76 5.8 5.6 5.6
2004-08-06 5.73 5.78 5.62 5.62
2004-08-17 5.76 5.77 5.69 5.69
2004-08-25 5.68 5.68 5.61 5.61
2004-09-14 5.68 5.69 5.55 5.55
2004-09-30 5.9 5.97 5.85 5.85
2004-11-18 5.65 5.66 5.6 5.6
2004-11-19 5.72 5.72 5.66 5.66
2004-11-25 5.89 6.0 5.85 5.85
2004-11-30 5.86 5.89 5.85 5.85
2004-12-01 5.95 6.0 5.86 5.86
2004-12-08 5.97 6.04 5.97 5.97
2004-12-13 6.0 6.03 5.82 5.82
2004-12-15 5.98 6.06 5.95 5.95
2004-12-22 5.9 5.96 5.86 5.86
2005-01-18 6.07 6.08 5.93 5.93
2005-02-04 6.16 6.25 6.02 6.02
2005-03-01 6.35 6.36 6.25 6.25
2005-04-07 5.86 5.95 5.75 5.75
2005-04-22 6.05 6.1 6.0 6.0
2005-05-13 6.01 6.03 5.84 5.84
2005-06-08 6.08 6.13 5.68 5.68
2005-06-14 6.11 6.21 6.07 6.07
2005-06-20 6.34 6.36 6.11 6.11
2005-06-27 6.49 6.51 6.38 6.38
2005-07-12 4.28 4.3 4.06 4.06
2005-08-01 4.44 4.56 4.31 4.31
2005-09-14 4.69 4.72 4.57 4.57
2005-09-26 4.33 4.35 4.28 4.28
2005-11-04 3.87 3.9 3.79 3.79
2005-11-09 3.85 3.89 3.85 3.85
2005-11-24 3.75 3.77 3.69 3.69
2005-11-28 3.72 3.76 3.7 3.7
2005-12-16 3.76 3.76 3.73 3.73
2005-12-27 3.87 3.88 3.82 3.82
2006-02-06 4.2 4.23 4.14 4.14
2006-02-27 4.52 4.52 4.25 4.25
2006-03-29 4.44 4.52 4.39 4.39
2006-05-26 4.98 4.98 4.98 4.98
2006-10-24 4.1 4.1 4.02 4.02
2006-11-22 3.67 3.71 3.61 3.61
2006-12-29 4.06 4.14 4.01 4.01
2007-01-09 4.45 4.46 4.34 4.34
2007-02-05 5.22 5.35 5.05 5.05
2007-02-12 5.65 5.78 5.61 5.61
2007-03-07 5.87 5.89 5.68 5.68
2007-03-09 6.27 6.38 6.1 6.1
2007-04-18 10.18 10.55 10.06 10.06
2007-04-20 9.74 9.8 9.36 9.36
2007-04-23 10.11 10.34 9.88 9.88
2007-05-17 14.06 14.48 13.5 13.5
2007-07-23 12.19 12.24 11.66 11.66
2007-07-26 13.31 13.37 12.76 12.76
2007-11-06 9.74 9.9 9.6 9.6
2007-11-23 9.38 9.4 9.11 9.11
2007-11-27 9.27 9.37 9.2 9.2
2007-12-04 9.43 9.54 9.36 9.36
2007-12-05 9.64 9.73 9.43 9.43
2008-01-23 10.28 10.33 9.8 9.8
2008-01-29 10.08 10.1 9.73 9.73
2008-03-19 9.81 10.05 9.36 9.36
2008-04-10 9.19 9.28 8.81 8.81
2008-05-14 8.88 8.96 8.52 8.52
2008-06-30 6.44 6.53 6.27 6.27
2008-07-07 6.87 6.89 6.48 6.48
2008-07-09 7.37 7.38 7.03 7.03
2008-11-05 3.09 3.13 3.0 3.0
2008-11-19 3.75 3.76 3.46 3.46
2008-12-02 3.75 3.83 3.6 3.6
2008-12-03 3.9 3.9 3.76 3.76
2009-01-08 3.79 3.97 3.78 3.78
2009-01-09 3.96 3.97 3.75 3.75
2009-02-04 4.63 4.72 4.57 4.57
2009-03-17 5.53 5.6 5.4 5.4
2009-03-23 5.62 5.66 5.52 5.52
2009-03-24 5.73 5.8 5.52 5.52
2009-05-15 6.35 6.47 6.28 6.28
2009-07-06 6.85 6.9 6.72 6.72
2009-07-22 7.16 7.18 7.1 7.1
2009-08-03 7.25 7.3 7.01 7.01
2009-08-20 6.33 6.36 6.1 6.1
2009-09-11 6.4 6.46 6.31 6.31
2009-10-09 6.52 6.55 6.18 6.18
2009-10-26 6.99 7.08 6.8 6.8
2009-11-19 7.8 7.88 7.36 7.36
2009-12-29 8.18 8.22 7.84 7.84
2010-02-23 9.17 9.17 8.96 8.96
2010-04-26 10.74 10.96 10.59 10.59
2010-08-02 7.69 7.69 7.69 7.69
2010-08-03 8.46 8.46 8.46 8.46
2010-10-08 7.72 7.78 7.54 7.54
2010-11-04 8.21 8.24 8.0 8.0
2010-11-08 9.23 9.23 9.03 9.03
2010-11-15 8.42 8.44 8.23 8.23
2010-11-24 7.89 7.91 7.61 7.61
2010-12-13 7.6 7.62 7.44 7.44
2010-12-31 7.2 7.2 7.09 7.09
2011-01-19 6.86 6.88 6.76 6.76
2011-01-31 7.2 7.22 7.13 7.13
2011-03-03 7.59 7.68 7.51 7.51
2011-03-25 7.9 7.92 7.51 7.51
2011-04-06 7.92 7.97 7.77 7.77
2011-04-12 8.24 8.46 7.69 7.69
2011-05-12 7.23 7.34 7.21 7.21
2011-05-13 7.35 7.36 7.21 7.21
2011-06-03 6.92 6.94 6.73 6.73
2011-07-04 6.82 6.83 6.69 6.69
2011-07-29 6.34 6.46 6.31 6.31
2011-08-22 5.97 6.03 5.92 5.92
2011-08-25 6.15 6.16 6.02 6.02
2011-09-09 5.79 5.84 5.74 5.74
2011-09-27 5.72 5.73 5.49 5.49
2011-10-27 5.97 5.97 5.96 5.96
2011-12-20 4.57 4.66 4.55 4.55
2011-12-30 4.34 4.35 4.3 4.3
2012-03-08 5.04 5.18 4.77 4.77
2012-03-16 4.97 5.02 4.71 4.71
2012-04-12 4.85 4.92 4.73 4.73
2012-07-10 4.27 4.3 4.13 4.13
2012-07-24 4.23 4.25 4.15 4.15
2012-08-01 4.05 4.08 3.99 3.99
2012-08-21 4.09 4.11 4.03 4.03
2012-08-23 4.11 4.12 4.04 4.04
2012-09-05 3.9 3.92 3.86 3.86
2012-09-07 4.08 4.12 3.95 3.95
2012-10-09 4.01 4.03 3.91 3.91
2012-10-10 4.12 4.14 3.98 3.98
2012-10-18 4.06 4.09 4.01 4.01
2012-12-10 3.71 3.72 3.64 3.64
2012-12-18 3.75 3.8 3.73 3.73
2013-03-07 4.16 4.2 4.13 4.13
2013-05-03 3.83 3.86 3.78 3.78
2013-05-21 3.98 3.98 3.93 3.93
2013-07-15 3.46 3.48 3.41 3.41
2013-08-05 3.48 3.49 3.41 3.41
2013-08-22 3.9 3.96 3.78 3.78
2013-09-23 4.37 4.4 4.3 4.3
2013-09-24 4.56 4.65 4.35 4.35
2013-11-26 4.43 4.57 4.35 4.35
2013-11-28 4.48 4.55 4.38 4.38
2013-12-03 4.42 4.46 4.25 4.25
2013-12-04 4.59 4.68 4.41 4.41
2013-12-18 4.79 4.94 4.64 4.64
2013-12-20 4.65 4.84 4.61 4.61
2014-01-21 4.1 4.11 4.04 4.04
2014-01-22 4.21 4.24 4.1 4.1
2014-01-27 4.72 4.72 4.31 4.31
2014-02-18 7.85 7.85 7.14 7.14
2014-02-27 7.03 7.49 6.94 6.94
2014-03-03 7.52 7.6 7.06 7.06
2014-03-13 7.89 7.89 7.19 7.19
2014-04-08 8.0 8.09 7.8 7.8
2014-04-11 9.21 9.28 8.61 8.61
2014-04-29 8.76 8.99 8.09 8.09
2014-07-10 6.49 6.6 6.42 6.42
2014-07-14 6.7 6.7 6.5 6.5
2014-08-19 7.59 7.61 7.34 7.34
2014-08-29 7.22 7.23 7.16 7.16
2014-09-29 8.19 8.21 7.97 7.97
2014-10-09 8.76 8.78 8.2 8.2
2014-10-21 9.46 9.65 9.1 9.1
2014-10-28 9.23 9.3 8.71 8.71
2014-12-25 8.65 8.73 8.56 8.56
2015-01-15 8.48 8.5 8.31 8.31
2015-02-11 9.8 9.85 9.41 9.41
2015-04-13 16.29 16.45 15.02 15.02
2015-04-14 17.92 17.92 16.32 16.32
2015-05-21 18.62 18.79 17.11 17.11
2015-06-01 17.68 17.78 16.96 16.96
2015-07-08 7.65 7.65 7.65 7.65
2015-07-09 8.42 8.42 6.89 6.89
2015-07-28 11.15 11.88 10.31 10.31
2015-08-07 11.79 12.2 11.51 11.51
2015-08-25 10.87 11.2 10.87 10.87
2015-09-25 14.94 15.67 14.75 14.75
2015-10-15 17.62 17.9 16.83 16.83
2016-01-05 16.99 17.0 15.2 15.2
2016-02-02 10.33 10.4 9.9 9.9
2016-02-16 10.95 10.98 10.54 10.54
2016-02-17 11.11 11.33 10.86 10.86
2016-03-14 13.24 13.47 12.7 12.7
2016-03-23 14.2 14.36 13.81 13.81
2016-05-31 11.7 11.73 11.26 11.26
2016-06-27 10.29 10.3 10.04 10.04
2016-07-26 11.08 11.16 11.0 11.0
2016-08-02 12.33 12.33 11.18 11.18
2016-10-25 12.29 12.42 11.98 11.98
2016-11-03 11.79 11.91 11.65 11.65
2016-11-04 11.88 12.05 11.7 11.7
2016-11-16 12.51 12.7 12.16 12.16
2016-11-30 11.68 11.78 11.65 11.65
2016-12-07 11.48 11.48 11.35 11.35
2017-02-06 10.9 10.98 10.49 10.49
2017-02-15 11.25 11.56 10.94 10.94
2017-02-16 11.2 11.38 11.1 11.1
2017-02-24 10.94 10.96 10.85 10.85
2017-03-16 10.55 10.57 10.43 10.43
2017-06-02 7.48 7.51 7.33 7.33
2017-06-06 7.58 7.63 7.5 7.5
2017-06-07 7.73 7.75 7.55 7.55
2017-06-19 8.2 8.25 8.07 8.07
2017-06-27 8.1 8.2 8.07 8.07
2017-06-29 8.04 8.08 8.0 8.0
2017-07-03 8.15 8.16 8.03 8.03
2017-07-07 8.09 8.16 8.02 8.02
2017-08-28 7.82 7.87 7.73 7.73
