1993-06-29 30.35 30.84 29.02 29.02
1993-07-15 24.38 24.5 23.92 23.92
1993-07-30 25.0 25.8 23.1 23.1
1993-08-05 23.7 24.3 23.7 23.7
1993-08-06 24.54 24.7 23.8 23.8
1993-08-12 24.6 24.78 20.4 20.4
1993-08-13 25.35 25.6 24.8 24.8
1993-08-16 27.6 27.65 26.0 26.0
1993-09-24 15.8 16.4 15.5 15.5
1993-09-28 16.0 16.19 15.88 15.88
1993-10-07 16.85 19.88 16.18 16.18
1994-02-03 22.8 23.3 22.5 22.5
1994-02-16 22.63 22.79 22.4 22.4
1994-02-22 22.39 23.48 21.81 21.81
1994-02-25 23.09 23.95 22.0 22.0
1994-03-04 21.41 21.7 21.4 21.4
1994-04-08 21.22 21.31 21.15 21.15
1994-05-03 18.26 18.32 17.6 17.6
1994-06-02 11.62 11.75 11.55 11.55
1994-06-03 11.7 11.97 11.55 11.55
1994-07-13 9.48 9.5 9.21 9.21
1994-11-29 15.88 15.88 15.47 15.47
1994-12-07 15.11 15.3 15.05 15.05
1995-01-04 14.68 14.77 14.4 14.4
1995-01-27 12.25 12.33 12.1 12.1
1995-02-13 11.98 12.08 11.61 11.61
1995-03-23 14.86 15.36 14.7 14.7
1995-03-27 15.59 15.8 15.18 15.18
1995-06-12 17.24 17.45 17.0 17.0
1995-06-19 15.75 15.8 15.5 15.5
1995-06-21 16.05 16.05 15.65 15.65
1995-07-07 17.0 17.0 15.72 15.72
1995-07-12 16.38 16.48 16.2 16.2
1995-07-13 16.41 16.87 16.3 16.3
1995-07-17 17.35 17.7 16.2 16.2
1995-08-22 15.93 16.27 15.9 15.9
1995-10-10 14.08 14.65 14.0 14.0
1995-10-16 14.1 14.3 13.9 13.9
1995-10-17 14.1 14.3 13.9 13.9
1995-11-24 13.5 13.55 13.4 13.4
1995-11-30 13.6 14.25 13.3 13.3
1995-12-07 13.35 13.5 13.3 13.3
1996-01-04 11.9 11.96 11.6 11.6
1996-01-09 11.55 11.65 11.2 11.2
1996-01-16 11.22 11.25 11.05 11.05
1996-01-22 10.41 10.55 10.1 10.1
1996-01-26 10.49 10.5 10.3 10.3
1996-01-29 10.58 10.62 10.4 10.4
1996-01-30 10.5 10.55 10.45 10.45
1996-01-31 10.52 10.58 10.45 10.45
1996-02-08 10.3 10.48 10.3 10.3
1996-02-09 10.45 10.48 10.28 10.28
1996-02-13 10.5 10.53 10.35 10.35
1996-02-15 10.64 10.7 10.5 10.5
1996-02-16 11.08 11.11 10.72 10.72
1996-03-11 11.87 11.88 11.52 11.52
1996-03-14 11.63 11.65 11.58 11.58
1996-04-05 12.58 12.68 12.01 12.01
1996-04-10 12.45 12.5 12.37 12.37
1996-04-16 13.06 13.5 12.81 12.81
1996-04-19 13.56 13.56 13.07 13.07
1996-04-25 14.5 15.2 14.41 14.41
1996-05-10 12.32 12.44 12.0 12.0
1996-05-17 13.78 13.8 12.4 12.4
1996-06-04 12.33 12.5 12.1 12.1
1996-06-05 13.5 13.5 12.3 12.3
1996-06-18 14.5 14.98 13.1 13.1
1996-06-26 13.56 14.6 13.1 13.1
1996-07-24 13.26 13.61 13.14 13.14
1996-09-27 12.08 12.3 11.5 11.5
1996-10-23 14.58 14.78 14.0 14.0
1996-10-28 16.3 16.5 15.02 15.02
1996-11-04 13.55 13.58 13.3 13.3
1996-11-07 12.95 13.0 12.8 12.8
1996-12-11 15.4 15.79 14.6 14.6
1996-12-16 12.87 12.87 12.87 12.87
1996-12-17 11.58 12.49 11.58 11.58
1996-12-18 12.3 12.5 11.28 11.28
1997-01-08 11.08 11.3 10.8 10.8
1997-01-31 11.72 11.95 11.33 11.33
1997-02-19 13.12 13.15 12.3 12.3
1997-03-17 16.7 16.7 16.05 16.05
1997-04-10 21.76 22.55 21.5 21.5
1997-04-16 22.22 22.6 22.0 22.0
1997-05-09 13.58 13.58 12.98 12.98
1997-05-16 11.48 12.35 11.46 11.46
1997-05-19 11.65 11.85 11.3 11.3
1997-05-20 12.06 12.17 11.7 11.7
1997-05-22 10.52 11.18 10.52 10.52
1997-06-16 11.78 12.0 11.7 11.7
1997-06-24 12.93 12.93 11.65 11.65
1997-09-04 12.91 13.15 12.75 12.75
1997-10-16 11.35 11.4 11.15 11.15
1997-11-26 10.64 10.7 10.6 10.6
1997-12-10 10.74 10.85 10.69 10.69
1997-12-16 10.55 10.62 10.5 10.5
1997-12-22 10.43 10.58 10.35 10.35
1998-01-08 11.77 11.95 11.6 11.6
1998-03-11 10.62 11.01 9.88 9.88
1998-03-30 10.18 10.4 10.1 10.1
1998-04-02 10.58 11.0 10.01 10.01
1998-04-15 11.39 11.39 11.18 11.18
1998-05-13 10.69 10.88 10.55 10.55
1998-11-04 9.24 9.24 8.98 8.98
1998-11-05 9.48 9.48 9.2 9.2
1998-11-12 10.19 10.28 10.1 10.1
1998-12-22 9.45 9.45 9.2 9.2
1999-03-01 8.85 8.9 8.5 8.5
1999-06-01 8.5 8.51 8.33 8.33
1999-06-07 9.2 9.2 8.28 8.28
1999-06-14 9.4 9.41 8.9 8.9
1999-06-17 9.58 9.88 9.29 9.29
1999-06-23 10.44 10.53 10.25 10.25
1999-06-30 11.6 11.75 10.7 10.7
1999-07-07 11.43 11.43 10.82 10.82
1999-07-09 11.98 12.1 11.75 11.75
1999-07-14 11.28 11.47 10.89 10.89
1999-07-20 11.15 11.15 10.1 10.1
1999-08-19 12.15 12.36 11.9 11.9
1999-09-08 10.86 10.99 10.6 10.6
1999-09-09 11.5 11.5 10.93 10.93
1999-09-17 11.08 11.15 11.0 11.0
1999-09-24 10.76 10.9 10.7 10.7
1999-12-30 8.9 8.99 8.8 8.8
2000-01-24 10.24 10.24 9.85 9.85
2000-04-05 11.01 11.14 10.5 10.5
2000-04-06 11.16 11.34 11.0 11.0
2000-04-07 11.3 11.65 11.2 11.2
2000-05-08 14.43 14.43 13.18 13.18
2000-06-16 16.18 16.2 15.5 15.5
2000-08-02 16.03 16.15 15.92 15.92
2000-08-30 16.77 17.15 16.5 16.5
2000-09-21 15.8 15.88 15.7 15.7
2000-09-27 15.75 15.75 15.4 15.4
2000-10-12 17.52 17.75 16.84 16.84
2000-10-16 17.2 17.49 17.2 17.2
2001-02-20 14.02 14.3 14.0 14.0
2001-04-09 16.3 16.44 16.15 16.15
2001-04-16 17.24 17.28 16.85 16.85
2001-04-27 17.08 17.15 16.81 16.81
2001-06-04 17.1 17.17 16.8 16.8
2002-04-26 11.23 11.32 10.95 10.95
2002-06-21 10.8 10.8 10.0 10.0
2002-08-05 10.78 10.79 10.66 10.66
2002-08-07 11.0 11.05 10.89 10.89
2002-10-25 9.76 9.8 9.7 9.7
2003-01-08 7.98 8.05 7.74 7.74
2003-03-04 9.08 9.12 8.91 8.91
2003-05-22 8.14 8.16 7.93 7.93
2003-06-10 8.13 8.26 8.03 8.03
2003-06-13 8.32 8.34 8.22 8.22
2003-07-15 7.86 7.88 7.81 7.81
2003-09-24 7.42 7.45 7.26 7.26
2003-11-24 7.22 7.25 6.97 6.97
2003-12-01 7.35 7.43 7.18 7.18
2004-03-15 8.15 8.35 7.67 7.67
2004-03-17 8.37 8.55 8.23 8.23
2004-03-31 8.57 8.58 8.44 8.44
2004-08-06 5.73 5.78 5.62 5.62
2004-08-25 5.68 5.68 5.61 5.61
2004-11-19 5.72 5.72 5.66 5.66
2004-11-25 5.89 6.0 5.85 5.85
2004-11-30 5.86 5.89 5.85 5.85
2004-12-01 5.95 6.0 5.86 5.86
2004-12-08 5.97 6.04 5.97 5.97
2004-12-13 6.0 6.03 5.82 5.82
2004-12-15 5.98 6.06 5.95 5.95
2004-12-22 5.9 5.96 5.86 5.86
2005-06-14 6.11 6.21 6.07 6.07
2005-06-20 6.34 6.36 6.11 6.11
2005-06-27 6.49 6.51 6.38 6.38
2005-11-09 3.85 3.89 3.85 3.85
2005-11-28 3.72 3.76 3.7 3.7
2007-01-09 4.45 4.46 4.34 4.34
2007-02-12 5.65 5.78 5.61 5.61
2007-03-09 6.27 6.38 6.1 6.1
2007-04-20 9.74 9.8 9.36 9.36
2007-04-23 10.11 10.34 9.88 9.88
2007-07-26 13.31 13.37 12.76 12.76
2007-11-27 9.27 9.37 9.2 9.2
2007-12-04 9.43 9.54 9.36 9.36
2007-12-05 9.64 9.73 9.43 9.43
2008-01-29 10.08 10.1 9.73 9.73
2008-07-07 6.87 6.89 6.48 6.48
2008-07-09 7.37 7.38 7.03 7.03
2008-12-03 3.9 3.9 3.76 3.76
2009-01-09 3.96 3.97 3.75 3.75
2009-03-23 5.62 5.66 5.52 5.52
2009-03-24 5.73 5.8 5.52 5.52
2010-08-03 8.46 8.46 8.46 8.46
2010-11-08 9.23 9.23 9.03 9.03
2010-11-15 8.42 8.44 8.23 8.23
2011-04-06 7.92 7.97 7.77 7.77
2011-04-12 8.24 8.46 7.69 7.69
2011-05-13 7.35 7.36 7.21 7.21
2011-08-25 6.15 6.16 6.02 6.02
2012-03-16 4.97 5.02 4.71 4.71
2012-08-01 4.05 4.08 3.99 3.99
2012-08-23 4.11 4.12 4.04 4.04
2012-09-07 4.08 4.12 3.95 3.95
2012-10-10 4.12 4.14 3.98 3.98
2012-10-18 4.06 4.09 4.01 4.01
2012-12-18 3.75 3.8 3.73 3.73
2013-09-24 4.56 4.65 4.35 4.35
2013-11-28 4.48 4.55 4.38 4.38
2013-12-03 4.42 4.46 4.25 4.25
2013-12-04 4.59 4.68 4.41 4.41
2013-12-20 4.65 4.84 4.61 4.61
2014-01-22 4.21 4.24 4.1 4.1
2014-01-27 4.72 4.72 4.31 4.31
2014-03-03 7.52 7.6 7.06 7.06
2014-04-11 9.21 9.28 8.61 8.61
2014-07-14 6.7 6.7 6.5 6.5
2014-10-09 8.76 8.78 8.2 8.2
2014-10-28 9.23 9.3 8.71 8.71
2015-04-14 17.92 17.92 16.32 16.32
2015-07-09 8.42 8.42 6.89 6.89
2016-02-16 10.95 10.98 10.54 10.54
2016-02-17 11.11 11.33 10.86 10.86
2016-08-02 12.33 12.33 11.18 11.18
2016-11-04 11.88 12.05 11.7 11.7
2016-12-07 11.48 11.48 11.35 11.35
2017-02-16 11.2 11.38 11.1 11.1
2017-02-24 10.94 10.96 10.85 10.85
2017-06-06 7.58 7.63 7.5 7.5
2017-06-07 7.73 7.75 7.55 7.55
2017-06-27 8.1 8.2 8.07 8.07
2017-06-29 8.04 8.08 8.0 8.0
2017-07-03 8.15 8.16 8.03 8.03
2017-07-07 8.09 8.16 8.02 8.02
