2001-03-26 42.35 42.46 41.55 41.55
2001-04-02 44.35 45.25 43.95 43.95
2001-05-08 43.5 43.68 43.0 43.0
2001-06-05 42.8 43.2 42.2 42.2
2001-06-21 40.45 40.7 40.0 40.0
2001-11-19 30.18 30.18 29.51 29.51
2001-11-20 31.57 31.82 30.2 30.2
2001-11-27 31.3 31.3 31.1 31.1
2001-11-30 31.8 32.1 31.62 31.62
2002-03-08 32.29 32.8 31.5 31.5
2002-04-26 27.25 27.26 27.05 27.05
2002-08-14 17.08 17.16 16.85 16.85
2002-10-11 17.0 17.1 16.9 16.9
2002-10-16 17.43 17.8 17.4 17.4
2002-11-04 16.3 16.32 15.55 15.55
2003-02-28 15.2 15.28 14.96 14.96
2003-03-03 15.36 15.45 15.15 15.15
2003-03-21 14.89 14.98 14.27 14.27
2003-08-05 11.63 11.98 11.6 11.6
2003-09-18 11.9 11.92 11.5 11.5
2003-12-01 8.98 9.28 8.67 8.67
2003-12-04 9.41 9.62 9.14 9.14
2004-02-16 11.16 11.34 10.68 10.68
2004-02-23 12.31 12.99 12.25 12.25
2004-03-30 11.61 11.67 10.9 10.9
2004-08-13 11.08 11.3 11.0 11.0
2004-08-17 10.68 10.85 10.5 10.5
2004-09-14 8.18 8.47 7.89 7.89
2004-09-15 8.84 8.95 8.18 8.18
2004-11-09 9.43 9.58 9.38 9.38
2004-11-15 10.59 10.6 10.15 10.15
2004-11-18 10.74 10.85 10.6 10.6
2004-12-24 9.62 9.82 9.41 9.41
2004-12-29 9.6 9.98 9.5 9.5
2005-01-07 9.41 9.56 9.3 9.3
2005-02-17 8.92 8.97 8.67 8.67
2005-02-21 8.83 8.85 8.73 8.73
2005-02-25 9.14 9.24 9.07 9.07
2005-04-08 7.15 7.17 6.72 6.72
2005-05-27 6.33 6.59 6.19 6.19
2005-10-21 6.63 6.72 6.5 6.5
2005-10-31 5.93 5.99 5.75 5.75
2005-12-01 5.94 6.01 5.9 5.9
2005-12-09 5.8 5.85 5.56 5.56
2005-12-12 5.83 5.9 5.6 5.6
2005-12-20 6.02 6.08 5.9 5.9
2006-02-06 8.12 8.28 8.0 8.0
2006-02-10 7.66 7.77 7.54 7.54
2006-07-17 9.58 9.65 9.24 9.24
2006-11-14 6.73 6.73 6.15 6.15
2006-11-22 7.03 7.33 6.62 6.62
2007-02-02 8.5 8.76 8.33 8.33
2007-03-02 9.18 9.35 9.04 9.04
2007-03-23 10.4 10.42 10.0 10.0
2007-03-26 10.92 11.39 10.69 10.69
2007-07-06 9.39 9.49 8.75 8.75
2007-10-26 9.6 9.69 9.35 9.35
2007-10-31 10.2 10.4 10.01 10.01
2007-12-27 12.61 13.28 12.55 12.55
2008-01-29 12.32 12.48 11.95 11.95
2008-02-04 11.78 11.79 11.05 11.05
2008-02-14 12.38 12.42 11.88 11.88
2009-01-16 6.32 6.41 6.26 6.26
2009-07-20 10.32 10.45 10.02 10.02
2009-07-22 9.98 10.04 9.8 9.8
2009-07-27 11.58 11.58 10.51 10.51
2009-11-19 11.72 11.94 11.31 11.31
2009-11-25 11.65 11.67 11.2 11.2
2009-12-01 11.5 11.59 11.13 11.13
2009-12-02 12.65 12.65 11.53 11.53
2009-12-31 13.49 13.64 13.09 13.09
2010-04-21 16.5 16.6 15.91 15.91
2010-11-19 15.99 16.05 14.96 14.96
2010-11-22 16.26 16.94 15.95 15.95
2012-02-28 12.57 12.57 12.57 12.57
2012-02-29 13.83 13.83 13.83 13.83
2012-05-07 14.43 14.67 13.98 13.98
2012-05-10 14.13 14.36 14.05 14.05
2012-07-19 11.02 11.15 10.5 10.5
2012-07-25 11.05 11.07 10.88 10.88
2012-09-14 12.78 13.15 12.45 12.45
2012-09-27 12.01 12.23 11.79 11.79
2012-12-17 10.84 11.1 10.21 10.21
2012-12-20 10.81 10.98 10.68 10.68
2012-12-26 11.39 11.44 11.19 11.19
2013-03-05 12.58 12.58 12.36 12.36
2013-03-06 13.38 13.63 12.58 12.58
2013-03-25 13.66 13.8 13.13 13.13
2013-03-29 15.71 15.71 14.42 14.42
2013-04-01 17.28 17.28 16.13 16.13
2013-05-08 19.36 19.75 19.07 19.07
2013-05-16 19.08 19.86 18.9 18.9
2013-11-20 14.04 14.23 13.82 13.82
2013-12-09 13.91 13.98 13.81 13.81
2014-01-24 13.76 13.85 13.51 13.51
2014-07-10 13.13 13.27 12.81 12.81
2014-07-11 13.5 13.9 13.19 13.19
2014-11-13 17.76 18.0 16.48 16.48
2014-12-10 16.85 16.96 16.0 16.0
2015-01-20 15.49 15.5 15.05 15.05
2015-01-21 15.88 15.99 15.53 15.53
2015-04-10 20.6 20.68 19.68 19.68
2015-07-09 14.09 14.09 12.2 12.2
2015-08-25 13.57 14.4 13.57 13.57
2015-09-02 12.67 13.75 12.32 12.32
2015-09-24 14.9 15.48 14.05 14.05
2015-11-11 20.52 20.52 18.86 18.86
2016-01-29 15.6 15.83 14.85 14.85
2016-02-02 16.63 16.65 15.75 15.75
2016-02-16 17.67 17.83 16.98 16.98
2016-03-14 18.31 18.88 17.55 17.55
2016-07-01 21.72 22.66 21.15 21.15
2016-08-16 21.58 21.78 21.41 21.41
2016-10-25 25.13 25.69 24.19 24.19
2016-12-28 22.8 23.1 22.58 22.58
2017-01-03 23.12 23.17 22.64 22.64
2017-01-05 23.56 23.62 23.25 23.25
2017-08-16 20.08 20.1 19.44 19.44
