2004-08-06 8.22 8.29 8.1 8.1
2004-08-10 8.29 8.45 8.25 8.25
2004-08-17 7.38 7.48 7.25 7.25
2004-08-24 7.28 7.35 7.05 7.05
2004-12-21 6.92 7.05 6.89 6.89
2004-12-24 6.97 7.02 6.94 6.94
2005-04-08 5.95 5.98 5.81 5.81
2005-04-13 5.97 5.98 5.76 5.76
2005-05-11 4.84 4.85 4.6 4.6
2005-05-18 4.91 4.91 4.76 4.76
2005-06-24 5.14 5.15 4.97 4.97
2005-08-03 4.51 4.6 4.38 4.38
2005-10-25 5.49 5.68 5.43 5.43
2005-11-02 5.01 5.03 4.83 4.83
2005-11-04 5.09 5.09 4.98 4.98
2005-11-11 5.06 5.09 4.95 4.95
2006-12-29 6.68 6.85 6.65 6.65
2007-02-15 8.8 8.82 8.48 8.48
2007-03-15 9.4 9.49 9.35 9.35
2007-04-09 11.22 11.42 11.11 11.11
2007-04-16 12.29 12.45 11.7 11.7
2007-05-25 15.49 15.8 15.01 15.01
2007-05-28 15.69 16.02 15.38 15.38
2007-06-05 13.25 13.27 12.29 12.29
2007-09-28 15.06 15.19 14.66 14.66
2007-10-11 15.89 16.19 15.26 15.26
2007-12-07 13.67 13.69 13.4 13.4
2008-01-14 18.3 18.82 17.14 17.14
2008-02-18 15.95 16.28 15.6 15.6
2008-05-08 17.16 17.3 15.85 15.85
2008-07-28 7.44 7.68 7.32 7.32
2008-11-05 3.37 3.41 3.27 3.27
2008-11-07 3.32 3.34 3.16 3.16
2009-04-30 6.06 6.18 6.0 6.0
2009-06-02 6.97 7.1 6.9 6.9
2009-10-16 7.55 7.63 7.32 7.32
2010-04-09 9.76 9.8 9.56 9.56
2010-08-23 7.3 7.38 7.28 7.28
2010-08-26 7.22 7.27 7.18 7.18
2010-08-27 7.31 7.34 7.2 7.2
2010-09-01 7.5 7.55 7.36 7.36
2010-10-15 7.31 7.45 7.22 7.22
2010-12-01 7.28 7.34 7.23 7.23
2011-06-14 6.98 7.04 6.83 6.83
2011-07-08 7.26 7.3 7.21 7.21
2011-07-12 7.19 7.28 7.16 7.16
2011-07-14 7.65 7.68 7.35 7.35
2011-08-01 7.14 7.19 7.03 7.03
2011-08-12 6.57 6.75 6.53 6.53
2011-08-26 6.78 6.8 6.73 6.73
2011-12-09 5.78 5.82 5.69 5.69
2012-01-12 5.01 5.08 4.98 4.98
2012-01-17 4.92 4.93 4.69 4.69
2012-04-18 5.95 6.01 5.78 5.78
2013-04-01 6.71 6.89 6.62 6.62
2013-04-02 6.94 6.95 6.63 6.63
2013-05-02 6.75 6.9 6.62 6.62
2013-05-03 6.85 6.93 6.75 6.75
2013-05-10 6.87 6.88 6.76 6.76
2013-05-13 7.16 7.18 6.83 6.83
2013-09-25 7.63 7.84 7.39 7.39
2013-09-30 7.35 7.46 7.11 7.11
2014-05-08 7.51 7.68 7.4 7.4
2014-06-05 7.48 7.49 7.35 7.35
2014-06-30 7.36 7.42 7.31 7.31
2014-10-13 9.98 10.16 9.79 9.79
2014-10-14 10.59 10.73 9.9 9.9
2014-12-02 11.15 11.53 10.82 10.82
2015-01-22 9.7 9.72 9.45 9.45
2015-02-17 10.33 10.4 10.2 10.2
2015-02-25 10.89 11.09 10.33 10.33
2015-07-09 11.59 11.59 9.49 9.49
2015-07-16 12.64 13.96 12.12 12.12
2015-07-23 15.5 15.95 14.6 14.6
2015-08-28 11.56 11.6 10.62 10.62
2015-11-12 16.28 16.8 15.54 15.54
2015-11-19 15.47 15.48 15.13 15.13
2015-11-20 16.31 16.6 15.52 15.52
2015-11-25 16.11 16.13 15.76 15.76
2016-02-15 13.17 13.25 12.51 12.51
2016-03-07 12.21 12.6 11.92 11.92
2016-03-21 14.1 14.32 13.63 13.63
2016-06-07 14.01 14.1 13.83 13.83
2016-06-15 13.17 13.34 12.62 12.62
2016-08-18 14.21 14.43 13.93 13.93
2016-08-22 14.45 15.0 13.85 13.85
2016-08-29 13.9 14.05 13.81 13.81
2016-09-02 14.19 14.28 13.89 13.89
2016-09-23 14.89 15.5 14.18 14.18
2016-12-21 14.91 15.1 14.75 14.75
2016-12-28 14.82 15.05 14.73 14.73
2016-12-30 14.93 14.97 14.78 14.78
2017-02-06 14.71 14.75 14.42 14.42
2017-04-18 17.08 18.28 16.63 16.63
