1994-04-26 12.58 12.65 11.25 11.25
1994-04-27 13.77 14.07 12.81 12.81
1994-05-24 11.9 11.99 11.8 11.8
1994-05-25 11.9 11.91 11.8 11.8
1994-05-31 11.58 11.68 11.01 11.01
1994-06-13 10.97 11.0 10.9 10.9
1994-06-30 10.99 11.05 10.7 10.7
1994-07-05 10.7 10.75 10.65 10.65
1994-08-03 11.52 11.59 9.9 9.9
1994-08-30 14.83 14.97 13.27 13.27
1994-09-06 22.8 22.8 19.3 19.3
1994-09-20 18.05 18.35 17.61 17.61
1994-10-21 15.4 16.3 15.19 15.19
1994-11-02 13.77 13.98 13.7 13.7
1994-11-29 14.75 14.75 14.17 14.17
1994-12-21 14.83 15.38 14.5 14.5
1994-12-23 14.9 15.7 14.5 14.5
1995-01-16 13.6 13.7 13.5 13.5
1995-01-23 12.9 13.26 12.8 12.8
1995-01-27 13.14 13.18 12.88 12.88
1995-02-08 12.87 12.9 12.8 12.8
1995-02-09 13.1 13.28 12.81 12.81
1995-02-13 12.9 12.95 12.81 12.81
1995-03-10 14.33 14.5 14.01 14.01
1995-04-07 14.91 15.0 14.6 14.6
1995-04-12 14.46 14.6 14.31 14.31
1995-04-19 14.78 14.97 14.6 14.6
1995-04-25 13.0 13.1 12.65 12.65
1995-04-27 11.57 12.29 11.0 11.0
1995-05-18 16.3 16.3 14.5 14.5
1995-06-01 13.3 13.5 13.0 13.0
1995-06-02 13.45 13.57 13.4 13.4
1995-06-22 12.31 12.59 12.2 12.2
1995-07-04 12.0 12.05 11.85 11.85
1995-07-05 12.2 12.3 12.0 12.0
1995-07-12 12.75 12.85 12.23 12.23
1995-07-20 13.1 13.23 12.88 12.88
1995-08-22 15.2 15.3 15.1 15.1
1995-08-31 15.1 15.18 14.85 14.85
1995-09-04 15.4 15.47 15.06 15.06
1995-09-07 15.42 15.47 15.25 15.25
1995-09-15 15.05 15.1 14.9 14.9
1995-09-22 14.7 14.7 14.5 14.5
1995-10-30 14.8 14.8 14.61 14.61
1995-11-09 15.1 15.2 14.85 14.85
1995-11-21 14.89 15.0 14.8 14.8
1995-12-01 14.2 14.2 13.88 13.88
1995-12-08 14.3 14.35 14.05 14.05
1996-01-08 12.45 12.57 11.88 11.88
1996-01-23 12.12 12.2 12.05 12.05
1996-01-29 12.43 12.55 12.35 12.35
1996-01-31 12.5 12.5 12.4 12.4
1996-02-02 12.75 12.85 12.35 12.35
1996-02-06 12.45 12.48 12.32 12.32
1996-02-07 12.46 12.52 12.4 12.4
1996-02-09 12.67 12.68 12.58 12.58
1996-02-13 13.07 13.17 12.8 12.8
1996-02-16 13.65 13.68 13.3 13.3
1996-03-14 14.18 14.5 14.1 14.1
1996-03-21 14.5 14.62 14.3 14.3
1996-03-25 14.42 14.55 14.35 14.35
1996-04-05 14.65 14.65 14.2 14.2
1996-04-19 14.52 14.55 14.05 14.05
1996-04-23 14.88 14.88 14.5 14.5
1996-04-24 15.55 15.55 14.8 14.8
1996-05-27 14.78 15.07 14.52 14.52
1996-05-28 14.96 14.96 14.7 14.7
1996-06-12 21.01 21.6 18.8 18.8
1996-07-04 19.25 19.54 18.21 18.21
1996-07-19 21.4 21.6 20.99 20.99
1996-07-24 22.0 22.27 21.5 21.5
1996-08-21 21.19 21.4 20.88 20.88
1996-08-27 21.09 21.1 20.5 20.5
1996-09-12 24.5 24.8 24.0 24.0
1996-09-16 27.5 27.92 26.2 26.2
1996-09-23 28.75 29.09 26.9 26.9
1996-10-08 27.41 27.99 26.5 26.5
1996-10-21 27.8 27.98 27.57 27.57
1996-11-04 27.4 27.5 27.0 27.0
1996-11-15 29.0 29.88 27.8 27.8
1996-11-22 28.1 28.1 26.0 26.0
1996-12-11 38.0 38.5 33.0 33.0
1996-12-16 29.7 29.7 29.7 29.7
1996-12-17 27.66 31.38 26.73 26.73
1996-12-18 30.43 30.43 29.0 29.0
1997-01-09 32.7 32.9 32.29 32.29
1997-01-10 32.7 32.88 32.58 32.58
1997-01-15 32.57 32.69 32.2 32.2
1997-01-17 32.85 33.3 32.63 32.63
1997-01-31 34.99 35.43 34.5 34.5
1997-02-20 34.88 36.0 31.64 31.64
1997-02-26 37.85 38.0 36.02 36.02
1997-03-24 47.8 48.5 46.0 46.0
1997-03-31 43.8 44.98 43.2 43.2
1997-04-07 48.1 49.3 45.3 45.3
1997-04-30 45.7 45.9 44.0 44.0
1997-05-22 45.0 47.0 43.6 43.6
1997-06-06 47.9 48.8 46.0 46.0
1997-06-13 44.75 44.78 42.0 42.0
1997-06-20 47.47 47.58 45.7 45.7
1997-07-31 37.02 37.5 36.63 36.63
1997-08-06 37.92 38.3 37.0 37.0
1997-09-16 37.4 37.9 37.3 37.3
1997-09-24 34.15 34.2 32.81 32.81
1997-10-15 34.15 34.48 33.8 33.8
1997-11-03 36.13 36.6 36.1 36.1
1997-12-09 37.6 37.6 37.01 37.01
1997-12-10 37.9 38.38 37.45 37.45
1997-12-15 39.0 39.15 38.43 38.43
1997-12-22 45.5 45.79 43.6 43.6
1997-12-30 44.46 45.0 44.1 44.1
1998-01-05 50.6 50.8 47.0 47.0
1998-02-26 51.96 52.6 50.7 50.7
1998-03-10 49.6 50.4 49.0 49.0
1998-04-08 42.9 43.3 42.61 42.61
1998-04-10 45.5 45.72 43.25 43.25
1998-04-16 44.0 45.2 43.95 43.95
1998-06-03 46.6 47.32 46.15 46.15
1998-06-05 46.52 46.82 45.6 45.6
1998-06-17 31.84 32.67 31.5 31.5
1998-07-02 30.25 30.35 29.0 29.0
1998-07-08 31.98 32.18 31.28 31.28
1998-07-24 29.16 29.4 28.45 28.45
1998-07-29 28.96 29.3 28.9 28.9
1998-08-10 29.0 29.5 28.2 28.2
1998-08-11 28.8 29.12 28.5 28.5
1998-08-20 27.62 28.3 27.13 27.13
1998-09-02 26.67 27.09 26.01 26.01
1998-09-04 27.22 27.38 27.0 27.0
1998-09-18 26.85 27.48 26.7 26.7
1998-10-09 25.98 26.2 25.8 25.8
1998-10-22 25.26 25.3 25.05 25.05
1998-10-23 25.8 26.47 25.31 25.31
1998-11-06 28.98 29.8 28.5 28.5
1998-11-12 28.91 29.51 28.88 28.88
1998-11-16 29.74 30.0 28.75 28.75
1998-12-08 27.9 28.0 27.65 27.65
1998-12-09 28.0 28.25 28.0 28.0
1998-12-30 26.5 26.74 25.94 25.94
1998-12-31 27.0 27.0 26.4 26.4
1999-01-08 27.0 27.05 26.6 26.6
1999-01-13 27.55 27.85 27.0 27.0
1999-01-18 28.08 28.11 27.12 27.12
1999-03-17 25.02 25.29 24.8 24.8
1999-03-23 24.85 25.1 24.5 24.5
1999-03-24 24.85 25.5 24.85 24.85
1999-04-02 23.9 24.0 23.66 23.66
1999-04-06 24.4 24.5 23.8 23.8
1999-04-16 23.29 23.4 22.84 22.84
1999-05-05 23.15 23.15 22.5 22.5
1999-05-20 23.26 23.31 22.4 22.4
1999-05-27 26.45 27.0 25.6 25.6
1999-06-04 26.55 27.5 24.9 24.9
1999-06-15 21.5 22.72 21.0 21.0
1999-06-16 23.65 23.65 22.0 22.0
1999-06-28 30.73 30.75 28.2 28.2
1999-07-23 27.5 27.81 26.8 26.8
1999-08-17 23.55 23.99 23.12 23.12
1999-09-09 24.55 24.6 23.18 23.18
1999-09-13 24.15 25.0 24.05 24.05
1999-10-15 21.7 21.8 21.5 21.5
1999-10-22 20.92 21.28 20.5 20.5
1999-11-02 20.6 20.75 20.55 20.55
1999-12-15 20.82 20.99 20.05 20.05
1999-12-30 19.25 19.25 18.8 18.8
2000-01-07 22.45 22.8 21.5 21.5
2000-01-26 20.75 20.99 20.2 20.2
2000-02-14 23.05 23.05 21.58 21.58
2000-02-23 20.63 21.0 20.5 20.5
2000-03-30 24.4 25.0 23.8 23.8
2000-04-14 23.82 24.36 23.55 23.55
2000-04-28 22.77 22.88 22.5 22.5
2000-06-26 22.79 23.2 22.6 22.6
2000-06-30 23.62 24.26 23.48 23.48
2000-07-05 23.47 23.8 23.3 23.3
2000-08-04 22.41 22.71 22.22 22.22
2000-08-09 22.59 22.8 22.25 22.25
2000-08-10 22.62 22.79 22.32 22.32
2000-08-14 23.6 23.98 23.5 23.5
2000-08-21 24.22 24.45 23.6 23.6
2000-09-27 23.23 23.4 23.05 23.05
2000-09-29 23.15 23.25 22.8 22.8
2000-10-17 22.42 22.5 22.15 22.15
2000-10-25 23.25 23.57 23.1 23.1
2000-11-01 24.0 24.19 23.8 23.8
2000-11-06 25.1 25.19 24.5 24.5
2000-11-29 25.89 26.35 25.1 25.1
2000-12-29 24.5 24.55 24.21 24.21
2001-01-10 23.48 23.8 23.18 23.18
2001-01-12 23.32 23.6 23.28 23.28
2001-01-16 23.0 23.3 22.83 22.83
2001-02-07 22.86 23.15 22.7 22.7
2001-02-09 23.23 23.4 22.6 22.6
2001-02-21 25.28 25.4 24.73 24.73
2001-03-05 25.3 25.76 25.13 25.13
2001-03-08 25.57 25.75 25.35 25.35
2001-03-14 25.2 25.2 24.75 24.75
2001-03-20 25.6 25.79 25.08 25.08
2001-03-30 26.5 26.5 26.0 26.0
2001-04-11 25.95 26.17 25.6 25.6
2001-04-24 24.97 25.0 24.78 24.78
2001-05-08 24.7 24.93 24.6 24.6
2001-05-17 25.39 25.64 25.26 25.26
2001-05-29 24.5 24.62 24.43 24.43
2001-06-12 25.07 25.1 24.9 24.9
2001-06-19 24.69 24.7 24.5 24.5
2001-06-21 24.7 24.9 24.5 24.5
2001-06-26 25.33 25.48 25.1 25.1
2001-08-10 20.68 20.89 20.0 20.0
2001-09-04 12.92 12.92 12.56 12.56
2001-11-20 11.45 11.48 11.24 11.24
2001-11-27 11.49 11.5 11.38 11.38
2001-11-28 11.61 11.69 11.5 11.5
2002-01-29 10.98 11.13 10.68 10.68
2002-01-31 11.75 11.85 11.03 11.03
2002-02-07 11.78 11.91 11.58 11.58
2002-03-04 11.83 11.84 11.6 11.6
2002-04-16 11.75 11.79 11.69 11.69
2002-05-10 11.31 11.68 11.0 11.0
2002-06-18 9.99 10.02 9.78 9.78
2002-06-28 11.77 11.95 11.1 11.1
2002-07-09 11.39 11.52 11.3 11.3
2002-08-01 10.18 10.25 10.16 10.16
2002-08-27 10.03 10.06 9.97 9.97
2002-09-03 9.92 10.04 9.9 9.9
2002-10-08 9.65 9.66 9.26 9.26
2002-10-14 10.03 10.08 9.6 9.6
2002-11-19 9.14 9.18 9.0 9.0
2002-12-09 8.1 8.24 8.03 8.03
2003-01-14 8.25 8.35 7.85 7.85
2003-02-11 8.14 8.15 8.0 8.0
2003-02-14 8.51 8.55 8.32 8.32
2003-02-24 8.14 8.2 8.08 8.08
2003-02-25 8.3 8.33 8.14 8.14
2003-03-27 7.82 7.86 7.51 7.51
2003-04-25 7.35 7.5 7.2 7.2
2003-05-12 7.26 7.37 7.25 7.25
2003-05-14 7.0 7.0 6.79 6.79
2003-06-16 7.33 7.37 7.26 7.26
2003-07-01 6.97 7.2 6.85 6.85
2003-07-29 6.83 6.89 6.8 6.8
2003-08-15 6.83 6.92 6.76 6.76
2003-09-11 6.47 6.5 6.44 6.44
2003-09-30 6.36 6.38 6.28 6.28
2003-11-04 6.25 6.34 6.2 6.2
2003-11-13 6.23 6.26 6.13 6.13
2003-11-19 6.25 6.29 6.14 6.14
2003-11-28 6.44 6.46 6.32 6.32
2003-12-01 6.51 6.53 6.42 6.42
2004-02-16 7.13 7.14 6.98 6.98
2004-03-10 6.84 6.86 6.74 6.74
2004-05-21 6.67 6.68 6.59 6.59
2004-06-15 6.28 6.31 6.15 6.15
2004-08-04 6.05 6.12 5.96 5.96
2004-09-14 5.06 5.11 4.91 4.91
2004-10-18 4.94 4.96 4.86 4.86
2004-11-19 4.86 4.87 4.77 4.77
2004-11-23 4.96 5.0 4.86 4.86
2004-11-26 4.85 4.89 4.8 4.8
2004-12-22 4.71 4.74 4.61 4.61
2005-01-07 4.19 4.24 4.18 4.18
2005-02-02 3.94 3.96 3.74 3.74
2005-02-21 4.4 4.4 4.25 4.25
2005-03-31 4.01 4.05 3.86 3.86
2005-05-11 3.91 4.02 3.85 3.85
2005-06-08 4.33 4.4 4.0 4.0
2005-06-24 4.23 4.24 4.15 4.15
2005-06-27 4.3 4.39 4.23 4.23
2005-07-26 3.37 3.37 3.24 3.24
2005-09-01 4.04 4.08 3.85 3.85
2005-11-02 3.65 3.69 3.55 3.55
2005-11-04 3.67 3.7 3.61 3.61
2005-11-09 3.82 3.95 3.81 3.81
2005-12-02 3.75 3.81 3.71 3.71
2005-12-06 3.61 3.65 3.58 3.58
2005-12-23 3.78 3.8 3.73 3.73
2006-01-04 3.9 3.92 3.83 3.83
2006-02-06 4.2 4.22 4.09 4.09
2006-04-07 3.87 3.89 3.81 3.81
2006-04-10 3.93 3.94 3.85 3.85
2006-11-30 3.75 3.78 3.67 3.67
2007-01-08 3.88 3.89 3.77 3.77
2007-02-02 4.27 4.38 4.21 4.21
2007-03-02 5.19 5.29 5.05 5.05
2007-03-15 6.0 6.11 5.8 5.8
2007-05-30 11.04 11.36 11.04 11.04
2007-05-31 10.49 10.49 10.49 10.49
2007-06-01 9.97 10.3 9.97 9.97
2007-06-04 9.47 9.47 9.47 9.47
2007-06-05 9.0 9.0 9.0 9.0
2007-06-06 8.7 9.29 8.55 8.55
2007-06-26 6.95 6.95 6.95 6.95
2007-06-27 6.97 7.18 6.8 6.8
2007-07-17 6.22 6.25 5.94 5.94
2007-11-27 6.27 6.3 6.1 6.1
2007-12-19 6.78 6.85 6.7 6.7
2008-01-18 7.17 7.17 7.17 7.17
2008-01-21 6.81 6.81 6.81 6.81
2008-01-22 6.47 6.47 6.47 6.47
2008-01-23 6.15 6.15 6.15 6.15
2008-01-24 6.46 6.46 6.24 6.24
2008-03-17 6.54 6.54 6.32 6.32
2009-12-31 7.98 8.0 7.9 7.9
2010-01-14 8.36 8.47 8.14 8.14
2010-01-15 8.7 8.78 8.31 8.31
2010-01-29 8.71 8.93 8.55 8.55
2010-03-17 8.71 8.73 8.51 8.51
2010-03-30 8.77 8.9 8.69 8.69
2010-05-21 5.77 5.82 5.6 5.6
2010-05-24 6.06 6.06 5.78 5.78
2010-06-02 6.23 6.23 5.85 5.85
2010-06-04 6.1 6.13 6.0 6.0
2010-06-09 6.75 6.75 6.42 6.42
2010-06-22 6.9 7.08 6.72 6.72
2010-07-20 6.27 6.34 6.16 6.16
2010-08-16 6.42 6.46 6.27 6.27
2010-08-26 6.83 7.07 6.72 6.72
2010-09-30 6.26 6.31 6.1 6.1
2010-10-08 6.39 6.41 6.26 6.26
2010-11-17 6.51 6.51 6.51 6.51
2010-12-28 6.49 6.49 6.49 6.49
2011-03-10 6.57 6.62 6.51 6.51
2011-03-15 7.0 7.0 6.64 6.64
2011-05-31 5.63 5.65 5.51 5.51
2011-06-14 5.48 5.54 5.39 5.39
2011-06-29 6.26 6.26 5.93 5.93
2011-08-11 5.36 5.43 5.15 5.15
2011-08-19 5.28 5.32 5.2 5.2
2011-09-07 5.34 5.35 5.26 5.26
2011-09-16 5.28 5.32 5.25 5.25
2011-10-13 4.8 4.83 4.71 4.71
2011-10-26 4.72 4.88 4.69 4.69
2011-10-28 4.82 4.9 4.71 4.71
2011-11-03 4.83 4.89 4.79 4.79
2011-11-04 4.88 4.9 4.83 4.83
2011-11-11 4.89 4.94 4.83 4.83
2011-11-14 4.97 5.01 4.9 4.9
2011-11-15 5.03 5.08 4.96 4.96
2011-12-23 3.58 3.64 3.55 3.55
2012-01-10 3.7 3.7 3.53 3.53
2012-01-12 3.66 3.74 3.62 3.62
2012-02-10 3.92 4.01 3.87 3.87
2012-03-01 4.06 4.09 4.02 4.02
2012-05-04 4.38 4.4 4.21 4.21
2012-08-06 3.93 3.93 3.8 3.8
2012-09-07 3.83 3.86 3.72 3.72
2012-09-10 3.87 3.92 3.82 3.82
2012-11-30 3.47 3.5 3.43 3.43
2012-12-21 3.73 3.78 3.7 3.7
2012-12-26 3.84 3.88 3.77 3.77
2013-01-21 4.06 4.11 3.98 3.98
2013-01-28 3.91 3.91 3.84 3.84
2013-03-11 4.39 4.45 4.34 4.34
2013-04-09 5.34 5.47 5.15 5.15
2013-05-03 4.66 4.73 4.55 4.55
2013-06-18 4.47 4.5 4.4 4.4
2013-07-01 3.87 3.89 3.76 3.76
2013-08-01 4.22 4.23 4.15 4.15
2013-09-30 4.22 4.24 4.17 4.17
2013-10-09 4.29 4.3 4.23 4.23
2013-10-14 4.44 4.46 4.38 4.38
2013-11-06 4.2 4.27 4.15 4.15
2013-11-15 4.09 4.12 4.01 4.01
2013-12-05 4.62 4.68 4.42 4.42
2014-01-21 4.1 4.12 4.01 4.01
2014-02-10 4.47 4.65 4.25 4.25
2014-02-27 4.44 4.6 4.39 4.39
2014-03-17 4.74 4.77 4.6 4.6
2014-04-01 4.59 4.59 4.5 4.5
2014-06-13 4.99 4.99 4.84 4.84
2014-06-27 4.98 5.06 4.87 4.87
2014-07-18 5.38 5.53 5.3 5.3
2014-08-18 5.66 5.72 5.45 5.45
2014-10-28 5.78 5.79 5.59 5.59
2014-11-06 5.92 5.94 5.83 5.83
2014-11-25 6.05 6.21 6.02 6.02
2014-12-24 5.74 5.76 5.55 5.55
2015-01-13 5.66 5.68 5.52 5.52
2015-01-21 5.83 5.83 5.69 5.69
2015-01-26 5.95 5.95 5.83 5.83
2015-02-11 5.78 5.79 5.71 5.71
2015-02-27 6.11 6.15 6.01 6.01
2015-03-20 6.8 6.94 6.7 6.7
2015-03-23 6.94 6.94 6.8 6.8
2015-03-27 7.12 7.2 7.01 7.01
2015-04-23 8.49 8.83 8.29 8.29
2015-07-17 7.36 7.43 6.83 6.83
2015-09-21 5.9 5.94 5.42 5.42
2015-10-15 6.93 6.95 6.7 6.7
2015-11-04 7.34 7.38 7.07 7.07
2015-11-16 7.78 7.85 7.49 7.49
2015-12-03 8.12 8.23 7.87 7.87
2016-01-19 6.33 6.38 6.12 6.12
2016-02-02 5.86 5.88 5.57 5.57
2016-02-16 6.23 6.23 5.99 5.99
2016-03-02 5.95 5.98 5.65 5.65
2016-03-14 6.8 7.02 6.76 6.76
2016-04-27 7.25 7.37 7.2 7.2
2016-06-01 6.96 7.08 6.85 6.85
2016-06-22 7.56 7.62 7.38 7.38
2016-06-27 7.47 7.49 7.26 7.26
2016-08-12 7.51 7.52 7.42 7.42
2016-09-30 7.53 7.62 7.45 7.45
2016-11-10 8.14 8.24 7.94 7.94
2016-12-06 7.71 7.74 7.65 7.65
2016-12-27 7.38 7.46 7.37 7.37
2017-01-03 7.53 7.57 7.42 7.42
2017-01-04 7.64 7.7 7.5 7.5
2017-01-23 7.14 7.19 7.07 7.07
2017-02-13 7.5 7.51 7.4 7.4
2017-02-24 8.81 9.05 8.15 8.15
2017-04-05 8.28 8.31 8.13 8.13
2017-04-10 8.4 8.43 8.15 8.15
2017-04-17 8.22 8.26 8.06 8.06
2017-05-12 7.07 7.25 7.0 7.0
2017-05-16 7.78 7.93 7.55 7.55
2017-06-21 6.93 6.93 6.3 6.3
2017-06-23 6.84 6.92 6.76 6.76
2017-07-13 6.43 6.52 6.24 6.24
2017-07-14 6.43 6.5 6.4 6.4
2017-07-18 6.96 6.96 6.33 6.33
