1996-11-18 13.4 13.45 12.0 12.0
1996-11-28 14.35 14.88 13.3 13.3
1996-11-29 15.89 15.95 14.46 14.46
1996-12-04 18.1 18.39 17.0 17.0
1996-12-16 15.3 15.3 15.3 15.3
1996-12-17 13.77 15.0 13.77 13.77
1996-12-18 14.8 14.91 12.6 12.6
1997-01-08 14.36 14.5 13.95 13.95
1997-01-09 14.45 14.58 14.22 14.22
1997-01-10 14.59 14.59 14.25 14.25
1997-02-19 14.45 14.89 14.0 14.0
1997-02-20 14.1 14.5 13.01 13.01
1997-02-21 14.61 14.7 14.1 14.1
1997-03-14 17.68 17.7 17.2 17.2
1997-03-31 17.55 17.61 17.0 17.0
1997-04-17 21.4 21.88 21.08 21.08
1997-04-25 24.25 25.38 23.2 23.2
1997-05-15 24.85 25.31 23.98 23.98
1997-05-22 9.18 9.8 9.18 9.18
1997-06-06 9.4 9.88 9.32 9.32
1997-06-20 9.24 9.4 8.88 8.88
1997-07-04 7.67 7.7 7.2 7.2
1997-07-10 6.7 6.82 6.5 6.5
1997-07-31 7.47 7.75 7.18 7.18
1997-08-14 7.99 7.99 7.6 7.6
1997-08-22 7.58 7.63 7.45 7.45
1997-08-27 7.18 7.3 6.9 6.9
1997-08-28 7.25 7.25 7.16 7.16
1997-09-16 7.17 7.21 7.11 7.11
1997-10-17 6.89 6.89 6.7 6.7
1997-10-21 7.37 7.5 7.0 7.0
1997-11-04 6.71 6.93 6.6 6.6
1997-11-10 6.8 6.87 6.7 6.7
1997-12-04 6.29 6.54 6.1 6.1
1997-12-18 6.18 6.31 6.08 6.08
1998-01-14 6.89 6.94 6.7 6.7
1998-02-19 6.94 7.02 6.88 6.88
1998-02-24 6.68 6.85 6.68 6.68
1998-02-25 6.75 6.92 6.7 6.7
1998-02-26 6.85 6.9 6.75 6.75
1998-03-16 6.64 6.65 6.49 6.49
1998-03-17 6.96 7.2 6.85 6.85
1998-04-15 7.77 7.98 7.51 7.51
1998-05-05 7.85 7.93 7.8 7.8
1998-05-21 9.0 9.27 8.9 8.9
1998-06-02 9.84 10.07 9.6 9.6
1998-07-06 7.9 8.18 7.85 7.85
1998-07-10 8.09 8.15 7.96 7.96
1998-07-21 8.0 8.1 7.6 7.6
1998-08-05 8.3 8.32 8.08 8.08
1998-08-19 7.06 7.09 6.7 6.7
1998-08-24 7.36 7.53 7.15 7.15
1998-09-03 7.14 7.2 7.03 7.03
1998-09-10 7.68 7.75 7.46 7.46
1998-10-08 8.72 8.75 8.45 8.45
1998-10-15 9.1 9.32 8.95 8.95
1998-10-27 9.48 9.52 9.03 9.03
1998-12-02 11.6 11.6 11.11 11.11
1999-01-08 10.26 10.26 9.3 9.3
1999-01-28 10.16 10.3 9.8 9.8
1999-02-09 9.47 9.49 9.1 9.1
1999-03-11 9.57 9.58 8.92 8.92
1999-04-08 9.26 9.57 9.2 9.2
1999-04-30 7.48 7.7 7.24 7.24
1999-05-11 7.19 7.2 7.0 7.0
1999-05-26 7.93 7.99 7.7 7.7
1999-06-09 8.42 8.65 8.1 8.1
1999-06-11 8.48 8.65 8.28 8.28
1999-07-14 8.1 8.16 7.85 7.85
1999-07-23 8.53 8.6 8.0 8.0
1999-09-07 9.22 9.38 9.1 9.1
1999-09-09 9.62 9.67 9.24 9.24
1999-09-13 9.6 9.6 9.37 9.37
1999-09-24 9.44 9.79 9.25 9.25
1999-10-11 8.7 8.9 8.54 8.54
1999-10-14 8.76 8.95 8.67 8.67
1999-10-19 8.99 9.1 8.7 8.7
1999-10-20 9.33 9.44 8.99 8.99
2000-01-25 7.25 7.33 6.95 6.95
2000-02-14 8.24 8.24 7.75 7.75
2000-03-17 9.0 9.15 8.86 8.86
2000-03-27 10.25 10.3 9.76 9.76
2000-04-12 10.71 11.2 10.58 10.58
2000-05-16 9.12 9.2 9.02 9.02
2000-05-25 10.43 10.6 10.2 10.2
2000-06-02 10.73 11.0 10.6 10.6
2000-06-19 11.93 12.07 11.15 11.15
2000-07-20 11.2 11.57 10.8 10.8
2000-07-31 12.52 13.25 12.17 12.17
2000-08-08 14.7 15.25 14.0 14.0
2000-08-14 13.86 14.0 13.55 13.55
2000-08-24 13.53 13.7 13.18 13.18
2000-09-04 12.85 13.0 12.62 12.62
2000-09-07 12.55 12.55 12.02 12.02
2000-09-12 12.71 12.98 12.68 12.68
2000-09-21 13.62 13.77 13.25 13.25
2000-10-17 14.25 14.42 14.04 14.04
2000-11-08 13.99 14.15 13.9 13.9
2000-11-22 14.39 14.5 13.84 13.84
2000-11-27 15.55 15.56 14.6 14.6
2000-12-18 15.03 15.18 14.6 14.6
2001-01-19 12.83 12.88 12.66 12.66
2001-02-05 13.08 13.3 12.85 12.85
2001-02-07 13.23 13.29 13.1 13.1
2001-02-15 12.47 13.4 12.3 12.3
2001-02-26 11.3 11.3 11.0 11.0
2001-02-28 11.82 11.84 11.5 11.5
2001-03-13 12.93 13.01 11.55 11.55
2001-03-26 13.0 13.04 12.6 12.6
2001-04-24 14.3 14.45 14.0 14.0
2001-04-25 15.73 15.73 14.5 14.5
2001-06-01 16.69 16.85 16.28 16.28
2001-06-13 16.73 16.78 16.26 16.26
2001-06-14 16.52 17.0 16.48 16.48
2001-06-25 16.31 16.47 16.15 16.15
2001-07-10 15.79 15.93 15.5 15.5
2001-07-12 15.68 15.78 15.6 15.6
2001-08-01 14.2 14.24 13.65 13.65
2001-08-09 14.44 14.5 14.09 14.09
2001-08-29 13.7 13.96 13.31 13.31
2001-08-30 13.63 13.79 13.51 13.51
2001-10-23 11.21 11.21 11.07 11.07
2001-10-29 12.08 12.1 11.86 11.86
2001-11-01 11.91 11.98 11.6 11.6
2001-11-12 11.08 11.39 11.05 11.05
2001-11-13 10.9 11.06 10.72 10.72
2001-11-14 11.07 11.15 10.9 10.9
2001-11-22 12.09 12.14 11.81 11.81
2001-12-25 11.92 12.07 11.8 11.8
2002-01-23 7.67 7.67 6.7 6.7
2002-01-31 8.98 9.02 8.31 8.31
2002-02-07 9.17 9.25 8.65 8.65
2002-03-05 9.68 9.73 9.3 9.3
2002-03-11 10.81 10.83 10.35 10.35
2002-03-14 10.85 10.89 10.3 10.3
2002-04-03 10.4 10.4 10.2 10.2
2002-04-08 11.28 11.6 10.88 10.88
2002-04-16 11.13 11.24 11.1 11.1
2002-05-14 11.6 11.79 11.55 11.55
2002-06-18 10.55 10.63 10.2 10.2
2002-06-20 10.49 10.68 10.38 10.38
2002-06-21 10.9 10.95 10.49 10.49
2002-07-05 11.43 11.43 11.22 11.22
2002-07-16 11.61 11.8 11.55 11.55
2002-07-17 11.81 11.82 11.56 11.56
2002-08-02 11.42 11.45 11.33 11.33
2002-08-13 10.99 11.1 10.95 10.95
2002-08-21 11.32 11.36 11.13 11.13
2002-09-10 11.04 11.23 11.0 11.0
2002-10-08 10.31 10.35 10.18 10.18
2002-10-22 10.19 10.25 9.95 9.95
2002-11-05 10.27 10.29 10.06 10.06
2002-11-19 9.0 9.16 8.8 8.8
2002-11-26 8.52 8.74 8.5 8.5
2002-11-28 8.64 8.65 8.15 8.15
2003-01-02 8.7 8.71 8.47 8.47
2003-04-08 10.14 10.18 9.9 9.9
2003-04-16 10.35 10.68 10.18 10.18
2003-05-23 8.78 8.79 8.6 8.6
2003-06-10 8.78 8.8 8.64 8.64
2003-06-18 8.88 8.98 8.83 8.83
2003-06-23 8.56 8.69 8.54 8.54
2003-07-02 8.31 8.37 8.23 8.23
2003-07-11 8.53 8.54 8.36 8.36
2003-07-22 7.97 8.07 7.91 7.91
2003-07-25 8.2 8.24 7.94 7.94
2003-08-12 8.0 8.01 7.89 7.89
2003-08-28 8.2 8.45 8.13 8.13
2003-09-03 8.23 8.25 8.1 8.1
2003-09-23 7.99 8.0 7.9 7.9
2003-09-24 8.16 8.17 7.96 7.96
2003-10-09 8.09 8.09 7.9 7.9
2003-10-21 8.05 8.07 7.83 7.83
2003-10-22 8.17 8.38 8.05 8.05
2003-11-14 6.35 6.4 6.25 6.25
2003-11-24 6.73 6.73 6.42 6.42
2003-12-01 6.81 6.84 6.66 6.66
2003-12-05 6.87 6.89 6.77 6.77
2003-12-26 6.38 6.43 6.3 6.3
2004-02-12 7.48 7.5 7.32 7.32
2004-03-10 7.11 7.11 6.9 6.9
2004-04-08 7.97 8.14 7.75 7.75
2004-06-01 7.15 7.16 6.97 6.97
2004-06-04 7.09 7.1 6.98 6.98
2004-06-11 6.56 6.75 6.5 6.5
2004-06-16 6.49 6.56 6.4 6.4
2004-06-24 6.54 6.6 6.42 6.42
2004-07-01 6.38 6.39 6.2 6.2
2004-07-19 6.1 6.3 5.59 5.59
2004-07-26 5.7 5.73 5.62 5.62
2004-08-10 5.67 5.76 5.67 5.67
2004-08-30 5.26 5.35 5.1 5.1
2004-09-06 5.38 5.4 5.24 5.24
2004-09-14 5.26 5.39 5.11 5.11
2004-11-15 5.2 5.25 5.1 5.1
2005-01-07 4.95 5.04 4.93 4.93
2005-01-14 5.14 5.29 5.05 5.05
2005-01-18 5.09 5.1 4.96 4.96
2005-01-24 5.41 5.45 5.35 5.35
2005-02-02 5.19 5.2 4.85 4.85
2005-02-16 5.25 5.32 5.21 5.21
2005-03-01 5.56 5.71 5.38 5.38
2005-03-21 5.2 5.3 5.18 5.18
2005-03-23 4.98 5.13 4.9 4.9
2005-03-25 5.08 5.14 5.02 5.02
2005-04-13 5.12 5.13 4.9 4.9
2005-06-08 4.43 4.44 4.12 4.12
2005-07-06 4.17 4.31 4.01 4.01
2005-07-12 3.98 4.0 3.68 3.68
2005-07-22 3.85 3.94 3.72 3.72
2005-07-29 3.96 3.96 3.9 3.9
2005-08-02 4.17 4.17 4.06 4.06
2005-08-22 4.37 4.38 4.22 4.22
2005-08-24 4.31 4.34 4.2 4.2
2005-08-30 4.49 4.62 4.29 4.29
2005-09-12 4.7 4.75 4.61 4.61
2005-09-19 4.94 4.96 4.86 4.86
2005-09-26 5.18 5.18 4.96 4.96
2005-10-12 4.56 4.62 4.49 4.49
2005-10-17 4.51 4.53 4.4 4.4
2005-10-26 4.45 4.52 4.38 4.38
2005-11-14 4.39 4.44 4.19 4.19
2005-12-01 4.51 4.52 4.39 4.39
2005-12-13 4.28 4.34 4.25 4.25
2005-12-23 4.37 4.43 4.32 4.32
2006-02-15 4.73 4.77 4.71 4.71
2006-03-22 5.03 5.03 5.03 5.03
2006-03-23 5.53 5.53 5.53 5.53
2006-03-27 5.69 5.8 4.81 4.81
2006-03-31 5.2 5.26 5.05 5.05
2006-04-21 5.45 5.55 5.18 5.18
2006-05-18 5.92 5.92 5.92 5.92
2006-05-25 6.71 6.75 6.29 6.29
2006-06-01 8.19 8.5 7.91 7.91
2007-01-08 10.43 10.45 9.88 9.88
2007-01-11 11.7 11.99 11.31 11.31
2007-01-17 13.2 13.5 12.56 12.56
2007-02-08 16.55 17.3 15.8 15.8
2007-03-07 17.05 17.48 17.0 17.0
2007-03-08 17.67 18.16 17.07 17.07
2007-03-26 18.95 19.0 18.45 18.45
2007-04-02 17.73 17.9 17.4 17.4
2007-04-03 18.14 18.3 17.73 17.73
2007-04-05 18.67 18.8 18.28 18.28
2007-04-09 20.27 20.27 18.45 18.45
2007-04-19 28.26 29.07 27.0 27.0
2007-04-20 31.09 31.09 29.0 29.0
2007-05-18 33.33 33.33 30.3 30.3
2007-05-31 35.93 36.79 34.0 34.0
2007-06-11 38.6 41.01 38.09 38.09
2007-06-15 38.0 39.0 37.52 37.52
2007-07-03 34.51 35.2 33.7 33.7
2007-07-09 35.04 35.04 32.0 32.0
2007-07-19 34.95 35.6 34.8 34.8
2007-07-23 37.1 37.1 35.2 35.2
2007-08-08 44.28 45.88 42.5 42.5
2007-08-17 40.7 41.6 39.8 39.8
2007-08-30 41.49 41.98 40.12 40.12
2007-09-10 49.66 53.8 48.0 48.0
2007-09-13 47.5 48.0 46.7 46.7
2007-09-27 43.44 43.98 43.02 43.02
2007-10-10 47.0 48.49 45.76 45.76
2007-10-16 44.14 45.15 43.72 43.72
2007-10-22 44.52 47.19 44.21 44.21
2007-11-09 36.2 36.7 34.13 34.13
2007-11-16 37.26 39.0 36.56 36.56
2007-11-23 36.06 36.58 35.35 35.35
2007-12-06 37.78 38.12 37.0 37.0
2007-12-12 39.7 39.84 39.31 39.31
2007-12-21 37.93 37.99 35.0 35.0
2008-01-09 43.37 44.0 42.5 42.5
2008-01-23 37.32 38.49 36.2 36.2
2008-01-29 37.4 38.0 36.01 36.01
2008-02-18 39.5 40.39 38.84 38.84
2008-02-20 40.82 41.95 40.57 40.57
2008-03-21 28.77 28.77 28.77 28.77
2008-03-28 29.59 29.78 28.01 28.01
2008-04-09 29.28 29.28 29.28 29.28
2008-05-07 30.8 31.58 29.05 29.05
2008-06-17 25.89 26.47 24.2 24.2
2008-06-30 23.87 24.3 23.01 23.01
2008-07-07 24.63 24.86 23.3 23.3
2008-07-22 25.76 26.06 25.15 25.15
2008-07-29 25.67 26.37 25.5 25.5
2008-08-20 24.04 24.15 21.9 21.9
2008-09-17 17.83 18.05 17.45 17.45
2008-10-07 8.49 8.79 8.11 8.11
2008-10-24 7.09 7.2 6.91 6.91
2008-10-28 7.68 7.78 6.95 6.95
2008-11-03 8.0 8.45 7.81 7.81
2008-11-07 8.59 8.72 8.15 8.15
2008-11-19 12.18 12.18 10.91 10.91
2009-03-10 15.53 15.59 14.8 14.8
2009-04-07 18.98 19.0 17.95 17.95
2009-05-06 19.19 19.37 18.8 18.8
2009-05-19 18.21 18.29 17.8 17.8
2009-08-05 19.58 19.82 18.65 18.65
2009-08-20 14.3 14.35 13.8 13.8
2009-08-24 16.16 16.16 14.63 14.63
2009-09-03 15.23 15.47 14.6 14.6
2009-10-20 15.81 16.0 15.33 15.33
2009-10-23 17.39 17.62 16.0 16.0
2009-11-23 22.61 22.88 21.38 21.38
2009-12-24 21.15 21.44 20.65 20.65
2010-01-14 25.41 25.56 25.1 25.1
2010-03-09 23.43 24.35 23.3 23.3
2010-04-12 23.93 24.0 22.89 22.89
2010-04-28 24.13 24.7 24.05 24.05
2010-06-21 13.0 13.08 12.3 12.3
2010-06-22 12.93 13.12 12.8 12.8
2010-07-09 11.82 11.89 11.24 11.24
2010-07-20 12.47 12.63 11.8 11.8
2010-07-28 13.71 13.73 13.32 13.32
2010-10-29 19.8 19.8 19.8 19.8
2010-11-01 21.78 21.78 21.78 21.78
2010-11-02 23.96 23.96 23.96 23.96
2010-12-07 19.44 19.47 18.86 18.86
2011-01-06 20.38 21.06 20.24 20.24
2011-01-18 17.14 17.21 16.59 16.59
2011-03-04 18.78 18.9 18.21 18.21
2011-03-07 19.17 19.29 18.8 18.8
2011-03-25 19.76 19.76 18.1 18.1
2011-04-07 20.71 21.3 20.44 20.44
2011-04-18 19.59 19.88 19.21 19.21
2011-04-22 19.69 19.95 19.45 19.45
2011-05-09 17.23 17.39 17.03 17.03
2011-06-13 15.13 15.72 14.7 14.7
2011-06-21 13.56 13.65 13.2 13.2
2011-07-14 15.52 15.55 15.25 15.25
2011-07-21 16.23 16.74 16.15 16.15
2011-08-11 14.87 15.07 14.07 14.07
2011-11-03 10.29 10.77 10.24 10.24
2011-11-17 10.69 10.85 10.48 10.48
2011-12-30 8.95 9.0 8.58 8.58
2012-02-15 9.64 9.7 9.47 9.47
2012-03-15 11.05 11.64 10.8 10.8
2012-03-26 10.78 10.83 10.59 10.59
2012-05-08 9.45 9.68 9.31 9.31
2012-05-24 8.98 9.16 8.85 8.85
2012-06-11 8.69 8.74 8.53 8.53
2012-07-24 7.35 7.39 7.13 7.13
2012-07-25 7.32 7.38 7.26 7.26
2012-07-30 7.43 7.59 7.34 7.34
2012-08-07 7.68 7.69 7.41 7.41
2012-09-27 7.87 7.94 7.6 7.6
2012-10-09 8.33 8.4 8.1 8.1
2012-10-10 8.33 8.4 8.22 8.22
2012-11-09 7.3 7.36 7.21 7.21
2012-12-06 6.23 6.36 6.21 6.21
2012-12-14 6.82 6.83 6.42 6.42
2013-01-14 8.89 8.89 8.13 8.13
2013-01-18 11.59 11.59 11.17 11.17
2013-01-21 12.75 12.75 12.75 12.75
2013-03-20 14.6 14.83 13.93 13.93
2013-05-09 14.45 14.45 13.2 13.2
2013-06-14 15.64 15.85 15.25 15.25
2013-09-02 14.85 15.07 14.61 14.61
2013-09-23 15.17 15.3 14.89 14.89
2013-10-08 14.68 14.73 14.15 14.15
2013-12-03 13.64 13.7 13.29 13.29
2013-12-09 13.43 13.55 13.32 13.32
2013-12-13 12.99 13.26 12.9 12.9
2014-01-22 11.95 12.07 11.56 11.56
2014-01-29 12.22 12.28 12.02 12.02
2014-02-24 12.47 12.59 12.31 12.31
2014-05-06 11.51 11.62 11.35 11.35
2014-05-20 11.43 11.52 11.33 11.33
2014-06-26 11.28 11.4 11.19 11.19
2014-06-30 12.0 12.38 11.3 11.3
2014-07-21 13.52 13.56 12.99 12.99
2014-07-28 13.33 13.52 13.02 13.02
2014-08-11 14.87 15.08 14.6 14.6
2014-08-21 16.21 16.99 15.36 15.36
2014-08-26 17.81 18.3 17.3 17.3
2014-09-09 20.17 20.17 18.48 18.48
2014-12-08 25.77 25.77 25.77 25.77
2015-01-20 21.22 21.24 20.5 20.5
2015-02-09 20.58 21.29 20.35 20.35
2015-02-10 20.74 20.86 20.37 20.37
2015-02-13 21.6 21.76 20.95 20.95
2015-02-27 23.09 23.95 22.98 22.98
2015-03-17 24.46 24.79 23.75 23.75
2015-03-26 25.98 27.35 25.58 25.58
2015-04-14 26.11 26.27 25.6 25.6
2015-04-27 30.93 32.51 30.52 30.52
2015-06-09 33.84 33.84 33.84 33.84
2015-07-08 15.64 16.76 15.64 15.64
2015-07-09 17.2 17.2 14.5 14.5
2015-08-04 23.2 23.2 21.52 21.52
2015-09-30 15.84 15.84 14.53 14.53
2015-10-16 19.43 19.43 19.43 19.43
2016-01-05 18.04 18.62 16.4 16.4
2016-02-04 16.1 16.47 15.77 15.77
2016-03-17 15.14 15.2 14.7 14.7
2016-04-11 15.8 15.91 15.63 15.63
2016-05-31 14.29 14.4 13.72 13.72
2016-06-17 13.95 14.12 13.86 13.86
2016-07-19 15.9 16.08 15.76 15.76
2016-09-30 14.35 14.4 14.23 14.23
2016-10-24 15.0 15.08 14.88 14.88
2016-11-14 15.22 15.3 15.05 15.05
2016-12-07 15.83 15.85 15.35 15.35
2016-12-15 14.63 14.98 14.32 14.32
2016-12-22 14.77 14.88 14.69 14.69
2017-01-03 14.76 14.84 14.34 14.34
2017-02-20 15.94 15.98 15.7 15.7
2017-03-03 15.92 16.12 15.67 15.67
2017-03-16 15.67 15.69 15.53 15.53
2017-03-20 15.7 15.72 15.44 15.44
2017-05-09 14.33 14.49 13.91 13.91
2017-06-06 13.47 13.66 13.3 13.3
2017-06-26 14.01 14.02 13.74 13.74
2017-08-04 14.8 14.81 13.43 13.43
2017-09-04 14.9 14.92 14.7 14.7
