1996-08-12 8.71 8.84 8.48 8.48
1996-10-16 6.82 7.16 6.68 6.68
1996-11-07 8.43 8.59 8.0 8.0
1996-11-20 13.1 13.28 10.99 10.99
1996-12-16 12.6 12.6 12.6 12.6
1996-12-17 11.34 11.34 11.34 11.34
1996-12-18 11.55 12.0 10.21 10.21
1996-12-23 9.86 10.1 8.6 8.6
1996-12-25 10.43 10.43 9.5 9.5
1996-12-30 12.0 12.18 11.7 11.7
1997-02-19 5.89 5.98 5.63 5.63
1997-02-20 5.75 5.8 5.3 5.3
1997-03-31 7.67 7.73 7.23 7.23
1997-04-17 8.45 8.45 8.45 8.45
1997-04-18 9.3 9.3 9.3 9.3
1997-05-19 8.46 8.7 8.21 8.21
1997-05-27 7.54 7.6 7.3 7.3
1997-05-30 7.65 7.65 7.4 7.4
1997-06-06 7.17 7.42 7.06 7.06
1997-06-16 7.15 7.25 7.0 7.0
1997-06-20 6.99 7.05 6.67 6.67
1997-07-18 5.89 5.95 5.7 5.7
1997-07-25 5.72 5.89 5.61 5.61
1997-08-01 5.94 5.95 5.81 5.81
1997-08-04 6.17 6.49 6.0 6.0
1997-08-08 6.15 6.22 6.05 6.05
1997-08-22 5.45 5.8 5.27 5.27
1997-10-10 5.13 5.17 5.05 5.05
1997-10-15 5.08 5.14 5.0 5.0
1997-11-11 5.18 5.2 5.03 5.03
1998-03-19 4.57 4.66 4.5 4.5
1998-03-20 4.74 4.75 4.6 4.6
1998-03-23 4.92 4.98 4.79 4.79
1998-05-06 6.1 6.17 5.77 5.77
1998-05-13 7.16 7.28 6.7 6.7
1998-05-25 7.42 7.79 7.3 7.3
1998-06-24 6.3 6.34 5.85 5.85
1998-07-10 6.04 6.1 5.98 5.98
1998-07-16 6.53 6.78 6.06 6.06
1998-07-24 6.41 6.6 6.39 6.39
1998-07-28 6.68 6.78 6.46 6.46
1998-07-31 6.7 6.82 6.55 6.55
1998-09-04 6.31 6.4 6.2 6.2
1998-10-08 6.35 6.43 6.28 6.28
1998-11-13 5.68 5.75 5.63 5.63
1998-11-19 5.68 5.79 5.63 5.63
1998-11-23 5.83 5.89 5.76 5.76
1999-02-01 5.59 5.74 5.25 5.25
1999-03-15 5.8 5.98 5.7 5.7
1999-04-14 5.43 5.48 5.39 5.39
1999-04-20 5.74 5.74 5.2 5.2
1999-07-02 6.66 6.66 6.25 6.25
1999-07-05 7.33 7.33 6.88 6.88
1999-08-30 7.07 7.1 6.75 6.75
1999-09-09 6.84 6.86 6.54 6.54
1999-10-22 5.81 5.88 5.68 5.68
1999-10-26 5.7 5.76 5.66 5.66
1999-10-27 5.96 5.99 5.82 5.82
1999-11-02 5.88 5.95 5.82 5.82
1999-11-29 5.66 5.69 5.6 5.6
1999-12-01 5.84 5.89 5.75 5.75
1999-12-07 5.78 5.85 5.75 5.75
1999-12-09 5.65 5.69 5.63 5.63
2000-03-27 7.8 7.81 7.15 7.15
2000-04-06 7.47 7.5 7.17 7.17
2000-04-12 7.5 7.55 7.3 7.3
2000-04-19 8.61 8.8 8.2 8.2
2000-06-26 8.58 8.85 8.38 8.38
2000-10-10 9.78 9.78 9.32 9.32
2001-01-05 10.8 10.8 10.42 10.42
2001-03-07 9.82 9.85 9.68 9.68
2001-03-13 9.61 9.75 9.6 9.6
2001-03-19 10.1 10.1 9.85 9.85
2001-04-05 10.0 10.0 9.85 9.85
2001-06-04 10.73 10.84 10.62 10.62
2001-06-06 10.95 10.95 10.7 10.7
2001-06-11 10.73 10.89 10.61 10.61
2001-06-12 10.81 10.85 10.7 10.7
2001-07-20 10.78 10.87 10.38 10.38
2001-07-26 10.7 10.72 10.45 10.45
2001-08-01 10.03 10.04 9.6 9.6
2001-08-07 9.51 9.61 9.3 9.3
2001-08-17 9.92 10.07 9.8 9.8
2001-11-13 7.25 7.31 7.2 7.2
2001-11-19 7.6 7.6 7.44 7.44
2001-11-20 7.76 7.9 7.63 7.63
2001-12-10 8.2 8.2 8.12 8.12
2002-04-04 7.6 7.61 7.28 7.28
2002-04-23 7.4 7.44 7.35 7.35
2002-04-26 7.51 7.53 7.33 7.33
2002-06-21 7.42 7.48 7.11 7.11
2002-08-08 7.89 8.0 7.86 7.86
2002-08-20 7.82 7.87 7.67 7.67
2002-08-27 7.89 7.94 7.73 7.73
2002-10-22 6.79 6.86 6.66 6.66
2003-02-19 6.25 6.25 6.13 6.13
2003-02-24 6.06 6.09 6.03 6.03
2003-02-25 6.23 6.23 6.04 6.04
2003-05-14 5.28 5.28 5.12 5.12
2003-07-04 5.23 5.26 5.22 5.22
2003-07-11 5.35 5.36 5.26 5.26
2003-08-07 5.16 5.19 5.14 5.14
2003-09-01 4.87 4.9 4.78 4.78
2003-09-03 4.91 4.95 4.82 4.82
2003-09-09 4.99 5.08 4.88 4.88
2003-09-30 4.59 4.6 4.54 4.54
2003-11-03 4.12 4.15 4.08 4.08
2003-12-01 4.79 4.79 4.79 4.79
2003-12-23 4.49 4.7 3.88 3.88
2003-12-26 4.41 4.55 4.36 4.36
2004-01-05 4.32 4.36 4.2 4.2
2004-01-08 4.39 4.4 4.21 4.21
2004-03-16 5.67 5.74 5.52 5.52
2004-03-22 6.29 6.35 5.9 5.9
2004-03-29 6.23 6.35 6.02 6.02
2004-07-16 6.31 6.32 6.12 6.12
2004-07-29 6.24 6.28 6.2 6.2
2004-08-31 5.9 6.05 5.77 5.77
2004-10-18 6.15 6.26 6.0 6.0
2004-11-02 5.67 5.75 5.6 5.6
2005-04-19 2.67 2.7 2.58 2.58
2005-06-03 2.14 2.17 2.11 2.11
2005-06-08 2.31 2.33 2.15 2.15
2005-10-31 1.94 1.94 1.88 1.88
2005-11-02 1.97 1.99 1.9 1.9
2005-12-23 1.99 2.0 1.91 1.91
2006-01-04 1.98 1.99 1.96 1.96
2006-05-29 2.64 2.64 2.42 2.42
2006-06-28 3.69 3.75 3.42 3.42
2006-10-17 2.63 2.72 2.62 2.62
2006-10-24 2.61 2.65 2.51 2.51
2007-02-16 3.75 3.75 3.55 3.55
2007-02-28 4.42 4.42 3.62 3.62
2007-04-18 6.74 6.74 6.2 6.2
2007-05-11 6.94 7.02 6.45 6.45
2007-05-30 7.86 8.08 7.86 7.86
2007-05-31 7.47 7.47 7.47 7.47
2007-06-01 7.1 7.37 7.1 7.1
2007-06-04 6.75 6.75 6.75 6.75
2007-06-05 6.41 6.41 6.41 6.41
2007-06-06 6.09 6.41 6.09 6.09
2007-06-26 5.4 5.4 5.4 5.4
2007-06-27 5.17 5.38 5.13 5.13
2007-07-02 4.66 4.66 4.66 4.66
2007-07-03 4.8 4.83 4.43 4.43
2007-07-18 4.97 5.1 4.89 4.89
2007-08-20 6.89 6.89 6.31 6.31
2008-05-07 8.39 8.39 8.39 8.39
2008-05-09 7.97 7.97 7.97 7.97
2008-05-12 7.57 7.57 7.57 7.57
2008-05-13 7.19 7.55 7.19 7.19
2008-08-11 5.24 5.24 5.24 5.24
2008-08-12 4.98 4.98 4.98 4.98
2008-08-13 4.73 4.73 4.73 4.73
2008-08-14 4.49 4.49 4.49 4.49
2008-08-15 4.27 4.27 4.27 4.27
2008-08-18 4.06 4.19 4.06 4.06
2008-08-19 3.88 3.99 3.86 3.86
2008-08-20 4.05 4.07 3.76 3.76
2008-08-27 4.0 4.0 3.76 3.76
2008-08-28 4.0 4.08 3.93 3.93
2008-09-04 4.0 4.02 3.93 3.93
2008-09-08 3.92 3.95 3.81 3.81
2008-09-10 3.91 3.97 3.88 3.88
2008-09-24 3.96 3.99 3.7 3.7
2008-09-25 4.16 4.16 3.97 3.97
2008-10-07 4.56 4.56 4.12 4.12
2008-10-08 4.79 4.79 4.56 4.56
2008-10-29 4.87 5.15 4.77 4.77
2008-11-05 4.86 4.9 4.78 4.78
2008-12-10 5.53 5.53 5.53 5.53
2009-03-31 6.72 6.84 6.38 6.38
2009-04-30 7.68 7.78 7.4 7.4
2009-07-06 9.24 9.24 9.24 9.24
2009-11-25 9.4 9.45 9.13 9.13
2009-11-30 8.83 8.85 8.52 8.52
2010-09-06 6.86 7.06 6.69 6.69
2010-09-07 6.93 6.99 6.84 6.84
2011-02-11 6.41 6.54 6.36 6.36
2011-02-14 6.44 6.5 6.39 6.39
2011-08-15 6.79 7.05 6.67 6.67
2012-08-21 4.73 4.78 4.68 4.68
2012-09-14 4.95 5.08 4.85 4.85
2012-10-09 5.16 5.22 5.01 5.01
2013-01-21 5.83 5.91 5.35 5.35
2013-05-29 5.33 5.38 5.22 5.22
2013-06-05 5.04 5.1 5.0 5.0
2013-11-05 6.02 6.03 5.81 5.81
2013-12-26 6.96 7.02 6.77 6.77
2014-04-09 10.16 10.3 9.57 9.57
2014-05-28 9.08 9.14 8.93 8.93
2015-02-13 10.63 10.77 10.37 10.37
2015-07-13 6.62 6.62 6.62 6.62
2015-07-14 7.28 7.28 7.28 7.28
2015-07-16 7.68 7.92 6.85 6.85
2015-11-09 9.87 9.87 9.28 9.28
2016-05-10 7.2 7.25 7.1 7.1
2016-06-22 7.42 7.44 7.22 7.22
2016-12-21 7.63 7.66 7.58 7.58
2017-08-08 5.07 5.08 5.04 5.04
2017-08-14 5.07 5.07 5.0 5.0
2017-08-17 5.17 5.22 5.08 5.08
