1995-11-03 17.75 18.1 17.4 17.4
1995-12-22 14.19 14.2 14.0 14.0
1996-01-04 12.18 12.2 11.8 11.8
1996-01-15 12.24 12.55 12.05 12.05
1996-01-31 11.43 11.48 11.29 11.29
1996-02-02 11.58 11.65 11.25 11.25
1996-02-07 11.35 11.6 11.25 11.25
1996-02-13 11.45 11.49 11.38 11.38
1996-03-18 13.18 13.2 12.89 12.89
1996-03-25 13.45 13.55 13.32 13.32
1996-04-09 13.92 14.0 13.87 13.87
1996-04-11 14.08 14.14 13.96 13.96
1996-04-15 14.22 14.3 14.11 14.11
1996-04-18 14.35 14.37 14.19 14.19
1996-04-19 14.82 14.95 14.41 14.41
1996-04-26 17.19 17.62 16.0 16.0
1996-04-29 17.85 18.2 17.5 17.5
1996-05-03 17.5 17.7 16.6 16.6
1996-05-13 18.93 18.95 18.81 18.81
1996-05-15 20.15 20.18 19.25 19.25
1996-05-29 9.6 9.63 9.12 9.12
1996-06-03 10.6 10.86 9.8 9.8
1996-06-12 12.3 12.77 11.85 11.85
1996-06-25 12.7 13.1 12.2 12.2
1996-07-02 12.5 12.8 12.3 12.3
1996-08-30 9.97 10.0 9.81 9.81
1996-09-03 10.43 10.86 10.18 10.18
1996-09-17 9.1 9.17 9.0 9.0
1996-09-26 11.48 11.5 11.0 11.0
1996-10-10 11.21 11.34 11.0 11.0
1996-10-28 11.38 11.6 11.0 11.0
1996-11-04 12.08 12.24 11.55 11.55
1996-12-02 12.1 12.2 11.4 11.4
1996-12-16 10.98 10.98 10.98 10.98
1996-12-17 9.88 10.8 9.88 9.88
1996-12-26 10.64 10.8 10.2 10.2
1997-01-09 10.62 10.8 10.57 10.57
1997-02-19 11.79 11.85 11.28 11.28
1997-02-20 12.0 12.5 10.61 10.61
1997-04-23 16.15 16.49 16.05 16.05
1997-06-13 15.48 15.5 14.8 14.8
1997-06-16 16.0 16.8 15.7 15.7
1997-08-13 12.86 13.1 12.69 12.69
1997-08-14 13.18 13.2 12.9 12.9
1997-08-18 11.52 11.58 11.52 11.52
1997-09-24 10.2 10.3 9.81 9.81
1997-09-30 9.89 9.99 9.71 9.71
1997-10-15 10.65 10.79 10.2 10.2
1997-11-05 10.77 10.88 10.61 10.61
1997-12-02 9.78 9.95 9.75 9.75
1997-12-23 9.8 10.05 9.58 9.58
1997-12-26 9.85 10.03 9.75 9.75
1998-02-13 10.46 10.87 10.32 10.32
1998-04-06 10.3 10.5 10.15 10.15
1998-04-15 10.12 10.15 10.01 10.01
1998-04-28 10.03 10.25 9.81 9.81
1998-05-26 10.13 10.28 10.05 10.05
1998-06-10 9.88 9.97 9.79 9.79
1998-07-08 9.01 9.05 8.95 8.95
1998-08-18 6.15 6.5 6.08 6.08
1998-08-19 6.62 6.65 6.16 6.16
1998-09-03 6.65 6.7 6.51 6.51
1998-09-07 6.8 6.91 6.7 6.7
1998-09-11 7.54 7.6 7.11 7.11
1998-09-23 7.18 7.26 7.1 7.1
1998-10-23 6.58 6.73 6.56 6.56
1998-10-29 6.54 6.61 6.5 6.5
1998-11-02 6.53 6.55 6.4 6.4
1998-11-13 7.14 7.14 6.82 6.82
1998-12-08 6.78 6.8 6.71 6.71
1998-12-24 6.48 6.48 6.4 6.4
1999-02-09 6.12 6.12 5.96 5.96
1999-03-01 6.73 6.73 6.73 6.73
1999-03-11 6.63 6.68 6.52 6.52
1999-03-15 6.78 6.95 6.7 6.7
1999-04-29 6.41 6.44 6.27 6.27
1999-05-18 5.87 5.98 5.8 5.8
1999-05-27 6.8 6.88 6.5 6.5
1999-06-14 7.49 7.49 7.02 7.02
1999-06-21 8.29 8.35 8.05 8.05
1999-06-28 8.55 8.6 8.12 8.12
1999-07-23 7.58 7.7 7.48 7.48
1999-08-06 7.44 7.5 7.22 7.22
1999-08-17 6.91 7.05 6.81 6.81
1999-09-14 7.48 7.58 7.32 7.32
1999-09-17 7.3 7.38 7.2 7.2
1999-09-24 7.4 7.45 7.35 7.35
1999-10-27 7.49 7.6 7.2 7.2
1999-10-29 8.05 8.43 8.0 8.0
1999-12-29 5.49 5.49 5.0 5.0
2000-01-06 5.73 5.75 5.5 5.5
2000-02-22 5.4 5.66 5.38 5.38
2000-02-23 5.83 5.94 5.4 5.4
2000-02-28 6.2 6.56 6.0 6.0
2000-03-07 5.8 5.85 5.6 5.6
2000-04-10 7.12 7.3 6.9 6.9
2000-04-14 7.65 7.81 7.11 7.11
2000-05-12 6.5 6.68 6.42 6.42
2000-05-16 6.65 6.65 6.47 6.47
2000-06-13 7.59 7.66 7.15 7.15
2000-06-27 7.88 8.05 7.7 7.7
2000-07-11 8.11 8.15 7.84 7.84
2000-07-25 8.3 8.38 8.1 8.1
2000-08-17 8.12 8.12 7.8 7.8
2000-09-01 7.48 7.6 7.3 7.3
2000-09-14 7.04 7.18 6.8 6.8
2000-11-08 7.1 7.15 7.05 7.05
2000-12-06 7.51 7.79 7.07 7.07
2001-01-19 7.72 7.8 7.65 7.65
2001-02-09 7.88 7.88 7.68 7.68
2001-03-06 7.84 7.95 7.78 7.78
2001-03-09 8.16 8.21 8.1 8.1
2001-03-16 8.32 8.4 8.05 8.05
2001-04-27 7.91 7.97 7.8 7.8
2001-05-23 8.0 8.09 7.88 7.88
2001-05-29 7.72 7.77 7.7 7.7
2001-06-13 7.76 7.8 7.71 7.71
2001-06-19 7.48 7.65 7.42 7.42
2001-06-22 7.52 7.57 7.4 7.4
2001-07-03 7.57 7.62 7.45 7.45
2001-08-01 7.24 7.26 7.05 7.05
2001-08-10 6.79 6.82 6.65 6.65
2001-08-28 6.19 6.19 6.02 6.02
2001-09-04 6.24 6.25 6.12 6.12
2001-09-13 6.08 6.19 6.0 6.0
2001-09-18 5.95 6.0 5.8 5.8
2001-09-28 6.34 6.48 6.12 6.12
2001-10-26 6.65 6.66 6.48 6.48
2001-10-29 6.71 6.78 6.67 6.67
2002-01-10 5.78 5.8 5.6 5.6
2002-01-16 5.38 5.4 5.18 5.18
2002-01-25 5.33 5.4 5.2 5.2
2002-01-29 5.16 5.22 4.8 4.8
2002-02-26 5.52 5.54 5.42 5.42
2002-03-01 5.4 5.63 5.4 5.4
2002-03-07 6.0 6.01 5.89 5.89
2002-04-08 5.8 5.86 5.76 5.76
2002-05-21 6.14 6.18 5.9 5.9
2002-07-18 6.83 6.87 6.8 6.8
2002-07-29 6.51 6.6 6.49 6.49
2002-07-30 6.56 6.61 6.45 6.45
2002-08-22 6.53 6.58 6.47 6.47
2002-08-30 6.33 6.5 6.28 6.28
2002-09-11 6.07 6.16 6.0 6.0
2002-09-13 6.2 6.2 6.06 6.06
2002-09-25 6.06 6.1 6.01 6.01
2002-10-15 5.69 5.8 5.68 5.68
2002-10-21 5.76 5.77 5.65 5.65
2002-11-01 5.43 5.47 5.4 5.4
2002-11-04 5.54 5.55 5.43 5.43
2002-11-25 5.14 5.2 4.9 4.9
2002-12-03 5.1 5.15 5.03 5.03
2002-12-30 5.06 5.18 5.02 5.02
2003-01-06 4.96 4.98 4.85 4.85
2003-02-14 5.36 5.42 5.32 5.32
2003-02-19 5.59 5.6 5.46 5.46
2003-03-31 5.56 5.58 5.42 5.42
2003-04-01 5.58 5.66 5.55 5.55
2003-04-04 5.77 5.8 5.58 5.58
2003-04-10 5.84 5.93 5.72 5.72
2003-04-11 5.93 6.07 5.8 5.8
2003-04-17 5.82 5.85 5.64 5.64
2003-04-23 5.87 5.88 5.7 5.7
2003-05-26 6.2 6.2 5.72 5.72
2003-07-08 5.71 5.77 5.65 5.65
2003-08-07 5.72 5.78 5.71 5.71
2003-08-19 5.5 5.53 5.46 5.46
2003-08-21 5.55 5.55 5.52 5.52
2003-08-22 5.57 5.57 5.53 5.53
2003-09-04 5.22 5.25 5.16 5.16
2003-09-08 5.19 5.22 5.16 5.16
2003-09-18 4.94 5.0 4.9 4.9
2003-09-30 4.72 4.8 4.61 4.61
2003-10-09 4.73 4.79 4.7 4.7
2003-10-14 4.76 4.82 4.7 4.7
2003-10-15 4.79 4.84 4.75 4.75
2003-10-17 4.7 4.73 4.63 4.63
2003-10-21 4.7 4.77 4.62 4.62
2003-10-22 4.84 4.87 4.7 4.7
2003-10-24 4.82 4.98 4.75 4.75
2003-11-25 4.59 4.62 4.44 4.44
2003-11-27 4.64 4.68 4.46 4.46
2003-12-09 4.45 4.49 4.41 4.41
2003-12-10 4.52 4.55 4.43 4.43
2003-12-12 4.51 4.6 4.45 4.45
2004-01-06 4.45 4.53 4.28 4.28
2004-02-09 5.27 5.29 5.14 5.14
2004-03-09 4.95 4.96 4.83 4.83
2004-03-31 5.08 5.13 4.93 4.93
2004-04-01 5.06 5.14 5.04 5.04
2004-04-30 4.67 4.73 4.6 4.6
2004-05-12 4.7 4.72 4.55 4.55
2004-06-01 4.41 4.42 4.33 4.33
2004-06-04 4.68 4.7 4.55 4.55
2004-06-11 4.41 4.5 4.31 4.31
2004-06-24 4.27 4.28 4.17 4.17
2004-07-01 4.04 4.06 3.92 3.92
2004-07-16 4.11 4.15 4.05 4.05
2004-08-04 4.12 4.14 3.99 3.99
2004-08-13 4.03 4.05 4.0 4.0
2004-08-24 4.0 4.04 3.95 3.95
2004-09-10 3.86 3.88 3.76 3.76
2004-09-13 3.82 3.89 3.8 3.8
2004-09-14 3.9 3.9 3.82 3.82
2004-09-15 4.1 4.13 3.84 3.84
2004-09-27 4.1 4.2 4.05 4.05
2005-01-05 3.05 3.09 3.0 3.0
2005-01-12 3.1 3.11 3.06 3.06
2005-01-14 3.1 3.12 3.06 3.06
2005-01-18 3.08 3.09 3.0 3.0
2005-02-02 3.03 3.05 2.82 2.82
2005-02-18 3.02 3.03 2.99 2.99
2005-02-22 3.12 3.14 2.99 2.99
2005-03-02 3.14 3.18 3.14 3.14
2005-03-07 3.15 3.15 3.05 3.05
2005-03-25 2.97 3.01 2.96 2.96
2005-04-07 2.78 2.85 2.7 2.7
2005-04-13 2.89 2.89 2.82 2.82
2005-04-26 2.6 2.69 2.53 2.53
2005-05-16 2.64 2.66 2.6 2.6
2005-05-17 2.65 2.66 2.6 2.6
2005-06-06 2.7 2.7 2.66 2.66
2005-06-13 2.76 2.77 2.7 2.7
2005-06-27 2.7 2.74 2.69 2.69
2005-07-20 2.06 2.08 2.04 2.04
2005-07-26 2.13 2.14 2.09 2.09
2005-07-27 2.18 2.19 2.12 2.12
2005-07-29 2.27 2.34 2.18 2.18
2005-08-03 2.29 2.34 2.26 2.26
2005-08-05 2.31 2.32 2.26 2.26
2005-08-09 2.4 2.4 2.28 2.28
2005-09-07 2.54 2.54 2.43 2.43
2005-09-26 2.39 2.45 2.38 2.38
2005-11-02 2.35 2.38 2.25 2.25
2005-11-03 2.33 2.4 2.32 2.32
2005-11-14 2.38 2.4 2.34 2.34
2005-12-06 2.23 2.26 2.2 2.2
2005-12-07 2.26 2.28 2.24 2.24
2005-12-26 2.32 2.32 2.29 2.29
2006-01-12 2.42 2.45 2.37 2.37
2006-02-17 2.42 2.45 2.41 2.41
2006-02-24 2.45 2.47 2.43 2.43
2006-02-27 2.45 2.48 2.45 2.45
2006-03-01 2.63 2.7 2.55 2.55
2006-03-06 2.56 2.59 2.5 2.5
2006-03-27 2.8 2.82 2.73 2.73
2006-03-31 2.69 2.71 2.66 2.66
2006-05-15 2.87 2.89 2.79 2.79
2006-06-15 3.14 3.18 3.1 3.1
2006-06-26 3.35 3.37 3.24 3.24
2006-06-29 3.63 3.75 3.44 3.44
2006-11-28 2.25 2.25 2.18 2.18
2006-12-29 2.24 2.3 2.23 2.23
2007-01-08 2.41 2.42 2.22 2.22
2007-02-06 2.67 2.68 2.56 2.56
2007-02-12 2.86 2.91 2.75 2.75
2007-02-26 3.7 3.7 3.37 3.37
2007-03-07 4.09 4.19 4.0 4.0
2007-03-12 4.72 4.72 4.3 4.3
2007-04-09 5.93 5.93 5.39 5.39
2007-04-17 6.81 6.81 6.25 6.25
2007-04-20 7.25 7.35 7.02 7.02
2007-04-23 7.79 7.97 7.34 7.34
2007-05-21 10.78 10.78 9.43 9.43
2007-05-24 12.54 12.54 11.5 11.5
2007-06-05 8.02 8.35 7.79 7.79
2007-07-23 7.74 7.74 7.1 7.1
2007-08-02 7.95 8.1 7.57 7.57
2007-08-13 7.68 7.79 7.45 7.45
2007-09-17 9.81 10.16 9.6 9.6
2007-11-13 6.94 7.1 6.71 6.71
2007-11-16 7.53 7.9 7.35 7.35
2007-12-07 7.37 7.43 7.2 7.2
2008-04-30 5.11 5.17 4.94 4.94
2008-06-23 3.65 3.76 3.6 3.6
2008-06-24 3.81 3.82 3.66 3.66
2008-06-30 3.74 3.79 3.69 3.69
2008-07-07 4.01 4.03 3.8 3.8
2008-07-23 4.14 4.22 4.09 4.09
2008-10-20 2.25 2.28 2.15 2.15
2008-11-10 2.21 2.22 2.08 2.08
2008-11-13 2.33 2.39 2.19 2.19
2008-11-19 2.51 2.55 2.31 2.31
2008-12-05 2.69 2.71 2.57 2.57
2009-01-08 2.88 2.95 2.8 2.8
2009-06-03 4.21 4.23 4.12 4.12
2009-06-29 6.42 6.42 5.76 5.76
2009-08-25 5.52 5.52 5.52 5.52
2009-10-23 5.95 6.09 5.9 5.9
2009-11-25 8.78 8.78 8.06 8.06
2009-11-30 8.3 8.31 7.7 7.7
2009-12-10 8.15 8.49 8.02 8.02
2009-12-21 7.28 7.36 7.17 7.17
2009-12-23 7.23 7.25 7.1 7.1
2010-01-04 8.1 8.3 7.78 7.78
2010-01-28 8.4 8.48 8.2 8.2
2010-02-09 9.17 9.59 9.09 9.09
2010-05-24 10.16 10.29 9.48 9.48
2010-07-02 7.74 7.74 7.1 7.1
2010-07-06 7.61 7.7 7.41 7.41
2010-08-24 10.92 11.22 10.22 10.22
2010-10-19 9.19 9.28 8.9 8.9
2010-11-04 11.76 11.9 10.81 10.81
2011-01-04 10.1 10.37 9.59 9.59
2011-01-26 8.1 8.16 8.0 8.0
2011-02-28 9.97 10.08 9.65 9.65
2011-04-07 9.48 9.57 9.2 9.2
2011-05-09 9.41 9.54 9.32 9.32
2011-05-16 9.4 9.5 9.3 9.3
2011-05-19 9.85 10.08 9.76 9.76
2011-06-13 8.68 8.72 8.45 8.45
2011-06-24 8.1 8.18 7.91 7.91
2011-06-30 8.12 8.23 8.08 8.08
2011-07-11 9.27 9.34 8.4 8.4
2011-07-19 8.89 9.08 8.82 8.82
2011-08-01 8.22 8.28 8.06 8.06
2011-09-07 7.43 7.5 7.18 7.18
2011-11-29 6.83 6.87 6.72 6.72
2012-01-16 4.71 4.83 4.63 4.63
2012-03-02 5.2 5.22 5.1 5.1
2012-05-02 4.19 4.19 4.19 4.19
2012-05-03 3.98 3.98 3.98 3.98
2012-05-04 3.88 4.08 3.78 3.78
2012-05-08 3.82 3.87 3.78 3.78
2012-07-30 2.57 2.57 2.57 2.57
2012-07-31 2.44 2.44 2.44 2.44
2012-08-01 2.32 2.36 2.32 2.32
2012-10-08 2.61 2.61 2.49 2.49
2012-11-09 3.11 3.17 3.03 3.03
2012-12-14 2.92 2.93 2.79 2.79
2012-12-17 3.07 3.07 2.88 2.88
2012-12-26 3.18 3.2 3.02 3.02
2013-01-08 3.11 3.17 3.03 3.03
2013-01-15 3.11 3.17 3.07 3.07
2013-01-24 3.63 3.69 3.53 3.53
2013-01-25 3.81 3.81 3.63 3.63
2013-02-27 3.54 3.55 3.46 3.46
2013-03-25 3.82 3.89 3.78 3.78
2013-03-29 3.9 4.02 3.81 3.81
2013-04-01 3.94 4.02 3.87 3.87
2013-04-17 3.83 3.83 3.72 3.72
2013-09-09 3.87 4.29 3.55 3.55
2013-10-15 3.58 3.59 3.48 3.48
2013-10-30 3.05 3.1 3.01 3.01
2013-12-24 3.29 3.34 3.23 3.23
2014-01-07 3.13 3.15 3.09 3.09
2014-01-28 3.23 3.25 3.2 3.2
2014-02-13 3.78 3.78 3.43 3.43
2014-02-26 3.6 3.69 3.52 3.52
2014-04-02 3.71 3.76 3.67 3.67
2014-05-20 4.58 4.7 4.22 4.22
2014-07-18 5.94 5.99 5.72 5.72
2014-07-23 6.28 6.6 6.06 6.06
2014-08-29 5.95 6.05 5.81 5.81
2014-10-20 7.33 7.34 7.02 7.02
2014-11-14 7.18 7.32 7.06 7.06
2014-12-16 8.84 9.09 8.61 8.61
2014-12-18 9.06 9.15 8.74 8.74
2015-01-20 6.91 6.91 6.7 6.7
2015-02-10 7.53 7.82 7.18 7.18
2015-03-04 8.28 8.34 8.2 8.2
2015-03-05 8.55 8.67 8.3 8.3
2015-04-17 10.24 10.5 10.16 10.16
2015-04-21 11.14 11.59 10.4 10.4
2015-07-08 5.85 5.85 5.85 5.85
2015-07-09 6.44 6.44 5.27 5.27
2015-07-21 8.47 8.66 8.08 8.08
2015-08-04 10.44 10.44 9.51 9.51
2015-08-10 11.24 11.45 10.65 10.65
2015-08-25 8.31 8.52 8.31 8.31
2015-09-21 7.91 7.91 7.39 7.39
2015-12-03 10.05 10.1 9.74 9.74
2015-12-21 9.94 10.06 9.82 9.82
2016-01-29 6.06 6.13 5.75 5.75
2016-02-16 6.31 6.38 6.05 6.05
2016-09-19 7.03 7.09 7.0 7.0
2016-09-21 6.99 7.05 6.96 6.96
2016-11-17 9.35 9.36 9.18 9.18
2016-12-15 9.62 9.89 9.33 9.33
2017-03-01 10.08 10.14 9.98 9.98
2017-03-06 9.85 9.88 9.75 9.75
2017-03-16 9.52 9.54 9.39 9.39
2017-04-06 8.64 8.85 8.6 8.6
2017-04-07 8.77 8.85 8.64 8.64
2017-05-03 6.64 6.64 6.3 6.3
2017-05-16 6.09 6.09 5.71 5.71
2017-06-21 6.5 6.66 6.46 6.46
2017-06-29 6.45 6.53 6.41 6.41
2017-06-30 6.49 6.51 6.41 6.41
2017-07-05 6.58 6.59 6.48 6.48
2017-07-14 6.23 6.29 6.13 6.13
2017-08-17 5.92 5.98 5.79 5.79
