1996-03-07 7.53 7.54 7.2 7.2
1996-03-13 6.83 6.91 6.71 6.71
1996-03-20 6.94 7.07 6.88 6.88
1996-04-10 6.63 6.7 6.55 6.55
1996-04-16 6.73 6.75 6.62 6.62
1996-04-17 6.72 6.8 6.7 6.7
1996-04-26 8.06 8.19 7.5 7.5
1996-04-29 9.65 9.7 8.5 8.5
1996-05-06 7.8 7.95 7.6 7.6
1996-05-10 7.77 7.83 7.65 7.65
1996-05-31 7.03 7.18 6.82 6.82
1996-06-13 7.95 7.98 7.51 7.51
1996-06-17 7.71 8.0 7.7 7.7
1996-06-20 8.03 8.1 7.8 7.8
1996-07-03 8.4 8.56 8.35 8.35
1996-07-15 8.75 8.8 8.5 8.5
1996-07-23 9.3 9.39 9.1 9.1
1996-08-01 8.6 8.78 8.52 8.52
1996-08-06 9.07 9.1 8.86 8.86
1996-08-09 9.4 9.6 9.2 9.2
1996-08-28 8.18 8.33 7.95 7.95
1996-09-02 8.16 8.28 8.04 8.04
1996-09-13 7.51 7.54 7.11 7.11
1996-09-20 7.94 8.04 7.8 7.8
1996-10-17 8.0 8.15 7.9 7.9
1996-10-21 8.76 8.76 7.9 7.9
1996-10-28 8.83 8.95 8.5 8.5
1996-11-11 8.7 8.78 8.3 8.3
1996-11-25 8.9 9.4 8.85 8.85
1996-12-16 9.62 9.62 9.62 9.62
1996-12-17 8.66 8.66 8.66 8.66
1996-12-18 9.1 9.4 7.79 7.79
1996-12-30 8.76 8.8 8.25 8.25
1997-01-03 8.4 8.66 8.11 8.11
1997-01-07 8.15 8.25 7.91 7.91
1997-02-19 7.89 7.9 7.6 7.6
1997-02-20 7.7 7.73 7.1 7.1
1997-03-14 10.18 10.18 9.25 9.25
1997-03-31 10.18 10.19 9.6 9.6
1997-04-16 10.74 11.09 10.5 10.5
1997-04-18 11.18 11.48 10.8 10.8
1997-04-24 9.62 9.87 9.23 9.23
1997-05-19 8.24 8.29 7.95 7.95
1997-05-20 8.3 8.4 8.01 8.01
1997-05-28 7.17 7.25 7.0 7.0
1997-06-06 7.44 7.88 7.28 7.28
1997-06-13 7.48 7.49 6.54 6.54
1997-07-15 6.35 6.35 6.12 6.12
1997-07-16 6.48 6.8 6.25 6.25
1997-07-18 6.66 6.72 6.1 6.1
1997-07-21 6.8 7.16 6.65 6.65
1997-07-28 6.75 6.84 6.55 6.55
1997-08-01 6.74 6.75 6.65 6.65
1997-08-07 6.75 6.81 6.58 6.58
1997-08-12 7.28 7.5 7.0 7.0
1997-08-29 7.45 7.77 7.32 7.32
1997-09-15 7.67 7.99 7.6 7.6
1997-09-30 6.46 6.46 6.11 6.11
1997-10-08 6.62 6.69 6.43 6.43
1997-10-16 6.83 7.08 6.73 6.73
1997-11-20 6.31 6.45 6.25 6.25
1997-11-25 6.6 6.6 6.26 6.26
1997-11-28 6.45 6.45 6.25 6.25
1997-12-05 6.31 6.45 6.26 6.26
1997-12-22 6.62 6.73 6.35 6.35
1997-12-24 6.9 7.1 6.7 6.7
1998-01-08 7.35 7.45 7.06 7.06
1998-02-17 7.1 7.14 6.9 6.9
1998-02-24 7.13 7.14 7.0 7.0
1998-02-25 7.4 7.47 7.13 7.13
1998-03-03 7.29 7.35 7.11 7.11
1998-03-05 7.32 7.38 7.18 7.18
1998-03-17 7.06 7.06 6.85 6.85
1998-03-23 7.15 7.48 7.05 7.05
1998-03-24 7.32 7.4 7.08 7.08
1998-04-08 9.37 9.37 8.7 8.7
1998-04-14 8.95 9.02 8.31 8.31
1998-04-21 9.0 9.12 8.45 8.45
1998-05-25 9.59 9.67 9.21 9.21
1998-06-17 8.6 8.78 8.5 8.5
1998-07-03 9.05 9.08 8.89 8.89
1998-07-06 9.34 9.44 8.91 8.91
1998-07-23 7.68 7.69 7.44 7.44
1998-07-24 7.82 8.14 7.74 7.74
1998-07-27 8.07 8.1 7.82 7.82
1998-08-12 8.68 8.8 8.3 8.3
1998-08-20 8.93 9.07 8.7 8.7
1998-09-14 9.4 9.48 9.12 9.12
1998-09-21 10.15 10.2 9.76 9.76
1998-10-27 8.73 8.97 8.6 8.6
1998-11-02 9.08 9.08 8.86 8.86
1998-11-06 9.61 9.65 9.3 9.3
1998-12-04 9.16 9.24 9.02 9.02
1998-12-25 8.58 8.74 8.15 8.15
1999-01-06 8.32 8.4 8.2 8.2
1999-01-11 9.15 9.18 8.65 8.65
1999-02-02 7.34 7.7 7.27 7.27
1999-02-09 6.89 7.0 6.76 6.76
1999-03-02 7.35 7.45 7.0 7.0
1999-03-03 7.46 7.5 7.3 7.3
1999-03-09 7.73 8.0 7.6 7.6
1999-03-19 7.66 7.68 7.35 7.35
1999-03-22 8.16 8.35 7.88 7.88
1999-04-20 8.01 8.03 7.5 7.5
1999-04-22 8.27 8.38 7.28 7.28
1999-05-07 9.12 9.18 8.95 8.95
1999-05-11 9.42 9.48 8.88 8.88
1999-05-13 10.02 10.15 9.69 9.69
1999-05-25 11.26 11.34 10.25 10.25
1999-06-07 13.17 13.7 12.73 12.73
1999-06-23 13.85 13.98 13.17 13.17
1999-07-05 17.35 17.5 16.5 16.5
1999-07-22 17.89 18.41 16.65 16.65
1999-08-17 12.77 12.99 12.4 12.4
1999-08-26 13.2 13.2 13.0 13.0
1999-09-09 13.14 13.2 12.65 12.65
1999-09-13 13.09 13.22 12.85 12.85
1999-09-20 13.5 13.69 13.22 13.22
1999-10-20 11.7 11.82 11.45 11.45
1999-11-03 12.0 12.0 11.7 11.7
1999-11-29 7.72 7.78 7.69 7.69
1999-11-30 7.71 7.76 7.7 7.7
1999-12-01 7.8 7.84 7.71 7.71
1999-12-28 6.99 7.05 6.94 6.94
1999-12-29 6.86 7.0 6.5 6.5
2000-01-07 8.16 8.16 7.58 7.58
2000-01-19 7.78 7.94 7.7 7.7
2000-01-20 7.78 7.85 7.7 7.7
2000-01-28 8.13 8.22 7.8 7.8
2000-03-17 8.6 8.68 8.21 8.21
2000-03-20 8.74 8.85 8.07 8.07
2000-04-05 9.9 9.9 9.05 9.05
2000-04-10 10.85 10.85 9.99 9.99
2000-05-09 9.58 9.79 9.4 9.4
2000-05-16 8.68 8.87 8.44 8.44
2000-05-22 9.25 9.38 8.98 8.98
2000-05-24 9.19 9.35 9.15 9.15
2000-05-31 9.21 9.29 9.01 9.01
2000-06-07 9.83 9.83 9.51 9.51
2000-06-12 9.48 9.48 9.2 9.2
2000-06-16 9.63 9.85 9.54 9.54
2000-06-21 9.24 9.28 9.1 9.1
2000-06-22 9.28 9.4 9.2 9.2
2000-06-28 9.27 9.33 9.16 9.16
2000-07-03 8.32 8.55 8.03 8.03
2000-07-07 8.34 8.38 8.29 8.29
2000-07-26 9.33 9.35 9.0 9.0
2000-08-16 10.73 10.9 10.52 10.52
2000-09-04 11.47 11.48 11.02 11.02
2000-09-29 11.57 11.66 11.35 11.35
2000-10-10 12.22 12.29 11.88 11.88
2000-10-18 12.36 12.44 12.15 12.15
2000-12-05 12.76 12.84 12.4 12.4
2000-12-21 11.95 12.05 11.8 11.8
2001-01-03 11.84 11.96 11.58 11.58
2001-01-10 12.19 12.3 11.85 11.85
2001-02-13 11.23 11.4 11.1 11.1
2001-02-19 11.7 11.9 11.41 11.41
2001-03-02 11.82 11.86 11.36 11.36
2001-03-14 11.56 11.6 11.33 11.33
2001-03-30 12.36 12.36 12.16 12.16
2001-04-06 12.5 12.72 12.35 12.35
2001-04-13 12.88 12.98 12.66 12.66
2001-04-16 13.2 13.32 12.95 12.95
2001-04-30 12.73 12.86 12.65 12.65
2001-05-25 14.02 14.09 13.9 13.9
2001-06-01 15.25 15.53 14.98 14.98
2001-06-04 15.75 15.8 15.26 15.26
2001-06-07 15.5 15.78 14.8 14.8
2001-06-13 15.29 15.45 15.05 15.05
2001-06-14 15.35 15.81 15.0 15.0
2001-06-19 15.79 15.85 15.05 15.05
2001-06-21 16.47 16.59 16.11 16.11
2001-06-26 17.02 17.2 16.3 16.3
2001-07-17 17.5 17.75 17.01 17.01
2001-08-01 14.1 14.25 13.01 13.01
2001-08-07 14.1 14.2 13.6 13.6
2001-08-09 14.68 14.85 14.3 14.3
2001-08-30 13.97 14.1 13.85 13.85
2001-09-05 13.97 14.15 13.8 13.8
2001-09-10 13.74 13.84 13.03 13.03
2001-09-12 13.6 13.69 12.98 12.98
2001-09-21 13.1 13.36 12.83 12.83
2001-10-09 13.14 13.15 13.0 13.0
2001-11-12 11.28 11.28 10.14 10.14
2001-12-03 13.06 13.15 12.7 12.7
2001-12-26 10.93 10.97 10.52 10.52
2002-02-04 9.78 9.88 9.45 9.45
2002-02-07 9.6 9.7 9.26 9.26
2002-03-14 11.04 11.07 10.55 10.55
2002-03-27 11.4 11.47 11.01 11.01
2002-03-28 11.46 11.95 11.45 11.45
2002-04-01 11.48 11.53 10.9 10.9
2002-04-08 12.05 12.15 11.75 11.75
2002-04-09 12.17 12.33 12.0 12.0
2002-04-12 11.99 12.29 11.75 11.75
2002-05-09 11.74 11.87 11.63 11.63
2002-05-28 10.78 10.98 10.75 10.75
2002-05-29 10.39 10.78 10.23 10.23
2002-06-04 9.89 10.0 9.7 9.7
2002-06-11 10.36 10.38 10.0 10.0
2002-06-21 10.59 10.6 10.12 10.12
2002-08-19 10.54 10.65 10.48 10.48
2002-08-28 10.76 10.87 10.74 10.74
2002-10-11 9.87 9.99 9.83 9.83
2002-10-22 9.81 9.87 9.52 9.52
2002-11-18 8.71 8.9 8.3 8.3
2002-12-03 8.19 8.2 8.05 8.05
2002-12-12 8.13 8.18 7.95 7.95
2002-12-16 9.15 9.15 8.41 8.41
2002-12-24 9.28 9.36 9.15 9.15
2003-02-11 9.79 9.8 9.46 9.46
2003-02-14 9.75 9.8 9.55 9.55
2003-02-25 9.87 9.9 9.65 9.65
2003-03-19 9.18 9.24 9.0 9.0
2003-04-08 9.44 9.49 9.12 9.12
2003-05-14 7.4 7.45 7.08 7.08
2003-05-19 7.84 7.92 7.59 7.59
2003-05-26 7.84 7.98 7.8 7.8
2003-05-30 8.06 8.07 7.98 7.98
2003-06-17 7.94 8.06 7.85 7.85
2003-06-30 7.43 7.55 7.41 7.41
2003-08-14 7.08 7.18 7.05 7.05
2003-08-22 7.1 7.18 7.08 7.08
2003-09-03 7.06 7.14 6.88 6.88
2003-10-31 5.62 5.98 5.5 5.5
2003-11-03 5.66 5.68 5.54 5.54
2003-11-12 5.28 5.4 5.19 5.19
2003-11-24 5.78 5.78 5.31 5.31
2003-11-28 5.76 5.9 5.7 5.7
2003-12-01 5.98 6.02 5.78 5.78
2003-12-10 6.25 6.25 6.14 6.14
2004-01-12 5.65 5.72 5.4 5.4
2004-02-05 6.58 6.6 6.39 6.39
2004-02-16 6.65 6.68 6.46 6.46
2004-02-17 6.89 6.93 6.65 6.65
2004-03-25 6.87 6.89 6.74 6.74
2004-05-21 6.35 6.4 6.26 6.26
2004-05-26 5.98 6.07 5.9 5.9
2004-06-11 5.72 5.9 5.72 5.72
2004-06-24 5.94 5.97 5.72 5.72
2004-08-04 5.3 5.33 5.12 5.12
2004-08-13 5.12 5.18 5.06 5.06
2004-08-24 4.68 4.78 4.56 4.56
2004-09-09 4.79 4.99 4.7 4.7
2004-09-14 4.52 4.53 4.37 4.37
2004-09-17 5.05 5.06 4.8 4.8
2004-11-01 4.15 4.17 4.05 4.05
2004-11-22 4.63 4.66 4.54 4.54
2004-11-26 4.47 4.55 4.41 4.41
2004-12-20 4.1 4.14 4.02 4.02
2004-12-21 4.15 4.17 4.11 4.11
2004-12-28 4.14 4.2 4.11 4.11
2005-01-05 4.08 4.12 3.95 3.95
2005-01-07 4.05 4.12 4.04 4.04
2005-02-17 4.18 4.29 4.01 4.01
2005-02-21 4.49 4.49 4.08 4.08
2005-02-23 5.43 5.43 5.02 5.02
2005-03-07 6.0 6.02 5.69 5.69
2005-04-12 4.98 5.05 4.92 4.92
2005-05-31 4.22 4.38 4.0 4.0
2005-07-05 4.46 4.55 4.42 4.42
2005-07-08 4.69 4.8 4.5 4.5
2005-07-11 4.76 4.97 4.68 4.68
2005-08-15 5.71 5.75 5.4 5.4
2005-09-12 5.61 5.69 5.56 5.56
2005-09-19 6.59 6.59 6.0 6.0
2005-09-29 6.71 6.74 6.13 6.13
2006-01-19 6.63 6.75 6.4 6.4
2006-03-23 6.39 6.62 6.01 6.01
2006-04-21 6.94 7.11 6.5 6.5
2006-07-14 7.07 7.1 6.8 6.8
2006-10-09 4.74 4.75 4.58 4.58
2006-10-11 5.07 5.33 4.98 4.98
2006-11-06 4.06 4.11 4.0 4.0
2006-11-08 3.96 4.01 3.94 3.94
2006-11-09 4.05 4.06 3.95 3.95
2006-12-05 4.32 4.36 4.18 4.18
2007-01-05 4.0 4.03 3.85 3.85
2007-01-22 5.19 5.19 4.96 4.96
2007-01-29 4.89 4.97 4.46 4.46
2007-02-06 4.8 4.81 4.61 4.61
2007-03-15 6.92 6.98 6.71 6.71
2007-03-21 7.9 7.99 7.2 7.2
2007-04-16 8.88 8.95 8.3 8.3
2007-04-20 8.47 8.65 8.3 8.3
2007-04-23 8.8 8.97 8.43 8.43
2007-07-12 7.61 7.77 7.27 7.27
2007-07-23 8.15 8.19 7.75 7.75
2007-08-30 9.19 9.28 8.84 8.84
2007-09-05 10.43 10.43 10.43 10.43
2007-10-29 9.14 9.15 8.75 8.75
2007-11-05 9.12 9.23 8.7 8.7
2007-11-06 9.41 9.58 9.08 9.08
2007-11-27 9.71 10.0 9.56 9.56
2008-05-06 12.52 12.52 12.52 12.52
2008-05-07 13.77 13.77 13.77 13.77
2008-05-08 15.15 15.15 15.15 15.15
2008-05-26 14.05 14.8 14.02 14.02
2008-06-12 13.14 13.6 12.81 12.81
2008-07-07 13.97 14.18 13.48 13.48
2008-08-29 9.17 9.45 8.8 8.8
2008-11-10 5.47 5.5 5.17 5.17
2009-02-06 8.76 8.79 8.42 8.42
2009-02-09 9.07 9.25 8.82 8.82
2009-02-13 9.3 9.3 8.92 8.92
2009-03-18 8.04 8.25 7.92 7.92
2009-03-23 8.63 8.67 8.3 8.3
2009-03-27 10.35 10.35 9.8 9.8
2009-05-05 10.21 10.5 9.86 9.86
2009-05-13 10.01 10.1 9.8 9.8
2009-05-15 10.43 10.8 9.87 9.87
2009-07-13 11.21 11.26 11.11 11.11
2009-07-17 11.13 11.25 10.85 10.85
2009-07-20 11.39 11.59 11.2 11.2
2009-07-22 12.13 12.13 11.33 11.33
2009-10-14 9.29 9.32 8.85 8.85
2009-10-20 10.22 10.22 10.06 10.06
2009-11-06 10.8 11.0 10.15 10.15
2009-12-28 9.76 9.8 9.55 9.55
2009-12-31 9.9 9.97 9.74 9.74
2010-01-28 8.28 8.36 8.16 8.16
2010-02-11 8.24 8.28 8.2 8.2
2010-04-01 10.68 10.68 10.68 10.68
2010-04-02 11.75 11.75 11.75 11.75
2010-04-12 10.7 10.95 10.7 10.7
2010-07-30 7.28 7.28 7.16 7.16
2010-08-27 7.79 7.79 7.42 7.42
2010-09-08 8.33 8.34 7.89 7.89
2010-09-20 8.44 8.64 8.24 8.24
2010-10-25 8.06 8.16 8.0 8.0
2010-11-04 8.19 8.26 8.1 8.1
2010-12-31 7.59 7.75 7.5 7.5
2011-01-05 7.92 7.96 7.7 7.7
2011-01-31 7.33 7.37 7.23 7.23
2011-02-23 7.83 7.91 7.73 7.73
2011-03-14 9.03 9.22 8.8 8.8
2011-03-16 9.4 9.46 9.03 9.03
2011-04-07 8.98 9.14 8.81 8.81
2011-04-20 9.19 9.35 9.1 9.1
2011-05-13 8.33 8.33 8.18 8.18
2011-05-31 7.19 7.2 6.85 6.85
2011-06-03 7.23 7.3 7.14 7.14
2011-07-04 7.35 7.46 7.23 7.23
2011-07-20 7.82 7.83 7.51 7.51
2011-10-14 8.21 8.21 8.21 8.21
2011-10-17 8.62 8.62 8.62 8.62
2011-10-18 9.05 9.05 9.05 9.05
2011-10-19 9.5 9.5 9.5 9.5
2011-10-20 9.98 9.98 9.98 9.98
2011-10-21 10.48 10.48 10.48 10.48
2011-10-25 10.09 10.42 10.08 10.08
2011-10-28 11.68 11.68 11.68 11.68
2011-12-30 7.29 7.36 7.17 7.17
2012-03-02 9.6 9.6 9.35 9.35
2012-03-05 9.96 10.03 9.6 9.6
2012-03-12 9.99 10.1 9.74 9.74
2012-03-19 10.9 10.92 10.35 10.35
2012-05-02 9.67 9.9 9.67 9.67
2012-05-03 9.93 9.97 9.47 9.47
2012-05-08 10.56 10.72 10.28 10.28
2012-06-11 11.29 11.29 10.8 10.8
2012-06-18 11.59 11.92 11.4 11.4
2012-07-04 11.26 11.43 11.12 11.12
2012-07-12 10.19 10.21 10.02 10.02
2012-07-30 9.01 9.18 9.01 9.01
2012-08-01 9.34 9.4 9.06 9.06
2012-08-07 9.77 9.78 9.49 9.49
2012-08-09 9.99 10.0 9.8 9.8
2012-08-13 9.73 9.89 9.6 9.6
2012-08-20 10.12 10.3 9.77 9.77
2012-08-22 10.2 10.27 10.06 10.06
2012-08-29 10.35 10.4 10.03 10.03
2012-09-03 10.19 10.28 10.07 10.07
2012-09-04 10.27 10.34 10.15 10.15
2012-09-10 10.61 10.85 10.48 10.48
2012-09-21 10.19 10.28 10.1 10.1
2012-09-25 10.13 10.23 10.01 10.01
2012-09-28 9.96 10.0 9.73 9.73
2012-10-11 10.86 10.96 10.56 10.56
2012-10-15 10.86 10.97 10.67 10.67
2012-10-18 10.99 11.04 10.92 10.92
2012-10-19 11.19 11.43 10.86 10.86
2012-10-22 11.66 11.7 11.02 11.02
2012-10-24 11.48 11.62 11.09 11.09
2012-11-05 10.94 11.1 10.72 10.72
2012-11-14 10.17 10.38 10.12 10.12
2012-12-05 8.97 9.05 8.59 8.59
2012-12-10 9.18 9.22 9.01 9.01
2012-12-17 9.41 9.57 9.27 9.27
2012-12-21 9.56 9.57 9.26 9.26
2012-12-31 10.04 10.04 10.04 10.04
2013-01-14 11.01 11.01 10.41 10.41
2013-02-01 12.67 12.68 12.1 12.1
2013-02-07 13.15 13.22 12.82 12.82
2013-03-21 11.01 11.17 10.79 10.79
2013-04-18 11.11 11.37 10.85 10.85
2013-05-02 10.8 10.88 10.61 10.61
2013-05-17 12.37 12.64 11.5 11.5
2013-06-14 13.85 13.9 13.2 13.2
2013-07-23 13.07 13.07 11.97 11.97
2013-08-23 16.9 17.27 15.9 15.9
2013-09-06 18.18 18.2 17.08 17.08
2013-09-27 16.83 16.89 16.17 16.17
2013-10-10 18.4 18.82 17.0 17.0
2013-10-30 18.0 18.17 17.39 17.39
2013-12-04 17.14 17.35 16.69 16.69
2013-12-19 17.22 17.35 16.4 16.4
2013-12-27 18.49 18.58 17.98 17.98
2014-01-08 18.13 18.25 17.36 17.36
2014-01-16 17.6 17.75 17.16 17.16
2014-01-27 19.48 19.59 17.75 17.75
2014-02-07 21.62 21.76 19.79 19.79
2014-02-10 23.59 23.78 21.65 21.65
2014-02-14 22.57 22.84 22.22 22.22
2014-03-07 26.07 26.17 25.2 25.2
2014-03-11 24.1 24.8 23.36 23.36
2014-03-13 23.39 23.75 22.85 22.85
2014-03-17 24.69 24.75 23.5 23.5
2014-04-09 21.43 21.5 20.6 20.6
2014-04-29 19.45 19.87 19.07 19.07
2014-05-20 18.28 18.55 18.16 18.16
2014-05-26 20.28 20.55 20.0 20.0
2014-06-23 20.08 20.17 19.58 19.58
2014-07-18 21.63 21.9 21.6 21.6
2014-07-22 23.15 23.35 21.99 21.99
2014-07-29 22.66 23.06 22.55 22.55
2014-09-12 23.17 23.19 22.9 22.9
2014-10-08 22.1 22.29 21.69 21.69
2014-10-17 19.8 20.07 19.5 19.5
2014-10-27 19.61 19.64 19.2 19.2
2014-11-07 20.58 20.93 20.33 20.33
2014-11-17 20.81 20.99 20.37 20.37
2014-11-24 22.24 22.7 21.75 21.75
2014-11-26 22.59 23.05 22.25 22.25
2014-12-24 20.05 20.2 19.6 19.6
2015-01-05 19.84 20.3 18.75 18.75
2015-01-26 23.32 23.94 23.02 23.02
2015-03-16 24.84 25.09 24.25 24.25
2015-04-01 31.7 32.0 28.88 28.88
2015-04-22 29.45 30.23 28.8 28.8
2015-04-29 31.64 32.35 30.0 30.0
2015-07-08 26.49 27.5 25.52 25.52
2015-07-09 29.14 29.14 26.49 26.49
2015-07-10 32.05 32.05 30.6 30.6
2015-07-16 32.85 33.85 30.85 30.85
2015-07-17 34.7 35.2 32.85 32.85
2015-07-28 33.46 33.68 31.46 31.46
2015-08-04 36.49 37.19 35.7 35.7
2015-08-25 26.29 28.73 25.3 25.3
2015-09-08 27.71 27.97 26.5 26.5
2015-09-09 28.95 29.4 27.96 27.96
2015-09-24 27.83 28.1 27.24 27.24
2015-10-13 30.22 30.37 29.52 29.52
2015-11-16 31.63 31.8 30.6 30.6
2015-11-17 32.09 32.79 31.88 31.88
2015-12-01 30.11 30.26 28.84 28.84
2015-12-03 30.21 30.3 29.67 29.67
2015-12-07 30.59 31.04 29.81 29.81
2016-01-18 24.94 25.28 23.65 23.65
2016-01-29 21.37 21.66 20.55 20.55
2016-02-15 22.16 22.44 21.55 21.55
2016-03-07 20.04 20.1 19.53 19.53
2016-03-21 23.74 24.2 23.0 23.0
2016-03-23 23.79 24.17 23.3 23.3
2016-04-05 26.41 26.41 26.41 26.41
2016-04-29 26.37 26.75 25.37 25.37
2016-05-20 28.13 29.28 26.91 26.91
2016-05-27 28.01 28.36 27.3 27.3
2016-05-31 29.06 29.35 27.8 27.8
2016-06-07 30.79 31.3 30.15 30.15
2016-07-13 32.17 32.44 31.43 31.43
2016-09-08 31.77 31.88 31.44 31.44
2016-09-30 34.58 35.03 34.51 34.51
2016-10-28 33.81 34.85 33.45 33.45
2016-12-07 33.21 33.67 32.53 32.53
2016-12-23 31.5 31.75 31.0 31.0
2017-01-26 31.38 31.54 30.86 30.86
2017-02-28 32.78 32.95 32.5 32.5
2017-03-31 36.32 37.28 35.2 35.2
2017-05-02 39.2 39.38 38.33 38.33
2017-05-09 37.05 37.65 36.01 36.01
2017-05-23 37.12 37.5 36.72 36.72
2017-06-01 35.05 35.87 34.61 34.61
2017-07-06 42.68 42.69 40.9 40.9
2017-07-13 40.18 40.8 39.66 39.66
2017-07-18 41.25 41.28 39.71 39.71
2017-07-21 42.02 42.71 41.41 41.41
