1998-06-03 9.3 9.4 8.81 8.81
1998-06-30 8.2 8.4 8.01 8.01
1998-07-02 8.28 8.35 8.03 8.03
1998-07-07 8.38 8.41 8.15 8.15
1998-07-09 8.39 8.39 8.3 8.3
1998-07-23 8.22 8.23 8.02 8.02
1998-09-02 6.8 6.91 6.65 6.65
1998-09-30 7.3 7.33 7.22 7.22
1998-10-08 7.3 7.35 7.2 7.2
1998-10-09 7.5 7.54 7.3 7.3
1998-11-24 7.44 7.51 7.39 7.39
1998-11-30 7.06 7.13 6.8 6.8
1998-12-02 6.92 6.92 6.78 6.78
1998-12-09 6.95 7.0 6.88 6.88
1999-01-04 6.32 6.44 6.3 6.3
1999-01-14 6.37 6.37 6.26 6.26
1999-01-15 6.33 6.4 6.3 6.3
1999-01-21 6.4 6.45 6.3 6.3
1999-02-09 6.11 6.15 5.94 5.94
1999-03-08 6.5 6.5 6.3 6.3
1999-03-11 6.65 6.7 6.4 6.4
1999-03-22 6.58 6.67 6.56 6.56
1999-03-31 6.7 6.74 6.45 6.45
1999-04-23 6.4 6.48 6.32 6.32
1999-04-29 6.51 6.52 6.28 6.28
1999-05-11 6.72 6.74 6.41 6.41
1999-06-16 7.48 7.5 7.05 7.05
1999-07-09 8.07 8.3 7.57 7.57
1999-08-03 8.68 8.68 7.97 7.97
1999-08-05 9.55 9.58 8.81 8.81
1999-09-09 10.45 10.46 9.8 9.8
1999-09-30 9.59 9.65 9.4 9.4
1999-10-22 8.45 8.65 8.16 8.16
1999-10-29 8.82 8.96 8.72 8.72
1999-11-15 8.77 8.8 8.61 8.61
1999-12-07 9.12 9.27 9.08 9.08
1999-12-08 9.35 9.52 9.14 9.14
1999-12-14 9.08 9.26 9.0 9.0
1999-12-29 9.4 9.48 9.21 9.21
2000-01-11 10.78 11.09 10.18 10.18
2000-01-17 10.0 10.15 9.8 9.8
2000-01-19 10.3 10.45 9.85 9.85
2000-01-28 11.08 11.21 10.67 10.67
2000-02-14 12.19 12.19 11.2 11.2
2000-02-15 12.87 13.41 12.19 12.19
2000-05-16 13.85 14.1 13.25 13.25
2000-05-19 14.48 15.55 14.15 14.15
2000-06-07 12.88 12.89 12.36 12.36
2000-06-15 12.52 12.71 12.35 12.35
2000-06-20 12.21 12.4 12.18 12.18
2000-07-04 13.48 13.55 13.0 13.0
2000-08-03 14.0 14.16 13.71 13.71
2000-08-16 14.08 14.25 13.8 13.8
2000-09-07 12.48 12.65 12.4 12.4
2000-09-14 12.42 12.57 12.4 12.4
2000-10-10 12.46 12.48 12.25 12.25
2000-10-17 12.1 12.15 12.03 12.03
2000-10-18 12.24 12.28 12.1 12.1
2000-11-15 13.24 13.5 13.1 13.1
2000-12-20 12.75 12.75 12.6 12.6
2001-01-02 13.26 13.28 12.88 12.88
2001-01-05 13.55 13.65 13.2 13.2
2001-01-09 13.63 13.91 13.3 13.3
2001-01-10 13.8 13.85 13.0 13.0
2001-01-18 13.9 13.91 13.65 13.65
2001-02-09 13.04 13.2 12.76 12.76
2001-04-09 13.93 13.98 13.61 13.61
2001-04-11 14.47 14.6 14.05 14.05
2001-05-25 13.78 13.85 13.35 13.35
2001-06-04 13.9 14.0 13.7 13.7
2001-06-12 13.68 13.73 13.6 13.6
2001-06-20 13.66 13.92 13.6 13.6
2001-06-21 13.73 13.76 13.6 13.6
2001-07-10 13.83 13.9 13.68 13.68
2001-07-20 13.58 13.63 13.3 13.3
2001-07-25 13.25 13.4 13.22 13.22
2001-07-26 13.19 13.3 13.15 13.15
2001-08-01 12.06 12.1 11.7 11.7
2001-08-09 11.46 11.46 11.3 11.3
2001-08-10 11.9 11.9 11.5 11.5
2001-08-20 11.85 11.85 11.7 11.7
2001-08-21 11.86 12.0 11.85 11.85
2001-09-11 11.52 11.9 11.19 11.19
2001-10-09 10.8 10.91 10.6 10.6
2001-10-24 9.47 9.47 9.47 9.47
2001-10-29 9.85 9.92 9.76 9.76
2001-10-30 9.85 9.94 9.85 9.85
2001-11-13 9.08 9.2 9.0 9.0
2001-11-14 9.1 9.2 9.08 9.08
2001-11-26 9.63 9.69 9.58 9.58
2001-11-27 9.83 9.86 9.62 9.62
2001-12-26 9.0 9.0 8.85 8.85
2001-12-28 9.09 9.1 9.0 9.0
2001-12-31 9.13 9.2 9.1 9.1
2002-01-29 7.15 7.2 6.78 6.78
2002-01-31 7.87 7.98 7.4 7.4
2002-02-05 8.13 8.19 8.0 8.0
2002-04-03 8.33 8.47 8.27 8.27
2002-04-18 8.96 9.09 8.87 8.87
2002-05-09 8.85 8.92 8.8 8.8
2002-05-21 8.22 8.28 8.01 8.01
2002-06-04 7.33 7.35 7.16 7.16
2002-06-06 7.59 7.67 7.1 7.1
2002-06-18 7.78 7.84 7.55 7.55
2002-06-20 7.75 7.9 7.72 7.72
2002-07-05 9.45 9.45 9.18 9.18
2002-07-16 9.11 9.25 9.08 9.08
2002-07-17 9.26 9.27 9.08 9.08
2002-08-06 8.76 8.85 8.65 8.65
2002-08-07 8.81 8.84 8.75 8.75
2002-08-19 8.81 8.9 8.78 8.78
2002-08-28 9.01 9.05 8.93 8.93
2002-09-24 8.29 8.32 8.28 8.28
2002-10-16 8.12 8.28 8.11 8.11
2002-10-21 8.13 8.15 7.9 7.9
2002-10-22 8.18 8.24 8.1 8.1
2002-11-19 7.36 7.4 7.25 7.25
2002-11-27 6.96 7.03 6.85 6.85
2002-11-28 7.16 7.16 6.97 6.97
2002-12-24 7.31 7.32 7.18 7.18
2003-01-14 7.45 7.46 7.05 7.05
2003-02-14 7.66 7.72 7.54 7.54
2003-02-20 7.7 7.75 7.66 7.66
2003-02-27 7.71 7.74 7.65 7.65
2003-04-04 7.23 7.24 7.18 7.18
2003-04-14 7.6 7.63 7.37 7.37
2003-04-22 7.38 7.43 7.35 7.35
2003-05-14 6.12 6.16 5.95 5.95
2003-05-23 6.79 6.8 6.68 6.68
2003-06-02 6.97 6.98 6.85 6.85
2003-06-06 6.69 6.8 6.64 6.64
2003-06-09 6.74 6.9 6.69 6.69
2003-06-18 6.63 6.66 6.6 6.6
2003-06-30 6.31 6.39 6.31 6.31
2003-07-02 6.4 6.42 6.36 6.36
2003-07-11 6.2 6.2 6.14 6.14
2003-07-23 6.02 6.08 5.98 5.98
2003-08-04 5.98 5.98 5.9 5.9
2003-08-15 5.92 5.95 5.9 5.9
2003-08-18 5.89 5.96 5.82 5.82
2003-08-19 5.92 5.95 5.88 5.88
2003-09-22 6.05 6.14 5.9 5.9
2003-09-26 5.85 5.88 5.8 5.8
2003-10-08 5.68 5.73 5.61 5.61
2003-10-10 5.85 5.92 5.69 5.69
2003-10-21 5.47 5.49 5.42 5.42
2003-10-22 5.57 5.57 5.4 5.4
2003-11-04 5.04 5.1 5.02 5.02
2003-11-17 4.74 4.77 4.66 4.66
2003-11-24 5.0 5.01 4.81 4.81
2003-11-25 5.17 5.25 5.0 5.0
2003-11-28 4.95 5.03 4.9 4.9
2003-12-01 5.17 5.18 4.95 4.95
2004-01-08 4.82 4.87 4.7 4.7
2004-01-13 4.93 4.94 4.77 4.77
2004-02-05 5.49 5.62 5.35 5.35
2004-02-09 5.48 5.5 5.43 5.43
2004-02-27 5.42 5.45 5.32 5.32
2004-03-02 5.57 5.63 5.49 5.49
2004-03-10 5.3 5.32 5.21 5.21
2004-03-15 5.47 5.49 5.38 5.38
2004-03-25 6.22 6.22 5.72 5.72
2004-04-02 5.84 5.98 5.8 5.8
2004-04-07 6.03 6.25 5.93 5.93
2004-05-11 4.98 5.03 4.89 4.89
2004-05-26 4.9 4.95 4.88 4.88
2004-05-28 5.03 5.05 4.95 4.95
2004-06-01 5.11 5.12 5.0 5.0
2004-06-24 4.47 4.5 4.43 4.43
2004-06-29 4.2 4.23 4.13 4.13
2004-06-30 4.2 4.24 4.15 4.15
2004-07-06 4.36 4.42 4.35 4.35
2004-07-16 4.2 4.23 4.04 4.04
2004-08-04 4.21 4.24 4.09 4.09
2004-08-11 4.12 4.18 4.1 4.1
2004-08-13 4.04 4.08 4.0 4.0
2004-08-30 3.82 3.85 3.8 3.8
2004-09-14 4.35 4.35 4.0 4.0
2004-10-08 4.48 4.49 4.3 4.3
2004-10-19 4.04 4.09 3.88 3.88
2004-11-10 3.79 3.83 3.61 3.61
2004-11-26 3.8 3.89 3.7 3.7
2004-12-03 3.95 4.0 3.9 3.9
2004-12-14 3.63 3.7 3.6 3.6
2004-12-16 3.68 3.69 3.61 3.61
2004-12-21 3.67 3.68 3.6 3.6
2005-01-05 3.61 3.65 3.5 3.5
2005-01-10 3.76 3.88 3.59 3.59
2005-01-18 3.67 3.68 3.57 3.57
2005-02-02 3.52 3.57 3.32 3.32
2005-02-04 3.49 3.5 3.36 3.36
2005-02-21 3.57 3.58 3.5 3.5
2005-03-23 3.25 3.33 3.21 3.21
2005-03-24 3.34 3.37 3.22 3.22
2005-04-04 3.35 3.39 3.26 3.26
2005-04-08 3.41 3.43 3.3 3.3
2005-04-11 3.41 3.45 3.34 3.34
2005-04-13 3.42 3.45 3.34 3.34
2005-04-28 3.01 3.02 2.8 2.8
2005-05-24 2.91 2.93 2.82 2.82
2005-06-08 3.18 3.21 2.99 2.99
2005-07-07 2.71 2.72 2.67 2.67
2005-07-20 2.54 2.57 2.5 2.5
2005-07-25 2.76 2.79 2.6 2.6
2005-07-26 2.84 2.9 2.81 2.81
2005-08-03 2.83 2.89 2.82 2.82
2005-08-22 2.98 3.02 2.91 2.91
2005-08-25 3.0 3.01 2.93 2.93
2005-08-31 3.15 3.15 3.0 3.0
2005-09-28 2.86 2.9 2.86 2.86
2005-11-02 2.73 2.74 2.66 2.66
2005-11-14 2.84 2.84 2.75 2.75
2005-11-24 2.82 2.84 2.8 2.8
2005-11-25 2.89 2.95 2.85 2.85
2005-12-06 2.99 2.99 2.86 2.86
2005-12-22 2.84 2.85 2.78 2.78
2005-12-23 2.88 2.88 2.82 2.82
2006-01-18 3.01 3.03 2.97 2.97
2006-02-06 3.12 3.12 3.03 3.03
2006-11-14 3.13 3.15 3.05 3.05
2006-11-24 3.12 3.13 3.08 3.08
2006-11-30 3.16 3.22 3.11 3.11
2006-12-07 3.22 3.23 3.14 3.14
2006-12-14 3.24 3.29 3.2 3.2
2007-01-15 3.58 3.61 3.45 3.45
2007-01-19 3.92 4.0 3.8 3.8
2007-01-29 4.31 4.34 4.13 4.13
2007-04-09 6.43 6.49 6.26 6.26
2007-04-16 6.87 6.95 6.62 6.62
2007-04-20 7.77 7.81 7.41 7.41
2007-06-13 7.59 7.65 7.08 7.08
2007-07-02 6.18 6.2 5.95 5.95
2007-07-12 6.23 6.28 6.05 6.05
2007-07-25 6.9 6.96 6.69 6.69
2007-07-27 7.84 7.84 7.84 7.84
2007-08-09 8.15 8.2 7.67 7.67
2007-08-20 7.81 7.9 7.71 7.71
2007-08-28 8.2 8.28 8.02 8.02
2007-09-03 8.35 8.5 8.25 8.25
2007-09-17 8.43 8.5 8.03 8.03
2007-12-07 7.01 7.04 6.86 6.86
2007-12-19 7.36 7.41 7.28 7.28
2007-12-25 7.78 7.88 7.66 7.66
2008-04-30 8.69 8.85 8.3 8.3
2008-05-08 8.97 8.99 8.32 8.32
2008-07-07 4.86 4.86 4.51 4.51
2008-07-14 5.52 5.7 5.36 5.36
2008-09-04 3.65 3.66 3.56 3.56
2008-10-09 3.04 3.13 3.0 3.0
2008-11-05 2.42 2.5 2.32 2.32
2008-11-10 2.6 2.6 2.39 2.39
2008-12-08 3.28 3.29 3.17 3.17
2008-12-26 2.77 2.82 2.75 2.75
2008-12-30 2.76 2.81 2.7 2.7
2009-01-14 2.99 2.99 2.88 2.88
2009-02-02 3.1 3.11 3.04 3.04
2009-02-06 3.4 3.43 3.25 3.25
2009-02-19 3.77 3.79 3.65 3.65
2009-03-18 4.97 5.2 4.82 4.82
2009-03-27 4.79 5.02 4.73 4.73
2009-04-10 4.56 4.57 4.34 4.34
2009-05-26 4.35 4.44 4.31 4.31
2009-07-13 4.76 4.82 4.65 4.65
2009-07-16 4.91 5.05 4.87 4.87
2009-07-22 4.96 5.04 4.86 4.86
2009-07-23 5.05 5.15 4.91 4.91
2009-08-18 4.17 4.21 4.05 4.05
2009-09-25 4.18 4.26 4.16 4.16
2009-09-28 4.2 4.38 4.17 4.17
2009-09-30 4.39 4.48 4.21 4.21
2009-10-23 4.55 4.59 4.51 4.51
2010-01-07 5.49 5.61 5.4 5.4
2010-01-15 5.62 5.66 5.45 5.45
2010-02-02 4.92 5.04 4.85 4.85
2010-03-15 5.69 5.7 5.56 5.56
2010-05-24 4.54 4.55 4.35 4.35
2010-06-10 4.58 4.67 4.44 4.44
2010-07-14 4.22 4.31 4.2 4.2
2010-08-12 4.58 4.68 4.54 4.54
2010-08-13 4.7 4.73 4.57 4.57
2010-08-30 4.62 4.63 4.56 4.56
2010-09-15 4.75 4.83 4.68 4.68
2010-11-04 4.91 4.93 4.83 4.83
2010-11-16 5.67 5.67 5.1 5.1
2010-12-10 5.24 5.3 5.15 5.15
2011-02-09 5.33 5.34 5.0 5.0
2011-02-24 6.31 6.4 5.82 5.82
2011-04-18 6.0 6.1 5.86 5.86
2011-04-22 6.81 6.81 6.19 6.19
2011-05-17 6.13 6.13 6.13 6.13
2011-06-07 4.91 4.94 4.8 4.8
2011-06-30 4.81 4.85 4.74 4.74
2011-07-13 5.23 5.3 5.11 5.11
2011-07-26 5.39 5.4 5.26 5.26
2011-07-29 5.34 5.39 5.15 5.15
2011-08-04 5.77 5.87 5.75 5.75
2011-08-17 6.22 6.48 5.9 5.9
2011-08-25 6.06 6.1 5.96 5.96
2011-09-09 5.67 5.76 5.62 5.62
2011-12-02 6.75 6.98 6.69 6.69
2011-12-20 6.32 6.4 6.1 6.1
2012-01-30 5.66 5.76 5.54 5.54
2012-03-16 6.59 6.73 6.13 6.13
2012-03-27 6.84 7.04 6.78 6.78
2012-05-07 6.14 6.19 6.07 6.07
2012-05-16 6.68 6.93 6.42 6.42
2012-05-30 7.1 7.18 6.93 6.93
2012-06-11 6.26 6.29 6.12 6.12
2012-06-19 5.76 5.8 5.38 5.38
2012-10-09 3.3 3.32 3.17 3.17
2012-11-01 3.36 3.44 3.31 3.31
2012-11-02 3.43 3.48 3.35 3.35
2012-11-12 3.48 3.49 3.33 3.33
2012-11-28 3.18 3.26 3.12 3.12
2012-12-06 3.26 3.33 3.23 3.23
2012-12-10 3.49 3.56 3.35 3.35
2012-12-25 3.57 3.6 3.42 3.42
2013-01-15 3.74 3.76 3.63 3.63
2013-02-05 3.68 3.69 3.6 3.6
2013-02-06 3.7 3.72 3.67 3.67
2013-03-19 4.31 4.31 4.31 4.31
2013-04-11 4.83 4.97 4.71 4.71
2013-04-16 4.88 4.93 4.71 4.71
2013-05-10 4.4 4.41 4.26 4.26
2013-05-31 4.9 5.05 4.82 4.82
2013-06-05 4.75 4.84 4.73 4.73
2013-08-01 3.82 3.82 3.74 3.74
2013-10-11 4.43 4.62 4.34 4.34
2013-10-30 4.04 4.09 3.99 3.99
2013-11-28 4.15 4.19 4.13 4.13
2013-12-04 3.95 4.03 3.85 3.85
2013-12-17 3.84 3.9 3.83 3.83
2013-12-30 3.69 3.73 3.61 3.61
2013-12-31 3.66 3.7 3.66 3.66
2014-01-21 3.29 3.32 3.22 3.22
2014-01-22 3.36 3.39 3.27 3.27
2014-02-07 3.4 3.41 3.35 3.35
2014-02-10 3.47 3.47 3.4 3.4
2014-03-03 3.68 3.68 3.61 3.61
2014-03-11 3.4 3.43 3.3 3.3
2014-03-26 3.65 3.73 3.64 3.64
2014-03-28 3.86 3.95 3.68 3.68
2014-04-04 3.82 3.88 3.74 3.74
2014-06-17 3.64 3.69 3.51 3.51
2014-06-23 3.59 3.61 3.54 3.54
2014-12-02 4.18 4.18 4.18 4.18
2014-12-03 4.6 4.6 4.6 4.6
2014-12-04 5.06 5.06 5.06 5.06
2014-12-05 5.57 5.57 5.57 5.57
2014-12-08 6.13 6.13 6.13 6.13
2014-12-31 5.21 5.22 5.11 5.11
2015-01-21 5.45 5.53 5.2 5.2
2015-02-12 4.74 4.82 4.65 4.65
2015-02-17 5.09 5.14 5.04 5.04
2015-03-16 5.38 5.43 5.24 5.24
2015-03-18 5.69 5.9 5.66 5.66
2015-03-30 5.97 5.97 5.97 5.97
2015-03-31 6.27 6.27 6.27 6.27
2015-04-08 7.19 7.19 7.19 7.19
2015-04-30 8.99 9.22 8.77 8.77
2015-05-11 8.56 8.56 8.27 8.27
2015-05-12 8.99 8.99 8.79 8.79
2015-06-10 10.06 10.06 9.95 9.95
2015-06-24 8.91 8.91 8.6 8.6
2015-07-03 7.0 7.0 7.0 7.0
2015-07-07 6.32 6.32 6.32 6.32
2015-07-08 6.0 6.0 6.0 6.0
2015-07-09 6.16 6.29 5.7 5.7
2015-07-16 6.17 6.4 6.02 6.02
2015-07-17 6.41 6.45 6.17 6.17
2015-07-28 6.39 6.64 6.39 6.39
2015-08-17 8.33 8.33 8.11 8.11
2015-08-24 7.38 7.38 7.38 7.38
2015-08-25 7.01 7.01 7.01 7.01
2015-08-26 6.66 6.83 6.66 6.66
2015-08-27 6.33 6.65 6.33 6.33
2015-09-02 5.59 5.93 5.59 5.59
2015-09-24 5.32 5.4 5.23 5.23
2015-10-08 5.44 5.52 5.38 5.38
2015-10-12 5.77 5.82 5.56 5.56
2015-10-26 6.2 6.2 5.94 5.94
2015-11-06 6.88 6.94 6.68 6.68
2015-12-02 7.02 7.02 6.76 6.76
2015-12-11 6.91 7.08 6.88 6.88
2016-01-05 6.61 6.84 6.6 6.6
2016-01-06 6.73 6.77 6.61 6.61
2016-02-02 5.37 5.4 5.24 5.24
2016-02-04 5.65 5.69 5.51 5.51
2016-02-16 5.94 5.95 5.8 5.8
2016-03-14 5.83 5.86 5.68 5.68
2016-03-21 6.09 6.18 6.0 6.0
2016-03-25 5.85 5.98 5.78 5.78
2016-04-22 5.53 5.57 5.41 5.41
2016-04-26 5.59 5.63 5.51 5.51
2016-08-04 5.41 5.45 5.33 5.33
2016-08-18 5.49 5.53 5.4 5.4
2016-09-19 5.35 5.37 5.31 5.31
2016-10-13 5.57 5.66 5.36 5.36
2016-10-24 6.05 6.12 5.95 5.95
2016-11-03 5.89 6.01 5.7 5.7
2016-11-24 5.8 5.81 5.73 5.73
2016-12-09 5.68 5.76 5.62 5.62
2016-12-14 5.41 5.45 5.4 5.4
2016-12-16 5.49 5.51 5.42 5.42
2017-01-05 5.76 5.84 5.58 5.58
2017-01-20 5.41 5.42 5.31 5.31
2017-01-26 5.79 5.85 5.5 5.5
2017-02-10 5.76 5.78 5.71 5.71
2017-03-20 5.78 5.78 5.69 5.69
2017-03-24 5.78 5.78 5.71 5.71
2017-04-13 5.71 5.76 5.66 5.66
2017-05-26 4.52 4.56 4.49 4.49
2017-06-19 4.68 4.71 4.62 4.62
2017-07-18 4.43 4.45 4.3 4.3
2017-07-20 4.54 4.59 4.49 4.49
2017-08-14 4.52 4.57 4.46 4.46
2017-08-15 4.57 4.61 4.53 4.53
2017-09-05 4.68 4.7 4.66 4.66
