2001-11-30 9.87 9.9 9.62 9.62
2001-12-07 10.11 10.18 10.0 10.0
2002-02-07 7.77 7.85 7.55 7.55
2002-03-07 8.35 8.38 8.05 8.05
2002-04-10 8.8 8.86 8.73 8.73
2002-04-12 8.59 8.66 8.5 8.5
2002-06-20 7.59 7.71 7.5 7.5
2002-08-27 8.15 8.18 8.1 8.1
2002-09-02 8.14 8.15 8.03 8.03
2002-09-03 8.18 8.23 8.13 8.13
2002-10-16 7.37 7.44 7.3 7.3
2002-10-22 7.35 7.4 7.2 7.2
2002-11-15 6.63 6.75 6.5 6.5
2003-03-21 6.1 6.11 6.02 6.02
2003-08-12 6.04 6.09 6.02 6.02
2003-08-18 5.95 5.97 5.9 5.9
2003-11-14 4.32 4.37 4.2 4.2
2003-11-24 4.59 4.6 4.35 4.35
2005-03-23 2.81 2.98 2.75 2.75
2005-06-28 2.51 2.54 2.48 2.48
2005-06-29 2.57 2.57 2.5 2.5
2005-07-07 2.32 2.34 2.29 2.29
2005-08-17 2.64 2.65 2.51 2.51
2005-08-22 2.46 2.48 2.39 2.39
2005-10-24 2.78 2.79 2.7 2.7
2005-10-31 2.39 2.39 2.3 2.3
2005-11-02 2.4 2.43 2.36 2.36
2005-11-24 2.39 2.43 2.38 2.38
2006-01-04 2.43 2.44 2.39 2.39
2006-01-06 2.45 2.47 2.42 2.42
2006-01-09 2.46 2.48 2.44 2.44
2006-01-12 2.47 2.48 2.42 2.42
2006-01-18 2.49 2.49 2.43 2.43
2006-02-06 2.5 2.52 2.44 2.44
2006-02-08 2.57 2.58 2.52 2.52
2006-06-05 4.14 4.14 4.14 4.14
2006-06-06 4.55 4.55 4.55 4.55
2006-12-29 2.53 2.59 2.51 2.51
2007-04-18 7.27 7.41 7.0 7.0
2007-04-20 7.2 7.2 6.78 6.78
2007-04-23 7.43 7.46 7.3 7.3
2007-04-26 7.37 7.46 7.18 7.18
2007-12-18 5.96 6.05 5.89 5.89
2007-12-19 6.16 6.28 6.0 6.0
2008-02-14 6.12 6.16 5.99 5.99
2008-02-18 6.27 6.28 6.04 6.04
2008-05-14 4.6 4.62 4.13 4.13
2008-11-10 2.19 2.2 2.08 2.08
2009-01-14 2.77 2.78 2.68 2.68
2009-02-19 3.35 3.35 3.24 3.24
2009-05-04 3.7 3.74 3.57 3.57
2009-07-27 5.16 5.19 5.11 5.11
2009-10-13 4.4 4.48 4.21 4.21
2010-02-08 5.54 5.62 5.52 5.52
2010-07-28 5.2 5.25 5.09 5.09
2010-08-16 5.74 5.78 5.62 5.62
2010-11-03 6.33 6.46 6.11 6.11
2010-12-13 5.93 5.98 5.75 5.75
2011-04-06 7.77 7.94 7.48 7.48
2011-05-05 7.24 7.38 7.12 7.12
2011-07-01 6.35 6.5 6.31 6.31
2011-07-11 7.32 7.33 6.82 6.82
2011-07-13 7.12 7.17 7.03 7.03
2012-01-11 3.42 3.42 3.42 3.42
2012-01-12 3.76 3.76 3.76 3.76
2012-04-18 4.29 4.5 4.09 4.09
2012-04-25 4.25 4.29 4.04 4.04
2012-07-18 3.46 3.49 3.37 3.37
2012-07-24 3.72 3.8 3.44 3.44
2012-08-14 3.6 3.61 3.45 3.45
2012-10-09 3.49 3.51 3.42 3.42
2012-10-16 3.56 3.59 3.49 3.49
2012-11-14 3.74 3.75 3.56 3.56
2013-02-05 3.99 3.99 3.9 3.9
2013-02-07 4.01 4.06 3.96 3.96
2013-02-08 4.05 4.06 3.99 3.99
2013-12-12 3.76 3.8 3.71 3.71
2013-12-16 3.94 3.99 3.8 3.8
2013-12-23 3.83 3.94 3.75 3.75
2014-03-11 4.73 4.75 4.62 4.62
2014-03-13 4.92 4.93 4.75 4.75
2014-03-17 4.96 5.05 4.86 4.86
2014-05-05 4.27 4.28 4.22 4.22
2014-07-10 4.33 4.33 4.23 4.23
2014-08-06 4.8 4.89 4.66 4.66
2014-08-19 4.92 4.96 4.8 4.8
2014-08-26 5.02 5.19 4.92 4.92
2014-10-27 5.88 5.92 5.8 5.8
2014-12-25 6.32 6.43 6.16 6.16
2014-12-30 7.03 7.03 6.58 6.58
2015-01-21 6.72 6.79 6.53 6.53
2015-04-22 8.8 8.81 8.59 8.59
2015-05-25 10.79 10.79 9.82 9.82
2015-06-01 10.87 10.87 10.01 10.01
2015-07-08 6.59 6.59 6.59 6.59
2015-07-09 7.25 7.25 5.93 5.93
2015-07-28 7.62 8.46 7.62 7.62
2015-08-04 7.79 7.8 7.12 7.12
2015-08-10 8.46 8.55 8.0 8.0
2015-12-29 9.06 9.13 8.75 8.75
2016-01-14 7.74 7.83 7.32 7.32
2016-02-04 6.14 6.22 6.0 6.0
2016-02-16 6.18 6.23 5.92 5.92
2016-02-19 6.44 6.54 6.21 6.21
2016-02-26 6.83 7.16 6.58 6.58
2016-03-07 6.63 6.71 6.2 6.2
2016-07-04 6.8 6.85 6.59 6.59
2016-08-15 6.88 6.9 6.77 6.77
2017-04-06 7.31 7.38 7.25 7.25
2017-08-14 5.65 5.65 5.55 5.55
