1996-10-08 10.85 11.08 10.71 10.71
1996-10-28 12.28 12.8 12.01 12.01
1996-11-05 11.48 11.73 11.4 11.4
1996-11-25 13.75 14.04 13.1 13.1
1996-11-28 15.05 15.05 13.88 13.88
1996-12-17 12.31 12.34 12.31 12.31
1996-12-20 11.5 11.8 10.91 10.91
1997-01-15 13.45 13.55 13.22 13.22
1997-02-20 12.98 13.15 12.07 12.07
1997-02-21 13.52 13.52 13.0 13.0
1997-04-04 15.7 16.5 14.8 14.8
1997-04-07 16.4 16.49 15.8 15.8
1997-05-09 19.36 19.6 18.7 18.7
1997-06-06 10.98 11.1 10.4 10.4
1997-06-13 12.49 12.5 11.11 11.11
1997-06-20 13.9 14.0 13.02 13.02
1997-08-19 10.27 10.49 10.23 10.23
1997-09-04 11.2 11.4 10.9 10.9
1997-10-15 9.0 9.04 8.9 8.9
1997-10-16 9.29 9.3 9.0 9.0
1997-10-20 9.88 10.12 9.7 9.7
1997-12-08 9.2 9.2 8.8 8.8
1997-12-29 9.43 9.68 9.42 9.42
1998-01-08 9.58 9.8 9.58 9.58
1998-01-23 10.6 10.78 10.56 10.56
1998-04-10 10.45 10.5 9.61 9.61
1998-04-13 11.5 11.5 11.0 11.0
1998-06-17 9.7 9.9 9.64 9.64
1998-06-18 9.86 9.95 9.7 9.7
1998-06-19 9.98 10.1 9.88 9.88
1998-07-06 10.52 10.78 10.33 10.33
1998-07-13 11.25 11.38 10.82 10.82
1998-08-19 12.2 12.3 11.57 11.57
1998-11-18 10.39 10.5 10.1 10.1
1998-11-20 10.21 10.29 10.01 10.01
1998-11-23 10.18 10.29 10.1 10.1
1998-11-25 10.15 10.4 10.0 10.0
1998-12-09 9.7 9.75 9.6 9.6
1999-01-13 9.38 9.65 9.2 9.2
1999-06-11 9.89 9.98 9.6 9.6
1999-07-06 12.1 12.32 11.5 11.5
1999-07-14 10.06 10.17 9.38 9.38
1999-07-15 10.88 11.07 10.15 10.15
1999-09-03 12.2 12.34 11.85 11.85
1999-09-08 12.11 12.3 12.05 12.05
1999-09-09 12.75 12.84 12.0 12.0
1999-09-14 13.61 13.8 12.95 12.95
1999-09-17 14.48 14.55 13.5 13.5
2000-03-03 13.9 14.1 13.02 13.02
2000-06-20 23.61 23.61 21.7 21.7
2000-07-14 25.38 25.5 24.46 24.46
2000-11-01 33.88 33.88 30.89 30.89
2001-01-02 31.28 31.28 29.0 29.0
2001-04-02 33.67 33.67 32.45 32.45
2001-06-05 24.27 24.27 22.72 22.72
2001-08-10 15.35 15.8 14.83 14.83
2001-09-04 13.24 13.67 12.66 12.66
2001-10-23 11.98 11.98 11.0 11.0
2001-11-14 10.0 10.1 9.91 9.91
2001-11-30 11.25 11.42 11.23 11.23
2001-12-25 10.8 10.8 10.3 10.3
2002-01-07 10.48 10.7 10.4 10.4
2002-01-08 10.47 10.75 10.41 10.41
2002-01-30 7.25 7.35 7.0 7.0
2002-01-31 7.8 7.9 7.3 7.3
2002-02-05 8.03 8.16 8.0 8.0
2002-02-07 7.87 7.98 7.61 7.61
2002-02-26 8.14 8.15 7.85 7.85
2002-03-05 8.39 8.5 8.1 8.1
2002-03-11 9.78 9.8 9.0 9.0
2002-05-09 8.89 8.99 8.84 8.84
2002-05-23 8.28 8.51 8.24 8.24
2002-06-11 8.28 8.35 8.15 8.15
2002-06-18 8.15 8.25 8.09 8.09
2002-06-20 8.26 8.38 8.11 8.11
2002-07-23 8.31 8.43 8.3 8.3
2002-07-29 8.31 8.48 7.55 7.55
2002-08-22 8.22 8.32 8.08 8.08
2002-08-27 8.25 8.29 8.08 8.08
2002-11-01 7.32 7.33 7.15 7.15
2002-11-21 6.7 6.7 6.5 6.5
2002-11-25 6.66 6.72 6.58 6.58
2002-11-27 6.68 6.71 6.5 6.5
2002-12-12 6.63 6.65 6.55 6.55
2003-02-19 7.4 7.41 7.3 7.3
2003-02-25 7.26 7.28 7.1 7.1
2003-02-26 7.26 7.32 7.21 7.21
2003-05-22 6.38 6.45 6.3 6.3
2003-06-17 6.35 6.4 6.3 6.3
2003-06-19 6.48 6.58 6.35 6.35
2003-06-26 6.25 6.31 6.2 6.2
2003-07-09 6.24 6.33 5.71 5.71
2003-07-15 6.11 6.14 6.03 6.03
2003-07-17 6.16 6.2 6.07 6.07
2003-07-23 6.13 6.17 6.08 6.08
2003-08-05 5.98 6.08 5.97 5.97
2003-08-13 5.99 6.0 5.9 5.9
2003-09-22 5.8 5.88 5.69 5.69
2003-09-23 5.69 5.85 5.5 5.5
2003-10-08 5.41 5.55 5.38 5.38
2003-10-14 5.68 5.81 5.46 5.46
2003-10-15 5.72 5.72 5.65 5.65
2003-10-17 5.9 6.05 5.7 5.7
2003-11-14 5.77 5.85 5.56 5.56
2003-11-17 5.91 5.91 5.63 5.63
2003-11-18 5.95 5.96 5.85 5.85
2003-11-19 5.93 6.01 5.79 5.79
2003-11-20 6.0 6.07 5.8 5.8
2003-11-24 6.0 6.03 5.74 5.74
2003-11-25 6.02 6.15 5.95 5.95
2004-06-08 5.01 5.04 4.97 4.97
2004-06-16 4.95 5.04 4.92 4.92
2004-07-06 4.77 4.83 4.73 4.73
2004-07-09 4.87 4.98 4.8 4.8
2004-09-02 4.04 4.06 3.92 3.92
2004-09-03 4.13 4.28 4.08 4.08
2004-09-15 4.13 4.18 3.89 3.89
2004-12-22 3.54 3.55 3.44 3.44
2005-03-24 2.85 2.85 2.78 2.78
2005-04-14 2.89 2.9 2.85 2.85
2005-05-13 2.16 2.17 2.1 2.1
2005-05-25 2.24 2.27 2.17 2.17
2005-06-02 2.26 2.29 2.16 2.16
2005-07-12 1.98 1.99 1.92 1.92
2005-07-20 1.85 1.86 1.79 1.79
2005-08-18 2.51 2.6 2.37 2.37
2005-08-24 2.3 2.34 2.25 2.25
2005-12-06 2.29 2.3 2.18 2.18
2005-12-09 2.37 2.39 2.26 2.26
2006-01-04 2.34 2.37 2.3 2.3
2006-04-06 2.84 2.88 2.78 2.78
2006-10-18 3.52 3.52 3.18 3.18
2006-10-19 3.87 3.87 3.87 3.87
2006-10-24 3.47 3.51 3.38 3.38
2007-01-09 3.33 3.38 3.29 3.29
2007-01-16 3.58 3.59 3.32 3.32
2007-01-18 3.62 3.66 3.38 3.38
2007-02-28 5.79 5.79 5.26 5.26
2007-03-01 6.37 6.37 6.18 6.18
2007-05-23 10.0 10.08 9.6 9.6
2007-06-13 7.46 7.46 6.82 6.82
2007-07-19 5.95 5.98 5.8 5.8
2007-07-25 6.85 6.92 6.7 6.7
2007-09-12 8.07 8.16 7.88 7.88
2007-11-13 6.92 6.92 6.65 6.65
2007-11-19 7.4 7.56 7.23 7.23
2007-11-23 7.39 7.42 6.83 6.83
2007-11-26 7.56 7.97 7.39 7.39
2007-11-29 8.38 8.48 7.81 7.81
2007-12-04 8.8 9.14 8.6 8.6
2008-07-14 7.43 7.48 7.12 7.12
2008-11-07 2.47 2.48 2.32 2.32
2008-11-10 2.64 2.67 2.44 2.44
2008-11-12 2.85 2.85 2.54 2.54
2009-04-10 6.02 6.16 5.68 5.68
2009-07-22 7.36 7.44 7.23 7.23
2009-07-27 7.48 7.54 7.25 7.25
2009-09-11 6.75 6.85 6.64 6.64
2009-09-16 7.28 7.34 7.02 7.02
2010-01-11 9.32 9.54 9.13 9.13
2010-01-29 10.6 10.88 10.12 10.12
2010-03-08 10.85 11.5 10.38 10.38
2010-05-14 9.07 9.12 8.96 8.96
2010-05-24 8.61 8.67 8.09 8.09
2010-08-02 7.8 7.86 7.69 7.69
2010-08-19 8.65 8.81 8.59 8.59
2010-08-26 8.52 8.71 8.3 8.3
2010-11-24 8.67 8.69 8.43 8.43
2011-01-07 8.21 8.26 7.71 7.71
2011-01-11 8.39 8.55 8.21 8.21
2011-07-01 8.83 8.88 8.6 8.6
2012-01-30 5.48 5.59 5.46 5.46
2012-02-02 5.6 5.62 5.48 5.48
2012-02-03 5.71 5.78 5.61 5.61
2012-10-09 4.62 4.63 4.46 4.46
2012-12-10 4.1 4.11 4.02 4.02
2012-12-14 4.09 4.1 3.9 3.9
2012-12-17 4.5 4.5 4.05 4.05
2013-01-21 4.66 4.75 4.61 4.61
2013-01-25 4.35 4.36 4.23 4.23
2013-03-05 5.01 5.11 4.72 4.72
2013-08-19 5.95 6.0 5.78 5.78
2013-09-05 6.11 6.32 5.98 5.98
2014-01-14 6.37 6.42 6.2 6.2
2014-03-11 7.11 7.11 6.64 6.64
2014-05-08 6.53 6.61 6.4 6.4
2014-05-26 6.79 6.81 6.68 6.68
2014-05-30 6.7 6.71 6.57 6.57
2014-06-05 7.0 7.05 6.83 6.83
2014-07-29 7.43 7.52 7.38 7.38
2014-10-24 8.5 8.59 8.41 8.41
2014-10-28 8.84 8.88 8.7 8.7
2014-11-21 8.78 8.84 8.7 8.7
2014-12-25 7.24 7.3 7.12 7.12
2015-03-05 8.66 8.68 8.33 8.33
2015-06-12 17.99 19.0 17.42 17.42
2015-07-09 8.38 8.38 6.86 6.86
2015-07-17 9.69 9.88 9.05 9.05
2015-07-23 11.4 11.66 10.81 10.81
2015-08-07 10.34 10.43 10.02 10.02
2015-08-10 11.37 11.37 10.41 10.41
2015-08-17 12.48 12.67 11.86 11.86
2015-08-25 8.39 8.69 8.39 8.39
2015-09-24 8.13 8.14 7.9 7.9
2015-09-28 8.22 8.25 7.94 7.94
2016-02-04 7.61 7.79 7.29 7.29
2016-02-16 7.77 7.81 7.41 7.41
2016-03-17 8.48 8.52 8.16 8.16
2016-07-08 10.48 10.67 10.35 10.35
2016-11-10 13.6 13.87 13.36 13.36
2016-11-11 14.22 14.46 13.48 13.48
2016-12-30 12.55 12.68 12.5 12.5
2017-06-15 10.02 10.18 9.63 9.63
5078
