2004-04-05 11.37 11.43 11.25 11.25
2004-05-17 8.72 8.82 8.62 8.62
2004-05-18 8.93 8.95 8.59 8.59
2004-06-11 8.79 8.79 8.0 8.0
2004-06-15 9.04 9.06 8.52 8.52
2004-07-13 8.24 8.3 8.03 8.03
2004-07-28 8.15 8.18 8.0 8.0
2004-07-29 8.2 8.22 8.08 8.08
2004-08-04 8.28 8.36 8.06 8.06
2004-08-10 8.1 8.12 8.05 8.05
2004-10-13 6.28 6.37 6.17 6.17
2004-10-26 5.8 5.84 5.56 5.56
2004-11-02 5.77 5.81 5.71 5.71
2004-11-10 6.02 6.05 5.78 5.78
2004-11-15 6.11 6.12 6.0 6.0
2004-11-16 6.11 6.18 6.08 6.08
2004-11-18 6.23 6.24 5.98 5.98
2004-12-03 6.22 6.35 6.19 6.19
2004-12-16 5.76 5.85 5.7 5.7
2004-12-20 5.74 5.79 5.7 5.7
2004-12-22 5.95 5.95 5.78 5.78
2005-01-05 5.65 5.69 5.58 5.58
2005-01-11 5.7 5.7 5.6 5.6
2005-01-20 5.42 5.48 5.4 5.4
2005-02-04 5.07 5.13 4.92 4.92
2005-02-22 5.24 5.26 5.11 5.11
2005-03-04 5.23 5.31 5.19 5.19
2005-03-18 4.98 5.2 4.94 4.94
2005-03-29 4.56 4.61 4.54 4.54
2005-04-13 4.75 4.76 4.49 4.49
2005-05-18 4.22 4.23 4.05 4.05
2005-06-07 4.1 4.16 4.05 4.05
2005-06-08 4.38 4.4 4.09 4.09
2005-06-23 4.44 4.58 4.26 4.26
2005-07-12 4.66 4.66 4.4 4.4
2005-07-26 5.18 5.25 4.97 4.97
2005-08-05 5.33 5.38 5.24 5.24
2005-08-24 5.28 5.37 5.2 5.2
2005-08-26 5.46 5.63 5.41 5.41
2005-09-05 5.7 5.74 5.48 5.48
2005-09-28 5.23 5.33 5.2 5.2
2005-09-29 5.41 5.45 5.23 5.23
2005-10-11 5.29 5.3 5.15 5.15
2005-10-17 5.37 5.39 5.2 5.2
2005-11-10 5.11 5.15 4.98 4.98
2005-11-17 5.02 5.11 4.99 4.99
2006-10-16 5.0 5.07 4.97 4.97
2006-11-23 4.9 4.93 4.73 4.73
2006-12-27 5.43 5.52 5.36 5.36
2007-01-08 5.77 5.78 5.6 5.6
2007-01-15 5.72 5.78 5.52 5.52
2007-01-19 6.03 6.07 5.79 5.79
2007-01-29 6.57 6.65 6.3 6.3
2007-02-13 6.7 6.73 6.51 6.51
2007-03-02 6.87 6.96 6.71 6.71
2007-04-12 11.35 11.35 10.52 10.52
2007-04-20 11.95 12.04 11.22 11.22
2007-05-08 16.0 16.19 15.18 15.18
2007-05-17 14.83 15.16 14.62 14.62
2007-05-22 16.01 16.46 15.3 15.3
2007-06-18 15.54 15.75 15.08 15.08
2007-07-09 12.63 12.85 12.08 12.08
2007-07-23 13.4 13.4 12.76 12.76
2007-07-30 14.0 14.16 13.76 13.76
2007-08-02 14.15 14.2 13.65 13.65
2007-08-13 14.23 14.32 13.73 13.73
2007-08-14 15.37 15.43 14.3 14.3
2007-08-30 16.92 16.92 16.2 16.2
2007-09-06 18.57 18.57 17.15 17.15
2007-09-13 21.28 21.98 19.8 19.8
2007-12-03 19.0 19.38 18.2 18.2
2007-12-19 19.5 19.54 18.85 18.85
2007-12-21 20.25 20.46 19.51 19.51
2007-12-26 21.8 21.97 20.84 20.84
2008-02-04 18.23 18.26 16.99 16.99
2008-02-13 17.5 17.89 17.48 17.48
2008-03-03 23.87 23.97 22.8 22.8
2008-03-28 18.24 18.35 16.85 16.85
2008-05-15 14.82 15.29 14.8 14.8
2008-05-20 15.41 15.7 15.06 15.06
2008-05-28 13.94 13.99 13.56 13.56
2008-09-04 8.1 8.22 7.95 7.95
2008-09-08 8.39 8.49 8.01 8.01
2008-09-17 8.15 8.31 7.97 7.97
2008-11-05 5.86 5.89 5.45 5.45
2008-11-17 8.31 8.37 7.56 7.56
2008-11-20 9.93 10.17 9.25 9.25
2008-11-26 8.54 8.79 8.21 8.21
2009-03-02 10.11 10.23 9.72 9.72
2009-03-04 10.67 10.71 10.1 10.1
2009-03-10 10.51 10.52 10.15 10.15
2009-03-16 10.95 10.97 10.47 10.47
2009-03-19 11.81 12.03 11.28 11.28
2009-03-23 11.67 11.78 11.55 11.55
2009-04-28 12.59 12.6 12.23 12.23
2009-04-29 13.32 13.5 12.59 12.59
2009-05-07 14.18 14.66 13.96 13.96
2009-06-01 13.26 13.31 13.15 13.15
2009-06-15 13.15 13.25 12.73 12.73
2009-11-03 14.51 14.94 13.91 13.91
2009-11-13 15.37 15.38 14.85 14.85
2009-11-19 15.12 15.15 14.94 14.94
2009-12-16 14.05 14.15 14.0 14.0
2010-01-14 14.08 14.09 13.8 13.8
2010-02-09 12.75 12.9 12.55 12.55
2010-02-24 12.94 12.94 12.53 12.53
2010-03-03 13.73 13.76 13.37 13.37
2010-03-08 13.6 13.8 13.42 13.42
2010-03-17 13.52 13.58 13.12 13.12
2010-04-01 13.83 13.85 13.68 13.68
2010-04-06 14.56 14.57 13.83 13.83
2010-05-24 10.72 10.88 10.22 10.22
2010-06-08 10.84 10.9 10.5 10.5
2010-06-09 11.17 11.3 10.79 10.79
2010-07-08 11.09 11.4 10.73 10.73
2010-07-22 12.33 12.35 11.9 11.9
2010-08-09 13.48 13.59 12.9 12.9
2010-08-30 13.85 13.86 13.65 13.65
2010-09-02 14.26 14.44 13.92 13.92
2010-09-13 13.91 14.11 13.65 13.65
2010-11-29 18.55 18.58 18.01 18.01
2010-12-08 18.76 19.0 17.79 17.79
2010-12-13 19.45 19.68 19.01 19.01
2010-12-14 20.43 20.54 19.45 19.45
2011-02-11 20.17 20.17 18.6 18.6
2011-02-17 21.96 22.12 21.35 21.35
2011-03-16 22.14 22.3 21.76 21.76
2011-04-01 21.22 21.38 20.33 20.33
2011-05-16 17.07 17.2 17.0 17.0
2011-05-31 15.1 15.1 14.76 14.76
2011-06-03 15.43 15.74 15.0 15.0
2011-06-24 15.93 16.04 15.4 15.4
2011-07-04 17.04 17.15 16.38 16.38
2011-07-13 14.65 14.65 14.16 14.16
2011-08-01 13.19 13.44 13.0 13.0
2011-08-04 12.98 13.12 12.87 12.87
2011-08-12 12.31 12.37 12.2 12.2
2011-11-03 10.2 10.59 10.15 10.15
2012-01-20 8.07 8.1 7.95 7.95
2012-02-02 8.02 8.03 7.9 7.9
2012-02-03 8.21 8.28 8.0 8.0
2012-02-22 9.34 9.51 9.02 9.02
2012-03-02 9.39 9.4 9.16 9.16
2012-03-08 9.65 9.66 9.25 9.25
2012-04-11 9.4 9.41 9.0 9.0
2012-04-17 9.8 10.45 9.79 9.79
2012-07-17 6.81 6.85 6.68 6.68
2012-08-01 6.89 7.01 6.77 6.77
2012-08-22 7.1 7.15 7.01 7.01
2012-09-07 7.11 7.19 6.86 6.86
2012-09-24 7.5 7.56 7.15 7.15
2012-11-01 7.59 7.65 7.31 7.31
2012-11-12 7.72 7.85 7.55 7.55
2012-11-29 7.11 7.2 7.01 7.01
2012-11-30 7.24 7.37 7.1 7.1
2012-12-19 8.35 8.5 8.23 8.23
2012-12-28 8.79 8.84 8.61 8.61
2013-01-09 9.24 9.34 9.17 9.17
2013-01-14 9.12 9.2 8.82 8.82
2013-02-22 8.66 8.74 8.54 8.54
2013-02-27 8.72 8.77 8.57 8.57
2013-03-06 8.71 8.88 8.58 8.58
2013-03-08 8.81 8.98 8.72 8.72
2013-03-29 9.04 9.25 8.36 8.36
2013-05-03 10.18 10.38 9.96 9.96
2013-05-14 10.93 11.08 10.58 10.58
2013-08-28 10.45 10.45 10.45 10.45
2013-08-29 11.5 11.5 11.5 11.5
2013-08-30 12.65 12.65 12.65 12.65
2013-09-18 13.31 13.67 12.7 12.7
2013-10-11 12.87 12.96 12.08 12.08
2013-11-18 10.67 10.68 10.41 10.41
2013-11-27 10.83 10.89 10.7 10.7
2013-12-03 10.28 10.3 10.09 10.09
2013-12-13 11.02 11.09 10.87 10.87
2013-12-26 10.5 10.77 10.23 10.23
2014-01-24 10.16 10.19 9.5 9.5
2014-02-14 11.32 11.32 10.3 10.3
2014-03-11 10.03 10.18 9.72 9.72
2014-04-01 10.21 10.27 10.12 10.12
2014-04-09 10.53 10.65 10.43 10.43
2014-04-17 10.82 10.98 10.7 10.7
2014-06-03 9.99 10.09 9.96 9.96
2014-06-26 9.27 9.33 9.2 9.2
2014-07-24 9.23 9.25 9.15 9.15
2014-09-23 9.98 10.03 9.91 9.91
2014-10-28 9.69 9.7 9.53 9.53
2014-11-12 10.77 10.97 10.1 10.1
2014-12-08 11.15 11.29 10.91 10.91
2014-12-10 11.16 11.19 10.78 10.78
2015-01-20 10.9 10.94 10.7 10.7
2015-02-13 11.15 11.28 11.11 11.11
2015-02-26 11.35 11.37 11.16 11.16
2015-03-11 11.7 11.82 11.61 11.61
2015-03-18 12.22 12.27 11.99 11.99
2015-04-07 14.38 14.62 14.03 14.03
2015-04-08 15.82 15.82 14.4 14.4
2015-04-17 16.28 17.0 16.12 16.12
2015-04-20 17.15 17.8 16.13 16.13
2015-04-22 18.11 19.0 17.62 17.62
2015-05-11 15.69 15.7 15.34 15.34
2015-05-25 17.91 18.06 17.35 17.35
2015-07-08 9.83 10.52 9.83 9.83
2015-07-17 13.93 14.0 13.06 13.06
2015-08-04 13.24 13.26 12.25 12.25
2015-08-10 14.58 14.75 13.67 13.67
2015-09-11 13.76 13.76 12.43 12.43
2015-09-23 14.08 14.08 13.5 13.5
2015-11-04 14.85 14.98 14.28 14.28
2015-12-07 13.5 13.6 13.3 13.3
2015-12-14 13.2 13.27 12.94 12.94
2015-12-17 13.5 13.55 13.21 13.21
2015-12-25 13.71 13.77 13.58 13.58
2016-02-02 10.63 10.64 10.28 10.28
2016-02-04 10.67 10.77 10.58 10.58
2016-02-24 11.61 11.64 11.19 11.19
2016-03-14 10.84 10.94 10.64 10.64
2016-03-18 11.07 11.14 10.86 10.86
2016-03-25 11.41 11.42 11.0 11.0
2016-03-30 11.3 11.3 11.08 11.08
2016-04-11 11.36 11.55 11.23 11.23
2016-05-13 10.75 10.89 10.68 10.68
2016-06-17 10.3 10.39 10.27 10.27
2016-08-02 11.01 11.02 10.66 10.66
2016-08-05 11.2 11.39 11.06 11.06
2016-08-15 11.52 11.63 11.17 11.17
2016-09-05 11.2 11.25 11.14 11.14
2016-09-07 11.4 11.59 11.32 11.32
2016-10-18 11.34 11.38 11.19 11.19
2016-11-10 11.38 11.42 11.23 11.23
2016-12-16 11.6 11.63 11.31 11.31
2017-02-06 12.73 12.78 12.27 12.27
2017-02-20 13.25 13.26 12.77 12.77
2017-02-28 12.9 12.97 12.81 12.81
2017-05-15 10.67 10.71 10.57 10.57
2017-06-07 10.7 10.73 10.53 10.53
2017-06-09 10.79 10.88 10.65 10.65
2017-06-13 10.7 10.72 10.54 10.54
2017-06-26 10.76 10.78 10.65 10.65
2017-07-13 10.72 10.73 10.61 10.61
2017-07-19 10.35 10.36 10.15 10.15
2017-07-24 10.89 10.9 10.77 10.77
2017-08-01 10.94 11.08 10.89 10.89
2017-08-03 10.93 11.03 10.83 10.83
2017-08-14 11.0 11.03 10.75 10.75
2017-08-28 10.9 10.9 10.81 10.81
