1999-04-19 14.25 14.51 14.21 14.21
1999-05-19 13.04 13.09 12.2 12.2
1999-05-26 14.29 14.35 13.85 13.85
1999-06-16 16.0 16.0 15.23 15.23
1999-06-17 17.6 17.6 16.2 16.2
1999-07-09 20.5 21.0 19.35 19.35
1999-07-14 20.1 20.13 19.12 19.12
1999-07-20 19.8 19.9 18.7 18.7
1999-07-23 19.5 20.0 19.01 19.01
1999-07-26 19.93 20.18 19.5 19.5
1999-07-28 20.19 20.5 19.8 19.8
1999-08-02 20.16 20.3 19.8 19.8
1999-08-03 20.95 21.1 20.0 20.0
1999-08-12 20.98 21.08 20.52 20.52
1999-10-26 14.2 14.39 14.07 14.07
1999-10-27 14.49 14.6 14.36 14.36
1999-11-02 14.0 14.15 13.78 13.78
1999-11-17 13.7 13.75 13.11 13.11
1999-12-08 13.23 13.3 13.0 13.0
1999-12-10 13.24 13.27 13.0 13.0
1999-12-15 13.22 13.48 12.1 12.1
1999-12-21 12.9 13.0 12.52 12.52
2000-01-07 14.5 14.9 13.7 13.7
2000-01-20 13.56 13.57 13.3 13.3
2000-01-24 14.95 15.0 14.1 14.1
2000-01-26 14.5 14.58 14.2 14.2
2000-01-28 15.0 15.38 14.5 14.5
2000-02-22 18.15 18.15 18.15 18.15
2000-02-28 19.09 19.15 18.0 18.0
2000-03-17 15.1 15.25 14.5 14.5
2000-03-21 15.81 16.15 15.12 15.12
2000-03-27 15.79 15.95 15.5 15.5
2000-03-28 16.33 16.55 15.88 15.88
2000-04-05 15.8 15.9 15.51 15.51
2000-04-06 16.24 16.4 15.8 15.8
2000-04-21 16.44 16.7 16.28 16.28
2000-05-17 14.99 15.29 14.9 14.9
2000-05-22 15.8 15.86 15.3 15.3
2000-06-02 16.6 16.8 16.15 16.15
2000-06-28 16.63 16.97 16.4 16.4
2000-06-30 17.3 17.85 17.01 17.01
2000-07-24 17.99 18.1 17.72 17.72
2000-08-08 17.23 17.33 16.9 16.9
2000-08-15 17.6 17.85 17.3 17.3
2000-09-04 16.49 16.5 15.38 15.38
2000-09-26 15.83 15.96 15.2 15.2
2000-10-30 16.73 16.9 16.65 16.65
2000-11-21 19.61 19.91 19.3 19.3
2000-11-28 20.58 20.7 19.0 19.0
2000-12-13 20.17 20.6 19.1 19.1
2000-12-14 20.98 21.22 20.25 20.25
2000-12-18 21.22 21.91 20.5 20.5
2000-12-21 23.12 23.31 21.88 21.88
2000-12-22 23.66 23.75 23.0 23.0
2001-01-19 23.2 23.48 23.0 23.0
2001-02-06 22.8 22.8 22.05 22.05
2001-03-20 26.08 26.1 25.38 25.38
2001-03-26 28.15 28.28 27.2 27.2
2001-03-30 28.48 28.64 28.05 28.05
2001-04-06 28.8 28.82 28.6 28.6
2001-04-09 29.5 29.5 28.85 28.85
2001-05-14 21.24 21.28 20.2 20.2
2001-05-16 21.6 21.79 21.0 21.0
2001-05-22 21.68 21.73 21.15 21.15
2001-05-29 23.05 23.05 22.2 22.2
2001-06-19 22.82 23.0 22.65 22.65
2001-06-21 22.88 23.0 22.8 22.8
2001-06-28 23.95 23.98 23.1 23.1
2001-07-02 25.1 25.15 24.0 24.0
2001-08-09 24.65 24.67 23.9 23.9
2001-08-10 25.25 25.3 24.6 24.6
2001-09-04 16.98 16.98 15.9 15.9
2001-09-18 15.93 15.98 15.6 15.6
2001-12-03 15.28 15.35 15.05 15.05
2001-12-04 15.42 15.45 15.25 15.25
2001-12-27 15.6 15.7 15.42 15.42
2001-12-31 16.02 16.05 15.7 15.7
2002-01-31 16.4 16.43 15.65 15.65
2002-02-25 16.52 16.55 16.3 16.3
2002-03-05 16.6 16.64 16.45 16.45
2002-03-14 16.39 16.4 15.98 15.98
2002-03-21 17.11 17.35 16.8 16.8
2002-04-03 16.44 16.44 16.2 16.2
2002-04-08 16.9 16.99 16.72 16.72
2002-04-11 17.63 17.65 17.17 17.17
2002-04-30 18.05 18.18 17.82 17.82
2002-05-21 17.7 17.85 17.4 17.4
2002-08-13 15.71 15.75 15.55 15.55
2002-08-14 15.87 15.87 15.7 15.7
2002-08-16 15.82 15.85 15.65 15.65
2002-08-20 16.0 16.06 15.79 15.79
2002-08-22 16.02 16.15 15.95 15.95
2002-08-27 15.95 15.98 15.8 15.8
2002-10-11 15.57 15.6 15.48 15.48
2003-01-08 17.19 17.3 16.95 16.95
2003-02-11 17.53 17.55 17.35 17.35
2003-04-14 17.45 17.47 17.16 17.16
2003-04-18 17.93 17.95 17.75 17.75
2003-06-11 18.2 18.23 17.92 17.92
2003-07-01 17.82 17.85 17.71 17.71
2004-01-29 10.36 10.38 10.05 10.05
2004-02-04 11.12 11.13 10.6 10.6
2004-02-27 10.47 10.55 10.33 10.33
2004-03-05 10.57 10.65 10.37 10.37
2004-03-10 10.44 10.5 10.22 10.22
2004-03-31 10.28 10.32 10.19 10.19
2004-06-11 9.2 9.35 9.06 9.06
2004-06-15 9.24 9.29 9.0 9.0
2004-07-15 9.41 9.45 9.26 9.26
2004-07-16 9.73 9.8 9.43 9.43
2004-09-14 9.22 9.25 8.9 8.9
2004-09-16 9.69 9.88 9.5 9.5
2004-11-15 9.93 9.95 9.86 9.86
2004-11-24 9.99 10.06 9.83 9.83
2004-12-03 10.16 10.18 9.9 9.9
2004-12-31 10.03 10.07 9.6 9.6
2005-02-02 10.14 10.16 9.65 9.65
2005-02-21 10.31 10.32 10.11 10.11
2005-03-08 10.49 10.5 10.33 10.33
2005-04-22 10.25 10.3 9.59 9.59
2005-06-08 10.54 10.55 9.99 9.99
2005-06-27 10.41 10.48 10.22 10.22
2005-07-26 10.43 10.48 10.14 10.14
2005-10-27 11.13 11.13 10.2 10.2
2005-11-03 12.18 12.85 11.8 11.8
2006-10-24 4.07 4.07 4.07 4.07
2006-12-18 3.19 3.35 3.13 3.13
2007-03-20 5.75 5.84 5.56 5.56
2007-04-04 6.68 6.8 6.56 6.56
2007-04-20 8.08 8.16 7.6 7.6
2007-05-22 8.81 9.0 8.46 8.46
2007-05-23 9.02 9.21 8.86 8.86
2007-06-05 5.82 5.85 5.47 5.47
2007-06-18 6.62 6.84 6.46 6.46
2007-06-21 6.9 6.95 6.6 6.6
2007-09-03 7.33 7.35 7.07 7.07
2007-09-05 7.57 7.7 7.21 7.21
2007-09-27 6.62 6.65 6.49 6.49
2007-11-05 5.17 5.24 5.03 5.03
2007-11-06 5.23 5.32 5.17 5.17
2007-11-19 5.43 5.48 5.3 5.3
2007-11-28 5.14 5.21 5.1 5.1
2007-12-17 5.71 5.78 5.58 5.58
2007-12-19 5.69 5.73 5.58 5.58
2008-02-18 5.79 5.85 5.64 5.64
2008-03-03 6.32 6.34 6.08 6.08
2008-03-11 6.45 6.46 6.03 6.03
2008-04-30 4.55 4.57 4.42 4.42
2008-05-13 4.85 4.93 4.57 4.57
2008-06-16 3.82 3.92 3.76 3.76
2008-06-24 3.6 3.63 3.5 3.5
2008-07-14 3.95 3.97 3.73 3.73
2008-07-18 3.69 3.7 3.51 3.51
2008-08-15 3.08 3.13 3.06 3.06
2008-08-25 2.97 3.0 2.91 2.91
2008-08-29 2.94 2.99 2.88 2.88
2008-09-25 2.65 2.68 2.55 2.55
2008-10-23 2.2 2.2 2.13 2.13
2008-11-07 1.93 1.99 1.81 1.81
2009-01-14 2.5 2.51 2.4 2.4
2009-02-03 2.91 2.99 2.81 2.81
2009-02-06 3.0 3.02 2.88 2.88
2009-02-13 3.33 3.35 3.19 3.19
2009-02-19 3.18 3.2 3.11 3.11
2009-05-15 4.1 4.15 4.05 4.05
2009-07-14 4.57 4.64 4.44 4.44
2009-07-27 4.66 4.71 4.6 4.6
2009-08-20 3.68 3.68 3.51 3.51
2009-10-09 3.87 3.88 3.76 3.76
2009-10-23 4.42 4.5 4.18 4.18
2009-11-16 4.7 4.74 4.65 4.65
2009-11-30 5.17 5.18 5.01 5.01
2010-02-08 4.81 4.87 4.63 4.63
2010-03-01 5.41 5.45 5.28 5.28
2010-03-08 5.55 5.59 5.4 5.4
2010-04-26 7.2 7.35 7.1 7.1
2010-05-13 6.52 6.54 6.15 6.15
2010-06-23 5.96 6.14 5.87 5.87
2010-07-06 4.9 4.96 4.8 4.8
2010-07-07 4.98 5.04 4.91 4.91
2010-08-09 6.77 6.88 6.38 6.38
2010-08-17 6.52 6.7 6.29 6.29
2010-09-27 6.28 6.31 6.19 6.19
2010-11-26 6.69 6.69 6.69 6.69
2010-11-29 7.36 7.36 7.36 7.36
2010-12-13 7.33 7.45 7.22 7.22
2011-02-01 6.42 6.49 6.35 6.35
2011-03-01 8.09 8.09 8.09 8.09
2011-03-02 8.9 8.9 8.9 8.9
2011-04-08 12.78 12.95 12.55 12.55
2011-06-14 12.46 12.8 11.85 11.85
2011-07-13 12.71 12.79 12.49 12.49
2011-08-04 11.68 11.81 11.52 11.52
2011-08-15 11.05 11.25 10.72 10.72
2011-11-07 10.46 10.69 10.42 10.42
2011-11-17 10.87 11.1 10.63 10.63
2011-11-21 10.32 10.39 10.15 10.15
2011-12-08 11.86 12.48 11.35 11.35
2012-01-06 7.85 7.91 7.61 7.61
2012-01-17 8.75 8.83 8.08 8.08
2012-05-03 10.01 10.17 9.7 9.7
2012-05-22 10.25 10.41 10.15 10.15
2012-06-18 9.45 9.55 9.42 9.42
2012-06-29 9.16 9.19 8.87 8.87
2012-07-06 8.87 8.99 8.64 8.64
2012-07-24 9.24 9.4 8.7 8.7
2012-10-09 7.63 7.64 7.45 7.45
2012-10-24 8.09 8.36 7.64 7.64
2012-11-01 7.61 7.64 7.5 7.5
2012-12-10 6.53 6.54 6.31 6.31
2013-01-07 7.37 7.53 7.28 7.28
2013-01-23 7.96 8.08 7.8 7.8
2013-03-05 8.73 8.8 8.39 8.39
2013-03-06 9.06 9.55 8.76 8.76
2013-03-29 9.92 10.14 9.42 9.42
2013-07-09 12.86 12.98 12.33 12.33
2013-07-25 14.86 14.99 13.57 13.57
2013-11-04 12.0 12.19 11.7 11.7
2013-11-18 12.11 12.15 11.91 11.91
2013-12-09 11.99 12.13 11.87 11.87
2014-03-03 11.78 11.86 11.3 11.3
2014-03-06 12.2 12.28 11.75 11.75
2014-03-17 11.21 11.22 10.81 10.81
2014-04-08 11.14 11.15 11.0 11.0
2014-04-29 10.43 10.45 10.23 10.23
2014-05-14 10.8 10.93 10.75 10.75
2014-06-26 10.25 10.32 10.15 10.15
2014-07-09 11.04 11.33 10.85 10.85
2014-07-18 11.07 11.23 10.87 10.87
2014-07-24 11.15 11.21 11.04 11.04
2014-10-20 13.18 13.3 12.76 12.76
2014-11-28 13.09 13.09 13.09 13.09
2014-12-24 12.36 12.47 12.17 12.17
2015-01-13 12.22 12.26 12.02 12.02
2015-02-26 13.75 13.93 13.45 13.45
2015-03-16 17.31 17.9 16.93 16.93
2015-04-21 21.58 21.7 20.61 20.61
2015-04-28 23.36 23.55 21.9 21.9
2015-05-11 20.34 20.92 19.41 19.41
2015-05-19 21.65 21.67 21.2 21.2
2015-07-13 24.19 24.19 24.19 24.19
2015-07-16 22.25 23.94 21.07 21.07
2015-08-04 21.69 21.8 20.17 20.17
2015-08-25 18.93 19.39 18.93 18.93
2015-09-29 16.13 16.39 16.03 16.03
2015-10-13 19.19 19.69 18.3 18.3
2015-10-20 20.0 20.3 19.65 19.65
2016-03-16 25.1 25.1 25.1 25.1
2016-03-17 22.59 22.59 22.59 22.59
2016-03-18 22.14 23.49 20.52 20.52
2016-04-12 20.56 20.85 20.0 20.0
2016-05-20 16.6 16.62 16.06 16.06
2016-06-17 17.96 18.07 17.24 17.24
2016-07-21 22.77 23.09 22.4 22.4
2016-08-16 20.44 21.0 20.11 20.11
2016-10-18 18.65 18.69 18.05 18.05
2016-11-01 18.99 19.25 18.59 18.59
2016-12-01 18.67 18.78 18.57 18.57
2016-12-05 18.13 18.36 18.0 18.0
2016-12-22 18.88 19.25 18.8 18.8
2017-01-04 19.34 19.46 19.22 19.22
2017-02-03 17.12 17.26 17.0 17.0
2017-02-07 17.22 17.32 17.12 17.12
2017-03-31 15.55 15.67 15.42 15.42
2017-04-17 15.38 15.79 15.01 15.01
2017-05-09 13.33 13.44 13.16 13.16
2017-06-13 13.1 13.12 12.7 12.7
2017-06-15 13.24 13.32 13.05 13.05
2017-06-30 13.2 13.29 13.16 13.16
