1993-11-11 10.39 10.67 10.25 10.25
1993-11-15 12.0 12.2 11.1 11.1
1993-12-17 14.3 15.0 12.0 12.0
1994-01-06 12.55 12.68 12.23 12.23
1994-01-17 11.95 12.48 11.8 11.8
1994-02-02 10.85 10.85 10.5 10.5
1994-02-03 11.23 11.89 10.95 10.95
1994-03-24 9.94 10.44 9.86 9.86
1994-03-28 9.88 9.88 9.58 9.58
1994-03-31 10.9 10.9 10.15 10.15
1994-04-07 10.7 11.08 10.41 10.41
1994-04-21 9.65 9.8 8.42 8.42
1994-05-03 10.98 11.0 10.08 10.08
1994-05-10 12.8 12.84 11.38 11.38
1994-06-02 11.08 11.22 10.88 10.88
1994-06-10 10.05 10.32 9.9 9.9
1994-06-16 10.2 10.2 10.01 10.01
1994-06-17 10.57 10.59 10.21 10.21
1994-07-07 8.35 8.65 8.0 8.0
1994-07-12 8.24 8.25 8.12 8.12
1994-07-13 8.38 8.4 8.16 8.16
1994-07-25 7.0 7.0 6.11 6.11
1994-08-16 9.9 10.16 9.36 9.36
1994-09-19 10.65 11.16 10.6 10.6
1994-10-10 7.15 7.75 7.02 7.02
1994-10-11 7.78 8.17 7.3 7.3
1994-10-24 8.98 9.0 8.6 8.6
1994-12-06 7.78 7.8 7.69 7.69
1994-12-21 8.45 8.7 7.85 7.85
1995-02-07 6.9 7.0 6.7 6.7
1995-02-13 7.1 7.15 6.96 6.96
1995-02-22 7.75 7.78 6.85 6.85
1995-03-03 7.3 7.4 7.15 7.15
1995-03-16 7.0 7.02 6.88 6.88
1995-03-27 7.36 7.38 7.15 7.15
1995-03-28 7.15 7.25 7.0 7.0
1995-04-14 7.45 7.56 7.1 7.1
1995-04-20 7.29 7.38 7.21 7.21
1995-04-28 6.48 6.78 6.4 6.4
1995-06-08 7.55 7.74 7.1 7.1
1995-06-19 6.88 6.9 6.8 6.8
1995-06-29 7.1 7.2 7.06 7.06
1995-07-03 6.82 7.0 6.8 6.8
1995-07-13 7.15 7.25 7.08 7.08
1995-07-17 7.38 7.4 7.15 7.15
1995-07-20 7.18 7.19 7.01 7.01
1995-07-21 7.2 7.25 7.1 7.1
1995-07-25 7.47 7.49 7.38 7.38
1995-08-07 7.25 7.25 7.02 7.02
1995-08-17 7.32 7.5 7.28 7.28
1995-09-06 7.37 7.4 7.2 7.2
1995-09-11 7.19 7.3 7.1 7.1
1995-09-21 6.94 6.94 6.88 6.88
1995-10-04 6.88 6.92 6.88 6.88
1995-10-05 6.93 6.95 6.87 6.87
1995-10-09 6.8 6.9 6.4 6.4
1995-10-12 6.78 6.84 6.75 6.75
1995-10-16 6.88 6.94 6.7 6.7
1995-10-17 6.88 6.94 6.7 6.7
1995-10-25 7.18 7.35 6.9 6.9
1995-10-30 6.8 6.9 6.8 6.8
1995-10-31 6.9 7.1 6.8 6.8
1995-11-01 6.93 7.08 6.9 6.9
1995-11-03 6.98 6.98 6.8 6.8
1995-11-09 7.2 7.29 6.94 6.94
1995-11-14 7.07 7.1 6.9 6.9
1995-11-15 7.2 7.21 7.06 7.06
1995-11-20 7.43 7.47 7.2 7.2
1995-11-24 7.21 7.55 7.1 7.1
1995-11-27 7.3 7.39 7.12 7.12
1995-11-28 7.36 7.36 7.2 7.2
1995-11-29 7.35 7.38 7.2 7.2
1995-12-15 7.85 7.85 7.6 7.6
1995-12-19 8.0 8.1 7.85 7.85
1996-01-23 5.76 5.87 5.54 5.54
1996-01-26 5.72 5.85 5.65 5.65
1996-01-29 5.74 5.85 5.6 5.6
1996-02-07 5.67 5.78 5.58 5.58
1996-02-13 5.7 5.75 5.65 5.65
1996-03-11 5.93 6.01 5.88 5.88
1996-03-12 6.14 6.18 5.95 5.95
1996-03-20 6.06 6.15 6.02 6.02
1996-03-25 6.07 6.19 5.96 5.96
1996-04-01 5.97 6.18 5.8 5.8
1996-04-03 5.96 6.0 5.71 5.71
1996-04-11 6.31 6.33 6.26 6.26
1996-04-22 7.08 7.3 6.8 6.8
1996-04-24 7.96 7.96 7.4 7.4
1996-05-08 8.09 8.2 8.0 8.0
1996-06-05 8.45 8.55 7.95 7.95
1996-06-07 8.35 8.8 8.2 8.2
1996-06-12 8.32 8.4 8.2 8.2
1996-06-19 9.0 9.25 8.64 8.64
1996-06-26 7.09 7.11 6.7 6.7
1996-07-02 6.54 6.59 6.38 6.38
1996-08-05 7.09 7.09 6.8 6.8
1996-09-04 6.48 6.52 6.26 6.26
1996-09-19 5.97 5.99 5.88 5.88
1996-09-27 6.39 6.45 6.2 6.2
1996-10-03 6.26 6.39 6.12 6.12
1996-10-08 6.26 6.3 6.11 6.11
1996-10-10 6.6 6.77 6.45 6.45
1996-10-28 7.25 7.25 6.96 6.96
1996-11-15 6.29 6.37 6.15 6.15
1996-11-29 6.88 6.95 6.5 6.5
1996-12-09 8.5 8.51 8.31 8.31
1996-12-16 6.38 6.38 6.38 6.38
1996-12-17 5.74 6.38 5.74 5.74
1996-12-18 6.3 6.3 5.74 5.74
1997-01-07 5.69 5.73 5.5 5.5
1997-01-27 6.35 6.4 6.16 6.16
1997-01-29 6.57 6.65 6.38 6.38
1997-01-30 6.89 6.95 6.6 6.6
1997-02-20 6.98 7.15 6.44 6.44
1997-02-21 7.35 7.36 6.87 6.87
1997-02-27 8.0 8.02 7.43 7.43
1997-04-04 14.74 14.74 13.53 13.53
1997-04-30 14.06 14.06 14.06 14.06
1997-06-02 13.3 13.49 13.0 13.0
1997-06-13 13.2 13.4 11.9 11.9
1997-07-10 12.7 13.2 12.7 12.7
1997-07-14 14.15 14.25 13.1 13.1
1997-08-19 12.43 12.55 12.3 12.3
1997-08-28 12.67 12.67 11.71 11.71
1997-09-04 12.12 12.46 12.08 12.08
1997-09-18 10.66 10.79 10.5 10.5
1997-09-24 9.45 9.5 9.01 9.01
1997-09-30 9.3 9.34 9.0 9.0
1997-10-09 10.15 10.2 9.6 9.6
1997-10-16 10.08 10.2 9.95 9.95
1997-11-06 10.15 10.45 10.05 10.05
1997-11-28 10.0 10.0 9.8 9.8
1997-12-09 10.15 10.22 10.11 10.11
1997-12-15 10.81 10.9 10.48 10.48
1997-12-18 10.4 10.48 10.19 10.19
1997-12-25 10.95 11.1 10.8 10.8
1997-12-26 11.2 11.32 10.95 10.95
1997-12-31 11.09 11.55 10.9 10.9
1998-01-06 11.53 11.55 11.3 11.3
1998-02-11 11.56 11.8 11.38 11.38
1998-02-16 11.5 12.0 11.4 11.4
1998-03-04 11.3 11.45 11.2 11.2
1998-03-16 11.07 11.07 10.7 10.7
1998-03-23 10.94 11.4 10.88 10.88
1998-04-21 12.24 12.37 12.0 12.0
1998-04-22 12.79 12.79 12.25 12.25
1998-05-04 13.39 13.6 13.08 13.08
1998-05-12 13.29 13.5 12.71 12.71
1998-05-13 13.86 14.08 13.0 13.0
1998-05-18 13.85 13.85 13.4 13.4
1998-05-27 14.4 14.49 13.9 13.9
1998-06-02 15.92 16.25 15.05 15.05
1998-06-26 15.14 15.38 14.93 14.93
1998-08-19 9.93 9.93 9.1 9.1
1998-09-28 14.15 14.3 13.28 13.28
1998-10-07 13.38 13.7 13.3 13.3
1998-10-27 12.55 13.08 12.46 12.46
1998-10-30 13.41 13.6 13.3 13.3
1998-12-21 11.28 11.45 11.2 11.2
1999-01-04 11.1 11.7 11.08 11.08
1999-01-08 11.29 11.29 10.76 10.76
1999-01-11 11.4 11.55 11.3 11.3
1999-02-09 9.99 9.99 9.8 9.8
1999-03-23 11.43 11.48 10.85 10.85
1999-04-21 10.33 10.57 10.24 10.24
1999-04-28 9.96 10.28 9.9 9.9
1999-05-07 10.22 10.38 10.2 10.2
1999-05-12 10.4 10.49 10.12 10.12
1999-05-27 11.37 11.47 11.05 11.05
1999-06-04 10.76 10.88 10.5 10.5
1999-06-16 11.97 11.97 11.35 11.35
1999-06-28 13.14 13.3 12.42 12.42
1999-06-30 12.28 13.35 12.25 12.25
1999-07-05 12.5 12.73 11.7 11.7
1999-07-30 11.84 12.05 11.68 11.68
1999-08-16 12.23 12.4 12.0 12.0
1999-09-17 12.14 12.38 12.0 12.0
1999-09-24 12.1 12.3 12.01 12.01
1999-10-27 12.2 12.39 12.0 12.0
1999-10-29 12.62 12.98 12.4 12.4
1999-11-03 12.1 12.35 12.08 12.08
1999-11-11 11.8 11.94 11.66 11.66
1999-11-22 12.8 12.98 12.16 12.16
1999-11-26 12.62 12.75 12.25 12.25
2000-01-19 10.15 10.25 10.05 10.05
2000-01-20 10.29 10.35 10.2 10.2
2000-04-03 14.6 15.16 13.85 13.85
2000-04-20 17.2 17.48 16.83 16.83
2000-04-21 17.6 18.24 17.2 17.2
2000-04-24 18.06 18.4 17.65 17.65
2000-05-17 17.1 17.3 16.5 16.5
2000-05-22 17.72 17.92 17.32 17.32
2000-06-15 21.01 21.01 19.2 19.2
2000-07-14 22.1 22.3 21.4 21.4
2000-07-26 22.2 22.39 22.0 22.0
2000-07-28 22.41 22.6 22.0 22.0
2000-08-04 24.71 25.3 23.5 23.5
2000-08-07 24.5 24.68 24.0 24.0
2000-08-29 27.6 28.1 25.88 25.88
2000-09-01 26.3 26.6 26.0 26.0
2000-09-07 25.96 26.32 25.0 25.0
2000-09-11 24.96 25.37 24.5 24.5
2000-09-28 25.6 26.3 25.5 25.5
2000-10-17 25.8 25.9 25.2 25.2
2000-10-20 26.2 26.4 25.6 25.6
2000-10-25 27.05 27.8 25.08 25.08
2000-10-27 26.8 27.15 26.5 26.5
2000-10-30 27.2 28.0 26.8 26.8
2000-11-01 27.4 27.5 26.51 26.51
2000-11-23 29.0 29.2 27.3 27.3
2000-12-25 30.4 30.6 30.2 30.2
2000-12-29 30.28 30.38 29.7 29.7
2001-01-09 29.7 30.25 29.2 29.2
2001-01-10 30.55 30.78 29.8 29.8
2001-02-14 28.87 29.15 28.66 28.66
2001-02-23 29.19 29.2 28.5 28.5
2001-03-12 18.48 18.7 18.4 18.4
2001-03-14 19.19 19.19 18.4 18.4
2001-04-02 20.55 20.8 20.38 20.38
2001-04-13 21.68 21.75 20.5 20.5
2001-04-16 22.96 23.0 21.7 21.7
2001-04-20 25.23 25.8 23.7 23.7
2001-04-27 24.5 24.51 23.6 23.6
2001-06-19 23.4 23.9 23.3 23.3
2001-07-05 23.33 23.8 23.2 23.2
2001-07-12 23.8 23.8 23.3 23.3
2001-07-13 24.28 24.45 23.9 23.9
2001-07-16 25.33 25.7 24.4 24.4
2001-08-01 21.54 21.6 21.0 21.0
2001-08-09 20.43 20.7 20.2 20.2
2001-08-21 20.55 20.8 20.5 20.5
2001-09-10 20.33 20.4 19.0 19.0
2001-09-13 19.74 19.89 19.55 19.55
2001-09-18 19.2 19.7 19.05 19.05
2001-10-24 17.8 18.1 17.31 17.31
2001-10-25 18.0 18.95 17.6 17.6
2001-11-20 17.72 17.75 17.1 17.1
2001-11-28 17.85 17.95 17.45 17.45
2001-12-03 18.35 18.39 17.6 17.6
2001-12-04 18.66 18.79 18.2 18.2
2001-12-13 16.91 17.2 16.8 16.8
2001-12-19 16.41 16.7 16.2 16.2
2001-12-21 15.81 16.07 15.6 15.6
2001-12-27 15.87 16.15 15.7 15.7
2002-01-08 13.4 13.66 13.3 13.3
2002-03-07 14.68 14.7 14.2 14.2
2002-04-12 13.25 13.33 13.01 13.01
2002-04-24 12.68 12.78 12.6 12.6
2002-04-26 13.07 13.14 12.6 12.6
2002-04-29 13.38 13.53 13.07 13.07
2002-05-14 13.57 14.36 13.05 13.05
2002-06-12 13.06 13.08 12.58 12.58
2002-06-20 12.28 12.48 12.18 12.18
2002-06-21 12.71 12.78 12.28 12.28
2002-07-03 13.04 13.16 12.95 12.95
2002-07-11 13.08 13.18 12.79 12.79
2002-08-02 12.67 12.68 12.5 12.5
2002-08-06 12.71 12.78 12.6 12.6
2002-08-07 13.03 13.15 12.73 12.73
2002-08-20 12.3 12.33 12.16 12.16
2002-09-12 13.48 13.65 13.0 13.0
2002-10-16 12.48 12.65 12.39 12.39
2002-11-04 11.97 12.09 11.8 11.8
2002-11-05 12.2 12.28 11.99 11.99
2002-11-19 10.59 10.68 10.35 10.35
2002-12-20 11.49 11.75 11.35 11.35
2003-02-11 11.55 11.57 11.4 11.4
2003-02-12 11.9 11.99 11.5 11.5
2003-02-14 11.79 11.82 11.65 11.65
2003-03-21 10.86 10.93 10.7 10.7
2003-03-26 10.59 10.69 10.5 10.5
2003-04-01 11.03 11.09 10.83 10.83
2003-06-17 9.44 9.48 9.15 9.15
2003-07-08 8.26 8.35 8.1 8.1
2003-07-25 7.96 8.14 7.68 7.68
2003-08-06 8.21 8.25 8.05 8.05
2003-08-12 8.08 8.09 7.9 7.9
2003-08-14 8.05 8.17 7.9 7.9
2003-08-18 8.15 8.32 8.01 8.01
2003-08-26 7.99 8.19 7.82 7.82
2003-09-18 7.42 7.56 7.39 7.39
2003-10-10 7.05 7.1 6.77 6.77
2003-10-23 6.77 7.04 6.73 6.73
2003-10-31 6.05 6.2 6.0 6.0
2003-11-19 6.05 6.05 5.48 5.48
2003-11-20 6.66 6.66 6.27 6.27
2003-12-25 6.75 6.99 6.7 6.7
2004-01-02 6.56 6.84 6.5 6.5
2004-01-29 7.68 7.82 7.18 7.18
2004-02-19 9.32 9.8 9.1 9.1
2004-03-10 8.19 8.24 7.84 7.84
2004-03-31 8.72 8.84 8.48 8.48
2004-04-13 7.84 8.31 7.8 7.8
2004-04-19 7.36 7.77 7.1 7.1
2004-05-11 7.32 7.4 7.1 7.1
2004-05-12 7.52 7.58 7.22 7.22
2004-06-16 8.91 9.14 8.8 8.8
2004-06-21 8.97 9.0 8.43 8.43
2004-06-22 9.04 9.3 8.88 8.88
2004-07-07 8.51 8.68 8.4 8.4
2006-10-31 4.55 4.62 4.52 4.52
2006-11-09 4.39 4.43 4.3 4.3
2007-01-19 4.96 5.0 4.82 4.82
2007-01-29 5.19 5.3 4.93 4.93
2007-02-05 5.02 5.08 4.91 4.91
2007-02-06 5.16 5.18 5.02 5.02
2007-02-08 5.31 5.44 5.17 5.17
2007-02-09 5.41 5.55 5.3 5.3
2007-03-22 7.56 7.72 7.06 7.06
2007-06-20 8.32 8.32 8.32 8.32
2007-06-21 9.15 9.15 9.15 9.15
2007-06-22 10.07 10.07 10.07 10.07
2007-06-25 11.08 11.08 11.08 11.08
2007-07-02 11.22 11.22 11.22 11.22
2007-07-05 10.1 10.1 10.1 10.1
2007-07-06 9.58 10.08 9.09 9.09
2007-07-19 8.31 8.31 7.56 7.56
2007-07-23 8.58 8.76 8.24 8.24
2007-08-20 8.89 8.95 8.74 8.74
2007-09-12 10.11 10.13 9.08 9.08
2007-09-28 14.45 14.7 13.87 13.87
2007-10-29 11.91 12.4 11.77 11.77
2007-11-01 12.65 13.14 12.32 12.32
2007-11-05 12.59 12.75 12.18 12.18
2007-11-16 12.93 13.19 12.7 12.7
2007-11-23 14.07 14.3 13.16 13.16
2007-11-30 15.49 15.7 14.0 14.0
2007-12-19 16.22 16.3 15.21 15.21
2007-12-21 17.35 17.47 16.31 16.31
2007-12-27 16.99 17.0 16.22 16.22
2008-04-25 11.41 12.28 11.05 11.05
2008-04-30 10.67 10.81 9.92 9.92
2008-06-25 7.49 7.53 7.15 7.15
2008-07-24 7.09 7.18 6.89 6.89
2008-07-28 6.99 7.12 6.92 6.92
2008-07-30 7.36 7.39 6.95 6.95
2008-08-07 7.35 7.36 6.96 6.96
2008-08-20 5.45 5.46 4.69 4.69
2008-08-27 4.99 5.04 4.78 4.78
2008-08-29 5.28 5.35 5.04 5.04
2008-09-12 4.59 4.71 4.46 4.46
2008-09-18 4.63 4.63 4.21 4.21
2008-10-17 4.0 4.0 3.62 3.62
2008-10-24 3.97 4.08 3.96 3.96
2008-11-05 3.61 3.63 3.48 3.48
2008-11-10 3.79 3.87 3.56 3.56
2008-11-12 3.97 4.13 3.69 3.69
2008-11-19 4.34 4.35 4.02 4.02
2008-12-03 4.86 4.86 4.42 4.42
2009-01-09 5.12 5.2 5.03 5.03
2009-01-22 5.53 5.68 5.2 5.2
2009-03-10 5.74 5.88 5.59 5.59
2009-03-23 6.0 6.06 5.88 5.88
2009-05-07 8.95 8.95 8.56 8.56
2009-05-22 8.24 8.48 8.02 8.02
2009-05-27 9.16 9.16 8.5 8.5
2009-07-02 10.08 10.08 10.08 10.08
2009-07-03 11.09 11.09 11.09 11.09
2009-07-07 12.2 12.2 12.2 12.2
2009-07-14 11.52 12.0 11.41 11.41
2009-08-18 8.83 8.93 8.47 8.47
2009-09-01 9.0 9.0 8.12 8.12
2009-09-03 9.46 9.58 9.0 9.0
2009-09-25 9.18 9.39 9.0 9.0
2009-10-09 9.11 9.14 8.78 8.78
2009-11-19 11.17 11.2 10.89 10.89
2009-12-02 10.97 10.98 10.42 10.42
2009-12-08 10.98 11.08 10.8 10.8
2009-12-16 11.0 11.22 10.99 10.99
2009-12-28 10.86 10.88 10.51 10.51
2010-01-21 10.34 10.7 10.1 10.1
2010-01-28 9.69 9.87 9.29 9.29
2010-02-11 9.91 10.12 9.8 9.8
2010-03-24 10.23 10.38 10.18 10.18
2010-04-02 10.26 10.34 10.08 10.08
2010-04-23 10.92 11.31 10.43 10.43
2010-05-05 9.49 9.59 9.15 9.15
2010-05-24 8.07 8.17 7.81 7.81
2010-06-08 7.72 7.79 7.58 7.58
2010-06-21 8.15 8.16 7.87 7.87
2010-07-07 7.23 7.27 7.15 7.15
2010-07-09 7.4 7.48 7.15 7.15
2010-07-12 7.49 7.65 7.44 7.44
2010-07-14 7.42 7.54 7.33 7.33
2010-07-19 7.37 7.4 7.02 7.02
2010-07-20 7.85 7.96 7.37 7.37
2010-08-02 8.47 8.51 8.24 8.24
2010-08-04 8.29 8.3 8.15 8.15
2010-09-17 9.96 10.06 9.86 9.86
2010-10-21 9.78 9.88 9.7 9.7
2010-12-01 10.21 10.3 9.93 9.93
2010-12-10 10.21 10.3 9.65 9.65
2010-12-13 10.34 10.38 10.21 10.21
2010-12-29 10.21 10.21 10.0 10.0
2010-12-30 10.4 10.45 10.16 10.16
2011-01-04 10.77 11.0 10.58 10.58
2011-01-21 11.29 11.39 10.92 10.92
2011-02-10 13.15 13.15 11.95 11.95
2011-03-23 12.95 13.11 12.43 12.43
2011-04-15 13.58 13.69 13.19 13.19
2011-04-18 14.01 14.15 13.59 13.59
2011-04-20 13.97 14.4 13.8 13.8
2011-04-21 14.57 14.77 14.01 14.01
2012-06-27 15.55 15.55 15.55 15.55
2012-06-28 17.11 17.11 17.11 17.11
2012-06-29 18.82 18.82 18.82 18.82
2012-08-28 17.6 17.76 17.3 17.3
2012-09-03 16.04 16.13 15.71 15.71
2012-09-19 17.47 17.75 16.55 16.55
2012-10-09 17.79 17.85 17.6 17.6
2012-10-23 16.79 16.96 16.72 16.72
2012-11-01 16.14 16.25 15.66 15.66
2012-11-09 15.75 15.95 15.6 15.6
2012-11-29 13.86 13.9 13.64 13.64
2012-12-14 15.12 15.17 14.41 14.41
2013-03-13 16.06 16.06 14.68 14.68
2013-03-19 16.45 16.82 15.36 15.36
2013-04-09 15.11 15.4 15.03 15.03
2013-04-19 13.7 13.8 13.34 13.34
2013-07-11 13.76 13.76 13.76 13.76
2013-07-18 13.82 14.13 13.29 13.29
2013-08-01 12.89 12.92 12.66 12.66
2013-10-21 13.24 13.27 13.09 13.09
2013-10-29 11.95 12.23 11.73 11.73
2013-11-07 12.62 12.75 12.11 12.11
2013-11-26 12.12 12.17 11.98 11.98
2013-12-13 11.88 11.94 11.72 11.72
2014-02-13 12.21 12.47 12.15 12.15
2014-02-19 12.48 12.62 12.41 12.41
2014-03-25 13.54 13.55 13.2 13.2
2014-04-29 12.47 12.55 12.21 12.21
2014-05-23 12.24 12.27 12.07 12.07
2014-09-17 13.04 13.05 12.7 12.7
2014-10-28 15.06 15.21 14.59 14.59
2014-11-18 17.7 17.74 16.28 16.28
2014-12-15 20.93 20.93 20.93 20.93
2015-03-09 21.45 21.45 21.45 21.45
2015-04-13 32.58 32.98 30.35 30.35
2015-05-07 30.73 31.78 30.6 30.6
2015-05-08 33.23 33.28 30.95 30.95
2015-05-11 36.37 36.55 33.51 33.51
2015-05-18 40.51 42.24 39.31 39.31
2015-05-26 42.8 42.8 39.2 39.2
2015-06-01 46.93 46.93 42.91 42.91
2015-06-17 43.46 43.99 40.27 40.27
2015-06-30 39.25 43.5 36.49 36.49
2015-07-20 34.91 34.91 34.91 34.91
2015-08-25 31.06 31.37 31.06 31.06
2015-11-04 16.45 16.64 15.71 15.71
2015-11-17 20.08 21.3 19.42 19.42
2015-12-17 21.96 22.02 21.33 21.33
2015-12-23 23.36 23.7 22.1 22.1
2016-02-02 15.65 15.95 15.35 15.35
2016-02-04 15.74 16.14 15.5 15.5
2016-03-28 17.46 17.61 16.75 16.75
2016-04-11 19.25 19.55 18.3 18.3
2016-05-23 15.83 15.88 15.55 15.55
2016-07-06 17.58 17.88 16.61 16.61
2017-02-13 15.07 15.25 14.44 14.44
2017-04-25 12.91 13.02 12.7 12.7
