2001-09-18 6.11 6.15 6.03 6.03
2002-04-26 5.7 5.72 5.65 5.65
2002-05-27 5.36 5.37 5.32 5.32
2002-05-28 5.41 5.47 5.37 5.37
2002-06-20 5.38 5.41 5.35 5.35
2002-07-16 6.1 6.15 6.07 6.07
2002-08-16 5.92 5.95 5.8 5.8
2002-09-03 5.84 5.87 5.82 5.82
2002-10-22 5.49 5.56 5.43 5.43
2003-02-13 5.51 5.63 5.5 5.5
2003-03-03 5.48 5.5 5.42 5.42
2003-03-21 5.4 5.46 5.36 5.36
2003-04-11 6.78 6.78 6.17 6.17
2003-06-11 6.83 6.89 6.64 6.64
2003-06-13 6.8 6.95 6.73 6.73
2003-06-16 7.01 7.04 6.81 6.81
2003-08-25 6.49 6.6 6.35 6.35
2003-08-29 6.4 6.4 6.3 6.3
2004-03-12 8.18 8.24 8.01 8.01
2004-03-16 8.59 8.6 8.28 8.28
2004-05-12 7.01 7.04 6.85 6.85
2004-08-06 3.53 3.62 3.5 3.5
2004-09-16 3.81 3.81 3.61 3.61
2004-11-22 3.5 3.51 3.45 3.45
2004-11-26 3.53 3.56 3.48 3.48
2005-01-11 3.49 3.53 3.45 3.45
2005-05-18 2.72 2.73 2.68 2.68
2005-07-27 2.45 2.46 2.38 2.38
2005-08-01 2.48 2.49 2.43 2.43
2005-08-05 2.53 2.53 2.48 2.48
2005-11-02 2.28 2.29 2.23 2.23
2006-10-12 2.27 2.33 2.23 2.23
2006-10-16 2.27 2.31 2.25 2.25
2006-10-18 2.27 2.28 2.23 2.23
2006-10-24 2.25 2.25 2.19 2.19
2006-10-30 2.39 2.41 2.3 2.3
2006-11-01 2.4 2.41 2.37 2.37
2006-12-26 2.76 2.76 2.68 2.68
2006-12-29 2.79 2.84 2.71 2.71
2007-02-26 4.33 4.33 4.02 4.02
2007-02-28 4.47 4.47 4.03 4.03
2007-03-07 4.37 4.42 4.32 4.32
2007-04-02 5.37 5.39 5.23 5.23
2007-04-09 5.95 6.05 5.66 5.66
2007-04-10 6.55 6.55 5.99 5.99
2007-04-11 7.17 7.21 6.75 6.75
2007-04-23 7.86 7.9 7.27 7.27
2007-09-03 11.87 12.05 11.3 11.3
2007-12-04 10.23 10.4 10.06 10.06
2008-01-14 13.69 13.9 13.23 13.23
2009-07-22 5.78 5.92 5.67 5.67
2011-02-16 3.59 3.62 3.52 3.52
2011-03-14 3.65 3.66 3.54 3.54
2011-07-04 3.75 3.76 3.68 3.68
2011-11-01 3.14 3.17 3.13 3.13
2011-11-03 3.19 3.21 3.16 3.16
2011-11-24 3.05 3.06 3.02 3.02
2012-01-09 2.68 2.68 2.59 2.59
2012-03-08 2.89 2.9 2.85 2.85
2012-04-11 2.65 2.67 2.63 2.63
2012-06-05 2.54 2.56 2.53 2.53
2012-07-27 2.24 2.26 2.23 2.23
2012-08-21 2.35 2.36 2.3 2.3
2012-09-07 2.26 2.27 2.17 2.17
2012-10-09 2.11 2.12 2.06 2.06
2012-11-05 2.16 2.18 2.16 2.16
2012-12-31 2.22 2.24 2.2 2.2
2013-04-26 1.96 1.97 1.95 1.95
2013-07-31 1.58 1.59 1.57 1.57
2013-08-01 1.6 1.61 1.58 1.58
2013-08-28 1.69 1.7 1.64 1.64
2013-09-02 1.72 1.76 1.68 1.68
2013-12-04 1.77 1.8 1.73 1.73
2014-02-10 1.74 1.79 1.69 1.69
2014-02-11 1.74 1.78 1.73 1.73
2014-02-12 1.74 1.79 1.73 1.73
2014-02-17 1.73 1.74 1.71 1.71
2014-02-19 1.72 1.74 1.71 1.71
2014-02-20 1.73 1.75 1.72 1.72
2014-02-27 1.65 1.66 1.63 1.63
2014-03-03 1.69 1.74 1.65 1.65
2014-03-04 1.71 1.74 1.68 1.68
2014-03-07 1.68 1.7 1.68 1.68
2014-03-12 1.7 1.78 1.67 1.67
2014-04-16 1.78 1.78 1.76 1.76
2014-04-21 1.77 1.85 1.75 1.75
2014-06-16 1.82 1.83 1.8 1.8
2014-06-24 1.79 1.79 1.77 1.77
2014-06-27 1.82 1.83 1.8 1.8
2014-07-02 1.85 1.86 1.84 1.84
2014-07-25 1.94 1.97 1.93 1.93
2014-07-31 2.02 2.05 1.97 1.97
2014-08-22 2.14 2.16 2.12 2.12
2014-12-16 2.81 2.81 2.81 2.81
2014-12-17 3.09 3.09 3.09 3.09
2014-12-18 3.4 3.4 3.4 3.4
2015-02-04 3.23 3.3 3.08 3.08
2015-02-10 3.06 3.07 3.0 3.0
2015-02-17 3.22 3.22 3.17 3.17
2015-03-04 3.28 3.31 3.25 3.25
2015-03-12 3.31 3.31 3.2 3.2
2015-03-13 3.39 3.43 3.31 3.31
2015-03-17 3.78 3.78 3.44 3.44
2015-03-23 3.98 4.02 3.81 3.81
2015-03-30 4.18 4.19 4.09 4.09
2015-04-07 4.3 4.31 4.13 4.13
2015-09-24 3.02 3.03 2.98 2.98
2015-10-19 3.22 3.28 3.16 3.16
2016-05-19 2.48 2.54 2.45 2.45
2016-05-20 2.48 2.49 2.43 2.43
2016-06-01 2.49 2.5 2.46 2.46
2016-06-29 2.57 2.62 2.55 2.55
2016-07-01 2.58 2.6 2.57 2.57
2016-07-07 2.7 2.72 2.63 2.63
2016-07-12 2.75 2.8 2.68 2.68
2016-07-15 2.75 2.82 2.7 2.7
2016-09-29 2.85 2.87 2.82 2.82
2016-09-30 2.86 2.87 2.84 2.84
2017-02-20 3.74 3.84 3.55 3.55
2017-05-19 2.7 2.72 2.68 2.68
2017-05-26 2.72 2.74 2.7 2.7
2017-06-02 2.68 2.68 2.62 2.62
2017-08-02 3.32 3.42 3.25 3.25
2017-08-03 3.65 3.65 3.32 3.32
