1997-05-06 28.15 28.2 25.0 25.0
1997-05-16 23.27 25.21 23.27 23.27
1997-05-22 21.22 22.45 21.22 21.22
1997-05-27 22.12 22.75 21.5 21.5
1997-06-13 21.3 21.48 19.0 19.0
1997-08-05 18.35 18.56 18.3 18.3
1997-08-14 16.11 16.15 15.5 15.5
1997-08-25 16.68 16.82 16.3 16.3
1997-09-04 17.0 17.1 16.72 16.72
1997-09-16 15.62 15.85 15.6 15.6
1997-09-18 15.82 15.96 15.8 15.8
1997-09-24 14.58 14.68 14.1 14.1
1997-09-26 14.6 14.75 14.51 14.51
1997-10-17 16.38 16.53 15.9 15.9
1997-10-21 16.42 16.54 16.1 16.1
1997-10-30 16.4 17.0 16.3 16.3
1997-11-28 16.01 16.08 15.51 15.51
1997-12-08 16.65 16.75 16.35 16.35
1997-12-15 17.5 17.5 17.0 17.0
1997-12-16 17.82 18.1 17.58 17.58
1997-12-25 18.02 18.1 17.88 17.88
1998-01-16 18.45 18.71 18.18 18.18
1998-02-13 18.36 18.5 18.1 18.1
1998-02-19 17.8 17.9 17.3 17.3
1998-04-01 17.82 17.94 17.15 17.15
1998-04-08 15.0 15.1 14.4 14.4
1998-04-10 15.4 15.57 15.02 15.02
1998-04-13 15.8 15.93 15.45 15.45
1998-04-14 15.82 15.95 15.61 15.61
1998-05-04 18.44 18.45 17.5 17.5
1998-05-12 18.6 19.0 18.35 18.35
1998-05-19 18.07 18.1 17.9 17.9
1998-05-26 19.98 20.0 19.4 19.4
1998-05-29 23.1 23.4 22.05 22.05
1998-06-08 25.29 25.3 23.0 23.0
1998-06-11 25.2 26.05 25.0 25.0
1998-06-18 27.0 27.25 25.6 25.6
1998-06-26 29.77 30.0 29.0 29.0
1998-07-15 30.0 30.2 29.5 29.5
1998-07-16 30.8 31.0 29.9 29.9
1998-07-20 30.6 31.41 30.11 30.11
1998-07-21 30.8 30.99 30.1 30.1
1998-07-27 31.9 32.78 31.2 31.2
1998-08-27 25.78 26.17 25.0 25.0
1998-09-25 17.9 18.3 17.8 17.8
1998-10-06 18.39 18.8 18.0 18.0
1998-10-30 19.0 19.2 18.6 18.6
1998-11-04 20.27 20.85 20.0 20.0
1999-01-05 17.4 17.5 17.1 17.1
1999-01-06 17.6 17.78 17.4 17.4
1999-01-08 18.48 18.5 17.8 17.8
1999-01-13 19.35 19.69 18.65 18.65
1999-01-15 19.51 19.98 19.32 19.32
1999-01-22 20.17 20.46 19.7 19.7
1999-02-09 18.0 18.18 17.85 17.85
1999-03-16 15.25 15.39 15.01 15.01
1999-03-30 14.55 14.9 14.51 14.51
1999-03-31 14.85 14.88 14.56 14.56
1999-04-01 15.3 15.35 14.86 14.86
1999-04-15 14.55 14.89 14.54 14.54
1999-04-27 15.05 15.36 14.61 14.61
1999-05-19 15.59 15.71 14.95 14.95
1999-05-24 17.05 17.45 16.3 16.3
1999-06-24 23.0 23.38 21.55 21.55
1999-07-07 21.19 21.2 19.68 19.68
1999-07-14 21.15 21.49 20.54 20.54
1999-07-20 21.88 21.9 19.9 19.9
1999-09-15 20.55 20.96 19.85 19.85
1999-11-30 16.5 16.5 16.3 16.3
2000-01-27 18.68 19.35 18.05 18.05
2000-02-14 20.41 20.41 19.0 19.0
2000-06-21 20.13 20.45 19.58 19.58
2000-07-07 19.47 19.7 19.02 19.02
2000-07-25 18.25 18.48 18.0 18.0
2000-07-26 18.41 18.68 18.25 18.25
2000-08-25 17.92 18.08 17.76 17.76
2000-09-07 16.68 16.8 16.4 16.4
2000-09-29 17.64 17.8 17.19 17.19
2000-10-18 17.21 17.3 17.0 17.0
2000-10-20 17.93 18.38 16.96 16.96
2000-10-27 17.63 17.78 17.58 17.58
2000-11-28 17.03 17.2 16.95 16.95
2000-12-05 17.09 17.24 16.9 16.9
2000-12-12 16.76 16.79 16.6 16.6
2001-01-05 17.71 18.17 17.7 17.7
2001-02-09 16.34 16.4 16.08 16.08
2001-02-12 16.34 16.39 16.2 16.2
2001-03-09 16.26 16.48 16.06 16.06
2001-03-21 16.35 16.38 16.0 16.0
2001-04-16 16.36 16.5 16.2 16.2
2001-04-18 16.37 16.55 16.23 16.23
2001-04-24 15.97 16.11 15.93 15.93
2001-05-08 15.85 16.0 15.82 15.82
2001-05-18 15.82 15.87 15.75 15.75
2001-05-25 15.67 15.8 15.52 15.52
2001-06-05 15.86 15.97 15.51 15.51
2001-06-12 15.67 15.75 15.6 15.6
2001-06-21 15.61 15.65 14.84 14.84
2001-06-28 16.47 16.76 16.14 16.14
2001-07-31 13.78 14.4 13.51 13.51
2001-08-01 14.24 14.26 13.85 13.85
2001-08-10 13.39 13.41 13.06 13.06
2001-08-15 13.5 13.5 13.4 13.4
2001-08-20 13.25 13.35 13.2 13.2
2001-09-03 12.84 12.85 12.8 12.8
2001-09-06 13.56 13.99 13.23 13.23
2001-09-18 13.02 13.25 12.88 12.88
2001-10-29 11.1 11.1 10.81 10.81
2001-11-06 10.62 10.72 10.6 10.6
2001-11-08 10.04 10.1 9.68 9.68
2001-12-14 12.06 12.31 12.0 12.0
2001-12-18 12.4 12.49 12.16 12.16
2002-01-31 9.75 9.8 9.1 9.1
2002-02-07 10.19 10.4 9.7 9.7
2002-03-07 10.77 10.78 10.25 10.25
2002-03-21 11.34 11.6 11.2 11.2
2002-04-03 11.3 11.3 10.85 10.85
2002-04-09 11.61 11.68 11.44 11.44
2002-05-23 10.72 10.95 10.68 10.68
2002-06-21 10.23 10.3 9.9 9.9
2002-07-05 11.15 11.28 11.08 11.08
2002-08-27 10.8 10.9 10.67 10.67
2002-09-03 10.7 10.73 10.63 10.63
2002-10-11 9.71 9.84 9.7 9.7
2002-10-16 9.77 9.88 9.58 9.58
2002-10-22 9.63 9.68 9.49 9.49
2002-10-24 9.54 9.74 9.02 9.02
2002-10-25 9.59 9.65 9.47 9.47
2002-12-23 8.53 8.67 8.52 8.52
2003-01-13 8.25 8.26 8.11 8.11
2003-01-14 8.59 8.69 8.25 8.25
2003-01-22 8.64 8.73 8.6 8.6
2003-01-27 8.84 8.86 8.65 8.65
2003-02-24 8.64 8.71 8.61 8.61
2003-02-25 8.85 8.85 8.62 8.62
2003-04-04 8.38 8.43 8.33 8.33
2003-04-14 9.09 9.2 8.85 8.85
2003-05-19 8.92 9.1 8.87 8.87
2003-06-11 8.76 8.78 8.65 8.65
2003-06-24 8.39 8.4 8.3 8.3
2003-07-07 8.05 8.08 8.0 8.0
2003-08-12 8.13 8.16 8.11 8.11
2003-08-22 7.78 7.82 7.75 7.75
2003-08-26 7.5 7.54 7.46 7.46
2003-10-08 6.64 6.68 6.6 6.6
2003-10-15 6.67 6.8 6.64 6.64
2003-10-22 6.6 6.65 6.46 6.46
2003-10-31 6.0 6.15 5.94 5.94
2003-11-04 6.18 6.28 6.09 6.09
2003-11-13 5.85 5.9 5.65 5.65
2003-11-14 6.05 6.08 5.81 5.81
2003-11-20 6.59 6.59 6.15 6.15
2003-12-26 6.35 6.38 6.25 6.25
2004-01-07 6.16 6.21 6.05 6.05
2004-01-08 6.37 6.4 6.18 6.18
2004-02-12 7.67 7.87 7.35 7.35
2004-03-10 6.96 6.96 6.76 6.76
2004-03-19 7.34 7.38 7.16 7.16
2004-03-31 7.55 7.55 7.36 7.36
2004-04-30 7.11 7.18 6.98 6.98
2004-05-18 7.13 7.13 6.88 6.88
2004-05-24 7.19 7.22 7.05 7.05
2004-06-15 6.77 6.79 6.6 6.6
2004-07-01 6.25 6.26 6.0 6.0
2004-07-09 6.2 6.22 6.1 6.1
2004-07-16 6.14 6.2 5.97 5.97
2004-07-29 5.88 5.89 5.77 5.77
2004-08-10 5.79 5.8 5.72 5.72
2004-08-24 5.47 5.55 5.3 5.3
2004-08-26 5.25 5.39 5.18 5.18
2004-09-14 5.37 5.45 5.19 5.19
2004-10-11 6.04 6.19 5.87 5.87
2004-11-03 5.44 5.47 5.35 5.35
2004-11-15 5.56 5.57 5.49 5.49
2004-11-30 5.4 5.44 5.36 5.36
2004-12-17 5.2 5.24 5.18 5.18
2004-12-27 5.1 5.12 5.06 5.06
2005-01-07 5.0 5.06 4.95 4.95
2005-02-02 5.04 5.05 4.75 4.75
2005-03-02 5.24 5.41 5.18 5.18
2005-03-08 5.27 5.32 5.12 5.12
2005-04-07 4.69 4.73 4.59 4.59
2005-05-16 4.04 4.07 4.0 4.0
2005-05-30 4.06 4.06 3.92 3.92
2005-06-08 4.27 4.32 4.01 4.01
2005-06-16 4.14 4.15 4.07 4.07
2005-06-20 3.98 3.99 3.88 3.88
2005-06-21 3.98 4.05 3.97 3.97
2005-06-27 4.32 4.35 4.17 4.17
2005-07-14 3.79 3.81 3.7 3.7
2005-07-26 3.71 3.76 3.66 3.66
2005-08-02 3.79 3.8 3.69 3.69
2005-08-15 4.08 4.1 4.0 4.0
2005-08-24 3.97 3.99 3.92 3.92
2005-08-30 4.17 4.17 4.04 4.04
2005-09-15 4.5 4.51 4.42 4.42
2005-09-23 4.34 4.35 4.13 4.13
2005-09-29 4.52 4.64 4.31 4.31
2005-10-11 4.78 4.81 4.46 4.46
2005-11-18 4.09 4.12 3.96 3.96
2005-11-24 4.11 4.14 4.05 4.05
2005-12-19 4.05 4.1 4.02 4.02
2005-12-22 4.02 4.04 4.01 4.01
2006-01-09 4.48 4.51 4.41 4.41
2006-02-10 5.14 5.18 5.05 5.05
2006-02-14 5.1 5.11 5.05 5.05
2006-02-17 5.65 5.75 5.4 5.4
2006-10-20 7.07 7.1 6.91 6.91
2006-10-24 6.78 6.85 6.7 6.7
2006-10-31 6.72 6.73 6.5 6.5
2006-11-20 6.58 6.63 6.32 6.32
2006-12-11 7.19 7.21 6.86 6.86
2006-12-14 7.3 7.38 7.18 7.18
2006-12-15 7.64 7.73 7.3 7.3
2007-01-15 10.85 10.86 10.05 10.05
2007-01-24 11.56 11.78 11.22 11.22
2007-01-29 12.46 12.5 11.72 11.72
2007-02-12 12.52 12.8 12.15 12.15
2007-02-26 14.73 15.03 14.6 14.6
2007-03-02 13.23 13.68 12.85 12.85
2007-03-13 14.87 14.88 14.39 14.39
2007-03-26 15.78 15.9 15.3 15.3
2007-04-09 18.77 19.01 17.41 17.41
2007-05-17 27.73 28.5 26.53 26.53
2007-05-18 27.74 28.3 27.02 27.02
2007-05-30 34.2 36.55 34.2 34.2
2007-06-07 31.0 31.0 28.23 28.23
2007-07-26 31.72 32.5 31.1 31.1
2007-08-06 32.28 32.9 31.6 31.6
2007-08-21 31.75 32.3 30.51 30.51
2007-08-28 35.3 36.55 33.0 33.0
2007-09-03 35.63 36.6 34.71 34.71
2007-09-28 30.69 30.88 30.16 30.16
2007-10-26 30.93 31.38 29.25 29.25
2007-10-31 33.95 34.48 32.76 32.76
2007-12-07 28.24 28.44 27.61 27.61
2008-01-02 35.29 35.88 33.15 33.15
2008-04-25 22.51 22.51 22.51 22.51
2008-05-13 21.85 22.47 21.31 21.31
2008-06-25 15.0 15.01 14.02 14.02
2008-08-29 13.21 13.45 12.8 12.8
2008-09-19 11.41 11.41 11.41 11.41
2008-09-25 12.43 12.84 11.96 11.96
2008-11-05 8.48 8.71 8.28 8.28
2008-11-07 8.57 8.63 8.03 8.03
2008-11-19 10.26 10.3 9.52 9.52
2009-01-16 11.48 11.48 10.45 10.45
2009-02-06 14.2 14.57 13.27 13.27
2009-03-31 16.03 16.05 15.11 15.11
2009-04-07 16.56 16.95 16.38 16.38
2009-04-29 15.88 15.99 15.22 15.22
2009-05-04 16.66 16.78 16.2 16.2
2009-06-03 17.99 18.28 17.35 17.35
2009-07-01 20.41 20.54 19.32 19.32
2009-07-06 24.48 25.0 23.17 23.17
2009-07-14 25.52 25.6 24.17 24.17
2009-07-20 26.12 26.76 25.8 25.8
2009-07-27 27.98 28.5 27.8 27.8
2009-09-17 22.3 22.48 21.88 21.88
2009-10-09 20.81 20.83 20.18 20.18
2009-10-21 23.84 24.88 23.2 23.2
2009-11-18 25.6 26.27 25.3 25.3
2009-12-07 26.64 27.25 25.86 25.86
2009-12-10 25.57 25.86 25.3 25.3
2009-12-28 24.8 24.95 24.27 24.27
2010-01-21 26.31 26.79 26.11 26.11
2010-03-01 26.38 26.97 25.81 25.81
2010-04-01 26.71 26.83 26.35 26.35
2010-04-09 26.45 26.47 26.06 26.06
2010-06-02 11.71 11.75 11.41 11.41
2010-06-21 11.94 11.95 11.42 11.42
2010-07-06 10.72 10.75 10.5 10.5
2010-08-27 12.22 12.34 12.1 12.1
2010-08-30 12.45 12.48 12.25 12.25
2010-10-13 12.55 12.87 12.27 12.27
2010-10-14 12.79 13.15 12.53 12.53
2010-11-05 14.63 14.63 13.42 13.42
2010-11-08 16.09 16.09 14.97 14.97
2010-11-19 14.29 14.33 13.77 13.77
2010-12-13 13.8 13.87 13.45 13.45
2010-12-16 14.1 14.14 13.73 13.73
2010-12-21 14.47 14.65 13.82 13.82
2011-04-29 14.06 14.15 13.9 13.9
2011-05-31 13.58 13.62 13.25 13.25
2011-06-07 13.6 13.65 13.26 13.26
2011-06-21 13.36 13.43 13.09 13.09
2011-06-24 13.71 13.83 13.31 13.31
2011-06-30 13.85 14.02 13.59 13.59
2011-07-13 13.71 13.72 13.46 13.46
2011-07-18 13.97 14.12 13.79 13.79
2011-08-23 12.09 12.1 11.91 11.91
2011-08-25 12.42 12.5 12.09 12.09
2011-09-07 11.4 11.42 11.24 11.24
2011-09-09 11.32 11.52 11.25 11.25
2011-09-15 11.39 11.52 11.27 11.27
2011-10-26 10.93 11.11 10.86 10.86
2011-11-09 11.09 11.1 10.92 10.92
2011-11-17 10.83 11.05 10.8 10.8
2012-01-20 9.96 10.01 9.62 9.62
2012-03-01 10.63 10.7 10.46 10.46
2012-03-08 11.2 11.32 10.83 10.83
2012-04-11 10.66 10.72 10.16 10.16
2012-06-29 11.5 11.58 11.0 11.0
2012-09-03 10.07 10.19 9.89 9.89
2012-09-27 9.78 9.86 9.54 9.54
2012-09-28 10.17 10.23 9.7 9.7
2012-10-09 10.28 10.36 10.18 10.18
2012-10-29 9.9 10.0 9.86 9.86
2012-11-21 9.42 9.48 9.33 9.33
2012-12-03 9.28 9.4 9.12 9.12
2013-01-30 12.76 13.07 12.12 12.12
2013-04-19 11.15 11.21 10.81 10.81
2013-05-10 10.92 10.94 10.63 10.63
2013-05-15 10.99 11.06 10.7 10.7
2013-07-04 9.87 9.96 9.68 9.68
2013-07-16 10.2 10.28 10.05 10.05
2013-08-02 10.62 10.72 10.4 10.4
2013-08-29 10.96 11.05 10.68 10.68
2013-09-06 11.06 11.12 10.93 10.93
2013-09-09 11.6 11.66 11.01 11.01
2013-10-11 11.5 11.52 11.24 11.24
2013-11-12 10.85 10.97 10.66 10.66
2013-11-15 11.15 11.28 10.85 10.85
2013-11-27 11.21 11.28 11.08 11.08
2013-12-02 11.69 11.98 11.32 11.32
2013-12-31 11.02 11.07 10.86 10.86
2014-01-14 10.12 10.13 9.9 9.9
2014-01-24 10.68 10.84 10.3 10.3
2014-02-14 10.69 10.71 10.54 10.54
2014-04-02 10.23 10.34 9.98 9.98
2014-05-08 10.38 10.43 10.09 10.09
2014-05-16 10.11 10.15 10.01 10.01
2014-05-20 10.14 10.18 10.0 10.0
2014-06-24 10.46 10.56 10.36 10.36
2014-07-09 10.77 11.02 10.75 10.75
2014-07-31 11.6 11.62 11.44 11.44
2014-09-26 12.9 12.94 12.7 12.7
2014-09-29 13.16 13.25 12.93 12.93
2014-11-05 14.48 14.65 14.38 14.38
2014-11-11 15.63 16.21 14.85 14.85
2014-11-25 16.8 17.05 16.58 16.58
2014-12-25 17.03 17.38 16.56 16.56
2015-01-20 16.49 16.57 16.0 16.0
2015-02-16 17.73 18.03 17.35 17.35
2015-03-05 19.45 19.91 18.02 18.02
2015-03-12 23.53 24.11 22.14 22.14
2015-04-02 26.89 27.14 25.55 25.55
2015-05-21 22.07 22.34 21.76 21.76
2015-05-25 22.86 23.04 22.28 22.28
2015-06-01 27.24 27.38 26.25 26.25
2015-07-08 16.41 17.4 16.34 16.34
2015-07-09 18.05 18.05 16.4 16.4
2015-07-10 19.86 19.86 19.27 19.27
2015-07-23 21.55 21.57 20.75 20.75
2015-08-04 20.96 21.0 19.62 19.62
2015-08-07 20.78 20.88 20.23 20.23
2015-08-10 22.14 22.35 21.05 21.05
2015-08-14 23.9 24.4 22.82 22.82
2015-11-16 20.68 20.83 19.74 19.74
2016-03-17 14.7 14.75 14.37 14.37
2016-04-27 15.09 15.28 15.03 15.03
2016-05-19 14.13 14.34 14.03 14.03
2016-06-17 14.55 14.64 14.42 14.42
2016-06-27 14.73 14.74 14.4 14.4
2016-07-04 15.46 15.47 15.11 15.11
2016-07-26 15.68 15.69 15.34 15.34
2016-07-28 16.06 16.35 15.81 15.81
2016-08-18 17.76 18.17 17.48 17.48
2016-09-30 17.51 17.55 17.25 17.25
2016-11-10 16.8 16.86 16.69 16.69
2016-11-22 17.1 17.11 16.89 16.89
2016-12-21 16.86 16.9 16.76 16.76
2016-12-30 16.75 16.79 16.67 16.67
2017-01-04 17.01 17.03 16.89 16.89
2017-02-16 17.36 17.37 17.16 17.16
2017-03-16 17.42 17.5 17.32 17.32
2017-04-05 16.85 16.96 16.7 16.7
2017-04-13 16.98 17.15 16.73 16.73
2017-05-04 15.47 15.55 15.38 15.38
2017-05-15 14.99 15.09 14.96 14.96
2017-05-17 15.05 15.16 15.03 15.03
2017-06-07 15.15 15.18 14.92 14.92
2017-06-13 15.24 15.24 15.05 15.05
2017-06-14 15.26 15.3 15.17 15.17
2017-06-21 14.9 14.92 14.82 14.82
2017-07-20 14.87 14.99 14.83 14.83
2017-07-31 16.22 16.36 15.35 15.35
2017-08-14 15.43 15.52 15.28 15.28
