1998-09-30 8.59 8.66 8.46 8.46
1998-10-08 8.89 8.92 8.58 8.58
1998-10-30 8.7 9.1 8.5 8.5
1998-11-24 9.3 9.42 9.25 9.25
1999-03-31 8.3 8.45 8.1 8.1
1999-04-20 8.46 8.46 8.18 8.18
1999-04-28 8.55 8.59 8.18 8.18
1999-05-19 8.2 8.47 7.71 7.71
1999-06-24 15.49 16.1 15.12 15.12
1999-07-29 17.78 18.3 17.01 17.01
1999-08-19 17.79 18.1 16.28 16.28
1999-08-20 18.49 18.75 17.9 17.9
1999-09-09 18.48 18.5 17.28 17.28
1999-10-22 16.58 16.7 16.2 16.2
1999-10-25 16.58 16.89 16.4 16.4
1999-10-27 16.85 16.85 16.45 16.45
2000-01-21 17.46 17.49 16.7 16.7
2000-01-27 18.97 18.97 17.4 17.4
2000-03-15 18.88 19.48 18.36 18.36
2000-03-17 18.28 18.38 17.6 17.6
2000-03-23 19.0 19.2 18.57 18.57
2000-04-10 11.0 11.0 10.0 10.0
2000-05-15 9.92 9.99 9.85 9.85
2000-05-22 10.57 10.76 10.2 10.2
2000-08-17 11.29 11.3 10.86 10.86
2000-08-21 12.04 12.16 11.5 11.5
2000-11-23 10.65 10.67 10.44 10.44
2000-11-28 10.65 10.71 10.45 10.45
2000-12-06 10.74 10.8 10.61 10.61
2000-12-26 10.2 10.26 10.16 10.16
2000-12-29 10.37 10.42 10.32 10.32
2001-01-03 10.65 10.7 10.52 10.52
2001-02-13 10.35 10.43 10.25 10.25
2001-02-19 10.24 10.25 10.14 10.14
2001-02-22 9.96 10.02 9.9 9.9
2001-02-26 10.26 10.28 10.0 10.0
2001-02-27 10.29 10.33 10.26 10.26
2001-03-20 10.55 10.55 10.38 10.38
2001-05-22 10.57 10.66 10.38 10.38
2001-06-29 11.07 11.18 11.03 11.03
2001-07-16 10.81 10.95 10.8 10.8
2001-07-20 10.88 10.9 10.65 10.65
2001-10-19 7.16 7.4 7.02 7.02
2001-11-21 8.3 8.43 8.23 8.23
2002-01-30 6.15 6.2 5.93 5.93
2002-01-31 6.76 6.77 6.15 6.15
2002-02-07 6.97 7.12 6.87 6.87
2002-02-27 7.06 7.14 6.92 6.92
2002-04-10 8.13 8.2 8.01 8.01
2002-04-12 8.0 8.08 7.9 7.9
2002-04-24 7.99 8.17 7.88 7.88
2002-10-10 7.13 7.2 7.1 7.1
2002-10-16 7.19 7.3 7.17 7.17
2002-10-21 7.12 7.12 7.05 7.05
2002-10-22 7.25 7.27 7.12 7.12
2002-10-30 7.15 7.17 7.0 7.0
2003-01-08 6.17 6.18 5.92 5.92
2003-01-15 6.69 6.82 6.49 6.49
2003-02-18 6.76 6.84 6.66 6.66
2003-02-25 6.68 6.72 6.55 6.55
2003-03-03 6.75 6.75 6.63 6.63
2003-04-14 6.78 6.8 6.62 6.62
2003-06-10 6.19 6.25 6.16 6.16
2003-06-24 6.08 6.08 6.0 6.0
2003-08-12 5.78 5.8 5.75 5.75
2003-08-14 5.64 5.71 5.63 5.63
2003-08-18 5.61 5.67 5.61 5.61
2003-11-04 5.35 5.35 5.13 5.13
2003-11-10 5.22 5.25 5.1 5.1
2003-12-31 5.17 5.19 5.15 5.15
2004-01-08 5.45 5.48 5.35 5.35
2004-01-14 5.45 5.46 5.38 5.38
2004-03-05 5.7 5.79 5.7 5.7
2004-03-15 5.87 5.88 5.74 5.74
2004-04-22 5.87 5.88 5.73 5.73
2004-05-17 5.35 5.4 5.3 5.3
2004-05-21 5.43 5.44 5.35 5.35
2004-07-01 4.76 4.8 4.6 4.6
2004-08-10 4.89 4.9 4.85 4.85
2004-09-07 4.85 4.87 4.78 4.78
2004-09-14 4.82 4.82 4.65 4.65
2004-11-12 4.63 4.76 4.58 4.58
2004-11-18 4.59 4.6 4.54 4.54
2004-11-19 4.65 4.65 4.56 4.56
2005-01-18 3.95 3.97 3.88 3.88
2005-02-16 3.84 3.89 3.8 3.8
2005-05-10 3.59 3.6 3.42 3.42
2005-06-22 3.36 3.4 3.3 3.3
2005-08-05 2.99 2.99 2.89 2.89
2005-08-15 3.26 3.31 2.99 2.99
2005-11-23 3.37 3.41 3.33 3.33
2005-12-07 3.07 3.09 3.0 3.0
2005-12-09 3.09 3.11 3.03 3.03
2005-12-12 3.14 3.14 3.08 3.08
2005-12-28 3.19 3.21 3.16 3.16
2006-03-06 3.44 3.49 3.41 3.41
2006-03-28 3.4 3.43 3.32 3.32
2006-03-29 3.38 3.41 3.36 3.36
2006-04-04 3.41 3.41 3.3 3.3
2006-10-16 3.54 3.58 3.52 3.52
2006-10-17 3.55 3.6 3.52 3.52
2006-10-24 3.48 3.51 3.42 3.42
2007-02-26 5.66 5.72 5.39 5.39
2007-04-23 8.22 8.29 7.95 7.95
2007-05-29 11.99 12.3 11.7 11.7
2007-06-05 7.89 7.96 7.48 7.48
2007-06-08 8.56 8.9 8.3 8.3
2007-11-06 8.48 8.6 8.36 8.36
2008-01-29 8.94 9.04 8.58 8.58
2008-10-24 2.6 2.65 2.54 2.54
2008-11-03 2.2 2.24 2.18 2.18
2008-11-10 2.41 2.42 2.27 2.27
2008-11-13 2.59 2.63 2.46 2.46
2009-02-03 3.57 3.6 3.42 3.42
2009-02-06 3.66 3.68 3.48 3.48
2009-07-01 5.28 5.29 5.15 5.15
2009-12-07 7.01 7.05 6.9 6.9
2010-09-21 6.38 6.41 6.28 6.28
2010-09-27 6.52 6.53 6.4 6.4
2011-01-26 6.2 6.25 6.1 6.1
2011-05-31 12.81 12.91 11.93 11.93
2011-06-03 12.9 13.4 12.63 12.63
2011-07-04 14.2 14.35 13.48 13.48
2011-07-08 14.83 14.96 13.9 13.9
2012-03-06 8.51 8.65 8.3 8.3
2012-05-28 7.04 7.05 6.83 6.83
2012-10-30 4.69 4.74 4.65 4.65
2012-12-26 4.38 4.38 4.29 4.29
2012-12-28 4.38 4.48 4.29 4.29
2013-01-29 4.59 4.64 4.43 4.43
2013-11-22 4.6 4.63 4.55 4.55
2013-11-25 4.67 4.72 4.55 4.55
2013-11-28 4.66 4.73 4.65 4.65
2013-12-04 4.57 4.6 4.5 4.5
2013-12-05 4.64 4.67 4.55 4.55
2014-01-24 4.36 4.42 4.28 4.28
2014-01-30 4.33 4.39 4.32 4.32
2014-06-23 5.46 5.57 5.42 5.42
2014-10-28 8.11 8.12 7.84 7.84
2015-01-21 7.24 7.37 6.82 6.82
2015-02-17 7.91 8.08 7.8 7.8
2015-05-14 15.43 15.43 14.1 14.1
2015-05-21 17.5 17.5 15.6 15.6
2015-07-09 7.12 7.12 5.83 5.83
2015-09-16 7.09 7.11 6.53 6.53
2016-01-22 10.15 10.24 9.8 9.8
2016-02-05 9.36 9.79 9.3 9.3
2016-02-16 9.8 9.92 9.43 9.43
2016-03-21 10.36 10.4 9.82 9.82
2016-03-28 10.64 10.9 10.35 10.35
2016-07-05 10.91 10.95 10.6 10.6
2016-08-09 10.32 10.35 10.03 10.03
2017-05-15 8.98 9.06 8.85 8.85
