1996-07-18 8.0 8.1 7.8 7.8
1996-08-06 11.48 11.5 10.5 10.5
1996-08-09 12.38 12.4 11.28 11.28
1996-08-15 12.55 12.8 11.98 11.98
1996-08-19 13.05 13.35 12.82 12.82
1996-08-21 9.14 9.26 8.8 8.8
1996-09-04 8.65 8.68 8.4 8.4
1996-09-20 8.25 8.3 7.5 7.5
1996-09-23 9.18 9.3 8.35 8.35
1996-09-26 10.25 10.46 9.88 9.88
1996-10-03 8.9 9.35 8.74 8.74
1996-10-10 8.75 9.1 8.68 8.68
1996-10-17 9.72 9.82 8.99 8.99
1996-10-21 9.68 9.84 9.2 9.2
1996-10-25 11.0 11.16 10.0 10.0
1996-11-28 10.1 10.3 9.83 9.83
1996-11-29 10.52 10.68 10.1 10.1
1996-12-16 10.49 10.49 10.49 10.49
1996-12-17 9.44 9.95 9.44 9.44
1996-12-25 10.05 10.08 9.36 9.36
1997-01-06 9.4 9.6 9.4 9.4
1997-01-15 9.95 9.95 9.7 9.7
1997-01-31 9.98 10.15 9.76 9.76
1997-02-19 9.58 9.65 9.13 9.13
1997-02-20 9.45 9.55 8.62 8.62
1997-02-25 10.49 10.5 9.8 9.8
1997-03-18 12.47 12.98 12.25 12.25
1997-03-21 12.19 12.2 11.46 11.46
1997-03-31 13.35 13.88 13.01 13.01
1997-04-03 13.65 13.9 13.32 13.32
1997-04-08 12.9 13.2 12.11 12.11
1997-04-22 17.0 17.1 16.68 16.68
1997-04-29 16.88 17.36 16.1 16.1
1997-05-05 19.31 19.31 17.8 17.8
1997-05-06 19.05 19.7 18.5 18.5
1997-05-16 15.3 16.8 15.3 15.3
1997-05-20 15.29 15.43 14.92 14.92
1997-05-22 13.36 14.18 13.36 13.36
1997-05-23 13.48 13.84 13.2 13.2
1997-05-27 14.35 14.74 13.72 13.72
1997-05-30 15.65 15.77 14.7 14.7
1997-06-02 16.9 17.2 16.05 16.05
1997-06-17 15.65 16.3 15.5 15.5
1997-06-20 16.28 16.28 15.3 15.3
1997-07-21 15.0 15.55 14.75 14.75
1997-07-25 14.95 15.09 14.5 14.5
1997-07-30 14.45 14.47 14.2 14.2
1997-08-01 14.42 14.55 14.0 14.0
1997-09-03 14.88 15.29 14.81 14.81
1997-09-05 15.28 15.49 14.86 14.86
1997-09-19 14.05 14.09 13.85 13.85
1997-10-08 13.55 13.65 13.03 13.03
1997-10-14 13.15 13.25 13.11 13.11
1997-10-15 13.31 13.45 13.15 13.15
1997-10-24 14.49 14.88 14.15 14.15
1997-11-03 14.0 14.25 13.9 13.9
1997-11-07 14.33 14.75 14.3 14.3
1997-11-18 14.78 14.94 14.2 14.2
1997-11-20 15.22 15.82 15.2 15.2
1997-12-01 14.9 15.18 14.58 14.58
1998-01-14 13.35 13.35 12.43 12.43
1998-01-20 13.75 13.95 13.45 13.45
1998-02-17 14.1 14.28 13.97 13.97
1998-03-12 14.1 14.15 13.7 13.7
1998-03-24 14.87 14.87 14.46 14.46
1998-04-13 15.58 15.75 15.19 15.19
1998-04-22 17.39 17.5 17.0 17.0
1998-05-04 13.62 13.62 13.0 13.0
1998-07-08 13.64 13.82 13.1 13.1
1998-08-19 10.68 10.68 10.02 10.02
1998-10-06 11.57 12.06 11.44 11.44
1998-10-07 11.63 11.76 11.5 11.5
1998-11-05 11.58 11.64 11.4 11.4
1998-11-12 12.59 12.7 11.6 11.6
1998-11-24 11.72 11.8 11.5 11.5
1998-12-30 9.86 10.0 9.72 9.72
1998-12-31 9.87 10.07 9.86 9.86
1999-01-08 9.6 9.63 9.27 9.27
1999-01-22 9.38 9.52 9.35 9.35
1999-01-27 9.19 9.2 9.12 9.12
1999-02-09 8.31 8.34 8.07 8.07
1999-03-11 8.93 9.18 8.84 8.84
1999-03-12 9.12 9.13 8.91 8.91
1999-04-01 8.64 8.78 8.41 8.41
1999-04-15 9.32 9.65 9.2 9.2
1999-04-28 8.18 8.35 8.15 8.15
1999-05-11 8.27 8.37 7.95 7.95
1999-06-16 10.0 10.06 9.6 9.6
1999-06-24 11.65 12.0 11.4 11.4
1999-07-23 9.94 10.06 9.75 9.75
1999-07-26 10.12 10.31 10.0 10.0
1999-07-30 9.92 9.99 9.88 9.88
1999-08-10 10.3 10.6 10.0 10.0
1999-08-17 9.9 10.02 9.82 9.82
1999-08-19 10.28 10.32 9.93 9.93
1999-09-09 10.49 10.49 10.03 10.03
1999-09-13 10.38 10.46 10.25 10.25
1999-09-14 10.88 10.98 10.41 10.41
1999-10-22 9.27 9.4 9.08 9.08
1999-10-26 9.18 9.35 9.12 9.12
1999-10-27 9.48 9.59 9.36 9.36
1999-11-30 10.2 10.35 10.12 10.12
1999-12-15 9.47 9.58 9.3 9.3
1999-12-30 8.9 8.95 8.8 8.8
2000-02-14 9.18 9.22 8.6 8.6
2000-02-17 9.37 9.37 8.53 8.53
2000-03-08 9.1 9.24 8.9 8.9
2000-03-17 9.35 9.45 9.08 9.08
2000-03-20 9.78 9.84 9.2 9.2
2000-03-27 10.1 10.18 9.6 9.6
2000-04-10 10.6 10.6 10.22 10.22
2000-05-25 11.14 11.49 10.52 10.52
2000-05-29 11.08 11.15 11.01 11.01
2000-07-07 11.39 11.45 11.15 11.15
2000-07-18 12.1 12.33 11.78 11.78
2000-08-14 11.78 11.85 11.5 11.5
2000-09-08 10.88 10.88 10.63 10.63
2000-11-13 11.57 11.7 11.36 11.36
2000-11-28 11.79 11.9 11.55 11.55
2000-12-20 13.32 13.65 13.23 13.23
2000-12-21 13.36 13.65 13.35 13.35
2001-01-03 16.4 17.23 15.98 15.98
2001-01-18 17.38 17.49 17.0 17.0
2001-02-20 18.35 18.6 17.8 17.8
2001-04-02 20.99 21.2 20.5 20.5
2001-04-25 11.5 11.77 11.28 11.28
2001-05-21 12.29 12.49 12.0 12.0
2001-05-22 12.2 12.49 11.5 11.5
2001-05-25 11.79 11.92 11.6 11.6
2001-06-27 12.03 12.1 11.65 11.65
2001-06-29 12.03 12.17 11.94 11.94
2001-07-11 12.45 12.48 12.1 12.1
2001-07-23 12.69 12.73 12.29 12.29
2001-08-01 12.29 12.3 12.0 12.0
2001-08-10 12.33 12.5 12.25 12.25
2001-08-21 12.3 12.5 12.26 12.26
2001-08-23 12.16 12.28 12.08 12.08
2001-10-23 10.43 10.43 9.81 9.81
2001-11-20 10.59 10.65 10.35 10.35
2001-11-22 10.75 10.79 10.55 10.55
2001-11-29 10.72 10.87 10.55 10.55
2001-12-10 11.0 11.06 10.8 10.8
2006-10-18 8.54 8.55 8.26 8.26
2006-11-30 8.75 8.84 8.59 8.59
2006-12-04 9.31 9.38 9.03 9.03
2007-01-08 9.89 10.03 9.42 9.42
2007-01-10 10.24 10.45 9.96 9.96
2007-03-07 13.83 14.0 13.5 13.5
2007-05-30 24.1 24.1 24.1 24.1
2007-05-31 26.51 26.51 26.51 26.51
2007-06-26 24.99 25.0 23.05 23.05
2007-06-27 26.41 26.6 25.04 25.04
2007-07-03 26.15 26.66 25.51 25.51
2007-07-25 28.3 29.0 27.35 27.35
2007-08-13 30.98 30.98 28.4 28.4
2007-08-21 30.21 31.35 30.1 30.1
2007-08-23 31.26 31.97 30.6 30.6
2007-08-27 31.29 32.8 30.97 30.97
2007-09-18 30.74 31.99 30.0 30.0
2007-11-14 22.66 23.18 22.5 22.5
2007-12-21 25.13 25.6 24.9 24.9
2008-01-04 28.91 29.23 28.18 28.18
2008-02-04 24.09 24.1 22.88 22.88
2008-03-19 19.0 19.5 18.35 18.35
2008-03-25 20.2 20.53 18.8 18.8
2008-04-15 19.84 20.05 18.85 18.85
2008-04-23 18.87 19.05 17.99 17.99
2008-06-12 15.41 15.65 15.1 15.1
2008-06-13 15.5 16.1 15.42 15.42
2008-07-04 14.0 14.2 13.71 13.71
2008-07-07 14.76 15.0 14.0 14.0
2008-07-14 15.65 15.8 14.6 14.6
2008-07-28 15.13 15.2 14.95 14.95
2008-08-04 14.06 14.38 13.8 13.8
2008-08-07 13.82 13.97 13.7 13.7
2008-08-29 14.1 14.28 13.61 13.61
2008-09-12 12.92 13.1 12.83 12.83
2008-11-10 9.13 9.18 8.6 8.6
2008-11-19 9.63 9.76 9.15 9.15
2008-12-03 9.52 9.7 8.9 8.9
2008-12-05 9.83 10.0 9.54 9.54
2009-01-09 9.4 9.53 8.96 8.96
2009-01-16 9.73 10.05 9.63 9.63
2009-02-03 10.67 10.81 10.3 10.3
2009-02-06 11.12 11.14 10.63 10.63
2009-03-12 11.45 11.6 11.23 11.23
2009-04-01 12.33 12.69 11.82 11.82
2009-05-04 12.35 12.5 11.9 11.9
2009-07-07 12.65 12.87 12.58 12.58
2009-07-22 13.47 13.5 13.04 13.04
2009-09-17 12.23 12.3 11.86 11.86
2009-10-23 11.69 11.88 11.52 11.52
2009-11-16 12.43 12.43 12.19 12.19
2010-01-08 12.67 12.68 12.26 12.26
2010-01-13 13.19 13.37 13.01 13.01
2010-03-29 11.8 11.89 11.69 11.69
2010-06-08 8.87 8.88 8.74 8.74
2010-07-26 8.75 8.9 8.55 8.55
2011-01-21 8.07 8.14 7.91 7.91
2011-02-10 8.43 8.47 8.23 8.23
2011-02-16 8.97 9.03 8.61 8.61
2011-02-21 9.07 9.12 8.87 8.87
2011-03-04 8.92 8.95 8.76 8.76
2011-03-14 8.87 8.88 8.72 8.72
2011-03-18 8.58 8.63 8.54 8.54
2011-08-17 7.18 7.23 7.13 7.13
2011-09-06 6.89 6.93 6.85 6.85
2011-09-20 6.94 7.0 6.88 6.88
2011-10-13 7.0 7.04 6.91 6.91
2011-11-21 6.9 6.96 6.83 6.83
2012-03-02 6.83 6.84 6.75 6.75
2012-03-08 6.75 6.78 6.7 6.7
2012-04-16 6.59 6.66 6.48 6.48
2012-07-27 5.99 6.02 5.97 5.97
2012-07-30 6.02 6.08 5.98 5.98
2012-08-06 6.12 6.13 6.06 6.06
2012-08-16 5.99 6.02 5.98 5.98
2012-10-09 5.77 5.8 5.69 5.69
2012-10-18 5.8 5.83 5.74 5.74
2012-10-29 5.72 5.75 5.69 5.69
2012-11-23 5.6 5.63 5.56 5.56
2012-12-14 5.85 5.87 5.68 5.68
2012-12-28 6.01 6.02 5.93 5.93
2013-01-29 6.41 6.45 6.29 6.29
2013-03-20 6.22 6.23 6.03 6.03
2013-03-29 5.96 6.01 5.93 5.93
2013-04-02 5.99 6.01 5.95 5.95
2013-04-03 6.02 6.05 5.97 5.97
2013-04-09 6.0 6.02 5.94 5.94
2013-04-19 6.01 6.03 5.97 5.97
2013-05-03 5.86 5.89 5.8 5.8
2013-05-06 5.92 5.94 5.87 5.87
2013-05-20 6.04 6.07 5.98 5.98
2013-07-11 5.57 5.7 5.45 5.45
2013-07-31 5.12 5.16 5.1 5.1
2013-08-06 5.28 5.3 5.21 5.21
2013-08-26 5.86 5.96 5.48 5.48
2013-08-27 6.23 6.29 5.86 5.86
2013-08-29 6.9 6.9 6.35 6.35
2013-09-04 7.0 7.25 6.66 6.66
2013-10-08 7.43 7.43 6.84 6.84
2013-10-22 8.94 8.94 8.59 8.59
2013-11-15 8.29 8.4 7.89 7.89
2013-12-27 8.38 8.48 8.03 8.03
2014-01-21 7.35 7.39 7.24 7.24
2014-02-14 8.67 8.9 8.56 8.56
2014-02-21 9.06 9.29 8.85 8.85
2014-03-13 8.43 8.54 8.35 8.35
2014-04-10 8.94 9.15 8.87 8.87
2014-04-29 7.94 7.97 7.77 7.77
2014-05-22 8.03 8.21 7.81 7.81
2014-05-30 7.84 7.91 7.81 7.81
2014-06-26 7.96 8.02 7.87 7.87
2014-07-21 7.85 7.9 7.8 7.8
2014-07-23 7.98 8.11 7.86 7.86
2014-07-28 8.1 8.13 8.0 8.0
2014-08-04 8.12 8.14 7.97 7.97
2014-08-11 8.4 8.53 8.31 8.31
2014-09-02 9.0 9.15 8.67 8.67
2014-09-22 10.28 10.36 9.63 9.63
2014-10-23 11.74 11.78 11.36 11.36
2014-12-24 17.53 17.75 16.9 16.9
2015-01-20 18.95 19.05 17.53 17.53
2015-03-30 21.25 21.6 21.1 21.1
2015-04-03 20.88 21.13 20.71 20.71
2015-05-19 18.68 18.69 18.09 18.09
2015-08-13 13.73 13.8 13.13 13.13
2015-09-16 9.67 9.87 9.04 9.04
2015-09-24 9.87 10.17 9.71 9.71
2015-10-09 9.93 10.03 9.77 9.77
2015-10-12 10.38 10.43 9.99 9.99
2015-12-25 11.58 11.59 11.36 11.36
2016-03-02 8.93 8.98 8.5 8.5
2016-05-31 8.94 8.96 8.66 8.66
2016-06-17 8.92 8.93 8.7 8.7
2016-07-07 9.56 9.65 9.15 9.15
2016-07-26 9.82 9.83 9.45 9.45
2016-07-27 10.12 10.68 9.98 9.98
2016-08-12 10.11 10.16 9.93 9.93
2016-09-02 10.06 10.12 10.02 10.02
2016-09-27 9.5 9.51 9.41 9.41
2016-10-18 9.77 9.77 9.62 9.62
2016-10-28 10.26 10.31 10.11 10.11
2016-11-28 10.62 10.77 10.48 10.48
2016-12-27 10.17 10.26 10.11 10.11
2017-01-03 10.17 10.2 10.08 10.08
2017-01-20 10.06 10.09 9.93 9.93
2017-01-25 10.15 10.19 10.03 10.03
2017-02-28 11.09 11.12 10.93 10.93
2017-03-21 11.23 11.24 10.96 10.96
2017-03-22 11.38 11.49 11.11 11.11
2017-04-05 12.94 12.94 12.94 12.94
2017-04-06 14.23 14.23 14.23 14.23
2017-06-02 12.5 12.51 12.1 12.1
2017-06-19 13.34 13.42 13.21 13.21
2017-06-26 12.67 12.71 12.57 12.57
2017-07-19 12.24 12.24 11.83 11.83
2017-07-27 12.2 12.35 12.06 12.06
2017-08-14 12.95 13.0 12.73 12.73
