1996-12-03 12.89 13.8 12.6 12.6
1996-12-09 15.3 15.5 14.2 14.2
1996-12-16 11.71 11.71 11.71 11.71
1996-12-17 10.54 10.54 10.54 10.54
1996-12-18 11.0 11.5 9.49 9.49
1997-01-29 9.43 9.61 9.19 9.19
1997-02-19 8.16 8.28 7.8 7.8
1997-02-20 7.9 8.06 7.34 7.34
1997-02-25 8.78 8.93 8.7 8.7
1997-03-28 9.95 10.13 9.68 9.68
1997-03-31 10.71 10.75 10.21 10.21
1997-04-09 9.78 9.9 9.55 9.55
1997-05-07 10.12 10.5 10.03 10.03
1997-06-02 10.15 10.37 9.7 9.7
1997-06-16 8.68 8.92 8.6 8.6
1997-06-25 8.82 8.98 8.0 8.0
1997-07-24 6.85 7.15 6.8 6.8
1997-07-25 6.8 6.92 6.71 6.71
1997-08-01 7.22 7.33 7.0 7.0
1997-08-22 7.0 7.08 6.91 6.91
1997-08-25 7.1 7.22 7.0 7.0
1997-08-27 7.34 7.47 6.9 6.9
1997-09-19 6.96 6.97 6.85 6.85
1997-10-10 6.55 6.58 6.4 6.4
1997-10-31 6.54 6.58 6.35 6.35
1997-12-02 6.35 6.52 6.27 6.27
1997-12-24 6.34 6.38 6.2 6.2
1997-12-31 6.66 6.74 6.47 6.47
1998-01-15 6.75 6.76 6.37 6.37
1998-02-24 6.98 7.1 6.9 6.9
1998-03-03 7.2 7.2 6.9 6.9
1998-03-13 6.62 6.68 6.55 6.55
1998-03-18 6.75 6.87 6.66 6.66
1998-03-25 6.8 7.01 6.65 6.65
1998-04-07 8.15 8.35 7.75 7.75
1998-04-21 8.62 8.89 8.36 8.36
1998-04-28 8.99 9.15 8.78 8.78
1998-04-30 9.05 9.15 8.9 8.9
1998-05-19 9.6 9.89 9.5 9.5
1998-05-22 10.22 10.4 9.66 9.66
1998-05-26 10.95 11.24 10.45 10.45
1998-06-17 11.7 11.86 11.2 11.2
1998-06-19 12.68 12.69 12.18 12.18
1998-07-06 12.43 12.45 12.31 12.31
1998-07-10 12.22 12.23 11.78 11.78
1998-07-21 10.8 10.9 10.59 10.59
1998-07-27 9.2 9.2 8.65 8.65
1998-07-28 9.6 9.88 9.23 9.23
1998-07-30 9.85 9.87 9.28 9.28
1998-07-31 10.0 10.28 9.85 9.85
1998-08-10 8.88 9.12 8.45 8.45
1998-08-18 8.12 8.5 7.8 7.8
1998-08-19 8.85 8.85 8.11 8.11
1998-08-26 9.9 10.09 9.56 9.56
1998-09-03 10.18 10.3 10.0 10.0
1998-09-04 10.29 10.44 10.26 10.26
1998-09-10 12.14 12.48 11.78 11.78
1998-09-14 12.45 12.55 12.09 12.09
1998-10-08 13.35 13.4 12.7 12.7
1998-11-13 13.18 13.23 12.4 12.4
1998-11-16 14.0 14.05 13.19 13.19
1998-12-17 10.99 11.3 10.6 10.6
1999-01-14 10.09 10.15 9.9 9.9
1999-01-20 9.77 9.95 9.7 9.7
1999-01-27 9.7 9.97 9.55 9.55
1999-02-09 9.55 9.7 9.28 9.28
1999-03-24 11.28 11.35 10.8 10.8
1999-04-07 10.3 10.45 10.11 10.11
1999-05-06 9.85 10.02 9.7 9.7
1999-05-19 9.58 9.62 8.81 8.81
1999-05-27 11.6 11.85 10.98 10.98
1999-06-10 9.86 10.09 9.55 9.55
1999-06-16 9.9 9.98 9.48 9.48
1999-06-21 10.82 10.92 10.44 10.44
1999-08-03 10.43 10.53 10.2 10.2
1999-08-31 10.78 10.81 10.05 10.05
1999-09-20 11.1 11.3 10.88 10.88
1999-10-15 10.1 10.14 9.73 9.73
1999-11-12 8.55 8.61 8.39 8.39
1999-11-22 8.6 8.95 8.05 8.05
1999-12-03 8.18 8.33 8.11 8.11
1999-12-10 8.05 8.08 7.9 7.9
2000-01-04 7.78 7.86 7.58 7.58
2000-02-15 9.7 10.3 9.5 9.5
2000-02-16 10.67 10.67 9.8 9.8
2000-03-24 10.23 10.5 9.98 9.98
2000-04-19 11.78 11.98 11.56 11.56
2000-05-16 10.57 10.68 10.35 10.35
2000-06-19 11.71 11.9 11.61 11.61
2000-06-21 11.52 11.58 11.41 11.41
2000-06-23 11.6 11.65 11.3 11.3
2000-06-27 12.24 12.59 11.9 11.9
2000-06-28 13.1 13.46 12.5 12.5
2000-07-03 14.47 14.47 13.2 13.2
2000-07-07 15.05 15.05 13.7 13.7
2000-08-01 15.98 16.13 15.65 15.65
2000-08-16 16.29 16.6 15.49 15.49
2000-09-26 13.1 13.26 12.91 12.91
2000-09-29 13.08 13.2 12.8 12.8
2000-10-10 13.68 13.77 13.1 13.1
2000-10-19 13.33 13.57 13.2 13.2
2000-11-06 13.42 13.57 13.11 13.11
2000-11-14 15.81 15.81 14.51 14.51
2000-11-28 14.5 14.6 14.08 14.08
2000-12-05 14.5 14.79 14.3 14.3
2000-12-13 13.85 14.0 13.8 13.8
2000-12-27 14.54 14.66 14.44 14.44
2000-12-28 14.59 14.65 14.4 14.4
2001-01-02 15.94 16.38 15.03 15.03
2001-01-03 14.17 14.8 13.84 13.84
2001-01-19 14.0 14.08 13.8 13.8
2001-02-09 13.5 13.69 13.3 13.3
2001-02-20 13.15 13.44 13.01 13.01
2001-03-01 12.54 12.7 12.5 12.5
2001-03-02 12.76 12.86 12.55 12.55
2001-03-13 13.29 13.58 13.23 13.23
2001-03-20 13.02 13.3 12.9 12.9
2001-03-23 13.51 13.98 13.5 13.5
2001-05-17 13.65 13.86 13.5 13.5
2001-05-24 13.89 13.89 13.6 13.6
2001-06-21 13.56 13.76 13.23 13.23
2001-06-29 13.42 13.5 13.39 13.39
2001-07-20 12.54 12.64 12.32 12.32
2001-07-27 11.65 11.8 11.65 11.65
2001-09-04 10.21 10.23 9.8 9.8
2001-09-05 10.39 10.78 10.33 10.33
2001-09-17 10.71 10.87 10.46 10.46
2001-09-24 10.5 10.68 10.45 10.45
2001-10-09 10.02 10.08 9.7 9.7
2001-11-01 9.4 9.45 9.23 9.23
2001-11-06 9.0 9.17 8.91 8.91
2001-11-27 9.2 9.2 8.99 8.99
2001-12-28 8.4 8.45 8.3 8.3
2002-01-04 8.2 8.4 8.18 8.18
2002-01-31 7.03 7.08 6.5 6.5
2002-03-20 9.13 9.13 8.31 8.31
2002-04-03 8.17 8.29 8.06 8.06
2002-04-09 8.88 8.95 8.72 8.72
2002-04-12 8.82 9.08 8.65 8.65
2002-04-26 8.77 8.9 8.6 8.6
2002-05-21 8.9 9.0 8.6 8.6
2002-05-23 8.88 9.25 8.7 8.7
2002-06-11 8.14 8.2 8.05 8.05
2002-06-18 8.06 8.1 7.82 7.82
2002-06-21 8.3 8.35 7.96 7.96
2002-08-02 9.19 9.25 9.15 9.15
2002-08-14 8.87 8.87 8.81 8.81
2002-08-21 9.06 9.14 9.04 9.04
2002-08-22 9.2 9.29 9.06 9.06
2002-08-28 9.17 9.45 9.1 9.1
2002-09-02 9.04 9.1 9.0 9.0
2002-09-10 8.64 8.75 8.63 8.63
2002-10-16 8.01 8.1 7.94 7.94
2002-12-09 6.72 6.8 6.7 6.7
2002-12-12 6.54 6.7 6.49 6.49
2002-12-17 7.08 7.2 6.8 6.8
2003-01-06 6.69 6.72 6.5 6.5
2003-01-13 6.95 6.99 6.88 6.88
2003-01-14 7.29 7.5 6.98 6.98
2003-02-10 7.21 7.3 7.2 7.2
2003-02-11 7.35 7.4 7.2 7.2
2003-02-19 7.6 7.64 7.4 7.4
2003-03-14 7.28 7.38 7.25 7.25
2003-03-21 7.19 7.2 7.08 7.08
2003-03-31 7.19 7.22 7.1 7.1
2003-04-10 7.22 7.3 7.07 7.07
2003-05-21 6.67 6.79 6.65 6.65
2003-05-30 6.93 6.96 6.81 6.81
2003-06-11 6.8 6.92 6.64 6.64
2003-07-03 6.24 6.33 6.21 6.21
2003-07-08 6.3 6.3 6.18 6.18
2003-07-10 6.69 6.7 6.42 6.42
2003-08-14 6.33 6.49 6.31 6.31
2003-09-01 6.49 6.5 6.36 6.36
2003-09-16 6.73 6.75 6.55 6.55
2003-09-26 6.76 6.79 6.65 6.65
2003-09-30 6.66 6.72 6.53 6.53
2003-10-09 6.69 6.72 6.6 6.6
2003-10-17 6.41 6.46 6.38 6.38
2003-10-21 6.3 6.31 6.25 6.25
2003-10-22 6.43 6.46 6.27 6.27
2003-10-31 5.59 5.9 5.1 5.1
2003-11-12 4.49 4.56 4.4 4.4
2003-11-20 4.98 4.99 4.65 4.65
2003-12-09 5.37 5.38 5.26 5.26
2004-01-06 4.68 4.78 4.52 4.52
2004-01-13 4.82 4.84 4.7 4.7
2004-02-04 5.56 5.59 5.41 5.41
2004-02-19 5.77 5.79 5.61 5.61
2004-02-27 6.31 6.41 5.9 5.9
2004-03-19 6.09 6.1 5.96 5.96
2004-04-20 5.18 5.2 5.11 5.11
2004-04-23 5.07 5.2 5.0 5.0
2004-05-20 5.4 5.66 5.22 5.22
2004-06-01 5.2 5.21 5.11 5.11
2004-06-15 4.6 4.74 4.47 4.47
2004-09-02 4.05 4.06 3.93 3.93
2004-09-14 4.46 4.55 4.4 4.4
2004-09-15 4.53 4.72 4.46 4.46
2004-10-15 4.11 4.18 4.03 4.03
2004-10-19 4.37 4.52 4.3 4.3
2004-12-20 4.1 4.14 4.0 4.0
2005-01-05 4.06 4.12 4.02 4.02
2005-02-02 3.64 3.67 3.45 3.45
2005-04-13 3.4 3.44 3.3 3.3
2005-04-26 3.0 3.04 2.84 2.84
2005-05-17 2.92 2.95 2.87 2.87
2005-05-24 2.89 2.93 2.82 2.82
2005-05-27 2.91 2.93 2.86 2.86
2005-06-03 2.94 2.95 2.88 2.88
2005-06-06 2.98 2.98 2.9 2.9
2005-06-08 3.15 3.17 2.96 2.96
2005-07-05 2.53 2.58 2.5 2.5
2005-07-07 2.51 2.53 2.44 2.44
2005-07-19 2.14 2.16 2.1 2.1
2005-07-22 2.22 2.26 2.18 2.18
2005-08-02 2.47 2.5 2.38 2.38
2005-08-24 2.93 2.93 2.75 2.75
2005-09-14 3.13 3.16 3.06 3.06
2005-09-29 2.9 2.94 2.81 2.81
2005-10-18 2.69 2.7 2.62 2.62
2005-10-25 2.86 2.98 2.85 2.85
2005-11-04 2.51 2.53 2.47 2.47
2005-11-14 2.45 2.46 2.39 2.39
2005-11-15 2.45 2.49 2.43 2.43
2005-11-21 2.57 2.57 2.52 2.52
2005-12-07 2.42 2.42 2.37 2.37
2006-01-09 2.67 2.68 2.63 2.63
2006-01-24 2.81 2.85 2.8 2.8
2006-02-20 2.82 2.85 2.67 2.67
2006-03-01 2.84 2.85 2.8 2.8
2006-03-09 2.72 2.73 2.63 2.63
2006-03-15 2.66 2.68 2.64 2.64
2006-04-03 2.76 2.78 2.66 2.66
2006-05-08 3.11 3.15 3.05 3.05
2006-10-24 2.96 2.96 2.88 2.88
2006-11-09 2.79 2.83 2.76 2.76
2007-01-16 3.41 3.47 3.21 3.21
2007-01-29 3.65 3.65 3.51 3.51
2007-02-01 3.46 3.53 3.35 3.35
2007-02-06 3.65 3.71 3.46 3.46
2007-02-28 4.93 4.93 4.46 4.46
2007-03-30 5.74 5.84 5.56 5.56
2007-04-16 6.28 6.36 6.08 6.08
2007-04-20 6.77 6.84 6.31 6.31
2007-06-05 6.33 6.37 5.8 5.8
2007-06-13 7.9 8.2 7.5 7.5
2007-07-25 7.83 7.9 7.45 7.45
2007-07-30 8.5 8.56 8.27 8.27
2007-08-02 7.97 8.07 7.61 7.61
2007-08-28 10.4 10.4 9.55 9.55
2007-11-06 8.99 9.2 8.88 8.88
2007-11-26 9.03 9.28 8.89 8.89
2007-11-28 9.35 9.44 9.05 9.05
2007-12-06 10.19 10.32 9.71 9.71
2007-12-19 10.21 10.4 10.0 10.0
2008-01-02 11.13 11.19 10.63 10.63
2008-02-29 9.71 9.77 9.59 9.59
2008-05-27 6.45 6.48 6.23 6.23
2008-07-07 5.15 5.15 4.63 4.63
2008-07-14 5.25 5.26 5.07 5.07
2008-07-28 5.25 5.29 5.18 5.18
2008-08-27 3.91 4.0 3.69 3.69
2008-09-04 4.04 4.15 3.94 3.94
2008-10-23 2.94 2.95 2.83 2.83
2008-11-05 2.65 2.7 2.6 2.6
2008-11-12 2.91 2.92 2.81 2.81
2008-12-02 3.38 3.4 3.22 3.22
2008-12-08 3.73 3.78 3.54 3.54
2009-01-05 3.25 3.26 3.18 3.18
2009-01-06 3.44 3.52 3.22 3.22
2009-01-09 3.41 3.44 3.32 3.32
2009-01-14 3.62 3.67 3.48 3.48
2009-01-16 3.64 3.74 3.6 3.6
2009-02-04 4.05 4.1 3.92 3.92
2009-02-06 4.1 4.14 3.89 3.89
2009-03-06 4.49 4.62 4.42 4.42
2009-03-26 6.14 6.23 5.65 5.65
2009-04-20 5.73 5.75 5.56 5.56
2009-05-12 5.69 5.71 5.42 5.42
2009-08-20 6.15 6.17 5.79 5.79
2009-10-19 6.96 6.98 6.67 6.67
2009-12-07 9.62 9.75 9.28 9.28
2009-12-24 8.66 8.72 8.39 8.39
2009-12-28 8.83 8.9 8.61 8.61
2010-01-04 9.5 9.7 8.96 8.96
2010-01-06 10.37 10.59 9.69 9.69
2010-01-08 11.03 11.2 10.15 10.15
2010-01-27 9.98 10.1 9.68 9.68
2010-02-02 10.21 10.52 10.16 10.16
2010-03-11 10.94 11.05 10.74 10.74
2010-03-29 10.78 10.88 10.65 10.65
2010-04-29 11.33 11.88 11.28 11.28
2010-06-08 9.97 9.98 9.6 9.6
2010-06-11 10.44 10.48 10.23 10.23
2010-07-06 11.0 11.1 10.3 10.3
2010-08-11 14.64 14.92 14.4 14.4
2010-08-13 15.18 15.3 14.58 14.58
2010-08-26 15.99 16.1 15.19 15.19
2010-09-27 15.7 15.92 15.35 15.35
2010-10-08 16.37 16.39 15.52 15.52
2010-11-08 16.13 16.2 15.7 15.7
2010-12-01 15.3 15.35 15.05 15.05
2010-12-08 14.92 15.06 14.86 14.86
2010-12-13 15.18 15.2 14.58 14.58
2011-01-06 13.5 13.77 13.25 13.25
2011-03-09 13.68 13.75 13.47 13.47
2011-03-28 13.24 13.28 12.93 12.93
2011-04-07 11.85 11.87 11.71 11.71
2011-04-11 12.03 12.15 11.91 11.91
2011-04-21 12.35 12.54 12.01 12.01
2011-06-30 12.26 12.33 11.9 11.9
2011-07-07 12.43 12.81 12.22 12.22
2011-07-13 13.2 13.45 12.86 12.86
2011-07-15 13.95 14.05 13.05 13.05
2011-07-20 13.72 14.29 13.63 13.63
2011-08-08 12.76 13.28 12.62 12.62
2011-08-10 13.92 14.0 13.24 13.24
2011-09-05 13.71 13.88 13.51 13.51
2011-11-14 13.21 13.35 13.12 13.12
2011-12-16 10.01 10.07 9.66 9.66
2011-12-20 10.12 10.2 9.92 9.92
2012-01-10 9.5 9.55 9.05 9.05
2012-02-17 10.65 10.84 10.26 10.26
2012-04-13 10.91 11.03 10.65 10.65
2012-04-16 10.98 11.1 10.81 10.81
2012-04-18 11.22 11.87 10.83 10.83
2012-05-07 11.06 11.07 10.57 10.57
2012-06-27 11.02 11.18 10.6 10.6
2012-07-25 11.28 11.41 11.15 11.15
2012-08-13 11.96 12.55 11.9 11.9
2012-09-03 11.01 11.04 10.61 10.61
2012-10-16 11.36 11.44 11.26 11.26
2012-10-18 11.74 11.8 11.35 11.35
2012-12-05 9.65 9.75 9.34 9.34
2012-12-14 10.05 10.15 9.6 9.6
2013-03-14 9.34 9.42 9.31 9.31
2013-04-01 9.25 9.29 9.18 9.18
2013-05-06 8.83 8.87 8.74 8.74
2013-05-08 9.01 9.02 8.8 8.8
2013-07-05 7.61 7.71 7.35 7.35
2013-07-23 8.17 8.21 7.89 7.89
2013-07-25 8.4 8.43 8.14 8.14
2013-08-26 8.86 8.86 8.62 8.62
2013-09-09 10.06 10.37 9.98 9.98
2013-09-13 10.17 10.33 10.01 10.01
2013-09-17 10.55 10.98 10.2 10.2
2013-09-25 10.67 11.07 10.58 10.58
2013-10-11 10.71 10.84 10.43 10.43
2013-10-21 10.21 10.22 9.98 9.98
2013-11-19 9.64 9.73 9.48 9.48
2013-11-25 9.86 9.99 9.66 9.66
2013-12-27 9.23 9.3 9.06 9.06
2014-01-29 8.72 8.73 8.6 8.6
2014-03-17 8.5 8.51 8.39 8.39
2014-03-24 8.6 8.67 8.5 8.5
2014-04-14 9.29 9.32 8.85 8.85
2014-04-16 9.58 9.77 9.02 9.02
2014-04-29 8.4 8.43 8.09 8.09
2014-05-06 8.24 8.28 8.1 8.1
2014-06-09 7.87 8.0 7.79 7.79
2014-07-07 7.53 7.6 7.51 7.51
2014-07-28 7.86 7.88 7.75 7.75
2014-07-31 8.0 8.02 7.87 7.87
2014-10-29 8.58 8.6 8.44 8.44
2014-11-05 8.73 8.88 8.7 8.7
2014-12-24 8.97 9.0 8.67 8.67
2014-12-26 9.12 9.21 8.92 8.92
2015-01-13 10.48 10.66 9.93 9.93
2015-01-20 9.86 9.88 9.55 9.55
2015-01-21 10.0 10.05 9.81 9.81
2015-02-09 9.01 9.06 8.93 8.93
2015-02-10 9.07 9.09 9.0 9.0
2015-02-13 9.26 9.36 9.23 9.23
2015-02-27 9.73 9.84 9.66 9.66
2015-04-01 11.63 11.78 11.2 11.2
2015-06-01 16.1 16.1 14.65 14.65
2015-10-13 14.41 14.41 14.41 14.41
2015-10-14 12.97 12.97 12.97 12.97
2015-10-15 12.01 12.72 11.67 11.67
2015-11-04 11.05 11.06 10.7 10.7
2015-12-03 12.05 12.06 11.63 11.63
2016-02-15 8.47 8.56 8.23 8.23
2016-03-07 8.59 8.61 8.37 8.37
2016-03-15 8.6 8.73 8.53 8.53
2016-03-21 9.28 9.41 9.18 9.18
2016-06-27 9.68 9.7 9.38 9.38
2016-09-21 10.52 10.83 10.42 10.42
2016-10-18 10.72 10.78 10.4 10.4
2016-11-16 11.4 11.55 11.27 11.27
2016-12-05 11.22 11.37 11.01 11.01
2016-12-20 11.05 11.08 10.84 10.84
2016-12-23 11.18 11.36 11.06 11.06
2017-01-17 10.31 10.36 9.91 9.91
2017-01-20 10.29 10.32 10.08 10.08
2017-02-06 10.62 10.66 10.32 10.32
2017-02-09 10.95 11.17 10.83 10.83
2017-03-14 11.25 11.38 11.2 11.2
2017-04-28 8.83 8.84 8.58 8.58
2017-06-02 7.58 7.63 7.28 7.28
2017-07-25 7.34 7.39 7.22 7.22
2017-08-07 7.43 7.49 7.34 7.34
