1996-10-14 15.16 15.18 14.4 14.4
1996-10-23 15.28 15.28 14.5 14.5
1996-10-28 15.06 15.3 15.0 15.0
1996-11-04 14.67 14.95 14.5 14.5
1996-11-27 14.05 14.44 13.55 13.55
1996-12-04 16.12 16.15 15.0 15.0
1996-12-06 15.96 16.18 15.9 15.9
1996-12-16 13.41 13.41 13.41 13.41
1996-12-17 12.07 12.78 12.07 12.07
1996-12-18 13.08 13.1 11.95 11.95
1997-01-09 13.56 13.67 13.33 13.33
1997-02-20 14.75 15.0 13.73 13.73
1997-02-21 15.08 15.19 14.8 14.8
1997-02-25 16.07 16.33 15.48 15.48
1997-02-27 16.21 16.48 16.0 16.0
1997-03-06 16.11 16.36 16.0 16.0
1997-03-07 17.0 17.4 16.2 16.2
1997-03-12 19.1 19.56 18.5 18.5
1997-03-25 22.8 23.0 20.5 20.5
1997-04-03 23.15 23.38 22.1 22.1
1997-04-04 23.88 24.22 23.0 23.0
1997-04-21 24.98 25.37 24.8 24.8
1997-04-22 25.38 25.6 24.9 24.9
1997-05-23 13.4 13.68 12.71 12.71
1997-06-13 14.02 14.2 12.8 12.8
1997-06-20 14.62 14.68 14.2 14.2
1997-08-08 15.08 15.25 14.7 14.7
1997-08-14 13.69 13.7 12.8 12.8
1997-09-30 13.26 13.53 13.0 13.0
1997-10-31 13.5 13.99 13.1 13.1
1997-11-13 13.7 13.9 13.18 13.18
1997-11-19 13.26 13.4 13.2 13.2
1997-12-02 13.09 13.25 12.85 12.85
1997-12-04 13.21 13.21 12.85 12.85
1997-12-05 13.42 13.6 13.1 13.1
1997-12-09 13.58 13.58 13.16 13.16
1997-12-30 12.95 13.15 12.87 12.87
1998-02-10 13.59 13.82 12.98 12.98
1998-03-19 12.38 12.48 12.28 12.28
1998-04-06 13.15 13.18 12.62 12.62
1998-04-15 12.8 12.95 12.74 12.74
1998-05-14 14.0 14.0 12.88 12.88
1998-05-20 13.99 14.2 13.4 13.4
1998-06-12 14.15 14.18 13.81 13.81
1998-06-19 14.28 14.49 13.9 13.9
1998-07-07 13.25 13.25 12.8 12.8
1998-07-08 13.35 13.4 13.2 13.2
1998-07-13 13.59 13.75 13.34 13.34
1998-07-23 13.05 13.05 12.76 12.76
1998-08-17 9.1 9.3 9.1 9.1
1998-08-19 9.05 9.15 8.5 8.5
1998-09-04 9.51 9.68 9.35 9.35
1998-09-07 9.79 9.8 9.55 9.55
1998-10-08 10.54 10.55 10.3 10.3
1998-10-13 10.91 11.2 10.8 10.8
1998-10-16 10.75 10.99 10.75 10.75
1998-11-03 10.08 10.15 9.64 9.64
1998-11-16 10.63 10.7 10.2 10.2
1998-11-19 10.78 10.9 10.55 10.55
1998-12-22 8.84 8.9 8.58 8.58
1998-12-31 8.8 8.83 8.73 8.73
1999-01-13 8.98 9.03 8.8 8.8
1999-01-25 9.09 9.16 9.03 9.03
1999-01-28 9.08 9.1 8.9 8.9
1999-02-01 9.39 9.5 9.1 9.1
1999-02-08 8.68 8.8 8.45 8.45
1999-03-09 9.07 9.23 8.9 8.9
1999-03-11 9.1 9.15 8.94 8.94
1999-03-26 8.9 8.93 8.8 8.8
1999-03-29 8.92 8.92 8.8 8.8
1999-04-01 9.0 9.22 8.84 8.84
1999-04-23 8.39 8.6 8.33 8.33
1999-04-29 7.82 7.95 7.65 7.65
1999-04-30 7.98 8.0 7.82 7.82
1999-05-06 8.11 8.18 7.85 7.85
1999-05-11 7.65 7.68 7.55 7.55
1999-05-12 7.56 7.63 7.53 7.53
1999-05-17 7.24 7.35 7.01 7.01
1999-05-19 7.5 7.68 7.0 7.0
1999-05-20 8.14 8.25 7.58 7.58
1999-06-21 10.22 10.22 9.6 9.6
1999-07-05 10.65 10.65 9.7 9.7
1999-07-19 10.58 10.86 10.5 10.5
1999-07-20 11.25 11.25 10.65 10.65
1999-07-23 11.42 11.45 10.6 10.6
1999-07-30 12.5 12.6 12.02 12.02
1999-08-12 12.22 12.5 12.1 12.1
1999-08-13 12.29 12.6 12.29 12.29
1999-08-17 12.85 13.05 12.48 12.48
1999-08-24 13.5 13.57 13.0 13.0
1999-09-08 14.35 14.35 14.0 14.0
1999-09-09 15.6 15.6 14.3 14.3
1999-10-14 13.17 13.25 12.96 12.96
1999-10-15 13.73 13.73 13.09 13.09
1999-10-19 12.99 13.23 12.81 12.81
1999-10-26 13.08 13.25 12.7 12.7
1999-10-29 13.36 13.45 13.0 13.0
1999-12-08 11.9 12.07 11.7 11.7
1999-12-09 11.96 12.08 11.8 11.8
1999-12-15 12.05 12.3 12.0 12.0
1999-12-24 11.52 11.8 11.48 11.48
1999-12-27 11.8 11.86 11.53 11.53
1999-12-30 11.86 11.93 11.7 11.7
2000-01-24 16.01 16.06 14.4 14.4
2000-01-28 17.6 17.8 17.0 17.0
2000-03-13 21.14 21.2 20.7 20.7
2000-03-14 20.7 20.99 19.4 19.4
2000-03-17 20.48 20.8 19.6 19.6
2000-04-07 19.8 20.2 19.5 19.5
2000-05-18 20.35 20.38 19.15 19.15
2000-06-07 19.8 19.9 19.4 19.4
2000-06-28 14.24 14.35 14.0 14.0
2000-07-05 13.89 13.89 13.5 13.5
2000-07-21 14.2 14.25 14.0 14.0
2000-07-25 14.99 15.06 14.12 14.12
2000-07-26 15.75 15.75 15.0 15.0
2000-08-04 14.98 15.3 14.88 14.88
2000-08-11 14.5 14.61 14.2 14.2
2000-10-16 13.27 13.5 13.0 13.0
2000-10-17 13.59 13.59 13.3 13.3
2000-10-31 13.51 13.85 13.42 13.42
2000-11-28 14.65 14.85 14.38 14.38
2001-01-03 16.21 16.5 15.81 15.81
2001-01-05 16.75 16.8 16.28 16.28
2001-01-11 17.19 17.19 16.85 16.85
2001-02-14 15.6 15.78 15.35 15.35
2001-02-27 16.16 16.2 15.85 15.85
2001-03-15 17.22 17.48 16.98 16.98
2001-07-05 12.89 14.0 12.75 12.75
2001-09-20 9.3 9.36 8.9 8.9
2001-09-21 9.44 9.54 9.2 9.2
2001-09-25 9.55 9.67 9.35 9.35
2001-09-28 9.5 9.58 9.2 9.2
2001-10-23 9.52 9.52 8.7 8.7
2001-11-05 9.25 9.34 9.05 9.05
2001-11-12 9.1 9.2 9.0 9.0
2001-11-28 9.17 9.28 9.1 9.1
2001-11-29 9.4 9.58 9.1 9.1
2001-12-03 9.48 9.68 9.4 9.4
2001-12-26 8.91 8.94 8.73 8.73
2002-01-22 6.72 6.91 6.51 6.51
2002-01-30 6.4 6.5 6.2 6.2
2002-02-07 7.18 7.23 6.96 6.96
2002-03-25 8.46 8.54 8.33 8.33
2002-04-03 7.85 7.9 7.7 7.7
2002-04-12 8.29 8.43 8.25 8.25
2002-05-09 9.12 9.14 8.75 8.75
2002-05-14 9.29 9.48 9.02 9.02
2002-05-22 9.37 9.4 9.02 9.02
2002-05-23 9.58 9.7 9.35 9.35
2002-06-14 9.16 9.27 9.1 9.1
2002-07-16 10.07 10.12 10.0 10.0
2002-08-14 9.39 9.47 9.25 9.25
2002-08-15 9.42 9.55 9.35 9.35
2002-08-19 9.32 9.44 9.3 9.3
2002-08-20 9.53 9.55 9.33 9.33
2002-08-27 9.39 9.49 9.31 9.31
2002-09-17 9.28 9.35 9.13 9.13
2002-10-16 8.3 8.45 8.28 8.28
2002-10-31 8.28 8.38 8.15 8.15
2002-11-25 7.29 7.35 7.18 7.18
2002-12-12 7.85 7.95 7.8 7.8
2002-12-20 8.18 8.3 7.85 7.85
2002-12-31 7.91 8.15 7.72 7.72
2003-01-03 7.8 7.94 7.7 7.7
2003-01-08 8.0 8.08 7.71 7.71
2003-02-11 8.46 8.5 8.38 8.38
2003-02-24 8.1 8.3 8.05 8.05
2003-02-25 8.28 8.32 8.1 8.1
2003-03-07 8.18 8.34 8.12 8.12
2003-03-26 8.36 8.45 8.3 8.3
2003-04-10 8.7 8.75 8.16 8.16
2003-04-16 9.08 9.35 8.85 8.85
2003-04-30 9.02 9.14 8.85 8.85
2003-05-12 9.17 9.25 8.99 8.99
2003-05-21 9.15 9.25 9.0 9.0
2003-05-28 9.21 9.3 8.85 8.85
2003-07-01 8.65 8.7 8.55 8.55
2003-07-23 8.19 8.28 8.09 8.09
2003-08-26 8.35 8.39 8.2 8.2
2003-10-22 7.59 7.8 7.53 7.53
2003-11-07 6.38 6.47 6.21 6.21
2003-11-11 6.34 6.53 6.28 6.28
2003-11-25 6.6 6.85 6.41 6.41
2003-11-27 6.56 6.7 6.49 6.49
2003-12-11 5.56 5.85 5.2 5.2
2003-12-12 5.86 6.04 5.59 5.59
2003-12-24 5.0 5.25 4.75 4.75
2004-02-03 6.05 6.09 5.64 5.64
2004-02-27 5.76 5.82 5.66 5.66
2004-03-10 5.65 5.66 5.5 5.5
2004-03-19 6.02 6.05 5.75 5.75
2004-03-29 6.0 6.06 5.95 5.95
2004-03-31 6.09 6.1 5.95 5.95
2004-04-02 6.24 6.26 6.09 6.09
2004-06-21 4.61 4.62 4.52 4.52
2004-07-01 4.39 4.41 4.23 4.23
2004-07-19 4.74 4.81 4.41 4.41
2004-08-13 4.21 4.25 4.19 4.19
2004-08-23 3.81 3.85 3.61 3.61
2004-08-24 4.02 4.17 3.81 3.81
2004-09-02 4.02 4.04 3.9 3.9
2004-09-10 3.92 3.95 3.83 3.83
2004-09-14 4.06 4.08 3.93 3.93
2004-09-15 4.28 4.4 4.05 4.05
2004-09-22 4.6 4.62 4.48 4.48
2004-11-12 3.99 4.06 3.93 3.93
2004-11-26 4.02 4.07 4.0 4.0
2004-12-08 4.19 4.23 4.1 4.1
2004-12-27 3.91 3.97 3.86 3.86
2005-01-10 3.81 3.84 3.75 3.75
2005-02-02 3.83 3.85 3.66 3.66
2005-02-21 3.96 3.99 3.92 3.92
2005-02-22 4.06 4.08 3.95 3.95
2005-03-24 3.5 3.5 3.42 3.42
2005-04-06 3.01 3.05 2.92 2.92
2005-05-13 2.5 2.51 2.38 2.38
2005-06-03 2.43 2.48 2.41 2.41
2005-06-08 2.64 2.65 2.45 2.45
2005-06-29 2.51 2.56 2.5 2.5
2005-07-19 1.88 1.89 1.81 1.81
2005-07-22 1.96 1.99 1.89 1.89
2005-07-26 1.99 1.99 1.93 1.93
2005-08-01 2.01 2.01 1.99 1.99
2005-08-05 2.17 2.18 2.11 2.11
2005-08-11 2.62 2.62 2.43 2.43
2005-08-22 2.46 2.52 2.41 2.41
2005-09-01 2.63 2.65 2.59 2.59
2005-09-20 2.88 2.92 2.82 2.82
2005-09-29 2.34 2.35 2.26 2.26
2005-10-31 2.1 2.11 2.03 2.03
2005-11-02 2.14 2.16 2.08 2.08
2005-11-04 2.2 2.24 2.1 2.1
2005-11-17 2.32 2.36 2.28 2.28
2005-11-18 2.37 2.38 2.31 2.31
2005-11-24 2.33 2.36 2.32 2.32
2005-12-06 2.14 2.18 2.1 2.1
2005-12-12 2.3 2.31 2.18 2.18
2006-01-17 2.49 2.5 2.43 2.43
2006-02-06 2.32 2.33 2.27 2.27
2006-02-10 2.35 2.36 2.32 2.32
2006-03-06 2.77 2.81 2.75 2.75
2006-03-13 2.59 2.62 2.52 2.52
2006-03-29 2.61 2.65 2.61 2.61
2006-04-17 2.55 2.6 2.5 2.5
2006-04-28 2.16 2.2 2.1 2.1
2006-05-17 2.66 2.72 2.46 2.46
2006-05-26 2.78 2.85 2.72 2.72
2006-06-20 3.31 3.39 3.22 3.22
2006-08-21 2.75 2.77 2.6 2.6
2006-09-04 2.79 2.86 2.71 2.71
2006-09-13 2.92 3.0 2.91 2.91
2006-09-14 3.01 3.15 2.92 2.92
2006-09-18 3.04 3.07 2.98 2.98
2006-09-22 3.08 3.18 3.05 3.05
2006-09-29 3.34 3.42 3.29 3.29
2006-10-13 3.28 3.34 3.23 3.23
2006-10-16 3.34 3.39 3.27 3.27
2006-10-19 3.42 3.57 3.36 3.36
2006-10-24 3.18 3.2 3.11 3.11
2006-10-26 3.16 3.32 3.1 3.1
2006-11-09 2.87 2.92 2.8 2.8
2006-11-15 2.76 2.79 2.66 2.66
2006-11-17 2.94 3.02 2.73 2.73
2006-11-29 2.84 2.86 2.8 2.8
2006-12-05 3.09 3.16 2.93 2.93
2007-01-10 3.14 3.14 3.14 3.14
2007-01-11 3.3 3.3 3.3 3.3
2007-04-25 8.38 10.87 5.62 5.62
2007-04-26 7.54 7.98 7.54 7.54
2007-06-01 6.43 6.43 6.43 6.43
2007-06-04 6.11 6.11 6.11 6.11
2007-06-05 5.8 5.8 5.8 5.8
2007-06-06 5.51 5.89 5.51 5.51
2007-06-13 5.13 5.19 4.73 4.73
2007-06-18 4.69 4.82 4.61 4.61
2007-06-26 4.14 4.2 4.14 4.14
2007-07-02 3.65 3.74 3.65 3.65
2007-07-25 4.0 4.03 3.9 3.9
2007-08-09 4.15 4.23 4.05 4.05
2007-08-22 5.66 5.66 5.66 5.66
2007-08-23 5.94 5.94 5.94 5.94
2007-08-27 5.93 5.93 5.37 5.37
2007-09-20 5.72 5.72 5.45 5.45
2008-01-30 6.55 6.55 6.55 6.55
2008-01-31 6.88 6.88 6.88 6.88
2008-02-01 7.22 7.22 7.22 7.22
2008-02-04 7.58 7.58 7.58 7.58
2008-02-05 7.96 7.96 7.96 7.96
2008-02-13 8.36 8.36 8.36 8.36
2008-02-14 8.78 8.78 8.78 8.78
2008-02-15 9.22 9.22 9.22 9.22
2008-04-03 6.13 6.33 6.13 6.13
2008-04-10 6.3 6.35 6.0 6.0
2008-04-22 5.2 5.46 5.2 5.2
2008-04-30 6.26 6.26 6.26 6.26
2008-05-05 6.57 6.57 6.57 6.57
2008-05-06 6.9 6.9 6.9 6.9
2008-05-15 6.84 7.04 6.7 6.7
2008-05-29 6.9 7.18 6.83 6.83
2008-06-11 5.52 5.73 5.52 5.52
2008-06-25 4.88 4.88 4.48 4.48
2008-07-09 4.49 4.49 4.3 4.3
2008-07-21 4.57 4.57 4.35 4.35
2008-07-30 4.73 4.73 4.73 4.73
2008-07-31 4.49 4.49 4.49 4.49
2008-08-01 4.55 4.7 4.27 4.27
2008-08-27 2.84 2.96 2.81 2.81
2008-09-09 2.85 2.97 2.85 2.85
2008-09-12 2.48 2.6 2.48 2.48
2008-09-22 2.53 2.53 2.53 2.53
2008-10-10 2.21 2.26 2.21 2.21
2008-10-22 2.07 2.15 2.06 2.06
2008-10-28 1.94 1.95 1.91 1.91
2008-11-03 1.74 1.74 1.65 1.65
2008-11-10 1.83 1.83 1.74 1.74
2008-11-20 2.03 2.08 1.99 1.99
2008-12-19 2.63 2.63 2.5 2.5
2009-01-07 2.4 2.47 2.29 2.29
2009-01-12 2.27 2.32 2.25 2.25
2009-02-04 2.54 2.56 2.47 2.47
2009-03-04 2.96 2.98 2.8 2.8
2009-04-03 3.67 3.8 3.62 3.62
2009-04-07 3.75 3.79 3.63 3.63
2009-04-08 3.8 3.9 3.7 3.7
2009-04-13 4.05 4.05 3.88 3.88
2009-04-15 4.22 4.29 4.05 4.05
2009-05-04 4.26 4.26 4.26 4.26
2009-05-05 4.47 4.47 4.47 4.47
2009-05-21 5.42 5.42 5.42 5.42
2009-05-22 5.48 5.69 5.15 5.15
2009-06-16 5.21 5.21 5.21 5.21
2009-06-17 4.95 4.95 4.95 4.95
2009-06-18 4.92 5.13 4.7 4.7
2009-07-06 4.89 4.94 4.76 4.76
2009-07-27 5.85 5.9 5.72 5.72
2009-08-03 5.73 5.79 5.59 5.59
2009-08-14 5.36 5.36 5.15 5.15
2009-08-21 5.76 6.16 5.61 5.61
2009-08-26 5.77 5.83 5.58 5.58
2009-09-01 5.42 5.57 5.42 5.42
2009-09-14 6.32 6.32 6.02 6.02
2009-09-28 6.07 6.23 5.92 5.92
2009-10-09 6.09 6.1 5.84 5.84
2009-10-21 6.28 6.34 6.22 6.22
2009-10-28 6.05 6.06 5.88 5.88
2009-11-04 5.98 6.09 5.91 5.91
2009-11-12 6.17 6.25 6.0 6.0
2009-11-30 6.08 6.09 5.94 5.94
2009-12-02 6.44 6.52 6.31 6.31
2009-12-24 5.82 5.87 5.72 5.72
2010-01-29 5.53 5.61 5.5 5.5
2010-02-12 5.88 5.88 5.66 5.66
2010-02-23 6.06 6.06 5.77 5.77
2010-04-01 7.01 7.05 6.91 6.91
2010-04-09 7.54 7.59 7.41 7.41
2010-04-21 6.99 7.02 6.81 6.81
2010-04-22 7.34 7.34 6.93 6.93
2010-04-29 6.8 7.02 6.75 6.75
2010-05-24 6.35 6.4 6.11 6.11
2010-05-27 6.56 6.56 6.25 6.25
2010-06-09 6.48 6.51 6.38 6.38
2010-06-23 6.31 6.35 6.22 6.22
2010-06-24 6.45 6.54 6.26 6.26
2010-07-14 5.35 5.35 5.18 5.18
2010-07-28 6.05 6.15 5.91 5.91
2010-07-30 6.04 6.14 5.99 5.99
2010-08-05 6.25 6.34 6.17 6.17
2010-08-12 6.18 6.24 6.12 6.12
2010-08-13 6.49 6.49 6.1 6.1
2010-09-06 6.78 6.85 6.6 6.6
2010-09-07 6.86 6.92 6.71 6.71
2010-09-10 6.68 6.72 6.58 6.58
2010-09-13 7.01 7.01 6.65 6.65
2010-09-27 6.89 7.1 6.83 6.83
2010-09-30 7.0 7.0 6.65 6.65
2011-03-15 7.72 7.72 7.72 7.72
2011-03-16 8.11 8.11 8.11 8.11
2011-03-17 8.52 8.52 8.52 8.52
2011-03-18 8.95 8.95 8.95 8.95
2011-03-21 9.4 9.4 9.4 9.4
2011-03-22 9.87 9.87 9.87 9.87
2011-03-23 10.36 10.36 10.36 10.36
2011-03-24 10.88 10.88 10.88 10.88
2011-03-25 11.42 11.42 11.42 11.42
2011-04-12 11.12 11.34 11.0 11.0
2011-05-03 9.31 9.32 9.07 9.07
2011-05-13 9.03 9.1 8.78 8.78
2011-05-20 9.33 9.4 9.01 9.01
2011-05-26 8.83 9.15 8.75 8.75
2011-06-14 8.48 8.54 8.33 8.33
2011-07-14 9.32 9.32 8.88 8.88
2011-08-04 8.61 8.66 8.51 8.51
2011-08-15 8.07 8.14 7.93 7.93
2011-08-25 8.47 8.62 8.4 8.4
2011-09-07 8.18 8.19 8.02 8.02
2011-09-16 8.23 8.23 7.81 7.81
2011-11-04 9.88 9.97 9.59 9.59
2012-01-17 8.59 8.66 8.18 8.18
2012-02-10 9.2 9.2 8.7 8.7
2012-02-15 9.14 9.22 8.96 8.96
2012-03-02 9.72 9.98 9.43 9.43
2012-03-19 9.82 9.86 9.54 9.54
2012-04-10 8.19 8.32 7.98 7.98
2012-04-27 8.14 8.25 8.02 8.02
2012-06-19 7.63 7.72 7.58 7.58
2012-07-03 6.65 6.72 6.59 6.59
2012-08-01 6.65 6.76 6.49 6.49
2012-08-17 6.96 7.08 6.79 6.79
2012-09-05 7.07 7.16 6.92 6.92
2012-10-18 6.92 6.95 6.8 6.8
2012-10-29 6.59 6.63 6.53 6.53
2012-11-01 6.71 6.73 6.6 6.6
2012-11-30 5.47 5.75 5.23 5.23
2012-12-26 6.04 6.06 5.93 5.93
2013-01-18 6.48 6.53 6.26 6.26
2013-03-20 6.38 6.45 6.19 6.19
2013-03-27 6.92 6.94 6.62 6.62
2013-04-24 6.27 6.35 6.04 6.04
2013-05-08 6.38 6.38 6.25 6.25
2013-05-31 6.74 6.95 6.7 6.7
2013-09-12 8.07 8.26 7.89 7.89
2013-09-18 8.9 8.97 8.25 8.25
2013-11-29 7.83 7.88 7.69 7.69
2013-12-03 7.72 7.75 7.33 7.33
2013-12-18 7.67 7.85 7.58 7.58
2013-12-24 7.4 7.48 7.11 7.11
2014-02-17 9.07 9.19 8.53 8.53
2014-04-09 8.74 8.85 8.5 8.5
2014-04-17 8.79 8.92 8.76 8.76
2014-05-22 8.2 8.33 8.17 8.17
2014-09-29 10.32 10.32 9.99 9.99
2014-10-28 9.33 9.34 9.15 9.15
2014-11-19 9.16 9.2 9.06 9.06
2015-01-13 8.57 8.68 8.42 8.42
2015-03-16 10.93 11.1 10.78 10.78
2015-03-23 12.64 12.64 11.6 11.6
2015-04-10 13.86 14.09 13.5 13.5
2015-04-21 13.29 13.37 12.53 12.53
2015-05-22 16.55 16.8 15.85 15.85
2015-06-01 16.22 16.26 15.4 15.4
2015-07-08 7.44 8.05 7.44 7.44
2015-07-09 8.18 8.18 7.3 7.3
2015-07-13 9.9 9.9 9.9 9.9
2015-08-07 10.31 10.34 9.97 9.97
2015-09-24 8.31 8.37 8.14 8.14
2015-12-15 10.91 10.98 10.77 10.77
2016-02-02 7.59 7.73 7.35 7.35
2016-02-16 8.06 8.08 7.69 7.69
2016-03-07 7.37 7.46 7.29 7.29
2016-04-29 7.51 7.61 7.4 7.4
2016-05-09 8.19 8.24 8.01 8.01
2016-05-19 8.19 8.39 8.1 8.1
2016-06-28 8.46 8.47 8.24 8.24
2016-07-11 8.58 8.75 8.56 8.56
2016-08-26 8.94 9.04 8.84 8.84
2016-09-30 8.42 8.48 8.36 8.36
2016-11-10 8.88 8.92 8.79 8.79
2016-11-14 9.03 9.03 8.88 8.88
2016-12-01 9.1 9.14 9.0 9.0
2017-02-16 8.54 8.59 8.48 8.48
2017-02-22 8.76 8.82 8.63 8.63
2017-04-05 8.47 8.51 8.32 8.32
2017-04-06 8.54 8.56 8.45 8.45
2017-06-29 7.5 7.58 7.45 7.45
2017-07-07 7.6 7.61 7.45 7.45
2017-07-24 7.3 7.32 7.15 7.15
2017-07-27 7.48 7.52 7.26 7.26
2017-08-14 7.31 7.32 7.18 7.18
2017-08-21 7.48 7.51 7.4 7.4
