1997-07-11 22.0 22.0 21.01 21.01
1997-07-17 22.6 22.75 22.24 22.24
1997-08-04 22.28 22.5 22.1 22.1
1997-08-18 20.87 20.97 20.2 20.2
1997-08-21 21.0 21.03 20.8 20.8
1997-08-25 21.45 21.5 21.3 21.3
1997-09-05 21.87 21.9 21.6 21.6
1997-09-11 14.9 15.36 14.8 14.8
1997-09-16 14.08 14.22 14.0 14.0
1997-09-19 14.16 14.22 14.08 14.08
1997-10-23 15.0 15.18 14.6 14.6
1997-11-24 16.17 16.5 16.05 16.05
1997-11-27 16.8 17.35 16.6 16.6
1997-11-28 17.75 17.8 16.7 16.7
1997-12-04 17.89 18.0 17.1 17.1
1997-12-05 17.8 18.0 17.6 17.6
1997-12-09 18.15 18.6 17.68 17.68
1997-12-15 19.65 19.8 18.5 18.5
1997-12-16 19.8 19.87 19.4 19.4
1997-12-29 19.8 20.16 19.45 19.45
1997-12-30 20.0 20.0 19.81 19.81
1997-12-31 20.8 20.8 20.0 20.0
1998-01-21 21.9 22.0 20.95 20.95
1998-02-13 20.65 20.8 20.15 20.15
1998-03-12 20.1 20.3 19.8 19.8
1998-03-20 20.6 20.6 20.3 20.3
1998-03-30 23.84 23.84 21.87 21.87
1998-03-31 24.65 24.98 24.0 24.0
1998-05-08 17.0 17.2 16.1 16.1
1998-06-03 17.7 17.75 17.5 17.5
1998-07-03 17.7 17.75 17.1 17.1
1998-08-19 13.95 14.0 13.1 13.1
1998-08-25 14.7 14.8 14.3 14.3
1998-09-29 14.55 14.68 14.35 14.35
1998-09-30 14.88 14.91 14.5 14.5
1998-10-14 14.55 14.6 14.4 14.4
1998-10-15 14.7 14.8 14.5 14.5
1998-10-16 14.81 15.0 14.6 14.6
1998-10-19 14.78 15.03 14.7 14.7
1998-10-28 13.8 13.87 13.52 13.52
1998-11-02 13.93 13.97 13.66 13.66
1998-11-09 14.63 14.74 14.2 14.2
1998-11-17 14.55 14.65 14.3 14.3
1998-11-18 14.79 14.87 14.55 14.55
1998-12-09 13.85 14.0 13.8 13.8
1999-01-04 12.77 13.0 12.55 12.55
1999-01-06 12.65 12.81 12.56 12.56
1999-03-09 13.23 13.39 12.85 12.85
1999-03-29 12.93 13.0 12.8 12.8
1999-04-01 12.82 12.94 12.67 12.67
1999-05-06 11.67 11.75 11.48 11.48
1999-05-21 11.83 12.15 11.7 11.7
1999-06-04 11.54 11.65 11.43 11.43
1999-06-07 12.16 12.19 11.55 11.55
1999-06-16 13.49 13.5 12.8 12.8
1999-06-17 14.61 14.65 13.75 13.75
1999-06-21 15.18 15.31 14.45 14.45
1999-06-28 17.0 17.0 15.8 15.8
1999-07-23 15.09 15.55 14.85 14.85
1999-07-26 14.49 14.8 14.08 14.08
1999-07-27 14.81 15.0 14.5 14.5
1999-08-12 15.02 15.5 14.9 14.9
1999-08-16 15.6 15.68 15.2 15.2
1999-08-19 16.3 16.38 15.7 15.7
1999-08-20 16.78 17.07 16.3 16.3
1999-09-09 18.17 18.3 17.2 17.2
1999-09-22 18.6 18.8 18.26 18.26
1999-09-24 19.29 19.6 18.3 18.3
1999-10-15 17.46 17.46 16.5 16.5
1999-10-22 17.1 17.56 16.4 16.4
1999-12-30 14.4 14.75 14.1 14.1
2000-01-04 14.81 14.88 14.38 14.38
2000-01-07 16.55 16.7 15.55 15.55
2000-02-28 17.2 17.4 16.15 16.15
2000-03-08 17.15 17.35 16.75 16.75
2000-03-17 16.89 17.59 15.9 15.9
2000-03-20 17.46 17.56 16.5 16.5
2000-05-18 17.49 17.59 17.11 17.11
2000-05-30 18.15 18.6 18.0 18.0
2000-05-31 18.1 18.32 18.01 18.01
2000-06-15 17.74 17.8 17.6 17.6
2000-06-20 18.71 19.3 18.0 18.0
2000-07-18 18.51 18.66 18.34 18.34
2000-10-18 15.3 15.3 15.0 15.0
2000-10-20 15.44 15.45 15.15 15.15
2000-10-23 15.85 15.94 15.5 15.5
2000-10-30 15.44 15.58 15.3 15.3
2000-11-02 15.71 15.92 15.65 15.65
2000-11-13 16.43 16.72 16.25 16.25
2000-11-22 16.65 16.77 16.28 16.28
2000-11-23 16.75 17.06 16.65 16.65
2000-11-28 16.16 16.18 15.94 15.94
2000-12-07 15.9 16.0 15.81 15.81
2000-12-18 16.0 16.09 15.8 15.8
2000-12-25 16.43 16.48 16.39 16.39
2001-01-10 17.42 17.48 17.0 17.0
2001-02-22 16.3 16.4 16.2 16.2
2001-03-08 16.97 17.11 16.74 16.74
2001-03-20 16.6 16.74 16.4 16.4
2001-04-12 17.25 17.5 16.9 16.9
2001-04-30 17.1 17.15 16.95 16.95
2001-05-14 17.39 17.39 16.95 16.95
2001-06-05 17.03 17.16 16.82 16.82
2001-06-06 17.41 17.58 17.05 17.05
2001-06-11 17.38 17.51 17.2 17.2
2001-06-25 17.36 17.5 17.15 17.15
2001-07-12 16.91 17.08 16.88 16.88
2001-08-10 15.41 15.5 15.25 15.25
2001-08-28 15.09 15.09 14.75 14.75
2001-09-13 14.9 15.19 14.89 14.89
2001-09-28 14.77 14.97 14.5 14.5
2001-10-29 13.16 13.16 12.9 12.9
2001-11-13 12.18 12.3 12.01 12.01
2001-11-14 12.39 12.5 12.2 12.2
2001-11-23 13.5 13.7 13.28 13.28
2001-11-27 13.49 13.51 13.36 13.36
2001-11-30 13.73 13.77 13.66 13.66
2001-12-14 13.26 13.38 13.21 13.21
2001-12-18 13.61 13.66 13.34 13.34
2001-12-21 13.88 13.9 13.05 13.05
2002-01-31 12.39 12.5 11.7 11.7
2002-02-07 12.53 12.69 12.28 12.28
2002-02-27 12.58 12.62 12.5 12.5
2002-03-07 13.4 13.4 12.9 12.9
2002-03-25 13.67 13.8 13.55 13.55
2002-04-12 13.4 13.81 13.3 13.3
2002-05-09 13.15 13.15 13.05 13.05
2002-05-21 12.54 12.68 12.31 12.31
2002-06-21 12.46 12.7 12.02 12.02
2002-07-23 12.94 12.99 12.88 12.88
2002-09-25 12.75 12.84 12.7 12.7
2002-10-10 11.91 12.09 11.86 11.86
2002-11-05 11.67 11.8 11.5 11.5
2003-01-13 10.42 10.59 10.25 10.25
2003-01-22 10.53 10.69 10.43 10.43
2003-02-14 11.02 11.2 10.94 10.94
2003-02-25 11.29 11.3 11.0 11.0
2003-03-14 10.5 10.57 10.41 10.41
2003-03-17 10.67 10.68 10.5 10.5
2003-03-19 10.6 10.6 10.4 10.4
2003-03-24 10.95 11.03 10.7 10.7
2003-03-26 10.89 10.96 10.82 10.82
2003-04-23 12.07 12.23 12.0 12.0
2003-05-29 12.68 12.68 12.38 12.38
2003-06-10 12.43 12.45 12.32 12.32
2003-07-01 12.27 12.34 12.2 12.2
2003-07-10 12.79 12.8 12.57 12.57
2003-08-25 12.69 13.0 12.46 12.46
2003-09-03 12.72 12.78 12.59 12.59
2003-10-24 12.17 12.2 12.12 12.12
2003-11-03 12.13 12.19 12.03 12.03
2003-11-11 12.35 12.49 12.25 12.25
2003-12-22 12.55 12.56 12.3 12.3
2003-12-23 12.7 12.9 12.55 12.55
2003-12-29 12.77 12.87 12.58 12.58
2004-01-06 12.96 12.98 12.62 12.62
2004-01-16 12.77 12.78 12.5 12.5
2004-01-29 13.46 13.57 12.77 12.77
2004-02-02 13.78 14.0 13.35 13.35
2004-02-09 13.41 13.51 13.35 13.35
2004-03-01 13.39 13.45 13.0 13.0
2004-03-11 12.92 13.1 12.8 12.8
2004-03-23 13.05 13.05 12.93 12.93
2004-03-29 13.2 13.38 13.18 13.18
2004-03-31 13.45 13.48 13.25 13.25
2004-04-28 12.03 12.09 11.75 11.75
2004-06-17 9.69 9.84 9.62 9.62
2004-07-06 9.81 9.9 9.5 9.5
2004-12-14 7.31 7.38 7.21 7.21
2005-03-09 7.81 7.83 7.61 7.61
2005-03-25 7.07 7.11 6.93 6.93
2005-04-27 6.85 7.0 6.84 6.84
2005-05-11 6.86 6.95 6.8 6.8
2005-05-26 6.88 7.38 6.8 6.8
2005-07-05 5.6 5.62 5.53 5.53
2005-08-05 4.18 4.19 4.03 4.03
2005-08-24 4.18 4.24 4.12 4.12
2005-08-31 4.16 4.27 3.82 3.82
2005-09-22 4.61 4.75 4.52 4.52
2005-09-29 4.29 4.31 4.22 4.22
2005-10-20 4.4 4.54 4.33 4.33
2005-11-14 4.01 4.06 3.85 3.85
2005-11-18 4.12 4.13 3.98 3.98
2005-11-21 4.13 4.18 4.1 4.1
2005-11-24 4.02 4.03 3.95 3.95
2005-12-19 3.61 3.62 3.51 3.51
2005-12-23 3.62 3.63 3.55 3.55
2006-01-13 3.83 3.83 3.75 3.75
2006-01-16 3.66 3.73 3.6 3.6
2006-01-20 3.59 3.61 3.52 3.52
2006-02-06 3.58 3.59 3.46 3.46
2006-02-15 4.0 4.07 3.88 3.88
2006-02-22 3.81 3.95 3.8 3.8
2006-02-27 3.87 3.92 3.84 3.84
2006-03-14 3.62 3.65 3.58 3.58
2006-03-21 3.66 3.67 3.6 3.6
2006-03-28 3.69 3.69 3.62 3.62
2006-03-29 3.75 3.82 3.69 3.69
2006-04-03 3.9 3.95 3.81 3.81
2006-04-11 3.91 3.96 3.83 3.83
2006-04-14 3.81 3.81 3.75 3.75
2006-04-18 3.8 3.83 3.79 3.79
2006-04-26 3.91 3.98 3.66 3.66
2006-05-08 4.25 4.3 4.01 4.01
2006-05-12 4.4 4.42 4.23 4.23
2006-06-01 5.83 5.83 5.3 5.3
2006-06-29 5.58 5.64 5.48 5.48
2006-07-24 5.96 6.01 5.63 5.63
2006-08-10 5.51 5.57 5.36 5.36
2006-09-29 5.56 5.6 5.42 5.42
2006-11-16 5.31 5.38 5.22 5.22
2006-12-11 5.17 5.18 5.05 5.05
2006-12-14 5.22 5.29 5.17 5.17
2007-01-18 5.78 5.78 5.78 5.78
2007-01-19 6.07 6.07 6.07 6.07
2007-01-22 6.37 6.37 6.37 6.37
2007-02-28 6.44 6.49 6.05 6.05
2007-03-07 6.27 6.29 6.11 6.11
2007-03-13 6.63 6.65 6.41 6.41
2007-03-22 7.44 7.44 6.89 6.89
2007-04-02 7.24 7.25 7.0 7.0
2007-04-20 7.9 7.98 7.58 7.58
2007-04-23 8.38 8.52 7.93 7.93
2007-05-08 7.51 7.69 7.51 7.51
2007-05-09 7.88 7.89 7.22 7.22
2007-05-30 9.6 10.3 9.6 9.6
2007-05-31 9.12 9.3 9.12 9.12
2007-06-01 8.66 8.91 8.66 8.66
2007-06-04 8.23 8.23 8.23 8.23
2007-06-05 7.82 7.82 7.82 7.82
2007-06-06 7.43 7.8 7.43 7.43
2007-06-08 7.52 7.63 7.33 7.33
2007-06-13 7.37 7.37 7.05 7.05
2007-06-25 7.62 7.78 7.62 7.62
2007-06-26 7.24 7.24 7.24 7.24
2007-06-27 6.89 7.05 6.88 6.88
2007-06-29 6.22 6.28 6.22 6.22
2007-07-02 5.91 6.08 5.91 5.91
2007-07-23 6.21 6.21 6.03 6.03
2007-08-20 6.75 6.75 6.57 6.57
2007-08-30 7.08 7.08 6.77 6.77
2007-09-17 7.89 8.02 7.63 7.63
2007-09-24 8.19 8.19 7.83 7.83
2007-10-23 9.32 9.32 8.87 8.87
2007-12-19 8.68 8.68 8.5 8.5
2008-02-27 9.75 9.75 9.26 9.26
2008-03-03 9.98 10.1 9.82 9.82
2008-04-14 6.98 7.33 6.67 6.67
2008-05-21 7.46 7.46 6.58 6.58
2008-07-24 5.91 5.95 5.8 5.8
2008-08-29 4.83 4.89 4.7 4.7
2008-09-12 4.26 4.48 4.2 4.2
2008-11-10 3.76 3.78 3.58 3.58
2008-11-13 3.9 3.94 3.69 3.69
2008-11-28 4.0 4.06 3.95 3.95
2009-01-05 4.6 4.65 4.4 4.4
2009-01-09 4.5 4.63 4.4 4.4
2009-01-14 4.65 4.7 4.36 4.36
2009-02-06 5.01 5.02 4.82 4.82
2009-03-02 4.8 4.83 4.6 4.6
2009-03-27 5.48 5.64 5.4 5.4
2009-04-28 5.56 5.57 5.42 5.42
2009-05-04 5.93 5.94 5.8 5.8
2009-05-22 6.28 6.34 6.15 6.15
2009-06-04 6.92 6.98 6.6 6.6
2009-08-20 6.49 6.52 6.25 6.25
2009-09-11 6.74 6.78 6.65 6.65
2009-09-17 7.1 7.1 6.89 6.89
2009-09-21 7.39 7.39 7.06 7.06
2009-10-19 7.01 7.03 6.86 6.86
2009-11-06 7.84 7.94 7.7 7.7
2009-11-30 8.95 8.96 8.7 8.7
2009-12-08 9.2 9.24 8.98 8.98
2010-01-14 9.15 9.18 8.92 8.92
2010-02-11 9.18 9.22 9.06 9.06
2010-03-16 8.98 8.98 8.82 8.82
2010-03-24 9.11 9.21 9.05 9.05
2010-06-17 7.09 7.19 7.02 7.02
2010-06-21 6.96 6.99 6.71 6.71
2010-07-09 6.8 6.81 6.6 6.6
2010-08-06 7.33 7.34 7.2 7.2
2010-08-09 7.63 7.68 7.31 7.31
2010-08-23 7.5 7.54 7.41 7.41
2010-08-24 7.58 7.61 7.46 7.46
2010-10-08 8.33 8.53 8.19 8.19
2010-10-12 8.74 8.79 8.42 8.42
2010-10-27 10.64 10.93 10.35 10.35
2010-11-11 14.99 15.15 14.21 14.21
2010-12-21 14.3 14.45 14.19 14.19
2010-12-29 13.04 13.08 12.34 12.34
2011-01-28 12.79 12.86 12.33 12.33
2011-02-18 14.48 14.5 13.74 13.74
2011-03-16 16.32 16.63 15.92 15.92
2011-03-18 16.51 16.66 16.15 16.15
2011-03-21 18.16 18.16 16.5 16.5
2011-04-07 18.01 18.38 17.7 17.7
2011-04-08 18.71 18.8 17.85 17.85
2011-04-18 20.14 20.2 19.15 19.15
2011-04-21 20.8 21.0 20.35 20.35
2011-04-27 20.52 21.2 20.0 20.0
2011-04-29 19.4 19.75 19.06 19.06
2011-05-10 20.08 20.08 18.58 18.58
2011-06-01 16.66 16.8 16.13 16.13
2011-06-03 16.62 16.72 16.16 16.16
2011-06-14 17.24 17.48 17.07 17.07
2011-06-23 15.65 15.75 15.03 15.03
2011-07-07 17.63 18.28 17.35 17.35
2011-07-13 18.47 18.58 18.1 18.1
2011-07-18 19.5 19.56 18.75 18.75
2011-08-04 17.35 17.45 17.1 17.1
2011-08-15 17.0 17.15 16.76 16.76
2011-08-29 18.15 18.28 17.77 17.77
2011-11-03 13.05 13.54 12.76 12.76
2011-11-04 13.5 13.88 13.05 13.05
2011-11-14 13.41 13.43 13.01 13.01
2011-12-28 8.8 8.82 8.51 8.51
2012-03-01 11.18 11.28 11.1 11.1
2012-03-08 11.28 11.29 10.76 10.76
2012-04-18 12.64 12.77 12.22 12.22
2012-06-13 12.39 12.42 11.82 11.82
2012-07-24 9.97 9.99 9.7 9.7
2012-08-01 9.35 9.45 9.24 9.24
2012-08-28 9.14 9.15 8.96 8.96
2012-08-30 9.43 9.46 9.15 9.15
2012-09-12 10.2 10.44 9.95 9.95
2012-10-18 9.6 9.6 9.33 9.33
2012-12-07 8.14 8.27 7.55 7.55
2012-12-21 8.76 9.03 8.6 8.6
2013-01-17 10.08 10.46 9.77 9.77
2013-02-22 10.3 10.36 10.18 10.18
2013-02-27 11.52 11.58 10.73 10.73
2013-05-02 8.75 8.83 8.66 8.66
2013-05-03 9.09 9.15 8.8 8.8
2013-05-06 9.19 9.27 9.1 9.1
2013-05-29 10.47 10.66 10.1 10.1
2013-07-15 9.03 9.1 8.87 8.87
2013-07-23 8.89 8.94 8.67 8.67
2013-08-01 8.52 8.56 8.41 8.41
2013-09-18 8.78 8.82 8.72 8.72
2013-10-14 9.02 9.08 8.9 8.9
2013-12-27 8.63 8.66 8.49 8.49
2014-01-22 7.93 7.97 7.74 7.74
2014-01-24 7.97 7.98 7.86 7.86
2014-02-10 8.17 8.2 7.96 7.96
2014-02-12 8.19 8.26 8.15 8.15
2014-02-14 8.19 8.19 8.08 8.08
2014-03-13 8.38 8.45 8.16 8.16
2014-03-17 8.23 8.27 8.07 8.07
2014-04-10 8.17 8.21 8.08 8.08
2014-05-09 7.57 7.59 7.5 7.5
2014-06-16 7.77 7.81 7.56 7.56
2014-08-13 8.38 8.55 8.26 8.26
2014-08-18 8.44 8.54 8.25 8.25
2014-09-24 8.73 8.74 8.58 8.58
2014-10-28 8.51 8.51 8.31 8.31
2014-11-05 8.95 9.17 8.9 8.9
2014-12-24 9.41 9.54 9.28 9.28
2015-01-26 10.18 10.19 9.82 9.82
2015-02-09 9.39 9.45 9.28 9.28
2015-02-16 9.62 9.62 9.51 9.51
2015-03-04 10.01 10.1 9.73 9.73
2015-03-13 10.11 10.13 10.0 10.0
2015-03-23 10.98 11.17 10.87 10.87
2015-04-13 11.81 12.08 11.57 11.57
2015-05-12 13.54 13.69 13.02 13.02
2015-06-24 16.17 16.35 15.37 15.37
2015-07-08 7.43 7.78 7.43 7.43
2015-08-07 11.86 11.99 11.24 11.24
2015-08-25 9.3 9.53 9.3 9.3
2015-09-07 10.41 10.88 10.1 10.1
2015-09-08 11.17 11.29 10.42 10.42
2015-09-15 10.13 10.59 9.82 9.82
2015-09-16 11.14 11.14 10.08 10.08
2015-09-24 12.47 12.92 12.31 12.31
2015-10-08 12.57 12.58 12.15 12.15
2015-11-04 11.87 11.9 11.3 11.3
2015-11-24 13.75 13.77 13.42 13.42
2015-12-18 15.95 15.95 15.95 15.95
2016-01-05 13.3 13.35 12.27 12.27
2016-02-02 9.51 9.56 9.13 9.13
2016-02-04 10.06 10.3 9.51 9.51
2016-02-22 10.82 11.45 10.59 10.59
2016-02-26 11.06 11.06 11.06 11.06
2016-03-14 10.95 11.06 10.57 10.57
2016-04-05 11.57 11.65 11.15 11.15
2016-04-13 11.48 11.65 11.28 11.28
2016-05-19 10.82 10.85 10.2 10.2
2016-06-16 12.05 12.18 11.73 11.73
2016-06-30 12.09 12.1 11.85 11.85
2016-07-06 13.79 13.79 13.79 13.79
2016-07-12 13.32 13.33 12.96 12.96
2016-08-02 12.2 12.21 12.0 12.0
2016-08-03 12.27 12.38 12.13 12.13
2016-09-05 12.43 12.51 12.35 12.35
2016-09-21 12.19 12.24 12.06 12.06
2016-10-10 12.3 12.3 12.04 12.04
2016-10-11 12.32 12.35 12.23 12.23
2016-10-12 12.58 12.63 12.27 12.27
2016-11-11 13.19 13.28 12.93 12.93
2016-12-01 12.98 13.0 12.83 12.83
2016-12-19 11.82 11.84 11.64 11.64
2016-12-30 12.05 12.09 11.93 11.93
2017-02-06 11.52 11.53 11.36 11.36
2017-03-07 12.58 12.84 12.21 12.21
2017-03-16 12.11 12.18 12.02 12.02
2017-05-19 10.04 10.1 9.9 9.9
2017-06-07 9.69 9.71 9.5 9.5
2017-06-14 9.61 9.63 9.51 9.51
2017-08-28 10.43 10.44 10.3 10.3
