2003-09-19 11.76 11.81 11.66 11.66
2003-09-26 11.6 11.7 11.45 11.45
2003-10-09 11.3 11.47 11.26 11.26
2004-02-04 12.18 12.28 11.85 11.85
2004-02-09 11.93 11.94 11.73 11.73
2004-02-16 12.84 13.02 12.32 12.32
2004-02-19 14.04 14.33 13.12 13.12
2004-04-05 13.62 13.83 13.32 13.32
2004-04-08 13.83 13.97 13.36 13.36
2004-04-23 11.8 12.4 11.6 11.6
2004-08-25 8.39 8.41 8.3 8.3
2004-09-14 8.23 8.55 7.9 7.9
2004-09-15 8.72 8.93 8.22 8.22
2005-01-10 8.35 8.37 8.25 8.25
2005-01-12 8.46 8.48 8.38 8.38
2005-01-13 8.72 9.0 8.48 8.48
2005-02-16 8.0 8.15 7.93 7.93
2005-03-17 8.01 8.11 7.97 7.97
2005-05-19 6.1 6.2 6.05 6.05
2005-05-20 6.09 6.15 6.06 6.06
2005-05-24 6.1 6.12 5.85 5.85
2005-05-30 6.27 6.33 6.22 6.22
2006-10-13 9.51 9.82 9.29 9.29
2006-10-18 9.99 10.06 9.48 9.48
2007-01-05 11.6 11.82 10.88 10.88
2007-03-07 14.26 14.4 14.1 14.1
2007-03-13 14.66 14.69 14.26 14.26
2007-03-15 14.7 14.8 14.25 14.25
2007-03-30 14.45 14.63 14.33 14.33
2007-07-09 15.06 15.22 14.72 14.72
2007-07-24 16.85 17.6 16.18 16.18
2007-07-30 17.23 17.5 16.71 16.71
2007-12-05 18.1 18.21 17.52 17.52
2007-12-07 18.71 18.96 18.6 18.6
2007-12-14 20.53 20.56 19.01 19.01
2008-03-26 21.69 22.49 21.21 21.21
2008-08-29 8.5 8.69 8.26 8.26
2008-09-04 8.25 8.38 8.1 8.1
2008-09-12 7.74 7.87 7.7 7.7
2008-11-19 8.56 8.56 7.99 7.99
2009-01-09 10.42 10.48 10.19 10.19
2009-02-09 13.0 13.0 11.95 11.95
2009-03-23 17.0 17.23 16.13 16.13
2009-04-21 20.57 20.57 20.57 20.57
2009-06-01 19.01 19.31 18.8 18.8
2009-06-29 20.72 21.3 19.91 19.91
2009-07-06 20.38 20.7 20.02 20.02
2009-07-07 22.42 22.42 20.95 20.95
2009-08-10 24.68 24.98 23.85 23.85
2010-06-24 30.0 30.36 29.39 29.39
2010-11-01 32.83 33.16 32.0 32.0
2010-11-29 40.36 40.88 37.7 37.7
2011-02-14 35.98 36.24 35.03 35.03
2011-10-28 22.66 22.73 22.2 22.2
2011-10-31 22.83 23.15 22.68 22.68
2011-11-03 24.61 25.5 24.24 24.24
2012-03-07 22.41 22.98 21.67 21.67
2012-03-08 23.14 23.84 22.56 22.56
2013-02-08 24.24 24.48 23.5 23.5
2013-04-24 23.66 23.8 22.41 22.41
2013-09-30 18.27 18.32 18.13 18.13
2013-10-09 18.98 19.09 18.71 18.71
2014-02-17 21.8 21.84 21.2 21.2
2014-06-30 14.38 14.48 14.25 14.25
2014-07-02 14.95 14.99 14.42 14.42
2014-07-03 15.1 15.12 14.81 14.81
2014-07-28 15.61 15.76 15.12 15.12
2014-08-04 16.02 16.08 15.79 15.79
2014-08-29 16.79 16.8 16.61 16.61
2014-09-01 17.0 17.14 16.81 16.81
2014-09-04 17.97 18.1 17.21 17.21
2014-10-24 17.85 18.02 17.47 17.47
2014-10-29 18.95 18.96 18.56 18.56
2015-04-07 25.66 26.62 24.89 24.89
2015-04-13 26.94 26.95 25.9 25.9
2015-04-17 25.69 26.09 25.58 25.58
2015-05-28 35.56 36.22 32.93 32.93
2015-06-18 43.5 44.95 42.8 42.8
2016-03-14 11.05 11.35 10.7 10.7
2016-04-05 12.01 12.07 11.45 11.45
2016-07-13 13.39 13.42 12.86 12.86
2016-07-18 14.34 14.6 13.98 13.98
2016-08-08 15.11 15.28 14.74 14.74
2016-08-10 15.83 16.1 15.35 15.35
2016-08-18 17.6 18.18 16.98 16.98
