1996-11-11 9.11 9.2 9.01 9.01
1996-12-16 10.44 10.44 10.44 10.44
1996-12-17 9.4 9.4 9.4 9.4
1996-12-18 9.97 10.2 8.46 8.46
1997-01-13 8.87 8.99 8.8 8.8
1997-01-15 8.62 8.75 8.5 8.5
1997-02-20 8.2 8.26 7.56 7.56
1997-02-21 8.78 8.78 8.08 8.08
1997-03-03 9.53 9.55 9.25 9.25
1997-03-05 9.55 9.76 9.3 9.3
1997-03-10 9.76 9.88 9.62 9.62
1997-04-28 10.07 10.08 10.07 10.07
1997-05-05 10.05 10.25 9.5 9.5
1997-05-09 9.82 9.89 9.39 9.39
1997-05-16 9.47 9.84 9.0 9.0
1997-05-23 8.21 8.44 8.0 8.0
1997-05-30 9.24 9.47 8.92 8.92
1997-06-20 9.15 9.27 8.83 8.83
1997-06-23 9.86 9.86 9.3 9.3
1997-07-18 9.2 9.2 8.72 8.72
1997-08-04 9.94 9.95 9.62 9.62
1997-08-07 10.31 10.35 9.7 9.7
1997-08-11 10.8 11.05 10.6 10.6
1997-09-01 10.2 10.35 10.0 10.0
1997-09-03 10.4 10.44 10.1 10.1
1997-09-05 11.05 11.05 10.6 10.6
1997-09-24 10.23 10.34 9.3 9.3
1997-09-30 10.51 10.75 10.08 10.08
1997-10-07 10.6 10.67 10.3 10.3
1997-10-10 11.51 11.51 10.75 10.75
1997-10-16 12.35 12.36 12.0 12.0
1997-10-17 12.87 12.96 12.28 12.28
1997-10-27 12.58 12.58 12.14 12.14
1997-10-31 12.25 12.3 12.1 12.1
1997-11-05 11.99 12.0 11.71 11.71
1997-11-10 12.28 12.43 12.05 12.05
1997-11-18 11.98 12.2 11.8 11.8
1997-11-26 12.05 12.05 11.75 11.75
1997-11-27 11.84 12.03 11.8 11.8
1997-11-28 11.95 11.95 11.78 11.78
1997-12-01 12.35 12.4 12.0 12.0
1997-12-12 12.38 12.4 11.2 11.2
1997-12-16 12.23 12.3 12.02 12.02
1997-12-29 14.62 15.0 13.57 13.57
1998-01-16 15.59 16.0 15.3 15.3
1998-02-09 16.05 16.3 15.5 15.5
1998-04-10 19.17 19.38 18.6 18.6
1998-05-05 12.92 13.0 12.6 12.6
1998-12-02 15.1 15.29 14.9 14.9
1998-12-08 14.5 14.66 14.25 14.25
1998-12-22 13.78 13.86 13.47 13.47
1999-03-08 12.13 12.29 11.55 11.55
1999-04-29 9.32 9.32 9.0 9.0
1999-05-06 10.0 10.05 9.63 9.63
1999-05-11 9.74 9.99 9.3 9.3
1999-05-12 9.65 9.7 9.52 9.52
1999-05-19 10.01 10.09 9.52 9.52
1999-07-14 13.2 13.25 12.8 12.8
1999-09-08 13.34 13.38 13.1 13.1
1999-09-14 13.59 13.78 13.4 13.4
1999-11-26 12.17 12.45 12.01 12.01
2000-02-14 13.76 13.76 12.56 12.56
2000-03-02 14.85 15.18 14.39 14.39
2000-03-03 15.28 15.48 14.85 14.85
2000-03-09 15.65 15.65 15.16 15.16
2000-03-13 16.7 16.9 15.7 15.7
2000-03-15 16.25 16.8 16.15 16.15
2000-03-17 15.86 16.0 15.0 15.0
2000-04-11 19.5 19.5 18.7 18.7
2000-04-19 19.0 19.56 18.3 18.3
2000-04-26 19.88 20.18 19.71 19.71
2000-08-10 19.41 19.6 18.99 18.99
2000-08-11 20.0 20.2 19.4 19.4
2000-08-14 20.74 20.82 20.1 20.1
2000-09-08 19.85 19.95 19.51 19.51
2000-10-10 20.16 20.33 18.66 18.66
2000-10-18 12.8 12.81 12.5 12.5
2000-11-09 12.9 12.98 12.53 12.53
2000-11-16 13.56 13.58 13.3 13.3
2000-11-17 13.8 13.9 13.3 13.3
2001-02-14 13.23 13.29 13.2 13.2
2001-03-07 12.6 12.72 12.2 12.2
2001-03-12 12.85 12.87 12.6 12.6
2001-04-18 13.96 14.2 13.78 13.78
2001-04-20 14.2 14.65 13.9 13.9
2001-04-23 15.33 15.62 14.38 14.38
2001-07-09 16.8 16.98 16.6 16.6
2001-08-08 13.25 13.48 13.01 13.01
2001-08-09 13.45 13.55 13.3 13.3
2001-08-10 14.02 14.1 13.5 13.5
2001-09-19 12.9 13.14 12.53 12.53
2001-10-09 10.47 10.57 10.0 10.0
2001-11-14 10.02 10.2 10.0 10.0
2001-11-20 10.72 10.8 10.48 10.48
2001-12-11 11.2 11.3 11.0 11.0
2002-01-31 7.84 7.85 7.2 7.2
2002-02-07 7.88 7.98 7.6 7.6
2002-02-08 8.1 8.25 7.93 7.93
2002-02-27 8.39 8.62 8.28 8.28
2002-03-07 8.92 8.93 8.49 8.49
2002-05-09 9.19 9.25 9.1 9.1
2002-06-11 8.33 8.38 8.15 8.15
2002-06-12 8.37 8.38 8.22 8.22
2002-06-18 8.28 8.34 8.08 8.08
2002-06-20 8.22 8.34 8.19 8.19
2002-06-27 9.79 9.8 9.3 9.3
2002-08-27 8.77 8.81 8.65 8.65
2002-09-04 8.78 8.93 8.76 8.76
2002-09-10 8.28 8.3 8.22 8.22
2003-01-08 6.58 6.58 6.34 6.34
2003-02-25 6.96 7.02 6.8 6.8
2003-03-26 6.16 6.26 6.1 6.1
2006-09-25 3.46 3.69 3.45 3.45
2006-11-27 3.14 3.14 3.0 3.0
2006-11-29 3.2 3.25 3.17 3.17
2006-12-01 3.17 3.21 3.14 3.14
2007-01-16 4.2 4.2 4.2 4.2
2007-01-19 4.44 4.44 4.44 4.44
2007-01-22 4.66 4.66 4.66 4.66
2007-03-13 6.51 6.51 6.35 6.35
2007-05-14 16.61 16.61 15.1 15.1
2007-05-18 16.3 17.2 14.8 14.8
2007-06-13 14.32 14.46 13.81 13.81
2007-07-23 13.24 13.69 12.7 12.7
2007-07-25 13.4 13.63 13.18 13.18
2007-08-02 13.74 13.85 13.1 13.1
2007-12-04 10.8 11.15 10.04 10.04
2008-05-19 6.45 6.6 6.38 6.38
2008-07-21 4.58 4.6 4.32 4.32
2008-07-24 4.71 4.8 4.55 4.55
2008-07-28 4.89 4.97 4.65 4.65
2008-11-03 2.41 2.43 2.22 2.22
2009-06-01 5.47 5.52 5.4 5.4
2009-10-14 6.38 6.46 6.13 6.13
2010-01-21 8.21 8.24 7.85 7.85
2010-03-01 7.47 7.51 7.33 7.33
2010-12-03 7.97 8.0 7.81 7.81
2011-02-10 7.18 7.19 7.03 7.03
2011-02-15 7.29 7.4 7.26 7.26
2011-04-12 10.31 10.52 9.48 9.48
2011-05-05 8.79 8.79 8.79 8.79
2011-05-06 8.68 8.9 8.4 8.4
2011-05-10 9.15 9.45 9.02 9.02
2011-08-22 11.38 11.7 11.33 11.33
2011-08-26 11.95 11.95 11.24 11.24
2011-10-13 10.94 11.08 10.72 10.72
2011-10-26 9.58 9.76 9.5 9.5
2011-12-09 9.18 9.2 8.76 8.76
2012-04-19 10.71 10.73 10.22 10.22
2012-05-04 12.26 12.36 11.77 11.77
2012-05-18 11.91 12.12 11.83 11.83
2012-06-06 11.03 11.03 10.33 10.33
2012-06-12 11.4 11.6 11.21 11.21
2012-06-15 10.49 10.65 10.1 10.1
2012-06-25 10.77 11.17 10.52 10.52
2012-06-29 9.6 9.8 9.48 9.48
2012-07-04 11.0 11.0 10.51 10.51
2012-07-31 9.01 9.01 9.01 9.01
2012-08-01 9.46 9.46 8.56 8.56
2012-09-20 11.39 11.39 11.39 11.39
2012-09-24 10.47 10.82 10.28 10.28
2012-11-16 10.3 10.5 10.16 10.16
2013-02-22 11.36 11.63 11.12 11.12
2013-03-20 12.32 12.32 11.7 11.7
2013-03-25 12.56 12.68 12.4 12.4
2013-03-29 11.75 11.88 11.66 11.66
2013-04-10 12.24 12.45 12.02 12.02
2013-07-11 10.63 10.85 10.48 10.48
2013-07-15 10.49 10.97 10.23 10.23
2013-08-15 11.67 11.74 11.5 11.5
2013-08-19 11.71 11.84 11.65 11.65
2013-08-26 11.16 11.35 11.02 11.02
2013-12-16 9.56 9.76 9.4 9.4
2013-12-17 9.66 9.8 9.54 9.54
2014-01-03 9.79 9.81 9.59 9.59
2014-01-08 10.34 10.44 10.03 10.03
2014-04-10 9.95 9.96 9.73 9.73
2014-04-14 9.99 10.1 9.81 9.81
2014-05-05 10.68 10.96 10.0 10.0
2014-05-08 10.61 10.7 10.45 10.45
2014-05-26 10.65 10.77 10.55 10.55
2014-05-27 11.1 11.14 10.66 10.66
2014-06-04 10.95 11.09 10.82 10.82
2014-06-05 10.87 11.07 10.86 10.86
2014-06-09 10.59 10.63 10.39 10.39
2015-06-02 17.37 17.88 16.27 16.27
2015-06-05 19.28 20.2 19.05 19.05
2015-06-24 17.86 18.5 16.2 16.2
2015-07-13 10.01 10.01 10.01 10.01
2015-07-14 11.01 11.01 11.01 11.01
2015-09-07 11.16 11.99 11.1 11.1
2015-09-15 11.01 11.76 10.72 10.72
2015-12-22 20.03 20.18 19.4 19.4
2015-12-25 20.08 20.1 19.1 19.1
2016-04-26 17.95 18.08 17.36 17.36
2016-05-23 15.19 15.24 14.75 14.75
2016-07-11 16.55 16.8 15.73 15.73
2016-08-30 14.38 14.47 14.3 14.3
2016-09-30 15.59 15.62 15.21 15.21
2016-10-25 17.07 17.15 16.61 16.61
2016-10-31 16.95 16.98 16.68 16.68
2016-12-27 17.63 17.8 17.0 17.0
2017-01-23 16.65 16.74 16.12 16.12
2017-03-27 16.07 16.12 15.75 15.75
2017-06-13 12.53 12.57 12.35 12.35
2017-06-14 12.6 12.68 12.43 12.43
2017-06-19 12.76 12.79 12.53 12.53
2017-07-04 12.45 12.58 12.43 12.43
2017-07-20 12.4 12.55 12.15 12.15
