1994-08-03 5.15 5.42 4.62 4.62
1994-08-05 6.26 6.32 5.45 5.45
1994-08-26 10.24 10.49 9.35 9.35
1994-10-24 10.34 10.34 9.6 9.6
1994-11-09 9.3 9.36 8.88 8.88
1994-12-23 8.55 8.76 8.38 8.38
1994-12-30 8.0 8.05 7.9 7.9
1995-01-04 8.12 8.15 7.75 7.75
1995-01-23 5.75 5.87 5.7 5.7
1995-02-13 5.9 5.96 5.7 5.7
1995-02-16 5.73 5.75 5.7 5.7
1995-04-20 6.98 6.99 6.7 6.7
1995-04-24 6.65 6.8 6.3 6.3
1995-04-25 6.74 6.83 6.6 6.6
1995-05-12 6.25 6.45 6.13 6.13
1995-06-07 9.2 9.28 8.3 8.3
1995-07-12 7.65 7.78 7.41 7.41
1995-07-17 7.95 8.05 7.5 7.5
1995-08-03 7.57 7.65 7.5 7.5
1995-08-07 7.7 7.79 7.58 7.58
1995-09-07 7.64 7.9 7.52 7.52
1995-09-11 7.68 7.75 7.48 7.48
1995-09-28 7.18 7.29 7.1 7.1
1995-09-29 7.58 7.58 7.2 7.2
1995-10-05 7.47 7.48 7.32 7.32
1995-10-10 7.2 7.4 7.16 7.16
1995-10-24 7.45 7.58 7.35 7.35
1995-11-20 7.05 7.15 6.7 6.7
1995-11-21 7.0 7.1 6.92 6.92
1995-12-20 6.1 6.25 6.03 6.03
1995-12-22 6.2 6.36 6.05 6.05
1995-12-29 5.88 6.1 5.85 5.85
1996-01-08 5.25 5.34 5.0 5.0
1996-01-09 5.45 5.46 5.25 5.25
1996-01-11 5.38 5.78 5.3 5.3
1996-01-19 5.09 5.09 4.86 4.86
1996-01-22 4.98 5.08 4.87 4.87
1996-01-23 5.0 5.1 4.9 4.9
1996-01-25 5.0 5.35 4.92 4.92
1996-01-26 5.0 5.08 4.92 4.92
1996-01-29 5.1 5.38 5.02 5.02
1996-02-01 5.19 5.25 5.16 5.16
1996-02-07 5.06 5.16 5.0 5.0
1996-02-09 5.08 5.09 5.0 5.0
1996-02-12 5.03 5.09 4.96 4.96
1996-02-13 5.09 5.18 4.96 4.96
1996-02-14 5.12 5.25 4.98 4.98
1996-02-15 5.18 5.18 5.03 5.03
1996-02-16 5.36 5.38 5.05 5.05
1996-03-07 5.51 5.75 5.25 5.25
1996-03-08 5.52 5.58 5.36 5.36
1996-03-13 5.45 5.49 5.4 5.4
1996-03-29 5.38 5.43 5.33 5.33
1996-04-24 6.35 6.35 5.99 5.99
1996-04-26 6.86 6.99 6.02 6.02
1996-05-15 7.85 7.85 7.49 7.49
1996-05-28 7.03 7.1 6.9 6.9
1996-06-05 7.6 7.6 6.95 6.95
1996-06-07 8.6 8.6 7.6 7.6
1996-06-26 10.01 10.08 9.55 9.55
1996-10-29 12.4 12.87 12.0 12.0
1996-11-04 11.45 11.5 11.2 11.2
1996-11-06 11.28 11.4 11.2 11.2
1996-11-07 11.75 11.98 11.35 11.35
1996-12-02 13.0 13.1 12.3 12.3
1996-12-17 11.26 11.8 11.26 11.26
1997-01-06 10.7 10.84 10.6 10.6
1997-01-09 11.15 11.39 10.95 10.95
1997-01-15 11.3 11.3 11.04 11.04
1997-02-20 10.98 11.0 10.13 10.13
1997-02-21 11.5 11.5 10.95 10.95
1997-02-25 11.56 11.6 11.3 11.3
1997-06-20 6.17 6.19 5.91 5.91
1997-07-23 5.18 5.29 5.1 5.1
1997-09-10 7.34 7.4 7.1 7.1
1997-11-04 6.02 6.14 5.95 5.95
1997-11-11 5.96 6.05 5.9 5.9
1997-11-14 6.36 6.5 6.2 6.2
1997-12-12 5.23 5.32 5.18 5.18
1998-01-14 5.43 5.49 5.24 5.24
1998-01-15 5.6 5.8 5.35 5.35
1998-03-12 5.91 5.99 5.58 5.58
1998-03-26 6.19 6.4 5.9 5.9
1998-05-06 7.47 7.56 7.19 7.19
1998-07-23 7.15 7.18 6.9 6.9
1998-07-29 6.96 7.05 6.9 6.9
1999-03-03 8.25 8.7 8.0 8.0
1999-03-16 8.48 8.56 8.31 8.31
1999-04-23 8.43 8.62 8.2 8.2
1999-06-28 9.09 9.09 8.5 8.5
1999-07-28 8.27 8.35 7.78 7.78
1999-08-04 8.38 8.45 8.21 8.21
1999-09-09 9.13 9.15 8.74 8.74
1999-09-10 8.93 9.38 8.56 8.56
1999-10-15 8.0 8.04 7.8 7.8
1999-10-19 7.66 7.98 7.59 7.59
1999-10-22 8.04 8.2 7.85 7.85
1999-12-17 7.55 7.87 7.48 7.48
2000-01-25 6.4 6.5 6.18 6.18
2000-01-28 6.8 6.97 6.48 6.48
2000-02-17 7.37 7.37 6.8 6.8
2000-03-17 8.6 8.8 8.3 8.3
2000-03-20 8.97 9.08 8.6 8.6
2000-04-06 9.75 9.77 9.41 9.41
2000-04-10 10.19 10.32 9.78 9.78
2000-04-13 10.15 10.49 10.0 10.0
2000-06-15 10.02 10.36 9.95 9.95
2000-09-22 11.69 11.89 11.51 11.51
2000-11-21 12.85 13.2 12.51 12.51
2000-12-27 12.9 13.29 12.86 12.86
2001-02-13 10.35 10.48 10.25 10.25
2001-05-08 12.42 12.5 12.01 12.01
2001-05-14 13.19 13.46 13.01 13.01
2001-05-21 13.8 14.08 13.6 13.6
2001-06-26 14.0 14.3 13.87 13.87
2001-08-28 11.9 12.0 11.6 11.6
2001-09-04 12.09 12.09 11.83 11.83
2001-09-05 12.14 12.2 12.0 12.0
2001-12-10 9.86 9.95 9.6 9.6
2002-01-31 6.84 7.0 6.42 6.42
2002-02-07 6.81 6.88 6.6 6.6
2005-07-11 5.58 5.7 5.53 5.53
2005-09-16 7.65 7.76 7.55 7.55
2005-11-17 7.3 7.5 7.27 7.27
2005-11-21 7.75 7.85 7.55 7.55
2005-11-23 7.8 7.82 7.6 7.6
2005-12-22 7.2 7.25 7.1 7.1
2005-12-26 7.58 7.7 7.36 7.36
2006-04-18 8.56 8.56 8.56 8.56
2006-04-19 9.42 9.42 9.42 9.42
2006-10-13 15.35 15.8 15.25 15.25
2006-10-17 15.0 15.15 14.6 14.6
2006-10-18 15.14 15.48 14.98 14.98
2006-10-19 15.19 15.34 15.01 15.01
2006-10-23 15.21 15.25 14.66 14.66
2006-10-24 15.72 15.74 15.2 15.2
2006-10-27 16.0 16.04 15.51 15.51
2006-10-30 16.06 16.26 15.67 15.67
2006-11-16 15.03 15.03 14.35 14.35
2006-11-21 15.01 15.06 14.65 14.65
2006-11-27 16.18 16.2 15.25 15.25
2006-11-29 17.27 17.65 16.17 16.17
2007-01-18 28.76 28.99 26.0 26.0
2007-01-24 28.99 30.08 28.6 28.6
2007-01-30 27.27 27.95 26.49 26.49
2007-02-01 27.01 27.2 25.62 25.62
2007-02-05 26.44 26.75 25.3 25.3
2007-02-09 26.7 27.35 26.53 26.53
2007-02-12 26.63 27.12 25.32 25.32
2007-02-15 29.7 29.98 29.04 29.04
2007-03-16 26.0 26.2 25.05 25.05
2007-06-07 29.71 30.59 29.36 29.36
2007-06-11 33.43 33.43 30.4 30.4
2007-06-15 36.05 36.5 33.21 33.21
2007-07-17 29.48 29.75 28.6 28.6
2007-07-23 31.8 31.97 30.0 30.0
2007-07-30 33.0 34.37 32.25 32.25
2007-08-13 37.78 38.3 34.8 34.8
2007-08-15 38.28 40.2 36.5 36.5
2007-08-16 39.07 39.58 38.28 38.28
2007-08-20 42.88 42.9 39.08 39.08
2007-09-14 43.36 44.38 41.8 41.8
2007-09-17 46.25 46.47 43.5 43.5
2007-11-12 30.0 30.0 28.78 28.78
2007-11-14 29.94 30.2 29.18 29.18
2007-11-20 33.92 34.0 31.5 31.5
2007-12-14 36.17 36.32 34.5 34.5
2008-01-23 39.57 39.66 36.51 36.51
2008-02-20 39.8 39.9 38.88 38.88
2008-05-13 39.46 39.9 37.6 37.6
2008-05-14 39.31 40.6 38.81 38.81
2008-07-04 31.18 31.38 29.0 29.0
2008-07-07 33.57 33.63 31.59 31.59
2008-08-04 22.45 22.7 21.0 21.0
2008-09-17 16.9 17.98 16.21 16.21
2008-10-28 13.54 14.7 12.55 12.55
2008-10-31 12.7 13.0 12.05 12.05
2008-11-03 13.27 13.47 12.15 12.15
2008-11-04 13.33 13.37 12.91 12.91
2008-11-05 13.98 14.07 12.99 12.99
2008-11-07 13.23 13.3 12.65 12.65
2008-11-11 13.52 13.72 13.41 13.41
2009-01-22 15.76 15.85 15.48 15.48
2009-02-03 16.0 16.0 15.52 15.52
2009-02-06 16.84 16.95 16.45 16.45
2009-02-09 17.57 17.66 16.9 16.9
2009-02-13 17.7 17.77 17.21 17.21
2009-02-20 17.46 17.7 16.99 16.99
2009-02-23 17.82 18.15 17.38 17.38
2009-03-19 15.69 15.72 15.4 15.4
2009-09-22 21.53 22.08 21.2 21.2
2010-03-30 26.03 26.1 25.48 25.48
2010-06-07 27.16 27.2 26.08 26.08
2010-07-07 23.91 24.09 23.43 23.43
2010-07-09 24.5 24.6 23.81 23.81
2010-07-28 25.67 25.8 25.31 25.31
2010-09-02 28.35 28.8 27.62 27.62
2011-06-09 19.66 19.88 19.51 19.51
2011-06-16 19.55 19.78 19.32 19.32
2011-06-17 19.59 19.76 19.39 19.39
2011-08-30 23.03 23.2 22.65 22.65
2012-02-06 19.36 19.66 18.68 18.68
2012-02-08 19.8 19.81 19.55 19.55
2012-02-22 21.57 21.6 20.8 20.8
2012-03-16 22.34 22.37 21.25 21.25
2012-08-24 11.75 11.78 11.52 11.52
2012-12-24 8.86 8.87 8.71 8.71
2013-01-28 9.72 9.74 9.53 9.53
2013-03-14 8.73 8.76 8.56 8.56
2013-11-28 7.84 7.94 7.65 7.65
2013-12-04 8.05 8.14 7.93 7.93
2013-12-09 7.96 7.97 7.86 7.86
2013-12-11 8.3 8.41 8.04 8.04
2014-02-10 7.38 7.39 7.13 7.13
2014-04-25 7.07 7.09 6.7 6.7
2014-07-24 7.46 7.52 7.32 7.32
2014-10-24 8.05 8.11 8.02 8.02
2015-04-30 11.89 11.89 11.89 11.89
2015-05-04 13.08 13.08 13.08 13.08
2015-05-05 14.39 14.39 14.39 14.39
2015-07-09 10.11 10.11 8.3 8.3
2015-08-07 10.67 10.75 10.4 10.4
2015-08-11 11.79 12.4 11.39 11.39
2015-08-13 11.95 11.97 11.1 11.1
2016-06-27 8.1 8.1 7.88 7.88
2016-11-28 9.55 9.62 9.36 9.36
2016-12-28 9.49 9.55 9.32 9.32
2017-03-16 10.23 10.26 10.09 10.09
2017-04-17 9.54 9.63 9.5 9.5
2017-06-07 8.28 8.29 8.05 8.05
2017-06-09 8.27 8.34 8.18 8.18
2017-06-19 8.28 8.3 8.18 8.18
2017-07-05 8.58 8.62 8.5 8.5
2017-08-14 8.26 8.27 8.19 8.19
