1994-08-29 9.05 9.2 8.95 8.95
1994-09-19 10.1 10.8 9.4 9.4
1994-10-28 7.15 7.34 7.0 7.0
1994-11-01 7.03 7.13 6.84 6.84
1994-11-24 6.71 6.84 6.66 6.66
1994-11-30 6.78 6.89 6.78 6.78
1994-12-20 6.47 6.58 6.4 6.4
1994-12-23 6.34 6.8 6.1 6.1
1994-12-29 6.21 6.4 6.15 6.15
1995-01-13 6.25 6.38 6.08 6.08
1995-01-20 5.9 6.15 5.88 5.88
1995-01-24 5.94 6.08 5.8 5.8
1995-02-08 6.0 6.05 5.93 5.93
1995-02-13 6.2 6.22 6.06 6.06
1995-02-17 6.0 6.19 5.8 5.8
1995-02-28 6.33 6.36 6.2 6.2
1995-04-20 7.09 7.1 6.91 6.91
1995-05-09 6.28 6.35 6.2 6.2
1995-06-07 7.96 8.02 7.55 7.55
1995-06-13 7.7 7.79 7.65 7.65
1995-06-21 7.1 7.15 6.9 6.9
1995-07-04 6.79 6.79 6.6 6.6
1995-07-13 7.1 7.15 7.01 7.01
1995-07-17 7.53 7.64 7.3 7.3
1995-08-03 7.33 7.42 7.26 7.26
1995-08-04 7.33 7.4 7.3 7.3
1995-08-07 7.36 7.39 7.3 7.3
1995-08-22 7.5 7.57 7.45 7.45
1995-08-31 7.32 7.35 7.2 7.2
1995-09-07 7.35 7.7 7.21 7.21
1995-09-22 7.12 7.16 6.94 6.94
1995-10-05 6.9 6.9 6.78 6.78
1995-10-12 6.98 7.17 6.8 6.8
1995-10-20 7.1 7.1 6.85 6.85
1995-11-14 6.67 6.7 6.6 6.6
1995-11-17 6.62 6.68 6.6 6.6
1995-11-20 6.64 6.7 6.6 6.6
1995-11-21 6.68 6.69 6.6 6.6
1995-12-04 6.42 6.47 6.35 6.35
1995-12-08 6.41 6.48 6.4 6.4
1996-01-04 4.78 4.8 4.65 4.65
1996-01-22 4.41 4.47 4.36 4.36
1996-01-23 4.41 4.46 4.35 4.35
1996-01-24 4.43 4.48 4.41 4.41
1996-01-26 4.48 4.49 4.38 4.38
1996-01-31 4.61 4.62 4.53 4.53
1996-02-07 4.48 4.52 4.45 4.45
1996-02-08 4.46 4.52 4.43 4.43
1996-02-12 4.5 4.53 4.45 4.45
1996-02-16 4.76 4.8 4.65 4.65
1996-03-04 5.26 5.38 4.98 4.98
1996-03-07 4.88 4.89 4.81 4.81
1996-03-13 4.99 5.0 4.94 4.94
1996-03-15 4.94 4.98 4.9 4.9
1996-03-18 4.98 5.0 4.9 4.9
1996-03-21 5.01 5.06 5.0 5.0
1996-03-27 4.88 4.9 4.85 4.85
1996-04-01 4.85 5.0 4.8 4.8
1996-04-10 5.0 5.02 4.97 4.97
1996-04-12 5.2 5.22 5.13 5.13
1996-04-16 5.24 5.27 5.13 5.13
1996-04-19 5.79 5.9 5.43 5.43
1996-04-24 6.22 6.28 6.01 6.01
1996-04-26 6.42 6.58 6.05 6.05
1996-05-15 6.6 6.6 6.4 6.4
1996-05-31 5.96 6.2 5.8 5.8
1996-06-18 6.16 6.18 6.0 6.0
1996-06-21 6.25 6.3 6.15 6.15
1996-06-26 6.51 6.63 6.3 6.3
1996-07-03 6.04 6.12 5.98 5.98
1996-07-10 5.9 5.94 5.75 5.75
1996-07-12 5.88 5.91 5.8 5.8
1996-07-19 6.46 6.49 6.09 6.09
1996-07-25 6.51 6.95 6.14 6.14
1996-08-12 6.57 6.64 6.43 6.43
1996-08-27 5.75 5.76 5.61 5.61
1996-09-19 5.76 5.79 5.61 5.61
1996-10-18 6.7 6.87 6.5 6.5
1996-11-04 6.48 6.55 6.3 6.3
1996-11-07 6.36 6.4 6.3 6.3
1996-12-16 7.28 7.28 7.28 7.28
1996-12-17 6.55 7.0 6.55 6.55
1996-12-18 7.12 7.19 6.1 6.1
1996-12-25 6.42 6.5 6.15 6.15
1997-01-07 6.29 6.38 6.18 6.18
1997-01-13 6.7 6.78 6.58 6.58
1997-01-20 7.15 7.3 6.99 6.99
1997-02-19 7.27 7.27 7.0 7.0
1997-02-20 7.09 7.14 6.54 6.54
1997-02-25 7.65 7.69 7.41 7.41
1997-03-10 7.87 7.96 7.82 7.82
1997-03-26 8.31 8.34 8.15 8.15
1997-03-27 9.0 9.14 8.55 8.55
1997-03-31 9.1 9.26 8.8 8.8
1997-04-09 9.01 9.05 8.78 8.78
1997-05-16 8.38 8.9 8.28 8.28
1997-05-20 8.59 8.73 8.49 8.49
1997-05-27 7.5 7.55 7.35 7.35
1997-05-29 7.4 7.58 7.25 7.25
1997-06-02 7.9 7.95 7.65 7.65
1997-06-04 8.1 8.3 8.0 8.0
1997-06-13 7.73 7.87 7.12 7.12
1997-06-16 7.13 7.2 7.02 7.02
1997-06-20 7.29 7.3 7.0 7.0
1997-07-11 6.25 6.25 6.05 6.05
1997-07-18 6.72 6.78 6.66 6.66
1997-07-21 6.91 7.18 6.85 6.85
1997-07-24 7.15 7.23 7.02 7.02
1997-07-30 7.11 7.17 7.04 7.04
1997-08-11 7.61 7.95 7.43 7.43
1997-08-14 7.5 7.59 7.05 7.05
1997-08-19 7.26 7.45 7.25 7.25
1997-09-18 7.28 7.3 7.21 7.21
1997-10-07 6.64 6.66 6.22 6.22
1997-10-10 6.76 6.83 6.63 6.63
1997-10-14 6.76 6.76 6.61 6.61
1997-10-16 6.9 6.92 6.83 6.83
1997-10-24 6.77 6.88 6.65 6.65
1997-11-04 7.26 7.45 7.21 7.21
1997-11-07 7.12 7.16 7.0 7.0
1997-11-28 6.8 6.82 6.62 6.62
1997-12-09 6.87 6.9 6.8 6.8
1997-12-19 7.21 7.26 7.0 7.0
1997-12-30 7.25 7.35 7.2 7.2
1998-01-19 7.37 7.65 7.33 7.33
1998-01-20 7.28 7.4 7.22 7.22
1998-01-23 7.42 7.42 7.28 7.28
1998-02-10 7.75 7.79 7.6 7.6
1998-02-11 7.78 7.88 7.75 7.75
1998-03-03 7.39 7.4 7.25 7.25
1998-03-27 7.51 7.65 7.29 7.29
1998-04-28 8.16 8.17 7.98 7.98
1998-04-30 9.12 9.12 8.31 8.31
1998-05-06 9.16 9.28 8.88 8.88
1998-05-11 9.5 9.5 9.0 9.0
1998-05-19 9.1 9.23 8.9 8.9
1998-06-01 9.65 9.78 9.5 9.5
1998-06-18 9.26 9.36 9.1 9.1
1998-06-19 9.6 9.69 9.3 9.3
1998-07-23 8.96 9.02 8.8 8.8
1998-07-24 9.02 9.12 8.99 8.99
1998-08-19 7.18 7.2 6.81 6.81
1998-09-02 7.6 7.75 7.35 7.35
1998-09-03 7.89 7.89 7.6 7.6
1998-09-09 8.33 8.37 8.0 8.0
1998-10-05 8.83 8.9 8.7 8.7
1998-10-20 9.15 9.3 9.06 9.06
1998-10-23 8.63 8.8 8.6 8.6
1998-10-27 8.65 8.73 8.42 8.42
1998-10-28 8.92 8.92 8.68 8.68
1998-11-11 9.89 10.07 9.7 9.7
1998-11-16 10.35 10.61 10.05 10.05
1998-11-24 9.71 9.85 9.6 9.6
1998-11-27 10.15 10.2 9.9 9.9
1998-12-10 9.25 9.58 8.65 8.65
1998-12-11 9.34 9.56 9.21 9.21
1998-12-16 9.07 9.29 9.05 9.05
1998-12-22 8.74 9.0 8.65 8.65
1999-01-08 9.46 9.56 9.17 9.17
1999-01-21 9.5 9.53 9.23 9.23
1999-01-22 9.58 9.68 9.48 9.48
1999-02-09 9.85 9.86 9.28 9.28
1999-03-18 9.94 10.1 9.61 9.61
1999-04-20 9.14 9.35 9.01 9.01
1999-04-28 9.78 9.94 9.65 9.65
1999-05-11 9.62 9.77 9.51 9.51
1999-05-24 10.35 10.4 9.87 9.87
1999-06-07 10.9 11.15 10.32 10.32
1999-07-14 12.98 13.0 12.76 12.76
1999-07-23 12.38 12.5 12.15 12.15
1999-07-28 12.26 12.38 12.1 12.1
1999-08-02 12.7 12.8 12.4 12.4
1999-08-13 12.55 12.8 12.4 12.4
1999-08-24 10.43 10.5 10.18 10.18
1999-09-07 9.79 9.91 9.65 9.65
1999-09-08 9.8 9.9 9.71 9.71
1999-09-16 10.32 10.38 10.15 10.15
1999-09-28 10.37 10.4 10.22 10.22
1999-10-26 9.17 9.25 9.03 9.03
1999-10-27 9.7 9.71 9.3 9.3
1999-11-08 11.36 11.56 10.72 10.72
1999-11-24 11.24 11.44 11.03 11.03
1999-11-26 10.87 11.17 10.8 10.8
1999-11-30 10.75 10.88 10.6 10.6
1999-12-08 10.05 10.18 9.85 9.85
1999-12-15 9.3 9.58 9.2 9.2
1999-12-29 8.47 8.5 8.2 8.2
2000-01-07 9.57 10.1 9.18 9.18
2000-01-20 9.4 9.54 8.95 8.95
2000-02-14 9.98 9.98 9.28 9.28
2000-02-17 9.85 10.26 9.38 9.38
2000-02-24 9.6 9.6 9.35 9.35
2000-03-17 9.3 9.35 9.09 9.09
2000-03-27 10.45 10.58 10.25 10.25
2000-03-30 11.78 11.85 10.2 10.2
2000-04-14 21.97 21.97 21.0 21.0
2000-04-24 24.94 25.66 24.01 24.01
2000-06-08 22.5 23.2 21.8 21.8
2000-07-17 21.61 21.96 21.1 21.1
2000-07-19 21.35 21.53 20.5 20.5
2000-07-26 20.8 21.23 20.41 20.41
2000-08-11 24.69 24.8 23.1 23.1
2000-09-01 25.55 25.6 24.63 24.63
2000-09-22 26.23 26.35 25.25 25.25
2000-09-26 26.5 26.5 25.2 25.2
2000-09-27 27.0 27.0 25.85 25.85
2000-10-10 29.0 30.0 27.79 27.79
2000-10-16 32.0 32.5 30.0 30.0
2000-10-23 34.0 34.1 31.66 31.66
2000-11-15 33.8 35.1 33.5 33.5
2000-12-07 28.84 29.45 28.45 28.45
2000-12-08 29.0 29.44 28.5 28.5
2000-12-11 28.68 29.0 27.5 27.5
2000-12-27 21.06 21.06 21.06 21.06
2000-12-28 18.95 18.95 18.95 18.95
2000-12-29 17.06 17.06 17.06 17.06
2001-01-02 15.98 17.05 15.35 15.35
2001-01-08 16.18 16.43 15.66 15.66
2001-02-07 14.4 14.74 14.1 14.1
2001-02-28 13.85 13.89 13.5 13.5
2001-03-20 14.05 14.28 13.85 13.85
2001-03-21 14.25 14.3 14.05 14.05
2001-03-22 14.85 14.86 14.25 14.25
2001-03-27 14.75 14.85 14.7 14.7
2001-04-02 14.53 14.78 14.31 14.31
2001-04-10 14.35 14.53 14.21 14.21
2001-04-16 14.41 14.48 14.3 14.3
2001-04-23 14.84 14.99 14.61 14.61
2001-04-24 15.24 15.48 14.9 14.9
2001-04-27 14.84 15.1 14.8 14.8
2001-05-09 14.72 14.8 14.6 14.6
2001-05-14 14.8 15.0 14.63 14.63
2001-05-17 15.08 15.19 14.83 14.83
2001-05-21 15.45 15.54 14.98 14.98
2001-05-24 15.15 15.27 14.98 14.98
2001-06-05 15.75 15.75 15.3 15.3
2001-06-20 15.8 15.91 15.62 15.62
2001-07-03 16.1 16.13 15.8 15.8
2001-07-09 15.6 15.7 15.5 15.5
2001-08-01 13.8 13.85 13.31 13.31
2001-08-07 13.35 13.43 13.0 13.0
2001-08-13 14.42 14.86 13.88 13.88
2001-08-15 14.36 14.57 14.0 14.0
2001-08-21 14.24 14.42 14.12 14.12
2001-08-28 13.58 13.58 13.15 13.15
2001-09-04 13.64 13.7 13.35 13.35
2001-09-12 13.26 13.38 13.0 13.0
2001-09-21 13.1 13.4 13.05 13.05
2001-10-23 10.88 10.88 10.5 10.5
2001-11-27 11.35 11.38 11.16 11.16
2001-11-28 11.42 11.54 11.35 11.35
2001-12-03 11.83 12.06 11.8 11.8
2001-12-21 10.84 10.99 10.7 10.7
2002-01-23 8.1 8.12 7.4 7.4
2002-01-25 8.3 8.5 8.21 8.21
2002-01-29 7.96 8.04 7.4 7.4
2002-01-31 8.91 9.0 8.32 8.32
2002-02-07 9.23 9.58 9.12 9.12
2002-02-27 9.48 9.52 9.26 9.26
2002-03-04 9.15 9.15 8.9 8.9
2002-03-06 9.57 9.85 9.5 9.5
2002-03-07 9.95 9.96 9.6 9.6
2002-03-19 10.98 11.08 10.58 10.58
2002-05-23 10.24 10.35 10.12 10.12
2002-06-20 9.35 9.5 9.3 9.3
2002-07-05 10.4 10.45 10.21 10.21
2002-07-12 10.37 10.44 10.32 10.32
2002-07-23 10.4 10.43 10.2 10.2
2002-08-07 10.7 10.75 10.46 10.46
2002-08-08 10.66 10.7 10.6 10.6
2002-08-14 10.35 10.49 10.09 10.09
2002-08-20 10.38 10.38 10.22 10.22
2002-08-23 10.45 10.46 10.36 10.36
2002-09-02 10.63 10.65 10.49 10.49
2002-09-19 10.0 10.08 9.75 9.75
2002-09-27 9.09 9.26 9.01 9.01
2002-10-10 8.92 9.0 8.8 8.8
2002-10-16 9.09 9.18 8.95 8.95
2002-10-21 8.83 8.86 8.7 8.7
2002-11-04 8.69 8.71 8.6 8.6
2002-11-25 7.55 7.62 7.35 7.35
2002-12-06 7.6 7.71 7.55 7.55
2002-12-09 7.59 7.6 7.5 7.5
2003-01-08 7.85 7.88 7.54 7.54
2003-01-14 8.16 8.18 7.8 7.8
2003-02-11 8.18 8.18 8.0 8.0
2003-02-24 8.16 8.24 8.1 8.1
2003-03-04 8.55 8.55 8.31 8.31
2003-03-05 8.84 9.1 8.68 8.68
2003-03-27 8.03 8.06 7.62 7.62
2003-04-14 8.05 8.05 7.72 7.72
2003-04-15 8.22 8.22 8.08 8.08
2003-04-18 7.98 8.04 7.82 7.82
2003-04-23 8.57 8.84 8.25 8.25
2003-05-23 10.0 10.23 9.57 9.57
2003-06-10 8.79 8.85 8.64 8.64
2003-06-18 9.05 9.09 8.88 8.88
2003-07-14 8.68 8.68 8.6 8.6
2003-07-21 8.86 9.07 8.78 8.78
2003-07-29 8.27 8.33 8.15 8.15
2003-09-09 7.72 7.78 7.7 7.7
2003-09-11 7.69 7.79 7.65 7.65
2003-10-22 7.45 7.5 7.3 7.3
2003-11-03 6.33 6.39 6.18 6.18
2003-11-04 6.49 6.55 6.35 6.35
2003-11-28 6.67 6.85 6.52 6.52
2003-12-30 7.1 7.13 7.05 7.05
2004-01-02 6.97 7.08 6.93 6.93
2004-01-29 7.22 7.24 6.93 6.93
2004-02-19 8.55 8.8 8.21 8.21
2004-02-27 7.86 7.88 7.7 7.7
2004-03-04 7.97 7.99 7.71 7.71
2004-03-12 7.74 7.9 7.5 7.5
2004-03-15 7.93 7.94 7.7 7.7
2004-03-22 8.03 8.05 7.74 7.74
2004-04-01 8.36 8.4 8.2 8.2
2004-04-27 6.51 6.62 6.3 6.3
2004-04-29 6.61 6.73 6.41 6.41
2004-08-12 6.31 6.36 6.21 6.21
2004-08-13 6.29 6.36 6.25 6.25
2004-08-26 6.11 6.18 6.05 6.05
2004-08-30 6.05 6.17 6.02 6.02
2004-08-31 6.13 6.18 6.01 6.01
2004-09-28 6.65 6.77 6.61 6.61
2004-10-11 6.71 6.84 6.62 6.62
2004-10-18 6.16 6.28 6.11 6.11
2004-11-30 5.53 5.57 5.48 5.48
2004-12-06 6.18 6.18 6.18 6.18
2004-12-22 5.53 5.53 5.4 5.4
2005-01-11 5.33 5.33 5.26 5.26
2005-01-13 5.36 5.37 5.25 5.25
2005-02-22 5.42 5.42 5.08 5.08
2005-03-17 5.16 5.26 5.05 5.05
2005-03-23 4.9 4.97 4.86 4.86
2005-04-07 5.24 5.32 5.12 5.12
2005-05-11 4.67 4.69 4.39 4.39
2005-05-16 4.81 4.9 4.74 4.74
2005-05-17 4.73 4.8 4.7 4.7
2005-05-31 4.73 4.76 4.68 4.68
2005-06-24 5.39 5.39 4.93 4.93
2005-07-12 4.93 4.98 4.65 4.65
2005-07-14 4.82 4.89 4.81 4.81
2005-07-26 4.86 4.89 4.72 4.72
2005-08-05 5.26 5.38 5.19 5.19
2005-08-08 5.41 5.47 5.3 5.3
2005-08-15 5.69 5.7 5.5 5.5
2005-09-29 6.93 7.07 6.78 6.78
2005-12-09 6.14 6.15 5.92 5.92
2005-12-28 6.41 6.46 6.34 6.34
2006-02-22 7.22 7.38 6.98 6.98
2006-03-22 7.93 8.0 7.56 7.56
2006-04-14 8.0 8.05 7.7 7.7
2006-10-09 9.66 9.77 9.11 9.11
2006-10-18 9.06 9.13 8.88 8.88
2006-10-19 9.21 9.38 9.04 9.04
2006-10-25 9.31 9.79 9.07 9.07
2006-12-11 10.59 10.64 9.85 9.85
2006-12-13 11.75 11.83 10.79 10.79
2007-01-15 12.99 13.0 12.03 12.03
2007-04-02 23.01 23.01 21.24 21.24
2007-04-13 34.58 35.78 33.6 33.6
2007-05-10 56.95 56.95 56.95 56.95
2007-05-11 62.65 62.65 62.65 62.65
2007-05-21 71.91 74.5 68.1 68.1
2007-05-22 39.56 39.56 36.6 36.6
2007-05-30 35.18 38.32 35.18 35.18
2007-06-05 28.5 28.5 23.32 23.32
2007-07-20 31.99 32.6 30.2 30.2
2007-07-23 34.35 35.0 32.01 32.01
2007-07-26 35.89 36.5 34.81 34.81
2007-12-07 29.38 29.89 27.89 27.89
2007-12-12 29.89 30.8 29.59 29.59
2007-12-20 32.56 32.56 29.9 29.9
2007-12-21 35.0 35.8 33.0 33.0
2008-01-23 32.43 32.43 28.41 28.41
2008-01-29 30.99 31.62 29.61 29.61
2008-03-11 30.19 30.26 29.5 29.5
2008-04-03 19.28 19.58 17.9 17.9
2008-04-08 21.21 21.21 21.21 21.21
2008-04-29 26.7 26.75 24.31 24.31
2008-04-30 26.05 28.64 25.23 25.23
2008-05-27 23.88 23.9 23.15 23.15
2008-07-09 15.75 15.93 15.21 15.21
2008-07-14 16.44 16.53 15.78 15.78
2008-07-15 18.08 18.08 17.1 17.1
2008-09-02 5.8 5.88 5.61 5.61
2008-09-12 5.16 5.25 5.05 5.05
2008-11-03 4.13 4.23 4.07 4.07
2008-11-05 4.14 4.23 4.03 4.03
2008-11-10 4.42 4.42 4.17 4.17
2008-11-13 5.04 5.04 4.5 4.5
2008-11-17 6.09 6.09 5.44 5.44
2008-12-01 6.17 6.22 5.75 5.75
2009-01-09 5.98 5.99 5.68 5.68
2009-01-14 6.08 6.1 5.8 5.8
2009-01-16 6.75 6.75 6.2 6.2
2009-02-03 7.06 7.16 6.72 6.72
2009-02-06 7.48 7.58 7.0 7.0
2009-03-04 7.27 7.38 6.79 6.79
2009-04-01 8.13 8.24 8.04 8.04
2009-05-04 7.85 7.86 7.56 7.56
2009-05-05 8.08 8.15 7.79 7.79
2009-05-22 7.93 8.05 7.79 7.79
2009-07-01 8.72 8.79 8.48 8.48
2009-07-22 10.55 10.79 10.2 10.2
2009-07-27 10.54 10.78 10.23 10.23
2009-08-20 9.26 9.28 8.81 8.81
2009-10-13 9.7 9.71 9.48 9.48
2009-11-05 10.38 10.4 10.12 10.12
2009-11-16 10.87 11.18 10.8 10.8
2010-02-10 10.28 10.35 10.16 10.16
2010-02-24 10.87 10.88 10.59 10.59
2010-03-08 10.98 11.0 10.65 10.65
2010-04-14 11.29 11.32 11.12 11.12
2010-05-04 9.99 10.09 9.71 9.71
2010-06-08 8.51 8.56 8.33 8.33
2010-07-06 7.58 7.63 7.33 7.33
2010-07-28 8.13 8.14 7.92 7.92
2010-09-07 8.58 8.72 8.51 8.51
2010-10-18 8.77 8.79 8.34 8.34
2010-12-29 8.26 8.27 8.04 8.04
2010-12-31 8.59 8.62 8.24 8.24
2011-01-13 8.28 8.33 8.25 8.25
2011-02-10 7.92 7.93 7.75 7.75
2011-02-14 8.13 8.14 7.94 7.94
2011-02-16 8.16 8.16 8.05 8.05
2011-03-25 8.83 8.84 8.66 8.66
2011-04-01 8.48 8.5 8.32 8.32
2011-05-06 8.84 8.96 8.68 8.68
2011-05-09 9.16 9.17 8.87 8.87
2011-05-24 9.67 9.87 9.44 9.44
2011-05-25 10.08 10.14 9.59 9.59
2011-06-01 9.89 9.89 9.11 9.11
2011-07-13 9.62 9.7 9.35 9.35
2011-08-05 9.34 9.45 9.01 9.01
2011-09-07 8.03 8.06 7.85 7.85
2011-11-03 7.42 7.59 7.33 7.33
2012-01-17 6.27 6.38 6.02 6.02
2012-05-11 6.8 6.96 6.78 6.78
2012-08-08 6.16 6.19 6.12 6.12
2012-09-19 6.17 6.2 6.13 6.13
2012-09-21 5.96 6.19 5.86 5.86
2012-09-28 6.13 6.16 6.01 6.01
2012-10-10 6.3 6.35 6.2 6.2
2012-10-18 6.3 6.35 6.26 6.26
2012-10-24 6.2 6.22 6.12 6.12
2012-11-01 6.15 6.17 6.06 6.06
2012-11-16 5.58 5.76 5.17 5.17
2012-11-19 5.53 5.61 5.48 5.48
2012-11-30 5.13 5.15 5.06 5.06
2012-12-14 5.46 5.5 5.25 5.25
2012-12-24 5.47 5.52 5.46 5.46
2012-12-25 5.66 5.68 5.46 5.46
2013-01-18 5.97 5.98 5.9 5.9
2013-01-30 6.67 6.67 6.15 6.15
2013-02-06 7.11 7.25 7.01 7.01
2013-02-18 6.8 6.94 6.68 6.68
2013-05-03 9.71 9.96 9.37 9.37
2013-05-20 11.22 11.5 10.92 10.92
2013-07-11 9.76 9.8 8.83 8.83
2013-08-22 8.74 8.81 8.67 8.67
2013-09-30 10.8 10.95 10.2 10.2
2013-10-11 11.14 11.16 10.5 10.5
2013-10-15 11.35 11.37 11.02 11.02
2013-11-15 9.3 9.52 8.94 8.94
2013-11-18 9.74 9.77 9.3 9.3
2013-11-27 10.0 10.14 9.74 9.74
2013-11-28 10.05 10.22 9.98 9.98
2013-12-02 10.61 10.95 10.05 10.05
2013-12-05 10.87 10.96 10.49 10.49
2014-01-09 9.8 9.96 9.75 9.75
2014-01-10 10.0 10.3 9.8 9.8
2014-01-21 8.11 8.17 7.95 7.95
2014-03-13 8.5 8.58 8.4 8.4
2014-03-21 8.74 8.9 8.09 8.09
2014-04-01 8.25 8.26 8.18 8.18
2014-08-11 8.89 8.92 8.77 8.77
2014-08-20 8.9 9.07 8.82 8.82
2014-10-28 8.91 8.93 8.72 8.72
2014-12-19 13.45 13.63 12.35 12.35
2014-12-25 14.89 14.89 13.5 13.5
2015-01-07 14.96 15.39 14.0 14.0
2015-03-17 14.65 14.83 14.46 14.46
2015-04-01 17.14 17.57 16.0 16.0
2015-04-03 17.55 17.8 16.85 16.85
2015-04-13 19.88 20.99 19.32 19.32
2015-06-24 19.66 20.1 19.13 19.13
2015-07-08 10.8 11.39 10.8 10.8
2015-07-09 11.88 11.88 10.02 10.02
2015-07-10 13.07 13.07 12.47 12.47
2015-07-17 14.0 14.13 13.0 13.0
2015-07-28 13.72 14.08 12.41 12.41
2015-08-10 15.32 15.5 14.45 14.45
2015-08-25 11.17 11.64 11.17 11.17
2015-09-07 10.61 10.85 10.11 10.11
2016-01-14 11.97 11.97 11.97 11.97
2016-01-15 13.17 13.17 13.17 13.17
2016-01-19 14.62 14.62 13.05 13.05
2016-03-07 11.0 11.18 10.66 10.66
2016-04-19 13.52 13.52 12.36 12.36
2016-05-23 10.83 10.94 10.7 10.7
2016-06-14 10.51 10.58 10.3 10.3
2016-07-26 12.07 12.28 11.69 11.69
2016-08-11 11.47 11.62 11.35 11.35
2016-09-19 11.26 11.27 11.15 11.15
2016-09-27 10.98 11.01 10.86 10.86
2016-10-24 11.52 11.68 11.28 11.28
2016-11-21 11.94 12.06 11.85 11.85
2016-12-21 10.9 10.95 10.8 10.8
2017-02-13 10.45 10.53 10.39 10.39
2017-03-16 10.73 10.75 10.52 10.52
2017-04-05 10.23 10.25 10.0 10.0
2017-05-15 8.32 8.35 8.21 8.21
2017-05-17 8.48 8.58 8.43 8.43
2017-06-02 8.19 8.25 7.92 7.92
2017-06-07 8.35 8.37 8.15 8.15
2017-06-14 8.18 8.2 8.1 8.1
2017-06-16 8.24 8.31 8.2 8.2
2017-06-29 8.37 8.39 8.27 8.27
2017-07-10 8.52 8.62 8.43 8.43
2017-08-14 8.62 8.76 8.47 8.47
2017-08-28 9.06 9.1 8.65 8.65
2017-08-30 9.17 9.36 8.94 8.94
