2004-06-17 10.65 10.98 10.6 10.6
2004-09-10 6.43 6.46 6.33 6.33
2004-11-09 7.25 7.27 7.06 7.06
2004-11-24 7.46 7.65 7.45 7.45
2004-11-26 7.37 7.44 7.3 7.3
2004-12-03 7.39 7.5 7.33 7.33
2004-12-06 7.43 7.49 7.38 7.38
2004-12-22 6.88 6.9 6.65 6.65
2005-01-11 6.62 6.63 6.54 6.54
2005-03-23 5.56 5.66 5.5 5.5
2005-04-27 4.74 4.87 4.7 4.7
2005-04-28 4.91 4.95 4.7 4.7
2005-05-09 4.82 5.0 4.74 4.74
2005-06-16 5.35 5.37 5.21 5.21
2005-07-05 4.84 4.9 4.81 4.81
2005-07-22 4.79 4.86 4.64 4.64
2005-08-05 5.06 5.07 4.9 4.9
2005-08-30 5.14 5.21 5.12 5.12
2005-10-10 5.35 5.4 5.29 5.29
2005-12-22 5.42 5.42 5.28 5.28
2007-01-15 5.27 5.28 5.08 5.08
2007-01-18 5.49 5.54 5.27 5.27
2007-04-20 9.47 9.52 9.08 9.08
2007-09-05 13.57 13.82 12.23 12.23
2007-09-28 13.92 14.28 13.6 13.6
2007-10-08 14.14 14.55 13.98 13.98
2007-10-29 10.43 10.5 9.91 9.91
2007-11-06 10.3 10.59 10.28 10.28
2007-11-14 9.98 9.99 9.53 9.53
2007-12-25 13.38 13.65 13.03 13.03
2008-01-15 13.97 14.08 13.75 13.75
2008-06-03 9.43 9.6 8.98 8.98
2008-06-06 8.89 9.28 8.83 8.83
2008-10-28 4.57 4.65 4.3 4.3
2008-11-04 5.04 5.15 4.87 4.87
2008-12-05 6.4 6.47 6.2 6.2
2008-12-10 6.52 6.58 6.33 6.33
2009-01-14 6.0 6.01 5.77 5.77
2010-05-24 14.53 14.94 13.99 13.99
2010-05-26 14.5 14.7 14.35 14.35
2010-05-27 15.67 15.9 14.68 14.68
2010-06-22 15.33 15.45 14.71 14.71
2010-07-19 14.97 14.99 14.15 14.15
2010-08-27 14.67 14.68 14.48 14.48
2010-08-30 15.08 15.09 14.7 14.7
2010-12-15 18.28 18.37 17.51 17.51
2011-02-09 19.58 20.0 17.6 17.6
2012-06-29 7.66 7.7 7.55 7.55
2012-07-19 7.35 7.42 7.19 7.19
2012-07-23 7.28 7.36 7.2 7.2
2012-11-07 6.73 6.77 6.68 6.68
2013-02-25 8.1 8.21 7.79 7.79
2013-05-06 7.61 7.66 7.5 7.5
2013-05-10 7.81 7.92 7.71 7.71
2013-09-30 7.59 7.61 7.4 7.4
2013-10-11 7.9 7.91 7.62 7.62
2013-10-14 7.99 8.13 7.85 7.85
2013-11-07 8.04 8.16 7.92 7.92
2014-02-14 8.13 8.16 8.0 8.0
2014-03-17 7.97 7.97 7.81 7.81
2014-03-24 8.09 8.14 8.05 8.05
2014-04-01 8.19 8.28 8.13 8.13
2014-04-30 7.89 8.03 7.75 7.75
2014-06-26 8.03 8.03 7.92 7.92
2014-06-30 8.14 8.15 8.03 8.03
2014-07-14 8.24 8.24 8.13 8.13
2014-08-19 9.97 10.01 9.12 9.12
2014-09-09 10.4 10.56 10.32 10.32
2014-09-12 10.91 10.99 10.72 10.72
2015-01-30 11.55 11.73 11.42 11.42
2015-02-16 11.89 11.92 11.68 11.68
2015-08-27 12.49 12.83 10.49 10.49
2015-09-02 11.08 12.29 11.08 11.08
2015-09-11 11.39 11.7 10.99 10.99
2015-10-15 12.69 12.76 11.82 11.82
2015-10-16 13.96 13.96 12.89 12.89
2016-03-16 12.53 12.66 12.32 12.32
2016-05-19 12.28 12.48 12.22 12.22
2016-05-23 12.87 12.98 12.5 12.5
2016-05-27 12.6 12.74 12.46 12.46
2016-08-12 15.2 15.27 14.9 14.9
2016-08-15 15.51 15.59 15.22 15.22
2016-12-22 7.64 7.66 7.58 7.58
2017-05-04 7.44 7.5 7.37 7.37
2017-06-26 7.16 7.19 7.09 7.09
2017-07-18 6.99 7.05 6.97 6.97
2017-08-14 6.89 6.92 6.81 6.81
