1994-03-07 12.32 12.35 12.0 12.0
1994-05-24 12.3 12.3 11.9 11.9
1994-05-26 11.9 12.39 11.78 11.78
1994-09-19 17.02 17.9 17.01 17.01
1994-10-27 13.08 13.15 12.5 12.5
1994-10-31 12.2 12.4 12.01 12.01
1994-11-03 13.55 13.65 12.76 12.76
1994-11-09 13.63 13.7 12.8 12.8
1994-11-29 12.98 12.98 12.62 12.62
1994-12-26 15.08 15.32 14.3 14.3
1995-02-13 11.41 11.48 11.07 11.07
1995-02-20 11.05 11.18 10.98 10.98
1995-03-17 13.6 13.65 13.2 13.2
1995-05-09 14.9 14.95 14.68 14.68
1995-06-09 19.03 19.1 18.5 18.5
1995-06-19 17.31 17.4 16.7 16.7
1995-06-23 17.38 17.55 17.2 17.2
1995-07-12 18.2 18.54 18.15 18.15
1995-07-17 19.0 19.2 18.16 18.16
1995-08-03 13.34 13.4 13.1 13.1
1995-08-07 13.41 13.56 13.28 13.28
1995-10-16 10.77 11.0 10.5 10.5
1995-10-17 10.77 11.0 10.5 10.5
1995-10-18 10.7 10.85 10.58 10.58
1995-11-10 10.86 11.0 10.8 10.8
1995-11-16 10.56 10.65 10.41 10.41
1995-11-20 10.51 10.7 10.4 10.4
1995-11-21 10.59 10.68 10.5 10.5
1995-12-05 10.39 10.5 10.33 10.33
1996-01-08 8.48 8.8 8.0 8.0
1996-01-12 8.21 8.57 8.11 8.11
1996-02-07 7.8 7.9 7.76 7.76
1996-02-08 7.85 8.0 7.75 7.75
1996-02-09 7.97 8.0 7.75 7.75
1996-02-13 7.97 7.98 7.93 7.93
1996-02-15 8.13 8.14 8.0 8.0
1996-02-16 8.45 8.5 8.12 8.12
1996-03-18 8.65 8.83 8.54 8.54
1996-04-02 8.5 8.8 8.4 8.4
1996-04-03 8.6 8.61 8.4 8.4
1996-04-04 8.66 8.74 8.5 8.5
1996-04-09 9.12 9.2 9.05 9.05
1996-04-10 9.18 9.22 9.09 9.09
1996-06-26 14.37 14.4 14.06 14.06
1996-07-10 14.9 15.49 14.8 14.8
1996-07-17 11.66 12.35 11.65 11.65
1996-07-22 12.58 13.05 12.3 12.3
1996-07-24 13.29 13.29 12.45 12.45
1996-10-15 15.69 15.69 14.02 14.02
1996-12-17 10.04 10.3 10.04 10.04
1997-01-07 9.84 9.88 9.5 9.5
1997-01-15 10.1 10.1 9.92 9.92
1997-01-22 10.26 10.26 10.02 10.02
1997-02-25 10.8 11.2 10.75 10.75
1997-02-26 11.05 11.1 10.8 10.8
1997-03-03 11.67 11.68 11.0 11.0
1997-05-22 13.35 13.98 13.2 13.2
1997-06-20 9.36 9.4 9.05 9.05
1997-06-24 9.25 9.25 9.05 9.05
1997-08-04 8.75 8.82 8.39 8.39
1997-10-10 8.05 8.1 7.94 7.94
1997-11-03 7.92 8.02 7.9 7.9
1997-11-04 8.01 8.09 7.92 7.92
1997-11-07 8.0 8.0 7.88 7.88
1998-02-13 8.41 8.47 8.3 8.3
1998-03-27 8.1 8.25 7.85 7.85
1998-04-17 8.67 8.96 8.49 8.49
1998-07-13 8.87 9.08 8.86 8.86
1998-07-16 9.36 9.6 9.1 9.1
1998-08-04 9.08 9.16 9.02 9.02
1998-08-06 9.15 9.3 9.13 9.13
1998-10-07 8.38 8.49 7.9 7.9
1998-10-12 9.05 9.28 8.53 8.53
1998-10-28 8.89 8.93 8.55 8.55
1999-02-03 7.28 7.48 7.28 7.28
1999-03-29 7.44 7.51 7.35 7.35
1999-04-09 8.08 8.09 7.66 7.66
1999-06-07 7.84 7.96 7.65 7.65
1999-06-09 8.6 8.6 8.05 8.05
1999-07-29 8.9 9.07 8.7 8.7
1999-09-08 9.56 9.65 9.48 9.48
1999-09-09 10.0 10.1 9.6 9.6
1999-11-01 8.53 8.68 8.41 8.41
1999-12-30 8.24 8.26 8.1 8.1
2000-01-04 8.47 8.49 8.3 8.3
2000-03-01 15.73 15.73 14.5 14.5
2000-03-07 13.88 13.93 13.21 13.21
2000-04-19 14.15 14.29 13.0 13.0
2000-04-24 14.2 14.78 13.75 13.75
2000-05-24 13.48 13.6 13.22 13.22
2000-07-17 13.27 13.45 13.13 13.13
2000-08-31 11.33 11.69 11.15 11.15
2000-10-09 11.06 11.08 10.85 10.85
2000-10-16 11.69 11.8 11.25 11.25
2000-11-28 11.64 11.67 11.41 11.41
2001-04-09 11.42 11.45 11.04 11.04
2001-04-10 11.61 11.65 11.43 11.43
2001-04-23 11.59 11.79 11.55 11.55
2001-04-24 11.93 12.05 11.62 11.62
2001-04-27 11.88 11.95 11.66 11.66
2001-05-10 12.6 12.67 12.23 12.23
2001-06-21 12.0 12.0 11.86 11.86
2001-07-31 12.43 12.85 12.0 12.0
2001-08-01 13.35 13.47 12.48 12.48
2001-11-30 11.4 11.4 11.15 11.15
2001-12-06 11.35 11.42 11.23 11.23
2001-12-28 10.55 10.6 10.3 10.3
2002-01-31 10.36 10.52 9.8 9.8
2002-02-07 10.79 10.95 10.55 10.55
2002-03-19 12.0 12.1 11.78 11.78
2002-04-09 12.74 12.97 12.43 12.43
2002-05-28 12.03 12.18 11.85 11.85
2002-07-12 11.96 12.13 11.91 11.91
2002-07-15 12.06 12.09 11.91 11.91
2002-08-20 11.63 11.65 11.43 11.43
2002-10-16 10.44 10.64 10.36 10.36
2002-11-05 9.96 9.97 9.61 9.61
2003-01-27 9.24 9.32 9.15 9.15
2003-02-24 9.49 9.52 9.35 9.35
2003-02-25 9.81 9.9 9.47 9.47
2003-03-21 9.53 9.58 9.45 9.45
2003-06-11 7.88 7.9 7.71 7.71
2003-06-12 8.07 8.24 7.98 7.98
2003-06-17 8.03 8.09 7.93 7.93
2003-07-08 7.39 7.5 7.3 7.3
2003-07-16 7.27 7.3 7.2 7.2
2003-07-23 6.83 6.85 6.76 6.76
2003-07-29 6.51 6.54 6.43 6.43
2003-09-11 7.6 7.8 7.36 7.36
2003-11-03 7.15 7.17 7.01 7.01
2003-11-18 6.71 6.75 6.6 6.6
2004-04-02 9.97 10.11 9.83 9.83
2004-07-14 8.4 8.4 8.18 8.18
2004-08-03 8.22 8.33 8.17 8.17
2004-08-20 8.48 8.48 8.25 8.25
2004-08-26 8.5 8.73 8.42 8.42
2004-12-16 6.37 6.44 6.28 6.28
2004-12-21 5.99 6.05 5.96 5.96
2004-12-22 6.34 6.35 6.0 6.0
2004-12-27 6.3 6.38 6.22 6.22
2005-03-11 6.28 6.3 6.2 6.2
2005-04-07 4.66 4.79 4.5 4.5
2005-04-15 4.96 4.98 4.78 4.78
2005-04-22 4.6 4.63 4.43 4.43
2005-12-19 3.52 3.56 3.49 3.49
2006-03-13 3.93 3.96 3.8 3.8
2006-04-06 4.65 4.9 4.53 4.53
2006-10-25 4.34 4.46 4.21 4.21
2006-11-28 4.9 4.96 4.76 4.76
2007-03-02 6.61 6.61 6.07 6.07
2007-06-08 19.55 19.55 19.55 19.55
2007-06-11 21.51 21.51 21.51 21.51
2008-01-02 22.52 22.55 20.5 20.5
2008-01-03 23.67 24.38 22.18 22.18
2008-01-30 19.92 20.3 19.15 19.15
2008-04-30 15.28 15.37 14.55 14.55
2008-08-22 8.15 8.4 7.93 7.93
2008-09-09 7.94 8.09 7.83 7.83
2008-11-14 5.87 5.87 5.41 5.41
2008-12-03 6.11 6.13 5.84 5.84
2008-12-05 6.74 6.74 6.13 6.13
2008-12-25 6.85 7.03 6.73 6.73
2009-01-22 8.23 8.34 8.11 8.11
2009-02-23 9.16 9.37 8.95 8.95
2009-03-18 10.38 10.38 9.65 9.65
2009-05-04 12.63 12.63 11.55 11.55
2009-06-01 14.49 14.5 13.57 13.57
2009-11-30 17.45 17.54 16.85 16.85
2010-01-21 16.56 16.79 15.75 15.75
2010-02-25 14.34 14.35 14.0 14.0
2010-09-21 11.93 12.0 11.8 11.8
2010-10-11 12.69 12.85 12.0 12.0
2010-10-13 14.3 14.53 13.46 13.46
2010-10-18 15.89 16.37 15.28 15.28
2010-10-21 15.45 15.92 14.75 14.75
2011-03-10 14.47 14.63 14.12 14.12
2011-03-28 16.2 16.4 15.75 15.75
2011-07-07 14.9 15.31 14.78 14.78
2011-07-11 14.87 15.13 14.75 14.75
2011-08-11 13.48 13.6 13.14 13.14
2011-10-26 11.3 11.31 10.8 10.8
2011-10-28 11.68 12.44 11.36 11.36
2011-12-07 10.87 10.97 10.71 10.71
2011-12-09 11.24 11.33 10.88 10.88
2012-02-06 9.34 9.44 9.15 9.15
2012-02-10 9.81 10.25 9.58 9.58
2012-09-07 9.29 9.39 9.03 9.03
2012-09-25 8.86 8.98 8.8 8.8
2012-09-27 8.92 9.0 8.64 8.64
2012-10-10 9.59 9.84 9.36 9.36
2013-02-22 10.7 10.81 10.66 10.66
2013-02-28 10.71 10.78 10.43 10.43
2013-04-09 9.84 9.86 9.69 9.69
2013-04-15 9.84 9.95 9.66 9.66
2013-07-11 8.88 9.06 8.43 8.43
2013-07-15 8.99 9.05 8.8 8.8
2013-07-23 8.7 8.76 8.44 8.44
2014-01-02 9.17 9.24 9.05 9.05
2014-01-07 8.89 9.03 8.81 8.81
2014-01-27 9.03 9.16 8.92 8.92
2014-03-17 8.4 8.46 8.3 8.3
2014-03-24 9.12 9.24 8.85 8.85
2014-05-28 8.9 8.92 8.76 8.76
2014-06-27 8.51 8.57 8.4 8.4
2014-07-04 8.83 8.88 8.7 8.7
2014-07-11 9.02 9.06 8.83 8.83
2014-12-03 12.46 13.19 12.21 12.21
2015-01-07 14.75 15.01 14.5 14.5
2015-01-14 14.34 14.49 14.03 14.03
2015-04-21 20.33 20.38 19.5 19.5
2015-07-09 12.33 12.33 11.21 11.21
2015-07-16 12.4 12.59 11.78 11.78
2015-11-17 11.87 12.09 11.8 11.8
2016-02-02 9.21 9.26 8.91 8.91
2016-07-25 7.02 7.07 6.98 6.98
2016-08-09 7.26 7.37 7.18 7.18
2016-08-15 7.64 7.81 7.44 7.44
2016-08-18 7.77 8.17 7.69 7.69
2016-08-22 7.69 7.8 7.64 7.64
2016-08-26 7.75 7.92 7.71 7.71
2016-08-29 7.89 7.94 7.72 7.72
2016-12-09 7.69 7.74 7.64 7.64
2017-01-23 7.14 7.17 7.1 7.1
2017-01-25 7.15 7.16 7.13 7.13
2017-02-20 7.34 7.34 7.22 7.22
2017-02-22 7.35 7.37 7.33 7.33
2017-05-25 4.84 4.84 4.71 4.71
