1994-03-04 11.75 11.75 10.7 10.7
1994-03-07 12.32 12.35 12.0 12.0
1994-03-22 13.65 13.89 13.5 13.5
1994-04-21 10.9 11.0 9.2 9.2
1994-05-17 11.76 11.78 11.2 11.2
1994-05-24 12.3 12.3 11.9 11.9
1994-05-26 11.9 12.39 11.78 11.78
1994-06-22 10.0 10.09 9.72 9.72
1994-07-13 8.32 8.34 8.2 8.2
1994-08-25 11.56 12.2 11.21 11.21
1994-09-09 19.25 19.78 18.0 18.0
1994-09-19 17.02 17.9 17.01 17.01
1994-10-20 13.58 13.58 12.25 12.25
1994-10-27 13.08 13.15 12.5 12.5
1994-10-31 12.2 12.4 12.01 12.01
1994-11-03 13.55 13.65 12.76 12.76
1994-11-09 13.63 13.7 12.8 12.8
1994-11-21 13.07 13.28 12.8 12.8
1994-11-29 12.98 12.98 12.62 12.62
1994-12-23 14.13 15.11 14.0 14.0
1994-12-26 15.08 15.32 14.3 14.3
1995-01-18 13.2 13.28 13.05 13.05
1995-02-09 11.67 11.78 11.38 11.38
1995-02-13 11.41 11.48 11.07 11.07
1995-02-20 11.05 11.18 10.98 10.98
1995-03-14 13.16 13.45 13.0 13.0
1995-03-17 13.6 13.65 13.2 13.2
1995-04-07 15.8 16.22 15.5 15.5
1995-05-05 14.8 15.01 14.32 14.32
1995-05-09 14.9 14.95 14.68 14.68
1995-06-07 19.68 19.68 18.2 18.2
1995-06-09 19.03 19.1 18.5 18.5
1995-06-19 17.31 17.4 16.7 16.7
1995-06-23 17.38 17.55 17.2 17.2
1995-07-06 18.0 18.15 17.7 17.7
1995-07-12 18.2 18.54 18.15 18.15
1995-07-17 19.0 19.2 18.16 18.16
1995-07-26 19.38 20.0 19.1 19.1
1995-08-03 13.34 13.4 13.1 13.1
1995-08-07 13.41 13.56 13.28 13.28
1995-08-31 11.98 12.09 11.9 11.9
1995-09-11 12.1 12.35 11.9 11.9
1995-09-22 10.98 11.1 10.8 10.8
1995-10-13 10.54 10.66 10.23 10.23
1995-10-16 10.77 11.0 10.5 10.5
1995-10-17 10.77 11.0 10.5 10.5
1995-10-18 10.7 10.85 10.58 10.58
1995-11-07 11.28 11.6 11.2 11.2
1995-11-10 10.86 11.0 10.8 10.8
1995-11-16 10.56 10.65 10.41 10.41
1995-11-20 10.51 10.7 10.4 10.4
1995-11-21 10.59 10.68 10.5 10.5
1995-12-04 10.42 10.56 10.3 10.3
1995-12-05 10.39 10.5 10.33 10.33
1995-12-15 9.83 9.87 9.78 9.78
1996-01-02 8.74 8.82 8.6 8.6
1996-01-08 8.48 8.8 8.0 8.0
1996-01-12 8.21 8.57 8.11 8.11
1996-01-24 7.75 7.84 7.64 7.64
1996-02-02 8.0 8.0 7.9 7.9
1996-02-07 7.8 7.9 7.76 7.76
1996-02-08 7.85 8.0 7.75 7.75
1996-02-09 7.97 8.0 7.75 7.75
1996-02-13 7.97 7.98 7.93 7.93
1996-02-15 8.13 8.14 8.0 8.0
1996-02-16 8.45 8.5 8.12 8.12
1996-03-13 8.68 8.7 8.53 8.53
1996-03-18 8.65 8.83 8.54 8.54
1996-03-28 8.36 8.58 8.35 8.35
1996-04-02 8.5 8.8 8.4 8.4
1996-04-03 8.6 8.61 8.4 8.4
1996-04-04 8.66 8.74 8.5 8.5
1996-04-09 9.12 9.2 9.05 9.05
1996-04-10 9.18 9.22 9.09 9.09
1996-04-24 10.8 10.8 10.5 10.5
1996-05-06 11.36 11.78 11.01 11.01
1996-05-17 12.25 12.4 11.53 11.53
1996-06-10 14.78 14.9 13.7 13.7
1996-06-24 14.43 14.6 14.3 14.3
1996-06-26 14.37 14.4 14.06 14.06
1996-07-09 15.52 15.8 14.38 14.38
1996-07-10 14.9 15.49 14.8 14.8
1996-07-17 11.66 12.35 11.65 11.65
1996-07-22 12.58 13.05 12.3 12.3
1996-07-24 13.29 13.29 12.45 12.45
1996-08-30 12.75 12.8 12.6 12.6
1996-09-20 12.82 12.9 12.0 12.0
1996-10-11 13.58 13.77 13.12 13.12
1996-10-15 15.69 15.69 14.02 14.02
1996-10-28 14.58 14.89 14.5 14.5
1996-12-16 11.15 11.15 11.15 11.15
1996-12-17 10.04 10.3 10.04 10.04
1997-01-03 9.69 9.82 9.51 9.51
1997-01-07 9.84 9.88 9.5 9.5
1997-01-15 10.1 10.1 9.92 9.92
1997-01-22 10.26 10.26 10.02 10.02
1997-02-17 10.45 10.8 10.28 10.28
1997-02-25 10.8 11.2 10.75 10.75
1997-02-26 11.05 11.1 10.8 10.8
1997-03-03 11.67 11.68 11.0 11.0
1997-03-17 13.06 13.28 12.65 12.65
1997-04-28 15.9 16.58 15.8 15.8
1997-05-16 13.72 14.78 13.68 13.68
1997-05-22 13.35 13.98 13.2 13.2
1997-06-13 9.08 9.4 8.4 8.4
1997-06-20 9.36 9.4 9.05 9.05
1997-06-24 9.25 9.25 9.05 9.05
1997-07-11 7.97 7.99 7.71 7.71
1997-08-01 8.48 8.56 8.3 8.3
1997-08-04 8.75 8.82 8.39 8.39
1997-08-14 8.42 8.46 8.0 8.0
1997-08-25 9.27 9.4 9.0 9.0
1997-09-16 8.45 8.58 8.4 8.4
1997-10-08 8.14 8.2 7.9 7.9
1997-10-10 8.05 8.1 7.94 7.94
1997-10-27 8.53 8.65 8.1 8.1
1997-11-03 7.92 8.02 7.9 7.9
1997-11-04 8.01 8.09 7.92 7.92
1997-11-07 8.0 8.0 7.88 7.88
1997-12-05 7.46 7.51 7.43 7.43
1998-01-05 8.1 8.15 7.85 7.85
1998-01-14 8.26 8.34 7.98 7.98
1998-02-11 8.4 8.46 8.28 8.28
1998-02-13 8.41 8.47 8.3 8.3
1998-03-05 8.14 8.17 8.08 8.08
1998-03-23 7.7 7.72 7.61 7.61
1998-03-27 8.1 8.25 7.85 7.85
1998-04-10 8.52 8.58 8.35 8.35
1998-04-17 8.67 8.96 8.49 8.49
1998-05-05 9.27 9.44 9.05 9.05
1998-05-28 10.15 10.35 9.96 9.96
1998-06-17 8.95 9.18 8.88 8.88
1998-07-10 8.88 8.97 8.41 8.41
1998-07-13 8.87 9.08 8.86 8.86
1998-07-16 9.36 9.6 9.1 9.1
1998-07-28 9.46 9.65 9.4 9.4
1998-08-04 9.08 9.16 9.02 9.02
1998-08-06 9.15 9.3 9.13 9.13
1998-08-19 7.45 7.48 7.19 7.19
1998-09-10 8.05 8.1 7.65 7.65
1998-09-30 8.16 8.25 8.09 8.09
1998-10-07 8.38 8.49 7.9 7.9
1998-10-12 9.05 9.28 8.53 8.53
1998-10-22 8.32 8.49 8.1 8.1
1998-10-28 8.89 8.93 8.55 8.55
1998-11-24 8.2 8.26 8.08 8.08
1998-12-11 7.76 7.8 7.66 7.66
1998-12-22 7.46 7.47 7.25 7.25
1999-01-21 7.52 7.58 7.37 7.37
1999-02-02 7.29 7.31 7.25 7.25
1999-02-03 7.28 7.48 7.28 7.28
1999-03-03 7.44 7.44 7.18 7.18
1999-03-19 7.64 7.75 7.48 7.48
1999-03-29 7.44 7.51 7.35 7.35
1999-04-07 7.68 7.7 7.61 7.61
1999-04-09 8.08 8.09 7.66 7.66
1999-06-02 8.45 8.45 8.01 8.01
1999-06-07 7.84 7.96 7.65 7.65
1999-06-09 8.6 8.6 8.05 8.05
1999-06-28 9.49 9.6 9.15 9.15
1999-07-14 8.27 8.37 8.08 8.08
1999-07-23 8.25 8.46 8.13 8.13
1999-07-29 8.9 9.07 8.7 8.7
1999-08-18 9.5 9.6 8.86 8.86
1999-09-03 9.66 9.95 9.6 9.6
1999-09-08 9.56 9.65 9.48 9.48
1999-09-09 10.0 10.1 9.6 9.6
1999-09-21 9.51 9.57 9.41 9.41
1999-10-26 8.44 8.49 8.31 8.31
1999-11-01 8.53 8.68 8.41 8.41
1999-12-01 9.05 9.15 8.51 8.51
1999-12-15 8.76 8.98 8.57 8.57
1999-12-28 8.06 8.3 7.98 7.98
1999-12-30 8.24 8.26 8.1 8.1
2000-01-04 8.47 8.49 8.3 8.3
2000-01-21 10.31 10.31 9.45 9.45
2000-02-28 15.27 15.27 14.0 14.0
2000-03-01 15.73 15.73 14.5 14.5
2000-03-07 13.88 13.93 13.21 13.21
2000-03-24 12.77 13.1 12.02 12.02
2000-04-13 13.14 13.3 13.0 13.0
2000-04-19 14.15 14.29 13.0 13.0
2000-04-24 14.2 14.78 13.75 13.75
2000-05-19 13.18 13.25 12.45 12.45
2000-05-24 13.48 13.6 13.22 13.22
2000-07-10 13.28 13.35 13.0 13.0
2000-07-17 13.27 13.45 13.13 13.13
2000-08-21 11.37 11.4 11.1 11.1
2000-08-30 11.15 11.4 11.04 11.04
2000-08-31 11.33 11.69 11.15 11.15
2000-09-11 10.95 11.05 10.75 10.75
2000-09-29 10.83 10.84 10.62 10.62
2000-10-09 11.06 11.08 10.85 10.85
2000-10-16 11.69 11.8 11.25 11.25
2000-11-10 11.47 11.48 11.32 11.32
2000-11-22 11.82 11.89 11.7 11.7
2000-11-28 11.64 11.67 11.41 11.41
2000-12-13 11.56 11.65 11.42 11.42
2001-01-03 11.4 11.54 11.32 11.32
2001-01-19 10.2 10.25 10.13 10.13
2001-03-01 9.57 9.65 9.45 9.45
2001-03-14 9.79 9.84 9.55 9.55
2001-04-03 11.32 11.34 11.05 11.05
2001-04-09 11.42 11.45 11.04 11.04
2001-04-10 11.61 11.65 11.43 11.43
2001-04-20 11.5 11.88 11.35 11.35
2001-04-23 11.59 11.79 11.55 11.55
2001-04-24 11.93 12.05 11.62 11.62
2001-04-27 11.88 11.95 11.66 11.66
2001-05-10 12.6 12.67 12.23 12.23
2001-05-25 12.72 12.87 12.55 12.55
2001-06-13 12.48 12.72 12.35 12.35
2001-06-21 12.0 12.0 11.86 11.86
2001-07-26 13.15 13.22 12.72 12.72
2001-07-31 12.43 12.85 12.0 12.0
2001-08-01 13.35 13.47 12.48 12.48
2001-09-04 12.62 12.72 12.06 12.06
2001-09-28 11.18 11.27 11.0 11.0
2001-11-27 11.3 11.32 11.03 11.03
2001-11-30 11.4 11.4 11.15 11.15
2001-12-06 11.35 11.42 11.23 11.23
2001-12-21 10.61 10.65 10.4 10.4
2001-12-28 10.55 10.6 10.3 10.3
2002-01-25 10.36 10.65 10.3 10.3
2002-01-31 10.36 10.52 9.8 9.8
2002-02-07 10.79 10.95 10.55 10.55
2002-03-14 12.32 12.38 11.89 11.89
2002-03-19 12.0 12.1 11.78 11.78
2002-04-01 11.87 11.95 11.61 11.61
2002-04-09 12.74 12.97 12.43 12.43
2002-04-26 13.2 13.3 12.8 12.8
2002-05-23 12.09 12.31 12.05 12.05
2002-05-28 12.03 12.18 11.85 11.85
2002-06-20 10.83 10.92 10.7 10.7
2002-07-11 11.9 12.12 11.76 11.76
2002-07-12 11.96 12.13 11.91 11.91
2002-07-15 12.06 12.09 11.91 11.91
2002-08-13 11.66 11.7 11.55 11.55
2002-08-20 11.63 11.65 11.43 11.43
2002-09-13 10.98 11.01 10.9 10.9
2002-10-10 10.32 10.65 10.3 10.3
2002-10-16 10.44 10.64 10.36 10.36
2002-11-04 9.59 9.65 9.49 9.49
2002-11-05 9.96 9.97 9.61 9.61
2002-12-09 10.28 10.47 10.2 10.2
2003-01-03 8.54 8.65 8.48 8.48
2003-01-24 9.13 9.15 8.93 8.93
2003-01-27 9.24 9.32 9.15 9.15
2003-02-17 9.66 9.83 9.45 9.45
2003-02-24 9.49 9.52 9.35 9.35
2003-02-25 9.81 9.9 9.47 9.47
2003-03-14 9.75 9.84 9.67 9.67
2003-03-21 9.53 9.58 9.45 9.45
2003-04-01 9.59 9.66 9.39 9.39
2003-04-10 9.49 9.53 9.32 9.32
2003-05-16 8.2 8.4 7.95 7.95
2003-06-10 7.71 8.0 7.65 7.65
2003-06-11 7.88 7.9 7.71 7.71
2003-06-12 8.07 8.24 7.98 7.98
2003-06-17 8.03 8.09 7.93 7.93
2003-07-01 7.35 7.48 7.35 7.35
2003-07-08 7.39 7.5 7.3 7.3
2003-07-16 7.27 7.3 7.2 7.2
2003-07-23 6.83 6.85 6.76 6.76
2003-07-29 6.51 6.54 6.43 6.43
2003-09-08 7.62 7.7 7.05 7.05
2003-09-11 7.6 7.8 7.36 7.36
2003-09-30 7.17 7.22 7.0 7.0
2003-10-29 7.01 7.17 6.85 6.85
2003-11-03 7.15 7.17 7.01 7.01
2003-11-14 6.64 6.78 6.4 6.4
2003-11-18 6.71 6.75 6.6 6.6
2003-12-11 7.42 7.6 7.38 7.38
2004-02-10 10.1 10.39 9.94 9.94
2004-03-15 9.38 9.44 9.18 9.18
2004-03-25 9.85 9.88 9.47 9.47
2004-04-02 9.97 10.11 9.83 9.83
2004-04-13 10.35 10.52 10.09 10.09
2004-07-09 8.39 8.43 8.3 8.3
2004-07-14 8.4 8.4 8.18 8.18
2004-07-28 8.2 8.21 7.95 7.95
2004-08-03 8.22 8.33 8.17 8.17
2004-08-17 8.4 8.45 8.18 8.18
2004-08-20 8.48 8.48 8.25 8.25
2004-08-26 8.5 8.73 8.42 8.42
2004-09-20 9.21 9.25 8.82 8.82
2004-10-13 9.45 9.65 9.38 9.38
2004-11-03 5.45 5.47 5.33 5.33
2004-12-01 6.57 6.72 6.32 6.32
2004-12-14 6.37 6.47 6.3 6.3
2004-12-16 6.37 6.44 6.28 6.28
2004-12-21 5.99 6.05 5.96 5.96
2004-12-22 6.34 6.35 6.0 6.0
2004-12-27 6.3 6.38 6.22 6.22
2005-01-18 6.37 6.38 6.23 6.23
2005-02-04 6.88 6.95 6.56 6.56
2005-02-25 7.12 7.35 7.1 7.1
2005-03-08 6.57 6.63 6.35 6.35
2005-03-11 6.28 6.3 6.2 6.2
2005-04-06 4.54 4.58 4.39 4.39
2005-04-07 4.66 4.79 4.5 4.5
2005-04-15 4.96 4.98 4.78 4.78
2005-04-22 4.6 4.63 4.43 4.43
2005-05-24 3.61 3.7 3.52 3.52
2005-06-08 3.84 3.84 3.49 3.49
2005-09-07 4.83 4.88 4.55 4.55
2005-11-02 3.57 3.63 3.49 3.49
2005-11-14 3.68 3.71 3.6 3.6
2005-11-30 3.53 3.55 3.48 3.48
2005-12-14 3.56 3.56 3.44 3.44
2005-12-19 3.52 3.56 3.49 3.49
2006-03-10 3.81 3.84 3.78 3.78
2006-03-13 3.93 3.96 3.8 3.8
2006-04-03 4.49 4.6 4.36 4.36
2006-04-06 4.65 4.9 4.53 4.53
2006-05-19 5.63 5.63 5.08 5.08
2006-10-24 4.2 4.23 4.08 4.08
2006-10-25 4.34 4.46 4.21 4.21
2006-11-09 4.17 4.2 4.03 4.03
2006-11-20 4.4 4.46 4.14 4.14
2006-11-28 4.9 4.96 4.76 4.76
2006-12-21 5.0 5.11 4.88 4.88
2007-01-04 5.1 5.4 5.05 5.05
2007-01-15 5.74 5.75 5.35 5.35
2007-02-28 6.2 6.21 5.75 5.75
2007-03-02 6.61 6.61 6.07 6.07
2007-03-21 7.45 7.67 7.22 7.22
2007-04-18 9.19 9.4 9.0 9.0
2007-05-24 16.15 16.15 14.64 14.64
2007-06-07 17.77 17.77 17.77 17.77
2007-06-08 19.55 19.55 19.55 19.55
2007-06-11 21.51 21.51 21.51 21.51
2007-07-17 24.31 24.77 22.65 22.65
2007-08-02 31.46 31.49 29.99 29.99
2007-08-20 30.75 30.97 29.17 29.17
2007-09-04 34.44 34.44 31.55 31.55
2007-09-19 29.62 30.73 29.31 29.31
2007-12-05 20.14 20.22 19.2 19.2
2007-12-26 19.97 19.99 18.35 18.35
2008-01-02 22.52 22.55 20.5 20.5
2008-01-03 23.67 24.38 22.18 22.18
2008-01-23 19.87 20.0 18.55 18.55
2008-01-30 19.92 20.3 19.15 19.15
2008-04-29 14.51 14.95 14.25 14.25
2008-04-30 15.28 15.37 14.55 14.55
2008-06-03 13.78 13.93 13.31 13.31
2008-07-14 11.41 11.42 11.02 11.02
2008-07-28 11.8 12.09 11.75 11.75
2008-08-07 10.46 10.71 10.3 10.3
2008-08-20 8.41 8.43 7.55 7.55
2008-08-22 8.15 8.4 7.93 7.93
2008-09-05 8.37 8.63 8.1 8.1
2008-09-09 7.94 8.09 7.83 7.83
2008-10-07 7.01 7.26 6.56 6.56
2008-10-31 4.8 4.86 4.71 4.71
2008-11-13 5.34 5.45 5.01 5.01
2008-11-14 5.87 5.87 5.41 5.41
2008-12-01 5.84 5.92 5.58 5.58
2008-12-03 6.11 6.13 5.84 5.84
2008-12-05 6.74 6.74 6.13 6.13
2008-12-24 6.71 7.02 6.63 6.63
2008-12-25 6.85 7.03 6.73 6.73
2009-01-19 8.13 8.13 7.46 7.46
2009-01-22 8.23 8.34 8.11 8.11
2009-02-13 9.76 9.88 9.25 9.25
2009-02-23 9.16 9.37 8.95 8.95
2009-03-05 9.17 9.24 8.75 8.75
2009-03-17 9.44 9.44 8.58 8.58
2009-03-18 10.38 10.38 9.65 9.65
2009-04-30 11.48 11.9 11.22 11.22
2009-05-04 12.63 12.63 11.55 11.55
2009-05-27 13.56 13.87 13.46 13.46
2009-06-01 14.49 14.5 13.57 13.57
2009-06-15 13.5 13.52 12.92 12.92
2009-06-26 14.39 14.66 13.85 13.85
2009-07-23 17.7 18.19 17.35 17.35
2009-08-12 16.23 16.54 16.03 16.03
2009-10-14 15.08 15.32 14.62 14.62
2009-11-10 17.47 17.73 16.84 16.84
2009-11-20 18.92 19.05 18.6 18.6
2009-11-30 17.45 17.54 16.85 16.85
2010-01-18 15.37 15.45 14.99 14.99
2010-01-21 16.56 16.79 15.75 15.75
2010-02-11 14.13 14.4 13.86 13.86
2010-02-25 14.34 14.35 14.0 14.0
2010-03-17 14.58 14.66 14.11 14.11
2010-03-30 15.74 16.09 15.52 15.52
2010-05-07 10.06 10.27 9.81 9.81
2010-05-21 10.44 10.55 9.57 9.57
2010-06-02 10.08 10.14 9.69 9.69
2010-07-19 13.15 13.23 12.45 12.45
2010-09-13 12.27 12.43 11.98 11.98
2010-09-21 11.93 12.0 11.8 11.8
2010-10-11 12.69 12.85 12.0 12.0
2010-10-13 14.3 14.53 13.46 13.46
2010-10-18 15.89 16.37 15.28 15.28
2010-10-21 15.45 15.92 14.75 14.75
2010-11-08 16.0 16.62 15.68 15.68
2010-11-17 12.8 13.15 12.28 12.28
2010-12-01 13.22 13.48 13.1 13.1
2010-12-16 13.15 13.35 13.0 13.0
2011-01-10 14.67 15.07 14.35 14.35
2011-02-09 12.07 12.3 11.9 11.9
2011-03-07 13.79 14.62 13.76 13.76
2011-03-10 14.47 14.63 14.12 14.12
2011-03-23 15.23 15.39 14.37 14.37
2011-03-28 16.2 16.4 15.75 15.75
2011-04-18 15.49 16.08 14.8 14.8
2011-05-13 15.03 15.08 14.4 14.4
2011-05-24 13.9 14.18 13.55 13.55
2011-06-30 14.63 14.78 14.25 14.25
2011-07-07 14.9 15.31 14.78 14.78
2011-07-11 14.87 15.13 14.75 14.75
2011-07-27 13.79 13.9 13.51 13.51
2011-08-05 13.46 13.58 13.2 13.2
2011-08-11 13.48 13.6 13.14 13.14
2011-10-25 10.95 11.04 10.55 10.55
2011-10-26 11.3 11.31 10.8 10.8
2011-10-28 11.68 12.44 11.36 11.36
2011-12-06 10.71 10.88 10.63 10.63
2011-12-07 10.87 10.97 10.71 10.71
2011-12-09 11.24 11.33 10.88 10.88
2011-12-26 10.23 10.34 9.97 9.97
2012-02-02 9.05 9.07 8.87 8.87
2012-02-06 9.34 9.44 9.15 9.15
2012-02-10 9.81 10.25 9.58 9.58
2012-02-22 10.32 10.35 9.9 9.9
2012-03-08 12.02 12.25 11.83 11.83
2012-03-22 11.41 11.42 10.85 10.85
2012-05-18 11.97 12.14 11.85 11.85
2012-06-11 12.0 12.22 11.75 11.75
2012-07-11 10.16 10.23 10.05 10.05
2012-08-31 8.89 8.91 8.8 8.8
2012-09-07 9.29 9.39 9.03 9.03
2012-09-18 8.95 9.04 8.89 8.89
2012-09-25 8.86 8.98 8.8 8.8
2012-09-27 8.92 9.0 8.64 8.64
2012-10-10 9.59 9.84 9.36 9.36
2012-11-01 9.81 10.06 9.41 9.41
2012-12-06 10.2 10.32 10.11 10.11
2013-01-28 11.7 11.75 11.31 11.31
2013-02-08 11.12 11.15 11.01 11.01
2013-02-22 10.7 10.81 10.66 10.66
2013-02-28 10.71 10.78 10.43 10.43
2013-04-01 9.87 10.0 9.62 9.62
2013-04-09 9.84 9.86 9.69 9.69
2013-04-15 9.84 9.95 9.66 9.66
2013-05-22 10.46 10.57 10.28 10.28
2013-07-05 8.58 8.83 8.5 8.5
2013-07-11 8.88 9.06 8.43 8.43
2013-07-15 8.99 9.05 8.8 8.8
2013-07-23 8.7 8.76 8.44 8.44
2013-08-07 9.05 9.22 9.01 9.01
2013-08-26 9.29 9.31 8.86 8.86
2013-09-06 10.31 10.57 9.95 9.95
2013-12-13 9.31 9.37 9.23 9.23
2013-12-24 8.77 8.86 8.7 8.7
2014-01-02 9.17 9.24 9.05 9.05
2014-01-07 8.89 9.03 8.81 8.81
2014-01-21 8.57 8.64 8.39 8.39
2014-01-27 9.03 9.16 8.92 8.92
2014-03-11 8.12 8.17 7.93 7.93
2014-03-17 8.4 8.46 8.3 8.3
2014-03-24 9.12 9.24 8.85 8.85
2014-05-23 8.76 8.83 8.65 8.65
2014-05-28 8.9 8.92 8.76 8.76
2014-06-20 8.28 8.31 8.19 8.19
2014-06-27 8.51 8.57 8.4 8.4
2014-07-04 8.83 8.88 8.7 8.7
2014-07-11 9.02 9.06 8.83 8.83
2014-08-11 9.74 9.77 9.66 9.66
2014-08-29 9.53 9.55 9.4 9.4
2014-09-23 9.9 9.92 9.8 9.8
2014-10-28 10.02 10.03 9.81 9.81
2014-11-28 12.21 12.25 11.54 11.54
2014-12-03 12.46 13.19 12.21 12.21
2014-12-29 13.25 13.52 13.0 13.0
2015-01-07 14.75 15.01 14.5 14.5
2015-01-14 14.34 14.49 14.03 14.03
2015-01-30 14.09 14.35 13.8 13.8
2015-03-27 19.25 19.37 18.38 18.38
2015-04-13 21.52 21.65 20.92 20.92
2015-04-21 20.33 20.38 19.5 19.5
2015-05-19 20.62 20.67 19.86 19.86
2015-06-02 25.61 25.77 23.99 23.99
2015-06-11 17.65 18.18 17.27 17.27
2015-07-08 11.21 11.6 9.93 9.93
2015-07-09 12.33 12.33 11.21 11.21
2015-07-16 12.4 12.59 11.78 11.78
2015-09-11 10.83 10.85 10.26 10.26
2015-09-24 10.06 10.1 9.95 9.95
2015-11-09 11.94 12.09 11.67 11.67
2015-11-17 11.87 12.09 11.8 11.8
2015-12-29 12.42 12.49 12.26 12.26
2016-01-29 9.11 9.2 8.75 8.75
2016-02-02 9.21 9.26 8.91 8.91
2016-03-14 9.73 9.92 9.59 9.59
2016-04-11 10.5 10.55 10.32 10.32
2016-05-23 9.69 9.74 9.62 9.62
2016-07-01 6.85 6.92 6.8 6.8
2016-07-21 7.06 7.1 7.04 7.04
2016-07-25 7.02 7.07 6.98 6.98
2016-08-03 6.94 6.96 6.87 6.87
2016-08-09 7.26 7.37 7.18 7.18
2016-08-15 7.64 7.81 7.44 7.44
2016-08-18 7.77 8.17 7.69 7.69
2016-08-22 7.69 7.8 7.64 7.64
2016-08-26 7.75 7.92 7.71 7.71
2016-08-29 7.89 7.94 7.72 7.72
2016-09-19 7.59 7.62 7.53 7.53
2016-09-29 7.63 7.71 7.61 7.61
2016-11-10 7.56 7.56 7.5 7.5
2016-12-01 8.03 8.08 7.8 7.8
2016-12-09 7.69 7.74 7.64 7.64
2017-01-17 7.04 7.05 6.97 6.97
2017-01-23 7.14 7.17 7.1 7.1
2017-01-25 7.15 7.16 7.13 7.13
2017-02-16 7.26 7.27 7.22 7.22
2017-02-20 7.34 7.34 7.22 7.22
2017-02-22 7.35 7.37 7.33 7.33
2017-04-05 7.42 7.43 7.31 7.31
2017-05-24 4.73 4.74 4.66 4.66
2017-05-25 4.84 4.84 4.71 4.71
2017-06-13 4.84 4.86 4.8 4.8
2017-07-03 4.91 4.91 4.88 4.88
2017-08-14 4.96 4.96 4.9 4.9
2017-08-22 5.1 5.11 5.01 5.01
