2001-04-06 34.0 34.28 33.16 33.16
2001-04-09 34.39 34.7 33.98 33.98
2001-04-27 33.6 34.05 33.5 33.5
2001-05-08 33.99 34.38 33.71 33.71
2001-05-29 33.59 33.79 33.2 33.2
2001-06-15 34.63 34.8 33.88 33.88
2001-06-26 34.45 34.8 34.28 34.28
2001-08-01 31.3 31.3 29.72 29.72
2001-08-07 29.7 29.97 28.9 28.9
2001-08-15 30.72 31.0 30.65 30.65
2001-08-20 31.4 31.5 29.81 29.81
2001-10-09 30.15 30.2 29.5 29.5
2001-10-29 27.38 27.68 27.0 27.0
2001-11-09 26.7 27.05 25.49 25.49
2001-11-19 14.18 14.2 13.38 13.38
2001-11-28 15.0 15.22 15.0 15.0
2001-12-10 15.3 15.34 15.09 15.09
2001-12-14 14.26 14.56 14.08 14.08
2001-12-18 14.62 14.7 14.2 14.2
2001-12-21 13.91 13.98 13.7 13.7
2001-12-28 13.23 13.25 13.0 13.0
2002-01-31 10.12 10.12 9.4 9.4
2002-03-05 12.17 12.41 11.32 11.32
2002-03-19 13.93 13.98 13.15 13.15
2002-03-25 13.73 13.75 13.48 13.48
2002-04-16 12.36 12.52 12.3 12.3
2002-04-25 12.15 12.24 12.0 12.0
2002-04-26 12.42 12.48 12.14 12.14
2002-05-09 12.39 12.55 12.36 12.36
2002-05-23 11.5 11.79 11.46 11.46
2002-06-07 10.56 10.95 10.2 10.2
2002-07-23 11.38 11.49 11.35 11.35
2002-08-06 11.06 11.16 10.81 10.81
2002-08-16 10.74 10.85 10.55 10.55
2002-08-20 10.83 10.85 10.6 10.6
2002-08-27 11.45 11.48 10.9 10.9
2002-09-12 10.82 10.9 10.7 10.7
2002-09-19 10.96 11.09 10.67 10.67
2002-09-27 10.58 10.69 10.5 10.5
2002-10-16 10.12 10.2 10.0 10.0
2002-10-22 10.14 10.2 9.93 9.93
2002-10-30 9.63 9.75 9.59 9.59
2002-11-25 8.85 9.0 8.75 8.75
2002-12-03 8.86 8.87 8.55 8.55
2002-12-06 8.89 9.1 8.78 8.78
2002-12-12 8.8 8.9 8.66 8.66
2002-12-13 8.89 8.98 8.6 8.6
2002-12-19 8.9 9.0 8.8 8.8
2003-01-06 8.11 8.14 7.9 7.9
2003-01-14 8.69 8.88 8.3 8.3
2003-02-13 9.09 9.39 9.08 9.08
2003-02-24 8.74 8.78 8.69 8.69
2003-02-25 9.01 9.08 8.72 8.72
2003-03-04 9.05 9.07 8.98 8.98
2003-03-19 8.25 8.32 8.22 8.22
2003-03-21 8.29 8.34 8.2 8.2
2003-06-11 7.8 7.82 7.49 7.49
2003-06-13 7.9 7.95 7.76 7.76
2003-06-16 8.02 8.18 7.93 7.93
2003-06-23 7.81 7.86 7.75 7.75
2003-07-08 7.89 7.89 7.73 7.73
2003-07-10 7.72 7.89 7.62 7.62
2003-07-17 7.68 7.76 7.59 7.59
2003-08-11 6.87 6.94 6.8 6.8
2003-08-12 6.93 6.96 6.87 6.87
2003-08-13 6.89 6.95 6.88 6.88
2003-09-09 6.68 6.69 6.62 6.62
2003-09-11 6.7 6.72 6.69 6.69
2003-09-15 6.55 6.65 6.52 6.52
2003-09-16 6.59 6.61 6.55 6.55
2003-09-17 6.56 6.69 6.56 6.56
2003-09-18 6.57 6.67 6.55 6.55
2003-09-29 6.69 6.84 6.62 6.62
2003-09-30 6.67 6.7 6.56 6.56
2003-10-10 6.7 6.7 6.58 6.58
2003-10-13 6.71 6.76 6.69 6.69
2003-10-15 6.69 6.95 6.68 6.68
2003-10-17 6.62 6.69 6.57 6.57
2003-10-24 6.67 6.71 6.65 6.65
2003-11-14 5.85 5.85 5.75 5.75
2003-11-19 5.94 5.98 5.8 5.8
2003-11-24 6.04 6.08 5.87 5.87
2003-12-10 6.06 6.1 6.0 6.0
2003-12-29 5.99 6.0 5.83 5.83
2003-12-31 6.07 6.1 6.02 6.02
2004-01-29 6.12 6.16 5.97 5.97
2004-02-03 6.53 6.72 6.5 6.5
2004-02-11 7.36 7.7 7.15 7.15
2004-02-13 7.33 7.46 7.2 7.2
2004-02-27 7.46 7.5 7.21 7.21
2004-03-04 7.25 7.3 7.11 7.11
2004-03-17 7.23 7.25 7.17 7.17
2004-03-19 7.6 7.6 7.14 7.14
2004-04-08 8.06 8.09 8.02 8.02
2004-04-26 7.71 7.92 7.6 7.6
2004-05-11 7.54 7.66 7.54 7.54
2004-05-13 7.77 7.8 7.65 7.65
2004-05-17 7.57 7.64 7.56 7.56
2004-05-25 7.31 7.49 7.22 7.22
2004-06-02 8.26 8.26 8.1 8.1
2004-06-11 7.3 7.46 7.2 7.2
2004-06-24 7.27 7.28 7.15 7.15
2004-07-01 7.28 7.31 7.0 7.0
2004-07-13 6.39 6.4 6.31 6.31
2004-07-19 6.71 6.84 6.53 6.53
2004-07-21 6.71 6.76 6.52 6.52
2004-08-02 6.75 6.79 6.65 6.65
2004-08-04 6.8 6.83 6.71 6.71
2004-08-09 6.83 6.83 6.76 6.76
2004-08-10 7.16 7.25 6.84 6.84
2004-08-13 6.87 6.95 6.73 6.73
2004-08-20 6.88 6.88 6.61 6.61
2004-08-27 6.8 6.95 6.72 6.72
2004-08-30 6.67 6.99 6.62 6.62
2004-09-03 6.73 6.76 6.6 6.6
2004-09-06 6.79 6.85 6.73 6.73
2004-09-07 6.88 6.88 6.75 6.75
2004-09-14 6.71 6.73 6.63 6.63
2004-09-17 7.26 7.4 6.9 6.9
2004-09-29 7.2 7.25 7.15 7.15
2004-10-19 6.8 6.88 6.7 6.7
2004-10-21 6.68 6.85 6.61 6.61
2004-11-22 6.68 6.71 6.62 6.62
2004-11-24 6.7 6.79 6.4 6.4
2004-12-06 6.64 6.68 6.55 6.55
2004-12-16 6.48 6.5 6.35 6.35
2005-01-27 5.94 6.07 5.84 5.84
2005-02-02 6.05 6.05 5.73 5.73
2005-02-16 6.08 6.08 6.0 6.0
2005-02-22 6.14 6.15 6.02 6.02
2005-03-16 5.75 5.75 5.51 5.51
2005-03-23 5.88 5.97 5.75 5.75
2005-03-24 5.95 5.97 5.85 5.85
2005-04-25 4.22 4.5 4.19 4.19
2005-06-27 2.88 2.92 2.84 2.84
2005-07-14 2.3 2.32 2.25 2.25
2005-07-25 2.31 2.33 2.21 2.21
2005-08-01 2.41 2.42 2.28 2.28
2005-08-08 2.62 2.68 2.5 2.5
2005-08-22 2.62 2.65 2.54 2.54
2005-09-06 3.14 3.14 2.83 2.83
2006-10-17 3.86 3.88 3.8 3.8
2006-10-24 3.73 3.79 3.68 3.68
2006-12-11 3.73 3.78 3.51 3.51
2006-12-12 4.1 4.1 3.73 3.73
2006-12-25 3.97 4.05 3.86 3.86
2006-12-29 4.11 4.18 3.95 3.95
2007-01-09 4.09 4.17 3.99 3.99
2007-01-15 4.91 4.91 4.49 4.49
2007-02-05 4.7 4.81 4.54 4.54
2007-02-12 5.13 5.18 5.01 5.01
2007-02-13 5.17 5.26 5.09 5.09
2007-04-20 8.92 8.99 8.45 8.45
2007-04-23 9.22 9.48 9.0 9.0
2007-04-27 9.4 9.42 9.01 9.01
2007-05-17 11.66 12.15 11.48 11.48
2007-06-07 10.54 10.54 9.45 9.45
2007-06-27 12.49 12.49 11.7 11.7
2007-06-29 11.94 12.11 10.55 10.55
2007-08-20 15.68 15.71 15.1 15.1
2007-08-30 18.66 18.66 17.3 17.3
2007-10-16 14.39 14.78 14.11 14.11
2007-10-24 14.0 14.0 12.58 12.58
2007-11-06 13.95 14.17 13.0 13.0
2007-12-03 11.37 11.58 10.8 10.8
2007-12-04 11.29 11.5 11.23 11.23
2007-12-07 11.95 12.15 11.93 11.93
2007-12-14 11.34 11.39 10.82 10.82
2008-01-23 11.7 11.93 11.22 11.22
2008-02-04 12.36 12.49 11.78 11.78
2008-02-18 12.32 12.35 11.92 11.92
2008-04-23 6.92 6.98 6.41 6.41
2008-04-25 7.98 8.29 7.7 7.7
2008-04-30 8.28 8.3 8.02 8.02
2008-05-14 8.67 8.77 8.2 8.2
2008-06-06 7.45 7.7 7.33 7.33
2008-06-24 5.38 5.47 5.0 5.0
2008-07-25 6.63 6.96 6.2 6.2
2008-08-25 4.61 4.71 4.55 4.55
2008-09-12 4.21 4.28 4.08 4.08
2009-01-14 3.93 3.94 3.75 3.75
2009-01-16 3.99 4.08 3.95 3.95
2009-01-20 4.38 4.38 4.18 4.18
2009-02-06 5.0 5.08 4.8 4.8
2009-02-10 5.62 5.69 5.16 5.16
2009-03-02 4.75 4.77 4.5 4.5
2009-03-03 4.79 4.85 4.61 4.61
2009-03-04 5.14 5.15 4.85 4.85
2009-03-17 5.56 5.68 5.15 5.15
2009-08-04 9.18 9.33 9.03 9.03
2009-09-02 6.92 7.0 6.71 6.71
2009-09-03 7.39 7.47 6.8 6.8
2009-09-17 7.99 8.05 7.73 7.73
2009-10-09 7.22 7.24 6.98 6.98
2009-11-16 9.09 9.26 8.92 8.92
2010-01-15 11.2 11.37 11.05 11.05
2010-02-25 9.37 9.39 9.1 9.1
2010-04-09 9.68 9.75 9.52 9.52
2010-04-22 7.94 8.1 7.87 7.87
2010-05-26 7.2 7.31 7.05 7.05
2010-06-08 6.64 6.71 6.55 6.55
2010-06-23 6.9 6.98 6.81 6.81
2010-07-20 6.39 6.49 6.19 6.19
2010-08-11 7.08 7.1 6.73 6.73
2010-10-08 7.13 7.16 6.9 6.9
2010-11-05 7.31 7.33 7.19 7.19
2010-11-11 7.25 7.39 7.24 7.24
2010-12-01 6.35 6.39 6.28 6.28
2010-12-02 6.42 6.53 6.39 6.39
2010-12-09 7.53 7.7 7.4 7.4
2011-02-23 6.27 6.32 6.15 6.15
2011-03-04 6.69 6.73 6.42 6.42
2011-04-13 7.43 7.44 7.21 7.21
2011-05-18 7.0 7.1 6.93 6.93
2011-06-03 6.34 6.4 6.26 6.26
2011-08-19 7.87 7.93 7.54 7.54
2011-09-01 7.43 7.58 7.3 7.3
2011-09-20 6.51 6.58 6.35 6.35
2011-12-29 4.17 4.24 4.15 4.15
2012-01-09 4.17 4.18 3.95 3.95
2012-01-10 4.35 4.39 4.15 4.15
2012-01-17 4.36 4.38 4.07 4.07
2012-02-02 4.5 4.51 4.4 4.4
2012-02-24 5.24 5.3 5.0 5.0
2012-03-01 5.04 5.09 4.91 4.91
2012-03-08 5.1 5.13 5.0 5.0
2012-05-14 5.97 6.2 5.95 5.95
2012-05-17 6.16 6.3 6.08 6.08
2012-05-25 6.41 6.58 6.13 6.13
2012-06-18 6.44 6.49 6.25 6.25
2012-06-19 6.43 6.52 6.4 6.4
2012-07-12 5.8 5.83 5.6 5.6
2012-07-25 5.83 5.89 5.81 5.81
2012-08-01 5.88 5.9 5.63 5.63
2012-08-28 7.8 7.8 7.02 7.02
2012-08-31 7.58 7.93 7.51 7.51
2012-09-03 8.19 8.34 7.56 7.56
2012-09-05 8.7 8.78 8.07 8.07
2012-09-10 8.77 8.86 8.6 8.6
2012-10-08 8.95 9.1 8.5 8.5
2012-10-22 9.65 9.68 9.03 9.03
2012-10-30 8.46 8.75 8.2 8.2
2012-10-31 8.54 8.55 8.4 8.4
2012-11-12 8.44 8.5 7.89 7.89
2012-12-03 6.44 6.93 6.35 6.35
2012-12-12 6.92 7.0 6.7 6.7
2013-01-15 7.48 7.53 7.35 7.35
2013-01-18 7.73 7.76 7.51 7.51
2013-02-08 7.23 7.26 7.17 7.17
2013-02-27 6.91 6.94 6.82 6.82
2013-02-28 7.1 7.16 6.9 6.9
2013-03-05 6.5 6.52 6.4 6.4
2013-03-14 7.47 7.48 7.18 7.18
2013-03-22 8.04 8.33 7.52 7.52
2013-05-03 6.99 7.05 6.86 6.86
2013-05-06 7.11 7.14 6.93 6.93
2013-05-24 7.37 7.43 7.28 7.28
2013-06-17 6.34 6.44 6.34 6.34
2013-07-17 6.05 6.19 6.0 6.0
2014-02-07 4.77 4.81 4.68 4.68
2014-02-10 4.95 4.96 4.76 4.76
2014-03-17 5.1 5.13 5.05 5.05
2014-03-20 5.22 5.34 5.13 5.13
2014-03-21 5.44 5.48 5.16 5.16
2014-03-28 5.58 5.75 5.4 5.4
2014-04-01 5.38 5.38 5.18 5.18
2014-04-14 5.48 5.5 5.24 5.24
2014-04-16 5.8 5.83 5.56 5.56
2014-04-30 5.04 5.08 4.94 4.94
2014-05-06 5.25 5.28 5.04 5.04
2014-05-08 5.1 5.2 5.04 5.04
2014-05-09 5.16 5.36 5.08 5.08
2014-05-16 5.26 5.28 5.14 5.14
2014-08-18 6.69 6.7 6.32 6.32
2014-09-04 6.82 7.06 6.6 6.6
2014-10-29 6.81 6.82 6.61 6.61
2014-12-23 6.84 6.97 6.77 6.77
2015-01-13 7.16 7.19 7.01 7.01
2015-01-26 7.55 7.56 7.32 7.32
2015-01-30 7.49 7.6 7.42 7.42
2015-02-12 7.42 7.43 7.2 7.2
2015-02-16 7.62 7.65 7.5 7.5
2015-03-04 7.81 7.82 7.68 7.68
2015-03-05 8.12 8.12 7.81 7.81
2015-03-10 8.05 8.14 7.99 7.99
2015-03-16 8.28 8.3 8.1 8.1
2015-07-01 15.85 15.85 15.85 15.85
2015-07-02 14.27 14.27 14.27 14.27
2015-07-03 12.84 12.84 12.84 12.84
2015-07-07 10.4 10.4 10.4 10.4
2015-07-08 9.36 9.36 9.36 9.36
2015-07-23 10.3 10.3 10.3 10.3
2015-07-24 11.33 11.33 11.33 11.33
2015-07-28 10.49 11.68 10.49 10.49
2015-08-07 9.32 9.42 9.14 9.14
2015-11-09 9.15 9.15 9.15 9.15
2015-11-10 10.07 10.07 10.07 10.07
2015-11-23 11.0 11.26 10.82 10.82
2015-12-17 11.77 11.85 11.5 11.5
2015-12-18 11.82 12.19 11.73 11.73
2016-02-26 9.5 9.5 9.01 9.01
2016-05-10 10.58 10.59 10.25 10.25
2016-05-13 11.2 11.2 10.22 10.22
2016-08-04 12.16 12.55 11.97 11.97
2016-08-09 12.41 12.57 12.21 12.21
2016-09-29 12.11 12.13 11.61 11.61
2016-10-18 12.48 12.5 11.44 11.44
2016-10-28 12.29 12.45 11.81 11.81
2016-11-04 12.31 12.65 12.21 12.21
2016-11-16 13.79 13.98 13.05 13.05
2016-11-18 14.51 14.86 14.1 14.1
2016-11-28 14.63 14.82 14.31 14.31
2016-12-15 15.34 15.4 15.12 15.12
2017-01-06 16.05 16.4 15.95 15.95
2017-01-20 14.68 14.83 14.29 14.29
2017-02-23 15.93 16.21 15.0 15.0
2017-03-13 16.24 16.48 15.42 15.42
2017-03-15 16.26 16.34 16.1 16.1
2017-03-22 16.07 16.49 15.6 15.6
2017-04-14 16.63 16.99 16.42 16.42
2017-04-17 9.12 9.13 8.45 8.45
2017-06-23 7.41 7.59 7.41 7.41
2017-06-26 7.77 7.93 7.63 7.63
2017-08-24 7.48 7.49 7.29 7.29
