2003-08-27 18.89 19.22 18.8 18.8
2003-09-11 20.9 21.45 20.85 20.85
2003-09-30 19.41 19.58 19.14 19.14
2003-11-13 16.0 16.23 15.45 15.45
2003-11-19 16.0 16.08 15.4 15.4
2003-11-24 17.23 17.29 16.5 16.5
2003-11-28 17.36 17.48 17.28 17.28
2003-12-01 17.95 17.95 17.3 17.3
2003-12-04 18.89 19.33 18.01 18.01
2003-12-08 19.1 19.1 18.41 18.41
2003-12-09 19.5 19.55 19.0 19.0
2003-12-18 19.4 19.6 18.8 18.8
2003-12-22 19.04 19.05 18.1 18.1
2003-12-25 20.33 20.56 20.2 20.2
2003-12-26 21.0 21.28 20.3 20.3
2003-12-30 22.34 22.95 22.05 22.05
2004-01-06 24.03 24.5 22.78 22.78
2004-02-02 24.46 24.68 23.0 23.0
2004-02-12 26.07 26.36 24.64 24.64
2004-02-27 27.0 27.48 26.31 26.31
2004-03-05 26.0 26.7 25.5 25.5
2004-03-08 26.02 26.6 25.6 25.6
2004-03-19 26.8 26.89 26.42 26.42
2004-04-20 28.23 28.59 28.0 28.0
2004-05-11 25.01 25.69 24.51 24.51
2004-05-24 12.81 13.08 12.69 12.69
2004-06-15 10.8 10.84 10.4 10.4
2004-06-22 10.94 11.23 10.6 10.6
2004-07-01 10.57 10.68 10.13 10.13
2004-08-24 9.15 9.15 8.91 8.91
2004-08-31 9.2 9.58 9.11 9.11
2004-09-06 9.18 9.2 9.05 9.05
2004-09-10 9.1 9.16 9.0 9.0
2004-09-20 10.75 10.75 10.2 10.2
2004-11-09 9.45 9.5 9.36 9.36
2004-11-12 9.65 10.0 9.46 9.46
2004-11-23 11.86 11.86 11.86 11.86
2004-12-08 10.23 10.39 10.21 10.21
2004-12-21 9.83 9.85 9.7 9.7
2005-01-04 9.2 9.21 8.5 8.5
2005-01-26 8.51 8.56 8.4 8.4
2005-01-28 8.44 8.48 8.22 8.22
2005-02-02 8.78 8.88 8.2 8.2
2005-03-02 9.8 10.1 9.38 9.38
2005-03-09 8.42 8.44 8.25 8.25
2005-03-17 7.38 7.55 6.67 6.67
2005-04-08 7.38 7.48 6.93 6.93
2005-04-13 7.08 7.2 6.85 6.85
2005-04-27 5.27 5.32 5.1 5.1
2005-04-29 5.22 5.38 5.2 5.2
2005-05-13 5.52 5.53 5.3 5.3
2005-06-13 6.59 6.72 6.41 6.41
2005-06-22 6.49 6.6 6.4 6.4
2005-07-05 5.06 5.11 4.85 4.85
2005-07-19 4.86 4.93 4.63 4.63
2005-07-20 5.16 5.2 5.0 5.0
2005-08-05 5.14 5.16 5.05 5.05
2005-08-08 5.36 5.48 5.16 5.16
2005-08-15 6.74 6.74 6.2 6.2
2005-08-31 5.64 5.78 5.49 5.49
2005-09-05 6.87 6.9 6.5 6.5
2005-09-12 6.6 6.72 6.5 6.5
2005-10-10 5.96 6.07 5.9 5.9
2005-12-20 5.02 5.07 4.9 4.9
2005-12-23 4.97 4.99 4.84 4.84
2006-01-05 5.46 5.46 5.18 5.18
2006-02-10 7.58 7.6 6.92 6.92
2006-02-13 7.62 7.99 7.5 7.5
2006-02-14 7.66 7.92 7.5 7.5
2006-10-17 12.16 12.39 12.01 12.01
2006-10-24 12.55 12.86 12.31 12.31
2006-11-14 12.95 12.97 11.9 11.9
2006-11-17 12.67 12.79 12.39 12.39
2006-12-19 14.23 14.46 13.81 13.81
2006-12-27 13.49 13.65 13.3 13.3
2007-01-08 13.94 14.15 13.0 13.0
2007-01-29 15.83 15.83 14.31 14.31
2007-03-26 16.47 16.65 16.15 16.15
2007-04-04 16.06 16.24 15.71 15.71
2007-04-09 16.34 16.36 15.88 15.88
2007-04-16 16.66 16.79 16.1 16.1
2007-04-20 16.48 16.59 16.15 16.15
2007-04-23 17.39 17.4 16.5 16.5
2007-05-08 17.0 17.09 16.45 16.45
2007-06-19 15.39 15.46 15.0 15.0
2007-07-19 11.57 11.61 11.35 11.35
2007-07-23 12.35 12.45 11.62 11.62
2007-09-03 13.84 13.85 13.42 13.42
2007-10-31 10.4 10.57 9.81 9.81
2007-11-19 10.75 11.0 10.45 10.45
2007-11-23 10.18 10.21 9.8 9.8
2007-12-04 10.65 10.98 10.18 10.18
2007-12-07 10.77 10.83 10.64 10.64
2007-12-17 11.48 11.76 11.2 11.2
2007-12-19 11.5 11.67 11.25 11.25
2007-12-25 11.95 12.17 11.83 11.83
2007-12-27 13.3 13.3 13.0 13.0
2008-02-13 15.63 15.83 13.88 13.88
2008-02-29 16.6 16.75 16.05 16.05
2008-03-21 14.47 14.75 14.0 14.0
2008-03-24 14.61 15.3 14.24 14.24
2008-04-23 10.29 10.35 9.7 9.7
2008-05-23 14.53 14.53 13.25 13.25
2008-06-30 10.93 11.3 10.4 10.4
2008-07-07 12.33 12.6 11.56 11.56
2008-07-14 12.11 12.19 11.38 11.38
2008-08-05 14.6 14.89 13.76 13.76
2008-08-19 11.6 11.98 10.72 10.72
2008-08-29 9.79 9.85 9.3 9.3
2008-10-28 7.17 7.25 6.68 6.68
2008-11-19 9.59 9.59 9.59 9.59
2008-11-28 9.32 9.69 9.2 9.2
2008-12-01 9.69 9.95 9.15 9.15
2008-12-17 11.07 11.3 10.69 10.69
2008-12-30 11.6 11.99 11.42 11.42
2009-01-16 11.97 12.36 11.9 11.9
2009-01-23 12.8 13.1 12.0 12.0
2009-02-04 13.89 14.08 13.35 13.35
2009-02-06 14.42 14.6 13.91 13.91
2009-02-10 17.06 17.25 15.98 15.98
2009-04-20 16.86 17.17 16.0 16.0
2009-06-16 14.49 14.57 14.21 14.21
2009-07-09 15.2 15.35 14.69 14.69
2009-07-20 16.03 16.04 15.02 15.02
2009-07-23 16.45 16.9 15.86 15.86
2009-08-18 12.63 12.7 12.23 12.23
2009-09-01 13.28 13.6 12.68 12.68
2009-09-15 15.69 15.69 14.61 14.61
2009-10-28 16.17 16.18 15.65 15.65
2009-12-02 17.4 17.9 16.93 16.93
2009-12-29 17.49 17.9 17.15 17.15
2010-02-08 16.95 17.29 16.7 16.7
2010-03-10 18.26 18.68 18.03 18.03
2010-03-17 18.06 18.1 17.36 17.36
2010-03-19 18.5 18.7 18.22 18.22
2010-03-25 18.58 18.73 18.35 18.35
2010-05-06 18.09 18.97 17.87 17.87
2010-06-24 14.98 15.17 14.65 14.65
2010-07-09 13.49 13.63 12.94 12.94
2010-07-13 13.85 13.95 13.65 13.65
2010-07-14 13.92 14.15 13.8 13.8
2010-07-19 14.08 14.1 13.69 13.69
2010-08-27 16.3 17.56 16.2 16.2
2010-09-17 16.46 16.65 16.08 16.08
2010-10-29 16.29 16.47 15.89 15.89
2010-11-15 16.11 16.24 15.24 15.24
2010-12-02 20.68 20.68 19.0 19.0
2010-12-29 18.06 18.25 17.32 17.32
2011-01-19 18.31 18.41 17.8 17.8
2011-01-26 17.47 17.9 17.0 17.0
2011-02-10 18.98 19.1 17.8 17.8
2011-03-14 19.74 19.78 19.1 19.1
2011-04-20 17.6 17.66 17.38 17.38
2011-05-05 15.7 15.73 15.4 15.4
2011-05-10 16.25 16.35 16.0 16.0
2011-06-07 14.21 14.22 14.0 14.0
2011-06-24 13.47 13.55 13.03 13.03
2011-06-30 15.29 15.3 14.98 14.98
2011-07-04 15.15 15.27 14.9 14.9
2011-07-22 14.91 15.07 14.82 14.82
2011-09-21 14.52 14.56 14.14 14.14
2011-10-26 11.9 12.23 11.82 11.82
2011-11-07 12.97 13.28 12.9 12.9
2011-11-15 13.4 13.75 12.91 12.91
2011-12-28 10.65 10.72 10.35 10.35
2012-02-09 9.58 9.7 9.15 9.15
2012-02-16 9.91 9.95 9.7 9.7
2012-02-24 10.14 10.17 9.94 9.94
2012-03-06 10.47 10.49 10.08 10.08
2012-05-08 9.85 9.97 9.63 9.63
2012-07-04 9.19 9.35 9.08 9.08
2012-07-11 8.79 8.79 8.62 8.62
2012-08-28 7.52 7.57 7.33 7.33
2012-09-18 7.77 7.83 7.7 7.7
2012-09-24 7.4 7.49 7.31 7.31
2012-12-19 6.77 6.87 6.73 6.73
2012-12-28 7.18 7.19 6.96 6.96
2013-01-28 7.37 7.43 7.2 7.2
2013-03-20 7.6 7.6 7.41 7.41
2013-04-24 7.41 7.43 7.07 7.07
2013-05-03 7.57 7.65 7.3 7.3
2013-05-06 7.62 7.73 7.54 7.54
2013-05-24 8.77 8.77 8.5 8.5
2013-05-29 8.98 9.15 8.95 8.95
2013-06-14 7.86 7.9 7.63 7.63
2013-07-09 7.31 7.42 7.11 7.11
2013-07-15 7.85 7.86 7.51 7.51
2013-07-26 8.67 8.68 8.18 8.18
2013-08-14 8.79 8.9 8.71 8.71
2013-09-27 9.3 9.3 9.3 9.3
2013-09-30 10.23 10.23 10.23 10.23
2013-10-08 11.25 11.25 11.25 11.25
2013-10-09 12.38 12.38 12.38 12.38
2013-10-10 13.62 13.62 13.62 13.62
2013-10-11 14.98 14.98 14.98 14.98
2013-10-14 16.48 16.48 16.48 16.48
2013-10-15 18.13 18.13 18.13 18.13
2013-10-16 19.94 19.94 19.94 19.94
2013-10-17 21.93 21.93 21.93 21.93
2013-10-18 24.12 24.12 24.12 24.12
2013-11-20 21.45 21.45 19.31 19.31
2013-12-09 21.21 21.35 20.44 20.44
2014-01-21 19.24 19.37 18.65 18.65
2014-02-17 23.39 23.68 21.76 21.76
2014-04-02 18.18 18.32 17.44 17.44
2014-04-10 18.38 18.55 18.15 18.15
2014-05-16 16.34 16.5 15.89 15.89
2014-06-09 17.7 18.15 17.5 17.5
2014-06-24 18.21 18.36 18.15 18.15
2014-07-03 20.03 20.03 20.03 20.03
2014-07-10 22.35 22.58 20.6 20.6
2014-07-14 24.21 24.96 22.8 22.8
2014-07-18 23.92 24.33 21.82 21.82
2014-08-08 24.18 24.5 23.72 23.72
2014-08-11 24.91 25.5 24.1 24.1
2014-08-27 28.09 28.46 26.83 26.83
2014-09-01 31.62 31.87 29.33 29.33
2014-09-19 40.95 41.0 37.8 37.8
2014-09-23 44.43 45.5 43.21 43.21
2014-11-07 41.86 43.21 40.5 40.5
2014-11-24 40.15 41.0 39.4 39.4
2014-12-08 44.35 44.4 42.21 42.21
2014-12-10 42.65 42.9 40.01 40.01
2015-02-11 39.79 40.0 37.6 37.6
2015-03-16 43.87 44.58 42.0 42.0
2015-03-25 47.5 48.27 44.3 44.3
2015-04-07 47.57 47.98 46.85 46.85
2015-04-10 44.5 44.6 42.37 42.37
2015-04-21 44.98 45.3 42.08 42.08
2015-05-08 45.91 45.94 42.01 42.01
2015-05-18 49.45 50.16 48.01 48.01
2015-06-01 63.42 64.25 58.5 58.5
2015-07-08 31.6 31.62 28.5 28.5
2015-07-31 38.09 38.2 36.25 36.25
2015-08-03 40.18 40.21 37.11 37.11
2015-08-20 34.53 36.26 33.81 33.81
2015-09-10 29.28 29.28 29.28 29.28
2015-09-11 26.35 26.35 26.35 26.35
2015-09-14 23.72 23.72 23.72 23.72
2015-09-15 21.35 21.35 21.35 21.35
2015-09-16 20.05 21.0 19.22 19.22
2015-09-28 18.15 18.25 17.39 17.39
2015-11-12 24.55 24.55 24.55 24.55
2015-12-11 25.64 25.64 23.21 23.21
2015-12-18 28.03 28.68 27.04 27.04
2016-01-25 22.17 22.66 21.79 21.79
2016-08-30 18.62 18.96 18.5 18.5
2016-09-19 17.88 17.97 17.7 17.7
2016-11-10 17.28 17.39 17.17 17.17
2016-12-15 16.2 16.3 16.01 16.01
