2003-08-12 8.88 8.93 8.8 8.8
2003-10-31 7.24 7.4 7.17 7.17
2003-11-10 6.84 6.89 6.74 6.74
2003-11-14 6.76 6.83 6.52 6.52
2003-11-19 6.73 6.76 6.52 6.52
2003-11-20 6.99 7.0 6.68 6.68
2004-01-12 8.07 8.07 7.9 7.9
2004-03-31 9.11 9.18 8.98 8.98
2004-05-12 6.49 6.49 6.13 6.13
2004-05-18 6.38 6.39 6.18 6.18
2004-07-21 5.21 5.29 5.18 5.18
2004-08-04 5.18 5.25 5.03 5.03
2004-11-01 4.85 4.94 4.76 4.76
2004-11-02 4.85 4.91 4.8 4.8
2004-11-03 5.0 5.0 4.85 4.85
2004-11-18 5.06 5.06 5.0 5.0
2004-12-02 4.97 5.05 4.9 4.9
2004-12-03 4.99 5.04 4.95 4.95
2005-02-01 4.41 4.53 4.36 4.36
2005-02-04 4.54 4.55 4.45 4.45
2005-02-16 4.56 4.6 4.54 4.54
2005-02-24 4.71 4.75 4.65 4.65
2005-05-17 3.66 3.69 3.55 3.55
2005-06-20 4.0 4.01 3.8 3.8
2005-06-24 3.94 3.95 3.87 3.87
2005-07-15 3.11 3.18 3.06 3.06
2005-09-16 3.87 3.92 3.84 3.84
2005-11-18 3.5 3.51 3.41 3.41
2005-12-09 3.29 3.29 3.23 3.23
2006-01-06 3.57 3.61 3.54 3.54
2006-01-09 3.59 3.62 3.55 3.55
2006-02-06 3.8 3.82 3.7 3.7
2006-02-10 3.93 3.96 3.72 3.72
2006-02-13 4.12 4.19 3.99 3.99
2006-03-14 3.73 3.73 3.66 3.66
2006-03-20 3.79 3.79 3.73 3.73
2006-03-22 3.81 3.82 3.76 3.76
2006-03-28 3.84 3.87 3.82 3.82
2006-04-10 4.85 4.85 4.48 4.48
2007-01-08 4.77 4.78 4.55 4.55
2007-01-15 4.88 4.88 4.67 4.67
2007-01-19 5.27 5.28 5.02 5.02
2007-01-29 5.4 5.48 5.16 5.16
2007-03-02 6.02 6.09 5.72 5.72
2007-04-02 7.46 7.47 7.35 7.35
2007-04-03 7.65 7.69 7.47 7.47
2007-04-23 9.54 9.59 9.13 9.13
2007-05-11 11.47 11.47 11.47 11.47
2007-05-15 12.85 13.73 12.01 12.01
2007-07-09 7.88 7.95 7.43 7.43
2007-10-11 11.79 12.1 11.6 11.6
2007-12-20 9.72 9.83 9.6 9.6
2007-12-25 10.15 10.28 9.92 9.92
2008-01-02 10.44 10.49 10.1 10.1
2008-07-07 5.02 5.08 4.8 4.8
2008-09-03 3.8 3.85 3.7 3.7
2009-01-14 4.12 4.14 3.95 3.95
2009-07-31 12.27 12.58 12.06 12.06
2009-08-14 12.49 13.15 11.91 11.91
2012-11-20 10.63 10.98 10.52 10.52
2012-11-23 10.75 10.92 10.55 10.55
2013-01-28 12.75 12.86 12.35 12.35
2013-02-28 13.08 13.13 12.62 12.62
2013-04-09 12.01 12.16 11.9 11.9
2013-05-07 11.68 11.75 11.57 11.57
2013-07-23 6.76 6.77 6.61 6.61
2015-07-09 13.19 13.19 10.79 10.79
2015-07-16 14.16 14.86 12.8 12.8
2015-07-17 15.12 15.35 14.2 14.2
2016-05-27 12.5 12.86 12.07 12.07
2017-06-07 7.27 7.34 7.16 7.16
2017-08-14 7.76 7.76 7.52 7.52
