2003-04-30 10.05 10.35 9.93 9.93
2003-05-23 10.74 10.8 10.56 10.56
2003-06-26 10.14 10.22 9.93 9.93
2003-08-11 8.82 8.85 8.55 8.55
2003-08-12 8.88 8.93 8.8 8.8
2003-08-29 8.13 8.14 8.0 8.0
2003-10-24 7.82 7.88 7.63 7.63
2003-10-31 7.24 7.4 7.17 7.17
2003-11-10 6.84 6.89 6.74 6.74
2003-11-14 6.76 6.83 6.52 6.52
2003-11-19 6.73 6.76 6.52 6.52
2003-11-20 6.99 7.0 6.68 6.68
2003-12-01 7.62 7.66 7.41 7.41
2004-01-02 8.28 8.32 7.9 7.9
2004-01-12 8.07 8.07 7.9 7.9
2004-02-09 9.12 9.24 8.58 8.58
2004-02-19 9.23 9.37 9.07 9.07
2004-03-10 8.88 8.91 8.59 8.59
2004-03-24 9.08 9.12 9.0 9.0
2004-03-31 9.11 9.18 8.98 8.98
2004-04-28 6.21 6.25 6.09 6.09
2004-05-12 6.49 6.49 6.13 6.13
2004-05-18 6.38 6.39 6.18 6.18
2004-05-27 6.04 6.05 5.89 5.89
2004-07-06 5.36 5.43 5.31 5.31
2004-07-19 5.21 5.23 5.15 5.15
2004-07-21 5.21 5.29 5.18 5.18
2004-08-03 5.06 5.09 5.02 5.02
2004-08-04 5.18 5.25 5.03 5.03
2004-08-24 4.95 5.03 4.78 4.78
2004-09-14 4.93 4.97 4.85 4.85
2004-10-13 5.21 5.22 5.16 5.16
2004-10-27 5.04 5.15 4.81 4.81
2004-11-01 4.85 4.94 4.76 4.76
2004-11-02 4.85 4.91 4.8 4.8
2004-11-03 5.0 5.0 4.85 4.85
2004-11-15 5.11 5.13 5.0 5.0
2004-11-18 5.06 5.06 5.0 5.0
2004-11-30 4.9 4.93 4.88 4.88
2004-12-02 4.97 5.05 4.9 4.9
2004-12-03 4.99 5.04 4.95 4.95
2004-12-22 4.8 4.81 4.68 4.68
2005-01-13 4.64 4.65 4.58 4.58
2005-01-24 4.59 4.64 4.55 4.55
2005-02-01 4.41 4.53 4.36 4.36
2005-02-04 4.54 4.55 4.45 4.45
2005-02-16 4.56 4.6 4.54 4.54
2005-02-24 4.71 4.75 4.65 4.65
2005-03-24 4.22 4.26 4.15 4.15
2005-04-13 4.11 4.13 4.01 4.01
2005-04-26 3.56 3.59 3.43 3.43
2005-05-13 3.62 3.65 3.52 3.52
2005-05-17 3.66 3.69 3.55 3.55
2005-06-07 4.05 4.16 3.97 3.97
2005-06-16 3.94 3.96 3.81 3.81
2005-06-20 4.0 4.01 3.8 3.8
2005-06-24 3.94 3.95 3.87 3.87
2005-07-12 3.52 3.55 3.39 3.39
2005-07-15 3.11 3.18 3.06 3.06
2005-09-13 3.83 3.83 3.7 3.7
2005-09-16 3.87 3.92 3.84 3.84
2005-11-16 3.44 3.44 3.36 3.36
2005-11-18 3.5 3.51 3.41 3.41
2005-12-07 3.27 3.27 3.23 3.23
2005-12-09 3.29 3.29 3.23 3.23
2005-12-29 3.41 3.42 3.37 3.37
2006-01-06 3.57 3.61 3.54 3.54
2006-01-09 3.59 3.62 3.55 3.55
2006-01-18 3.62 3.63 3.55 3.55
2006-02-06 3.8 3.82 3.7 3.7
2006-02-10 3.93 3.96 3.72 3.72
2006-02-13 4.12 4.19 3.99 3.99
2006-03-06 3.87 3.96 3.8 3.8
2006-03-14 3.73 3.73 3.66 3.66
2006-03-20 3.79 3.79 3.73 3.73
2006-03-22 3.81 3.82 3.76 3.76
2006-03-28 3.84 3.87 3.82 3.82
2006-04-07 4.41 4.41 4.01 4.01
2006-04-10 4.85 4.85 4.48 4.48
2006-10-13 4.64 4.68 4.62 4.62
2006-11-30 4.45 4.45 4.31 4.31
2006-12-11 4.45 4.47 4.3 4.3
2006-12-29 4.45 4.53 4.4 4.4
2007-01-08 4.77 4.78 4.55 4.55
2007-01-15 4.88 4.88 4.67 4.67
2007-01-19 5.27 5.28 5.02 5.02
2007-01-29 5.4 5.48 5.16 5.16
2007-02-12 5.84 5.91 5.58 5.58
2007-02-28 5.92 5.96 5.62 5.62
2007-03-02 6.02 6.09 5.72 5.72
2007-03-23 7.54 7.61 7.33 7.33
2007-04-02 7.46 7.47 7.35 7.35
2007-04-03 7.65 7.69 7.47 7.47
2007-04-20 9.11 9.15 8.57 8.57
2007-04-23 9.54 9.59 9.13 9.13
2007-05-10 10.43 10.43 10.43 10.43
2007-05-11 11.47 11.47 11.47 11.47
2007-05-15 12.85 13.73 12.01 12.01
2007-07-02 8.66 8.74 8.38 8.38
2007-07-09 7.88 7.95 7.43 7.43
2007-07-23 8.91 8.97 8.55 8.55
2007-08-02 10.78 10.79 9.88 9.88
2007-08-20 10.45 10.59 10.08 10.08
2007-08-30 10.25 10.29 9.82 9.82
2007-09-20 11.67 11.8 10.86 10.86
2007-10-09 12.02 12.28 11.31 11.31
2007-10-11 11.79 12.1 11.6 11.6
2007-12-19 9.69 9.83 9.47 9.47
2007-12-20 9.72 9.83 9.6 9.6
2007-12-25 10.15 10.28 9.92 9.92
2008-01-02 10.44 10.49 10.1 10.1
2008-02-04 9.46 9.51 8.99 8.99
2008-03-03 10.69 10.75 10.31 10.31
2008-03-25 9.49 9.5 9.07 9.07
2008-04-15 8.16 8.18 7.75 7.75
2008-05-21 6.73 6.78 6.23 6.23
2008-07-02 4.65 4.75 4.61 4.61
2008-07-07 5.02 5.08 4.8 4.8
2008-07-29 5.4 5.63 5.19 5.19
2008-09-02 3.71 3.8 3.61 3.61
2008-09-03 3.8 3.85 3.7 3.7
2008-09-24 3.46 3.47 3.3 3.3
2008-10-17 3.0 3.08 2.93 2.93
2008-10-28 2.95 2.98 2.85 2.85
2008-11-13 3.74 3.74 3.5 3.5
2009-01-07 4.1 4.25 4.04 4.04
2009-01-14 4.12 4.14 3.95 3.95
2009-02-02 4.36 4.37 4.12 4.12
2009-04-01 5.31 5.33 5.15 5.15
2009-04-20 5.8 5.92 5.58 5.58
2009-05-04 5.58 5.63 5.42 5.42
2009-07-08 8.56 8.56 7.7 7.7
2009-07-30 12.28 12.7 11.88 11.88
2009-07-31 12.27 12.58 12.06 12.06
2009-08-11 12.46 12.46 11.61 11.61
2009-08-14 12.49 13.15 11.91 11.91
2009-09-03 10.58 10.8 9.8 9.8
2009-10-13 11.63 11.66 11.16 11.16
2009-11-05 12.84 13.09 12.61 12.61
2009-11-30 13.54 13.68 13.3 13.3
2009-12-28 13.24 13.24 12.11 12.11
2010-01-19 14.36 14.84 13.54 13.54
2010-02-25 13.48 13.52 12.66 12.66
2010-04-02 14.12 14.36 13.96 13.96
2010-05-24 9.28 9.34 8.71 8.71
2010-08-19 10.99 11.17 10.92 10.92
2010-12-29 12.71 12.76 12.04 12.04
2011-02-28 19.44 20.1 18.65 18.65
2011-03-09 18.96 19.5 18.65 18.65
2011-03-29 20.08 20.21 18.46 18.46
2011-04-20 17.77 18.26 17.3 17.3
2011-05-05 17.45 17.6 16.73 16.73
2011-05-30 17.55 17.79 16.36 16.36
2011-06-17 12.57 12.86 12.21 12.21
2011-06-29 14.96 15.55 14.15 14.15
2011-09-13 13.76 14.17 13.52 13.52
2011-09-26 13.53 13.72 13.4 13.4
2011-10-13 13.51 14.0 13.39 13.39
2011-11-14 14.73 14.78 14.45 14.45
2011-11-28 14.29 14.58 13.95 13.95
2011-12-30 13.43 13.55 13.05 13.05
2012-04-16 14.38 14.67 14.29 14.29
2012-06-11 13.86 13.89 13.53 13.53
2012-06-21 13.77 14.0 13.66 13.66
2012-09-12 11.6 11.74 11.47 11.47
2012-11-12 10.51 10.63 10.39 10.39
2012-11-20 10.63 10.98 10.52 10.52
2012-11-23 10.75 10.92 10.55 10.55
2012-12-14 11.39 11.5 10.82 10.82
2013-01-18 12.18 12.29 11.69 11.69
2013-01-28 12.75 12.86 12.35 12.35
2013-02-20 12.82 12.85 12.38 12.38
2013-02-28 13.08 13.13 12.62 12.62
2013-03-14 12.44 12.64 12.4 12.4
2013-04-01 12.54 12.66 12.35 12.35
2013-04-09 12.01 12.16 11.9 11.9
2013-04-19 12.17 12.22 11.95 11.95
2013-05-03 11.53 11.6 11.32 11.32
2013-05-07 11.68 11.75 11.57 11.57
2013-05-27 12.57 12.62 12.25 12.25
2013-07-15 7.13 7.18 6.89 6.89
2013-07-23 6.76 6.77 6.61 6.61
2013-08-29 8.01 8.14 7.93 7.93
2013-11-14 7.97 8.14 7.85 7.85
2013-11-25 8.43 8.65 8.38 8.38
2014-01-22 7.54 7.54 7.34 7.34
2014-02-19 7.95 8.03 7.91 7.91
2014-05-19 7.57 7.65 7.39 7.39
2014-06-26 7.09 7.12 7.05 7.05
2014-08-29 7.61 7.61 7.49 7.49
2014-09-23 9.22 9.27 8.64 8.64
2014-10-28 9.51 9.53 9.18 9.18
2014-11-19 10.67 11.11 10.23 10.23
2015-03-16 13.47 13.53 13.1 13.1
2015-04-16 16.36 16.49 15.82 15.82
2015-05-07 15.18 15.75 15.09 15.09
2015-05-25 19.61 19.61 17.85 17.85
2015-07-08 11.99 11.99 11.99 11.99
2015-07-09 13.19 13.19 10.79 10.79
2015-07-16 14.16 14.86 12.8 12.8
2015-07-17 15.12 15.35 14.2 14.2
2015-08-25 12.47 12.8 12.47 12.47
2015-09-23 11.91 12.2 11.7 11.7
2015-10-12 13.28 13.37 12.52 12.52
2016-05-23 11.92 12.03 11.72 11.72
2016-05-27 12.5 12.86 12.07 12.07
2016-06-15 7.4 7.6 7.12 7.12
2016-07-04 8.09 8.09 8.09 8.09
2016-07-28 8.02 8.13 7.91 7.91
2016-09-05 9.48 9.7 8.88 8.88
2016-10-10 9.59 9.7 9.29 9.29
2016-10-19 9.97 10.08 9.7 9.7
2016-11-11 9.92 10.02 9.63 9.63
2016-12-06 9.45 9.57 9.31 9.31
2016-12-19 9.79 9.82 9.51 9.51
2017-02-14 10.76 10.88 10.47 10.47
2017-03-01 10.03 10.11 9.91 9.91
2017-06-05 7.02 7.06 6.8 6.8
2017-06-07 7.27 7.34 7.16 7.16
2017-07-20 7.27 7.38 7.25 7.25
2017-08-04 7.97 8.12 7.89 7.89
2017-08-14 7.76 7.76 7.52 7.52
