2001-01-09 15.28 15.8 14.5 14.5
2001-02-16 15.57 15.57 15.18 15.18
2001-03-09 16.9 16.91 16.5 16.5
2001-03-14 17.49 17.55 16.88 16.88
2001-03-26 17.13 17.16 16.85 16.85
2001-03-29 17.95 18.08 17.58 17.58
2001-04-26 19.34 19.76 18.9 18.9
2001-06-01 19.18 19.38 19.0 19.0
2001-06-04 19.4 19.5 19.1 19.1
2001-06-19 20.3 20.35 19.9 19.9
2001-06-20 20.22 20.51 20.1 20.1
2001-06-22 20.58 20.87 20.5 20.5
2001-06-27 20.29 20.35 20.01 20.01
2001-07-06 20.21 20.35 20.0 20.0
2001-07-09 20.23 20.4 20.08 20.08
2001-07-27 19.72 20.0 19.55 19.55
2001-09-18 15.26 15.3 15.0 15.0
2001-09-25 15.25 15.36 15.0 15.0
2001-10-23 16.78 16.78 15.6 15.6
2002-01-21 10.07 10.19 9.6 9.6
2002-01-31 11.42 11.47 10.6 10.6
2002-03-22 13.39 13.43 13.13 13.13
2002-04-03 11.28 11.4 11.1 11.1
2002-05-21 11.8 11.95 11.62 11.62
2002-05-28 11.08 11.21 11.06 11.06
2002-06-11 10.72 10.78 10.26 10.26
2002-06-18 10.45 10.5 10.17 10.17
2002-06-21 10.83 10.85 10.28 10.28
2002-07-30 11.73 11.75 11.6 11.6
2002-08-02 11.2 11.28 11.16 11.16
2002-08-06 11.56 11.65 11.08 11.08
2002-08-14 11.73 11.75 11.28 11.28
2002-08-27 11.99 12.2 11.88 11.88
2002-09-02 11.78 11.82 11.68 11.68
2002-09-03 11.87 12.02 11.79 11.79
2002-09-04 11.74 12.05 11.6 11.6
2002-11-01 10.28 10.35 9.89 9.89
2002-12-16 9.05 9.1 8.8 8.8
2003-01-14 8.87 9.0 8.35 8.35
2003-02-11 8.88 8.91 8.7 8.7
2003-03-21 8.62 8.65 8.45 8.45
2003-04-04 8.83 8.83 8.76 8.76
2003-05-14 6.78 6.9 6.51 6.51
2003-05-23 7.19 7.22 7.1 7.1
2003-05-26 7.38 7.47 7.22 7.22
2003-06-03 7.9 8.18 7.85 7.85
2003-07-10 7.35 7.48 7.01 7.01
2003-08-26 6.62 6.7 6.46 6.46
2003-08-28 6.61 6.69 6.51 6.51
2003-08-29 6.65 6.65 6.53 6.53
2003-12-15 5.42 5.47 5.36 5.36
2004-02-11 5.99 6.08 5.7 5.7
2004-02-17 6.0 6.03 5.89 5.89
2004-04-14 6.19 6.2 6.05 6.05
2004-04-30 5.19 5.27 5.0 5.0
2004-05-11 5.2 5.22 5.1 5.1
2004-06-04 4.91 4.99 4.88 4.88
2004-06-11 4.99 5.1 4.8 4.8
2004-07-15 4.25 4.3 4.15 4.15
2004-08-04 4.0 4.06 3.87 3.87
2004-08-24 3.7 3.79 3.52 3.52
2004-08-26 3.62 3.7 3.51 3.51
2004-09-10 3.66 3.67 3.58 3.58
2004-09-14 3.75 3.76 3.57 3.57
2004-10-19 3.34 3.45 3.3 3.3
2004-11-01 3.0 3.05 2.9 2.9
2004-11-15 3.18 3.25 3.14 3.14
2004-12-08 3.39 3.4 3.28 3.28
2004-12-17 2.98 2.99 2.7 2.7
2005-01-18 3.01 3.01 2.71 2.71
2005-01-21 3.08 3.25 2.96 2.96
2005-02-16 2.79 2.85 2.67 2.67
2005-03-21 2.64 2.68 2.58 2.58
2005-04-01 2.39 2.44 2.26 2.26
2005-04-27 2.17 2.26 2.05 2.05
2006-10-10 2.4 2.4 2.33 2.33
2006-10-30 2.35 2.35 2.19 2.19
2006-11-01 2.59 2.59 2.51 2.51
2006-11-02 2.72 2.72 2.72 2.72
2006-11-03 2.86 2.86 2.86 2.86
2006-11-09 2.69 2.81 2.65 2.65
2006-11-15 2.49 2.53 2.41 2.41
2006-11-21 2.43 2.44 2.36 2.36
2006-11-23 2.68 2.68 2.61 2.61
2007-11-23 2.95 2.95 2.95 2.95
2007-11-26 3.1 3.1 3.1 3.1
2007-11-27 3.26 3.26 3.26 3.26
2007-11-28 3.42 3.42 3.42 3.42
2007-11-29 3.59 3.59 3.59 3.59
2007-11-30 3.77 3.77 3.77 3.77
2007-12-03 3.96 3.96 3.96 3.96
2007-12-04 4.16 4.16 4.16 4.16
2007-12-05 4.37 4.37 4.37 4.37
2007-12-06 4.59 4.59 4.59 4.59
2007-12-07 4.82 4.82 4.82 4.82
2007-12-10 5.06 5.06 5.06 5.06
2007-12-11 5.31 5.31 5.31 5.31
2007-12-14 5.58 5.58 5.58 5.58
2007-12-17 5.86 5.86 5.86 5.86
2007-12-18 6.15 6.15 6.15 6.15
2007-12-19 6.46 6.46 6.46 6.46
2007-12-20 6.78 6.78 6.78 6.78
2007-12-21 7.12 7.12 7.12 7.12
2007-12-24 7.48 7.48 7.48 7.48
2007-12-25 7.85 7.85 7.85 7.85
2007-12-26 8.24 8.24 8.24 8.24
2007-12-27 8.65 8.65 8.65 8.65
2007-12-28 9.08 9.08 9.08 9.08
2008-01-02 9.53 9.53 9.53 9.53
2008-01-03 10.01 10.01 10.01 10.01
2008-01-04 10.51 10.51 10.51 10.51
2008-01-07 11.04 11.04 11.04 11.04
2008-01-08 11.59 11.59 11.59 11.59
2008-01-09 12.17 12.17 12.17 12.17
2008-01-10 12.78 12.78 12.78 12.78
2008-01-11 13.42 13.42 13.42 13.42
2008-01-14 14.09 14.09 14.09 14.09
2008-01-15 14.79 14.79 14.79 14.79
2008-01-16 15.53 15.53 15.53 15.53
2008-01-17 16.31 16.31 16.31 16.31
2008-01-18 17.13 17.13 17.13 17.13
2008-01-21 17.99 17.99 17.99 17.99
2008-01-22 18.89 18.89 18.89 18.89
2008-01-23 19.83 19.83 19.83 19.83
2008-01-24 20.82 20.82 20.82 20.82
2008-01-28 21.86 21.86 21.86 21.86
2008-01-29 20.77 20.77 20.77 20.77
2008-01-30 19.73 19.73 19.73 19.73
2008-01-31 18.74 18.74 18.74 18.74
2008-02-01 17.8 19.48 17.8 17.8
2008-03-20 12.3 12.66 11.78 11.78
2008-04-15 12.29 12.29 11.12 11.12
2008-04-24 11.29 11.29 11.29 11.29
2008-04-25 11.85 11.85 11.85 11.85
2008-04-28 12.44 12.44 12.44 12.44
2008-05-08 13.49 13.84 13.0 13.0
2008-05-16 13.35 13.48 13.01 13.01
2008-06-10 13.21 13.63 13.21 13.21
2008-06-11 13.03 13.6 12.63 12.63
2008-06-18 10.99 11.13 10.08 10.08
2008-06-23 10.67 11.06 10.51 10.51
2008-06-24 11.18 11.2 10.6 10.6
2008-06-25 11.74 11.74 11.74 11.74
2008-06-26 12.33 12.33 12.33 12.33
2008-07-07 12.35 12.44 11.7 11.7
2008-07-09 12.44 12.5 12.12 12.12
2008-07-24 12.38 12.38 12.38 12.38
2008-08-12 9.78 9.98 9.78 9.78
2008-08-19 7.96 8.09 7.96 7.96
2008-08-21 8.78 8.78 8.78 8.78
2008-09-19 6.78 6.78 6.78 6.78
2008-09-22 7.12 7.12 7.12 7.12
2008-10-07 7.77 7.89 7.77 7.77
2008-10-08 7.38 7.49 7.38 7.38
2008-10-15 6.9 7.06 6.65 6.65
2008-11-04 4.89 4.93 4.89 4.89
2008-11-05 4.85 5.04 4.67 4.67
2008-11-10 4.96 4.96 4.78 4.78
2008-11-24 6.2 6.2 6.2 6.2
2008-11-25 6.51 6.51 6.51 6.51
2008-11-26 6.84 6.84 6.84 6.84
2008-12-25 7.32 7.49 7.19 7.19
2008-12-29 7.31 7.45 7.21 7.21
2009-02-04 10.62 10.62 10.62 10.62
2009-06-03 15.11 15.18 14.7 14.7
2009-07-14 19.9 19.99 19.3 19.3
2009-08-18 18.02 18.02 18.02 18.02
2009-09-03 15.38 15.47 14.34 14.34
2009-09-11 16.3 16.56 16.15 16.15
2009-09-17 16.79 16.93 16.58 16.58
2009-11-02 15.99 16.09 14.8 14.8
2009-12-03 18.46 18.84 18.22 18.22
2010-01-19 18.65 18.87 18.5 18.5
2010-03-05 16.81 17.09 16.58 16.58
2010-03-29 16.5 16.58 16.3 16.3
2010-04-13 16.64 16.68 16.2 16.2
2010-04-23 15.98 16.23 15.56 15.56
2010-05-26 13.27 13.42 12.96 12.96
2010-07-06 12.07 12.26 11.66 11.66
2010-07-14 11.91 12.08 11.83 11.83
2010-07-20 12.44 12.64 12.03 12.03
2010-07-29 13.29 13.55 13.2 13.2
2010-08-04 14.08 14.17 13.59 13.59
2010-09-06 13.59 13.74 13.01 13.01
2010-10-08 12.77 12.95 12.38 12.38
2010-10-11 13.62 13.95 12.78 12.78
2010-11-01 15.5 15.54 14.9 14.9
2010-11-24 13.17 13.3 12.58 12.58
2010-12-10 12.46 12.54 12.29 12.29
2011-09-09 11.21 11.56 11.1 11.1
2011-09-15 11.14 11.37 11.12 11.12
2011-09-16 11.3 11.62 11.24 11.24
2011-09-29 10.56 10.95 10.53 10.53
2011-10-24 10.98 11.2 10.6 10.6
2011-12-05 8.65 8.84 8.6 8.6
2011-12-20 7.9 7.98 7.8 7.8
2012-01-18 9.07 9.6 8.9 8.9
2012-03-08 9.96 10.13 9.52 9.52
2012-03-19 9.92 9.95 9.52 9.52
2012-04-20 10.24 10.48 9.56 9.56
2012-08-01 10.16 10.33 9.85 9.85
2012-08-06 10.36 10.4 10.04 10.04
2012-09-07 9.12 9.12 8.32 8.32
2012-09-19 8.85 8.96 8.7 8.7
2012-09-26 8.89 9.46 8.61 8.61
2012-11-28 7.86 7.92 7.81 7.81
2012-12-05 7.68 7.85 7.2 7.2
2013-02-27 9.82 9.97 9.64 9.64
2013-04-01 8.63 8.75 8.51 8.51
2013-05-03 8.71 8.76 8.42 8.42
2013-05-15 8.63 8.96 8.28 8.28
2013-05-22 9.04 9.18 8.98 8.98
2013-06-28 7.67 7.91 7.31 7.31
2013-08-29 9.45 9.71 9.4 9.4
2013-10-18 8.99 9.19 8.87 8.87
2013-11-15 9.19 9.35 8.53 8.53
2013-12-27 9.77 9.84 9.48 9.48
2014-01-28 9.42 9.51 9.35 9.35
2014-02-10 9.52 9.53 9.21 9.21
2014-04-01 8.51 8.52 8.34 8.34
2014-07-22 8.56 8.62 8.45 8.45
2014-07-23 8.61 8.75 8.56 8.56
2014-07-24 8.9 8.97 8.62 8.62
2014-08-04 9.59 9.63 9.32 9.32
2014-09-26 10.54 10.74 10.41 10.41
2014-12-05 11.59 11.59 11.59 11.59
2014-12-08 12.75 12.75 12.75 12.75
2014-12-09 14.03 14.03 14.03 14.03
2014-12-10 15.43 15.43 15.43 15.43
2014-12-11 16.97 16.97 16.97 16.97
2015-01-19 18.14 18.32 18.14 18.14
2015-01-23 18.62 19.2 18.5 18.5
2015-03-06 19.73 20.35 19.1 19.1
2015-05-25 25.99 26.4 25.02 25.02
2015-07-08 15.81 15.81 15.81 15.81
2015-09-02 15.64 15.98 14.88 14.88
2016-02-02 8.36 8.44 8.14 8.14
2016-02-16 8.31 8.36 8.02 8.02
2016-04-22 8.16 8.17 8.05 8.05
2016-06-07 7.92 7.99 7.87 7.87
2016-08-15 7.8 8.0 7.42 7.42
2016-09-30 7.21 7.24 7.18 7.18
2016-10-10 7.31 7.33 7.24 7.24
2016-11-21 7.69 7.76 7.62 7.62
2016-12-21 7.18 7.2 7.14 7.14
2017-04-05 6.31 6.34 6.2 6.2
2017-06-06 5.47 5.49 5.44 5.44
2017-06-19 5.63 5.66 5.56 5.56
2017-08-14 5.9 5.93 5.72 5.72
