2001-03-14 17.49 17.55 16.88 16.88
2001-03-29 17.95 18.08 17.58 17.58
2001-06-04 19.4 19.5 19.1 19.1
2001-06-20 20.22 20.51 20.1 20.1
2001-06-22 20.58 20.87 20.5 20.5
2001-06-27 20.29 20.35 20.01 20.01
2001-07-09 20.23 20.4 20.08 20.08
2001-09-25 15.25 15.36 15.0 15.0
2002-05-28 11.08 11.21 11.06 11.06
2002-06-18 10.45 10.5 10.17 10.17
2002-06-21 10.83 10.85 10.28 10.28
2002-08-02 11.2 11.28 11.16 11.16
2002-08-06 11.56 11.65 11.08 11.08
2002-08-14 11.73 11.75 11.28 11.28
2002-09-02 11.78 11.82 11.68 11.68
2002-09-03 11.87 12.02 11.79 11.79
2002-09-04 11.74 12.05 11.6 11.6
2003-05-26 7.38 7.47 7.22 7.22
2003-06-03 7.9 8.18 7.85 7.85
2003-08-28 6.61 6.69 6.51 6.51
2003-08-29 6.65 6.65 6.53 6.53
2004-02-17 6.0 6.03 5.89 5.89
2004-05-11 5.2 5.22 5.1 5.1
2004-06-11 4.99 5.1 4.8 4.8
2004-08-26 3.62 3.7 3.51 3.51
2004-09-14 3.75 3.76 3.57 3.57
2005-01-21 3.08 3.25 2.96 2.96
2006-11-01 2.59 2.59 2.51 2.51
2006-11-02 2.72 2.72 2.72 2.72
2006-11-03 2.86 2.86 2.86 2.86
2006-11-09 2.69 2.81 2.65 2.65
2006-11-15 2.49 2.53 2.41 2.41
2006-11-21 2.43 2.44 2.36 2.36
2006-11-23 2.68 2.68 2.61 2.61
2007-11-26 3.1 3.1 3.1 3.1
2007-11-27 3.26 3.26 3.26 3.26
2007-11-28 3.42 3.42 3.42 3.42
2007-11-29 3.59 3.59 3.59 3.59
2007-11-30 3.77 3.77 3.77 3.77
2007-12-03 3.96 3.96 3.96 3.96
2007-12-04 4.16 4.16 4.16 4.16
2007-12-05 4.37 4.37 4.37 4.37
2007-12-06 4.59 4.59 4.59 4.59
2007-12-07 4.82 4.82 4.82 4.82
2007-12-10 5.06 5.06 5.06 5.06
2007-12-11 5.31 5.31 5.31 5.31
2007-12-14 5.58 5.58 5.58 5.58
2007-12-17 5.86 5.86 5.86 5.86
2007-12-18 6.15 6.15 6.15 6.15
2007-12-19 6.46 6.46 6.46 6.46
2007-12-20 6.78 6.78 6.78 6.78
2007-12-21 7.12 7.12 7.12 7.12
2007-12-24 7.48 7.48 7.48 7.48
2007-12-25 7.85 7.85 7.85 7.85
2007-12-26 8.24 8.24 8.24 8.24
2007-12-27 8.65 8.65 8.65 8.65
2007-12-28 9.08 9.08 9.08 9.08
2008-01-02 9.53 9.53 9.53 9.53
2008-01-03 10.01 10.01 10.01 10.01
2008-01-04 10.51 10.51 10.51 10.51
2008-01-07 11.04 11.04 11.04 11.04
2008-01-08 11.59 11.59 11.59 11.59
2008-01-09 12.17 12.17 12.17 12.17
2008-01-10 12.78 12.78 12.78 12.78
2008-01-11 13.42 13.42 13.42 13.42
2008-01-14 14.09 14.09 14.09 14.09
2008-01-15 14.79 14.79 14.79 14.79
2008-01-16 15.53 15.53 15.53 15.53
2008-01-17 16.31 16.31 16.31 16.31
2008-01-18 17.13 17.13 17.13 17.13
2008-01-21 17.99 17.99 17.99 17.99
2008-01-22 18.89 18.89 18.89 18.89
2008-01-23 19.83 19.83 19.83 19.83
2008-01-24 20.82 20.82 20.82 20.82
2008-01-28 21.86 21.86 21.86 21.86
2008-01-29 20.77 20.77 20.77 20.77
2008-01-30 19.73 19.73 19.73 19.73
2008-01-31 18.74 18.74 18.74 18.74
2008-02-01 17.8 19.48 17.8 17.8
2008-04-25 11.85 11.85 11.85 11.85
2008-04-28 12.44 12.44 12.44 12.44
2008-05-08 13.49 13.84 13.0 13.0
2008-05-16 13.35 13.48 13.01 13.01
2008-06-11 13.03 13.6 12.63 12.63
2008-06-18 10.99 11.13 10.08 10.08
2008-06-23 10.67 11.06 10.51 10.51
2008-06-24 11.18 11.2 10.6 10.6
2008-06-25 11.74 11.74 11.74 11.74
2008-06-26 12.33 12.33 12.33 12.33
2008-07-09 12.44 12.5 12.12 12.12
2008-08-19 7.96 8.09 7.96 7.96
2008-08-21 8.78 8.78 8.78 8.78
2008-09-22 7.12 7.12 7.12 7.12
2008-10-07 7.77 7.89 7.77 7.77
2008-10-08 7.38 7.49 7.38 7.38
2008-10-15 6.9 7.06 6.65 6.65
2008-11-05 4.85 5.04 4.67 4.67
2008-11-10 4.96 4.96 4.78 4.78
2008-11-25 6.51 6.51 6.51 6.51
2008-11-26 6.84 6.84 6.84 6.84
2008-12-29 7.31 7.45 7.21 7.21
2009-09-11 16.3 16.56 16.15 16.15
2009-09-17 16.79 16.93 16.58 16.58
2010-07-14 11.91 12.08 11.83 11.83
2010-07-20 12.44 12.64 12.03 12.03
2010-08-04 14.08 14.17 13.59 13.59
2010-10-11 13.62 13.95 12.78 12.78
2011-09-15 11.14 11.37 11.12 11.12
2011-09-16 11.3 11.62 11.24 11.24
2012-08-06 10.36 10.4 10.04 10.04
2012-09-26 8.89 9.46 8.61 8.61
2012-12-05 7.68 7.85 7.2 7.2
2013-05-22 9.04 9.18 8.98 8.98
2014-02-10 9.52 9.53 9.21 9.21
2014-07-23 8.61 8.75 8.56 8.56
2014-07-24 8.9 8.97 8.62 8.62
2014-12-08 12.75 12.75 12.75 12.75
2014-12-09 14.03 14.03 14.03 14.03
2014-12-10 15.43 15.43 15.43 15.43
2014-12-11 16.97 16.97 16.97 16.97
2015-01-23 18.62 19.2 18.5 18.5
2016-02-16 8.31 8.36 8.02 8.02
2016-10-10 7.31 7.33 7.24 7.24
