2000-12-19 19.89 20.2 19.69 19.69
2001-01-05 21.65 21.66 21.3 21.3
2001-01-12 22.18 22.35 21.2 21.2
2001-02-08 20.18 20.48 20.06 20.06
2001-03-01 21.73 21.75 21.45 21.45
2001-03-07 22.74 23.07 22.3 22.3
2001-03-26 23.35 23.55 23.1 23.1
2001-04-02 24.78 24.9 24.0 24.0
2001-04-13 25.12 25.18 24.19 24.19
2001-04-19 28.9 29.09 27.58 27.58
2001-04-26 27.5 27.99 27.05 27.05
2001-05-08 29.2 29.6 28.0 28.0
2001-05-14 28.9 29.18 28.5 28.5
2001-05-16 29.3 30.0 28.65 28.65
2001-05-22 30.95 30.98 29.2 29.2
2001-06-12 29.08 29.1 28.71 28.71
2001-06-13 30.0 30.0 28.8 28.8
2001-06-19 29.4 29.58 28.75 28.75
2001-06-21 29.89 29.94 29.48 29.48
2001-07-09 28.59 28.79 28.26 28.26
2001-07-10 29.16 29.4 28.6 28.6
2001-07-13 29.0 29.2 28.7 28.7
2001-07-20 29.0 29.2 28.75 28.75
2001-07-23 29.69 29.81 28.9 28.9
2001-08-07 26.39 26.51 25.5 25.5
2001-08-10 26.64 26.99 26.03 26.03
2001-08-31 24.3 24.4 24.01 24.01
2001-09-04 24.4 24.4 23.4 23.4
2001-09-06 24.56 24.7 24.3 24.3
2001-09-13 24.59 24.8 24.3 24.3
2001-10-09 23.39 23.5 23.0 23.0
2001-10-23 20.68 20.68 19.8 19.8
2001-11-14 9.32 9.39 9.15 9.15
2001-11-15 9.51 9.69 9.35 9.35
2001-11-16 9.75 10.38 9.6 9.6
2001-12-07 11.41 11.56 11.3 11.3
2001-12-21 10.29 10.38 10.1 10.1
2001-12-26 10.4 10.4 10.15 10.15
2002-01-23 7.84 7.84 7.08 7.08
2002-01-31 8.27 8.27 7.6 7.6
2002-03-05 9.16 9.2 8.85 8.85
2002-03-19 11.17 11.33 10.25 10.25
2002-04-09 11.07 11.08 10.7 10.7
2002-04-23 10.51 10.55 10.4 10.4
2002-04-24 10.48 10.7 10.43 10.43
2002-04-30 10.92 11.05 10.8 10.8
2002-05-14 10.49 10.54 10.39 10.39
2002-05-23 9.47 9.6 9.43 9.43
2002-06-13 9.25 9.33 9.01 9.01
2002-06-18 9.48 9.48 9.16 9.16
2002-06-20 9.41 9.51 9.29 9.29
2002-06-21 9.74 9.79 9.41 9.41
2002-07-08 10.59 10.6 10.36 10.36
2002-07-09 10.57 10.65 10.5 10.5
2002-07-16 10.33 10.45 10.25 10.25
2002-07-19 10.64 10.64 10.42 10.42
2002-07-23 10.77 10.88 10.51 10.51
2002-08-02 10.44 10.45 10.4 10.4
2002-08-05 10.53 10.6 10.43 10.43
2002-08-14 10.3 10.35 10.25 10.25
2002-08-19 10.28 10.32 10.23 10.23
2002-08-20 10.49 10.5 10.26 10.26
2002-10-16 9.66 9.7 9.48 9.48
2002-10-22 9.69 9.77 9.45 9.45
2002-10-23 9.75 9.78 9.65 9.65
2002-11-05 9.75 9.77 9.43 9.43
2002-11-11 9.65 9.75 9.53 9.53
2002-11-15 9.47 9.63 9.17 9.17
2002-11-26 9.27 9.42 9.21 9.21
2002-12-03 10.13 10.15 9.74 9.74
2002-12-20 10.78 10.8 10.61 10.61
2002-12-25 10.78 10.82 10.56 10.56
2003-01-06 9.45 9.71 9.31 9.31
2003-01-08 9.67 9.7 9.38 9.38
2003-01-16 10.19 10.25 10.0 10.0
2003-01-23 9.85 9.95 9.66 9.66
2003-01-28 9.89 9.95 9.8 9.8
2003-02-11 10.32 10.35 10.15 10.15
2003-02-19 10.65 10.67 10.3 10.3
2003-03-14 10.38 10.43 10.3 10.3
2003-03-18 10.35 10.48 10.31 10.31
2003-03-24 10.35 10.39 10.26 10.26
2003-04-22 11.79 11.81 11.5 11.5
2003-05-19 11.31 11.49 11.16 11.16
2003-06-02 11.29 11.42 10.88 10.88
2003-06-10 11.63 11.83 11.5 11.5
2003-08-05 9.11 9.28 8.59 8.59
2003-08-21 8.55 8.62 8.44 8.44
2003-08-28 8.48 8.6 8.41 8.41
2003-09-15 8.59 8.59 8.42 8.42
2003-09-19 8.68 8.68 8.52 8.52
2003-09-22 8.76 8.9 8.63 8.63
2003-11-24 6.79 6.79 6.33 6.33
2003-11-28 7.45 7.49 7.0 7.0
2004-03-31 8.08 8.11 7.95 7.95
2004-04-02 8.38 8.47 8.1 8.1
2004-04-06 8.49 8.55 8.34 8.34
2004-07-06 7.16 7.18 7.08 7.08
2004-07-09 7.1 7.14 6.95 6.95
2004-07-23 7.32 7.35 7.21 7.21
2004-07-29 7.59 7.66 7.45 7.45
2004-08-03 7.8 7.9 7.6 7.6
2004-08-10 7.93 8.02 7.89 7.89
2004-08-12 7.85 7.86 7.7 7.7
2004-08-17 7.79 7.86 7.7 7.7
2004-08-20 7.75 7.76 7.51 7.51
2004-08-23 7.75 7.76 7.6 7.6
2004-08-24 7.85 7.9 7.74 7.74
2004-08-25 7.94 7.94 7.85 7.85
2004-08-27 7.73 7.8 7.7 7.7
2004-09-06 7.66 7.78 7.59 7.59
2004-09-14 7.49 7.53 7.32 7.32
2004-09-15 7.78 7.95 7.5 7.5
2004-10-15 8.03 8.05 7.85 7.85
2004-11-08 6.98 7.0 6.92 6.92
2004-11-17 7.18 7.18 6.98 6.98
2004-12-06 6.31 6.32 6.19 6.19
2004-12-14 6.1 6.15 6.06 6.06
2005-01-13 5.41 5.49 5.28 5.28
2005-02-24 5.76 5.78 5.68 5.68
2005-03-31 4.95 4.98 4.82 4.82
2005-06-08 4.34 4.38 4.02 4.02
2005-06-27 4.41 4.47 4.38 4.38
2005-07-11 3.48 3.93 3.42 3.42
2005-07-18 3.31 3.35 3.25 3.25
2005-08-09 4.32 4.34 4.11 4.11
2005-08-22 4.51 4.66 4.46 4.46
2005-08-24 4.4 4.44 4.34 4.34
2005-09-13 4.89 4.9 4.74 4.74
2005-09-29 4.44 4.47 4.35 4.35
2005-11-02 3.96 3.99 3.79 3.79
2005-11-08 4.0 4.03 3.92 3.92
2005-11-15 3.79 3.8 3.73 3.73
2005-12-01 4.02 4.06 3.98 3.98
2005-12-06 3.89 3.93 3.83 3.83
2005-12-20 4.33 4.34 4.24 4.24
2005-12-22 4.43 4.44 4.25 4.25
2006-11-14 4.97 4.97 4.5 4.5
2006-12-11 5.08 5.1 4.92 4.92
2006-12-20 5.59 5.59 5.03 5.03
2006-12-25 6.12 6.38 5.82 5.82
2006-12-29 6.39 6.6 6.0 6.0
2007-01-19 6.74 7.1 6.65 6.65
2007-03-07 7.25 7.29 6.99 6.99
2007-03-13 7.55 7.63 7.45 7.45
2007-03-15 8.01 8.25 7.9 7.9
2007-04-12 9.36 9.48 9.18 9.18
2007-04-18 10.26 10.35 9.98 9.98
2007-04-26 11.2 11.45 11.0 11.0
2007-04-30 12.55 12.55 11.45 11.45
2007-07-20 9.97 10.01 9.57 9.57
2007-07-23 10.43 10.49 10.02 10.02
2007-08-24 12.91 12.91 12.28 12.28
2007-10-10 12.4 12.62 11.9 11.9
2007-11-05 9.39 9.49 9.11 9.11
2007-11-23 9.51 9.52 9.21 9.21
2007-11-28 9.55 9.77 9.45 9.45
2007-12-05 9.51 9.53 9.31 9.31
2007-12-07 9.71 9.76 9.49 9.49
2008-01-07 11.22 11.26 10.98 10.98
2008-01-29 9.66 9.85 9.4 9.4
2008-02-04 9.87 9.88 9.32 9.32
2008-02-18 10.0 10.04 9.82 9.82
2008-02-29 10.55 10.72 10.46 10.46
2008-06-05 5.71 5.77 5.64 5.64
2008-06-25 4.49 4.51 4.22 4.22
2008-07-24 4.67 4.7 4.5 4.5
2008-08-19 3.52 3.56 3.37 3.37
2008-09-22 3.31 3.31 3.31 3.31
2008-09-24 3.28 3.29 3.09 3.09
2008-10-08 2.96 3.0 2.93 2.93
2008-10-28 2.46 2.53 2.31 2.31
2008-11-05 2.34 2.39 2.28 2.28
2008-11-06 2.32 2.34 2.29 2.29
2008-11-10 2.56 2.57 2.4 2.4
2008-12-25 3.28 3.29 2.99 2.99
2009-01-07 3.25 3.38 3.16 3.16
2009-01-14 3.25 3.27 3.15 3.15
2009-01-16 3.36 3.41 3.29 3.29
2009-02-06 3.74 3.78 3.59 3.59
2009-03-04 3.82 3.83 3.63 3.63
2009-04-01 4.52 4.61 4.28 4.28
2009-06-15 5.93 5.94 5.74 5.74
2009-06-22 6.29 6.36 6.01 6.01
2009-07-01 6.2 6.35 6.11 6.11
2009-07-07 6.47 6.57 6.42 6.42
2009-07-09 6.7 6.84 6.48 6.48
2009-07-31 7.26 7.26 6.62 6.62
2009-08-20 5.75 5.79 5.52 5.52
2009-09-03 6.43 6.62 6.07 6.07
2009-10-09 7.2 7.24 7.05 7.05
2009-11-19 7.78 7.93 7.67 7.67
2009-11-23 8.23 8.43 8.01 8.01
2009-11-25 8.07 8.16 7.56 7.56
2009-12-23 7.3 7.36 7.18 7.18
2010-02-09 7.05 7.2 6.9 6.9
2010-03-01 8.15 8.15 7.36 7.36
2010-03-30 8.17 8.23 8.03 8.03
2010-04-21 7.73 7.75 7.51 7.51
2010-06-10 6.74 6.87 6.7 6.7
2010-08-02 6.74 6.77 6.6 6.6
2010-08-16 6.7 6.72 6.55 6.55
2011-01-05 7.31 7.32 7.17 7.17
2011-01-27 6.41 6.45 6.3 6.3
2011-03-01 7.41 7.45 7.21 7.21
2011-03-11 7.62 7.68 7.35 7.35
2011-03-25 9.0 9.25 8.2 8.2
2011-05-24 8.3 8.4 7.7 7.7
2011-06-03 7.64 7.73 7.5 7.5
2011-06-14 7.73 7.83 7.65 7.65
2011-06-24 7.73 8.0 7.31 7.31
2011-07-04 7.89 7.92 7.75 7.75
2011-07-11 7.94 8.04 7.85 7.85
2011-07-13 7.67 7.7 7.5 7.5
2011-07-20 7.96 8.07 7.93 7.93
2011-08-10 6.62 6.67 6.35 6.35
2011-08-15 6.96 7.06 6.85 6.85
2011-08-25 6.8 6.83 6.57 6.57
2011-10-27 5.87 5.95 5.8 5.8
2011-12-16 6.0 6.0 5.73 5.73
2012-01-17 4.46 4.48 4.22 4.22
2012-02-27 5.64 5.72 5.18 5.18
2012-03-08 5.4 5.44 5.36 5.36
2012-03-19 5.21 5.22 5.05 5.05
2012-04-05 4.75 4.77 4.6 4.6
2012-04-12 4.91 4.91 4.79 4.79
2012-04-18 5.06 5.06 4.89 4.89
2012-04-23 5.2 5.33 5.12 5.12
2012-05-17 4.9 4.93 4.79 4.79
2012-05-21 4.88 4.99 4.81 4.81
2012-05-22 4.94 4.95 4.86 4.86
2012-06-11 4.66 4.68 4.58 4.58
2012-06-27 4.48 4.56 4.41 4.41
2012-06-29 4.51 4.53 4.43 4.43
2012-07-17 3.86 3.89 3.81 3.81
2012-07-24 4.0 4.02 3.95 3.95
2012-08-01 3.66 3.68 3.57 3.57
2012-08-21 3.92 3.94 3.82 3.82
2012-08-29 3.87 3.92 3.82 3.82
2012-09-03 3.87 3.91 3.81 3.81
2012-09-05 4.05 4.15 3.86 3.86
2012-10-10 3.95 3.96 3.84 3.84
2012-11-05 3.93 3.95 3.89 3.89
2012-11-12 3.84 3.84 3.8 3.8
2012-11-19 3.7 3.72 3.63 3.63
2012-12-07 3.6 3.63 3.53 3.53
2012-12-24 3.66 3.68 3.63 3.63
2012-12-25 3.72 3.74 3.66 3.66
2013-01-08 4.09 4.11 3.96 3.96
2013-01-15 3.94 3.97 3.88 3.88
2013-02-06 3.95 3.96 3.92 3.92
2013-02-08 3.97 3.99 3.94 3.94
2013-03-01 3.91 3.91 3.84 3.84
2013-03-06 3.96 3.99 3.86 3.86
2013-03-20 3.89 3.91 3.79 3.79
2013-03-21 4.03 4.05 3.88 3.88
2013-05-03 3.8 3.82 3.74 3.74
2013-05-30 4.18 4.32 4.1 4.1
2013-07-11 3.44 3.46 3.34 3.34
2013-07-15 3.45 3.47 3.39 3.39
2013-08-16 3.55 3.61 3.54 3.54
2013-08-26 3.65 3.7 3.58 3.58
2013-08-30 3.7 3.8 3.69 3.69
2013-09-04 3.86 3.88 3.78 3.78
2013-09-23 3.99 4.0 3.94 3.94
2013-09-27 4.2 4.27 4.0 4.0
2013-09-30 4.29 4.43 4.2 4.2
2013-10-17 4.9 5.15 4.61 4.61
2013-11-28 4.27 4.35 4.18 4.18
2013-12-03 4.07 4.09 3.94 3.94
2013-12-06 4.16 4.17 4.12 4.12
2013-12-12 4.09 4.13 4.06 4.06
2013-12-18 4.51 4.52 4.14 4.14
2013-12-24 4.23 4.31 4.19 4.19
2014-01-24 4.05 4.06 3.96 3.96
2014-02-10 4.25 4.31 4.16 4.16
2014-03-13 4.18 4.21 4.12 4.12
2014-03-17 4.6 4.68 4.4 4.4
2014-04-01 4.45 4.46 4.35 4.35
2014-05-08 4.28 4.37 4.28 4.28
2014-05-20 4.4 4.4 4.33 4.33
2014-05-22 4.42 4.5 4.39 4.39
2014-05-28 4.47 4.5 4.43 4.43
2014-06-05 4.41 4.41 4.33 4.33
2014-06-23 4.4 4.47 4.36 4.36
2014-07-09 4.73 4.9 4.66 4.66
2014-07-18 4.87 4.93 4.83 4.83
2014-07-25 4.85 4.88 4.82 4.82
2014-07-28 4.94 4.98 4.85 4.85
2014-08-05 5.37 5.58 5.28 5.28
2014-09-15 6.16 6.23 5.86 5.86
2014-09-23 6.31 6.35 6.07 6.07
2014-09-30 6.83 6.83 6.52 6.52
2014-10-14 6.56 6.73 6.48 6.48
2014-10-16 6.54 6.61 6.46 6.46
2014-10-29 6.48 6.64 6.38 6.38
2014-11-03 6.49 6.54 6.41 6.41
2014-11-06 7.05 7.34 6.68 6.68
2014-12-04 7.12 7.22 7.04 7.04
2014-12-10 6.35 6.4 6.01 6.01
2015-01-20 6.43 6.43 6.24 6.24
2015-03-06 7.7 7.88 7.67 7.67
2015-03-16 7.96 8.02 7.73 7.73
2015-04-22 11.55 11.86 10.96 10.96
2015-06-01 16.32 16.32 14.98 14.98
2015-06-02 17.88 17.95 16.7 16.7
2015-07-07 7.22 7.47 7.22 7.22
2015-07-08 6.5 6.5 6.5 6.5
2015-07-09 7.15 7.15 5.85 5.85
2015-08-07 8.54 8.65 8.01 8.01
2015-08-10 9.28 9.39 8.63 8.63
2015-08-28 7.32 7.33 6.66 6.66
2015-10-14 7.67 7.9 7.62 7.62
2015-11-04 8.48 8.57 8.07 8.07
2015-11-25 10.21 10.38 10.02 10.02
2015-12-07 9.77 9.78 9.39 9.39
2015-12-16 9.57 9.67 9.29 9.29
2015-12-30 10.86 10.94 10.4 10.4
2016-01-19 7.42 7.45 7.04 7.04
2016-05-16 8.03 8.2 7.63 7.63
2016-05-19 7.69 7.89 7.44 7.44
2016-05-23 7.84 7.92 7.79 7.79
2016-05-30 7.87 7.98 7.61 7.61
2016-05-31 8.23 8.3 7.8 7.8
2016-06-06 8.63 8.65 8.33 8.33
2016-06-14 7.84 7.89 7.7 7.7
2016-06-27 8.31 8.33 8.04 8.04
2016-08-11 8.75 8.99 8.62 8.62
2016-08-15 9.19 9.3 9.01 9.01
2016-08-26 9.66 9.89 9.02 9.02
2016-10-18 10.51 10.63 10.18 10.18
2016-11-03 10.37 10.5 10.3 10.3
2016-12-21 10.31 10.42 10.17 10.17
2016-12-27 10.54 10.74 10.23 10.23
2017-01-09 11.26 11.38 10.83 10.83
2017-01-23 9.89 9.96 9.77 9.77
2017-02-06 10.27 10.28 10.02 10.02
2017-02-09 10.39 10.47 10.28 10.28
2017-02-20 10.54 10.58 10.28 10.28
2017-03-17 10.58 10.7 10.55 10.55
2017-03-31 9.76 9.9 9.63 9.63
2017-05-26 7.76 7.84 7.73 7.73
2017-06-15 7.93 8.02 7.76 7.76
2017-06-29 8.26 8.31 8.05 8.05
2017-08-22 8.33 8.51 8.21 8.21
