1994-07-05 4.12 4.13 3.98 3.98
1994-07-13 3.99 4.01 3.88 3.88
1994-07-25 3.2 3.25 2.9 2.9
1994-08-03 4.7 4.7 3.75 3.75
1994-08-16 7.05 7.45 6.5 6.5
1994-08-25 7.59 7.75 7.36 7.36
1994-08-30 7.1 7.32 6.7 6.7
1994-10-11 5.7 5.8 5.4 5.4
1994-10-19 5.28 5.3 5.1 5.1
1994-11-09 5.63 5.68 5.28 5.28
1994-12-15 5.69 5.73 5.18 5.18
1994-12-22 5.49 5.59 5.2 5.2
1995-01-25 4.6 4.62 4.5 4.5
1995-02-13 4.41 4.46 4.35 4.35
1995-03-16 4.5 4.5 4.4 4.4
1995-03-27 4.95 4.95 4.8 4.8
1995-04-18 4.72 4.76 4.7 4.7
1995-04-19 4.75 4.76 4.68 4.68
1995-04-24 4.72 4.79 4.68 4.68
1995-05-09 4.33 4.36 4.26 4.26
1995-06-06 5.55 5.65 5.5 5.5
1995-06-09 5.9 5.97 5.7 5.7
1995-06-13 5.83 5.9 5.65 5.65
1995-06-21 5.16 5.17 5.05 5.05
1995-06-23 5.07 5.15 5.02 5.02
1995-06-27 5.06 5.19 5.02 5.02
1995-07-04 4.74 4.75 4.62 4.62
1995-07-31 5.39 5.53 5.31 5.31
1995-08-03 5.37 5.42 5.32 5.32
1995-08-22 5.46 5.56 5.42 5.42
1995-09-26 5.24 5.27 5.2 5.2
1995-09-27 5.05 5.15 5.0 5.0
1995-10-20 5.25 5.29 5.01 5.01
1995-11-03 5.44 5.47 5.3 5.3
1995-11-14 5.2 5.24 5.13 5.13
1995-11-20 5.12 5.15 5.03 5.03
1995-11-29 4.95 5.0 4.88 4.88
1995-12-05 4.81 4.85 4.8 4.8
1995-12-07 4.78 4.81 4.75 4.75
1996-01-11 4.2 4.25 4.15 4.15
1996-01-19 4.08 4.08 4.0 4.0
1996-01-23 4.05 4.08 4.0 4.0
1996-01-25 4.06 4.24 4.05 4.05
1996-02-06 4.42 4.42 4.32 4.32
1996-02-07 4.5 4.58 4.35 4.35
1996-02-13 4.42 4.55 4.41 4.41
1996-02-16 4.77 4.84 4.54 4.54
1996-03-07 5.39 5.47 5.11 5.11
1996-03-21 5.13 5.22 5.12 5.12
1996-03-22 5.14 5.18 5.1 5.1
1996-04-01 5.0 5.09 4.96 4.96
1996-04-04 4.92 5.0 4.9 4.9
1996-04-05 5.07 5.1 4.92 4.92
1996-04-16 5.24 5.24 5.0 5.0
1996-04-18 5.58 5.58 5.2 5.2
1996-04-24 7.35 7.35 6.72 6.72
1996-04-29 9.39 9.44 9.01 9.01
1996-05-03 7.3 7.7 7.07 7.07
1996-05-13 7.83 8.3 7.71 7.71
1996-05-28 6.7 6.7 6.5 6.5
1996-06-04 6.74 6.8 6.65 6.65
1996-06-05 7.2 7.2 6.69 6.69
1996-06-11 7.53 7.6 6.85 6.85
1996-06-17 5.82 6.2 5.8 5.8
1996-06-18 5.85 5.9 5.8 5.8
1996-06-24 6.63 6.72 6.08 6.08
1996-07-04 5.84 6.1 5.8 5.8
1996-07-29 7.06 7.33 6.85 6.85
1996-07-30 7.22 7.65 7.14 7.14
1996-08-02 7.57 7.73 7.2 7.2
1996-09-13 5.63 5.65 5.4 5.4
1996-09-23 5.87 5.89 5.55 5.55
1996-09-26 5.55 5.7 5.45 5.45
1996-10-03 5.66 5.88 5.5 5.5
1996-10-07 6.08 6.08 5.68 5.68
1996-10-14 6.37 6.68 6.3 6.3
1996-10-23 6.38 6.39 6.05 6.05
1996-10-28 6.5 6.78 6.2 6.2
1996-12-16 5.82 5.82 5.82 5.82
1996-12-17 5.24 5.5 5.24 5.24
1996-12-23 4.66 4.83 4.6 4.6
1997-01-02 4.95 4.95 4.8 4.8
1997-01-10 4.99 5.0 4.88 4.88
1997-02-20 5.25 5.4 4.45 4.45
1997-03-17 6.09 6.2 6.0 6.0
1997-03-28 6.2 6.38 6.0 6.0
1997-04-30 5.54 5.72 5.54 5.54
1997-07-09 3.47 3.48 3.4 3.4
1997-07-11 3.49 3.5 3.36 3.36
1997-07-25 3.93 4.0 3.7 3.7
1997-08-04 4.15 4.2 4.1 4.1
1997-08-14 4.04 4.05 3.9 3.9
1997-09-08 5.01 5.06 4.7 4.7
1997-09-25 4.95 5.21 4.9 4.9
1997-10-08 4.92 5.0 4.84 4.84
1997-10-10 4.98 4.99 4.83 4.83
1997-10-20 5.48 5.48 5.2 5.2
1997-10-31 6.39 6.5 6.05 6.05
1997-11-06 6.45 6.55 6.21 6.21
1997-11-13 7.09 7.18 6.54 6.54
1997-11-14 7.04 7.05 6.8 6.8
1997-11-20 6.79 6.92 6.55 6.55
1997-12-26 5.08 5.23 5.0 5.0
1997-12-29 5.25 5.35 5.11 5.11
1997-12-30 5.46 5.56 5.25 5.25
1998-01-12 5.5 5.76 5.48 5.48
1998-01-14 5.36 5.49 5.16 5.16
1998-01-15 5.9 5.9 5.59 5.59
1998-02-19 6.2 6.33 6.0 6.0
1998-03-09 6.37 6.45 6.2 6.2
1998-03-13 5.91 6.03 5.82 5.82
1998-04-14 7.65 7.7 7.4 7.4
1998-04-17 7.95 8.05 7.56 7.56
1998-04-22 8.5 8.75 8.28 8.28
1998-04-30 7.8 7.86 7.4 7.4
1998-06-05 8.51 8.51 8.51 8.51
1998-06-08 8.08 8.08 8.08 8.08
1998-06-09 7.68 7.68 7.68 7.68
1998-06-11 7.3 7.3 7.3 7.3
1998-06-12 7.67 7.67 6.94 6.94
1998-06-22 7.8 7.8 7.4 7.4
1998-07-06 8.5 8.59 8.4 8.4
1998-07-31 8.77 8.9 8.7 8.7
1998-08-12 8.72 8.86 8.64 8.64
1998-08-18 7.86 8.18 7.73 7.73
1998-08-19 8.25 8.25 7.89 7.89
1998-08-26 8.87 8.87 8.51 8.51
1998-09-02 8.05 8.2 7.8 7.8
1998-09-03 8.45 8.45 8.45 8.45
1998-10-16 11.7 11.7 11.2 11.2
1998-10-19 12.29 12.29 12.0 12.0
1998-11-03 11.8 11.96 11.5 11.5
1998-11-16 12.24 12.55 12.14 12.14
1998-11-23 12.62 12.75 12.3 12.3
1998-12-04 11.8 11.84 11.75 11.75
1998-12-09 11.69 11.96 11.28 11.28
1998-12-10 11.64 11.8 11.64 11.64
1999-01-20 9.69 9.75 9.65 9.65
1999-01-22 10.68 10.68 10.4 10.4
1999-02-01 10.5 10.59 10.35 10.35
1999-02-04 10.67 10.67 10.36 10.36
1999-03-10 12.35 12.5 12.0 12.0
1999-03-11 12.5 12.58 12.35 12.35
1999-03-15 12.5 12.72 12.1 12.1
1999-03-17 12.8 12.86 12.75 12.75
1999-03-23 14.49 14.49 13.61 13.61
1999-04-02 14.86 15.08 14.6 14.6
1999-04-20 16.68 16.74 16.05 16.05
1999-04-29 17.0 17.15 16.75 16.75
1999-05-31 20.98 20.98 20.3 20.3
1999-07-09 35.9 36.25 35.7 35.7
1999-09-21 37.08 37.15 36.88 36.88
1999-09-27 18.99 19.01 18.26 18.26
1999-11-17 16.85 16.94 16.8 16.8
1999-12-01 14.1 14.2 13.98 13.98
1999-12-17 14.65 14.84 13.8 13.8
1999-12-28 12.44 12.7 12.0 12.0
2000-01-10 13.86 13.86 12.7 12.7
2000-02-24 19.03 19.03 17.35 17.35
2000-03-09 20.85 21.1 20.2 20.2
2000-03-23 18.73 19.7 18.5 18.5
2000-04-05 18.3 18.88 18.05 18.05
2000-04-28 18.85 18.98 18.56 18.56
2000-05-23 16.4 16.82 16.22 16.22
2000-05-30 16.43 16.74 16.2 16.2
2000-06-06 16.24 16.35 16.0 16.0
2000-06-28 15.7 15.75 15.25 15.25
2000-07-12 15.21 15.5 15.0 15.0
2000-07-20 15.6 15.72 15.4 15.4
2000-08-04 15.55 15.62 15.18 15.18
2000-08-21 17.4 17.58 16.75 16.75
2000-09-05 17.48 18.08 17.25 17.25
2000-09-12 18.01 18.1 17.7 17.7
2000-09-26 17.75 17.79 17.62 17.62
2000-10-24 19.21 19.48 18.95 18.95
2000-11-08 19.65 19.65 19.42 19.42
2000-11-22 19.85 19.98 19.8 19.8
2000-11-28 19.65 19.7 19.5 19.5
2000-12-05 19.46 19.53 19.26 19.26
2000-12-12 19.8 20.15 17.5 17.5
2000-12-29 20.13 20.28 20.03 20.03
2001-01-18 18.78 19.05 18.55 18.55
2001-02-23 16.25 16.35 16.0 16.0
2001-03-16 18.7 18.9 18.11 18.11
2001-04-17 18.41 19.16 18.22 18.22
2001-04-27 17.86 18.05 17.81 17.81
2001-05-31 14.1 14.3 14.01 14.01
2001-06-25 14.14 14.34 13.9 13.9
2001-07-19 13.72 13.92 13.48 13.48
2001-07-20 13.75 13.92 13.7 13.7
2001-07-23 13.99 14.18 13.76 13.76
2001-08-01 12.3 12.32 11.9 11.9
2001-08-09 12.22 12.28 12.03 12.03
2001-09-04 11.58 11.6 11.3 11.3
2001-09-12 11.12 11.29 10.31 10.31
2001-09-13 11.03 11.18 11.01 11.01
2001-09-28 9.4 9.55 9.25 9.25
2001-10-09 9.3 9.4 9.12 9.12
2001-10-22 8.75 8.99 8.68 8.68
2001-10-23 9.63 9.63 9.33 9.33
2001-11-01 9.85 9.93 9.7 9.7
2001-11-23 10.3 10.46 10.23 10.23
2001-12-21 9.79 9.8 9.58 9.58
2001-12-26 10.14 10.15 9.7 9.7
2002-01-10 7.25 7.25 7.25 7.25
2002-01-16 5.9 5.98 5.7 5.7
2002-02-07 6.29 6.48 6.11 6.11
2002-03-06 7.06 7.33 6.66 6.66
2002-03-13 7.36 7.89 7.26 7.26
2002-03-27 7.74 7.75 7.43 7.43
2006-10-13 2.91 2.95 2.78 2.78
2006-10-24 2.96 3.0 2.86 2.86
2006-12-12 2.45 2.45 2.45 2.45
2006-12-19 3.13 3.13 3.13 3.13
2006-12-22 3.09 3.21 2.93 2.93
2006-12-25 3.24 3.24 3.1 3.1
2007-01-23 3.55 3.55 3.55 3.55
2007-01-24 3.73 3.73 3.73 3.73
2007-01-25 3.92 3.92 3.92 3.92
2007-01-30 4.55 4.55 4.55 4.55
2007-02-06 4.45 4.6 4.26 4.26
2007-02-09 4.6 4.68 4.42 4.42
2007-03-06 6.78 6.78 6.78 6.78
2007-03-07 7.12 7.12 7.12 7.12
2007-03-20 8.36 8.46 8.01 8.01
2007-04-02 7.78 7.78 7.45 7.45
2007-04-09 8.64 8.68 8.27 8.27
2007-04-26 12.67 12.67 11.6 11.6
2007-04-27 13.3 13.3 13.3 13.3
2007-04-30 13.97 13.97 13.97 13.97
2007-05-08 14.67 14.67 14.67 14.67
2007-05-09 15.4 15.4 15.4 15.4
2008-01-21 17.46 18.14 17.46 17.46
2008-01-22 16.59 16.59 16.59 16.59
2008-01-23 15.76 15.76 15.76 15.76
2008-01-24 14.97 15.95 14.97 14.97
2008-01-29 14.18 14.87 14.18 14.18
2008-02-27 13.49 13.6 13.28 13.28
2008-03-18 12.0 12.0 12.0 12.0
2008-03-19 11.42 12.2 11.4 11.4
2008-04-08 9.12 9.12 9.11 9.11
2008-04-09 9.58 9.58 9.58 9.58
2008-04-15 9.76 9.79 9.13 9.13
2008-04-24 10.05 10.05 10.05 10.05
2008-04-29 11.06 11.06 11.06 11.06
2008-06-18 9.16 9.16 8.11 8.11
2008-06-20 9.33 9.36 8.5 8.5
2008-07-07 9.15 9.23 8.5 8.5
2008-07-09 9.73 9.84 9.32 9.32
2008-07-14 10.98 10.98 10.41 10.41
2008-09-12 5.05 5.19 5.0 5.0
2008-10-07 4.71 4.82 4.5 4.5
2008-10-30 3.49 3.56 3.42 3.42
2008-11-05 3.47 3.5 3.36 3.36
2008-11-19 4.58 4.58 4.16 4.16
2008-12-10 5.39 5.45 5.12 5.12
2009-02-06 6.25 6.29 6.01 6.01
2009-03-16 6.17 6.18 5.95 5.95
2009-05-18 7.83 7.83 7.2 7.2
2009-06-24 9.34 9.54 8.82 8.82
2009-06-25 9.38 9.78 9.25 9.25
2009-07-31 10.25 10.36 9.88 9.88
2009-09-01 8.47 8.54 8.17 8.17
2009-09-03 9.01 9.05 8.35 8.35
2009-09-14 11.09 11.21 10.31 10.31
2009-11-03 12.28 12.41 11.88 11.88
2009-11-30 12.3 12.31 12.09 12.09
2009-12-23 10.86 11.08 10.5 10.5
2010-02-12 13.98 14.11 12.88 12.88
2010-03-26 14.9 14.96 14.43 14.43
2010-04-21 14.51 14.52 13.9 13.9
2010-05-12 10.24 10.66 9.97 9.97
2010-05-18 10.11 10.2 9.51 9.51
2010-05-24 10.75 10.75 10.05 10.05
2010-06-11 11.01 11.2 10.6 10.6
2010-06-21 11.15 11.2 10.55 10.55
2010-07-01 9.23 9.44 9.11 9.11
2010-07-14 9.85 10.11 9.72 9.72
2010-07-20 10.31 10.33 10.05 10.05
2010-07-26 10.76 10.81 10.44 10.44
2010-08-26 11.22 11.31 11.1 11.1
2010-08-30 12.03 12.08 11.33 11.33
2010-09-14 12.6 12.79 12.31 12.31
2010-09-21 11.55 11.67 11.4 11.4
2010-10-13 12.46 12.68 12.19 12.19
2010-10-28 12.82 12.86 12.67 12.67
2010-11-10 13.57 13.59 13.02 13.02
2011-02-10 11.52 11.65 11.13 11.13
2011-02-21 12.68 12.7 11.83 11.83
2011-03-14 13.22 13.26 12.88 12.88
2011-04-22 14.88 15.2 14.33 14.33
2011-06-10 11.9 11.92 11.3 11.3
2011-06-14 11.98 12.07 11.76 11.76
2011-06-21 11.86 12.01 11.4 11.4
2011-08-11 13.96 14.03 13.42 13.42
2011-10-13 10.81 11.07 10.45 10.45
2011-12-16 9.54 9.58 9.1 9.1
2012-05-24 5.34 5.42 5.21 5.21
2012-08-01 4.07 4.12 4.01 4.01
2012-08-06 4.22 4.23 4.09 4.09
2012-08-07 4.38 4.52 4.19 4.19
2012-08-17 4.37 4.38 4.19 4.19
2012-09-06 4.15 4.21 4.1 4.1
2012-09-19 4.25 4.32 4.18 4.18
2012-09-24 4.13 4.14 4.03 4.03
2012-09-27 4.08 4.11 3.97 3.97
2012-10-09 4.22 4.23 4.11 4.11
2012-11-23 3.66 3.69 3.63 3.63
2012-12-05 3.35 3.46 3.17 3.17
2012-12-07 3.46 3.49 3.34 3.34
2012-12-14 3.65 3.74 3.46 3.46
2013-01-15 3.88 3.91 3.82 3.82
2013-02-08 3.78 3.8 3.76 3.76
2013-02-25 3.76 3.8 3.71 3.71
2013-04-01 3.41 3.44 3.39 3.39
2013-04-19 3.4 3.43 3.34 3.34
2013-04-22 3.4 3.4 3.36 3.36
2013-05-03 3.25 3.29 3.22 3.22
2013-05-06 3.28 3.29 3.24 3.24
2013-05-10 3.31 3.32 3.27 3.27
2013-05-13 3.34 3.35 3.3 3.3
2013-07-31 3.41 3.44 3.37 3.37
2013-09-30 3.64 3.69 3.64 3.64
2013-10-17 3.48 3.55 3.47 3.47
2013-10-18 3.52 3.54 3.48 3.48
2013-11-15 3.3 3.35 3.24 3.24
2013-11-27 3.43 3.44 3.35 3.35
2013-12-04 3.37 3.41 3.31 3.31
2013-12-27 3.08 3.08 3.04 3.04
2014-01-21 3.0 3.01 2.97 2.97
2014-01-22 3.08 3.08 3.0 3.0
2014-02-10 3.1 3.11 3.02 3.02
2014-02-17 3.24 3.25 3.14 3.14
2014-09-18 3.33 3.33 3.33 3.33
2014-09-19 3.66 3.66 3.66 3.66
2014-09-22 4.03 4.03 4.03 4.03
2014-09-24 4.43 4.43 4.43 4.43
2014-09-25 4.87 4.87 4.87 4.87
2014-09-26 5.36 5.36 5.36 5.36
2014-09-29 5.9 5.9 5.9 5.9
2014-09-30 6.49 6.49 6.49 6.49
2014-10-08 7.14 7.14 7.14 7.14
2014-10-09 7.85 7.85 7.85 7.85
2014-10-10 8.64 8.64 8.64 8.64
2014-10-13 9.5 9.5 9.5 9.5
2014-10-14 10.45 10.45 10.45 10.45
2014-10-15 11.5 11.5 11.5 11.5
2014-10-16 12.65 12.65 12.65 12.65
2014-10-20 12.21 12.53 11.1 11.1
2014-12-15 10.91 11.0 10.56 10.56
2014-12-24 9.47 9.48 9.15 9.15
2015-01-29 11.18 11.37 10.84 10.84
2015-02-13 11.45 11.54 11.06 11.06
2015-03-04 14.5 14.9 14.11 14.11
2015-03-06 15.13 15.6 14.6 14.6
2015-03-30 16.72 16.85 16.52 16.52
2015-04-10 17.79 18.09 16.67 16.67
2015-05-21 33.47 33.47 31.2 31.2
2015-06-05 41.98 43.0 39.35 39.35
2015-07-08 13.99 13.99 13.99 13.99
2015-07-09 15.39 15.39 12.59 12.59
2015-07-16 18.07 19.21 16.36 16.36
2015-08-25 15.44 15.44 15.44 15.44
2015-09-21 14.21 14.33 13.35 13.35
2015-10-12 16.21 16.39 15.02 15.02
2015-12-09 19.61 19.8 19.0 19.0
2015-12-10 19.8 20.15 19.34 19.34
2015-12-14 20.17 20.33 19.2 19.2
2015-12-16 20.5 20.66 20.29 20.29
2015-12-17 21.09 21.15 20.46 20.46
2016-02-02 13.33 13.46 12.81 12.81
2016-02-16 14.37 14.5 14.0 14.0
2016-03-07 12.92 13.09 12.7 12.7
2016-03-17 12.71 12.88 12.33 12.33
2016-03-18 13.26 13.34 12.75 12.75
2016-04-11 14.11 14.3 14.01 14.01
2016-04-13 14.88 15.57 14.6 14.6
2016-04-25 13.51 13.63 13.42 13.42
2016-04-29 13.28 13.44 13.2 13.2
2016-07-06 15.2 15.36 15.03 15.03
2016-08-26 13.53 13.64 13.5 13.5
2016-09-23 12.73 12.84 12.65 12.65
2016-10-10 12.75 12.77 12.48 12.48
2016-12-01 12.87 12.94 12.81 12.81
2016-12-05 12.64 12.89 12.48 12.48
2016-12-07 12.71 12.73 12.53 12.53
2016-12-09 12.54 12.66 12.52 12.52
2016-12-13 11.97 12.14 11.8 11.8
2016-12-15 12.39 12.7 11.9 11.9
2017-01-23 12.14 12.25 12.01 12.01
2017-02-20 12.61 12.62 12.4 12.4
2017-04-07 11.92 11.98 11.81 11.81
2017-05-02 11.13 11.19 10.92 10.92
2017-05-15 9.73 9.89 9.71 9.71
2017-06-05 9.51 9.51 9.31 9.31
2017-06-27 9.8 9.92 9.72 9.72
2017-07-10 10.09 10.17 9.94 9.94
2017-07-18 9.28 9.3 9.06 9.06
2017-08-04 11.29 11.29 10.31 10.31
2017-08-10 12.31 12.58 11.85 11.85
