1996-05-13 20.62 20.8 20.5 20.5
1996-05-28 20.62 20.8 20.5 20.5
1996-06-04 21.36 21.68 20.6 20.6
1996-06-11 21.1 22.0 21.0 21.0
1996-06-21 21.15 21.4 20.8 20.8
1996-06-25 20.44 20.75 20.35 20.35
1996-08-08 23.2 23.38 21.18 21.18
1996-08-20 22.6 23.08 22.31 22.31
1996-09-17 21.1 21.55 21.1 21.1
1996-09-18 21.4 22.3 21.28 21.28
1996-10-15 16.2 16.95 16.04 16.04
1996-10-22 15.64 15.9 14.88 14.88
1996-10-23 16.12 16.53 15.71 15.71
1996-11-07 17.21 17.37 16.5 16.5
1996-11-27 16.3 16.5 15.98 15.98
1996-11-29 16.5 16.78 16.25 16.25
1996-12-16 14.9 14.9 14.9 14.9
1996-12-17 13.41 14.88 13.41 13.41
1996-12-18 14.57 14.71 13.45 13.45
1997-01-06 13.9 14.13 13.88 13.88
1997-01-22 15.05 15.3 14.72 14.72
1997-01-27 15.19 15.5 15.0 15.0
1997-02-19 14.95 14.96 14.2 14.2
1997-02-20 14.78 14.92 13.46 13.46
1997-03-17 17.95 18.48 17.5 17.5
1997-03-31 17.37 17.59 17.0 17.0
1997-04-03 18.1 18.46 17.8 17.8
1997-04-14 18.41 18.8 18.18 18.18
1997-05-16 19.29 20.8 19.17 19.17
1997-05-20 20.5 20.77 19.7 19.7
1997-06-02 20.05 20.3 19.75 19.75
1997-06-06 19.0 19.7 18.51 18.51
1997-06-13 19.57 19.6 18.19 18.19
1997-07-16 18.5 19.0 18.35 18.35
1997-08-05 17.18 17.3 17.0 17.0
1997-08-07 17.94 17.99 17.2 17.2
1997-08-12 17.15 17.68 17.01 17.01
1997-10-15 13.6 13.85 13.5 13.5
1997-10-17 14.55 14.8 14.2 14.2
1997-11-05 15.05 15.1 14.7 14.7
1997-11-14 14.6 14.8 14.4 14.4
1997-12-09 13.81 13.92 13.45 13.45
1997-12-10 14.09 14.09 13.75 13.75
1997-12-16 14.33 14.35 13.75 13.75
1997-12-29 15.28 15.68 15.05 15.05
1998-01-05 17.17 17.49 16.25 16.25
1998-01-22 16.35 16.43 16.0 16.0
1998-01-23 16.61 16.8 16.38 16.38
1998-02-20 15.62 15.85 15.61 15.61
1998-03-09 13.8 14.1 13.12 13.12
1998-03-24 13.92 13.92 13.6 13.6
1998-04-02 15.25 16.05 14.7 14.7
1998-04-13 15.11 15.63 14.75 14.75
1998-04-22 14.65 14.68 14.02 14.02
1998-04-27 15.71 15.95 15.25 15.25
1998-05-08 15.84 15.95 15.23 15.23
1998-05-29 16.76 17.3 16.68 16.68
1998-06-15 16.08 16.6 16.0 16.0
1998-06-19 16.2 16.23 15.54 15.54
1998-07-15 13.91 14.01 13.61 13.61
1998-07-28 14.34 14.34 14.0 14.0
1998-08-06 14.19 14.25 13.9 13.9
1998-08-19 12.09 12.12 11.67 11.67
1998-08-26 12.25 12.63 12.18 12.18
1998-09-22 13.22 13.4 13.0 13.0
1998-10-08 13.3 13.48 12.9 12.9
1998-10-09 13.53 13.9 13.4 13.4
1998-10-20 13.99 14.05 13.7 13.7
1998-10-30 13.08 13.26 12.9 12.9
1998-11-05 13.35 13.45 13.18 13.18
1998-11-24 13.11 13.38 13.1 13.1
1998-12-08 13.09 13.11 12.88 12.88
1999-01-06 13.05 13.05 12.78 12.78
1999-01-12 13.86 14.15 13.6 13.6
1999-01-21 14.45 14.52 14.0 14.0
1999-03-11 13.12 13.24 12.95 12.95
1999-03-12 13.22 13.32 13.1 13.1
1999-05-20 11.95 12.25 11.5 11.5
1999-06-04 12.49 12.7 12.08 12.08
1999-06-16 15.38 15.6 14.4 14.4
1999-06-23 19.1 19.1 17.51 17.51
1999-06-24 20.0 21.01 18.0 18.0
1999-07-14 18.19 18.5 17.9 17.9
1999-07-23 20.05 20.6 19.3 19.3
1999-08-17 22.33 22.5 22.01 22.01
1999-09-17 21.18 21.55 21.06 21.06
1999-10-19 18.01 18.28 17.8 17.8
1999-10-27 19.6 19.98 19.02 19.02
1999-11-30 20.95 21.0 20.2 20.2
1999-12-09 20.47 20.69 20.21 20.21
1999-12-10 20.96 20.99 20.31 20.31
1999-12-14 21.1 21.23 20.88 20.88
1999-12-23 21.5 21.88 21.3 21.3
1999-12-27 21.3 21.57 21.0 21.0
2000-01-04 21.7 22.05 20.85 20.85
2000-01-05 23.0 23.4 21.9 21.9
2000-01-19 24.1 24.24 23.37 23.37
2000-01-27 29.7 30.1 28.0 28.0
2000-02-24 30.88 31.09 29.31 29.31
2000-03-15 35.15 36.22 33.0 33.0
2000-03-17 36.63 36.63 33.5 33.5
2000-04-05 39.51 40.15 38.8 38.8
2000-04-20 35.0 36.0 34.82 34.82
2000-04-28 36.05 36.1 35.0 35.0
2000-05-24 34.09 34.25 33.2 33.2
2000-06-06 35.0 35.28 34.0 34.0
2000-07-17 32.75 32.9 32.4 32.4
2000-07-19 32.6 32.91 32.41 32.41
2000-08-04 31.98 32.29 31.62 31.62
2000-09-19 29.25 29.45 28.98 28.98
2000-09-27 30.0 30.2 29.5 29.5
2000-09-29 29.98 29.99 29.51 29.51
2000-10-17 28.8 29.0 28.0 28.0
2000-10-30 31.23 31.5 30.8 30.8
2000-10-31 31.86 32.0 31.2 31.2
2000-11-07 32.1 32.1 31.8 31.8
2000-11-16 33.7 33.75 32.8 32.8
2000-12-07 34.85 34.93 34.74 34.74
2000-12-21 35.42 36.1 35.2 35.2
2000-12-29 34.72 35.45 34.6 34.6
2001-02-09 30.3 30.31 29.5 29.5
2001-02-19 23.2 23.3 22.5 22.5
2001-02-27 22.38 22.68 21.9 21.9
2001-02-28 22.57 22.8 22.45 22.45
2001-03-06 25.47 25.47 23.2 23.2
2001-03-21 26.15 26.6 25.58 25.58
2001-03-22 27.08 27.1 26.21 26.21
2001-03-26 27.3 27.4 27.01 27.01
2001-04-16 29.66 29.7 28.5 28.5
2001-04-27 19.23 19.3 18.78 18.78
2001-05-30 18.0 18.1 17.9 17.9
2001-06-01 18.7 19.1 18.23 18.23
2001-06-12 18.08 18.28 17.55 17.55
2001-06-20 17.76 17.85 17.7 17.7
2001-06-21 18.12 18.25 17.26 17.26
2001-07-25 17.6 17.8 17.5 17.5
2002-03-04 14.95 14.98 14.51 14.51
2002-03-07 17.14 17.27 16.02 16.02
2002-03-19 18.27 18.45 17.66 17.66
2002-05-10 17.5 17.77 17.3 17.3
2002-05-17 8.38 8.58 8.17 8.17
2002-06-18 8.17 8.23 8.0 8.0
2002-06-20 8.13 8.25 8.02 8.02
2002-06-28 10.75 11.01 10.03 10.03
2002-10-16 8.44 8.54 8.29 8.29
2002-12-25 8.47 8.49 8.38 8.38
2003-04-14 9.02 9.28 8.93 8.93
2003-05-15 8.68 8.76 8.24 8.24
2003-05-22 6.73 6.86 6.68 6.68
2003-06-10 6.62 6.72 6.59 6.59
2003-06-26 6.43 6.46 6.3 6.3
2003-07-16 6.6 6.62 6.51 6.51
2003-07-29 6.3 6.32 6.26 6.26
2003-08-06 6.29 6.34 6.25 6.25
2003-08-22 6.12 6.15 6.08 6.08
2003-09-24 5.98 6.04 5.94 5.94
2003-10-22 5.91 5.94 5.8 5.8
2003-11-11 5.29 5.29 5.22 5.22
2003-11-20 5.8 5.8 5.27 5.27
2003-11-28 6.07 6.07 5.57 5.57
2003-12-30 6.45 6.46 6.33 6.33
2004-01-05 6.78 6.79 6.4 6.4
2004-01-06 7.11 7.27 6.79 6.79
2004-02-04 8.0 8.15 7.79 7.79
2004-02-10 8.39 8.8 8.13 8.13
2004-02-19 9.45 9.64 9.2 9.2
2004-03-23 9.56 9.65 9.3 9.3
2004-04-13 8.61 8.77 8.5 8.5
2004-04-19 8.0 8.18 7.97 7.97
2004-04-22 8.7 8.71 8.4 8.4
2004-05-13 8.2 8.33 8.12 8.12
2004-05-31 8.4 8.45 8.29 8.29
2004-07-01 6.9 6.9 6.62 6.62
2004-07-16 6.53 6.54 6.23 6.23
2004-07-30 6.56 6.79 6.55 6.55
2004-09-14 6.14 6.25 5.98 5.98
2004-09-15 6.75 6.75 6.2 6.2
2004-10-08 7.28 7.29 6.9 6.9
2004-11-30 7.0 7.04 6.95 6.95
2004-12-16 6.4 6.49 6.35 6.35
2004-12-22 6.53 6.53 6.33 6.33
2005-02-02 5.86 5.92 5.44 5.44
2005-03-09 6.19 6.29 6.12 6.12
2005-04-13 4.91 4.98 4.81 4.81
2005-06-08 4.48 4.49 4.1 4.1
2005-06-22 4.26 4.27 4.2 4.2
2005-06-27 4.48 4.52 4.36 4.36
2005-07-14 3.75 3.87 3.68 3.68
2005-07-29 4.25 4.33 4.2 4.2
2005-08-16 5.18 5.35 5.11 5.11
2005-09-09 5.09 5.14 5.02 5.02
2005-09-23 5.05 5.16 4.98 4.98
2006-10-24 5.13 5.14 4.99 4.99
2006-11-23 5.58 5.6 5.31 5.31
2006-11-30 6.11 6.18 5.8 5.8
2007-01-15 8.31 8.31 7.45 7.45
2007-01-16 8.65 8.88 8.33 8.33
2007-02-05 8.84 9.13 8.6 8.6
2007-04-16 11.66 11.87 11.5 11.5
2007-05-18 16.7 17.18 15.65 15.65
2007-05-29 21.14 21.2 19.75 19.75
2007-07-18 18.98 19.55 18.35 18.35
2007-08-22 22.26 22.71 21.3 21.3
2007-09-19 24.45 25.32 23.99 23.99
2007-10-23 22.11 22.38 21.21 21.21
2007-11-06 23.05 23.89 22.52 22.52
2007-11-13 21.98 23.14 21.21 21.21
2007-12-19 16.84 17.1 16.56 16.56
2008-01-10 19.67 19.71 18.79 18.79
2008-01-18 19.78 19.8 18.65 18.65
2008-01-23 21.51 21.9 18.67 18.67
2008-03-06 21.22 21.98 20.7 20.7
2008-04-29 12.45 12.68 12.23 12.23
2008-04-30 13.37 13.49 12.6 12.6
2008-05-05 13.86 13.97 13.51 13.51
2008-05-28 11.57 11.77 11.24 11.24
2008-06-03 11.3 11.52 11.2 11.2
2008-07-07 9.38 9.44 8.8 8.8
2008-07-23 10.83 11.3 10.67 10.67
2008-08-15 8.98 9.4 8.98 8.98
2008-08-29 8.83 9.04 8.48 8.48
2008-09-17 8.54 8.76 8.42 8.42
2008-09-19 8.95 8.95 8.75 8.75
2008-10-23 8.6 8.63 8.01 8.01
2008-11-05 8.45 8.6 8.2 8.2
2008-12-04 10.33 10.75 10.22 10.22
2008-12-11 10.72 11.04 10.6 10.6
2009-01-09 10.72 10.76 10.2 10.2
2009-01-16 12.25 12.68 11.61 11.61
2009-01-21 11.91 12.18 11.54 11.54
2009-01-23 12.37 12.69 11.88 11.88
2009-02-02 13.31 13.35 12.38 12.38
2009-03-23 12.69 12.82 12.5 12.5
2009-03-24 13.15 13.48 12.84 12.84
2009-04-29 14.66 14.68 14.0 14.0
2009-05-12 15.2 15.3 14.7 14.7
2009-07-14 16.35 16.45 16.09 16.09
2009-07-15 17.23 17.45 16.62 16.62
2009-07-17 17.63 17.72 16.85 16.85
2009-11-02 14.18 14.2 13.2 13.2
2009-12-10 14.05 14.21 13.94 13.94
2010-02-09 11.47 11.55 11.29 11.29
2010-03-24 11.84 11.91 11.76 11.76
2010-03-29 12.14 12.21 12.05 12.05
2010-04-09 12.02 12.04 11.85 11.85
2010-05-24 10.25 10.3 9.97 9.97
2010-07-14 9.5 9.55 9.26 9.26
2010-07-22 10.11 10.15 9.85 9.85
2010-08-17 10.21 10.28 10.04 10.04
2010-09-28 9.63 9.83 9.54 9.54
2010-11-24 9.86 9.91 9.66 9.66
2010-12-10 9.43 9.45 9.38 9.38
2011-03-04 11.75 11.94 11.52 11.52
2011-03-14 11.64 11.93 11.49 11.49
2011-04-01 11.41 11.46 11.3 11.3
2011-05-05 10.99 11.58 10.74 10.74
2011-07-18 10.69 10.69 10.05 10.05
2011-07-29 10.18 10.33 10.03 10.03
2011-09-16 9.11 9.31 9.08 9.08
2011-10-12 9.05 9.19 8.61 8.61
2011-12-23 7.13 7.25 7.03 7.03
2011-12-29 6.76 6.87 6.73 6.73
2011-12-30 6.79 6.87 6.78 6.78
2012-02-10 7.41 7.44 7.3 7.3
2012-03-08 8.22 8.26 8.07 8.07
2012-03-16 7.72 7.74 7.61 7.61
2012-03-28 7.82 8.26 7.8 7.8
2012-04-11 7.8 8.01 7.73 7.73
2012-05-21 8.39 8.42 8.18 8.18
2012-06-11 8.36 8.4 8.11 8.11
2012-07-12 7.99 8.06 7.85 7.85
2012-07-17 8.07 8.27 7.77 7.77
2012-09-07 7.36 7.44 7.21 7.21
2012-09-18 7.05 7.11 7.03 7.03
2012-09-19 7.04 7.09 7.01 7.01
2012-10-18 6.77 6.85 6.65 6.65
2012-11-01 6.66 6.71 6.5 6.5
2012-11-20 6.5 6.57 6.5 6.5
2012-12-05 6.23 6.3 6.07 6.07
2012-12-07 6.25 6.28 6.16 6.16
2013-01-28 7.08 7.09 6.95 6.95
2013-02-08 6.99 7.01 6.92 6.92
2013-04-16 6.27 6.27 6.15 6.15
2013-04-24 6.24 6.25 6.15 6.15
2013-05-10 6.36 6.5 6.3 6.3
2013-07-15 5.6 5.69 5.39 5.39
2013-08-30 7.95 7.95 7.25 7.25
2013-12-10 8.45 8.69 8.4 8.4
2013-12-12 8.26 8.28 8.16 8.16
2013-12-27 7.4 7.46 7.3 7.3
2013-12-31 7.51 7.54 7.4 7.4
2014-01-22 6.59 6.62 6.36 6.36
2014-02-10 6.94 6.98 6.73 6.73
2014-03-18 6.64 6.75 6.53 6.53
2014-04-09 7.01 7.09 6.98 6.98
2014-04-17 7.08 7.19 7.0 7.0
2014-04-22 7.17 7.18 6.93 6.93
2014-04-29 6.52 6.53 6.42 6.42
2014-05-12 6.62 6.66 6.48 6.48
2014-05-14 6.61 6.71 6.58 6.58
2014-06-23 6.31 6.33 6.3 6.3
2014-06-30 6.52 6.65 6.42 6.42
2014-09-16 8.35 8.35 7.93 7.93
2014-12-15 11.84 12.05 11.53 11.53
2015-01-15 13.86 13.98 13.33 13.33
2015-01-21 15.03 15.03 13.69 13.69
2015-02-12 18.21 18.82 17.31 17.31
2015-02-17 19.54 19.77 18.59 18.59
2015-03-27 20.43 20.69 19.84 19.84
2015-06-03 35.44 35.44 32.9 32.9
2015-07-08 17.61 18.68 17.61 17.61
2015-07-23 26.65 27.16 26.12 26.12
2015-08-04 21.98 21.98 20.09 20.09
2015-08-25 19.17 20.37 19.17 19.17
2015-10-12 20.8 21.26 20.21 20.21
2015-10-16 23.95 24.02 22.05 22.05
2015-12-07 29.68 29.68 27.0 27.0
2015-12-17 30.09 30.45 29.0 29.0
2016-01-14 20.52 20.54 18.35 18.35
2016-01-19 20.28 20.38 19.42 19.42
2016-02-02 18.41 18.65 17.92 17.92
2016-02-04 18.77 18.95 18.56 18.56
2016-02-16 19.97 19.97 18.34 18.34
2016-03-03 20.21 20.88 20.0 20.0
2016-03-28 21.39 21.9 20.97 20.97
2016-04-11 21.02 21.3 20.89 20.89
2016-04-13 20.85 21.34 20.75 20.75
2016-06-29 18.14 18.26 18.09 18.09
2016-08-08 18.43 18.46 18.14 18.14
2016-10-25 18.72 18.85 18.61 18.61
2016-11-11 18.89 18.99 18.58 18.58
2016-12-16 17.87 17.96 17.68 17.68
2017-02-06 17.49 17.52 17.33 17.33
2017-02-15 17.88 18.2 17.62 17.62
2017-04-21 16.93 17.1 16.85 16.85
2017-06-05 16.43 16.53 16.3 16.3
2017-06-14 16.49 16.59 16.45 16.45
2017-06-22 16.82 17.22 16.67 16.67
