2001-03-05 16.84 16.98 16.62 16.62
2001-03-08 16.8 17.05 16.38 16.38
2001-03-30 17.5 17.6 17.14 17.14
2001-04-05 17.43 17.45 17.05 17.05
2001-05-10 17.59 17.69 17.35 17.35
2001-05-18 17.86 17.99 17.5 17.5
2001-05-31 19.17 19.48 19.0 19.0
2001-06-04 19.89 20.18 19.05 19.05
2001-06-11 20.02 20.24 19.76 19.76
2001-06-12 21.62 22.02 20.11 20.11
2001-07-10 20.45 20.49 20.22 20.22
2001-07-19 20.13 20.18 19.3 19.3
2001-08-09 18.85 18.9 18.55 18.55
2001-08-21 18.84 18.95 18.5 18.5
2001-09-04 18.46 18.48 17.95 17.95
2001-09-12 18.25 18.4 17.47 17.47
2001-10-15 16.35 16.5 15.98 15.98
2001-10-18 15.6 15.93 15.6 15.6
2001-10-23 15.43 15.43 15.43 15.43
2001-10-29 16.44 16.46 16.12 16.12
2001-11-06 15.9 16.15 15.84 15.84
2001-11-12 15.32 15.47 15.31 15.31
2001-11-19 16.0 16.1 15.5 15.5
2001-11-30 16.75 16.79 16.52 16.52
2001-12-03 16.96 16.97 16.75 16.75
2001-12-04 17.23 17.94 16.94 16.94
2001-12-25 15.94 16.15 15.69 15.69
2001-12-27 16.35 16.68 16.1 16.1
2002-01-15 14.39 14.65 14.31 14.31
2002-01-31 14.83 14.91 13.88 13.88
2002-02-07 14.84 14.88 14.4 14.4
2002-03-22 16.31 16.5 15.6 15.6
2002-03-27 15.8 15.87 15.7 15.7
2002-04-29 15.57 15.63 15.2 15.2
2002-05-14 15.09 15.3 15.0 15.0
2002-05-27 14.6 14.6 14.48 14.48
2002-06-11 14.2 14.29 14.16 14.16
2002-06-18 14.1 14.18 13.9 13.9
2002-06-21 14.38 14.48 14.0 14.0
2002-07-08 15.1 15.19 15.01 15.01
2002-08-13 14.62 14.7 14.56 14.56
2002-08-15 14.67 14.69 14.6 14.6
2002-08-19 14.61 14.69 14.6 14.6
2002-08-20 15.0 15.03 14.61 14.61
2002-08-27 15.25 15.39 15.15 15.15
2002-09-03 15.1 15.25 15.03 15.03
2002-09-10 14.85 14.9 14.76 14.76
2002-09-18 15.03 15.16 14.98 14.98
2002-09-24 15.03 15.15 15.0 15.0
2002-09-25 15.09 15.19 15.0 15.0
2002-12-12 12.14 12.36 12.1 12.1
2002-12-16 12.32 12.38 12.25 12.25
2003-01-08 12.06 12.08 11.7 11.7
2003-01-14 12.61 12.76 12.05 12.05
2003-01-29 12.71 12.74 12.61 12.61
2003-02-14 13.04 13.12 13.01 13.01
2003-02-24 12.74 12.75 12.6 12.6
2003-03-18 12.52 12.65 12.5 12.5
2003-03-21 12.5 12.57 12.43 12.43
2003-04-11 12.38 12.45 12.16 12.16
2003-04-15 12.85 12.87 12.7 12.7
2003-06-13 11.7 11.75 11.61 11.61
2003-06-24 11.45 11.47 11.33 11.33
2003-07-03 11.19 11.35 11.13 11.13
2003-07-10 11.35 11.39 11.19 11.19
2003-07-22 10.5 10.58 10.45 10.45
2003-07-31 10.15 10.22 10.08 10.08
2003-08-13 10.25 10.26 10.17 10.17
2003-08-18 10.2 10.25 10.11 10.11
2003-08-19 10.22 10.28 10.18 10.18
2003-09-04 10.18 10.25 10.14 10.14
2003-09-10 10.0 10.14 9.9 9.9
2003-09-15 9.74 9.98 9.7 9.7
2003-11-19 7.84 7.86 7.7 7.7
2003-11-24 8.33 8.34 8.0 8.0
2003-12-04 8.57 8.64 8.5 8.5
2003-12-11 8.86 8.88 8.72 8.72
2004-01-07 8.57 8.64 8.43 8.43
2004-01-29 9.18 9.18 8.79 8.79
2004-02-12 9.95 10.35 9.76 9.76
2004-02-16 10.09 10.1 9.84 9.84
2004-03-10 9.45 9.45 9.3 9.3
2004-03-17 9.85 9.87 9.56 9.56
2004-03-19 10.07 10.15 9.8 9.8
2004-03-25 10.18 10.19 9.91 9.91
2004-04-02 10.42 10.48 10.3 10.3
2004-04-12 10.42 10.49 10.2 10.2
2004-04-30 9.85 9.97 9.7 9.7
2004-05-12 9.99 10.0 9.8 9.8
2004-05-19 10.31 10.42 10.25 10.25
2004-05-21 10.14 10.28 10.06 10.06
2004-05-27 10.12 10.16 9.82 9.82
2004-05-28 10.15 10.29 10.0 10.0
2004-06-01 10.28 10.28 10.2 10.2
2004-06-22 9.79 9.85 9.7 9.7
2004-06-24 9.23 9.55 9.02 9.02
2004-07-01 9.15 9.15 8.85 8.85
2004-07-02 9.38 9.39 9.05 9.05
2004-07-09 9.08 9.15 9.08 9.08
2004-07-14 8.95 9.12 8.83 8.83
2004-07-15 9.1 9.18 9.05 9.05
2004-08-23 7.89 7.9 7.68 7.68
2004-09-03 8.18 8.19 8.06 8.06
2004-09-06 8.06 8.15 8.0 8.0
2004-09-14 8.1 8.1 7.85 7.85
2004-09-16 8.43 8.5 8.18 8.18
2004-09-23 8.85 8.85 8.65 8.65
2004-09-28 8.9 8.94 8.66 8.66
2004-10-08 8.72 9.1 8.53 8.53
2004-10-18 8.22 8.23 8.06 8.06
2004-10-19 8.33 8.45 8.23 8.23
2004-10-26 8.3 8.34 8.14 8.14
2004-11-22 8.31 8.35 8.06 8.06
2004-12-17 7.41 7.52 7.4 7.4
2004-12-29 7.44 7.49 7.42 7.42
2005-02-02 7.88 7.9 7.5 7.5
2005-02-24 8.33 8.35 8.06 8.06
2005-03-08 8.25 8.29 8.03 8.03
2005-05-12 6.04 6.09 5.82 5.82
2005-06-02 6.35 6.38 6.24 6.24
2005-06-13 6.74 6.8 6.61 6.61
2005-06-27 6.21 6.22 6.0 6.0
2005-07-22 5.88 5.97 5.76 5.76
2005-07-26 6.28 6.36 6.06 6.06
2005-08-04 6.9 6.98 6.69 6.69
2005-08-30 7.0 7.27 6.48 6.48
2005-09-23 8.2 8.45 8.06 8.06
2005-10-10 8.36 8.49 8.19 8.19
2005-11-18 8.93 8.97 8.29 8.29
2005-12-06 8.82 9.04 8.75 8.75
2005-12-12 8.86 8.96 8.86 8.86
2006-01-04 8.68 8.7 8.34 8.34
2006-01-10 8.86 8.91 8.78 8.78
2006-01-18 8.01 8.07 7.98 7.98
2006-01-19 8.19 8.32 8.04 8.04
2006-02-06 8.88 8.88 8.1 8.1
2006-02-07 9.14 9.29 8.88 8.88
2006-02-13 9.79 9.95 9.5 9.5
2006-03-08 9.22 9.5 9.1 9.1
2006-03-09 9.2 9.39 9.19 9.19
2006-03-16 9.53 9.58 9.25 9.25
2006-03-31 10.37 10.49 9.89 9.89
2006-04-05 10.92 11.05 10.5 10.5
2006-04-06 11.16 11.57 10.82 10.82
2006-05-16 12.14 12.14 12.14 12.14
2006-10-31 9.55 9.65 9.5 9.5
2006-11-02 9.64 9.7 9.51 9.51
2006-11-15 9.06 9.18 8.94 8.94
2006-11-30 9.52 9.6 9.29 9.29
2006-12-14 9.37 9.38 9.09 9.09
2006-12-18 10.52 10.52 9.55 9.55
2006-12-19 11.0 11.35 10.63 10.63
2007-01-12 13.92 14.34 13.08 13.08
2007-01-15 15.31 15.31 13.95 13.95
2007-02-02 16.39 17.15 15.72 15.72
2007-02-13 19.37 19.42 18.43 18.43
2007-03-26 17.84 18.6 17.68 17.68
2007-04-03 17.31 17.33 16.95 16.95
2007-04-12 19.03 19.05 18.12 18.12
2007-05-08 21.39 21.6 20.8 20.8
2007-05-25 21.09 21.48 20.8 20.8
2007-06-18 19.99 20.25 19.34 19.34
2007-07-18 15.99 16.16 15.41 15.41
2007-07-19 16.1 16.19 15.63 15.63
2007-07-23 17.19 17.44 16.5 16.5
2007-07-25 17.65 17.67 16.71 16.71
2007-07-30 17.61 17.75 17.19 17.19
2007-08-14 16.88 16.98 16.49 16.49
2007-09-06 18.72 19.0 18.6 18.6
2007-09-17 17.82 17.85 17.45 17.45
2007-09-26 17.02 17.17 16.45 16.45
2007-10-09 17.2 17.3 16.61 16.61
2007-11-05 14.74 14.91 14.31 14.31
2007-12-25 16.66 16.8 16.48 16.48
2008-01-07 18.16 18.32 17.72 17.72
2008-02-04 15.74 15.89 14.96 14.96
2008-02-28 16.12 16.31 15.8 15.8
2008-05-08 12.09 12.16 11.68 11.68
2008-07-02 8.88 9.07 8.6 8.6
2008-07-07 9.58 9.65 9.1 9.1
2008-07-24 10.5 10.58 10.0 10.0
2008-08-19 8.5 8.51 7.9 7.9
2008-11-10 5.98 6.0 5.63 5.63
2008-12-01 7.11 7.18 6.63 6.63
2008-12-30 6.78 6.88 6.72 6.72
2009-01-12 7.25 7.39 7.06 7.06
2009-01-14 7.34 7.34 7.02 7.02
2009-02-02 7.93 7.99 7.62 7.62
2009-04-09 9.14 9.17 8.8 8.8
2009-04-23 9.1 9.13 8.85 8.85
2009-06-01 9.64 9.73 9.54 9.54
2009-06-05 10.66 10.66 10.13 10.13
2009-06-17 10.09 10.14 9.83 9.83
2009-07-14 10.8 10.86 10.59 10.59
2009-07-27 11.02 11.11 10.86 10.86
2009-08-20 9.97 9.98 9.66 9.66
2009-09-14 11.01 11.17 10.61 10.61
2009-09-22 10.83 10.98 10.43 10.43
2009-10-23 10.77 10.79 10.55 10.55
2009-11-23 13.27 13.32 12.68 12.68
2009-12-01 14.22 14.57 13.37 13.37
2009-12-28 13.28 13.33 13.0 13.0
2010-01-25 12.88 12.99 12.78 12.78
2010-01-27 12.15 12.35 12.12 12.12
2010-01-28 13.37 13.37 12.3 12.3
2010-02-22 14.29 14.52 13.88 13.88
2010-04-09 16.35 16.62 15.93 15.93
2010-04-22 18.92 19.4 18.81 18.81
2010-05-20 16.29 16.6 16.0 16.0
2010-05-24 17.37 17.55 16.55 16.55
2010-06-09 17.35 17.55 16.41 16.41
2010-07-20 14.24 14.44 13.97 13.97
2010-07-26 14.93 15.1 14.45 14.45
2010-08-05 15.64 15.85 15.29 15.29
2010-09-02 17.22 17.32 16.6 16.6
2010-10-08 17.85 18.09 17.6 17.6
2010-10-22 16.67 16.93 16.28 16.28
2010-11-03 18.26 18.68 18.01 18.01
2010-11-15 19.83 19.96 18.72 18.72
2010-11-29 21.38 22.27 21.08 21.08
2010-12-02 20.76 21.6 20.59 20.59
2010-12-10 19.29 19.35 18.8 18.8
2010-12-13 19.96 20.12 19.21 19.21
2010-12-16 20.45 20.67 20.27 20.27
2011-01-05 19.84 19.88 19.41 19.41
2011-03-16 18.38 18.55 17.61 17.61
2011-05-05 15.66 15.75 15.58 15.58
2011-05-13 15.84 15.9 15.49 15.49
2011-06-03 15.03 15.1 14.71 14.71
2011-06-27 14.26 14.3 14.1 14.1
2011-08-04 14.69 14.84 14.53 14.53
2011-11-09 12.83 12.85 12.62 12.62
2011-11-15 13.11 13.19 12.71 12.71
2011-12-29 9.67 9.79 9.61 9.61
2012-02-10 10.38 10.57 10.3 10.3
2012-02-15 10.63 10.64 10.41 10.41
2012-03-08 11.01 11.04 10.81 10.81
2012-03-30 10.69 10.7 10.35 10.35
2012-04-12 11.51 11.59 11.04 11.04
2012-04-19 11.46 11.55 11.35 11.35
2012-05-22 12.22 12.26 11.91 11.91
2012-06-01 12.19 12.44 12.12 12.12
2012-07-13 16.06 16.17 15.09 15.09
2012-07-25 17.18 17.5 15.85 15.85
2012-08-30 16.0 16.38 15.12 15.12
2012-09-11 16.85 16.99 15.82 15.82
2012-11-05 16.69 16.7 16.18 16.18
2012-12-27 16.25 16.8 15.89 15.89
2013-01-08 16.21 16.22 15.9 15.9
2013-01-14 16.62 16.64 16.02 16.02
2013-01-18 17.69 17.69 16.08 16.08
2013-01-28 19.85 20.7 19.5 19.5
2013-04-18 24.67 25.0 24.16 24.16
2013-06-17 28.34 29.43 27.4 27.4
2013-07-02 27.24 27.88 26.21 26.21
2013-07-09 27.1 27.66 26.1 26.1
2013-07-26 28.43 28.55 28.0 28.0
2013-08-05 29.05 29.14 27.32 27.32
2013-08-06 29.36 29.53 28.55 28.55
2013-08-20 30.93 31.05 29.5 29.5
2013-09-03 29.59 29.89 29.1 29.1
2013-09-25 28.72 29.5 28.62 28.62
2013-10-10 31.9 32.32 30.86 30.86
2013-10-11 34.36 35.0 31.7 31.7
2013-10-15 35.23 35.67 34.16 34.16
2013-11-04 31.79 32.58 30.22 30.22
2013-11-13 15.49 16.5 15.0 15.0
2013-11-25 16.83 17.29 16.3 16.3
2013-11-28 17.36 17.5 16.85 16.85
2013-12-17 16.31 16.6 16.15 16.15
2014-01-07 16.62 16.64 16.04 16.04
2014-03-11 17.2 17.5 16.7 16.7
2014-03-13 17.58 17.88 17.03 17.03
2014-03-24 16.78 17.1 16.73 16.73
2014-04-08 17.22 17.65 16.3 16.3
2014-04-11 17.67 17.8 17.23 17.23
2014-04-29 15.13 15.35 14.82 14.82
2014-05-06 15.75 15.8 15.32 15.32
2014-05-08 15.03 15.32 14.88 14.88
2014-05-12 15.25 15.28 15.03 15.03
2014-06-16 15.19 15.26 14.8 14.8
2014-07-29 15.31 15.57 15.21 15.21
2014-07-31 15.64 15.7 15.3 15.3
2014-09-01 17.0 17.08 16.72 16.72
2014-09-23 16.55 16.56 16.22 16.22
2014-12-10 17.04 17.24 16.42 16.42
2014-12-25 17.43 17.6 17.2 17.2
2014-12-26 18.29 18.93 17.43 17.43
2015-02-12 18.94 18.95 18.63 18.63
2015-03-16 21.92 21.99 20.73 20.73
2015-04-13 26.71 27.39 26.2 26.2
2015-04-27 27.0 27.61 25.17 25.17
2015-04-30 27.38 28.74 27.01 27.01
2015-05-08 25.94 26.18 25.69 25.69
2015-06-08 32.52 33.99 31.46 31.46
2015-06-11 37.46 38.16 34.2 34.2
2015-07-08 16.81 18.15 16.81 16.81
2015-07-09 18.49 18.49 17.0 17.0
2015-07-10 20.34 20.34 20.34 20.34
2015-07-13 22.37 22.37 22.37 22.37
2015-07-14 24.61 24.61 24.61 24.61
2015-08-05 24.95 26.27 24.2 24.2
2015-08-07 25.83 26.53 24.85 24.85
2015-08-13 27.51 27.8 26.5 26.5
2015-09-30 19.85 20.09 19.56 19.56
2015-10-09 21.6 22.1 20.62 20.62
2015-10-12 22.29 22.56 21.68 21.68
2015-10-15 22.3 22.5 21.47 21.47
2015-11-04 24.05 24.06 23.26 23.26
2015-12-07 22.41 22.65 22.08 22.08
2015-12-17 23.42 23.59 22.73 22.73
2015-12-31 25.67 26.45 25.32 25.32
2016-01-12 21.15 21.35 20.68 20.68
2016-02-02 19.21 19.28 18.65 18.65
2016-02-16 19.94 20.09 19.35 19.35
2016-03-02 18.85 18.99 18.1 18.1
2016-03-10 18.5 18.88 18.36 18.36
2016-03-18 20.23 20.25 19.3 19.3
2016-04-13 21.93 22.46 21.31 21.31
2016-05-11 21.62 22.0 20.71 20.71
2016-05-16 21.93 21.96 21.42 21.42
2016-05-30 20.6 20.76 19.92 19.92
2016-06-06 21.54 21.8 21.4 21.4
2016-06-14 21.88 21.95 21.08 21.08
2016-06-27 11.22 11.35 11.0 11.0
2016-08-02 11.27 11.34 11.15 11.15
2016-09-19 11.06 11.1 11.0 11.0
2016-11-01 12.41 12.5 12.02 12.02
2016-12-01 11.78 11.93 11.63 11.63
2017-01-17 11.17 11.2 10.98 10.98
2017-02-14 11.76 11.93 11.71 11.71
2017-03-23 11.17 11.3 11.05 11.05
2017-04-10 11.23 11.29 10.97 10.97
2017-08-14 9.91 9.96 9.7 9.7
