2001-03-19 7.4 7.4 7.16 7.16
2001-05-14 7.24 7.25 7.12 7.12
2001-06-05 7.1 7.15 7.05 7.05
2001-08-10 6.83 6.91 6.76 6.76
2001-09-13 6.0 6.06 5.97 5.97
2001-09-18 5.86 5.99 5.75 5.75
2001-09-21 6.03 6.19 6.0 6.0
2001-11-30 5.8 5.81 5.7 5.7
2001-12-03 5.84 5.88 5.8 5.8
2002-01-31 5.13 5.19 4.88 4.88
2002-02-07 5.18 5.23 5.05 5.05
2002-03-01 5.61 5.69 5.6 5.6
2002-03-05 5.74 5.79 5.66 5.66
2002-04-23 5.71 5.75 5.7 5.7
2002-04-24 5.73 5.75 5.7 5.7
2002-08-23 6.26 6.28 6.24 6.24
2002-08-30 6.13 6.15 6.11 6.11
2002-10-16 5.53 5.63 5.48 5.48
2002-10-22 5.6 5.66 5.5 5.5
2002-11-01 5.61 5.64 5.55 5.55
2002-11-27 5.21 5.25 5.09 5.09
2002-11-28 5.31 5.31 5.18 5.18
2002-12-03 5.19 5.21 5.15 5.15
2003-03-14 5.32 5.37 5.26 5.26
2003-07-21 7.2 7.2 6.96 6.96
2003-07-23 7.79 7.89 7.4 7.4
2003-09-12 6.73 6.82 6.7 6.7
2003-10-09 6.62 6.7 6.6 6.6
2003-10-17 6.81 6.84 6.75 6.75
2004-01-05 8.65 8.75 8.43 8.43
2004-02-09 8.3 8.33 8.0 8.0
2004-02-13 7.87 7.98 7.74 7.74
2004-02-16 8.06 8.08 7.87 7.87
2004-05-26 6.59 6.68 6.45 6.45
2004-08-10 5.95 6.04 5.86 5.86
2004-11-25 6.27 6.35 6.25 6.25
2004-12-09 6.47 6.8 6.19 6.19
2005-02-21 6.46 6.49 6.34 6.34
2005-08-08 4.88 4.89 4.78 4.78
2005-11-21 4.17 4.2 4.15 4.15
2005-11-23 4.12 4.14 4.09 4.09
2005-12-28 4.27 4.27 4.21 4.21
2006-01-18 4.56 4.56 4.44 4.44
2006-01-20 4.76 4.84 4.7 4.7
2006-02-06 4.93 4.98 4.83 4.83
2006-10-12 3.86 3.92 3.72 3.72
2006-10-16 3.9 3.96 3.8 3.8
2006-10-24 3.82 3.82 3.7 3.7
2006-10-30 4.08 4.18 3.92 3.92
2007-04-02 7.9 7.95 7.6 7.6
2007-04-09 8.43 8.59 8.25 8.25
2007-04-13 9.22 9.68 9.0 9.0
2007-05-25 11.88 11.88 10.83 10.83
2007-07-25 10.04 10.1 9.8 9.8
2007-08-02 10.42 10.75 10.12 10.12
2007-09-12 22.37 22.37 19.65 19.65
2007-09-20 26.98 26.98 24.62 24.62
2007-09-28 27.36 28.18 26.8 26.8
2007-10-29 29.44 29.44 27.11 27.11
2007-11-05 28.97 30.97 27.01 27.01
2008-02-14 25.76 26.06 25.2 25.2
2008-02-15 25.94 26.1 25.2 25.2
2008-07-28 10.44 10.47 10.22 10.22
2008-12-25 5.12 5.22 5.06 5.06
2009-01-05 5.08 5.1 4.76 4.76
2009-01-09 5.16 5.22 4.96 4.96
2009-01-16 5.69 5.9 5.61 5.61
2009-05-07 9.04 9.45 8.94 8.94
2009-07-28 17.56 17.78 16.3 16.3
2009-10-13 12.85 12.94 12.3 12.3
2009-10-15 13.54 13.75 12.99 12.99
2009-11-06 15.08 15.54 14.95 14.95
2010-04-15 13.71 13.98 13.27 13.27
2010-09-02 10.4 10.47 9.81 9.81
2010-10-11 10.25 10.42 9.58 9.58
2010-10-13 10.88 11.3 10.52 10.52
2010-12-15 10.13 10.38 10.05 10.05
2011-10-25 4.88 4.91 4.75 4.75
2011-10-26 4.9 4.94 4.81 4.81
2011-10-27 4.92 5.04 4.88 4.88
2011-10-28 5.06 5.07 4.96 4.96
2011-11-07 5.15 5.22 5.05 5.05
2012-01-19 4.14 4.17 4.0 4.0
2012-08-10 3.34 3.38 3.31 3.31
2012-10-09 3.08 3.11 3.03 3.03
2012-12-05 2.97 3.02 2.86 2.86
2013-02-20 3.43 3.44 3.41 3.41
2013-05-22 3.16 3.17 3.11 3.11
2013-12-09 2.75 2.77 2.73 2.73
2013-12-11 2.77 2.78 2.73 2.73
2014-04-04 2.18 2.19 2.17 2.17
2014-05-28 2.04 2.05 2.02 2.02
2014-05-30 2.04 2.05 2.02 2.02
2014-06-09 2.03 2.03 2.0 2.0
2014-06-13 2.04 2.06 2.03 2.03
2014-08-19 2.9 2.95 2.76 2.76
2015-03-18 4.5 4.51 4.26 4.26
2015-04-07 4.97 5.07 4.86 4.86
2015-05-26 5.57 5.67 5.44 5.44
2015-07-13 3.95 3.95 3.95 3.95
2015-07-14 4.35 4.35 4.35 4.35
2015-07-17 4.97 4.97 4.53 4.53
2015-07-23 5.74 5.74 5.24 5.24
2015-09-02 4.14 4.74 4.07 4.07
2016-02-04 2.61 2.63 2.56 2.56
2016-02-16 2.71 2.74 2.58 2.58
2016-06-01 2.55 2.57 2.54 2.54
2016-08-08 2.6 2.6 2.52 2.52
2016-08-16 2.69 2.72 2.64 2.64
2016-09-21 2.62 2.69 2.59 2.59
2016-10-18 2.66 2.66 2.6 2.6
2016-11-11 2.89 2.9 2.76 2.76
2016-12-21 2.83 2.84 2.8 2.8
2017-01-23 2.84 2.85 2.8 2.8
2017-02-16 3.45 3.5 3.39 3.39
2017-03-20 3.16 3.17 3.11 3.11
