2003-02-25 6.87 6.93 6.7 6.7
2003-03-11 6.7 6.77 6.66 6.66
2003-04-01 6.99 7.05 6.7 6.7
2003-04-07 7.3 7.46 7.15 7.15
2003-06-10 7.94 8.06 7.88 7.88
2003-07-15 7.66 7.75 7.59 7.59
2003-08-26 7.61 7.72 7.48 7.48
2003-08-27 7.62 7.73 7.61 7.61
2003-09-18 7.79 7.87 7.6 7.6
2003-09-23 8.0 8.05 7.81 7.81
2003-10-22 6.89 7.05 6.65 6.65
2003-11-04 7.12 7.3 6.86 6.86
2003-11-25 7.31 7.69 7.16 7.16
2003-12-04 7.42 7.52 7.3 7.3
2003-12-10 7.39 7.45 7.25 7.25
2003-12-30 7.8 7.88 7.68 7.68
2004-01-02 7.98 8.09 7.81 7.81
2004-02-05 10.31 10.42 9.5 9.5
2004-03-10 9.34 9.35 8.98 8.98
2004-04-30 7.7 7.84 7.6 7.6
2004-05-11 7.44 7.5 7.25 7.25
2004-08-18 6.21 6.29 6.16 6.16
2004-11-18 7.1 7.14 7.04 7.04
2005-02-21 5.58 5.6 5.48 5.48
2005-04-19 5.12 5.19 4.94 4.94
2005-07-07 5.38 5.43 5.21 5.21
2006-10-11 15.44 15.79 15.15 15.15
2006-11-20 17.19 17.26 16.16 16.16
2006-12-05 21.69 22.21 20.2 20.2
2006-12-11 21.78 21.78 19.85 19.85
2007-01-12 33.69 35.3 32.5 32.5
2007-01-15 36.22 36.41 33.61 33.61
2007-01-24 37.76 38.13 35.1 35.1
2007-02-15 41.77 42.4 41.0 41.0
2007-03-06 36.89 37.86 35.3 35.3
2007-03-07 39.94 40.49 37.1 37.1
2007-03-22 41.55 42.21 40.95 40.95
2007-04-02 46.2 47.16 43.5 43.5
2007-05-17 58.89 61.2 56.85 56.85
2007-05-30 57.6 60.41 57.6 57.6
2007-07-03 52.25 52.28 50.02 50.02
2007-07-06 52.89 52.97 49.61 49.61
2007-07-20 57.99 58.44 55.01 55.01
2007-07-26 66.9 68.0 64.0 64.0
2007-08-07 74.27 76.1 73.0 73.0
2007-08-14 82.48 83.55 76.05 76.05
2007-08-21 88.3 89.05 85.21 85.21
2007-09-12 81.87 83.12 80.0 80.0
2007-09-20 87.76 88.92 84.0 84.0
2007-09-26 92.19 94.7 89.15 89.15
2007-09-28 96.71 97.0 92.1 92.1
2007-12-04 86.49 87.8 84.62 84.62
2007-12-07 89.61 90.06 88.5 88.5
2008-01-04 88.5 88.97 85.09 85.09
2008-04-24 32.13 32.13 32.13 32.13
2008-05-27 32.32 32.93 31.4 31.4
2008-06-11 32.18 32.49 30.6 30.6
2008-08-28 19.59 20.18 18.65 18.65
2008-09-19 17.88 17.88 17.88 17.88
2008-09-23 20.15 20.77 19.11 19.11
2008-10-10 20.64 21.35 19.6 19.6
2008-12-04 21.51 22.5 21.37 21.37
2008-12-10 22.73 22.79 21.4 21.4
2009-01-09 19.06 19.26 18.88 18.88
2009-01-14 20.14 20.25 18.42 18.42
2009-01-16 20.57 21.5 19.95 19.95
2009-02-06 23.97 24.0 22.9 22.9
2009-03-04 22.97 23.15 21.42 21.42
2009-04-02 25.96 26.5 25.75 25.75
2009-04-28 24.57 24.66 23.62 23.62
2009-07-06 31.61 32.54 29.98 29.98
2009-07-14 32.79 32.87 31.7 31.7
2009-09-11 27.45 27.68 26.81 26.81
2009-11-16 30.65 30.68 29.27 29.27
2009-11-30 29.19 29.76 27.65 27.65
2009-12-16 29.38 30.0 28.96 28.96
2009-12-30 31.49 31.7 31.03 31.03
2010-03-05 27.12 27.4 26.7 26.7
2010-03-29 28.36 28.45 27.66 27.66
2010-05-04 26.05 26.05 26.05 26.05
2010-05-05 24.04 24.27 23.45 23.45
2010-05-24 20.99 21.24 19.95 19.95
2010-06-21 20.75 20.78 20.07 20.07
2010-06-24 13.61 13.88 13.5 13.5
2010-07-29 12.96 13.15 12.83 12.83
2010-08-02 13.02 13.1 12.82 12.82
2010-09-06 11.96 12.01 11.5 11.5
2010-10-08 11.29 11.39 10.74 10.74
2010-10-14 13.65 14.12 13.02 13.02
2010-10-28 16.3 16.58 16.0 16.0
2010-11-24 13.25 13.29 12.51 12.51
2011-04-15 14.83 15.02 14.52 14.52
2011-05-26 12.43 12.8 12.33 12.33
2011-06-21 12.07 12.12 11.88 11.88
2011-06-23 12.23 12.31 11.9 11.9
2011-07-13 12.98 13.1 12.82 12.82
2011-07-22 12.82 13.01 12.74 12.74
2011-09-07 12.03 12.2 11.75 11.75
2011-10-24 11.79 11.88 11.35 11.35
2011-12-06 10.99 11.03 10.81 10.81
2011-12-16 10.41 10.47 10.03 10.03
2012-02-27 11.96 12.18 11.88 11.88
2012-03-02 12.24 12.29 11.86 11.86
2012-03-08 12.47 12.56 12.15 12.15
2012-03-16 12.3 12.32 11.94 11.94
2012-03-30 11.59 11.66 11.38 11.38
2012-04-06 12.42 12.54 12.23 12.23
2012-05-17 13.31 13.38 12.85 12.85
2012-05-22 13.3 13.35 13.0 13.0
2012-06-01 13.88 13.99 13.77 13.77
2012-07-13 12.66 13.02 12.64 12.64
2012-08-01 12.43 12.53 12.25 12.25
2012-08-30 10.34 10.46 10.05 10.05
2012-09-05 10.62 10.72 10.51 10.51
2012-09-07 11.48 11.58 10.8 10.8
2012-10-09 11.86 11.95 11.59 11.59
2012-10-16 11.65 11.79 11.56 11.56
2012-11-01 11.19 11.22 10.91 10.91
2013-01-28 14.34 14.39 13.62 13.62
2013-02-27 13.95 14.16 13.6 13.6
2013-03-05 14.48 14.52 13.86 13.86
2013-04-19 12.82 12.95 12.18 12.18
2013-05-10 12.64 12.76 12.52 12.52
2013-08-12 11.3 11.3 10.9 10.9
2013-09-06 11.07 11.2 11.0 11.0
2013-12-10 13.13 13.25 13.06 13.06
2014-01-21 11.71 11.88 11.55 11.55
2014-02-10 11.82 11.86 11.53 11.53
2014-06-26 11.4 11.46 11.28 11.28
2014-07-24 12.51 12.6 12.13 12.13
2014-07-28 13.22 13.5 12.71 12.71
2014-10-28 12.72 12.74 12.36 12.36
2015-01-19 29.62 29.62 29.62 29.62
2015-01-20 26.69 27.77 26.66 26.66
2015-04-21 35.08 35.58 33.35 33.35
2015-05-22 33.12 33.79 32.6 32.6
2015-05-25 34.24 34.68 33.25 33.25
2016-01-18 15.65 15.95 15.15 15.15
2016-02-16 14.83 14.95 14.16 14.16
2016-03-16 16.09 16.26 15.95 15.95
2016-03-30 17.68 17.83 17.35 17.35
2016-04-13 17.85 18.28 17.65 17.65
2016-05-31 16.79 16.83 15.68 15.68
2016-06-21 15.84 16.5 15.75 15.75
2016-12-21 16.17 16.23 16.06 16.06
2016-12-30 16.06 16.09 15.92 15.92
2017-01-19 16.27 16.39 16.23 16.23
2017-01-23 16.44 16.59 16.4 16.4
2017-01-26 16.48 16.56 16.43 16.43
2017-02-10 16.67 16.76 16.51 16.51
2017-05-04 16.06 16.16 16.01 16.01
2017-05-15 15.81 15.98 15.67 15.67
2017-05-19 15.71 15.78 15.67 15.67
2017-05-25 16.41 16.45 15.65 15.65
2017-07-11 17.16 17.43 17.02 17.02
