1994-05-03 7.3 7.35 7.0 7.0
1994-05-10 7.27 7.27 7.15 7.15
1994-05-12 7.04 7.17 7.01 7.01
1994-05-13 7.2 7.28 7.0 7.0
1994-05-23 7.28 7.51 7.18 7.18
1994-05-31 6.8 6.8 6.43 6.43
1994-07-05 5.0 5.0 4.89 4.89
1994-09-30 7.36 7.88 7.3 7.3
1994-12-15 6.3 6.47 5.9 5.9
1995-02-07 5.94 5.98 5.67 5.67
1995-02-08 5.93 5.99 5.9 5.9
1995-02-09 6.15 6.18 5.9 5.9
1995-04-25 5.96 5.98 5.75 5.75
1995-05-26 6.25 6.65 5.8 5.8
1995-06-02 6.18 6.2 6.0 6.0
1995-06-07 6.61 6.61 6.1 6.1
1995-06-13 6.78 7.05 6.72 6.72
1995-06-16 6.05 6.32 5.88 5.88
1995-06-21 6.28 6.29 6.01 6.01
1995-07-05 6.18 6.18 6.05 6.05
1995-07-12 6.18 6.25 6.15 6.15
1995-07-13 6.27 6.31 6.2 6.2
1995-07-14 6.3 6.31 6.23 6.23
1995-07-17 6.55 6.69 6.2 6.2
1995-08-11 6.57 6.6 6.45 6.45
1995-08-16 6.61 6.68 6.5 6.5
1995-08-17 7.1 7.43 6.62 6.62
1995-09-18 6.38 6.45 6.25 6.25
1995-09-22 6.2 6.29 6.15 6.15
1995-09-29 6.5 6.5 5.91 5.91
1995-10-05 6.2 6.22 6.15 6.15
1995-10-09 5.98 6.05 5.9 5.9
1995-12-04 5.49 5.49 5.38 5.38
1995-12-12 5.58 5.59 5.35 5.35
1995-12-14 5.42 5.5 5.35 5.35
1996-01-02 4.76 5.05 4.72 4.72
1996-01-09 4.72 4.76 4.58 4.58
1996-01-12 4.58 4.63 4.53 4.53
1996-01-29 4.39 4.43 4.32 4.32
1996-02-06 4.63 4.63 4.41 4.41
1996-02-07 4.64 4.68 4.59 4.59
1996-02-08 4.65 4.73 4.52 4.52
1996-02-09 4.92 4.92 4.68 4.68
1996-02-16 4.95 4.98 4.8 4.8
1996-03-08 5.54 5.65 5.28 5.28
1996-03-26 5.47 5.54 5.39 5.39
1996-05-28 6.52 6.54 6.33 6.33
1996-06-21 9.67 9.73 9.0 9.0
1996-07-01 10.0 10.22 9.5 9.5
1996-07-18 10.04 10.16 9.88 9.88
1996-08-12 10.05 10.2 9.91 9.91
1996-09-24 10.45 11.1 10.2 10.2
1996-10-23 13.51 13.51 11.9 11.9
1996-10-24 14.55 14.68 13.6 13.6
1996-10-30 14.03 14.41 14.0 14.0
1996-11-01 14.15 14.8 14.0 14.0
1996-11-06 14.03 14.35 14.0 14.0
1996-11-20 16.52 16.54 16.0 16.0
1996-11-22 17.25 17.34 17.0 17.0
1996-11-26 17.26 17.47 17.25 17.25
1996-11-28 17.37 17.38 17.25 17.25
1996-11-29 18.1 18.58 17.3 17.3
1996-12-03 19.1 19.11 18.81 18.81
1996-12-04 19.3 19.4 19.0 19.0
1996-12-06 19.3 19.3 19.2 19.2
1996-12-09 19.32 19.5 19.3 19.3
1996-12-13 19.4 19.5 19.3 19.3
1996-12-17 16.95 16.95 15.71 15.71
1996-12-20 16.86 17.0 16.81 16.81
1996-12-23 16.93 17.2 16.87 16.87
1996-12-25 16.98 17.0 16.81 16.81
1997-01-02 17.29 17.39 17.0 17.0
1997-01-07 16.98 16.99 16.81 16.81
1997-01-24 17.71 17.78 17.6 17.6
1997-01-31 18.35 18.35 18.06 18.06
1997-02-19 18.19 18.19 17.5 17.5
1997-02-20 17.68 18.0 16.37 16.37
1997-04-03 30.5 30.5 27.81 27.81
1997-04-21 32.69 33.46 32.0 32.0
1997-05-22 19.85 21.3 19.85 19.85
1997-09-04 17.68 18.0 16.99 16.99
1997-09-12 17.66 18.2 17.13 17.13
1997-09-18 17.89 18.21 17.69 17.69
1997-09-24 16.7 16.85 16.0 16.0
1997-10-06 16.48 16.5 16.36 16.36
1997-11-26 16.9 17.01 16.56 16.56
1997-12-04 16.45 16.7 16.25 16.25
1997-12-05 16.7 17.0 16.43 16.43
1998-01-05 20.5 20.51 18.88 18.88
1998-02-11 22.63 22.98 22.0 22.0
1998-07-24 17.58 17.7 17.22 17.22
1998-08-06 16.9 17.3 16.7 16.7
1998-10-08 17.0 17.1 16.64 16.64
1998-10-13 16.82 17.15 16.7 16.7
1998-10-16 17.4 17.58 17.0 17.0
1998-10-23 16.6 16.95 16.48 16.48
1998-11-06 17.91 18.85 17.3 17.3
1999-01-27 16.15 16.2 16.0 16.0
1999-02-04 15.48 15.7 15.4 15.4
1999-02-09 14.97 15.1 14.7 14.7
1999-03-01 14.98 15.1 14.9 14.9
1999-03-03 15.34 15.34 14.8 14.8
1999-03-11 15.68 15.7 15.3 15.3
1999-03-17 16.26 16.68 16.18 16.18
1999-04-14 15.42 15.6 15.4 15.4
1999-04-15 15.1 15.39 15.1 15.1
1999-04-20 14.84 15.0 14.8 14.8
1999-04-23 14.56 14.8 14.5 14.5
1999-04-28 13.89 14.6 13.57 13.57
1999-04-29 14.3 14.4 13.95 13.95
1999-05-18 13.11 13.43 13.08 13.08
1999-05-20 14.65 15.0 14.22 14.22
1999-06-28 25.3 25.3 23.2 23.2
1999-07-23 20.95 21.85 20.65 20.65
1999-09-07 18.72 18.9 18.0 18.0
1999-09-10 20.25 20.68 19.3 19.3
1999-09-24 20.06 20.5 19.6 19.6
1999-10-08 19.2 19.48 19.0 19.0
1999-10-15 20.0 20.3 19.54 19.54
1999-10-19 20.03 20.19 19.5 19.5
1999-11-05 22.6 23.1 22.4 22.4
1999-11-08 22.83 23.2 22.6 22.6
1999-11-23 22.38 22.5 22.05 22.05
1999-11-26 22.15 22.38 22.01 22.01
1999-11-30 22.08 22.17 22.0 22.0
1999-12-01 22.8 22.93 22.0 22.0
1999-12-08 23.36 23.6 22.8 22.8
1999-12-15 22.93 23.39 22.6 22.6
2000-01-26 28.97 29.8 27.25 27.25
2000-02-15 34.36 35.96 33.0 33.0
2000-02-28 34.98 35.1 32.8 32.8
2000-03-03 39.59 40.1 37.6 37.6
2000-03-15 33.2 35.0 31.24 31.24
2000-03-17 33.8 34.2 30.8 30.8
2000-03-24 34.11 34.68 33.09 33.09
2000-05-12 36.32 36.47 35.92 35.92
2000-05-16 36.1 36.88 35.9 35.9
2000-05-22 37.38 37.38 36.6 36.6
2000-05-29 39.35 40.0 38.0 38.0
2000-05-30 40.03 40.8 39.5 39.5
2000-05-31 29.36 29.36 26.8 26.8
2000-06-22 26.2 27.0 26.1 26.1
2000-06-30 25.25 25.25 24.8 24.8
2000-11-02 24.09 24.3 23.84 23.84
2000-11-03 24.38 24.58 23.88 23.88
2000-11-06 24.6 24.6 24.38 24.38
2001-01-03 25.09 25.26 24.96 24.96
2001-02-26 22.42 22.58 22.32 22.32
2001-03-27 22.8 23.08 22.48 22.48
2001-06-04 21.52 21.82 21.41 21.41
2001-07-25 20.1 20.45 19.66 19.66
2001-08-15 11.85 11.95 11.78 11.78
2001-12-07 9.13 9.34 8.8 8.8
2001-12-17 8.3 8.38 8.13 8.13
2002-02-07 7.69 7.79 7.4 7.4
2002-05-28 7.69 7.74 7.56 7.56
2002-08-20 7.35 7.39 7.2 7.2
2002-10-11 6.63 6.7 6.61 6.61
2002-10-16 6.8 6.88 6.71 6.71
2002-12-20 6.3 6.3 5.73 5.73
2003-03-18 6.0 6.09 5.98 5.98
2003-04-28 5.55 5.6 5.22 5.22
2003-05-14 6.08 6.2 5.61 5.61
2003-10-09 5.79 5.89 5.7 5.7
2003-10-22 5.95 5.96 5.66 5.66
2004-01-16 7.42 7.55 7.2 7.2
2004-01-29 7.59 7.82 7.45 7.45
2004-09-03 4.54 4.66 4.51 4.51
2004-09-15 4.74 4.79 4.45 4.45
2004-12-24 4.26 4.27 4.2 4.2
2004-12-27 4.35 4.38 4.26 4.26
2005-01-04 4.22 4.33 4.1 4.1
2005-02-04 3.92 3.92 3.83 3.83
2005-02-21 4.05 4.08 3.98 3.98
2005-06-24 3.82 3.84 3.74 3.74
2005-06-27 3.94 4.03 3.84 3.84
2005-06-29 3.85 3.94 3.83 3.83
2005-07-06 3.46 3.52 3.31 3.31
2006-01-09 3.04 3.06 3.0 3.0
2006-01-12 3.11 3.13 2.98 2.98
2006-01-18 3.12 3.12 3.01 3.01
2006-03-10 3.04 3.06 3.02 3.02
2006-11-13 5.44 5.44 5.44 5.44
2006-11-14 5.17 5.17 5.17 5.17
2006-11-15 5.31 5.43 4.91 4.91
2006-11-21 5.28 5.28 5.28 5.28
2006-11-22 5.54 5.54 5.02 5.02
2006-11-23 5.82 5.82 5.82 5.82
2006-11-28 5.68 5.88 5.36 5.36
2006-12-04 5.63 5.63 5.54 5.54
2007-02-06 7.01 7.01 7.01 7.01
2007-02-07 6.66 6.66 6.66 6.66
2007-02-08 6.55 6.99 6.36 6.36
2007-06-28 11.7 11.7 11.7 11.7
2007-06-29 11.12 11.12 11.12 11.12
2007-07-02 10.56 10.56 10.56 10.56
2007-07-03 10.03 10.03 10.03 10.03
2007-07-04 9.53 9.53 9.53 9.53
2007-07-05 9.05 9.05 9.05 9.05
2007-07-06 8.6 8.6 8.6 8.6
2007-07-09 8.39 8.7 8.17 8.17
2007-08-17 10.94 10.94 10.21 10.21
2007-08-20 11.14 11.49 11.0 11.0
2007-08-22 10.91 11.38 10.66 10.66
2007-08-24 11.75 11.75 11.21 11.21
2007-11-13 11.42 11.82 10.71 10.71
2007-12-03 11.36 11.48 11.0 11.0
2007-12-05 11.49 11.63 11.3 11.3
2007-12-10 11.6 11.97 11.29 11.29
2007-12-14 12.06 12.2 11.85 11.85
2007-12-19 12.38 12.47 11.8 11.8
2007-12-20 12.33 12.5 12.21 12.21
2007-12-21 12.7 12.91 12.2 12.2
2008-03-18 12.45 12.45 12.45 12.45
2008-03-19 11.83 12.17 11.83 11.83
2008-03-20 11.47 11.78 11.24 11.24
2008-03-27 9.61 9.82 9.61 9.61
2008-04-03 7.89 8.09 7.7 7.7
2008-04-08 8.69 8.69 8.69 8.69
2008-06-11 7.64 7.8 7.64 7.64
2008-06-12 7.29 7.59 7.26 7.26
2008-06-20 5.69 6.1 5.69 5.69
2008-06-30 5.08 5.24 5.05 5.05
2008-10-28 2.38 2.43 2.35 2.35
2008-12-16 3.35 3.35 3.35 3.35
2008-12-17 3.52 3.52 3.52 3.52
2008-12-18 3.7 3.7 3.7 3.7
2009-03-16 4.36 4.47 4.23 4.23
2009-03-17 4.58 4.58 4.33 4.33
2009-04-10 5.25 5.25 5.25 5.25
2009-04-13 5.51 5.51 5.51 5.51
2009-05-04 5.23 5.25 5.1 5.1
2009-10-13 4.83 4.83 4.71 4.71
2010-04-15 6.54 6.54 6.21 6.21
2010-04-20 6.76 6.76 6.43 6.43
2010-11-25 6.57 6.63 6.4 6.4
2010-12-17 6.37 6.44 6.31 6.31
2011-03-18 7.09 7.09 6.7 6.7
2011-08-22 5.24 5.34 5.23 5.23
2011-09-09 5.22 5.25 5.18 5.18
2011-09-20 5.2 5.27 5.13 5.13
2011-12-30 3.14 3.16 3.06 3.06
2012-01-04 3.16 3.23 3.14 3.14
2012-02-10 3.56 3.61 3.48 3.48
2012-04-05 3.24 3.3 3.15 3.15
2012-04-12 3.32 3.34 3.25 3.25
2012-05-04 3.0 3.01 2.89 2.89
2012-07-31 2.48 2.48 2.48 2.48
2012-08-01 2.36 2.36 2.36 2.36
2012-08-02 2.24 2.34 2.24 2.24
2012-08-06 2.32 2.33 2.21 2.21
2012-08-07 2.36 2.43 2.3 2.3
2012-08-23 2.67 2.67 2.67 2.67
2012-08-27 2.94 2.94 2.78 2.78
2013-07-10 5.77 5.97 5.55 5.55
2013-10-25 5.65 5.76 5.56 5.56
2014-04-01 5.82 5.84 5.66 5.66
2014-07-23 5.96 5.96 5.4 5.4
2014-08-18 6.03 6.03 5.95 5.95
2014-10-24 7.39 7.48 7.0 7.0
2015-01-20 6.4 6.46 6.16 6.16
2015-06-10 18.98 19.4 16.55 16.55
2015-07-08 7.08 7.08 7.08 7.08
2015-07-09 7.79 7.79 6.37 6.37
2015-07-16 8.88 9.41 8.06 8.06
2015-09-24 8.08 8.5 7.53 7.53
2016-02-16 7.25 7.3 6.97 6.97
2017-02-21 11.38 11.45 11.01 11.01
2017-08-16 7.43 7.44 7.24 7.24
