2004-07-06 7.15 7.21 7.02 7.02
2004-11-18 6.02 6.03 5.9 5.9
2004-11-19 6.13 6.2 6.04 6.04
2005-03-29 4.54 4.63 4.52 4.52
2005-04-13 4.6 4.65 4.52 4.52
2005-04-19 4.45 4.47 4.26 4.26
2005-06-08 4.7 4.75 4.4 4.4
2005-07-14 3.94 4.01 3.92 3.92
2005-07-20 3.68 3.69 3.62 3.62
2005-07-25 3.88 3.93 3.8 3.8
2005-08-08 4.14 4.26 4.05 4.05
2005-10-21 5.35 5.44 5.3 5.3
2005-11-17 4.33 4.4 4.29 4.29
2005-12-23 4.42 4.44 4.34 4.34
2005-12-26 4.45 4.47 4.35 4.35
2005-12-27 4.48 4.52 4.4 4.4
2005-12-29 4.57 4.58 4.47 4.47
2006-01-04 4.57 4.57 4.46 4.46
2006-01-06 4.67 4.73 4.63 4.63
2006-01-12 4.72 4.73 4.6 4.6
2006-05-19 6.57 6.62 6.06 6.06
2006-11-14 5.13 5.15 5.0 5.0
2006-11-17 5.16 5.26 5.0 5.0
2006-12-18 5.88 6.0 5.61 5.61
2007-02-09 8.16 8.46 8.09 8.09
2007-02-15 8.65 8.73 8.28 8.28
2007-03-26 9.38 9.39 8.98 8.98
2007-04-12 10.08 10.3 10.0 10.0
2007-04-20 9.98 10.12 9.6 9.6
2007-06-18 10.2 10.36 10.02 10.02
2007-09-26 12.79 12.9 12.02 12.02
2007-12-27 13.66 13.98 13.23 13.23
2009-03-19 19.21 19.26 17.51 17.51
2009-04-28 19.0 19.95 19.0 19.0
2009-06-03 20.5 20.76 20.22 20.22
2009-06-09 20.56 20.6 19.6 19.6
2009-09-14 11.41 11.51 10.72 10.72
2009-09-17 11.86 12.13 11.61 11.61
2010-02-12 11.83 11.92 11.75 11.75
2010-07-22 11.33 11.49 11.0 11.0
2011-01-19 11.34 11.4 11.12 11.12
2011-07-04 10.89 10.97 10.76 10.76
2011-08-17 10.56 10.68 10.49 10.49
2011-08-22 11.03 11.48 10.69 10.69
2011-08-25 11.44 11.5 11.05 11.05
2012-02-02 8.5 8.53 8.34 8.34
2012-03-08 10.11 10.25 10.05 10.05
2012-03-09 10.37 10.52 10.11 10.11
2012-05-07 13.01 13.51 12.3 12.3
2012-10-09 10.41 10.46 10.07 10.07
2012-10-16 10.92 11.16 10.4 10.4
2012-11-01 10.39 10.45 10.21 10.21
2013-08-19 7.54 7.58 7.42 7.42
2013-08-26 7.63 7.64 7.52 7.52
2013-12-09 8.68 8.69 7.87 7.87
2014-06-10 6.69 6.69 6.61 6.61
2015-07-09 9.01 9.01 7.37 7.37
2015-08-10 12.54 12.68 12.01 12.01
2016-02-04 9.23 9.37 9.04 9.04
2016-02-15 9.03 9.08 8.55 8.55
2016-02-16 9.37 9.48 9.06 9.06
2016-02-17 9.6 9.7 9.3 9.3
2016-04-18 13.51 13.57 12.99 12.99
2016-06-07 13.37 13.53 13.3 13.3
2016-08-10 13.93 14.18 13.81 13.81
2016-08-12 13.44 13.47 13.12 13.12
2016-08-15 14.08 14.17 13.45 13.45
2016-08-17 14.21 14.43 13.83 13.83
2016-09-07 14.0 14.12 13.89 13.89
2016-09-19 13.68 13.75 13.41 13.41
2017-01-03 15.03 15.15 14.76 14.76
2017-01-10 15.25 15.36 14.8 14.8
2017-04-20 12.2 12.36 12.01 12.01
2017-08-25 11.51 11.59 11.35 11.35
