2004-04-21 9.84 9.98 9.76 9.76
2004-05-18 8.38 8.39 8.12 8.12
2004-06-11 7.83 8.1 7.69 7.69
2004-07-01 7.18 7.3 7.0 7.0
2004-07-06 7.15 7.21 7.02 7.02
2004-07-21 6.68 6.83 6.66 6.66
2004-08-03 6.19 6.2 6.1 6.1
2004-08-24 6.01 6.1 5.84 5.84
2004-09-16 6.75 6.88 6.5 6.5
2004-11-15 6.14 6.22 5.98 5.98
2004-11-18 6.02 6.03 5.9 5.9
2004-11-19 6.13 6.2 6.04 6.04
2004-12-02 6.05 6.08 5.86 5.86
2004-12-20 5.6 5.65 5.52 5.52
2005-01-05 5.6 5.62 5.51 5.51
2005-01-21 5.19 5.19 5.03 5.03
2005-02-02 4.8 4.89 4.56 4.56
2005-03-01 5.26 5.26 5.04 5.04
2005-03-22 4.82 5.05 4.78 4.78
2005-03-29 4.54 4.63 4.52 4.52
2005-04-07 4.6 4.62 4.47 4.47
2005-04-13 4.6 4.65 4.52 4.52
2005-04-19 4.45 4.47 4.26 4.26
2005-06-02 4.36 4.49 4.31 4.31
2005-06-08 4.7 4.75 4.4 4.4
2005-07-07 4.08 4.1 4.03 4.03
2005-07-14 3.94 4.01 3.92 3.92
2005-07-20 3.68 3.69 3.62 3.62
2005-07-25 3.88 3.93 3.8 3.8
2005-08-05 4.03 4.04 3.91 3.91
2005-08-08 4.14 4.26 4.05 4.05
2005-08-26 4.33 4.35 4.27 4.27
2005-09-13 4.6 4.66 4.5 4.5
2005-09-26 4.71 4.74 4.55 4.55
2005-10-14 5.12 5.26 4.95 4.95
2005-10-21 5.35 5.44 5.3 5.3
2005-11-02 4.64 4.65 4.46 4.46
2005-11-15 4.33 4.34 4.21 4.21
2005-11-17 4.33 4.4 4.29 4.29
2005-12-07 4.31 4.32 4.2 4.2
2005-12-20 4.44 4.47 4.4 4.4
2005-12-23 4.42 4.44 4.34 4.34
2005-12-26 4.45 4.47 4.35 4.35
2005-12-27 4.48 4.52 4.4 4.4
2005-12-29 4.57 4.58 4.47 4.47
2006-01-04 4.57 4.57 4.46 4.46
2006-01-06 4.67 4.73 4.63 4.63
2006-01-12 4.72 4.73 4.6 4.6
2006-03-27 4.32 4.36 4.21 4.21
2006-05-17 5.97 6.1 5.67 5.67
2006-05-19 6.57 6.62 6.06 6.06
2006-10-09 6.07 6.23 5.95 5.95
2006-11-09 5.45 5.55 5.36 5.36
2006-11-14 5.13 5.15 5.0 5.0
2006-11-17 5.16 5.26 5.0 5.0
2006-11-30 5.57 5.75 5.48 5.48
2006-12-11 5.48 5.49 5.25 5.25
2006-12-18 5.88 6.0 5.61 5.61
2007-02-06 7.75 7.87 7.43 7.43
2007-02-09 8.16 8.46 8.09 8.09
2007-02-15 8.65 8.73 8.28 8.28
2007-03-20 8.92 8.96 8.37 8.37
2007-03-26 9.38 9.39 8.98 8.98
2007-04-09 9.94 10.19 9.3 9.3
2007-04-12 10.08 10.3 10.0 10.0
2007-04-20 9.98 10.12 9.6 9.6
2007-05-28 13.74 14.1 13.55 13.55
2007-06-13 10.46 10.68 9.84 9.84
2007-06-18 10.2 10.36 10.02 10.02
2007-07-17 8.42 8.5 8.11 8.11
2007-07-27 10.73 10.73 10.23 10.23
2007-09-14 12.71 12.71 11.5 11.5
2007-09-25 12.01 12.39 11.8 11.8
2007-09-26 12.79 12.9 12.02 12.02
2007-11-14 9.33 9.4 8.92 8.92
2007-12-11 11.89 11.97 11.71 11.71
2007-12-21 13.02 13.1 12.8 12.8
2007-12-27 13.66 13.98 13.23 13.23
2008-01-25 19.09 19.8 18.7 18.7
2008-06-13 16.6 17.59 16.39 16.39
2008-06-25 14.62 14.62 13.58 13.58
2008-11-10 8.72 8.82 8.17 8.17
2009-01-09 11.12 11.15 10.65 10.65
2009-03-17 17.66 17.75 17.02 17.02
2009-03-19 19.21 19.26 17.51 17.51
2009-04-09 24.2 24.5 22.27 22.27
2009-04-20 23.55 23.98 22.9 22.9
2009-04-28 19.0 19.95 19.0 19.0
2009-05-15 19.0 19.26 18.57 18.57
2009-05-27 20.55 20.55 18.78 18.78
2009-06-03 20.5 20.76 20.22 20.22
2009-06-09 20.56 20.6 19.6 19.6
2009-06-26 19.84 19.88 19.25 19.25
2009-09-11 10.71 10.82 10.33 10.33
2009-09-14 11.41 11.51 10.72 10.72
2009-09-17 11.86 12.13 11.61 11.61
2009-10-09 10.62 10.77 10.1 10.1
2009-10-30 10.9 11.09 10.7 10.7
2010-01-13 13.84 14.5 13.4 13.4
2010-02-09 11.65 11.78 11.51 11.51
2010-02-12 11.83 11.92 11.75 11.75
2010-03-08 12.13 12.2 12.03 12.03
2010-05-26 10.72 10.87 10.45 10.45
2010-07-06 10.4 10.45 10.18 10.18
2010-07-19 10.79 10.9 10.5 10.5
2010-07-22 11.33 11.49 11.0 11.0
2010-08-02 11.79 11.97 11.54 11.54
2010-08-18 13.07 13.74 12.96 12.96
2010-08-30 12.88 13.02 12.61 12.61
2010-11-02 13.77 14.05 13.62 13.62
2010-12-01 12.42 12.65 12.2 12.2
2010-12-21 12.4 12.49 12.2 12.2
2011-01-13 11.82 12.03 11.62 11.62
2011-01-19 11.34 11.4 11.12 11.12
2011-03-01 12.45 12.46 12.11 12.11
2011-04-29 12.59 12.62 11.89 11.89
2011-05-30 10.95 11.0 10.56 10.56
2011-06-14 10.86 10.92 10.62 10.62
2011-07-01 10.78 11.0 10.51 10.51
2011-07-04 10.89 10.97 10.76 10.76
2011-07-13 11.14 11.24 10.81 10.81
2011-08-10 10.09 10.29 10.05 10.05
2011-08-17 10.56 10.68 10.49 10.49
2011-08-22 11.03 11.48 10.69 10.69
2011-08-25 11.44 11.5 11.05 11.05
2011-10-26 9.47 9.59 9.31 9.31
2011-11-14 10.82 10.85 10.15 10.15
2012-01-20 8.3 8.31 8.08 8.08
2012-02-02 8.5 8.53 8.34 8.34
2012-03-02 9.57 9.64 9.47 9.47
2012-03-08 10.11 10.25 10.05 10.05
2012-03-09 10.37 10.52 10.11 10.11
2012-04-06 9.79 10.06 9.65 9.65
2012-05-03 12.28 12.28 11.07 11.07
2012-05-07 13.01 13.51 12.3 12.3
2012-08-21 12.01 12.36 11.7 11.7
2012-08-31 10.66 10.74 10.45 10.45
2012-09-27 10.08 10.14 9.7 9.7
2012-10-09 10.41 10.46 10.07 10.07
2012-10-16 10.92 11.16 10.4 10.4
2012-10-30 10.18 10.25 10.0 10.0
2012-11-01 10.39 10.45 10.21 10.21
2012-11-12 10.28 10.41 10.16 10.16
2013-03-19 9.32 9.42 9.16 9.16
2013-04-19 9.13 9.22 8.96 8.96
2013-06-05 10.31 10.49 9.59 9.59
2013-06-21 8.21 8.32 8.06 8.06
2013-07-11 7.55 7.65 7.33 7.33
2013-07-31 7.28 7.33 7.0 7.0
2013-08-12 7.77 7.8 7.57 7.57
2013-08-19 7.54 7.58 7.42 7.42
2013-08-26 7.63 7.64 7.52 7.52
2013-12-06 7.9 8.03 7.71 7.71
2013-12-09 8.68 8.69 7.87 7.87
2013-12-30 9.23 9.33 8.56 8.56
2014-03-13 6.99 7.13 6.78 6.78
2014-04-08 7.01 7.03 6.91 6.91
2014-05-12 6.66 6.73 6.52 6.52
2014-06-03 6.6 6.65 6.57 6.57
2014-06-10 6.69 6.69 6.61 6.61
2014-07-14 6.86 6.9 6.68 6.68
2014-11-17 9.0 9.02 8.6 8.6
2015-01-20 8.79 8.85 8.67 8.67
2015-03-23 10.97 11.06 10.7 10.7
2015-07-08 8.19 8.19 8.19 8.19
2015-07-09 9.01 9.01 7.37 7.37
2015-08-07 11.87 11.9 11.43 11.43
2015-08-10 12.54 12.68 12.01 12.01
2015-08-25 9.52 9.88 9.52 9.52
2015-09-09 9.15 9.2 8.65 8.65
2015-11-19 12.36 12.37 12.0 12.0
2015-12-16 12.51 12.69 12.2 12.2
2016-02-02 9.02 9.09 8.79 8.79
2016-02-04 9.23 9.37 9.04 9.04
2016-02-15 9.03 9.08 8.55 8.55
2016-02-16 9.37 9.48 9.06 9.06
2016-02-17 9.6 9.7 9.3 9.3
2016-03-03 9.35 9.52 9.11 9.11
2016-04-11 12.06 12.17 11.86 11.86
2016-04-18 13.51 13.57 12.99 12.99
2016-05-11 14.59 14.9 14.12 14.12
2016-05-31 13.97 13.98 13.4 13.4
2016-06-07 13.37 13.53 13.3 13.3
2016-07-14 14.72 14.98 14.45 14.45
2016-08-04 13.17 13.2 13.0 13.0
2016-08-10 13.93 14.18 13.81 13.81
2016-08-12 13.44 13.47 13.12 13.12
2016-08-15 14.08 14.17 13.45 13.45
2016-08-17 14.21 14.43 13.83 13.83
2016-09-05 13.8 13.85 13.5 13.5
2016-09-07 14.0 14.12 13.89 13.89
2016-09-19 13.68 13.75 13.41 13.41
2016-10-24 14.91 15.13 14.5 14.5
2016-11-14 17.92 17.92 17.92 17.92
2016-12-16 16.85 17.49 16.45 16.45
2016-12-28 15.3 15.49 14.82 14.82
2017-01-03 15.03 15.15 14.76 14.76
2017-01-10 15.25 15.36 14.8 14.8
2017-01-23 13.48 13.58 13.35 13.35
2017-02-08 13.89 13.91 13.72 13.72
2017-03-10 14.25 14.39 14.01 14.01
2017-03-31 13.25 13.35 13.11 13.11
2017-04-13 13.1 13.22 12.92 12.92
2017-04-20 12.2 12.36 12.01 12.01
2017-06-08 12.75 12.96 12.72 12.72
2017-07-18 11.39 11.42 11.12 11.12
2017-07-28 11.4 11.48 11.34 11.34
2017-08-17 11.75 11.76 11.61 11.61
2017-08-25 11.51 11.59 11.35 11.35
