2006-10-18 6.4 6.41 6.23 6.23
2006-12-05 7.62 7.9 7.25 7.25
2006-12-07 8.21 8.21 7.46 7.46
2006-12-29 7.22 7.29 7.01 7.01
2007-02-12 8.75 8.78 8.61 8.61
2007-03-08 9.17 9.25 8.93 8.93
2007-03-26 9.59 9.65 9.28 9.28
2007-04-16 10.23 10.35 10.06 10.06
2007-04-20 10.49 10.53 10.18 10.18
2007-04-23 10.89 10.97 10.6 10.6
2007-07-17 9.17 9.25 8.93 8.93
2007-08-06 10.31 10.33 9.97 9.97
2007-09-03 12.62 13.0 12.11 12.11
2007-09-13 12.1 12.35 11.52 11.52
2007-10-26 11.93 12.07 11.25 11.25
2007-10-29 12.31 12.5 11.96 11.96
2007-11-05 13.02 13.44 12.26 12.26
2007-11-19 13.47 13.7 13.25 13.25
2007-11-23 12.72 12.96 12.5 12.5
2007-11-28 11.94 12.3 11.87 11.87
2007-12-17 13.53 13.62 12.87 12.87
2007-12-18 13.71 14.15 13.4 13.4
2007-12-27 16.17 16.3 15.3 15.3
2008-01-07 17.19 17.4 15.9 15.9
2008-01-23 16.15 16.27 15.2 15.2
2008-02-14 16.99 17.16 16.64 16.64
2008-02-19 17.88 17.9 17.25 17.25
2008-03-19 12.56 12.92 12.1 12.1
2008-04-03 13.16 13.21 12.5 12.5
2008-05-14 15.43 15.49 14.8 14.8
2008-06-03 14.69 14.95 14.46 14.46
2008-06-24 11.35 11.52 11.11 11.11
2008-06-30 12.01 12.19 11.52 11.52
2008-07-09 13.02 13.15 12.49 12.49
2008-07-22 13.66 13.82 13.34 13.34
2008-09-03 10.81 10.99 10.48 10.48
2008-09-11 11.21 11.58 11.16 11.16
2008-09-17 11.21 11.24 10.75 10.75
2008-09-24 6.44 6.59 6.0 6.0
2008-11-10 4.7 4.72 4.35 4.35
2009-01-07 4.16 4.26 4.1 4.1
2009-01-14 4.07 4.08 3.9 3.9
2009-02-04 4.78 4.82 4.54 4.54
2009-02-06 5.18 5.19 4.81 4.81
2009-02-17 6.22 6.22 6.22 6.22
2009-03-19 5.91 5.98 5.49 5.49
2009-04-13 6.11 6.17 5.98 5.98
2009-07-14 6.77 6.88 6.57 6.57
2009-08-18 6.22 6.28 5.97 5.97
2009-09-17 6.48 6.57 6.21 6.21
2009-10-23 6.54 6.62 6.43 6.43
2009-11-16 6.79 6.82 6.71 6.71
2010-03-29 7.75 7.77 7.68 7.68
2010-04-02 7.96 8.17 7.9 7.9
2010-05-13 6.44 6.46 6.27 6.27
2010-07-14 5.54 5.6 5.48 5.48
2010-07-20 5.81 5.84 5.51 5.51
2010-07-21 6.19 6.35 5.71 5.71
2010-09-13 6.68 6.78 6.63 6.63
2010-09-16 4.38 4.47 4.36 4.36
2010-09-28 4.19 4.23 4.12 4.12
2010-10-08 4.24 4.24 4.17 4.17
2010-10-15 4.67 4.79 4.41 4.41
2010-11-19 4.16 4.16 4.06 4.06
2010-12-29 4.07 4.1 4.04 4.04
2011-02-14 4.14 4.15 4.04 4.04
2011-04-01 4.2 4.21 4.15 4.15
2011-04-11 4.2 4.23 4.19 4.19
2011-07-13 4.09 4.1 4.04 4.04
2011-07-15 4.19 4.21 4.07 4.07
2011-08-04 3.92 3.95 3.89 3.89
2011-08-10 3.59 3.69 3.58 3.58
2011-08-22 3.53 3.55 3.5 3.5
2011-08-23 3.58 3.61 3.53 3.53
2011-09-06 3.4 3.43 3.38 3.38
2011-09-21 3.47 3.47 3.38 3.38
2011-11-14 3.3 3.3 3.26 3.26
2011-12-30 2.7 2.71 2.67 2.67
2012-02-08 2.86 2.86 2.79 2.79
2012-02-16 2.99 3.06 2.92 2.92
2012-03-01 3.05 3.06 3.01 3.01
2012-03-08 3.04 3.05 3.01 3.01
2012-03-30 2.86 2.89 2.85 2.85
2012-04-05 2.94 2.96 2.87 2.87
2012-04-16 3.04 3.09 2.98 2.98
2012-05-22 3.18 3.25 3.15 3.15
2012-08-28 2.65 2.67 2.62 2.62
2012-08-31 2.77 2.89 2.63 2.63
2012-09-12 2.8 2.81 2.77 2.77
2012-09-27 2.68 2.7 2.62 2.62
2012-10-09 2.73 2.73 2.68 2.68
2012-10-10 2.77 2.78 2.72 2.72
2012-10-18 2.77 2.79 2.73 2.73
2012-10-22 2.78 2.79 2.75 2.75
2012-10-25 2.88 2.97 2.85 2.85
2012-11-09 2.73 2.74 2.71 2.71
2012-11-12 2.75 2.76 2.73 2.73
2012-11-23 2.73 2.76 2.72 2.72
2012-12-06 2.77 2.82 2.75 2.75
2012-12-14 2.85 2.85 2.76 2.76
2012-12-24 2.81 2.83 2.8 2.8
2012-12-31 2.89 2.92 2.86 2.86
2013-01-14 2.87 2.89 2.8 2.8
2013-01-15 2.91 2.93 2.87 2.87
2013-01-28 2.91 2.92 2.87 2.87
2013-01-30 2.95 2.97 2.9 2.9
2013-02-25 2.9 2.91 2.88 2.88
2013-02-27 2.86 2.88 2.84 2.84
2013-03-05 2.83 2.83 2.79 2.79
2013-04-09 2.8 2.82 2.78 2.78
2013-04-24 2.77 2.79 2.73 2.73
2013-05-03 2.75 2.76 2.73 2.73
2013-05-08 2.77 2.79 2.76 2.76
2013-05-17 2.76 2.76 2.73 2.73
2013-07-10 2.23 2.24 2.18 2.18
2013-07-15 2.28 2.28 2.25 2.25
2013-07-30 2.2 2.22 2.19 2.19
2013-07-31 2.23 2.23 2.21 2.21
2013-08-02 2.25 2.26 2.24 2.24
2013-08-14 2.4 2.41 2.36 2.36
2013-08-20 2.36 2.38 2.33 2.33
2013-10-22 2.77 2.79 2.75 2.75
2014-01-21 2.42 2.43 2.39 2.39
2014-01-22 2.47 2.47 2.42 2.42
2014-01-28 2.49 2.5 2.46 2.46
2014-01-29 2.5 2.52 2.49 2.49
2014-02-20 2.51 2.54 2.49 2.49
2014-02-28 2.35 2.35 2.31 2.31
2014-03-06 2.42 2.43 2.38 2.38
2014-03-12 2.33 2.33 2.3 2.3
2014-03-17 2.35 2.35 2.32 2.32
2014-03-20 2.38 2.45 2.36 2.36
2014-03-24 2.49 2.52 2.41 2.41
2014-04-08 2.49 2.49 2.45 2.45
2014-04-25 2.56 2.62 2.51 2.51
2014-05-12 2.58 2.58 2.5 2.5
2014-06-05 2.49 2.5 2.45 2.45
2014-06-10 2.52 2.54 2.46 2.46
2014-06-12 2.53 2.59 2.5 2.5
2014-06-26 2.54 2.55 2.53 2.53
2014-07-11 2.8 2.81 2.75 2.75
2014-08-11 2.88 2.89 2.84 2.84
2014-09-02 3.21 3.3 3.02 3.02
2014-10-20 3.46 3.47 3.35 3.35
2014-10-28 3.47 3.48 3.43 3.43
2014-12-08 4.44 4.45 4.18 4.18
2014-12-19 4.95 5.06 4.73 4.73
2014-12-25 4.82 4.84 4.67 4.67
2015-01-05 4.78 4.79 4.66 4.66
2015-03-23 5.77 5.78 5.64 5.64
2015-05-27 7.61 7.89 7.24 7.24
2015-06-05 7.86 8.06 7.69 7.69
2015-07-08 5.39 5.77 5.18 5.18
2015-07-09 5.93 5.93 5.32 5.32
2015-08-04 7.47 7.5 6.92 6.92
2015-08-14 8.6 8.85 8.35 8.35
2015-10-12 5.93 6.06 5.7 5.7
2015-10-22 7.49 7.5 7.11 7.11
2015-11-06 7.63 7.73 7.25 7.25
2015-11-19 8.01 8.07 7.83 7.83
2015-11-20 8.5 8.73 8.05 8.05
2016-01-29 4.22 4.27 3.99 3.99
2016-03-02 4.45 4.56 4.12 4.12
2016-03-14 4.4 4.44 4.28 4.28
2016-03-29 4.72 4.77 4.61 4.61
2016-04-26 4.48 4.49 4.42 4.42
2016-05-31 4.22 4.23 4.1 4.1
2016-06-14 4.04 4.05 4.01 4.01
2016-07-04 4.08 4.09 4.01 4.01
2016-07-11 4.27 4.32 4.17 4.17
2016-08-02 4.06 4.08 4.04 4.04
2016-08-05 4.07 4.12 4.05 4.05
2016-10-10 3.97 3.98 3.94 3.94
2016-10-11 4.03 4.03 3.97 3.97
2016-11-03 4.02 4.04 3.98 3.98
2016-12-01 4.26 4.28 4.22 4.22
2016-12-15 4.03 4.04 4.0 4.0
2017-01-03 4.1 4.11 4.04 4.04
2017-01-18 3.97 4.01 3.95 3.95
2017-01-20 3.99 4.0 3.95 3.95
2017-01-25 3.99 4.0 3.97 3.97
2017-01-26 4.0 4.01 3.99 3.99
2017-02-28 4.17 4.18 4.12 4.12
2017-03-14 4.08 4.1 4.07 4.07
2017-04-28 4.26 4.29 4.2 4.2
2017-05-31 4.29 4.3 4.23 4.23
2017-06-19 4.43 4.44 4.33 4.33
2017-07-13 4.46 4.49 4.43 4.43
2017-07-14 4.53 4.53 4.45 4.45
2017-08-14 4.52 4.52 4.46 4.46
2017-08-17 4.56 4.57 4.52 4.52
