2006-12-07 8.21 8.21 7.46 7.46
2007-04-20 10.49 10.53 10.18 10.18
2007-04-23 10.89 10.97 10.6 10.6
2007-10-29 12.31 12.5 11.96 11.96
2007-11-05 13.02 13.44 12.26 12.26
2007-11-23 12.72 12.96 12.5 12.5
2007-11-28 11.94 12.3 11.87 11.87
2007-12-18 13.71 14.15 13.4 13.4
2008-01-07 17.19 17.4 15.9 15.9
2008-02-19 17.88 17.9 17.25 17.25
2008-06-30 12.01 12.19 11.52 11.52
2008-09-11 11.21 11.58 11.16 11.16
2008-09-17 11.21 11.24 10.75 10.75
2008-09-24 6.44 6.59 6.0 6.0
2009-01-14 4.07 4.08 3.9 3.9
2009-02-06 5.18 5.19 4.81 4.81
2010-04-02 7.96 8.17 7.9 7.9
2010-07-20 5.81 5.84 5.51 5.51
2010-07-21 6.19 6.35 5.71 5.71
2010-09-16 4.38 4.47 4.36 4.36
2010-09-28 4.19 4.23 4.12 4.12
2010-10-08 4.24 4.24 4.17 4.17
2010-10-15 4.67 4.79 4.41 4.41
2011-04-11 4.2 4.23 4.19 4.19
2011-07-15 4.19 4.21 4.07 4.07
2011-08-10 3.59 3.69 3.58 3.58
2011-08-23 3.58 3.61 3.53 3.53
2012-02-16 2.99 3.06 2.92 2.92
2012-03-08 3.04 3.05 3.01 3.01
2012-04-05 2.94 2.96 2.87 2.87
2012-08-31 2.77 2.89 2.63 2.63
2012-10-09 2.73 2.73 2.68 2.68
2012-10-10 2.77 2.78 2.72 2.72
2012-10-18 2.77 2.79 2.73 2.73
2012-10-22 2.78 2.79 2.75 2.75
2012-10-25 2.88 2.97 2.85 2.85
2012-11-12 2.75 2.76 2.73 2.73
2012-12-14 2.85 2.85 2.76 2.76
2012-12-24 2.81 2.83 2.8 2.8
2012-12-31 2.89 2.92 2.86 2.86
2013-01-15 2.91 2.93 2.87 2.87
2013-01-30 2.95 2.97 2.9 2.9
2013-02-27 2.86 2.88 2.84 2.84
2013-03-05 2.83 2.83 2.79 2.79
2013-05-03 2.75 2.76 2.73 2.73
2013-05-08 2.77 2.79 2.76 2.76
2013-07-15 2.28 2.28 2.25 2.25
2013-07-31 2.23 2.23 2.21 2.21
2013-08-02 2.25 2.26 2.24 2.24
2013-08-20 2.36 2.38 2.33 2.33
2014-01-22 2.47 2.47 2.42 2.42
2014-01-28 2.49 2.5 2.46 2.46
2014-01-29 2.5 2.52 2.49 2.49
2014-02-28 2.35 2.35 2.31 2.31
2014-03-06 2.42 2.43 2.38 2.38
2014-03-12 2.33 2.33 2.3 2.3
2014-03-17 2.35 2.35 2.32 2.32
2014-03-20 2.38 2.45 2.36 2.36
2014-03-24 2.49 2.52 2.41 2.41
2014-06-10 2.52 2.54 2.46 2.46
2014-06-12 2.53 2.59 2.5 2.5
2014-10-28 3.47 3.48 3.43 3.43
2014-12-25 4.82 4.84 4.67 4.67
2015-01-05 4.78 4.79 4.66 4.66
2015-07-09 5.93 5.93 5.32 5.32
2015-11-20 8.5 8.73 8.05 8.05
2016-07-11 4.27 4.32 4.17 4.17
2016-08-05 4.07 4.12 4.05 4.05
2016-10-11 4.03 4.03 3.97 3.97
2017-01-20 3.99 4.0 3.95 3.95
2017-01-25 3.99 4.0 3.97 3.97
2017-01-26 4.0 4.01 3.99 3.99
2017-07-14 4.53 4.53 4.45 4.45
