2004-04-30 24.66 25.42 23.33 23.33
2004-05-18 23.54 24.2 22.82 22.82
2004-06-03 24.77 25.49 23.4 23.4
2004-06-15 22.03 22.18 21.35 21.35
2004-07-01 19.89 20.16 19.36 19.36
2004-08-03 17.91 18.66 17.1 17.1
2004-09-01 15.21 15.32 15.08 15.08
2004-09-06 15.12 15.28 15.08 15.08
2004-09-07 15.49 15.61 15.1 15.1
2004-10-19 18.89 19.55 18.41 18.41
2004-10-29 20.01 20.67 19.01 19.01
2004-11-03 20.2 20.34 19.59 19.59
2004-11-15 21.68 21.89 21.1 21.1
2004-12-03 20.78 21.4 20.35 20.35
2004-12-14 20.61 20.91 20.2 20.2
2004-12-22 19.67 19.89 18.8 18.8
2004-12-24 19.5 19.79 19.19 19.19
2005-01-05 19.55 19.78 19.24 19.24
2005-01-07 19.44 19.98 19.15 19.15
2005-02-01 15.92 16.43 15.85 15.85
2005-02-25 19.48 19.89 18.88 18.88
2005-03-08 20.21 20.48 19.2 19.2
2005-03-21 20.77 20.82 19.5 19.5
2005-03-24 20.33 20.5 19.66 19.66
2005-04-07 20.1 20.78 19.9 19.9
2005-04-08 20.68 20.75 20.01 20.01
2005-04-13 20.6 20.96 20.21 20.21
2005-04-27 21.29 21.66 20.5 20.5
2005-05-13 19.56 19.6 19.01 19.01
2005-05-31 13.16 13.58 13.0 13.0
2005-06-16 14.93 14.99 14.21 14.21
2005-06-27 15.87 16.15 15.59 15.59
2005-07-05 15.56 15.63 15.17 15.17
2005-07-14 15.74 15.82 15.28 15.28
2005-07-19 16.38 16.48 15.83 15.83
2005-07-20 16.39 16.68 16.16 16.16
2005-07-26 17.26 17.31 16.8 16.8
2005-08-15 18.42 18.48 17.68 17.68
2005-08-22 18.04 18.16 17.72 17.72
2005-08-24 18.37 18.69 18.3 18.3
2005-09-26 19.21 19.3 19.04 19.04
2005-10-14 20.57 20.78 19.77 19.77
2005-10-27 19.02 19.28 19.0 19.0
2005-11-18 19.0 19.02 18.38 18.38
2005-11-22 19.57 19.62 18.88 18.88
2005-11-23 19.6 19.68 19.26 19.26
2005-11-28 19.5 19.65 19.3 19.3
2005-12-02 19.48 19.59 19.1 19.1
2005-12-06 19.42 19.45 19.22 19.22
2005-12-29 25.17 25.2 24.0 24.0
2006-01-18 26.85 26.98 26.19 26.19
2006-03-10 23.98 24.11 23.3 23.3
2006-04-19 28.05 28.05 28.05 28.05
2006-04-24 20.69 21.48 19.5 19.5
2006-11-17 26.31 26.49 25.68 25.68
2006-12-14 25.9 26.05 25.03 25.03
2006-12-26 25.45 25.78 25.05 25.05
2006-12-27 26.17 26.38 25.45 25.45
2007-01-08 26.12 26.15 25.0 25.0
2007-01-15 30.04 30.15 28.28 28.28
2007-01-17 34.59 34.79 31.92 31.92
2007-02-13 32.47 32.5 31.0 31.0
2007-03-02 30.88 31.5 30.34 30.34
2007-03-07 29.84 30.09 29.01 29.01
2007-04-09 37.37 38.79 37.12 37.12
2007-04-20 24.07 24.37 22.41 22.41
2007-07-23 20.86 20.88 19.74 19.74
2007-07-31 24.2 24.7 23.04 23.04
2007-08-14 23.47 24.0 22.72 22.72
2007-08-20 23.84 23.99 23.36 23.36
2007-10-15 21.85 21.99 21.37 21.37
2007-10-30 20.03 20.35 19.26 19.26
2007-12-17 23.29 23.95 22.65 22.65
2007-12-21 23.85 23.98 23.31 23.31
2007-12-24 24.94 25.18 24.0 24.0
2008-01-10 28.95 29.0 27.88 27.88
2008-01-11 29.81 30.22 29.04 29.04
2008-01-29 26.14 26.5 25.08 25.08
2008-02-04 26.43 26.68 25.3 25.3
2008-04-15 14.93 14.94 13.8 13.8
2008-04-30 15.0 15.28 14.11 14.11
2008-05-15 14.74 15.8 14.5 14.5
2008-05-23 14.77 14.77 13.28 13.28
2008-07-14 10.57 10.68 10.25 10.25
2008-08-12 8.33 8.8 8.28 8.28
2008-08-13 8.5 8.58 8.1 8.1
2008-08-14 8.82 8.95 8.32 8.32
2008-08-19 8.55 8.6 8.11 8.11
2008-09-24 8.97 9.0 8.12 8.12
2008-09-25 9.41 9.43 8.87 8.87
2008-10-28 6.24 6.34 5.67 5.67
2008-10-30 6.2 6.48 6.0 6.0
2008-11-19 9.02 9.02 8.4 8.4
2008-11-26 8.57 8.76 8.33 8.33
2008-12-04 10.0 10.36 9.69 9.69
2008-12-08 10.45 10.55 10.0 10.0
2008-12-30 10.5 10.81 10.3 10.3
2008-12-31 10.68 10.84 10.4 10.4
2009-01-16 10.27 10.3 9.95 9.95
2009-01-23 10.15 10.32 9.95 9.95
2009-02-04 11.21 11.54 10.83 10.83
2009-02-06 11.55 11.55 10.9 10.9
2009-02-09 12.15 12.53 11.68 11.68
2009-02-13 13.22 13.55 12.55 12.55
2009-05-08 12.5 12.5 12.5 12.5
2009-05-11 13.75 13.75 13.75 13.75
2009-06-11 13.07 13.33 13.0 13.0
2009-06-24 13.44 13.48 13.15 13.15
2009-06-29 12.98 13.1 12.81 12.81
2009-07-07 12.51 12.59 12.31 12.31
2009-07-14 13.2 13.28 13.1 13.1
2009-07-17 13.41 13.58 13.2 13.2
2009-08-18 11.25 11.33 11.0 11.0
2009-09-14 12.24 12.24 11.22 11.22
2009-09-17 12.88 13.19 12.38 12.38
2009-09-23 11.64 11.98 11.51 11.51
2009-09-30 10.88 11.01 10.7 10.7
2009-10-09 11.36 11.42 11.0 11.0
2009-10-13 11.37 11.38 11.23 11.23
2009-10-14 11.7 11.82 11.38 11.38
2009-11-10 13.96 13.96 12.0 12.0
2009-11-30 14.47 14.52 14.02 14.02
2009-12-11 16.96 17.27 15.76 15.76
2010-01-08 17.08 17.2 16.4 16.4
2010-01-11 18.72 18.79 17.3 17.3
2010-02-08 17.01 17.19 16.61 16.61
2010-02-10 17.82 17.83 17.24 17.24
2010-02-24 18.2 18.2 17.52 17.52
2010-03-01 18.63 18.8 18.4 18.4
2010-03-18 17.77 18.08 17.44 17.44
2010-04-09 18.36 18.4 17.27 17.27
2010-04-12 19.14 19.35 18.5 18.5
2010-05-10 15.31 15.44 14.91 14.91
2010-07-20 11.75 11.79 11.21 11.21
2010-08-06 13.17 13.24 12.71 12.71
2010-10-12 16.78 16.78 15.29 15.29
2010-10-15 16.4 16.63 15.82 15.82
2010-11-24 20.05 20.33 19.0 19.0
2010-12-14 20.19 20.88 20.05 20.05
2010-12-29 17.44 17.46 16.88 16.88
2011-02-10 15.4 15.59 15.08 15.08
2011-03-23 16.43 16.58 15.88 15.88
2011-04-12 17.3 17.33 16.5 16.5
2011-05-03 14.67 14.68 14.38 14.38
2011-06-01 14.22 14.32 13.63 13.63
2011-06-14 14.65 14.8 14.41 14.41
2011-06-21 14.01 14.07 13.75 13.75
2011-08-17 13.5 13.74 13.45 13.45
2011-08-22 12.9 13.03 12.75 12.75
2011-09-06 12.83 12.87 12.71 12.71
2011-09-16 12.77 12.85 12.75 12.75
2011-09-26 13.05 13.26 12.92 12.92
2011-10-18 13.78 14.26 13.58 13.58
2011-12-23 10.82 10.98 10.66 10.66
2011-12-29 10.58 10.75 10.51 10.51
2012-01-17 9.55 9.56 9.04 9.04
2012-04-25 10.39 10.45 10.17 10.17
2012-08-01 7.17 7.19 7.05 7.05
2012-09-27 6.41 6.51 6.28 6.28
2012-11-12 6.04 6.06 5.97 5.97
2013-01-09 6.48 6.49 6.32 6.32
2013-04-17 6.14 6.18 6.01 6.01
2013-04-19 6.22 6.26 6.13 6.13
2013-05-31 7.78 8.08 7.7 7.7
2013-06-14 6.88 6.94 6.72 6.72
2013-07-09 6.46 6.47 6.22 6.22
2013-07-15 7.16 7.17 6.83 6.83
2013-07-31 6.84 6.85 6.63 6.63
2013-08-06 7.26 7.35 7.16 7.16
2013-10-18 7.99 8.04 7.7 7.7
2013-10-21 8.18 8.28 8.04 8.04
2013-11-15 6.9 6.97 6.74 6.74
2013-11-28 7.14 7.27 7.11 7.11
2013-12-24 6.66 6.71 6.57 6.57
2014-01-02 6.82 6.83 6.71 6.71
2014-01-07 6.84 6.88 6.52 6.52
2014-02-10 8.19 8.28 7.49 7.49
2014-02-14 8.71 8.88 8.46 8.46
2014-02-17 9.58 9.58 8.72 8.72
2014-04-16 8.19 8.24 8.14 8.14
2014-04-18 8.34 8.36 8.13 8.13
2014-06-16 10.77 10.77 9.96 9.96
2014-06-26 11.68 11.7 10.63 10.63
2014-08-27 12.72 13.0 12.5 12.5
2014-10-08 17.52 17.86 16.35 16.35
2014-10-15 19.71 19.71 18.5 18.5
2014-10-20 19.84 20.25 18.55 18.55
2014-10-29 24.36 24.9 22.52 22.52
2014-11-27 28.08 29.34 28.0 28.0
2014-12-02 27.74 28.15 26.46 26.46
2014-12-12 24.43 24.75 23.5 23.5
2015-01-09 21.54 22.66 21.0 21.0
2015-01-13 24.37 24.76 23.2 23.2
2015-01-20 25.13 25.66 23.4 23.4
2015-01-26 26.35 26.87 25.45 25.45
2015-02-03 27.5 28.39 26.6 26.6
2015-04-21 32.48 32.78 30.3 30.3
2015-04-30 34.94 36.9 33.01 33.01
2015-05-21 42.14 42.15 38.45 38.45
2015-07-22 43.06 43.06 43.06 43.06
2015-07-23 38.75 38.75 38.75 38.75
2015-08-25 19.29 19.29 19.29 19.29
2015-09-02 13.95 16.03 13.95 13.95
2015-09-11 18.14 18.63 17.2 17.2
2015-09-16 16.85 16.85 15.99 15.99
2015-09-17 18.54 18.54 18.54 18.54
2015-11-04 24.28 24.39 22.42 22.42
2015-12-30 27.78 28.79 27.18 27.18
2016-01-29 15.0 15.0 13.66 13.66
2016-02-04 15.91 16.13 15.72 15.72
2016-02-15 15.2 15.38 14.55 14.55
2016-02-16 16.27 16.47 15.36 15.36
2016-03-02 14.54 14.65 13.59 13.59
2016-03-07 15.18 15.48 14.6 14.6
2016-05-23 10.34 10.35 10.14 10.14
2016-06-22 10.59 10.6 10.16 10.16
2016-06-27 11.21 11.49 10.35 10.35
2016-08-22 11.42 11.54 11.26 11.26
2016-09-19 11.04 11.07 10.87 10.87
2016-09-23 12.19 12.65 11.5 11.5
2016-10-10 13.27 13.27 12.24 12.24
2016-12-06 12.17 12.42 12.12 12.12
2017-01-09 11.18 11.22 11.08 11.08
2017-01-25 10.17 10.28 10.05 10.05
2017-02-20 10.29 10.3 10.15 10.15
2017-03-16 10.42 10.44 10.29 10.29
2017-04-05 10.18 10.22 9.92 9.92
2017-04-11 11.09 11.09 10.08 10.08
2017-08-07 8.65 8.67 8.46 8.46
2017-08-14 8.81 8.88 8.48 8.48
2017-08-25 9.38 9.45 8.93 8.93
2017-08-31 9.56 9.57 9.33 9.33
