2001-06-11 21.41 21.59 21.35 21.35
2001-07-11 21.85 22.03 21.83 21.83
2001-08-09 18.81 18.92 18.33 18.33
2001-09-04 17.3 17.4 16.9 16.9
2002-03-07 14.91 14.92 14.23 14.23
2002-03-14 15.17 15.2 14.8 14.8
2002-06-04 13.51 13.58 13.38 13.38
2002-06-19 13.63 13.67 13.61 13.61
2002-06-20 13.77 13.8 13.62 13.62
2002-07-23 14.33 14.4 14.3 14.3
2002-07-24 14.42 14.49 14.35 14.35
2002-08-01 14.52 14.59 14.4 14.4
2002-08-08 14.41 14.55 14.34 14.34
2002-08-14 14.24 14.26 14.13 14.13
2002-08-16 14.22 14.32 14.15 14.15
2002-08-20 14.42 14.43 14.15 14.15
2002-08-22 14.5 14.59 14.28 14.28
2002-09-18 14.47 14.5 14.2 14.2
2002-11-04 13.67 13.72 13.5 13.5
2002-11-05 13.71 13.89 13.6 13.6
2003-01-08 12.12 12.15 11.83 11.83
2003-01-23 13.7 13.71 13.53 13.53
2003-02-25 14.56 14.62 13.88 13.88
2003-03-19 12.75 12.8 12.71 12.71
2003-03-24 12.94 12.95 12.89 12.89
2003-03-25 12.91 12.99 12.8 12.8
2003-04-01 13.07 13.15 13.02 13.02
2003-04-04 12.89 12.94 12.88 12.88
2003-05-16 14.23 14.34 13.86 13.86
2003-05-19 14.4 14.5 14.2 14.2
2003-05-26 14.65 14.76 14.46 14.46
2003-07-17 6.77 6.81 6.61 6.61
2003-09-30 5.28 5.3 5.24 5.24
2003-10-08 5.33 5.35 5.26 5.26
2003-11-14 4.68 4.7 4.6 4.6
2003-11-19 4.73 4.75 4.53 4.53
2003-11-24 5.04 5.04 4.86 4.86
2003-12-30 5.39 5.39 4.88 4.88
2004-06-18 4.88 4.9 4.8 4.8
2004-06-21 4.95 4.95 4.88 4.88
2004-07-16 5.17 5.21 5.0 5.0
2004-08-04 5.0 5.05 4.85 4.85
2004-08-18 4.91 4.95 4.84 4.84
2004-08-26 4.98 5.03 4.88 4.88
2004-11-15 4.79 4.79 4.65 4.65
2004-12-02 4.83 4.87 4.82 4.82
2005-01-21 3.56 3.58 3.43 3.43
2005-03-08 3.68 3.71 3.56 3.56
2005-04-01 3.42 3.47 3.21 3.21
2005-04-07 3.4 3.49 3.34 3.34
2005-05-17 3.17 3.22 3.11 3.11
2005-06-08 3.4 3.42 3.14 3.14
2005-08-01 3.0 3.05 2.98 2.98
2005-09-29 3.95 3.96 3.73 3.73
2005-12-26 4.36 4.42 4.25 4.25
2006-12-04 4.77 4.9 4.68 4.68
2006-12-11 4.58 4.65 4.36 4.36
2007-04-23 10.69 10.88 10.39 10.39
2007-07-25 11.57 11.8 11.2 11.2
2009-02-06 10.39 10.55 9.86 9.86
2009-07-09 12.56 12.65 12.23 12.23
2010-09-10 16.87 17.59 16.27 16.27
2010-09-14 17.99 18.32 16.99 16.99
2011-02-21 21.38 21.49 19.9 19.9
2011-03-14 20.09 20.1 19.8 19.8
2011-03-18 21.44 21.82 20.91 20.91
2011-07-14 20.06 20.09 19.24 19.24
2011-07-22 19.62 19.85 19.5 19.5
2011-12-20 11.79 12.25 11.51 11.51
2012-03-09 13.77 13.79 13.38 13.38
2012-05-03 12.54 12.77 12.5 12.5
2012-05-29 11.53 11.6 11.26 11.26
2012-08-01 8.74 8.84 8.6 8.6
2012-08-03 9.04 9.1 8.78 8.78
2012-08-08 9.32 9.49 9.18 9.18
2012-11-05 9.07 9.24 8.88 8.88
2012-11-12 8.58 8.6 8.46 8.46
2012-12-31 8.89 8.93 8.74 8.74
2013-01-08 9.04 9.16 8.88 8.88
2013-03-20 8.51 8.52 8.34 8.34
2014-11-10 8.93 8.93 8.93 8.93
2014-12-24 8.87 8.88 8.63 8.63
2015-07-09 9.24 9.24 7.8 7.8
2015-07-16 9.47 9.85 8.99 8.99
2016-02-04 7.33 7.42 7.18 7.18
2016-03-25 7.91 7.92 7.76 7.76
2016-06-01 7.71 7.77 7.63 7.63
2016-11-22 10.82 10.87 10.37 10.37
2016-11-25 12.01 12.17 11.39 11.39
2017-01-09 9.95 10.05 9.84 9.84
2017-01-11 10.24 10.25 9.8 9.8
2017-01-17 9.48 9.6 9.27 9.27
2017-01-18 9.56 9.62 9.41 9.41
2017-01-26 10.15 10.16 9.95 9.95
2017-02-07 9.99 10.02 9.87 9.87
2017-02-28 10.36 10.37 10.21 10.21
2017-09-01 18.29 18.95 17.93 17.93
