1994-01-26 12.5 12.63 12.21 12.21
1994-02-02 11.6 11.7 11.3 11.3
1994-02-18 11.85 12.08 11.7 11.7
1994-02-25 11.87 12.0 11.68 11.68
1994-03-22 10.99 11.08 10.6 10.6
1994-03-24 10.8 11.01 10.5 10.5
1994-03-29 10.63 10.7 10.33 10.33
1994-04-04 10.53 10.58 10.4 10.4
1994-04-12 10.43 10.45 10.3 10.3
1994-04-20 9.15 9.6 9.0 9.0
1994-05-19 9.16 9.2 9.04 9.04
1994-06-08 8.12 8.15 8.0 8.0
1994-06-16 7.5 7.5 7.3 7.3
1994-06-22 7.37 7.42 7.32 7.32
1994-07-04 6.07 6.23 6.0 6.0
1994-07-25 5.09 5.09 4.6 4.6
1994-08-03 6.89 7.05 5.15 5.15
1994-08-05 10.0 10.0 7.6 7.6
1994-09-09 14.0 14.9 13.18 13.18
1994-10-19 7.86 7.87 7.51 7.51
1994-10-20 8.86 8.88 7.88 7.88
1994-11-01 8.48 8.6 8.2 8.2
1994-11-03 9.1 9.2 8.4 8.4
1994-11-18 8.94 9.0 8.54 8.54
1994-12-02 8.85 8.95 8.8 8.8
1994-12-15 8.78 8.9 8.07 8.07
1994-12-16 8.88 9.17 8.6 8.6
1995-01-11 8.18 8.26 8.06 8.06
1995-01-18 7.94 7.95 7.8 7.8
1995-02-09 7.1 7.15 6.85 6.85
1995-02-13 7.07 7.1 6.85 6.85
1995-02-21 6.95 6.98 6.87 6.87
1995-02-22 7.68 7.8 6.85 6.85
1995-03-03 7.43 7.46 7.25 7.25
1995-03-09 8.08 8.4 8.05 8.05
1995-03-17 7.7 7.7 7.4 7.4
1995-04-06 7.91 7.92 7.75 7.75
1995-04-07 8.0 8.05 7.9 7.9
1995-04-14 7.56 7.75 7.41 7.41
1995-04-20 7.72 7.75 7.53 7.53
1995-05-05 6.96 7.05 6.9 6.9
1995-05-19 11.05 11.19 9.0 9.0
1995-06-09 8.48 8.58 8.45 8.45
1995-06-13 8.45 8.76 8.3 8.3
1995-06-23 7.7 7.8 7.6 7.6
1995-07-05 7.44 7.55 7.31 7.31
1995-07-12 7.45 7.68 7.45 7.45
1995-07-28 7.9 8.12 7.75 7.75
1995-08-16 8.1 8.15 8.07 8.07
1995-08-17 8.16 8.35 8.13 8.13
1995-08-25 7.71 7.76 7.7 7.7
1995-09-04 7.65 7.75 7.65 7.65
1995-09-06 7.7 7.76 7.55 7.55
1995-09-11 7.7 7.7 7.6 7.6
1995-10-10 7.25 7.4 7.12 7.12
1995-10-20 7.32 7.45 7.07 7.07
1995-10-30 7.13 7.25 7.1 7.1
1995-11-06 7.35 7.35 7.2 7.2
1995-11-09 7.18 7.28 7.01 7.01
1995-11-13 7.07 7.2 7.06 7.06
1995-11-17 7.02 7.38 7.0 7.0
1995-11-20 7.0 7.08 6.95 6.95
1995-12-05 6.85 6.9 6.82 6.82
1995-12-19 6.4 6.5 6.4 6.4
1995-12-20 6.5 6.5 6.4 6.4
1996-01-12 5.55 5.7 5.15 5.15
1996-01-16 5.52 5.65 5.5 5.5
1996-01-25 5.4 5.6 5.3 5.3
1996-01-26 5.4 5.5 5.39 5.39
1996-01-29 5.42 5.5 5.4 5.4
1996-01-31 5.45 5.5 5.2 5.2
1996-02-02 5.45 5.48 5.4 5.4
1996-02-06 5.35 5.48 5.23 5.23
1996-02-07 5.44 5.45 5.31 5.31
1996-02-12 5.47 5.47 5.4 5.4
1996-02-13 5.49 5.5 5.42 5.42
1996-02-16 5.7 5.74 5.6 5.6
1996-03-04 6.2 6.27 5.85 5.85
1996-03-07 5.7 5.7 5.55 5.55
1996-03-14 5.75 5.75 5.7 5.7
1996-03-18 5.75 5.8 5.7 5.7
1996-03-19 5.76 5.8 5.7 5.7
1996-03-20 5.75 5.8 5.7 5.7
1996-03-26 5.74 5.85 5.7 5.7
1996-03-29 5.64 5.66 5.5 5.5
1996-04-01 5.89 6.08 5.66 5.66
1996-04-03 5.8 5.88 5.71 5.71
1996-04-08 6.13 6.2 6.05 6.05
1996-04-12 6.02 6.12 6.0 6.0
1996-04-17 6.08 6.19 6.08 6.08
1996-04-24 6.75 6.75 6.45 6.45
1996-05-07 6.53 7.04 6.5 6.5
1996-05-09 6.36 6.45 6.3 6.3
1996-05-22 6.33 6.36 6.23 6.23
1996-06-18 6.2 6.2 6.07 6.07
1996-06-20 6.3 6.4 6.2 6.2
1996-07-05 5.23 5.25 5.05 5.05
1996-07-08 5.74 5.8 5.35 5.35
1996-07-10 5.72 5.74 5.5 5.5
1996-07-12 5.55 5.68 5.5 5.5
1996-07-22 6.91 7.5 6.5 6.5
1996-08-30 5.43 5.45 5.25 5.25
1996-09-03 5.36 5.47 5.35 5.35
1996-09-13 5.3 5.3 5.08 5.08
1996-09-27 5.39 5.5 5.35 5.35
1996-10-10 5.62 5.65 5.45 5.45
1996-10-21 6.2 6.2 5.8 5.8
1996-10-28 6.94 6.95 6.7 6.7
1996-12-16 5.94 7.23 5.93 5.93
1997-01-02 5.38 5.45 5.21 5.21
1997-01-15 5.32 5.34 5.2 5.2
1997-01-29 5.36 5.38 5.3 5.3
1997-02-20 6.2 6.2 5.11 5.11
1997-03-06 6.5 6.51 6.2 6.2
1997-03-17 7.8 8.05 7.6 7.6
1997-05-22 5.59 5.9 5.59 5.59
1997-06-10 5.62 5.82 5.58 5.58
1997-07-15 5.59 5.89 5.38 5.38
1997-07-29 5.26 5.28 5.15 5.15
1997-09-03 6.2 6.28 5.85 5.85
1997-09-10 6.55 6.6 6.3 6.3
1997-09-24 5.58 5.59 5.4 5.4
1997-11-26 5.67 5.7 5.58 5.58
1997-12-11 5.5 5.62 5.49 5.49
1997-12-25 5.37 5.4 5.33 5.33
1997-12-31 5.56 5.58 5.5 5.5
1998-01-15 5.6 5.67 5.48 5.48
1998-01-23 5.4 5.48 5.38 5.38
1998-02-11 5.68 5.7 5.58 5.58
1998-02-13 5.8 5.88 5.72 5.72
1998-02-24 5.8 5.8 5.74 5.74
1998-02-27 5.75 5.75 5.65 5.65
1998-03-04 5.84 5.94 5.83 5.83
1998-04-29 8.05 8.26 7.5 7.5
1998-05-14 9.8 10.05 9.6 9.6
1998-06-05 10.07 10.25 9.85 9.85
1998-06-29 8.6 8.81 8.4 8.4
1998-06-30 9.02 9.05 8.58 8.58
1998-07-23 8.18 8.28 7.8 7.8
1998-08-20 7.0 7.0 6.58 6.58
1998-08-21 7.28 7.61 7.2 7.2
1998-08-25 7.26 7.28 7.05 7.05
1998-09-25 8.46 8.47 8.0 8.0
1998-10-20 9.18 9.18 8.7 8.7
1998-10-23 9.48 9.75 9.3 9.3
1998-11-24 8.58 8.58 8.4 8.4
1998-11-25 8.54 8.64 8.48 8.48
1998-11-27 8.69 8.82 8.5 8.5
1998-11-30 8.8 8.84 8.6 8.6
1998-12-08 7.84 7.94 7.7 7.7
1998-12-11 7.65 7.8 7.51 7.51
1998-12-21 6.99 7.08 6.8 6.8
1999-01-05 6.99 7.15 6.4 6.4
1999-01-21 7.18 7.22 6.88 6.88
1999-01-27 7.2 7.24 6.8 6.8
1999-02-02 7.6 7.67 7.2 7.2
1999-02-09 6.9 6.93 6.78 6.78
1999-03-08 8.09 8.22 7.78 7.78
1999-03-19 8.75 9.02 8.56 8.56
1999-03-29 8.68 8.99 8.5 8.5
1999-04-05 10.1 10.1 9.65 9.65
1999-04-27 7.45 7.78 7.2 7.2
1999-05-11 7.73 7.74 7.43 7.43
1999-05-27 9.54 9.54 9.54 9.54
1999-06-01 8.95 9.4 8.65 8.65
1999-07-27 9.22 9.5 9.02 9.02
1999-08-02 9.77 10.28 9.58 9.58
1999-08-23 12.08 12.08 11.1 11.1
1999-09-07 10.4 10.68 10.15 10.15
1999-09-13 11.24 11.49 11.0 11.0
1999-09-15 11.0 11.2 10.6 10.6
1999-09-16 10.75 11.0 10.72 10.72
1999-09-29 10.25 10.4 10.12 10.12
1999-10-11 9.58 9.75 9.1 9.1
1999-10-22 9.8 9.98 8.9 8.9
1999-10-26 9.64 9.8 9.5 9.5
1999-11-05 9.15 9.3 9.01 9.01
1999-11-17 9.7 9.7 9.02 9.02
1999-12-08 10.1 10.1 9.91 9.91
1999-12-14 9.38 9.38 9.23 9.23
1999-12-29 8.48 8.63 8.25 8.25
1999-12-30 8.58 8.65 8.5 8.5
2000-01-20 8.06 8.13 7.99 7.99
2000-01-25 8.14 8.14 7.42 7.42
2000-02-18 8.35 8.7 8.12 8.12
2000-02-28 8.62 8.76 8.34 8.34
2000-04-20 14.81 15.2 14.45 14.45
2000-05-19 13.83 13.85 13.6 13.6
2000-05-22 14.58 14.7 13.75 13.75
2000-06-22 14.78 14.82 14.73 14.73
2000-07-12 14.6 14.6 13.9 13.9
2000-07-14 15.66 15.68 14.75 14.75
2000-07-17 17.0 17.23 15.78 15.78
2000-07-21 16.9 17.78 16.7 16.7
2000-08-24 17.4 17.57 17.0 17.0
2000-09-13 17.58 17.8 17.03 17.03
2000-10-10 18.0 18.08 17.58 17.58
2000-10-11 18.3 18.32 17.98 17.98
2000-10-17 18.78 18.99 18.35 18.35
2000-10-23 18.58 18.8 18.0 18.0
2000-11-08 17.36 17.45 17.28 17.28
2000-11-15 17.54 17.74 17.42 17.42
2000-11-16 17.79 18.0 17.5 17.5
2000-11-17 17.79 17.92 17.6 17.6
2000-11-27 17.41 17.47 17.11 17.11
2000-11-29 17.53 17.58 17.25 17.25
2000-12-01 17.73 18.05 17.58 17.58
2000-12-12 17.75 17.95 17.45 17.45
2000-12-14 18.55 18.78 18.22 18.22
2001-01-04 22.62 22.62 20.56 20.56
2001-01-19 22.39 22.5 21.95 21.95
2001-02-07 22.7 22.7 22.28 22.28
2001-02-12 23.4 23.5 23.1 23.1
2001-02-15 25.0 25.41 24.0 24.0
2001-02-27 26.42 26.5 25.52 25.52
2001-03-01 28.47 28.48 26.82 26.82
2001-03-07 27.82 28.06 27.72 27.72
2001-03-14 27.68 27.7 26.27 26.27
2001-03-22 27.15 27.4 26.45 26.45
2001-04-02 28.15 28.25 27.0 27.0
2001-04-04 29.0 29.2 27.82 27.82
2001-04-05 29.75 29.8 29.0 29.0
2001-04-06 30.31 30.7 29.82 29.82
2001-04-16 30.85 30.99 30.0 30.0
2001-05-08 30.17 30.4 29.9 29.9
2001-05-16 28.95 29.0 28.8 28.8
2001-05-22 30.42 30.42 29.1 29.1
2001-05-24 30.76 30.95 30.45 30.45
2001-05-28 31.75 32.0 30.88 30.88
2001-05-29 32.77 33.0 31.8 31.8
2001-05-31 35.99 35.99 33.9 33.9
2001-06-20 36.37 36.48 35.48 35.48
2001-07-05 38.45 38.48 37.0 37.0
2001-07-06 39.97 39.97 38.5 38.5
2001-07-18 36.98 37.3 36.74 36.74
2001-07-19 38.24 38.35 37.0 37.0
2001-08-10 32.87 32.95 31.65 31.65
2001-08-29 27.58 27.72 26.8 26.8
2001-09-04 27.05 27.3 26.5 26.5
2001-09-20 25.35 25.9 24.95 24.95
2001-09-25 25.64 25.69 25.05 25.05
2001-10-12 25.25 25.29 24.6 24.6
2001-10-23 28.29 28.29 26.0 26.0
2001-10-29 28.85 28.86 28.15 28.15
2001-11-16 28.1 29.97 27.38 27.38
2001-11-23 28.65 30.2 28.38 28.38
2001-12-12 27.54 27.6 27.42 27.42
2001-12-31 25.86 25.98 25.38 25.38
2002-01-04 25.98 26.13 25.86 25.86
2002-02-28 22.17 22.23 21.89 21.89
2002-03-15 24.09 24.98 22.74 22.74
2002-04-22 22.34 22.4 21.84 21.84
2002-04-26 22.47 22.55 22.15 22.15
2002-04-29 23.38 23.77 22.88 22.88
2002-05-10 23.75 23.8 23.46 23.46
2002-05-13 23.82 23.99 23.72 23.72
2002-05-15 23.85 23.92 23.72 23.72
2002-05-21 17.66 17.9 17.38 17.38
2002-05-30 17.27 17.3 16.94 16.94
2002-06-18 17.22 17.43 16.97 16.97
2002-07-02 20.0 20.0 19.77 19.77
2002-07-03 20.0 20.07 19.97 19.97
2002-07-11 20.65 20.73 20.56 20.56
2002-07-19 21.77 21.78 21.27 21.27
2002-08-01 22.18 22.2 21.84 21.84
2002-08-14 21.51 21.52 21.42 21.42
2002-08-19 21.57 21.57 21.43 21.43
2002-08-20 21.74 21.78 21.55 21.55
2002-08-23 21.73 21.75 21.63 21.63
2002-08-27 21.89 21.9 21.67 21.67
2003-01-09 18.85 18.97 18.16 18.16
2003-02-25 19.71 19.8 19.52 19.52
2003-06-03 23.28 23.85 21.51 21.51
2003-12-04 19.43 19.47 19.4 19.4
2003-12-22 19.48 19.52 19.2 19.2
2003-12-23 19.66 19.7 19.4 19.4
2004-01-16 19.41 19.45 19.3 19.3
2004-02-16 18.69 19.0 18.5 18.5
2004-03-08 17.8 17.85 17.52 17.52
2004-03-15 18.17 18.23 18.07 18.07
2004-03-24 17.8 17.83 17.72 17.72
2004-04-15 14.3 14.3 12.9 12.9
2004-05-14 10.86 11.04 10.72 10.72
2004-05-24 11.07 11.29 10.3 10.3
2004-06-08 10.57 10.65 10.35 10.35
2004-06-23 8.71 8.71 7.95 7.95
2004-07-26 9.08 9.24 8.64 8.64
2004-07-29 9.14 9.19 8.45 8.45
2004-09-02 7.01 7.01 6.75 6.75
2004-09-14 6.86 6.88 6.63 6.63
2004-09-21 9.12 9.22 8.5 8.5
2004-09-24 9.47 9.75 9.32 9.32
2004-10-08 8.19 8.39 7.95 7.95
2004-10-29 7.05 7.17 6.5 6.5
2004-11-19 7.58 7.79 7.29 7.29
2004-12-14 6.6 6.84 6.5 6.5
2004-12-21 5.75 5.84 5.68 5.68
2005-02-01 4.25 4.47 4.23 4.23
2005-02-17 4.66 4.69 4.55 4.55
2005-04-13 4.5 4.61 4.32 4.32
2005-05-25 3.19 3.25 3.1 3.1
2005-05-26 3.29 3.47 3.21 3.21
2005-06-08 3.68 3.73 3.42 3.42
2005-06-17 3.4 3.45 3.34 3.34
2005-06-20 3.48 3.48 3.2 3.2
2005-07-05 2.82 2.85 2.76 2.76
2005-07-11 2.79 2.85 2.71 2.71
2005-07-19 2.75 2.76 2.65 2.65
2005-07-20 2.8 2.84 2.7 2.7
2005-07-22 2.86 2.9 2.73 2.73
2005-07-27 3.01 3.04 2.87 2.87
2005-08-01 3.13 3.2 3.02 3.02
2005-08-02 3.2 3.22 3.05 3.05
2005-08-05 3.2 3.22 3.1 3.1
2005-08-08 3.27 3.32 3.19 3.19
2005-08-25 4.97 4.97 4.53 4.53
2005-09-19 4.69 4.69 4.55 4.55
2005-09-26 4.12 4.17 4.0 4.0
2005-09-28 4.06 4.13 3.96 3.96
2005-10-17 4.09 4.1 4.0 4.0
2005-10-19 4.25 4.42 4.2 4.2
2005-11-15 3.65 3.77 3.59 3.59
2005-11-17 3.78 3.96 3.64 3.64
2005-11-23 3.8 3.84 3.71 3.71
2005-11-24 3.79 3.85 3.78 3.78
2005-12-28 3.9 3.96 3.85 3.85
2006-11-20 4.12 4.18 4.08 4.08
2006-11-24 4.46 4.5 4.2 4.2
2006-12-11 5.49 5.5 5.18 5.18
2006-12-25 5.94 5.99 5.47 5.47
2006-12-29 7.03 7.05 6.45 6.45
2007-01-08 7.84 7.84 7.1 7.1
2007-01-09 8.25 8.5 7.75 7.75
2007-02-08 8.55 8.75 8.03 8.03
2007-03-09 8.52 8.65 8.27 8.27
2007-04-20 10.87 11.1 10.24 10.24
2007-04-26 12.65 12.96 12.2 12.2
2007-05-08 14.88 14.88 14.1 14.1
2007-05-30 15.64 17.0 15.64 15.64
2007-06-07 11.65 11.66 10.89 10.89
2007-06-18 16.63 16.63 15.32 15.32
2007-07-20 12.21 12.21 11.22 11.22
2007-08-02 14.42 14.5 13.42 13.42
2007-08-09 12.79 13.12 12.5 12.5
2007-08-14 12.16 12.16 11.52 11.52
2007-08-29 12.65 13.2 12.28 12.28
2007-09-10 13.28 13.4 12.53 12.53
2007-09-14 13.07 13.36 12.45 12.45
2007-09-28 14.06 14.4 13.8 13.8
2007-12-10 10.31 10.35 9.9 9.9
2007-12-19 9.86 9.88 9.58 9.58
2007-12-20 10.07 10.1 9.86 9.86
2007-12-26 10.83 10.97 10.39 10.39
2007-12-28 11.57 11.68 11.05 11.05
2008-01-03 13.56 13.95 12.9 12.9
2008-01-23 12.82 12.92 11.71 11.71
2008-02-04 13.88 13.98 13.16 13.16
2008-02-27 16.5 16.82 15.75 15.75
2008-02-28 16.42 16.73 16.21 16.21
2008-02-29 16.62 17.02 16.35 16.35
2008-03-25 15.72 15.87 14.95 14.95
2008-04-10 11.6 11.8 11.01 11.01
2008-04-23 10.51 10.66 9.73 9.73
2008-04-30 11.54 11.54 10.42 10.42
2008-05-05 12.0 12.25 11.68 11.68
2008-05-23 13.09 13.22 12.5 12.5
2008-06-06 11.81 12.17 11.76 11.76
2008-06-23 8.03 8.1 7.67 7.67
2008-06-25 8.78 8.97 8.21 8.21
2008-07-07 9.1 9.2 8.61 8.61
2008-07-23 9.35 9.87 9.17 9.17
2008-07-28 9.5 9.6 9.23 9.23
2008-08-12 7.48 7.8 7.32 7.32
2008-08-27 7.63 7.63 6.8 6.8
2008-08-29 7.36 7.68 7.2 7.2
2008-09-09 7.15 7.15 6.6 6.6
2008-09-19 6.82 6.82 6.7 6.7
2008-09-25 6.5 6.69 6.3 6.3
2008-10-21 4.44 4.44 4.05 4.05
2008-11-03 3.25 3.36 3.21 3.21
2008-11-05 3.25 3.26 3.09 3.09
2009-02-23 7.14 7.17 6.87 6.87
2009-05-26 7.27 7.45 7.25 7.25
2009-09-11 8.06 8.3 8.01 8.01
2009-10-14 7.69 7.8 7.56 7.56
2009-10-23 7.98 8.08 7.81 7.81
2009-11-03 8.15 8.27 7.71 7.71
2009-11-30 9.52 10.06 9.2 9.2
2009-12-21 8.91 8.94 8.7 8.7
2009-12-23 9.06 9.57 8.91 8.91
2010-01-14 10.18 10.3 9.46 9.46
2010-02-08 9.67 9.97 9.35 9.35
2010-05-10 8.38 8.5 8.12 8.12
2010-06-02 7.6 7.62 7.3 7.3
2010-06-17 8.04 8.18 7.61 7.61
2010-07-01 6.67 6.84 6.63 6.63
2010-07-02 7.34 7.34 6.65 6.65
2010-07-09 10.3 10.59 9.8 9.8
2010-08-23 10.89 10.99 10.66 10.66
2010-08-30 10.83 10.87 10.52 10.52
2010-09-07 10.74 10.84 10.45 10.45
2010-09-13 10.51 10.66 10.32 10.32
2010-10-08 9.96 10.0 9.75 9.75
2010-10-22 10.04 10.04 9.14 9.14
2010-11-05 10.79 11.06 10.6 10.6
2010-11-08 10.84 11.37 10.8 10.8
2010-11-11 10.68 10.95 10.62 10.62
2010-12-09 10.06 10.3 10.0 10.0
2010-12-28 13.29 13.65 12.88 12.88
2011-01-25 10.17 10.35 9.87 9.87
2011-01-26 10.22 10.3 10.07 10.07
2011-02-10 10.42 10.45 10.11 10.11
2011-02-16 11.95 11.99 11.14 11.14
2011-03-21 12.19 12.46 12.16 12.16
2011-03-24 12.02 12.13 11.85 11.85
2011-06-21 10.04 10.07 9.7 9.7
2011-06-24 10.53 10.63 10.3 10.3
2011-06-27 10.51 10.69 10.4 10.4
2011-07-04 10.78 10.83 10.2 10.2
2011-07-13 11.69 12.28 11.46 11.46
2011-07-22 10.98 11.08 10.86 10.86
2011-09-21 9.11 9.21 8.85 8.85
2011-09-27 8.9 8.92 8.75 8.75
2011-11-02 7.82 7.84 7.61 7.61
2011-11-04 8.08 8.12 7.95 7.95
2011-12-07 7.16 7.2 7.06 7.06
2011-12-16 6.47 6.49 6.26 6.26
2012-01-20 5.87 5.9 5.78 5.78
2012-01-30 5.9 5.98 5.84 5.84
2012-02-02 6.07 6.13 5.84 5.84
2012-02-03 6.16 6.22 6.03 6.03
2012-02-13 6.55 6.59 6.3 6.3
2012-03-01 6.7 6.8 6.61 6.61
2012-03-07 6.9 6.95 6.65 6.65
2012-03-16 6.72 6.74 6.5 6.5
2012-03-22 7.07 7.24 6.74 6.74
2012-04-12 9.48 9.48 9.03 9.03
2012-05-07 10.65 10.8 10.44 10.44
2012-05-28 9.72 9.99 9.21 9.21
2012-06-06 8.92 9.15 8.82 8.82
2012-06-13 9.38 9.58 9.15 9.15
2012-06-18 8.87 8.94 8.79 8.79
2012-07-19 8.4 8.4 7.72 7.72
2012-08-28 8.28 8.39 8.1 8.1
2012-09-14 8.68 8.83 8.55 8.55
2012-09-28 7.94 7.99 7.71 7.71
2012-10-31 7.73 7.75 7.65 7.65
2012-12-12 7.56 7.72 7.48 7.48
2012-12-14 7.89 8.09 7.3 7.3
2012-12-26 8.04 8.26 7.8 7.8
2012-12-28 8.0 8.17 7.78 7.78
2013-01-14 8.15 8.19 7.8 7.8
2013-01-18 8.38 8.47 8.14 8.14
2013-02-04 8.64 8.85 8.37 8.37
2013-02-06 8.54 8.62 8.46 8.46
2013-03-06 8.17 8.2 7.95 7.95
2013-03-20 8.08 8.13 7.68 7.68
2013-04-02 7.8 7.94 7.75 7.75
2013-04-09 7.76 7.88 7.64 7.64
2013-04-15 7.46 7.61 7.42 7.42
2013-05-03 7.37 7.42 7.29 7.29
2013-05-07 7.4 7.45 7.32 7.32
2013-07-15 8.59 8.68 8.35 8.35
2013-08-27 12.91 13.36 12.2 12.2
2013-09-06 14.41 14.41 14.41 14.41
2013-09-18 14.46 14.97 14.09 14.09
2013-09-30 13.31 13.8 13.05 13.05
2013-11-15 11.03 11.27 10.54 10.54
2014-01-07 11.24 11.5 11.06 11.06
2014-01-09 11.16 11.54 11.05 11.05
2014-01-21 11.04 11.15 10.9 10.9
2014-03-18 13.11 13.11 11.93 11.93
2014-03-24 13.4 13.7 13.35 13.35
2014-03-25 13.71 14.2 13.52 13.52
2014-04-10 13.93 13.93 13.52 13.52
2014-05-13 13.07 13.33 12.76 12.76
2014-05-22 13.95 14.5 13.45 13.45
2014-06-10 14.27 14.3 13.82 13.82
2014-06-26 13.23 13.35 13.1 13.1
2014-06-27 13.35 13.37 13.17 13.17
2014-07-22 13.15 13.2 13.0 13.0
2014-08-11 13.44 13.55 13.31 13.31
2014-08-21 14.5 14.55 13.84 13.84
2014-11-25 14.24 14.39 13.95 13.95
2014-12-03 14.54 14.81 14.19 14.19
2014-12-04 14.54 14.59 14.42 14.42
2014-12-24 12.12 12.14 11.73 11.73
2015-01-15 11.94 12.0 11.75 11.75
2015-01-20 12.98 13.09 12.21 12.21
2015-04-21 14.28 14.28 14.28 14.28
2015-04-22 15.71 15.71 15.71 15.71
2015-04-23 17.28 17.28 17.28 17.28
2015-05-06 15.54 15.86 15.48 15.48
2015-06-05 19.86 19.88 19.05 19.05
2015-06-18 23.8 25.87 23.02 23.02
2015-07-07 12.65 12.65 12.65 12.65
2015-07-08 11.39 11.39 11.39 11.39
2015-07-09 12.53 12.53 10.25 10.25
2015-09-16 13.74 13.74 12.05 12.05
2015-09-21 13.82 14.28 12.5 12.5
2015-09-29 14.04 14.39 13.5 13.5
2015-10-14 15.62 15.7 15.0 15.0
2015-10-23 17.18 17.18 17.18 17.18
2015-10-29 15.88 16.05 15.43 15.43
2015-11-04 15.95 15.99 15.17 15.17
2015-11-06 16.0 16.35 15.76 15.76
2015-11-10 16.49 16.69 16.16 16.16
2015-12-30 18.56 18.88 18.18 18.18
2016-01-28 16.04 16.04 15.05 15.05
2016-03-15 14.83 15.25 14.55 14.55
2016-04-13 17.58 17.95 17.28 17.28
2016-05-23 15.15 15.26 14.13 14.13
2016-05-31 14.98 14.99 14.3 14.3
2016-07-04 15.21 15.25 14.72 14.72
2016-08-05 15.63 15.98 15.43 15.43
2016-09-05 16.21 16.47 16.13 16.13
2016-09-13 17.2 17.48 16.58 16.58
2016-11-15 21.84 21.84 19.9 19.9
2016-12-05 24.55 24.95 23.7 23.7
2016-12-14 39.91 39.91 33.2 33.2
2016-12-22 40.82 40.82 36.55 36.55
2017-01-03 35.53 36.51 34.85 34.85
2017-02-13 37.49 37.49 33.56 33.56
2017-02-15 37.45 39.3 36.42 36.42
2017-04-06 31.67 32.47 31.51 31.51
2017-06-26 24.91 25.42 24.58 24.58
2017-07-04 24.69 25.01 24.5 24.5
2017-07-26 25.08 25.63 24.5 24.5
2017-07-27 25.19 25.3 24.65 24.65
2017-07-28 25.44 25.76 25.0 25.0
2017-08-01 25.07 25.65 24.81 24.81
2017-08-14 23.49 23.6 23.01 23.01
2017-08-29 24.11 24.18 23.97 23.97
