1996-12-02 16.39 16.39 15.5 15.5
1996-12-09 17.81 17.9 17.2 17.2
1996-12-11 21.0 21.35 19.0 19.0
1996-12-16 16.11 16.11 16.11 16.11
1996-12-17 14.5 15.7 14.5 14.5
1996-12-18 15.7 15.9 13.7 13.7
1997-01-10 16.35 16.42 16.09 16.09
1997-01-15 16.5 16.6 16.3 16.3
1997-01-22 16.48 16.58 16.1 16.1
1997-02-20 15.48 15.68 13.55 13.55
1997-02-25 16.21 16.68 16.0 16.0
1997-02-26 16.45 16.5 16.25 16.25
1997-03-10 18.8 19.34 18.06 18.06
1997-03-18 22.35 22.39 20.6 20.6
1997-03-21 22.4 22.41 20.2 20.2
1997-04-23 26.38 26.5 25.0 25.0
1997-04-25 29.25 30.0 28.1 28.1
1997-04-30 28.85 28.95 27.95 27.95
1997-05-22 11.29 12.22 11.29 11.29
1997-05-23 11.99 12.0 11.19 11.19
1997-06-16 12.6 12.77 12.28 12.28
1997-06-20 12.58 12.6 12.0 12.0
1997-06-25 13.38 13.4 12.6 12.6
1997-07-15 12.46 12.46 11.7 11.7
1997-08-26 13.08 13.09 12.35 12.35
1997-09-10 12.77 12.9 12.65 12.65
1997-09-18 11.86 11.97 11.75 11.75
1997-10-07 10.93 11.26 10.8 10.8
1998-04-22 14.25 14.3 13.71 13.71
1998-04-24 14.5 14.75 14.0 14.0
1998-05-29 16.72 16.9 16.4 16.4
1998-11-09 11.49 11.5 11.1 11.1
1998-11-12 11.87 11.98 11.5 11.5
1998-11-13 12.09 12.2 11.88 11.88
1998-11-16 12.6 12.75 12.19 12.19
1998-11-23 12.94 13.1 12.5 12.5
1999-01-14 11.17 11.28 11.05 11.05
1999-02-09 10.88 10.9 10.6 10.6
1999-05-04 11.14 11.16 11.0 11.0
1999-05-06 11.33 11.4 11.15 11.15
1999-05-07 11.27 11.45 11.15 11.15
1999-05-24 13.31 13.31 13.31 13.31
1999-05-25 14.64 14.64 14.64 14.64
1999-06-28 27.28 27.28 22.32 22.32
1999-07-01 26.28 26.28 26.28 26.28
1999-07-02 26.93 27.0 23.65 23.65
1999-07-07 24.0 24.0 22.5 22.5
1999-07-14 24.72 25.5 23.89 23.89
1999-07-29 34.3 34.98 33.3 33.3
1999-08-19 35.0 35.0 33.85 33.85
1999-09-08 23.11 23.4 22.5 22.5
1999-09-09 25.42 25.42 23.0 23.0
1999-09-13 29.05 29.08 27.2 27.2
1999-09-15 28.2 28.86 27.5 27.5
1999-11-17 21.89 21.89 19.8 19.8
1999-12-06 26.14 26.45 25.02 25.02
2000-01-28 36.28 36.28 34.51 34.51
2000-02-14 39.91 39.91 39.91 39.91
2000-02-15 43.9 43.9 43.9 43.9
2000-02-16 48.29 48.29 48.29 48.29
2000-02-23 51.84 57.58 51.84 51.84
2000-02-24 55.95 55.95 49.21 49.21
2000-03-22 47.95 50.3 47.3 47.3
2000-06-09 35.4 36.17 35.0 35.0
2000-07-13 35.28 36.1 33.1 33.1
2000-09-28 26.6 27.15 26.56 26.56
2000-09-29 27.18 27.2 26.6 26.6
2000-11-30 25.18 25.48 24.93 24.93
2001-03-09 22.36 22.36 20.5 20.5
2001-03-22 21.38 21.88 21.08 21.08
2001-05-16 21.06 21.2 20.8 20.8
2001-11-27 15.66 15.95 14.9 14.9
2002-02-07 12.07 12.38 11.7 11.7
2002-04-12 12.59 12.75 12.5 12.5
2002-05-10 12.75 12.98 12.6 12.6
2002-08-02 13.55 13.66 13.52 13.52
2002-08-07 13.57 13.81 13.52 13.52
2002-08-13 13.08 13.27 13.0 13.0
2002-08-20 13.08 13.16 12.89 12.89
2002-08-27 13.62 13.67 13.2 13.2
2002-09-02 13.85 14.2 13.6 13.6
2002-11-07 16.13 16.25 15.73 15.73
2003-04-03 14.72 14.8 14.43 14.43
2003-05-15 12.74 12.74 11.6 11.6
2003-05-20 12.28 12.55 12.26 12.26
2003-05-21 12.32 12.68 12.26 12.26
2003-05-23 12.42 12.64 12.29 12.29
2003-05-28 12.85 13.2 12.55 12.55
2003-06-18 12.06 12.2 12.0 12.0
2003-06-26 12.15 12.35 11.64 11.64
2003-06-30 11.72 12.0 11.69 11.69
2003-07-07 11.35 11.45 11.2 11.2
2003-07-08 11.66 11.8 11.35 11.35
2003-07-11 12.05 12.24 11.79 11.79
2003-08-22 11.9 11.96 11.8 11.8
2003-08-25 11.53 11.78 11.4 11.4
2003-09-09 11.47 11.54 11.35 11.35
2003-10-31 8.1 8.28 7.88 7.88
2003-11-04 8.29 8.41 8.14 8.14
2003-12-02 10.96 10.96 10.96 10.96
2004-02-23 14.15 14.99 14.08 14.08
2004-09-15 10.99 11.24 10.26 10.26
2004-09-22 13.55 14.31 13.5 13.5
2004-11-05 12.2 12.44 12.0 12.0
2004-11-30 13.27 13.28 12.89 12.89
2004-12-22 14.69 15.01 13.53 13.53
2004-12-24 14.51 15.1 14.16 14.16
2005-03-08 12.29 12.42 11.96 11.96
2005-04-13 10.39 10.59 10.32 10.32
2005-06-08 8.66 8.66 7.78 7.78
2005-07-22 8.01 8.16 7.67 7.67
2005-07-26 8.09 8.2 7.85 7.85
2005-08-15 10.36 10.36 9.46 9.46
2006-12-13 12.88 12.94 12.48 12.48
2007-03-07 15.55 15.63 15.27 15.27
2007-06-11 15.49 15.8 15.34 15.34
2007-08-17 19.4 20.0 19.03 19.03
2007-09-12 22.39 22.39 20.47 20.47
2007-09-17 24.71 25.52 23.5 23.5
2009-02-06 10.4 10.58 9.74 9.74
2009-03-04 10.29 10.39 9.61 9.61
2009-03-06 10.13 10.28 9.85 9.85
2009-05-04 14.58 14.69 14.13 14.13
2009-06-08 14.14 14.48 14.03 14.03
2009-08-27 13.59 14.06 13.4 13.4
2009-11-30 15.53 15.59 15.19 15.19
2009-12-07 16.15 16.3 15.97 15.97
2010-04-09 19.74 19.91 18.95 18.95
2010-04-12 20.55 20.68 19.83 19.83
2010-04-15 21.07 21.21 20.3 20.3
2010-04-21 21.8 22.6 21.5 21.5
2010-09-14 17.71 17.75 17.33 17.33
2010-09-27 17.2 17.25 16.25 16.25
2010-10-08 18.41 18.88 18.3 18.3
2010-12-21 24.36 24.57 22.81 22.81
2011-03-18 25.8 26.5 24.86 24.86
2011-07-04 20.97 21.1 19.91 19.91
2011-11-07 17.78 17.92 17.51 17.51
2012-03-19 17.06 17.09 16.5 16.5
2012-08-29 6.35 6.52 6.33 6.33
2012-09-14 6.76 6.89 6.65 6.65
2013-05-08 7.11 7.38 6.67 6.67
2013-12-04 8.3 8.55 8.09 8.09
2013-12-05 8.2 8.32 7.76 7.76
2014-11-10 9.39 9.4 9.26 9.26
2014-11-12 9.14 9.35 9.0 9.0
2014-12-10 10.1 10.25 9.61 9.61
2015-02-04 10.81 11.12 10.01 10.01
2015-04-02 16.34 16.55 15.17 15.17
2015-07-14 14.12 14.12 14.12 14.12
2015-07-17 15.68 15.68 14.25 14.25
2017-02-06 9.99 10.17 9.95 9.95
2017-08-16 7.59 7.66 7.51 7.51
