1997-06-24 14.56 15.08 14.37 14.37
1997-07-21 13.18 13.58 12.51 12.51
1997-07-29 13.9 14.05 13.4 13.4
1997-07-30 14.14 14.45 14.0 14.0
1997-08-26 16.0 16.18 15.6 15.6
1997-09-26 15.5 15.69 15.05 15.05
1997-10-09 15.73 15.9 15.0 15.0
1997-12-01 8.08 8.2 8.0 8.0
1997-12-05 8.73 8.91 8.12 8.12
1997-12-09 8.95 9.06 8.78 8.78
1997-12-26 10.1 10.26 9.55 9.55
1998-01-15 10.95 10.99 10.25 10.25
1998-03-04 12.95 13.24 12.4 12.4
1998-03-05 12.98 13.2 12.88 12.88
1998-03-11 13.01 13.04 12.8 12.8
1998-03-13 13.49 13.53 12.86 12.86
1998-03-16 13.8 14.04 13.61 13.61
1998-03-18 14.0 14.3 12.98 12.98
1998-04-03 14.9 15.06 14.4 14.4
1998-04-13 15.51 15.7 14.85 14.85
1998-04-16 16.07 16.27 15.6 15.6
1998-04-20 16.27 16.49 15.95 15.95
1998-04-21 16.49 16.58 16.3 16.3
1998-07-30 18.38 18.48 17.7 17.7
1998-08-05 18.48 18.5 17.71 17.71
1998-08-19 18.2 18.5 17.0 17.0
1998-10-30 21.45 21.56 20.8 20.8
1999-01-18 15.9 15.92 15.35 15.35
1999-02-04 14.15 14.4 14.0 14.0
1999-02-09 14.52 14.7 14.1 14.1
1999-03-30 13.3 13.68 13.1 13.1
1999-03-31 13.23 13.46 13.1 13.1
1999-04-01 13.48 13.49 13.21 13.21
1999-05-06 11.62 11.7 11.46 11.46
1999-09-07 11.0 11.28 10.92 10.92
1999-09-24 11.15 11.36 11.1 11.1
2000-01-19 10.06 10.15 9.6 9.6
2000-03-03 12.95 13.37 12.25 12.25
2000-03-23 13.35 13.48 12.98 12.98
2000-03-27 14.16 14.28 13.15 13.15
2000-06-28 13.61 13.65 13.23 13.23
2000-07-12 13.19 13.29 12.8 12.8
2000-07-31 13.65 13.72 13.28 13.28
2000-09-11 13.41 13.7 13.35 13.35
2000-12-22 14.73 14.86 14.55 14.55
2000-12-25 15.12 15.25 14.75 14.75
2000-12-28 15.37 15.55 14.66 14.66
2001-03-01 13.5 13.68 13.24 13.24
2001-03-02 13.72 13.77 13.5 13.5
2001-03-06 13.75 13.77 13.58 13.58
2001-03-08 13.85 13.95 13.8 13.8
2001-03-26 14.94 14.98 14.51 14.51
2001-04-02 14.9 15.1 14.81 14.81
2001-04-09 14.55 14.59 14.4 14.4
2001-04-10 14.62 14.84 14.6 14.6
2001-04-16 14.92 14.95 14.55 14.55
2001-05-24 14.86 14.95 14.7 14.7
2001-05-25 15.3 15.39 14.89 14.89
2001-05-30 15.4 15.58 15.2 15.2
2001-08-09 13.14 13.15 12.73 12.73
2001-08-10 13.33 13.59 13.16 13.16
2001-09-20 11.3 11.55 11.2 11.2
2001-10-31 9.86 9.99 9.7 9.7
2001-11-01 10.16 10.24 9.91 9.91
2001-11-06 9.91 10.06 9.88 9.88
2001-11-27 10.3 10.33 10.1 10.1
2001-11-28 10.37 10.46 10.3 10.3
2001-11-30 10.53 10.57 10.45 10.45
2001-12-03 10.63 10.77 10.58 10.58
2002-01-31 8.07 8.07 7.31 7.31
2002-02-07 8.12 8.21 7.85 7.85
2002-06-20 8.83 8.99 8.78 8.78
2002-08-16 9.07 9.14 8.9 8.9
2002-09-03 9.41 9.42 9.36 9.36
2002-10-18 8.57 8.63 8.5 8.5
2002-11-04 8.29 8.3 8.15 8.15
2002-12-06 7.04 7.2 7.02 7.02
2002-12-16 7.17 7.22 7.1 7.1
2002-12-19 7.25 7.26 7.11 7.11
2002-12-23 7.33 7.44 7.28 7.28
2002-12-24 7.41 7.45 7.3 7.3
2003-03-14 7.49 7.49 7.38 7.38
2003-04-30 7.58 7.65 7.45 7.45
2003-07-17 7.23 7.27 7.18 7.18
2003-07-30 6.82 6.87 6.8 6.8
2003-08-07 6.84 6.93 6.83 6.83
2003-08-21 6.52 6.61 6.5 6.5
2003-10-15 6.24 6.26 6.18 6.18
2003-11-14 5.78 5.82 5.7 5.7
2003-12-29 5.93 6.0 5.85 5.85
2004-03-31 7.37 7.37 7.22 7.22
2004-04-19 7.39 7.47 7.2 7.2
2004-04-27 7.15 7.21 7.1 7.1
2004-05-27 7.05 7.08 6.9 6.9
2004-06-02 7.2 7.23 7.12 7.12
2004-07-01 6.86 6.9 6.56 6.56
2004-08-12 7.65 7.66 7.45 7.45
2004-08-16 7.62 7.65 7.31 7.31
2004-08-20 6.99 7.17 6.85 6.85
2004-08-25 7.02 7.08 6.95 6.95
2004-09-14 6.97 7.03 6.8 6.8
2004-09-15 7.18 7.29 6.85 6.85
2004-09-17 7.34 7.38 7.18 7.18
2004-09-27 7.67 7.83 7.51 7.51
2004-11-18 8.25 8.32 8.08 8.08
2004-12-21 7.8 7.88 7.71 7.71
2004-12-22 7.99 8.0 7.75 7.75
2005-03-11 7.92 7.98 7.85 7.85
2005-04-01 8.81 8.85 8.11 8.11
2005-04-18 9.56 9.65 9.35 9.35
2005-06-29 6.94 6.95 6.79 6.79
2005-07-04 6.55 6.6 6.42 6.42
2005-08-01 6.87 6.95 6.7 6.7
2005-08-08 7.18 7.24 6.96 6.96
2005-09-14 8.34 8.49 8.18 8.18
2005-10-31 7.43 7.46 7.28 7.28
2005-11-02 7.48 7.57 7.42 7.42
2005-11-14 7.5 7.53 7.36 7.36
2005-12-01 7.21 7.26 7.12 7.12
2005-12-05 7.1 7.14 7.0 7.0
2005-12-12 7.38 7.44 7.3 7.3
2005-12-19 7.5 7.52 7.41 7.41
2005-12-20 7.5 7.51 7.45 7.45
2005-12-27 7.95 7.98 7.85 7.85
2005-12-29 8.13 8.13 7.92 7.92
2006-12-14 6.71 6.75 6.45 6.45
2006-12-21 7.54 7.63 7.0 7.0
2007-01-10 8.02 8.08 7.75 7.75
2007-01-11 8.28 8.68 8.05 8.05
2007-02-15 10.12 10.12 9.3 9.3
2007-02-26 10.3 10.5 10.05 10.05
2007-03-15 10.44 10.45 10.07 10.07
2007-04-20 11.89 11.95 11.5 11.5
2007-04-23 12.31 12.4 11.89 11.89
2007-05-29 15.09 15.5 14.49 14.49
2007-06-01 14.88 15.84 14.47 14.47
2007-06-11 15.48 16.25 15.25 15.25
2007-07-16 15.94 17.09 15.85 15.85
2007-07-20 16.39 16.5 15.78 15.78
2007-07-23 17.11 17.3 16.5 16.5
2007-07-30 17.42 17.9 17.29 17.29
2008-01-07 21.76 21.96 20.33 20.33
2008-02-18 20.25 20.88 19.65 19.65
2008-03-06 19.99 20.29 19.65 19.65
2008-05-08 12.39 12.4 11.82 11.82
2008-05-09 12.57 12.9 12.28 12.28
2009-01-14 5.77 5.78 5.52 5.52
2009-01-16 5.85 5.98 5.67 5.67
2009-11-25 10.03 10.1 9.42 9.42
2010-06-17 12.12 12.25 11.88 11.88
2010-07-07 10.49 10.85 10.34 10.34
2010-07-14 10.5 10.57 10.35 10.35
2010-12-22 13.43 13.7 13.32 13.32
2011-06-15 11.63 11.88 11.45 11.45
2011-07-06 13.04 13.07 12.7 12.7
2011-08-19 12.31 12.44 12.01 12.01
2011-11-28 11.43 11.7 11.15 11.15
2012-05-22 8.11 8.14 7.97 7.97
2012-09-03 6.11 6.18 5.93 5.93
2012-10-17 6.93 6.97 6.75 6.75
2012-10-22 6.87 6.91 6.76 6.76
2013-04-09 6.59 6.64 6.5 6.5
2013-04-15 6.45 6.54 6.38 6.38
2013-07-15 6.2 6.23 6.1 6.1
2013-09-23 7.54 7.6 7.29 7.29
2013-11-18 6.47 6.48 6.35 6.35
2013-11-19 6.63 6.74 6.48 6.48
2013-11-22 7.24 7.24 7.0 7.0
2013-12-24 6.78 6.79 6.61 6.61
2013-12-27 6.44 6.48 6.36 6.36
2014-01-03 6.59 6.61 6.45 6.45
2014-01-13 6.12 6.16 6.04 6.04
2014-01-23 6.36 6.46 6.34 6.34
2014-01-24 7.0 7.0 6.32 6.32
2014-01-27 6.92 6.95 6.62 6.62
2014-05-14 6.24 6.24 6.24 6.24
2014-05-15 5.93 5.93 5.93 5.93
2014-05-16 5.63 5.63 5.63 5.63
2014-05-30 5.29 5.34 5.15 5.15
2014-06-10 5.04 5.06 4.97 4.97
2014-07-14 5.12 5.14 5.02 5.02
2014-07-22 5.17 5.19 5.12 5.12
2014-07-25 5.2 5.22 5.14 5.14
2014-07-28 5.36 5.4 5.2 5.2
2014-08-05 5.66 5.76 5.6 5.6
2014-08-13 5.84 5.94 5.68 5.68
2014-08-18 6.03 6.05 5.84 5.84
2014-10-28 6.92 6.92 6.6 6.6
2014-12-02 6.93 6.95 6.87 6.87
2014-12-24 6.57 6.57 6.28 6.28
2015-01-20 6.67 6.68 6.53 6.53
2015-09-24 12.96 12.96 12.96 12.96
2015-09-25 11.66 11.66 11.66 11.66
2015-09-28 10.49 10.49 10.49 10.49
2015-09-29 9.44 9.44 9.44 9.44
2015-10-12 9.46 9.65 8.9 8.9
2016-02-15 7.16 7.24 6.9 6.9
2016-02-19 7.99 8.07 7.65 7.65
2017-03-16 13.87 13.94 13.52 13.52
2017-04-05 13.99 14.06 13.51 13.51
2017-06-13 8.43 8.46 8.31 8.31
2017-07-12 9.74 9.95 9.45 9.45
