2001-06-19 28.38 28.78 28.09 28.09
2001-07-03 28.46 28.5 27.85 27.85
2001-07-10 27.38 27.67 27.25 27.25
2001-07-20 27.04 27.2 26.88 26.88
2001-07-23 27.27 27.3 27.1 27.1
2001-07-31 24.55 24.71 23.85 23.85
2001-08-09 24.01 24.6 23.8 23.8
2001-08-24 26.06 27.0 25.85 25.85
2001-09-10 25.2 25.35 24.01 24.01
2001-09-12 24.7 25.22 24.0 24.0
2001-10-23 24.44 24.44 22.98 22.98
2001-11-01 22.8 23.02 22.6 22.6
2001-11-09 21.45 21.49 20.62 20.62
2001-11-21 21.98 22.09 21.75 21.75
2001-12-04 23.04 23.05 22.66 22.66
2001-12-25 23.39 23.6 22.4 22.4
2001-12-27 23.53 23.75 23.1 23.1
2002-01-31 23.37 23.59 22.2 22.2
2002-02-07 23.4 23.69 23.08 23.08
2002-03-08 24.42 24.56 23.8 23.8
2002-03-18 24.38 24.65 24.15 24.15
2002-03-27 26.45 26.7 25.3 25.3
2002-04-01 26.55 27.19 26.3 26.3
2002-05-10 26.87 27.0 26.6 26.6
2002-05-21 26.4 26.85 25.6 25.6
2002-08-07 15.5 15.57 15.1 15.1
2002-08-19 15.11 15.25 15.0 15.0
2002-08-23 15.21 15.3 14.92 14.92
2002-08-30 14.87 15.1 14.85 14.85
2002-09-02 14.95 15.09 14.87 14.87
2002-09-03 15.01 15.14 14.95 14.95
2002-09-23 14.8 14.89 14.55 14.55
2002-10-15 15.22 15.28 15.05 15.05
2002-10-21 14.68 14.7 14.4 14.4
2002-11-05 15.88 16.15 15.23 15.23
2003-01-13 15.16 15.2 15.0 15.0
2003-02-12 15.54 15.55 15.3 15.3
2003-02-20 15.53 15.98 15.35 15.35
2003-05-14 11.7 11.75 11.4 11.4
2003-05-27 11.88 11.93 11.7 11.7
2003-05-28 11.88 12.0 11.45 11.45
2003-05-30 12.28 12.4 11.98 11.98
2003-06-11 12.33 12.48 12.15 12.15
2003-07-08 10.21 10.28 10.02 10.02
2003-07-09 10.35 10.42 10.25 10.25
2003-07-10 10.51 10.57 10.38 10.38
2003-08-28 10.33 10.45 10.19 10.19
2003-09-03 11.09 11.4 10.39 10.39
2003-10-08 10.88 10.88 10.54 10.54
2003-11-19 9.74 9.77 9.43 9.43
2003-12-22 10.02 10.03 9.7 9.7
2004-01-15 9.07 9.4 8.4 8.4
2004-02-04 9.57 9.7 9.34 9.34
2004-02-10 9.86 9.86 9.57 9.57
2004-07-01 7.83 7.89 7.58 7.58
2004-07-09 7.86 7.98 7.75 7.75
2004-07-16 8.49 8.6 8.1 8.1
2004-08-31 7.89 8.0 7.7 7.7
2004-09-15 8.06 8.15 7.72 7.72
2004-10-11 8.15 8.25 7.95 7.95
2004-10-15 8.0 8.15 7.9 7.9
2004-11-19 8.43 8.53 8.38 8.38
2004-11-26 8.2 8.28 8.15 8.15
2004-12-16 7.86 7.86 7.77 7.77
2004-12-27 7.63 7.66 7.6 7.6
2005-01-12 7.79 7.79 7.68 7.68
2005-01-18 7.8 8.0 7.6 7.6
2005-02-04 8.01 8.1 7.9 7.9
2005-02-24 8.12 8.18 8.08 8.08
2005-03-08 7.95 7.97 7.84 7.84
2005-04-13 7.19 7.24 7.09 7.09
2005-04-22 7.46 7.49 7.37 7.37
2005-05-30 6.38 6.4 6.34 6.34
2005-06-08 6.98 7.0 6.4 6.4
2005-06-13 6.8 6.87 6.72 6.72
2005-06-27 6.84 6.88 6.7 6.7
2005-07-11 3.87 3.92 3.83 3.83
2005-07-22 3.68 3.68 3.54 3.54
2005-08-02 3.75 3.75 3.68 3.68
2005-08-10 4.2 4.22 4.0 4.0
2005-08-30 4.09 4.1 3.98 3.98
2005-09-19 5.2 5.33 4.87 4.87
2005-12-06 5.16 5.18 5.03 5.03
2005-12-16 5.68 5.68 5.56 5.56
2006-12-29 12.03 12.39 11.93 11.93
2007-01-08 13.6 13.7 12.86 12.86
2007-01-15 13.87 13.88 13.18 13.18
2007-02-14 18.2 18.68 17.8 17.8
2007-02-16 21.11 21.4 19.7 19.7
2007-03-02 20.82 21.66 19.8 19.8
2007-04-20 19.91 20.26 19.33 19.33
2007-05-15 20.87 21.11 19.99 19.99
2007-05-30 22.24 23.98 22.24 22.24
2007-06-13 19.35 19.69 18.65 18.65
2007-07-23 15.64 15.8 14.93 14.93
2007-07-30 17.44 17.68 17.22 17.22
2007-08-14 16.28 16.4 15.88 15.88
2007-08-16 15.78 16.0 15.6 15.6
2007-12-20 15.78 15.97 15.51 15.51
2007-12-24 16.61 16.95 16.01 16.01
2007-12-25 17.14 17.48 16.7 16.7
2008-01-02 18.27 18.47 17.7 17.7
2008-01-03 18.95 19.3 18.27 18.27
2008-01-23 19.62 19.79 17.9 17.9
2008-02-18 18.62 18.76 18.0 18.0
2008-04-28 10.91 11.18 10.65 10.65
2008-05-12 11.71 11.95 11.16 11.16
2008-07-07 7.58 7.61 7.11 7.11
2008-07-28 8.81 9.0 8.75 8.75
2008-08-21 6.4 6.58 6.28 6.28
2008-08-25 6.34 6.48 6.05 6.05
2008-09-03 6.38 6.49 6.0 6.0
2008-10-17 4.17 4.23 4.05 4.05
2008-10-24 4.45 4.47 4.06 4.06
2008-11-05 3.92 3.97 3.78 3.78
2008-11-10 4.37 4.39 4.09 4.09
2008-12-01 4.78 4.8 4.5 4.5
2009-01-09 5.5 5.53 5.36 5.36
2009-02-02 6.22 6.3 6.05 6.05
2009-02-06 6.54 6.58 6.21 6.21
2009-05-18 8.94 8.95 8.5 8.5
2009-06-15 8.66 8.67 8.45 8.45
2009-07-13 9.32 9.38 9.17 9.17
2009-09-04 10.85 11.25 10.12 10.12
2009-09-11 10.44 10.71 10.05 10.05
2009-09-14 11.03 11.2 10.45 10.45
2009-10-09 9.53 9.66 9.2 9.2
2009-10-23 10.11 10.19 9.88 9.88
2009-12-31 11.15 11.23 10.99 10.99
2010-03-02 12.14 12.28 11.95 11.95
2010-06-07 10.21 10.35 10.05 10.05
2010-07-06 9.27 9.36 8.95 8.95
2010-07-14 9.46 9.68 9.31 9.31
2010-09-21 11.91 12.1 11.76 11.76
2010-09-27 12.3 12.39 12.01 12.01
2010-11-01 14.62 15.2 14.5 14.5
2010-11-05 17.58 17.58 17.58 17.58
2010-12-13 15.83 15.98 15.2 15.2
2011-03-04 14.92 14.97 14.5 14.5
2011-03-11 14.67 14.94 14.64 14.64
2011-04-13 14.55 14.6 14.3 14.3
2011-06-03 12.34 12.46 12.09 12.09
2011-06-21 11.92 11.92 11.71 11.71
2011-07-04 12.92 12.97 12.76 12.76
2011-07-15 12.1 12.13 11.51 11.51
2011-08-01 11.3 11.4 11.2 11.2
2011-11-09 9.63 9.79 9.54 9.54
2011-11-17 10.07 10.12 9.64 9.64
2011-12-30 7.92 8.02 7.82 7.82
2012-01-12 8.16 8.26 8.02 8.02
2012-01-19 8.04 8.09 7.88 7.88
2012-02-02 8.19 8.21 8.06 8.06
2012-02-10 8.39 8.5 8.29 8.29
2012-03-08 9.38 9.45 9.29 9.29
2012-03-26 8.94 8.97 8.67 8.67
2012-03-27 9.69 9.83 8.95 8.95
2012-04-18 9.76 9.95 9.67 9.67
2012-04-19 10.07 10.09 9.7 9.7
2012-05-08 9.97 10.2 9.77 9.77
2012-05-17 9.38 9.43 9.25 9.25
2012-07-04 8.61 8.79 8.52 8.52
2012-07-11 7.89 7.93 7.65 7.65
2012-08-01 7.6 7.71 7.51 7.51
2012-08-03 7.56 7.57 7.39 7.39
2012-08-06 7.71 7.74 7.51 7.51
2012-08-21 7.67 7.71 7.5 7.5
2012-08-29 7.46 7.5 7.4 7.4
2012-10-09 7.76 7.78 7.6 7.6
2012-10-10 7.8 7.86 7.71 7.71
2012-12-17 7.63 7.7 7.56 7.56
2012-12-26 7.88 7.89 7.7 7.7
2012-12-31 8.02 8.07 7.81 7.81
2013-01-07 7.99 8.11 7.82 7.82
2013-01-21 8.67 8.68 8.46 8.46
2013-02-20 8.9 8.94 8.71 8.71
2013-04-19 8.3 8.35 8.14 8.14
2013-05-02 7.68 7.7 7.57 7.57
2013-07-15 7.26 7.28 7.1 7.1
2013-08-20 7.56 7.58 7.45 7.45
2013-09-23 8.46 8.5 8.29 8.29
2013-10-21 8.25 8.25 8.05 8.05
2013-11-06 7.83 7.92 7.8 7.8
2013-11-13 8.47 8.47 8.47 8.47
2013-11-28 9.32 9.32 9.32 9.32
2013-11-29 10.25 10.25 10.25 10.25
2014-01-02 9.48 9.59 9.32 9.32
2014-04-01 9.39 9.55 9.09 9.09
2014-05-15 9.18 9.41 9.16 9.16
2014-06-05 9.05 9.05 8.92 8.92
2014-06-09 8.94 9.01 8.9 8.9
2014-08-11 14.34 14.34 13.71 13.71
2014-08-15 13.97 14.08 13.76 13.76
2014-08-29 13.9 13.95 13.55 13.55
2014-09-19 15.05 15.1 14.71 14.71
2014-09-24 15.59 15.81 15.12 15.12
2014-11-25 14.01 14.1 13.9 13.9
2014-12-24 14.24 14.39 13.82 13.82
2015-01-13 13.5 13.68 13.42 13.42
2015-04-27 19.99 20.38 19.6 19.6
2015-05-11 19.64 19.67 18.79 18.79
2015-05-15 21.26 21.6 20.31 20.31
2015-07-03 21.99 23.99 21.99 21.99
2015-07-08 16.03 16.03 16.03 16.03
2015-07-13 17.63 17.63 17.63 17.63
2015-07-14 19.39 19.39 19.39 19.39
2015-08-25 18.19 18.79 18.19 18.19
2015-09-09 16.62 17.16 15.68 15.68
2015-09-24 16.28 16.66 16.0 16.0
2015-10-29 25.41 25.41 23.0 23.0
2015-11-20 29.92 31.3 29.01 29.01
2015-12-14 23.94 24.2 22.41 22.41
2015-12-15 24.42 24.98 23.89 23.89
2015-12-17 24.86 25.15 24.27 24.27
2016-01-14 20.46 20.8 18.16 18.16
2016-02-15 18.64 18.87 17.58 17.58
2016-02-19 21.45 21.49 20.51 20.51
2016-03-30 20.95 20.98 20.12 20.12
2016-04-11 21.08 21.45 20.93 20.93
2016-05-03 19.69 19.72 18.89 18.89
2016-05-23 17.33 17.4 17.09 17.09
2016-06-01 18.2 18.28 17.6 17.6
2016-06-23 18.03 18.15 17.25 17.25
2016-06-27 18.82 18.96 17.62 17.62
2016-08-02 17.46 17.65 17.29 17.29
2016-09-21 17.4 17.45 17.35 17.35
2016-10-11 17.76 17.78 17.41 17.41
2016-11-14 18.07 18.14 17.67 17.67
2016-12-13 17.5 17.68 17.04 17.04
2017-01-20 20.0 20.19 19.48 19.48
2017-05-09 15.1 15.18 14.7 14.7
2017-05-17 15.34 15.66 15.31 15.31
2017-06-07 13.16 13.23 12.89 12.89
2017-06-19 14.9 15.29 14.28 14.28
2017-07-03 14.97 15.12 14.87 14.87
2017-07-05 15.49 15.68 15.14 15.14
2017-08-23 14.88 15.24 14.67 14.67
2017-08-28 14.93 15.06 14.71 14.71
