2003-03-20 20.75 20.93 20.65 20.65
2003-04-18 20.38 20.93 20.23 20.23
2003-05-28 18.16 18.3 18.15 18.15
2003-06-25 19.29 19.71 19.03 19.03
2003-07-04 19.81 19.86 19.5 19.5
2003-07-09 20.03 20.29 19.9 19.9
2003-07-10 20.19 20.25 20.0 20.0
2003-07-29 19.23 19.29 18.98 18.98
2003-07-31 19.48 19.65 19.21 19.21
2003-08-18 18.81 18.88 18.68 18.68
2003-08-20 18.85 18.88 18.7 18.7
2003-08-27 18.15 18.28 18.02 18.02
2003-08-29 18.11 18.19 17.82 17.82
2003-09-09 18.08 18.25 18.04 18.04
2003-09-30 17.77 17.8 17.51 17.51
2003-10-10 18.28 18.3 17.81 17.81
2003-11-06 18.51 18.6 17.85 17.85
2003-11-24 18.54 18.62 18.08 18.08
2003-12-08 19.36 19.47 18.8 18.8
2003-12-17 19.0 19.19 18.77 18.77
2004-02-03 22.16 22.38 21.88 21.88
2004-03-19 26.0 26.1 25.4 25.4
2004-04-07 28.76 29.3 28.7 28.7
2004-04-20 28.52 28.78 27.82 27.82
2004-05-21 14.2 14.37 14.06 14.06
2004-05-27 13.88 14.05 13.33 13.33
2004-06-09 14.13 14.23 13.75 13.75
2004-06-21 14.4 14.42 14.1 14.1
2004-06-24 15.18 15.56 14.95 14.95
2004-07-06 14.63 14.97 14.62 14.62
2004-08-03 15.36 15.38 15.2 15.2
2004-08-10 15.02 15.02 14.83 14.83
2004-08-11 15.01 15.07 15.0 15.0
2004-09-03 14.3 14.37 14.02 14.02
2004-09-10 14.08 14.15 14.0 14.0
2004-09-13 14.01 14.13 13.92 13.92
2004-09-27 16.79 17.3 16.55 16.55
2004-10-18 16.45 16.9 16.21 16.21
2004-10-19 16.73 17.15 16.51 16.51
2004-10-20 17.3 17.38 16.51 16.51
2004-10-21 17.53 17.9 17.25 17.25
2004-11-09 18.31 18.44 18.16 18.16
2004-11-10 19.37 19.38 18.32 18.32
2004-11-19 18.9 18.95 18.47 18.47
2004-11-24 18.21 18.49 18.05 18.05
2004-11-25 18.5 18.5 18.1 18.1
2004-11-26 18.52 18.7 18.45 18.45
2004-12-22 18.3 18.3 18.0 18.0
2004-12-28 18.01 18.1 17.62 17.62
2005-01-05 18.63 18.8 18.61 18.61
2005-01-11 18.6 18.78 18.6 18.6
2005-01-17 18.57 18.85 18.31 18.31
2005-01-26 18.3 18.39 18.25 18.25
2005-03-14 17.92 18.1 17.12 17.12
2005-03-29 17.4 17.64 17.23 17.23
2005-04-26 15.64 15.78 14.82 14.82
2005-05-19 15.51 15.56 15.35 15.35
2005-06-03 12.4 12.5 11.09 11.09
2005-06-07 13.5 13.79 12.82 12.82
2005-06-08 14.84 14.85 13.5 13.5
2005-07-11 14.0 14.03 13.98 13.98
2005-07-12 14.7 14.7 14.0 14.0
2005-07-13 14.7 14.79 14.21 14.21
2005-07-19 14.87 15.0 14.76 14.76
2005-07-25 15.13 15.29 14.99 14.99
2006-10-20 12.78 13.15 12.6 12.6
2006-10-24 12.34 12.5 12.15 12.15
2006-10-30 12.41 12.6 12.33 12.33
2006-11-22 12.35 12.4 12.0 12.0
2006-11-24 12.76 12.9 12.3 12.3
2006-12-05 13.87 13.97 13.41 13.41
2006-12-11 12.7 12.72 12.41 12.41
2006-12-27 14.31 14.56 14.08 14.08
2007-01-05 14.18 14.29 13.78 13.78
2007-01-15 15.8 16.08 14.9 14.9
2007-03-21 17.03 17.27 16.6 16.6
2007-03-22 16.59 17.4 16.5 16.5
2007-04-05 20.98 21.25 19.25 19.25
2007-04-20 19.88 20.17 19.23 19.23
2007-05-29 25.19 25.19 23.0 23.0
2007-05-30 24.76 26.79 23.8 23.8
2007-06-20 28.1 29.84 27.13 27.13
2007-07-02 21.55 22.0 20.7 20.7
2007-07-06 23.11 23.11 20.8 20.8
2007-07-11 22.4 22.58 21.71 21.71
2007-07-18 22.54 22.69 22.11 22.11
2007-07-20 23.0 23.2 22.25 22.25
2007-07-23 23.74 23.96 23.0 23.0
2007-07-30 25.74 26.32 25.2 25.2
2007-09-03 25.73 25.97 24.88 24.88
2007-09-25 23.6 24.44 22.6 22.6
2007-11-05 20.67 21.03 19.81 19.81
2007-11-14 21.2 21.58 20.34 20.34
2007-11-20 21.7 22.08 21.6 21.6
2007-11-27 21.6 21.81 21.0 21.0
2008-01-07 29.5 30.0 28.81 28.81
2008-01-23 27.75 27.88 25.62 25.62
2008-01-29 28.11 28.51 27.68 27.68
2008-02-04 26.32 26.7 24.91 24.91
2008-02-14 26.09 26.35 25.2 25.2
2008-02-18 28.19 28.4 26.75 26.75
2008-04-23 17.24 17.58 15.5 15.5
2008-05-08 20.46 20.48 19.1 19.1
2008-05-13 19.56 19.8 18.0 18.0
2008-05-28 18.33 18.45 17.65 17.65
2008-06-11 16.34 16.8 15.01 15.01
2008-07-24 17.52 17.75 16.9 16.9
2008-09-09 11.68 11.74 11.5 11.5
2008-09-11 12.03 12.37 11.77 11.77
2008-10-15 12.53 12.78 12.31 12.31
2008-10-21 10.85 11.19 10.8 10.8
2008-10-23 10.9 11.12 10.51 10.51
2008-11-10 9.94 10.01 9.5 9.5
2008-12-01 10.7 10.73 10.3 10.3
2008-12-03 11.29 11.55 10.81 10.81
2008-12-08 12.19 12.2 11.63 11.63
2008-12-15 11.7 11.71 11.35 11.35
2008-12-30 12.21 12.27 11.7 11.7
2009-01-16 12.21 12.32 11.99 11.99
2009-02-19 13.85 13.88 13.51 13.51
2009-02-23 14.28 14.3 13.9 13.9
2009-07-09 15.4 15.4 14.8 14.8
2009-07-20 14.76 14.82 14.53 14.53
2009-09-07 13.69 13.94 12.96 12.96
2009-11-02 15.93 16.13 15.0 15.0
2009-11-05 18.0 18.0 16.41 16.41
2010-01-04 25.91 26.18 25.7 25.7
2010-01-07 25.97 26.49 25.8 25.8
2010-01-08 27.39 28.57 25.36 25.36
2010-01-13 28.14 28.49 27.45 27.45
2010-01-25 25.63 26.75 25.26 25.26
2010-02-04 25.53 25.9 25.0 25.0
2010-02-08 24.81 25.0 24.33 24.33
2010-02-22 25.48 25.57 25.3 25.3
2010-02-23 25.94 26.0 25.1 25.1
2010-03-01 28.21 28.4 26.88 26.88
2010-03-16 27.24 27.37 26.51 26.51
2010-04-01 26.44 27.0 26.15 26.15
2010-04-07 27.75 27.77 26.34 26.34
2010-07-16 13.22 13.28 12.5 12.5
2010-08-30 16.44 16.48 15.49 15.49
2010-09-07 18.43 18.5 17.51 17.51
2010-09-21 20.05 20.1 19.3 19.3
2010-09-27 22.06 22.06 20.1 20.1
2010-11-08 20.44 20.44 18.6 18.6
2010-11-10 20.18 21.16 20.05 20.05
2010-11-11 19.71 20.25 19.7 19.7
2010-12-17 17.8 17.94 17.61 17.61
2011-01-05 15.35 15.67 15.0 15.0
2011-01-31 14.97 15.17 14.65 14.65
2011-02-10 15.4 15.5 14.61 14.61
2011-02-11 15.36 15.8 15.28 15.28
2011-02-14 15.51 15.84 15.34 15.34
2011-03-01 15.83 15.91 15.39 15.39
2011-03-11 15.99 16.25 15.9 15.9
2011-04-07 16.19 16.33 15.98 15.98
2011-04-08 16.32 16.34 16.03 16.03
2011-05-05 17.55 17.65 16.82 16.82
2011-06-07 13.75 13.83 12.9 12.9
2011-06-27 14.16 14.2 13.51 13.51
2011-07-14 15.78 15.93 15.33 15.33
2011-07-21 16.13 16.41 16.0 16.0
2011-08-09 16.1 16.12 14.51 14.51
2011-08-24 15.52 15.82 15.26 15.26
2011-09-15 15.5 15.83 15.37 15.37
2011-10-26 14.42 14.63 13.9 13.9
2011-11-28 14.42 14.6 14.19 14.19
2011-12-06 12.52 12.63 12.1 12.1
2012-02-01 10.49 10.68 10.4 10.4
2012-02-14 11.37 11.44 11.23 11.23
2012-02-23 11.85 11.88 11.4 11.4
2012-03-16 12.8 12.8 11.41 11.41
2012-03-19 13.07 13.4 12.8 12.8
2012-03-30 12.37 12.46 11.97 11.97
2012-05-22 13.3 13.36 13.1 13.1
2012-06-05 13.54 13.72 13.21 13.21
2012-06-15 14.19 14.56 14.05 14.05
2012-06-18 14.6 14.65 14.29 14.29
2012-07-12 14.98 15.2 14.61 14.61
2012-07-19 14.62 14.9 14.33 14.33
2012-07-30 13.34 13.78 13.08 13.08
2012-08-01 13.69 13.84 13.35 13.35
2012-08-21 14.3 14.55 13.9 13.9
2012-09-05 13.74 13.78 13.41 13.41
2012-09-14 14.38 14.66 14.32 14.32
2012-10-31 13.62 13.62 13.03 13.03
2012-11-01 13.87 14.0 13.64 13.64
2012-12-10 10.83 11.1 10.52 10.52
2012-12-14 10.7 10.89 10.26 10.26
2013-01-29 14.92 15.09 14.41 14.41
2013-02-06 15.24 15.3 14.38 14.38
2013-03-05 16.12 16.16 15.51 15.51
2013-04-17 11.52 11.61 11.13 11.13
2013-04-24 12.42 12.56 12.01 12.01
2013-04-25 13.39 13.66 12.5 12.5
2013-05-23 17.23 18.1 16.2 16.2
2013-05-31 18.97 19.46 17.99 17.99
2013-06-05 20.05 20.05 18.09 18.09
2013-07-02 17.0 17.15 15.59 15.59
2013-10-09 16.42 16.65 16.15 16.15
2013-12-30 13.46 13.58 13.17 13.17
2014-01-22 13.14 13.17 12.75 12.75
2014-03-11 12.33 12.46 12.2 12.2
2014-03-26 12.54 12.67 12.4 12.4
2014-04-08 11.93 11.95 11.65 11.65
2014-04-18 12.04 12.06 11.8 11.8
2014-04-30 10.1 10.18 9.93 9.93
2014-05-12 10.29 10.36 9.98 9.98
2014-06-03 10.2 10.36 10.18 10.18
2014-06-12 10.3 10.36 10.27 10.27
2014-06-23 10.31 10.4 10.03 10.03
2014-06-26 10.67 10.71 10.53 10.53
2014-07-10 11.35 11.39 11.05 11.05
2014-08-22 13.13 13.22 12.93 12.93
2014-08-29 12.89 12.94 12.69 12.69
2014-09-01 13.27 13.49 12.91 12.91
2014-09-11 13.21 13.36 13.1 13.1
2014-10-20 13.69 13.7 12.98 12.98
2014-10-27 14.09 14.15 13.82 13.82
2014-12-04 15.07 15.18 14.67 14.67
2014-12-15 16.08 16.3 15.6 15.6
2015-01-06 15.09 15.26 14.2 14.2
2015-01-09 14.73 15.0 14.61 14.61
2015-01-20 14.43 14.47 14.14 14.14
2015-02-02 14.91 14.98 14.3 14.3
2015-02-25 14.34 14.39 14.21 14.21
2015-02-26 14.41 14.43 14.29 14.29
2015-03-04 15.85 16.03 14.67 14.67
2015-03-13 15.16 15.26 15.05 15.05
2015-03-16 15.47 15.55 15.21 15.21
2015-04-01 19.04 19.26 17.55 17.55
2015-04-22 22.92 23.2 21.9 21.9
2015-05-21 25.52 25.52 23.2 23.2
2015-06-09 27.91 27.91 27.91 27.91
2015-07-09 23.93 23.93 19.58 19.58
2015-07-23 28.55 28.86 28.2 28.2
2015-08-04 27.12 27.47 26.37 26.37
2015-10-08 23.46 23.97 22.7 22.7
2015-10-12 24.22 24.58 23.49 23.49
2015-10-22 24.53 24.58 23.8 23.8
2015-12-25 24.4 24.66 24.18 24.18
2015-12-31 25.39 25.97 25.3 25.3
2016-01-19 22.36 22.57 21.51 21.51
2016-01-22 22.78 23.78 21.92 21.92
2016-02-04 24.81 25.36 24.5 24.5
2016-03-07 24.76 25.32 24.4 24.4
2016-03-29 25.84 26.18 25.41 25.41
2016-04-05 26.86 27.16 25.94 25.94
2016-05-03 27.8 27.96 26.83 26.83
2016-05-20 30.67 30.69 29.6 29.6
2016-06-17 24.47 25.03 24.15 24.15
2016-07-28 24.55 24.76 24.11 24.11
2016-07-29 24.79 25.24 24.45 24.45
2016-08-02 24.02 24.09 23.77 23.77
2016-09-26 24.86 25.28 24.72 24.72
2016-09-30 25.92 26.46 25.84 25.84
2016-12-06 23.57 23.59 23.01 23.01
2017-01-26 21.33 21.48 21.18 21.18
2017-02-20 20.35 20.45 20.22 20.22
2017-03-02 21.13 21.18 20.63 20.63
2017-03-07 22.28 22.42 21.28 21.28
2017-03-24 22.38 22.41 21.91 21.91
2017-03-31 22.0 22.15 21.66 21.66
2017-04-26 19.51 19.87 19.35 19.35
2017-05-05 18.99 19.06 18.68 18.68
2017-05-23 19.58 19.99 19.42 19.42
2017-05-26 20.08 20.29 19.45 19.45
2017-06-28 21.28 21.5 20.0 20.0
2017-07-03 21.23 21.47 20.95 20.95
2017-08-18 19.39 19.63 19.24 19.24
