1997-12-09 6.61 6.66 6.38 6.38
1998-03-20 10.75 10.95 9.95 9.95
1998-03-30 15.38 15.38 14.15 14.15
1998-05-19 14.65 14.85 14.55 14.55
1998-05-25 14.9 15.09 14.6 14.6
1998-06-18 14.8 14.87 14.2 14.2
1998-07-13 14.75 14.86 14.46 14.46
1998-08-04 14.3 14.47 13.03 13.03
1998-08-05 15.29 15.47 14.33 14.33
1998-08-24 12.54 12.54 11.46 11.46
1999-01-29 10.92 11.18 10.58 10.58
1999-03-05 11.09 11.15 10.6 10.6
1999-03-11 11.78 11.82 11.09 11.09
1999-04-14 10.54 10.74 10.2 10.2
1999-05-06 10.1 10.2 9.66 9.66
1999-05-11 9.64 9.65 9.45 9.45
1999-05-17 9.68 10.0 9.58 9.58
1999-05-21 10.28 10.67 10.2 10.2
1999-05-26 10.29 10.49 10.0 10.0
1999-06-01 10.96 10.99 10.4 10.4
1999-06-16 11.4 11.4 10.95 10.95
1999-06-18 11.85 12.28 11.31 11.31
1999-07-08 11.45 11.7 11.3 11.3
1999-08-23 14.47 14.7 13.85 13.85
1999-08-24 15.1 15.65 14.65 14.65
1999-08-31 15.7 15.8 15.4 15.4
1999-09-08 14.8 15.1 14.78 14.78
1999-09-22 14.4 14.65 14.32 14.32
1999-10-15 14.2 14.46 13.95 13.95
1999-11-26 12.67 12.9 12.4 12.4
1999-12-15 11.49 11.66 11.35 11.35
2000-01-20 10.81 11.35 10.55 10.55
2000-03-02 12.6 12.78 11.8 11.8
2000-03-15 11.88 12.17 11.5 11.5
2000-04-26 14.87 15.35 14.6 14.6
2000-05-08 15.1 15.1 14.75 14.75
2000-06-13 17.43 18.0 17.05 17.05
2000-06-16 17.4 17.7 17.37 17.37
2000-07-05 15.15 15.6 15.0 15.0
2000-07-10 14.7 14.8 14.01 14.01
2000-09-11 16.64 16.82 16.51 16.51
2000-09-13 16.46 16.61 15.51 15.51
2000-09-15 17.16 17.39 16.52 16.52
2000-09-21 16.5 16.88 16.2 16.2
2000-11-02 17.15 17.48 16.71 16.71
2000-11-09 16.8 17.08 16.61 16.61
2001-03-07 13.31 13.42 13.24 13.24
2001-03-26 14.86 14.97 14.75 14.75
2001-03-30 15.2 15.5 14.3 14.3
2001-04-09 15.5 15.5 15.04 15.04
2001-04-20 15.39 15.65 15.1 15.1
2001-04-27 15.84 16.15 15.57 15.57
2001-05-24 17.8 18.1 17.25 17.25
2001-06-12 17.3 17.3 17.05 17.05
2001-06-15 16.9 16.99 16.7 16.7
2001-06-25 16.72 16.86 16.5 16.5
2001-08-01 15.37 15.44 14.71 14.71
2001-09-11 14.88 14.9 14.5 14.5
2001-09-24 13.02 13.49 12.99 12.99
2001-09-27 12.18 12.46 12.0 12.0
2001-10-24 10.89 10.89 10.89 10.89
2001-10-29 12.27 12.27 12.03 12.03
2001-11-27 13.59 13.7 13.11 13.11
2001-11-30 14.09 14.25 13.92 13.92
2001-12-05 13.09 13.55 13.09 13.09
2001-12-06 13.32 13.38 12.55 12.55
2001-12-12 13.69 13.99 13.62 13.62
2001-12-25 12.56 12.6 12.35 12.35
2003-04-11 13.68 13.75 13.55 13.55
2003-05-15 13.29 13.34 13.01 13.01
2003-05-19 13.4 13.6 13.11 13.11
2003-05-21 13.49 13.57 13.3 13.3
2003-06-04 13.4 13.45 13.2 13.2
2003-06-11 13.13 13.15 13.0 13.0
2003-06-13 13.15 13.18 13.0 13.0
2003-07-09 11.93 11.94 11.8 11.8
2003-08-01 11.59 11.7 11.51 11.51
2003-08-19 11.27 11.78 10.96 10.96
2003-09-05 10.8 10.98 10.63 10.63
2003-10-31 9.57 9.78 9.5 9.5
2003-11-17 9.0 9.09 8.95 8.95
2003-11-19 9.0 9.29 8.8 8.8
2003-11-24 9.45 9.46 9.03 9.03
2003-12-01 9.55 9.59 9.21 9.21
2004-05-27 9.9 9.95 9.62 9.62
2004-05-31 9.82 9.92 9.73 9.73
2004-06-01 10.15 10.18 9.82 9.82
2004-08-03 7.58 7.69 7.51 7.51
2004-09-15 7.17 7.32 6.82 6.82
2004-09-20 7.92 7.94 7.55 7.55
2005-04-06 5.09 5.1 4.95 4.95
2005-05-30 4.24 4.25 4.12 4.12
2005-06-29 4.7 4.76 4.52 4.52
2005-10-13 4.69 4.76 4.61 4.61
2005-11-25 4.82 4.84 4.72 4.72
2005-11-30 4.86 4.95 4.65 4.65
2005-12-07 4.48 4.49 4.41 4.41
2005-12-09 4.56 4.58 4.42 4.42
2005-12-12 4.68 4.71 4.56 4.56
2006-01-04 4.85 4.91 4.8 4.8
2006-01-12 5.05 5.08 4.95 4.95
2006-01-18 4.96 5.01 4.85 4.85
2006-01-23 5.1 5.2 5.0 5.0
2006-02-07 4.94 4.95 4.82 4.82
2006-05-22 6.15 6.15 6.15 6.15
2006-06-16 6.14 6.24 6.05 6.05
2006-10-27 8.94 8.94 8.94 8.94
2006-10-31 9.83 9.83 9.83 9.83
2006-11-01 10.81 10.81 10.81 10.81
2006-12-18 18.42 18.8 17.01 17.01
2007-04-03 42.21 43.95 40.11 40.11
2007-06-07 76.03 76.88 69.52 69.52
2007-12-26 64.94 66.17 64.18 64.18
2007-12-28 66.33 67.6 66.23 66.23
2008-05-30 50.61 50.61 46.3 46.3
2008-07-14 43.41 44.5 39.5 39.5
2008-07-22 42.26 43.73 42.0 42.0
2009-01-14 26.3 26.3 23.88 23.88
2009-01-16 26.28 27.7 25.91 25.91
2009-03-04 30.04 30.26 27.99 27.99
2009-09-09 21.63 21.63 19.88 19.88
2010-07-22 14.34 14.39 13.83 13.83
2010-08-11 14.5 14.66 14.3 14.3
2010-08-13 14.41 14.45 14.15 14.15
2010-08-23 15.16 15.3 14.45 14.45
2011-03-07 16.02 16.19 15.78 15.78
2011-03-25 15.88 15.99 15.7 15.7
2011-03-28 15.94 16.15 15.9 15.9
2011-05-20 14.62 14.83 14.55 14.55
2011-08-15 12.57 12.64 12.37 12.37
2011-08-23 12.21 12.24 11.92 11.92
2012-01-12 10.13 10.29 10.08 10.08
2012-02-15 10.73 10.95 10.33 10.33
2012-08-01 11.79 11.97 11.52 11.52
2013-04-15 15.21 15.34 14.53 14.53
2014-01-09 18.96 19.32 18.55 18.55
2014-07-22 20.07 20.28 19.55 19.55
2015-01-21 17.1 17.34 16.27 16.27
2015-01-23 17.37 18.0 17.21 17.21
2016-09-27 12.69 12.71 12.53 12.53
2016-12-15 12.75 12.94 12.63 12.63
2016-12-21 13.04 13.25 12.84 12.84
2017-01-19 13.07 13.15 13.01 13.01
2017-01-20 13.19 13.23 13.0 13.0
2017-03-16 13.66 13.79 13.44 13.44
2017-06-16 11.78 11.86 11.71 11.71
2017-06-19 12.05 12.19 11.79 11.79
2017-06-26 11.96 11.99 11.8 11.8
2017-09-01 12.32 12.46 12.0 12.0
