1997-08-14 7.55 7.55 7.16 7.16
1997-08-27 7.4 7.43 7.06 7.06
1997-10-06 6.45 6.68 6.4 6.4
1997-11-07 6.91 6.94 6.66 6.66
1997-12-05 6.54 6.66 6.5 6.5
1997-12-09 6.61 6.66 6.38 6.38
1998-03-16 10.0 10.0 9.41 9.41
1998-03-20 10.75 10.95 9.95 9.95
1998-03-30 15.38 15.38 14.15 14.15
1998-04-15 15.48 15.88 14.91 14.91
1998-05-13 15.27 15.27 14.0 14.0
1998-05-19 14.65 14.85 14.55 14.55
1998-05-25 14.9 15.09 14.6 14.6
1998-06-12 16.39 16.98 16.1 16.1
1998-06-18 14.8 14.87 14.2 14.2
1998-07-10 14.7 14.7 14.14 14.14
1998-07-13 14.75 14.86 14.46 14.46
1998-07-28 14.29 14.45 14.1 14.1
1998-08-04 14.3 14.47 13.03 13.03
1998-08-05 15.29 15.47 14.33 14.33
1998-08-21 11.4 11.55 11.05 11.05
1998-08-24 12.54 12.54 11.46 11.46
1998-09-24 14.87 15.1 14.45 14.45
1998-10-28 14.16 14.28 13.3 13.3
1998-12-08 10.78 10.98 10.58 10.58
1999-01-11 10.78 10.9 10.31 10.31
1999-01-21 10.27 10.38 9.55 9.55
1999-01-29 10.92 11.18 10.58 10.58
1999-03-03 10.91 11.04 10.5 10.5
1999-03-05 11.09 11.15 10.6 10.6
1999-03-11 11.78 11.82 11.09 11.09
1999-03-29 11.68 11.82 11.23 11.23
1999-04-13 10.16 10.35 10.0 10.0
1999-04-14 10.54 10.74 10.2 10.2
1999-04-29 9.8 9.89 9.28 9.28
1999-05-06 10.1 10.2 9.66 9.66
1999-05-11 9.64 9.65 9.45 9.45
1999-05-17 9.68 10.0 9.58 9.58
1999-05-21 10.28 10.67 10.2 10.2
1999-05-26 10.29 10.49 10.0 10.0
1999-06-01 10.96 10.99 10.4 10.4
1999-06-14 12.06 12.26 11.39 11.39
1999-06-16 11.4 11.4 10.95 10.95
1999-06-18 11.85 12.28 11.31 11.31
1999-07-02 11.85 12.35 11.4 11.4
1999-07-08 11.45 11.7 11.3 11.3
1999-07-23 12.27 12.48 12.1 12.1
1999-08-05 13.25 13.56 12.35 12.35
1999-08-19 14.08 14.3 13.9 13.9
1999-08-23 14.47 14.7 13.85 13.85
1999-08-24 15.1 15.65 14.65 14.65
1999-08-31 15.7 15.8 15.4 15.4
1999-09-08 14.8 15.1 14.78 14.78
1999-09-17 14.6 14.73 14.43 14.43
1999-09-22 14.4 14.65 14.32 14.32
1999-10-11 13.85 14.1 12.41 12.41
1999-10-15 14.2 14.46 13.95 13.95
1999-10-26 13.84 13.99 13.6 13.6
1999-11-23 12.77 12.83 12.21 12.21
1999-11-26 12.67 12.9 12.4 12.4
1999-12-09 11.18 11.3 11.1 11.1
1999-12-15 11.49 11.66 11.35 11.35
2000-01-19 10.32 10.32 9.5 9.5
2000-01-20 10.81 11.35 10.55 10.55
2000-02-28 12.53 12.53 11.38 11.38
2000-03-02 12.6 12.78 11.8 11.8
2000-03-13 12.05 12.28 11.9 11.9
2000-03-15 11.88 12.17 11.5 11.5
2000-03-27 12.85 13.0 12.42 12.42
2000-04-21 13.79 13.8 13.15 13.15
2000-04-26 14.87 15.35 14.6 14.6
2000-05-08 15.1 15.1 14.75 14.75
2000-06-06 18.17 18.18 17.0 17.0
2000-06-13 17.43 18.0 17.05 17.05
2000-06-16 17.4 17.7 17.37 17.37
2000-06-28 16.08 16.1 15.5 15.5
2000-07-05 15.15 15.6 15.0 15.0
2000-07-10 14.7 14.8 14.01 14.01
2000-07-26 17.99 18.46 16.88 16.88
2000-08-22 17.7 18.1 17.02 17.02
2000-09-06 16.3 16.65 16.01 16.01
2000-09-11 16.64 16.82 16.51 16.51
2000-09-13 16.46 16.61 15.51 15.51
2000-09-15 17.16 17.39 16.52 16.52
2000-09-21 16.5 16.88 16.2 16.2
2000-10-10 17.58 17.9 17.3 17.3
2000-10-26 18.0 18.2 17.74 17.74
2000-11-02 17.15 17.48 16.71 16.71
2000-11-09 16.8 17.08 16.61 16.61
2000-11-30 18.56 18.74 17.92 17.92
2001-01-04 17.75 17.98 17.28 17.28
2001-01-19 15.76 15.8 15.53 15.53
2001-02-19 14.2 14.28 13.92 13.92
2001-03-02 13.36 13.44 13.0 13.0
2001-03-07 13.31 13.42 13.24 13.24
2001-03-16 14.61 14.74 14.2 14.2
2001-03-26 14.86 14.97 14.75 14.75
2001-03-30 15.2 15.5 14.3 14.3
2001-04-09 15.5 15.5 15.04 15.04
2001-04-18 15.2 15.49 14.9 14.9
2001-04-20 15.39 15.65 15.1 15.1
2001-04-27 15.84 16.15 15.57 15.57
2001-05-18 17.04 17.1 16.5 16.5
2001-05-24 17.8 18.1 17.25 17.25
2001-06-04 17.58 17.9 17.4 17.4
2001-06-12 17.3 17.3 17.05 17.05
2001-06-15 16.9 16.99 16.7 16.7
2001-06-25 16.72 16.86 16.5 16.5
2001-07-18 17.49 17.54 17.1 17.1
2001-07-27 16.2 16.7 16.11 16.11
2001-08-01 15.37 15.44 14.71 14.71
2001-08-15 15.68 15.78 15.1 15.1
2001-09-03 14.69 14.79 14.6 14.6
2001-09-11 14.88 14.9 14.5 14.5
2001-09-21 13.1 13.54 12.96 12.96
2001-09-24 13.02 13.49 12.99 12.99
2001-09-27 12.18 12.46 12.0 12.0
2001-10-23 10.37 10.37 10.37 10.37
2001-10-24 10.89 10.89 10.89 10.89
2001-10-29 12.27 12.27 12.03 12.03
2001-11-19 13.7 13.89 13.4 13.4
2001-11-27 13.59 13.7 13.11 13.11
2001-11-30 14.09 14.25 13.92 13.92
2001-12-05 13.09 13.55 13.09 13.09
2001-12-06 13.32 13.38 12.55 12.55
2001-12-12 13.69 13.99 13.62 13.62
2001-12-21 12.63 12.71 12.5 12.5
2001-12-25 12.56 12.6 12.35 12.35
2003-04-07 14.21 14.79 14.1 14.1
2003-04-11 13.68 13.75 13.55 13.55
2003-05-14 13.39 13.45 12.65 12.65
2003-05-15 13.29 13.34 13.01 13.01
2003-05-19 13.4 13.6 13.11 13.11
2003-05-21 13.49 13.57 13.3 13.3
2003-05-30 13.3 13.6 12.92 12.92
2003-06-04 13.4 13.45 13.2 13.2
2003-06-11 13.13 13.15 13.0 13.0
2003-06-13 13.15 13.18 13.0 13.0
2003-07-03 11.73 11.79 11.55 11.55
2003-07-09 11.93 11.94 11.8 11.8
2003-07-29 11.76 11.87 11.57 11.57
2003-08-01 11.59 11.7 11.51 11.51
2003-08-18 10.94 10.95 10.71 10.71
2003-08-19 11.27 11.78 10.96 10.96
2003-09-01 10.72 10.74 10.52 10.52
2003-09-05 10.8 10.98 10.63 10.63
2003-09-16 9.85 9.97 9.8 9.8
2003-10-30 9.56 9.68 9.21 9.21
2003-10-31 9.57 9.78 9.5 9.5
2003-11-13 8.8 8.92 8.65 8.65
2003-11-17 9.0 9.09 8.95 8.95
2003-11-19 9.0 9.29 8.8 8.8
2003-11-24 9.45 9.46 9.03 9.03
2003-12-01 9.55 9.59 9.21 9.21
2003-12-12 9.96 9.96 9.08 9.08
2004-02-02 10.12 10.45 9.65 9.65
2004-03-19 11.94 12.12 11.4 11.4
2004-04-28 9.7 9.82 9.55 9.55
2004-05-20 10.23 10.4 10.15 10.15
2004-05-27 9.9 9.95 9.62 9.62
2004-05-31 9.82 9.92 9.73 9.73
2004-06-01 10.15 10.18 9.82 9.82
2004-06-16 9.23 9.34 9.0 9.0
2004-07-06 9.03 9.05 8.8 8.8
2004-07-15 8.18 8.37 8.1 8.1
2004-08-02 7.64 7.79 7.57 7.57
2004-08-03 7.58 7.69 7.51 7.51
2004-08-17 8.1 8.36 7.56 7.56
2004-09-14 6.82 6.97 6.65 6.65
2004-09-15 7.17 7.32 6.82 6.82
2004-09-20 7.92 7.94 7.55 7.55
2004-10-08 7.17 7.18 6.83 6.83
2004-11-15 6.75 6.88 6.53 6.53
2004-11-26 6.71 6.77 6.6 6.6
2004-12-22 6.45 6.47 6.3 6.3
2005-01-04 6.15 6.18 6.13 6.13
2005-01-13 6.32 6.35 6.26 6.26
2005-02-01 5.47 5.67 5.45 5.45
2005-03-01 6.35 6.43 6.03 6.03
2005-04-05 4.97 5.19 4.9 4.9
2005-04-06 5.09 5.1 4.95 4.95
2005-05-25 4.22 4.3 4.12 4.12
2005-05-30 4.24 4.25 4.12 4.12
2005-06-22 4.7 4.85 4.58 4.58
2005-06-29 4.7 4.76 4.52 4.52
2005-07-22 3.5 3.55 3.39 3.39
2005-09-07 4.75 4.76 4.52 4.52
2005-10-11 4.64 4.64 4.43 4.43
2005-10-13 4.69 4.76 4.61 4.61
2005-11-14 4.51 4.6 4.45 4.45
2005-11-23 4.66 4.7 4.58 4.58
2005-11-25 4.82 4.84 4.72 4.72
2005-11-30 4.86 4.95 4.65 4.65
2005-12-07 4.48 4.49 4.41 4.41
2005-12-09 4.56 4.58 4.42 4.42
2005-12-12 4.68 4.71 4.56 4.56
2005-12-28 5.08 5.09 4.83 4.83
2006-01-04 4.85 4.91 4.8 4.8
2006-01-12 5.05 5.08 4.95 4.95
2006-01-18 4.96 5.01 4.85 4.85
2006-01-23 5.1 5.2 5.0 5.0
2006-02-07 4.94 4.95 4.82 4.82
2006-02-20 4.96 5.11 4.9 4.9
2006-03-15 4.78 4.86 4.74 4.74
2006-05-12 4.79 4.8 4.52 4.52
2006-05-22 6.15 6.15 6.15 6.15
2006-06-15 6.01 6.31 5.9 5.9
2006-06-16 6.14 6.24 6.05 6.05
2006-06-30 6.43 6.55 6.24 6.24
2006-07-19 6.73 6.74 6.23 6.23
2006-08-07 6.22 6.32 6.11 6.11
2006-10-26 8.13 8.13 8.13 8.13
2006-10-27 8.94 8.94 8.94 8.94
2006-10-31 9.83 9.83 9.83 9.83
2006-11-01 10.81 10.81 10.81 10.81
2006-11-17 12.18 12.33 11.83 11.83
2006-11-30 13.32 13.6 13.01 13.01
2006-12-11 15.34 15.59 14.35 14.35
2006-12-18 18.42 18.8 17.01 17.01
2007-03-29 41.24 48.8 35.01 35.01
2007-04-03 42.21 43.95 40.11 40.11
2007-04-18 45.65 45.65 41.0 41.0
2007-05-30 79.46 83.8 79.46 79.46
2007-06-07 76.03 76.88 69.52 69.52
2007-07-19 102.38 103.0 97.01 97.01
2007-08-22 77.39 79.7 76.12 76.12
2007-09-12 67.18 67.18 61.0 61.0
2007-10-15 74.99 74.99 70.11 70.11
2007-10-31 63.98 64.5 62.01 62.01
2007-12-19 60.97 62.0 59.73 59.73
2007-12-26 64.94 66.17 64.18 64.18
2007-12-28 66.33 67.6 66.23 66.23
2008-01-14 69.63 69.99 68.37 68.37
2008-02-04 55.6 55.66 51.7 51.7
2008-05-05 50.17 52.97 45.21 45.21
2008-05-27 42.13 42.13 38.01 38.01
2008-05-30 50.61 50.61 46.3 46.3
2008-07-09 43.76 44.7 43.13 43.13
2008-07-14 43.41 44.5 39.5 39.5
2008-07-22 42.26 43.73 42.0 42.0
2008-08-27 31.5 32.7 30.1 30.1
2008-09-19 28.09 28.09 28.09 28.09
2008-11-05 21.71 22.36 21.1 21.1
2009-01-09 24.6 24.95 24.3 24.3
2009-01-14 26.3 26.3 23.88 23.88
2009-01-16 26.28 27.7 25.91 25.91
2009-02-16 34.63 35.3 33.4 33.4
2009-02-27 27.99 28.69 27.72 27.72
2009-03-04 30.04 30.26 27.99 27.99
2009-03-23 31.77 32.28 30.2 30.2
2009-04-09 37.68 37.8 35.25 35.25
2009-04-28 36.87 37.16 35.6 35.6
2009-05-22 36.08 36.44 35.09 35.09
2009-07-06 25.33 26.35 24.3 24.3
2009-07-21 26.27 27.33 26.1 26.1
2009-09-03 19.14 19.23 17.91 17.91
2009-09-09 21.63 21.63 19.88 19.88
2009-10-15 20.86 21.66 20.82 20.82
2009-11-16 24.67 24.73 23.93 23.93
2009-12-03 23.93 24.5 23.59 23.59
2009-12-30 24.1 24.32 23.29 23.29
2010-01-19 23.51 23.78 23.25 23.25
2010-02-08 19.88 20.1 19.4 19.4
2010-03-05 20.47 20.78 20.11 20.11
2010-03-29 20.78 20.85 20.43 20.43
2010-06-08 14.9 15.2 14.47 14.47
2010-07-21 13.95 14.17 13.9 13.9
2010-07-22 14.34 14.39 13.83 13.83
2010-08-06 15.08 15.1 14.49 14.49
2010-08-11 14.5 14.66 14.3 14.3
2010-08-13 14.41 14.45 14.15 14.15
2010-08-23 15.16 15.3 14.45 14.45
2010-09-16 16.68 17.5 16.23 16.23
2010-11-05 20.0 20.36 19.9 19.9
2011-01-26 14.02 14.05 13.72 13.72
2011-03-04 15.73 15.76 15.4 15.4
2011-03-07 16.02 16.19 15.78 15.78
2011-03-18 15.64 15.99 15.45 15.45
2011-03-25 15.88 15.99 15.7 15.7
2011-03-28 15.94 16.15 15.9 15.9
2011-05-13 15.26 15.48 14.1 14.1
2011-05-20 14.62 14.83 14.55 14.55
2011-06-20 13.87 14.02 13.51 13.51
2011-07-04 14.77 14.96 14.52 14.52
2011-07-22 14.18 14.37 14.14 14.14
2011-08-05 13.25 13.4 12.98 12.98
2011-08-15 12.57 12.64 12.37 12.37
2011-08-23 12.21 12.24 11.92 11.92
2011-09-09 13.16 13.66 12.88 12.88
2011-11-17 12.32 12.41 12.25 12.25
2011-12-06 11.18 11.28 11.06 11.06
2012-01-10 10.38 10.45 9.97 9.97
2012-01-12 10.13 10.29 10.08 10.08
2012-02-10 10.43 10.65 10.31 10.31
2012-02-15 10.73 10.95 10.33 10.33
2012-03-02 11.48 11.5 11.17 11.17
2012-03-30 10.99 11.12 10.73 10.73
2012-05-22 15.03 15.3 14.6 14.6
2012-06-18 15.49 15.75 15.16 15.16
2012-07-24 12.58 12.69 12.15 12.15
2012-08-01 11.79 11.97 11.52 11.52
2012-08-28 10.77 11.14 10.13 10.13
2012-09-07 13.2 13.2 12.18 12.18
2012-09-18 12.19 12.4 12.1 12.1
2012-11-27 14.43 14.91 14.3 14.3
2012-12-10 13.86 14.09 13.7 13.7
2013-01-14 18.25 18.25 16.54 16.54
2013-01-28 18.21 18.27 17.36 17.36
2013-03-14 15.94 16.25 15.85 15.85
2013-04-09 15.15 15.39 14.95 14.95
2013-04-15 15.21 15.34 14.53 14.53
2013-08-05 12.76 12.77 12.51 12.51
2013-09-12 13.87 14.29 13.51 13.51
2013-10-18 12.55 12.69 12.33 12.33
2013-11-04 12.58 12.75 12.52 12.52
2013-11-15 12.45 12.93 11.94 11.94
2013-12-18 15.86 16.18 15.63 15.63
2013-12-27 16.14 16.97 15.6 15.6
2014-01-08 18.5 18.74 17.15 17.15
2014-01-09 18.96 19.32 18.55 18.55
2014-01-28 20.08 20.14 18.7 18.7
2014-02-17 26.77 26.77 24.39 24.39
2014-07-18 19.96 20.16 19.51 19.51
2014-07-22 20.07 20.28 19.55 19.55
2014-08-11 22.07 22.28 21.83 21.83
2014-08-27 21.5 21.69 21.28 21.28
2014-11-26 16.78 17.15 16.02 16.02
2014-12-12 19.18 20.08 18.61 18.61
2015-01-19 17.07 17.27 17.07 17.07
2015-01-21 17.1 17.34 16.27 16.27
2015-01-23 17.37 18.0 17.21 17.21
2015-02-17 17.59 17.9 17.42 17.42
2015-06-03 29.68 30.49 28.6 28.6
2015-07-13 18.24 18.24 18.24 18.24
2015-09-30 12.1 12.42 11.95 11.95
2015-10-19 15.02 15.8 14.5 14.5
2016-02-04 11.73 11.88 11.64 11.64
2016-03-14 12.43 12.77 12.12 12.12
2016-04-13 14.38 14.8 14.13 14.13
2016-09-21 12.81 12.91 12.68 12.68
2016-09-27 12.69 12.71 12.53 12.53
2016-10-18 12.92 12.93 12.61 12.61
2016-12-13 12.92 13.04 12.83 12.83
2016-12-15 12.75 12.94 12.63 12.63
2016-12-21 13.04 13.25 12.84 12.84
2017-01-12 13.18 13.32 13.11 13.11
2017-01-19 13.07 13.15 13.01 13.01
2017-01-20 13.19 13.23 13.0 13.0
2017-03-15 13.44 13.49 13.2 13.2
2017-03-16 13.66 13.79 13.44 13.44
2017-06-08 11.79 11.82 11.7 11.7
2017-06-16 11.78 11.86 11.71 11.71
2017-06-19 12.05 12.19 11.79 11.79
2017-06-26 11.96 11.99 11.8 11.8
2017-08-31 11.98 12.03 11.86 11.86
2017-09-01 12.32 12.46 12.0 12.0
