2006-12-01 8.07 8.25 8.03 8.03
2006-12-25 9.43 9.79 9.15 9.15
2007-01-10 11.54 11.6 11.05 11.05
2007-01-15 12.68 12.68 11.57 11.57
2007-01-22 13.65 13.89 13.32 13.32
2007-02-16 14.56 14.9 13.82 13.82
2007-02-28 15.85 15.86 14.3 14.3
2007-03-22 16.49 16.98 16.23 16.23
2007-03-26 19.2 19.26 17.62 17.62
2007-04-02 21.03 21.03 19.5 19.5
2007-04-09 28.36 28.62 25.91 25.91
2007-04-13 34.0 34.97 31.79 31.79
2007-04-20 31.96 32.5 31.0 31.0
2007-04-27 32.68 35.78 32.68 32.68
2007-05-15 42.51 43.37 39.0 39.0
2007-05-17 47.27 47.27 43.1 43.1
2007-05-30 45.86 48.4 45.86 45.86
2007-07-23 40.01 40.8 37.51 37.51
2007-07-25 40.96 41.6 40.11 40.11
2007-07-26 42.89 43.5 41.05 41.05
2007-07-30 45.04 46.43 42.05 42.05
2007-08-02 47.08 47.2 44.0 44.0
2007-08-09 57.22 57.22 51.66 51.66
2007-09-06 58.48 60.0 58.02 58.02
2007-11-13 26.58 27.49 26.18 26.18
2007-12-07 28.99 29.19 27.6 27.6
2007-12-11 31.81 32.89 31.0 31.0
2007-12-19 31.16 31.54 30.38 30.38
2007-12-27 34.34 34.65 33.26 33.26
2007-12-28 34.67 35.5 34.39 34.39
2008-01-07 37.31 38.38 35.89 35.89
2008-01-23 37.31 37.31 33.9 33.9
2008-02-04 38.95 38.95 36.5 36.5
2008-02-27 38.87 39.73 38.0 38.0
2008-03-17 31.18 33.3 31.15 31.15
2008-04-15 26.4 26.41 23.16 23.16
2008-07-07 13.29 13.58 12.51 12.51
2008-07-09 14.19 14.43 13.6 13.6
2008-07-24 12.98 13.03 12.56 12.56
2008-08-12 10.94 11.35 10.8 10.8
2008-09-12 5.25 5.48 5.15 5.15
2008-10-23 5.1 5.18 4.8 4.8
2008-11-05 4.38 4.47 4.27 4.27
2009-01-14 5.29 5.33 5.05 5.05
2009-02-03 5.91 5.97 5.66 5.66
2009-02-06 6.28 6.33 5.95 5.95
2009-02-16 7.9 8.15 7.6 7.6
2009-03-04 6.61 6.65 6.22 6.22
2009-03-19 7.11 7.12 6.64 6.64
2009-04-01 7.39 7.5 7.17 7.17
2009-07-06 8.94 9.33 8.7 8.7
2009-07-20 9.5 9.66 9.2 9.2
2009-07-27 10.36 10.36 9.76 9.76
2009-09-28 8.68 8.95 8.38 8.38
2009-11-12 9.87 10.34 9.85 9.85
2009-11-16 10.11 10.3 9.76 9.76
2009-11-30 9.67 9.79 9.26 9.26
2009-12-02 10.22 10.58 9.98 9.98
2009-12-23 9.24 9.29 9.11 9.11
2010-03-03 10.22 10.29 9.85 9.85
2010-03-22 10.05 10.17 10.01 10.01
2010-04-01 10.26 10.4 10.06 10.06
2010-04-09 10.33 10.36 10.08 10.08
2010-05-24 7.64 7.73 7.36 7.36
2010-05-26 7.58 7.66 7.47 7.47
2010-07-01 6.35 6.45 6.32 6.32
2010-08-11 7.29 7.3 7.08 7.08
2010-08-16 7.62 7.68 7.51 7.51
2010-10-15 8.19 8.39 7.91 7.91
2010-10-28 8.15 8.19 8.06 8.06
2010-11-05 8.71 8.83 8.68 8.68
2010-12-01 7.9 7.95 7.82 7.82
2011-03-14 8.83 8.89 8.5 8.5
2011-03-15 9.35 9.7 8.72 8.72
2011-04-01 8.68 8.72 8.5 8.5
2011-04-07 8.85 8.86 8.7 8.7
2011-05-05 7.96 8.06 7.9 7.9
2011-05-09 8.0 8.05 7.91 7.91
2011-05-13 8.25 8.34 7.96 7.96
2011-05-18 8.28 8.31 8.16 8.16
2011-06-03 7.2 7.27 7.08 7.08
2011-06-30 7.22 7.28 7.18 7.18
2011-07-13 7.41 7.44 7.31 7.31
2011-07-14 7.51 7.54 7.38 7.38
2011-08-23 7.0 7.07 6.9 6.9
2011-09-21 6.83 6.83 6.62 6.62
2011-10-26 6.43 6.48 6.26 6.26
2011-11-04 6.6 6.62 6.54 6.54
2011-11-14 6.52 6.54 6.42 6.42
2011-11-17 6.48 6.52 6.44 6.44
2011-11-28 6.21 6.27 6.18 6.18
2011-12-30 4.83 4.88 4.8 4.8
2012-03-02 5.4 5.42 5.3 5.3
2012-03-05 5.6 5.63 5.39 5.39
2012-03-16 5.38 5.4 5.22 5.22
2012-03-19 5.55 5.59 5.35 5.35
2012-04-20 5.93 6.06 5.72 5.72
2012-05-10 5.58 5.65 5.56 5.56
2012-05-16 5.67 5.72 5.61 5.61
2012-05-30 5.54 5.63 5.51 5.51
2012-06-18 5.28 5.32 5.23 5.23
2012-06-29 4.84 4.84 4.76 4.76
2012-07-26 4.53 4.62 4.5 4.5
2012-08-01 4.41 4.44 4.33 4.33
2012-09-21 4.65 4.89 4.61 4.61
2012-10-09 4.71 4.72 4.6 4.6
2012-11-01 4.84 4.85 4.75 4.75
2012-11-09 4.62 4.69 4.6 4.6
2012-11-30 4.13 4.14 4.07 4.07
2012-12-14 4.4 4.42 4.21 4.21
2012-12-26 4.54 4.55 4.5 4.5
2013-01-14 4.93 5.01 4.53 4.53
2013-01-21 4.93 4.98 4.89 4.89
2013-01-23 5.05 5.16 4.96 4.96
2013-01-31 5.49 5.59 5.23 5.23
2013-02-08 5.88 5.9 5.58 5.58
2013-04-01 5.38 5.52 5.18 5.18
2013-08-22 5.59 5.66 5.55 5.55
2013-08-29 5.59 5.67 5.57 5.57
2013-10-08 5.76 5.77 5.64 5.64
2013-11-07 5.63 5.7 5.61 5.61
2013-11-18 5.67 5.73 5.5 5.5
2013-11-27 5.88 6.14 5.81 5.81
2013-12-10 5.94 6.01 5.9 5.9
2014-01-07 5.24 5.29 5.18 5.18
2014-01-21 4.92 4.94 4.86 4.86
2014-01-28 5.08 5.1 5.0 5.0
2014-01-29 5.09 5.11 5.04 5.04
2014-04-02 5.03 5.04 4.88 4.88
2014-04-29 4.96 4.99 4.8 4.8
2014-06-16 4.81 4.86 4.79 4.79
2014-06-25 5.09 5.14 4.97 4.97
2014-06-27 5.28 5.45 5.11 5.11
2014-07-09 5.23 5.35 5.14 5.14
2014-07-11 5.31 5.35 5.2 5.2
2014-07-14 5.55 5.66 5.31 5.31
2014-09-01 6.04 6.12 5.93 5.93
2014-11-10 6.96 7.02 6.8 6.8
2015-02-12 7.77 7.88 7.43 7.43
2015-03-16 8.52 8.65 8.43 8.43
2015-03-27 8.8 8.95 8.69 8.69
2015-04-22 11.48 11.58 11.1 11.1
2015-05-11 10.55 10.65 10.2 10.2
2015-05-19 10.74 10.85 10.3 10.3
2015-05-20 11.28 11.37 10.75 10.75
2015-05-22 12.1 12.5 11.65 11.65
2015-07-08 5.88 6.13 5.88 5.88
2015-07-09 6.47 6.47 5.41 5.41
2015-08-04 7.46 7.47 6.88 6.88
2015-08-07 7.7 7.72 7.37 7.37
2015-08-25 5.94 6.21 5.94 5.94
2015-09-02 5.41 5.96 5.38 5.38
2015-09-07 5.79 5.95 5.54 5.54
2015-09-08 6.37 6.37 5.64 5.64
2015-09-16 5.84 5.86 5.31 5.31
2015-10-15 6.97 7.1 6.55 6.55
2015-11-02 7.0 7.28 6.74 6.74
2015-12-10 8.2 8.32 8.11 8.11
2016-01-18 6.72 6.85 6.44 6.44
2016-02-04 6.11 6.18 6.0 6.0
2016-02-16 6.23 6.27 5.98 5.98
2016-02-19 6.52 6.55 6.32 6.32
2016-03-07 6.32 6.35 6.18 6.18
2016-03-28 6.74 6.94 6.59 6.59
2016-05-16 7.13 7.16 7.01 7.01
2016-05-31 7.19 7.19 6.93 6.93
2016-06-27 6.87 6.89 6.68 6.68
2016-07-04 7.03 7.09 6.85 6.85
2016-09-09 7.81 7.86 7.71 7.71
2016-12-22 8.57 8.79 8.2 8.2
2017-01-04 11.08 11.08 10.35 10.35
2017-02-14 11.4 11.65 11.21 11.21
2017-03-16 11.06 11.15 10.77 10.77
2017-04-28 8.61 8.69 8.52 8.52
2017-06-14 7.5 7.76 7.31 7.31
2017-06-27 8.06 8.06 7.34 7.34
2017-07-24 7.6 7.64 7.3 7.3
2017-07-26 8.17 8.27 7.53 7.53
2017-08-14 7.88 7.92 7.62 7.62
