2004-08-24 4.38 4.53 4.27 4.27
2004-09-14 4.48 4.52 4.35 4.35
2004-10-13 4.44 4.47 4.38 4.38
2004-10-22 3.89 3.94 3.55 3.55
2004-11-12 4.19 4.23 4.12 4.12
2004-11-19 4.25 4.28 4.18 4.18
2004-12-13 4.07 4.12 4.03 4.03
2004-12-21 3.89 3.94 3.86 3.86
2004-12-24 3.93 3.97 3.9 3.9
2005-01-11 3.89 3.95 3.82 3.82
2005-02-02 3.76 3.77 3.56 3.56
2005-02-16 3.79 3.84 3.78 3.78
2005-02-21 3.79 3.8 3.72 3.72
2005-03-17 3.66 3.88 3.65 3.65
2005-03-24 3.4 3.42 3.33 3.33
2005-04-07 3.26 3.31 3.22 3.22
2005-04-13 3.3 3.33 3.2 3.2
2005-05-31 3.0 3.03 2.99 2.99
2005-06-27 3.16 3.22 3.07 3.07
2005-07-06 2.66 2.7 2.63 2.63
2005-07-07 2.7 2.72 2.65 2.65
2005-07-26 2.63 2.63 2.56 2.56
2005-08-05 2.83 2.85 2.71 2.71
2005-08-15 2.93 2.93 2.82 2.82
2005-09-28 2.9 2.96 2.89 2.89
2005-10-11 2.97 2.98 2.89 2.89
2005-11-04 2.77 2.78 2.73 2.73
2005-11-11 2.67 2.7 2.63 2.63
2005-11-24 2.77 2.78 2.74 2.74
2005-12-06 2.64 2.65 2.59 2.59
2005-12-19 2.72 2.72 2.68 2.68
2006-01-04 2.81 2.82 2.77 2.77
2006-01-12 2.89 2.89 2.8 2.8
2006-02-06 3.07 3.13 2.98 2.98
2006-10-26 3.27 3.32 3.25 3.25
2007-01-15 3.45 3.46 3.3 3.3
2007-01-22 4.06 4.06 3.77 3.77
2007-02-08 4.33 4.42 4.13 4.13
2007-02-28 5.71 5.75 5.34 5.34
2007-03-06 5.39 5.4 5.19 5.19
2007-04-16 7.11 7.12 6.86 6.86
2007-04-20 7.51 7.6 7.1 7.1
2007-04-26 8.22 8.36 8.02 8.02
2007-05-28 10.28 10.44 10.22 10.22
2007-06-08 7.36 7.55 7.3 7.3
2007-06-13 7.99 7.99 7.5 7.5
2007-06-18 7.85 8.08 7.76 7.76
2007-07-02 6.08 6.15 5.64 5.64
2007-07-23 6.68 6.72 6.3 6.3
2007-07-25 6.83 6.85 6.55 6.55
2007-08-13 7.05 7.17 6.94 6.94
2007-08-30 7.71 7.75 7.43 7.43
2007-09-03 7.99 8.05 7.8 7.8
2007-09-20 9.01 9.24 8.76 8.76
2007-09-25 8.82 8.84 8.5 8.5
2007-11-13 6.69 6.8 6.56 6.56
2007-12-17 7.7 7.88 7.38 7.38
2007-12-21 7.89 7.95 7.69 7.69
2007-12-26 8.49 8.55 8.12 8.12
2008-01-02 8.64 8.65 8.19 8.19
2008-01-23 8.05 8.05 7.42 7.42
2008-02-04 8.08 8.1 7.63 7.63
2008-04-15 7.12 7.15 6.66 6.66
2008-05-08 8.57 8.63 8.33 8.33
2008-05-09 8.86 9.04 8.61 8.61
2008-06-05 9.41 9.56 9.1 9.1
2008-06-25 8.74 8.85 8.19 8.19
2008-07-31 9.32 9.7 9.02 9.02
2008-08-05 9.66 9.98 9.46 9.46
2008-09-24 7.15 7.21 6.72 6.72
2008-10-22 5.81 6.0 5.8 5.8
2008-10-24 5.95 6.09 5.88 5.88
2008-11-19 6.38 6.39 5.7 5.7
2008-12-01 7.15 7.17 6.71 6.71
2008-12-29 8.38 8.42 7.95 7.95
2009-01-05 8.29 8.3 8.08 8.08
2009-01-15 8.94 9.2 8.85 8.85
2009-01-22 9.33 9.48 9.25 9.25
2009-02-09 10.0 10.25 9.47 9.47
2009-04-07 11.78 11.8 11.5 11.5
2009-04-09 11.44 11.51 11.18 11.18
2009-04-13 12.78 12.78 11.63 11.63
2009-05-04 14.14 14.38 13.48 13.48
2009-05-12 13.55 13.6 13.03 13.03
2009-06-03 12.82 12.96 12.76 12.76
2009-06-24 12.55 12.77 12.38 12.38
2009-06-25 13.24 13.32 12.56 12.56
2009-08-18 11.9 11.94 11.6 11.6
2009-09-21 16.2 16.25 15.1 15.1
2009-10-23 16.95 17.22 16.9 16.9
2009-10-28 18.07 18.22 17.5 17.5
2009-10-30 19.19 19.35 18.23 18.23
2009-11-09 22.74 23.8 22.12 22.12
2009-12-10 24.87 25.29 23.8 23.8
2009-12-15 24.71 24.8 24.1 24.1
2010-01-08 23.17 23.38 22.65 22.65
2010-01-20 26.61 27.2 24.9 24.9
2010-02-25 27.28 27.35 26.12 26.12
2010-02-26 27.46 27.92 26.91 26.91
2010-03-08 29.0 29.88 27.6 27.6
2010-05-11 19.0 20.28 18.82 18.82
2010-05-20 18.73 19.23 18.31 18.31
2010-05-24 19.48 19.66 19.0 19.0
2010-05-28 20.31 20.39 19.2 19.2
2010-07-14 16.6 16.95 16.2 16.2
2010-07-19 17.04 17.17 16.05 16.05
2010-07-21 18.14 18.39 17.62 17.62
2010-07-28 18.63 18.79 17.68 17.68
2010-08-18 20.5 20.97 20.36 20.36
2010-08-19 20.78 20.96 20.5 20.5
2010-10-28 14.69 14.85 14.51 14.51
2010-11-18 12.98 13.15 12.8 12.8
2010-12-13 13.52 13.6 13.21 13.21
2011-01-13 11.89 11.98 11.83 11.83
2011-01-26 10.56 10.59 10.38 10.38
2011-02-24 12.47 12.57 12.33 12.33
2011-03-21 14.54 14.65 13.98 13.98
2011-04-07 13.98 14.23 13.7 13.7
2011-04-29 12.34 12.35 12.09 12.09
2011-05-31 10.97 11.0 10.56 10.56
2011-07-13 12.46 12.71 12.38 12.38
2011-09-07 10.63 10.67 10.3 10.3
2011-10-13 10.18 10.28 9.96 9.96
2011-12-30 6.97 6.99 6.76 6.76
2012-01-09 7.34 7.36 6.95 6.95
2012-01-17 7.5 7.52 6.91 6.91
2012-03-01 8.51 8.57 8.36 8.36
2012-03-02 8.86 8.87 8.52 8.52
2012-03-13 8.88 8.88 8.68 8.68
2012-04-05 7.59 7.6 7.35 7.35
2012-04-20 8.73 8.98 8.34 8.34
2012-05-17 9.17 9.3 8.77 8.77
2012-05-22 8.97 9.01 8.8 8.8
2012-08-01 7.06 7.16 6.9 6.9
2012-08-03 7.34 7.42 7.0 7.0
2012-08-31 6.81 6.88 6.78 6.78
2012-09-03 6.95 6.97 6.77 6.77
2012-09-14 7.38 7.47 7.12 7.12
2012-09-27 6.45 6.55 6.31 6.31
2012-10-09 6.79 6.8 6.43 6.43
2012-10-11 6.95 7.0 6.75 6.75
2012-10-18 6.77 6.79 6.59 6.59
2012-11-26 6.58 6.75 6.55 6.55
2012-11-30 6.34 6.46 6.23 6.23
2012-12-05 6.58 6.65 6.31 6.31
2012-12-20 7.12 7.13 6.92 6.92
2013-01-14 7.33 7.34 7.06 7.06
2013-01-18 7.82 7.85 7.43 7.43
2013-01-28 7.55 7.55 7.3 7.3
2013-02-04 7.65 7.7 7.48 7.48
2013-02-07 7.74 7.76 7.63 7.63
2013-02-20 8.05 8.08 7.58 7.58
2013-03-05 8.35 8.38 8.03 8.03
2013-04-03 8.14 8.23 8.1 8.1
2013-05-02 8.83 9.05 8.53 8.53
2013-05-08 9.19 9.26 8.94 8.94
2013-05-10 9.74 9.99 9.32 9.32
2013-09-27 9.34 9.44 9.24 9.24
2013-09-30 9.69 9.86 9.42 9.42
2013-10-08 9.87 9.96 9.6 9.6
2013-11-11 11.4 11.6 11.35 11.35
2013-11-18 12.79 12.84 12.17 12.17
2013-11-20 13.72 13.96 13.4 13.4
2013-11-22 14.19 14.27 13.81 13.81
2013-12-25 14.75 14.8 13.99 13.99
2014-01-07 15.59 15.69 14.91 14.91
2014-01-22 13.97 14.0 13.23 13.23
2014-01-24 14.11 14.16 13.65 13.65
2014-01-27 14.57 14.75 14.0 14.0
2014-02-10 14.8 14.85 14.5 14.5
2014-02-28 13.22 13.24 12.48 12.48
2014-03-03 13.64 13.75 13.11 13.11
2014-03-17 14.33 14.5 14.17 14.17
2014-03-19 13.99 14.08 13.81 13.81
2014-04-02 13.67 13.82 13.54 13.54
2014-04-08 14.28 14.6 13.84 13.84
2014-04-24 14.96 15.15 14.57 14.57
2014-04-30 14.24 14.36 13.9 13.9
2014-05-12 13.64 13.8 13.5 13.5
2014-05-29 13.5 13.59 13.39 13.39
2014-06-05 13.28 13.33 13.0 13.0
2014-06-11 13.04 13.16 12.89 12.89
2014-06-13 13.11 13.15 12.86 12.86
2014-06-23 12.11 12.26 12.01 12.01
2014-06-24 12.34 12.36 12.15 12.15
2014-07-03 12.72 12.9 12.6 12.6
2014-07-28 14.29 14.55 13.88 13.88
2014-08-27 13.32 13.47 13.26 13.26
2014-10-28 13.35 13.35 13.08 13.08
2015-01-15 13.11 13.14 12.7 12.7
2015-01-27 13.63 13.65 13.08 13.08
2015-02-10 12.37 12.47 12.31 12.31
2015-02-16 12.73 12.88 12.66 12.66
2015-03-11 13.07 13.09 12.83 12.83
2015-03-13 12.98 13.02 12.65 12.65
2015-03-27 14.53 14.56 14.09 14.09
2015-04-10 15.25 15.59 14.74 14.74
2015-04-21 15.26 15.28 14.75 14.75
2015-04-29 16.09 16.17 15.51 15.51
2015-07-08 11.18 11.67 10.66 10.66
2015-07-09 12.3 12.3 11.2 11.2
2016-01-05 12.48 12.79 11.79 11.79
2016-01-25 11.68 11.69 11.07 11.07
2016-02-22 10.38 10.49 10.27 10.27
2016-03-03 10.16 10.48 9.85 9.85
2016-03-18 10.59 10.69 10.35 10.35
2016-04-11 10.9 11.05 10.86 10.86
2016-05-03 11.34 11.35 10.65 10.65
2016-05-31 12.95 12.98 12.29 12.29
2016-06-17 11.9 12.18 11.74 11.74
2016-07-19 12.8 12.82 12.63 12.63
2016-07-25 12.48 12.6 12.33 12.33
2016-09-19 11.37 11.41 11.31 11.31
2016-10-11 11.36 11.41 11.25 11.25
2016-11-03 11.15 11.17 11.0 11.0
2016-11-18 11.55 11.6 11.34 11.34
2016-12-14 13.0 13.33 12.63 12.63
2017-01-03 11.68 11.74 11.6 11.6
2017-03-31 10.55 10.57 10.31 10.31
2017-04-25 10.15 10.24 10.01 10.01
2017-05-02 10.09 10.2 9.82 9.82
2017-05-22 9.92 10.02 9.85 9.85
2017-07-18 10.61 10.62 10.2 10.2
2017-07-27 9.83 10.2 9.5 9.5
