2004-11-19 4.25 4.28 4.18 4.18
2004-12-21 3.89 3.94 3.86 3.86
2004-12-24 3.93 3.97 3.9 3.9
2005-02-16 3.79 3.84 3.78 3.78
2005-02-21 3.79 3.8 3.72 3.72
2005-03-24 3.4 3.42 3.33 3.33
2005-04-13 3.3 3.33 3.2 3.2
2005-07-07 2.7 2.72 2.65 2.65
2005-08-15 2.93 2.93 2.82 2.82
2005-10-11 2.97 2.98 2.89 2.89
2005-11-11 2.67 2.7 2.63 2.63
2006-01-12 2.89 2.89 2.8 2.8
2007-01-22 4.06 4.06 3.77 3.77
2007-03-06 5.39 5.4 5.19 5.19
2007-04-20 7.51 7.6 7.1 7.1
2007-04-26 8.22 8.36 8.02 8.02
2007-06-13 7.99 7.99 7.5 7.5
2007-06-18 7.85 8.08 7.76 7.76
2007-07-25 6.83 6.85 6.55 6.55
2007-09-03 7.99 8.05 7.8 7.8
2007-09-25 8.82 8.84 8.5 8.5
2007-12-21 7.89 7.95 7.69 7.69
2007-12-26 8.49 8.55 8.12 8.12
2008-01-02 8.64 8.65 8.19 8.19
2008-05-09 8.86 9.04 8.61 8.61
2008-08-05 9.66 9.98 9.46 9.46
2008-10-24 5.95 6.09 5.88 5.88
2009-01-05 8.29 8.3 8.08 8.08
2009-01-22 9.33 9.48 9.25 9.25
2009-04-09 11.44 11.51 11.18 11.18
2009-04-13 12.78 12.78 11.63 11.63
2009-05-12 13.55 13.6 13.03 13.03
2009-06-25 13.24 13.32 12.56 12.56
2009-10-28 18.07 18.22 17.5 17.5
2009-10-30 19.19 19.35 18.23 18.23
2009-11-09 22.74 23.8 22.12 22.12
2009-12-15 24.71 24.8 24.1 24.1
2010-02-26 27.46 27.92 26.91 26.91
2010-03-08 29.0 29.88 27.6 27.6
2010-05-24 19.48 19.66 19.0 19.0
2010-05-28 20.31 20.39 19.2 19.2
2010-07-19 17.04 17.17 16.05 16.05
2010-07-21 18.14 18.39 17.62 17.62
2010-07-28 18.63 18.79 17.68 17.68
2010-08-19 20.78 20.96 20.5 20.5
2012-01-09 7.34 7.36 6.95 6.95
2012-01-17 7.5 7.52 6.91 6.91
2012-03-02 8.86 8.87 8.52 8.52
2012-05-22 8.97 9.01 8.8 8.8
2012-08-03 7.34 7.42 7.0 7.0
2012-09-03 6.95 6.97 6.77 6.77
2012-10-09 6.79 6.8 6.43 6.43
2012-10-11 6.95 7.0 6.75 6.75
2012-10-18 6.77 6.79 6.59 6.59
2012-11-30 6.34 6.46 6.23 6.23
2012-12-05 6.58 6.65 6.31 6.31
2013-01-18 7.82 7.85 7.43 7.43
2013-01-28 7.55 7.55 7.3 7.3
2013-02-04 7.65 7.7 7.48 7.48
2013-02-07 7.74 7.76 7.63 7.63
2013-02-20 8.05 8.08 7.58 7.58
2013-05-08 9.19 9.26 8.94 8.94
2013-05-10 9.74 9.99 9.32 9.32
2013-09-30 9.69 9.86 9.42 9.42
2013-10-08 9.87 9.96 9.6 9.6
2013-11-18 12.79 12.84 12.17 12.17
2013-11-20 13.72 13.96 13.4 13.4
2013-11-22 14.19 14.27 13.81 13.81
2014-01-24 14.11 14.16 13.65 13.65
2014-01-27 14.57 14.75 14.0 14.0
2014-02-10 14.8 14.85 14.5 14.5
2014-03-03 13.64 13.75 13.11 13.11
2014-03-19 13.99 14.08 13.81 13.81
2014-04-08 14.28 14.6 13.84 13.84
2014-04-30 14.24 14.36 13.9 13.9
2014-05-12 13.64 13.8 13.5 13.5
2014-06-05 13.28 13.33 13.0 13.0
2014-06-11 13.04 13.16 12.89 12.89
2014-06-13 13.11 13.15 12.86 12.86
2014-06-23 12.11 12.26 12.01 12.01
2014-06-24 12.34 12.36 12.15 12.15
2015-02-16 12.73 12.88 12.66 12.66
2015-03-13 12.98 13.02 12.65 12.65
2015-04-29 16.09 16.17 15.51 15.51
2015-07-09 12.3 12.3 11.2 11.2
2016-07-25 12.48 12.6 12.33 12.33
2017-05-02 10.09 10.2 9.82 9.82
