1992-12-03 181.1 188.0 160.0 160.0
1992-12-07 160.0 168.0 149.0 149.0
1992-12-11 13.7 14.4 11.55 11.55
1992-12-16 12.7 13.0 12.1 12.1
1992-12-17 13.25 13.25 12.7 12.7
1992-12-21 13.35 14.0 12.8 12.8
1992-12-23 13.17 13.45 13.0 13.0
1992-12-30 13.51 13.7 13.3 13.3
1993-01-04 15.28 15.5 14.2 14.2
1993-01-07 16.28 16.35 15.6 15.6
1993-01-08 17.25 17.44 16.4 16.4
1993-02-01 26.48 26.9 24.0 24.0
1993-02-17 31.9 32.75 31.78 31.78
1993-02-18 32.28 33.5 31.52 31.52
1993-02-25 30.08 30.6 26.2 26.2
1993-03-24 24.4 25.3 24.1 24.1
1993-04-21 26.3 26.59 25.3 25.3
1993-04-30 29.7 29.98 28.2 28.2
1993-05-20 16.14 16.3 16.0 16.0
1993-06-15 12.5 12.6 12.11 12.11
1993-06-29 13.0 13.28 12.51 12.51
1993-08-16 14.75 14.99 13.33 13.33
1993-08-30 13.0 13.24 12.6 12.6
1993-09-20 12.9 12.9 12.78 12.78
1993-09-21 13.11 13.3 12.95 12.95
1993-09-23 13.06 13.2 13.0 13.0
1993-09-27 13.2 13.25 12.8 12.8
1993-10-04 14.8 15.0 14.5 14.5
1993-11-01 14.08 14.38 13.53 13.53
1993-11-25 17.19 17.7 15.86 15.86
1994-03-22 16.49 16.5 15.66 15.66
1994-03-24 17.49 17.5 16.51 16.51
1994-03-29 14.88 14.98 14.03 14.03
1994-04-06 14.35 14.54 14.18 14.18
1994-04-25 12.48 12.83 12.3 12.3
1994-05-11 10.7 11.36 10.6 10.6
1994-05-19 10.59 10.59 10.35 10.35
1994-05-31 9.72 9.76 9.15 9.15
1994-06-15 8.7 8.8 8.66 8.66
1994-08-03 7.85 7.85 6.16 6.16
1994-08-05 10.3 10.3 8.67 8.67
1994-08-17 11.2 11.4 10.5 10.5
1994-09-02 12.69 12.8 11.8 11.8
1994-10-17 9.05 9.5 9.01 9.01
1994-10-27 10.94 10.95 10.5 10.5
1994-11-09 11.42 11.5 10.7 10.7
1994-11-21 11.15 11.28 11.01 11.01
1994-11-29 11.1 11.27 10.51 10.51
1995-01-03 10.23 10.38 10.1 10.1
1995-01-04 10.45 10.6 10.23 10.23
1995-01-27 9.07 9.15 9.0 9.0
1995-02-13 8.56 8.56 8.3 8.3
1995-02-20 8.21 8.3 8.06 8.06
1995-02-22 9.25 9.47 8.35 8.35
1995-04-25 9.9 10.0 9.69 9.69
1995-05-05 8.81 8.95 8.77 8.77
1995-05-09 8.9 8.96 8.8 8.8
1995-06-02 12.23 12.35 11.98 11.98
1995-06-12 11.66 11.8 11.49 11.49
1995-06-13 11.67 11.8 11.5 11.5
1995-06-23 10.55 10.63 10.44 10.44
1995-07-11 11.12 11.4 11.0 11.0
1995-07-20 11.29 11.5 11.22 11.22
1995-07-31 11.22 11.39 11.2 11.2
1995-08-04 11.5 11.55 11.25 11.25
1995-08-14 12.04 12.25 11.5 11.5
1995-09-08 11.92 12.28 11.8 11.8
1995-09-29 10.51 10.65 10.35 10.35
1995-10-04 10.2 10.5 9.35 9.35
1995-10-05 10.45 10.46 10.0 10.0
1995-10-13 10.1 10.75 9.9 9.9
1995-10-20 8.16 8.19 7.51 7.51
1995-11-01 8.02 8.26 7.81 7.81
1995-11-24 7.65 7.68 7.58 7.58
1995-11-28 7.7 7.73 7.6 7.6
1995-12-19 6.68 6.78 6.68 6.68
1995-12-25 6.56 6.7 6.51 6.51
1995-12-29 6.47 6.72 6.38 6.38
1996-01-03 6.25 6.25 6.1 6.1
1996-01-22 5.71 5.79 5.7 5.7
1996-01-24 5.78 5.85 5.72 5.72
1996-01-31 5.78 5.82 5.65 5.65
1996-02-08 5.65 5.7 5.65 5.65
1996-02-09 5.72 5.74 5.67 5.67
1996-02-14 6.02 6.11 5.94 5.94
1996-02-16 6.31 6.38 6.09 6.09
1996-03-07 6.4 6.41 6.25 6.25
1996-03-18 6.5 6.55 6.35 6.35
1996-03-21 6.5 6.58 6.48 6.48
1996-04-03 5.9 5.93 5.75 5.75
1996-04-04 5.99 5.99 5.86 5.86
1996-04-24 7.14 7.17 6.8 6.8
1996-04-26 7.54 8.0 7.0 7.0
1996-05-27 6.42 6.61 6.3 6.3
1996-05-28 6.5 6.52 6.42 6.42
1996-07-19 8.03 8.18 6.88 6.88
1996-07-24 7.82 7.98 7.61 7.61
1996-08-21 7.1 7.32 7.1 7.1
1996-08-30 7.1 7.12 6.9 6.9
1996-09-13 7.11 7.15 6.53 6.53
1996-10-10 7.58 7.7 7.4 7.4
1996-10-28 9.28 9.6 8.86 8.86
1996-11-08 7.55 7.62 7.45 7.45
1996-11-11 7.72 7.75 7.58 7.58
1996-11-14 7.85 7.99 7.6 7.6
1996-12-16 7.99 7.99 7.99 7.99
1996-12-17 7.19 7.65 7.19 7.19
1996-12-18 7.89 7.89 7.0 7.0
1997-01-02 7.19 7.28 7.16 7.16
1997-01-09 7.16 7.25 7.08 7.08
1997-01-15 7.16 7.21 7.1 7.1
1997-01-30 7.58 7.7 7.45 7.45
1997-02-19 7.87 7.87 7.35 7.35
1997-02-20 8.66 8.66 7.11 7.11
1997-03-21 10.0 10.0 9.17 9.17
1997-03-31 11.3 11.33 10.6 10.6
1997-04-09 12.34 12.34 11.45 11.45
1997-04-18 13.5 13.7 13.1 13.1
1997-05-05 12.78 12.95 12.16 12.16
1997-05-16 11.46 11.8 10.98 10.98
1997-05-22 10.04 10.55 10.04 10.04
1997-05-27 10.56 10.6 10.19 10.19
1997-05-29 10.95 11.3 10.3 10.3
1997-05-30 11.5 11.6 11.0 11.0
1997-06-06 10.9 11.48 10.71 10.71
1997-06-12 10.78 10.94 10.55 10.55
1997-06-16 12.41 12.41 11.8 11.8
1997-07-11 11.2 11.2 10.82 10.82
1997-08-11 9.47 9.58 9.2 9.2
1997-09-30 8.98 8.98 8.2 8.2
1997-10-08 9.07 9.14 8.78 8.78
1997-11-04 8.81 9.01 7.88 7.88
1997-11-06 9.0 9.0 8.2 8.2
1997-11-26 8.05 8.07 7.94 7.94
1997-12-04 7.8 7.89 7.66 7.66
1998-01-14 7.8 7.97 7.57 7.57
1998-01-19 7.9 8.08 7.8 7.8
1998-01-23 7.81 7.96 7.64 7.64
1998-02-26 7.9 7.94 7.6 7.6
1998-03-16 7.6 7.88 6.85 6.85
1998-04-01 8.45 8.45 7.88 7.88
1998-04-06 9.4 9.63 9.0 9.0
1998-04-22 8.85 8.97 8.3 8.3
1998-05-07 8.33 8.7 8.24 8.24
1998-05-08 8.97 9.1 8.35 8.35
1998-05-13 9.1 9.35 8.93 8.93
1998-05-22 8.94 9.18 8.73 8.73
1998-06-18 9.85 9.96 9.6 9.6
1998-07-16 8.78 8.8 8.61 8.61
1998-07-21 8.73 8.73 8.4 8.4
1998-07-22 8.63 8.68 8.59 8.59
1998-07-23 8.96 9.01 8.62 8.62
1998-07-24 9.28 9.35 8.9 8.9
1998-07-31 9.23 9.35 9.05 9.05
1998-08-04 9.31 9.35 8.91 8.91
1998-09-03 7.44 7.5 7.15 7.15
1998-09-04 7.53 7.6 7.38 7.38
1998-09-08 7.65 7.88 7.55 7.55
1998-09-09 8.05 8.15 7.65 7.65
1998-09-16 9.9 9.9 9.05 9.05
1998-09-21 9.7 9.7 9.4 9.4
1998-10-08 9.37 9.39 9.0 9.0
1998-11-03 8.72 8.72 8.3 8.3
1998-11-05 9.1 9.16 8.67 8.67
1998-11-11 9.4 9.48 8.95 8.95
1998-11-24 8.99 9.15 8.81 8.81
1998-12-08 8.39 8.45 8.28 8.28
1998-12-21 7.56 7.61 7.55 7.55
1999-01-06 7.39 7.5 7.26 7.26
1999-01-08 7.68 7.68 7.4 7.4
1999-01-21 7.48 7.58 7.3 7.3
1999-01-27 7.42 7.49 7.21 7.21
1999-02-09 7.25 7.39 6.98 6.98
1999-03-01 7.35 7.42 7.2 7.2
1999-03-03 7.88 8.09 7.68 7.68
1999-03-10 8.03 8.14 7.92 7.92
1999-04-07 8.45 8.48 8.28 8.28
1999-04-14 8.35 8.37 8.27 8.27
1999-04-21 8.22 8.5 8.13 8.13
1999-04-23 8.19 8.35 8.11 8.11
1999-04-29 7.7 7.75 7.38 7.38
1999-05-13 8.28 8.46 8.12 8.12
1999-07-23 9.68 9.81 9.5 9.5
1999-08-02 10.84 10.95 10.38 10.38
1999-08-17 9.7 10.0 9.45 9.45
1999-08-19 10.34 10.5 10.16 10.16
1999-09-15 11.08 11.3 10.85 10.85
1999-09-24 10.67 10.7 10.41 10.41
1999-11-12 8.87 8.97 8.73 8.73
1999-11-22 9.15 9.2 9.1 9.1
1999-12-02 9.25 9.4 9.05 9.05
1999-12-10 9.1 9.16 8.8 8.8
1999-12-15 9.07 9.17 8.88 8.88
2000-01-07 9.49 9.49 9.49 9.49
2000-01-17 8.59 8.65 8.3 8.3
2000-01-28 9.26 9.26 8.5 8.5
2000-03-13 10.18 10.19 9.89 9.89
2000-03-24 9.18 9.3 9.0 9.0
2000-04-19 9.4 9.45 9.22 9.22
2000-04-21 9.73 9.95 9.58 9.58
2000-05-08 9.7 9.75 9.43 9.43
2000-05-16 8.63 8.77 8.49 8.49
2000-05-25 9.49 9.57 9.26 9.26
2000-06-01 9.78 9.79 9.23 9.23
2000-06-08 10.4 10.5 9.98 9.98
2000-07-07 9.15 9.35 8.74 8.74
2000-08-21 11.25 11.4 11.0 11.0
2000-09-07 10.23 10.38 10.05 10.05
2000-09-27 9.75 9.78 9.63 9.63
2000-10-30 10.69 10.73 10.11 10.11
2000-11-06 11.18 11.25 10.83 10.83
2000-11-28 11.86 11.95 11.55 11.55
2000-12-21 12.2 12.4 12.15 12.15
2001-01-19 11.73 12.0 11.66 11.66
2001-02-13 10.8 11.0 10.73 10.73
2001-04-10 11.11 11.17 10.94 10.94
2001-06-04 12.42 12.5 12.1 12.1
2001-06-13 12.12 12.3 12.02 12.02
2001-06-26 11.5 11.62 11.42 11.42
2001-07-16 11.35 11.4 11.1 11.1
2001-07-23 11.54 11.6 11.4 11.4
2001-08-01 11.0 11.01 10.5 10.5
2001-08-08 10.53 10.72 10.5 10.5
2001-08-09 10.75 10.8 10.58 10.58
2001-08-15 10.95 10.98 10.75 10.75
2001-08-21 10.86 10.95 10.85 10.85
2001-08-23 10.68 10.72 10.52 10.52
2001-08-31 10.9 11.0 10.7 10.7
2001-09-18 10.27 10.5 10.0 10.0
2001-10-10 9.15 9.25 9.0 9.0
2001-10-12 9.71 9.71 8.99 8.99
2001-11-14 9.88 10.06 9.85 9.85
2001-11-20 10.34 10.4 10.11 10.11
2001-11-28 10.48 10.54 10.3 10.3
2001-12-18 9.9 9.95 9.69 9.69
2002-01-07 8.94 8.95 8.75 8.75
2002-01-15 6.59 6.8 6.41 6.41
2002-03-05 7.08 7.2 6.99 6.99
2002-03-07 7.64 7.65 7.2 7.2
2002-03-14 7.94 7.98 7.47 7.47
2003-04-15 7.1 7.26 7.0 7.0
2003-05-14 5.83 5.85 5.63 5.63
2003-05-21 6.13 6.15 6.06 6.06
2003-06-27 6.23 6.48 6.18 6.18
2003-07-08 6.3 6.32 6.22 6.22
2003-07-16 6.43 6.44 6.27 6.27
2003-08-07 5.89 5.94 5.87 5.87
2003-09-08 5.57 5.59 5.5 5.5
2003-09-26 5.37 5.64 5.16 5.16
2003-10-10 5.31 5.35 5.15 5.15
2003-10-20 5.28 5.31 5.2 5.2
2003-10-22 5.47 5.53 5.34 5.34
2003-11-13 4.77 4.79 4.7 4.7
2003-11-19 5.0 5.05 4.92 4.92
2003-12-10 5.29 5.3 5.18 5.18
2003-12-29 5.12 5.13 5.0 5.0
2004-03-15 6.14 6.17 5.98 5.98
2004-03-30 6.15 6.15 6.06 6.06
2004-04-02 6.55 6.55 6.3 6.3
2004-04-30 5.35 5.38 5.28 5.28
2004-05-18 5.32 5.32 5.19 5.19
2004-05-24 5.37 5.41 5.35 5.35
2004-07-01 4.52 4.58 4.32 4.32
2004-07-06 4.53 4.62 4.52 4.52
2004-07-13 4.3 4.35 4.26 4.26
2004-08-06 4.41 4.52 4.28 4.28
2004-08-17 4.01 4.05 4.0 4.0
2004-09-09 4.54 4.64 4.49 4.49
2004-09-14 4.59 4.62 4.48 4.48
2004-10-19 4.29 4.39 4.25 4.25
2004-11-02 4.0 4.04 3.95 3.95
2004-11-15 4.2 4.24 4.12 4.12
2004-11-18 4.24 4.25 4.11 4.11
2004-11-19 4.42 4.52 4.23 4.23
2004-12-09 4.27 4.33 4.21 4.21
2004-12-14 4.05 4.08 4.02 4.02
2004-12-21 3.99 4.02 3.97 3.97
2005-01-17 4.08 4.12 4.02 4.02
2005-01-18 4.14 4.17 4.05 4.05
2005-01-19 4.14 4.17 4.09 4.09
2005-01-24 4.21 4.26 4.17 4.17
2005-02-04 4.04 4.09 3.98 3.98
2005-02-17 4.05 4.06 4.0 4.0
2005-02-21 4.06 4.06 3.98 3.98
2005-02-23 4.4 4.5 4.26 4.26
2005-03-03 4.28 4.29 4.19 4.19
2005-04-06 3.46 3.48 3.4 3.4
2005-04-07 3.52 3.58 3.45 3.45
2005-04-13 3.64 3.68 3.53 3.53
2005-04-22 3.29 3.32 3.17 3.17
2005-04-26 3.2 3.2 3.1 3.1
2005-05-20 3.01 3.06 3.0 3.0
2005-05-24 2.97 3.0 2.87 2.87
2005-06-02 2.96 2.98 2.93 2.93
2005-06-08 3.23 3.28 3.01 3.01
2005-06-29 3.17 3.27 3.16 3.16
2005-07-05 2.84 2.85 2.8 2.8
2005-08-01 2.93 2.94 2.88 2.88
2005-08-03 3.03 3.13 3.01 3.01
2005-08-05 3.15 3.15 3.06 3.06
2005-08-08 3.24 3.29 3.16 3.16
2005-08-24 3.13 3.15 3.02 3.02
2005-08-25 3.23 3.25 3.14 3.14
2005-09-02 3.48 3.58 3.45 3.45
2005-09-07 3.62 3.63 3.45 3.45
2005-09-13 3.54 3.55 3.44 3.44
2005-09-28 3.34 3.41 3.28 3.28
2005-09-29 3.44 3.48 3.34 3.34
2005-10-11 3.43 3.43 3.32 3.32
2005-10-17 3.53 3.53 3.4 3.4
2005-10-20 3.62 3.63 3.51 3.51
2005-11-02 3.16 3.19 3.07 3.07
2005-11-11 3.04 3.08 3.0 3.0
2005-11-21 3.17 3.18 3.13 3.13
2005-11-25 3.18 3.21 3.16 3.16
2005-12-06 3.01 3.02 2.95 2.95
2005-12-08 3.01 3.04 3.01 3.01
2005-12-12 3.11 3.14 3.06 3.06
2005-12-14 3.18 3.18 3.1 3.1
2005-12-19 3.27 3.32 3.19 3.19
2005-12-30 3.45 3.5 3.4 3.4
2006-01-18 3.76 3.85 3.65 3.65
2006-10-18 4.68 4.68 4.58 4.58
2006-10-24 4.59 4.59 4.43 4.43
2006-11-23 4.59 4.72 4.4 4.4
2007-01-09 4.83 4.94 4.75 4.75
2007-01-22 5.25 5.25 5.01 5.01
2007-02-05 5.24 5.36 5.13 5.13
2007-02-12 5.7 5.74 5.51 5.51
2007-02-28 6.47 6.47 5.97 5.97
2007-04-20 9.29 9.35 8.8 8.8
2007-04-23 9.64 9.78 9.35 9.35
2007-05-22 11.25 11.5 11.01 11.01
2007-05-23 11.62 11.78 11.28 11.28
2007-06-21 12.57 12.68 11.51 11.51
2007-07-09 11.73 11.98 10.93 10.93
2007-08-31 15.8 16.1 15.68 15.68
2007-09-17 15.61 15.7 14.75 14.75
2007-09-25 14.83 15.19 14.65 14.65
2007-11-06 12.18 12.34 11.88 11.88
2007-12-03 11.09 11.15 10.69 10.69
2007-12-12 11.92 12.31 11.88 11.88
2008-01-02 12.73 12.83 12.35 12.35
2008-02-19 12.2 12.6 12.12 12.12
2008-03-31 10.04 10.38 10.0 10.0
2008-04-07 9.9 9.91 9.26 9.26
2008-05-16 9.21 9.29 9.01 9.01
2008-06-03 8.82 8.83 8.63 8.63
2008-06-12 9.29 9.42 8.69 8.69
2008-07-24 5.49 5.52 5.2 5.2
2008-08-07 5.97 6.02 5.56 5.56
2008-08-15 4.87 5.16 4.83 4.83
2008-08-19 4.62 4.63 4.27 4.27
2008-09-04 5.25 5.44 5.07 5.07
2008-09-09 5.67 5.77 5.52 5.52
2008-11-19 4.25 4.3 3.85 3.85
2008-11-20 4.53 4.68 4.21 4.21
2008-12-01 4.26 4.3 3.96 3.96
2008-12-08 5.08 5.08 5.08 5.08
2009-02-04 5.37 5.37 5.15 5.15
2009-03-19 5.62 5.68 5.44 5.44
2009-03-23 5.61 5.69 5.53 5.53
2009-04-14 6.66 6.66 6.13 6.13
2009-05-12 9.0 9.02 8.62 8.62
2009-06-24 10.08 10.32 9.9 9.9
2009-06-25 10.3 10.5 10.1 10.1
2009-06-29 11.37 11.97 11.31 11.31
2010-01-29 12.23 12.6 12.08 12.08
2010-02-25 13.52 13.62 13.18 13.18
2010-03-31 14.15 14.35 14.02 14.02
2010-05-18 9.35 9.4 8.82 8.82
2010-08-10 9.93 10.29 9.82 9.82
2010-08-11 10.22 10.24 9.85 9.85
2010-10-13 9.37 9.38 8.94 8.94
2010-10-18 9.53 9.66 9.26 9.26
2011-01-26 9.81 9.86 9.68 9.68
2011-03-07 11.02 11.16 10.95 10.95
2011-04-20 10.86 10.86 10.18 10.18
2011-05-09 9.66 9.89 9.6 9.6
2011-05-13 9.74 9.75 9.57 9.57
2011-06-14 8.33 8.46 8.1 8.1
2011-06-24 8.44 8.46 8.11 8.11
2011-06-30 8.31 8.32 8.13 8.13
2011-07-20 9.23 9.47 8.95 8.95
2011-09-05 8.76 8.92 8.63 8.63
2011-11-14 6.7 6.72 6.53 6.53
2011-11-23 7.05 7.05 6.41 6.41
2011-12-09 7.06 7.22 6.99 6.99
2011-12-30 5.79 5.9 5.73 5.73
2012-02-03 5.97 6.0 5.84 5.84
2012-06-29 6.15 6.16 5.97 5.97
2012-07-06 6.4 6.41 6.22 6.22
2012-08-01 6.22 6.32 6.1 6.1
2012-09-07 6.4 6.48 6.23 6.23
2012-10-16 6.12 6.19 6.06 6.06
2012-11-23 5.64 5.68 5.6 5.6
2012-12-14 5.97 6.0 5.79 5.79
2012-12-21 5.94 6.0 5.87 5.87
2012-12-28 6.72 6.72 6.1 6.1
2013-01-23 7.24 7.49 7.01 7.01
2013-04-09 6.23 6.24 6.09 6.09
2013-04-26 6.56 6.65 6.41 6.41
2013-05-02 6.67 6.76 6.47 6.47
2013-05-10 6.72 6.75 6.48 6.48
2013-06-03 6.93 6.98 6.84 6.84
2013-07-05 5.67 5.78 5.63 5.63
2013-07-23 5.85 5.87 5.7 5.7
2013-09-30 6.83 6.87 6.75 6.75
2013-10-11 7.19 7.26 6.91 6.91
2013-10-18 6.77 6.84 6.72 6.72
2013-10-21 6.96 7.05 6.76 6.76
2013-11-15 6.19 6.24 6.0 6.0
2013-12-03 6.18 6.21 6.02 6.02
2013-12-30 6.09 6.14 6.06 6.06
2014-01-20 5.55 5.57 5.51 5.51
2014-01-21 5.62 5.66 5.58 5.58
2014-01-24 5.82 5.86 5.75 5.75
2014-02-10 6.04 6.06 5.87 5.87
2014-02-17 6.25 6.28 6.16 6.16
2014-03-13 6.06 6.1 5.79 5.79
2014-03-28 6.44 6.6 6.35 6.35
2014-04-04 6.35 6.35 6.25 6.25
2014-04-17 6.38 6.44 6.36 6.36
2014-06-24 5.9 5.91 5.86 5.86
2014-07-24 6.29 6.33 6.22 6.22
2014-08-11 6.49 6.5 6.4 6.4
2014-09-01 6.78 6.83 6.64 6.64
2014-09-10 6.9 6.92 6.84 6.84
2014-10-29 7.76 7.84 7.56 7.56
2014-11-21 7.91 7.95 7.78 7.78
2014-12-02 8.21 8.22 8.1 8.1
2014-12-10 8.27 8.28 8.06 8.06
2015-01-20 7.86 7.88 7.7 7.7
2015-02-10 8.35 8.35 8.2 8.2
2015-02-16 8.75 8.79 8.66 8.66
2015-03-04 9.0 9.02 8.92 8.92
2015-03-16 9.84 9.97 9.41 9.41
2015-04-22 12.56 12.7 12.07 12.07
2015-05-19 12.58 12.76 11.75 11.75
2015-07-02 12.47 12.47 12.47 12.47
2015-07-03 11.22 11.22 11.22 11.22
2015-07-08 8.18 8.18 8.18 8.18
2015-07-09 9.0 9.0 7.36 7.36
2015-07-23 13.75 13.75 12.45 12.45
2015-08-07 12.85 13.07 12.46 12.46
2015-08-10 14.05 14.09 12.9 12.9
2015-08-25 9.71 11.09 9.71 9.71
2015-09-07 10.66 10.95 10.2 10.2
2015-10-15 14.01 14.23 13.09 13.09
2015-10-20 14.1 14.2 13.52 13.52
2015-10-22 13.41 13.49 12.76 12.76
2015-11-24 15.95 16.28 15.61 15.61
2015-12-18 18.41 18.47 17.41 17.41
2016-01-27 13.8 13.84 12.8 12.8
2016-01-29 13.81 13.96 13.0 13.0
2016-02-16 15.4 15.47 15.02 15.02
2016-02-22 16.12 16.15 15.45 15.45
2016-03-14 13.37 13.66 12.95 12.95
2016-03-18 13.62 13.72 13.2 13.2
2016-04-11 13.73 13.8 13.08 13.08
2016-04-29 12.98 13.04 12.75 12.75
2016-05-31 12.34 12.38 12.0 12.0
2016-06-27 13.01 13.1 12.52 12.52
2016-07-01 13.99 14.28 13.68 13.68
2016-08-08 15.64 16.17 15.19 15.19
2016-08-12 15.89 15.96 14.87 14.87
2016-09-05 15.02 15.3 14.89 14.89
2016-09-13 15.14 15.21 14.99 14.99
2016-09-19 15.73 15.75 15.14 15.14
2016-09-21 15.9 16.14 15.8 15.8
2016-09-23 16.06 16.28 15.9 15.9
2017-01-06 15.2 15.26 15.02 15.02
2017-02-10 16.1 16.36 16.06 16.06
2017-03-02 16.94 17.11 16.72 16.72
2017-03-14 18.59 18.91 18.2 18.2
2017-03-22 18.9 18.95 18.1 18.1
2017-04-05 19.69 20.4 19.15 19.15
2017-04-06 20.5 20.98 19.64 19.64
2017-04-12 20.57 21.05 19.47 19.47
2017-05-03 20.92 21.28 20.73 20.73
2017-05-08 19.08 19.38 18.72 18.72
2017-05-15 19.37 19.4 18.6 18.6
2017-05-22 19.51 19.69 19.15 19.15
2017-05-26 19.36 19.64 18.65 18.65
2017-08-10 16.06 16.12 15.53 15.53
