1992-12-07 160.0 168.0 149.0 149.0
1992-12-11 13.7 14.4 11.55 11.55
1992-12-16 12.7 13.0 12.1 12.1
1992-12-17 13.25 13.25 12.7 12.7
1992-12-21 13.35 14.0 12.8 12.8
1992-12-23 13.17 13.45 13.0 13.0
1992-12-30 13.51 13.7 13.3 13.3
1993-01-04 15.28 15.5 14.2 14.2
1993-01-07 16.28 16.35 15.6 15.6
1993-01-08 17.25 17.44 16.4 16.4
1993-02-18 32.28 33.5 31.52 31.52
1993-02-25 30.08 30.6 26.2 26.2
1993-09-21 13.11 13.3 12.95 12.95
1993-09-23 13.06 13.2 13.0 13.0
1993-09-27 13.2 13.25 12.8 12.8
1993-10-04 14.8 15.0 14.5 14.5
1994-03-24 17.49 17.5 16.51 16.51
1994-03-29 14.88 14.98 14.03 14.03
1994-04-06 14.35 14.54 14.18 14.18
1994-05-19 10.59 10.59 10.35 10.35
1994-08-05 10.3 10.3 8.67 8.67
1994-11-29 11.1 11.27 10.51 10.51
1995-01-04 10.45 10.6 10.23 10.23
1995-02-13 8.56 8.56 8.3 8.3
1995-02-20 8.21 8.3 8.06 8.06
1995-02-22 9.25 9.47 8.35 8.35
1995-05-09 8.9 8.96 8.8 8.8
1995-06-12 11.66 11.8 11.49 11.49
1995-06-13 11.67 11.8 11.5 11.5
1995-08-04 11.5 11.55 11.25 11.25
1995-08-14 12.04 12.25 11.5 11.5
1995-10-04 10.2 10.5 9.35 9.35
1995-10-05 10.45 10.46 10.0 10.0
1995-10-13 10.1 10.75 9.9 9.9
1995-10-20 8.16 8.19 7.51 7.51
1995-11-28 7.7 7.73 7.6 7.6
1995-12-25 6.56 6.7 6.51 6.51
1995-12-29 6.47 6.72 6.38 6.38
1996-01-03 6.25 6.25 6.1 6.1
1996-01-24 5.78 5.85 5.72 5.72
1996-01-31 5.78 5.82 5.65 5.65
1996-02-08 5.65 5.7 5.65 5.65
1996-02-09 5.72 5.74 5.67 5.67
1996-02-14 6.02 6.11 5.94 5.94
1996-02-16 6.31 6.38 6.09 6.09
1996-03-07 6.4 6.41 6.25 6.25
1996-03-21 6.5 6.58 6.48 6.48
1996-04-04 5.99 5.99 5.86 5.86
1996-04-26 7.54 8.0 7.0 7.0
1996-05-28 6.5 6.52 6.42 6.42
1996-07-24 7.82 7.98 7.61 7.61
1996-11-11 7.72 7.75 7.58 7.58
1996-11-14 7.85 7.99 7.6 7.6
1996-12-17 7.19 7.65 7.19 7.19
1996-12-18 7.89 7.89 7.0 7.0
1997-01-09 7.16 7.25 7.08 7.08
1997-01-15 7.16 7.21 7.1 7.1
1997-02-19 7.87 7.87 7.35 7.35
1997-02-20 8.66 8.66 7.11 7.11
1997-03-31 11.3 11.33 10.6 10.6
1997-05-22 10.04 10.55 10.04 10.04
1997-05-27 10.56 10.6 10.19 10.19
1997-05-29 10.95 11.3 10.3 10.3
1997-05-30 11.5 11.6 11.0 11.0
1997-06-06 10.9 11.48 10.71 10.71
1997-06-12 10.78 10.94 10.55 10.55
1997-06-16 12.41 12.41 11.8 11.8
1997-10-08 9.07 9.14 8.78 8.78
1997-11-06 9.0 9.0 8.2 8.2
1997-12-04 7.8 7.89 7.66 7.66
1998-01-19 7.9 8.08 7.8 7.8
1998-01-23 7.81 7.96 7.64 7.64
1998-04-06 9.4 9.63 9.0 9.0
1998-05-08 8.97 9.1 8.35 8.35
1998-05-13 9.1 9.35 8.93 8.93
1998-07-21 8.73 8.73 8.4 8.4
1998-07-22 8.63 8.68 8.59 8.59
1998-07-23 8.96 9.01 8.62 8.62
1998-07-24 9.28 9.35 8.9 8.9
1998-07-31 9.23 9.35 9.05 9.05
1998-08-04 9.31 9.35 8.91 8.91
1998-09-04 7.53 7.6 7.38 7.38
1998-09-08 7.65 7.88 7.55 7.55
1998-09-09 8.05 8.15 7.65 7.65
1998-09-16 9.9 9.9 9.05 9.05
1998-09-21 9.7 9.7 9.4 9.4
1998-11-05 9.1 9.16 8.67 8.67
1998-11-11 9.4 9.48 8.95 8.95
1999-01-08 7.68 7.68 7.4 7.4
1999-01-27 7.42 7.49 7.21 7.21
1999-03-01 7.35 7.42 7.2 7.2
1999-03-03 7.88 8.09 7.68 7.68
1999-03-10 8.03 8.14 7.92 7.92
1999-04-14 8.35 8.37 8.27 8.27
1999-04-21 8.22 8.5 8.13 8.13
1999-04-23 8.19 8.35 8.11 8.11
1999-04-29 7.7 7.75 7.38 7.38
1999-08-02 10.84 10.95 10.38 10.38
1999-08-19 10.34 10.5 10.16 10.16
1999-11-22 9.15 9.2 9.1 9.1
1999-12-10 9.1 9.16 8.8 8.8
1999-12-15 9.07 9.17 8.88 8.88
2000-01-17 8.59 8.65 8.3 8.3
2000-04-21 9.73 9.95 9.58 9.58
2000-05-08 9.7 9.75 9.43 9.43
2000-05-16 8.63 8.77 8.49 8.49
2000-06-01 9.78 9.79 9.23 9.23
2000-06-08 10.4 10.5 9.98 9.98
2000-11-06 11.18 11.25 10.83 10.83
2001-07-23 11.54 11.6 11.4 11.4
2001-08-08 10.53 10.72 10.5 10.5
2001-08-09 10.75 10.8 10.58 10.58
2001-08-15 10.95 10.98 10.75 10.75
2001-08-21 10.86 10.95 10.85 10.85
2001-08-23 10.68 10.72 10.52 10.52
2001-08-31 10.9 11.0 10.7 10.7
2001-10-12 9.71 9.71 8.99 8.99
2001-11-20 10.34 10.4 10.11 10.11
2001-11-28 10.48 10.54 10.3 10.3
2002-01-15 6.59 6.8 6.41 6.41
2002-03-07 7.64 7.65 7.2 7.2
2002-03-14 7.94 7.98 7.47 7.47
2003-05-21 6.13 6.15 6.06 6.06
2003-07-16 6.43 6.44 6.27 6.27
2003-10-10 5.31 5.35 5.15 5.15
2003-10-20 5.28 5.31 5.2 5.2
2003-10-22 5.47 5.53 5.34 5.34
2003-11-19 5.0 5.05 4.92 4.92
2004-04-02 6.55 6.55 6.3 6.3
2004-05-24 5.37 5.41 5.35 5.35
2004-07-06 4.53 4.62 4.52 4.52
2004-07-13 4.3 4.35 4.26 4.26
2004-09-14 4.59 4.62 4.48 4.48
2004-11-18 4.24 4.25 4.11 4.11
2004-11-19 4.42 4.52 4.23 4.23
2004-12-14 4.05 4.08 4.02 4.02
2004-12-21 3.99 4.02 3.97 3.97
2005-01-18 4.14 4.17 4.05 4.05
2005-01-19 4.14 4.17 4.09 4.09
2005-01-24 4.21 4.26 4.17 4.17
2005-02-17 4.05 4.06 4.0 4.0
2005-02-21 4.06 4.06 3.98 3.98
2005-02-23 4.4 4.5 4.26 4.26
2005-03-03 4.28 4.29 4.19 4.19
2005-04-07 3.52 3.58 3.45 3.45
2005-04-13 3.64 3.68 3.53 3.53
2005-04-26 3.2 3.2 3.1 3.1
2005-05-24 2.97 3.0 2.87 2.87
2005-06-08 3.23 3.28 3.01 3.01
2005-07-05 2.84 2.85 2.8 2.8
2005-08-03 3.03 3.13 3.01 3.01
2005-08-05 3.15 3.15 3.06 3.06
2005-08-08 3.24 3.29 3.16 3.16
2005-08-25 3.23 3.25 3.14 3.14
2005-09-02 3.48 3.58 3.45 3.45
2005-09-07 3.62 3.63 3.45 3.45
2005-09-13 3.54 3.55 3.44 3.44
2005-09-29 3.44 3.48 3.34 3.34
2005-10-11 3.43 3.43 3.32 3.32
2005-10-17 3.53 3.53 3.4 3.4
2005-10-20 3.62 3.63 3.51 3.51
2005-11-21 3.17 3.18 3.13 3.13
2005-11-25 3.18 3.21 3.16 3.16
2005-12-08 3.01 3.04 3.01 3.01
2005-12-12 3.11 3.14 3.06 3.06
2005-12-14 3.18 3.18 3.1 3.1
2005-12-19 3.27 3.32 3.19 3.19
2006-10-24 4.59 4.59 4.43 4.43
2007-02-12 5.7 5.74 5.51 5.51
2007-04-23 9.64 9.78 9.35 9.35
2007-05-23 11.62 11.78 11.28 11.28
2007-09-25 14.83 15.19 14.65 14.65
2008-04-07 9.9 9.91 9.26 9.26
2008-06-12 9.29 9.42 8.69 8.69
2008-08-15 4.87 5.16 4.83 4.83
2008-08-19 4.62 4.63 4.27 4.27
2008-09-09 5.67 5.77 5.52 5.52
2008-11-20 4.53 4.68 4.21 4.21
2008-12-08 5.08 5.08 5.08 5.08
2009-03-23 5.61 5.69 5.53 5.53
2009-06-25 10.3 10.5 10.1 10.1
2009-06-29 11.37 11.97 11.31 11.31
2010-08-11 10.22 10.24 9.85 9.85
2010-10-18 9.53 9.66 9.26 9.26
2011-05-13 9.74 9.75 9.57 9.57
2011-06-30 8.31 8.32 8.13 8.13
2012-07-06 6.4 6.41 6.22 6.22
2012-12-21 5.94 6.0 5.87 5.87
2012-12-28 6.72 6.72 6.1 6.1
2013-05-02 6.67 6.76 6.47 6.47
2013-05-10 6.72 6.75 6.48 6.48
2013-10-11 7.19 7.26 6.91 6.91
2013-10-18 6.77 6.84 6.72 6.72
2013-10-21 6.96 7.05 6.76 6.76
2014-01-21 5.62 5.66 5.58 5.58
2014-01-24 5.82 5.86 5.75 5.75
2014-02-10 6.04 6.06 5.87 5.87
2014-02-17 6.25 6.28 6.16 6.16
2014-04-04 6.35 6.35 6.25 6.25
2014-09-10 6.9 6.92 6.84 6.84
2014-12-10 8.27 8.28 8.06 8.06
2015-02-16 8.75 8.79 8.66 8.66
2015-07-03 11.22 11.22 11.22 11.22
2015-07-08 8.18 8.18 8.18 8.18
2015-07-09 9.0 9.0 7.36 7.36
2015-08-10 14.05 14.09 12.9 12.9
2015-10-20 14.1 14.2 13.52 13.52
2015-10-22 13.41 13.49 12.76 12.76
2016-01-29 13.81 13.96 13.0 13.0
2016-02-22 16.12 16.15 15.45 15.45
2016-03-18 13.62 13.72 13.2 13.2
2016-07-01 13.99 14.28 13.68 13.68
2016-08-12 15.89 15.96 14.87 14.87
2016-09-13 15.14 15.21 14.99 14.99
2016-09-19 15.73 15.75 15.14 15.14
2016-09-21 15.9 16.14 15.8 15.8
2016-09-23 16.06 16.28 15.9 15.9
2017-03-22 18.9 18.95 18.1 18.1
2017-04-06 20.5 20.98 19.64 19.64
2017-04-12 20.57 21.05 19.47 19.47
2017-05-08 19.08 19.38 18.72 18.72
2017-05-15 19.37 19.4 18.6 18.6
2017-05-22 19.51 19.69 19.15 19.15
2017-05-26 19.36 19.64 18.65 18.65
