2000-11-09 14.05 14.4 12.18 12.18
2000-11-22 14.15 14.35 14.04 14.04
2001-01-10 13.73 13.75 13.6 13.6
2001-01-12 13.57 13.66 13.45 13.45
2001-01-18 13.25 13.34 13.1 13.1
2001-03-29 12.83 12.98 12.7 12.7
2001-04-10 13.08 13.2 12.81 12.81
2001-04-30 12.8 13.0 12.65 12.65
2001-05-18 13.6 13.68 13.35 13.35
2001-05-29 13.36 13.5 13.28 13.28
2001-05-30 13.6 13.65 13.35 13.35
2001-06-12 13.85 13.9 13.65 13.65
2001-06-13 14.04 14.17 13.9 13.9
2001-07-10 13.86 13.9 13.67 13.67
2001-08-01 12.19 12.3 11.75 11.75
2001-08-03 12.2 12.21 12.0 12.0
2001-09-04 11.45 11.5 11.15 11.15
2001-09-13 11.08 11.3 11.01 11.01
2001-09-18 11.2 11.3 10.98 10.98
2001-10-09 10.46 10.65 10.35 10.35
2001-10-29 9.76 9.85 9.45 9.45
2001-11-13 8.75 8.85 8.6 8.6
2001-11-20 9.6 9.65 9.3 9.3
2001-11-23 9.81 9.97 9.72 9.72
2001-11-30 10.08 10.1 9.8 9.8
2001-12-12 9.69 9.79 9.62 9.62
2001-12-28 9.37 9.37 9.2 9.2
2002-01-07 9.02 9.08 8.91 8.91
2002-02-01 8.42 8.42 7.8 7.8
2002-03-05 8.4 8.47 8.25 8.25
2002-04-09 9.02 9.05 8.8 8.8
2002-04-10 9.1 9.15 9.02 9.02
2002-04-12 9.13 9.26 8.88 8.88
2002-05-23 8.9 8.98 8.74 8.74
2002-05-27 9.2 9.21 9.02 9.02
2002-06-10 8.59 8.71 8.56 8.56
2002-06-11 8.67 8.72 8.59 8.59
2002-06-18 8.46 8.5 8.3 8.3
2002-06-21 8.6 8.64 8.27 8.27
2002-07-23 8.61 8.85 8.38 8.38
2002-08-13 8.34 8.45 8.27 8.27
2002-08-14 8.36 8.41 8.34 8.34
2002-08-20 8.43 8.48 8.3 8.3
2002-08-21 8.47 8.59 8.43 8.43
2002-09-10 8.21 8.24 8.18 8.18
2002-09-19 8.03 8.1 7.78 7.78
2002-09-25 7.8 7.9 7.78 7.78
2002-09-26 7.83 7.86 7.8 7.8
2002-10-08 7.73 7.77 7.61 7.61
2002-11-15 7.02 7.09 6.91 6.91
2002-11-22 6.75 6.82 6.6 6.6
2002-11-25 6.77 6.8 6.65 6.65
2002-12-03 6.55 6.6 6.47 6.47
2002-12-12 6.25 6.41 6.18 6.18
2002-12-16 6.47 6.48 6.32 6.32
2002-12-17 6.49 6.54 6.41 6.41
2002-12-31 6.11 6.23 6.11 6.11
2003-01-22 6.6 6.64 6.5 6.5
2003-01-24 6.81 6.83 6.59 6.59
2003-03-21 6.5 6.53 6.4 6.4
2003-05-12 6.5 6.57 6.3 6.3
2003-05-14 6.23 6.3 6.05 6.05
2003-05-26 6.53 6.61 6.45 6.45
2003-05-28 6.53 6.6 6.45 6.45
2003-06-09 6.46 6.55 6.45 6.45
2003-06-10 6.53 6.56 6.5 6.5
2003-06-18 6.57 6.62 6.55 6.55
2003-06-25 6.33 6.5 6.3 6.3
2003-07-02 6.19 6.28 6.15 6.15
2003-07-25 5.88 5.95 5.86 5.86
2003-07-31 5.71 5.8 5.66 5.66
2003-09-16 5.28 5.3 5.2 5.2
2003-09-22 5.14 5.16 5.1 5.1
2003-10-08 5.19 5.2 5.1 5.1
2003-10-15 5.15 5.22 5.14 5.14
2003-10-31 4.74 4.85 4.7 4.7
2003-11-11 5.09 5.19 4.82 4.82
2004-01-07 5.7 5.84 5.55 5.55
2004-01-29 5.81 5.85 5.64 5.64
2004-02-18 6.36 6.39 6.27 6.27
2004-02-27 6.6 6.62 6.2 6.2
2004-03-11 6.72 6.82 6.55 6.55
2004-03-19 7.08 7.08 6.81 6.81
2004-04-05 7.09 7.16 6.93 6.93
2004-04-07 7.17 7.19 7.03 7.03
2004-04-20 6.31 6.35 6.2 6.2
2004-04-30 5.91 6.09 5.9 5.9
2004-06-15 5.21 5.26 5.01 5.01
2004-07-15 5.17 5.18 5.04 5.04
2004-07-16 5.31 5.35 5.18 5.18
2004-07-20 5.36 5.48 5.26 5.26
2004-08-04 5.16 5.2 4.97 4.97
2004-08-10 5.12 5.18 5.07 5.07
2004-08-27 4.83 4.83 4.8 4.8
2004-08-30 4.81 4.85 4.75 4.75
2004-09-03 4.86 4.89 4.78 4.78
2004-09-16 4.99 5.0 4.86 4.86
2004-10-08 5.3 5.36 5.07 5.07
2004-10-11 5.45 5.57 5.35 5.35
2004-10-12 5.58 5.7 5.39 5.39
2004-11-18 4.9 4.91 4.83 4.83
2004-11-26 4.9 4.94 4.85 4.85
2004-11-30 4.96 5.03 4.92 4.92
2004-12-17 4.74 4.76 4.72 4.72
2004-12-22 4.83 4.83 4.68 4.68
2005-01-11 4.67 4.68 4.6 4.6
2005-03-02 4.45 4.64 4.4 4.4
2005-03-23 4.15 4.22 4.0 4.0
2005-03-25 4.38 4.47 4.3 4.3
2005-03-31 4.26 4.28 4.16 4.16
2005-04-15 4.36 4.56 4.28 4.28
2005-05-17 3.9 3.91 3.78 3.78
2005-06-22 3.77 3.8 3.63 3.63
2005-07-06 3.3 3.3 3.21 3.21
2005-07-07 3.36 3.39 3.32 3.32
2005-08-01 3.33 3.37 3.26 3.26
2005-08-02 3.52 3.52 3.33 3.33
2005-08-04 3.58 3.59 3.49 3.49
2005-08-24 3.44 3.46 3.36 3.36
2005-08-25 3.48 3.49 3.41 3.41
2005-08-26 3.61 3.64 3.5 3.5
2005-09-05 3.74 3.77 3.71 3.71
2005-10-12 4.22 4.32 4.01 4.01
2005-10-27 4.08 4.15 4.02 4.02
2005-10-31 3.73 3.77 3.66 3.66
2005-11-02 3.77 3.86 3.62 3.62
2005-11-28 4.07 4.11 4.03 4.03
2005-12-26 3.84 3.85 3.81 3.81
2006-01-06 3.9 3.95 3.88 3.88
2006-02-06 4.5 4.53 4.33 4.33
2006-02-10 4.36 4.47 4.23 4.23
2006-02-15 4.38 4.39 4.26 4.26
2006-03-28 3.9 3.92 3.83 3.83
2006-04-21 3.95 4.01 3.85 3.85
2006-05-19 4.61 4.68 4.25 4.25
2006-05-22 4.85 4.95 4.68 4.68
2006-10-10 3.84 3.88 3.76 3.76
2006-10-11 4.15 4.16 3.86 3.86
2006-10-24 3.04 3.05 2.93 2.93
2006-11-24 2.74 2.74 2.69 2.69
2006-12-14 2.87 2.87 2.78 2.78
2006-12-20 3.38 3.38 3.12 3.12
2006-12-27 3.7 3.7 3.45 3.45
2006-12-29 3.44 3.58 3.33 3.33
2007-01-09 3.7 3.84 3.54 3.54
2007-02-05 3.95 4.0 3.85 3.85
2007-02-26 4.9 4.93 4.66 4.66
2007-03-07 4.79 4.88 4.71 4.71
2007-03-15 5.28 5.31 5.13 5.13
2007-03-20 5.42 5.45 5.1 5.1
2007-03-22 5.97 5.97 5.59 5.59
2007-04-12 7.24 7.4 6.77 6.77
2007-04-23 7.9 7.94 7.52 7.52
2007-05-14 9.17 9.41 9.02 9.02
2007-06-05 6.99 7.0 6.41 6.41
2007-07-02 7.19 7.21 6.9 6.9
2007-07-09 7.27 7.36 7.1 7.1
2007-07-30 8.85 9.07 8.6 8.6
2007-08-03 8.92 8.95 8.69 8.69
2007-08-22 8.78 8.99 8.68 8.68
2007-09-05 9.78 9.8 9.26 9.26
2007-09-06 10.05 10.35 9.73 9.73
2007-10-30 8.34 8.37 8.08 8.08
2007-11-14 8.98 8.99 8.7 8.7
2007-11-28 9.1 9.16 8.98 8.98
2008-01-03 11.2 11.48 10.52 10.52
2008-02-04 9.92 9.92 9.31 9.31
2008-05-08 8.71 8.76 8.06 8.06
2008-07-07 6.16 6.18 5.88 5.88
2008-08-01 6.15 6.24 5.92 5.92
2008-09-12 3.59 3.65 3.53 3.53
2008-11-05 2.78 2.8 2.62 2.62
2008-11-10 3.08 3.11 2.83 2.83
2008-12-19 3.7 3.77 3.64 3.64
2009-01-09 3.35 3.36 3.27 3.27
2009-01-14 3.69 3.73 3.5 3.5
2009-03-04 4.11 4.13 3.9 3.9
2009-03-06 4.29 4.35 4.05 4.05
2009-03-23 4.56 4.59 4.42 4.42
2009-04-15 6.03 6.3 5.68 5.68
2009-04-17 6.4 6.54 6.12 6.12
2009-05-05 5.81 5.91 5.68 5.68
2009-05-13 6.08 6.08 5.5 5.5
2009-06-24 7.5 7.52 7.21 7.21
2009-07-02 7.43 7.49 7.02 7.02
2009-07-10 8.39 8.42 7.71 7.71
2009-07-31 8.6 8.75 8.29 8.29
2009-08-03 9.0 9.09 8.6 8.6
2009-09-18 7.78 8.07 7.65 7.65
2009-09-30 6.82 7.04 6.74 6.74
2009-10-14 7.58 7.66 7.31 7.31
2009-10-23 7.77 7.85 7.52 7.52
2009-10-30 7.31 7.4 7.21 7.21
2009-12-03 10.0 10.0 9.4 9.4
2009-12-21 10.67 10.74 9.8 9.8
2010-01-28 10.29 10.41 10.15 10.15
2010-02-01 10.62 10.65 10.28 10.28
2010-02-02 10.95 11.56 10.65 10.65
2010-02-22 9.84 9.97 9.7 9.7
2010-03-16 9.3 9.31 9.15 9.15
2010-04-09 10.7 10.81 10.54 10.54
2010-04-12 11.01 11.05 10.64 10.64
2010-04-14 11.7 11.86 10.82 10.82
2010-04-21 11.02 11.15 10.72 10.72
2010-05-24 8.14 8.2 7.77 7.77
2010-06-08 7.89 7.95 7.69 7.69
2010-07-20 6.9 6.93 6.61 6.61
2010-08-16 8.81 8.86 8.11 8.11
2010-08-19 9.29 9.35 8.87 8.87
2010-08-24 8.7 8.85 8.58 8.58
2010-10-08 8.37 8.48 8.13 8.13
2010-11-15 10.71 10.96 10.2 10.2
2010-12-31 11.69 11.75 11.42 11.42
2011-01-13 12.11 12.14 11.6 11.6
2011-02-23 13.46 13.62 13.23 13.23
2011-04-11 12.37 12.49 12.09 12.09
2011-04-18 12.89 12.95 12.43 12.43
2011-04-27 12.17 12.17 12.17 12.17
2011-04-28 11.56 11.56 11.56 11.56
2011-04-29 10.98 10.98 10.98 10.98
2011-05-04 10.43 10.78 10.43 10.43
2011-05-05 9.91 9.91 9.91 9.91
2011-05-06 9.93 10.24 9.41 9.41
2011-05-20 9.4 9.45 9.15 9.15
2011-06-17 9.45 9.48 9.28 9.28
2011-07-04 9.76 9.79 9.56 9.56
2011-07-13 10.62 10.72 10.38 10.38
2011-08-03 9.75 9.77 9.41 9.41
2011-08-04 9.97 10.19 9.77 9.77
2011-08-11 9.49 9.55 9.21 9.21
2011-08-16 9.66 9.69 9.55 9.55
2011-09-07 9.48 9.55 9.32 9.32
2011-09-16 9.51 9.52 9.42 9.42
2011-09-23 9.36 9.4 9.25 9.25
2011-10-24 7.88 8.11 7.79 7.79
2011-10-27 8.57 8.57 8.18 8.18
2011-11-03 9.02 9.14 8.88 8.88
2011-11-11 9.22 9.22 8.84 8.84
2011-11-15 9.25 9.49 9.19 9.19
2011-11-29 7.33 7.38 7.06 7.06
2011-12-15 5.52 5.52 5.52 5.52
2011-12-16 5.69 5.8 5.24 5.24
2011-12-30 4.68 4.75 4.48 4.48
2012-01-04 4.76 4.9 4.68 4.68
2012-01-09 4.92 4.92 4.68 4.68
2012-01-17 4.96 4.96 4.65 4.65
2012-01-20 5.15 5.15 4.88 4.88
2012-02-03 5.59 5.68 5.51 5.51
2012-03-08 5.7 5.76 5.62 5.62
2012-05-22 5.15 5.26 5.1 5.1
2012-06-05 5.22 5.29 5.16 5.16
2012-06-07 5.47 5.47 5.26 5.26
2012-06-26 5.33 5.42 5.28 5.28
2012-07-02 5.58 5.7 5.46 5.46
2012-07-20 5.42 5.49 5.23 5.23
2012-07-30 4.9 4.9 4.9 4.9
2012-07-31 4.66 4.66 4.66 4.66
2012-08-06 4.34 4.34 4.1 4.1
2012-08-20 4.71 4.71 4.55 4.55
2012-08-21 4.95 4.95 4.95 4.95
2012-08-31 4.89 5.07 4.68 4.68
2012-09-06 5.6 5.63 5.07 5.07
2012-11-01 6.88 7.02 6.76 6.76
2012-11-19 6.25 6.4 5.72 5.72
2012-12-05 5.6 5.68 5.38 5.38
2012-12-07 5.67 5.72 5.5 5.5
2012-12-10 5.77 5.93 5.69 5.69
2012-12-26 6.13 6.18 6.01 6.01
2013-02-01 6.33 6.37 6.26 6.26
2013-02-08 6.56 6.7 6.31 6.31
2013-02-25 6.24 6.31 6.11 6.11
2013-03-27 6.07 6.25 5.95 5.95
2013-04-01 6.2 6.28 6.05 6.05
2013-04-19 6.18 6.25 6.1 6.1
2013-06-06 5.48 5.53 5.43 5.43
2013-07-15 4.2 4.26 4.17 4.17
2013-07-29 4.71 4.91 4.66 4.66
2013-08-27 4.93 5.12 4.9 4.9
2013-09-12 4.9 5.0 4.89 4.89
2013-10-09 4.75 4.82 4.62 4.62
2013-10-18 4.54 4.55 4.49 4.49
2013-11-15 4.3 4.39 4.18 4.18
2013-12-27 4.3 4.37 4.25 4.25
2014-01-08 4.32 4.59 4.17 4.17
2014-01-14 4.16 4.19 4.08 4.08
2014-02-10 4.18 4.19 4.11 4.11
2014-03-06 4.16 4.19 4.12 4.12
2014-03-17 4.12 4.14 4.08 4.08
2014-04-03 4.17 4.19 4.08 4.08
2014-04-08 4.2 4.21 4.14 4.14
2014-04-11 4.28 4.3 4.24 4.24
2014-04-18 4.43 4.49 4.29 4.29
2014-04-22 4.87 4.91 4.45 4.45
2014-05-20 4.51 4.52 4.45 4.45
2014-05-27 4.49 4.52 4.47 4.47
2014-06-03 4.4 4.45 4.32 4.32
2014-06-10 4.39 4.41 4.35 4.35
2014-06-12 4.39 4.41 4.35 4.35
2014-06-26 4.58 4.94 4.51 4.51
2014-07-01 4.66 4.68 4.54 4.54
2014-07-16 4.73 4.84 4.69 4.69
2014-08-15 5.46 5.6 5.36 5.36
2014-09-18 5.82 5.88 5.6 5.6
2014-09-30 6.05 6.14 5.97 5.97
2014-10-08 6.25 6.3 6.06 6.06
2014-10-23 6.51 6.54 6.23 6.23
2014-12-04 7.29 7.53 6.82 6.82
2014-12-10 6.85 6.9 6.53 6.53
2015-01-15 5.65 5.67 5.57 5.57
2015-01-21 5.88 5.88 5.72 5.72
2015-05-22 10.19 10.25 9.64 9.64
2015-07-08 5.8 5.8 5.8 5.8
2015-07-31 6.76 6.99 6.52 6.52
2015-08-04 6.79 6.82 6.28 6.28
2015-08-07 7.12 7.28 6.95 6.95
2015-08-17 7.94 7.97 7.53 7.53
2015-08-25 5.34 5.54 5.34 5.34
2015-11-17 6.67 6.85 6.62 6.62
2015-12-01 7.93 7.93 7.15 7.15
2015-12-17 7.31 7.33 7.15 7.15
2016-01-18 5.27 5.36 5.02 5.02
2016-02-04 5.45 5.55 5.3 5.3
2016-03-30 5.85 5.85 5.67 5.67
2016-04-21 6.63 6.77 6.56 6.56
2016-05-19 5.67 5.84 5.62 5.62
2016-05-31 6.0 6.01 5.81 5.81
2016-06-22 6.19 6.23 5.99 5.99
2016-07-20 6.53 6.57 6.44 6.44
2016-07-25 6.6 6.65 6.39 6.39
2016-08-09 6.27 6.34 6.21 6.21
2016-08-12 6.35 6.35 6.26 6.26
2016-10-28 6.95 7.05 6.94 6.94
2016-11-14 7.63 7.77 7.47 7.47
2016-12-27 7.35 7.38 7.19 7.19
2016-12-28 7.42 7.65 7.34 7.34
2017-01-05 7.77 7.9 7.73 7.73
2017-02-07 7.42 7.55 7.31 7.31
2017-03-16 8.17 8.2 8.01 8.01
2017-04-26 6.37 6.43 6.27 6.27
2017-05-03 6.79 6.88 6.53 6.53
2017-06-05 6.2 6.24 6.14 6.14
2017-06-06 6.24 6.27 6.16 6.16
2017-07-03 6.79 6.92 6.67 6.67
