2000-12-26 26.77 26.95 26.5 26.5
2000-12-29 26.29 26.38 25.98 25.98
2001-01-05 27.35 27.45 26.6 26.6
2001-02-19 23.25 23.34 22.4 22.4
2001-02-23 23.34 23.38 22.78 22.78
2001-05-08 23.58 23.69 23.15 23.15
2001-06-13 25.88 26.18 24.3 24.3
2001-06-21 24.49 24.99 24.1 24.1
2001-06-25 25.0 25.08 24.5 24.5
2001-07-23 23.56 23.7 23.0 23.0
2001-08-09 20.3 20.49 20.0 20.0
2001-09-05 18.91 19.2 18.76 18.76
2001-12-03 18.4 18.53 18.29 18.29
2001-12-04 18.74 18.83 18.33 18.33
2002-01-07 16.35 16.8 15.14 15.14
2002-01-14 15.97 16.2 15.51 15.51
2002-01-22 14.54 15.05 14.25 14.25
2002-01-30 15.0 15.2 14.9 14.9
2002-01-31 16.5 16.5 15.02 15.02
2002-02-04 16.75 16.8 16.5 16.5
2002-02-07 16.62 16.75 16.4 16.4
2002-05-28 19.53 19.72 19.4 19.4
2002-06-11 18.06 18.29 17.98 17.98
2002-06-14 17.79 17.89 17.6 17.6
2002-06-18 18.14 18.3 17.9 17.9
2002-07-11 18.18 18.3 17.98 17.98
2002-07-19 16.7 16.75 16.5 16.5
2002-08-16 16.78 16.86 16.6 16.6
2002-08-23 16.95 17.1 16.82 16.82
2002-08-27 16.68 16.8 16.61 16.61
2002-08-30 16.85 16.9 16.6 16.6
2002-09-03 17.0 17.12 16.98 16.98
2002-09-10 16.5 16.55 16.44 16.44
2002-09-13 16.56 16.6 16.38 16.38
2002-11-05 14.83 15.0 14.75 14.75
2002-11-06 14.88 14.96 14.83 14.83
2002-11-07 15.04 15.27 14.88 14.88
2002-11-11 14.42 14.75 14.3 14.3
2002-11-15 14.1 14.3 13.78 13.78
2003-01-22 13.41 13.51 13.36 13.36
2003-01-28 13.76 13.85 13.68 13.68
2003-02-11 13.78 13.8 13.68 13.68
2003-02-19 13.5 13.52 13.35 13.35
2003-02-24 13.17 13.3 13.1 13.1
2003-02-25 13.45 13.47 13.18 13.18
2003-02-27 13.45 13.48 13.3 13.3
2003-03-03 13.64 13.65 13.23 13.23
2003-03-07 13.3 13.48 13.21 13.21
2003-03-17 12.92 13.19 12.4 12.4
2003-04-10 14.2 14.22 13.8 13.8
2003-05-30 14.22 14.28 14.07 14.07
2003-06-09 13.82 13.91 13.7 13.7
2003-06-11 14.1 14.2 13.94 13.94
2003-06-12 14.19 14.24 14.06 14.06
2003-06-18 14.34 14.34 13.95 13.95
2003-07-14 13.2 13.32 13.09 13.09
2003-07-16 13.45 13.47 13.3 13.3
2003-08-01 12.7 12.81 12.58 12.58
2003-09-18 11.43 11.51 11.38 11.38
2003-09-25 11.59 11.65 11.55 11.55
2003-09-26 11.43 11.55 11.42 11.42
2003-09-30 11.59 11.6 11.4 11.4
2003-10-10 11.75 11.8 11.55 11.55
2003-10-13 11.98 12.01 11.8 11.8
2003-10-21 11.48 11.49 11.4 11.4
2003-10-23 12.01 12.38 11.88 11.88
2003-11-14 10.25 10.25 10.02 10.02
2003-11-19 10.21 10.24 10.0 10.0
2003-11-20 10.36 10.39 10.05 10.05
2004-02-04 12.67 12.8 11.86 11.86
2004-02-19 13.02 13.38 13.0 13.0
2004-04-13 14.43 14.78 14.2 14.2
2004-06-10 13.15 13.19 12.9 12.9
2004-06-11 13.2 13.46 13.2 13.2
2004-07-05 12.08 12.15 12.0 12.0
2004-07-06 12.12 12.25 12.08 12.08
2004-08-13 11.03 11.15 11.0 11.0
2004-08-31 11.95 12.5 11.75 11.75
2005-02-21 5.39 5.4 5.06 5.06
2005-05-25 4.07 4.1 4.02 4.02
2005-05-26 4.04 4.12 4.02 4.02
2005-06-16 4.17 4.17 4.08 4.08
2005-07-29 3.29 3.32 3.25 3.25
2005-09-30 3.76 3.78 3.72 3.72
2005-10-11 3.84 3.85 3.71 3.71
2007-01-08 4.16 4.22 4.07 4.07
2007-01-22 5.1 5.14 4.76 4.76
2007-03-08 6.5 6.55 6.35 6.35
2007-03-12 6.73 6.82 6.42 6.42
2007-04-11 8.06 8.27 7.9 7.9
2007-04-16 8.14 8.2 7.98 7.98
2007-04-18 9.23 9.23 8.5 8.5
2007-04-20 9.58 9.8 9.2 9.2
2007-04-23 10.09 10.35 9.7 9.7
2007-06-07 12.89 12.9 11.51 11.51
2007-06-12 15.48 15.48 14.2 14.2
2007-07-20 10.94 11.0 10.34 10.34
2007-07-23 11.61 11.68 10.96 10.96
2007-09-24 12.67 12.84 11.98 11.98
2008-09-25 3.65 3.7 3.58 3.58
2008-11-10 2.85 2.9 2.71 2.71
2008-11-17 3.34 3.35 3.12 3.12
2009-04-07 6.73 7.05 6.65 6.65
2009-04-10 6.45 6.5 6.27 6.27
2009-04-16 7.07 7.25 6.7 6.7
2009-04-24 7.02 7.18 6.81 6.81
2009-04-29 7.3 7.33 6.79 6.79
2009-05-05 7.84 8.0 7.44 7.44
2009-06-22 9.0 9.16 8.92 8.92
2009-06-24 8.97 9.08 8.91 8.91
2009-06-25 9.26 9.35 8.98 8.98
2009-11-09 9.34 9.41 8.98 8.98
2009-11-13 9.39 9.39 9.0 9.0
2009-11-18 9.89 10.21 9.8 9.8
2010-01-21 11.23 11.3 10.37 10.37
2010-09-21 11.45 11.45 11.45 11.45
2010-09-27 12.6 12.6 12.6 12.6
2010-09-28 13.86 13.86 13.86 13.86
2011-04-13 16.9 17.4 16.78 16.78
2011-08-09 13.51 13.64 13.08 13.08
2011-10-10 12.71 12.9 12.55 12.55
2011-11-02 14.48 14.54 13.8 13.8
2011-11-08 14.58 15.06 14.41 14.41
2011-12-23 13.24 13.33 12.94 12.94
2012-02-06 9.71 9.85 9.57 9.57
2012-04-06 10.65 10.73 10.51 10.51
2012-08-03 12.73 12.76 12.15 12.15
2012-08-08 13.29 13.56 13.0 13.0
2012-10-16 11.57 11.73 11.4 11.4
2012-10-18 11.85 11.93 11.57 11.57
2012-11-01 11.2 11.23 11.01 11.01
2012-12-24 11.56 11.65 11.31 11.31
2012-12-28 12.09 12.11 11.59 11.59
2013-01-18 13.85 14.05 13.45 13.45
2013-01-21 14.53 14.65 13.9 13.9
2013-05-03 15.05 15.58 14.36 14.36
2013-05-29 19.31 19.9 18.62 18.62
2013-07-15 19.21 19.44 18.91 18.91
2013-10-09 21.52 21.63 20.73 20.73
2013-10-11 22.5 23.54 21.95 21.95
2013-10-21 27.79 27.79 25.4 25.4
2013-11-04 27.07 27.07 25.11 25.11
2014-01-13 24.83 25.07 24.3 24.3
2014-02-07 22.18 22.34 20.92 20.92
2014-07-16 20.31 20.94 20.12 20.12
2014-07-17 20.5 20.8 20.18 20.18
2014-08-11 20.59 20.6 20.25 20.25
2014-11-12 25.63 25.68 24.01 24.01
2015-01-20 22.05 22.1 21.23 21.23
2015-01-26 22.88 22.97 22.45 22.45
2015-01-29 24.39 24.39 22.9 22.9
2015-07-13 17.47 17.47 17.47 17.47
2016-02-04 13.62 13.71 13.36 13.36
2016-08-09 12.68 12.7 12.5 12.5
2016-08-12 12.79 12.88 12.48 12.48
2016-10-13 13.02 13.17 13.0 13.0
2016-12-16 12.46 12.49 12.36 12.36
2017-02-09 12.08 12.17 11.93 11.93
2017-02-13 12.1 12.16 12.03 12.03
2017-02-20 12.17 12.18 11.97 11.97
2017-03-28 11.76 11.83 11.74 11.74
