1998-12-22 22.49 22.6 21.12 21.12
1999-02-08 21.9 22.6 21.81 21.81
1999-02-09 22.31 22.48 21.72 21.72
1999-03-09 22.18 22.68 21.56 21.56
1999-04-22 19.29 19.6 18.06 18.06
1999-06-16 25.22 25.4 23.5 23.5
1999-06-24 28.82 28.82 26.48 26.48
1999-06-28 31.13 31.13 29.0 29.0
1999-07-07 26.8 26.8 25.4 25.4
1999-07-21 26.34 27.48 25.5 25.5
1999-07-23 25.31 26.5 25.0 25.0
1999-07-27 25.5 25.99 25.2 25.2
1999-08-04 26.35 27.0 25.6 25.6
1999-08-17 26.1 26.7 25.55 25.55
1999-09-09 29.82 29.82 27.6 27.6
1999-09-22 29.12 29.24 28.8 28.8
1999-10-14 27.3 28.0 27.2 27.2
1999-10-20 26.4 26.78 25.8 25.8
1999-10-26 26.68 27.3 26.0 26.0
1999-12-09 23.85 23.96 23.4 23.4
1999-12-10 24.43 24.5 23.7 23.7
1999-12-24 25.15 25.34 24.82 24.82
2000-01-20 27.2 27.8 26.9 26.9
2000-01-27 29.15 29.15 26.9 26.9
2000-03-15 37.44 38.94 35.58 35.58
2000-03-17 37.78 38.22 34.8 34.8
2000-04-21 33.47 34.96 32.75 32.75
2000-05-19 32.33 32.35 31.0 31.0
2000-06-21 31.9 31.99 30.9 30.9
2000-07-21 34.82 35.3 34.6 34.6
2000-07-26 34.55 35.2 34.0 34.0
2000-08-07 36.42 36.55 35.4 35.4
2000-08-25 36.33 36.39 35.6 35.6
2000-09-04 34.87 35.25 34.51 34.51
2000-09-07 35.25 35.75 35.0 35.0
2000-09-22 34.58 35.02 34.3 34.3
2000-09-29 35.25 35.59 34.5 34.5
2000-10-10 35.8 35.83 35.12 35.12
2000-10-12 36.38 36.59 35.6 35.6
2000-10-17 36.0 36.1 35.75 35.75
2000-11-21 33.0 33.38 32.9 32.9
2000-11-28 31.37 31.74 30.5 30.5
2000-12-01 31.56 31.8 31.2 31.2
2000-12-12 30.0 30.45 29.9 29.9
2000-12-19 30.25 30.97 30.1 30.1
2001-01-10 31.2 31.51 30.7 30.7
2001-01-18 28.84 28.88 28.18 28.18
2001-02-13 26.8 27.08 26.5 26.5
2001-02-19 27.0 27.2 26.2 26.2
2001-02-23 27.56 27.68 26.7 26.7
2001-03-22 27.56 27.7 27.05 27.05
2001-06-05 27.19 27.45 26.7 26.7
2001-07-13 23.87 24.39 23.83 23.83
2001-08-31 18.28 18.5 17.88 17.88
2001-09-03 18.73 18.88 18.3 18.3
2001-09-04 20.0 20.0 18.75 18.75
2001-10-09 20.62 20.89 19.98 19.98
2001-12-07 21.68 21.95 21.6 21.6
2001-12-18 20.62 20.63 20.25 20.25
2002-01-31 18.27 18.53 17.18 17.18
2002-02-06 18.76 19.3 18.45 18.45
2002-02-07 19.08 19.4 18.78 18.78
2002-04-03 16.61 16.9 16.38 16.38
2002-05-09 18.59 19.1 18.25 18.25
2002-05-23 17.18 17.57 16.8 16.8
2002-06-20 15.2 15.39 14.97 14.97
2002-06-21 15.69 15.85 15.25 15.25
2002-08-02 15.8 16.0 15.7 15.7
2002-09-03 15.49 15.72 15.34 15.34
2002-09-12 15.37 15.47 15.22 15.22
2002-10-16 12.65 12.98 12.45 12.45
2002-10-25 12.77 13.29 12.56 12.56
2002-10-28 13.06 13.27 12.8 12.8
2002-11-15 14.37 14.72 13.78 13.78
2002-11-25 13.11 13.4 13.02 13.02
2002-11-29 13.45 13.89 13.28 13.28
2002-12-03 13.1 13.15 12.75 12.75
2002-12-11 12.74 12.8 12.5 12.5
2002-12-16 13.01 13.16 12.85 12.85
2002-12-20 13.17 13.38 13.0 13.0
2003-02-25 14.19 14.23 13.78 13.78
2003-02-28 14.69 14.95 14.4 14.4
2003-03-24 14.09 14.18 14.02 14.02
2003-05-27 12.03 12.35 11.76 11.76
2003-07-03 10.98 11.1 10.9 10.9
2003-07-17 10.93 11.1 10.9 10.9
2003-07-31 10.93 11.15 10.71 10.71
2003-08-15 11.65 11.9 11.55 11.55
2003-09-16 11.47 11.5 11.18 11.18
2003-09-23 11.74 11.75 11.5 11.5
2003-10-09 10.72 10.96 10.6 10.6
2003-12-26 8.99 9.29 8.6 8.6
2004-01-06 9.2 9.36 9.02 9.02
2004-01-29 10.27 10.33 9.6 9.6
2004-02-09 11.66 11.7 11.25 11.25
2004-02-12 11.51 11.8 11.4 11.4
2004-02-16 12.56 12.87 11.73 11.73
2004-03-30 14.14 14.18 13.58 13.58
2004-04-20 13.44 13.53 13.12 13.12
2004-05-12 10.66 10.85 10.21 10.21
2004-05-26 11.48 11.5 11.05 11.05
2004-06-02 12.24 12.26 11.9 11.9
2004-07-01 10.18 10.25 9.65 9.65
2004-07-29 11.62 11.68 11.1 11.1
2004-09-07 8.94 8.95 8.81 8.81
2004-09-14 8.1 8.3 7.85 7.85
2004-12-24 10.83 11.1 10.6 10.6
2005-01-07 11.02 11.31 10.89 10.89
2005-01-13 11.55 11.97 11.31 11.31
2005-02-02 10.96 10.98 10.24 10.24
2005-03-07 11.38 11.49 11.29 11.29
2005-04-22 8.24 8.45 8.05 8.05
2005-04-29 7.42 7.42 7.42 7.42
2005-05-09 6.68 7.05 6.68 6.68
2005-05-11 6.26 6.3 6.0 6.0
2005-06-08 7.35 7.4 6.74 6.74
2005-06-29 7.19 7.19 6.65 6.65
2005-07-12 5.48 5.53 5.15 5.15
2005-07-26 5.39 5.55 5.06 5.06
2005-09-01 6.81 6.95 6.5 6.5
2005-09-07 7.06 7.18 6.54 6.54
2005-09-15 7.65 7.93 7.6 7.6
2005-09-20 7.75 7.93 7.6 7.6
2005-10-21 7.33 7.57 7.3 7.3
2005-10-31 7.57 7.65 6.82 6.82
2005-12-20 7.74 7.81 7.21 7.21
2006-01-19 8.48 8.6 8.05 8.05
2006-12-11 13.25 13.27 12.55 12.55
2006-12-27 13.03 13.14 12.77 12.77
2007-01-16 15.46 16.0 15.15 15.15
2007-02-05 16.16 16.18 15.25 15.25
2007-04-11 17.67 17.7 17.22 17.22
2007-04-30 23.73 23.73 21.8 21.8
2007-05-22 30.88 30.88 30.88 30.88
2007-05-24 27.89 27.89 27.89 27.89
2007-05-25 26.5 28.88 26.5 26.5
2007-05-28 27.83 27.83 27.83 27.83
2007-05-30 26.34 26.34 26.34 26.34
2007-05-31 25.02 25.02 25.02 25.02
2007-06-01 23.77 25.77 23.77 23.77
2007-06-05 21.45 21.45 21.45 21.45
2007-06-06 22.09 22.52 20.38 20.38
2007-06-08 21.8 22.69 20.99 20.99
2007-06-13 21.28 21.28 20.25 20.25
2007-06-29 20.85 21.44 20.85 20.85
2007-08-30 19.93 20.3 19.31 19.31
2007-09-25 18.76 19.0 17.5 17.5
2007-10-29 15.65 16.38 15.65 15.65
2007-11-05 16.2 16.31 15.53 15.53
2007-11-12 13.93 14.23 13.93 13.93
2007-11-26 14.63 14.63 14.63 14.63
2007-11-27 15.36 15.36 15.36 15.36
2007-11-28 16.13 16.13 16.13 16.13
2007-12-18 18.16 18.16 18.16 18.16
2007-12-19 17.25 17.25 17.25 17.25
2007-12-20 17.97 18.11 16.39 16.39
2008-03-21 14.08 14.08 14.08 14.08
2008-03-24 13.38 13.87 13.38 13.38
2008-03-28 11.29 11.39 11.0 11.0
2008-04-03 9.67 9.85 9.67 9.67
2008-04-24 8.1 8.1 8.1 8.1
2008-04-25 8.51 8.51 8.51 8.51
2008-05-13 8.91 9.12 8.91 8.91
2008-06-10 8.12 8.25 8.12 8.12
2008-06-11 7.71 7.8 7.71 7.71
2008-07-02 5.9 6.08 5.79 5.79
2008-07-07 6.59 6.59 6.35 6.35
2008-08-19 5.26 5.29 5.05 5.05
2008-08-29 5.24 5.27 5.06 5.06
2008-09-10 5.2 5.24 4.93 4.93
2008-09-19 5.02 5.02 5.02 5.02
2008-10-06 5.06 5.18 5.06 5.06
2008-10-28 3.78 3.79 3.6 3.6
2008-11-06 3.91 3.97 3.86 3.86
2008-11-17 4.72 4.78 4.49 4.49
2008-11-19 4.7 4.7 4.7 4.7
2008-11-20 4.94 4.94 4.94 4.94
2008-12-05 5.35 5.35 5.16 5.16
2008-12-15 5.99 5.99 5.99 5.99
2008-12-19 6.84 6.84 6.53 6.53
2009-01-09 6.99 7.09 6.7 6.7
2009-01-22 6.66 6.89 6.5 6.5
2009-02-05 7.54 7.54 7.3 7.3
2009-02-11 7.64 7.75 7.35 7.35
2009-02-13 8.15 8.4 8.05 8.05
2009-03-04 6.87 6.87 6.52 6.52
2009-03-17 7.89 7.89 7.36 7.36
2009-03-20 8.19 8.36 7.94 7.94
2009-04-10 9.29 9.45 9.06 9.06
2009-05-18 10.28 10.28 10.28 10.28
2009-07-09 10.28 10.29 10.05 10.05
2009-07-20 10.96 11.35 10.78 10.78
2009-07-22 10.45 10.66 10.36 10.36
2009-08-13 9.99 10.14 9.84 9.84
2009-08-20 8.7 8.73 8.48 8.48
2009-11-03 11.62 11.9 11.26 11.26
2009-11-30 11.75 11.79 11.21 11.21
2009-12-07 13.98 13.98 12.83 12.83
2009-12-23 18.13 18.41 17.38 17.38
2010-02-10 17.13 17.33 16.89 16.89
2010-03-30 18.76 19.09 18.38 18.38
2010-04-07 19.78 20.35 18.94 18.94
2010-06-11 18.64 18.98 17.4 17.4
2010-08-10 17.69 18.23 17.51 17.51
2010-08-11 18.34 18.57 17.9 17.9
2010-08-13 18.6 18.95 18.28 18.28
2010-09-17 17.0 17.24 16.99 16.99
2010-09-28 17.7 17.87 17.18 17.18
2010-11-01 20.95 21.5 19.95 19.95
2010-11-22 23.87 24.8 22.53 22.53
2010-11-24 23.85 24.2 23.22 23.22
2010-12-13 21.9 21.99 21.05 21.05
2010-12-16 21.83 21.95 21.62 21.62
2011-01-19 16.7 16.75 16.44 16.44
2011-01-26 15.61 15.8 14.91 14.91
2011-04-14 16.59 16.8 16.42 16.42
2011-06-14 13.93 13.95 13.58 13.58
2011-06-21 13.2 13.22 13.01 13.01
2011-06-23 14.03 14.55 13.66 13.66
2011-07-13 14.04 14.14 13.75 13.75
2011-08-01 13.45 13.55 13.29 13.29
2011-08-23 11.61 11.74 11.36 11.36
2011-09-07 11.09 11.1 10.86 10.86
2011-10-17 11.16 11.17 10.91 10.91
2011-11-01 11.57 11.67 11.07 11.07
2011-11-25 11.27 11.54 11.25 11.25
2011-12-29 7.95 8.08 7.68 7.68
2012-04-12 9.27 9.27 9.27 9.27
2012-04-13 10.2 10.2 10.2 10.2
2012-04-16 11.22 11.22 11.22 11.22
2012-05-24 12.29 12.48 11.55 11.55
2012-06-19 11.76 11.78 11.35 11.35
2012-07-19 9.26 9.46 8.84 8.84
2012-07-27 9.02 9.17 8.98 8.98
2012-08-06 9.12 9.2 8.72 8.72
2012-08-07 9.12 9.2 9.03 9.03
2012-08-14 9.35 9.47 9.18 9.18
2012-08-28 8.65 8.73 8.51 8.51
2012-09-13 9.67 9.67 9.67 9.67
2012-09-26 8.83 9.09 8.73 8.73
2012-09-27 8.94 9.03 8.69 8.69
2012-10-16 8.69 8.86 8.68 8.68
2012-11-12 8.11 8.15 8.04 8.04
2013-01-15 8.68 8.75 8.46 8.46
2013-01-31 10.0 10.4 9.78 9.78
2013-03-21 11.17 11.39 10.9 10.9
2013-06-27 12.29 12.29 12.29 12.29
2013-07-10 12.54 12.89 12.09 12.09
2013-09-23 14.66 14.86 14.01 14.01
2013-10-18 14.7 14.76 14.26 14.26
2013-11-15 12.18 12.38 12.02 12.02
2013-11-21 15.19 15.19 14.0 14.0
2013-12-30 13.48 13.63 13.28 13.28
2014-01-17 14.01 14.26 13.94 13.94
2014-01-28 17.18 17.22 15.78 15.78
2014-04-01 16.01 16.14 15.61 15.61
2014-05-26 14.73 14.8 14.51 14.51
2014-05-28 15.2 15.28 14.27 14.27
2014-07-11 14.21 14.4 14.1 14.1
2014-08-18 15.23 15.37 14.83 14.83
2014-10-15 17.93 18.08 17.52 17.52
2014-11-19 16.84 17.0 16.51 16.51
2014-12-23 16.35 16.53 16.1 16.1
2015-02-06 18.21 18.78 17.91 17.91
2015-02-16 19.97 20.01 19.1 19.1
2015-03-25 27.61 27.61 25.91 25.91
2015-04-01 26.06 26.8 25.63 25.63
2015-05-08 24.49 24.58 23.18 23.18
2015-05-29 49.89 49.89 44.19 44.19
2015-06-15 55.0 55.0 51.5 51.5
2015-07-03 25.84 28.9 25.84 25.84
2015-07-08 19.88 21.8 18.84 18.84
2015-07-09 21.87 21.87 18.92 18.92
2015-07-14 29.12 29.12 27.0 27.0
2015-08-10 31.22 31.23 28.4 28.4
2015-08-25 20.4 20.85 20.4 20.4
2015-08-28 21.1 21.1 19.12 19.12
2015-09-11 19.18 19.79 17.99 17.99
2015-11-04 20.99 21.29 19.57 19.57
2015-11-06 23.45 23.45 22.0 22.0
2015-11-16 23.59 23.68 22.22 22.22
2016-01-14 17.12 17.4 15.69 15.69
2016-03-14 14.38 14.84 13.78 13.78
2016-04-14 20.3 20.79 19.35 19.35
2016-05-19 15.01 15.35 14.85 14.85
2016-05-31 17.72 17.94 16.8 16.8
2016-06-14 19.47 19.5 18.45 18.45
2016-06-15 20.29 20.97 19.18 19.18
2016-06-20 21.04 21.2 20.2 20.2
2016-07-26 22.84 22.93 22.12 22.12
2016-09-19 17.8 17.88 17.44 17.44
2016-09-29 17.69 17.84 17.62 17.62
2016-12-21 16.28 16.54 15.95 15.95
2017-01-26 15.24 15.25 15.01 15.01
2017-02-22 16.75 16.95 16.29 16.29
2017-04-05 16.41 16.55 16.0 16.0
2017-06-27 12.65 12.68 12.42 12.42
2017-07-05 13.04 13.12 12.82 12.82
2017-07-10 13.72 13.92 13.11 13.11
