1999-02-09 22.31 22.48 21.72 21.72
1999-06-24 28.82 28.82 26.48 26.48
1999-06-28 31.13 31.13 29.0 29.0
1999-07-23 25.31 26.5 25.0 25.0
1999-07-27 25.5 25.99 25.2 25.2
1999-08-04 26.35 27.0 25.6 25.6
1999-10-20 26.4 26.78 25.8 25.8
1999-10-26 26.68 27.3 26.0 26.0
1999-12-10 24.43 24.5 23.7 23.7
2000-01-27 29.15 29.15 26.9 26.9
2000-03-17 37.78 38.22 34.8 34.8
2000-07-26 34.55 35.2 34.0 34.0
2000-09-04 34.87 35.25 34.51 34.51
2000-09-07 35.25 35.75 35.0 35.0
2000-09-29 35.25 35.59 34.5 34.5
2000-10-10 35.8 35.83 35.12 35.12
2000-10-12 36.38 36.59 35.6 35.6
2000-10-17 36.0 36.1 35.75 35.75
2000-11-28 31.37 31.74 30.5 30.5
2000-12-01 31.56 31.8 31.2 31.2
2000-12-19 30.25 30.97 30.1 30.1
2001-01-18 28.84 28.88 28.18 28.18
2001-02-19 27.0 27.2 26.2 26.2
2001-02-23 27.56 27.68 26.7 26.7
2001-09-03 18.73 18.88 18.3 18.3
2001-09-04 20.0 20.0 18.75 18.75
2002-02-06 18.76 19.3 18.45 18.45
2002-02-07 19.08 19.4 18.78 18.78
2002-06-21 15.69 15.85 15.25 15.25
2002-10-28 13.06 13.27 12.8 12.8
2002-11-25 13.11 13.4 13.02 13.02
2002-11-29 13.45 13.89 13.28 13.28
2002-12-03 13.1 13.15 12.75 12.75
2002-12-11 12.74 12.8 12.5 12.5
2002-12-16 13.01 13.16 12.85 12.85
2002-12-20 13.17 13.38 13.0 13.0
2003-02-28 14.69 14.95 14.4 14.4
2003-09-23 11.74 11.75 11.5 11.5
2004-01-06 9.2 9.36 9.02 9.02
2004-02-12 11.51 11.8 11.4 11.4
2004-02-16 12.56 12.87 11.73 11.73
2004-06-02 12.24 12.26 11.9 11.9
2004-09-14 8.1 8.3 7.85 7.85
2005-01-13 11.55 11.97 11.31 11.31
2005-04-29 7.42 7.42 7.42 7.42
2005-05-09 6.68 7.05 6.68 6.68
2005-05-11 6.26 6.3 6.0 6.0
2005-09-07 7.06 7.18 6.54 6.54
2005-09-15 7.65 7.93 7.6 7.6
2005-09-20 7.75 7.93 7.6 7.6
2005-10-31 7.57 7.65 6.82 6.82
2007-05-24 27.89 27.89 27.89 27.89
2007-05-25 26.5 28.88 26.5 26.5
2007-05-28 27.83 27.83 27.83 27.83
2007-05-30 26.34 26.34 26.34 26.34
2007-05-31 25.02 25.02 25.02 25.02
2007-06-01 23.77 25.77 23.77 23.77
2007-06-05 21.45 21.45 21.45 21.45
2007-06-06 22.09 22.52 20.38 20.38
2007-06-08 21.8 22.69 20.99 20.99
2007-06-13 21.28 21.28 20.25 20.25
2007-11-05 16.2 16.31 15.53 15.53
2007-11-12 13.93 14.23 13.93 13.93
2007-11-27 15.36 15.36 15.36 15.36
2007-11-28 16.13 16.13 16.13 16.13
2007-12-19 17.25 17.25 17.25 17.25
2007-12-20 17.97 18.11 16.39 16.39
2008-03-24 13.38 13.87 13.38 13.38
2008-03-28 11.29 11.39 11.0 11.0
2008-04-03 9.67 9.85 9.67 9.67
2008-04-25 8.51 8.51 8.51 8.51
2008-06-11 7.71 7.8 7.71 7.71
2008-07-07 6.59 6.59 6.35 6.35
2008-09-19 5.02 5.02 5.02 5.02
2008-10-06 5.06 5.18 5.06 5.06
2008-11-19 4.7 4.7 4.7 4.7
2008-11-20 4.94 4.94 4.94 4.94
2008-12-15 5.99 5.99 5.99 5.99
2008-12-19 6.84 6.84 6.53 6.53
2009-02-05 7.54 7.54 7.3 7.3
2009-02-11 7.64 7.75 7.35 7.35
2009-02-13 8.15 8.4 8.05 8.05
2009-03-20 8.19 8.36 7.94 7.94
2009-07-22 10.45 10.66 10.36 10.36
2009-08-20 8.7 8.73 8.48 8.48
2009-12-07 13.98 13.98 12.83 12.83
2010-04-07 19.78 20.35 18.94 18.94
2010-08-11 18.34 18.57 17.9 17.9
2010-08-13 18.6 18.95 18.28 18.28
2010-09-28 17.7 17.87 17.18 17.18
2010-11-24 23.85 24.2 23.22 23.22
2010-12-16 21.83 21.95 21.62 21.62
2011-01-26 15.61 15.8 14.91 14.91
2011-06-21 13.2 13.22 13.01 13.01
2011-06-23 14.03 14.55 13.66 13.66
2012-04-13 10.2 10.2 10.2 10.2
2012-04-16 11.22 11.22 11.22 11.22
2012-07-27 9.02 9.17 8.98 8.98
2012-08-06 9.12 9.2 8.72 8.72
2012-08-07 9.12 9.2 9.03 9.03
2012-08-14 9.35 9.47 9.18 9.18
2012-09-27 8.94 9.03 8.69 8.69
2013-11-21 15.19 15.19 14.0 14.0
2014-05-28 15.2 15.28 14.27 14.27
2015-02-16 19.97 20.01 19.1 19.1
2015-04-01 26.06 26.8 25.63 25.63
2015-07-08 19.88 21.8 18.84 18.84
2015-07-09 21.87 21.87 18.92 18.92
2015-07-14 29.12 29.12 27.0 27.0
2015-08-28 21.1 21.1 19.12 19.12
2015-11-06 23.45 23.45 22.0 22.0
2015-11-16 23.59 23.68 22.22 22.22
2016-06-15 20.29 20.97 19.18 19.18
2016-06-20 21.04 21.2 20.2 20.2
2017-07-05 13.04 13.12 12.82 12.82
2017-07-10 13.72 13.92 13.11 13.11
