1997-12-04 14.7 14.97 14.5 14.5
1998-01-05 17.65 17.8 16.75 16.75
1998-03-06 14.16 14.2 14.0 14.0
1998-04-22 17.46 17.66 16.5 16.5
1998-11-06 19.8 20.38 19.7 19.7
1998-12-09 19.96 20.15 19.66 19.66
1998-12-10 19.98 20.29 19.6 19.6
1999-01-08 19.28 19.3 18.66 18.66
1999-01-12 19.24 19.36 19.15 19.15
1999-01-15 18.6 18.75 18.5 18.5
1999-01-18 19.35 19.35 18.62 18.62
1999-03-04 17.84 17.97 17.55 17.55
1999-03-08 17.67 17.7 17.39 17.39
1999-04-28 16.4 17.0 16.21 16.21
1999-04-29 16.58 16.58 16.21 16.21
1999-05-18 15.56 16.0 15.51 15.51
1999-05-19 16.42 16.48 15.5 15.5
1999-05-24 19.08 19.08 17.42 17.42
1999-06-10 21.76 22.45 20.7 20.7
1999-06-16 23.99 24.01 22.3 22.3
1999-06-21 24.4 24.4 23.6 23.6
1999-06-23 27.17 27.17 24.5 24.5
1999-06-30 29.55 31.27 29.0 29.0
1999-07-26 28.47 28.9 28.0 28.0
1999-07-30 28.1 28.15 26.6 26.6
1999-08-02 27.85 28.98 27.5 27.5
1999-08-19 27.76 27.86 26.8 26.8
1999-08-26 26.9 27.1 26.75 26.75
1999-08-30 26.98 27.15 26.58 26.58
1999-09-27 16.69 17.05 16.45 16.45
1999-10-12 15.25 15.3 15.1 15.1
1999-12-01 11.96 12.0 11.88 11.88
2000-01-28 14.82 15.2 14.24 14.24
2000-02-14 16.3 16.3 15.38 15.38
2000-04-20 15.58 15.76 15.05 15.05
2000-06-13 14.98 15.05 14.8 14.8
2000-06-19 15.42 15.56 15.3 15.3
2000-06-23 15.89 16.0 15.4 15.4
2000-07-07 15.95 16.15 15.65 15.65
2000-07-11 16.05 16.3 16.0 16.0
2000-08-01 14.7 14.79 14.45 14.45
2000-09-07 14.39 14.48 13.95 13.95
2000-09-08 14.4 14.48 14.33 14.33
2000-11-13 17.77 18.0 16.6 16.6
2000-12-05 16.74 16.9 16.6 16.6
2000-12-19 16.15 16.29 15.8 15.8
2000-12-20 16.44 16.47 16.15 16.15
2000-12-22 16.54 16.7 16.25 16.25
2000-12-29 16.31 16.48 16.24 16.24
2001-02-09 15.48 15.66 15.3 15.3
2001-04-13 16.92 17.19 16.6 16.6
2001-04-19 16.75 16.85 16.56 16.56
2001-06-01 15.96 15.96 15.65 15.65
2001-06-04 16.11 16.17 15.99 15.99
2001-06-21 16.61 16.7 16.41 16.41
2001-07-10 16.56 16.61 16.26 16.26
2001-07-12 16.6 16.8 16.31 16.31
2001-09-04 14.55 14.6 14.09 14.09
2001-09-05 14.58 14.88 14.55 14.55
2001-10-09 13.14 13.17 13.0 13.0
2001-11-20 12.45 12.5 12.15 12.15
2001-11-27 12.5 12.69 12.46 12.46
2001-11-28 13.22 13.35 12.66 12.66
2001-12-06 13.48 13.5 13.1 13.1
2001-12-14 12.78 12.9 12.72 12.72
2002-01-08 12.13 12.28 12.05 12.05
2002-03-19 12.09 12.1 11.72 11.72
2002-03-25 12.29 12.3 12.19 12.19
2002-04-09 12.36 12.38 12.0 12.0
2002-04-16 13.21 13.4 12.56 12.56
2002-06-21 10.96 11.03 10.6 10.6
2002-07-08 11.63 11.68 11.48 11.48
2002-07-16 11.22 11.4 11.2 11.2
2002-08-02 10.88 11.0 10.8 10.8
2002-08-06 10.86 10.95 10.74 10.74
2002-08-07 10.96 11.29 10.84 10.84
2002-08-12 10.66 10.75 10.64 10.64
2002-08-14 10.84 10.85 10.66 10.66
2002-08-16 10.92 10.95 10.73 10.73
2002-08-20 10.9 10.95 10.78 10.78
2002-09-23 10.76 10.79 10.71 10.71
2003-02-18 9.1 9.3 8.75 8.75
2003-04-01 9.0 9.11 8.91 8.91
2003-05-27 8.38 8.42 8.24 8.24
2003-05-30 8.84 9.12 8.58 8.58
2003-06-11 8.41 8.43 8.27 8.27
2003-06-16 8.35 8.47 8.33 8.33
2003-07-08 7.96 8.05 7.88 7.88
2003-08-19 7.66 7.75 7.66 7.66
2003-08-21 7.78 7.79 7.66 7.66
2003-10-10 6.9 6.9 6.66 6.66
2003-11-13 5.81 5.89 5.63 5.63
2003-11-14 5.93 5.94 5.81 5.81
2003-11-19 6.0 6.07 5.82 5.82
2003-11-24 6.61 6.65 6.25 6.25
2003-12-01 6.97 7.08 6.42 6.42
2004-01-02 6.63 6.68 6.53 6.53
2004-03-05 7.49 7.58 7.35 7.35
2004-03-10 7.22 7.23 7.02 7.02
2004-03-15 7.43 7.47 7.24 7.24
2004-06-11 6.55 6.7 6.5 6.5
2004-06-16 6.6 6.69 6.51 6.51
2004-06-23 6.94 6.96 6.78 6.78
2004-07-09 6.53 6.68 6.51 6.51
2004-08-10 6.8 6.8 6.59 6.59
2004-08-13 6.68 6.72 6.57 6.57
2004-08-20 6.06 6.2 6.02 6.02
2004-09-07 5.83 5.85 5.78 5.78
2004-09-14 5.55 5.65 5.4 5.4
2004-09-15 5.88 6.02 5.58 5.58
2004-09-16 6.02 6.09 5.9 5.9
2004-11-26 5.89 5.92 5.83 5.83
2004-12-24 5.74 5.79 5.62 5.62
2004-12-27 5.81 6.0 5.68 5.68
2004-12-29 5.81 5.81 5.66 5.66
2005-01-13 6.01 6.01 5.52 5.52
2005-05-17 4.43 4.49 4.36 4.36
2005-05-24 4.32 4.4 4.16 4.16
2005-05-25 4.33 4.42 4.27 4.27
2005-05-30 4.4 4.45 4.33 4.33
2005-07-19 3.51 3.6 3.45 3.45
2005-07-26 3.57 3.6 3.5 3.5
2005-07-27 3.68 3.7 3.56 3.56
2005-08-01 3.64 3.67 3.57 3.57
2005-08-09 4.32 4.41 4.25 4.25
2006-12-11 4.45 4.47 4.32 4.32
2007-01-15 4.84 4.85 4.54 4.54
2007-01-19 5.41 5.5 5.23 5.23
2007-02-06 5.78 5.8 5.53 5.53
2007-03-15 6.99 7.0 6.8 6.8
2007-04-13 10.72 10.78 9.8 9.8
2007-04-20 10.14 10.2 9.75 9.75
2007-07-20 6.9 6.96 6.6 6.6
2007-07-23 7.42 7.52 7.16 7.16
2007-09-03 10.49 10.5 9.75 9.75
2007-09-05 10.63 10.76 10.15 10.15
2007-11-20 8.9 8.99 8.58 8.58
2008-01-10 10.95 10.96 10.51 10.51
2008-05-08 7.78 7.86 7.06 7.06
2008-05-12 7.63 7.74 7.42 7.42
2008-05-13 7.98 8.06 7.38 7.38
2008-11-12 3.15 3.19 2.97 2.97
2008-11-19 3.62 3.62 3.35 3.35
2009-01-15 3.92 3.97 3.81 3.81
2009-01-21 3.92 3.92 3.75 3.75
2009-03-31 5.73 5.91 5.24 5.24
2009-04-28 5.33 5.42 5.2 5.2
2009-09-16 9.7 9.75 9.22 9.22
2009-12-28 10.78 10.97 10.72 10.72
2010-01-21 12.59 12.83 12.3 12.3
2010-03-26 12.4 12.47 12.13 12.13
2010-04-01 12.81 12.9 12.61 12.61
2010-04-09 14.42 14.6 13.3 13.3
2010-09-29 12.52 12.76 12.37 12.37
2010-10-21 14.3 14.39 13.32 13.32
2010-10-29 14.66 15.0 14.38 14.38
2010-11-01 14.96 15.29 14.8 14.8
2010-11-05 15.5 15.95 14.83 14.83
2010-11-15 16.74 16.86 15.06 15.06
2010-12-13 17.4 17.44 16.46 16.46
2011-03-21 14.11 14.14 13.8 13.8
2011-03-23 14.1 14.11 13.95 13.95
2011-03-30 15.5 15.5 14.51 14.51
2011-07-26 12.2 12.24 11.86 11.86
2011-08-24 11.33 11.5 11.13 11.13
2011-08-30 11.24 11.36 11.08 11.08
2012-03-09 8.17 8.2 8.02 8.02
2012-08-01 5.41 5.49 5.3 5.3
2012-08-07 5.89 5.92 5.75 5.75
2012-09-27 5.65 5.75 5.48 5.48
2012-10-09 5.88 5.96 5.7 5.7
2012-12-11 5.13 5.27 5.07 5.07
2013-01-18 5.58 5.65 5.43 5.43
2013-05-31 5.85 6.02 5.84 5.84
2013-07-23 5.18 5.19 5.07 5.07
2015-04-17 13.53 14.1 13.24 13.24
2015-04-21 13.72 13.75 13.35 13.35
2015-06-11 40.23 40.23 36.69 36.69
2015-08-13 20.73 20.75 19.4 19.4
2015-11-04 20.23 20.45 19.1 19.1
2015-11-06 20.46 20.68 20.08 20.08
2016-04-11 16.71 16.87 16.15 16.15
2016-04-15 17.39 17.65 17.14 17.14
2016-11-03 11.7 11.8 11.62 11.62
2017-01-04 10.61 10.64 10.35 10.35
2017-03-02 10.11 10.31 10.0 10.0
2017-06-13 8.16 8.18 8.05 8.05
2017-06-15 8.16 8.16 7.98 7.98
2017-08-14 7.98 8.01 7.81 7.81
