2000-04-25 10.64 10.78 10.4 10.4
2000-05-24 10.98 11.0 10.65 10.65
2000-05-29 11.18 11.3 10.95 10.95
2000-07-04 11.65 11.7 11.41 11.41
2000-08-01 11.95 11.98 11.7 11.7
2000-08-21 12.2 12.25 11.81 11.81
2000-08-25 12.41 12.6 12.3 12.3
2000-09-06 11.51 11.6 11.41 11.41
2000-09-07 11.64 11.75 11.5 11.5
2000-09-19 11.75 11.85 11.51 11.51
2000-09-21 11.9 12.09 11.8 11.8
2000-09-22 12.0 12.23 11.9 11.9
2000-09-29 12.1 12.19 11.96 11.96
2000-10-18 12.85 12.88 12.46 12.46
2000-11-06 13.53 13.58 13.3 13.3
2000-11-28 13.88 13.88 13.56 13.56
2000-12-01 14.12 14.19 13.8 13.8
2000-12-13 14.65 14.7 14.03 14.03
2000-12-25 14.27 14.5 14.2 14.2
2000-12-26 14.6 14.8 14.28 14.28
2001-02-09 12.28 12.5 12.0 12.0
2001-02-14 12.44 12.47 12.28 12.28
2001-03-14 12.98 13.05 12.85 12.85
2001-03-15 13.38 13.4 13.0 13.0
2001-03-21 13.75 13.76 13.56 13.56
2001-03-27 13.75 13.92 13.69 13.69
2001-04-02 14.19 14.35 13.9 13.9
2001-04-23 15.77 15.8 15.0 15.0
2001-04-26 14.68 15.01 14.62 14.62
2001-04-30 15.38 15.69 14.81 14.81
2001-05-30 16.99 17.1 16.65 16.65
2001-07-05 14.45 14.85 14.3 14.3
2001-07-10 14.29 14.45 14.2 14.2
2001-07-25 13.9 14.04 13.8 13.8
2001-08-01 13.1 13.13 12.6 12.6
2001-08-03 13.0 13.05 12.86 12.86
2001-08-09 13.33 13.38 13.0 13.0
2001-09-20 12.33 12.54 12.11 12.11
2001-10-09 11.65 11.7 11.4 11.4
2001-11-06 10.36 10.49 10.32 10.32
2001-11-14 9.3 9.45 9.21 9.21
2001-11-19 9.89 9.91 9.5 9.5
2001-11-20 10.3 10.48 9.85 9.85
2001-11-27 10.75 10.78 10.6 10.6
2001-11-30 10.91 10.94 10.75 10.75
2001-12-19 10.48 10.5 10.2 10.2
2002-02-07 7.51 7.7 7.37 7.37
2002-03-05 7.94 8.06 7.8 7.8
2002-03-06 8.12 8.45 7.99 7.99
2002-03-14 8.8 8.84 8.3 8.3
2002-03-25 9.31 9.34 9.02 9.02
2002-04-09 9.11 9.14 8.86 8.86
2002-04-12 9.02 9.2 8.86 8.86
2002-04-15 9.19 9.2 9.02 9.02
2002-04-22 8.76 8.92 8.68 8.68
2002-04-29 9.28 9.33 9.02 9.02
2002-05-14 9.14 9.22 9.02 9.02
2002-05-22 9.36 9.39 9.02 9.02
2002-05-27 9.66 9.7 9.4 9.4
2002-06-18 9.56 9.6 9.21 9.21
2002-06-20 9.31 9.51 9.25 9.25
2002-07-03 10.64 10.75 10.5 10.5
2002-07-08 10.9 11.08 10.79 10.79
2002-07-16 10.5 10.63 10.47 10.47
2002-07-26 10.18 10.48 10.17 10.17
2002-08-13 9.61 9.71 9.58 9.58
2002-08-14 9.67 9.68 9.51 9.51
2002-08-23 9.72 9.85 9.7 9.7
2002-08-28 9.69 9.7 9.6 9.6
2002-09-12 9.05 9.13 9.0 9.0
2002-09-23 8.87 8.88 8.82 8.82
2002-10-16 8.36 8.43 8.25 8.25
2002-10-22 8.53 8.56 8.3 8.3
2002-11-04 8.75 8.85 8.52 8.52
2002-12-03 7.32 7.36 7.2 7.2
2002-12-13 7.44 7.47 7.23 7.23
2002-12-16 7.5 7.62 7.44 7.44
2002-12-17 7.53 7.59 7.46 7.46
2003-01-03 7.13 7.16 7.05 7.05
2003-01-21 8.15 8.5 8.1 8.1
2003-01-27 8.08 8.1 8.0 8.0
2003-02-13 8.23 8.49 8.21 8.21
2003-02-18 8.13 8.2 8.1 8.1
2003-02-19 8.28 8.28 8.1 8.1
2003-03-03 8.14 8.17 8.05 8.05
2003-03-19 7.66 7.7 7.6 7.6
2003-05-15 7.28 7.28 6.79 6.79
2003-05-19 7.22 7.27 7.01 7.01
2003-05-30 7.22 7.25 7.12 7.12
2003-06-09 6.84 6.89 6.71 6.71
2003-07-17 6.66 6.66 6.6 6.6
2003-07-23 6.76 6.79 6.65 6.65
2003-07-29 6.67 6.7 6.54 6.54
2003-07-30 6.71 6.72 6.65 6.65
2003-08-22 6.41 6.48 6.4 6.4
2003-09-16 6.1 6.12 6.01 6.01
2003-09-18 5.9 5.93 5.89 5.89
2003-10-10 5.97 6.01 5.8 5.8
2003-10-24 5.8 5.88 5.74 5.74
2003-10-30 5.9 6.12 5.8 5.8
2003-11-25 6.96 6.96 6.96 6.96
2004-01-16 6.61 6.66 6.35 6.35
2004-02-19 7.19 7.2 7.03 7.03
2004-03-12 6.76 6.82 6.71 6.71
2004-03-17 6.99 6.99 6.83 6.83
2004-03-30 7.05 7.05 6.9 6.9
2004-04-02 7.19 7.22 7.06 7.06
2004-04-21 6.71 6.85 6.71 6.71
2004-05-18 6.37 6.37 6.25 6.25
2004-06-01 6.31 6.35 6.22 6.22
2004-06-08 6.18 6.25 6.05 6.05
2004-07-01 5.95 5.99 5.8 5.8
2004-07-20 5.7 5.87 5.53 5.53
2004-08-04 5.49 5.56 5.37 5.37
2004-08-09 5.45 5.5 5.4 5.4
2004-08-10 5.52 5.55 5.45 5.45
2004-08-24 5.23 5.24 5.08 5.08
2004-09-14 5.26 5.31 5.1 5.1
2004-09-17 5.66 5.72 5.53 5.53
2004-09-20 5.81 5.82 5.68 5.68
2005-01-18 4.37 4.39 4.28 4.28
2005-02-02 4.43 4.44 4.11 4.11
2005-03-07 4.97 5.03 4.9 4.9
2005-03-11 5.0 5.03 4.88 4.88
2005-04-08 4.51 4.54 4.33 4.33
2005-05-17 3.46 3.49 3.39 3.39
2005-05-27 3.46 3.51 3.43 3.43
2005-05-31 3.52 3.56 3.45 3.45
2005-07-11 3.3 3.34 3.25 3.25
2005-07-20 3.64 3.68 3.6 3.6
2005-07-26 3.72 3.72 3.61 3.61
2005-07-29 3.85 3.94 3.76 3.76
2005-08-08 4.16 4.27 4.1 4.1
2005-08-15 4.4 4.42 4.18 4.18
2005-09-28 4.42 4.47 4.29 4.29
2005-09-29 4.52 4.55 4.42 4.42
2005-10-21 4.84 4.85 4.72 4.72
2005-10-27 4.57 4.58 4.51 4.51
2005-10-31 4.5 4.53 4.42 4.42
2005-11-29 4.13 4.23 4.11 4.11
2005-12-01 4.23 4.26 4.18 4.18
2005-12-06 4.03 4.08 4.0 4.0
2005-12-09 4.15 4.16 4.05 4.05
2005-12-14 4.17 4.18 4.1 4.1
2005-12-27 4.45 4.58 4.4 4.4
2006-01-12 4.75 4.82 4.61 4.61
2006-01-19 5.39 5.42 5.17 5.17
2006-01-20 5.78 5.86 5.45 5.45
2006-02-09 5.82 5.95 5.8 5.8
2006-10-09 5.95 6.01 5.77 5.77
2006-10-10 5.92 6.01 5.9 5.9
2006-10-13 6.08 6.14 5.98 5.98
2006-10-16 6.29 6.4 6.11 6.11
2006-10-18 6.39 6.4 6.18 6.18
2006-10-24 5.87 5.88 5.72 5.72
2006-10-25 5.81 5.96 5.75 5.75
2006-11-15 5.36 5.37 5.24 5.24
2006-11-30 5.73 5.78 5.58 5.58
2006-12-11 5.66 5.69 5.53 5.53
2006-12-13 5.75 5.81 5.7 5.7
2007-01-19 7.7 7.7 7.2 7.2
2007-01-22 8.47 8.47 8.22 8.22
2007-02-08 11.51 11.67 10.8 10.8
2007-02-14 13.24 13.57 12.99 12.99
2007-03-02 13.45 13.5 12.81 12.81
2007-03-06 14.04 14.25 13.63 13.63
2007-04-20 17.38 17.5 16.83 16.83
2007-05-30 15.4 15.4 15.4 15.4
2007-05-31 13.86 13.86 13.86 13.86
2007-07-12 12.23 12.62 11.94 11.94
2007-07-19 11.96 12.09 11.61 11.61
2007-07-20 12.35 12.45 11.98 11.98
2007-07-23 13.02 13.18 12.4 12.4
2007-08-14 13.8 13.85 13.38 13.38
2007-08-23 16.24 16.7 16.0 16.0
2007-09-18 24.37 24.37 22.18 22.18
2007-09-25 26.81 27.96 26.06 26.06
2007-10-11 27.67 27.68 25.13 25.13
2007-10-31 27.02 28.28 26.29 26.29
2007-11-19 22.1 22.53 21.01 21.01
2007-12-06 22.92 23.5 22.5 22.5
2007-12-10 23.39 23.58 22.31 22.31
2007-12-26 26.35 26.86 25.5 25.5
2008-01-21 27.34 28.58 26.94 26.94
2008-01-25 26.33 27.46 26.0 26.0
2008-02-04 22.3 22.3 20.8 20.8
2008-02-18 28.64 28.64 26.47 26.47
2008-02-20 31.33 31.33 28.53 28.53
2008-02-29 34.98 35.2 31.15 31.15
2008-04-07 20.76 20.76 18.12 18.12
2008-04-08 22.17 22.75 21.1 21.1
2008-04-23 20.23 20.35 18.41 18.41
2008-06-05 24.62 25.15 24.2 24.2
2008-06-24 21.29 21.51 20.22 20.22
2008-07-22 22.16 22.6 21.55 21.55
2008-11-03 6.64 6.84 6.56 6.56
2008-12-02 8.57 8.67 8.1 8.1
2008-12-03 9.27 9.43 8.64 8.64
2008-12-05 9.37 9.39 8.97 8.97
2008-12-08 9.8 9.88 9.49 9.49
2009-01-09 8.47 8.53 8.18 8.18
2009-01-14 9.23 9.24 8.7 8.7
2009-02-06 12.57 12.65 11.66 11.66
2009-03-04 11.79 11.79 11.02 11.02
2009-03-16 11.33 11.38 10.91 10.91
2009-04-09 13.98 14.0 13.36 13.36
2009-06-01 14.12 14.2 13.9 13.9
2009-06-17 13.8 13.81 13.4 13.4
2009-07-10 13.88 14.16 13.3 13.3
2009-07-13 14.1 14.34 13.9 13.9
2009-07-20 14.72 14.99 13.87 13.87
2009-08-03 16.09 16.09 14.6 14.6
2009-08-04 17.7 17.7 17.0 17.0
2009-09-09 20.26 20.86 19.53 19.53
2009-10-12 17.81 18.28 17.78 17.78
2009-10-19 18.73 18.73 17.01 17.01
2009-10-23 18.51 18.81 18.29 18.29
2009-10-28 17.63 17.82 17.1 17.1
2009-11-16 20.32 20.4 19.57 19.57
2009-11-23 20.78 21.5 20.7 20.7
2009-12-11 22.99 23.66 22.4 22.4
2010-03-01 18.78 18.89 18.58 18.58
2010-03-09 18.63 18.75 18.4 18.4
2010-03-29 17.77 18.03 17.63 17.63
2010-05-24 14.19 14.43 13.59 13.59
2010-06-08 13.03 13.15 12.71 12.71
2010-07-06 11.5 11.58 11.02 11.02
2010-07-14 11.75 11.96 11.66 11.66
2010-07-22 12.64 12.74 12.32 12.32
2010-08-02 13.68 13.9 13.26 13.26
2010-08-24 13.73 13.82 13.32 13.32
2010-08-30 14.14 14.15 13.69 13.69
2010-09-02 15.4 15.61 14.3 14.3
2010-12-21 14.23 14.24 13.79 13.79
2011-02-01 12.31 12.44 12.24 12.24
2011-02-24 13.67 13.73 13.3 13.3
2011-03-14 14.76 14.76 13.65 13.65
2011-04-18 15.54 15.78 15.0 15.0
2011-05-03 12.99 13.04 12.64 12.64
2011-05-06 13.18 13.24 12.35 12.35
2011-05-09 13.99 14.5 13.02 13.02
2011-05-18 12.87 12.94 12.64 12.64
2011-05-26 12.39 12.58 12.24 12.24
2011-05-31 11.6 11.65 11.35 11.35
2011-06-07 11.91 11.98 11.69 11.69
2011-06-14 12.11 12.19 11.98 11.98
2011-06-21 11.7 11.72 11.53 11.53
2011-06-30 12.17 12.27 12.0 12.0
2011-07-04 12.49 12.5 12.17 12.17
2011-07-13 12.42 12.44 12.18 12.18
2011-07-19 12.53 12.7 12.42 12.42
2011-09-01 11.63 12.3 11.47 11.47
2011-09-07 11.09 11.15 10.7 10.7
2011-09-09 11.11 11.17 10.75 10.75
2011-09-20 10.82 10.89 10.7 10.7
2011-09-27 10.62 10.83 10.58 10.58
2011-11-01 9.47 9.55 9.35 9.35
2011-12-23 7.7 7.8 7.41 7.41
2011-12-29 7.44 7.65 7.42 7.42
2012-02-03 8.17 8.18 8.01 8.01
2012-02-06 8.44 8.57 8.23 8.23
2012-02-09 8.35 8.49 8.27 8.27
2012-03-02 8.81 8.83 8.61 8.61
2012-03-05 9.09 9.17 8.78 8.78
2012-03-08 9.23 9.28 8.97 8.97
2012-03-13 10.3 10.53 9.62 9.62
2012-04-05 8.52 8.53 8.24 8.24
2012-04-19 9.65 9.65 9.65 9.65
2012-06-11 11.53 11.57 11.1 11.1
2012-08-23 11.59 11.6 11.15 11.15
2012-09-05 11.19 11.31 10.95 10.95
2012-09-06 11.58 11.58 11.21 11.21
2012-09-14 13.76 14.1 12.81 12.81
2012-12-12 13.71 13.84 13.46 13.46
2013-02-27 17.74 18.27 17.6 17.6
2013-03-29 15.16 15.27 15.02 15.02
2013-04-01 15.34 15.58 15.16 15.16
2013-04-24 14.7 14.84 14.36 14.36
2013-05-06 14.26 14.31 13.78 13.78
2013-05-10 15.22 15.48 14.41 14.41
2013-06-28 10.82 11.07 10.39 10.39
2013-07-04 11.53 11.85 10.72 10.72
2013-07-09 11.06 11.15 10.93 10.93
2013-07-23 11.37 11.44 11.01 11.01
2013-08-08 11.97 12.17 11.86 11.86
2013-08-12 12.92 13.11 12.05 12.05
2013-09-02 13.94 14.17 13.1 13.1
2013-09-26 13.14 13.44 13.12 13.12
2013-10-10 13.31 13.69 13.2 13.2
2013-11-20 11.7 11.77 11.47 11.47
2013-11-27 11.89 11.92 11.7 11.7
2013-12-03 11.76 11.78 11.3 11.3
2013-12-04 12.14 12.28 11.84 11.84
2013-12-09 12.13 12.15 11.92 11.92
2013-12-10 12.33 12.5 12.16 12.16
2013-12-24 11.5 11.56 11.32 11.32
2014-01-16 10.43 10.46 10.3 10.3
2014-01-21 10.15 10.17 9.93 9.93
2014-02-10 11.02 11.18 10.37 10.37
2014-03-17 10.7 10.72 10.53 10.53
2014-04-02 11.41 11.48 11.21 11.21
2014-04-04 11.35 11.38 11.08 11.08
2014-04-17 11.42 11.43 11.16 11.16
2014-04-30 10.69 10.81 10.46 10.46
2014-05-26 10.12 10.14 10.0 10.0
2014-05-28 10.04 10.07 9.95 9.95
2014-06-20 9.79 9.81 9.64 9.64
2014-06-26 9.94 9.97 9.84 9.84
2014-06-30 9.94 9.99 9.92 9.92
2014-08-15 10.93 10.95 10.8 10.8
2014-08-18 11.13 11.13 10.96 10.96
2014-08-25 10.72 10.97 10.69 10.69
2014-09-02 10.63 10.68 10.46 10.46
2014-11-20 11.16 11.22 11.12 11.12
2014-12-08 11.47 11.56 11.23 11.23
2015-01-08 12.09 12.38 12.03 12.03
2015-01-13 11.88 11.94 11.53 11.53
2015-01-20 12.3 12.33 11.74 11.74
2015-04-21 14.48 14.56 14.07 14.07
2015-04-27 15.5 15.65 15.0 15.0
2015-06-01 16.82 16.88 15.91 15.91
2015-06-18 19.38 20.55 18.58 18.58
2015-07-08 8.35 8.35 8.35 8.35
2015-07-09 9.19 9.19 7.52 7.52
2015-07-17 10.29 10.45 9.7 9.7
2015-08-10 11.98 11.98 11.1 11.1
2015-09-09 8.63 8.7 8.21 8.21
2015-09-16 8.09 8.09 7.3 7.3
2015-09-24 8.53 8.59 8.27 8.27
2015-10-15 10.17 10.23 9.75 9.75
2015-11-06 11.32 11.65 10.85 10.85
2015-11-16 12.19 12.28 11.53 11.53
2015-12-21 12.63 12.65 12.26 12.26
2015-12-29 15.9 16.54 15.6 15.6
2016-01-29 10.31 10.39 9.21 9.21
2016-02-02 10.02 10.33 9.55 9.55
2016-02-03 11.02 11.02 9.9 9.9
2016-02-15 11.21 11.38 10.52 10.52
2016-02-16 11.75 11.81 11.1 11.1
2016-02-26 12.92 13.3 12.42 12.42
2016-03-07 11.61 11.77 11.24 11.24
2016-03-14 11.0 11.12 10.71 10.71
2016-03-25 11.39 11.66 11.39 11.39
2016-03-28 11.12 11.59 11.03 11.03
2016-03-29 11.68 11.68 11.06 11.06
2016-03-30 12.26 12.26 11.7 11.7
2016-04-01 12.9 12.94 12.51 12.51
2016-06-06 13.28 13.28 13.28 13.28
2016-06-07 12.62 12.62 12.62 12.62
2016-06-08 11.99 11.99 11.99 11.99
2016-06-13 11.39 11.5 11.39 11.39
2016-06-27 9.87 9.94 9.58 9.58
2016-07-05 10.47 10.67 10.4 10.4
2016-07-06 10.99 10.99 10.41 10.41
2016-07-26 10.75 10.77 10.46 10.46
2016-07-29 10.37 10.41 10.28 10.28
2016-08-17 11.65 11.78 11.22 11.22
2016-09-06 13.03 13.2 12.69 12.69
2016-09-20 12.52 12.58 12.33 12.33
2016-09-23 12.84 13.1 12.64 12.64
2016-09-27 13.18 13.18 12.6 12.6
2016-09-30 14.69 14.69 14.04 14.04
2016-10-10 15.42 15.42 15.42 15.42
2016-10-11 16.19 16.19 16.19 16.19
2016-10-12 17.0 17.0 17.0 17.0
2016-10-13 17.85 17.85 17.85 17.85
2016-10-14 18.74 18.74 18.74 18.74
2016-10-17 19.68 19.68 19.68 19.68
2016-10-18 20.66 20.66 20.66 20.66
2016-11-14 18.06 18.25 17.7 17.7
2016-12-05 20.11 20.43 19.85 19.85
2016-12-07 21.16 21.35 20.4 20.4
2016-12-15 19.09 19.15 18.51 18.51
2016-12-19 20.26 20.4 19.89 19.89
2016-12-22 20.58 20.7 20.2 20.2
2017-02-07 24.06 24.3 23.22 23.22
2017-02-13 25.56 25.73 24.6 24.6
2017-03-08 29.64 30.1 28.72 28.72
2017-03-15 29.43 30.46 29.1 29.1
2017-04-13 27.15 28.2 26.9 26.9
2017-04-18 28.06 28.06 25.45 25.45
2017-05-18 27.63 28.39 27.5 27.5
2017-05-24 26.43 26.5 25.65 25.65
2017-08-15 49.78 49.78 46.73 46.73
