2002-06-21 26.03 26.26 25.55 25.55
2002-08-02 26.2 26.34 26.1 26.1
2002-08-22 25.66 25.79 25.18 25.18
2002-08-27 25.8 26.14 25.4 25.4
2002-09-10 24.65 24.8 24.45 24.45
2002-11-05 22.03 22.2 21.35 21.35
2002-11-25 19.86 19.96 19.6 19.6
2002-12-03 19.32 19.35 19.1 19.1
2002-12-23 19.29 19.45 19.15 19.15
2002-12-25 19.2 19.44 19.15 19.15
2003-01-08 18.07 18.1 17.5 17.5
2003-01-24 19.28 19.3 19.01 19.01
2003-02-18 19.31 19.56 19.21 19.21
2003-02-24 19.79 19.83 19.15 19.15
2003-02-26 20.7 21.1 20.55 20.55
2003-02-27 21.76 21.98 20.75 20.75
2003-03-04 24.6 25.18 23.01 23.01
2003-04-17 27.09 27.6 26.3 26.3
2003-04-30 24.01 24.18 22.31 22.31
2003-05-28 11.1 11.29 10.97 10.97
2003-06-13 10.95 11.29 10.28 10.28
2003-08-21 7.6 7.65 7.56 7.56
2003-10-29 6.15 6.38 6.02 6.02
2003-11-14 6.05 6.1 5.95 5.95
2003-11-19 6.09 6.17 5.93 5.93
2003-11-20 6.7 6.7 6.15 6.15
2003-11-21 7.32 7.37 7.02 7.02
2004-01-29 8.01 8.01 7.31 7.31
2004-02-04 8.28 8.3 8.1 8.1
2004-02-09 8.29 8.3 8.1 8.1
2004-03-10 7.72 7.74 7.5 7.5
2004-03-31 8.79 8.88 8.6 8.6
2004-04-02 8.7 8.79 8.61 8.61
2004-04-06 9.19 9.67 9.1 9.1
2004-04-21 7.68 7.88 7.55 7.55
2004-04-26 7.16 7.4 7.1 7.1
2004-05-18 7.24 7.26 6.94 6.94
2004-06-21 6.58 6.59 6.43 6.43
2004-07-01 6.29 6.32 6.1 6.1
2004-07-06 6.25 6.31 6.15 6.15
2004-08-04 5.47 5.55 5.31 5.31
2004-08-10 5.3 5.31 5.22 5.22
2004-08-20 5.05 5.14 4.98 4.98
2004-08-31 5.13 5.29 5.1 5.1
2004-09-02 5.16 5.16 5.01 5.01
2004-09-14 5.02 5.08 4.89 4.89
2004-09-20 6.2 6.2 5.9 5.9
2004-09-28 5.63 5.7 5.54 5.54
2004-10-13 5.59 5.6 5.38 5.38
2004-10-19 5.3 5.42 5.2 5.2
2004-10-27 5.27 5.3 5.02 5.02
2004-12-22 5.11 5.13 4.93 4.93
2005-01-05 4.58 4.68 4.49 4.49
2005-01-19 4.64 4.65 4.54 4.54
2005-02-04 4.3 4.32 4.22 4.22
2005-02-24 4.63 4.64 4.55 4.55
2005-03-21 4.16 4.18 4.12 4.12
2005-04-22 3.13 3.18 3.02 3.02
2005-04-26 3.09 3.2 2.91 2.91
2005-05-13 2.99 3.02 2.92 2.92
2005-05-24 3.1 3.1 2.81 2.81
2005-05-27 3.05 3.12 3.03 3.03
2005-06-02 3.01 3.06 2.93 2.93
2005-06-08 3.27 3.33 3.05 3.05
2005-06-30 3.29 3.35 3.2 3.2
2005-07-07 2.95 2.99 2.73 2.73
2005-07-20 2.42 2.45 2.4 2.4
2005-07-29 2.63 2.68 2.58 2.58
2005-08-22 2.93 2.98 2.85 2.85
2005-09-13 3.4 3.41 3.28 3.28
2005-10-18 3.05 3.05 2.93 2.93
2005-10-31 2.64 2.69 2.53 2.53
2005-11-11 2.7 2.73 2.64 2.64
2005-11-14 2.78 2.83 2.65 2.65
2005-12-07 2.68 2.7 2.65 2.65
2005-12-19 2.78 2.79 2.75 2.75
2005-12-26 2.79 2.8 2.75 2.75
2005-12-29 2.81 2.84 2.76 2.76
2006-01-09 2.93 2.95 2.9 2.9
2006-01-12 3.02 3.03 2.95 2.95
2006-01-18 3.0 3.01 2.9 2.9
2006-02-10 3.06 3.11 2.92 2.92
2006-03-01 3.0 3.06 2.98 2.98
2006-03-21 2.79 2.82 2.77 2.77
2006-10-09 3.24 3.25 3.18 3.18
2006-12-05 3.39 3.45 3.3 3.3
2006-12-11 3.26 3.27 3.16 3.16
2006-12-25 3.27 3.32 3.22 3.22
2007-02-08 4.8 4.9 4.67 4.67
2007-02-28 5.98 5.98 5.45 5.45
2007-03-07 5.61 5.66 5.51 5.51
2007-03-20 5.94 5.97 5.74 5.74
2007-03-26 6.45 6.47 6.22 6.22
2007-05-23 10.37 10.43 10.0 10.0
2007-05-30 10.22 10.98 10.22 10.22
2007-06-05 6.88 7.11 6.71 6.71
2007-06-18 7.54 7.69 7.4 7.4
2007-07-02 5.94 5.94 5.46 5.46
2007-08-31 7.7 7.82 7.63 7.63
2007-09-12 7.31 7.35 7.04 7.04
2007-09-17 8.01 8.05 7.65 7.65
2007-09-24 8.2 8.35 8.0 8.0
2007-11-06 6.28 6.53 5.9 5.9
2007-12-14 6.71 6.72 6.49 6.49
2007-12-19 6.82 6.9 6.68 6.68
2008-01-03 8.16 8.24 7.8 7.8
2008-02-14 7.39 7.4 7.2 7.2
2008-02-19 7.51 7.59 7.41 7.41
2008-03-06 9.63 9.63 9.25 9.25
2008-03-18 7.17 7.44 7.17 7.17
2008-03-31 7.7 8.0 7.53 7.53
2008-06-02 5.91 5.95 5.71 5.71
2008-06-23 3.97 4.04 3.86 3.86
2008-06-24 4.17 4.18 3.89 3.89
2008-06-25 4.35 4.37 4.09 4.09
2008-07-02 3.96 4.08 3.82 3.82
2008-07-07 4.3 4.33 4.09 4.09
2008-07-25 4.34 4.43 4.32 4.32
2008-08-27 3.18 3.2 3.1 3.1
2008-09-24 3.01 3.03 2.91 2.91
2008-09-25 3.07 3.08 3.02 3.02
2008-11-05 2.46 2.47 2.4 2.4
2008-11-12 2.83 2.85 2.72 2.72
2008-11-19 3.14 3.14 2.9 2.9
2008-12-18 3.27 3.28 3.16 3.16
2008-12-31 2.9 3.12 2.87 2.87
2009-02-06 3.72 3.72 3.42 3.42
2009-03-23 4.1 4.12 3.84 3.84
2009-04-02 4.16 4.28 4.11 4.11
2009-04-28 4.39 4.51 4.3 4.3
2009-05-06 5.2 5.25 4.8 4.8
2009-08-18 5.01 5.01 4.63 4.63
2009-12-21 6.82 6.89 6.62 6.62
2009-12-23 6.71 6.77 6.41 6.41
2009-12-31 7.14 7.25 6.94 6.94
2010-01-14 7.75 7.85 7.46 7.46
2010-02-10 6.71 6.76 6.5 6.5
2010-03-24 7.07 7.18 7.03 7.03
2010-04-20 6.71 6.71 6.71 6.71
2010-04-21 6.64 6.68 6.37 6.37
2010-04-28 6.24 6.29 6.07 6.07
2010-05-18 4.99 5.1 4.99 4.99
2010-07-20 4.78 4.79 4.64 4.64
2010-07-29 5.1 5.18 5.0 5.0
2010-07-30 5.34 5.36 5.08 5.08
2010-08-16 5.81 5.85 5.7 5.7
2010-08-24 5.7 5.71 5.58 5.58
2010-10-21 5.62 5.64 5.4 5.4
2010-11-04 6.3 6.43 6.21 6.21
2010-11-24 6.18 6.2 6.07 6.07
2010-12-13 5.99 5.99 5.84 5.84
2010-12-16 6.48 6.48 6.18 6.18
2010-12-21 6.38 6.38 6.23 6.23
2011-01-07 6.58 6.74 6.51 6.51
2011-01-26 5.96 6.03 5.9 5.9
2011-01-27 6.13 6.21 5.95 5.95
2011-01-31 6.22 6.26 6.14 6.14
2011-03-14 7.5 7.6 7.21 7.21
2011-04-12 7.14 7.26 7.06 7.06
2011-04-18 7.39 7.51 7.26 7.26
2011-05-24 7.12 7.16 7.01 7.01
2011-06-07 6.77 6.84 6.72 6.72
2011-06-27 6.6 6.65 6.55 6.55
2011-07-04 6.55 6.56 6.39 6.39
2011-07-26 6.07 6.15 6.02 6.02
2011-08-11 5.51 5.53 5.26 5.26
2011-08-19 5.58 5.58 5.43 5.43
2011-08-22 5.7 5.78 5.53 5.53
2011-08-29 5.87 5.99 5.8 5.8
2011-10-21 4.96 5.0 4.91 4.91
2011-10-25 5.13 5.15 5.01 5.01
2011-10-26 5.15 5.23 5.08 5.08
2011-10-27 5.18 5.26 5.13 5.13
2011-10-31 5.57 5.57 5.43 5.43
2011-11-09 5.76 5.79 5.63 5.63
2011-11-14 5.75 5.84 5.65 5.65
2011-11-22 5.57 5.57 5.42 5.42
2011-12-20 4.4 4.52 4.33 4.33
2012-01-31 4.5 4.51 4.31 4.31
2012-03-02 5.18 5.2 5.06 5.06
2012-03-28 5.54 5.72 5.45 5.45
2012-04-05 5.04 5.14 5.02 5.02
2012-04-12 5.15 5.18 5.0 5.0
2012-04-27 5.1 5.26 5.06 5.06
2012-05-02 4.85 4.97 4.85 4.85
2012-05-04 4.65 4.67 4.52 4.52
2012-05-08 4.8 4.84 4.73 4.73
2012-05-29 4.38 4.39 4.3 4.3
2012-05-31 4.43 4.46 4.4 4.4
2012-06-13 4.74 4.77 4.66 4.66
2012-06-14 4.98 4.98 4.98 4.98
2012-06-18 4.92 4.94 4.82 4.82
2012-07-17 4.0 4.02 3.83 3.83
2012-07-24 4.09 4.12 4.0 4.0
2012-07-30 3.79 3.92 3.79 3.79
2012-08-06 3.66 3.67 3.52 3.52
2012-08-09 4.0 4.03 3.91 3.91
2012-08-15 4.17 4.19 3.95 3.95
2012-08-17 4.46 4.46 4.18 4.18
2012-08-20 4.68 4.68 4.47 4.47
2012-08-23 5.15 5.15 5.15 5.15
2012-08-24 5.67 5.67 5.67 5.67
2012-11-01 4.73 4.78 4.64 4.64
2012-11-12 4.51 4.53 4.4 4.4
2012-12-25 4.29 4.31 4.18 4.18
2013-01-07 4.46 4.49 4.31 4.31
2013-01-11 4.74 5.04 4.59 4.59
2013-01-21 5.05 5.25 5.04 5.04
2013-01-25 4.64 4.71 4.61 4.61
2013-02-08 4.72 4.8 4.68 4.68
2013-06-05 5.09 5.12 5.04 5.04
2013-07-18 4.52 4.8 4.36 4.36
2013-09-09 5.15 5.3 5.03 5.03
2013-10-18 5.63 5.73 5.56 5.56
2013-10-28 6.0 6.08 5.5 5.5
2013-11-12 6.32 6.45 5.88 5.88
2013-11-14 6.27 6.32 6.0 6.0
2013-11-25 6.04 6.12 6.0 6.0
2013-11-26 6.24 6.35 6.02 6.02
2014-01-15 5.08 5.1 4.94 4.94
2014-01-17 5.29 5.43 4.93 4.93
2014-01-24 5.3 5.36 5.26 5.26
2014-02-10 5.55 5.58 5.47 5.47
2014-03-14 6.17 6.29 5.97 5.97
2014-03-17 6.27 6.28 6.1 6.1
2014-04-14 7.65 8.04 7.52 7.52
2014-04-29 6.8 6.82 6.5 6.5
2014-05-06 7.01 7.12 6.81 6.81
2014-05-23 6.83 6.85 6.62 6.62
2014-05-26 6.91 7.02 6.83 6.83
2014-05-27 7.44 7.55 6.97 6.97
2014-06-23 8.18 8.32 7.68 7.68
2014-07-07 8.7 8.7 8.02 8.02
2014-07-25 7.87 8.0 7.75 7.75
2014-10-28 8.78 8.88 8.55 8.55
2014-11-20 8.64 8.65 8.46 8.46
2014-12-04 8.74 8.8 8.63 8.63
2014-12-10 7.81 7.98 7.25 7.25
2015-01-08 7.09 7.17 6.94 6.94
2015-01-13 7.07 7.07 6.91 6.91
2015-01-20 7.37 7.4 7.08 7.08
2015-03-05 11.44 11.5 10.62 10.62
2015-03-09 11.21 11.45 11.1 11.1
2015-03-16 12.07 12.25 11.76 11.76
2015-03-23 14.54 14.54 13.2 13.2
2015-04-03 16.72 16.79 16.07 16.07
2015-04-21 15.13 15.6 13.91 13.91
2015-05-19 16.6 16.66 16.29 16.29
2015-05-21 19.0 19.01 17.38 17.38
2015-06-24 21.52 21.88 20.19 20.19
2015-09-10 18.64 18.64 18.64 18.64
2015-09-11 16.78 16.78 16.78 16.78
2015-09-14 15.1 15.1 15.1 15.1
2015-09-15 13.59 13.59 13.59 13.59
2015-09-16 12.23 12.23 12.23 12.23
2015-10-16 6.55 6.78 6.4 6.4
2015-12-17 8.12 8.18 7.8 7.8
2016-01-19 7.36 7.46 7.04 7.04
2016-01-25 7.24 7.3 7.02 7.02
2016-02-04 6.14 6.29 6.0 6.0
2016-02-16 6.42 6.49 6.16 6.16
2016-04-05 8.22 8.28 7.97 7.97
2016-04-11 8.36 8.58 8.12 8.12
2016-06-14 6.86 6.88 6.71 6.71
2016-08-26 7.67 7.7 7.53 7.53
2016-10-27 10.17 10.45 9.53 9.53
2016-11-07 11.58 11.83 10.76 10.76
2016-12-06 10.43 10.55 10.36 10.36
2016-12-09 10.65 10.76 10.52 10.52
2016-12-21 9.96 10.2 9.58 9.58
2017-02-07 9.61 9.78 9.53 9.53
2017-04-14 8.12 8.15 8.11 8.11
2017-04-25 8.07 8.09 8.06 8.06
2017-04-26 8.06 8.08 8.06 8.06
2017-05-04 8.1 8.13 8.1 8.1
2017-05-22 8.1 8.16 8.1 8.1
2017-06-16 8.33 8.37 8.3 8.3
2017-06-21 8.59 8.59 8.4 8.4
2017-07-24 8.66 8.7 8.51 8.51
