2006-11-09 4.08 4.12 4.03 4.03
2007-01-05 4.02 4.05 3.83 3.83
2007-04-26 8.72 8.84 8.58 8.58
2007-12-10 11.0 11.1 10.61 10.61
2008-02-14 12.55 12.56 12.0 12.0
2008-02-18 12.49 12.7 12.28 12.28
2008-02-21 14.5 14.5 13.21 13.21
2008-05-16 12.78 12.78 11.5 11.5
2008-05-26 13.18 13.68 13.03 13.03
2008-12-03 7.19 7.19 6.54 6.54
2008-12-08 7.32 7.34 7.09 7.09
2008-12-10 7.54 7.59 6.92 6.92
2009-01-05 7.26 7.28 7.08 7.08
2009-01-12 7.15 7.17 6.98 6.98
2009-01-19 7.88 7.88 7.25 7.25
2009-02-02 8.38 8.53 7.81 7.81
2009-03-12 7.94 8.0 7.72 7.72
2009-04-02 8.64 8.83 8.4 8.4
2009-09-18 11.04 11.36 10.82 10.82
2009-10-12 9.85 9.88 9.46 9.46
2010-02-23 13.73 13.75 13.1 13.1
2010-07-28 11.81 11.83 11.53 11.53
2010-08-05 12.61 12.75 11.95 11.95
2010-08-17 13.68 13.79 13.44 13.44
2010-12-29 14.13 14.2 13.56 13.56
2011-02-10 14.38 14.55 14.06 14.06
2011-04-15 18.88 19.0 18.2 18.2
2011-04-22 19.94 20.08 18.4 18.4
2011-05-13 21.41 21.68 20.33 20.33
2011-05-19 21.39 22.37 21.25 21.25
2011-07-04 18.36 18.46 17.77 17.77
2011-07-07 18.42 18.78 18.11 18.11
2011-09-02 16.89 17.1 16.6 16.6
2011-09-07 17.15 17.35 16.5 16.5
2011-09-16 18.18 18.29 18.0 18.0
2011-12-30 12.36 12.42 11.98 11.98
2012-01-09 11.78 11.96 11.36 11.36
2012-01-10 12.29 12.36 11.68 11.68
2012-02-20 14.15 14.8 13.75 13.75
2012-03-22 13.4 13.57 13.33 13.33
2012-05-07 12.88 13.2 12.6 12.6
2012-05-30 11.89 11.95 11.69 11.69
2012-06-05 11.57 11.89 11.43 11.43
2012-10-16 8.61 8.61 7.78 7.78
2012-10-22 9.27 9.49 8.9 8.9
2012-10-24 10.21 10.49 9.82 9.82
2012-11-16 10.59 10.9 10.45 10.45
2012-11-20 10.59 10.9 10.5 10.5
2012-11-21 10.38 10.59 10.01 10.01
2012-12-31 9.91 10.02 9.9 9.9
2013-01-04 10.2 10.22 9.93 9.93
2013-01-28 9.51 9.52 9.32 9.32
2013-01-30 9.42 9.56 9.38 9.38
2013-02-06 9.49 9.49 9.31 9.31
2013-05-06 7.2 7.23 7.14 7.14
2013-05-10 7.26 7.27 7.15 7.15
2013-08-22 7.75 7.9 7.74 7.74
2013-11-08 7.93 8.0 7.83 7.83
2013-11-14 8.32 8.45 8.0 8.0
2013-11-18 8.46 8.46 8.32 8.32
2013-11-21 8.32 8.39 8.2 8.2
2013-11-29 8.28 8.35 8.15 8.15
2013-12-03 7.88 7.89 7.6 7.6
2014-01-09 8.22 8.3 8.21 8.21
2014-02-26 7.72 7.77 7.52 7.52
2014-07-17 7.49 7.52 7.45 7.45
2014-07-22 7.42 7.46 7.36 7.36
2014-07-28 7.72 7.75 7.66 7.66
2014-08-04 7.89 7.99 7.75 7.75
2014-08-08 8.25 8.33 8.11 8.11
2014-08-15 8.28 8.34 8.15 8.15
2014-09-17 9.73 9.93 9.41 9.41
2014-09-24 10.09 10.17 9.93 9.93
2014-10-28 11.09 11.27 10.81 10.81
2014-12-02 11.12 11.24 10.82 10.82
2015-03-24 16.84 17.35 15.6 15.6
2015-05-08 18.7 18.7 17.02 17.02
2015-05-12 21.72 22.63 20.83 20.83
2015-07-08 9.09 9.09 9.09 9.09
2015-07-09 10.0 10.0 8.18 8.18
2015-07-28 15.0 15.3 13.02 13.02
2015-08-24 12.77 13.18 12.77 12.77
2015-08-25 11.49 11.99 11.49 11.49
2015-08-28 11.71 11.78 10.78 10.78
2015-12-15 15.0 15.0 15.0 15.0
2015-12-16 16.5 16.5 16.5 16.5
2015-12-17 18.15 18.15 18.15 18.15
2015-12-18 19.97 19.97 19.97 19.97
2015-12-21 21.97 21.97 21.97 21.97
2015-12-22 24.17 24.17 24.17 24.17
2015-12-23 26.59 26.59 26.59 26.59
2016-06-20 12.29 12.29 12.29 12.29
2016-06-21 12.18 12.4 12.03 12.03
2016-06-27 12.31 12.34 11.98 11.98
2016-10-28 14.11 14.11 14.11 14.11
2016-10-31 14.82 14.82 14.82 14.82
2016-12-14 17.03 17.38 16.63 16.63
2016-12-21 18.15 18.29 17.72 17.72
2017-01-23 14.96 15.13 14.75 14.75
2017-01-25 15.07 15.16 14.86 14.86
2017-01-26 15.3 15.47 15.05 15.05
2017-02-06 15.24 15.37 15.13 15.13
2017-02-07 15.64 15.78 15.17 15.17
2017-06-07 13.89 14.15 12.86 12.86
2017-06-13 13.8 13.98 13.58 13.58
