1994-03-29 11.84 11.99 11.6 11.6
1994-06-22 5.05 5.17 5.04 5.04
1994-07-12 4.32 4.35 4.3 4.3
1994-08-19 7.34 7.59 7.1 7.1
1994-10-19 5.69 5.75 5.47 5.47
1994-10-24 6.53 6.6 6.15 6.15
1994-12-20 5.09 5.14 5.01 5.01
1995-01-26 4.37 4.4 4.3 4.3
1995-02-22 4.6 4.62 4.29 4.29
1995-03-01 4.36 4.36 4.3 4.3
1995-03-06 4.53 4.55 4.4 4.4
1995-03-21 4.4 4.46 4.32 4.32
1995-03-22 4.57 4.58 4.4 4.4
1995-03-27 4.63 4.66 4.55 4.55
1995-03-30 4.48 4.6 4.3 4.3
1995-03-31 4.57 4.57 4.45 4.45
1995-05-03 4.0 4.03 3.98 3.98
1995-05-09 4.0 4.0 3.97 3.97
1995-05-12 4.02 4.1 4.0 4.0
1995-07-27 4.35 4.35 4.2 4.2
1995-08-03 4.33 4.37 4.3 4.3
1995-08-07 4.4 4.41 4.33 4.33
1995-08-09 4.52 4.55 4.4 4.4
1995-08-11 5.58 5.68 4.71 4.71
1995-08-16 5.5 5.56 5.25 5.25
1995-10-05 5.32 5.34 5.24 5.24
1995-12-04 5.31 5.35 5.2 5.2
1995-12-08 5.43 5.55 5.32 5.32
1995-12-14 5.53 5.7 5.25 5.25
1995-12-19 5.11 5.15 5.03 5.03
1995-12-20 5.2 5.2 5.08 5.08
1996-01-08 4.46 4.49 4.28 4.28
1996-01-09 4.69 4.69 4.5 4.5
1996-01-15 4.55 4.6 4.5 4.5
1996-01-22 4.28 4.32 4.26 4.26
1996-01-23 4.31 4.34 4.27 4.27
1996-01-24 4.38 4.45 4.31 4.31
1996-01-29 4.45 4.57 4.4 4.4
1996-01-31 4.5 4.57 4.38 4.38
1996-02-01 4.57 4.6 4.5 4.5
1996-02-07 4.4 4.4 4.35 4.35
1996-02-12 4.4 4.44 4.37 4.37
1996-02-15 4.56 4.56 4.45 4.45
1996-03-07 4.87 4.87 4.76 4.76
1996-03-13 4.76 4.8 4.7 4.7
1996-03-14 4.75 4.8 4.7 4.7
1996-03-18 4.78 4.81 4.74 4.74
1996-03-19 4.83 4.88 4.8 4.8
1996-03-21 4.86 4.91 4.85 4.85
1996-03-22 4.88 4.93 4.8 4.8
1996-04-01 4.85 4.9 4.81 4.81
1996-04-23 5.72 5.74 5.45 5.45
1996-04-26 6.52 6.6 5.95 5.95
1996-07-26 6.15 6.79 6.1 6.1
1996-08-22 7.07 7.45 7.02 7.02
1996-08-28 7.28 7.35 7.08 7.08
1996-09-04 7.76 7.9 7.35 7.35
1996-09-09 8.22 8.41 7.78 7.78
1996-09-17 7.26 7.35 6.92 6.92
1996-09-19 7.35 7.38 6.92 6.92
1996-09-23 7.9 8.14 7.68 7.68
1996-10-10 7.51 7.62 7.35 7.35
1996-12-17 6.47 6.97 6.47 6.47
1997-02-21 6.69 6.69 6.11 6.11
1997-03-03 7.68 7.7 7.2 7.2
1997-06-16 6.36 6.43 6.29 6.29
1997-06-17 6.2 6.42 6.05 6.05
1997-06-18 6.2 6.36 5.88 5.88
1997-07-29 5.6 5.65 5.45 5.45
1997-08-04 6.38 6.45 6.0 6.0
1997-09-10 7.06 7.12 6.6 6.6
1998-03-03 5.65 5.65 5.5 5.5
1998-04-17 6.05 6.15 5.9 5.9
1998-04-20 6.34 6.35 6.0 6.0
1998-05-08 6.27 6.29 5.7 5.7
1998-05-13 6.35 6.48 6.1 6.1
1998-05-21 6.61 6.68 6.3 6.3
1998-05-25 7.22 7.4 6.88 6.88
1998-07-10 6.21 6.28 6.05 6.05
1998-09-14 5.8 5.86 5.6 5.6
1998-09-30 5.81 5.9 5.76 5.76
1998-10-05 5.87 6.0 5.81 5.81
1998-10-07 5.73 5.8 5.68 5.68
1998-10-08 5.9 5.92 5.73 5.73
1999-01-08 5.01 5.02 4.82 4.82
1999-01-14 4.85 4.93 4.82 4.82
1999-01-19 4.8 4.83 4.72 4.72
1999-01-21 4.83 4.83 4.75 4.75
1999-01-29 5.1 5.17 5.02 5.02
1999-03-12 5.58 5.66 5.5 5.5
1999-03-29 5.49 5.52 5.34 5.34
1999-05-10 6.03 6.3 5.85 5.85
1999-08-20 7.6 7.89 7.55 7.55
1999-09-15 7.79 7.87 7.6 7.6
1999-12-01 6.49 6.52 6.41 6.41
1999-12-07 6.44 6.48 6.4 6.4
1999-12-08 6.45 6.5 6.38 6.38
1999-12-15 6.62 6.79 6.46 6.46
2000-04-18 7.4 7.45 7.15 7.15
2000-04-19 7.46 7.6 7.36 7.36
2000-04-24 8.04 8.19 7.72 7.72
2000-05-25 7.45 7.46 7.2 7.2
2000-05-31 7.48 7.53 7.28 7.28
2000-08-02 9.41 9.67 9.32 9.32
2000-09-27 8.75 8.81 8.58 8.58
2000-10-09 9.09 9.12 8.71 8.71
2000-10-10 9.23 9.35 9.1 9.1
2000-10-25 9.75 9.8 9.48 9.48
2000-10-30 9.6 9.7 9.5 9.5
2000-11-15 10.1 10.2 9.8 9.8
2000-12-20 9.92 9.98 9.85 9.85
2001-01-10 10.22 10.25 10.16 10.16
2001-01-11 10.37 10.45 10.25 10.25
2001-07-27 14.3 14.62 13.8 13.8
2001-08-01 14.0 14.15 13.21 13.21
2001-08-07 13.9 13.9 13.31 13.31
2001-08-10 14.29 14.38 14.0 14.0
2001-10-26 12.71 12.8 12.54 12.54
2001-11-30 12.86 12.9 12.54 12.54
2001-12-17 12.93 12.98 12.73 12.73
2002-01-23 12.54 12.61 12.15 12.15
2002-01-31 12.98 13.15 12.33 12.33
2002-03-07 14.0 14.0 13.67 13.67
2002-04-15 14.59 14.64 14.45 14.45
2002-06-18 8.44 8.46 8.3 8.3
2002-06-24 9.5 9.5 8.8 8.8
2002-07-01 8.61 8.7 8.55 8.55
2002-07-02 8.69 8.73 8.48 8.48
2002-07-04 9.23 9.43 8.71 8.71
2002-07-12 9.39 9.5 9.32 9.32
2002-07-17 9.23 9.24 9.13 9.13
2002-07-24 9.58 9.59 9.4 9.4
2002-08-15 9.12 9.17 9.09 9.09
2002-08-20 9.26 9.27 9.0 9.0
2002-08-22 9.36 9.42 9.23 9.23
2002-08-23 9.41 9.52 9.34 9.34
2002-10-08 8.85 8.9 8.75 8.75
2002-11-01 8.61 8.67 8.55 8.55
2002-11-19 8.21 8.28 8.01 8.01
2002-11-22 7.99 8.08 7.77 7.77
2002-11-29 8.06 8.19 7.76 7.76
2002-12-03 7.88 7.96 7.77 7.77
2002-12-04 7.93 8.07 7.79 7.79
2002-12-23 7.94 7.97 7.88 7.88
2003-01-07 7.75 7.8 7.62 7.62
2003-01-14 8.24 8.25 7.8 7.8
2003-01-16 8.23 8.28 8.09 8.09
2003-01-22 8.08 8.16 8.0 8.0
2003-02-12 8.19 8.23 8.05 8.05
2003-02-20 8.41 8.49 8.35 8.35
2003-02-24 8.33 8.4 8.22 8.22
2003-03-07 7.83 7.94 7.66 7.66
2003-03-11 7.78 7.85 7.68 7.68
2003-03-14 7.77 7.82 7.72 7.72
2003-04-07 7.58 7.69 7.51 7.51
2003-04-28 7.18 7.35 7.05 7.05
2003-06-04 7.1 7.18 7.02 7.02
2003-06-11 7.09 7.13 7.0 7.0
2003-06-25 6.8 6.82 6.69 6.69
2003-07-03 6.74 6.74 6.61 6.61
2003-07-11 6.91 7.0 6.88 6.88
2003-10-09 6.87 6.88 6.78 6.78
2003-10-15 7.03 7.1 6.96 6.96
2003-11-12 6.43 6.55 6.32 6.32
2003-11-17 6.6 6.62 6.43 6.43
2003-11-25 6.15 6.34 6.11 6.11
2003-11-28 6.17 6.23 6.06 6.06
2003-12-04 6.31 6.38 6.25 6.25
2004-04-06 7.36 7.42 7.17 7.17
2004-05-20 5.97 6.06 5.91 5.91
2004-08-16 4.73 4.82 4.7 4.7
2004-08-17 4.83 4.86 4.73 4.73
2004-09-14 4.73 4.79 4.61 4.61
2005-01-07 3.84 3.87 3.78 3.78
2005-01-10 3.84 3.85 3.61 3.61
2005-04-13 3.43 3.45 3.35 3.35
2005-04-21 3.22 3.27 3.18 3.18
2005-06-08 2.97 3.0 2.79 2.79
2005-06-27 2.9 2.92 2.84 2.84
2005-07-05 2.4 2.43 2.38 2.38
2005-07-12 2.28 2.29 2.15 2.15
2005-08-01 2.28 2.28 2.23 2.23
2005-08-31 2.69 2.7 2.55 2.55
2005-09-05 2.86 2.86 2.78 2.78
2005-10-10 2.64 2.68 2.63 2.63
2005-11-02 2.52 2.53 2.45 2.45
2005-11-24 2.5 2.52 2.49 2.49
2006-01-19 2.98 3.02 2.82 2.82
2007-01-15 5.68 5.68 5.18 5.18
2007-04-23 9.83 9.91 9.39 9.39
2007-07-23 12.41 12.68 11.7 11.7
2007-07-25 12.45 12.6 12.15 12.15
2008-02-14 15.8 16.0 15.25 15.25
2008-07-25 7.81 7.96 7.63 7.63
2008-07-28 7.97 8.09 7.83 7.83
2009-01-14 5.3 5.34 5.0 5.0
2009-03-04 7.24 7.33 6.73 6.73
2009-06-17 6.95 6.97 6.82 6.82
2009-07-06 7.58 7.66 7.38 7.38
2009-09-14 6.91 6.95 6.75 6.75
2009-09-15 7.04 7.09 6.9 6.9
2010-04-23 9.2 9.44 9.14 9.14
2010-04-26 9.55 9.7 9.2 9.2
2010-05-05 8.41 8.45 8.07 8.07
2010-05-21 8.05 8.06 7.56 7.56
2010-08-02 11.04 11.14 10.88 10.88
2011-04-15 17.01 17.65 16.5 16.5
2011-07-13 14.73 14.83 14.43 14.43
2011-08-12 13.82 14.25 13.61 13.61
2011-08-17 13.79 13.98 13.68 13.68
2012-03-08 9.09 9.2 9.02 9.02
2013-04-22 5.84 5.97 5.82 5.82
2013-05-03 5.19 5.26 5.16 5.16
2013-08-01 3.89 3.95 3.81 3.81
2013-09-11 4.68 4.83 4.52 4.52
2014-01-27 3.64 3.72 3.62 3.62
2014-02-10 3.65 3.66 3.56 3.56
2014-04-29 3.46 3.48 3.38 3.38
2014-10-29 6.22 6.32 6.01 6.01
2014-12-09 7.0 7.0 7.0 7.0
2014-12-10 7.7 7.7 7.7 7.7
2015-05-14 14.71 14.71 13.72 13.72
2015-05-22 16.8 17.42 16.43 16.43
2015-07-09 12.39 12.39 10.13 10.13
2015-07-16 11.61 12.59 10.9 10.9
2015-07-17 12.72 12.77 11.71 11.71
2015-09-02 6.68 7.64 6.68 6.68
2016-01-25 6.83 6.91 6.69 6.69
2016-01-29 5.91 5.96 5.54 5.54
2016-02-04 6.04 6.09 5.91 5.91
2016-02-16 6.36 6.54 6.05 6.05
2016-03-30 6.42 6.43 6.22 6.22
2016-04-13 8.08 8.32 7.52 7.52
2016-08-12 6.28 6.3 6.13 6.13
2016-09-29 6.29 6.37 6.26 6.26
2016-10-10 6.44 6.46 6.34 6.34
2016-10-18 6.65 6.66 6.47 6.47
2017-01-23 6.51 6.57 6.44 6.44
2017-02-22 7.55 7.55 6.95 6.95
2017-04-20 5.85 6.07 5.78 5.78
2017-07-20 5.01 5.01 4.85 4.85
2017-07-24 5.13 5.2 4.95 4.95
5737
