2003-06-06 18.43 18.75 18.15 18.15
2003-06-30 16.22 16.47 16.15 16.15
2003-07-29 15.16 15.25 14.81 14.81
2003-08-29 15.14 15.4 14.65 14.65
2003-09-11 15.01 15.2 14.82 14.82
2003-09-16 14.91 15.01 14.51 14.51
2003-09-19 15.05 15.2 14.62 14.62
2003-10-09 14.41 14.63 14.35 14.35
2003-10-15 14.72 14.85 14.6 14.6
2003-10-17 14.51 14.66 14.5 14.5
2003-11-19 12.16 12.28 11.74 11.74
2003-11-24 12.68 12.8 12.15 12.15
2003-12-01 12.85 12.9 12.6 12.6
2003-12-03 12.95 13.08 12.75 12.75
2003-12-10 12.82 12.86 12.65 12.65
2004-01-08 13.81 14.15 13.2 13.2
2004-01-12 13.76 13.81 13.15 13.15
2004-02-09 14.84 14.9 14.48 14.48
2004-02-12 14.59 14.71 14.5 14.5
2004-02-27 15.43 15.44 15.08 15.08
2004-03-09 14.83 15.3 14.8 14.8
2004-03-24 15.63 15.65 15.18 15.18
2004-03-25 15.95 16.18 15.63 15.63
2004-04-28 14.29 14.4 13.47 13.47
2004-05-27 14.22 14.23 13.7 13.7
2004-06-11 13.65 14.1 13.56 13.56
2004-07-28 11.91 11.95 11.72 11.72
2004-07-29 12.41 12.59 11.9 11.9
2004-07-30 12.02 12.48 11.45 11.45
2004-08-26 10.61 11.08 10.49 10.49
2004-09-03 10.66 10.82 10.62 10.62
2004-10-11 12.55 12.79 12.11 12.11
2004-11-02 11.89 12.05 11.65 11.65
2004-11-12 12.51 12.73 12.25 12.25
2004-11-18 12.6 12.64 12.3 12.3
2004-11-22 12.71 12.98 12.52 12.52
2004-12-24 11.34 11.43 11.12 11.12
2004-12-31 10.95 11.17 10.94 10.94
2005-01-07 11.0 11.25 10.85 10.85
2005-01-11 11.12 11.2 11.03 11.03
2005-01-12 11.09 11.11 10.9 10.9
2005-01-18 10.74 10.78 10.56 10.56
2005-01-27 10.2 10.25 10.18 10.18
2005-02-04 10.2 10.27 10.0 10.0
2005-02-22 10.6 10.65 10.2 10.2
2005-03-11 11.07 11.08 10.73 10.73
2005-03-31 10.09 10.18 9.8 9.8
2005-04-05 10.21 10.36 10.15 10.15
2005-04-08 11.89 11.99 10.84 10.84
2005-05-11 11.2 11.48 11.15 11.15
2005-06-08 11.18 11.23 10.4 10.4
2005-06-24 10.88 10.9 10.63 10.63
2005-08-08 6.95 7.03 6.75 6.75
2005-08-09 7.22 7.24 6.81 6.81
2005-08-15 7.65 7.69 7.15 7.15
2005-08-17 8.26 8.34 7.51 7.51
2005-09-05 7.86 7.87 7.72 7.72
2006-10-09 9.54 9.65 9.36 9.36
2006-10-24 8.98 8.99 8.8 8.8
2006-10-26 9.29 9.38 8.99 8.99
2006-12-11 8.75 8.79 8.54 8.54
2006-12-14 9.0 9.0 8.6 8.6
2006-12-15 9.29 9.59 9.11 9.11
2006-12-21 9.53 9.75 9.4 9.4
2007-01-18 11.73 11.77 11.04 11.04
2007-02-15 12.45 12.48 12.08 12.08
2007-02-28 12.07 12.1 11.55 11.55
2007-03-05 12.93 12.93 12.6 12.6
2007-03-08 14.03 14.63 13.88 13.88
2007-04-16 16.17 16.36 15.9 15.9
2007-04-20 16.96 17.06 16.1 16.1
2007-05-10 15.29 15.35 15.03 15.03
2007-05-17 15.56 15.65 15.2 15.2
2007-05-28 16.02 16.13 15.56 15.56
2007-06-11 12.44 12.54 12.24 12.24
2007-08-14 13.15 13.15 13.15 13.15
2007-08-15 14.47 14.47 14.47 14.47
2007-08-16 15.92 15.92 15.92 15.92
2007-09-28 19.25 19.41 18.62 18.62
2007-10-17 12.49 12.6 11.91 11.91
2007-10-26 10.17 10.36 10.04 10.04
2007-10-31 11.18 11.35 10.72 10.72
2007-11-05 11.75 11.75 10.92 10.92
2007-11-14 12.24 12.3 11.65 11.65
2008-01-09 14.73 14.73 14.24 14.24
2008-01-29 13.36 13.58 12.88 12.88
2008-02-04 13.66 13.7 13.0 13.0
2008-02-20 15.94 16.37 14.87 14.87
2008-02-27 15.04 15.24 14.81 14.81
2008-02-28 15.14 15.47 14.86 14.86
2008-04-11 11.32 11.43 10.46 10.46
2008-04-28 11.2 11.5 10.43 10.43
2008-07-07 11.66 12.0 11.41 11.41
2008-07-22 11.7 11.77 11.32 11.32
2008-08-19 7.85 7.98 7.7 7.7
2008-09-02 7.82 7.95 7.36 7.36
2008-10-08 6.35 6.77 5.98 5.98
2008-10-24 6.67 6.67 6.09 6.09
2008-11-10 6.0 6.05 5.65 5.65
2008-11-17 6.71 6.77 6.45 6.45
2008-12-02 6.44 6.46 6.02 6.02
2008-12-25 8.04 8.23 7.72 7.72
2009-01-09 8.36 8.6 8.3 8.3
2009-01-22 8.86 9.14 8.66 8.66
2009-02-09 12.18 12.18 11.3 11.3
2009-02-10 13.4 13.4 12.45 12.45
2009-02-20 13.21 13.38 12.35 12.35
2009-02-26 13.31 13.89 12.6 12.6
2009-03-04 14.41 14.65 13.8 13.8
2009-03-26 14.24 14.31 13.68 13.68
2009-04-28 16.88 16.99 16.2 16.2
2009-04-29 17.6 17.88 16.65 16.65
2009-04-30 18.08 18.38 17.86 17.86
2009-05-04 19.39 19.5 18.1 18.1
2009-05-06 19.88 20.3 19.33 19.33
2009-05-14 20.74 20.74 18.61 18.61
2009-06-01 21.54 21.85 21.15 21.15
2009-06-23 20.91 21.05 20.41 20.41
2009-06-24 22.59 22.86 20.95 20.95
2009-07-02 23.61 24.2 23.15 23.15
2009-07-09 25.5 25.59 23.31 23.31
2009-07-17 26.12 26.56 25.65 25.65
2009-07-31 24.37 24.57 23.9 23.9
2009-08-20 20.89 20.99 19.8 19.8
2009-09-25 23.37 23.37 23.37 23.37
2009-09-28 21.03 21.03 21.03 21.03
2009-10-23 22.05 22.5 21.56 21.56
2009-11-12 23.22 23.67 22.87 22.87
2009-11-17 24.23 24.68 24.09 24.09
2009-11-23 25.04 25.8 24.42 24.42
2010-02-12 23.0 23.18 22.7 22.7
2010-02-25 23.97 24.5 23.4 23.4
2010-03-11 24.97 24.97 22.68 22.68
2010-04-26 23.31 23.5 22.71 22.71
2010-05-14 20.74 20.85 20.0 20.0
2010-05-27 20.92 21.04 20.35 20.35
2010-06-04 20.95 21.68 20.2 20.2
2010-07-06 17.11 17.2 16.66 16.66
2010-08-06 20.12 20.5 19.65 19.65
2010-08-19 21.41 21.67 21.2 21.2
2010-09-13 22.57 22.98 22.0 22.0
2010-10-08 23.6 24.08 22.81 22.81
2010-10-19 23.29 23.48 22.6 22.6
2010-10-20 24.44 24.55 22.58 22.58
2010-10-28 25.85 26.49 25.61 25.61
2010-11-01 26.4 27.49 25.7 25.7
2010-11-05 28.19 28.45 26.02 26.02
2010-11-24 28.13 28.2 27.2 27.2
2010-12-16 30.43 30.83 30.0 30.0
2010-12-27 27.63 28.88 27.5 27.5
2011-01-10 26.56 27.0 26.22 26.22
2011-02-21 24.65 24.79 24.3 24.3
2011-03-16 26.64 26.7 25.85 25.85
2011-05-03 25.24 25.6 24.3 24.3
2011-06-16 23.51 23.56 23.02 23.02
2011-06-21 23.39 23.5 22.6 22.6
2011-06-22 24.41 25.56 23.26 23.26
2011-10-12 20.44 20.54 19.37 19.37
2011-10-31 18.49 18.49 16.82 16.82
2011-11-22 18.12 18.13 17.47 17.47
2011-12-14 12.52 12.95 12.16 12.16
2012-08-01 10.31 10.31 10.31 10.31
2012-08-02 10.83 10.83 10.83 10.83
2012-08-03 11.37 11.37 11.37 11.37
2012-08-07 11.94 11.94 11.94 11.94
2012-08-08 12.54 12.54 12.54 12.54
2012-08-09 13.17 13.17 13.17 13.17
2012-08-10 13.83 13.83 13.83 13.83
2012-08-13 14.52 14.52 14.52 14.52
2012-08-14 15.25 15.25 15.25 15.25
2012-08-15 16.01 16.01 16.01 16.01
2012-09-21 14.25 14.25 13.67 13.67
2012-10-09 15.13 15.58 14.91 14.91
2012-10-22 14.57 14.7 14.25 14.25
2012-10-30 12.46 12.75 12.3 12.3
2012-11-19 11.53 11.62 11.3 11.3
2012-12-12 11.7 11.7 11.16 11.16
2012-12-21 12.29 12.29 12.29 12.29
2012-12-24 12.9 12.9 12.9 12.9
2012-12-25 13.55 13.55 13.55 13.55
2012-12-26 14.23 14.23 14.23 14.23
2012-12-27 14.94 14.94 14.94 14.94
2012-12-28 15.69 15.69 15.69 15.69
2012-12-31 16.47 16.47 16.47 16.47
2013-01-08 18.57 18.57 18.57 18.57
2013-01-16 23.52 23.52 23.52 23.52
2013-01-28 27.39 28.3 25.74 25.74
2013-02-22 21.12 21.5 20.53 20.53
2013-03-01 23.66 23.66 22.55 22.55
2013-03-15 21.67 21.88 21.41 21.41
2013-03-20 21.17 21.17 20.01 20.01
2013-04-03 21.98 22.43 21.52 21.52
2013-06-03 18.32 18.56 18.02 18.02
2013-07-11 19.69 19.69 19.69 19.69
2013-07-30 25.21 25.21 23.65 23.65
2013-08-14 25.39 25.97 24.22 24.22
2013-09-06 21.41 21.72 21.01 21.01
2013-10-23 21.23 21.23 19.3 19.3
2013-11-14 22.68 22.89 21.27 21.27
2013-11-28 23.79 24.47 22.23 22.23
2013-12-13 22.6 22.8 22.34 22.34
2014-02-10 19.78 20.38 18.8 18.8
2014-04-15 19.39 19.75 19.33 19.33
2014-04-23 17.94 18.09 17.86 17.86
2014-05-22 16.35 16.82 16.07 16.07
2014-05-23 16.41 16.59 16.23 16.23
2014-07-14 19.93 20.07 19.4 19.4
2014-07-22 19.98 20.1 18.76 18.76
2014-08-11 21.58 21.95 21.46 21.46
2014-10-28 18.96 18.97 18.45 18.45
2014-10-29 19.27 19.44 18.9 18.9
2014-11-13 20.79 21.28 19.66 19.66
2014-12-18 25.37 25.37 23.16 23.16
2015-01-16 28.38 29.19 27.7 27.7
2015-01-20 26.8 27.29 26.12 26.12
2015-01-26 31.27 32.0 29.7 29.7
2015-01-30 30.86 31.99 30.0 30.0
2015-03-19 32.01 33.28 30.3 30.3
2015-04-01 32.85 33.39 32.4 32.4
2015-04-15 31.59 32.49 31.2 31.2
2015-04-17 32.63 33.0 31.4 31.4
2015-07-13 19.05 19.05 19.05 19.05
2015-07-14 20.96 20.96 20.96 20.96
2015-07-17 22.23 22.49 20.64 20.64
2015-07-22 25.17 25.17 25.17 25.17
2015-11-24 11.84 11.84 11.84 11.84
2015-11-25 13.02 13.02 13.02 13.02
2015-11-26 14.32 14.32 14.32 14.32
2016-02-04 9.11 9.47 8.78 8.78
2016-02-22 10.43 10.43 9.7 9.7
2016-04-11 10.56 10.65 10.09 10.09
2016-04-13 11.31 11.31 10.48 10.48
2016-04-15 11.91 12.11 10.87 10.87
2016-05-03 15.06 15.06 13.8 13.8
2016-05-31 19.29 19.29 18.0 18.0
2016-06-15 18.91 19.22 17.92 17.92
2016-07-07 17.36 17.97 16.65 16.65
2016-07-11 17.11 17.92 16.79 16.79
2016-07-18 16.38 16.83 16.28 16.28
2016-08-19 15.66 15.66 14.16 14.16
2016-09-02 16.16 16.4 15.6 15.6
2016-10-24 14.38 14.55 14.1 14.1
2016-11-24 14.97 15.19 14.84 14.84
2016-12-01 14.37 14.52 14.25 14.25
2016-12-15 13.27 13.78 12.62 12.62
2017-01-03 13.4 13.52 13.3 13.3
2017-01-10 13.14 13.25 13.02 13.02
2017-01-26 11.52 11.67 10.73 10.73
2017-02-16 12.85 12.85 11.72 11.72
2017-02-28 12.84 12.97 12.55 12.55
2017-03-01 13.14 13.51 12.75 12.75
2017-03-17 14.26 14.97 13.9 13.9
2017-03-28 13.94 14.06 13.87 13.87
2017-04-25 11.1 11.28 11.02 11.02
2017-04-27 11.77 11.79 11.0 11.0
2017-05-09 12.55 12.63 11.8 11.8
2017-05-19 12.68 12.92 12.35 12.35
2017-06-14 11.85 12.33 11.65 11.65
