1999-10-22 8.58 8.8 8.3 8.3
1999-11-22 8.84 8.95 8.67 8.67
1999-11-26 8.98 8.98 8.81 8.81
1999-12-28 8.15 8.3 8.08 8.08
2000-01-04 8.37 8.38 8.16 8.16
2000-01-19 8.49 8.5 8.3 8.3
2000-03-01 8.66 8.78 8.5 8.5
2000-04-13 10.74 10.75 10.45 10.45
2000-05-15 9.96 10.06 9.58 9.58
2000-05-19 10.2 10.29 10.0 10.0
2000-05-25 11.94 11.94 10.9 10.9
2000-06-22 11.46 11.66 11.39 11.39
2000-07-07 11.42 11.45 11.15 11.15
2000-07-12 12.08 12.29 11.64 11.64
2000-07-25 11.33 11.7 11.0 11.0
2000-08-01 11.42 11.44 11.19 11.19
2000-08-16 11.51 11.52 11.35 11.35
2000-08-18 11.71 11.73 11.45 11.45
2000-08-25 11.8 11.83 11.37 11.37
2000-08-28 12.12 12.3 12.0 12.0
2000-09-07 11.34 11.47 11.2 11.2
2000-09-28 12.14 12.3 11.82 11.82
2000-10-09 13.86 13.86 12.7 12.7
2000-11-01 13.08 13.13 12.85 12.85
2000-11-07 13.7 13.8 13.36 13.36
2000-12-14 13.5 13.65 13.39 13.39
2000-12-15 13.9 14.0 13.54 13.54
2001-01-10 13.77 13.8 13.6 13.6
2001-01-18 13.19 13.22 13.1 13.1
2001-01-19 13.21 13.39 13.18 13.18
2001-02-09 12.28 12.4 12.04 12.04
2001-02-20 12.48 12.57 12.41 12.41
2001-03-08 12.67 12.75 12.52 12.52
2001-03-09 12.72 12.78 12.67 12.67
2001-03-16 13.2 13.21 12.92 12.92
2001-03-26 13.55 13.69 13.37 13.37
2001-03-30 13.85 13.87 13.5 13.5
2001-04-03 14.04 14.18 13.95 13.95
2001-04-13 14.0 14.0 13.8 13.8
2001-04-24 13.8 13.8 13.56 13.56
2001-04-26 14.01 14.35 13.68 13.68
2001-04-30 14.12 14.26 13.93 13.93
2001-05-08 14.32 14.45 14.1 14.1
2001-05-18 14.39 14.45 14.03 14.03
2001-06-13 15.89 15.9 15.5 15.5
2001-06-22 15.48 15.55 15.39 15.39
2001-07-09 15.25 15.3 15.2 15.2
2001-07-11 15.55 15.72 15.37 15.37
2001-08-20 14.46 14.58 14.21 14.21
2001-08-31 15.2 15.28 15.14 15.14
2001-10-18 14.68 14.95 14.55 14.55
2001-10-23 15.04 15.04 14.0 14.0
2001-10-26 15.1 15.49 14.49 14.49
2001-11-01 15.36 15.6 15.11 15.11
2002-01-22 8.58 8.7 8.35 8.35
2002-01-25 9.38 9.5 9.25 9.25
2002-02-07 9.89 9.9 9.51 9.51
2002-02-08 9.98 10.03 9.85 9.85
2002-03-05 10.28 10.33 9.9 9.9
2002-03-06 10.5 10.6 10.3 10.3
2002-03-14 12.6 12.6 11.96 11.96
2002-04-23 12.89 13.18 12.51 12.51
2002-05-20 11.67 11.7 11.2 11.2
2002-05-21 12.07 12.2 11.56 11.56
2002-05-23 11.72 12.18 11.52 11.52
2002-05-28 11.5 11.57 11.28 11.28
2002-06-04 11.37 11.49 11.1 11.1
2002-06-05 11.18 11.35 11.14 11.14
2002-07-08 13.53 13.87 13.31 13.31
2002-08-22 8.46 8.52 8.25 8.25
2002-09-09 8.29 8.32 8.25 8.25
2002-09-23 8.03 8.05 7.85 7.85
2002-09-25 7.94 8.04 7.86 7.86
2002-09-27 8.02 8.02 7.76 7.76
2002-10-16 8.29 8.35 7.91 7.91
2002-11-06 8.4 8.51 8.3 8.3
2002-12-16 7.36 7.4 7.3 7.3
2002-12-18 7.46 7.5 7.36 7.36
2002-12-20 7.59 7.69 7.5 7.5
2003-01-21 8.11 8.5 8.0 8.0
2003-01-27 8.26 8.3 8.0 8.0
2003-02-14 8.3 8.33 8.15 8.15
2003-02-26 8.11 8.2 8.05 8.05
2003-03-11 7.64 7.76 7.58 7.58
2003-03-31 7.62 7.68 7.5 7.5
2003-04-25 7.19 7.33 7.16 7.16
2003-04-29 7.08 7.3 6.88 6.88
2003-05-12 7.08 7.19 6.99 6.99
2003-07-10 7.01 7.07 6.92 6.92
2003-07-31 6.32 6.34 6.28 6.28
2003-08-27 6.21 6.27 6.17 6.17
2003-09-01 6.21 6.22 6.12 6.12
2003-09-18 6.39 6.49 6.28 6.28
2003-10-10 6.23 6.23 6.1 6.1
2003-11-24 5.19 5.2 4.92 4.92
2003-12-01 5.3 5.31 5.2 5.2
2003-12-04 5.5 5.6 5.28 5.28
2004-01-06 5.22 5.34 4.91 4.91
2004-01-12 5.39 5.46 5.3 5.3
2004-01-29 5.96 5.96 5.5 5.5
2004-02-02 6.5 6.64 6.16 6.16
2004-03-09 6.45 6.63 6.4 6.4
2004-03-10 6.63 6.65 6.45 6.45
2004-04-06 6.94 6.95 6.71 6.71
2004-04-21 6.49 6.62 6.4 6.4
2004-05-13 5.91 6.12 5.88 5.88
2004-05-26 5.58 5.7 5.46 5.46
2004-06-10 5.58 5.58 5.2 5.2
2004-06-29 6.0 6.0 5.55 5.55
2004-07-13 6.08 6.18 5.83 5.83
2004-07-20 6.46 6.58 6.41 6.41
2004-08-30 4.98 4.99 4.85 4.85
2004-09-07 5.1 5.15 5.01 5.01
2004-09-14 4.82 4.85 4.6 4.6
2004-09-28 5.3 5.37 5.2 5.2
2004-12-03 5.0 5.08 4.78 4.78
2004-12-08 4.9 5.02 4.81 4.81
2004-12-21 4.53 4.58 4.5 4.5
2005-01-07 4.65 4.74 4.58 4.58
2005-02-22 4.4 4.44 4.29 4.29
2005-03-04 4.34 4.37 4.23 4.23
2005-04-07 3.39 3.45 3.29 3.29
2005-04-08 3.47 3.48 3.35 3.35
2005-04-26 2.98 2.98 2.73 2.73
2005-05-17 3.02 3.07 2.96 2.96
2005-05-24 2.87 2.93 2.73 2.73
2005-07-26 2.29 2.29 2.18 2.18
2005-08-05 2.46 2.46 2.34 2.34
2005-08-19 2.87 2.9 2.69 2.69
2005-09-07 3.0 3.03 2.87 2.87
2005-09-28 2.62 2.7 2.6 2.6
2005-09-29 2.69 2.69 2.62 2.62
2005-10-11 2.56 2.57 2.46 2.46
2005-10-19 2.79 2.92 2.62 2.62
2005-11-15 3.16 3.26 3.12 3.12
2006-01-23 3.63 3.71 3.48 3.48
2006-03-10 3.12 3.15 3.08 3.08
2006-04-04 3.09 3.09 3.01 3.01
2006-05-25 3.35 3.39 3.18 3.18
2006-06-29 3.88 3.89 3.72 3.72
2006-08-18 3.62 3.72 3.56 3.56
2006-08-28 3.82 3.85 3.67 3.67
2006-08-30 3.93 3.98 3.85 3.85
2006-10-18 4.38 4.44 4.2 4.2
2006-12-29 3.39 3.44 3.37 3.37
2007-01-29 3.56 3.56 3.56 3.56
2007-01-30 3.74 3.74 3.74 3.74
2007-01-31 3.93 3.93 3.93 3.93
2007-02-01 4.13 4.13 4.13 4.13
2007-02-02 4.34 4.34 4.34 4.34
2007-02-07 4.65 4.65 4.45 4.45
2007-02-13 5.51 5.51 5.51 5.51
2007-02-14 5.79 5.79 5.79 5.79
2007-02-15 6.08 6.08 6.08 6.08
2007-03-15 5.68 5.89 5.3 5.3
2007-03-20 5.49 5.63 5.18 5.18
2007-03-22 6.04 6.04 5.5 5.5
2007-04-20 7.87 7.95 7.5 7.5
2007-04-23 8.27 8.37 7.99 7.99
2007-04-26 9.17 9.45 9.0 9.0
2007-04-27 10.09 10.09 9.2 9.2
2007-06-05 9.09 9.3 8.76 8.76
2007-07-17 7.67 7.9 7.39 7.39
2007-08-14 8.25 8.36 7.96 7.96
2007-09-04 10.26 10.55 10.0 10.0
2007-10-19 7.8 8.01 7.79 7.79
2007-11-09 6.82 6.95 6.63 6.63
2007-11-23 6.82 6.84 6.52 6.52
2007-12-14 7.74 7.78 7.3 7.3
2007-12-27 8.69 9.0 8.51 8.51
2008-01-25 9.57 9.57 8.57 8.57
2008-02-04 10.51 10.51 9.9 9.9
2008-05-05 8.5 8.65 8.1 8.1
2008-05-13 8.67 9.0 8.5 8.5
2008-05-21 7.3 7.65 6.96 6.96
2008-05-28 7.37 7.52 7.2 7.2
2008-06-03 6.87 7.2 6.85 6.85
2008-07-07 4.49 4.5 4.22 4.22
2008-07-09 4.8 4.88 4.62 4.62
2008-07-15 4.79 5.2 4.75 4.75
2008-10-30 1.97 2.0 1.9 1.9
2009-02-06 4.06 4.15 3.89 3.89
2009-02-12 5.31 5.31 5.05 5.05
2009-03-04 4.53 4.63 4.2 4.2
2009-04-01 5.15 5.33 5.02 5.02
2009-04-02 5.19 5.39 5.11 5.11
2009-04-07 5.05 5.16 4.92 4.92
2009-04-28 4.51 4.52 4.37 4.37
2009-04-30 4.68 4.77 4.59 4.59
2009-07-09 6.37 6.48 6.21 6.21
2009-07-16 7.27 7.49 6.83 6.83
2009-09-14 5.29 5.4 5.21 5.21
2009-09-25 4.58 4.65 4.48 4.48
2009-10-28 5.7 5.7 5.7 5.7
2009-10-29 5.42 5.42 5.42 5.42
2009-10-30 5.69 5.69 5.15 5.15
2009-11-02 5.94 5.95 5.41 5.41
2009-12-03 5.98 6.04 5.92 5.92
2009-12-29 6.09 6.18 5.9 5.9
2010-01-08 5.73 5.77 5.6 5.6
2010-01-18 6.49 6.56 6.21 6.21
2010-01-25 6.29 6.5 6.24 6.24
2010-02-25 6.27 6.32 6.18 6.18
2010-03-16 5.9 5.92 5.84 5.84
2010-05-24 5.28 5.29 5.07 5.07
2010-06-07 5.18 5.2 5.0 5.0
2010-06-30 4.68 4.79 4.53 4.53
2010-07-08 4.79 4.81 4.65 4.65
2010-07-09 4.9 4.92 4.72 4.72
2010-07-19 4.94 4.98 4.64 4.64
2010-07-28 5.47 5.53 5.37 5.37
2010-08-17 6.03 6.16 5.92 5.92
2010-09-07 5.92 5.98 5.76 5.76
2010-10-08 5.44 5.52 5.38 5.38
2010-10-12 5.56 5.67 5.44 5.44
2010-11-17 5.21 5.32 5.18 5.18
2011-01-19 4.91 4.94 4.82 4.82
2011-01-26 4.54 4.56 4.45 4.45
2011-01-31 5.0 5.0 5.0 5.0
2011-03-08 5.45 5.5 5.32 5.32
2011-03-21 5.44 5.49 5.3 5.3
2011-03-29 6.16 6.37 6.1 6.1
2011-04-06 6.53 6.57 6.26 6.26
2011-04-29 6.05 6.12 5.88 5.88
2011-05-03 6.13 6.24 5.93 5.93
2011-05-18 6.65 6.72 6.5 6.5
2011-06-07 6.36 6.36 6.0 6.0
2011-07-28 6.99 7.1 6.82 6.82
2011-08-04 6.84 6.94 6.82 6.82
2011-08-09 6.31 6.42 6.08 6.08
2011-08-19 6.33 6.38 6.22 6.22
2011-08-23 6.28 6.32 6.18 6.18
2011-09-07 6.28 6.28 6.15 6.15
2011-11-02 6.46 6.49 6.3 6.3
2011-12-12 5.34 5.42 5.21 5.21
2011-12-23 5.02 5.07 4.95 4.95
2011-12-26 4.89 5.01 4.8 4.8
2011-12-30 4.54 4.54 4.33 4.33
2012-01-06 4.58 4.62 4.45 4.45
2012-01-19 5.07 5.13 5.03 5.03
2012-01-20 5.2 5.26 5.08 5.08
2012-01-31 5.35 5.4 5.18 5.18
2012-02-27 6.12 6.12 6.12 6.12
2012-05-11 6.02 6.11 5.94 5.94
2012-05-23 6.46 6.51 6.16 6.16
2012-05-28 6.64 6.67 6.33 6.33
2012-06-13 7.13 7.25 7.1 7.1
2012-07-30 5.74 5.74 5.74 5.74
2012-07-31 5.45 5.45 5.45 5.45
2012-08-01 5.23 5.44 5.18 5.18
2012-08-07 5.91 5.91 5.59 5.59
2012-08-09 5.95 6.05 5.9 5.9
2012-08-22 6.72 6.72 6.72 6.72
2012-08-28 6.19 6.27 6.11 6.11
2012-09-07 6.45 6.65 6.4 6.4
2013-02-05 8.25 8.31 8.04 8.04
2013-02-22 8.69 9.0 8.16 8.16
2013-02-27 9.14 9.45 8.77 8.77
2013-03-20 8.05 8.12 7.9 7.9
2013-04-02 7.34 7.44 7.25 7.25
2013-04-09 7.11 7.21 6.92 6.92
2013-05-02 6.68 6.86 6.64 6.64
2013-05-03 7.11 7.16 6.68 6.68
2013-05-17 7.81 7.87 7.4 7.4
2013-05-31 8.28 8.32 8.02 8.02
2013-07-05 6.53 6.72 6.31 6.31
2013-07-18 6.75 6.82 6.61 6.61
2013-08-02 6.37 6.41 6.17 6.17
2013-08-07 6.55 6.76 6.35 6.35
2013-08-12 6.61 6.64 6.32 6.32
2013-08-22 6.37 6.38 6.28 6.28
2013-09-09 7.71 7.71 7.15 7.15
2013-12-23 7.19 7.19 7.19 7.19
2013-12-24 6.47 6.47 6.47 6.47
2013-12-26 5.91 6.25 5.82 5.82
2014-02-14 5.23 5.3 5.1 5.1
2014-02-17 5.26 5.33 5.21 5.21
2014-02-18 5.34 5.46 5.24 5.24
2014-02-25 5.98 5.98 5.44 5.44
2014-04-02 10.33 10.37 9.2 9.2
2014-05-13 10.0 10.38 9.59 9.59
2014-06-05 11.24 11.63 11.07 11.07
2014-07-29 13.37 13.9 13.23 13.23
2014-08-04 13.08 13.25 12.9 12.9
2014-08-08 12.74 12.77 12.59 12.59
2014-09-02 12.85 12.85 12.05 12.05
2014-09-19 12.11 12.15 11.88 11.88
2014-09-30 11.99 12.08 11.89 11.89
2014-10-08 12.57 12.72 12.12 12.12
2014-10-22 11.47 11.59 11.42 11.42
2014-10-28 11.3 11.3 11.06 11.06
2014-11-17 12.9 12.9 11.79 11.79
2014-12-24 13.76 14.1 13.7 13.7
2014-12-25 15.14 15.14 13.9 13.9
2015-01-20 19.8 19.8 18.38 18.38
2015-02-10 18.62 18.83 17.92 17.92
2015-03-04 18.41 18.87 18.35 18.35
2015-03-11 18.89 19.28 18.5 18.5
2015-03-18 20.69 20.84 19.88 19.88
2015-05-19 20.61 20.85 20.0 20.0
2015-07-07 12.54 12.54 12.54 12.54
2015-07-08 11.29 11.29 11.29 11.29
2015-07-13 12.42 12.42 12.42 12.42
2015-07-14 13.66 13.66 13.66 13.66
2015-07-17 14.3 14.3 13.02 13.02
2015-08-10 16.18 16.25 14.92 14.92
2015-08-25 12.76 14.28 12.04 12.04
2015-09-01 17.35 17.96 15.61 15.61
2015-09-02 15.62 18.3 15.62 15.62
2015-09-28 17.02 17.34 16.4 16.4
2015-11-03 16.95 17.0 16.3 16.3
2015-11-06 17.45 17.6 17.28 17.28
2015-12-15 15.16 15.48 14.75 14.75
2016-01-14 12.14 12.23 11.42 11.42
2016-02-02 10.21 10.3 9.9 9.9
2016-02-16 11.3 11.38 10.9 10.9
2016-03-07 11.92 12.05 11.62 11.62
2016-03-18 11.7 11.75 11.2 11.2
2016-04-11 15.13 15.88 14.6 14.6
2016-07-21 14.98 14.98 14.98 14.98
2016-08-22 31.41 32.77 31.02 31.02
2016-10-12 25.48 26.37 24.88 24.88
2016-11-01 32.1 32.1 32.1 32.1
2016-11-02 35.31 35.31 35.31 35.31
2016-11-22 30.95 31.33 30.31 30.31
2017-02-07 21.79 22.23 21.1 21.1
2017-04-05 18.23 18.23 18.23 18.23
2017-04-06 20.05 20.05 20.05 20.05
2017-04-13 26.36 27.5 24.46 24.46
2017-04-28 19.46 19.46 19.46 19.46
2017-05-02 18.49 18.49 18.49 18.49
2017-05-23 12.6 12.86 12.6 12.6
2017-05-26 13.22 13.22 13.22 13.22
2017-06-15 12.8 12.92 12.59 12.59
2017-06-20 12.81 12.96 12.75 12.75
2017-06-29 12.45 12.82 12.33 12.33
2017-07-26 11.05 11.17 10.93 10.93
2017-08-01 11.25 11.42 11.01 11.01
2017-08-04 11.85 11.85 11.85 11.85
2017-08-08 12.59 12.59 12.1 12.1
