2016-09-23 6.44 6.44 5.36 5.36
2016-09-26 7.08 7.08 7.08 7.08
2016-09-27 7.79 7.79 7.79 7.79
2016-09-28 8.57 8.57 8.57 8.57
2016-09-29 9.43 9.43 9.43 9.43
2016-09-30 10.37 10.37 10.37 10.37
2016-10-10 11.41 11.41 11.41 11.41
2016-10-11 12.55 12.55 12.55 12.55
2016-10-27 11.89 12.07 11.77 11.77
2016-12-06 12.51 12.63 12.46 12.46
2017-01-20 9.7 9.82 9.42 9.42
2017-02-13 11.48 11.74 10.85 10.85
2017-02-15 12.18 12.62 11.35 11.35
2017-03-16 14.47 14.9 13.75 13.75
2017-05-15 21.42 21.9 21.42 21.42
2017-06-15 13.15 13.39 12.6 12.6
2017-08-01 11.64 11.8 10.84 10.84
2017-08-28 11.97 12.34 11.5 11.5
