2003-10-22 7.26 7.42 6.98 6.98
2004-02-17 6.55 6.68 6.38 6.38
2004-11-09 3.43 3.46 3.4 3.4
2005-02-16 2.87 2.92 2.82 2.82
2005-06-08 2.45 2.49 2.32 2.32
2005-06-27 2.17 2.21 2.14 2.14
2005-06-29 2.16 2.18 2.13 2.13
2005-07-07 1.96 1.99 1.95 1.95
2005-08-26 2.21 2.24 2.13 2.13
2005-09-01 2.27 2.29 2.2 2.2
2005-11-07 2.22 2.24 2.11 2.11
2005-11-09 2.26 2.29 2.25 2.25
2005-11-23 2.33 2.36 2.28 2.28
2006-02-15 2.74 2.75 2.62 2.62
2006-05-22 2.71 2.71 2.71 2.71
2006-05-26 2.69 2.74 2.61 2.61
2006-07-17 2.56 2.59 2.49 2.49
2006-07-20 2.55 2.58 2.45 2.45
2006-08-22 2.76 2.82 2.68 2.68
2006-09-27 2.99 3.0 2.94 2.94
2006-11-03 2.7 2.7 2.65 2.65
2006-12-25 2.83 2.86 2.76 2.76
2007-01-23 3.73 3.73 3.73 3.73
2007-01-30 3.92 4.03 3.86 3.86
2007-02-28 4.61 4.61 4.3 4.3
2007-04-13 7.34 7.34 7.34 7.34
2007-04-16 7.71 7.71 7.71 7.71
2007-05-21 10.33 10.33 9.41 9.41
2007-05-31 9.22 9.22 9.22 9.22
2007-06-01 8.76 8.76 8.76 8.76
2007-06-04 8.32 8.32 8.32 8.32
2007-06-05 7.9 7.9 7.9 7.9
2007-06-06 7.51 8.22 7.51 7.51
2007-06-19 7.88 7.88 7.4 7.4
2007-06-25 6.47 6.68 6.47 6.47
2007-06-26 6.15 6.15 6.15 6.15
2007-06-29 5.42 5.5 5.42 5.42
2007-07-02 5.21 5.33 5.15 5.15
2007-07-18 5.08 5.21 4.98 4.98
2007-09-17 7.52 7.63 7.36 7.36
2007-12-24 7.85 7.88 7.49 7.49
2007-12-28 9.02 9.02 8.6 8.6
2008-02-18 8.02 8.15 7.81 7.81
2008-04-29 6.11 6.11 6.11 6.11
2008-04-30 6.72 6.72 6.72 6.72
2008-09-12 3.33 3.4 3.3 3.3
2008-09-17 3.15 3.34 3.1 3.1
2008-09-19 3.82 3.82 3.82 3.82
2008-09-22 4.2 4.2 4.2 4.2
2008-09-23 4.62 4.62 4.62 4.62
2008-09-24 5.08 5.08 5.08 5.08
2009-02-17 6.77 6.77 6.77 6.77
2009-02-23 7.26 7.45 7.0 7.0
2009-11-12 7.56 7.65 7.48 7.48
2009-12-29 8.1 8.3 7.75 7.75
2010-01-15 8.04 8.12 7.94 7.94
2010-04-12 7.98 8.03 7.8 7.8
2010-12-13 8.1 8.15 7.89 7.89
2011-02-10 6.97 7.02 6.71 6.71
2011-02-14 6.95 7.0 6.89 6.89
2011-05-23 8.48 8.69 8.14 8.14
2011-07-04 7.93 7.98 7.77 7.77
2012-12-21 5.34 5.6 5.2 5.2
2013-05-20 5.72 5.87 5.39 5.39
2013-12-03 8.15 8.29 7.91 7.91
2014-01-23 7.09 7.27 7.03 7.03
2014-08-04 8.18 8.32 8.09 8.09
2015-01-21 8.54 8.55 8.36 8.36
2015-04-27 11.61 11.68 10.98 10.98
2015-04-30 11.02 11.28 10.97 10.97
2015-07-09 8.77 8.77 7.97 7.97
2016-04-13 7.41 7.53 7.35 7.35
2016-09-13 7.89 7.96 7.86 7.86
2016-09-19 7.9 7.94 7.81 7.81
2016-10-14 8.14 8.16 8.06 8.06
2016-10-19 8.16 8.19 8.12 8.12
2016-10-21 8.18 8.25 8.13 8.13
