2003-10-21 6.96 6.98 6.8 6.8
2003-10-22 7.26 7.42 6.98 6.98
2003-12-04 6.25 6.27 5.96 5.96
2004-02-16 6.4 6.41 6.27 6.27
2004-02-17 6.55 6.68 6.38 6.38
2004-04-22 5.65 5.65 5.47 5.47
2004-05-26 5.34 5.38 5.3 5.3
2004-06-15 4.93 5.06 4.6 4.6
2004-08-24 3.97 4.05 3.82 3.82
2004-09-14 3.96 3.97 3.8 3.8
2004-11-08 3.43 3.48 3.38 3.38
2004-11-09 3.43 3.46 3.4 3.4
2005-01-05 3.02 3.08 2.96 2.96
2005-01-18 3.01 3.02 2.9 2.9
2005-02-02 2.89 2.9 2.7 2.7
2005-02-16 2.87 2.92 2.82 2.82
2005-03-16 3.01 3.03 2.95 2.95
2005-03-28 2.84 2.85 2.74 2.74
2005-04-13 2.89 2.94 2.8 2.8
2005-05-18 2.41 2.41 2.36 2.36
2005-05-31 2.38 2.42 2.35 2.35
2005-06-08 2.45 2.49 2.32 2.32
2005-06-24 2.13 2.16 2.09 2.09
2005-06-27 2.17 2.21 2.14 2.14
2005-06-29 2.16 2.18 2.13 2.13
2005-07-07 1.96 1.99 1.95 1.95
2005-08-01 2.0 2.04 1.94 1.94
2005-08-24 2.1 2.12 2.07 2.07
2005-08-26 2.21 2.24 2.13 2.13
2005-09-01 2.27 2.29 2.2 2.2
2005-10-21 2.38 2.4 2.33 2.33
2005-11-02 2.22 2.24 2.18 2.18
2005-11-07 2.22 2.24 2.11 2.11
2005-11-09 2.26 2.29 2.25 2.25
2005-11-18 2.3 2.32 2.24 2.24
2005-11-23 2.33 2.36 2.28 2.28
2005-12-22 2.32 2.34 2.28 2.28
2006-01-12 2.43 2.44 2.37 2.37
2006-02-14 2.65 2.69 2.61 2.61
2006-02-15 2.74 2.75 2.62 2.62
2006-05-08 2.29 2.29 2.07 2.07
2006-05-19 2.58 2.58 2.47 2.47
2006-05-22 2.71 2.71 2.71 2.71
2006-05-26 2.69 2.74 2.61 2.61
2006-06-08 2.79 2.83 2.79 2.79
2006-07-14 2.52 2.56 2.52 2.52
2006-07-17 2.56 2.59 2.49 2.49
2006-07-20 2.55 2.58 2.45 2.45
2006-08-15 2.69 2.71 2.57 2.57
2006-08-22 2.76 2.82 2.68 2.68
2006-09-04 2.94 2.94 2.79 2.79
2006-09-13 3.02 3.15 3.01 3.01
2006-09-26 2.94 3.0 2.93 2.93
2006-09-27 2.99 3.0 2.94 2.94
2006-10-13 2.91 2.91 2.85 2.85
2006-10-30 2.69 2.71 2.65 2.65
2006-11-03 2.7 2.7 2.65 2.65
2006-11-23 2.77 2.78 2.68 2.68
2006-12-18 2.75 2.77 2.63 2.63
2006-12-25 2.83 2.86 2.76 2.76
2007-01-22 3.55 3.55 3.55 3.55
2007-01-23 3.73 3.73 3.73 3.73
2007-01-30 3.92 4.03 3.86 3.86
2007-02-26 4.61 4.61 4.41 4.41
2007-02-28 4.61 4.61 4.3 4.3
2007-03-22 5.33 5.33 5.1 5.1
2007-04-12 6.99 6.99 6.99 6.99
2007-04-13 7.34 7.34 7.34 7.34
2007-04-16 7.71 7.71 7.71 7.71
2007-05-15 8.82 8.82 8.82 8.82
2007-05-21 10.33 10.33 9.41 9.41
2007-05-30 9.7 10.08 9.7 9.7
2007-05-31 9.22 9.22 9.22 9.22
2007-06-01 8.76 8.76 8.76 8.76
2007-06-04 8.32 8.32 8.32 8.32
2007-06-05 7.9 7.9 7.9 7.9
2007-06-06 7.51 8.22 7.51 7.51
2007-06-18 7.5 7.6 7.18 7.18
2007-06-19 7.88 7.88 7.4 7.4
2007-06-25 6.47 6.68 6.47 6.47
2007-06-26 6.15 6.15 6.15 6.15
2007-06-29 5.42 5.5 5.42 5.42
2007-07-02 5.21 5.33 5.15 5.15
2007-07-17 5.02 5.05 4.8 4.8
2007-07-18 5.08 5.21 4.98 4.98
2007-09-13 7.38 7.5 7.17 7.17
2007-09-17 7.52 7.63 7.36 7.36
2007-10-26 5.69 5.92 5.69 5.69
2007-12-05 6.46 6.47 6.26 6.26
2007-12-19 7.5 7.66 7.47 7.47
2007-12-24 7.85 7.88 7.49 7.49
2007-12-28 9.02 9.02 8.6 8.6
2008-01-22 7.84 8.0 7.84 7.84
2008-02-04 7.56 7.56 7.29 7.29
2008-02-18 8.02 8.15 7.81 7.81
2008-04-07 6.34 6.34 6.04 6.04
2008-04-24 5.55 5.55 5.55 5.55
2008-04-29 6.11 6.11 6.11 6.11
2008-04-30 6.72 6.72 6.72 6.72
2008-05-13 7.93 8.25 7.53 7.53
2008-05-27 7.01 7.1 6.86 6.86
2008-06-05 6.98 7.33 6.73 6.73
2008-06-30 5.42 5.45 5.0 5.0
2008-08-01 6.2 6.26 5.8 5.8
2008-08-29 3.75 3.78 3.54 3.54
2008-09-10 3.39 3.52 3.31 3.31
2008-09-12 3.33 3.4 3.3 3.3
2008-09-17 3.15 3.34 3.1 3.1
2008-09-19 3.82 3.82 3.82 3.82
2008-09-22 4.2 4.2 4.2 4.2
2008-09-23 4.62 4.62 4.62 4.62
2008-09-24 5.08 5.08 5.08 5.08
2009-02-16 6.15 6.15 6.15 6.15
2009-02-17 6.77 6.77 6.77 6.77
2009-02-23 7.26 7.45 7.0 7.0
2009-03-05 7.33 7.33 7.33 7.33
2009-03-18 7.33 7.33 6.76 6.76
2009-04-23 7.45 7.66 7.15 7.15
2009-05-15 8.65 8.65 7.9 7.9
2009-06-01 8.22 8.33 8.09 8.09
2009-06-15 8.19 8.28 7.81 7.81
2009-07-17 8.69 8.78 8.5 8.5
2009-07-31 8.25 8.3 8.1 8.1
2009-08-18 6.78 6.86 6.5 6.5
2009-11-05 7.37 7.39 7.25 7.25
2009-11-12 7.56 7.65 7.48 7.48
2009-11-23 8.22 8.24 7.95 7.95
2009-12-28 7.68 7.71 7.58 7.58
2009-12-29 8.1 8.3 7.75 7.75
2010-01-14 7.98 8.02 7.72 7.72
2010-01-15 8.04 8.12 7.94 7.94
2010-03-05 7.08 7.15 7.02 7.02
2010-04-09 7.79 7.83 7.67 7.67
2010-04-12 7.98 8.03 7.8 7.8
2010-05-24 6.84 6.89 6.16 6.16
2010-06-02 6.24 6.27 6.1 6.1
2010-07-19 5.68 5.75 5.43 5.43
2010-09-14 7.51 7.59 6.95 6.95
2010-12-10 7.89 7.91 7.7 7.7
2010-12-13 8.1 8.15 7.89 7.89
2011-02-01 6.64 6.68 6.56 6.56
2011-02-10 6.97 7.02 6.71 6.71
2011-02-14 6.95 7.0 6.89 6.89
2011-02-23 7.3 7.35 7.12 7.12
2011-04-06 8.33 8.33 7.59 7.59
2011-05-17 7.42 7.49 7.3 7.3
2011-05-23 8.48 8.69 8.14 8.14
2011-06-30 7.68 7.77 7.58 7.58
2011-07-04 7.93 7.98 7.77 7.77
2011-07-13 8.31 8.39 8.16 8.16
2011-08-17 7.38 7.45 7.22 7.22
2011-10-10 6.63 6.68 6.58 6.58
2011-10-25 6.42 6.48 6.22 6.22
2011-11-09 7.01 7.38 6.91 6.91
2011-12-16 5.75 5.76 5.61 5.61
2012-01-17 5.26 5.27 4.98 4.98
2012-02-17 5.71 5.82 5.67 5.67
2012-03-07 5.64 5.71 5.61 5.61
2012-04-11 5.61 5.62 5.46 5.46
2012-07-04 6.17 6.24 6.06 6.06
2012-08-01 5.36 5.39 5.28 5.28
2012-08-17 5.77 5.82 5.71 5.71
2012-10-09 5.57 5.59 5.43 5.43
2012-12-19 5.2 5.3 5.16 5.16
2012-12-21 5.34 5.6 5.2 5.2
2013-02-25 6.2 6.24 6.13 6.13
2013-04-19 5.78 5.9 5.6 5.6
2013-05-10 5.39 5.4 5.17 5.17
2013-05-20 5.72 5.87 5.39 5.39
2013-07-25 6.47 6.75 6.43 6.43
2013-08-30 7.34 7.43 7.26 7.26
2013-09-13 8.72 8.88 8.0 8.0
2013-10-21 11.88 11.93 11.18 11.18
2013-11-28 8.58 8.7 8.45 8.45
2013-12-03 8.15 8.29 7.91 7.91
2013-12-24 8.03 8.14 7.95 7.95
2014-01-21 6.74 6.84 6.71 6.71
2014-01-23 7.09 7.27 7.03 7.03
2014-03-13 8.74 8.85 8.42 8.42
2014-03-25 8.68 8.88 8.52 8.52
2014-04-23 8.41 8.44 8.19 8.19
2014-05-28 7.17 7.2 7.08 7.08
2014-06-16 7.36 7.43 7.27 7.27
2014-08-01 8.09 8.35 7.92 7.92
2014-08-04 8.18 8.32 8.09 8.09
2014-10-20 8.97 9.06 8.88 8.88
2014-12-01 9.21 9.33 9.06 9.06
2014-12-15 9.04 9.15 8.9 8.9
2014-12-26 8.73 8.76 8.51 8.51
2015-01-20 8.36 8.41 8.22 8.22
2015-01-21 8.54 8.55 8.36 8.36
2015-02-12 9.4 9.45 8.95 8.95
2015-03-18 10.27 10.43 9.97 9.97
2015-03-30 10.79 10.94 10.45 10.45
2015-04-10 11.36 11.38 11.01 11.01
2015-04-21 11.02 11.04 10.7 10.7
2015-04-27 11.61 11.68 10.98 10.98
2015-04-30 11.02 11.28 10.97 10.97
2015-07-08 7.97 8.42 7.55 7.55
2015-07-09 8.77 8.77 7.97 7.97
2015-08-25 7.58 7.87 7.58 7.58
2015-09-09 7.89 7.97 7.5 7.5
2016-03-14 6.72 6.82 6.59 6.59
2016-03-30 7.21 7.21 7.03 7.03
2016-04-11 7.36 7.47 7.26 7.26
2016-04-13 7.41 7.53 7.35 7.35
2016-05-10 7.92 7.92 7.05 7.05
2016-06-14 7.64 7.65 7.35 7.35
2016-06-27 7.68 7.69 7.41 7.41
2016-07-12 8.73 8.88 8.09 8.09
2016-08-22 8.37 8.5 8.3 8.3
2016-09-05 8.32 8.44 8.15 8.15
2016-09-13 7.89 7.96 7.86 7.86
2016-09-19 7.9 7.94 7.81 7.81
2016-09-29 7.99 8.02 7.91 7.91
2016-10-14 8.14 8.16 8.06 8.06
2016-10-19 8.16 8.19 8.12 8.12
2016-10-21 8.18 8.25 8.13 8.13
2016-11-10 8.37 8.4 8.22 8.22
2017-01-04 7.95 7.99 7.9 7.9
2017-03-03 8.1 8.17 8.03 8.03
2017-05-03 7.74 7.8 7.55 7.55
2017-05-19 7.19 7.19 7.13 7.13
2017-08-25 6.58 6.58 6.5 6.5
2017-09-05 6.67 6.68 6.62 6.62
