1996-11-07 13.85 14.0 13.2 13.2
1996-11-12 14.6 14.66 13.6 13.6
1996-11-15 14.85 15.0 14.3 14.3
1996-11-27 13.86 13.95 13.61 13.61
1996-12-16 15.44 15.44 15.44 15.44
1996-12-17 13.9 14.88 13.9 13.9
1997-01-07 14.49 14.61 14.11 14.11
1997-01-09 14.71 14.8 14.4 14.4
1997-01-13 15.38 15.65 15.32 15.32
1997-01-14 15.12 15.38 14.49 14.49
1997-01-16 16.07 16.3 15.5 15.5
1997-01-22 15.95 16.15 15.7 15.7
1997-02-17 16.72 16.77 16.2 16.2
1997-02-20 15.55 15.6 14.11 14.11
1997-03-03 20.2 20.5 19.65 19.65
1997-03-10 21.78 21.88 20.9 20.9
1997-04-01 25.88 26.93 24.52 24.52
1997-05-06 17.15 17.45 16.11 16.11
1997-05-12 18.99 19.55 18.2 18.2
1997-05-23 15.7 15.97 15.0 15.0
1997-06-02 16.43 16.48 16.0 16.0
1997-06-20 15.43 15.5 14.85 14.85
1997-07-10 12.85 13.2 12.25 12.25
1997-07-14 14.92 14.98 13.82 13.82
1997-07-22 14.9 14.98 14.5 14.5
1997-07-31 14.35 14.68 14.3 14.3
1997-09-04 15.22 15.45 15.01 15.01
1997-09-18 14.09 14.2 14.0 14.0
1997-09-30 13.05 13.19 13.0 13.0
1997-10-08 13.46 13.61 13.35 13.35
1997-10-23 14.0 14.12 13.8 13.8
1997-11-18 13.81 13.95 13.8 13.8
1997-11-28 13.2 13.25 12.6 12.6
1997-12-04 13.19 13.25 13.0 13.0
1997-12-08 13.5 13.6 13.23 13.23
1997-12-16 14.14 14.29 13.8 13.8
1997-12-19 13.78 13.92 13.7 13.7
1997-12-25 14.36 14.4 14.03 14.03
1998-01-14 14.7 14.8 14.51 14.51
1998-02-12 17.49 17.5 16.8 16.8
1998-03-04 17.6 17.6 17.22 17.22
1998-03-11 15.64 15.89 15.4 15.4
1998-03-17 15.65 15.66 15.3 15.3
1998-03-18 15.9 16.03 15.5 15.5
1998-04-01 15.65 16.0 15.5 15.5
1998-04-07 16.3 16.44 16.1 16.1
1998-04-23 15.75 15.8 15.63 15.63
1998-04-24 15.85 15.98 15.6 15.6
1998-04-30 16.8 17.03 16.65 16.65
1998-05-05 17.97 18.1 17.45 17.45
1998-05-25 17.75 17.79 17.28 17.28
1998-06-03 18.6 18.7 18.19 18.19
1998-06-12 19.6 19.78 18.8 18.8
1998-06-30 17.24 17.24 16.8 16.8
1998-07-09 17.48 17.6 17.2 17.2
1998-07-17 17.7 18.05 17.59 17.59
1998-07-21 18.1 18.5 17.88 17.88
1998-07-24 17.36 17.38 17.12 17.12
1998-07-27 17.64 17.75 17.2 17.2
1998-08-21 14.69 14.7 13.65 13.65
1998-09-04 13.61 13.69 13.2 13.2
1998-09-07 14.2 14.29 13.61 13.61
1998-09-25 14.42 14.48 13.7 13.7
1998-10-06 14.91 15.1 14.65 14.65
1998-10-07 15.54 15.6 14.99 14.99
1998-10-19 15.76 15.78 15.36 15.36
1998-11-06 15.7 15.79 15.4 15.4
1998-12-08 14.25 14.26 13.94 13.94
1998-12-14 14.7 14.95 14.42 14.42
1998-12-21 14.3 14.3 14.06 14.06
1998-12-22 14.58 14.58 14.09 14.09
1998-12-30 14.73 14.8 14.2 14.2
1999-01-22 14.75 14.94 14.55 14.55
1999-01-28 14.85 14.95 14.5 14.5
1999-01-29 14.85 14.88 14.72 14.72
1999-03-01 15.65 15.7 15.16 15.16
1999-03-04 15.3 15.44 15.05 15.05
1999-03-23 15.5 15.55 15.01 15.01
1999-04-23 13.78 13.93 13.6 13.6
1999-05-17 8.4 8.48 8.1 8.1
1999-05-19 8.57 8.59 8.25 8.25
1999-06-07 8.89 8.98 8.49 8.49
1999-06-08 9.78 9.78 9.02 9.02
1999-06-21 10.94 10.98 10.2 10.2
1999-07-12 9.87 10.1 9.6 9.6
1999-07-23 9.35 9.4 9.0 9.0
1999-08-17 8.36 8.45 8.31 8.31
1999-09-28 8.9 9.0 8.86 8.86
1999-10-20 8.21 8.4 8.15 8.15
1999-10-26 8.19 8.28 8.18 8.18
1999-10-27 8.5 8.59 8.3 8.3
1999-11-03 8.36 8.49 8.2 8.2
1999-11-08 8.57 8.6 8.35 8.35
1999-11-09 8.74 8.95 8.65 8.65
1999-11-29 8.48 8.52 8.4 8.4
1999-12-14 8.14 8.15 8.0 8.0
1999-12-15 8.31 8.31 8.15 8.15
1999-12-28 7.82 7.97 7.8 7.8
2000-02-14 8.6 8.65 8.08 8.08
2000-03-13 8.37 8.45 8.18 8.18
2000-03-27 9.13 9.2 8.66 8.66
2000-04-03 9.25 9.44 9.0 9.0
2000-04-06 9.0 9.04 8.81 8.81
2000-04-10 9.35 9.46 9.2 9.2
2000-05-15 8.41 8.55 8.29 8.29
2000-05-22 8.99 9.05 8.7 8.7
2000-06-30 9.64 9.8 9.59 9.59
2000-07-06 10.1 10.11 9.8 9.8
2000-07-14 10.16 10.48 10.0 10.0
2000-07-18 10.1 10.13 10.02 10.02
2000-07-19 10.3 10.35 10.1 10.1
2000-07-24 10.49 10.55 10.25 10.25
2000-08-09 10.05 10.2 9.95 9.95
2000-08-16 11.46 11.99 11.0 11.0
2000-09-07 10.45 10.6 10.3 10.3
2000-09-08 10.64 10.79 10.5 10.5
2000-09-29 10.09 10.16 10.01 10.01
2000-10-13 10.38 10.61 10.23 10.23
2000-10-16 10.56 10.69 10.3 10.3
2000-11-02 10.77 10.9 10.73 10.73
2000-11-06 10.97 11.09 10.7 10.7
2000-11-28 11.33 11.36 11.18 11.18
2000-12-01 11.28 11.37 11.1 11.1
2000-12-05 11.45 11.5 11.35 11.35
2001-01-09 11.38 11.4 11.18 11.18
2001-01-19 10.98 11.0 10.92 10.92
2001-02-09 10.41 10.52 10.3 10.3
2001-02-22 10.01 10.15 10.0 10.0
2001-02-23 10.2 10.35 10.0 10.0
2001-03-02 10.6 10.68 10.55 10.55
2001-04-26 10.89 11.25 10.71 10.71
2001-05-31 11.15 11.2 11.05 11.05
2001-06-11 11.59 11.78 11.52 11.52
2001-06-13 11.88 11.98 11.57 11.57
2001-06-20 11.25 11.33 11.2 11.2
2001-06-26 11.69 11.75 11.56 11.56
2001-07-13 11.25 11.31 11.2 11.2
2001-07-18 11.0 11.13 10.98 10.98
2001-07-31 10.03 10.38 10.0 10.0
2001-08-01 10.4 10.4 10.03 10.03
2001-08-09 10.3 10.35 10.2 10.2
2001-08-15 10.39 10.42 10.3 10.3
2001-08-20 10.6 10.64 10.49 10.49
2001-08-28 10.15 10.15 10.0 10.0
2001-08-29 10.19 10.38 10.15 10.15
2001-08-31 10.1 10.25 10.05 10.05
2001-09-05 10.15 10.3 10.15 10.15
2001-09-10 10.02 10.26 9.7 9.7
2001-09-18 9.01 9.18 8.9 8.9
2001-09-28 8.65 8.82 8.6 8.6
2001-10-09 8.53 8.59 8.31 8.31
2001-10-18 7.8 8.0 7.8 7.8
2001-10-29 8.18 8.2 7.91 7.91
2001-11-01 8.22 8.27 8.13 8.13
2001-11-08 7.6 7.68 7.2 7.2
2001-11-13 8.08 8.18 7.46 7.46
2001-11-19 8.28 8.3 8.1 8.1
2001-11-20 8.45 8.45 8.27 8.27
2001-12-06 8.6 8.65 8.5 8.5
2001-12-31 7.86 7.97 7.8 7.8
2002-01-04 7.63 7.77 7.58 7.58
2002-01-30 5.95 5.95 5.41 5.41
2002-03-04 6.78 6.8 6.58 6.58
2002-03-06 6.98 7.15 6.95 6.95
2002-03-07 7.24 7.25 6.95 6.95
2002-03-11 7.59 7.6 7.39 7.39
2002-03-14 7.58 7.63 7.15 7.15
2002-04-09 8.0 8.02 7.79 7.79
2002-04-12 8.27 8.69 7.95 7.95
2002-04-23 7.76 7.83 7.72 7.72
2002-04-26 7.86 7.88 7.72 7.72
2002-04-29 8.03 8.1 7.8 7.8
2002-05-08 8.03 8.09 8.0 8.0
2002-05-14 7.72 7.82 7.71 7.71
2002-05-21 7.49 7.6 7.29 7.29
2002-05-23 7.4 7.52 7.39 7.39
2002-06-04 7.15 7.23 6.99 6.99
2002-06-13 7.11 7.23 7.1 7.1
2002-06-20 7.15 7.23 7.1 7.1
2002-07-24 7.8 7.86 7.6 7.6
2002-08-01 7.69 7.73 7.59 7.59
2002-08-20 7.73 7.74 7.57 7.57
2002-08-23 7.8 7.84 7.77 7.77
2002-09-13 7.43 7.47 7.36 7.36
2002-09-18 7.27 7.3 7.21 7.21
2002-10-10 6.9 7.0 6.88 6.88
2002-10-22 6.9 6.97 6.85 6.85
2002-12-06 5.89 5.96 5.89 5.89
2002-12-12 5.72 5.83 5.69 5.69
2002-12-17 6.0 6.0 5.86 5.86
2002-12-20 6.08 6.24 6.02 6.02
2003-01-14 6.0 6.12 5.75 5.75
2003-02-20 6.15 6.19 6.1 6.1
2003-02-25 6.06 6.07 5.9 5.9
2003-03-28 5.81 5.95 5.78 5.78
2003-04-11 5.7 5.71 5.59 5.59
2003-04-14 5.89 5.92 5.75 5.75
2003-04-18 5.71 5.75 5.65 5.65
2004-06-11 5.85 6.04 5.76 5.76
2004-07-06 5.44 5.54 5.39 5.39
2004-07-21 5.63 5.63 5.12 5.12
2004-07-28 5.77 5.85 5.6 5.6
2004-08-12 5.5 5.69 5.36 5.36
2004-08-13 5.45 5.57 5.42 5.42
2004-08-17 5.25 5.37 5.2 5.2
2004-09-07 4.91 4.91 4.83 4.83
2004-09-14 4.69 4.78 4.48 4.48
2004-09-17 5.36 5.42 5.16 5.16
2004-11-03 4.87 4.9 4.69 4.69
2004-11-12 5.07 5.2 5.01 5.01
2004-12-01 4.88 4.95 4.88 4.88
2004-12-24 4.64 4.69 4.61 4.61
2005-01-11 4.24 4.25 4.17 4.17
2005-02-01 4.22 4.35 4.14 4.14
2005-03-23 3.76 3.76 3.62 3.62
2005-04-13 3.61 3.61 3.49 3.49
2005-04-26 3.0 3.03 2.83 2.83
2005-06-08 3.21 3.23 3.01 3.01
2005-07-22 2.49 2.52 2.41 2.41
2005-07-26 2.59 2.62 2.54 2.54
2005-07-29 2.58 2.61 2.54 2.54
2005-08-25 2.98 2.99 2.9 2.9
2005-09-29 3.03 3.06 2.93 2.93
2005-10-18 3.3 3.3 2.98 2.98
2005-12-06 2.74 2.75 2.7 2.7
2005-12-16 2.82 2.83 2.8 2.8
2005-12-21 2.79 2.84 2.79 2.79
2006-01-20 3.09 3.1 3.01 3.01
2006-01-23 3.13 3.15 3.08 3.08
2006-02-15 3.2 3.21 3.15 3.15
2006-02-24 3.07 3.07 3.04 3.04
2006-03-13 2.95 2.97 2.9 2.9
2006-03-15 2.94 2.96 2.9 2.9
2006-03-21 2.98 3.0 2.98 2.98
2006-03-22 3.03 3.06 2.99 2.99
2006-04-18 3.19 3.2 3.11 3.11
2006-05-17 3.64 3.67 3.51 3.51
2006-05-18 4.0 4.0 4.0 4.0
2006-05-19 4.4 4.4 4.4 4.4
2006-06-16 4.7 4.73 4.58 4.58
2006-07-12 5.72 5.83 5.5 5.5
2006-10-18 3.36 3.41 3.24 3.24
2006-10-19 3.44 3.45 3.35 3.35
2006-11-08 3.31 3.39 3.28 3.28
2006-11-09 3.37 3.39 3.32 3.32
2006-11-28 3.41 3.41 3.35 3.35
2007-01-08 3.53 3.54 3.4 3.4
2007-01-10 3.69 3.7 3.51 3.51
2007-01-15 3.6 3.6 3.42 3.42
2007-01-22 4.21 4.24 4.0 4.0
2007-02-09 4.54 4.58 4.43 4.43
2007-02-28 4.8 4.87 4.38 4.38
2007-03-21 5.25 5.29 5.12 5.12
2007-04-02 5.45 5.45 5.29 5.29
2007-04-17 6.5 6.5 6.2 6.2
2007-04-20 6.67 6.7 6.3 6.3
2007-04-23 7.13 7.18 6.75 6.75
2007-05-29 9.82 10.0 9.58 9.58
2007-07-02 5.44 5.45 5.05 5.05
2007-07-06 5.34 5.36 4.91 4.91
2007-07-23 6.52 6.7 6.22 6.22
2007-08-20 7.5 7.58 7.23 7.23
2007-08-30 7.62 7.74 7.14 7.14
2007-10-19 6.56 6.8 6.5 6.5
2007-12-17 6.1 6.14 6.0 6.0
2007-12-26 6.49 6.5 6.34 6.34
2008-01-07 7.07 7.15 6.82 6.82
2008-01-23 6.28 6.36 5.95 5.95
2008-01-29 6.13 6.2 5.93 5.93
2008-02-14 6.36 6.5 6.23 6.23
2008-04-29 4.6 4.66 4.45 4.45
2008-05-05 4.88 4.91 4.72 4.72
2008-07-07 3.95 4.0 3.79 3.79
2008-08-25 3.1 3.15 3.06 3.06
2008-10-08 2.67 2.74 2.65 2.65
2008-11-05 1.98 1.98 1.92 1.92
2008-11-17 2.6 2.62 2.4 2.4
2009-01-05 2.51 2.52 2.42 2.42
2009-02-06 3.09 3.13 2.93 2.93
2009-03-04 3.2 3.21 3.05 3.05
2009-03-27 3.41 3.46 3.37 3.37
2009-03-30 3.5 3.61 3.4 3.4
2009-04-07 3.96 3.96 3.61 3.61
2009-04-29 4.46 4.52 4.33 4.33
2009-05-04 4.71 4.86 4.5 4.5
2009-05-12 4.78 4.81 4.55 4.55
2009-05-27 4.95 4.99 4.62 4.62
2009-07-06 5.44 5.58 5.35 5.35
2009-07-20 6.61 6.77 6.5 6.5
2009-10-12 5.12 5.23 5.1 5.1
2009-11-03 5.27 5.29 5.1 5.1
2009-11-05 6.0 6.0 5.4 5.4
2009-12-03 6.28 6.34 6.1 6.1
2009-12-28 5.6 5.61 5.42 5.42
2010-01-14 5.7 5.76 5.6 5.6
2010-01-21 6.07 6.09 5.88 5.88
2010-02-08 5.88 5.98 5.58 5.58
2010-03-30 8.19 8.2 7.85 7.85
2010-04-08 8.6 8.74 8.13 8.13
2010-05-27 7.32 7.37 7.17 7.17
2010-06-18 7.79 7.79 7.79 7.79
2010-06-21 7.4 7.4 7.4 7.4
2010-06-22 7.03 7.03 7.03 7.03
2010-06-23 6.68 6.96 6.68 6.68
2010-07-06 5.07 5.12 4.98 4.98
2010-07-07 5.11 5.19 5.02 5.02
2010-07-20 5.1 5.12 4.93 4.93
2010-08-02 5.9 5.98 5.65 5.65
2010-08-16 5.93 5.95 5.8 5.8
2011-01-07 6.02 6.1 6.0 6.0
2011-01-11 6.04 6.14 5.92 5.92
2011-01-14 6.25 6.31 6.09 6.09
2011-01-31 6.56 6.74 6.56 6.56
2011-02-28 6.67 6.7 6.61 6.61
2011-03-17 7.77 7.77 7.35 7.35
2011-03-21 7.4 7.5 7.4 7.4
2011-03-22 7.03 7.03 7.03 7.03
2011-04-28 6.76 6.95 6.65 6.65
2011-04-29 6.97 7.0 6.71 6.71
2011-05-05 7.21 7.21 6.85 6.85
2011-05-09 7.17 7.4 7.13 7.13
2011-05-31 6.51 6.51 6.3 6.3
2011-07-25 7.13 7.13 6.8 6.8
2011-08-05 6.68 6.72 6.5 6.5
2011-08-12 6.46 6.52 6.39 6.39
2011-09-07 6.15 6.17 5.98 5.98
2011-11-14 5.31 5.31 5.07 5.07
2011-12-09 3.78 3.81 3.72 3.72
2012-01-20 3.35 3.36 3.22 3.22
2012-04-06 3.33 3.34 3.26 3.26
2012-08-29 3.56 3.56 3.56 3.56
2012-08-30 3.38 3.38 3.38 3.38
2012-08-31 3.21 3.21 3.21 3.21
2012-09-03 3.05 3.2 3.05 3.05
2012-09-04 3.06 3.08 2.98 2.98
2012-09-12 3.2 3.2 3.05 3.05
2012-10-11 3.27 3.27 3.27 3.27
2012-10-29 3.63 3.71 3.47 3.47
2012-11-02 3.68 3.75 3.6 3.6
2012-11-05 3.69 3.72 3.62 3.62
2012-11-09 3.55 3.63 3.45 3.45
2012-11-30 3.35 3.38 3.21 3.21
2012-12-03 3.18 3.27 3.18 3.18
2012-12-12 3.33 3.36 3.28 3.28
2012-12-21 3.47 3.49 3.41 3.41
2012-12-27 3.54 3.64 3.52 3.52
2013-01-16 3.61 3.64 3.57 3.57
2013-02-22 3.79 3.82 3.75 3.75
2013-04-17 3.99 4.0 3.91 3.91
2013-04-22 4.1 4.11 4.0 4.0
2013-05-08 4.26 4.26 4.03 4.03
2013-05-20 4.16 4.16 4.16 4.16
2013-05-21 4.06 4.13 3.95 3.95
2013-06-06 4.88 4.88 4.62 4.62
2013-07-15 4.26 4.31 4.22 4.22
2013-07-18 4.41 4.45 4.22 4.22
2013-11-11 5.81 5.85 5.63 5.63
2013-11-18 5.4 5.58 5.4 5.4
2013-11-22 5.64 5.7 5.42 5.42
2013-11-27 5.63 5.73 5.59 5.59
2013-12-02 5.27 5.36 5.27 5.27
2014-01-13 4.51 4.58 4.34 4.34
2014-01-28 4.76 4.76 4.58 4.58
2014-03-03 4.89 4.89 4.6 4.6
2014-03-06 4.9 4.96 4.83 4.83
2014-03-07 5.02 5.04 4.9 4.9
2014-03-25 5.78 5.79 5.58 5.58
2014-04-25 5.5 5.62 5.39 5.39
2014-05-12 5.19 5.21 5.1 5.1
2014-06-06 5.36 5.38 5.12 5.12
2014-06-13 5.38 5.44 5.29 5.29
2014-06-20 5.04 5.06 4.98 4.98
2014-06-27 5.12 5.13 5.04 5.04
2014-08-04 5.82 5.9 5.75 5.75
2014-08-08 6.06 6.07 5.9 5.9
2014-08-11 6.1 6.24 6.06 6.06
2014-08-28 6.71 6.89 6.62 6.62
2014-08-29 6.88 6.9 6.67 6.67
2014-09-12 8.1 8.3 7.86 7.86
2014-09-29 7.83 7.95 7.69 7.69
2014-09-30 8.04 8.1 7.81 7.81
2014-10-28 7.9 7.92 7.72 7.72
2014-11-12 8.04 8.12 7.54 7.54
2014-12-04 9.33 9.49 9.12 9.12
2014-12-10 8.56 8.68 8.02 8.02
2014-12-24 7.43 7.44 7.13 7.13
2014-12-25 7.5 7.59 7.38 7.38
2015-01-20 7.33 7.4 7.08 7.08
2015-02-03 7.89 7.93 7.55 7.55
2015-04-10 13.16 13.16 12.09 12.09
2015-04-21 12.6 12.66 11.77 11.77
2015-06-11 17.32 17.68 16.6 16.6
2015-06-24 15.29 15.85 14.79 14.79
2015-07-08 6.41 6.41 6.41 6.41
2015-07-13 7.05 7.05 7.05 7.05
2015-07-14 7.76 7.76 7.76 7.76
2015-07-23 11.43 11.78 11.12 11.12
2015-08-04 9.96 9.96 9.06 9.06
2015-08-13 11.45 11.48 10.73 10.73
2015-08-25 8.9 9.35 8.9 8.9
2015-09-11 8.46 8.58 8.25 8.25
2015-10-12 8.94 9.1 8.6 8.6
2015-11-16 11.11 11.15 10.8 10.8
2015-11-19 11.15 11.2 10.81 10.81
2015-12-01 12.1 12.2 11.03 11.03
2015-12-03 12.16 12.3 11.69 11.69
2015-12-17 13.39 13.58 12.98 12.98
2016-01-25 9.76 9.93 9.63 9.63
2016-02-04 8.96 9.03 8.71 8.71
2016-02-16 8.94 9.0 8.6 8.6
2016-03-07 9.03 9.15 8.75 8.75
2016-03-14 9.33 9.45 9.01 9.01
2016-03-17 9.68 9.84 9.29 9.29
2016-04-21 10.05 10.66 9.9 9.9
2016-04-22 10.25 10.26 10.01 10.01
2016-07-04 9.22 9.28 8.97 8.97
2016-07-18 9.91 9.96 9.51 9.51
2016-07-21 10.19 10.3 9.78 9.78
2016-08-26 10.94 11.09 10.9 10.9
2016-09-09 11.38 11.46 10.96 10.96
2016-09-20 11.2 11.39 11.11 11.11
2016-09-22 11.19 11.26 11.12 11.12
2016-09-29 10.97 11.11 10.81 10.81
2016-09-30 11.27 11.35 10.91 10.91
2016-10-26 11.84 11.94 11.66 11.66
2016-11-17 12.85 12.97 12.25 12.25
2016-12-20 11.64 11.77 11.43 11.43
2017-01-04 12.07 12.26 11.96 11.96
2017-01-19 11.01 11.17 10.95 10.95
2017-01-23 11.16 11.38 11.15 11.15
2017-02-10 11.2 11.25 11.09 11.09
2017-02-15 11.2 11.33 11.02 11.02
2017-03-10 10.9 11.03 10.85 10.85
2017-03-16 10.81 10.91 10.71 10.71
2017-05-16 9.07 9.09 8.87 8.87
2017-05-17 9.14 9.28 9.01 9.01
2017-05-31 8.66 8.69 8.3 8.3
2017-06-07 8.5 8.52 8.31 8.31
2017-06-08 8.48 8.55 8.45 8.45
2017-06-13 8.51 8.58 8.4 8.4
2017-07-21 8.34 8.43 8.25 8.25
2017-08-14 8.2 8.23 8.13 8.13
2017-08-17 8.32 8.35 8.23 8.23
