1998-05-26 20.65 20.97 19.0 19.0
1998-06-02 20.65 20.7 19.75 19.75
1998-06-04 21.3 21.68 20.9 20.9
1998-06-24 22.48 22.5 21.7 21.7
1998-07-16 24.1 24.15 22.99 22.99
1998-08-03 22.92 23.02 22.8 22.8
1998-08-10 20.81 21.25 20.52 20.52
1998-08-11 21.4 21.78 20.7 20.7
1998-08-18 19.99 20.0 19.0 19.0
1998-08-24 21.36 21.59 20.5 20.5
1998-09-03 21.86 22.1 21.01 21.01
1998-09-17 23.35 23.73 23.0 23.0
1998-09-22 24.25 24.4 23.6 23.6
1998-10-06 25.99 25.99 24.6 24.6
1998-11-02 27.6 27.69 26.3 26.3
1998-11-03 27.66 27.68 27.3 27.3
1998-11-19 14.0 14.35 13.6 13.6
1998-12-21 11.5 11.68 11.2 11.2
1998-12-22 11.98 12.0 11.43 11.43
1998-12-25 12.29 12.32 11.9 11.9
1999-01-12 12.38 12.59 12.2 12.2
1999-01-20 12.46 12.58 12.1 12.1
1999-03-02 10.25 10.56 10.15 10.15
1999-03-03 10.9 10.95 10.25 10.25
1999-03-15 11.97 12.0 11.6 11.6
1999-03-30 10.79 10.92 10.73 10.73
1999-04-14 10.8 10.97 10.5 10.5
1999-05-17 10.62 10.96 10.36 10.36
1999-05-19 11.48 11.5 10.5 10.5
1999-05-26 13.4 13.7 12.95 12.95
1999-05-31 14.66 14.66 12.38 12.38
1999-06-01 16.13 16.13 15.2 15.2
1999-06-07 17.98 18.0 16.78 16.78
1999-06-29 20.2 20.21 18.8 18.8
1999-07-07 18.49 18.49 17.5 17.5
1999-07-21 18.8 18.91 18.1 18.1
1999-07-23 19.0 19.01 17.59 17.59
1999-07-26 18.97 19.31 18.68 18.68
1999-08-05 19.49 19.55 17.8 17.8
1999-08-31 18.45 19.0 17.76 17.76
1999-09-09 18.76 18.78 18.0 18.0
1999-09-20 19.38 19.5 19.0 19.0
1999-09-30 18.1 18.59 18.05 18.05
1999-10-11 17.9 18.85 17.5 17.5
1999-10-26 16.98 17.13 16.5 16.5
1999-10-27 17.68 17.68 17.0 17.0
1999-10-29 17.18 17.58 16.51 16.51
1999-11-01 17.09 17.15 16.6 16.6
1999-11-02 16.99 17.22 16.6 16.6
1999-11-11 16.7 17.0 16.5 16.5
1999-11-17 16.95 16.97 16.6 16.6
1999-11-26 15.97 16.3 15.8 15.8
1999-12-08 14.97 15.3 14.81 14.81
1999-12-29 14.58 14.68 14.3 14.3
2000-01-20 13.49 13.71 12.91 12.91
2000-01-24 13.95 14.0 13.19 13.19
2000-02-24 13.78 13.85 13.4 13.4
2000-03-22 15.45 15.8 15.2 15.2
2000-03-31 16.01 16.1 15.55 15.55
2000-04-14 15.67 15.88 15.45 15.45
2000-05-08 15.4 15.77 15.3 15.3
2000-05-22 14.48 14.65 14.25 14.25
2000-05-25 14.98 15.0 14.65 14.65
2000-06-07 15.12 15.45 14.98 14.98
2000-06-22 15.3 15.49 15.23 15.23
2000-07-18 14.88 14.98 14.8 14.8
2000-07-19 15.0 15.08 14.88 14.88
2000-07-27 14.91 15.1 14.8 14.8
2000-08-01 15.28 15.3 15.08 15.08
2000-08-14 15.72 15.8 15.52 15.52
2000-08-23 16.42 16.45 14.9 14.9
2000-08-24 16.93 17.18 16.5 16.5
2000-09-07 17.07 17.09 16.1 16.1
2000-09-14 17.81 18.0 17.31 17.31
2000-09-26 16.97 16.99 16.56 16.56
2000-09-29 17.48 17.48 17.06 17.06
2000-10-24 16.39 16.43 16.16 16.16
2000-11-22 16.23 16.23 15.86 15.86
2000-11-23 16.3 16.45 16.18 16.18
2000-11-29 16.17 16.34 15.92 15.92
2000-12-29 15.58 15.58 15.38 15.38
2001-01-04 16.01 16.15 15.98 15.98
2001-01-19 15.9 16.0 15.77 15.77
2001-03-26 16.76 16.76 16.51 16.51
2001-04-24 16.43 16.57 16.25 16.25
2001-05-10 16.06 16.19 15.96 15.96
2001-06-07 16.28 16.38 16.15 16.15
2001-06-15 16.1 16.12 16.0 16.0
2001-06-21 16.69 16.82 16.25 16.25
2001-07-09 16.15 16.16 16.08 16.08
2001-07-10 16.24 16.34 16.15 16.15
2001-07-19 15.73 15.9 15.68 15.68
2001-07-27 15.69 15.93 15.63 15.63
2001-08-01 14.18 14.21 13.9 13.9
2001-08-09 14.27 14.3 14.08 14.08
2001-08-21 14.28 14.37 14.15 14.15
2001-08-23 14.15 14.2 14.0 14.0
2001-09-03 13.07 13.2 13.0 13.0
2001-09-06 13.4 13.65 13.4 13.4
2001-10-26 11.92 12.19 11.3 11.3
2001-11-08 11.02 11.08 10.3 10.3
2001-11-15 11.03 11.14 10.98 10.98
2001-12-12 12.01 12.14 12.0 12.0
2001-12-31 11.41 11.41 11.2 11.2
2002-01-08 10.98 11.18 10.9 10.9
2002-01-23 9.36 9.4 8.5 8.5
2002-01-31 9.78 9.9 9.05 9.05
2002-03-04 10.04 10.08 9.8 9.8
2002-03-05 10.52 10.54 10.05 10.05
2002-03-21 11.63 11.69 11.26 11.26
2002-04-08 11.85 11.95 11.2 11.2
2002-04-25 12.04 12.1 11.83 11.83
2002-05-10 12.87 13.07 12.5 12.5
2002-05-23 12.09 12.15 11.9 11.9
2002-06-18 11.66 11.7 11.27 11.27
2002-06-21 11.96 12.02 11.57 11.57
2002-07-08 12.64 12.7 12.53 12.53
2002-08-14 12.33 12.35 12.2 12.2
2002-08-20 12.6 12.64 12.5 12.5
2002-09-13 12.39 12.47 12.35 12.35
2002-09-18 12.31 12.37 12.25 12.25
2002-10-30 10.6 10.71 10.57 10.57
2002-11-04 10.81 10.85 10.65 10.65
2002-11-18 9.47 9.95 9.23 9.23
2002-11-25 9.0 9.12 8.75 8.75
2002-12-23 9.53 9.62 9.4 9.4
2003-01-06 8.64 8.65 8.45 8.45
2003-01-08 8.96 8.98 8.68 8.68
2003-01-16 9.85 9.87 9.47 9.47
2003-01-23 9.58 9.72 9.5 9.5
2003-01-27 10.01 10.06 9.75 9.75
2003-02-11 9.66 9.66 9.39 9.39
2003-03-14 9.22 9.27 9.15 9.15
2003-03-21 9.3 9.32 9.17 9.17
2003-04-10 9.45 9.46 9.21 9.21
2003-06-10 8.21 8.3 8.18 8.18
2003-06-17 8.49 8.52 8.41 8.41
2003-06-25 8.28 8.41 8.27 8.27
2003-07-01 8.25 8.31 8.25 8.25
2003-08-11 7.46 7.7 7.32 7.32
2003-09-26 6.83 6.87 6.8 6.8
2003-10-15 7.01 7.08 6.96 6.96
2003-11-11 7.28 7.29 7.13 7.13
2003-11-24 7.66 7.7 7.37 7.37
2004-01-06 8.3 8.42 8.11 8.11
2004-01-16 9.24 9.27 8.84 8.84
2004-02-06 8.94 9.29 8.87 8.87
2004-02-16 9.29 9.31 9.1 9.1
2004-03-10 9.25 9.25 9.07 9.07
2004-03-24 9.73 9.85 9.58 9.58
2004-03-29 9.52 9.64 9.46 9.46
2004-05-12 6.97 7.05 6.9 6.9
2004-05-21 6.68 6.68 6.56 6.56
2004-06-16 6.3 6.38 6.23 6.23
2004-07-13 6.55 6.57 6.41 6.41
2004-07-14 6.66 6.74 6.45 6.45
2004-07-21 7.35 7.45 7.1 7.1
2004-08-09 7.23 7.29 7.1 7.1
2004-08-10 7.43 7.46 7.21 7.21
2004-08-13 7.45 7.45 7.3 7.3
2004-08-26 7.09 7.13 7.07 7.07
2004-09-14 6.73 6.75 6.6 6.6
2004-09-27 8.34 8.45 8.25 8.25
2004-09-28 8.55 8.62 8.3 8.3
2004-11-01 8.98 9.02 8.5 8.5
2004-11-17 9.6 9.66 9.48 9.48
2004-12-01 9.17 9.26 9.13 9.13
2004-12-09 8.54 8.65 8.36 8.36
2004-12-21 8.32 8.39 8.2 8.2
2005-03-08 9.42 9.46 8.91 8.91
2005-03-11 9.15 9.2 9.06 9.06
2005-03-28 9.14 9.36 9.09 9.09
2005-03-31 9.09 9.12 8.85 8.85
2005-04-05 9.9 10.0 9.32 9.32
2005-04-13 10.33 10.61 10.3 10.3
2005-05-11 10.13 10.42 10.08 10.08
2005-07-21 5.04 5.06 4.89 4.89
2005-08-18 5.76 6.09 5.61 5.61
2005-08-19 5.99 6.0 5.71 5.71
2005-08-22 6.22 6.23 5.99 5.99
2005-09-07 6.54 6.55 6.25 6.25
2005-09-19 6.77 6.82 6.56 6.56
2005-09-29 7.03 7.06 6.7 6.7
2005-10-27 6.6 6.64 6.41 6.41
2005-11-01 6.51 6.55 6.31 6.31
2005-12-07 6.15 6.15 5.92 5.92
2005-12-22 6.4 6.5 6.22 6.22
2005-12-23 6.48 6.49 6.39 6.39
2006-01-09 7.04 7.13 6.92 6.92
2006-02-10 8.08 8.18 7.74 7.74
2006-03-01 7.25 7.35 7.18 7.18
2006-11-27 7.9 8.08 7.7 7.7
2006-11-30 7.86 8.05 7.83 7.83
2007-01-04 8.49 8.79 8.3 8.3
2007-01-19 9.68 9.68 9.01 9.01
2007-01-29 10.08 10.33 9.97 9.97
2007-03-02 10.83 10.9 10.56 10.56
2007-03-15 10.83 11.04 10.66 10.66
2007-04-20 17.04 17.15 16.5 16.5
2007-04-23 18.07 18.29 17.22 17.22
2007-05-17 17.84 18.25 16.85 16.85
2007-06-07 12.62 12.77 12.21 12.21
2007-06-12 13.84 13.86 12.95 12.95
2007-06-18 14.0 14.19 13.66 13.66
2007-06-26 11.95 12.0 11.14 11.14
2007-07-20 11.2 11.35 10.85 10.85
2007-07-25 12.18 12.3 11.94 11.94
2007-07-30 12.81 12.84 12.34 12.34
2007-08-02 13.07 13.18 12.35 12.35
2007-09-03 14.46 14.59 14.2 14.2
2007-09-20 16.3 16.55 15.46 15.46
2007-10-15 16.17 16.37 15.21 15.21
2008-03-26 10.06 10.35 10.0 10.0
2008-07-07 5.62 5.63 5.3 5.3
2008-07-09 5.81 5.89 5.62 5.62
2008-07-28 6.1 6.16 6.01 6.01
2008-08-01 5.87 5.95 5.69 5.69
2008-08-12 5.0 5.07 4.95 4.95
2008-09-12 5.51 5.64 5.36 5.36
2008-10-20 6.04 6.06 5.7 5.7
2008-11-05 5.96 5.98 5.6 5.6
2008-11-10 6.62 6.62 6.16 6.16
2008-11-19 7.3 7.35 6.75 6.75
2008-11-26 6.8 6.97 6.66 6.66
2009-03-04 6.91 6.95 6.53 6.53
2009-03-19 7.12 7.14 6.97 6.97
2009-05-15 7.61 7.67 7.51 7.51
2009-06-01 7.39 7.47 7.26 7.26
2009-06-24 7.71 7.8 7.54 7.54
2009-07-22 8.01 8.05 7.91 7.91
2009-08-20 6.95 6.97 6.71 6.71
2009-10-09 7.21 7.22 7.0 7.0
2009-11-04 8.37 8.7 8.08 8.08
2009-11-23 9.79 10.06 9.68 9.68
2009-11-30 11.12 11.2 10.25 10.25
2010-01-04 11.18 11.44 11.07 11.07
2010-02-24 11.34 11.37 11.0 11.0
2010-03-03 11.7 11.85 11.62 11.62
2010-03-05 11.85 12.0 11.65 11.65
2010-04-02 11.32 11.48 10.8 10.8
2010-05-04 13.77 14.02 13.05 13.05
2010-05-05 14.85 15.1 13.5 13.5
2010-05-28 15.58 15.6 14.65 14.65
2010-07-14 13.25 13.45 13.08 13.08
2010-08-26 13.38 13.45 13.22 13.22
2010-09-27 12.5 12.56 12.03 12.03
2010-11-22 14.36 14.7 14.16 14.16
2010-11-24 14.45 14.56 13.82 13.82
2010-12-13 14.36 14.65 13.75 13.75
2010-12-31 14.42 14.49 14.2 14.2
2011-03-22 16.11 16.26 15.69 15.69
2011-06-14 10.38 10.41 10.21 10.21
2011-10-12 10.19 10.2 9.56 9.56
2011-10-17 10.39 10.44 10.18 10.18
2011-10-27 9.98 10.37 9.82 9.82
2011-11-11 10.54 10.62 10.33 10.33
2012-01-12 8.61 8.7 8.51 8.51
2012-01-17 8.61 8.64 8.18 8.18
2012-03-08 9.35 9.41 9.1 9.1
2012-03-15 9.26 9.46 9.23 9.23
2012-03-16 9.45 9.47 9.26 9.26
2012-03-19 9.67 9.72 9.43 9.43
2012-04-17 8.87 8.98 8.84 8.84
2012-04-18 9.12 9.16 8.9 8.9
2012-05-14 9.7 9.76 9.34 9.34
2012-05-17 9.96 9.97 9.68 9.68
2012-06-21 8.55 8.6 8.46 8.46
2012-07-11 7.56 7.6 7.32 7.32
2012-07-12 7.83 7.92 7.62 7.62
2012-07-24 7.4 7.48 7.31 7.31
2012-08-01 7.26 7.36 7.16 7.16
2012-08-07 7.46 7.59 7.31 7.31
2012-08-31 6.24 6.28 6.15 6.15
2012-09-07 6.56 6.68 6.3 6.3
2012-09-28 6.23 6.24 6.1 6.1
2012-10-09 6.42 6.47 6.18 6.18
2012-11-12 6.26 6.3 6.2 6.2
2012-11-26 5.69 5.71 5.62 5.62
2012-12-25 6.78 6.86 6.45 6.45
2013-01-10 6.84 7.02 6.74 6.74
2013-01-28 6.95 6.98 6.75 6.75
2013-02-05 7.21 7.23 6.75 6.75
2013-02-08 7.75 7.79 7.19 7.19
2013-02-28 7.62 7.64 7.38 7.38
2013-03-07 7.55 7.73 7.4 7.4
2013-04-19 6.0 6.0 5.75 5.75
2013-05-29 7.15 7.26 7.0 7.0
2013-07-09 5.26 5.29 5.18 5.18
2013-08-15 5.91 6.13 5.8 5.8
2013-09-30 6.03 6.08 5.94 5.94
2013-11-18 5.79 5.81 5.64 5.64
2013-12-09 5.95 6.02 5.91 5.91
2014-01-21 5.18 5.19 5.12 5.12
2014-01-28 5.24 5.3 5.22 5.22
2014-01-29 5.27 5.34 5.23 5.23
2014-02-14 5.61 5.72 5.36 5.36
2014-04-08 5.31 5.32 5.21 5.21
2014-06-04 4.96 4.99 4.92 4.92
2014-07-11 4.91 4.95 4.86 4.86
2014-07-14 4.96 4.97 4.9 4.9
2014-07-18 4.93 4.96 4.9 4.9
2014-07-30 5.18 5.25 5.15 5.15
2014-08-18 5.46 5.49 5.33 5.33
2015-02-13 8.19 8.26 8.11 8.11
2015-04-27 14.02 14.17 13.4 13.4
2015-04-30 13.73 14.2 13.58 13.58
2015-05-13 13.71 14.16 13.02 13.02
2015-06-10 17.28 17.98 16.8 16.8
2015-06-11 18.29 18.61 17.37 17.37
2015-06-12 18.78 19.8 18.45 18.45
2015-07-13 10.03 10.03 10.03 10.03
2015-07-14 11.03 11.03 11.03 11.03
2015-08-04 12.07 12.07 11.07 11.07
2015-09-23 8.31 8.49 8.22 8.22
2015-10-22 9.43 9.51 9.02 9.02
2015-12-17 9.23 9.3 8.98 8.98
2015-12-21 9.34 9.43 9.13 9.13
2016-02-02 6.48 6.49 6.27 6.27
2016-02-15 6.5 6.56 6.32 6.32
2016-02-16 6.78 6.81 6.52 6.52
2016-03-14 6.44 6.56 6.32 6.32
2016-04-29 6.69 6.75 6.66 6.66
2016-05-10 6.45 6.54 6.4 6.4
2016-05-23 6.17 6.19 6.12 6.12
2016-06-14 6.05 6.07 6.01 6.01
2016-07-01 6.57 6.68 6.35 6.35
2016-07-21 7.28 7.43 7.06 7.06
2016-12-19 7.99 7.99 7.42 7.42
2016-12-21 8.55 8.88 8.14 8.14
2017-01-04 8.95 9.2 8.73 8.73
2017-01-05 9.85 9.85 8.73 8.73
2017-02-14 9.88 10.16 9.7 9.7
2017-03-27 9.75 9.92 9.66 9.66
2017-04-06 10.57 10.99 10.12 10.12
2017-07-26 10.39 10.5 9.98 9.98
