1998-01-05 7.61 7.8 7.4 7.4
1998-01-12 7.89 8.28 7.7 7.7
1998-01-14 7.85 7.88 7.5 7.5
1998-02-19 8.62 8.68 8.28 8.28
1998-03-06 8.15 8.24 8.06 8.06
1998-03-16 8.0 8.04 7.7 7.7
1998-05-27 9.79 9.89 9.4 9.4
1998-05-28 10.77 10.77 9.5 9.5
1998-08-05 9.63 9.63 9.37 9.37
1998-08-12 8.7 8.78 8.21 8.21
1998-09-29 9.62 9.9 9.5 9.5
1998-09-30 9.9 9.99 9.7 9.7
1998-10-05 10.28 10.4 10.05 10.05
1998-12-01 9.73 9.97 9.48 9.48
1998-12-08 9.2 9.3 9.13 9.13
1998-12-09 9.36 9.42 9.21 9.21
1999-01-14 8.58 8.71 8.3 8.3
1999-03-01 8.09 8.14 7.52 7.52
1999-03-29 8.46 8.5 8.26 8.26
1999-04-01 8.88 8.89 8.5 8.5
1999-04-06 9.08 9.3 9.0 9.0
1999-04-14 8.48 8.58 8.35 8.35
1999-05-11 7.57 7.61 7.38 7.38
1999-06-07 8.4 8.5 7.97 7.97
1999-08-10 9.8 9.92 9.71 9.71
1999-08-17 9.91 10.15 9.75 9.75
1999-08-19 11.33 11.33 10.4 10.4
1999-10-20 10.25 10.45 10.01 10.01
1999-10-26 10.31 10.5 10.15 10.15
2000-01-19 9.33 9.42 9.24 9.24
2000-01-20 9.51 9.6 9.35 9.35
2000-03-17 9.88 9.97 9.6 9.6
2000-03-27 11.06 11.15 10.4 10.4
2000-04-03 11.74 12.2 11.5 11.5
2000-06-20 12.19 12.24 12.0 12.0
2000-06-23 12.56 12.77 12.3 12.3
2000-06-27 13.07 13.25 12.57 12.57
2000-07-04 12.25 12.3 12.01 12.01
2000-07-07 12.39 12.47 12.23 12.23
2000-07-26 11.9 11.97 11.75 11.75
2000-08-14 13.18 13.48 12.3 12.3
2000-08-17 14.85 15.4 14.0 14.0
2000-09-11 14.08 14.18 13.82 13.82
2000-09-22 12.95 13.15 12.85 12.85
2000-10-09 13.2 13.26 13.0 13.0
2000-10-10 13.99 13.99 13.3 13.3
2000-12-21 15.18 15.5 14.9 14.9
2000-12-22 15.56 15.82 15.18 15.18
2001-01-02 15.72 15.78 15.4 15.4
2001-01-03 16.05 16.18 15.58 15.58
2001-01-10 15.2 15.39 15.09 15.09
2001-02-19 13.78 13.84 13.52 13.52
2001-03-08 14.15 14.19 13.9 13.9
2001-03-26 14.54 14.64 14.2 14.2
2001-04-13 15.08 15.66 14.85 14.85
2001-06-21 15.72 15.78 15.31 15.31
2001-07-09 15.2 15.25 15.08 15.08
2001-08-09 14.41 14.42 14.05 14.05
2001-08-14 14.79 14.82 14.55 14.55
2001-08-21 15.17 15.25 14.8 14.8
2001-11-14 10.39 10.59 10.34 10.34
2001-11-19 10.92 10.93 10.68 10.68
2001-11-20 11.28 11.3 10.95 10.95
2001-11-22 11.67 11.69 11.2 11.2
2001-11-28 11.65 11.7 11.5 11.5
2001-12-03 12.07 12.18 12.0 12.0
2002-01-18 7.27 7.65 7.2 7.2
2002-01-23 7.75 7.77 7.05 7.05
2002-01-31 8.41 8.5 7.85 7.85
2002-02-07 8.44 8.55 8.08 8.08
2002-04-18 12.69 12.84 12.31 12.31
2002-06-18 10.09 10.2 9.66 9.66
2002-08-07 10.32 10.44 10.2 10.2
2002-09-03 10.35 10.48 10.22 10.22
2003-05-19 7.57 7.6 7.1 7.1
2003-07-14 8.55 8.65 8.55 8.55
2003-07-15 8.6 8.74 8.52 8.52
2003-07-23 8.13 8.22 7.8 7.8
2003-07-28 8.15 8.2 7.96 7.96
2003-08-01 8.1 8.23 8.08 8.08
2003-08-06 8.03 8.19 8.01 8.01
2003-08-11 7.94 7.99 7.86 7.86
2003-08-14 7.9 8.08 7.43 7.43
2003-08-19 7.66 7.86 7.65 7.65
2003-09-12 7.4 7.5 7.33 7.33
2003-11-04 7.2 7.31 7.18 7.18
2003-11-10 6.66 6.69 6.51 6.51
2003-11-12 6.73 6.8 6.62 6.62
2003-11-14 6.83 6.91 6.78 6.78
2003-11-20 7.2 7.28 6.8 6.8
2004-01-29 7.28 7.28 6.98 6.98
2004-02-02 7.6 7.61 7.3 7.3
2004-02-05 7.95 8.0 7.68 7.68
2004-02-13 8.35 8.53 8.31 8.31
2004-02-17 8.63 8.7 8.46 8.46
2004-02-19 8.61 8.75 8.46 8.46
2004-02-27 8.29 8.37 8.25 8.25
2004-07-01 7.48 7.5 7.23 7.23
2004-07-09 7.6 7.74 7.55 7.55
2004-07-13 7.94 7.99 7.7 7.7
2004-08-23 6.73 6.81 6.65 6.65
2004-08-31 6.68 6.95 6.65 6.65
2004-09-02 6.81 6.87 6.57 6.57
2004-12-06 7.08 7.11 6.9 6.9
2004-12-29 7.38 7.76 7.06 7.06
2005-04-11 5.93 5.98 5.77 5.77
2005-04-13 5.9 5.95 5.78 5.78
2005-04-15 5.85 5.89 5.61 5.61
2005-04-25 5.41 5.58 5.03 5.03
2005-04-26 5.48 5.55 5.41 5.41
2005-04-27 5.51 5.63 5.48 5.48
2005-05-17 5.4 5.47 5.38 5.38
2005-05-18 5.46 5.47 5.38 5.38
2005-05-23 5.4 5.51 5.38 5.38
2005-05-24 5.52 5.54 5.39 5.39
2005-06-14 5.95 6.09 5.38 5.38
2005-09-12 5.78 5.8 5.68 5.68
2005-09-14 5.95 5.98 5.85 5.85
2005-09-19 6.07 6.1 6.0 6.0
2005-11-03 5.5 5.58 5.42 5.42
2006-11-17 3.75 3.81 3.71 3.71
2006-11-22 3.78 4.04 3.61 3.61
2007-02-06 4.77 4.78 4.62 4.62
2007-03-20 5.67 5.7 5.49 5.49
2007-03-23 6.7 6.89 6.45 6.45
2007-06-05 8.94 9.05 8.15 8.15
2007-06-11 10.65 10.65 10.65 10.65
2007-06-12 11.72 11.72 11.72 11.72
2007-11-20 10.8 11.15 10.7 10.7
2008-01-14 17.83 18.18 17.45 17.45
2008-01-21 18.14 19.15 17.8 17.8
2008-04-17 11.75 12.29 11.21 11.21
2008-04-23 10.6 10.77 9.5 9.5
2008-10-23 4.7 4.72 4.33 4.33
2008-10-28 4.24 4.25 3.86 3.86
2009-02-06 8.49 8.7 8.3 8.3
2009-07-27 13.94 14.16 13.7 13.7
2009-08-27 11.59 11.7 10.85 10.85
2009-11-06 14.32 14.85 14.25 14.25
2009-12-08 18.01 18.08 17.2 17.2
2010-04-20 15.95 16.0 15.15 15.15
2010-07-09 9.87 9.95 9.5 9.5
2010-08-13 11.92 11.98 11.26 11.26
2011-01-05 13.21 13.21 11.9 11.9
2011-03-10 17.12 17.58 16.56 16.56
2011-03-11 17.9 18.22 16.81 16.81
2011-03-14 18.07 18.93 17.85 17.85
2011-07-01 22.86 23.5 21.85 21.85
2011-11-25 13.25 13.57 13.18 13.18
2012-03-26 16.89 17.16 16.66 16.66
2012-04-05 16.98 16.98 15.46 15.46
2012-05-10 17.28 17.6 16.9 16.9
2012-07-11 11.49 11.58 11.21 11.21
2012-07-17 11.52 11.65 11.19 11.19
2012-09-28 12.46 12.47 11.91 11.91
2012-10-09 12.53 12.65 12.32 12.32
2012-10-24 12.04 12.19 11.91 11.91
2012-12-26 10.59 10.66 10.35 10.35
2012-12-31 10.64 10.84 10.48 10.48
2013-01-28 11.82 11.94 11.49 11.49
2013-01-29 11.89 12.0 11.76 11.76
2013-02-04 12.7 12.74 12.05 12.05
2013-07-30 9.49 9.58 9.27 9.27
2013-09-05 10.64 10.8 10.53 10.53
2013-09-06 10.59 10.7 10.52 10.52
2013-09-12 11.06 11.07 10.57 10.57
2015-03-11 17.41 17.41 17.41 17.41
2015-07-13 13.65 13.65 13.65 13.65
2015-07-14 15.02 15.02 15.02 15.02
2015-08-05 14.82 15.33 13.8 13.8
2015-10-20 15.19 15.5 14.62 14.62
2016-03-17 10.92 11.3 10.36 10.36
2016-09-22 11.38 11.45 11.23 11.23
2016-09-30 11.1 11.14 11.05 11.05
2017-03-24 11.32 11.35 11.13 11.13
2017-04-25 7.91 7.91 7.91 7.91
2017-04-27 7.51 7.51 7.51 7.51
2017-04-28 7.13 7.13 7.13 7.13
2017-05-03 6.91 6.95 6.82 6.82
2017-06-30 7.35 7.38 7.13 7.13
2017-07-10 7.01 7.13 6.9 6.9
2017-08-28 7.31 7.41 7.3 7.3
