2015-03-23 14.44 14.44 12.04 12.04
2015-03-24 15.88 15.88 15.88 15.88
2015-03-25 17.47 17.47 17.47 17.47
2015-03-26 19.22 19.22 19.22 19.22
2015-03-27 21.14 21.14 21.14 21.14
2015-03-31 22.65 23.63 22.17 22.17
2015-06-12 39.22 39.85 37.95 37.95
2015-07-08 23.18 24.45 23.1 23.1
2015-07-23 26.61 26.7 25.51 25.51
2015-08-03 24.17 24.19 23.18 23.18
2015-09-16 16.87 17.04 15.5 15.5
2015-10-15 19.23 19.25 18.6 18.6
2015-10-19 20.32 21.1 19.65 19.65
2016-01-19 18.93 18.99 18.16 18.16
2016-01-28 16.53 17.68 16.08 16.08
2016-04-13 19.49 19.9 19.0 19.0
2016-04-22 18.56 18.59 18.32 18.32
2016-05-31 17.71 17.82 16.58 16.58
2016-06-27 16.7 16.72 16.25 16.25
2016-09-29 15.77 15.93 15.72 15.72
2016-09-30 15.83 15.86 15.72 15.72
2016-10-13 15.93 15.99 15.88 15.88
2016-10-18 16.16 16.17 15.9 15.9
2017-05-12 14.37 14.59 14.33 14.33
2017-06-15 13.73 13.8 13.62 13.62
2017-07-24 16.16 16.31 15.9 15.9
