2004-08-03 6.03 6.08 6.0 6.0
2004-08-24 5.54 5.65 5.35 5.35
2004-09-14 5.29 5.32 5.12 5.12
2004-11-05 4.95 5.0 4.91 4.91
2004-12-22 5.29 5.3 5.06 5.06
2005-01-07 4.93 5.04 4.88 4.88
2005-02-02 4.58 4.6 4.32 4.32
2005-03-04 5.41 5.41 5.41 5.41
2005-04-07 5.17 5.34 5.0 5.0
2005-05-18 4.74 4.76 4.6 4.6
2005-05-26 4.79 4.86 4.75 4.75
2005-05-30 4.71 4.73 4.56 4.56
2005-06-08 5.09 5.15 4.71 4.71
2005-07-12 5.08 5.1 4.85 4.85
2005-07-19 4.82 4.88 4.73 4.73
2005-08-05 5.26 5.26 5.11 5.11
2005-08-15 5.63 5.65 5.3 5.3
2005-08-26 5.81 6.01 5.7 5.7
2005-08-29 6.12 6.25 5.8 5.8
2005-09-13 6.18 6.2 5.83 5.83
2005-09-16 6.49 6.55 6.22 6.22
2005-09-23 6.95 7.15 6.81 6.81
2005-11-07 6.39 6.41 6.23 6.23
2005-11-08 6.53 6.61 6.39 6.39
2005-11-30 6.31 6.36 6.21 6.21
2005-12-12 6.29 6.35 6.25 6.25
2006-10-24 6.4 6.4 6.21 6.21
2006-12-15 6.2 6.4 6.14 6.14
2006-12-18 6.47 6.48 6.22 6.22
2007-01-08 6.75 6.82 6.58 6.58
2007-01-15 7.73 7.73 7.03 7.03
2007-01-16 8.5 8.5 7.82 7.82
2007-01-22 10.06 10.1 9.37 9.37
2007-02-09 12.28 12.76 12.2 12.2
2007-02-26 14.48 14.86 14.28 14.28
2007-03-07 13.21 13.32 13.06 13.06
2007-03-09 14.12 14.4 13.23 13.23
2007-03-15 13.52 13.67 12.95 12.95
2007-03-26 16.04 16.59 15.6 15.6
2007-04-17 16.17 16.24 15.49 15.49
2007-04-20 15.91 16.1 15.32 15.32
2007-04-23 17.5 17.5 16.09 16.09
2007-05-10 17.75 17.85 16.7 16.7
2007-05-17 18.03 18.03 16.4 16.4
2007-05-21 18.04 18.32 16.4 16.4
2007-05-23 20.15 20.45 18.8 18.8
2007-05-25 19.73 20.6 19.45 19.45
2007-05-28 20.14 20.39 19.77 19.77
2007-07-11 19.72 20.03 19.1 19.1
2007-07-12 20.26 20.3 19.2 19.2
2007-08-02 24.22 24.22 22.04 22.04
2007-08-30 35.85 35.85 35.85 35.85
2007-09-13 39.94 40.1 36.69 36.69
2007-09-24 43.7 45.0 42.5 42.5
2007-10-09 45.18 45.18 41.31 41.31
2007-11-14 39.26 39.29 37.58 37.58
2007-11-21 38.09 38.8 37.51 37.51
2007-11-27 36.23 37.4 36.0 36.0
2007-12-05 33.28 33.5 31.01 31.01
2008-01-30 38.7 39.28 37.39 37.39
2008-02-14 41.09 41.2 38.7 38.7
2008-04-07 14.14 14.14 13.48 13.48
2008-04-11 15.18 15.55 14.75 14.75
2008-04-30 14.2 14.5 13.38 13.38
2008-07-07 9.71 9.75 9.08 9.08
2008-08-29 6.99 7.13 6.88 6.88
2008-11-10 4.11 4.11 3.77 3.77
2009-01-14 5.73 5.8 5.2 5.2
2009-02-06 6.87 6.97 6.51 6.51
2009-07-09 14.11 14.29 13.01 13.01
2009-10-20 12.61 12.96 12.5 12.5
2009-11-30 13.0 13.08 12.5 12.5
2009-12-08 13.49 13.58 13.21 13.21
2009-12-10 13.18 13.34 13.0 13.0
2010-01-12 11.82 11.83 11.5 11.5
2010-03-01 11.32 11.4 11.2 11.2
2010-03-18 11.76 12.17 11.63 11.63
2010-04-15 12.4 12.5 12.03 12.03
2010-04-23 12.93 13.25 12.6 12.6
2010-07-06 11.71 11.75 11.2 11.2
2010-07-28 13.07 13.14 12.6 12.6
2010-08-04 13.74 13.76 13.04 13.04
2010-10-26 19.82 20.43 18.7 18.7
2010-11-10 20.39 21.1 20.1 20.1
2010-11-24 17.76 17.78 16.93 16.93
2010-12-15 17.22 17.58 16.9 16.9
2011-01-21 13.99 14.19 13.6 13.6
2011-03-01 16.38 16.73 16.15 16.15
2011-03-07 16.45 16.49 15.93 15.93
2011-03-28 17.37 17.47 17.0 17.0
2011-04-01 15.92 16.07 15.65 15.65
2011-04-18 17.14 17.18 16.23 16.23
2011-05-05 15.62 15.93 15.3 15.3
2011-06-07 15.05 15.24 14.8 14.8
2011-07-14 17.09 17.29 16.28 16.28
2011-11-29 11.26 11.27 11.02 11.02
2011-12-07 10.31 10.43 10.22 10.22
2012-01-17 8.13 8.14 7.37 7.37
2012-02-02 8.43 8.44 8.18 8.18
2012-02-03 8.82 8.85 8.37 8.37
2012-02-08 8.87 8.92 8.43 8.43
2012-02-17 9.34 9.57 9.22 9.22
2012-05-10 10.59 10.65 10.11 10.11
2012-05-17 9.94 10.0 9.7 9.7
2012-05-21 9.75 9.85 9.64 9.64
2012-07-11 7.77 7.81 7.52 7.52
2012-07-25 8.16 8.18 8.03 8.03
2012-08-03 7.49 7.5 7.27 7.27
2012-08-07 7.81 7.84 7.63 7.63
2012-09-07 7.85 7.93 7.56 7.56
2012-09-18 8.13 8.24 7.93 7.93
2012-10-09 7.99 8.02 7.71 7.71
2012-10-16 7.98 8.0 7.8 7.8
2012-11-01 7.69 7.75 7.52 7.52
2012-11-12 7.47 7.49 7.41 7.41
2012-11-23 7.08 7.16 7.08 7.08
2013-01-18 8.1 8.19 8.05 8.05
2013-01-25 7.64 7.67 7.52 7.52
2013-02-20 8.1 8.11 7.88 7.88
2013-04-19 8.33 8.36 8.1 8.1
2013-05-03 8.41 8.65 8.04 8.04
2013-05-06 8.63 8.73 8.39 8.39
2013-05-24 9.05 9.08 8.81 8.81
2013-05-31 9.45 9.85 9.36 9.36
2013-07-04 7.99 8.21 7.68 7.68
2013-07-09 7.54 7.66 7.5 7.5
2013-07-15 8.12 8.16 7.89 7.89
2013-08-20 8.46 8.47 8.2 8.2
2013-09-05 9.4 9.58 9.34 9.34
2013-09-11 11.34 11.34 11.34 11.34
2013-09-30 10.88 10.97 10.57 10.57
2013-11-04 9.39 9.47 9.31 9.31
2013-11-07 10.06 10.34 9.81 9.81
2013-11-25 10.23 10.43 10.13 10.13
2013-12-27 10.15 10.23 10.07 10.07
2014-02-24 10.96 11.2 10.36 10.36
2014-04-02 11.17 11.42 11.02 11.02
2014-05-13 9.88 9.97 9.8 9.8
2014-07-07 11.06 11.25 10.59 10.59
2014-07-28 11.39 11.43 11.19 11.19
2014-08-27 12.95 13.15 12.75 12.75
2014-09-23 14.58 14.64 14.03 14.03
2014-10-28 14.95 14.98 14.44 14.44
2014-10-29 15.33 15.46 14.95 14.95
2014-11-10 15.45 15.46 14.76 14.76
2015-01-09 13.04 13.26 13.0 13.0
2015-01-13 12.87 12.9 12.61 12.61
2015-01-20 13.45 13.57 12.87 12.87
2015-01-21 13.88 13.94 13.51 13.51
2015-01-26 14.18 14.25 13.83 13.83
2015-02-03 14.0 14.15 13.86 13.86
2015-02-04 14.33 14.46 14.02 14.02
2015-02-11 14.01 14.14 13.75 13.75
2015-02-16 14.63 14.76 14.31 14.31
2015-03-05 15.83 15.86 15.3 15.3
2015-03-16 15.63 15.66 15.2 15.2
2015-03-26 20.69 20.94 19.48 19.48
2015-04-22 23.95 23.95 22.3 22.3
2015-04-27 24.21 25.27 23.67 23.67
2015-05-20 32.11 34.19 31.19 31.19
2015-10-22 38.14 40.78 38.14 38.14
2015-10-23 41.95 41.95 40.2 40.2
2015-12-29 48.12 49.28 47.38 47.38
2016-01-05 40.4 43.23 38.62 38.62
2016-01-14 32.44 33.2 28.88 28.88
2016-04-08 36.41 37.59 35.62 35.62
2016-04-13 37.21 37.65 36.65 36.65
2016-04-15 38.48 38.5 37.18 37.18
2016-04-21 34.82 35.2 34.08 34.08
2016-05-31 31.54 31.6 30.64 30.64
2016-06-08 33.55 34.56 31.28 31.28
2016-06-14 34.16 34.31 32.9 32.9
2016-06-27 32.44 32.5 31.5 31.5
2016-09-08 32.76 32.9 31.5 31.5
2016-09-13 33.26 33.3 32.21 32.21
2016-10-13 33.94 34.19 33.55 33.55
2016-11-03 32.89 33.08 32.7 32.7
2016-11-11 32.35 32.49 32.1 32.1
2016-12-01 32.0 32.34 31.58 31.58
2016-12-06 32.12 32.4 31.93 31.93
2017-01-05 31.33 31.59 31.05 31.05
2017-01-06 32.08 32.52 31.38 31.38
2017-04-13 36.23 36.89 35.0 35.0
2017-06-27 25.79 25.94 25.61 25.61
2017-07-10 25.51 25.66 24.8 24.8
