2005-05-26 4.79 4.86 4.75 4.75
2005-05-30 4.71 4.73 4.56 4.56
2005-07-19 4.82 4.88 4.73 4.73
2005-08-15 5.63 5.65 5.3 5.3
2005-08-29 6.12 6.25 5.8 5.8
2005-09-16 6.49 6.55 6.22 6.22
2005-09-23 6.95 7.15 6.81 6.81
2005-11-08 6.53 6.61 6.39 6.39
2006-12-18 6.47 6.48 6.22 6.22
2007-01-15 7.73 7.73 7.03 7.03
2007-01-16 8.5 8.5 7.82 7.82
2007-01-22 10.06 10.1 9.37 9.37
2007-02-26 14.48 14.86 14.28 14.28
2007-03-09 14.12 14.4 13.23 13.23
2007-03-15 13.52 13.67 12.95 12.95
2007-04-20 15.91 16.1 15.32 15.32
2007-04-23 17.5 17.5 16.09 16.09
2007-05-17 18.03 18.03 16.4 16.4
2007-05-21 18.04 18.32 16.4 16.4
2007-05-23 20.15 20.45 18.8 18.8
2007-05-25 19.73 20.6 19.45 19.45
2007-05-28 20.14 20.39 19.77 19.77
2007-07-12 20.26 20.3 19.2 19.2
2007-10-09 45.18 45.18 41.31 41.31
2007-11-21 38.09 38.8 37.51 37.51
2007-11-27 36.23 37.4 36.0 36.0
2007-12-05 33.28 33.5 31.01 31.01
2008-02-14 41.09 41.2 38.7 38.7
2008-04-11 15.18 15.55 14.75 14.75
2009-12-08 13.49 13.58 13.21 13.21
2009-12-10 13.18 13.34 13.0 13.0
2010-04-23 12.93 13.25 12.6 12.6
2010-08-04 13.74 13.76 13.04 13.04
2011-03-07 16.45 16.49 15.93 15.93
2011-04-01 15.92 16.07 15.65 15.65
2011-12-07 10.31 10.43 10.22 10.22
2012-02-03 8.82 8.85 8.37 8.37
2012-02-08 8.87 8.92 8.43 8.43
2012-05-17 9.94 10.0 9.7 9.7
2012-05-21 9.75 9.85 9.64 9.64
2012-08-07 7.81 7.84 7.63 7.63
2012-10-16 7.98 8.0 7.8 7.8
2013-01-25 7.64 7.67 7.52 7.52
2013-05-06 8.63 8.73 8.39 8.39
2013-05-31 9.45 9.85 9.36 9.36
2013-07-09 7.54 7.66 7.5 7.5
2013-07-15 8.12 8.16 7.89 7.89
2013-09-11 11.34 11.34 11.34 11.34
2013-11-07 10.06 10.34 9.81 9.81
2014-10-29 15.33 15.46 14.95 14.95
2015-01-13 12.87 12.9 12.61 12.61
2015-01-20 13.45 13.57 12.87 12.87
2015-01-21 13.88 13.94 13.51 13.51
2015-01-26 14.18 14.25 13.83 13.83
2015-02-03 14.0 14.15 13.86 13.86
2015-02-04 14.33 14.46 14.02 14.02
2015-02-11 14.01 14.14 13.75 13.75
2015-02-16 14.63 14.76 14.31 14.31
2015-04-27 24.21 25.27 23.67 23.67
2015-10-23 41.95 41.95 40.2 40.2
2016-01-05 40.4 43.23 38.62 38.62
2016-04-13 37.21 37.65 36.65 36.65
2016-04-15 38.48 38.5 37.18 37.18
2016-04-21 34.82 35.2 34.08 34.08
2016-06-08 33.55 34.56 31.28 31.28
2016-06-14 34.16 34.31 32.9 32.9
2016-09-13 33.26 33.3 32.21 32.21
2016-11-11 32.35 32.49 32.1 32.1
2016-12-06 32.12 32.4 31.93 31.93
2017-01-06 32.08 32.52 31.38 31.38
