1999-05-11 5.43 5.44 5.28 5.28
1999-05-19 5.37 5.4 4.99 4.99
1999-05-27 6.2 6.2 5.71 5.71
1999-06-21 7.54 7.7 7.3 7.3
1999-10-12 7.2 7.26 7.1 7.1
1999-10-26 7.11 7.15 7.05 7.05
1999-10-29 7.2 7.31 7.1 7.1
1999-11-01 7.3 7.39 7.2 7.2
1999-11-02 7.39 7.5 7.3 7.3
1999-11-26 7.01 7.15 6.96 6.96
1999-12-01 7.02 7.06 6.95 6.95
2000-01-06 6.64 6.68 6.35 6.35
2000-01-14 6.31 6.47 6.3 6.3
2000-01-18 6.51 6.59 6.38 6.38
2000-03-13 8.01 8.18 7.85 7.85
2000-03-17 8.2 8.45 7.85 7.85
2000-03-21 8.95 9.38 8.7 8.7
2000-07-31 11.33 11.48 11.0 11.0
2001-01-09 13.7 13.96 13.5 13.5
2001-02-09 12.0 12.3 11.83 11.83
2001-03-08 13.8 13.8 12.8 12.8
2001-05-11 12.88 12.97 12.73 12.73
2001-07-16 12.88 13.4 12.58 12.58
2001-09-13 10.34 10.5 10.3 10.3
2001-09-18 10.39 10.42 10.15 10.15
2002-03-14 9.26 9.28 8.7 8.7
2002-06-21 8.26 8.3 7.98 7.98
2002-07-11 8.81 8.96 8.71 8.71
2002-07-18 8.8 8.87 8.65 8.65
2002-11-01 8.45 8.46 8.32 8.32
2003-01-22 8.25 8.26 8.04 8.04
2003-01-28 8.21 8.33 8.17 8.17
2003-01-29 8.49 8.6 8.15 8.15
2003-02-14 8.74 8.82 8.35 8.35
2003-02-18 8.79 8.9 8.73 8.73
2003-02-25 8.84 8.88 8.67 8.67
2003-04-01 8.92 8.98 8.8 8.8
2003-04-02 8.95 8.96 8.43 8.43
2003-04-04 8.93 8.93 8.71 8.71
2003-04-22 9.81 9.96 9.66 9.66
2003-07-22 10.75 10.8 10.65 10.65
2003-07-24 11.1 11.22 10.9 10.9
2003-07-30 11.2 11.34 11.1 11.1
2003-09-08 11.82 11.87 11.72 11.72
2003-11-04 11.83 11.94 11.4 11.4
2003-11-20 7.12 7.25 6.8 6.8
2003-11-28 6.99 7.12 6.8 6.8
2003-12-01 7.01 7.15 6.95 6.95
2004-01-29 8.23 8.43 7.67 7.67
2004-03-19 7.44 7.47 7.3 7.3
2004-03-26 7.8 7.86 7.68 7.68
2004-03-31 7.65 7.75 7.6 7.6
2004-04-02 7.86 7.89 7.61 7.61
2004-04-07 7.99 8.09 7.96 7.96
2004-08-11 4.55 4.57 4.4 4.4
2004-08-12 4.53 4.54 4.36 4.36
2004-08-24 4.52 4.54 4.33 4.33
2004-08-26 4.48 4.5 4.4 4.4
2004-08-31 4.57 4.64 4.46 4.46
2004-09-02 4.55 4.56 4.47 4.47
2004-09-03 4.65 4.67 4.52 4.52
2004-09-06 4.66 4.69 4.62 4.62
2004-09-07 4.67 4.69 4.6 4.6
2004-09-14 4.47 4.5 4.33 4.33
2004-09-15 4.7 4.85 4.43 4.43
2004-10-08 5.1 5.11 4.9 4.9
2005-01-07 3.87 4.01 3.73 3.73
2005-01-17 3.7 3.73 3.51 3.51
2005-04-06 3.88 3.91 3.7 3.7
2005-04-11 4.32 4.32 3.99 3.99
2006-02-20 5.03 5.13 4.97 4.97
2006-07-20 7.0 7.05 6.85 6.85
2006-07-21 7.27 7.4 7.01 7.01
2006-07-25 7.48 7.7 7.4 7.4
2006-10-30 6.08 6.09 5.89 5.89
2006-11-29 6.34 6.37 6.0 6.0
2006-12-04 6.94 6.94 6.27 6.27
2007-06-06 16.88 17.6 16.5 16.5
2007-07-23 16.81 17.19 16.31 16.31
2007-07-25 17.66 17.78 16.63 16.63
2007-08-29 24.11 24.11 24.11 24.11
2007-09-06 30.75 30.75 28.2 28.2
2007-10-15 27.16 27.16 24.7 24.7
2007-11-23 23.57 23.58 22.61 22.61
2007-12-07 26.99 27.28 26.11 26.11
2007-12-14 27.95 28.0 27.05 27.05
2007-12-19 27.95 28.01 26.12 26.12
2007-12-25 29.49 30.25 28.28 28.28
2008-01-03 32.01 33.16 31.49 31.49
2008-02-21 32.64 34.32 31.53 31.53
2008-05-05 29.99 31.1 29.67 29.67
2008-06-25 22.92 23.05 22.04 22.04
2008-06-26 24.47 24.5 22.8 22.8
2009-01-21 17.37 17.76 16.5 16.5
2009-07-03 16.62 16.87 16.05 16.05
2009-07-22 18.66 18.76 17.57 17.57
2009-07-30 18.92 19.16 18.35 18.35
2009-07-31 19.88 19.89 18.8 18.8
2009-10-23 16.67 16.88 16.55 16.55
2009-10-26 16.93 17.2 16.68 16.68
2009-11-03 16.51 16.68 15.82 15.82
2010-01-13 22.81 23.05 21.68 21.68
2010-02-12 18.77 18.82 18.07 18.07
2010-02-23 19.14 19.44 18.66 18.66
2010-08-09 19.1 19.18 18.0 18.0
2010-10-08 22.69 22.75 21.9 21.9
2010-10-14 24.16 24.98 22.95 22.95
2010-10-19 22.56 22.78 21.77 21.77
2011-02-15 24.49 24.82 24.25 24.25
2012-04-06 15.83 16.0 15.53 15.53
2012-07-30 8.82 9.03 8.78 8.78
2012-08-01 8.81 8.92 8.59 8.59
2012-08-07 9.22 9.28 9.12 9.12
2013-06-14 7.8 7.86 7.68 7.68
2013-11-29 7.36 7.42 7.27 7.27
2013-12-03 7.32 7.34 7.09 7.09
2013-12-06 7.42 7.52 7.38 7.38
2013-12-09 7.61 7.65 7.4 7.4
2014-06-20 7.22 7.22 7.13 7.13
2014-06-27 7.57 7.64 7.4 7.4
2014-06-30 7.76 7.85 7.51 7.51
2014-07-11 8.51 8.56 8.25 8.25
2014-08-18 9.12 9.12 9.0 9.0
2014-10-08 10.28 10.29 9.96 9.96
2014-10-27 9.77 9.83 9.66 9.66
2015-05-27 31.09 31.67 29.5 29.5
2015-07-22 28.15 28.15 25.3 25.3
2015-11-04 24.21 24.28 23.28 23.28
2015-12-30 26.09 26.56 25.95 25.95
2016-03-14 20.1 20.31 19.66 19.66
2017-02-16 10.72 10.76 10.51 10.51
2017-02-20 10.99 11.12 10.63 10.63
2017-02-22 11.03 11.16 10.85 10.85
2017-04-25 11.0 11.17 10.89 10.89
2017-05-03 11.68 11.71 11.42 11.42
