1999-04-30 5.83 5.97 5.61 5.61
1999-05-11 5.43 5.44 5.28 5.28
1999-05-19 5.37 5.4 4.99 4.99
1999-05-27 6.2 6.2 5.71 5.71
1999-06-16 6.89 6.9 6.5 6.5
1999-06-21 7.54 7.7 7.3 7.3
1999-07-23 7.02 7.06 6.88 6.88
1999-08-04 7.6 7.66 7.4 7.4
1999-09-06 7.17 7.2 7.02 7.02
1999-09-21 7.49 7.58 7.45 7.45
1999-10-11 7.08 7.25 7.02 7.02
1999-10-12 7.2 7.26 7.1 7.1
1999-10-22 7.07 7.15 6.9 6.9
1999-10-26 7.11 7.15 7.05 7.05
1999-10-29 7.2 7.31 7.1 7.1
1999-11-01 7.3 7.39 7.2 7.2
1999-11-02 7.39 7.5 7.3 7.3
1999-11-23 7.19 7.24 7.1 7.1
1999-11-26 7.01 7.15 6.96 6.96
1999-12-01 7.02 7.06 6.95 6.95
2000-01-04 6.39 6.4 6.2 6.2
2000-01-06 6.64 6.68 6.35 6.35
2000-01-14 6.31 6.47 6.3 6.3
2000-01-18 6.51 6.59 6.38 6.38
2000-03-08 7.86 8.0 7.75 7.75
2000-03-13 8.01 8.18 7.85 7.85
2000-03-17 8.2 8.45 7.85 7.85
2000-03-21 8.95 9.38 8.7 8.7
2000-04-06 8.87 8.9 8.65 8.65
2000-04-24 9.28 9.3 9.0 9.0
2000-05-18 8.19 8.19 7.98 7.98
2000-06-26 9.39 9.45 9.26 9.26
2000-07-05 9.06 9.22 9.0 9.0
2000-07-17 9.8 10.1 9.7 9.7
2000-07-27 10.9 10.96 10.58 10.58
2000-07-31 11.33 11.48 11.0 11.0
2000-09-06 11.55 11.95 11.3 11.3
2000-09-29 10.94 11.05 10.89 10.89
2000-10-17 11.37 11.41 11.18 11.18
2000-10-30 12.0 12.15 11.88 11.88
2000-12-04 12.4 12.4 12.15 12.15
2001-01-03 13.59 13.59 12.62 12.62
2001-01-09 13.7 13.96 13.5 13.5
2001-01-19 13.07 13.1 12.76 12.76
2001-02-09 12.0 12.3 11.83 11.83
2001-03-02 12.55 12.6 12.43 12.43
2001-03-08 13.8 13.8 12.8 12.8
2001-03-28 13.52 13.68 13.28 13.28
2001-04-27 12.72 12.73 12.5 12.5
2001-05-11 12.88 12.97 12.73 12.73
2001-05-30 12.91 12.95 12.78 12.78
2001-07-10 12.39 12.48 12.3 12.3
2001-07-16 12.88 13.4 12.58 12.58
2001-08-09 12.64 12.64 12.4 12.4
2001-09-05 10.76 11.05 10.65 10.65
2001-09-13 10.34 10.5 10.3 10.3
2001-09-18 10.39 10.42 10.15 10.15
2001-10-09 10.06 10.07 9.9 9.9
2001-10-29 9.29 9.3 9.0 9.0
2001-11-14 9.1 9.11 8.99 8.99
2001-12-21 9.09 9.2 9.0 9.0
2002-01-07 8.94 9.0 8.9 8.9
2002-01-31 7.94 7.98 7.3 7.3
2002-03-07 9.08 9.08 8.7 8.7
2002-03-14 9.26 9.28 8.7 8.7
2002-04-26 9.22 9.28 8.96 8.96
2002-05-21 8.94 9.08 8.8 8.8
2002-06-07 8.06 8.19 7.61 7.61
2002-06-18 7.97 8.0 7.71 7.71
2002-06-21 8.26 8.3 7.98 7.98
2002-07-10 8.81 9.1 8.65 8.65
2002-07-11 8.81 8.96 8.71 8.71
2002-07-18 8.8 8.87 8.65 8.65
2002-08-20 9.29 9.3 9.14 9.14
2002-08-30 9.2 9.36 9.06 9.06
2002-09-10 8.98 9.0 8.71 8.71
2002-10-16 8.18 8.3 8.05 8.05
2002-10-31 8.42 8.53 8.41 8.41
2002-11-01 8.45 8.46 8.32 8.32
2002-11-19 8.6 8.61 8.15 8.15
2002-12-20 7.8 7.85 7.73 7.73
2003-01-14 8.01 8.01 7.23 7.23
2003-01-22 8.25 8.26 8.04 8.04
2003-01-28 8.21 8.33 8.17 8.17
2003-01-29 8.49 8.6 8.15 8.15
2003-02-14 8.74 8.82 8.35 8.35
2003-02-18 8.79 8.9 8.73 8.73
2003-02-25 8.84 8.88 8.67 8.67
2003-03-11 8.59 8.68 8.31 8.31
2003-03-24 8.85 8.86 8.8 8.8
2003-04-01 8.92 8.98 8.8 8.8
2003-04-02 8.95 8.96 8.43 8.43
2003-04-04 8.93 8.93 8.71 8.71
2003-04-17 9.86 9.88 9.55 9.55
2003-04-22 9.81 9.96 9.66 9.66
2003-05-21 11.35 11.45 11.12 11.12
2003-06-11 11.94 12.02 11.3 11.3
2003-06-30 11.83 11.95 11.46 11.46
2003-07-18 10.79 10.87 10.65 10.65
2003-07-22 10.75 10.8 10.65 10.65
2003-07-24 11.1 11.22 10.9 10.9
2003-07-30 11.2 11.34 11.1 11.1
2003-08-21 11.23 11.24 11.01 11.01
2003-09-05 11.82 11.86 11.58 11.58
2003-09-08 11.82 11.87 11.72 11.72
2003-09-24 11.27 11.37 11.1 11.1
2003-10-28 11.21 11.28 11.0 11.0
2003-11-04 11.83 11.94 11.4 11.4
2003-11-14 6.9 6.97 6.75 6.75
2003-11-20 7.12 7.25 6.8 6.8
2003-11-28 6.99 7.12 6.8 6.8
2003-12-01 7.01 7.15 6.95 6.95
2004-01-09 7.46 7.49 7.14 7.14
2004-01-29 8.23 8.43 7.67 7.67
2004-02-10 7.87 7.97 7.8 7.8
2004-03-16 7.57 7.66 7.48 7.48
2004-03-19 7.44 7.47 7.3 7.3
2004-03-26 7.8 7.86 7.68 7.68
2004-03-31 7.65 7.75 7.6 7.6
2004-04-02 7.86 7.89 7.61 7.61
2004-04-07 7.99 8.09 7.96 7.96
2004-08-03 4.35 4.35 4.3 4.3
2004-08-11 4.55 4.57 4.4 4.4
2004-08-12 4.53 4.54 4.36 4.36
2004-08-23 4.39 4.4 4.32 4.32
2004-08-24 4.52 4.54 4.33 4.33
2004-08-26 4.48 4.5 4.4 4.4
2004-08-31 4.57 4.64 4.46 4.46
2004-09-02 4.55 4.56 4.47 4.47
2004-09-03 4.65 4.67 4.52 4.52
2004-09-06 4.66 4.69 4.62 4.62
2004-09-07 4.67 4.69 4.6 4.6
2004-09-14 4.47 4.5 4.33 4.33
2004-09-15 4.7 4.85 4.43 4.43
2004-09-29 5.09 5.16 5.05 5.05
2004-10-08 5.1 5.11 4.9 4.9
2004-12-17 4.12 4.24 4.06 4.06
2004-12-31 3.66 3.74 3.56 3.56
2005-01-07 3.87 4.01 3.73 3.73
2005-01-17 3.7 3.73 3.51 3.51
2005-03-31 3.91 3.95 3.83 3.83
2005-04-06 3.88 3.91 3.7 3.7
2005-04-11 4.32 4.32 3.99 3.99
2005-07-06 4.5 4.52 4.35 4.35
2005-08-19 5.11 5.12 4.91 4.91
2005-09-29 5.09 5.14 4.98 4.98
2005-10-18 4.91 4.95 4.7 4.7
2005-10-31 4.45 4.49 4.36 4.36
2005-11-18 4.51 4.54 4.38 4.38
2005-11-30 4.42 4.43 4.37 4.37
2005-12-29 4.65 4.69 4.45 4.45
2006-02-10 5.27 5.28 5.19 5.19
2006-02-20 5.03 5.13 4.97 4.97
2006-03-15 5.2 5.22 5.02 5.02
2006-03-28 5.66 5.7 5.47 5.47
2006-05-15 7.26 7.33 6.68 6.68
2006-07-12 7.37 7.59 7.3 7.3
2006-07-20 7.0 7.05 6.85 6.85
2006-07-21 7.27 7.4 7.01 7.01
2006-07-25 7.48 7.7 7.4 7.4
2006-10-24 6.12 6.15 5.81 5.81
2006-10-30 6.08 6.09 5.89 5.89
2006-11-22 6.0 6.09 5.88 5.88
2006-11-29 6.34 6.37 6.0 6.0
2006-12-04 6.94 6.94 6.27 6.27
2007-01-10 9.09 9.09 8.33 8.33
2007-01-29 9.71 9.72 9.33 9.33
2007-02-08 9.65 9.69 9.1 9.1
2007-03-02 10.01 10.2 9.8 9.8
2007-04-16 14.73 14.98 14.12 14.12
2007-05-30 19.02 20.45 19.02 19.02
2007-06-06 16.88 17.6 16.5 16.5
2007-07-18 15.95 16.3 15.55 15.55
2007-07-23 16.81 17.19 16.31 16.31
2007-07-25 17.66 17.78 16.63 16.63
2007-08-28 21.92 21.92 21.92 21.92
2007-08-29 24.11 24.11 24.11 24.11
2007-09-06 30.75 30.75 28.2 28.2
2007-09-28 27.41 27.68 26.42 26.42
2007-10-15 27.16 27.16 24.7 24.7
2007-11-21 23.99 24.58 23.75 23.75
2007-11-23 23.57 23.58 22.61 22.61
2007-12-04 23.08 23.2 22.53 22.53
2007-12-07 26.99 27.28 26.11 26.11
2007-12-14 27.95 28.0 27.05 27.05
2007-12-19 27.95 28.01 26.12 26.12
2007-12-25 29.49 30.25 28.28 28.28
2008-01-03 32.01 33.16 31.49 31.49
2008-01-14 32.13 32.5 31.6 31.6
2008-02-19 31.6 31.98 31.05 31.05
2008-02-21 32.64 34.32 31.53 31.53
2008-03-19 27.39 28.15 26.0 26.0
2008-04-24 26.47 26.47 26.47 26.47
2008-05-05 29.99 31.1 29.67 29.67
2008-06-05 27.96 28.5 27.2 27.2
2008-06-24 21.97 22.43 21.55 21.55
2008-06-25 22.92 23.05 22.04 22.04
2008-06-26 24.47 24.5 22.8 22.8
2008-07-07 23.28 23.56 22.01 22.01
2008-07-24 23.08 23.2 22.77 22.77
2008-09-17 12.84 13.08 12.48 12.48
2008-10-13 13.59 13.62 12.2 12.2
2008-10-22 12.81 13.34 12.16 12.16
2008-11-05 12.69 12.96 12.3 12.3
2008-11-19 15.21 15.3 14.07 14.07
2008-12-10 16.07 16.15 15.25 15.25
2008-12-19 15.21 15.34 14.66 14.66
2009-01-09 14.8 14.92 14.19 14.19
2009-01-20 16.96 17.12 16.0 16.0
2009-01-21 17.37 17.76 16.5 16.5
2009-03-04 15.94 16.0 14.9 14.9
2009-03-17 15.9 16.1 15.06 15.06
2009-06-26 15.28 15.38 15.1 15.1
2009-07-03 16.62 16.87 16.05 16.05
2009-07-21 17.56 18.3 17.12 17.12
2009-07-22 18.66 18.76 17.57 17.57
2009-07-30 18.92 19.16 18.35 18.35
2009-07-31 19.88 19.89 18.8 18.8
2009-08-13 18.45 18.68 18.07 18.07
2009-09-03 15.29 15.4 14.62 14.62
2009-09-17 16.57 16.63 16.01 16.01
2009-10-19 17.06 17.28 16.34 16.34
2009-10-23 16.67 16.88 16.55 16.55
2009-10-26 16.93 17.2 16.68 16.68
2009-11-03 16.51 16.68 15.82 15.82
2009-11-16 18.8 19.15 18.35 18.35
2009-11-30 17.4 17.5 16.86 16.86
2010-01-11 22.44 22.6 20.8 20.8
2010-01-13 22.81 23.05 21.68 21.68
2010-02-09 17.13 17.48 16.77 16.77
2010-02-12 18.77 18.82 18.07 18.07
2010-02-23 19.14 19.44 18.66 18.66
2010-04-08 22.41 22.41 22.41 22.41
2010-07-14 16.02 16.16 15.51 15.51
2010-08-02 18.2 18.4 17.59 17.59
2010-08-09 19.1 19.18 18.0 18.0
2010-08-30 20.66 20.82 19.85 19.85
2010-09-27 21.81 22.24 20.61 20.61
2010-10-08 22.69 22.75 21.9 21.9
2010-10-14 24.16 24.98 22.95 22.95
2010-10-19 22.56 22.78 21.77 21.77
2010-10-29 24.98 25.41 24.0 24.0
2010-12-08 23.62 24.15 23.21 23.21
2011-02-14 24.28 24.6 23.0 23.0
2011-02-15 24.49 24.82 24.25 24.25
2011-03-16 30.98 31.39 29.59 29.59
2011-06-21 27.98 28.14 27.29 27.29
2011-07-04 30.61 30.77 29.94 29.94
2011-07-13 32.29 32.39 31.64 31.64
2011-11-24 17.28 17.38 16.99 16.99
2012-03-02 16.92 16.95 16.33 16.33
2012-03-27 16.43 16.78 16.3 16.3
2012-04-06 15.83 16.0 15.53 15.53
2012-05-17 16.0 16.02 15.52 15.52
2012-07-11 8.95 9.16 8.65 8.65
2012-07-25 8.78 8.95 8.72 8.72
2012-07-30 8.82 9.03 8.78 8.78
2012-08-01 8.81 8.92 8.59 8.59
2012-08-07 9.22 9.28 9.12 9.12
2012-09-07 7.54 7.79 7.16 7.16
2012-11-01 8.11 8.17 7.7 7.7
2013-01-10 9.91 10.05 9.81 9.81
2013-01-25 9.05 9.22 8.97 8.97
2013-02-27 9.17 9.19 9.02 9.02
2013-05-06 8.19 8.2 8.0 8.0
2013-06-05 8.24 8.26 8.17 8.17
2013-06-14 7.8 7.86 7.68 7.68
2013-11-27 7.3 7.3 7.11 7.11
2013-11-29 7.36 7.42 7.27 7.27
2013-12-03 7.32 7.34 7.09 7.09
2013-12-06 7.42 7.52 7.38 7.38
2013-12-09 7.61 7.65 7.4 7.4
2013-12-18 7.62 7.66 7.53 7.53
2014-02-18 7.6 7.64 7.49 7.49
2014-03-07 7.4 7.48 7.35 7.35
2014-04-02 7.7 7.82 7.65 7.65
2014-05-08 7.54 7.58 7.44 7.44
2014-05-26 7.31 7.35 7.29 7.29
2014-06-12 7.29 7.35 7.26 7.26
2014-06-20 7.22 7.22 7.13 7.13
2014-06-27 7.57 7.64 7.4 7.4
2014-06-30 7.76 7.85 7.51 7.51
2014-07-09 8.21 8.73 7.93 7.93
2014-07-11 8.51 8.56 8.25 8.25
2014-08-11 9.18 9.2 8.98 8.98
2014-08-18 9.12 9.12 9.0 9.0
2014-09-04 9.95 10.07 9.13 9.13
2014-09-30 9.9 9.96 9.75 9.75
2014-10-08 10.28 10.29 9.96 9.96
2014-10-20 9.82 9.9 9.64 9.64
2014-10-27 9.77 9.83 9.66 9.66
2014-11-10 11.97 12.05 11.35 11.35
2014-11-26 13.28 13.6 12.92 12.92
2014-12-10 14.73 14.73 13.42 13.42
2015-01-14 15.33 15.35 14.55 14.55
2015-02-06 16.01 16.29 15.4 15.4
2015-03-13 18.6 18.78 17.65 17.65
2015-05-22 26.96 27.8 25.86 25.86
2015-05-27 31.09 31.67 29.5 29.5
2015-07-08 17.33 19.64 16.15 16.15
2015-07-17 25.33 25.47 23.2 23.2
2015-07-22 28.15 28.15 25.3 25.3
2015-08-25 20.99 21.97 20.99 20.99
2015-10-29 23.55 24.0 23.02 23.02
2015-11-04 24.21 24.28 23.28 23.28
2015-12-17 25.88 26.19 24.3 24.3
2015-12-29 25.94 25.98 25.5 25.5
2015-12-30 26.09 26.56 25.95 25.95
2016-02-15 19.8 19.88 18.91 18.91
2016-03-07 19.84 20.2 19.21 19.21
2016-03-14 20.1 20.31 19.66 19.66
2016-04-11 22.08 22.28 21.71 21.71
2016-07-08 10.86 10.86 10.04 10.04
2016-07-20 11.3 11.52 11.28 11.28
2016-09-05 11.11 11.19 10.97 10.97
2016-10-19 11.21 11.44 11.11 11.11
2016-11-10 11.47 11.59 10.82 10.82
2017-01-23 10.03 10.05 9.93 9.93
2017-02-10 10.46 10.63 10.28 10.28
2017-02-16 10.72 10.76 10.51 10.51
2017-02-20 10.99 11.12 10.63 10.63
2017-02-22 11.03 11.16 10.85 10.85
2017-03-16 10.23 10.3 10.19 10.19
2017-04-05 10.97 11.05 10.73 10.73
2017-04-18 11.39 11.61 11.2 11.2
2017-04-25 11.0 11.17 10.89 10.89
2017-05-03 11.68 11.71 11.42 11.42
2017-07-05 10.97 10.99 10.65 10.65
2017-08-07 10.59 10.64 10.48 10.48
2017-08-17 10.36 10.45 10.19 10.19
