2002-10-18 10.27 10.3 10.05 10.05
2002-10-22 10.48 10.52 10.3 10.3
2003-02-25 9.76 9.78 9.52 9.52
2003-03-14 9.4 9.52 9.38 9.38
2003-03-21 9.05 9.05 8.88 8.88
2003-03-31 9.16 9.19 9.08 9.08
2003-04-08 9.07 9.16 9.05 9.05
2003-06-20 8.3 8.36 8.2 8.2
2003-06-23 8.22 8.32 8.21 8.21
2003-07-23 8.3 8.3 8.16 8.16
2003-07-28 8.24 8.25 8.08 8.08
2003-08-13 7.84 7.9 7.8 7.8
2003-08-18 7.77 7.84 7.72 7.72
2003-08-19 7.83 7.86 7.72 7.72
2003-08-20 8.05 8.05 7.83 7.83
2003-09-11 7.4 7.44 7.36 7.36
2003-09-19 7.07 7.07 6.98 6.98
2003-11-26 6.8 6.93 6.66 6.66
2004-01-07 6.54 6.57 6.36 6.36
2004-01-08 6.72 6.86 6.55 6.55
2004-01-13 6.73 6.8 6.51 6.51
2004-02-12 7.52 7.6 7.49 7.49
2004-03-25 7.46 7.47 7.38 7.38
2004-05-31 6.9 6.92 6.77 6.77
2004-06-24 6.36 6.45 6.35 6.35
2004-07-19 6.05 6.12 6.0 6.0
2004-08-03 5.56 5.57 5.52 5.52
2004-08-04 5.78 5.8 5.57 5.57
2004-08-06 5.67 5.69 5.6 5.6
2004-08-24 5.24 5.28 5.09 5.09
2004-08-31 5.28 5.4 5.2 5.2
2004-09-03 5.33 5.33 5.25 5.25
2004-09-17 5.88 5.9 5.61 5.61
2004-12-30 5.5 5.55 5.4 5.4
2005-01-04 5.37 5.48 5.36 5.36
2005-01-11 5.38 5.5 5.33 5.33
2005-01-17 5.25 5.33 5.21 5.21
2005-01-20 5.21 5.26 5.17 5.17
2005-01-24 5.4 5.49 5.34 5.34
2005-02-16 4.96 5.05 4.93 4.93
2005-02-18 4.96 4.97 4.93 4.93
2005-02-21 5.01 5.03 4.96 4.96
2005-02-22 5.11 5.13 5.01 5.01
2005-02-24 5.22 5.25 5.12 5.12
2005-03-28 5.75 5.78 5.45 5.45
2005-04-18 6.1 6.24 5.88 5.88
2005-04-19 6.29 6.36 6.12 6.12
2005-04-25 5.08 5.08 5.08 5.08
2005-04-26 4.59 4.9 4.57 4.57
2005-09-01 4.24 4.24 3.9 3.9
2005-09-05 4.18 4.25 4.12 4.12
2006-01-20 3.6 3.65 3.53 3.53
2006-04-11 3.2 3.21 3.08 3.08
2006-10-10 4.87 4.87 4.87 4.87
2006-10-11 5.11 5.11 5.11 5.11
2006-11-14 4.97 5.1 4.82 4.82
2006-11-15 5.22 5.22 4.96 4.96
2007-01-30 4.36 4.36 4.36 4.36
2007-04-04 6.74 6.74 6.74 6.74
2007-05-30 9.44 9.69 9.44 9.44
2007-05-31 8.97 8.97 8.97 8.97
2007-06-01 8.52 8.52 8.52 8.52
2007-06-04 8.09 8.09 8.09 8.09
2007-06-05 7.69 7.69 7.69 7.69
2007-06-06 7.5 8.07 7.31 7.31
2007-08-27 11.4 11.4 11.4 11.4
2007-08-28 11.97 11.97 11.97 11.97
2007-09-18 13.18 13.18 13.18 13.18
2007-09-26 13.3 13.47 13.2 13.2
2007-12-24 13.43 13.55 13.0 13.0
2007-12-27 14.21 14.58 14.1 14.1
2008-01-02 14.97 14.97 14.32 14.32
2008-01-07 15.9 16.26 15.85 15.85
2008-01-09 16.05 16.05 15.2 15.2
2008-01-14 17.76 17.76 16.92 16.92
2008-04-11 17.02 17.2 16.52 16.52
2008-07-07 15.31 15.48 14.6 14.6
2008-07-09 15.5 15.65 15.01 15.01
2008-11-05 5.88 5.9 5.61 5.61
2008-11-10 6.36 6.44 5.91 5.91
2008-11-20 8.57 9.0 8.12 8.12
2009-03-04 12.59 12.68 11.8 11.8
2009-09-23 9.29 9.75 9.02 9.02
2009-10-09 8.54 8.57 8.15 8.15
2009-11-04 9.56 9.78 9.4 9.4
2009-12-28 10.38 10.47 10.25 10.25
2010-02-12 8.57 8.57 8.47 8.47
2010-02-22 8.65 8.72 8.51 8.51
2010-11-02 12.31 12.31 11.23 11.23
2010-12-13 12.05 12.1 11.49 11.49
2011-07-04 13.53 13.65 13.15 13.15
2011-07-05 14.05 14.11 13.57 13.57
2011-12-30 8.76 8.93 8.7 8.7
2012-01-19 10.43 10.46 9.95 9.95
2012-08-27 9.54 9.88 9.37 9.37
2012-09-04 9.63 9.86 9.52 9.52
2012-10-25 9.53 9.79 9.51 9.51
2012-10-31 9.49 9.54 9.27 9.27
2013-04-22 8.72 8.75 8.55 8.55
2013-04-24 8.6 8.67 8.45 8.45
2014-02-10 7.48 7.55 7.18 7.18
2014-02-14 7.45 7.48 7.35 7.35
2014-03-21 7.8 7.84 7.46 7.46
2014-08-07 10.35 10.6 10.21 10.21
2014-08-15 10.86 11.07 10.73 10.73
2015-01-13 10.35 10.68 9.86 9.86
2015-01-20 10.82 10.88 10.17 10.17
2015-06-04 15.77 15.77 15.77 15.77
2016-03-07 9.75 10.07 9.61 9.61
2016-09-13 11.47 11.47 10.49 10.49
2017-04-05 9.03 9.07 8.87 8.87
2017-07-26 28.52 29.85 27.0 27.0
