2005-05-31 7.61 7.64 7.54 7.54
2006-10-09 6.47 6.53 6.42 6.42
2006-10-19 6.75 6.8 6.61 6.61
2006-11-27 6.29 6.3 6.21 6.21
2006-12-25 6.48 6.54 6.46 6.46
2007-01-08 6.69 6.69 6.47 6.47
2007-01-15 6.86 6.87 6.63 6.63
2007-01-22 7.59 7.64 7.39 7.39
2007-01-29 7.61 7.65 7.41 7.41
2007-02-05 7.39 7.43 7.26 7.26
2007-03-07 9.68 9.75 9.42 9.42
2007-03-08 9.89 9.94 9.67 9.67
2007-03-26 11.19 11.25 10.88 10.88
2007-04-02 11.15 11.17 10.93 10.93
2007-04-16 13.66 13.87 13.13 13.13
2007-04-20 13.47 13.51 12.83 12.83
2007-04-23 14.17 14.35 13.61 13.61
2007-05-28 18.08 18.5 18.0 18.0
2007-05-30 18.21 20.4 17.6 17.6
2007-06-05 14.67 14.74 13.28 13.28
2007-06-08 16.89 17.29 16.45 16.45
2007-06-14 18.76 19.5 18.1 18.1
2007-06-18 21.93 21.93 21.4 21.4
2007-07-26 11.54 11.64 10.76 10.76
2007-07-30 11.83 12.12 11.56 11.56
2007-08-06 11.34 11.38 10.55 10.55
2007-08-14 10.46 10.53 9.93 9.93
2007-09-03 11.4 11.49 11.11 11.11
2007-11-23 9.44 9.45 9.1 9.1
2007-12-25 11.63 11.83 11.4 11.4
2008-01-23 10.84 10.86 10.16 10.16
2008-02-04 11.24 11.25 10.3 10.3
2008-03-05 12.36 12.39 12.01 12.01
2008-03-26 12.2 12.2 12.2 12.2
2008-04-10 13.37 13.4 12.1 12.1
2008-04-15 13.5 13.55 12.35 12.35
2008-04-30 12.97 13.06 12.51 12.51
2008-05-14 14.93 15.06 14.0 14.0
2008-06-12 4.89 4.97 4.75 4.75
2008-07-17 5.06 5.08 4.73 4.73
2008-07-28 5.16 5.24 5.07 5.07
2008-09-09 3.36 3.4 3.3 3.3
2008-09-12 3.35 3.4 3.34 3.34
2008-11-13 3.15 3.26 3.0 3.0
2008-12-05 3.42 3.43 3.26 3.26
2008-12-10 3.54 3.55 3.35 3.35
2009-01-16 3.59 3.68 3.55 3.55
2009-02-02 3.65 3.67 3.56 3.56
2009-02-06 3.91 4.0 3.7 3.7
2009-02-23 4.54 4.58 4.35 4.35
2009-03-02 3.84 3.86 3.7 3.7
2009-03-04 4.16 4.19 3.88 3.88
2009-03-16 4.38 4.38 4.11 4.11
2009-04-22 5.62 6.07 5.56 5.56
2009-07-02 11.81 11.81 10.75 10.75
2009-07-09 11.38 11.61 11.0 11.0
2009-07-14 13.3 13.3 12.1 12.1
2009-08-20 14.64 14.75 13.05 13.05
2009-09-11 13.81 14.29 13.53 13.53
2009-10-09 12.57 12.78 12.11 12.11
2009-10-14 13.09 13.43 12.95 12.95
2009-10-20 14.53 15.2 14.25 14.25
2009-10-21 14.85 15.18 14.32 14.32
2009-11-19 16.12 16.33 14.85 14.85
2009-12-02 16.02 16.4 15.8 15.8
2009-12-11 15.92 15.97 15.6 15.6
2009-12-21 15.14 15.27 14.73 14.73
2009-12-31 15.2 15.4 14.9 14.9
2010-01-11 15.46 15.54 14.62 14.62
2010-01-12 17.01 17.01 15.2 15.2
2010-02-09 17.6 18.17 17.41 17.41
2010-02-12 18.29 18.55 17.08 17.08
2010-03-05 19.14 19.45 18.68 18.68
2010-03-26 19.12 19.33 18.8 18.8
2010-05-28 16.0 16.39 15.81 15.81
2010-06-04 15.2 15.38 14.91 14.91
2010-06-08 15.4 15.45 14.93 14.93
2010-06-11 16.64 17.32 16.57 16.57
2010-07-06 14.38 14.43 14.0 14.0
2010-07-07 15.04 15.05 14.16 14.16
2010-07-12 16.23 16.45 16.1 16.1
2010-07-16 15.5 15.73 15.1 15.1
2010-07-22 16.93 17.2 16.15 16.15
2010-07-27 17.74 17.99 17.52 17.52
2010-08-19 19.76 20.07 19.04 19.04
2010-09-13 18.48 18.55 17.7 17.7
2010-09-17 17.68 17.82 17.18 17.18
2010-09-30 18.16 18.3 18.03 18.03
2010-10-08 18.57 18.62 18.22 18.22
2010-10-11 19.47 20.0 18.7 18.7
2010-10-21 22.79 22.79 21.3 21.3
2010-11-24 21.09 21.5 20.78 20.78
2010-12-02 21.36 21.75 21.3 21.3
2010-12-08 20.87 21.27 20.71 20.71
2010-12-22 22.8 23.1 21.51 21.51
2011-01-04 21.79 22.4 21.06 21.06
2011-01-19 19.08 19.22 18.96 18.96
2011-01-21 17.77 18.1 17.6 17.6
2011-01-26 18.18 18.3 17.79 17.79
2011-01-27 18.48 18.55 17.88 17.88
2011-03-07 20.9 21.51 19.55 19.55
2011-03-14 21.97 22.33 20.54 20.54
2011-04-29 19.38 19.53 19.11 19.11
2011-05-09 19.23 19.5 19.02 19.02
2011-06-09 17.99 18.49 17.82 17.82
2011-07-19 9.87 9.88 9.71 9.71
2011-08-04 9.89 9.94 9.52 9.52
2011-08-10 9.76 9.89 9.44 9.44
2011-08-15 9.91 9.95 9.73 9.73
2011-08-17 9.9 9.96 9.71 9.71
2011-10-14 9.75 9.89 9.64 9.64
2011-11-11 9.89 10.01 9.76 9.76
2011-12-29 8.45 8.55 8.3 8.3
2012-01-17 8.36 8.4 8.01 8.01
2012-02-02 8.48 8.53 8.42 8.42
2012-02-29 9.18 9.35 9.18 9.18
2012-03-19 9.29 9.34 9.0 9.0
2012-04-13 8.98 9.04 8.8 8.8
2012-05-22 8.98 9.01 8.87 8.87
2012-05-28 8.85 8.95 8.7 8.7
2012-05-31 8.83 8.92 8.8 8.8
2012-07-19 6.65 6.85 6.58 6.58
2012-07-26 6.78 6.89 6.66 6.66
2012-08-17 6.73 6.78 6.7 6.7
2012-08-31 6.22 6.3 6.12 6.12
2012-09-05 6.15 6.2 6.1 6.1
2012-09-06 6.22 6.23 6.15 6.15
2012-09-18 6.27 6.28 6.11 6.11
2012-09-21 6.07 6.17 6.06 6.06
2012-10-09 6.17 6.19 6.05 6.05
2012-10-10 6.32 6.35 6.17 6.17
2012-12-14 7.0 7.11 6.8 6.8
2012-12-17 7.13 7.7 7.0 7.0
2012-12-26 7.09 7.1 6.93 6.93
2013-01-14 7.26 7.3 7.0 7.0
2013-01-18 7.18 7.24 7.08 7.08
2013-02-08 7.48 7.51 7.39 7.39
2013-03-05 7.87 7.89 7.74 7.74
2013-03-06 8.1 8.11 7.86 7.86
2013-03-08 8.01 8.14 7.98 7.98
2013-04-19 4.08 4.08 3.78 3.78
2013-05-17 3.64 3.64 3.59 3.59
2013-06-28 2.39 2.43 2.29 2.29
2013-09-10 4.01 4.11 3.72 3.72
2013-11-25 3.57 3.7 3.48 3.48
2014-01-02 3.25 3.27 3.22 3.22
2014-02-10 3.25 3.26 3.17 3.17
2014-02-12 3.46 3.49 3.27 3.27
2014-02-14 3.39 3.43 3.36 3.36
2014-04-25 3.56 3.68 3.45 3.45
2014-05-08 3.89 3.96 3.75 3.75
2014-05-12 3.75 3.82 3.71 3.71
2014-06-03 3.68 3.71 3.61 3.61
2014-06-06 3.91 3.93 3.78 3.78
2014-07-08 3.82 3.84 3.76 3.76
2014-07-16 3.78 3.8 3.74 3.74
2015-09-16 4.52 4.52 4.52 4.52
2015-09-17 4.97 4.97 4.97 4.97
2015-09-18 5.47 5.47 5.47 5.47
2015-10-15 5.98 5.98 5.42 5.42
2015-11-04 6.0 6.12 5.61 5.61
2015-12-21 6.82 6.98 6.7 6.7
2015-12-24 6.58 6.63 6.43 6.43
2015-12-25 6.6 6.71 6.5 6.5
2016-02-23 5.05 5.05 5.05 5.05
2016-03-30 4.95 4.96 4.83 4.83
2016-05-20 4.41 4.43 4.32 4.32
2016-05-23 4.43 4.48 4.42 4.42
2016-05-27 4.46 4.52 4.37 4.37
2016-06-06 4.52 4.59 4.51 4.51
2016-06-16 4.45 4.51 4.4 4.4
2016-07-06 4.69 4.8 4.61 4.61
2016-07-25 4.42 4.44 4.38 4.38
2016-08-09 4.26 4.27 4.19 4.19
2016-09-21 4.27 4.3 4.21 4.21
2016-11-10 4.71 4.74 4.58 4.58
2016-11-21 5.49 5.53 5.19 5.19
2016-12-21 5.97 6.12 5.74 5.74
2017-01-17 5.24 5.29 5.17 5.17
2017-01-20 5.32 5.41 5.23 5.23
2017-02-24 5.79 5.83 5.64 5.64
2017-03-22 5.75 5.75 5.65 5.65
2017-04-25 4.91 5.1 4.85 4.85
2017-04-26 4.93 4.99 4.89 4.89
2017-06-05 4.21 4.25 4.18 4.18
2017-06-14 4.25 4.3 4.22 4.22
2017-07-03 4.22 4.22 4.19 4.19
