1993-07-21 12.78 13.1 12.6 12.6
1993-07-27 12.16 12.39 11.8 11.8
1993-07-28 12.18 12.98 11.9 11.9
1993-07-29 12.36 12.7 12.1 12.1
1993-08-19 15.16 15.58 15.0 15.0
1993-08-25 13.88 14.08 13.8 13.8
1993-09-10 14.09 14.16 14.0 14.0
1993-09-15 13.75 13.8 13.68 13.68
1993-09-24 13.12 13.76 12.25 12.25
1993-10-05 9.3 9.44 9.03 9.03
1993-11-12 7.45 7.55 7.38 7.38
1993-11-18 8.14 8.3 8.0 8.0
1993-12-14 8.07 8.37 8.01 8.01
1993-12-21 7.2 7.21 6.9 6.9
1994-01-06 6.4 6.65 6.15 6.15
1994-01-13 7.97 8.15 7.2 7.2
1994-02-04 8.17 8.18 7.72 7.72
1994-03-21 12.9 12.9 11.2 11.2
1994-03-22 14.35 14.41 13.0 13.0
1994-03-28 18.88 18.88 17.0 17.0
1994-03-30 20.4 21.0 19.08 19.08
1994-03-31 21.88 21.88 20.5 20.5
1994-04-04 23.46 23.6 22.55 22.55
1994-04-08 11.3 11.87 10.4 10.4
1994-04-19 8.92 9.49 8.6 8.6
1994-04-21 9.17 9.35 8.0 8.0
1994-04-26 10.14 10.18 8.1 8.1
1994-05-09 10.08 10.38 9.8 9.8
1994-05-17 10.18 10.26 10.0 10.0
1994-06-02 9.08 9.23 9.0 9.0
1994-06-28 7.66 7.76 7.6 7.6
1994-07-05 7.14 7.15 6.86 6.86
1994-08-02 9.46 11.33 8.88 8.88
1994-08-03 10.94 10.94 9.65 9.65
1994-08-25 11.59 11.9 11.4 11.4
1994-09-19 12.9 13.98 12.56 12.56
1994-11-07 8.4 8.55 8.0 8.0
1995-02-08 6.98 7.09 6.83 6.83
1995-02-09 7.2 7.27 6.96 6.96
1995-02-10 6.98 7.25 6.9 6.9
1995-02-14 7.05 7.2 7.0 7.0
1995-02-22 7.6 7.7 6.91 6.91
1995-03-16 7.3 7.3 7.1 7.1
1995-03-21 7.61 7.74 7.35 7.35
1995-03-27 7.82 7.88 7.7 7.7
1995-04-03 8.02 8.15 7.62 7.62
1995-04-18 7.03 7.07 7.0 7.0
1995-04-19 7.2 7.22 7.06 7.06
1995-04-20 7.29 7.36 7.2 7.2
1995-04-24 7.1 7.2 7.0 7.0
1995-05-15 6.75 6.8 6.39 6.39
1995-05-17 6.71 6.75 6.65 6.65
1995-06-06 7.72 7.8 7.48 7.48
1995-06-13 8.03 8.17 7.7 7.7
1995-06-16 7.33 7.38 7.11 7.11
1995-06-21 7.32 7.35 7.19 7.19
1995-06-28 7.24 7.49 7.2 7.2
1995-07-26 7.3 7.46 7.22 7.22
1995-08-01 7.55 7.56 7.05 7.05
1995-08-04 7.36 7.49 7.3 7.3
1995-08-31 7.1 7.15 7.04 7.04
1995-09-15 7.04 7.09 7.01 7.01
1995-09-25 7.0 7.12 6.8 6.8
1995-10-06 6.93 6.99 6.9 6.9
1995-10-18 6.95 6.96 6.81 6.81
1995-11-01 6.95 7.01 6.86 6.86
1995-11-14 6.77 6.85 6.7 6.7
1995-11-16 6.72 6.8 6.7 6.7
1995-11-17 6.72 6.78 6.7 6.7
1995-11-20 6.74 6.91 6.7 6.7
1995-11-21 6.77 6.8 6.74 6.74
1995-12-14 6.1 6.18 6.0 6.0
1995-12-15 6.0 6.08 6.0 6.0
1996-01-09 5.35 5.38 5.21 5.21
1996-01-15 5.34 5.4 5.2 5.2
1996-01-23 4.95 5.0 4.88 4.88
1996-01-26 5.04 5.09 4.9 4.9
1996-02-07 5.06 5.1 4.99 4.99
1996-02-08 5.05 5.1 5.02 5.02
1996-02-12 5.05 5.09 5.0 5.0
1996-02-13 5.08 5.1 5.03 5.03
1996-02-16 5.27 5.3 5.16 5.16
1996-03-04 5.7 5.8 5.38 5.38
1996-03-07 5.29 5.31 5.2 5.2
1996-03-20 5.3 5.34 5.28 5.28
1996-04-03 5.13 5.2 5.1 5.1
1996-04-12 5.35 5.36 5.31 5.31
1996-04-16 5.36 5.36 5.3 5.3
1996-04-24 6.49 6.58 6.08 6.08
1996-05-28 5.68 5.7 5.66 5.66
1996-05-31 5.65 5.71 5.55 5.55
1996-06-12 5.75 5.9 5.75 5.75
1996-06-14 6.0 6.1 5.8 5.8
1996-07-05 6.69 7.15 5.7 5.7
1996-07-10 6.5 6.85 5.92 5.92
1996-08-01 6.71 6.85 6.58 6.58
1996-08-06 6.63 6.74 6.6 6.6
1996-08-08 6.8 6.81 6.67 6.67
1996-08-21 6.5 6.5 6.32 6.32
1996-09-05 6.28 6.5 6.24 6.24
1996-10-07 6.7 6.8 6.48 6.48
1996-10-10 6.8 6.9 6.6 6.6
1996-11-11 7.99 8.1 7.4 7.4
1996-11-14 8.31 8.5 8.1 8.1
1996-11-27 8.18 8.3 8.1 8.1
1996-11-29 8.85 8.88 8.45 8.45
1996-12-11 11.05 11.39 10.8 10.8
1996-12-16 8.47 8.47 8.47 8.47
1996-12-17 7.62 8.0 7.62 7.62
1997-02-19 8.25 8.25 7.7 7.7
1997-02-20 8.08 8.5 7.43 7.43
1997-03-06 8.7 8.88 8.02 8.02
1997-04-10 7.88 8.2 7.65 7.65
1997-05-15 7.8 7.92 7.4 7.4
1997-05-16 7.15 7.56 7.02 7.02
1997-05-19 7.3 7.4 7.15 7.15
1997-05-22 6.35 6.6 6.35 6.35
1997-05-28 6.51 6.78 6.45 6.45
1997-06-06 6.17 6.35 6.05 6.05
1997-06-13 6.2 6.3 5.51 5.51
1997-06-16 6.61 6.82 6.2 6.2
1997-07-10 5.1 5.24 5.1 5.1
1997-07-14 5.55 5.55 5.05 5.05
1997-07-23 5.73 5.85 5.7 5.7
1997-07-25 5.98 6.08 5.75 5.75
1997-08-18 5.86 6.08 5.6 5.6
1997-09-03 6.85 6.88 6.48 6.48
1997-09-24 6.77 6.82 6.2 6.2
1997-10-07 8.19 8.28 7.6 7.6
1997-11-03 9.16 9.4 9.08 9.08
1997-12-16 11.25 11.25 10.55 10.55
1997-12-18 12.61 12.61 11.48 11.48
1998-01-19 13.72 14.49 13.55 13.55
1998-03-03 12.5 12.85 12.5 12.5
1998-03-04 13.3 13.4 12.58 12.58
1998-06-01 10.11 10.25 9.9 9.9
1998-06-11 8.96 9.18 8.66 8.66
1998-08-18 7.05 7.12 6.25 6.25
1998-09-02 7.58 7.95 7.51 7.51
1998-09-07 7.87 7.9 7.71 7.71
1998-09-25 8.2 8.2 7.95 7.95
1998-09-28 8.3 8.54 8.26 8.26
1998-11-02 7.84 7.85 7.6 7.6
1998-11-24 7.98 8.0 7.68 7.68
1998-12-07 7.5 7.75 7.35 7.35
1998-12-22 7.06 7.1 6.85 6.85
1999-01-08 6.94 6.95 6.78 6.78
1999-01-25 6.95 6.99 6.8 6.8
1999-02-04 6.8 6.9 6.8 6.8
1999-02-09 6.56 6.78 6.37 6.37
1999-03-11 7.0 7.06 6.82 6.82
1999-03-12 7.28 7.29 7.05 7.05
1999-03-15 7.35 7.5 7.3 7.3
1999-04-16 7.98 8.31 7.46 7.46
1999-04-30 7.6 7.7 7.5 7.5
1999-05-11 7.19 7.3 7.01 7.01
1999-05-19 6.88 7.0 6.5 6.5
1999-06-01 7.51 7.53 7.18 7.18
1999-06-11 9.02 9.02 8.32 8.32
1999-06-17 9.35 9.72 9.2 9.2
1999-07-20 8.93 9.0 8.2 8.2
1999-07-23 9.22 9.22 8.54 8.54
1999-08-11 9.9 10.18 9.75 9.75
1999-09-17 10.78 11.08 10.68 10.68
1999-10-22 8.95 9.06 8.7 8.7
1999-10-26 8.7 8.8 8.56 8.56
1999-10-27 9.2 9.28 8.81 8.81
1999-11-30 8.93 8.95 8.7 8.7
2000-01-28 8.3 8.48 8.05 8.05
2000-02-15 9.49 9.99 9.3 9.3
2000-02-17 10.29 10.56 10.0 10.0
2000-03-22 8.98 9.1 8.75 8.75
2000-03-27 9.5 9.57 9.0 9.0
2000-03-30 10.19 10.2 9.81 9.81
2000-04-06 10.24 10.35 9.9 9.9
2000-05-19 9.58 9.58 9.4 9.4
2000-05-25 12.31 12.31 12.31 12.31
2000-06-06 14.15 14.4 13.75 13.75
2000-06-23 12.82 13.0 12.18 12.18
2000-06-28 12.95 13.2 12.52 12.52
2000-07-17 12.78 13.15 12.42 12.42
2000-07-21 12.7 12.8 12.52 12.52
2000-07-26 13.56 13.6 12.61 12.61
2000-08-01 13.5 13.62 13.0 13.0
2000-08-10 13.4 13.68 13.1 13.1
2000-08-28 13.67 13.73 13.2 13.2
2000-09-07 11.94 12.18 11.8 11.8
2000-09-12 12.25 12.38 11.98 11.98
2000-09-20 11.18 11.49 10.9 10.9
2000-09-29 11.29 11.45 11.08 11.08
2000-10-13 11.7 11.85 11.58 11.58
2000-11-06 12.15 12.25 12.0 12.0
2000-11-27 12.66 12.82 12.5 12.5
2000-12-04 13.3 13.4 12.85 12.85
2000-12-05 13.29 13.43 13.2 13.2
2000-12-18 13.56 13.65 13.11 13.11
2000-12-29 14.19 14.19 13.8 13.8
2001-01-04 14.6 14.7 14.0 14.0
2001-01-12 15.13 15.45 14.88 14.88
2001-01-19 14.41 14.58 13.8 13.8
2001-02-08 14.0 14.2 13.9 13.9
2001-02-09 14.3 14.4 14.0 14.0
2001-02-26 13.5 13.7 13.38 13.38
2001-03-01 13.84 13.85 13.58 13.58
2001-03-12 14.43 14.5 14.01 14.01
2001-03-20 14.15 14.2 14.0 14.0
2001-03-26 14.08 14.17 13.92 13.92
2001-03-27 14.33 14.35 14.1 14.1
2001-03-30 14.2 14.44 13.7 13.7
2001-04-02 14.3 14.42 14.21 14.21
2001-04-13 14.25 14.3 14.08 14.08
2001-04-27 14.19 14.25 13.98 13.98
2001-05-22 15.68 16.1 15.2 15.2
2001-05-24 15.94 16.28 15.63 15.63
2001-07-10 15.78 15.8 15.32 15.32
2001-07-25 15.0 15.8 14.59 14.59
2001-08-01 13.76 13.85 13.15 13.15
2001-08-17 13.48 13.54 13.25 13.25
2001-08-30 12.85 12.99 12.7 12.7
2001-09-12 12.5 12.7 12.01 12.01
2001-09-25 12.19 12.29 12.03 12.03
2001-10-17 10.93 11.15 10.9 10.9
2001-11-19 10.78 10.85 10.5 10.5
2001-11-20 11.22 11.26 10.88 10.88
2001-11-26 11.51 11.52 11.33 11.33
2001-11-27 11.74 11.78 11.6 11.6
2001-11-30 11.97 12.0 11.78 11.78
2001-12-11 11.97 12.3 11.6 11.6
2001-12-18 11.48 11.55 11.3 11.3
2001-12-21 11.18 11.23 11.05 11.05
2001-12-25 10.85 10.9 10.66 10.66
2002-01-08 10.49 10.6 10.48 10.48
2002-01-29 8.25 8.31 7.59 7.59
2002-01-31 8.99 9.1 8.48 8.48
2002-02-07 9.09 9.25 8.75 8.75
2002-03-07 10.05 10.08 9.55 9.55
2002-04-03 10.17 10.29 10.05 10.05
2002-04-09 11.08 11.15 10.67 10.67
2002-04-29 11.52 11.7 11.2 11.2
2002-05-14 11.01 11.15 11.0 11.0
2002-05-23 10.8 11.3 10.6 10.6
2002-06-17 9.84 9.87 9.7 9.7
2002-06-18 10.19 10.2 9.85 9.85
2002-06-19 10.19 10.25 9.9 9.9
2002-07-09 11.37 11.48 11.3 11.3
2002-07-19 12.39 12.5 12.0 12.0
2002-08-02 11.48 11.56 11.35 11.35
2002-08-14 11.4 11.42 11.2 11.2
2002-08-27 11.68 11.77 11.58 11.58
2002-09-10 11.45 11.5 11.31 11.31
2002-09-17 11.42 11.48 11.31 11.31
2002-09-23 11.31 11.4 11.26 11.26
2002-10-21 10.23 10.28 10.0 10.0
2002-11-18 9.14 9.2 9.05 9.05
2002-11-25 8.63 8.71 8.45 8.45
2002-11-28 8.6 8.6 8.16 8.16
2002-12-12 8.56 8.9 8.42 8.42
2002-12-23 8.9 9.02 8.8 8.8
2002-12-24 8.93 8.95 8.82 8.82
2002-12-25 8.82 8.98 8.82 8.82
2003-01-03 8.25 8.3 8.18 8.18
2003-02-11 9.46 9.58 9.25 9.25
2003-02-12 9.46 9.5 9.35 9.35
2003-02-27 9.51 9.58 9.28 9.28
2003-03-20 8.94 9.08 8.87 8.87
2003-04-18 9.73 10.12 9.6 9.6
2003-04-21 10.02 10.2 9.76 9.76
2003-06-10 9.72 9.9 9.58 9.58
2003-06-13 9.8 9.88 9.61 9.61
2003-06-17 9.64 9.7 9.58 9.58
2003-07-08 9.08 9.08 8.9 8.9
2003-08-01 8.22 8.3 8.16 8.16
2003-08-28 7.64 7.79 7.52 7.52
2003-09-24 7.8 7.84 7.6 7.6
2003-10-09 7.59 7.62 7.55 7.55
2003-10-15 7.67 7.76 7.65 7.65
2003-10-22 7.19 7.2 7.06 7.06
2003-11-04 6.42 6.5 6.3 6.3
2003-11-20 6.48 6.55 6.16 6.16
2003-11-24 7.02 7.02 6.38 6.38
2003-12-02 7.37 7.66 7.2 7.2
2003-12-09 6.82 6.85 6.75 6.75
2003-12-31 6.5 6.52 6.3 6.3
2004-01-14 6.8 6.98 6.58 6.58
2004-01-29 6.88 6.93 6.7 6.7
2004-02-09 7.95 8.16 7.72 7.72
2004-03-10 7.3 7.33 7.12 7.12
2004-03-30 7.38 7.4 7.22 7.22
2004-04-06 7.72 7.74 7.53 7.53
2004-05-12 6.78 6.8 6.58 6.58
2004-06-08 6.23 6.31 6.18 6.18
2004-06-10 5.92 6.06 5.8 5.8
2004-06-24 6.16 6.19 6.0 6.0
2004-06-30 5.61 5.72 5.6 5.6
2004-07-06 5.74 5.78 5.7 5.7
2004-07-13 5.45 5.51 5.42 5.42
2004-07-15 5.35 5.36 5.2 5.2
2004-07-16 5.48 5.49 5.35 5.35
2004-08-17 5.18 5.18 5.1 5.1
2004-08-30 5.09 5.1 5.03 5.03
2004-09-14 5.22 5.28 5.0 5.0
2004-09-17 5.69 5.78 5.56 5.56
2004-09-23 5.79 5.8 5.6 5.6
2004-11-12 4.85 4.93 4.77 4.77
2004-11-18 4.96 4.99 4.86 4.86
2004-11-19 5.1 5.13 4.94 4.94
2004-11-30 5.05 5.05 4.99 4.99
2005-01-05 4.52 4.65 4.49 4.49
2005-02-02 4.3 4.32 4.0 4.0
2005-02-04 4.23 4.25 4.13 4.13
2005-02-16 4.28 4.3 4.24 4.24
2005-02-22 4.43 4.43 4.28 4.28
2005-03-01 4.4 4.4 4.33 4.33
2005-03-03 4.37 4.37 4.3 4.3
2005-03-07 4.36 4.36 4.32 4.32
2005-03-29 3.92 4.0 3.86 3.86
2005-04-01 3.85 3.9 3.7 3.7
2005-04-07 4.21 4.21 3.85 3.85
2005-04-19 3.87 3.89 3.8 3.8
2005-04-26 4.18 4.24 3.89 3.89
2005-04-28 4.29 4.34 3.98 3.98
2005-05-24 4.29 4.33 4.1 4.1
2005-05-30 3.97 3.99 3.88 3.88
2005-06-03 3.99 4.0 3.9 3.9
2005-06-08 4.25 4.28 3.94 3.94
2005-06-24 4.09 4.12 4.02 4.02
2005-07-07 3.8 3.82 3.76 3.76
2005-07-14 3.36 3.37 3.27 3.27
2005-08-05 3.59 3.6 3.46 3.46
2005-08-15 3.86 3.95 3.66 3.66
2005-08-26 3.83 3.87 3.8 3.8
2005-08-30 3.71 3.75 3.7 3.7
2005-09-16 4.23 4.3 4.2 4.2
2005-09-21 4.41 4.6 4.38 4.38
2005-10-19 4.17 4.28 4.14 4.14
2005-10-21 4.35 4.58 4.25 4.25
2005-10-27 4.33 4.35 4.15 4.15
2005-11-09 4.23 4.28 4.2 4.2
2005-11-14 4.09 4.09 4.0 4.0
2005-11-21 4.28 4.33 4.18 4.18
2005-12-12 4.04 4.09 3.95 3.95
2006-01-12 4.12 4.15 4.01 4.01
2006-01-18 4.16 4.18 4.08 4.08
2006-10-17 4.92 5.05 4.81 4.81
2006-12-27 4.72 4.88 4.58 4.58
2007-01-15 4.85 4.86 4.64 4.64
2007-01-26 5.83 5.83 5.31 5.31
2007-02-16 6.02 6.35 5.9 5.9
2007-03-07 6.1 6.14 5.88 5.88
2007-03-09 7.0 7.0 6.39 6.39
2007-03-21 8.11 8.29 7.77 7.77
2007-03-27 8.4 8.4 8.12 8.12
2007-04-18 9.15 9.28 8.71 8.71
2007-04-20 8.85 8.93 8.35 8.35
2007-04-30 10.08 10.24 9.54 9.54
2007-06-05 11.63 11.63 11.63 11.63
2007-06-07 13.35 13.35 12.3 12.3
2007-07-11 10.35 10.58 10.0 10.0
2007-07-19 10.08 10.15 9.9 9.9
2007-07-20 10.62 10.79 10.08 10.08
2007-07-30 13.0 13.6 12.7 12.7
2007-08-24 13.59 13.99 12.93 12.93
2007-11-06 11.09 11.37 10.7 10.7
2007-11-19 11.43 11.47 11.04 11.04
2007-12-07 11.97 11.99 11.58 11.58
2007-12-24 13.46 13.75 13.43 13.43
2007-12-26 14.18 14.28 13.76 13.76
2008-01-02 15.26 15.54 14.23 14.23
2008-01-14 14.63 14.67 14.19 14.19
2008-01-29 12.15 12.45 11.72 11.72
2008-01-30 13.37 13.37 12.18 12.18
2008-02-18 13.9 14.28 13.82 13.82
2008-04-15 10.49 10.49 9.9 9.9
2008-04-29 10.54 10.71 10.4 10.4
2008-05-14 12.94 12.94 12.94 12.94
2008-07-07 7.12 7.2 6.66 6.66
2008-07-11 7.4 7.47 7.05 7.05
2008-11-05 4.06 4.12 3.95 3.95
2008-11-10 4.43 4.43 4.16 4.16
2008-11-14 4.9 4.95 4.6 4.6
2008-11-17 5.39 5.39 5.0 5.0
2009-01-05 5.29 5.3 5.13 5.13
2009-01-14 5.57 5.58 5.33 5.33
2009-01-16 5.75 5.88 5.65 5.65
2009-02-06 6.22 6.28 6.0 6.0
2009-03-10 6.83 6.84 6.42 6.42
2009-03-17 7.2 7.21 6.77 6.77
2009-04-20 8.0 8.04 7.81 7.81
2009-07-02 8.14 8.15 8.01 8.01
2009-08-05 8.56 8.67 8.41 8.41
2009-08-26 8.09 8.2 7.79 7.79
2009-09-07 9.06 9.06 8.28 8.28
2009-09-11 8.92 9.06 8.45 8.45
2009-10-09 8.61 8.66 8.28 8.28
2009-10-19 9.17 9.4 8.72 8.72
2009-10-26 9.18 9.27 9.04 9.04
2009-10-30 9.55 9.85 9.08 9.08
2009-11-30 11.19 11.2 10.78 10.78
2009-12-07 11.54 11.57 11.31 11.31
2009-12-15 12.34 12.34 11.51 11.51
2009-12-28 11.62 11.68 11.25 11.25
2010-01-14 11.97 11.99 11.45 11.45
2010-01-18 12.33 12.38 11.92 11.92
2010-02-01 11.3 11.33 10.81 10.81
2010-03-26 11.39 11.48 11.2 11.2
2010-04-12 12.38 12.4 12.13 12.13
2010-04-14 12.55 12.58 12.04 12.04
2010-05-05 13.91 13.97 13.37 13.37
2010-05-24 11.23 11.32 10.72 10.72
2010-07-12 9.7 9.86 9.59 9.59
2010-07-14 9.47 9.66 9.38 9.38
2010-08-02 10.68 10.73 10.43 10.43
2010-08-16 11.44 11.66 10.85 10.85
2010-08-30 11.18 11.24 10.98 10.98
2010-09-02 11.78 11.88 11.1 11.1
2010-11-04 12.12 12.14 11.75 11.75
2010-11-08 12.5 12.52 12.19 12.19
2010-12-29 11.13 11.17 11.0 11.0
2010-12-31 11.27 11.29 11.08 11.08
2011-01-12 10.72 10.75 10.6 10.6
2011-01-26 9.73 9.76 9.57 9.57
2011-03-14 12.19 12.22 11.5 11.5
2011-03-18 14.12 14.12 13.3 13.3
2011-04-13 13.74 13.78 13.48 13.48
2011-05-05 13.5 13.76 13.2 13.2
2011-05-25 9.65 10.17 9.22 9.22
2011-06-30 9.78 9.84 9.62 9.62
2011-09-07 9.63 9.65 9.42 9.42
2011-10-17 8.74 8.78 8.6 8.6
2011-10-31 8.42 8.43 8.24 8.24
2011-11-28 7.94 8.0 7.73 7.73
2012-01-19 6.96 7.01 6.83 6.83
2012-03-12 8.2 8.28 8.1 8.1
2012-04-05 7.35 7.41 7.21 7.21
2012-04-12 7.4 7.45 7.23 7.23
2012-04-25 7.79 7.8 7.57 7.57
2012-05-10 7.72 7.81 7.61 7.61
2012-05-22 8.12 8.13 7.86 7.86
2012-06-05 7.54 7.64 7.43 7.43
2012-06-15 7.64 7.69 7.52 7.52
2012-07-02 7.4 7.48 7.29 7.29
2012-08-09 7.26 7.3 7.07 7.07
2012-08-14 7.19 7.19 7.08 7.08
2012-08-21 7.16 7.2 7.07 7.07
2012-08-28 6.81 6.86 6.74 6.74
2012-09-05 6.8 6.81 6.67 6.67
2012-10-09 6.91 6.92 6.79 6.79
2012-10-22 6.99 7.2 6.8 6.8
2012-11-12 6.98 6.99 6.88 6.88
2012-12-05 5.94 5.98 5.7 5.7
2012-12-10 6.09 6.16 6.01 6.01
2012-12-24 6.25 6.34 6.15 6.15
2013-01-07 6.51 6.53 6.35 6.35
2013-01-10 6.57 6.59 6.47 6.47
2013-01-14 6.71 6.72 6.46 6.46
2013-02-08 6.92 6.96 6.83 6.83
2013-05-24 7.15 7.24 7.01 7.01
2013-07-10 6.12 6.14 5.9 5.9
2013-09-02 6.96 6.98 6.9 6.9
2013-09-03 7.07 7.07 6.92 6.92
2013-09-27 7.42 7.49 7.11 7.11
2013-10-15 7.54 7.68 7.45 7.45
2013-11-18 6.9 6.91 6.8 6.8
2013-12-11 7.23 7.27 7.12 7.12
2014-01-13 6.54 6.69 6.39 6.39
2014-01-21 6.68 6.68 6.61 6.61
2014-01-24 6.83 6.86 6.75 6.75
2014-01-29 6.8 6.83 6.76 6.76
2014-02-14 7.16 7.16 6.93 6.93
2014-02-19 7.2 7.25 7.06 7.06
2014-08-12 8.04 8.04 8.04 8.04
2014-08-13 8.84 8.84 8.84 8.84
2014-08-14 9.72 9.72 9.72 9.72
2014-08-15 10.69 10.69 10.69 10.69
2014-08-18 11.76 11.76 11.76 11.76
2014-08-19 12.94 12.94 12.94 12.94
2014-08-20 14.23 14.23 14.23 14.23
2014-08-21 15.65 15.65 15.65 15.65
2014-09-11 18.22 18.48 18.01 18.01
2014-09-26 16.93 17.01 16.5 16.5
2014-11-06 15.36 15.47 15.16 15.16
2014-11-14 14.9 15.18 14.75 14.75
2014-11-17 15.5 15.78 14.82 14.82
2014-12-18 15.46 15.46 14.4 14.4
2015-01-20 13.87 13.95 13.29 13.29
2015-02-12 16.49 16.67 16.14 16.14
2015-02-13 16.99 17.1 16.58 16.58
2015-02-27 19.76 19.88 18.83 18.83
2015-03-05 21.66 21.77 20.32 20.32
2015-03-20 22.55 22.55 22.55 22.55
2015-05-12 30.0 30.45 29.26 29.26
2015-05-18 33.33 33.33 30.11 30.11
2015-05-19 36.66 36.66 34.0 34.0
2015-06-01 49.23 49.23 44.6 44.6
2015-07-13 29.91 29.91 29.91 29.91
2015-07-14 32.9 32.9 32.9 32.9
2015-07-30 33.02 35.18 32.0 32.0
2015-12-04 28.63 28.63 28.63 28.63
2015-12-07 31.49 31.49 31.49 31.49
2015-12-08 34.64 34.64 34.64 34.64
2015-12-09 38.1 38.1 38.1 38.1
2015-12-16 46.28 47.0 44.18 44.18
2015-12-25 46.92 47.88 45.55 45.55
2016-01-05 40.99 43.3 39.1 39.1
2016-01-25 35.98 36.66 35.12 35.12
2016-02-16 37.18 37.31 36.33 36.33
2016-02-19 41.31 41.8 38.31 38.31
2016-03-30 29.75 29.85 29.05 29.05
2016-04-13 29.61 29.96 29.2 29.2
2016-05-03 29.12 29.3 28.45 28.45
2016-05-12 29.99 30.3 28.03 28.03
2016-05-27 30.17 31.2 29.6 29.6
2016-06-01 32.2 32.78 30.7 30.7
2016-06-16 35.64 35.65 33.56 33.56
2017-01-19 28.29 28.45 28.0 28.0
2017-03-28 29.33 29.39 29.1 29.1
2017-04-05 28.33 28.55 28.06 28.06
