2004-04-30 13.95 14.3 13.34 13.34
2004-06-11 13.7 14.1 13.41 13.41
2004-07-29 12.15 12.18 11.8 11.8
2004-08-03 12.11 12.23 12.0 12.0
2004-08-04 12.36 12.55 12.16 12.16
2004-08-20 10.7 10.72 10.38 10.38
2004-09-14 9.96 10.16 9.69 9.69
2004-09-23 12.69 12.99 11.9 11.9
2004-10-25 11.58 11.6 11.2 11.2
2004-11-03 11.6 11.64 11.28 11.28
2004-11-10 12.0 12.08 11.25 11.25
2004-11-15 12.18 12.19 11.75 11.75
2004-11-24 12.0 12.2 11.91 11.91
2004-12-29 10.62 10.69 10.51 10.51
2005-01-20 9.98 9.99 9.7 9.7
2005-03-03 10.92 10.93 10.57 10.57
2005-03-21 10.55 10.65 10.3 10.3
2005-04-05 10.0 10.15 9.9 9.9
2005-04-26 10.35 10.58 10.26 10.26
2005-05-24 9.45 9.54 9.2 9.2
2005-05-25 9.42 9.65 9.3 9.3
2005-05-30 9.3 9.32 9.06 9.06
2005-06-08 9.55 9.6 8.76 8.76
2005-06-29 9.52 9.79 9.3 9.3
2005-07-05 9.83 9.85 9.48 9.48
2005-07-11 9.56 9.88 9.42 9.42
2005-07-12 10.15 10.2 9.5 9.5
2005-08-15 9.58 9.6 9.3 9.3
2005-09-09 9.71 9.88 9.6 9.6
2005-09-19 10.58 10.66 10.18 10.18
2005-09-26 10.24 10.25 9.8 9.8
2005-10-17 11.04 11.29 10.58 10.58
2005-11-02 10.99 11.14 10.37 10.37
2005-11-29 10.14 10.2 10.1 10.1
2005-12-02 10.16 10.43 10.08 10.08
2005-12-14 10.55 10.61 10.41 10.41
2005-12-16 10.99 11.1 10.36 10.36
2005-12-21 11.21 11.22 10.94 10.94
2006-01-04 12.47 12.68 11.8 11.8
2006-01-25 19.23 19.88 18.54 18.54
2006-04-25 20.77 20.77 20.77 20.77
2006-04-26 22.85 22.85 22.85 22.85
2006-04-27 25.14 25.14 25.14 25.14
2006-04-28 27.65 27.65 27.65 27.65
2006-05-08 30.42 30.42 30.42 30.42
2006-11-01 41.18 41.18 37.6 37.6
2006-11-29 59.95 60.3 53.42 53.42
2006-12-15 59.79 61.2 59.1 59.1
2006-12-27 55.09 56.3 54.6 54.6
2007-01-15 57.5 57.65 55.35 55.35
2007-01-16 62.82 63.19 58.1 58.1
2007-01-19 67.07 67.07 61.0 61.0
2007-04-06 116.58 116.58 107.01 107.01
2007-04-09 128.24 128.24 124.0 124.0
2007-04-10 141.06 141.06 130.0 130.0
2007-04-12 79.45 79.45 74.5 74.5
2007-04-20 71.83 72.0 69.32 69.32
2007-04-24 76.38 77.5 70.7 70.7
2007-07-03 73.75 73.8 68.1 68.1
2007-07-09 70.32 71.2 70.02 70.02
2007-07-17 67.19 67.88 66.06 66.06
2007-07-23 70.33 71.09 67.48 67.48
2007-07-30 79.68 79.68 72.5 72.5
2007-07-31 83.84 84.87 80.5 80.5
2007-08-03 82.65 85.0 81.12 81.12
2007-08-14 82.79 84.79 81.0 81.0
2007-08-20 84.82 85.0 82.7 82.7
2007-09-03 85.94 87.5 85.3 85.3
2007-09-12 79.79 80.99 78.1 78.1
2007-09-20 83.11 84.98 82.3 82.3
2007-09-24 90.41 96.66 90.0 90.0
2007-09-28 88.71 91.0 87.6 87.6
2007-12-04 71.02 71.88 70.0 70.0
2007-12-07 73.93 74.35 72.99 72.99
2007-12-14 71.16 71.5 69.0 69.0
2007-12-21 77.66 77.66 71.8 71.8
2008-01-04 82.32 83.29 80.44 80.44
2008-01-09 85.47 86.0 84.2 84.2
2008-04-21 34.16 34.16 34.16 34.16
2008-04-22 30.74 30.74 30.74 30.74
2008-04-23 29.08 31.0 27.67 27.67
2008-05-05 30.56 30.75 28.32 28.32
2008-07-28 17.2 17.48 17.0 17.0
2008-08-29 11.25 11.45 11.01 11.01
2008-10-21 8.29 8.69 8.05 8.05
2008-11-04 7.06 7.1 6.9 6.9
2008-11-10 7.83 7.85 7.29 7.29
2008-11-19 9.11 9.15 8.3 8.3
2008-12-03 10.21 10.48 9.5 9.5
2008-12-08 11.22 11.3 10.42 10.42
2008-12-30 9.99 10.2 9.9 9.9
2009-01-05 10.78 10.8 10.3 10.3
2009-01-09 10.55 10.58 10.19 10.19
2009-01-14 11.22 11.25 10.52 10.52
2009-02-06 13.96 13.98 12.73 12.73
2009-02-09 15.36 15.36 14.5 14.5
2009-03-20 18.66 18.8 17.35 17.35
2009-04-09 17.67 17.8 17.35 17.35
2009-04-10 18.8 18.95 17.83 17.83
2009-06-24 20.2 20.38 19.24 19.24
2009-06-29 19.53 19.79 19.1 19.1
2009-07-02 20.44 20.62 19.75 19.75
2009-07-14 20.48 20.63 20.05 20.05
2009-07-20 24.79 24.79 23.17 23.17
2009-08-04 34.0 34.9 32.15 32.15
2009-09-03 24.65 24.65 22.52 22.52
2009-09-30 26.15 26.57 24.56 24.56
2009-11-12 29.86 30.63 29.7 29.7
2010-01-05 27.58 27.8 26.55 26.55
2010-01-06 27.91 28.9 27.58 27.58
2010-01-19 26.9 27.2 26.64 26.64
2010-02-10 23.01 23.17 22.81 22.81
2010-03-29 22.46 22.5 21.8 21.8
2010-04-02 23.29 23.54 22.96 22.96
2010-04-09 23.34 23.35 22.88 22.88
2010-05-10 18.59 18.76 18.2 18.2
2010-05-24 18.67 18.7 17.93 17.93
2010-06-21 18.2 18.22 17.4 17.4
2010-07-06 15.08 15.21 14.43 14.43
2010-07-08 15.34 15.75 15.25 15.25
2010-07-14 16.3 16.98 15.66 15.66
2010-07-22 17.18 17.25 16.78 16.78
2010-08-02 19.0 19.37 17.94 17.94
2010-10-11 23.69 24.98 23.2 23.2
2010-10-19 23.91 24.37 23.3 23.3
2010-10-21 25.77 25.77 23.6 23.6
2010-10-25 29.67 29.67 26.6 26.6
2010-12-13 26.2 26.39 24.5 24.5
2011-01-04 27.94 28.26 26.11 26.11
2011-01-17 26.77 27.65 26.0 26.0
2011-02-21 29.47 29.5 28.24 28.24
2011-02-23 28.22 28.54 27.68 27.68
2011-03-04 29.76 29.85 28.61 28.61
2011-03-25 33.89 34.32 31.11 31.11
2011-07-04 24.53 24.53 22.39 22.39
2011-07-13 24.72 24.95 24.2 24.2
2011-11-04 17.85 18.18 17.55 17.55
2011-12-30 13.07 13.15 12.65 12.65
2012-01-17 15.43 15.43 14.06 14.06
2012-03-02 16.9 17.14 16.74 16.74
2012-03-12 17.26 17.64 17.05 17.05
2012-04-06 15.53 15.75 15.4 15.4
2012-04-12 15.88 15.92 15.56 15.56
2012-04-20 16.63 16.94 16.48 16.48
2012-06-11 15.38 15.53 15.06 15.06
2012-08-01 13.23 13.39 13.09 13.09
2012-08-23 14.07 14.13 13.83 13.83
2012-09-03 13.02 13.13 12.9 12.9
2012-09-06 13.14 13.15 12.96 12.96
2012-09-07 13.96 14.1 13.23 13.23
2012-09-27 13.54 13.8 13.14 13.14
2012-09-28 13.99 14.09 13.41 13.41
2012-11-14 12.89 13.04 12.71 12.71
2012-11-21 12.82 12.92 12.6 12.6
2012-11-30 12.42 12.65 12.23 12.23
2012-12-05 13.1 13.28 12.56 12.56
2012-12-28 13.98 14.1 13.77 13.77
2013-01-16 14.64 15.11 14.38 14.38
2013-01-25 14.48 14.53 14.06 14.06
2013-01-31 15.98 16.27 15.05 15.05
2013-03-05 14.88 14.93 14.6 14.6
2013-05-27 11.86 11.88 11.58 11.58
2013-06-27 9.32 9.41 9.05 9.05
2013-07-11 9.99 10.18 9.6 9.6
2013-07-23 9.47 9.66 9.22 9.22
2013-08-08 9.5 9.62 9.38 9.38
2013-08-12 10.65 10.79 9.82 9.82
2013-09-09 11.01 11.11 10.59 10.59
2013-09-27 10.44 10.56 10.31 10.31
2013-10-15 10.51 10.59 10.44 10.44
2013-11-15 9.34 9.49 9.21 9.21
2014-01-10 8.82 8.9 8.73 8.73
2014-01-13 9.15 9.32 8.88 8.88
2014-01-21 9.02 9.09 8.81 8.81
2014-02-10 9.32 9.37 9.06 9.06
2014-02-21 9.41 9.65 9.28 9.28
2014-03-07 9.11 9.28 8.91 8.91
2014-03-31 8.92 9.11 8.87 8.87
2014-05-09 8.68 8.9 8.42 8.42
2014-05-12 9.42 9.54 8.68 8.68
2014-06-20 8.85 9.03 8.53 8.53
2014-06-23 9.7 9.74 8.84 8.84
2014-07-01 9.6 10.13 9.32 9.32
2014-12-02 11.42 11.57 11.35 11.35
2014-12-18 12.04 12.35 11.82 11.82
2014-12-26 11.69 11.75 11.45 11.45
2015-01-20 11.01 11.08 10.81 10.81
2015-04-17 14.19 14.55 14.1 14.1
2015-08-07 10.8 10.88 10.55 10.55
2015-08-10 11.32 11.44 10.75 10.75
2015-08-25 8.9 9.27 8.9 8.9
2015-09-09 8.98 8.98 8.98 8.98
2015-09-30 8.47 8.59 8.42 8.42
2015-10-09 9.74 9.8 8.84 8.84
2015-12-01 10.18 10.3 9.89 9.89
2015-12-16 11.13 11.37 10.83 10.83
2016-02-04 9.1 9.1 8.5 8.5
2016-03-02 10.78 11.18 9.9 9.9
2016-03-17 10.11 10.27 9.91 9.91
2016-04-13 11.99 11.99 11.7 11.7
2016-06-07 10.09 10.44 10.05 10.05
2016-07-11 10.97 10.97 10.97 10.97
2016-07-26 11.34 11.5 11.21 11.21
2016-08-05 10.98 11.08 10.61 10.61
2016-08-08 11.51 11.57 10.98 10.98
2016-10-17 5.54 5.6 5.46 5.46
2016-11-10 6.58 6.79 6.38 6.38
2016-12-01 8.77 8.9 8.5 8.5
2016-12-05 8.69 8.79 8.09 8.09
2017-01-23 7.88 8.12 7.47 7.47
2017-02-16 8.21 8.33 8.16 8.16
2017-03-10 7.39 7.39 7.3 7.3
2017-03-15 7.53 7.63 7.49 7.49
2017-04-13 6.77 6.79 6.71 6.71
2017-04-26 6.15 6.22 6.0 6.0
2017-05-19 5.57 5.6 5.53 5.53
2017-06-07 5.81 5.83 5.59 5.59
2017-06-29 6.42 6.65 6.38 6.38
2017-07-05 6.93 6.94 6.66 6.66
2017-08-25 8.01 8.05 7.71 7.71
