2004-06-21 5.63 5.66 5.49 5.49
2004-07-08 5.04 5.05 4.91 4.91
2004-08-04 4.82 4.93 4.65 4.65
2004-08-17 4.23 4.29 4.17 4.17
2004-12-03 4.16 4.18 4.11 4.11
2005-01-13 3.85 3.89 3.82 3.82
2005-02-01 3.54 3.61 3.52 3.52
2005-03-07 3.8 3.82 3.77 3.77
2005-03-23 3.44 3.48 3.38 3.38
2005-03-29 3.44 3.49 3.42 3.42
2005-04-13 3.38 3.4 3.32 3.32
2005-05-13 2.76 2.77 2.7 2.7
2005-05-17 2.8 2.85 2.73 2.73
2005-05-20 2.76 2.84 2.76 2.76
2005-06-08 2.82 2.84 2.65 2.65
2005-06-27 2.84 2.86 2.76 2.76
2005-07-11 2.3 2.4 2.3 2.3
2005-07-12 2.38 2.39 2.27 2.27
2005-07-13 2.37 2.41 2.35 2.35
2005-07-14 2.38 2.41 2.36 2.36
2005-07-19 2.21 2.21 2.16 2.16
2005-07-26 2.25 2.27 2.21 2.21
2005-08-15 2.66 2.66 2.54 2.54
2005-09-26 2.79 2.9 2.73 2.73
2005-10-11 2.72 2.73 2.64 2.64
2005-10-18 2.72 2.72 2.61 2.61
2005-10-24 2.73 2.75 2.7 2.7
2005-11-08 2.59 2.61 2.54 2.54
2005-11-11 2.61 2.65 2.5 2.5
2005-11-17 2.61 2.62 2.56 2.56
2005-11-18 2.69 2.71 2.58 2.58
2005-11-23 2.74 2.8 2.68 2.68
2005-11-24 2.73 2.75 2.72 2.72
2005-11-29 2.77 2.82 2.71 2.71
2005-12-23 2.88 2.91 2.86 2.86
2006-01-04 3.03 3.11 2.93 2.93
2006-03-10 3.01 3.03 2.95 2.95
2006-03-17 2.99 3.06 2.99 2.99
2006-03-20 3.0 3.02 2.98 2.98
2006-04-04 3.07 3.13 3.04 3.04
2006-04-28 3.63 3.77 3.53 3.53
2006-10-16 2.44 2.47 2.42 2.42
2006-10-24 2.37 2.38 2.3 2.3
2006-12-07 2.37 2.41 2.36 2.36
2006-12-11 2.34 2.34 2.25 2.25
2006-12-22 2.44 2.47 2.38 2.38
2007-01-04 2.58 2.68 2.54 2.54
2007-01-10 3.14 3.14 2.91 2.91
2007-02-06 3.35 3.38 3.28 3.28
2007-03-12 4.58 4.6 4.44 4.44
2007-04-12 7.0 7.0 6.41 6.41
2007-04-20 7.47 7.55 7.1 7.1
2007-04-26 8.88 9.1 8.6 8.6
2007-04-30 10.29 10.32 9.44 9.44
2007-05-08 11.32 11.32 10.51 10.51
2007-05-22 10.22 10.35 9.93 9.93
2007-05-23 10.93 10.95 10.25 10.25
2007-06-05 6.91 7.08 6.53 6.53
2007-06-13 7.41 7.41 6.76 6.76
2007-06-26 5.63 5.65 5.21 5.21
2007-07-23 6.11 6.16 5.64 5.64
2007-07-26 6.49 6.65 6.25 6.25
2007-08-30 7.1 7.18 6.78 6.78
2007-09-14 8.85 9.0 8.28 8.28
2007-10-31 7.1 7.33 6.9 6.9
2007-11-16 6.71 6.75 6.48 6.48
2007-11-19 7.38 7.38 6.65 6.65
2007-12-14 7.42 7.5 7.2 7.2
2007-12-26 7.8 7.8 7.6 7.6
2008-02-04 6.75 6.79 6.3 6.3
2008-02-18 7.49 7.49 6.8 6.8
2008-02-28 8.2 8.39 7.91 7.91
2008-03-26 7.51 7.96 7.22 7.22
2008-04-07 6.02 6.09 5.55 5.55
2008-04-29 5.6 5.79 5.21 5.21
2008-04-30 5.72 5.75 5.51 5.51
2008-05-08 6.03 6.12 5.8 5.8
2008-05-23 6.06 6.06 5.96 5.96
2008-07-22 4.28 4.33 4.21 4.21
2008-07-28 4.44 4.46 4.26 4.26
2008-07-30 4.61 4.81 4.48 4.48
2008-08-15 3.34 3.44 3.3 3.3
2008-09-25 2.81 2.85 2.75 2.75
2008-10-28 2.25 2.29 2.11 2.11
2008-10-30 2.25 2.26 2.21 2.21
2008-11-05 2.21 2.23 2.12 2.12
2008-11-07 2.24 2.26 2.09 2.09
2008-11-13 2.48 2.52 2.37 2.37
2008-11-19 2.63 2.65 2.42 2.42
2008-11-20 2.89 2.89 2.89 2.89
2008-12-05 3.12 3.15 3.01 3.01
2009-01-05 2.85 2.9 2.78 2.78
2009-01-09 2.92 2.92 2.82 2.82
2009-02-03 3.47 3.47 3.22 3.22
2009-02-06 3.53 3.57 3.39 3.39
2009-04-20 4.36 4.37 4.19 4.19
2009-04-27 4.29 4.37 4.15 4.15
2009-05-15 4.85 4.95 4.71 4.71
2009-05-27 4.76 4.89 4.53 4.53
2009-06-17 5.02 5.04 4.92 4.92
2009-06-26 5.01 5.01 4.94 4.94
2009-07-01 4.96 5.02 4.88 4.88
2009-07-17 5.46 5.56 5.3 5.3
2009-07-22 5.34 5.36 5.23 5.23
2009-10-30 5.4 5.5 5.35 5.35
2009-11-02 5.83 5.92 5.5 5.5
2009-11-30 6.35 6.37 6.09 6.09
2009-12-23 6.03 6.07 5.91 5.91
2009-12-28 6.3 6.32 6.2 6.2
2010-01-04 6.58 6.86 6.55 6.55
2010-01-13 6.58 6.7 6.53 6.53
2010-01-14 6.71 6.73 6.58 6.58
2010-02-02 7.26 7.34 7.05 7.05
2010-02-23 8.56 8.56 7.9 7.9
2010-03-08 8.18 8.3 8.05 8.05
2010-04-14 8.0 8.05 7.7 7.7
2010-04-21 7.67 7.73 7.36 7.36
2010-05-20 6.35 6.35 6.05 6.05
2010-06-07 5.84 5.89 5.75 5.75
2010-07-14 5.16 5.22 5.1 5.1
2010-07-20 5.38 5.48 5.11 5.11
2010-08-02 6.11 6.12 6.0 6.0
2010-08-23 6.09 6.16 6.05 6.05
2010-11-08 6.94 6.94 6.8 6.8
2010-12-13 7.77 7.92 7.57 7.57
2011-03-03 8.36 8.6 8.2 8.2
2011-04-01 8.8 8.86 8.5 8.5
2011-04-08 9.09 9.18 8.73 8.73
2011-05-26 9.21 9.24 8.85 8.85
2011-06-15 8.21 8.37 8.15 8.15
2011-10-13 7.22 7.25 7.02 7.02
2011-11-15 7.5 7.5 7.27 7.27
2011-11-24 6.74 6.83 6.55 6.55
2011-12-29 5.15 5.21 5.05 5.05
2012-01-12 5.63 5.67 5.47 5.47
2012-01-20 5.91 6.03 5.83 5.83
2012-01-31 6.13 6.14 5.9 5.9
2012-03-01 6.06 6.11 6.0 6.0
2012-03-02 6.22 6.26 6.06 6.06
2012-04-18 6.04 6.08 5.91 5.91
2012-06-14 5.6 5.71 5.58 5.58
2012-07-02 5.13 5.19 5.11 5.11
2012-07-11 4.96 5.0 4.85 4.85
2012-08-01 4.51 4.57 4.47 4.47
2012-12-14 5.39 5.43 5.17 5.17
2013-01-07 5.51 5.57 5.45 5.45
2013-01-25 5.43 5.5 5.4 5.4
2013-01-28 5.53 5.54 5.45 5.45
2013-01-29 5.55 5.58 5.52 5.52
2013-02-07 5.65 5.71 5.55 5.55
2013-02-08 5.65 5.71 5.61 5.61
2013-03-19 5.64 5.65 5.55 5.55
2013-04-26 5.05 5.16 5.03 5.03
2013-05-08 5.21 5.26 5.15 5.15
2013-05-20 5.39 5.41 5.34 5.34
2013-05-23 5.38 5.48 5.35 5.35
2013-06-14 5.28 5.35 5.18 5.18
2013-06-26 5.08 5.1 4.82 4.82
2013-10-31 4.93 4.93 4.93 4.93
2013-11-01 5.42 5.42 5.42 5.42
2013-11-04 5.96 5.96 5.96 5.96
2013-11-05 6.56 6.56 6.56 6.56
2013-11-06 7.22 7.22 7.22 7.22
2013-11-07 7.94 7.94 7.94 7.94
2013-11-08 8.73 8.73 8.73 8.73
2013-12-03 6.94 6.96 6.66 6.66
2013-12-31 6.52 6.55 6.47 6.47
2014-01-24 6.32 6.37 6.25 6.25
2014-01-27 6.36 6.48 6.24 6.24
2014-02-07 6.35 6.4 6.21 6.21
2014-02-13 6.94 7.32 6.73 6.73
2014-02-21 6.78 6.95 6.75 6.75
2014-03-18 6.58 6.58 6.46 6.46
2014-04-18 7.24 7.3 7.16 7.16
2014-06-05 6.28 6.3 6.18 6.18
2014-07-07 6.44 6.49 6.38 6.38
2014-07-10 6.43 6.51 6.34 6.34
2014-07-11 6.59 6.79 6.51 6.51
2014-08-12 7.17 7.18 6.99 6.99
2014-08-27 7.01 7.03 6.93 6.93
2014-09-19 7.97 8.01 7.88 7.88
2014-10-15 8.43 8.55 8.39 8.39
2014-10-20 8.37 8.42 8.03 8.03
2014-10-24 8.26 8.39 8.06 8.06
2014-10-29 8.96 9.0 8.6 8.6
2014-11-03 9.67 9.67 9.24 9.24
2014-11-07 10.27 10.98 10.02 10.02
2014-12-10 10.21 10.28 9.68 9.68
2014-12-23 9.44 9.56 9.32 9.32
2014-12-24 9.67 9.7 9.46 9.46
2015-01-13 9.56 9.61 9.24 9.24
2015-01-20 9.88 9.96 9.38 9.38
2015-01-26 10.38 10.46 10.06 10.06
2015-01-29 10.1 10.18 10.04 10.04
2015-02-27 10.15 10.23 10.07 10.07
2015-04-28 12.72 12.72 12.72 12.72
2015-04-29 13.99 13.99 13.99 13.99
2015-05-12 17.01 17.02 15.62 15.62
2015-06-05 20.85 20.85 18.99 18.99
2015-06-24 21.09 21.12 19.91 19.91
2015-07-13 11.75 11.75 11.75 11.75
2015-07-14 12.93 12.93 12.93 12.93
2015-07-28 15.1 16.61 14.36 14.36
2015-07-29 16.12 16.18 14.9 14.9
2015-08-07 16.21 16.3 15.85 15.85
2015-08-10 17.83 17.83 16.38 16.38
2015-08-25 12.2 12.72 12.11 12.11
2015-09-10 13.58 14.2 13.34 13.34
2015-09-30 13.74 13.94 13.34 13.34
2015-10-09 14.98 15.16 14.18 14.18
2015-10-22 15.48 15.55 14.4 14.4
2015-10-30 15.57 15.9 15.2 15.2
2015-12-30 17.7 17.99 17.4 17.4
2016-02-02 11.44 11.58 11.09 11.09
2016-02-22 12.34 12.35 12.09 12.09
2016-03-02 10.91 11.21 10.4 10.4
2016-03-18 11.76 11.96 11.04 11.04
2016-03-21 12.26 12.4 11.82 11.82
2016-03-25 12.3 12.33 12.05 12.05
2016-04-08 12.05 12.2 11.86 11.86
2016-04-11 12.36 12.45 12.15 12.15
2016-04-13 13.48 13.64 12.49 12.49
2016-04-26 11.77 11.78 11.58 11.58
2016-04-27 11.84 11.99 11.72 11.72
2016-06-14 10.61 10.64 10.46 10.46
2016-06-17 10.99 11.04 10.72 10.72
2016-08-24 11.81 11.89 11.74 11.74
2016-09-05 11.9 11.97 11.83 11.83
2016-09-29 11.37 11.49 11.3 11.3
2016-09-30 11.4 11.46 11.37 11.37
2016-10-10 11.58 11.6 11.4 11.4
2016-10-13 11.57 11.63 11.53 11.53
2016-10-20 11.59 11.63 11.47 11.47
2016-12-15 11.24 11.34 11.13 11.13
2016-12-21 11.26 11.32 11.2 11.2
2017-01-03 11.18 11.2 11.09 11.09
2017-01-18 10.41 10.53 10.35 10.35
2017-01-26 10.89 10.9 10.73 10.73
2017-02-15 11.75 11.95 11.46 11.46
2017-03-06 11.68 11.69 11.35 11.35
2017-03-08 11.69 11.81 11.61 11.61
2017-05-05 10.87 10.93 10.81 10.81
2017-06-13 10.61 10.65 10.52 10.52
2017-06-30 10.37 10.45 10.31 10.31
2017-07-31 9.73 9.79 9.62 9.62
2017-08-14 9.55 9.66 9.53 9.53
