2001-06-21 27.05 27.07 26.85 26.85
2001-07-10 25.85 26.0 25.75 25.75
2001-07-13 26.1 26.4 26.0 26.0
2001-07-19 25.19 25.22 24.6 24.6
2001-07-20 25.29 25.35 25.19 25.19
2001-07-31 21.58 22.06 21.0 21.0
2001-08-01 22.9 22.98 21.7 21.7
2001-08-21 22.13 22.25 22.0 22.0
2001-09-04 19.56 19.74 19.0 19.0
2001-09-05 19.89 19.98 19.62 19.62
2001-09-13 19.62 19.8 19.55 19.55
2001-09-18 19.28 19.4 19.0 19.0
2001-09-21 19.69 19.88 19.6 19.6
2001-09-25 19.82 19.95 19.65 19.65
2001-10-23 16.31 16.31 16.31 16.31
2001-11-14 15.96 15.97 15.61 15.61
2001-11-19 17.27 17.28 16.78 16.78
2001-11-20 17.59 17.71 17.28 17.28
2001-11-27 17.41 17.45 17.17 17.17
2001-11-29 17.77 17.93 17.7 17.7
2001-11-30 18.25 18.3 17.77 17.77
2001-12-17 16.71 16.72 16.51 16.51
2001-12-25 16.4 16.5 16.2 16.2
2002-01-23 14.45 14.5 13.51 13.51
2002-01-24 14.68 14.97 14.0 14.0
2002-02-04 15.17 15.2 14.5 14.5
2002-03-01 14.83 15.0 14.78 14.78
2002-03-05 15.38 15.49 15.1 15.1
2002-03-06 15.59 15.8 15.4 15.4
2002-03-07 15.97 15.99 15.58 15.58
2002-03-14 16.22 16.25 15.54 15.54
2002-04-03 15.38 15.6 15.3 15.3
2002-04-04 15.8 15.81 15.38 15.38
2002-04-08 15.69 15.85 15.5 15.5
2002-04-10 16.14 16.2 15.94 15.94
2002-04-12 15.82 15.86 15.7 15.7
2002-04-25 15.28 15.3 15.1 15.1
2002-04-26 15.49 15.7 15.3 15.3
2002-06-06 14.91 15.05 14.2 14.2
2002-06-21 15.42 15.44 15.06 15.06
2002-07-18 16.32 16.39 16.18 16.18
2002-08-06 15.85 16.0 15.64 15.64
2002-08-16 15.55 15.65 15.4 15.4
2002-08-22 15.93 16.01 15.62 15.62
2002-08-26 16.17 16.29 15.88 15.88
2002-09-12 15.97 16.05 15.78 15.78
2002-09-13 15.97 16.01 15.9 15.9
2002-09-18 15.8 15.89 15.7 15.7
2002-09-19 16.0 16.18 15.65 15.65
2002-09-23 15.81 15.97 15.68 15.68
2002-09-24 15.8 15.9 15.72 15.72
2002-10-16 14.85 15.05 14.71 14.71
2002-10-22 14.78 14.8 14.5 14.5
2002-10-31 14.25 14.32 14.01 14.01
2002-11-01 14.12 14.25 14.08 14.08
2002-11-05 14.73 14.9 14.3 14.3
2002-11-27 12.42 12.51 12.28 12.28
2002-12-04 13.0 13.02 12.56 12.56
2002-12-19 13.08 13.1 12.89 12.89
2002-12-23 13.16 13.25 13.15 13.15
2003-01-07 12.0 12.23 12.0 12.0
2003-01-08 12.55 12.55 12.15 12.15
2003-01-14 13.04 13.18 12.5 12.5
2003-01-28 13.22 13.36 13.1 13.1
2003-02-10 13.11 13.24 13.05 13.05
2003-02-11 13.2 13.29 12.91 12.91
2003-02-18 13.3 13.38 13.25 13.25
2003-02-24 13.0 13.03 12.96 12.96
2003-02-25 13.18 13.25 13.01 13.01
2003-03-03 13.61 13.62 13.33 13.33
2003-03-11 12.9 12.99 12.78 12.78
2003-03-12 13.19 13.25 12.9 12.9
2003-03-13 13.1 13.2 13.08 13.08
2003-03-17 13.03 13.08 12.86 12.86
2003-04-04 13.58 13.64 13.42 13.42
2003-04-10 13.77 13.98 13.33 13.33
2003-04-21 14.47 14.8 14.31 14.31
2003-04-25 14.48 14.8 14.11 14.11
2003-04-28 15.93 15.93 15.93 15.93
2003-06-13 13.16 13.25 12.98 12.98
2003-06-16 13.23 13.35 13.07 13.07
2003-06-24 12.71 12.73 12.38 12.38
2003-07-04 12.6 12.85 12.58 12.58
2003-07-29 10.94 11.15 10.75 10.75
2003-07-31 10.94 11.0 10.85 10.85
2003-08-05 11.19 11.33 11.15 11.15
2003-08-12 10.93 10.97 10.82 10.82
2003-08-19 10.63 10.7 10.58 10.58
2003-09-10 11.77 11.99 11.71 11.71
2003-10-21 9.15 9.16 9.08 9.08
2003-11-10 7.67 7.69 7.56 7.56
2003-11-19 7.86 8.0 7.62 7.62
2003-11-20 8.23 8.25 7.86 7.86
2003-11-24 9.2 9.2 8.4 8.4
2003-12-03 8.59 8.7 8.05 8.05
2003-12-05 8.61 8.69 8.52 8.52
2003-12-09 8.52 8.52 8.4 8.4
2003-12-24 7.92 8.05 7.85 7.85
2004-01-02 7.89 8.0 7.81 7.81
2004-01-08 8.4 8.4 8.1 8.1
2004-02-09 9.45 9.48 9.34 9.34
2004-03-10 9.14 9.15 8.85 8.85
2004-03-15 9.37 9.38 9.2 9.2
2004-03-25 9.58 9.64 9.3 9.3
2004-03-30 9.81 9.89 9.59 9.59
2004-04-12 9.77 9.85 9.62 9.62
2004-04-19 9.63 9.78 9.55 9.55
2004-04-23 9.94 10.3 9.68 9.68
2004-05-12 8.35 8.38 8.0 8.0
2004-05-17 8.1 8.17 8.05 8.05
2004-06-21 7.64 7.65 7.45 7.45
2004-06-24 7.8 7.99 7.8 7.8
2004-06-29 7.56 7.56 7.41 7.41
2004-07-16 7.25 7.25 7.05 7.05
2004-07-29 6.8 6.87 6.7 6.7
2004-08-02 6.66 6.75 6.61 6.61
2004-08-13 6.63 6.67 6.5 6.5
2004-08-18 6.71 6.75 6.66 6.66
2004-08-31 7.0 7.18 6.94 6.94
2004-09-10 6.74 6.75 6.65 6.65
2004-09-14 6.88 6.89 6.6 6.6
2004-09-17 7.36 7.39 7.19 7.19
2004-09-23 7.56 7.6 7.39 7.39
2004-11-09 6.72 6.79 6.58 6.58
2004-11-12 7.44 7.68 7.1 7.1
2004-11-26 7.25 7.3 7.18 7.18
2004-12-08 7.14 7.2 7.1 7.1
2004-12-09 7.23 7.25 7.12 7.12
2005-01-18 6.72 6.74 6.45 6.45
2005-01-24 6.94 6.94 6.68 6.68
2005-01-26 6.9 6.93 6.78 6.78
2005-04-07 6.93 7.24 6.86 6.86
2005-04-08 7.05 7.06 6.88 6.88
2005-04-22 6.82 6.85 6.71 6.71
2005-05-11 6.12 6.35 5.88 5.88
2005-06-08 5.67 5.69 5.2 5.2
2005-06-27 5.79 5.9 5.57 5.57
2005-07-14 4.53 4.61 4.47 4.47
2005-07-18 4.19 4.3 4.1 4.1
2005-07-19 4.25 4.28 4.15 4.15
2005-07-22 4.41 4.44 4.25 4.25
2005-08-03 4.74 4.88 4.68 4.68
2005-08-31 5.52 5.62 5.3 5.3
2005-09-05 5.59 5.66 5.53 5.53
2005-09-13 5.59 5.62 5.47 5.47
2005-09-15 5.71 5.78 5.64 5.64
2005-10-18 5.43 5.44 5.28 5.28
2005-10-21 5.51 5.52 5.36 5.36
2005-10-24 5.54 5.65 5.5 5.5
2005-11-11 4.9 4.94 4.8 4.8
2005-11-14 4.89 4.95 4.7 4.7
2005-11-21 5.03 5.1 4.98 4.98
2005-11-23 4.94 4.95 4.87 4.87
2005-12-21 4.9 4.93 4.86 4.86
2005-12-29 4.97 4.99 4.94 4.94
2006-01-13 5.33 5.37 5.28 5.28
2006-01-24 5.39 5.48 5.39 5.39
2006-03-01 5.38 5.39 5.3 5.3
2006-03-14 5.22 5.33 5.13 5.13
2006-03-16 5.16 5.2 5.13 5.13
2006-04-03 5.47 5.5 5.32 5.32
2006-05-11 6.79 7.07 6.45 6.45
2006-05-17 6.99 7.17 6.81 6.81
2006-12-11 5.16 5.17 4.96 4.96
2006-12-29 5.2 5.3 5.17 5.17
2007-02-01 5.68 5.8 5.59 5.59
2007-02-06 5.83 5.85 5.66 5.66
2007-02-09 6.32 6.5 6.23 6.23
2007-02-13 6.94 7.09 6.48 6.48
2007-03-02 7.06 7.14 6.9 6.9
2007-03-12 7.59 7.6 7.3 7.3
2007-03-15 7.39 7.57 7.3 7.3
2007-04-05 8.37 8.57 8.21 8.21
2007-04-09 8.41 8.58 8.28 8.28
2007-04-16 8.5 8.6 8.28 8.28
2007-04-17 9.13 9.19 8.51 8.51
2007-04-20 9.42 9.54 8.98 8.98
2007-06-21 12.16 12.16 11.05 11.05
2007-07-10 9.39 9.74 9.31 9.31
2007-07-30 11.67 12.05 11.59 11.59
2007-08-02 11.1 11.3 10.71 10.71
2007-08-06 11.42 11.66 11.18 11.18
2007-08-21 12.28 12.48 12.05 12.05
2007-09-20 12.58 12.7 12.23 12.23
2007-12-06 10.0 10.22 9.82 9.82
2007-12-21 10.73 10.82 10.5 10.5
2007-12-24 10.85 11.1 10.75 10.75
2007-12-25 10.84 10.98 10.78 10.78
2008-02-04 11.99 12.21 11.36 11.36
2008-02-27 13.19 13.6 12.85 12.85
2008-04-02 9.24 9.24 9.24 9.24
2008-04-03 8.78 8.78 8.78 8.78
2008-04-07 9.03 9.22 8.34 8.34
2008-04-23 6.43 6.46 6.01 6.01
2008-04-24 6.75 6.75 6.75 6.75
2008-04-25 7.09 7.09 7.09 7.09
2008-05-08 9.33 9.33 9.0 9.0
2008-05-09 9.8 9.8 9.8 9.8
2008-06-05 10.09 10.17 9.7 9.7
2008-06-06 10.28 10.36 10.01 10.01
2008-06-24 10.41 10.43 9.79 9.79
2008-08-12 9.88 9.91 9.31 9.31
2008-09-02 8.65 8.8 8.38 8.38
2008-09-26 7.56 7.59 7.11 7.11
2008-10-23 6.87 6.99 6.51 6.51
2008-10-28 6.23 6.36 6.2 6.2
2008-11-03 6.59 6.59 6.07 6.07
2008-11-06 6.6 6.79 6.54 6.54
2008-11-07 6.75 6.81 6.54 6.54
2008-12-03 8.73 8.73 8.32 8.32
2008-12-15 8.4 8.4 8.02 8.02
2009-01-07 9.56 9.83 9.45 9.45
2009-01-14 9.2 9.25 8.81 8.81
2009-02-04 9.9 10.02 9.61 9.61
2009-03-02 10.99 10.99 10.51 10.51
2009-03-12 11.79 11.9 11.48 11.48
2009-03-16 11.71 11.8 11.46 11.46
2009-03-23 13.17 13.39 12.82 12.82
2009-04-14 14.91 14.91 14.91 14.91
2009-04-16 15.8 16.22 15.5 15.5
2009-06-23 17.27 17.45 16.21 16.21
2009-07-07 17.24 17.56 16.81 16.81
2009-08-19 20.05 21.08 19.31 19.31
2009-09-01 19.87 20.2 18.31 18.31
2009-12-01 22.6 22.76 21.92 21.92
2009-12-07 22.94 22.97 22.1 22.1
2009-12-24 22.01 22.01 20.46 20.46
2010-01-05 22.54 22.55 21.63 21.63
2010-02-04 25.33 25.58 24.11 24.11
2010-02-12 25.13 25.28 24.7 24.7
2010-02-22 25.13 25.39 24.88 24.88
2010-02-24 26.84 27.2 25.7 25.7
2010-03-12 26.3 27.0 26.3 26.3
2010-03-17 26.18 26.19 25.5 25.5
2010-03-24 27.91 28.06 26.5 26.5
2010-04-12 29.6 29.77 28.56 28.56
2010-04-29 30.45 31.93 30.18 30.18
2010-05-05 31.83 32.27 29.85 29.85
2010-05-24 30.01 30.17 28.91 28.91
2010-07-06 11.39 11.58 10.98 10.98
2010-07-14 11.64 11.75 11.49 11.49
2010-09-09 13.78 14.11 13.71 13.71
2010-09-17 13.77 13.92 13.7 13.7
2010-10-21 15.2 15.38 14.6 14.6
2010-11-10 18.85 19.07 17.62 17.62
2010-12-13 16.85 16.98 16.34 16.34
2010-12-17 16.73 16.79 16.41 16.41
2011-01-12 14.34 14.36 14.05 14.05
2011-04-08 13.47 13.52 13.26 13.26
2011-06-07 12.66 12.78 11.98 11.98
2011-06-14 12.23 12.31 12.03 12.03
2011-07-05 12.51 12.52 12.31 12.31
2011-07-13 12.31 12.37 12.12 12.12
2011-07-29 12.32 12.38 12.2 12.2
2011-08-01 12.34 12.41 12.22 12.22
2011-09-08 11.46 11.82 11.12 11.12
2011-09-20 10.29 10.35 10.2 10.2
2011-10-13 9.57 9.68 9.45 9.45
2011-11-03 10.38 10.49 10.27 10.27
2011-11-14 10.59 10.62 10.45 10.45
2011-11-17 10.87 10.88 10.55 10.55
2012-01-20 8.9 9.01 8.65 8.65
2012-02-08 9.1 9.12 8.84 8.84
2012-02-24 9.85 9.86 9.51 9.51
2012-04-17 9.11 9.29 9.03 9.03
2012-05-17 10.25 10.36 10.03 10.03
2012-05-18 10.38 10.55 10.11 10.11
2012-05-31 10.82 10.84 10.39 10.39
2012-06-05 11.2 11.55 11.03 11.03
2012-06-07 11.4 11.56 11.3 11.3
2012-06-27 11.82 12.12 11.55 11.55
2012-06-28 12.14 12.44 11.88 11.88
2012-07-05 12.5 12.61 12.2 12.2
2012-07-09 13.15 13.39 12.79 12.79
2012-07-20 13.24 13.62 13.0 13.0
2012-09-18 11.68 11.81 11.61 11.61
2012-09-19 12.03 12.05 11.68 11.68
2012-10-09 11.57 11.66 11.26 11.26
2012-10-16 12.02 12.36 11.6 11.6
2012-11-14 10.36 10.41 10.27 10.27
2012-12-05 9.49 9.57 8.95 8.95
2012-12-07 9.88 9.89 9.44 9.44
2013-01-25 11.08 11.14 10.68 10.68
2013-01-28 11.51 11.54 11.0 11.0
2013-01-29 12.0 12.38 11.88 11.88
2013-02-04 12.73 13.03 12.35 12.35
2013-03-06 15.91 16.32 15.32 15.32
2013-03-14 15.68 15.72 14.82 14.82
2013-04-12 15.04 15.23 14.7 14.7
2013-04-19 15.75 15.9 15.55 15.55
2013-04-22 16.18 16.3 15.67 15.67
2013-05-31 15.45 15.74 14.95 14.95
2013-07-11 12.94 13.13 12.55 12.55
2013-09-12 12.75 12.75 12.33 12.33
2013-09-27 13.42 13.45 12.6 12.6
2013-11-14 12.21 12.22 11.79 11.79
2013-11-15 12.22 12.43 12.17 12.17
2013-11-19 13.23 13.28 13.1 13.1
2013-11-27 13.06 13.2 12.94 12.94
2013-12-03 12.46 12.52 12.25 12.25
2013-12-04 12.52 12.64 12.38 12.38
2014-01-21 11.95 12.06 11.72 11.72
2014-01-30 11.94 12.08 11.91 11.91
2014-02-10 12.38 12.41 12.12 12.12
2014-03-12 11.8 11.82 11.66 11.66
2014-04-01 12.26 12.28 11.94 11.94
2014-04-08 13.11 13.15 12.63 12.63
2014-04-14 13.57 13.7 13.22 13.22
2014-05-14 13.62 14.0 13.58 13.58
2014-05-26 13.94 13.95 13.35 13.35
2014-05-28 14.16 14.2 13.72 13.72
2014-07-21 14.54 14.65 14.37 14.37
2014-09-01 14.03 14.11 13.92 13.92
2014-09-29 15.2 15.34 14.72 14.72
2014-10-24 14.91 15.08 14.86 14.86
2014-10-28 15.26 15.27 14.95 14.95
2014-12-15 15.92 16.15 15.52 15.52
2014-12-24 15.44 15.47 15.03 15.03
2015-02-26 16.55 16.63 16.32 16.32
2015-04-13 22.1 22.34 21.36 21.36
2015-05-14 24.84 25.1 23.27 23.27
2015-05-28 28.22 29.66 27.5 27.5
2015-07-08 15.97 16.3 13.44 13.44
2015-07-10 19.33 19.33 18.6 18.6
2015-07-16 21.86 21.86 19.87 19.87
2015-08-04 22.24 22.38 20.48 20.48
2015-08-10 24.12 24.48 22.85 22.85
2015-08-14 26.24 26.24 24.0 24.0
2015-08-25 18.24 19.27 18.24 18.24
2015-09-24 17.23 17.35 16.82 16.82
2015-10-08 18.25 18.25 18.25 18.25
2015-10-15 19.03 19.06 18.32 18.32
2015-10-23 20.09 20.4 19.32 19.32
2015-11-19 21.47 21.48 20.95 20.95
2016-01-05 18.71 19.6 17.45 17.45
2016-02-02 15.91 16.08 15.41 15.41
2016-02-16 16.88 16.93 16.43 16.43
2016-03-25 17.21 17.23 16.89 16.89
2016-04-11 17.93 17.95 17.4 17.4
2016-05-27 16.16 16.28 15.93 15.93
2016-06-15 16.63 16.67 16.1 16.1
2016-06-22 16.82 16.84 16.61 16.61
2016-07-04 17.31 17.32 17.05 17.05
2016-07-21 18.22 18.5 17.85 17.85
2016-08-18 17.67 17.76 17.53 17.53
2016-08-26 17.45 17.63 17.31 17.31
2016-09-30 16.88 16.91 16.82 16.82
2016-10-10 17.2 17.23 16.91 16.91
2016-11-10 17.11 17.13 17.01 17.01
2016-11-21 17.51 17.58 17.23 17.23
2016-12-02 18.2 18.6 18.06 18.06
2016-12-07 18.66 18.68 18.18 18.18
2017-02-06 18.88 18.89 18.11 18.11
2017-04-05 19.29 19.3 18.39 18.39
2017-06-07 16.85 16.92 16.71 16.71
2017-06-21 17.92 17.95 17.22 17.22
2017-07-28 17.13 17.31 17.08 17.08
