2004-01-16 16.92 17.2 16.72 16.72
2004-03-30 21.41 21.8 20.22 20.22
2004-04-05 22.74 23.58 21.85 21.85
2004-04-13 21.17 21.46 21.1 21.1
2004-04-30 16.77 16.95 16.51 16.51
2004-06-01 18.26 18.46 17.6 17.6
2004-07-01 15.38 15.45 14.98 14.98
2004-08-09 11.17 11.38 11.1 11.1
2004-08-10 11.32 11.35 11.17 11.17
2004-10-19 9.96 10.36 9.88 9.88
2004-11-09 10.36 10.48 10.2 10.2
2004-12-21 9.7 9.93 9.68 9.68
2004-12-22 10.19 10.19 9.73 9.73
2004-12-24 10.02 10.25 9.96 9.96
2005-02-17 8.63 8.63 8.49 8.49
2005-04-13 8.33 8.37 8.0 8.0
2005-05-10 8.07 8.19 7.5 7.5
2005-05-16 8.03 8.09 7.84 7.84
2005-05-20 8.11 8.2 7.91 7.91
2005-06-27 8.6 8.73 8.26 8.26
2005-06-29 8.44 8.62 8.32 8.32
2005-07-13 7.41 7.57 7.4 7.4
2005-07-19 6.96 7.09 6.85 6.85
2005-07-21 7.0 7.0 6.81 6.81
2005-08-05 7.77 7.79 7.45 7.45
2005-08-15 8.5 8.56 8.1 8.1
2005-10-18 9.26 9.28 8.93 8.93
2006-01-18 9.24 9.26 9.03 9.03
2006-01-25 9.1 9.26 9.01 9.01
2006-02-06 9.23 9.24 9.03 9.03
2006-02-14 8.99 9.04 8.9 8.9
2006-02-17 8.97 9.0 8.81 8.81
2006-02-21 9.02 9.09 8.07 8.07
2006-02-22 8.95 9.05 8.9 8.9
2006-03-10 9.34 9.51 9.21 9.21
2006-12-25 10.44 10.65 10.28 10.28
2007-01-29 13.45 13.66 13.1 13.1
2007-05-25 18.01 18.59 17.6 17.6
2007-05-30 15.91 16.87 15.91 15.91
2007-07-06 9.86 9.86 8.88 8.88
2007-07-12 10.55 10.56 10.04 10.04
2007-07-20 9.77 9.85 9.45 9.45
2007-08-20 11.44 11.62 11.21 11.21
2007-09-28 11.3 11.4 11.04 11.04
2007-11-09 9.31 9.52 9.21 9.21
2007-11-19 9.99 10.05 9.74 9.74
2007-11-27 9.4 9.49 9.28 9.28
2008-03-25 10.61 10.75 10.18 10.18
2008-11-26 4.9 4.95 4.72 4.72
2008-12-04 6.29 6.29 5.73 5.73
2008-12-10 6.31 6.45 5.92 5.92
2008-12-15 5.93 6.18 5.71 5.71
2008-12-22 6.16 6.25 6.04 6.04
2009-03-23 9.71 9.77 9.48 9.48
2009-04-02 11.76 12.15 11.59 11.59
2009-07-02 10.54 10.58 10.41 10.41
2009-09-17 10.45 10.6 10.02 10.02
2010-04-07 14.3 14.41 14.21 14.21
2010-04-14 14.7 14.75 14.38 14.38
2010-07-14 10.31 10.33 10.1 10.1
2010-07-19 10.28 10.34 9.85 9.85
2010-07-20 10.65 10.77 10.17 10.17
2010-07-26 10.51 10.53 10.27 10.27
2010-08-02 11.11 11.16 10.88 10.88
2010-09-02 11.98 12.1 11.67 11.67
2010-11-02 15.26 16.0 15.17 15.17
2010-11-05 15.15 15.54 14.85 14.85
2010-11-08 15.79 15.86 15.08 15.08
2010-12-15 16.9 17.28 16.38 16.38
2011-01-26 12.25 12.34 12.09 12.09
2011-05-16 13.94 13.94 13.45 13.45
2011-06-03 11.86 12.0 11.37 11.37
2011-06-14 12.0 12.19 11.56 11.56
2011-06-30 12.3 12.44 12.1 12.1
2011-07-07 12.73 12.95 12.53 12.53
2011-07-19 13.54 13.78 13.29 13.29
2011-07-22 14.5 14.77 13.86 13.86
2011-09-23 7.99 8.36 7.18 7.18
2011-09-30 6.54 6.71 6.36 6.36
2011-11-21 7.63 7.66 7.48 7.48
2012-02-01 5.69 5.79 5.66 5.66
2012-02-08 6.13 6.15 5.85 5.85
2012-02-16 6.72 6.79 6.52 6.52
2012-03-08 6.77 6.85 6.6 6.6
2012-05-07 7.37 7.45 7.05 7.05
2012-08-01 5.81 5.85 5.61 5.61
2012-08-03 5.95 5.95 5.85 5.85
2012-08-20 6.01 6.06 5.8 5.8
2012-08-28 6.19 6.19 6.05 6.05
2012-10-17 6.75 6.75 6.48 6.48
2012-12-07 6.24 6.28 6.11 6.11
2013-05-06 10.27 10.38 9.77 9.77
2013-05-13 10.55 10.75 10.1 10.1
2013-08-06 15.43 15.54 14.94 14.94
2013-09-03 14.43 14.53 14.17 14.17
2013-10-11 18.22 18.22 18.22 18.22
2013-10-21 18.29 18.3 17.18 17.18
2013-11-18 15.24 15.49 14.11 14.11
2014-01-29 24.22 24.22 22.3 22.3
2014-08-15 32.37 33.13 31.0 31.0
2014-09-02 35.38 35.5 33.76 33.76
2014-10-10 38.97 39.9 38.3 38.3
2014-10-28 40.24 40.8 38.6 38.6
2014-10-31 42.88 43.49 41.2 41.2
2014-11-13 47.23 48.38 46.3 46.3
2014-11-25 57.82 58.08 52.7 52.7
2015-01-12 60.22 60.36 55.38 55.38
2015-01-20 71.89 72.62 65.85 65.85
2015-01-26 73.76 73.76 67.25 67.25
2015-04-07 139.47 143.0 135.75 135.75
2015-04-10 154.06 154.46 139.0 139.0
2015-06-01 224.05 228.26 209.48 209.48
2015-11-04 42.8 42.8 39.08 39.08
2016-01-26 39.84 39.84 39.84 39.84
2016-01-27 35.86 35.86 35.86 35.86
2016-02-02 30.85 31.52 30.1 30.1
2016-02-15 29.6 29.98 28.66 28.66
2016-09-27 29.67 29.7 29.23 29.23
2016-10-25 30.39 30.68 30.15 30.15
2017-02-06 23.44 23.56 23.22 23.22
2017-04-20 23.2 23.2 21.09 21.09
