1994-09-26 16.79 16.88 16.02 16.02
1994-10-19 11.44 11.5 11.0 11.0
1994-11-18 11.94 11.94 11.51 11.51
1994-11-22 11.83 12.37 11.69 11.69
1994-12-15 11.8 12.0 11.22 11.22
1995-01-27 9.78 9.78 8.97 8.97
1995-02-08 9.14 9.27 9.12 9.12
1995-02-09 9.38 9.39 9.1 9.1
1995-02-14 9.46 9.49 9.25 9.25
1995-03-02 9.51 9.65 9.2 9.2
1995-03-16 11.59 11.6 11.0 11.0
1995-03-24 13.45 13.5 12.8 12.8
1995-04-06 9.08 9.09 8.77 8.77
1995-04-19 8.83 8.89 8.72 8.72
1995-05-02 7.8 7.85 7.4 7.4
1995-05-03 7.75 7.88 7.65 7.65
1995-05-09 7.66 7.74 7.52 7.52
1995-05-12 7.73 7.98 7.4 7.4
1995-06-08 11.29 11.85 11.2 11.2
1995-06-21 10.19 10.2 10.0 10.0
1995-07-17 10.23 10.39 9.5 9.5
1995-07-26 9.92 10.4 9.9 9.9
1995-08-03 10.08 10.25 9.9 9.9
1995-08-04 10.2 10.31 10.15 10.15
1995-08-16 10.7 10.9 10.62 10.62
1995-10-05 8.66 8.67 8.45 8.45
1995-10-10 8.18 8.42 8.01 8.01
1995-10-18 8.54 8.58 8.31 8.31
1995-11-03 8.75 8.78 8.65 8.65
1995-11-21 8.27 8.34 8.2 8.2
1995-11-27 8.16 8.25 8.11 8.11
1995-12-04 8.12 8.15 8.05 8.05
1995-12-08 8.05 8.18 8.02 8.02
1996-01-10 6.83 6.9 6.7 6.7
1996-01-19 6.43 6.45 6.25 6.25
1996-01-23 6.41 6.44 6.39 6.39
1996-01-26 6.47 6.58 6.26 6.26
1996-01-29 6.59 6.6 6.46 6.46
1996-02-07 6.8 6.85 6.65 6.65
1996-02-09 6.84 6.85 6.78 6.78
1996-02-16 7.73 7.76 7.49 7.49
1996-03-07 8.2 8.21 8.03 8.03
1996-04-12 8.18 8.3 8.18 8.18
1996-04-18 9.13 9.18 8.9 8.9
1996-04-19 9.86 9.9 9.18 9.18
1996-04-26 8.11 8.68 7.32 7.32
1996-05-15 7.82 7.82 7.48 7.48
1996-05-28 7.3 7.35 7.16 7.16
1996-06-05 8.19 8.25 7.7 7.7
1996-06-12 8.89 9.3 8.58 8.58
1996-07-15 13.45 13.7 12.55 12.55
1996-07-18 14.15 14.2 13.3 13.3
1996-07-24 15.2 15.5 14.51 14.51
1996-08-12 14.33 14.45 13.85 13.85
1996-08-20 14.07 14.17 13.92 13.92
1996-08-21 14.3 14.4 14.07 14.07
1996-08-27 14.04 14.06 13.85 13.85
1996-09-23 11.93 12.0 10.8 10.8
1996-10-08 11.82 12.09 11.6 11.6
1996-10-10 11.84 12.0 11.6 11.6
1996-10-23 12.05 12.05 11.5 11.5
1996-11-15 11.08 11.18 10.8 10.8
1996-12-02 12.1 12.15 11.3 11.3
1996-12-16 11.16 11.16 11.16 11.16
1996-12-17 10.04 10.98 10.04 10.04
1996-12-25 10.39 10.5 10.02 10.02
1997-01-08 10.62 10.78 10.45 10.45
1997-01-09 10.97 11.08 10.58 10.58
1997-01-13 11.18 11.4 11.12 11.12
1997-01-31 11.64 11.8 11.45 11.45
1997-02-17 12.12 12.36 11.7 11.7
1997-02-19 11.99 12.0 11.15 11.15
1997-02-20 11.78 11.9 10.79 10.79
1997-02-21 12.96 12.96 11.76 11.76
1997-03-06 14.7 14.8 14.5 14.5
1997-03-21 18.3 18.48 16.8 16.8
1997-04-03 22.18 22.2 20.8 20.8
1997-05-20 12.68 12.87 12.5 12.5
1997-05-22 11.07 11.96 11.07 11.07
1997-06-06 11.87 12.3 11.6 11.6
1997-06-16 12.05 12.2 11.8 11.8
1997-06-20 12.2 12.25 11.63 11.63
1997-07-17 10.98 10.98 10.5 10.5
1997-07-30 10.75 10.8 10.5 10.5
1997-08-12 10.86 11.19 10.74 10.74
1997-09-01 11.18 11.2 10.87 10.87
1997-10-15 9.47 9.5 9.4 9.4
1997-10-17 10.4 10.55 9.8 9.8
1997-10-27 10.75 10.8 10.2 10.2
1997-11-26 9.25 9.3 9.2 9.2
1997-12-05 9.2 9.41 9.13 9.13
1997-12-09 9.32 9.4 9.2 9.2
1997-12-26 10.7 10.94 10.5 10.5
1997-12-31 11.17 11.24 10.91 10.91
1998-01-05 11.42 11.5 11.27 11.27
1998-01-06 11.83 12.17 11.55 11.55
1998-01-16 11.52 11.81 11.35 11.35
1998-01-22 12.19 12.2 11.7 11.7
1998-01-23 12.64 12.78 12.2 12.2
1998-03-17 13.75 13.98 13.7 13.7
1998-04-10 9.95 10.05 9.8 9.8
1998-04-23 9.44 9.56 9.35 9.35
1998-04-28 9.72 9.92 9.66 9.66
1998-05-18 10.4 10.4 9.7 9.7
1998-05-26 9.84 10.08 9.75 9.75
1998-05-29 9.87 9.89 9.68 9.68
1998-06-18 9.27 9.38 9.15 9.15
1998-06-19 9.43 9.49 9.3 9.3
1998-07-15 9.45 9.58 9.38 9.38
1998-07-17 9.35 9.49 9.33 9.33
1998-07-30 9.2 9.3 9.15 9.15
1998-07-31 9.22 9.25 9.2 9.2
1998-08-03 9.31 9.5 9.24 9.24
1998-08-19 7.86 7.92 7.3 7.3
1998-09-03 7.52 7.54 7.28 7.28
1998-09-04 7.55 7.59 7.52 7.52
1998-09-07 8.0 8.15 7.7 7.7
1998-09-25 7.6 7.6 7.4 7.4
1998-10-13 7.41 7.55 7.4 7.4
1998-10-28 7.17 7.23 7.13 7.13
1998-11-06 7.4 7.46 7.3 7.3
1998-12-08 7.63 7.68 7.5 7.5
1998-12-24 7.42 7.48 7.4 7.4
1999-01-06 7.15 7.24 7.08 7.08
1999-01-08 7.3 7.33 7.18 7.18
1999-01-14 7.25 7.32 7.2 7.2
1999-02-02 7.33 7.36 7.27 7.27
1999-02-03 7.4 7.65 7.3 7.3
1999-02-09 7.34 7.35 7.16 7.16
1999-03-19 8.75 8.88 8.65 8.65
1999-03-22 8.76 8.95 8.76 8.76
1999-04-05 8.93 9.1 8.83 8.83
1999-04-26 8.4 8.65 8.32 8.32
1999-04-29 8.32 8.36 8.23 8.23
1999-05-11 4.69 4.75 4.6 4.6
1999-05-27 5.24 5.3 5.15 5.15
1999-06-04 4.86 4.91 4.8 4.8
1999-06-08 5.09 5.15 5.0 5.0
1999-06-28 7.13 7.13 6.7 6.7
1999-07-23 6.22 6.35 6.15 6.15
1999-08-17 6.16 6.23 6.1 6.1
1999-08-27 6.32 6.42 6.3 6.3
1999-08-30 6.72 6.74 6.35 6.35
1999-09-09 6.68 6.7 6.42 6.42
1999-09-24 6.35 6.45 6.32 6.32
1999-09-29 6.21 6.27 6.2 6.2
1999-10-12 6.04 6.1 5.95 5.95
1999-10-26 5.55 5.6 5.53 5.53
1999-12-07 5.21 5.28 5.2 5.2
1999-12-28 5.05 5.16 5.02 5.02
2000-01-12 5.77 6.06 5.58 5.58
2000-03-03 5.85 5.93 5.78 5.78
2000-03-22 5.7 5.79 5.64 5.64
2000-04-24 7.59 7.59 7.21 7.21
2000-06-13 7.92 7.98 7.6 7.6
2000-07-07 8.5 8.55 8.27 8.27
2000-07-17 8.97 9.29 8.9 8.9
2000-08-15 8.39 8.39 8.15 8.15
2000-09-12 7.48 7.5 7.36 7.36
2000-09-26 6.83 6.85 6.71 6.71
2000-09-27 6.96 6.97 6.85 6.85
2000-11-17 7.57 7.67 7.52 7.52
2000-11-28 7.26 7.28 7.19 7.19
2000-12-01 7.18 7.2 7.15 7.15
2000-12-19 6.9 6.94 6.86 6.86
2001-01-02 7.21 7.28 7.05 7.05
2001-01-03 7.3 7.38 7.22 7.22
2001-01-10 7.42 7.45 7.38 7.38
2001-01-12 7.56 7.62 7.48 7.48
2001-01-18 7.39 7.48 7.38 7.38
2001-02-09 7.16 7.24 7.11 7.11
2001-02-14 7.2 7.25 7.16 7.16
2001-03-01 7.01 7.03 6.98 6.98
2001-03-02 7.05 7.06 7.01 7.01
2001-03-08 7.08 7.1 6.98 6.98
2001-03-15 6.81 6.86 6.8 6.8
2001-03-22 7.34 7.48 7.2 7.2
2001-04-18 7.38 7.64 7.25 7.25
2001-04-27 7.09 7.1 7.05 7.05
2001-05-08 7.12 7.15 7.09 7.09
2001-05-30 7.17 7.22 7.12 7.12
2001-05-31 7.26 7.34 7.17 7.17
2001-06-28 5.88 5.95 5.88 5.88
2001-07-20 5.67 5.68 5.6 5.6
2001-08-01 5.2 5.2 5.05 5.05
2001-08-09 5.1 5.1 5.01 5.01
2001-08-29 4.78 4.87 4.72 4.72
2001-10-29 5.38 5.44 5.33 5.33
2001-11-19 5.25 5.28 5.2 5.2
2001-12-21 4.79 4.82 4.75 4.75
2001-12-28 4.8 4.81 4.76 4.76
2001-12-31 4.81 4.85 4.8 4.8
2002-01-30 4.05 4.1 3.96 3.96
2002-01-31 4.3 4.35 4.1 4.1
2002-02-05 4.54 4.64 4.35 4.35
2002-03-05 4.44 4.48 4.36 4.36
2002-03-06 4.49 4.59 4.46 4.46
2002-04-26 4.85 4.88 4.8 4.8
2002-05-14 4.91 4.98 4.87 4.87
2002-06-06 4.07 4.08 3.9 3.9
2002-06-20 4.01 4.04 4.0 4.0
2002-07-18 4.77 4.85 4.58 4.58
2002-08-16 4.48 4.56 4.4 4.4
2002-08-22 4.54 4.58 4.51 4.51
2002-08-29 4.52 4.62 4.48 4.48
2002-09-03 4.49 4.52 4.47 4.47
2002-09-10 4.35 4.38 4.34 4.34
2002-10-16 4.1 4.14 4.08 4.08
2002-10-29 4.09 4.1 4.05 4.05
2002-11-01 4.1 4.11 4.06 4.06
2002-12-03 3.84 3.86 3.76 3.76
2002-12-16 3.83 3.83 3.75 3.75
2002-12-23 3.9 4.0 3.84 3.84
2003-01-24 3.96 4.0 3.86 3.86
2003-02-27 4.03 4.04 4.0 4.0
2003-03-14 3.8 3.84 3.8 3.8
2003-03-24 3.83 3.83 3.82 3.82
2003-04-09 4.08 4.1 3.94 3.94
2003-04-14 4.6 4.6 4.25 4.25
2003-07-01 3.79 3.82 3.77 3.77
2003-07-03 3.84 3.84 3.8 3.8
2003-07-08 3.96 3.98 3.83 3.83
2003-07-29 3.82 3.82 3.79 3.79
2003-09-01 3.8 3.81 3.72 3.72
2003-09-08 3.71 3.74 3.7 3.7
2003-09-09 3.76 3.78 3.7 3.7
2003-10-17 3.8 3.8 3.76 3.76
2003-10-21 3.79 3.79 3.75 3.75
2003-10-22 3.85 3.88 3.79 3.79
2003-10-31 3.72 3.77 3.7 3.7
2003-11-04 3.87 3.94 3.77 3.77
2003-11-13 3.87 3.92 3.85 3.85
2003-12-22 4.05 4.05 3.86 3.86
2003-12-25 4.17 4.2 4.12 4.12
2004-01-05 4.25 4.27 4.14 4.14
2004-01-13 4.51 4.59 4.4 4.4
2004-01-16 4.47 4.47 4.39 4.39
2004-02-04 4.55 4.56 4.42 4.42
2004-02-27 4.45 4.45 4.4 4.4
2004-03-05 4.72 4.75 4.45 4.45
2004-03-16 4.79 4.85 4.72 4.72
2004-03-17 4.93 4.93 4.79 4.79
2004-03-31 4.78 4.79 4.7 4.7
2004-04-06 4.88 4.88 4.76 4.76
2004-04-20 4.7 4.74 4.65 4.65
2004-05-11 4.45 4.47 4.41 4.41
2004-05-26 3.84 3.86 3.8 3.8
2004-06-21 3.66 3.67 3.61 3.61
2004-06-22 3.68 3.7 3.65 3.65
2004-07-02 3.79 3.88 3.58 3.58
2004-07-21 3.7 3.78 3.66 3.66
2004-07-28 3.59 3.6 3.54 3.54
2004-09-02 3.54 3.54 3.45 3.45
2004-09-14 3.65 3.66 3.53 3.53
2004-10-26 3.25 3.27 3.18 3.18
2004-11-15 3.33 3.34 3.2 3.2
2004-11-18 3.3 3.31 3.26 3.26
2004-11-26 3.32 3.32 3.28 3.28
2004-12-03 3.3 3.34 3.28 3.28
2005-01-05 3.09 3.09 3.05 3.05
2005-01-11 3.15 3.18 3.12 3.12
2005-04-13 2.85 2.87 2.82 2.82
2005-04-19 2.73 2.74 2.68 2.68
2005-05-11 2.04 2.07 2.01 2.01
2005-06-08 2.21 2.24 2.07 2.07
2005-06-22 2.2 2.21 2.16 2.16
2005-06-27 2.23 2.24 2.2 2.2
2005-07-22 1.63 1.65 1.59 1.59
2005-08-05 1.87 1.87 1.81 1.81
2005-08-24 1.99 2.0 1.95 1.95
2005-09-05 2.14 2.14 2.1 2.1
2005-09-29 2.02 2.03 1.97 1.97
2005-11-18 1.78 1.78 1.72 1.72
2005-11-24 1.79 1.81 1.77 1.77
2005-11-25 1.8 1.8 1.78 1.78
2005-11-29 1.76 1.8 1.75 1.75
2005-12-01 1.73 1.75 1.72 1.72
2005-12-15 1.74 1.76 1.72 1.72
2005-12-22 1.72 1.72 1.71 1.71
2005-12-27 1.9 1.94 1.77 1.77
2006-01-13 1.96 1.97 1.9 1.9
2006-01-17 2.02 2.07 1.98 1.98
2006-02-07 2.06 2.07 2.02 2.02
2006-03-29 1.97 1.98 1.95 1.95
2006-04-03 1.93 1.94 1.91 1.91
2006-06-02 2.16 2.16 2.16 2.16
2006-06-05 2.38 2.38 2.38 2.38
2006-06-06 2.62 2.62 2.62 2.62
2006-06-07 2.88 2.88 2.88 2.88
2006-10-09 2.0 2.02 1.98 1.98
2006-10-24 2.09 2.1 2.01 2.01
2006-11-02 2.21 2.3 2.14 2.14
2006-12-04 2.39 2.41 2.26 2.26
2006-12-25 2.33 2.34 2.25 2.25
2007-02-15 3.48 3.48 3.21 3.21
2007-03-26 4.72 4.79 4.52 4.52
2007-04-02 5.37 5.4 5.19 5.19
2007-04-24 7.34 7.6 7.13 7.13
2007-06-05 5.98 6.0 5.11 5.11
2007-07-02 4.69 4.71 4.39 4.39
2007-07-20 4.72 4.75 4.57 4.57
2007-07-23 5.19 5.19 4.74 4.74
2007-07-24 5.29 5.71 5.18 5.18
2007-08-20 6.07 6.12 5.98 5.98
2007-10-19 6.31 6.35 6.16 6.16
2007-11-23 5.76 5.77 5.6 5.6
2007-12-03 5.69 5.73 5.64 5.64
2007-12-19 6.07 6.12 6.01 6.01
2008-01-23 5.78 5.83 5.47 5.47
2008-01-29 5.92 5.98 5.75 5.75
2008-02-04 5.88 5.9 5.57 5.57
2008-02-14 5.85 5.95 5.81 5.81
2008-03-25 5.58 5.62 5.35 5.35
2008-06-11 3.61 3.68 3.61 3.61
2008-06-26 2.94 2.94 2.94 2.94
2008-07-09 2.98 2.98 2.88 2.88
2008-08-12 2.38 2.41 2.38 2.38
2008-08-19 2.12 2.15 2.07 2.07
2008-08-29 2.06 2.09 2.01 2.01
2008-09-12 1.75 1.75 1.75 1.75
2008-09-16 1.84 1.84 1.84 1.84
2008-10-08 2.11 2.11 1.98 1.98
2008-10-28 1.82 1.83 1.74 1.74
2008-11-05 1.72 1.74 1.68 1.68
2008-11-07 1.72 1.72 1.66 1.66
2009-01-09 2.07 2.09 2.0 2.0
2009-01-19 2.14 2.16 2.13 2.13
2009-02-16 3.2 3.2 3.2 3.2
2009-02-27 2.83 2.87 2.83 2.83
2009-03-04 2.78 2.78 2.65 2.65
2009-05-19 3.39 3.39 3.39 3.39
2009-06-02 3.31 3.38 3.27 3.27
2009-06-23 3.76 3.85 3.49 3.49
2009-06-24 3.65 3.8 3.6 3.6
2009-08-20 3.16 3.17 3.03 3.03
2009-09-11 3.21 3.22 3.11 3.11
2009-09-14 3.24 3.26 3.2 3.2
2009-11-12 3.62 3.62 3.62 3.62
2009-11-30 3.77 3.77 3.6 3.6
2009-12-23 3.62 3.63 3.55 3.55
2010-01-08 3.64 3.65 3.58 3.58
2010-01-12 3.71 3.72 3.66 3.66
2010-01-21 3.6 3.62 3.55 3.55
2010-02-02 3.21 3.25 3.2 3.2
2010-02-22 3.31 3.33 3.27 3.27
2010-03-05 3.54 3.55 3.47 3.47
2010-03-16 3.39 3.39 3.35 3.35
2010-03-24 3.46 3.47 3.44 3.44
2010-04-02 3.54 3.6 3.45 3.45
2010-05-18 3.26 3.29 3.18 3.18
2010-05-24 3.24 3.25 3.12 3.12
2010-07-14 3.02 3.06 3.0 3.0
2010-07-28 3.09 3.11 3.03 3.03
2010-08-17 3.18 3.27 3.13 3.13
2010-08-30 3.14 3.15 3.1 3.1
2010-09-27 3.02 3.03 2.99 2.99
2010-09-30 2.98 2.99 2.93 2.93
2010-10-11 3.1 3.1 3.06 3.06
2010-12-09 3.46 3.58 3.44 3.44
2011-03-04 3.39 3.46 3.32 3.32
2011-03-14 3.48 3.48 3.28 3.28
2011-04-01 3.49 3.53 3.37 3.37
2011-04-07 3.66 3.66 3.66 3.66
2011-04-08 3.84 3.84 3.84 3.84
2011-04-11 4.03 4.03 4.03 4.03
2011-04-25 4.96 5.15 4.96 4.96
2011-04-26 4.71 4.71 4.71 4.71
2011-04-27 4.47 4.47 4.47 4.47
2011-04-28 4.25 4.25 4.25 4.25
2011-04-29 4.41 4.46 4.04 4.04
2011-07-22 3.53 3.56 3.47 3.47
2011-09-21 3.31 3.34 3.22 3.22
2011-10-27 2.78 2.82 2.76 2.76
2011-12-20 2.11 2.16 2.1 2.1
2011-12-30 2.02 2.04 2.0 2.0
2012-01-17 2.1 2.11 2.0 2.0
2012-02-03 2.25 2.28 2.19 2.19
2012-02-22 2.37 2.39 2.33 2.33
2012-03-02 2.48 2.54 2.44 2.44
2012-03-05 2.51 2.54 2.48 2.48
2012-03-30 2.11 2.12 2.08 2.08
2012-05-07 2.09 2.09 2.03 2.03
2012-05-17 2.05 2.06 2.02 2.02
2012-05-22 2.06 2.07 2.05 2.05
2012-06-05 2.06 2.08 2.03 2.03
2012-06-13 2.11 2.14 2.07 2.07
2012-07-03 2.05 2.08 2.0 2.0
2012-07-18 1.92 1.92 1.89 1.89
2012-07-30 1.78 1.78 1.78 1.78
2012-07-31 1.69 1.69 1.69 1.69
2012-08-01 1.62 1.68 1.61 1.61
2012-08-22 1.76 1.76 1.76 1.76
2012-08-23 1.94 1.94 1.94 1.94
2012-08-24 2.13 2.13 2.13 2.13
2012-09-19 2.1 2.12 2.06 2.06
2012-09-26 2.15 2.25 2.05 2.05
2012-10-16 2.19 2.22 2.17 2.17
2012-10-19 2.34 2.42 2.29 2.29
2012-10-25 2.96 3.15 2.86 2.86
2012-11-12 2.64 2.74 2.56 2.56
2012-11-23 2.46 2.49 2.45 2.45
2012-11-30 2.31 2.35 2.21 2.21
2012-12-24 2.68 2.73 2.64 2.64
2012-12-25 2.72 2.74 2.65 2.65
2013-01-15 2.69 2.7 2.64 2.64
2013-01-18 2.74 2.8 2.66 2.66
2013-01-29 2.94 2.94 2.7 2.7
2013-02-08 2.84 2.84 2.79 2.79
2013-02-18 2.85 2.87 2.84 2.84
2013-02-20 2.86 2.89 2.8 2.8
2013-02-25 2.79 2.81 2.76 2.76
2013-03-19 2.65 2.65 2.6 2.6
2013-03-27 2.69 2.7 2.64 2.64
2013-04-09 2.52 2.52 2.45 2.45
2013-04-11 2.48 2.53 2.48 2.48
2013-04-18 2.46 2.52 2.38 2.38
2013-04-19 2.49 2.5 2.44 2.44
2013-04-24 2.43 2.45 2.39 2.39
2013-05-06 2.5 2.52 2.48 2.48
2013-05-15 2.5 2.51 2.47 2.47
2013-05-21 2.57 2.59 2.55 2.55
2013-05-22 2.58 2.6 2.56 2.56
2013-05-24 2.62 2.69 2.55 2.55
2013-06-14 2.36 2.37 2.34 2.34
2013-07-09 2.05 2.08 2.04 2.04
2013-07-11 2.16 2.18 2.09 2.09
2013-07-15 2.15 2.17 2.12 2.12
2013-07-18 2.14 2.17 2.13 2.13
2013-07-23 2.13 2.14 2.08 2.08
2013-08-05 2.12 2.13 2.09 2.09
2013-08-12 2.18 2.18 2.14 2.14
2013-08-22 2.15 2.19 2.14 2.14
2013-08-26 2.23 2.26 2.2 2.2
2013-08-29 2.24 2.28 2.19 2.19
2013-08-30 2.27 2.3 2.22 2.22
2013-09-03 2.3 2.33 2.27 2.27
2013-10-18 2.38 2.44 2.28 2.28
2013-10-25 2.64 2.73 2.47 2.47
2013-12-18 2.42 2.44 2.41 2.41
2013-12-30 2.34 2.38 2.31 2.31
2014-01-21 2.21 2.23 2.17 2.17
2014-02-10 2.28 2.29 2.23 2.23
2014-05-20 2.26 2.28 2.25 2.25
2014-05-26 2.25 2.27 2.24 2.24
2014-05-28 2.26 2.27 2.24 2.24
2014-06-03 2.22 2.23 2.21 2.21
2014-06-26 2.16 2.17 2.14 2.14
2014-06-30 2.25 2.26 2.19 2.19
2014-07-03 2.28 2.29 2.24 2.24
2014-07-10 2.24 2.28 2.21 2.21
2014-07-11 2.25 2.25 2.23 2.23
2014-07-28 2.36 2.39 2.33 2.33
2014-08-04 2.4 2.4 2.35 2.35
2014-08-08 2.45 2.48 2.42 2.42
2014-08-18 2.53 2.53 2.47 2.47
2014-10-29 3.12 3.15 3.03 3.03
2014-11-18 3.2 3.23 3.14 3.14
2014-11-26 3.47 3.58 3.35 3.35
2014-12-04 3.86 3.86 3.49 3.49
2014-12-11 3.8 3.81 3.67 3.67
2015-02-26 3.88 3.93 3.82 3.82
2015-03-16 4.48 4.57 4.34 4.34
2015-03-18 4.83 4.93 4.68 4.68
2015-04-13 5.64 5.69 5.58 5.58
2015-04-22 5.79 5.86 5.59 5.59
2015-05-08 5.82 5.83 5.63 5.63
2015-07-08 3.32 3.32 3.32 3.32
2015-07-09 3.65 3.65 2.99 2.99
2015-07-16 4.41 4.61 3.95 3.95
2015-08-05 4.72 4.72 4.72 4.72
2015-08-13 8.14 8.14 7.42 7.42
2015-08-19 9.76 9.76 7.98 7.98
2015-08-25 6.4 6.4 6.4 6.4
2015-09-02 5.74 6.68 5.74 5.74
2015-09-11 6.17 6.38 6.0 6.0
2015-09-16 5.5 5.5 4.99 4.99
2015-09-24 5.83 5.83 5.27 5.27
2015-10-12 6.68 6.68 6.08 6.08
2015-10-15 7.04 7.29 6.53 6.53
2016-02-04 5.34 5.43 5.26 5.26
2016-03-07 5.26 5.33 5.2 5.2
2016-04-13 5.67 5.8 5.62 5.62
2016-06-17 4.49 4.56 4.46 4.46
2016-07-07 5.17 5.26 5.1 5.1
2016-07-21 5.1 5.13 5.07 5.07
2016-08-02 4.78 4.79 4.75 4.75
2016-08-12 4.9 4.93 4.81 4.81
2016-08-18 4.99 5.04 4.96 4.96
2016-09-01 4.89 5.04 4.85 4.85
2016-09-13 4.86 4.88 4.83 4.83
2016-09-19 4.88 4.92 4.85 4.85
2016-09-30 5.29 5.45 5.16 5.16
2016-10-10 5.45 5.67 5.3 5.3
2016-10-24 5.57 5.63 5.45 5.45
2016-10-26 6.74 6.74 6.74 6.74
2016-11-17 7.47 7.47 7.47 7.47
2016-12-21 5.95 5.97 5.87 5.87
2017-01-20 5.56 5.63 5.52 5.52
2017-05-31 4.66 4.77 4.64 4.64
2017-06-07 4.75 4.79 4.67 4.67
2017-06-15 5.13 5.35 4.91 4.91
2017-07-20 4.76 4.86 4.69 4.69
2017-07-31 4.78 4.83 4.73 4.73
2017-08-14 4.69 4.69 4.63 4.63
2017-08-17 4.75 4.78 4.7 4.7
