1993-03-11 18.9 20.0 17.22 17.22
1993-04-08 22.0 23.9 17.8 17.8
1993-04-13 22.2 22.5 19.13 19.13
1993-05-13 18.65 18.65 18.1 18.1
1993-07-12 13.8 13.81 13.2 13.2
1993-07-13 14.05 14.37 13.8 13.8
1993-07-15 14.14 14.8 13.5 13.5
1993-07-19 14.1 14.54 13.8 13.8
1993-07-22 13.75 13.8 13.6 13.6
1993-07-23 13.91 13.94 13.8 13.8
1993-07-28 12.2 12.95 12.0 12.0
1993-09-17 10.45 10.5 10.25 10.25
1993-10-07 16.2 20.0 13.8 13.8
1993-12-07 19.7 23.0 17.6 17.6
1994-02-02 16.2 16.2 15.8 15.8
1994-02-03 16.28 16.57 16.21 16.21
1994-03-25 15.18 15.5 14.8 14.8
1994-09-28 13.25 13.28 12.6 12.6
1994-11-29 10.44 10.47 10.2 10.2
1995-01-27 7.83 7.88 7.7 7.7
1995-02-20 7.21 7.28 7.08 7.08
1995-02-21 7.25 7.33 7.1 7.1
1995-03-16 7.64 7.68 7.48 7.48
1995-04-25 7.57 7.6 7.48 7.48
1995-05-12 7.13 7.3 6.98 6.98
1995-06-09 9.42 9.58 9.35 9.35
1995-06-19 8.22 8.3 8.15 8.15
1995-06-20 8.22 8.47 8.2 8.2
1995-08-04 8.59 8.72 8.55 8.55
1995-09-11 8.45 8.52 8.3 8.3
1995-09-29 7.95 8.08 7.76 7.76
1995-10-04 7.89 7.99 7.89 7.89
1995-10-06 7.91 8.05 7.9 7.9
1995-10-10 7.7 7.98 7.7 7.7
1995-10-13 7.7 7.93 7.4 7.4
1995-11-06 8.19 8.2 8.08 8.08
1995-11-14 7.78 7.99 7.71 7.71
1995-11-20 7.8 7.84 7.65 7.65
1995-11-24 7.7 7.77 7.62 7.62
1995-12-15 7.43 7.44 7.3 7.3
1996-01-03 6.65 6.65 6.5 6.5
1996-01-10 6.6 6.7 6.51 6.51
1996-01-15 6.55 6.65 6.32 6.32
1996-01-17 6.44 6.66 6.43 6.43
1996-01-23 6.12 6.13 6.05 6.05
1996-01-24 6.12 6.16 6.1 6.1
1996-01-29 6.16 6.16 6.06 6.06
1996-01-31 6.29 6.29 6.0 6.0
1996-02-06 6.02 6.05 6.0 6.0
1996-02-07 6.05 6.1 6.02 6.02
1996-02-08 6.06 6.07 6.02 6.02
1996-02-09 6.1 6.11 6.05 6.05
1996-02-13 6.1 6.2 6.0 6.0
1996-02-15 6.26 6.4 6.01 6.01
1996-03-25 6.59 6.62 6.58 6.58
1996-03-29 6.45 6.48 6.34 6.34
1996-04-12 7.0 7.18 6.99 6.99
1996-04-15 7.06 7.1 6.95 6.95
1996-05-09 7.5 7.75 7.4 7.4
1996-06-03 6.4 6.51 6.35 6.35
1996-06-07 6.85 7.0 6.78 6.78
1996-09-11 6.08 6.13 6.0 6.0
1996-09-13 6.38 6.38 6.0 6.0
1996-10-10 6.81 6.88 6.58 6.58
1996-11-29 7.7 7.76 7.35 7.35
1996-12-02 8.6 8.6 7.88 7.88
1996-12-05 9.24 9.5 9.01 9.01
1997-01-15 6.91 6.97 6.81 6.81
1997-02-20 7.85 7.9 6.61 6.61
1997-03-26 8.7 8.7 8.5 8.5
1997-05-29 9.12 9.3 9.1 9.1
1997-07-18 6.9 7.0 6.75 6.75
1997-07-25 6.75 6.96 6.46 6.46
1997-08-25 6.93 6.99 6.8 6.8
1997-08-29 7.88 7.89 7.5 7.5
1997-09-01 8.4 8.41 8.0 8.0
1997-09-08 8.56 8.65 8.33 8.33
1997-09-10 8.4 8.48 8.1 8.1
1997-11-27 6.75 6.91 6.6 6.6
1998-01-06 8.47 8.6 7.89 7.89
1998-03-27 8.79 8.95 8.3 8.3
1998-04-01 9.65 9.7 9.1 9.1
1998-04-07 11.72 11.72 10.72 10.72
1998-04-08 12.89 12.89 12.01 12.01
1998-05-05 12.59 12.75 12.04 12.04
1998-05-13 14.15 14.48 13.17 13.17
1998-06-02 14.6 14.78 14.05 14.05
1998-07-10 12.16 12.35 11.8 11.8
1998-07-31 12.75 12.9 12.41 12.41
1998-08-03 13.3 13.58 12.7 12.7
1998-08-19 9.73 9.79 9.0 9.0
1998-08-21 10.12 10.24 9.6 9.6
1998-09-09 11.5 11.5 10.58 10.58
1998-10-07 12.44 12.57 12.3 12.3
1998-10-08 12.8 12.8 12.4 12.4
1998-10-12 13.95 14.07 13.0 13.0
1998-11-13 12.9 12.9 12.15 12.15
1999-01-08 10.81 11.08 10.5 10.5
1999-03-18 10.38 10.55 10.38 10.38
1999-03-23 10.7 10.79 10.32 10.32
1999-03-29 10.74 10.75 10.33 10.33
1999-06-17 11.88 11.99 11.2 11.2
1999-06-21 12.58 12.58 11.45 11.45
1999-06-28 14.28 14.48 13.25 13.25
1999-07-15 11.56 11.85 11.35 11.35
1999-07-23 11.88 12.2 11.68 11.68
1999-08-02 12.3 12.4 11.81 11.81
1999-10-19 12.1 12.28 11.8 11.8
1999-12-07 12.13 12.34 12.08 12.08
1999-12-08 12.28 12.37 12.13 12.13
2000-01-20 11.06 11.1 10.88 10.88
2000-05-08 15.45 15.48 14.85 14.85
2000-05-10 15.5 15.95 15.2 15.2
2000-05-15 15.17 15.28 14.83 14.83
2000-05-16 15.32 15.6 15.28 15.28
2000-05-17 15.61 15.78 15.32 15.32
2000-07-21 15.82 16.48 15.7 15.7
2000-08-28 18.29 18.29 17.6 17.6
2000-09-27 16.88 16.88 16.6 16.6
2000-09-29 16.85 16.9 16.41 16.41
2000-11-02 18.0 18.53 18.0 18.0
2000-11-06 18.9 19.24 18.6 18.6
2000-12-19 19.3 19.6 19.0 19.0
2001-03-20 18.52 19.1 17.4 17.4
2001-06-22 20.18 20.45 20.1 20.1
2001-07-10 19.73 19.84 19.61 19.61
2001-07-31 16.35 17.25 15.5 15.5
2001-08-01 17.1 17.22 16.38 16.38
2001-08-21 18.02 18.14 17.95 17.95
2001-08-22 17.76 18.02 17.5 17.5
2001-09-06 17.26 17.5 17.12 17.12
2001-09-24 16.52 16.85 16.5 16.5
2001-10-09 16.08 16.2 15.42 15.42
2001-10-10 15.58 15.88 15.35 15.35
2001-11-20 16.36 16.55 16.25 16.25
2001-12-06 16.24 16.37 16.0 16.0
2001-12-11 16.16 16.24 16.16 16.16
2001-12-25 15.98 16.0 15.58 15.58
2001-12-26 16.0 16.0 15.78 15.78
2002-01-31 14.41 14.6 13.57 13.57
2002-02-05 14.65 14.76 14.45 14.45
2002-02-07 14.61 14.8 14.0 14.0
2002-03-06 15.03 15.5 14.96 14.96
2002-07-05 14.73 14.9 14.6 14.6
2002-07-08 14.8 14.84 14.75 14.75
2002-07-12 14.36 14.47 14.17 14.17
2002-08-06 14.24 14.3 14.0 14.0
2002-08-08 14.03 14.3 14.0 14.0
2002-08-14 13.8 13.91 13.68 13.68
2002-08-19 13.66 13.9 13.53 13.53
2002-08-20 13.87 13.9 13.62 13.62
2002-08-21 13.9 14.01 13.83 13.83
2002-08-22 14.17 14.29 13.88 13.88
2002-08-26 14.24 14.35 14.1 14.1
2002-08-27 14.5 14.63 14.25 14.25
2002-10-22 13.9 13.99 13.68 13.68
2002-12-24 12.65 12.67 12.43 12.43
2002-12-27 12.04 12.2 11.98 11.98
2003-01-06 11.63 11.63 11.46 11.46
2003-02-25 12.66 12.76 12.4 12.4
2003-04-08 12.44 12.64 12.4 12.4
2003-05-14 10.25 10.3 9.95 9.95
2003-06-23 9.18 9.4 9.05 9.05
2003-09-03 8.55 8.61 8.31 8.31
2003-10-13 7.99 8.2 7.85 7.85
2003-10-14 8.0 8.09 7.91 7.91
2003-10-20 7.55 7.7 7.46 7.46
2003-10-31 6.42 6.54 6.28 6.28
2003-11-19 6.18 6.25 5.93 5.93
2003-11-20 6.55 6.58 6.12 6.12
2003-11-24 6.74 6.75 6.3 6.3
2003-11-26 7.08 7.25 6.75 6.75
2003-12-03 6.87 7.02 6.54 6.54
2004-01-07 5.74 5.77 5.45 5.45
2004-01-08 6.0 6.2 5.7 5.7
2004-01-09 6.05 6.19 6.01 6.01
2004-01-29 6.3 6.31 6.06 6.06
2004-04-29 6.01 6.18 5.98 5.98
2004-06-21 5.96 6.04 5.71 5.71
2004-06-22 6.14 6.2 6.0 6.0
2004-07-05 5.66 5.7 5.6 5.6
2004-07-06 5.72 5.88 5.7 5.7
2004-07-09 5.53 5.69 5.52 5.52
2004-08-04 4.9 4.98 4.6 4.6
2004-08-17 4.46 4.51 4.4 4.4
2004-08-24 4.5 4.55 4.3 4.3
2004-09-08 4.27 4.33 4.24 4.24
2004-09-14 4.33 4.37 4.02 4.02
2004-09-17 4.98 5.15 4.85 4.85
2004-11-03 3.95 3.96 3.75 3.75
2004-11-05 3.92 3.98 3.85 3.85
2004-11-12 4.11 4.21 4.0 4.0
2004-12-03 5.15 5.39 4.88 4.88
2004-12-22 5.11 5.12 4.7 4.7
2005-02-04 5.29 5.3 5.18 5.18
2005-02-16 5.39 5.49 5.29 5.29
2005-03-23 4.42 4.5 4.31 4.31
2005-03-24 4.61 4.61 4.4 4.4
2005-05-24 4.34 4.45 4.2 4.2
2005-06-01 4.67 4.84 4.55 4.55
2005-06-06 4.44 4.44 4.28 4.28
2005-06-08 4.9 4.95 4.44 4.44
2005-06-28 5.02 5.14 5.01 5.01
2005-07-18 3.89 4.0 3.86 3.86
2005-07-20 3.97 4.0 3.9 3.9
2005-07-26 4.55 4.68 4.42 4.42
2005-11-02 5.25 5.32 5.11 5.11
2006-03-13 5.03 5.03 4.9 4.9
2006-12-18 4.95 4.98 4.87 4.87
2007-01-10 5.18 5.18 5.03 5.03
2007-07-26 9.4 9.55 9.09 9.09
2007-07-27 9.42 9.63 9.23 9.23
2007-08-14 9.55 9.57 8.99 8.99
2008-08-12 7.43 7.69 7.11 7.11
2008-09-09 6.56 6.85 6.24 6.24
2008-12-08 6.86 6.86 6.86 6.86
2009-01-19 6.37 6.64 6.28 6.28
2009-01-21 6.32 6.4 6.18 6.18
2009-05-07 10.45 10.45 9.9 9.9
2009-05-12 10.13 10.14 9.54 9.54
2009-07-02 11.56 11.79 11.43 11.43
2009-09-17 13.17 13.58 12.8 12.8
2009-12-24 11.47 11.58 11.3 11.3
2010-07-01 10.12 10.12 9.2 9.2
2010-08-20 11.6 11.95 11.49 11.49
2010-08-26 11.88 12.0 11.8 11.8
2010-08-27 11.97 12.04 11.85 11.85
2010-09-01 12.08 12.43 11.85 11.85
2010-09-02 12.24 12.33 12.1 12.1
2010-09-06 12.77 12.77 12.21 12.21
2010-09-07 13.41 13.41 12.96 12.96
2010-09-28 12.1 12.1 12.1 12.1
2010-09-29 11.5 11.5 11.5 11.5
2010-10-27 10.79 10.97 10.62 10.62
2010-11-09 11.88 12.04 11.61 11.61
2010-11-10 12.47 12.47 11.77 11.77
2010-11-29 12.12 12.38 11.83 11.83
2010-12-01 12.08 12.15 11.88 11.88
2011-01-19 11.94 12.13 11.7 11.7
2011-02-09 12.88 13.17 12.31 12.31
2011-02-23 12.98 13.2 12.75 12.75
2012-07-31 7.77 7.77 7.77 7.77
2012-08-01 7.38 7.6 7.38 7.38
2012-08-21 8.8 8.8 8.35 8.35
2012-09-21 8.11 8.21 8.03 8.03
2012-10-08 8.37 8.46 8.18 8.18
2012-10-09 8.61 8.64 8.31 8.31
2012-11-01 8.92 8.95 8.73 8.73
2013-05-08 9.35 9.35 9.35 9.35
2013-05-30 10.29 10.29 9.83 9.83
2013-06-03 10.91 10.91 10.4 10.4
2013-06-05 10.94 11.09 10.63 10.63
2013-08-13 10.35 10.36 10.07 10.07
2013-09-27 10.05 10.09 9.92 9.92
2013-12-05 11.62 11.65 11.14 11.14
2014-01-03 11.35 11.37 11.05 11.05
2014-01-09 11.15 11.38 11.15 11.15
2014-01-15 10.95 11.11 10.9 10.9
2014-08-20 8.92 8.92 8.92 8.92
2014-08-21 9.81 9.81 9.81 9.81
2014-08-22 10.79 10.79 10.79 10.79
2014-08-25 11.87 11.87 11.87 11.87
2014-08-26 13.06 13.06 13.06 13.06
2014-08-27 14.37 14.37 14.37 14.37
2014-08-28 15.81 15.81 15.81 15.81
2014-10-08 16.05 16.28 15.87 15.87
2015-03-02 13.43 13.8 13.32 13.32
2015-04-02 17.06 17.1 16.13 16.13
2015-04-21 15.37 15.4 14.8 14.8
2015-04-22 15.78 15.93 15.45 15.45
2015-10-13 30.28 30.28 30.28 30.28
2015-10-14 27.25 27.25 27.25 27.25
2015-10-15 24.53 24.53 24.53 24.53
2015-10-16 22.08 22.08 22.08 22.08
2015-10-19 23.32 24.0 19.87 19.87
2016-02-04 14.97 15.27 14.73 14.73
2016-10-10 15.9 15.93 15.32 15.32
2016-10-17 16.14 16.59 15.93 15.93
2016-10-20 17.9 17.9 16.45 16.45
2017-03-20 20.62 20.8 20.0 20.0
2017-03-27 21.37 21.84 20.2 20.2
2017-04-05 21.19 21.43 20.55 20.55
2017-07-25 17.85 17.89 17.4 17.4
2017-08-16 17.86 18.15 17.79 17.79
