2002-10-16 23.6 24.05 23.26 23.26
2002-11-14 23.68 24.9 22.8 22.8
2002-12-25 22.76 22.95 22.7 22.7
2003-03-18 27.19 27.8 26.0 26.0
2003-04-03 29.12 29.2 28.5 28.5
2003-04-04 29.82 30.0 29.05 29.05
2003-04-15 31.99 32.38 30.2 30.2
2003-04-22 31.64 32.43 30.95 30.95
2003-04-28 31.23 31.42 30.2 30.2
2003-04-29 31.6 31.98 31.0 31.0
2003-04-30 33.52 34.0 31.62 31.62
2003-05-21 34.03 34.8 32.88 32.88
2003-05-30 37.59 37.86 37.0 37.0
2003-06-11 36.1 36.5 35.5 35.5
2003-07-01 19.31 19.49 18.9 18.9
2003-07-02 19.67 19.7 19.2 19.2
2003-07-03 19.63 19.8 19.5 19.5
2003-07-14 18.96 19.38 18.8 18.8
2003-07-29 19.83 19.98 18.76 18.76
2003-07-30 20.62 20.7 19.7 19.7
2003-08-04 21.37 21.5 20.6 20.6
2003-08-05 21.58 21.79 21.2 21.2
2003-08-19 20.96 21.1 20.7 20.7
2003-08-20 21.08 21.14 20.75 20.75
2003-08-21 21.01 21.12 20.85 20.85
2003-09-09 21.26 21.5 20.75 20.75
2003-09-10 21.09 21.4 20.86 20.86
2003-09-15 21.38 21.85 21.2 21.2
2003-10-20 20.56 20.69 20.45 20.45
2003-11-11 20.25 20.4 20.2 20.2
2003-12-17 20.86 20.97 20.2 20.2
2003-12-24 21.07 21.18 20.85 20.85
2004-01-12 21.06 21.3 20.88 20.88
2004-01-14 21.28 21.36 21.0 21.0
2004-01-29 21.55 21.65 21.12 21.12
2004-01-30 21.83 21.97 21.4 21.4
2004-02-03 22.85 23.0 21.8 21.8
2004-02-09 24.36 24.45 23.65 23.65
2004-02-19 24.52 24.68 24.18 24.18
2004-03-09 23.39 23.5 23.05 23.05
2004-03-10 23.53 23.6 23.2 23.2
2004-05-12 21.84 21.93 21.55 21.55
2004-05-20 21.76 21.85 21.65 21.65
2004-05-25 21.59 21.7 21.42 21.42
2004-05-31 21.85 21.88 21.6 21.6
2004-07-02 16.99 17.52 16.1 16.1
2004-07-19 11.77 11.77 10.77 10.77
2004-07-22 12.2 12.45 11.81 11.81
2004-07-29 11.85 12.09 11.6 11.6
2004-08-03 11.4 11.68 11.25 11.25
2004-08-10 11.29 11.65 10.73 10.73
2004-08-31 9.27 9.4 9.05 9.05
2004-09-14 8.39 8.49 8.16 8.16
2004-09-20 11.03 11.03 10.05 10.05
2004-09-21 11.52 12.1 11.15 11.15
2004-11-22 10.9 11.04 10.63 10.63
2004-11-29 11.04 11.76 10.66 10.66
2004-12-03 11.65 11.89 10.83 10.83
2004-12-06 11.79 12.48 11.7 11.7
2004-12-22 11.98 11.98 10.89 10.89
2004-12-24 11.49 11.66 11.28 11.28
2005-01-05 11.59 11.9 11.21 11.21
2005-02-02 9.42 9.42 8.56 8.56
2005-02-22 9.96 10.18 9.6 9.6
2005-03-25 9.12 9.28 9.03 9.03
2005-04-19 8.46 8.5 8.35 8.35
2005-05-12 6.77 6.94 6.75 6.75
2005-07-18 7.09 7.56 7.02 7.02
2005-07-19 7.24 7.28 7.04 7.04
2005-07-20 7.19 7.31 7.18 7.18
2005-08-03 7.86 8.12 7.45 7.45
2005-08-08 8.3 8.4 8.05 8.05
2005-08-22 8.07 8.19 7.7 7.7
2005-08-24 8.02 8.12 7.9 7.9
2005-09-13 8.63 8.65 8.42 8.42
2005-09-21 8.48 8.86 8.43 8.43
2005-11-30 7.2 7.22 7.12 7.12
2005-12-07 6.75 6.81 6.52 6.52
2006-01-18 7.87 7.87 7.65 7.65
2006-02-24 7.68 7.72 7.59 7.59
2006-03-01 7.84 7.87 7.75 7.75
2006-03-03 7.76 7.77 7.6 7.6
2006-03-15 7.44 7.45 7.3 7.3
2006-03-17 7.68 7.77 7.39 7.39
2006-04-11 8.53 8.53 8.53 8.53
2006-10-11 4.86 4.94 4.78 4.78
2006-10-20 5.47 5.47 4.97 4.97
2006-10-24 5.55 5.74 5.21 5.21
2006-11-09 5.07 5.08 4.93 4.93
2006-11-17 4.62 4.66 4.57 4.57
2006-11-21 4.57 4.58 4.48 4.48
2006-12-05 5.23 5.39 4.9 4.9
2006-12-18 4.97 4.98 4.84 4.84
2006-12-21 5.04 5.15 5.0 5.0
2006-12-27 5.14 5.28 5.04 5.04
2007-01-08 6.57 6.57 5.91 5.91
2007-01-11 7.87 8.0 7.51 7.51
2007-01-19 8.52 8.6 7.92 7.92
2007-01-22 9.37 9.37 8.68 8.68
2007-02-06 9.89 10.02 9.28 9.28
2007-02-07 10.39 10.83 9.89 9.89
2007-02-13 11.3 11.49 11.05 11.05
2007-03-15 10.85 10.98 10.25 10.25
2007-03-22 12.49 12.49 11.39 11.39
2007-04-09 14.97 15.37 14.75 14.75
2007-04-20 17.21 17.37 15.9 15.9
2007-04-23 18.29 18.88 17.36 17.36
2007-05-15 18.01 18.6 17.54 17.54
2007-05-17 18.74 18.83 18.19 18.19
2007-06-13 18.16 18.69 17.94 17.94
2007-06-18 17.87 17.9 16.97 16.97
2007-07-06 15.47 15.6 14.32 14.32
2007-07-11 16.03 16.18 15.42 15.42
2007-07-20 16.2 16.3 15.8 15.8
2007-08-01 18.98 20.47 18.8 18.8
2007-08-02 19.73 20.0 19.18 19.18
2007-08-16 17.73 17.9 17.35 17.35
2007-09-12 19.13 19.48 18.46 18.46
2007-09-26 18.92 19.45 18.63 18.63
2007-09-28 19.56 19.82 18.96 18.96
2007-10-08 19.85 20.4 19.3 19.3
2007-10-19 22.49 22.74 20.73 20.73
2007-11-14 21.56 21.75 20.12 20.12
2007-11-23 21.84 21.9 20.51 20.51
2007-12-19 23.27 23.5 22.83 22.83
2007-12-25 25.14 25.87 24.61 24.61
2008-01-02 27.56 28.1 25.75 25.75
2008-01-11 28.99 29.3 27.62 27.62
2008-02-04 23.56 23.56 22.01 22.01
2008-02-28 23.62 23.62 22.2 22.2
2008-04-30 19.03 19.03 17.4 17.4
2008-06-02 20.82 21.05 20.3 20.3
2008-07-17 21.37 21.79 20.8 20.8
2008-07-18 22.31 22.62 21.25 21.25
2008-09-04 6.84 6.91 6.41 6.41
2008-09-24 7.38 7.51 7.22 7.22
2008-11-10 5.07 5.08 4.75 4.75
2008-11-13 5.54 5.64 5.08 5.08
2008-11-28 6.99 7.06 6.6 6.6
2008-12-10 7.52 7.55 7.21 7.21
2008-12-17 6.85 7.07 6.74 6.74
2008-12-25 7.48 7.66 7.27 7.27
2009-01-14 9.21 9.29 8.41 8.41
2009-03-05 12.87 13.05 12.35 12.35
2009-03-17 14.64 15.08 14.0 14.0
2009-04-07 14.0 14.15 13.7 13.7
2009-04-23 13.81 13.97 13.53 13.53
2009-05-11 12.67 12.99 12.57 12.57
2009-06-03 15.3 15.38 14.35 14.35
2009-06-24 11.87 11.95 11.52 11.52
2009-07-10 13.7 14.0 12.9 12.9
2009-08-20 13.69 13.75 12.89 12.89
2009-10-22 15.79 16.0 15.35 15.35
2009-11-03 17.04 17.21 16.51 16.51
2009-11-16 19.18 19.54 18.36 18.36
2009-12-16 23.1 23.45 21.5 21.5
2009-12-25 22.67 23.16 21.66 21.66
2010-01-13 24.43 25.27 24.08 24.08
2010-01-15 25.77 25.86 24.7 24.7
2010-02-11 22.22 22.51 21.82 21.82
2010-02-24 23.2 23.28 22.6 22.6
2010-03-01 24.15 24.19 23.3 23.3
2010-03-08 24.43 24.7 24.02 24.02
2010-03-17 19.39 19.47 18.36 18.36
2010-04-29 22.77 22.77 22.77 22.77
2010-05-04 22.97 23.45 22.0 22.0
2010-05-13 21.81 21.87 20.99 20.99
2010-05-14 22.78 22.93 21.91 21.91
2010-05-20 21.21 21.69 20.95 20.95
2010-05-28 23.42 23.85 22.85 22.85
2010-07-06 17.24 17.96 16.86 16.86
2010-08-05 20.24 20.44 19.99 19.99
2010-08-13 19.76 20.0 19.46 19.46
2010-08-16 20.92 20.95 19.8 19.8
2010-08-23 21.89 22.23 20.65 20.65
2010-08-31 22.2 22.48 21.7 21.7
2010-10-08 21.78 22.13 21.22 21.22
2010-10-19 19.8 19.92 19.37 19.37
2010-10-27 20.24 20.58 20.08 20.08
2010-11-01 22.24 22.24 20.22 20.22
2010-11-08 23.73 24.05 23.01 23.01
2010-11-24 27.28 27.77 25.22 25.22
2010-12-31 23.84 23.94 23.12 23.12
2011-01-13 23.09 23.25 22.7 22.7
2011-01-18 20.12 20.35 19.7 19.7
2011-01-19 20.57 20.7 19.94 19.94
2011-01-31 20.1 20.34 19.9 19.9
2011-02-11 21.51 21.73 20.39 20.39
2011-03-14 20.95 21.3 20.52 20.52
2011-03-28 20.64 21.3 19.41 19.41
2011-06-24 15.24 15.32 14.56 14.56
2011-07-13 16.82 17.01 16.53 16.53
2011-07-22 15.79 16.04 15.28 15.28
2011-07-27 16.29 16.36 15.42 15.42
2011-08-03 16.05 16.15 15.7 15.7
2011-08-18 15.72 16.21 15.4 15.4
2011-10-14 12.46 12.65 12.17 12.17
2011-11-14 14.14 14.29 13.75 13.75
2012-01-17 9.73 9.76 8.9 8.9
2012-03-08 10.9 10.92 10.51 10.51
2012-04-18 10.04 10.05 9.82 9.82
2012-07-20 9.18 9.29 9.01 9.01
2012-07-26 8.69 8.76 8.53 8.53
2012-09-12 9.94 10.3 9.86 9.86
2012-10-09 8.92 8.93 8.62 8.62
2012-10-18 8.89 8.98 8.74 8.74
2012-10-23 8.94 9.05 8.9 8.9
2012-11-01 8.46 8.55 8.38 8.38
2012-12-07 7.72 7.76 7.37 7.37
2012-12-14 8.05 8.17 7.63 7.63
2012-12-31 8.76 9.06 8.61 8.61
2013-01-25 8.75 8.83 8.63 8.63
2013-01-28 9.06 9.13 8.76 8.76
2013-01-29 9.36 9.42 9.06 9.06
2013-02-20 13.2 13.2 11.9 11.9
2013-03-19 14.28 14.56 13.73 13.73
2013-04-01 13.16 13.4 12.88 12.88
2013-04-17 13.2 13.24 12.69 12.69
2013-04-19 13.99 14.09 13.05 13.05
2013-04-22 14.54 14.59 13.85 13.85
2013-05-06 14.71 14.9 14.08 14.08
2013-05-27 16.04 16.07 15.33 15.33
2013-09-16 16.11 16.4 15.67 15.67
2013-09-27 15.98 16.19 15.81 15.81
2013-09-30 16.49 16.56 16.05 16.05
2013-10-11 18.0 18.15 17.02 17.02
2013-10-17 19.76 20.16 18.6 18.6
2013-11-20 22.34 22.4 20.5 20.5
2013-12-06 21.17 21.7 20.16 20.16
2014-01-07 21.92 21.95 20.25 20.25
2014-02-26 21.6 21.87 21.12 21.12
2014-03-03 22.23 22.24 21.5 21.5
2014-04-18 20.25 20.59 20.02 20.02
2014-05-22 16.79 17.08 16.57 16.57
2014-06-09 17.89 17.9 17.1 17.1
2014-06-16 18.56 19.01 18.5 18.5
2014-07-11 17.13 17.32 16.9 16.9
2014-07-23 17.04 17.39 16.67 16.67
2014-07-25 17.57 17.7 17.26 17.26
2014-08-11 19.74 19.8 18.97 18.97
2014-09-12 19.8 20.02 19.69 19.69
2014-09-19 18.58 18.63 18.33 18.33
2014-09-23 18.71 18.74 18.29 18.29
2014-10-20 20.06 20.13 19.69 19.69
2014-10-24 20.1 20.29 19.85 19.85
2014-11-26 21.69 21.88 20.9 20.9
2014-12-17 18.67 18.93 18.43 18.43
2015-01-15 18.35 18.45 17.96 17.96
2015-01-21 18.44 18.52 18.22 18.22
2015-02-02 18.12 18.41 18.0 18.0
2015-02-25 19.94 20.34 19.81 19.81
2015-04-13 26.7 27.3 26.08 26.08
2015-04-21 24.82 24.96 23.78 23.78
2015-05-04 25.78 25.93 24.65 24.65
2015-10-26 26.68 26.68 26.68 26.68
2015-10-27 24.01 24.01 24.01 24.01
2015-12-11 21.6 21.8 21.18 21.18
2015-12-30 23.13 23.28 22.49 22.49
2016-02-16 14.76 14.85 14.1 14.1
2016-02-19 15.13 15.2 14.92 14.92
2016-03-07 13.44 13.74 13.14 13.14
2016-03-21 14.71 14.71 14.71 14.71
2016-04-11 15.9 16.1 15.52 15.52
2016-04-13 15.85 16.15 15.73 15.73
2016-05-03 15.84 15.9 15.32 15.32
2016-05-23 14.08 14.09 13.78 13.78
2016-06-01 14.85 15.1 14.67 14.67
2016-06-14 14.7 14.75 14.4 14.4
2016-06-15 15.69 15.78 14.43 14.43
2016-06-27 16.77 16.8 16.16 16.16
2016-07-04 16.82 16.97 16.38 16.38
2016-07-07 16.74 16.79 16.5 16.5
2016-08-05 7.76 7.92 7.72 7.72
2016-12-16 8.18 8.19 8.01 8.01
2017-01-25 7.85 7.88 7.77 7.77
2017-02-10 8.09 8.16 8.01 8.01
2017-04-11 8.27 8.28 8.0 8.0
2017-04-21 7.98 8.08 7.89 7.89
2017-04-25 7.99 8.13 7.81 7.81
2017-05-12 7.69 7.8 7.6 7.6
2017-05-15 7.77 7.88 7.72 7.72
2017-05-18 7.78 7.89 7.72 7.72
2017-05-31 7.56 7.75 7.53 7.53
2017-06-13 7.54 7.57 7.46 7.46
2017-07-05 8.0 8.04 7.92 7.92
2017-07-12 8.12 8.12 7.89 7.89
2017-07-20 8.8 8.86 8.5 8.5
