2006-12-06 3.37 3.4 3.2 3.2
2007-02-01 4.15 4.15 3.66 3.66
2007-02-26 5.32 5.37 5.06 5.06
2007-04-20 6.89 7.03 6.5 6.5
2007-04-23 7.23 7.48 7.02 7.02
2007-05-08 10.0 10.0 10.0 10.0
2007-11-29 7.5 7.55 7.31 7.31
2007-12-19 8.23 8.43 8.13 8.13
2008-02-04 7.32 7.34 6.8 6.8
2008-02-14 7.77 7.8 7.35 7.35
2008-03-19 6.79 6.79 6.79 6.79
2008-03-20 7.04 7.1 6.45 6.45
2008-03-21 6.69 6.83 6.69 6.69
2008-06-04 4.87 4.87 4.7 4.7
2008-06-10 4.62 4.66 4.62 4.62
2008-06-11 4.39 4.39 4.39 4.39
2008-06-24 3.41 3.45 3.33 3.33
2008-08-14 3.32 3.37 3.13 3.13
2008-09-08 3.35 3.39 3.17 3.17
2008-09-25 2.85 2.88 2.75 2.75
2008-11-04 1.61 1.62 1.52 1.52
2008-11-07 1.65 1.65 1.52 1.52
2008-11-10 1.73 1.73 1.64 1.64
2009-01-13 2.91 3.0 2.88 2.88
2009-02-06 3.24 3.24 3.17 3.17
2009-02-16 3.54 3.54 3.37 3.37
2009-02-17 3.72 3.72 3.56 3.56
2009-02-23 3.72 3.72 3.48 3.48
2009-02-25 3.98 4.08 3.75 3.75
2009-03-04 3.82 3.82 3.73 3.73
2009-04-09 4.52 4.53 4.36 4.36
2009-04-17 4.48 4.57 4.37 4.37
2009-05-14 4.59 4.59 4.39 4.39
2009-05-19 5.31 5.31 5.31 5.31
2009-05-20 5.58 5.58 5.58 5.58
2009-05-25 5.69 5.69 5.18 5.18
2009-07-09 7.38 7.48 7.3 7.3
2009-07-27 8.09 8.19 7.98 7.98
2009-07-28 8.13 8.17 8.02 8.02
2009-07-31 7.81 7.81 7.44 7.44
2009-09-04 7.17 7.32 7.15 7.15
2009-11-12 6.79 6.94 6.77 6.77
2009-11-19 6.96 6.97 6.8 6.8
2009-11-20 7.31 7.31 7.31 7.31
2009-11-23 7.68 7.68 7.68 7.68
2010-03-05 7.37 7.4 7.18 7.18
2010-06-07 6.45 6.54 6.24 6.24
2010-07-14 7.08 7.25 7.0 7.0
2011-06-01 5.92 5.96 5.8 5.8
2011-06-03 5.93 5.95 5.78 5.78
2011-06-07 6.03 6.06 5.9 5.9
2011-06-13 6.34 6.34 6.04 6.04
2011-07-08 6.75 6.75 6.46 6.46
2011-08-24 7.4 7.55 7.28 7.28
2011-09-21 7.37 7.43 7.09 7.09
2011-10-25 6.65 6.73 6.3 6.3
2011-10-26 6.62 6.74 6.6 6.6
2011-10-31 7.04 7.04 7.04 7.04
2012-02-14 6.7 6.77 6.59 6.59
2012-03-19 6.9 6.96 6.77 6.77
2012-03-23 6.86 6.93 6.77 6.77
2012-05-02 7.02 7.04 6.8 6.8
2012-06-08 6.88 6.91 6.82 6.82
2012-06-13 7.12 7.17 7.0 7.0
2012-06-14 7.12 7.14 7.07 7.07
2012-07-19 7.29 7.39 7.23 7.23
2012-07-24 7.44 7.47 7.35 7.35
2012-07-30 6.69 6.89 6.69 6.69
2012-07-31 6.36 6.36 6.36 6.36
2012-08-01 6.5 6.68 6.04 6.04
2012-08-06 6.66 6.76 6.45 6.45
2012-08-09 7.13 7.16 7.01 7.01
2012-08-13 7.26 7.47 7.25 7.25
2012-08-27 8.33 8.33 7.91 7.91
2012-08-31 8.19 8.22 7.7 7.7
2012-12-07 6.25 6.26 6.05 6.05
2013-01-16 7.8 8.0 7.55 7.55
2013-01-18 8.08 8.2 7.92 7.92
2013-01-31 8.5 8.77 8.33 8.33
2013-02-04 8.6 8.76 8.24 8.24
2013-02-06 8.73 8.95 8.47 8.47
2013-05-03 8.5 8.57 8.33 8.33
2013-08-07 7.19 7.38 7.13 7.13
2013-10-24 8.59 8.77 8.42 8.42
2013-10-30 8.04 8.1 7.93 7.93
2013-11-20 9.52 9.55 9.3 9.3
2013-11-25 9.47 9.52 9.16 9.16
2014-01-22 8.89 8.92 8.4 8.4
2014-01-24 9.02 9.07 8.83 8.83
2014-04-01 9.69 9.72 9.46 9.46
2014-10-28 11.48 11.51 11.23 11.23
2015-01-15 11.44 11.44 11.18 11.18
2015-01-22 12.17 12.36 11.95 11.95
2015-01-26 12.97 13.08 12.25 12.25
2015-01-29 13.1 13.12 12.35 12.35
2015-03-09 17.03 17.6 16.41 16.41
2015-03-16 17.25 17.5 16.81 16.81
2015-07-14 12.35 12.35 12.35 12.35
2015-07-16 11.93 12.35 10.6 10.6
2015-07-23 14.91 15.2 14.19 14.19
2015-09-09 11.99 11.99 11.99 11.99
2015-09-10 13.19 13.19 13.19 13.19
2015-09-11 14.51 14.51 14.51 14.51
2015-09-14 15.96 15.96 15.96 15.96
2015-09-16 19.32 19.32 15.8 15.8
2015-09-21 18.72 19.48 17.3 17.3
2015-09-22 20.59 20.59 18.52 18.52
2015-11-02 24.24 25.18 24.24 24.24
2015-11-09 24.66 25.4 24.1 24.1
2016-07-14 24.37 24.8 24.09 24.09
2016-08-18 23.53 24.39 23.48 23.48
2016-09-30 20.12 20.23 20.01 20.01
2016-10-11 20.56 20.76 20.43 20.43
2016-11-04 21.31 22.0 20.11 20.11
2017-01-23 19.01 19.19 18.96 18.96
2017-02-06 19.11 19.5 18.69 18.69
2017-03-16 19.14 19.15 18.88 18.88
2017-06-02 7.0 7.17 6.75 6.75
2017-06-07 7.12 7.18 6.9 6.9
2017-06-08 7.21 7.32 7.08 7.08
