2004-09-20 10.33 10.34 9.88 9.88
2005-05-24 4.74 4.78 4.63 4.63
2005-05-30 4.93 4.98 4.83 4.83
2005-06-06 4.93 4.93 4.77 4.77
2005-07-26 4.29 4.33 4.2 4.2
2005-08-11 4.75 4.78 4.7 4.7
2005-08-17 4.74 4.8 4.37 4.37
2005-08-24 4.45 4.48 4.41 4.41
2006-01-05 4.27 4.29 4.15 4.15
2006-12-04 4.19 4.23 4.12 4.12
2006-12-05 4.22 4.29 4.19 4.19
2006-12-11 4.05 4.07 3.9 3.9
2006-12-28 4.8 5.01 4.63 4.63
2007-01-19 5.39 5.39 4.93 4.93
2007-01-29 5.4 5.44 5.26 5.26
2007-03-15 6.38 6.5 6.22 6.22
2007-04-16 9.32 9.5 8.88 8.88
2007-04-20 8.85 8.88 8.5 8.5
2007-04-26 9.1 9.19 8.95 8.95
2007-04-30 9.1 9.15 8.88 8.88
2007-05-15 11.29 12.22 11.19 11.19
2007-05-16 11.69 12.2 11.3 11.3
2007-05-22 13.92 13.92 12.8 12.8
2007-06-26 11.8 11.84 10.98 10.98
2007-06-27 12.42 12.5 11.9 11.9
2007-07-03 11.29 11.29 10.36 10.36
2007-07-23 11.54 11.59 10.92 10.92
2007-07-24 11.88 12.28 11.61 11.61
2008-02-04 14.83 15.0 13.92 13.92
2008-04-07 9.61 9.61 8.99 8.99
2008-08-28 4.98 5.08 4.91 4.91
2009-03-04 8.43 8.58 7.99 7.99
2009-04-29 9.47 9.56 8.99 8.99
2009-04-30 10.02 10.07 9.48 9.48
2009-05-04 10.25 10.5 10.0 10.0
2009-09-11 8.33 8.43 8.24 8.24
2009-09-14 8.51 8.57 8.27 8.27
2009-10-23 8.93 9.09 8.68 8.68
2010-03-31 9.43 9.5 9.24 9.24
2010-09-20 11.64 11.8 11.25 11.25
2011-05-12 15.47 15.58 15.46 15.46
2011-05-16 15.6 15.72 15.51 15.51
2011-06-17 15.54 15.79 15.53 15.53
2011-06-24 15.79 15.85 15.28 15.28
2011-07-01 15.99 16.19 15.68 15.68
2011-07-07 17.39 17.8 16.5 16.5
2011-08-25 17.3 17.38 16.93 16.93
2011-09-08 16.14 16.44 15.92 15.92
2011-09-13 15.68 15.85 15.57 15.57
2011-09-21 16.15 16.23 15.92 15.92
2011-11-10 16.13 16.29 16.05 16.05
2012-01-20 15.53 15.54 15.3 15.3
2012-02-02 15.95 16.0 15.81 15.81
2012-02-08 16.28 16.43 16.08 16.08
