2001-04-27 23.8 24.0 23.26 23.26
2001-05-10 24.51 24.84 24.0 24.0
2001-05-14 24.71 24.8 24.25 24.25
2001-05-21 26.09 26.1 24.51 24.51
2001-05-31 26.01 26.75 25.95 25.95
2001-06-05 26.9 27.06 26.38 26.38
2001-06-11 25.28 25.78 25.06 25.06
2001-06-12 25.66 25.81 25.32 25.32
2001-06-15 25.67 25.88 25.39 25.39
2001-07-27 22.7 23.0 22.41 22.41
2001-08-01 22.0 22.0 21.3 21.3
2001-08-09 22.4 22.68 21.9 21.9
2001-08-10 22.54 22.85 21.98 21.98
2001-08-14 23.39 23.85 22.85 22.85
2001-08-17 23.85 23.85 23.38 23.38
2001-08-31 22.12 22.29 21.85 21.85
2001-09-05 22.7 22.9 22.41 22.41
2001-12-10 19.99 20.0 19.6 19.6
2002-02-27 23.58 23.61 22.6 22.6
2002-03-19 23.99 24.98 23.8 23.8
2002-03-22 23.87 23.89 23.3 23.3
2002-03-25 25.29 25.8 23.6 23.6
2002-03-28 14.05 14.26 13.93 13.93
2002-04-03 13.46 13.7 13.28 13.28
2002-04-10 14.26 14.63 13.08 13.08
2002-04-29 14.38 14.48 14.04 14.04
2002-05-30 13.1 13.2 13.0 13.0
2002-06-18 12.94 12.98 12.68 12.68
2002-06-21 13.0 13.1 12.68 12.68
2002-06-25 14.03 14.38 13.9 13.9
2002-08-02 13.29 13.32 13.16 13.16
2002-08-05 13.27 13.35 13.1 13.1
2002-08-07 13.21 13.31 13.1 13.1
2002-08-20 12.97 13.04 12.68 12.68
2002-08-28 13.11 13.17 12.78 12.78
2002-09-27 12.62 12.65 12.51 12.51
2002-10-10 12.27 12.41 12.01 12.01
2002-10-18 11.69 11.69 11.3 11.3
2002-11-14 9.07 9.57 8.87 8.87
2002-11-15 8.87 9.07 8.62 8.62
2002-12-31 7.47 7.72 7.41 7.41
2003-01-03 7.58 7.61 7.45 7.45
2003-01-10 8.35 8.88 8.14 8.14
2003-05-30 7.33 7.38 7.24 7.24
2003-06-12 7.27 7.27 7.21 7.21
2003-06-17 7.21 7.25 7.15 7.15
2003-06-24 7.01 7.03 6.9 6.9
2003-06-30 7.2 7.24 7.12 7.12
2004-01-14 5.19 5.34 5.1 5.1
2004-01-29 5.34 5.35 5.15 5.15
2004-08-30 4.07 4.09 4.03 4.03
2004-09-02 4.19 4.19 4.05 4.05
2004-12-14 4.17 4.26 4.12 4.12
2005-03-11 4.69 4.73 4.6 4.6
2005-05-30 3.3 3.33 3.2 3.2
2005-06-02 3.35 3.38 3.26 3.26
2005-06-27 3.39 3.4 3.34 3.34
2005-06-29 3.28 3.34 3.25 3.25
2005-07-19 2.54 2.57 2.47 2.47
2005-10-11 3.29 3.3 3.2 3.2
2005-10-12 3.36 3.4 3.29 3.29
2005-11-14 3.04 3.06 2.99 2.99
2005-11-18 3.13 3.15 3.05 3.05
2005-11-23 3.04 3.09 3.0 3.0
2005-11-24 3.08 3.13 3.04 3.04
2005-11-30 3.07 3.08 3.01 3.01
2005-12-16 3.0 3.0 2.96 2.96
2005-12-22 2.93 2.95 2.91 2.91
2005-12-23 2.99 3.0 2.93 2.93
2005-12-26 3.04 3.05 3.0 3.0
2006-03-20 3.42 3.43 3.33 3.33
2006-03-27 3.56 3.6 3.41 3.41
2006-05-11 6.34 6.34 6.34 6.34
2006-11-01 5.47 5.51 5.39 5.39
2006-12-29 8.3 8.41 7.92 7.92
2007-01-19 10.6 10.62 9.88 9.88
2007-02-12 9.13 9.23 9.0 9.0
2007-02-15 10.1 10.18 9.38 9.38
2007-05-08 17.58 17.58 17.58 17.58
2007-06-07 14.16 14.3 13.28 13.28
2007-06-08 14.76 15.16 14.2 14.2
2007-06-15 17.6 17.6 16.2 16.2
2007-07-20 14.71 14.85 14.28 14.28
2007-07-23 15.49 15.73 14.65 14.65
2007-07-24 16.05 16.75 15.6 15.6
2007-07-26 16.74 17.27 16.38 16.38
2007-09-20 18.61 18.7 17.3 17.3
2007-09-24 19.3 19.79 18.37 18.37
2007-10-09 19.8 20.27 18.41 18.41
2008-02-15 17.75 17.75 16.18 16.18
2008-02-20 18.41 19.09 18.1 18.1
2008-03-11 17.48 17.9 17.0 17.0
2009-02-13 6.17 6.25 5.95 5.95
2009-05-04 7.56 7.6 6.96 6.96
2009-11-27 14.26 14.76 13.68 13.68
2009-12-07 15.63 15.88 15.37 15.37
2010-04-01 15.97 16.05 15.68 15.68
2010-04-08 16.51 16.88 16.27 16.27
2010-07-09 9.97 10.05 9.45 9.45
2010-08-23 11.11 11.26 11.06 11.06
2010-08-27 11.47 11.56 11.1 11.1
2010-10-11 13.03 13.48 12.64 12.64
2010-10-13 14.35 14.9 13.9 13.9
2011-07-13 15.83 16.0 15.45 15.45
2011-07-15 17.11 17.88 16.32 16.32
2011-11-04 11.46 11.69 11.32 11.32
2011-11-14 11.74 11.9 11.16 11.16
2011-11-17 11.36 11.6 11.33 11.33
2012-07-17 9.02 9.06 8.88 8.88
2012-07-24 9.17 9.26 9.05 9.05
2012-08-01 8.43 8.5 8.22 8.22
2012-10-09 9.14 9.15 8.86 8.86
2012-12-12 8.02 8.15 7.75 7.75
2012-12-14 8.12 8.18 7.72 7.72
2013-03-27 8.14 8.22 8.1 8.1
2013-05-06 7.29 7.34 7.14 7.14
2013-05-08 8.15 8.15 7.89 7.89
2013-05-13 7.84 8.03 7.8 7.8
2013-08-28 6.57 6.65 6.42 6.42
2013-08-29 6.74 6.79 6.52 6.52
2013-11-15 6.18 6.24 6.09 6.09
2013-11-20 6.36 6.47 6.3 6.3
2013-12-04 6.24 6.28 6.14 6.14
2014-01-24 5.95 5.99 5.88 5.88
2014-01-28 5.92 5.97 5.9 5.9
2014-02-10 6.09 6.1 5.92 5.92
2014-02-12 6.14 6.19 6.07 6.07
2014-03-17 5.86 5.87 5.82 5.82
2014-05-29 6.06 6.15 5.9 5.9
2014-07-28 7.18 7.34 7.01 7.01
2014-10-24 7.26 7.33 6.94 6.94
2015-07-13 9.46 9.46 9.46 9.46
2015-07-14 10.41 10.41 10.41 10.41
2015-07-22 12.65 13.0 12.03 12.03
2015-07-28 11.21 12.55 11.12 11.12
2015-12-09 10.85 11.0 10.59 10.59
2016-01-18 8.32 8.5 8.04 8.04
2016-02-16 8.04 8.14 7.74 7.74
2016-06-17 7.92 8.02 7.87 7.87
2016-06-22 7.94 7.94 7.78 7.78
2016-07-13 9.23 9.32 9.1 9.1
2016-09-14 9.47 9.78 8.91 8.91
2017-01-03 8.53 8.57 8.43 8.43
2017-02-14 11.12 11.35 10.89 10.89
2017-07-05 8.24 8.28 8.17 8.17
2017-07-13 11.62 11.62 11.31 11.31
2017-07-19 13.16 13.16 11.82 11.82
