1997-03-31 12.61 12.7 12.3 12.3
1997-04-17 12.57 12.88 12.3 12.3
1997-05-12 14.98 14.98 14.02 14.02
1997-05-16 12.19 13.16 12.11 12.11
1997-05-19 12.66 12.87 12.32 12.32
1997-06-06 11.15 11.5 11.0 11.0
1997-06-13 10.59 10.59 9.46 9.46
1997-06-20 10.55 10.65 10.05 10.05
1997-07-18 9.23 9.28 8.61 8.61
1997-08-04 9.35 9.55 9.01 9.01
1997-08-07 9.15 9.18 8.7 8.7
1997-08-18 7.91 7.91 7.91 7.91
1997-08-20 7.85 7.9 7.53 7.53
1997-09-16 7.82 7.9 7.78 7.78
1997-09-19 7.9 7.9 7.8 7.8
1997-10-15 7.31 7.35 7.2 7.2
1997-10-27 7.88 8.0 7.4 7.4
1997-10-30 7.97 8.08 7.6 7.6
1997-11-05 8.54 8.7 8.43 8.43
1997-11-07 8.3 8.46 8.28 8.28
1997-11-13 8.2 8.26 7.98 7.98
1997-11-28 7.48 7.48 7.25 7.25
1997-12-19 7.55 7.58 7.25 7.25
1997-12-22 7.91 7.98 7.56 7.56
1997-12-25 8.45 8.55 8.1 8.1
1998-01-05 8.23 8.4 8.12 8.12
1998-01-14 8.5 8.55 8.32 8.32
1998-02-09 8.8 8.87 8.6 8.6
1998-03-04 8.2 8.25 8.1 8.1
1998-03-06 8.2 8.28 8.1 8.1
1998-03-24 7.91 7.91 7.8 7.8
1998-04-21 8.09 8.2 7.98 7.98
1998-05-11 8.95 9.25 8.8 8.8
1998-05-15 9.19 9.5 8.95 8.95
1998-05-29 8.16 8.33 8.13 8.13
1998-07-03 7.4 7.52 7.35 7.35
1998-07-10 7.69 7.72 7.5 7.5
1998-07-15 7.62 7.7 7.55 7.55
1998-07-20 8.16 8.25 8.03 8.03
1998-07-27 8.2 8.22 8.01 8.01
1998-09-07 6.8 6.83 6.62 6.62
1998-09-23 6.95 6.98 6.74 6.74
1998-10-13 6.65 6.73 6.6 6.6
1998-10-16 6.62 6.68 6.58 6.58
1998-10-29 6.24 6.25 6.18 6.18
1998-11-05 6.16 6.18 6.1 6.1
1998-11-06 6.23 6.3 6.2 6.2
1998-11-10 6.76 6.86 6.65 6.65
1998-11-16 6.6 6.72 6.51 6.51
1998-12-25 6.08 6.16 5.98 5.98
1999-01-25 6.06 6.17 5.98 5.98
1999-01-27 5.97 6.03 5.9 5.9
1999-02-09 5.52 5.52 5.4 5.4
1999-03-11 5.73 5.73 5.61 5.61
1999-03-15 5.85 5.88 5.77 5.77
1999-03-23 6.13 6.24 5.98 5.98
1999-04-01 5.81 5.84 5.77 5.77
1999-04-08 6.14 6.21 6.05 6.05
1999-04-20 5.87 5.87 5.65 5.65
1999-04-26 6.06 6.16 6.05 6.05
1999-04-29 6.14 6.17 6.05 6.05
1999-05-04 6.47 6.57 6.35 6.35
1999-05-11 5.96 6.0 5.8 5.8
1999-05-19 5.89 5.9 5.6 5.6
1999-07-16 7.42 7.5 7.3 7.3
1999-08-03 8.25 8.31 8.1 8.1
1999-08-19 7.68 7.8 7.5 7.5
1999-08-26 7.89 7.96 7.8 7.8
1999-09-07 7.55 7.7 7.5 7.5
1999-09-09 8.0 8.0 7.7 7.7
1999-09-13 7.98 7.99 7.8 7.8
1999-09-17 7.9 8.04 7.8 7.8
1999-09-22 7.7 7.85 7.61 7.61
1999-09-24 7.7 7.79 7.65 7.65
1999-10-22 7.04 7.1 6.85 6.85
1999-10-27 7.22 7.35 7.1 7.1
1999-10-29 7.1 7.17 7.03 7.03
1999-11-01 7.04 7.13 7.03 7.03
1999-12-29 6.25 6.3 6.2 6.2
1999-12-30 6.26 6.3 6.22 6.22
2000-01-04 6.4 6.43 6.28 6.28
2000-01-14 7.29 7.3 7.0 7.0
2000-02-24 6.9 7.05 6.76 6.76
2000-03-02 7.93 7.93 7.48 7.48
2000-03-17 8.23 8.35 7.9 7.9
2000-03-27 8.63 8.75 8.34 8.34
2000-04-06 8.59 8.6 8.3 8.3
2000-05-18 7.54 7.55 7.4 7.4
2000-05-22 7.78 7.98 7.7 7.7
2000-06-16 10.54 10.54 9.75 9.75
2000-06-27 9.82 10.0 9.66 9.66
2000-06-29 9.81 9.98 9.66 9.66
2000-08-01 10.72 10.88 10.62 10.62
2000-08-29 10.55 10.59 10.3 10.3
2000-09-07 9.39 9.7 9.2 9.2
2000-09-27 8.82 8.88 8.73 8.73
2000-09-29 8.87 8.9 8.73 8.73
2000-10-17 8.75 8.85 8.68 8.68
2000-10-18 8.9 8.97 8.8 8.8
2000-10-23 9.14 9.22 9.1 9.1
2000-10-25 9.18 9.32 9.08 9.08
2000-11-02 9.39 9.53 9.2 9.2
2000-11-28 9.7 9.75 9.5 9.5
2000-12-20 10.06 10.15 10.0 10.0
2000-12-21 10.25 10.36 10.07 10.07
2000-12-25 10.36 10.4 10.13 10.13
2000-12-29 10.18 10.25 10.15 10.15
2001-01-03 10.7 10.95 10.65 10.65
2001-01-10 11.31 11.5 10.86 10.86
2001-02-09 11.22 11.29 10.78 10.78
2001-05-08 10.56 10.56 10.37 10.37
2001-05-14 10.5 10.59 10.36 10.36
2001-05-24 10.22 10.4 10.2 10.2
2001-06-12 10.42 10.49 10.38 10.38
2001-07-11 10.25 10.35 10.2 10.2
2001-08-01 8.81 8.84 8.5 8.5
2001-08-03 8.64 8.75 8.6 8.6
2001-08-21 8.73 8.79 8.62 8.62
2001-10-16 7.61 7.74 7.52 7.52
2001-10-17 7.92 8.25 7.68 7.68
2001-11-06 8.52 8.66 8.4 8.4
2001-11-30 8.58 8.6 8.46 8.46
2001-12-03 8.7 8.71 8.58 8.58
2001-12-25 8.01 8.06 7.91 7.91
2002-01-31 7.03 7.14 6.6 6.6
2002-02-07 7.21 7.44 7.02 7.02
2002-03-05 7.36 7.41 7.22 7.22
2002-03-14 8.08 8.09 7.7 7.7
2002-04-03 7.46 7.5 7.39 7.39
2002-04-09 7.92 7.97 7.68 7.68
2002-04-23 8.05 8.17 7.88 7.88
2002-04-26 7.93 7.96 7.75 7.75
2002-05-15 7.72 7.82 7.7 7.7
2002-05-21 8.01 8.01 7.38 7.38
2002-06-11 7.49 7.51 7.33 7.33
2002-06-18 7.37 7.42 7.2 7.2
2002-06-26 8.51 8.55 8.01 8.01
2002-06-28 8.76 8.97 8.5 8.5
2002-07-05 8.7 8.88 8.4 8.4
2002-08-05 9.0 9.07 8.93 8.93
2002-08-08 9.04 9.19 9.03 9.03
2002-08-14 8.78 8.8 8.7 8.7
2002-08-20 8.79 8.83 8.6 8.6
2002-09-02 8.7 8.7 8.6 8.6
2002-09-19 8.25 8.3 8.05 8.05
2002-10-30 7.5 7.56 7.38 7.38
2002-11-25 6.65 6.66 6.49 6.49
2003-01-07 6.0 6.05 5.82 5.82
2003-02-11 7.14 7.14 6.55 6.55
2003-02-25 6.86 6.93 6.7 6.7
2003-03-19 6.84 6.85 6.64 6.64
2003-04-07 7.66 8.0 7.46 7.46
2003-04-21 8.64 8.87 8.2 8.2
2003-05-12 8.03 8.04 7.82 7.82
2003-06-24 7.2 7.24 7.15 7.15
2003-07-08 7.08 7.12 7.0 7.0
2003-09-02 6.65 6.8 6.6 6.6
2003-09-10 6.64 6.79 6.55 6.55
2003-10-09 6.1 6.17 6.08 6.08
2003-11-19 5.41 5.41 5.26 5.26
2003-11-20 5.8 5.91 5.55 5.55
2003-11-24 5.9 5.99 5.63 5.63
2003-12-01 5.86 5.88 5.75 5.75
2003-12-17 6.08 6.14 5.81 5.81
2003-12-29 5.74 5.83 5.71 5.71
2004-02-09 6.45 6.46 6.3 6.3
2004-02-16 6.81 6.85 6.6 6.6
2004-04-23 6.02 6.22 6.0 6.0
2004-05-18 5.45 5.48 5.35 5.35
2004-05-19 5.47 5.55 5.46 5.46
2004-05-24 5.43 5.48 5.42 5.42
2004-05-26 5.32 5.45 5.22 5.22
2004-05-27 5.4 5.49 5.32 5.32
2004-06-21 4.76 4.76 4.61 4.61
2004-07-06 4.72 4.74 4.62 4.62
2004-07-29 4.22 4.22 4.12 4.12
2004-08-09 4.18 4.2 4.16 4.16
2004-08-17 4.07 4.09 4.02 4.02
2004-09-14 3.88 3.91 3.72 3.72
2004-09-15 4.04 4.16 3.87 3.87
2004-09-17 4.18 4.21 4.08 4.08
2004-10-15 3.3 3.34 3.24 3.24
2004-11-18 3.33 3.34 3.28 3.28
2004-12-21 3.28 3.31 3.19 3.19
2005-03-21 2.89 2.93 2.85 2.85
2005-04-05 2.66 2.78 2.61 2.61
2005-04-06 2.72 2.76 2.65 2.65
2005-04-13 2.89 2.92 2.84 2.84
2005-05-17 2.61 2.63 2.53 2.53
2005-05-31 2.67 2.69 2.58 2.58
2005-06-03 2.7 2.72 2.64 2.64
2005-06-08 2.86 2.89 2.64 2.64
2005-07-12 2.44 2.44 2.35 2.35
2005-07-26 2.25 2.26 2.18 2.18
2005-08-25 2.71 2.74 2.64 2.64
2005-09-01 2.69 2.69 2.61 2.61
2005-09-28 2.46 2.5 2.45 2.45
2005-09-29 2.5 2.51 2.44 2.44
2005-11-07 2.89 2.9 2.77 2.77
2005-12-09 2.52 2.54 2.46 2.46
2005-12-23 2.53 2.55 2.49 2.49
2005-12-26 2.54 2.56 2.51 2.51
2006-01-18 2.7 2.72 2.62 2.62
2006-04-03 2.88 2.9 2.84 2.84
2006-04-26 2.83 2.83 2.76 2.76
2006-06-05 4.29 4.38 4.08 4.08
2006-06-16 3.8 3.82 3.74 3.74
2006-06-23 3.82 3.83 3.75 3.75
2006-08-07 4.28 4.28 4.28 4.28
2006-08-08 4.06 4.12 3.85 3.85
2006-08-21 4.0 4.05 3.85 3.85
2006-09-22 4.47 4.47 4.47 4.47
2006-09-27 4.49 4.58 4.45 4.45
2006-11-27 2.46 2.47 2.4 2.4
2007-01-08 3.18 3.19 2.93 2.93
2007-01-16 3.83 3.83 3.6 3.6
2007-02-15 3.81 3.82 3.68 3.68
2007-03-07 4.18 4.24 4.11 4.11
2007-03-26 5.05 5.08 4.8 4.8
2007-04-02 5.06 5.09 4.93 4.93
2007-04-17 6.13 6.18 5.86 5.86
2007-04-23 6.8 6.92 6.5 6.5
2007-05-10 8.63 8.75 8.41 8.41
2007-05-29 9.59 9.76 9.33 9.33
2007-06-05 5.99 6.1 5.66 5.66
2007-06-18 7.43 7.46 7.1 7.1
2007-07-02 6.9 6.92 6.5 6.5
2007-07-23 5.94 5.96 5.58 5.58
2007-08-02 5.93 6.03 5.76 5.76
2007-09-14 7.07 7.17 6.79 6.79
2007-09-28 6.99 7.05 6.93 6.93
2007-10-31 6.17 6.32 5.79 5.79
2007-11-06 5.92 6.05 5.87 5.87
2007-11-13 5.75 5.79 5.55 5.55
2007-11-19 5.96 5.97 5.81 5.81
2008-01-02 7.27 7.38 7.16 7.16
2008-01-09 7.22 7.25 7.0 7.0
2008-01-15 8.09 8.09 7.5 7.5
2008-02-14 7.99 7.99 7.32 7.32
2008-02-21 8.14 8.29 7.82 7.82
2008-02-29 8.24 8.32 8.11 8.11
2008-03-05 8.77 8.79 8.41 8.41
2008-05-06 6.46 6.75 6.4 6.4
2008-05-19 7.76 7.9 7.35 7.35
2008-06-11 5.48 5.61 5.48 5.48
2008-06-24 4.4 4.46 4.23 4.23
2008-07-02 4.49 4.58 4.36 4.36
2008-07-07 4.89 4.92 4.55 4.55
2008-09-03 3.75 3.85 3.69 3.69
2008-09-04 3.83 3.84 3.72 3.72
2008-10-07 3.46 3.55 3.2 3.2
2008-10-15 3.18 3.29 3.12 3.12
2008-11-10 2.96 2.97 2.78 2.78
2008-11-12 3.0 3.0 2.84 2.84
2008-11-24 3.58 3.69 3.38 3.38
2008-12-03 3.62 3.63 3.51 3.51
2009-01-09 3.67 3.72 3.55 3.55
2009-01-12 3.68 3.74 3.66 3.66
2009-02-06 4.09 4.12 3.94 3.94
2009-02-19 4.37 4.42 4.25 4.25
2009-02-25 4.75 4.76 4.53 4.53
2009-04-28 5.7 5.7 5.2 5.2
2009-06-18 5.7 5.72 5.53 5.53
2009-06-24 5.54 5.56 5.41 5.41
2009-07-09 5.69 5.74 5.62 5.62
2009-07-14 5.78 5.85 5.75 5.75
2009-07-20 5.99 6.05 5.8 5.8
2009-09-17 5.88 5.97 5.69 5.69
2009-10-19 5.41 5.44 5.33 5.33
2009-11-30 6.45 6.5 6.2 6.2
2009-12-10 7.04 7.14 7.01 7.01
2010-02-11 6.2 6.23 6.15 6.15
2010-02-24 6.41 6.48 6.16 6.16
2010-04-26 8.63 8.8 8.13 8.13
2010-05-21 8.04 8.06 7.52 7.52
2010-05-27 9.01 9.01 8.23 8.23
2010-06-24 8.17 8.25 8.1 8.1
2010-08-16 8.69 8.9 8.62 8.62
2010-09-09 10.18 10.18 9.84 9.84
2010-11-15 9.76 9.77 9.38 9.38
2010-11-19 9.49 9.52 9.25 9.25
2010-12-10 9.24 9.25 9.05 9.05
2010-12-13 9.4 9.41 9.22 9.22
2010-12-29 8.37 8.41 8.17 8.17
2011-01-10 8.72 8.83 8.6 8.6
2011-02-16 8.48 8.54 8.34 8.34
2011-02-23 8.6 8.68 8.41 8.41
2011-03-14 9.3 9.35 9.0 9.0
2011-05-31 7.75 7.75 7.51 7.51
2011-06-03 7.95 8.15 7.62 7.62
2011-06-07 8.75 8.75 8.12 8.12
2011-06-14 8.26 8.44 8.16 8.16
2011-07-04 8.38 8.44 8.21 8.21
2011-08-25 7.5 7.5 7.31 7.31
2011-09-07 7.23 7.26 7.0 7.0
2011-09-21 7.17 7.18 6.96 6.96
2012-01-17 5.16 5.18 4.9 4.9
2012-03-02 5.72 5.73 5.61 5.61
2012-03-16 5.75 5.76 5.58 5.58
2012-03-19 5.9 5.97 5.74 5.74
2012-04-12 5.34 5.35 5.21 5.21
2012-06-05 5.27 5.38 5.13 5.13
2012-06-26 4.97 4.97 4.9 4.9
2012-08-01 4.12 4.15 4.05 4.05
2012-09-19 4.26 4.26 4.19 4.19
2012-09-25 4.11 4.15 4.08 4.08
2012-10-08 4.21 4.21 4.16 4.16
2012-10-09 4.27 4.28 4.2 4.2
2012-10-18 4.34 4.34 4.22 4.22
2012-11-07 4.19 4.22 4.16 4.16
2012-11-09 4.09 4.13 4.08 4.08
2012-11-14 4.07 4.09 4.03 4.03
2012-12-12 3.66 3.72 3.63 3.63
2013-01-07 4.08 4.14 3.97 3.97
2013-01-14 4.15 4.16 3.98 3.98
2013-02-08 4.04 4.06 4.0 4.0
2013-03-05 4.16 4.17 4.03 4.03
2013-03-06 4.28 4.35 4.14 4.14
2013-03-20 4.15 4.16 4.06 4.06
2013-04-10 5.57 5.73 5.46 5.46
2013-04-19 4.99 5.02 4.9 4.9
2013-05-03 5.06 5.11 4.88 4.88
2013-06-14 4.51 4.53 4.41 4.41
2013-07-10 4.01 4.01 3.89 3.89
2013-07-22 4.99 4.99 4.78 4.78
2013-08-21 5.13 5.18 5.02 5.02
2013-09-18 4.84 4.84 4.8 4.8
2013-12-03 4.79 4.82 4.72 4.72
2013-12-12 5.13 5.23 4.94 4.94
2013-12-17 5.23 5.5 5.07 5.07
2014-01-02 4.98 5.01 4.9 4.9
2014-03-25 5.29 5.37 5.16 5.16
2014-04-29 5.13 5.17 5.01 5.01
2014-05-26 5.05 5.05 4.99 4.99
2014-06-20 4.85 4.85 4.8 4.8
2014-07-03 5.07 5.13 4.98 4.98
2014-07-25 5.23 5.27 5.15 5.15
2014-11-19 9.61 9.84 9.33 9.33
2014-12-15 9.5 9.6 9.26 9.26
2015-01-14 8.59 8.59 7.87 7.87
2015-02-13 8.47 8.6 8.2 8.2
2015-04-22 12.18 12.39 12.08 12.08
2015-05-14 14.27 14.29 13.67 13.67
2015-06-01 17.75 17.75 17.75 17.75
2015-07-08 8.64 8.64 8.64 8.64
2015-07-09 9.5 9.5 7.78 7.78
2015-07-16 10.71 11.5 9.77 9.77
2015-08-25 10.32 10.68 10.32 10.32
2015-09-07 8.77 9.18 8.6 8.6
2015-10-29 12.14 12.43 11.9 11.9
2015-12-10 12.47 12.83 12.3 12.3
2016-01-18 9.08 9.25 8.55 8.55
2016-02-02 9.22 9.35 8.92 8.92
2016-02-04 9.59 9.69 9.1 9.1
2016-02-16 10.57 10.57 10.19 10.19
2016-03-03 9.08 9.33 8.95 8.95
2016-04-05 10.11 10.25 9.67 9.67
2016-04-06 10.45 10.47 10.0 10.0
2016-04-29 9.53 9.62 9.42 9.42
2016-05-03 9.76 9.78 9.41 9.41
2016-05-05 10.02 10.05 9.72 9.72
2016-05-30 8.82 8.92 8.8 8.8
2016-06-02 9.17 9.3 9.06 9.06
2016-06-17 8.86 8.98 8.77 8.77
2016-06-22 8.89 8.9 8.72 8.72
2016-07-25 9.45 9.5 9.29 9.29
2016-12-06 9.89 9.97 9.86 9.86
2017-01-20 9.25 9.29 9.08 9.08
2017-03-06 10.18 10.18 10.03 10.03
2017-04-05 9.54 9.54 9.35 9.35
2017-04-13 9.64 9.65 9.51 9.51
2017-06-07 7.72 7.75 7.56 7.56
2017-06-13 7.7 7.71 7.5 7.5
2017-06-27 7.94 7.99 7.84 7.84
2017-06-29 7.87 7.97 7.85 7.85
