2000-12-15 20.85 21.13 20.68 20.68
2001-01-18 21.9 21.95 21.7 21.7
2001-01-19 22.03 22.14 21.91 21.91
2001-02-13 20.54 20.8 20.4 20.4
2001-02-22 20.36 20.56 20.11 20.11
2001-03-01 20.83 20.85 20.65 20.65
2001-03-15 21.48 21.6 21.25 21.25
2001-03-22 21.74 21.75 21.4 21.4
2001-03-27 22.33 22.49 21.69 21.69
2001-03-28 22.1 22.53 21.4 21.4
2001-04-02 22.86 23.08 22.7 22.7
2001-04-11 23.25 23.3 22.75 22.75
2001-04-19 24.6 24.8 24.0 24.0
2001-04-27 22.91 23.05 22.75 22.75
2001-05-22 24.12 24.32 23.99 23.99
2001-06-21 24.75 24.9 24.4 24.4
2001-07-10 24.09 24.1 23.71 23.71
2001-08-01 22.12 22.18 21.59 21.59
2001-08-09 21.7 21.8 21.01 21.01
2001-08-10 21.71 21.99 21.7 21.7
2001-08-13 21.99 22.08 21.4 21.4
2001-08-16 21.56 21.79 21.5 21.5
2001-08-20 21.7 21.89 21.4 21.4
2001-08-30 20.74 20.85 20.58 20.58
2001-09-03 20.6 20.75 20.51 20.51
2001-09-10 21.2 21.3 20.2 20.2
2001-09-18 20.59 20.69 20.38 20.38
2001-09-21 20.42 20.62 20.21 20.21
2001-09-27 20.28 20.3 20.11 20.11
2001-10-23 16.5 16.5 16.5 16.5
2001-10-29 17.72 17.9 17.4 17.4
2001-11-27 17.5 17.5 17.26 17.26
2001-11-28 17.69 17.95 17.4 17.4
2001-12-06 17.72 17.85 17.51 17.51
2002-01-31 14.67 14.8 13.66 13.66
2002-02-04 14.81 14.94 14.1 14.1
2002-04-03 15.78 15.8 15.5 15.5
2002-04-09 16.26 16.37 15.91 15.91
2002-04-12 16.11 16.26 16.0 16.0
2002-04-23 15.73 15.9 15.7 15.7
2002-04-29 16.47 16.52 16.05 16.05
2002-05-10 16.27 16.36 16.17 16.17
2002-05-13 16.01 16.18 15.86 15.86
2002-06-04 14.75 14.94 14.58 14.58
2002-06-10 15.12 15.3 15.01 15.01
2002-06-14 14.98 15.0 14.83 14.83
2002-06-18 15.1 15.27 14.85 14.85
2002-06-20 15.15 15.28 14.93 14.93
2002-07-05 16.39 16.44 15.66 15.66
2002-07-12 16.5 16.5 16.3 16.3
2002-08-02 16.27 16.3 16.0 16.0
2002-08-06 16.11 16.3 15.97 15.97
2002-08-12 15.9 16.0 15.63 15.63
2002-08-14 15.99 16.0 15.89 15.89
2002-08-19 15.88 15.98 15.84 15.84
2002-08-20 15.98 16.18 15.72 15.72
2002-08-27 16.53 16.75 16.1 16.1
2002-09-06 15.8 15.9 15.7 15.7
2002-09-24 15.21 15.41 15.02 15.02
2002-09-25 15.23 15.39 15.13 15.13
2002-10-14 14.76 14.79 14.32 14.32
2002-10-16 14.81 14.92 14.61 14.61
2002-10-18 14.9 15.1 14.51 14.51
2002-10-21 14.85 14.88 14.65 14.65
2002-10-22 15.0 15.05 14.85 14.85
2002-10-28 14.5 14.95 14.38 14.38
2002-10-29 14.6 14.6 14.4 14.4
2002-11-04 14.3 14.35 14.0 14.0
2002-11-28 13.29 13.32 12.8 12.8
2002-12-04 13.12 13.33 13.0 13.0
2002-12-27 12.65 12.7 12.51 12.51
2003-01-14 12.88 13.08 12.41 12.41
2003-02-11 13.04 13.05 12.81 12.81
2003-02-18 13.33 13.34 13.11 13.11
2003-02-19 13.38 13.43 13.3 13.3
2003-02-24 13.32 13.32 13.15 13.15
2003-03-21 13.35 13.4 13.18 13.18
2003-03-24 13.35 13.4 13.3 13.3
2003-03-31 13.33 13.37 13.15 13.15
2003-04-03 13.38 13.47 13.35 13.35
2003-04-09 13.3 13.45 13.1 13.1
2003-04-14 13.79 13.9 13.34 13.34
2003-04-22 13.3 13.34 12.71 12.71
2003-05-26 11.56 11.68 11.51 11.51
2003-05-28 11.78 11.87 11.68 11.68
2003-06-11 11.68 11.73 11.52 11.52
2003-07-04 11.22 11.34 11.2 11.2
2003-07-08 11.3 11.36 11.1 11.1
2003-07-10 11.35 11.39 11.12 11.12
2003-07-29 10.35 10.39 10.2 10.2
2003-08-12 10.34 10.44 10.27 10.27
2003-08-18 10.25 10.39 10.1 10.1
2003-08-22 10.26 10.41 10.21 10.21
2003-08-25 10.34 10.45 10.25 10.25
2003-10-24 8.92 9.15 8.78 8.78
2003-11-14 7.63 7.67 7.4 7.4
2003-11-19 7.63 7.72 7.5 7.5
2003-11-24 8.04 8.05 7.69 7.69
2003-12-01 8.24 8.32 8.0 8.0
2004-01-02 7.74 7.8 7.69 7.69
2004-01-08 8.01 8.05 7.74 7.74
2004-02-09 9.14 9.14 8.9 8.9
2004-02-16 9.49 9.51 9.19 9.19
2004-02-20 10.24 10.42 10.07 10.07
2004-03-10 9.14 9.15 8.85 8.85
2004-06-04 8.68 8.9 8.65 8.65
2004-07-06 8.0 8.06 7.92 7.92
2004-08-02 7.54 7.58 7.5 7.5
2004-08-17 7.14 7.3 7.03 7.03
2004-08-31 6.88 7.0 6.77 6.77
2004-09-10 6.79 6.89 6.72 6.72
2004-09-13 6.92 7.1 6.9 6.9
2004-09-14 7.05 7.12 6.85 6.85
2004-10-29 6.53 6.64 6.45 6.45
2004-11-03 6.6 6.64 6.52 6.52
2004-11-18 6.84 6.85 6.62 6.62
2004-12-20 6.63 6.74 6.28 6.28
2004-12-21 6.76 6.78 6.63 6.63
2004-12-28 6.67 6.73 6.66 6.66
2004-12-30 6.66 6.73 6.6 6.6
2005-01-13 6.44 6.55 6.42 6.42
2005-01-14 6.45 6.56 6.35 6.35
2005-01-24 6.41 6.48 6.3 6.3
2005-02-16 6.18 6.27 6.17 6.17
2005-02-17 6.16 6.25 6.11 6.11
2005-02-24 6.45 6.49 6.36 6.36
2005-03-21 5.91 5.94 5.77 5.77
2005-03-29 5.76 5.82 5.17 5.17
2005-04-07 5.66 5.74 5.56 5.56
2005-04-26 5.08 5.12 4.94 4.94
2005-05-17 4.93 5.06 4.9 4.9
2005-06-27 5.18 5.26 5.1 5.1
2005-07-26 4.22 4.24 4.11 4.11
2005-08-01 4.31 4.34 4.25 4.25
2005-09-14 5.5 5.52 5.38 5.38
2005-10-11 5.27 5.27 5.0 5.0
2005-10-18 5.24 5.28 5.08 5.08
2005-10-27 4.86 4.91 4.81 4.81
2005-10-31 4.63 4.67 4.51 4.51
2005-11-04 4.73 4.79 4.66 4.66
2005-11-11 4.76 4.79 4.66 4.66
2005-11-15 4.87 4.94 4.78 4.78
2005-11-17 5.02 5.15 4.85 4.85
2005-11-18 5.15 5.19 4.99 4.99
2005-11-30 5.24 5.3 5.19 5.19
2005-12-09 4.98 5.0 4.84 4.84
2006-02-10 5.79 5.89 5.6 5.6
2006-02-13 6.01 6.1 5.74 5.74
2006-03-21 5.73 5.82 5.68 5.68
2006-10-18 5.8 5.81 5.7 5.7
2006-10-24 5.66 5.68 5.47 5.47
2006-11-08 5.22 5.24 5.17 5.17
2006-11-09 5.27 5.28 5.19 5.19
2006-11-16 5.28 5.53 5.11 5.11
2006-11-29 5.41 5.42 5.25 5.25
2007-01-08 5.54 5.55 5.32 5.32
2007-01-09 5.65 5.8 5.62 5.62
2007-01-29 6.7 6.7 6.7 6.7
2007-01-30 7.37 7.37 7.37 7.37
2007-03-12 8.93 8.93 8.12 8.12
2007-03-22 9.08 9.34 9.05 9.05
2007-04-02 9.19 9.4 8.98 8.98
2007-04-20 10.81 10.94 10.01 10.01
2007-05-08 12.25 12.48 11.72 11.72
2007-05-21 13.89 14.18 12.7 12.7
2007-06-11 11.95 12.01 10.92 10.92
2007-07-12 8.55 8.57 8.32 8.32
2007-08-17 10.26 10.56 10.0 10.0
2007-08-29 11.69 11.69 10.38 10.38
2007-09-28 10.79 10.9 10.66 10.66
2007-10-31 9.63 9.84 9.23 9.23
2007-11-05 9.31 9.46 9.02 9.02
2007-11-23 9.19 9.25 8.95 8.95
2007-11-27 9.36 9.4 9.19 9.19
2007-11-28 9.43 9.49 9.31 9.31
2007-11-29 9.57 9.58 9.35 9.35
2007-12-10 9.93 9.97 9.63 9.63
2007-12-28 11.42 11.46 11.08 11.08
2008-01-07 12.19 12.39 12.0 12.0
2008-01-17 12.61 12.82 11.95 11.95
2008-04-10 9.14 9.28 8.8 8.8
2008-04-16 8.93 9.09 8.9 8.9
2008-04-23 8.12 8.16 7.73 7.73
2008-04-28 9.12 9.48 8.55 8.55
2008-05-05 9.58 9.66 9.1 9.1
2008-05-30 9.79 10.1 9.61 9.61
2008-07-02 7.7 7.84 7.41 7.41
2008-07-24 9.5 9.5 8.65 8.65
2008-08-15 7.98 8.39 7.6 7.6
2008-11-04 4.14 4.18 4.0 4.0
2008-11-12 4.72 4.75 4.48 4.48
2008-11-19 5.1 5.14 4.81 4.81
2008-12-03 5.63 5.7 5.24 5.24
2009-01-09 5.77 5.81 5.56 5.56
2009-01-12 6.19 6.3 5.72 5.72
2009-01-15 6.33 6.35 6.03 6.03
2009-02-06 6.91 6.93 6.65 6.65
2009-03-03 6.73 6.91 6.4 6.4
2009-03-04 7.05 7.11 6.73 6.73
2009-03-06 7.4 7.71 7.3 7.3
2009-03-09 8.14 8.14 7.28 7.28
2009-04-07 8.05 8.1 7.82 7.82
2009-04-24 8.34 8.5 8.05 8.05
2009-05-15 8.95 8.99 8.7 8.7
2009-06-05 10.2 10.59 9.92 9.92
2009-06-15 10.19 10.2 9.68 9.68
2009-07-22 11.41 11.55 11.3 11.3
2009-07-28 11.79 12.0 11.46 11.46
2009-09-29 11.6 12.23 11.6 11.6
2009-11-03 12.18 12.36 12.01 12.01
2009-12-21 13.06 13.2 12.88 12.88
2010-02-08 12.7 13.38 12.31 12.31
2010-02-22 12.89 13.1 12.39 12.39
2010-02-23 13.08 13.25 12.75 12.75
2010-04-09 13.36 13.42 13.2 13.2
2010-04-21 12.73 12.79 12.32 12.32
2010-05-05 11.47 11.59 11.01 11.01
2010-06-21 9.49 9.51 9.19 9.19
2010-07-06 8.42 8.49 8.15 8.15
2010-07-22 9.39 9.42 9.17 9.17
2010-08-02 10.18 10.18 9.95 9.95
2010-11-15 17.75 17.76 16.35 16.35
2010-12-27 15.46 17.06 15.0 15.0
2011-01-05 14.12 14.28 14.1 14.1
2011-02-01 12.12 12.18 11.85 11.85
2011-02-09 12.45 12.58 11.8 11.8
2011-02-10 12.71 13.3 12.26 12.26
2011-03-04 13.79 13.86 13.4 13.4
2011-03-14 14.94 15.0 14.51 14.51
2011-04-15 14.86 14.94 14.32 14.32
2011-06-14 12.85 13.12 12.56 12.56
2011-06-27 12.87 12.88 12.41 12.41
2011-07-13 13.14 13.16 12.73 12.73
2011-07-14 13.29 13.29 13.04 13.04
2011-07-18 13.37 13.56 13.25 13.25
2011-07-26 12.25 12.59 11.99 11.99
2011-07-27 12.37 12.43 12.05 12.05
2011-08-01 12.32 12.47 11.88 11.88
2011-08-10 11.13 11.33 11.08 11.08
2011-08-17 11.9 11.91 11.6 11.6
2011-09-27 11.15 11.22 10.99 10.99
2011-10-13 10.89 10.94 10.69 10.69
2011-10-26 10.66 10.8 10.51 10.51
2011-11-03 11.23 11.3 11.03 11.03
2011-12-30 8.72 8.75 8.38 8.38
2012-01-10 8.65 8.74 8.29 8.29
2012-01-19 8.59 8.62 8.41 8.41
2012-02-27 9.86 10.03 9.82 9.82
2012-03-08 9.79 9.9 9.61 9.61
2012-03-16 9.74 9.76 9.5 9.5
2012-04-18 10.94 10.98 10.56 10.56
2012-05-17 6.73 6.73 6.16 6.16
2012-05-18 7.4 7.4 7.4 7.4
2012-07-24 5.22 5.27 5.14 5.14
2012-07-31 4.79 4.92 4.78 4.78
2012-08-10 5.38 5.45 5.31 5.31
2012-09-19 5.67 5.75 5.52 5.52
2012-09-27 5.52 5.58 5.31 5.31
2012-12-05 5.06 5.14 4.88 4.88
2012-12-06 5.06 5.1 5.02 5.02
2012-12-07 5.21 5.22 5.03 5.03
2012-12-28 5.51 5.53 5.38 5.38
2013-03-06 6.61 6.62 6.43 6.43
2013-03-20 6.21 6.25 6.06 6.06
2013-04-17 5.7 5.71 5.56 5.56
2013-04-19 5.88 5.89 5.65 5.65
2013-04-22 6.06 6.18 6.0 6.0
2013-04-26 5.67 5.76 5.66 5.66
2013-05-03 5.73 5.79 5.62 5.62
2013-05-15 6.58 6.58 6.2 6.2
2013-06-14 5.68 5.69 5.6 5.6
2013-06-17 5.86 5.9 5.67 5.67
2013-07-05 5.58 5.65 5.52 5.52
2013-07-10 5.35 5.36 5.17 5.17
2013-07-16 5.59 5.62 5.43 5.43
2013-07-23 5.56 5.57 5.34 5.34
2013-08-09 5.98 6.0 5.84 5.84
2013-08-27 6.33 6.45 6.28 6.28
2013-09-27 6.51 6.58 6.39 6.39
2013-10-11 6.97 7.18 6.87 6.87
2013-10-30 6.53 6.55 6.32 6.32
2013-11-11 6.84 6.93 6.7 6.7
2013-11-12 6.83 6.87 6.76 6.76
2013-12-09 6.19 6.21 6.15 6.15
2013-12-12 6.15 6.17 6.1 6.1
2013-12-13 6.22 6.22 6.12 6.12
2013-12-24 6.06 6.09 6.0 6.0
2013-12-31 6.33 6.37 6.2 6.2
2014-01-07 6.16 6.17 6.05 6.05
2014-01-14 6.0 6.0 5.79 5.79
2014-01-16 6.11 6.16 5.98 5.98
2014-01-21 6.13 6.15 6.03 6.03
2014-03-17 6.65 6.65 6.5 6.5
2014-04-10 6.83 6.91 6.82 6.82
2014-04-16 7.5 7.66 6.93 6.93
2014-04-22 6.81 6.83 6.73 6.73
2014-05-20 6.47 6.52 6.39 6.39
2014-05-26 6.56 6.57 6.48 6.48
2014-06-05 6.56 6.58 6.46 6.46
2014-06-23 6.61 6.65 6.55 6.55
2014-08-15 8.28 8.34 7.95 7.95
2015-01-21 9.11 9.11 9.11 9.11
2015-01-22 10.02 10.02 10.02 10.02
2015-02-13 9.65 9.74 9.55 9.55
2015-03-10 10.25 10.43 10.19 10.19
2015-04-22 12.77 12.97 12.51 12.51
2015-06-01 19.68 19.68 17.9 17.9
2015-06-24 20.14 21.49 19.81 19.81
2015-07-07 12.38 12.78 12.38 12.38
2015-07-08 11.14 11.14 11.14 11.14
2015-07-09 12.25 12.25 10.03 10.03
2015-07-16 13.95 13.99 12.26 12.26
2015-07-22 14.17 14.65 13.92 13.92
2015-07-23 14.58 14.78 14.09 14.09
2015-09-24 9.49 9.57 9.3 9.3
2015-10-12 10.01 10.16 9.61 9.61
2015-11-06 11.99 12.15 11.75 11.75
2015-11-20 15.17 15.17 13.62 13.62
2015-12-04 14.14 14.27 13.66 13.66
2015-12-16 14.05 14.16 13.76 13.76
2016-01-06 13.73 13.88 13.26 13.26
2016-01-29 11.89 12.06 11.25 11.25
2016-02-02 11.48 11.55 11.02 11.02
2016-02-04 11.94 12.05 11.48 11.48
2016-02-17 12.43 12.47 11.96 11.96
2016-02-19 12.55 12.73 12.13 12.13
2016-03-02 13.02 13.1 12.0 12.0
2016-03-14 13.3 13.4 12.44 12.44
2016-03-30 14.49 14.55 14.2 14.2
2016-05-05 14.91 14.98 14.53 14.53
2016-05-10 12.78 12.89 12.6 12.6
2016-05-19 12.18 12.29 11.92 11.92
2016-05-25 13.05 13.21 12.88 12.88
2016-05-27 13.29 13.48 12.98 12.98
2016-06-03 14.07 14.2 13.93 13.93
2016-06-17 15.48 15.48 15.48 15.48
2016-06-20 17.03 17.03 17.03 17.03
2016-07-26 17.67 17.74 17.4 17.4
2016-08-12 17.34 17.34 16.38 16.38
2016-08-16 19.89 20.9 18.63 18.63
2016-09-21 16.57 16.74 16.47 16.47
2016-09-27 16.5 16.51 16.2 16.2
2016-11-03 17.55 18.28 16.86 16.86
2016-11-14 17.25 17.54 17.12 17.12
2016-11-18 17.23 17.44 17.15 17.15
2016-11-21 17.62 17.66 17.13 17.13
2016-12-16 15.69 15.75 15.3 15.3
2017-01-20 14.91 14.95 14.2 14.2
2017-04-05 15.92 15.97 15.68 15.68
2017-05-19 19.8 19.8 19.14 19.14
2017-06-16 13.29 13.49 12.99 12.99
2017-07-27 11.73 11.77 11.4 11.4
2017-08-01 12.29 12.56 11.94 11.94
2017-08-14 11.53 11.58 11.34 11.34
2017-08-15 11.63 11.69 11.52 11.52
2017-08-31 12.24 12.25 12.07 12.07
2017-09-06 12.5 13.08 12.13 12.13
