2001-01-19 22.03 22.14 21.91 21.91
2001-03-01 20.83 20.85 20.65 20.65
2001-03-22 21.74 21.75 21.4 21.4
2001-03-27 22.33 22.49 21.69 21.69
2001-03-28 22.1 22.53 21.4 21.4
2001-04-02 22.86 23.08 22.7 22.7
2001-04-19 24.6 24.8 24.0 24.0
2001-04-27 22.91 23.05 22.75 22.75
2001-08-09 21.7 21.8 21.01 21.01
2001-08-10 21.71 21.99 21.7 21.7
2001-08-13 21.99 22.08 21.4 21.4
2001-08-16 21.56 21.79 21.5 21.5
2001-08-20 21.7 21.89 21.4 21.4
2001-09-03 20.6 20.75 20.51 20.51
2001-09-10 21.2 21.3 20.2 20.2
2001-09-18 20.59 20.69 20.38 20.38
2001-09-21 20.42 20.62 20.21 20.21
2001-09-27 20.28 20.3 20.11 20.11
2001-10-29 17.72 17.9 17.4 17.4
2001-11-28 17.69 17.95 17.4 17.4
2001-12-06 17.72 17.85 17.51 17.51
2002-02-04 14.81 14.94 14.1 14.1
2002-04-09 16.26 16.37 15.91 15.91
2002-04-12 16.11 16.26 16.0 16.0
2002-04-29 16.47 16.52 16.05 16.05
2002-05-10 16.27 16.36 16.17 16.17
2002-05-13 16.01 16.18 15.86 15.86
2002-06-10 15.12 15.3 15.01 15.01
2002-06-14 14.98 15.0 14.83 14.83
2002-06-18 15.1 15.27 14.85 14.85
2002-06-20 15.15 15.28 14.93 14.93
2002-07-12 16.5 16.5 16.3 16.3
2002-08-06 16.11 16.3 15.97 15.97
2002-08-12 15.9 16.0 15.63 15.63
2002-08-14 15.99 16.0 15.89 15.89
2002-08-19 15.88 15.98 15.84 15.84
2002-08-20 15.98 16.18 15.72 15.72
2002-08-27 16.53 16.75 16.1 16.1
2002-09-25 15.23 15.39 15.13 15.13
2002-10-16 14.81 14.92 14.61 14.61
2002-10-18 14.9 15.1 14.51 14.51
2002-10-21 14.85 14.88 14.65 14.65
2002-10-22 15.0 15.05 14.85 14.85
2002-10-28 14.5 14.95 14.38 14.38
2002-10-29 14.6 14.6 14.4 14.4
2002-11-04 14.3 14.35 14.0 14.0
2002-12-04 13.12 13.33 13.0 13.0
2003-02-18 13.33 13.34 13.11 13.11
2003-02-19 13.38 13.43 13.3 13.3
2003-02-24 13.32 13.32 13.15 13.15
2003-03-24 13.35 13.4 13.3 13.3
2003-03-31 13.33 13.37 13.15 13.15
2003-04-03 13.38 13.47 13.35 13.35
2003-04-09 13.3 13.45 13.1 13.1
2003-04-14 13.79 13.9 13.34 13.34
2003-04-22 13.3 13.34 12.71 12.71
2003-05-28 11.78 11.87 11.68 11.68
2003-07-08 11.3 11.36 11.1 11.1
2003-07-10 11.35 11.39 11.12 11.12
2003-08-18 10.25 10.39 10.1 10.1
2003-08-22 10.26 10.41 10.21 10.21
2003-08-25 10.34 10.45 10.25 10.25
2003-11-19 7.63 7.72 7.5 7.5
2003-11-24 8.04 8.05 7.69 7.69
2003-12-01 8.24 8.32 8.0 8.0
2004-01-08 8.01 8.05 7.74 7.74
2004-02-16 9.49 9.51 9.19 9.19
2004-02-20 10.24 10.42 10.07 10.07
2004-09-13 6.92 7.1 6.9 6.9
2004-09-14 7.05 7.12 6.85 6.85
2004-11-03 6.6 6.64 6.52 6.52
2004-12-21 6.76 6.78 6.63 6.63
2004-12-28 6.67 6.73 6.66 6.66
2004-12-30 6.66 6.73 6.6 6.6
2005-01-14 6.45 6.56 6.35 6.35
2005-01-24 6.41 6.48 6.3 6.3
2005-02-17 6.16 6.25 6.11 6.11
2005-02-24 6.45 6.49 6.36 6.36
2005-03-29 5.76 5.82 5.17 5.17
2005-08-01 4.31 4.34 4.25 4.25
2005-10-18 5.24 5.28 5.08 5.08
2005-10-31 4.63 4.67 4.51 4.51
2005-11-04 4.73 4.79 4.66 4.66
2005-11-11 4.76 4.79 4.66 4.66
2005-11-15 4.87 4.94 4.78 4.78
2005-11-17 5.02 5.15 4.85 4.85
2005-11-18 5.15 5.19 4.99 4.99
2006-02-13 6.01 6.1 5.74 5.74
2006-10-24 5.66 5.68 5.47 5.47
2006-11-09 5.27 5.28 5.19 5.19
2006-11-16 5.28 5.53 5.11 5.11
2007-01-09 5.65 5.8 5.62 5.62
2007-01-30 7.37 7.37 7.37 7.37
2007-11-05 9.31 9.46 9.02 9.02
2007-11-27 9.36 9.4 9.19 9.19
2007-11-28 9.43 9.49 9.31 9.31
2007-11-29 9.57 9.58 9.35 9.35
2008-01-07 12.19 12.39 12.0 12.0
2008-04-16 8.93 9.09 8.9 8.9
2008-04-23 8.12 8.16 7.73 7.73
2008-04-28 9.12 9.48 8.55 8.55
2008-05-05 9.58 9.66 9.1 9.1
2008-11-12 4.72 4.75 4.48 4.48
2008-11-19 5.1 5.14 4.81 4.81
2009-01-12 6.19 6.3 5.72 5.72
2009-01-15 6.33 6.35 6.03 6.03
2009-03-04 7.05 7.11 6.73 6.73
2009-03-06 7.4 7.71 7.3 7.3
2009-03-09 8.14 8.14 7.28 7.28
2009-06-15 10.19 10.2 9.68 9.68
2009-07-28 11.79 12.0 11.46 11.46
2010-02-22 12.89 13.1 12.39 12.39
2010-02-23 13.08 13.25 12.75 12.75
2011-01-05 14.12 14.28 14.1 14.1
2011-02-09 12.45 12.58 11.8 11.8
2011-02-10 12.71 13.3 12.26 12.26
2011-03-14 14.94 15.0 14.51 14.51
2011-07-14 13.29 13.29 13.04 13.04
2011-07-18 13.37 13.56 13.25 13.25
2011-07-26 12.25 12.59 11.99 11.99
2011-07-27 12.37 12.43 12.05 12.05
2011-08-01 12.32 12.47 11.88 11.88
2011-08-17 11.9 11.91 11.6 11.6
2011-11-03 11.23 11.3 11.03 11.03
2012-01-10 8.65 8.74 8.29 8.29
2012-03-16 9.74 9.76 9.5 9.5
2012-05-18 7.4 7.4 7.4 7.4
2012-07-31 4.79 4.92 4.78 4.78
2012-09-27 5.52 5.58 5.31 5.31
2012-12-06 5.06 5.1 5.02 5.02
2012-12-07 5.21 5.22 5.03 5.03
2013-04-19 5.88 5.89 5.65 5.65
2013-04-22 6.06 6.18 6.0 6.0
2013-04-26 5.67 5.76 5.66 5.66
2013-05-03 5.73 5.79 5.62 5.62
2013-06-17 5.86 5.9 5.67 5.67
2013-07-10 5.35 5.36 5.17 5.17
2013-07-16 5.59 5.62 5.43 5.43
2013-07-23 5.56 5.57 5.34 5.34
2013-10-11 6.97 7.18 6.87 6.87
2013-11-12 6.83 6.87 6.76 6.76
2013-12-12 6.15 6.17 6.1 6.1
2013-12-13 6.22 6.22 6.12 6.12
2013-12-31 6.33 6.37 6.2 6.2
2014-01-07 6.16 6.17 6.05 6.05
2014-01-14 6.0 6.0 5.79 5.79
2014-01-16 6.11 6.16 5.98 5.98
2014-01-21 6.13 6.15 6.03 6.03
2014-04-16 7.5 7.66 6.93 6.93
2014-04-22 6.81 6.83 6.73 6.73
2014-05-26 6.56 6.57 6.48 6.48
2015-01-22 10.02 10.02 10.02 10.02
2015-07-08 11.14 11.14 11.14 11.14
2015-07-09 12.25 12.25 10.03 10.03
2015-07-16 13.95 13.99 12.26 12.26
2015-07-22 14.17 14.65 13.92 13.92
2015-07-23 14.58 14.78 14.09 14.09
2016-02-02 11.48 11.55 11.02 11.02
2016-02-04 11.94 12.05 11.48 11.48
2016-02-17 12.43 12.47 11.96 11.96
2016-02-19 12.55 12.73 12.13 12.13
2016-05-10 12.78 12.89 12.6 12.6
2016-05-25 13.05 13.21 12.88 12.88
2016-05-27 13.29 13.48 12.98 12.98
2016-06-03 14.07 14.2 13.93 13.93
2016-06-20 17.03 17.03 17.03 17.03
2016-08-16 19.89 20.9 18.63 18.63
2016-09-27 16.5 16.51 16.2 16.2
2016-11-18 17.23 17.44 17.15 17.15
2016-11-21 17.62 17.66 17.13 17.13
2017-08-01 12.29 12.56 11.94 11.94
2017-08-15 11.63 11.69 11.52 11.52
