1993-06-18 24.3 24.68 24.2 24.2
1993-06-23 23.0 23.98 22.8 22.8
1993-07-21 16.1 16.58 16.0 16.0
1993-07-27 13.84 14.08 13.5 13.5
1993-07-28 14.2 15.0 13.89 13.89
1993-09-15 17.22 17.25 17.06 17.06
1993-09-17 17.2 17.25 17.08 17.08
1993-09-20 17.26 17.4 17.01 17.01
1993-09-24 17.15 17.89 17.01 17.01
1993-09-27 17.15 17.5 17.05 17.05
1993-09-28 17.41 17.45 17.2 17.2
1993-11-08 16.7 16.7 16.12 16.12
1993-11-12 16.85 16.9 16.55 16.55
1993-11-19 17.7 17.7 17.4 17.4
1993-11-24 17.5 18.4 17.3 17.3
1993-12-31 11.7 11.79 11.12 11.12
1994-04-11 11.65 11.95 11.4 11.4
1994-06-22 6.48 6.6 6.4 6.4
1994-06-28 5.85 5.9 5.83 5.83
1994-10-20 11.0 11.08 9.99 9.99
1994-11-03 10.9 11.0 10.1 10.1
1994-11-29 10.6 10.6 10.35 10.35
1994-12-06 10.08 10.15 10.0 10.0
1994-12-12 9.45 9.78 9.42 9.42
1994-12-15 10.3 10.4 9.59 9.59
1994-12-20 10.3 10.46 10.0 10.0
1995-01-05 9.65 9.9 9.57 9.57
1995-01-13 8.84 8.9 8.8 8.8
1995-01-18 8.88 8.98 8.81 8.81
1995-02-07 7.65 7.7 7.4 7.4
1995-04-20 9.4 9.4 9.25 9.25
1995-04-25 8.22 8.25 8.1 8.1
1995-04-28 8.39 8.5 8.0 8.0
1995-05-09 8.65 8.69 8.55 8.55
1995-05-11 8.67 8.78 8.62 8.62
1995-05-12 9.14 9.28 8.71 8.71
1995-07-26 10.85 11.4 10.85 10.85
1995-08-18 11.0 11.2 11.0 11.0
1995-09-04 10.53 10.92 10.4 10.4
1995-09-05 10.61 11.38 10.53 10.53
1995-09-21 10.0 10.0 9.85 9.85
1995-09-22 9.96 10.1 9.85 9.85
1995-09-25 9.89 9.93 9.85 9.85
1995-09-26 9.95 10.0 9.6 9.6
1995-10-05 9.45 9.6 9.12 9.12
1995-10-10 9.15 9.4 9.01 9.01
1995-10-12 9.02 9.11 8.9 8.9
1995-10-16 9.4 9.7 8.94 8.94
1995-10-17 9.4 9.7 8.94 8.94
1995-11-03 9.85 9.99 9.53 9.53
1995-11-07 9.8 9.9 9.35 9.35
1995-11-15 9.51 9.61 9.41 9.41
1995-11-16 9.4 9.68 9.35 9.35
1995-11-17 9.42 9.55 9.36 9.36
1995-11-20 9.45 9.68 9.1 9.1
1995-11-21 9.58 9.58 9.38 9.38
1995-11-22 9.38 9.66 9.29 9.29
1995-11-23 9.31 9.4 9.22 9.22
1995-11-30 9.4 9.65 9.14 9.14
1995-12-07 9.22 9.4 9.19 9.19
1995-12-21 9.4 9.42 9.35 9.35
1995-12-22 9.4 9.4 9.3 9.3
1995-12-28 8.75 9.17 8.55 8.55
1996-01-02 8.23 8.4 8.0 8.0
1996-01-03 8.25 8.36 8.09 8.09
1996-01-09 8.35 8.38 8.16 8.16
1996-01-12 8.18 8.38 8.1 8.1
1996-01-16 8.04 8.32 7.8 7.8
1996-01-23 8.27 8.3 8.17 8.17
1996-02-12 7.12 7.2 7.08 7.08
1996-03-18 7.38 7.38 7.26 7.26
1996-03-20 7.32 7.38 7.3 7.3
1996-03-25 7.37 7.44 7.35 7.35
1996-04-08 8.09 8.28 8.01 8.01
1996-04-26 9.05 9.4 8.9 8.9
1996-06-25 7.32 7.42 7.3 7.3
1996-06-28 7.31 7.39 7.26 7.26
1996-07-16 7.1 7.1 6.86 6.86
1996-07-19 8.15 8.25 7.2 7.2
1996-07-29 7.47 7.5 7.2 7.2
1996-08-05 7.38 7.4 7.3 7.3
1996-08-06 7.48 7.5 7.35 7.35
1996-08-07 7.48 7.58 7.28 7.28
1996-09-05 6.68 6.86 6.61 6.61
1996-10-23 7.9 7.95 7.21 7.21
1996-12-17 6.69 7.37 6.69 6.69
1996-12-25 6.45 6.5 6.25 6.25
1997-01-15 6.76 6.85 6.67 6.67
1997-02-25 7.77 8.02 7.51 7.51
1997-05-12 9.5 9.85 9.0 9.0
1997-05-19 8.81 9.15 8.66 8.66
1997-06-04 8.5 8.5 8.0 8.0
1997-08-11 8.02 8.14 7.78 7.78
1997-08-14 7.94 7.95 7.7 7.7
1997-08-15 8.28 8.4 8.03 8.03
1997-08-18 8.81 8.88 8.27 8.27
1997-11-10 8.9 9.2 8.6 8.6
1997-12-25 7.82 7.97 7.76 7.76
1998-02-18 8.56 8.8 8.4 8.4
1998-04-07 20.13 20.13 18.5 18.5
1998-05-19 16.45 17.15 15.98 15.98
1998-05-22 16.35 16.7 16.28 16.28
1998-05-25 17.17 17.45 16.41 16.41
1998-06-01 17.08 17.35 16.4 16.4
1998-06-05 16.39 16.65 16.2 16.2
1998-06-24 14.6 15.16 14.25 14.25
1998-07-08 13.5 13.62 13.4 13.4
1998-07-24 15.4 15.4 14.11 14.11
1998-07-30 16.19 16.64 15.25 15.25
1998-09-03 12.34 12.5 12.2 12.2
1998-09-09 13.44 13.5 12.8 12.8
1998-09-14 14.66 14.81 13.9 13.9
1998-10-29 13.5 13.7 13.35 13.35
1998-11-24 13.81 13.88 13.2 13.2
1998-11-27 13.62 13.72 13.5 13.5
1999-01-08 12.9 12.97 12.6 12.6
1999-02-03 12.73 12.9 12.6 12.6
1999-02-09 12.67 12.74 12.5 12.5
1999-03-03 13.6 13.65 12.79 12.79
1999-03-05 13.98 14.6 13.3 13.3
1999-03-08 14.09 14.58 13.9 13.9
1999-03-24 13.67 14.1 13.57 13.57
1999-05-31 14.7 15.25 14.2 14.2
1999-06-17 24.93 24.93 24.0 24.0
2000-01-28 23.11 23.11 21.75 21.75
2000-02-24 21.65 21.9 21.05 21.05
2000-03-22 21.87 22.5 21.3 21.3
2000-06-06 22.99 23.13 22.25 22.25
2000-07-17 22.8 23.47 22.75 22.75
2000-08-14 23.97 24.3 23.9 23.9
2000-09-20 21.0 21.12 20.75 20.75
2000-09-22 21.0 21.2 20.8 20.8
2000-09-25 21.18 21.3 20.9 20.9
2000-11-16 23.65 23.72 23.4 23.4
2000-11-21 23.6 24.2 23.58 23.58
2000-12-13 26.98 27.58 25.65 25.65
2000-12-18 30.09 30.09 27.3 27.3
2001-03-02 24.93 25.26 24.2 24.2
2001-03-26 25.44 25.49 24.8 24.8
2001-06-04 26.01 26.38 25.87 25.87
2001-06-05 26.59 26.78 26.1 26.1
2001-06-21 26.24 26.28 25.9 25.9
2001-08-03 21.68 21.98 21.5 21.5
2001-08-09 20.77 20.81 20.48 20.48
2001-08-10 21.15 21.3 20.77 20.77
2001-08-16 21.01 21.38 21.0 21.0
2001-08-21 21.2 21.33 21.0 21.0
2001-11-13 17.0 17.0 16.6 16.6
2001-11-14 17.0 17.37 16.98 16.98
2001-12-03 19.17 19.28 19.01 19.01
2001-12-25 17.2 17.3 17.1 17.1
2001-12-27 17.31 17.5 17.2 17.2
2002-01-08 17.1 17.42 17.08 17.08
2002-02-07 15.99 16.45 15.35 15.35
2002-02-26 15.91 15.93 15.0 15.0
2002-03-05 16.09 16.25 15.75 15.75
2002-03-08 17.0 17.32 16.7 16.7
2002-03-14 17.33 17.38 16.44 16.44
2002-05-10 17.03 17.7 17.0 17.0
2002-06-11 15.76 16.15 15.6 15.6
2002-06-18 15.66 15.68 15.3 15.3
2002-06-21 16.23 16.28 15.6 15.6
2002-06-26 17.68 17.88 17.01 17.01
2002-07-31 16.62 16.8 16.55 16.55
2002-08-07 16.68 16.92 16.61 16.61
2002-08-20 17.08 17.18 16.58 16.58
2002-08-22 17.24 17.46 17.08 17.08
2002-08-30 17.14 17.38 17.12 17.12
2002-09-03 17.35 17.4 17.18 17.18
2002-09-24 17.49 17.63 17.23 17.23
2002-10-10 15.93 16.15 15.82 15.82
2002-10-11 15.9 16.07 15.85 15.85
2002-10-14 16.0 16.05 15.85 15.85
2002-10-16 15.97 16.22 15.92 15.92
2002-10-28 15.51 15.7 15.51 15.51
2002-11-01 15.41 15.85 15.4 15.4
2002-11-04 15.65 15.65 15.45 15.45
2002-11-05 15.91 16.1 15.65 15.65
2002-12-06 14.07 14.25 13.85 13.85
2002-12-12 13.99 14.4 13.76 13.76
2002-12-13 14.1 14.19 13.79 13.79
2002-12-16 14.1 14.2 13.93 13.93
2002-12-20 14.7 14.74 14.25 14.25
2003-01-06 13.65 13.78 13.33 13.33
2003-01-07 13.58 13.9 13.5 13.5
2003-01-08 14.18 14.22 13.56 13.56
2003-01-15 14.95 15.8 14.68 14.68
2003-01-16 15.33 15.47 14.85 14.85
2003-01-22 15.73 15.96 15.11 15.11
2003-02-12 15.59 15.61 15.23 15.23
2003-02-14 15.63 15.65 15.46 15.46
2003-03-04 15.77 15.87 15.66 15.66
2003-03-06 15.45 15.72 15.42 15.42
2003-03-27 15.29 15.48 14.13 14.13
2003-04-04 14.94 14.97 14.65 14.65
2003-05-29 14.01 14.16 13.55 13.55
2003-06-18 13.88 14.16 13.68 13.68
2003-06-25 13.45 13.51 13.15 13.15
2003-07-01 13.0 13.12 12.98 12.98
2003-07-08 12.88 13.05 12.85 12.85
2003-07-10 13.26 13.27 12.83 12.83
2003-08-11 12.48 12.5 12.36 12.36
2003-08-18 12.94 13.07 12.82 12.82
2003-08-25 12.43 12.64 12.19 12.19
2003-08-29 12.24 12.51 11.6 11.6
2003-09-02 12.6 12.81 12.4 12.4
2003-09-26 11.62 11.64 11.47 11.47
2003-11-20 9.88 9.88 8.98 8.98
2003-11-28 10.0 10.23 9.7 9.7
2003-12-02 10.39 10.98 10.18 10.18
2004-01-05 9.28 9.4 9.2 9.2
2004-01-07 9.44 10.0 9.29 9.29
2004-04-28 11.56 11.78 11.48 11.48
2004-05-12 11.12 11.16 10.79 10.79
2004-05-18 11.33 11.54 11.1 11.1
2004-05-21 11.21 11.3 11.01 11.01
2004-07-23 8.84 8.84 8.65 8.65
2004-08-27 6.73 6.8 6.67 6.67
2004-09-14 6.83 6.96 6.68 6.68
2004-09-17 7.65 7.66 7.38 7.38
2004-09-20 8.12 8.15 7.7 7.7
2004-11-22 8.49 8.87 8.31 8.31
2004-11-30 7.86 7.89 7.67 7.67
2004-12-21 7.24 7.26 7.13 7.13
2004-12-24 7.64 7.74 7.38 7.38
2005-01-24 8.8 9.28 8.65 8.65
2005-01-28 8.04 8.12 7.88 7.88
2005-04-11 7.72 8.03 7.68 7.68
2005-04-13 7.6 7.7 7.42 7.42
2005-11-11 8.36 8.55 8.3 8.3
2005-11-17 8.69 8.88 8.61 8.61
2006-01-12 9.82 10.0 9.28 9.28
2007-03-20 10.48 10.68 10.23 10.23
2007-07-19 9.18 9.28 8.82 8.82
2007-08-02 10.38 10.66 10.0 10.0
2007-12-19 10.69 10.89 10.47 10.47
2007-12-25 11.18 11.19 10.98 10.98
2008-01-29 11.94 12.3 11.59 11.59
2008-02-21 13.02 13.02 11.7 11.7
2008-08-01 7.61 7.69 7.31 7.31
2008-08-27 5.73 5.8 5.51 5.51
2008-09-08 6.73 6.97 6.5 6.5
2008-11-12 4.46 4.51 4.2 4.2
2008-11-19 4.88 4.9 4.58 4.58
2009-01-06 4.63 4.68 4.43 4.43
2009-01-07 4.72 4.78 4.6 4.6
2009-01-14 5.03 5.03 4.51 4.51
2009-01-15 5.24 5.44 5.08 5.08
2009-03-04 5.93 5.95 5.52 5.52
2009-03-26 6.69 6.74 6.29 6.29
2009-07-09 8.51 8.6 8.29 8.29
2009-07-17 9.08 9.25 8.66 8.66
2009-07-23 9.41 9.46 9.0 9.0
2009-07-28 9.78 10.0 9.58 9.58
2009-09-17 8.97 8.97 8.19 8.19
2009-10-20 8.24 8.37 8.11 8.11
2009-11-03 8.38 8.43 8.11 8.11
2011-08-10 8.4 8.51 8.35 8.35
2011-08-25 8.83 8.83 8.6 8.6
2012-01-19 6.15 6.18 6.06 6.06
2012-01-20 6.24 6.29 6.15 6.15
2012-02-03 6.49 6.52 6.35 6.35
2012-03-02 7.28 7.3 7.1 7.1
2012-05-29 7.04 7.06 6.87 6.87
2012-07-24 6.16 6.25 6.04 6.04
2012-08-07 6.08 6.13 6.02 6.02
2012-09-27 5.8 5.85 5.7 5.7
2012-10-10 6.16 6.2 6.0 6.0
2012-10-18 6.11 6.15 5.96 5.96
2012-12-14 5.53 5.56 5.3 5.3
2012-12-17 5.54 5.54 5.44 5.44
2013-02-20 6.84 6.87 6.62 6.62
2013-08-28 8.18 8.18 8.18 8.18
2013-08-29 9.0 9.0 9.0 9.0
2013-08-30 9.9 9.9 9.9 9.9
2013-09-04 13.18 13.18 13.18 13.18
2013-09-05 14.5 14.5 14.5 14.5
2013-10-23 14.27 14.27 13.25 13.25
2013-12-03 13.53 13.53 13.53 13.53
2013-12-04 12.31 12.85 12.18 12.18
2013-12-11 11.52 11.85 11.28 11.28
2014-04-10 19.14 19.15 17.42 17.42
2014-05-21 18.4 18.56 18.0 18.0
2014-05-26 19.91 20.28 18.78 18.78
2014-05-30 19.93 20.0 19.45 19.45
2014-06-03 20.71 21.0 19.6 19.6
2014-08-04 25.6 25.98 25.35 25.35
2014-10-28 28.54 28.6 27.64 27.64
2014-11-03 29.1 29.5 28.94 28.94
2014-11-25 25.75 25.98 25.36 25.36
2015-01-20 25.3 25.45 24.28 24.28
2015-03-17 48.27 48.27 48.27 48.27
2015-05-06 42.38 43.89 41.76 41.76
2015-07-14 24.67 24.67 24.67 24.67
2015-07-20 32.53 32.58 29.38 29.38
2015-09-02 18.55 21.37 18.51 18.51
2015-09-11 23.33 23.4 21.5 21.5
2015-09-16 20.78 20.79 18.7 18.7
2015-09-23 24.98 24.98 22.2 22.2
2015-09-24 26.0 27.48 25.67 25.67
2015-10-08 29.9 30.3 28.3 28.3
2015-11-02 36.18 36.18 36.18 36.18
2015-11-05 45.17 45.17 41.0 41.0
2015-11-06 47.15 49.6 45.63 45.63
2016-12-05 31.42 32.28 31.3 31.3
2017-01-03 28.68 28.95 28.38 28.38
2017-03-10 27.68 27.8 27.51 27.51
2017-07-05 21.7 21.81 21.43 21.43
2017-08-25 19.99 20.01 19.61 19.61
2017-08-28 20.33 20.4 20.0 20.0
