2004-06-07 17.15 17.44 16.7 16.7
2004-07-01 14.27 14.4 13.78 13.78
2004-08-03 12.63 12.77 12.35 12.35
2004-09-14 8.98 9.2 8.72 8.72
2004-10-18 10.89 11.09 10.66 10.66
2004-10-22 10.9 10.95 10.35 10.35
2004-10-27 11.69 11.72 11.0 11.0
2004-11-15 11.77 11.85 11.55 11.55
2004-11-18 11.69 11.71 11.39 11.39
2004-11-24 11.68 11.88 11.66 11.66
2004-11-26 11.47 11.57 11.41 11.41
2004-12-24 10.11 10.26 10.0 10.0
2005-01-05 10.09 10.3 9.88 9.88
2005-01-06 10.05 10.17 10.0 10.0
2005-01-10 10.15 10.27 10.04 10.04
2005-02-01 8.69 8.96 8.6 8.6
2005-02-02 9.46 9.5 8.69 8.69
2005-02-21 9.21 9.29 9.01 9.01
2005-03-08 10.08 10.15 9.75 9.75
2005-03-11 9.87 10.1 9.66 9.66
2005-04-13 8.97 9.01 8.6 8.6
2005-04-19 8.58 8.6 8.4 8.4
2005-04-26 7.95 7.96 7.65 7.65
2005-05-19 7.3 7.4 7.15 7.15
2005-05-27 7.19 7.36 7.14 7.14
2005-06-08 7.67 7.72 7.1 7.1
2005-06-27 8.08 8.3 7.85 7.85
2005-06-29 7.94 8.08 7.85 7.85
2005-07-26 4.42 4.48 4.23 4.23
2005-08-01 4.84 4.89 4.63 4.63
2005-08-15 5.43 5.44 5.19 5.19
2005-09-01 5.54 5.64 5.31 5.31
2005-09-13 6.34 6.39 6.09 6.09
2005-09-29 5.84 5.89 5.65 5.65
2005-11-30 5.18 5.18 5.09 5.09
2005-12-12 5.06 5.1 5.02 5.02
2006-01-13 6.23 6.44 6.1 6.1
2006-01-17 6.48 6.68 6.3 6.3
2006-03-27 6.52 6.52 6.52 6.52
2006-03-29 6.7 6.77 6.58 6.58
2006-10-23 6.17 6.35 6.0 6.0
2006-10-24 6.23 6.29 6.1 6.1
2006-11-24 5.47 5.5 5.38 5.38
2006-11-30 5.58 5.61 5.5 5.5
2007-01-08 5.64 5.65 5.43 5.43
2007-01-15 5.79 5.8 5.54 5.54
2007-02-02 6.72 7.01 6.65 6.65
2007-02-16 7.85 8.24 7.72 7.72
2007-04-09 11.75 11.75 10.7 10.7
2007-04-13 11.98 12.25 11.62 11.62
2007-04-20 12.44 12.7 11.92 11.92
2007-05-30 12.66 13.79 12.66 12.66
2007-07-20 8.12 8.19 7.85 7.85
2007-07-25 8.63 8.75 8.25 8.25
2007-08-14 8.54 8.68 8.28 8.28
2007-08-20 9.35 9.65 9.17 9.17
2007-08-21 9.51 9.65 9.3 9.3
2007-08-29 11.59 11.59 10.86 10.86
2007-09-05 11.51 11.85 11.3 11.3
2007-09-06 11.52 11.91 11.36 11.36
2007-10-15 10.87 11.55 10.43 10.43
2007-12-19 9.11 9.28 8.95 8.95
2007-12-26 10.01 10.18 9.53 9.53
2008-01-23 9.1 9.17 8.53 8.53
2008-01-29 8.67 8.88 8.5 8.5
2008-02-14 8.78 8.94 8.67 8.67
2008-02-18 8.96 9.06 8.7 8.7
2008-05-05 8.33 8.33 7.61 7.61
2008-06-12 7.97 8.15 7.51 7.51
2008-06-20 8.15 8.15 7.51 7.51
2008-06-25 8.6 8.8 8.23 8.23
2008-07-02 7.41 7.69 7.15 7.15
2008-07-09 9.01 9.18 8.45 8.45
2008-07-10 8.61 8.96 8.56 8.56
2008-07-28 9.84 9.85 9.55 9.55
2008-08-25 7.04 7.25 6.83 6.83
2008-08-27 6.26 6.48 6.07 6.07
2008-08-28 6.31 6.54 6.26 6.26
2008-08-29 6.48 6.69 6.19 6.19
2008-09-02 7.15 7.15 6.54 6.54
2008-09-24 8.01 8.1 7.37 7.37
2008-10-13 6.86 6.86 6.0 6.0
2008-10-15 6.55 6.86 6.4 6.4
2008-10-17 6.7 6.71 6.16 6.16
2008-11-05 5.08 5.25 5.07 5.07
2008-11-19 5.88 5.97 5.48 5.48
2008-11-25 5.71 5.74 5.51 5.51
2008-12-03 6.19 6.19 5.67 5.67
2008-12-05 6.37 6.43 6.01 6.01
2008-12-17 6.24 6.49 6.03 6.03
2009-01-05 5.74 5.76 5.55 5.55
2009-01-06 6.31 6.31 5.75 5.75
2009-01-14 6.37 6.38 6.06 6.06
2009-02-06 7.27 7.35 6.93 6.93
2009-02-16 8.9 9.02 8.7 8.7
2009-03-10 7.46 7.48 7.13 7.13
2009-04-09 7.99 8.0 7.8 7.8
2009-04-28 7.95 8.04 7.75 7.75
2009-05-08 8.59 8.65 8.27 8.27
2009-06-03 9.1 9.19 8.85 8.85
2009-06-11 9.74 9.9 9.51 9.51
2009-07-02 9.76 9.87 9.51 9.51
2009-07-07 9.59 9.62 9.47 9.47
2009-07-10 9.84 9.91 9.72 9.72
2009-07-20 10.23 10.26 9.96 9.96
2009-09-15 9.14 9.23 8.95 8.95
2009-10-09 8.68 8.72 8.38 8.38
2009-10-19 8.86 8.87 8.66 8.66
2009-11-03 9.24 9.31 9.06 9.06
2009-11-04 9.29 9.32 9.15 9.15
2009-11-06 9.42 9.57 9.31 9.31
2009-12-21 10.63 10.68 10.2 10.2
2010-04-01 13.11 13.29 13.06 13.06
2010-04-22 14.55 14.55 13.13 13.13
2010-05-04 16.78 17.98 16.08 16.08
2010-05-21 15.73 15.84 14.51 14.51
2010-05-24 16.21 16.6 15.65 15.65
2010-06-30 12.5 12.65 12.13 12.13
2010-08-11 16.04 16.23 15.63 15.63
2010-08-24 17.56 17.99 17.48 17.48
2010-10-08 26.79 27.85 25.79 25.79
2010-10-21 26.33 26.33 23.6 23.6
2010-11-15 33.91 34.99 32.16 32.16
2010-11-24 31.16 31.16 28.5 28.5
2010-12-17 31.7 32.34 31.28 31.28
2010-12-22 32.57 33.77 31.3 31.3
2010-12-24 31.05 31.68 30.38 30.38
2010-12-29 28.04 28.06 27.39 27.39
2011-02-01 25.26 25.26 23.13 23.13
2011-02-10 24.83 24.93 24.02 24.02
2011-03-03 27.18 27.83 27.0 27.0
2011-04-20 24.82 25.14 24.35 24.35
2011-04-29 22.88 23.15 22.48 22.48
2011-05-10 25.8 26.58 25.0 25.0
2011-06-03 22.82 22.98 22.44 22.44
2011-06-07 23.18 23.58 22.83 22.83
2011-06-30 19.85 20.28 19.33 19.33
2011-07-13 21.89 21.89 19.8 19.8
2011-08-04 20.47 20.6 20.13 20.13
2011-08-15 19.67 19.96 19.16 19.16
2011-08-16 19.69 20.44 19.51 19.51
2011-09-02 20.98 21.1 19.12 19.12
2011-09-20 19.33 19.37 18.8 18.8
2011-10-12 18.68 18.82 17.51 17.51
2011-11-03 18.95 19.45 18.86 18.86
2011-11-25 17.74 18.2 17.64 17.64
2011-12-20 13.82 13.9 13.5 13.5
2011-12-30 13.54 13.85 12.6 12.6
2012-01-17 14.36 14.38 12.86 12.86
2012-01-31 14.34 14.45 13.63 13.63
2012-02-22 15.85 15.95 15.5 15.5
2012-02-23 16.32 16.87 15.9 15.9
2012-02-24 16.21 16.3 16.01 16.01
2012-03-02 16.11 16.15 15.87 15.87
2012-03-14 17.57 17.82 16.24 16.24
2012-04-05 15.1 15.15 14.41 14.41
2012-04-12 15.36 15.38 15.07 15.07
2012-04-27 14.63 14.94 14.34 14.34
2012-06-18 15.45 15.53 15.26 15.26
2012-06-26 14.22 14.37 14.0 14.0
2012-06-29 14.06 14.09 13.7 13.7
2012-07-24 13.63 13.75 13.5 13.5
2012-08-16 12.4 12.6 12.3 12.3
2012-08-30 12.84 12.84 12.12 12.12
2012-09-12 13.32 13.89 13.08 13.08
2012-10-09 12.45 12.49 12.21 12.21
2012-10-16 11.93 12.05 11.75 11.75
2012-10-25 12.0 12.19 11.91 11.91
2012-11-23 11.15 11.29 11.0 11.0
2013-02-06 12.66 12.66 12.66 12.66
2013-02-07 13.93 13.93 13.93 13.93
2013-02-27 12.07 12.4 11.73 11.73
2013-03-05 12.34 12.4 11.66 11.66
2013-03-29 10.52 10.78 10.4 10.4
2013-04-03 9.97 9.97 9.97 9.97
2013-04-08 9.47 9.47 9.47 9.47
2013-05-06 9.46 9.5 9.17 9.17
2013-05-14 10.43 10.52 10.23 10.23
2013-06-14 10.03 10.15 9.93 9.93
2013-06-20 10.04 10.25 9.94 9.94
2013-06-26 9.29 9.39 8.9 8.9
2013-07-16 9.34 9.39 9.2 9.2
2013-08-01 9.39 9.43 9.22 9.22
2013-08-08 9.45 9.71 9.4 9.4
2013-08-16 10.23 10.67 10.17 10.17
2013-08-29 10.14 10.18 10.05 10.05
2013-09-03 10.27 10.35 9.95 9.95
2013-09-11 10.42 10.61 10.31 10.31
2013-09-13 10.96 11.35 10.73 10.73
2013-10-30 10.7 10.73 10.55 10.55
2013-11-04 11.21 11.38 11.0 11.0
2013-11-06 11.53 11.94 11.36 11.36
2013-12-10 11.77 11.87 11.71 11.71
2013-12-24 11.26 11.43 11.19 11.19
2014-01-13 10.12 10.4 10.02 10.02
2014-01-16 10.49 10.55 10.29 10.29
2014-01-21 10.45 10.59 10.2 10.2
2014-01-22 10.64 10.67 10.46 10.46
2014-01-29 11.1 11.1 10.81 10.81
2014-02-27 10.85 11.19 10.8 10.8
2014-03-31 12.8 13.21 12.03 12.03
2014-05-08 11.73 11.97 11.5 11.5
2014-05-23 12.28 12.55 11.98 11.98
2014-05-26 12.31 12.43 12.21 12.21
2014-06-05 12.18 12.22 11.9 11.9
2014-07-14 14.83 15.0 14.17 14.17
2014-07-21 15.65 15.76 15.11 15.11
2014-07-25 15.58 15.88 15.03 15.03
2014-08-11 16.7 17.12 16.55 16.55
2014-08-15 16.05 16.06 15.7 15.7
2014-08-28 15.6 15.76 15.45 15.45
2014-09-23 18.09 18.12 17.68 17.68
2014-09-25 18.37 18.77 18.25 18.25
2014-09-29 18.15 18.32 17.98 17.98
2014-10-20 17.9 18.15 17.27 17.27
2014-11-12 17.34 17.38 16.86 16.86
2014-11-17 16.88 16.97 16.66 16.66
2014-12-02 17.37 17.6 16.95 16.95
2014-12-10 16.19 16.44 15.41 15.41
2014-12-12 16.65 16.99 16.3 16.3
2014-12-24 15.11 15.36 14.88 14.88
2015-01-05 15.11 15.16 14.5 14.5
2015-01-13 14.8 14.83 14.57 14.57
2015-01-20 15.22 15.25 14.65 14.65
2015-02-03 16.7 16.76 16.3 16.3
2015-02-06 16.86 16.94 16.4 16.4
2015-02-27 18.01 18.11 17.83 17.83
2015-03-04 18.49 18.6 17.83 17.83
2015-03-13 18.44 18.5 18.08 18.08
2015-04-16 22.39 22.79 21.9 21.9
2015-07-03 20.37 21.14 17.3 17.3
2015-07-08 14.85 14.85 14.85 14.85
2015-07-09 16.34 16.34 13.37 13.37
2015-07-28 21.11 23.67 20.9 20.9
2015-07-31 23.32 24.3 22.2 22.2
2015-08-25 16.93 17.47 16.93 16.93
2015-09-09 17.64 18.34 16.88 16.88
2015-10-12 18.16 18.39 17.51 17.51
2015-11-12 25.08 25.2 23.6 23.6
2015-11-20 22.93 23.41 22.78 22.78
2015-12-03 21.37 21.45 20.7 20.7
2015-12-04 21.98 22.13 21.24 21.24
2015-12-07 23.01 23.4 22.05 22.05
2015-12-17 23.37 23.61 22.83 22.83
2015-12-21 23.84 24.41 22.65 22.65
2016-01-22 17.65 18.0 17.3 17.3
2016-02-04 19.07 19.1 18.2 18.2
2016-03-25 19.7 19.72 19.3 19.3
2016-04-11 21.43 21.95 21.25 21.25
2016-04-13 21.74 22.37 21.26 21.26
2016-04-19 22.58 23.24 21.7 21.7
2016-08-10 28.59 29.18 28.3 28.3
2016-08-15 28.8 28.91 27.87 27.87
2016-08-26 27.63 28.09 27.46 27.46
2016-09-27 26.07 26.11 25.55 25.55
2016-10-10 28.3 28.49 26.45 26.45
2016-11-15 26.95 27.06 26.71 26.71
2016-12-19 24.2 24.48 23.63 23.63
2016-12-21 25.06 25.19 24.2 24.2
2017-01-23 22.08 22.46 21.58 21.58
2017-02-20 21.54 21.55 21.26 21.26
2017-03-16 22.59 22.68 22.45 22.45
2017-06-05 15.87 15.95 15.71 15.71
2017-07-24 17.02 17.13 16.93 16.93
2017-08-03 19.04 19.14 18.55 18.55
