2000-10-10 24.22 24.25 23.8 23.8
2000-10-12 25.1 25.17 24.6 24.6
2000-10-25 25.73 26.42 24.51 24.51
2000-11-01 25.0 25.0 24.6 24.6
2000-11-22 25.75 25.98 25.2 25.2
2000-11-28 24.8 24.9 24.5 24.5
2000-12-14 24.36 24.6 24.15 24.15
2000-12-20 25.16 25.2 24.85 24.85
2000-12-26 24.99 24.99 24.4 24.4
2001-02-23 23.75 23.75 23.15 23.15
2001-03-02 24.94 24.95 24.75 24.75
2001-03-29 26.0 26.08 25.65 25.65
2001-04-13 27.9 27.98 26.98 26.98
2001-05-08 24.65 24.77 24.4 24.4
2001-05-15 25.42 25.43 24.87 24.87
2001-06-19 25.91 26.1 25.6 25.6
2001-06-27 26.99 27.2 26.9 26.9
2001-07-18 26.94 26.97 26.6 26.6
2001-08-01 25.3 25.3 24.92 24.92
2001-08-09 25.62 25.8 25.25 25.25
2001-08-28 24.42 24.5 24.15 24.15
2001-08-30 24.8 24.82 24.58 24.58
2001-08-31 25.1 25.1 24.78 24.78
2001-09-06 25.07 25.35 25.05 25.05
2001-09-21 23.01 23.25 23.0 23.0
2001-09-28 22.15 22.23 22.0 22.0
2001-10-15 20.63 21.0 20.3 20.3
2001-10-26 21.6 21.77 20.65 20.65
2001-10-29 22.32 22.6 21.18 21.18
2001-11-08 20.17 20.17 18.6 18.6
2001-11-15 20.3 20.35 20.0 20.0
2001-12-14 19.8 20.39 19.8 19.8
2001-12-31 18.72 19.08 18.59 18.59
2002-01-08 18.32 18.48 18.15 18.15
2002-01-09 18.44 18.6 18.18 18.18
2002-01-21 16.03 16.18 15.68 15.68
2002-01-31 18.33 18.46 17.0 17.0
2002-02-04 18.54 18.57 18.0 18.0
2002-03-05 19.79 19.86 19.25 19.25
2002-03-07 20.55 20.6 19.61 19.61
2002-03-19 21.18 21.26 20.35 20.35
2002-03-21 21.79 21.86 21.49 21.49
2002-04-09 21.11 21.19 20.68 20.68
2002-04-23 20.07 20.18 19.9 19.9
2002-05-23 19.0 19.28 18.8 18.8
2002-06-04 18.08 18.12 17.8 17.8
2002-06-11 14.08 14.38 13.97 13.97
2002-06-18 13.85 14.13 13.65 13.65
2002-06-20 13.84 14.08 13.8 13.8
2002-06-21 14.23 14.3 13.85 13.85
2002-07-09 15.17 15.25 15.0 15.0
2002-07-10 15.19 15.75 14.56 14.56
2002-07-12 15.11 15.19 15.1 15.1
2002-08-07 14.27 14.28 14.2 14.2
2002-08-20 14.11 14.16 13.9 13.9
2002-09-16 13.43 13.54 13.32 13.32
2002-09-18 13.33 13.41 13.28 13.28
2002-09-23 13.41 13.47 13.25 13.25
2002-09-25 13.5 13.56 13.37 13.37
2002-10-10 12.56 12.71 12.55 12.55
2002-10-22 12.7 12.75 12.5 12.5
2002-10-31 12.16 12.28 12.1 12.1
2002-11-15 11.5 11.7 11.45 11.45
2002-11-29 11.19 11.56 10.92 10.92
2002-12-10 10.79 10.97 10.75 10.75
2002-12-17 11.15 11.15 10.91 10.91
2003-01-13 10.75 10.95 10.7 10.7
2003-01-14 11.29 11.39 10.76 10.76
2003-01-16 11.58 11.6 10.88 10.88
2003-01-24 11.62 11.63 11.28 11.28
2003-02-18 12.3 12.35 12.18 12.18
2003-02-25 12.23 12.3 11.97 11.97
2003-04-04 11.97 12.0 11.86 11.86
2003-05-28 10.42 10.57 10.35 10.35
2003-05-29 10.64 10.7 10.4 10.4
2003-06-11 10.38 10.4 10.22 10.22
2003-06-13 10.45 10.45 10.3 10.3
2003-06-24 10.1 10.15 10.0 10.0
2003-07-16 9.95 9.95 9.72 9.72
2003-07-23 9.75 9.86 9.72 9.72
2003-08-04 9.63 9.69 9.45 9.45
2003-08-06 9.58 9.73 9.2 9.2
2003-08-07 9.49 9.65 9.47 9.47
2003-08-14 9.23 9.3 9.02 9.02
2003-08-15 9.23 9.28 9.15 9.15
2003-09-23 9.0 9.0 8.88 8.88
2003-09-30 8.65 8.7 8.56 8.56
2003-10-10 8.79 8.8 8.51 8.51
2003-11-03 7.69 7.73 7.56 7.56
2003-11-04 7.99 8.22 7.69 7.69
2003-11-07 7.66 7.78 7.58 7.58
2003-11-17 7.88 8.05 7.7 7.7
2003-11-18 7.79 7.88 7.75 7.75
2003-11-19 7.91 7.93 7.78 7.78
2003-12-12 9.41 9.57 9.0 9.0
2003-12-17 9.39 10.0 9.18 9.18
2004-01-05 9.19 9.21 8.94 8.94
2004-01-14 9.25 9.35 9.15 9.15
2004-01-15 9.47 9.95 9.25 9.25
2004-02-27 9.98 10.05 9.9 9.9
2004-03-09 10.51 10.7 10.21 10.21
2004-03-10 10.7 10.8 10.4 10.4
2004-03-24 10.77 11.0 10.62 10.62
2004-04-05 11.41 11.64 11.01 11.01
2004-05-18 11.02 11.09 10.82 10.82
2004-06-04 10.4 10.5 10.31 10.31
2004-07-15 4.14 4.16 4.1 4.1
2004-07-27 4.01 4.1 4.01 4.01
2004-08-12 3.98 4.0 3.95 3.95
2004-08-13 3.96 4.0 3.95 3.95
2004-09-14 4.03 4.08 3.92 3.92
2004-11-05 3.73 3.79 3.73 3.73
2004-11-08 3.75 3.77 3.71 3.71
2004-11-11 4.21 4.3 3.97 3.97
2004-11-18 4.13 4.14 4.09 4.09
2004-12-02 4.02 4.02 3.97 3.97
2004-12-09 4.03 4.07 3.97 3.97
2004-12-16 3.96 4.01 3.86 3.86
2004-12-21 3.93 3.93 3.85 3.85
2004-12-30 3.73 3.78 3.7 3.7
2005-01-04 3.74 3.76 3.68 3.68
2005-01-05 3.79 3.83 3.72 3.72
2005-01-07 3.75 3.82 3.74 3.74
2005-01-10 3.77 3.8 3.73 3.73
2005-02-01 3.78 3.81 3.73 3.73
2005-03-29 3.48 3.53 3.47 3.47
2005-04-07 3.41 3.45 3.34 3.34
2005-04-13 3.45 3.52 3.4 3.4
2005-05-10 2.97 2.99 2.93 2.93
2005-05-12 2.88 2.93 2.85 2.85
2005-05-16 3.0 3.03 2.88 2.88
2005-05-23 2.74 2.89 2.72 2.72
2005-05-24 2.78 2.83 2.68 2.68
2005-05-26 2.84 2.86 2.79 2.79
2005-06-20 2.92 2.94 2.73 2.73
2005-06-27 2.98 3.01 2.95 2.95
2005-07-12 2.62 2.63 2.5 2.5
2005-07-26 2.49 2.52 2.45 2.45
2005-07-27 2.56 2.57 2.49 2.49
2005-08-25 2.74 2.76 2.68 2.68
2005-10-21 2.79 2.8 2.75 2.75
2005-11-02 2.59 2.61 2.53 2.53
2005-11-18 2.62 2.63 2.56 2.56
2005-11-28 2.65 2.66 2.6 2.6
2005-12-02 2.54 2.59 2.54 2.54
2006-01-17 2.7 2.72 2.65 2.65
2006-02-06 2.67 2.67 2.6 2.6
2006-02-15 2.89 2.91 2.78 2.78
2006-03-20 2.84 2.85 2.8 2.8
2006-10-09 2.49 2.5 2.45 2.45
2006-10-24 2.49 2.49 2.42 2.42
2006-10-31 2.44 2.45 2.41 2.41
2006-11-24 2.31 2.34 2.3 2.3
2006-11-27 2.35 2.36 2.31 2.31
2006-11-30 2.37 2.39 2.32 2.32
2006-12-07 2.39 2.44 2.38 2.38
2006-12-11 2.53 2.53 2.3 2.3
2006-12-13 2.55 2.56 2.45 2.45
2006-12-25 2.52 2.56 2.47 2.47
2007-01-15 3.64 3.64 3.26 3.26
2007-01-22 4.14 4.14 3.86 3.86
2007-02-06 4.37 4.39 4.25 4.25
2007-02-28 7.51 7.56 6.81 6.81
2007-03-07 7.0 7.23 6.6 6.6
2007-03-13 7.79 7.79 7.12 7.12
2007-03-30 9.05 9.25 8.3 8.3
2007-04-30 13.36 13.6 12.6 12.6
2007-05-31 15.19 15.19 15.19 15.19
2007-06-05 11.07 11.07 11.07 11.07
2007-07-18 9.53 9.53 9.53 9.53
2007-08-02 11.36 11.59 10.85 10.85
2007-08-14 13.18 13.3 12.01 12.01
2007-08-22 13.29 13.3 12.52 12.52
2007-08-30 14.99 15.01 13.88 13.88
2007-09-24 15.38 15.79 14.59 14.59
2007-11-14 10.74 10.76 10.15 10.15
2007-11-23 10.66 10.68 10.05 10.05
2007-12-12 11.54 11.59 11.33 11.33
2007-12-19 11.69 11.94 11.5 11.5
2007-12-24 12.42 12.6 11.85 11.85
2008-01-23 13.04 13.2 11.88 11.88
2008-02-13 11.31 11.6 11.21 11.21
2008-02-29 11.82 11.95 11.58 11.58
2008-03-05 13.07 13.19 12.4 12.4
2008-04-15 8.88 8.89 8.37 8.37
2008-08-14 4.4 4.49 4.15 4.15
2008-08-20 4.3 4.3 3.85 3.85
2008-09-12 3.84 3.93 3.8 3.8
2008-10-20 3.71 3.8 3.41 3.41
2008-11-12 3.24 3.24 3.1 3.1
2009-01-05 3.64 3.66 3.55 3.55
2009-01-15 3.99 4.02 3.91 3.91
2009-01-20 3.98 3.99 3.9 3.9
2009-03-02 4.22 4.25 4.11 4.11
2009-06-15 7.35 7.53 6.98 6.98
2009-06-26 6.95 6.99 6.88 6.88
2009-07-22 7.87 8.08 7.63 7.63
2009-07-31 8.55 8.55 8.0 8.0
2009-09-15 7.29 7.33 7.07 7.07
2009-11-16 8.29 8.3 8.01 8.01
2009-12-29 8.29 8.58 7.98 7.98
2010-02-12 7.86 7.97 7.71 7.71
2010-02-24 7.86 7.87 7.64 7.64
2010-03-05 8.22 8.35 7.9 7.9
2010-04-12 8.53 8.56 8.22 8.22
2010-07-06 6.21 6.25 5.89 5.89
2010-07-07 6.83 6.83 6.83 6.83
2010-07-12 7.16 7.3 7.06 7.06
2010-07-19 7.24 7.26 7.0 7.0
2010-08-13 7.78 7.79 7.55 7.55
2010-08-16 8.1 8.11 7.79 7.79
2010-09-20 8.62 8.94 8.59 8.59
2010-10-29 9.39 9.8 8.95 8.95
2010-11-02 10.73 10.73 9.8 9.8
2010-12-03 11.03 11.18 10.57 10.57
2010-12-08 10.47 10.57 10.23 10.23
2011-01-11 10.15 10.19 9.93 9.93
2011-02-11 10.07 10.3 9.83 9.83
2011-02-14 10.15 10.21 9.95 9.95
2011-02-16 10.21 10.25 10.0 10.0
2011-03-18 10.87 10.94 10.56 10.56
2011-05-12 12.42 12.68 12.18 12.18
2011-05-26 13.04 13.45 12.28 12.28
2011-07-13 10.16 10.37 9.7 9.7
2011-08-04 10.51 10.61 10.18 10.18
2011-08-10 10.99 11.18 10.5 10.5
2011-09-07 10.6 10.66 10.37 10.37
2011-09-14 10.93 11.1 10.56 10.56
2011-11-08 9.0 9.19 8.55 8.55
2011-11-15 9.81 9.81 9.81 9.81
2011-12-16 6.84 7.0 6.55 6.55
2012-01-10 6.07 6.1 5.67 5.67
2012-02-06 6.29 6.39 6.19 6.19
2012-02-10 6.65 6.67 6.45 6.45
2012-03-08 7.21 7.27 6.86 6.86
2012-04-06 6.73 6.75 6.5 6.5
2012-04-11 7.13 7.15 6.71 6.71
2012-04-18 7.99 7.99 7.21 7.21
2012-05-15 8.56 8.58 8.25 8.25
2012-06-05 7.6 7.66 7.52 7.52
2012-06-11 7.83 7.86 7.62 7.62
2012-07-02 6.95 7.03 6.86 6.86
2012-07-24 6.32 6.36 6.2 6.2
2012-08-01 5.84 5.85 5.51 5.51
2012-08-28 6.03 6.07 5.89 5.89
2012-08-29 5.99 6.1 5.95 5.95
2012-10-30 6.16 6.36 6.09 6.09
2012-11-12 6.18 6.2 6.06 6.06
2012-12-17 5.71 5.87 5.65 5.65
2012-12-28 5.82 5.86 5.74 5.74
2013-01-17 6.62 6.89 6.56 6.56
2013-03-05 6.36 6.37 6.21 6.21
2013-03-14 6.11 6.14 6.06 6.06
2013-04-19 5.94 5.99 5.8 5.8
2013-05-02 5.75 5.79 5.66 5.66
2013-05-06 5.98 6.01 5.9 5.9
2013-05-07 5.98 6.1 5.94 5.94
2013-06-05 6.45 6.47 6.36 6.36
2013-06-14 6.09 6.11 6.0 6.0
2013-08-30 8.11 8.28 7.48 7.48
2013-09-11 7.87 7.88 7.61 7.61
2013-10-11 7.45 7.45 7.28 7.28
2013-10-14 7.85 7.99 7.52 7.52
2013-11-11 6.9 6.93 6.82 6.82
2013-12-05 6.97 7.03 6.93 6.93
2013-12-10 7.07 7.14 6.99 6.99
2013-12-25 6.67 6.73 6.53 6.53
2013-12-27 6.59 6.6 6.48 6.48
2013-12-30 6.64 6.7 6.6 6.6
2014-01-28 6.7 6.75 6.49 6.49
2014-03-26 6.69 6.71 6.58 6.58
2014-04-08 6.78 6.82 6.61 6.61
2014-04-09 6.92 6.94 6.79 6.79
2014-05-26 5.93 5.94 5.9 5.9
2014-07-22 6.4 6.7 6.25 6.25
2014-09-04 6.99 6.99 6.99 6.99
2014-09-05 7.69 7.69 7.69 7.69
2014-09-11 7.49 7.65 7.46 7.46
2014-09-17 7.7 7.75 7.44 7.44
2014-09-23 8.31 8.49 8.0 8.0
2014-09-29 8.7 8.98 8.51 8.51
2014-10-16 8.8 9.06 8.62 8.62
2014-12-26 13.41 13.72 12.48 12.48
2015-03-06 14.26 14.55 14.16 14.16
2015-04-21 15.22 15.3 14.69 14.69
2015-04-22 15.65 15.66 15.23 15.23
2015-05-06 15.54 16.18 14.92 14.92
2015-05-22 17.15 17.93 16.83 16.83
2015-06-24 18.52 18.96 18.0 18.0
2015-07-08 7.8 7.8 7.8 7.8
2015-07-09 8.58 8.58 7.02 7.02
2015-07-16 9.42 9.95 8.68 8.68
2015-07-23 12.03 12.03 10.91 10.91
2015-08-07 10.27 10.35 9.97 9.97
2015-08-25 10.41 10.41 10.41 10.41
2015-09-02 8.14 9.32 8.14 8.14
2015-09-09 9.57 9.68 9.13 9.13
2015-09-28 10.12 10.12 10.12 10.12
2015-10-19 13.9 13.9 13.02 13.02
2015-11-06 12.9 13.42 12.15 12.15
2015-12-30 12.34 12.45 11.96 11.96
2016-01-18 8.1 8.25 7.65 7.65
2016-03-03 7.79 7.97 7.7 7.7
2016-05-31 8.68 8.7 8.24 8.24
2016-06-21 8.84 9.25 8.52 8.52
2016-06-27 8.93 8.95 8.56 8.56
2016-07-05 9.27 9.39 9.17 9.17
2016-07-11 9.2 9.27 9.17 9.17
2016-07-14 9.59 9.65 9.41 9.41
2016-08-12 10.68 10.7 10.42 10.42
2016-08-25 12.36 12.49 11.87 11.87
2016-08-31 12.24 12.44 12.13 12.13
2016-09-02 11.82 12.21 11.77 11.77
2016-10-18 12.11 12.18 11.89 11.89
2016-12-20 10.48 10.55 10.4 10.4
2016-12-21 10.7 10.73 10.47 10.47
2016-12-27 10.69 10.8 10.63 10.63
2017-01-25 9.71 9.81 9.66 9.66
2017-02-13 10.1 10.15 10.01 10.01
2017-02-28 10.47 10.55 10.18 10.18
2017-03-16 9.99 10.0 9.87 9.87
2017-04-28 8.3 8.33 8.18 8.18
2017-06-07 7.67 7.67 7.45 7.45
2017-06-13 7.71 7.72 7.43 7.43
2017-06-15 7.93 7.95 7.7 7.7
2017-07-03 7.9 7.92 7.8 7.8
2017-07-24 8.15 8.36 7.98 7.98
2017-08-14 7.85 7.87 7.6 7.6
2017-08-25 8.05 8.11 7.94 7.94
