1997-04-21 14.59 14.59 13.6 13.6
1997-04-24 18.54 18.54 16.88 16.88
1997-05-05 22.56 23.5 21.8 21.8
1997-05-22 16.86 18.3 16.83 16.83
1997-05-23 18.13 18.48 16.86 16.86
1997-06-06 17.3 17.9 16.8 16.8
1997-06-20 17.92 17.98 17.0 17.0
1997-07-14 15.95 16.28 15.59 15.59
1997-07-30 15.2 15.3 15.0 15.0
1997-08-04 15.77 15.85 15.37 15.37
1997-08-08 13.66 13.68 13.66 13.66
1997-08-13 11.83 12.39 11.8 11.8
1997-08-19 11.44 11.75 11.14 11.14
1997-08-25 12.12 12.3 12.0 12.0
1997-09-10 12.46 12.7 12.21 12.21
1997-09-30 10.48 10.5 10.41 10.41
1997-10-15 11.15 11.18 10.8 10.8
1997-10-16 11.6 11.7 11.15 11.15
1997-10-17 11.8 12.09 11.5 11.5
1997-10-20 12.1 12.1 11.5 11.5
1997-11-10 11.78 12.17 11.61 11.61
1997-11-26 10.8 10.95 10.6 10.6
1997-12-11 11.23 11.65 10.9 10.9
1997-12-16 11.4 11.58 11.28 11.28
1998-01-12 11.4 11.87 11.39 11.39
1998-01-14 10.82 10.93 10.65 10.65
1998-01-15 11.02 11.2 10.8 10.8
1998-02-12 11.58 11.8 11.11 11.11
1998-02-26 11.48 11.6 11.3 11.3
1998-04-22 11.3 11.38 11.08 11.08
1998-04-24 11.25 11.53 11.16 11.16
1998-05-08 8.5 8.5 8.26 8.26
1998-07-21 8.49 8.59 8.36 8.36
1998-07-23 8.45 8.5 8.39 8.39
1998-07-31 8.45 8.49 8.39 8.39
1998-08-13 7.16 7.2 7.06 7.06
1998-08-19 6.28 6.3 6.08 6.08
1998-09-03 6.75 6.82 6.7 6.7
1998-09-17 7.8 8.2 7.75 7.75
1998-09-28 7.76 7.85 7.65 7.65
1998-10-12 8.4 8.45 8.25 8.25
1998-10-20 8.02 8.11 7.86 7.86
1998-11-05 7.58 7.58 7.5 7.5
1998-11-18 7.8 7.87 7.69 7.69
1998-12-08 7.2 7.23 7.15 7.15
1998-12-11 7.16 7.16 6.95 6.95
1999-01-04 6.5 6.63 6.5 6.5
1999-01-08 6.8 6.85 6.52 6.52
1999-01-14 6.6 6.62 6.55 6.55
1999-01-19 6.83 6.85 6.71 6.71
1999-01-25 6.89 6.93 6.81 6.81
1999-01-27 6.7 6.7 6.6 6.6
1999-03-01 6.36 6.38 6.27 6.27
1999-03-02 6.47 6.65 6.37 6.37
1999-03-05 6.62 6.74 6.52 6.52
1999-03-08 6.8 6.8 6.66 6.66
1999-03-11 6.79 6.8 6.61 6.61
1999-03-15 7.1 7.23 6.84 6.84
1999-03-24 7.14 7.16 6.84 6.84
1999-03-26 7.24 7.34 7.08 7.08
1999-05-06 6.98 7.1 6.86 6.86
1999-05-19 6.68 6.69 6.35 6.35
1999-05-27 7.26 7.36 7.0 7.0
1999-06-04 7.44 7.61 7.24 7.24
1999-06-11 7.75 7.82 7.47 7.47
1999-07-12 10.08 10.08 10.08 10.08
1999-08-17 9.12 9.46 9.02 9.02
1999-08-19 9.57 9.72 9.25 9.25
1999-09-08 9.33 9.45 9.01 9.01
1999-09-14 9.48 9.63 9.45 9.45
1999-10-12 8.8 8.8 8.7 8.7
1999-10-22 8.5 8.55 8.27 8.27
1999-10-27 8.72 8.75 8.5 8.5
1999-11-24 8.5 8.77 8.0 8.0
1999-12-01 8.35 8.4 8.24 8.24
1999-12-06 8.4 8.42 8.21 8.21
2000-01-17 8.54 8.57 8.3 8.3
2000-01-18 8.65 8.84 8.55 8.55
2000-01-26 8.82 8.95 8.47 8.47
2000-02-28 11.2 11.3 10.4 10.4
2000-03-27 12.65 12.8 12.15 12.15
2000-04-03 12.91 13.58 12.75 12.75
2000-04-12 14.3 14.62 13.4 13.4
2000-05-18 10.63 10.63 10.22 10.22
2000-06-08 12.19 12.39 11.5 11.5
2000-06-21 11.7 11.74 11.58 11.58
2000-06-22 11.98 12.05 11.8 11.8
2000-07-25 12.22 12.5 11.95 11.95
2000-07-31 13.35 13.97 13.3 13.3
2000-08-03 13.09 13.29 12.88 12.88
2000-08-08 13.34 13.6 13.2 13.2
2000-08-14 13.45 13.58 13.1 13.1
2000-08-29 12.99 13.1 12.8 12.8
2000-09-12 11.67 11.75 11.5 11.5
2000-10-20 11.72 11.92 11.58 11.58
2000-10-26 12.25 12.37 12.03 12.03
2000-11-07 12.12 12.21 12.08 12.08
2000-12-04 13.39 13.4 13.0 13.0
2000-12-25 14.12 14.12 13.7 13.7
2001-01-10 13.92 13.95 13.75 13.75
2001-02-09 12.18 12.38 12.03 12.03
2001-02-26 12.39 12.4 12.15 12.15
2001-03-01 12.47 12.5 12.28 12.28
2001-03-30 13.38 13.42 13.05 13.05
2001-04-11 13.94 14.09 13.75 13.75
2001-04-24 13.8 13.82 13.38 13.38
2001-04-27 13.67 13.68 13.27 13.27
2001-05-10 14.88 15.09 13.8 13.8
2001-05-24 15.9 15.92 15.26 15.26
2001-06-21 15.18 15.2 14.86 14.86
2001-06-22 15.46 15.55 15.19 15.19
2001-07-02 15.88 16.06 15.72 15.72
2001-07-06 15.93 16.18 15.75 15.75
2001-07-09 16.3 16.4 15.93 15.93
2001-07-10 16.53 16.62 16.31 16.31
2001-08-01 13.85 13.92 13.36 13.36
2001-08-13 13.66 13.73 13.5 13.5
2001-08-15 13.57 13.68 13.45 13.45
2001-08-21 13.53 13.8 13.44 13.44
2001-09-05 11.51 11.62 11.21 11.21
2001-09-06 11.65 11.76 11.51 11.51
2001-09-18 11.35 11.5 11.08 11.08
2001-10-15 10.71 11.0 10.6 10.6
2001-11-06 10.53 10.68 10.42 10.42
2001-11-15 10.02 10.1 10.0 10.0
2001-11-19 10.35 10.42 10.2 10.2
2002-01-09 9.88 10.05 9.82 9.82
2002-01-31 9.15 9.22 8.59 8.59
2002-03-05 9.48 9.52 9.35 9.35
2002-03-14 10.02 10.02 9.6 9.6
2002-03-22 10.16 10.53 10.1 10.1
2002-04-09 10.03 10.08 9.71 9.71
2002-04-26 9.09 9.1 8.95 8.95
2002-06-07 8.85 8.95 8.7 8.7
2002-06-18 8.8 8.85 8.6 8.6
2002-07-23 8.83 8.84 8.71 8.71
2002-08-14 9.68 9.76 9.4 9.4
2002-08-20 9.67 9.74 9.55 9.55
2002-08-29 9.4 9.7 9.35 9.35
2002-09-19 9.01 9.03 8.76 8.76
2002-09-23 9.02 9.05 8.8 8.8
2002-10-08 8.46 8.88 8.15 8.15
2002-10-09 8.15 8.3 8.0 8.0
2002-10-30 7.12 7.15 6.9 6.9
2002-11-19 6.95 6.97 6.75 6.75
2002-12-03 6.88 6.9 6.73 6.73
2002-12-09 6.66 6.7 6.59 6.59
2002-12-11 6.7 6.73 6.55 6.55
2002-12-17 7.08 7.16 6.87 6.87
2002-12-20 7.28 7.38 7.0 7.0
2003-01-06 8.11 8.39 7.82 7.82
2003-01-14 8.32 8.58 8.1 8.1
2003-02-13 8.83 8.83 8.62 8.62
2003-03-11 9.22 9.33 9.13 9.13
2003-03-24 9.53 9.55 9.4 9.4
2003-04-03 10.38 10.69 9.58 9.58
2006-11-08 4.05 4.13 4.0 4.0
2006-11-10 4.29 4.29 4.07 4.07
2006-11-13 4.34 4.5 4.25 4.25
2006-11-17 4.41 4.44 4.28 4.28
2006-12-04 4.69 4.69 4.25 4.25
2006-12-11 5.51 5.51 5.2 5.2
2007-01-05 6.91 6.98 6.65 6.65
2007-01-18 7.34 7.49 7.27 7.27
2007-01-19 7.71 7.71 7.48 7.48
2007-01-29 8.26 8.26 8.26 8.26
2007-01-30 8.67 8.67 8.67 8.67
2007-02-16 10.06 10.55 9.9 9.9
2007-03-16 9.44 9.88 9.1 9.1
2007-03-20 9.5 9.55 9.18 9.18
2007-03-21 10.11 10.2 9.55 9.55
2007-03-26 11.22 11.22 10.15 10.15
2007-04-03 11.0 11.23 10.8 10.8
2007-04-26 13.91 14.13 13.54 13.54
2007-05-28 19.33 20.23 18.85 18.85
2007-05-30 17.6 19.2 17.58 17.58
2007-06-12 19.66 19.66 17.7 17.7
2007-06-13 20.99 21.19 19.7 19.7
2007-06-27 19.91 19.98 18.0 18.0
2007-07-17 17.81 18.15 15.9 15.9
2007-07-23 20.35 21.06 19.62 19.62
2007-08-02 24.7 24.9 23.31 23.31
2007-08-20 22.98 23.0 22.0 22.0
2007-08-29 21.99 22.35 21.7 21.7
2007-09-04 23.74 23.96 22.35 22.35
2007-10-26 16.43 16.66 15.6 15.6
2007-10-29 18.06 18.07 16.75 16.75
2007-10-31 18.55 18.58 17.6 17.6
2007-11-06 16.95 17.18 16.31 16.31
2007-11-12 16.11 16.2 15.5 15.5
2007-11-16 16.03 16.4 15.9 15.9
2007-12-04 16.33 16.46 16.1 16.1
2007-12-19 15.5 15.75 15.18 15.18
2008-02-04 17.1 17.1 16.02 16.02
2008-03-21 12.27 12.69 12.1 12.1
2008-04-11 11.38 11.78 11.3 11.3
2008-04-24 8.99 8.99 8.99 8.99
2008-05-14 10.2 10.21 9.5 9.5
2008-05-15 10.61 10.68 10.31 10.31
2008-05-27 10.79 10.8 9.95 9.95
2008-06-24 6.48 6.58 6.1 6.1
2008-06-27 7.5 7.95 7.28 7.28
2008-08-27 5.03 5.05 4.63 4.63
2008-09-02 5.12 5.24 4.95 4.95
2008-10-06 5.19 5.2 4.92 4.92
2008-10-17 3.94 4.08 3.83 3.83
2008-10-20 4.18 4.2 3.9 3.9
2008-11-05 3.15 3.2 2.98 2.98
2008-11-12 3.5 3.5 3.36 3.36
2008-11-13 3.66 3.73 3.4 3.4
2009-01-05 4.21 4.21 4.06 4.06
2009-02-10 5.78 5.85 5.38 5.38
2009-02-13 6.76 6.81 6.2 6.2
2009-03-02 6.25 6.38 5.7 5.7
2009-03-27 8.44 8.66 8.36 8.36
2009-04-03 8.61 8.97 8.21 8.21
2009-05-14 6.81 6.93 6.45 6.45
2009-05-19 6.78 6.89 6.7 6.7
2009-06-03 7.5 7.57 6.92 6.92
2009-06-15 6.94 6.95 6.81 6.81
2009-06-18 7.29 7.49 7.19 7.19
2009-09-17 7.94 7.96 7.56 7.56
2009-09-30 7.22 7.36 7.11 7.11
2009-10-09 7.58 7.6 7.27 7.27
2009-10-13 7.69 7.7 7.4 7.4
2009-10-28 7.95 8.01 7.7 7.7
2009-11-30 10.44 10.56 9.84 9.84
2009-12-01 10.79 10.81 10.44 10.44
2009-12-07 10.74 10.75 10.22 10.22
2010-02-25 9.32 9.32 8.48 8.48
2010-03-01 9.1 9.29 9.0 9.0
2010-03-18 8.81 8.95 8.76 8.76
2010-03-19 8.95 9.05 8.8 8.8
2010-06-02 7.46 7.47 7.01 7.01
2010-06-04 7.52 7.65 7.21 7.21
2010-06-21 7.82 7.84 7.3 7.3
2010-07-14 7.28 7.41 7.25 7.25
2010-07-27 7.76 7.9 7.67 7.67
2010-07-29 8.1 8.15 7.88 7.88
2010-08-27 10.17 10.29 9.85 9.85
2010-09-06 9.87 10.0 9.72 9.72
2010-09-07 9.96 10.09 9.81 9.81
2010-11-08 9.88 9.95 9.32 9.32
2010-11-24 8.36 8.39 8.21 8.21
2010-12-24 8.44 8.49 8.3 8.3
2010-12-31 8.07 8.14 7.85 7.85
2011-01-06 8.39 8.4 8.15 8.15
2011-01-18 7.62 7.76 7.62 7.62
2011-01-21 7.72 7.9 7.54 7.54
2011-01-26 7.7 7.72 7.6 7.6
2011-02-09 7.98 8.05 7.88 7.88
2011-02-21 8.15 8.18 8.02 8.02
2011-02-28 8.15 8.19 8.12 8.12
2011-03-18 8.53 8.57 8.36 8.36
2011-04-26 11.28 11.28 10.41 10.41
2011-06-03 10.02 10.61 9.66 9.66
2011-06-14 8.06 8.24 7.72 7.72
2011-06-21 8.04 8.12 7.91 7.91
2011-06-22 8.18 8.38 8.06 8.06
2011-06-30 8.14 8.29 8.05 8.05
2011-07-13 8.6 8.63 8.5 8.5
2011-08-19 9.33 9.5 9.08 9.08
2011-09-05 8.61 8.67 8.22 8.22
2011-10-28 7.95 8.14 7.81 7.81
2011-11-14 7.92 8.04 7.65 7.65
2011-12-09 6.78 6.79 6.53 6.53
2011-12-30 5.9 5.94 5.67 5.67
2012-01-12 5.98 6.11 5.86 5.86
2012-02-13 6.69 6.75 6.6 6.6
2012-03-01 7.27 7.52 6.87 6.87
2012-05-14 6.96 7.34 6.71 6.71
2012-05-22 7.09 7.1 6.85 6.85
2012-06-25 7.08 7.19 6.72 6.72
2012-06-27 7.18 7.33 7.01 7.01
2012-07-25 6.56 6.58 6.5 6.5
2012-08-01 6.22 6.38 6.04 6.04
2012-08-06 6.34 6.4 6.18 6.18
2012-08-13 6.39 6.44 6.23 6.23
2012-08-21 6.33 6.4 6.13 6.13
2012-08-22 6.23 6.3 6.15 6.15
2012-09-28 5.5 5.51 5.25 5.25
2012-10-19 6.16 6.16 5.69 5.69
2012-11-28 6.46 6.46 5.9 5.9
2012-12-10 7.43 7.79 7.06 7.06
2013-01-14 7.07 7.13 6.78 6.78
2013-01-28 6.84 6.85 6.56 6.56
2013-03-08 8.21 8.21 7.55 7.55
2013-07-05 6.18 6.4 6.01 6.01
2013-07-11 6.21 6.3 6.02 6.02
2013-07-15 6.26 6.33 6.16 6.16
2013-07-30 6.11 6.2 6.04 6.04
2013-08-09 6.99 6.99 6.35 6.35
2013-08-27 7.28 7.47 7.12 7.12
2013-09-03 7.55 7.77 7.28 7.28
2013-09-05 7.26 7.46 7.22 7.22
2013-09-25 7.21 7.32 7.16 7.16
2013-11-04 6.76 6.89 6.6 6.6
2013-11-20 7.15 7.15 6.8 6.8
2013-11-28 6.8 6.86 6.7 6.7
2013-11-29 6.85 6.95 6.77 6.77
2013-12-12 6.5 6.56 6.46 6.46
2014-04-02 6.66 6.73 6.36 6.36
2014-04-04 6.65 6.66 6.4 6.4
2014-04-08 6.67 6.7 6.56 6.56
2014-04-16 7.03 7.08 6.78 6.78
2014-06-09 7.57 7.99 7.33 7.33
2014-07-07 8.28 8.31 8.18 8.18
2014-07-15 8.11 8.14 8.03 8.03
2014-07-17 8.01 8.09 7.96 7.96
2014-07-18 8.62 8.64 8.06 8.06
2014-07-29 8.51 8.96 8.41 8.41
2014-08-26 8.63 8.89 8.6 8.6
2014-08-27 8.63 8.8 8.58 8.58
2014-09-01 9.0 9.04 8.75 8.75
2014-09-05 9.21 9.38 9.17 9.17
2014-09-12 9.31 9.35 9.13 9.13
2014-09-26 9.26 9.3 9.11 9.11
2014-09-30 10.16 10.16 9.24 9.24
2014-10-14 10.98 10.98 9.98 9.98
2015-01-09 8.79 8.97 8.73 8.73
2015-01-20 8.97 8.98 8.5 8.5
2015-03-09 11.71 12.1 11.14 11.14
2015-11-12 14.45 14.45 14.45 14.45
2015-11-13 15.9 15.9 15.9 15.9
2015-11-16 17.49 17.49 17.49 17.49
2015-11-17 19.24 19.24 19.24 19.24
2015-11-18 21.16 21.16 21.16 21.16
2015-11-19 23.28 23.28 23.28 23.28
2015-11-20 25.61 25.61 25.61 25.61
2015-11-23 28.17 28.17 28.17 28.17
2015-11-24 30.99 30.99 30.99 30.99
2015-11-25 34.09 34.09 34.09 34.09
2015-11-26 37.5 37.5 37.5 37.5
2015-11-27 41.25 41.25 41.25 41.25
2015-11-30 45.38 45.38 45.38 45.38
2015-12-01 49.92 49.92 49.92 49.92
2015-12-03 52.39 55.0 48.51 48.51
2015-12-07 63.39 63.39 63.39 63.39
2015-12-17 67.41 68.8 65.71 65.71
2015-12-25 69.6 72.0 65.38 65.38
2016-01-05 52.84 53.84 52.84 52.84
2016-02-03 37.98 39.15 37.5 37.5
2016-03-07 36.55 37.43 35.41 35.41
2016-03-14 37.02 37.77 36.09 36.09
2016-03-17 37.24 37.39 35.68 35.68
2016-04-13 45.48 46.5 45.0 45.0
2016-05-13 35.82 36.16 34.82 34.82
2016-05-16 36.07 36.47 35.48 35.48
2016-06-20 32.98 34.49 32.71 32.71
2016-06-27 32.91 33.28 31.62 31.62
2016-07-29 33.99 35.0 33.82 33.82
2016-08-03 34.64 34.9 34.07 34.07
2016-08-10 36.56 37.49 35.25 35.25
2016-09-02 36.05 36.25 35.38 35.38
2016-09-23 43.34 43.34 40.5 40.5
2016-09-27 47.01 47.01 42.29 42.29
2016-10-13 49.67 49.99 47.44 47.44
2016-10-21 50.34 51.25 48.43 48.43
2016-11-08 45.49 46.46 45.15 45.15
2017-02-07 44.47 44.97 43.53 43.53
2017-04-05 40.12 41.18 38.76 38.76
2017-05-09 36.71 36.92 36.33 36.33
2017-06-05 33.66 34.7 33.0 33.0
2017-06-07 33.73 34.19 33.29 33.29
2017-06-19 35.05 35.39 34.33 34.33
2017-07-21 33.99 34.79 32.2 32.2
2017-08-14 33.31 33.35 32.65 32.65
2017-08-15 33.29 33.63 33.11 33.11
2017-08-25 34.05 34.5 33.96 33.96
2017-09-05 33.96 34.36 33.48 33.48
