2004-06-15 9.7 9.73 9.22 9.22
2004-06-18 9.55 9.58 9.3 9.3
2004-08-04 8.06 8.15 7.85 7.85
2004-08-10 7.02 7.03 6.91 6.91
2004-09-10 6.21 6.24 6.12 6.12
2004-09-14 6.19 6.3 5.97 5.97
2004-09-15 6.64 6.8 6.21 6.21
2004-12-08 6.22 6.26 6.2 6.2
2005-02-21 5.03 5.03 4.9 4.9
2005-04-07 4.64 4.76 4.59 4.59
2005-05-11 3.7 3.86 3.49 3.49
2005-05-12 3.71 3.78 3.64 3.64
2005-07-28 3.67 3.71 3.6 3.6
2005-08-02 3.73 3.74 3.65 3.65
2005-08-03 4.1 4.1 3.69 3.69
2005-08-05 4.09 4.15 4.01 4.01
2005-08-15 4.53 4.54 4.32 4.32
2005-08-19 4.37 4.48 4.28 4.28
2005-08-31 4.43 4.46 4.3 4.3
2005-09-01 4.69 4.74 4.43 4.43
2005-09-08 4.74 4.82 4.68 4.68
2005-09-14 5.18 5.41 5.02 5.02
2005-09-19 5.61 5.61 5.1 5.1
2005-11-23 5.14 5.16 4.87 4.87
2005-12-16 5.28 5.34 5.18 5.18
2005-12-20 5.36 5.39 5.27 5.27
2006-01-18 6.19 6.27 5.92 5.92
2006-01-19 6.2 6.27 6.14 6.14
2006-02-06 5.91 5.96 5.6 5.6
2006-03-24 5.08 5.15 4.91 4.91
2007-01-16 8.1 8.16 7.44 7.44
2007-02-12 9.68 9.8 9.1 9.1
2007-02-14 9.78 10.05 9.63 9.63
2007-07-12 8.96 9.05 8.84 8.84
2007-08-03 12.09 12.55 11.85 11.85
2007-08-13 12.21 12.21 11.12 11.12
2008-01-02 18.0 18.12 16.82 16.82
2008-01-10 18.28 19.08 18.0 18.0
2008-06-03 10.77 10.84 10.41 10.41
2008-09-09 5.74 5.88 5.68 5.68
2009-03-24 10.33 10.5 10.06 10.06
2009-07-20 11.69 11.75 11.35 11.35
2009-09-17 12.29 12.49 11.9 11.9
2010-03-08 13.65 13.73 13.38 13.38
2010-03-10 13.32 13.62 13.17 13.17
2010-06-07 11.76 12.1 11.27 11.27
2010-06-17 12.09 12.28 11.88 11.88
2010-06-21 12.57 12.66 12.09 12.09
2010-06-22 13.0 13.13 12.41 12.41
2010-10-11 15.31 15.35 14.98 14.98
2010-12-08 15.11 15.77 14.76 14.76
2011-01-10 15.1 15.45 14.73 14.73
2011-03-23 16.37 16.46 15.96 15.96
2011-07-13 20.18 20.46 19.75 19.75
2011-11-14 17.89 17.93 17.21 17.21
2011-11-17 18.58 18.88 17.65 17.65
2011-12-29 16.54 16.56 15.8 15.8
2012-04-20 18.97 19.43 18.55 18.55
2012-07-19 17.89 18.2 17.88 17.88
2012-09-28 16.63 16.79 16.43 16.43
2012-10-10 17.28 17.5 17.1 17.1
2012-10-11 17.34 17.82 17.29 17.29
2012-11-01 16.63 16.82 16.4 16.4
2012-11-30 16.25 16.33 15.56 15.56
2012-12-04 16.14 16.18 15.8 15.8
2012-12-24 17.71 17.76 17.22 17.22
2013-03-14 19.81 20.09 19.55 19.55
2013-03-20 20.3 20.35 19.85 19.85
2013-03-22 20.74 21.07 20.5 20.5
2013-04-01 19.4 19.58 19.21 19.21
2013-04-16 19.4 19.56 19.05 19.05
2013-04-18 20.48 20.79 19.48 19.48
2013-04-24 20.65 20.68 20.08 20.08
2013-05-03 21.73 21.78 20.91 20.91
2013-07-15 12.45 12.55 12.1 12.1
2013-07-16 13.22 13.24 12.32 12.32
2013-07-18 13.93 14.27 13.12 13.12
2013-08-15 14.83 15.03 14.41 14.41
2013-08-22 14.36 14.64 14.32 14.32
2013-08-23 14.91 14.93 14.36 14.36
2013-08-26 15.97 15.99 14.9 14.9
2013-10-18 14.88 15.1 14.45 14.45
2013-11-15 14.62 15.07 14.43 14.43
2013-11-25 16.38 16.68 15.7 15.7
2013-11-27 17.25 17.5 16.4 16.4
2013-12-24 16.19 16.52 15.79 15.79
2013-12-30 17.38 17.8 17.08 17.08
2014-03-24 18.16 18.51 17.69 17.69
2014-05-06 19.03 19.13 18.01 18.01
2014-07-30 14.85 15.1 14.02 14.02
2014-08-04 15.3 15.39 14.7 14.7
2014-08-29 16.61 16.65 16.3 16.3
2015-01-20 13.87 13.98 13.6 13.6
2015-01-21 14.17 14.25 13.85 13.85
2015-03-17 15.25 15.34 15.02 15.02
2015-04-07 16.4 16.52 15.84 15.84
2015-11-17 20.71 20.71 20.71 20.71
2015-11-18 22.78 22.78 22.78 22.78
2016-12-01 13.89 14.02 13.41 13.41
2017-03-16 14.52 14.55 14.33 14.33
2017-03-21 14.6 14.66 14.35 14.35
2017-07-06 14.34 14.43 14.05 14.05
2017-08-11 13.98 14.4 13.85 13.85
