1994-02-03 4.31 4.43 4.3 4.3
1994-02-04 4.4 4.43 4.32 4.32
1994-06-03 2.28 2.3 2.25 2.25
1994-06-15 2.07 2.12 2.02 2.02
1994-07-05 1.95 1.96 1.9 1.9
1994-07-07 1.91 1.95 1.9 1.9
1994-07-11 1.92 1.95 1.9 1.9
1994-07-12 1.92 1.94 1.91 1.91
1994-12-06 2.77 2.81 2.75 2.75
1995-01-25 2.59 2.6 2.56 2.56
1995-01-27 2.68 2.68 2.59 2.59
1995-02-07 2.57 2.61 2.5 2.5
1995-02-09 2.64 2.65 2.59 2.59
1995-02-15 2.61 2.66 2.59 2.59
1995-02-16 2.59 2.62 2.58 2.58
1995-02-17 2.58 2.6 2.58 2.58
1995-02-22 2.76 2.8 2.59 2.59
1995-03-02 2.7 2.74 2.65 2.65
1995-03-03 2.74 2.76 2.7 2.7
1995-05-12 2.48 2.58 2.4 2.4
1995-06-12 2.86 2.92 2.81 2.81
1995-06-26 2.78 2.85 2.7 2.7
1995-07-24 2.81 2.96 2.52 2.52
1995-08-07 2.78 2.84 2.7 2.7
1995-09-26 3.45 3.45 3.37 3.37
1995-09-29 3.54 3.57 3.44 3.44
1996-02-12 3.2 3.22 3.17 3.17
1996-02-15 3.3 3.33 3.22 3.22
1996-02-16 3.35 3.36 3.31 3.31
1996-03-07 3.49 3.5 3.4 3.4
1996-03-14 3.48 3.51 3.45 3.45
1996-03-18 3.55 3.56 3.48 3.48
1996-04-23 3.81 3.82 3.72 3.72
1996-04-24 4.08 4.08 3.85 3.85
1996-04-26 4.21 4.4 3.98 3.98
1996-08-12 6.95 7.08 6.88 6.88
1996-09-05 6.46 6.75 6.45 6.45
1996-10-14 7.12 7.28 6.9 6.9
1996-10-28 7.24 7.45 7.01 7.01
1996-12-17 6.39 6.99 6.39 6.39
1996-12-18 7.03 7.03 6.11 6.11
1996-12-20 6.85 6.91 6.4 6.4
1997-02-19 6.98 7.0 6.71 6.71
1997-02-20 6.8 6.93 6.28 6.28
1997-04-02 8.38 8.58 8.05 8.05
1997-04-09 8.47 8.5 8.15 8.15
1997-04-10 8.8 9.15 8.6 8.6
1997-04-14 8.95 9.11 8.83 8.83
1997-07-23 5.8 5.94 5.56 5.56
1997-07-29 5.4 5.48 5.18 5.18
1997-07-31 5.84 5.87 5.65 5.65
1997-08-04 5.94 5.96 5.85 5.85
1998-01-19 7.4 7.57 7.28 7.28
1998-04-07 6.85 7.0 6.81 6.81
1998-04-14 6.5 6.67 6.48 6.48
1998-06-19 5.81 5.88 5.75 5.75
1998-08-05 5.36 5.38 5.34 5.34
1998-08-26 4.96 5.08 4.88 4.88
1998-09-02 4.89 5.08 4.8 4.8
1998-09-04 4.85 4.95 4.85 4.85
1999-01-14 4.2 4.23 4.15 4.15
1999-01-20 4.26 4.34 4.14 4.14
1999-04-23 4.02 4.08 4.0 4.0
1999-04-30 3.92 3.96 3.9 3.9
1999-06-21 4.82 4.86 4.68 4.68
1999-08-31 5.36 5.39 5.25 5.25
1999-09-08 5.4 5.49 5.3 5.3
1999-09-13 5.97 6.08 5.78 5.78
1999-12-01 4.59 4.6 4.55 4.55
2000-03-13 5.6 5.69 5.44 5.44
2000-07-10 8.44 8.55 7.85 7.85
2000-07-12 8.29 8.47 8.23 8.23
2000-09-29 6.41 6.41 6.28 6.28
2000-10-10 7.0 7.15 6.7 6.7
2000-12-29 6.6 6.62 6.55 6.55
2001-03-08 7.25 7.27 7.15 7.15
2001-04-27 6.85 6.85 6.8 6.8
2001-05-08 6.95 7.0 6.84 6.84
2001-07-10 6.68 6.69 6.65 6.65
2001-07-13 6.58 6.63 6.58 6.58
2001-07-20 6.55 6.56 6.48 6.48
2001-08-09 5.73 5.77 5.7 5.7
2001-11-20 5.58 5.63 5.48 5.48
2001-11-28 5.71 5.83 5.62 5.62
2001-11-30 5.7 5.73 5.65 5.65
2001-12-03 5.74 5.8 5.72 5.72
2002-06-20 4.89 4.9 4.78 4.78
2002-06-21 5.07 5.1 4.88 4.88
2002-09-26 5.63 5.68 5.6 5.6
2002-10-11 5.26 5.29 5.21 5.21
2002-10-14 5.3 5.36 5.25 5.25
2002-10-16 5.39 5.45 5.35 5.35
2002-10-22 5.41 5.45 5.36 5.36
2003-02-25 5.58 5.66 5.5 5.5
2003-02-26 5.68 5.69 5.57 5.57
2003-03-03 5.66 5.67 5.58 5.58
2003-11-24 4.9 4.95 4.6 4.6
2003-12-02 5.03 5.14 4.97 4.97
2003-12-05 5.02 5.1 4.99 4.99
2003-12-26 4.88 4.95 4.85 4.85
2004-01-06 5.62 5.75 5.33 5.33
2004-01-08 5.6 5.74 5.55 5.55
2004-01-16 5.44 5.44 5.35 5.35
2004-01-29 5.62 5.63 5.48 5.48
2004-03-01 7.14 7.38 6.75 6.75
2004-05-18 5.48 5.49 5.3 5.3
2005-01-10 4.12 4.12 4.03 4.03
2005-05-18 2.48 2.51 2.45 2.45
2005-07-26 2.02 2.04 1.97 1.97
2005-08-01 2.19 2.22 2.14 2.14
2005-08-03 2.35 2.42 2.29 2.29
2005-10-26 2.45 2.52 2.41 2.41
2006-10-24 2.11 2.13 2.08 2.08
2007-01-05 2.51 2.53 2.4 2.4
2007-02-06 3.34 3.38 3.13 3.13
2007-02-14 3.78 3.9 3.75 3.75
2007-03-20 4.5 4.56 4.4 4.4
2007-03-27 5.65 5.65 5.25 5.25
2007-06-05 7.27 7.3 6.59 6.59
2007-06-13 8.77 8.77 8.0 8.0
2008-12-19 7.12 7.24 6.98 6.98
2009-01-09 7.08 7.25 6.83 6.83
2009-01-14 6.99 6.99 6.7 6.7
2009-11-16 11.23 11.32 10.35 10.35
2009-12-28 12.05 12.14 11.7 11.7
2010-04-08 12.6 12.8 12.2 12.2
2010-04-12 12.85 13.08 12.62 12.62
2010-09-17 12.21 12.44 11.45 11.45
2011-05-19 12.38 12.74 12.32 12.32
2012-01-20 6.55 6.57 6.31 6.31
2012-05-17 7.16 7.25 7.12 7.12
2012-05-22 7.05 7.07 6.88 6.88
2012-08-10 5.8 5.89 5.75 5.75
2012-08-15 6.12 6.32 5.96 5.96
2012-08-21 5.84 5.95 5.68 5.68
2012-08-24 5.98 6.11 5.89 5.89
2012-12-31 5.56 5.61 5.47 5.47
2013-01-15 6.33 6.35 6.06 6.06
2013-05-28 5.91 5.92 5.8 5.8
2013-08-29 5.04 5.06 5.0 5.0
2014-02-10 4.93 4.94 4.85 4.85
2014-06-16 4.68 4.75 4.6 4.6
2014-06-18 4.72 4.75 4.7 4.7
2014-06-24 4.72 4.74 4.71 4.71
2014-07-02 4.96 5.07 4.92 4.92
2014-10-20 7.25 7.49 7.12 7.12
2014-10-27 6.8 6.85 6.65 6.65
2014-10-28 6.96 6.97 6.81 6.81
2014-11-03 6.99 7.02 6.88 6.88
2015-04-07 8.83 8.88 8.15 8.15
2015-04-13 9.12 9.2 8.65 8.65
2015-04-23 9.6 9.6 8.9 8.9
2015-07-07 7.92 8.18 7.92 7.92
2015-07-08 7.13 7.87 7.13 7.13
2015-07-09 7.84 7.84 6.69 6.69
2015-07-17 8.89 8.95 8.35 8.35
2015-08-25 6.75 6.98 6.75 6.75
2016-03-10 6.32 6.46 6.31 6.31
2016-08-12 6.42 6.43 6.35 6.35
2016-08-15 6.55 6.56 6.42 6.42
2016-12-27 6.27 6.3 6.26 6.26
2016-12-29 6.23 6.28 6.23 6.23
2017-01-09 6.35 6.38 6.3 6.3
2017-07-27 5.84 5.84 5.73 5.73
2017-07-28 5.84 5.86 5.81 5.81
2017-07-31 5.95 5.99 5.85 5.85
