2003-05-14 5.11 5.12 5.0 5.0
2006-10-09 2.86 2.86 2.8 2.8
2006-10-20 2.85 2.89 2.83 2.83
2006-11-07 2.62 2.65 2.6 2.6
2006-11-22 2.72 2.72 2.5 2.5
2006-12-20 3.14 3.16 2.92 2.92
2007-01-05 3.17 3.19 3.05 3.05
2007-01-10 3.63 3.68 3.43 3.43
2007-01-15 3.51 3.52 3.28 3.28
2007-01-29 4.27 4.33 4.01 4.01
2007-02-01 4.52 4.6 4.1 4.1
2007-05-23 9.62 9.79 9.18 9.18
2007-06-06 8.28 8.5 7.5 7.5
2007-07-05 7.28 7.66 7.21 7.21
2007-07-06 7.74 7.8 7.25 7.25
2007-07-23 8.0 8.1 7.55 7.55
2007-07-31 10.4 10.4 10.4 10.4
2007-08-02 9.7 9.76 9.37 9.37
2007-08-14 9.47 9.6 9.07 9.07
2007-08-31 11.38 11.5 10.88 10.88
2007-09-17 11.32 11.49 10.73 10.73
2008-01-02 11.76 11.89 11.31 11.31
2008-02-04 10.07 10.1 9.41 9.41
2008-02-29 11.73 11.89 11.4 11.4
2008-03-18 10.71 10.71 10.71 10.71
2008-03-19 10.22 11.1 9.64 9.64
2008-05-13 7.29 7.29 7.29 7.29
2008-05-14 8.02 8.02 8.02 8.02
2008-06-24 5.57 5.57 5.06 5.06
2008-06-30 5.31 5.44 5.05 5.05
2008-07-21 6.38 6.44 6.03 6.03
2008-10-10 4.75 4.96 4.61 4.61
2008-10-21 4.39 4.54 4.24 4.24
2008-10-22 4.33 4.42 4.27 4.27
2008-11-10 5.3 5.3 5.06 5.06
2008-11-28 7.17 7.33 6.65 6.65
2008-12-31 6.89 7.06 6.61 6.61
2009-01-05 7.58 7.58 7.05 7.05
2009-02-06 9.35 9.35 9.13 9.13
2009-02-09 9.66 9.8 9.45 9.45
2009-02-13 10.68 10.85 10.2 10.2
2009-02-19 11.3 11.34 10.55 10.55
2009-03-10 12.0 12.02 11.33 11.33
2009-04-10 12.43 12.6 12.14 12.14
2009-04-30 12.59 12.77 12.22 12.22
2009-06-16 11.83 12.22 11.68 11.68
2009-06-18 12.56 12.87 11.87 11.87
2009-06-29 14.0 14.48 13.47 13.47
2009-08-20 11.95 11.96 11.45 11.45
2009-08-21 12.57 12.7 12.04 12.04
2009-09-11 12.41 12.61 12.31 12.31
2009-10-13 13.19 13.26 12.69 12.69
2009-10-19 13.54 13.56 13.24 13.24
2009-11-03 13.71 13.85 13.35 13.35
2009-11-30 16.16 16.24 15.5 15.5
2009-12-10 16.9 16.96 16.39 16.39
2009-12-24 16.67 16.94 15.75 15.75
2010-01-06 17.16 17.5 17.0 17.0
2010-01-12 16.86 16.87 16.2 16.2
2010-02-12 14.79 14.85 14.66 14.66
2010-03-17 16.45 16.68 16.1 16.1
2010-03-22 16.95 17.18 16.71 16.71
2010-04-14 17.18 17.31 16.68 16.68
2010-04-21 16.25 16.25 15.75 15.75
2010-04-26 15.2 15.48 15.11 15.11
2010-06-04 12.86 12.93 12.54 12.54
2010-06-18 13.41 13.87 13.29 13.29
2010-07-06 12.8 13.14 12.45 12.45
2010-07-20 14.89 15.03 14.35 14.35
2010-08-11 16.64 16.85 16.41 16.41
2010-08-18 17.65 17.8 17.23 17.23
2010-08-30 19.97 20.36 19.0 19.0
2010-09-21 18.63 18.65 18.2 18.2
2010-09-27 19.52 19.57 18.69 18.69
2010-10-21 18.28 18.8 18.0 18.0
2010-11-05 17.82 17.89 17.33 17.33
2010-11-11 18.37 18.96 18.26 18.26
2010-11-29 17.02 17.27 16.8 16.8
2010-12-13 17.64 17.96 17.3 17.3
2011-01-18 15.61 15.8 15.33 15.33
2011-01-26 15.06 15.17 14.75 14.75
2011-02-09 15.91 16.25 15.8 15.8
2011-02-14 17.63 17.82 16.71 16.71
2011-02-16 18.42 18.6 17.57 17.57
2011-03-01 19.26 19.45 18.48 18.48
2011-03-04 21.02 21.39 19.32 19.32
2011-04-07 23.18 23.5 21.66 21.66
2011-04-20 20.4 20.58 20.1 20.1
2011-05-05 19.55 19.71 19.31 19.31
2011-05-06 19.62 19.87 19.23 19.23
2011-05-09 20.0 20.15 19.52 19.52
2011-05-10 20.23 20.54 20.0 20.0
2011-05-31 17.92 17.93 17.31 17.31
2011-06-21 16.9 17.14 16.37 16.37
2011-07-13 18.24 18.26 17.86 17.86
2011-07-22 17.62 17.8 17.4 17.4
2011-11-03 12.73 12.88 12.57 12.57
2012-02-21 10.83 10.99 10.49 10.49
2012-02-27 11.61 12.07 11.51 11.51
2012-02-28 11.84 11.97 11.62 11.62
2012-03-02 12.04 12.08 11.6 11.6
2012-03-08 11.09 11.18 11.0 11.0
2012-03-16 10.36 10.45 10.17 10.17
2012-04-19 11.23 11.38 10.86 10.86
2012-05-17 10.6 10.67 10.4 10.4
2012-05-21 10.94 10.97 10.74 10.74
2012-05-22 11.4 11.69 10.99 10.99
2012-06-18 11.85 12.07 11.7 11.7
2012-07-13 10.72 11.05 10.33 10.33
2012-08-01 10.8 11.03 9.96 9.96
2012-08-08 11.04 11.16 10.9 10.9
2012-09-07 10.56 10.56 10.56 10.56
2012-09-10 11.62 11.62 11.62 11.62
2012-12-05 9.0 9.0 8.22 8.22
2012-12-14 10.18 10.4 9.6 9.6
2012-12-24 10.27 10.34 10.16 10.16
2012-12-28 10.23 10.3 10.06 10.06
2013-02-01 12.02 12.12 11.33 11.33
2013-03-19 10.4 10.45 10.02 10.02
2013-05-17 10.64 10.83 10.48 10.48
2013-06-03 11.54 11.65 11.12 11.12
2013-08-13 7.58 7.98 7.4 7.4
2013-12-27 6.67 6.69 6.55 6.55
2014-01-14 6.19 6.19 6.07 6.07
2014-02-10 7.01 7.02 6.82 6.82
2014-02-14 6.99 7.03 6.86 6.86
2014-03-11 6.42 6.56 6.18 6.18
2014-03-17 6.64 6.75 6.57 6.57
2014-04-02 6.94 7.07 6.74 6.74
2014-05-14 6.32 6.36 6.29 6.29
2014-05-23 6.28 6.29 6.18 6.18
2014-05-30 6.27 6.3 6.22 6.22
2014-06-03 6.32 6.35 6.26 6.26
2014-06-26 6.24 6.34 6.09 6.09
2014-07-04 6.26 6.3 6.23 6.23
2014-07-10 6.43 6.49 6.37 6.37
2014-07-11 6.45 6.53 6.4 6.4
2014-07-14 6.53 6.56 6.45 6.45
2014-07-16 6.54 6.55 6.48 6.48
2014-08-11 7.03 7.05 6.96 6.96
2014-08-15 7.08 7.12 7.03 7.03
2014-09-01 6.93 6.93 6.86 6.86
2014-11-03 8.31 8.49 8.04 8.04
2014-12-25 10.39 10.45 9.88 9.88
2015-01-13 10.18 10.27 10.13 10.13
2015-01-20 9.72 9.74 9.4 9.4
2015-02-10 9.69 9.69 9.46 9.46
2015-03-13 10.47 10.57 10.42 10.42
2015-03-30 11.97 12.1 11.13 11.13
2015-05-22 11.63 11.65 11.38 11.38
2015-06-01 11.82 11.86 11.33 11.33
2015-07-08 6.92 7.29 6.92 6.92
2015-07-09 7.61 7.61 6.55 6.55
2015-08-25 7.06 7.26 7.06 7.06
2015-09-21 6.69 6.7 6.31 6.31
2015-09-30 6.44 6.49 6.41 6.41
2015-10-16 8.21 8.3 7.84 7.84
2015-12-17 8.73 8.84 8.46 8.46
2015-12-22 8.92 9.15 8.66 8.66
2016-02-02 6.33 6.42 6.22 6.22
2016-02-04 6.59 6.7 6.42 6.42
2016-03-14 6.73 6.85 6.53 6.53
2016-03-30 6.96 6.97 6.78 6.78
2016-03-31 7.28 7.38 7.0 7.0
2016-04-11 7.42 7.55 7.17 7.17
2016-04-13 7.68 7.95 7.6 7.6
2016-04-27 7.08 7.18 7.04 7.04
2016-04-29 6.97 7.05 6.93 6.93
2016-05-20 6.39 6.4 6.25 6.25
2016-05-23 6.48 6.49 6.39 6.39
2016-06-17 6.54 6.63 6.48 6.48
2016-07-05 7.04 7.08 6.83 6.83
2016-08-03 7.29 7.32 6.96 6.96
2016-08-16 7.63 7.76 7.52 7.52
2016-08-17 7.86 8.14 7.56 7.56
2016-09-08 7.38 7.43 7.32 7.32
2016-10-18 7.27 7.28 7.13 7.13
2016-10-24 7.54 7.63 7.36 7.36
2016-11-03 7.55 7.59 7.37 7.37
2016-12-30 8.17 8.22 8.01 8.01
2017-01-20 7.96 8.03 7.8 7.8
2017-02-07 8.75 8.97 8.29 8.29
2017-02-14 9.99 10.37 9.43 9.43
2017-02-22 10.91 10.91 9.9 9.9
2017-04-25 8.25 8.32 8.05 8.05
