2007-01-10 3.63 3.68 3.43 3.43
2007-01-15 3.51 3.52 3.28 3.28
2007-02-01 4.52 4.6 4.1 4.1
2007-07-06 7.74 7.8 7.25 7.25
2007-07-31 10.4 10.4 10.4 10.4
2007-08-02 9.7 9.76 9.37 9.37
2008-03-19 10.22 11.1 9.64 9.64
2008-05-14 8.02 8.02 8.02 8.02
2008-06-30 5.31 5.44 5.05 5.05
2008-10-22 4.33 4.42 4.27 4.27
2009-01-05 7.58 7.58 7.05 7.05
2009-02-09 9.66 9.8 9.45 9.45
2009-02-13 10.68 10.85 10.2 10.2
2009-02-19 11.3 11.34 10.55 10.55
2009-06-18 12.56 12.87 11.87 11.87
2009-08-21 12.57 12.7 12.04 12.04
2009-10-19 13.54 13.56 13.24 13.24
2010-01-12 16.86 16.87 16.2 16.2
2010-03-22 16.95 17.18 16.71 16.71
2010-04-21 16.25 16.25 15.75 15.75
2010-04-26 15.2 15.48 15.11 15.11
2010-08-18 17.65 17.8 17.23 17.23
2010-09-27 19.52 19.57 18.69 18.69
2010-11-11 18.37 18.96 18.26 18.26
2011-01-26 15.06 15.17 14.75 14.75
2011-02-09 15.91 16.25 15.8 15.8
2011-02-14 17.63 17.82 16.71 16.71
2011-02-16 18.42 18.6 17.57 17.57
2011-03-04 21.02 21.39 19.32 19.32
2011-05-06 19.62 19.87 19.23 19.23
2011-05-09 20.0 20.15 19.52 19.52
2011-05-10 20.23 20.54 20.0 20.0
2012-02-27 11.61 12.07 11.51 11.51
2012-02-28 11.84 11.97 11.62 11.62
2012-03-02 12.04 12.08 11.6 11.6
2012-03-08 11.09 11.18 11.0 11.0
2012-03-16 10.36 10.45 10.17 10.17
2012-05-21 10.94 10.97 10.74 10.74
2012-05-22 11.4 11.69 10.99 10.99
2012-08-08 11.04 11.16 10.9 10.9
2012-09-10 11.62 11.62 11.62 11.62
2012-12-24 10.27 10.34 10.16 10.16
2012-12-28 10.23 10.3 10.06 10.06
2014-02-14 6.99 7.03 6.86 6.86
2014-03-17 6.64 6.75 6.57 6.57
2014-05-30 6.27 6.3 6.22 6.22
2014-06-03 6.32 6.35 6.26 6.26
2014-07-04 6.26 6.3 6.23 6.23
2014-07-10 6.43 6.49 6.37 6.37
2014-07-11 6.45 6.53 6.4 6.4
2014-07-14 6.53 6.56 6.45 6.45
2014-07-16 6.54 6.55 6.48 6.48
2014-08-15 7.08 7.12 7.03 7.03
2015-01-20 9.72 9.74 9.4 9.4
2015-06-01 11.82 11.86 11.33 11.33
2015-07-09 7.61 7.61 6.55 6.55
2015-12-22 8.92 9.15 8.66 8.66
2016-02-04 6.59 6.7 6.42 6.42
2016-03-31 7.28 7.38 7.0 7.0
2016-04-11 7.42 7.55 7.17 7.17
2016-04-13 7.68 7.95 7.6 7.6
2016-04-29 6.97 7.05 6.93 6.93
2016-05-23 6.48 6.49 6.39 6.39
2016-08-17 7.86 8.14 7.56 7.56
2016-10-24 7.54 7.63 7.36 7.36
2017-02-14 9.99 10.37 9.43 9.43
2017-02-22 10.91 10.91 9.9 9.9
