1994-07-05 7.14 7.15 6.92 6.92
1994-07-13 7.0 7.03 6.7 6.7
1994-11-09 9.12 9.3 8.5 8.5
1994-11-30 8.35 8.46 8.31 8.31
1995-01-25 6.66 6.79 6.58 6.58
1995-01-26 6.63 6.68 6.5 6.5
1995-02-09 6.58 6.6 6.37 6.37
1995-04-24 6.67 6.78 6.6 6.6
1995-06-09 7.33 7.48 7.26 7.26
1995-06-13 7.35 7.4 7.2 7.2
1995-06-20 6.75 6.91 6.75 6.75
1995-06-21 6.85 6.88 6.7 6.7
1995-06-29 6.7 6.8 6.66 6.66
1995-07-20 7.2 7.4 7.1 7.1
1995-07-25 7.39 7.6 7.03 7.03
1995-08-15 10.2 10.96 10.05 10.05
1995-09-29 7.85 7.97 7.65 7.65
1995-11-06 7.7 7.7 7.64 7.64
1995-12-26 6.86 6.95 6.85 6.85
1995-12-29 6.57 6.7 6.5 6.5
1996-01-09 6.6 6.6 6.35 6.35
1996-01-15 6.5 6.52 6.39 6.39
1996-01-19 6.22 6.23 6.1 6.1
1996-01-23 6.3 6.3 6.11 6.11
1996-02-13 6.6 6.64 6.58 6.58
1996-03-19 5.61 5.75 5.55 5.55
1996-03-20 5.77 5.82 5.61 5.61
1996-03-22 5.71 5.75 5.65 5.65
1996-04-16 5.82 5.87 5.57 5.57
1996-04-17 5.96 6.11 5.83 5.83
1996-04-24 6.84 6.88 6.58 6.58
1996-04-26 8.89 9.88 6.65 6.65
1996-04-29 11.7 11.7 9.68 9.68
1996-05-14 9.6 10.0 9.31 9.31
1996-06-04 10.39 10.53 10.15 10.15
1996-09-26 10.2 10.3 10.05 10.05
1996-10-08 10.61 11.05 10.3 10.3
1996-10-14 10.8 11.2 10.65 10.65
1996-11-04 10.83 10.95 10.65 10.65
1996-11-11 10.39 10.43 10.3 10.3
1996-11-18 11.14 11.2 10.39 10.39
1996-12-17 9.06 9.8 9.06 9.06
1996-12-23 8.92 9.18 8.52 8.52
1997-02-20 9.65 9.79 8.81 8.81
1997-02-21 10.18 10.35 9.95 9.95
1997-03-21 11.8 11.88 11.05 11.05
1997-05-20 16.5 16.8 16.05 16.05
1997-05-22 14.28 15.2 14.28 14.28
1997-08-19 10.69 10.9 10.6 10.6
1997-11-04 12.09 12.43 12.0 12.0
1998-02-17 10.35 10.4 10.25 10.25
1998-07-23 9.7 9.8 9.28 9.28
1998-09-04 7.61 7.75 7.49 7.49
1999-03-30 7.02 7.18 7.0 7.0
1999-06-28 10.22 10.22 9.4 9.4
1999-08-19 9.19 9.19 8.4 8.4
1999-08-23 9.55 9.7 9.3 9.3
1999-08-30 9.18 9.46 9.13 9.13
1999-09-03 9.99 10.1 9.61 9.61
1999-09-24 10.59 10.78 10.41 10.41
1999-10-26 9.41 9.51 9.25 9.25
1999-12-28 8.27 8.48 8.22 8.22
2000-02-14 10.62 10.62 10.0 10.0
2000-03-03 10.1 10.23 9.8 9.8
2000-03-13 10.84 10.9 10.48 10.48
2000-03-14 10.35 10.6 9.76 9.76
2000-03-21 10.0 10.2 9.9 9.9
2000-03-22 10.06 10.26 10.0 10.0
2000-03-23 10.6 10.72 10.1 10.1
2000-03-27 10.95 11.06 10.5 10.5
2000-04-20 11.79 12.0 11.73 11.73
2000-04-26 11.56 11.83 11.3 11.3
2000-05-31 12.07 12.15 11.55 11.55
2000-07-19 11.23 11.4 11.15 11.15
2000-07-27 11.84 12.44 11.5 11.5
2000-07-31 11.84 12.08 11.71 11.71
2000-09-11 11.99 12.04 11.55 11.55
2001-01-19 13.26 13.37 13.0 13.0
2001-02-09 12.3 12.5 12.1 12.1
2001-03-02 12.47 12.66 12.2 12.2
2001-04-10 12.3 12.45 12.26 12.26
2001-04-30 12.79 12.88 12.68 12.68
2001-05-08 12.86 12.95 12.8 12.8
2001-06-08 13.06 13.19 12.95 12.95
2001-07-10 9.79 9.82 9.75 9.75
2001-09-19 9.28 9.28 8.45 8.45
2002-01-21 5.74 5.94 5.74 5.74
2002-02-27 6.95 7.06 6.75 6.75
2002-03-07 7.72 7.72 7.02 7.02
2002-05-21 6.95 7.07 6.8 6.8
2002-12-12 6.09 6.2 6.07 6.07
2003-01-13 6.29 6.36 6.17 6.17
2003-01-14 6.68 6.88 6.32 6.32
2003-03-19 6.52 6.62 6.37 6.37
2003-03-27 7.09 7.18 6.52 6.52
2003-04-01 7.08 7.18 6.95 6.95
2003-04-04 7.16 7.19 7.06 7.06
2003-04-11 7.41 7.64 7.3 7.3
2003-04-17 7.53 7.68 7.47 7.47
2003-09-19 6.1 6.15 6.05 6.05
2003-10-27 5.46 5.52 5.4 5.4
2003-11-03 5.22 5.25 5.16 5.16
2003-11-11 4.71 4.8 4.6 4.6
2003-11-14 4.64 4.67 4.5 4.5
2003-11-19 4.64 4.74 4.48 4.48
2003-11-24 4.96 5.0 4.76 4.76
2003-11-26 5.21 5.28 5.01 5.01
2003-12-01 5.2 5.25 5.1 5.1
2003-12-11 5.28 5.35 5.23 5.23
2004-10-19 3.73 3.73 3.49 3.49
2004-12-14 3.46 3.53 3.44 3.44
2004-12-21 3.44 3.49 3.4 3.4
2004-12-22 3.53 3.55 3.44 3.44
2004-12-30 3.37 3.44 3.32 3.32
2005-02-01 3.34 3.43 3.28 3.28
2005-04-07 3.34 3.4 3.16 3.16
2005-05-17 3.16 3.21 3.11 3.11
2005-06-23 2.81 2.81 2.81 2.81
2005-06-24 2.61 2.76 2.53 2.53
2006-06-02 3.99 3.99 3.99 3.99
2007-01-17 5.8 5.8 5.8 5.8
2007-01-18 6.38 6.38 6.38 6.38
2007-01-19 7.02 7.02 7.02 7.02
2007-01-22 7.72 7.72 7.72 7.72
2007-01-23 8.49 8.49 8.49 8.49
2007-01-24 9.34 9.34 9.34 9.34
2007-01-25 10.27 10.27 10.27 10.27
2007-04-03 16.36 16.36 15.0 15.0
2007-04-26 20.12 20.12 18.5 18.5
2007-05-22 23.27 23.98 22.9 22.9
2007-05-24 24.68 25.3 23.43 23.43
2007-12-05 25.94 27.85 25.47 25.47
2007-12-24 29.62 29.62 28.28 28.28
2008-02-18 29.49 30.39 29.2 29.2
2008-09-25 14.16 14.5 13.2 13.2
2008-11-05 12.88 13.24 12.31 12.31
2008-11-12 13.85 13.95 13.3 13.3
2009-03-24 17.78 18.4 17.2 17.2
2009-08-20 16.09 16.25 15.71 15.71
2009-08-26 15.74 15.86 15.31 15.31
2009-11-06 17.68 18.3 16.92 16.92
2009-11-16 18.25 18.29 17.39 17.39
2010-03-01 19.47 19.69 19.0 19.0
2010-03-03 19.73 20.05 19.52 19.52
2010-03-08 19.65 19.78 18.86 18.86
2010-05-28 14.46 14.66 14.31 14.31
2011-04-27 16.46 16.46 16.46 16.46
2011-04-28 18.11 18.11 18.11 18.11
2011-04-29 19.92 19.92 19.92 19.92
2012-01-05 14.01 14.8 13.82 13.82
2012-07-19 17.41 17.88 16.8 16.8
2013-02-27 15.1 15.36 14.51 14.51
2013-03-05 14.01 14.16 13.51 13.51
2014-01-13 14.45 14.62 14.36 14.36
2014-05-16 15.19 15.26 14.4 14.4
2014-07-30 17.26 17.35 17.04 17.04
2014-09-19 19.8 19.84 18.5 18.5
2015-07-17 42.3 43.15 40.45 40.45
2015-07-24 50.75 52.66 48.0 48.0
2015-08-17 58.74 58.78 52.5 52.5
2016-02-15 15.31 15.49 14.8 14.8
2016-02-16 16.08 16.2 15.47 15.47
2016-03-18 16.14 16.48 15.73 15.73
2016-07-28 19.23 19.81 18.0 18.0
2016-08-29 19.83 20.08 19.68 19.68
2016-10-20 20.72 20.8 20.4 20.4
2017-02-03 26.09 26.6 25.41 25.41
2017-02-09 26.38 26.88 25.97 25.97
