2002-06-24 14.44 14.44 14.44 14.44
2002-08-20 12.72 12.8 12.53 12.53
2002-08-22 13.0 13.07 12.7 12.7
2002-09-23 12.76 12.8 12.61 12.61
2002-09-25 12.65 12.74 12.6 12.6
2003-03-27 10.9 11.1 10.54 10.54
2003-04-30 12.77 12.97 12.58 12.58
2003-06-11 13.07 13.13 12.85 12.85
2003-06-13 13.05 13.06 12.9 12.9
2004-01-02 6.71 6.85 6.65 6.65
2004-03-19 7.22 7.23 7.08 7.08
2004-03-26 7.17 7.19 7.08 7.08
2004-07-06 5.72 5.78 5.66 5.66
2004-08-24 4.86 5.01 4.56 4.56
2004-08-31 4.81 4.9 4.77 4.77
2004-09-02 4.77 4.78 4.61 4.61
2004-09-22 5.28 5.7 5.23 5.23
2004-10-26 4.9 4.93 4.71 4.71
2004-10-27 5.01 5.04 4.88 4.88
2004-11-03 4.87 4.9 4.72 4.72
2005-02-21 4.05 4.06 3.99 3.99
2005-06-27 2.97 3.0 2.91 2.91
2005-07-28 2.34 2.4 2.33 2.33
2005-08-01 2.35 2.36 2.3 2.3
2005-08-09 2.59 2.59 2.4 2.4
2006-01-04 2.81 2.83 2.78 2.78
2006-01-05 2.95 2.95 2.82 2.82
2006-04-14 2.99 3.0 2.92 2.92
2006-04-20 2.57 2.69 2.57 2.57
2006-04-28 2.28 2.35 2.11 2.11
2006-05-15 2.75 2.77 2.6 2.6
2006-05-17 2.84 2.85 2.68 2.68
2006-08-10 3.02 3.02 2.95 2.95
2006-08-22 2.94 2.95 2.9 2.9
2006-08-23 2.97 2.99 2.94 2.94
2006-08-30 3.06 3.06 3.02 3.02
2006-09-04 3.08 3.11 3.01 3.01
2006-10-09 3.42 3.43 3.37 3.37
2006-11-20 3.34 3.4 3.32 3.32
2006-11-27 3.55 3.57 3.48 3.48
2007-02-05 4.64 4.64 4.64 4.64
2007-02-06 4.87 4.87 4.87 4.87
2007-02-07 5.11 5.11 5.11 5.11
2007-02-08 5.37 5.37 5.37 5.37
2007-02-09 5.64 5.64 5.64 5.64
2007-04-16 7.03 7.1 6.71 6.71
2007-04-20 7.78 7.8 7.33 7.33
2007-04-23 8.24 8.26 7.92 7.92
2007-05-25 10.55 10.55 10.55 10.55
2007-05-28 11.61 11.61 11.61 11.61
2007-06-05 9.04 9.08 7.95 7.95
2007-07-23 7.5 7.5 7.0 7.0
2007-07-25 8.33 8.33 7.58 7.58
2007-12-17 7.67 7.8 7.6 7.6
2007-12-19 7.8 7.88 7.72 7.72
2007-12-20 7.99 8.0 7.73 7.73
2007-12-21 8.01 8.06 7.85 7.85
2008-02-14 7.78 7.84 7.6 7.6
2008-02-18 7.85 7.94 7.72 7.72
2008-08-14 4.15 4.17 4.08 4.08
2009-01-05 3.84 3.85 3.72 3.72
2009-01-09 4.13 4.18 3.94 3.94
2009-01-12 4.14 4.3 4.11 4.11
2009-04-29 6.01 6.07 5.83 5.83
2009-06-29 6.77 6.77 6.15 6.15
2009-12-07 10.2 10.28 10.04 10.04
2009-12-10 10.72 10.75 10.2 10.2
2010-05-07 10.73 11.0 10.4 10.4
2010-06-09 9.42 9.49 9.33 9.33
2010-06-24 9.23 9.35 9.15 9.15
2010-11-08 10.88 11.16 10.3 10.3
2011-01-31 9.01 9.08 8.62 8.62
2011-02-10 8.89 8.9 8.6 8.6
2011-10-27 10.51 10.73 10.37 10.37
2011-11-04 11.32 11.58 11.15 11.15
2012-09-07 8.27 8.4 8.0 8.0
2012-10-10 8.14 8.16 8.03 8.03
2012-10-11 8.37 8.49 8.14 8.14
2012-10-18 8.4 8.45 8.2 8.2
2013-02-25 8.38 8.42 8.32 8.32
2013-03-27 7.74 7.83 7.7 7.7
2013-05-21 8.7 8.89 8.22 8.22
2013-05-24 8.57 8.72 8.45 8.45
2013-06-03 8.61 8.63 8.5 8.5
2013-06-05 8.53 8.55 8.48 8.48
2013-06-28 8.18 8.29 8.06 8.06
2013-07-01 8.25 8.28 8.08 8.08
2013-07-05 8.57 8.65 8.5 8.5
2013-07-11 8.62 8.66 8.45 8.45
2013-09-02 9.3 9.49 9.23 9.23
2013-09-06 10.07 10.21 9.76 9.76
2013-11-04 9.58 9.65 9.24 9.24
2013-11-19 9.68 9.8 9.61 9.61
2013-12-16 9.41 9.58 9.31 9.31
2013-12-20 9.72 9.78 9.45 9.45
2014-01-22 9.0 9.1 8.78 8.78
2014-01-24 9.22 9.36 9.15 9.15
2014-01-29 9.33 9.44 9.22 9.22
2014-02-10 9.42 9.48 9.38 9.38
2014-04-04 8.23 8.23 8.13 8.13
2014-04-15 9.05 9.19 8.93 8.93
2014-06-18 8.33 8.43 8.26 8.26
2014-06-23 8.24 8.3 8.2 8.2
2014-08-07 8.89 9.03 8.8 8.8
2014-11-03 11.17 11.19 11.04 11.04
2014-11-07 11.2 11.44 10.96 10.96
2015-02-26 9.96 9.98 9.74 9.74
2015-04-22 12.58 12.94 12.08 12.08
2015-07-09 7.33 7.33 5.99 5.99
2015-07-30 10.79 11.4 10.47 10.47
2015-08-04 10.14 10.14 9.22 9.22
2015-08-07 11.03 11.4 10.31 10.31
2015-08-27 8.4 8.48 7.99 7.99
2015-09-02 7.5 8.1 7.17 7.17
2015-09-11 8.41 8.5 8.24 8.24
2015-10-08 8.26 8.33 8.1 8.1
2015-10-12 8.84 8.86 8.42 8.42
2016-01-06 9.73 9.78 9.57 9.57
2016-02-04 8.05 8.13 7.8 7.8
2016-02-15 7.8 7.9 7.41 7.41
2016-03-07 8.17 8.22 7.7 7.7
2016-03-14 7.99 8.1 7.8 7.8
2016-03-18 8.43 8.44 8.21 8.21
2016-03-21 8.65 8.68 8.43 8.43
2016-03-25 8.86 9.05 8.74 8.74
2016-03-30 8.7 8.73 8.43 8.43
2016-04-13 9.16 9.25 9.05 9.05
2016-09-21 9.64 9.79 9.59 9.59
2017-01-12 10.98 11.25 10.68 10.68
2017-02-14 10.56 10.58 10.18 10.18
2017-03-20 10.54 10.58 10.31 10.31
2017-03-24 10.74 10.75 10.53 10.53
2017-05-03 9.23 9.32 9.0 9.0
2017-08-07 9.07 9.13 8.8 8.8
