2002-06-21 13.13 13.38 12.62 12.62
2002-06-24 14.44 14.44 14.44 14.44
2002-08-02 14.0 14.15 13.8 13.8
2002-08-13 13.7 13.79 13.61 13.61
2002-08-20 12.72 12.8 12.53 12.53
2002-08-22 13.0 13.07 12.7 12.7
2002-09-02 13.0 13.04 12.85 12.85
2002-09-13 12.48 12.56 12.4 12.4
2002-09-23 12.76 12.8 12.61 12.61
2002-09-25 12.65 12.74 12.6 12.6
2002-11-15 11.27 11.52 10.41 10.41
2002-11-28 11.53 11.64 10.55 10.55
2002-12-09 11.76 11.97 11.67 11.67
2002-12-20 12.04 12.16 11.95 11.95
2003-01-14 11.55 11.7 10.8 10.8
2003-01-29 11.63 11.68 11.52 11.52
2003-03-24 10.9 10.94 10.8 10.8
2003-03-27 10.9 11.1 10.54 10.54
2003-04-22 13.1 13.27 13.02 13.02
2003-04-30 12.77 12.97 12.58 12.58
2003-06-10 12.85 13.05 12.75 12.75
2003-06-11 13.07 13.13 12.85 12.85
2003-06-13 13.05 13.06 12.9 12.9
2003-07-01 12.7 12.95 12.4 12.4
2003-08-26 5.66 5.74 5.63 5.63
2003-09-10 5.47 5.54 5.44 5.44
2003-09-22 5.16 5.2 5.15 5.15
2003-10-10 5.29 5.32 5.16 5.16
2003-10-21 5.12 5.12 5.05 5.05
2003-11-05 5.94 5.95 5.44 5.44
2003-11-28 6.32 6.52 6.12 6.12
2003-12-17 6.4 6.61 6.38 6.38
2003-12-30 6.88 6.93 6.65 6.65
2004-01-02 6.71 6.85 6.65 6.65
2004-02-09 7.21 7.28 7.16 7.16
2004-02-19 7.69 8.14 7.4 7.4
2004-03-16 7.39 7.49 7.3 7.3
2004-03-19 7.22 7.23 7.08 7.08
2004-03-26 7.17 7.19 7.08 7.08
2004-04-30 6.2 6.25 6.12 6.12
2004-06-04 6.37 6.44 6.31 6.31
2004-07-01 5.55 5.6 5.34 5.34
2004-07-06 5.72 5.78 5.66 5.66
2004-08-20 4.65 4.74 4.3 4.3
2004-08-24 4.86 5.01 4.56 4.56
2004-08-31 4.81 4.9 4.77 4.77
2004-09-02 4.77 4.78 4.61 4.61
2004-09-14 4.54 4.59 4.36 4.36
2004-09-22 5.28 5.7 5.23 5.23
2004-10-19 4.64 4.69 4.55 4.55
2004-10-26 4.9 4.93 4.71 4.71
2004-10-27 5.01 5.04 4.88 4.88
2004-11-03 4.87 4.9 4.72 4.72
2004-12-21 4.59 4.62 4.55 4.55
2005-01-24 4.13 4.2 4.1 4.1
2005-02-16 4.02 4.08 3.96 3.96
2005-02-21 4.05 4.06 3.99 3.99
2005-03-02 4.2 4.28 4.18 4.18
2005-03-24 3.64 3.66 3.54 3.54
2005-04-29 3.22 3.27 3.12 3.12
2005-05-20 3.13 3.2 3.1 3.1
2005-06-22 2.9 2.92 2.85 2.85
2005-06-27 2.97 3.0 2.91 2.91
2005-07-07 2.52 2.53 2.48 2.48
2005-07-26 2.26 2.29 2.19 2.19
2005-07-28 2.34 2.4 2.33 2.33
2005-08-01 2.35 2.36 2.3 2.3
2005-08-09 2.59 2.59 2.4 2.4
2005-08-22 2.59 2.59 2.5 2.5
2005-09-19 3.12 3.14 3.01 3.01
2005-10-26 3.01 3.06 2.81 2.81
2005-11-23 3.05 3.05 2.95 2.95
2005-12-12 2.8 2.84 2.77 2.77
2005-12-26 2.82 2.83 2.79 2.79
2006-01-04 2.81 2.83 2.78 2.78
2006-01-05 2.95 2.95 2.82 2.82
2006-02-20 3.06 3.1 3.04 3.04
2006-03-15 2.84 2.86 2.82 2.82
2006-04-10 2.99 2.99 2.87 2.87
2006-04-14 2.99 3.0 2.92 2.92
2006-04-20 2.57 2.69 2.57 2.57
2006-04-28 2.28 2.35 2.11 2.11
2006-05-15 2.75 2.77 2.6 2.6
2006-05-17 2.84 2.85 2.68 2.68
2006-06-15 3.23 3.27 3.2 3.2
2006-06-26 3.49 3.5 3.33 3.33
2006-07-10 3.49 3.5 3.4 3.4
2006-07-26 3.45 3.5 3.41 3.41
2006-08-08 2.94 2.95 2.83 2.83
2006-08-10 3.02 3.02 2.95 2.95
2006-08-21 2.93 2.93 2.83 2.83
2006-08-22 2.94 2.95 2.9 2.9
2006-08-23 2.97 2.99 2.94 2.94
2006-08-30 3.06 3.06 3.02 3.02
2006-09-04 3.08 3.11 3.01 3.01
2006-09-15 3.11 3.11 3.05 3.05
2006-09-26 3.45 3.46 3.25 3.25
2006-10-09 3.42 3.43 3.37 3.37
2006-11-03 3.58 3.66 3.54 3.54
2006-11-17 3.38 3.38 3.32 3.32
2006-11-20 3.34 3.4 3.32 3.32
2006-11-27 3.55 3.57 3.48 3.48
2006-12-11 3.68 3.69 3.58 3.58
2006-12-29 4.21 4.35 4.14 4.14
2007-02-02 4.42 4.42 4.42 4.42
2007-02-05 4.64 4.64 4.64 4.64
2007-02-06 4.87 4.87 4.87 4.87
2007-02-07 5.11 5.11 5.11 5.11
2007-02-08 5.37 5.37 5.37 5.37
2007-02-09 5.64 5.64 5.64 5.64
2007-03-26 6.15 6.15 5.84 5.84
2007-04-11 6.34 6.38 6.03 6.03
2007-04-16 7.03 7.1 6.71 6.71
2007-04-20 7.78 7.8 7.33 7.33
2007-04-23 8.24 8.26 7.92 7.92
2007-05-21 9.59 9.59 8.25 8.25
2007-05-25 10.55 10.55 10.55 10.55
2007-05-28 11.61 11.61 11.61 11.61
2007-06-05 9.04 9.08 7.95 7.95
2007-06-26 8.92 8.99 8.39 8.39
2007-07-20 6.99 7.0 6.65 6.65
2007-07-23 7.5 7.5 7.0 7.0
2007-07-25 8.33 8.33 7.58 7.58
2007-11-14 7.15 7.18 6.85 6.85
2007-12-14 7.6 7.64 7.31 7.31
2007-12-17 7.67 7.8 7.6 7.6
2007-12-19 7.8 7.88 7.72 7.72
2007-12-20 7.99 8.0 7.73 7.73
2007-12-21 8.01 8.06 7.85 7.85
2008-01-03 9.09 9.19 8.68 8.68
2008-02-04 7.51 7.53 7.01 7.01
2008-02-14 7.78 7.84 7.6 7.6
2008-02-18 7.85 7.94 7.72 7.72
2008-03-19 6.81 7.01 6.51 6.51
2008-04-29 5.91 6.0 5.6 5.6
2008-05-14 6.25 6.32 5.9 5.9
2008-07-02 4.68 4.72 4.48 4.48
2008-08-07 4.96 5.05 4.87 4.87
2008-08-14 4.15 4.17 4.08 4.08
2008-09-12 3.78 3.78 3.55 3.55
2008-12-16 4.05 4.05 3.84 3.84
2008-12-30 3.89 3.92 3.8 3.8
2009-01-05 3.84 3.85 3.72 3.72
2009-01-09 4.13 4.18 3.94 3.94
2009-01-12 4.14 4.3 4.11 4.11
2009-03-10 4.61 4.62 4.41 4.41
2009-04-09 5.2 5.2 4.99 4.99
2009-04-24 5.78 6.04 5.6 5.6
2009-04-29 6.01 6.07 5.83 5.83
2009-06-15 6.14 6.17 6.0 6.0
2009-06-24 6.15 6.16 6.09 6.09
2009-06-29 6.77 6.77 6.15 6.15
2009-07-30 9.33 9.39 8.45 8.45
2009-08-20 8.33 8.39 7.89 7.89
2009-11-09 9.85 10.08 9.58 9.58
2009-11-30 10.06 10.13 9.65 9.65
2009-12-07 10.2 10.28 10.04 10.04
2009-12-10 10.72 10.75 10.2 10.2
2010-02-12 10.38 10.4 10.0 10.0
2010-03-31 10.3 10.4 9.85 9.85
2010-04-23 12.14 12.56 12.11 12.11
2010-05-05 11.3 11.33 10.55 10.55
2010-05-07 10.73 11.0 10.4 10.4
2010-06-02 9.55 9.71 9.17 9.17
2010-06-09 9.42 9.49 9.33 9.33
2010-06-23 9.23 9.3 9.1 9.1
2010-06-24 9.23 9.35 9.15 9.15
2010-07-29 8.97 9.14 8.81 8.81
2010-08-16 9.33 9.39 9.21 9.21
2010-10-08 9.43 9.54 9.23 9.23
2010-10-20 10.13 10.44 9.96 9.96
2010-11-01 9.86 9.97 9.69 9.69
2010-11-08 10.88 11.16 10.3 10.3
2010-11-22 10.28 10.47 9.41 9.41
2010-12-29 9.41 9.41 8.5 8.5
2011-01-27 8.9 9.0 8.47 8.47
2011-01-31 9.01 9.08 8.62 8.62
2011-02-10 8.89 8.9 8.6 8.6
2011-03-04 9.83 9.88 9.69 9.69
2011-04-22 14.08 14.44 13.86 13.86
2011-05-19 14.6 14.72 14.25 14.25
2011-06-24 12.05 12.25 11.63 11.63
2011-07-13 13.92 13.94 13.51 13.51
2011-09-20 10.38 10.43 10.21 10.21
2011-10-25 10.39 10.48 10.11 10.11
2011-10-27 10.51 10.73 10.37 10.37
2011-11-04 11.32 11.58 11.15 11.15
2011-11-23 11.13 11.36 10.9 10.9
2011-12-30 8.86 8.91 8.69 8.69
2012-01-17 9.89 9.94 9.21 9.21
2012-03-09 11.91 11.95 11.45 11.45
2012-04-13 10.57 10.68 10.27 10.27
2012-05-21 10.1 10.14 10.01 10.01
2012-07-06 8.74 8.83 8.51 8.51
2012-07-20 8.67 8.67 8.29 8.29
2012-08-10 8.82 8.93 8.58 8.58
2012-08-31 8.02 8.18 7.91 7.91
2012-09-07 8.27 8.4 8.0 8.0
2012-09-27 7.86 7.9 7.7 7.7
2012-10-10 8.14 8.16 8.03 8.03
2012-10-11 8.37 8.49 8.14 8.14
2012-10-18 8.4 8.45 8.2 8.2
2012-11-01 8.16 8.18 8.09 8.09
2012-11-12 8.31 8.34 8.0 8.0
2013-02-08 8.72 8.89 8.58 8.58
2013-02-25 8.38 8.42 8.32 8.32
2013-03-25 7.87 8.05 7.83 7.83
2013-03-27 7.74 7.83 7.7 7.7
2013-05-17 8.19 8.25 8.09 8.09
2013-05-21 8.7 8.89 8.22 8.22
2013-05-24 8.57 8.72 8.45 8.45
2013-06-03 8.61 8.63 8.5 8.5
2013-06-05 8.53 8.55 8.48 8.48
2013-06-26 8.28 8.38 7.69 7.69
2013-06-28 8.18 8.29 8.06 8.06
2013-07-01 8.25 8.28 8.08 8.08
2013-07-05 8.57 8.65 8.5 8.5
2013-07-11 8.62 8.66 8.45 8.45
2013-07-23 8.8 8.83 8.62 8.62
2013-08-01 8.35 8.38 8.2 8.2
2013-08-29 9.43 9.45 9.13 9.13
2013-09-02 9.3 9.49 9.23 9.23
2013-09-06 10.07 10.21 9.76 9.76
2013-09-18 10.18 10.19 9.91 9.91
2013-10-28 9.24 9.44 9.08 9.08
2013-11-04 9.58 9.65 9.24 9.24
2013-11-15 9.6 9.65 9.36 9.36
2013-11-19 9.68 9.8 9.61 9.61
2013-12-09 9.47 9.59 9.44 9.44
2013-12-16 9.41 9.58 9.31 9.31
2013-12-20 9.72 9.78 9.45 9.45
2014-01-17 8.8 8.93 8.74 8.74
2014-01-22 9.0 9.1 8.78 8.78
2014-01-24 9.22 9.36 9.15 9.15
2014-01-29 9.33 9.44 9.22 9.22
2014-02-10 9.42 9.48 9.38 9.38
2014-02-26 8.75 8.77 8.37 8.37
2014-04-01 8.2 8.25 8.11 8.11
2014-04-04 8.23 8.23 8.13 8.13
2014-04-15 9.05 9.19 8.93 8.93
2014-05-08 8.63 8.67 8.45 8.45
2014-05-26 8.54 8.6 8.45 8.45
2014-06-16 8.36 8.43 8.3 8.3
2014-06-18 8.33 8.43 8.26 8.26
2014-06-23 8.24 8.3 8.2 8.2
2014-07-23 8.56 8.65 8.5 8.5
2014-08-04 8.77 8.85 8.62 8.62
2014-08-07 8.89 9.03 8.8 8.8
2014-10-09 11.3 11.48 10.75 10.75
2014-10-28 10.65 10.67 10.3 10.3
2014-11-03 11.17 11.19 11.04 11.04
2014-11-07 11.2 11.44 10.96 10.96
2014-11-26 11.75 11.75 10.7 10.7
2014-12-31 10.37 10.49 10.11 10.11
2015-02-11 9.4 9.46 9.27 9.27
2015-02-26 9.96 9.98 9.74 9.74
2015-03-16 10.42 10.47 10.21 10.21
2015-04-21 11.99 12.12 11.38 11.38
2015-04-22 12.58 12.94 12.08 12.08
2015-07-08 6.66 6.66 6.66 6.66
2015-07-09 7.33 7.33 5.99 5.99
2015-07-28 9.49 9.93 8.98 8.98
2015-07-30 10.79 11.4 10.47 10.47
2015-08-04 10.14 10.14 9.22 9.22
2015-08-07 11.03 11.4 10.31 10.31
2015-08-25 8.09 8.29 8.09 8.09
2015-08-27 8.4 8.48 7.99 7.99
2015-09-02 7.5 8.1 7.17 7.17
2015-09-11 8.41 8.5 8.24 8.24
2015-09-24 8.12 8.3 7.77 7.77
2015-10-08 8.26 8.33 8.1 8.1
2015-10-12 8.84 8.86 8.42 8.42
2015-10-22 9.39 9.48 8.96 8.96
2015-11-04 9.75 9.78 9.28 9.28
2016-01-05 9.51 10.0 9.15 9.15
2016-01-06 9.73 9.78 9.57 9.57
2016-02-02 7.8 7.85 7.4 7.4
2016-02-04 8.05 8.13 7.8 7.8
2016-02-15 7.8 7.9 7.41 7.41
2016-03-02 7.83 7.84 7.45 7.45
2016-03-07 8.17 8.22 7.7 7.7
2016-03-14 7.99 8.1 7.8 7.8
2016-03-18 8.43 8.44 8.21 8.21
2016-03-21 8.65 8.68 8.43 8.43
2016-03-25 8.86 9.05 8.74 8.74
2016-03-30 8.7 8.73 8.43 8.43
2016-04-11 9.1 9.16 8.92 8.92
2016-04-13 9.16 9.25 9.05 9.05
2016-05-31 8.72 8.75 8.46 8.46
2016-06-27 8.77 8.79 8.48 8.48
2016-08-12 9.05 9.05 8.86 8.86
2016-09-02 9.39 9.46 9.24 9.24
2016-09-19 9.58 9.6 9.34 9.34
2016-09-21 9.64 9.79 9.59 9.59
2016-10-24 10.92 10.96 10.72 10.72
2016-11-15 10.96 11.06 10.85 10.85
2016-12-16 10.05 10.1 9.7 9.7
2017-01-09 10.97 11.09 10.7 10.7
2017-01-12 10.98 11.25 10.68 10.68
2017-02-10 10.19 10.26 10.07 10.07
2017-02-14 10.56 10.58 10.18 10.18
2017-02-28 10.63 10.77 10.52 10.52
2017-03-16 10.57 10.61 10.32 10.32
2017-03-20 10.54 10.58 10.31 10.31
2017-03-24 10.74 10.75 10.53 10.53
2017-04-26 8.72 8.8 8.65 8.65
2017-05-03 9.23 9.32 9.0 9.0
2017-06-15 8.13 8.18 7.93 7.93
2017-08-03 8.83 8.97 8.75 8.75
2017-08-07 9.07 9.13 8.8 8.8
2017-08-17 8.66 8.7 8.54 8.54
2017-08-18 8.81 8.96 8.54 8.54
2017-08-29 8.94 9.13 8.75 8.75
