2002-08-02 25.15 25.23 24.8 24.8
2002-08-07 25.02 25.05 25.0 25.0
2002-08-21 24.1 24.26 23.6 23.6
2002-08-22 24.52 24.88 24.05 24.05
2002-09-19 24.05 24.16 23.77 23.77
2002-12-17 18.16 18.18 17.9 17.9
2003-02-25 19.2 19.6 18.8 18.8
2003-03-31 19.39 19.42 19.1 19.1
2003-04-02 19.53 19.71 19.36 19.36
2003-04-04 19.66 19.73 19.55 19.55
2003-05-14 15.62 15.75 15.28 15.28
2003-05-15 16.42 16.5 15.7 15.7
2003-08-15 10.96 11.13 10.81 10.81
2003-09-30 10.42 10.59 10.31 10.31
2003-11-04 9.8 9.93 9.64 9.64
2003-11-18 8.88 8.93 8.8 8.8
2003-11-20 9.6 9.64 9.03 9.03
2004-01-02 11.61 11.75 11.31 11.31
2004-01-05 12.25 12.27 11.65 11.65
2004-02-27 14.98 14.98 13.62 13.62
2004-03-29 15.39 15.7 15.05 15.05
2004-04-27 15.8 16.17 15.65 15.65
2004-07-01 7.8 7.96 7.6 7.6
2004-07-08 8.0 8.1 7.9 7.9
2004-07-09 8.24 8.29 8.0 8.0
2004-07-16 8.84 9.06 8.43 8.43
2004-07-19 9.14 9.16 8.71 8.71
2004-08-13 8.14 8.28 8.0 8.0
2004-09-14 7.81 7.97 7.6 7.6
2005-01-11 8.84 9.14 8.13 8.13
2005-02-21 8.23 8.24 8.05 8.05
2005-03-10 9.8 10.07 9.68 9.68
2005-04-25 10.03 10.48 10.03 10.03
2005-07-01 7.11 7.21 7.05 7.05
2005-07-22 6.24 6.3 6.02 6.02
2005-07-26 6.35 6.4 6.2 6.2
2005-07-27 6.62 6.63 6.3 6.3
2005-08-04 6.69 6.74 6.66 6.66
2005-08-05 6.95 6.97 6.7 6.7
2005-08-08 7.34 7.55 7.02 7.02
2005-10-24 7.94 8.0 7.45 7.45
2005-11-01 6.75 6.83 6.6 6.6
2005-11-02 6.96 7.03 6.7 6.7
2006-01-04 7.27 7.37 7.0 7.0
2006-05-12 19.5 19.5 18.0 18.0
2006-05-19 18.55 18.55 16.88 16.88
2006-05-26 18.03 18.25 17.48 17.48
2006-07-11 22.37 22.65 21.52 21.52
2006-07-28 22.73 23.2 21.52 21.52
2006-08-23 20.5 20.9 19.7 19.7
2006-09-11 23.37 23.38 23.02 23.02
2006-09-15 22.28 22.48 21.81 21.81
2006-09-19 22.2 22.3 21.57 21.57
2006-09-20 22.6 22.98 22.2 22.2
2007-01-16 35.5 35.5 32.05 32.05
2007-01-24 39.91 40.35 37.2 37.2
2007-02-15 42.01 42.01 39.69 39.69
2007-04-10 43.53 43.8 41.0 41.0
2007-04-24 55.49 56.1 52.95 52.95
2007-05-08 49.57 51.29 49.05 49.05
2007-06-07 54.4 55.5 53.28 53.28
2007-08-14 53.72 54.2 51.01 51.01
2007-08-20 53.26 53.3 49.86 49.86
2007-11-23 44.18 44.5 42.0 42.0
2007-12-20 46.99 47.5 45.31 45.31
2007-12-26 51.6 52.47 51.01 51.01
2008-01-07 54.12 55.2 53.2 53.2
2008-01-18 54.58 54.99 52.8 52.8
2008-01-23 51.0 51.5 49.5 49.5
2008-03-07 59.71 60.44 58.1 58.1
2008-04-09 46.03 46.85 45.1 45.1
2008-04-15 23.8 24.0 22.18 22.18
2008-04-17 24.38 24.9 23.99 23.99
2008-04-23 21.1 21.17 18.86 18.86
2008-05-14 26.72 26.98 26.0 26.0
2008-05-19 26.54 26.59 25.02 25.02
2008-06-30 23.68 23.7 22.02 22.02
2008-07-07 23.44 23.73 22.9 22.9
2008-08-20 20.27 20.3 18.54 18.54
2008-09-24 13.86 13.9 13.06 13.06
2008-09-25 14.81 14.85 13.63 13.63
2008-10-30 10.56 10.58 9.8 9.8
2009-01-12 13.59 13.81 13.15 13.15
2009-01-14 13.34 13.38 12.55 12.55
2009-01-15 13.37 13.66 13.08 13.08
2009-01-19 14.58 15.09 13.8 13.8
2009-08-21 21.66 21.85 21.18 21.18
2009-11-09 30.97 31.06 29.51 29.51
2009-11-30 29.89 30.3 28.68 28.68
2009-12-02 34.1 34.1 31.5 31.5
2009-12-10 33.19 33.7 32.55 32.55
2009-12-15 34.29 34.8 33.05 33.05
2009-12-16 34.35 34.87 34.2 34.2
2009-12-23 31.59 31.78 31.0 31.0
2010-02-10 28.9 29.1 26.53 26.53
2010-07-06 17.5 17.62 17.0 17.0
2010-07-14 12.68 12.79 12.18 12.18
2010-10-11 18.69 19.42 18.28 18.28
2010-10-12 18.74 18.86 18.31 18.31
2010-11-04 21.95 22.1 21.0 21.0
2010-11-16 22.39 23.71 22.32 22.32
2011-01-21 21.38 22.05 21.07 21.07
2011-05-17 22.72 22.97 22.3 22.3
2011-06-23 20.78 20.9 20.39 20.39
2011-08-12 21.89 22.15 20.85 20.85
2011-12-16 18.88 18.92 18.05 18.05
2012-01-10 16.58 16.86 15.6 15.6
2012-05-22 18.53 18.68 18.1 18.1
2012-06-29 14.45 14.53 13.8 13.8
2012-07-24 11.04 11.06 10.69 10.69
2012-08-07 11.52 11.76 11.3 11.3
2012-10-09 10.68 10.8 10.29 10.29
2012-12-10 9.87 9.95 9.7 9.7
2013-02-25 10.98 11.19 10.9 10.9
2013-02-27 11.04 11.08 10.85 10.85
2013-09-23 8.03 8.17 7.9 7.9
2014-01-23 6.98 7.03 6.79 6.79
2014-01-29 6.96 6.99 6.87 6.87
2014-02-19 9.2 9.27 9.02 9.02
2014-06-13 9.22 9.28 8.86 8.86
2014-08-29 9.53 9.53 9.53 9.53
2014-09-01 10.48 10.48 10.48 10.48
2015-01-05 13.02 13.07 12.22 12.22
2015-07-14 17.58 17.58 17.58 17.58
2015-07-21 19.69 20.98 18.7 18.7
2015-07-23 19.83 19.99 19.5 19.5
2015-09-16 11.32 11.41 10.31 10.31
2016-08-02 4.55 4.62 4.43 4.43
2017-06-30 4.59 4.6 4.46 4.46
2017-07-05 4.63 4.69 4.54 4.54
2017-08-01 5.27 5.4 5.15 5.15
