1992-05-05 25.6 25.6 25.6 25.6
1992-05-08 26.9 26.9 26.9 26.9
1992-05-11 28.2 28.2 28.2 28.2
1992-05-13 29.6 29.6 29.6 29.6
1992-05-14 31.1 31.1 31.1 31.1
1992-05-15 32.7 32.7 32.7 32.7
1992-05-18 34.3 34.3 34.3 34.3
1992-05-20 36.0 36.0 36.0 36.0
1992-07-29 158.0 158.0 145.0 145.0
1992-11-27 84.9 92.0 65.0 65.0
1992-12-02 94.0 94.8 83.0 83.0
1992-12-03 106.0 120.0 95.0 95.0
1992-12-23 10.32 10.85 10.2 10.2
1992-12-29 10.33 10.43 10.21 10.21
1993-01-20 13.19 13.49 12.3 12.3
1993-01-21 13.6 13.7 13.3 13.3
1993-02-01 16.16 16.7 14.61 14.61
1993-05-03 14.9 15.28 14.01 14.01
1993-05-05 14.6 15.0 13.4 13.4
1993-05-13 16.0 16.0 15.85 15.85
1993-06-23 8.0 8.03 7.9 7.9
1993-08-11 7.92 8.0 7.6 7.6
1993-08-19 8.25 8.4 8.1 8.1
1993-08-25 7.63 7.78 7.58 7.58
1993-09-02 7.5 7.79 7.35 7.35
1993-09-10 7.47 7.54 7.41 7.41
1994-01-06 6.22 6.22 6.05 6.05
1994-01-13 6.41 6.46 6.3 6.3
1994-01-31 5.65 5.7 5.35 5.35
1994-02-18 5.65 5.8 5.55 5.55
1994-02-22 5.62 5.7 5.51 5.51
1994-03-02 5.42 5.55 5.4 5.4
1994-04-06 6.0 6.0 5.11 5.11
1994-04-07 5.35 5.75 5.23 5.23
1994-04-12 5.4 5.5 5.3 5.3
1994-05-26 4.45 4.48 4.08 4.08
1994-05-31 4.15 4.15 4.0 4.0
1994-06-22 3.5 3.54 3.41 3.41
1994-06-30 3.3 3.33 3.2 3.2
1994-07-01 3.28 3.29 3.18 3.18
1994-07-04 3.15 3.18 3.15 3.15
1994-08-05 5.6 5.6 4.3 4.3
1994-08-12 5.41 5.85 5.15 5.15
1994-10-10 6.9 7.25 6.5 6.5
1994-10-17 5.85 6.14 5.8 5.8
1994-10-19 6.44 6.45 6.0 6.0
1994-10-20 7.23 7.3 6.5 6.5
1994-12-26 7.2 7.48 7.02 7.02
1995-02-09 5.85 5.85 5.6 5.6
1995-03-14 5.85 6.0 5.8 5.8
1995-03-22 6.1 6.13 5.88 5.88
1995-04-03 6.41 6.49 6.2 6.2
1995-04-06 6.25 6.25 6.05 6.05
1995-04-07 6.3 6.38 6.2 6.2
1995-04-13 5.86 6.02 5.83 5.83
1995-04-20 6.02 6.04 5.9 5.9
1995-04-25 5.77 5.8 5.7 5.7
1995-05-12 5.32 5.45 5.15 5.15
1995-06-21 5.59 5.6 5.48 5.48
1995-06-22 5.58 5.6 5.45 5.45
1995-07-10 5.6 5.65 5.5 5.5
1995-09-21 5.54 5.59 5.48 5.48
1995-09-29 5.3 5.35 5.24 5.24
1995-10-09 5.2 5.3 5.2 5.2
1995-11-20 6.5 6.55 6.4 6.4
1995-11-28 6.05 6.05 5.8 5.8
1995-12-04 5.66 5.68 5.57 5.57
1995-12-08 5.78 5.85 5.6 5.6
1996-01-31 4.6 4.64 4.46 4.46
1996-02-01 4.55 4.6 4.48 4.48
1996-02-06 4.35 4.39 4.3 4.3
1996-02-09 4.42 4.45 4.31 4.31
1996-02-12 4.4 4.43 4.34 4.34
1996-02-16 4.72 4.76 4.56 4.56
1996-03-07 4.68 4.7 4.6 4.6
1996-03-21 4.78 4.82 4.75 4.75
1996-03-25 4.8 4.86 4.8 4.8
1996-04-01 4.88 5.08 4.62 4.62
1996-04-02 4.81 4.85 4.8 4.8
1996-04-03 4.84 4.89 4.8 4.8
1996-04-05 5.18 5.24 4.94 4.94
1996-04-24 5.98 6.18 5.7 5.7
1996-04-26 6.39 6.4 5.8 5.8
1996-05-06 5.45 5.7 5.35 5.35
1996-05-14 5.32 5.48 5.31 5.31
1996-06-26 5.07 5.08 5.0 5.0
1996-07-17 4.79 4.88 4.68 4.68
1996-07-18 5.61 5.66 4.75 4.75
1996-07-24 8.0 8.17 6.81 6.81
1996-09-27 6.32 6.5 6.2 6.2
1996-10-10 7.02 7.1 6.85 6.85
1996-10-17 6.79 6.8 6.5 6.5
1996-12-18 6.13 6.2 5.38 5.38
1996-12-19 5.52 6.13 5.52 5.52
1997-02-20 6.48 6.48 5.31 5.31
1997-02-25 6.55 6.9 6.49 6.49
1997-06-02 6.61 6.7 6.3 6.3
1997-07-11 5.17 5.2 5.01 5.01
1997-08-20 5.42 5.42 5.3 5.3
1997-10-09 5.52 5.7 5.51 5.51
1997-10-13 5.56 5.72 5.5 5.5
1997-12-29 5.53 5.69 5.4 5.4
1997-12-31 6.27 6.42 5.91 5.91
1998-01-23 7.02 7.08 6.89 6.89
1998-02-12 7.3 7.4 7.1 7.1
1998-03-11 6.7 6.93 6.65 6.65
1998-03-12 6.72 6.76 6.65 6.65
1998-03-18 7.15 7.3 6.95 6.95
1998-03-23 6.97 7.2 6.9 6.9
1998-04-17 8.2 8.47 7.75 7.75
1998-05-26 12.34 12.34 12.0 12.0
1998-07-07 10.65 10.7 10.26 10.26
1998-09-17 12.83 12.83 12.2 12.2
1998-12-18 10.2 10.5 10.1 10.1
1998-12-21 10.3 10.31 10.2 10.2
1999-01-25 10.59 10.59 9.7 9.7
1999-01-27 10.9 10.92 10.03 10.03
1999-03-24 11.05 11.18 10.82 10.82
1999-03-25 11.04 11.06 10.86 10.86
1999-04-20 11.47 11.7 11.4 11.4
1999-05-05 11.68 11.68 11.4 11.4
1999-05-19 11.38 11.45 11.1 11.1
1999-05-20 11.85 11.98 11.38 11.38
1999-06-16 11.56 11.6 11.05 11.05
1999-06-17 12.72 12.72 11.76 11.76
1999-06-21 15.39 15.39 14.31 14.31
1999-07-05 17.08 17.88 16.39 16.39
1999-07-07 16.6 16.8 16.01 16.01
1999-07-09 17.14 17.69 16.66 16.66
1999-07-27 15.15 15.36 15.0 15.0
1999-07-28 15.26 16.5 15.18 15.18
1999-08-18 14.96 15.0 14.6 14.6
1999-08-23 15.45 15.55 15.05 15.05
1999-08-24 15.45 15.66 15.3 15.3
1999-08-30 14.99 15.29 14.63 14.63
1999-09-16 16.06 16.45 15.31 15.31
1999-10-15 14.9 15.18 14.41 14.41
1999-12-02 14.5 14.7 14.3 14.3
2000-01-07 14.15 14.85 13.59 13.59
2000-05-12 14.2 14.55 14.12 14.12
2000-05-16 14.7 14.8 14.55 14.55
2000-05-19 15.0 15.18 14.7 14.7
2000-06-08 16.8 17.02 16.6 16.6
2000-06-13 16.65 17.15 16.5 16.5
2000-07-05 17.28 18.0 16.98 16.98
2000-07-10 17.35 17.55 17.2 17.2
2000-08-14 17.8 17.98 17.65 17.65
2000-11-13 16.7 16.74 16.3 16.3
2000-11-15 17.1 17.44 17.02 17.02
2000-11-16 17.45 17.5 17.1 17.1
2000-11-21 17.5 17.65 17.35 17.35
2000-11-28 17.12 17.4 16.7 16.7
2001-03-06 16.8 16.94 16.73 16.73
2001-03-08 16.99 17.0 16.88 16.88
2001-03-15 16.62 16.92 16.1 16.1
2001-04-27 20.17 20.5 19.4 19.4
2001-04-30 22.19 22.19 20.68 20.68
2001-05-11 23.74 24.95 23.35 23.35
2001-05-18 23.55 23.7 22.8 22.8
2001-07-10 18.99 19.29 18.8 18.8
2001-07-25 19.02 19.56 18.7 18.7
2001-08-10 18.74 18.8 18.4 18.4
2001-09-05 19.0 19.42 18.81 18.81
2001-09-06 18.76 19.17 18.7 18.7
2001-09-10 18.78 18.93 18.0 18.0
2001-11-13 14.71 14.96 14.7 14.7
2001-11-14 14.85 15.28 14.71 14.71
2001-11-16 15.43 15.9 15.2 15.2
2001-11-26 16.3 16.45 16.0 16.0
2001-12-10 16.02 16.16 15.88 15.88
2001-12-17 15.23 15.35 15.11 15.11
2002-03-05 13.71 13.91 13.35 13.35
2002-04-17 14.38 14.52 14.18 14.18
2002-06-21 14.0 14.13 13.46 13.46
2002-08-08 14.35 14.53 14.33 14.33
2002-08-29 14.63 14.8 14.61 14.61
2002-11-22 12.02 12.3 11.68 11.68
2002-12-13 12.01 12.08 11.78 11.78
2003-01-16 12.82 12.9 12.7 12.7
2003-01-24 12.49 12.52 12.3 12.3
2003-03-07 12.8 12.99 12.75 12.75
2003-04-22 11.95 12.12 11.77 11.77
2003-05-21 11.08 11.22 11.01 11.01
2003-07-02 11.08 11.14 10.9 10.9
2003-07-08 11.1 11.16 10.91 10.91
2003-07-09 11.15 11.15 11.0 11.0
2003-07-16 11.07 11.17 11.03 11.03
2003-07-23 10.91 11.08 10.8 10.8
2003-07-24 10.83 10.9 10.82 10.82
2003-07-25 10.68 10.86 10.45 10.45
2003-07-31 10.52 10.58 10.48 10.48
2003-08-07 10.87 10.96 10.66 10.66
2003-08-12 10.65 10.69 10.5 10.5
2003-08-19 10.55 10.58 10.44 10.44
2003-10-27 9.44 9.6 9.41 9.41
2003-11-19 7.83 7.88 7.62 7.62
2003-11-24 8.36 8.38 8.0 8.0
2003-11-25 8.6 9.1 8.46 8.46
2004-05-18 9.42 9.43 9.14 9.14
2004-05-19 9.51 9.82 9.4 9.4
2004-05-21 9.47 9.47 9.3 9.3
2004-06-21 8.4 8.41 8.24 8.24
2004-06-22 8.59 8.95 8.48 8.48
2004-07-08 8.12 8.13 8.01 8.01
2004-07-16 6.99 7.05 6.72 6.72
2004-07-19 7.01 7.14 6.99 6.99
2004-07-29 6.83 6.85 6.6 6.6
2004-08-03 6.7 6.71 6.58 6.58
2004-08-04 7.37 7.37 6.7 6.7
2004-09-16 7.54 7.97 7.5 7.5
2004-12-03 7.14 7.25 7.0 7.0
2004-12-09 7.2 7.32 7.16 7.16
2005-03-24 6.19 6.22 6.08 6.08
2005-03-29 6.02 6.28 5.9 5.9
2005-04-13 7.02 7.18 6.6 6.6
2005-06-08 6.46 6.54 5.99 5.99
2005-06-16 6.08 6.17 5.82 5.82
2005-06-20 6.28 6.28 5.92 5.92
2005-08-05 5.4 5.46 5.16 5.16
2005-09-02 6.46 6.58 6.35 6.35
2005-09-07 6.56 6.58 6.4 6.4
2005-09-13 6.5 6.5 6.35 6.35
2005-09-15 6.76 6.93 6.64 6.64
2005-12-28 5.72 5.79 5.61 5.61
2006-01-05 5.76 5.76 5.65 5.65
2006-01-10 6.03 6.04 5.83 5.83
2006-01-18 6.03 6.09 5.86 5.86
2006-02-06 6.04 6.05 5.95 5.95
2006-02-20 6.15 6.28 6.05 6.05
2006-07-05 9.14 9.14 9.14 9.14
2006-07-06 10.05 10.05 10.05 10.05
2006-07-07 11.06 11.06 11.06 11.06
2006-07-12 12.41 12.58 11.0 11.0
2007-01-23 10.85 10.85 10.25 10.25
2007-05-22 18.25 18.25 18.25 18.25
2007-08-21 18.93 19.6 18.36 18.36
2007-08-27 19.81 19.81 18.28 18.28
2007-08-30 18.29 18.74 18.12 18.12
2007-09-03 19.17 19.38 18.4 18.4
2007-09-05 20.7 20.7 19.21 19.21
2007-09-10 21.7 21.7 20.55 20.55
2007-11-21 15.37 15.8 15.16 15.16
2007-12-10 17.56 17.97 16.9 16.9
2008-02-04 14.86 14.95 13.98 13.98
2008-07-04 8.51 8.72 8.3 8.3
2008-07-14 9.89 9.89 8.95 8.95
2008-09-02 7.42 7.56 7.13 7.13
2008-09-25 6.05 6.14 5.86 5.86
2008-11-26 5.28 5.35 5.16 5.16
2008-12-02 5.78 6.04 5.5 5.5
2008-12-05 6.22 6.28 5.84 5.84
2009-01-15 7.05 7.35 6.75 6.75
2009-07-23 12.52 13.0 12.28 12.28
2009-10-13 9.48 9.56 9.3 9.3
2009-10-16 10.37 10.58 9.88 9.88
2009-11-25 10.82 10.83 10.5 10.5
2009-11-30 10.75 10.77 10.22 10.22
2009-12-01 10.99 11.05 10.63 10.63
2010-01-18 11.66 11.7 11.41 11.41
2010-02-10 10.79 10.8 10.61 10.61
2010-02-24 11.2 11.29 10.81 10.81
2010-02-26 11.23 11.35 11.18 11.18
2010-05-20 9.56 9.83 9.41 9.41
2010-05-21 9.7 9.8 9.11 9.11
2010-06-21 10.11 10.16 9.72 9.72
2010-11-19 15.72 15.72 14.35 14.35
2010-12-13 14.17 14.35 13.85 13.85
2011-01-26 11.36 11.5 10.97 10.97
2011-03-07 14.82 15.09 14.3 14.3
2011-03-10 15.5 15.69 14.85 14.85
2011-03-11 16.0 16.21 15.32 15.32
2011-04-19 15.06 15.42 14.8 14.8
2011-09-20 10.81 10.85 10.6 10.6
2012-05-14 8.2 8.29 8.04 8.04
2012-06-08 8.63 8.8 8.46 8.46
2012-08-22 7.74 7.89 7.65 7.65
2012-11-16 7.25 7.3 7.2 7.2
2012-12-24 6.84 6.93 6.79 6.79
2012-12-25 6.96 7.03 6.8 6.8
2013-03-21 8.44 8.7 7.92 7.92
2013-03-29 8.5 8.52 8.36 8.36
2013-05-20 8.41 8.43 8.3 8.3
2013-07-10 6.41 6.45 6.25 6.25
2013-10-24 8.34 8.38 8.23 8.23
2013-10-31 7.81 7.92 7.7 7.7
2013-11-01 7.8 7.92 7.75 7.75
2013-12-03 8.07 8.09 7.75 7.75
2013-12-09 8.38 8.43 8.21 8.21
2014-02-10 8.42 8.47 8.23 8.23
2014-03-25 9.2 9.42 9.15 9.15
2014-05-12 9.56 9.61 9.25 9.25
2014-05-14 9.49 9.56 9.38 9.38
2014-08-04 11.04 11.1 10.9 10.9
2014-08-08 11.17 11.24 11.08 11.08
2014-08-15 12.99 13.18 12.52 12.52
2014-08-25 14.12 14.12 12.78 12.78
2014-09-30 18.43 18.47 17.15 17.15
2014-10-28 16.75 16.98 16.05 16.05
2014-12-31 12.15 12.16 11.95 11.95
2015-01-21 13.34 13.45 13.0 13.0
2015-02-25 13.84 14.09 13.7 13.7
2015-04-21 18.49 18.55 17.77 17.77
2015-05-08 18.27 18.38 17.2 17.2
2015-07-13 13.97 13.97 13.97 13.97
2015-07-14 15.37 15.37 15.37 15.37
2015-07-16 14.67 15.11 13.05 13.05
2015-09-11 14.29 14.35 13.62 13.62
2015-10-15 17.22 17.25 15.67 15.67
2015-12-17 24.28 24.5 23.2 23.2
2015-12-25 27.21 27.98 26.7 26.7
2016-03-07 17.19 17.25 16.63 16.63
2016-08-02 19.13 19.16 18.74 18.74
2016-08-04 19.35 19.39 19.18 19.18
2017-01-06 24.34 24.43 24.12 24.12
2017-03-14 22.77 23.13 22.65 22.65
