1999-10-08 16.15 16.4 16.0 16.0
1999-11-26 16.0 16.06 15.78 15.78
1999-12-15 15.15 15.42 14.98 14.98
2000-03-13 14.6 14.9 14.25 14.25
2000-03-17 15.66 15.9 14.9 14.9
2000-03-23 17.08 17.25 16.2 16.2
2000-04-25 15.38 15.58 15.06 15.06
2000-08-29 16.48 17.05 16.18 16.18
2000-10-10 14.93 14.99 14.75 14.75
2000-11-06 15.52 15.58 15.05 15.05
2001-02-23 15.68 15.75 15.2 15.2
2001-03-01 16.07 16.08 15.83 15.83
2001-03-09 16.2 16.25 15.86 15.86
2001-03-14 16.11 16.12 15.85 15.85
2001-04-16 17.07 17.3 16.6 16.6
2001-05-14 16.7 16.88 16.6 16.6
2001-09-04 14.73 14.73 14.3 14.3
2001-10-30 12.65 12.93 12.51 12.51
2001-12-03 13.49 13.5 13.3 13.3
2002-01-31 9.86 9.88 9.15 9.15
2002-02-01 9.9 9.99 9.77 9.77
2002-03-07 11.05 11.05 10.55 10.55
2002-03-14 11.79 11.83 11.45 11.45
2002-08-21 8.91 9.03 8.9 8.9
2002-12-12 6.51 6.6 6.5 6.5
2002-12-17 6.81 6.85 6.63 6.63
2002-12-18 6.9 7.1 6.75 6.75
2003-02-27 7.87 7.94 7.75 7.75
2003-03-07 7.85 7.97 7.8 7.8
2003-03-14 7.57 7.65 7.5 7.5
2003-04-01 7.41 7.43 7.32 7.32
2003-05-19 6.16 6.23 5.95 5.95
2003-06-10 6.0 6.02 5.9 5.9
2003-06-12 6.21 6.26 6.15 6.15
2003-07-08 5.82 5.85 5.63 5.63
2003-08-11 5.67 5.83 5.53 5.53
2003-09-01 5.92 5.98 5.5 5.5
2003-09-03 5.81 5.9 5.78 5.78
2003-09-04 6.02 6.25 5.81 5.81
2003-09-08 6.19 6.38 6.14 6.14
2003-09-11 6.15 6.19 6.08 6.08
2003-11-04 4.72 4.78 4.67 4.67
2003-11-19 4.54 4.59 4.38 4.38
2003-11-24 4.9 4.93 4.61 4.61
2004-06-11 4.48 4.58 4.46 4.46
2004-08-23 4.52 4.55 4.4 4.4
2004-09-14 4.5 4.52 4.3 4.3
2004-09-28 4.89 5.24 4.73 4.73
2004-10-12 4.36 4.43 4.33 4.33
2004-12-20 3.85 3.85 3.75 3.75
2005-03-01 4.0 4.17 3.88 3.88
2005-03-30 3.72 3.86 3.55 3.55
2005-04-06 3.59 3.59 3.36 3.36
2005-04-13 3.73 3.8 3.64 3.64
2005-04-28 2.94 2.96 2.75 2.75
2005-05-11 2.49 2.5 2.33 2.33
2005-05-17 2.54 2.6 2.48 2.48
2005-05-24 2.43 2.47 2.32 2.32
2005-06-16 2.7 2.7 2.6 2.6
2005-07-12 2.36 2.39 2.22 2.22
2005-07-20 2.07 2.1 1.98 1.98
2005-07-26 2.18 2.24 2.12 2.12
2005-08-15 2.66 2.68 2.56 2.56
2005-08-31 3.1 3.1 2.79 2.79
2005-09-07 3.33 3.33 3.0 3.0
2005-10-12 3.1 3.12 3.01 3.01
2005-10-14 3.06 3.11 3.02 3.02
2006-10-25 5.84 6.07 5.58 5.58
2006-11-09 6.0 6.05 5.55 5.55
2006-12-01 7.96 8.05 7.4 7.4
2007-04-20 12.62 12.73 12.25 12.25
2007-05-30 16.43 18.28 15.99 15.99
2007-06-05 14.23 14.45 12.6 12.6
2007-11-09 16.23 16.5 15.91 15.91
2007-12-20 13.76 13.96 13.61 13.61
2007-12-21 14.33 14.49 13.91 13.91
2007-12-26 15.96 15.96 14.65 14.65
2008-05-30 8.02 8.3 7.8 7.8
2008-07-02 5.21 5.3 5.0 5.0
2008-12-11 4.31 4.31 4.31 4.31
2008-12-12 4.74 4.74 4.74 4.74
2009-01-14 4.42 4.46 4.26 4.26
2009-03-16 6.18 6.27 5.85 5.85
2009-06-29 11.15 11.38 10.95 10.95
2009-10-23 12.7 12.96 12.34 12.34
2010-07-14 5.06 5.15 5.03 5.03
2011-12-30 3.42 3.43 3.27 3.27
2012-01-10 3.39 3.44 3.26 3.26
2012-11-01 3.35 3.41 3.28 3.28
2012-11-02 3.43 3.53 3.37 3.37
2012-11-08 3.34 3.42 3.33 3.33
2012-12-12 3.51 3.55 3.47 3.47
2013-05-02 3.33 3.35 3.3 3.3
2013-05-10 3.38 3.4 3.35 3.35
2013-05-20 3.53 3.62 3.5 3.5
2013-07-05 3.38 3.44 3.2 3.2
2013-12-31 3.2 3.22 3.12 3.12
2014-01-16 3.11 3.14 3.09 3.09
2014-04-02 3.06 3.1 3.03 3.03
2014-07-16 3.09 3.1 3.0 3.0
2014-07-24 3.33 3.33 3.04 3.04
2015-05-21 8.63 8.7 8.25 8.25
2015-07-14 5.61 5.61 5.61 5.61
2015-08-07 6.06 6.18 5.88 5.88
2015-08-10 6.31 6.37 6.1 6.1
2015-09-02 5.62 5.75 4.9 4.9
2015-11-09 5.76 5.98 5.7 5.7
2015-11-16 5.68 5.7 5.54 5.54
2016-06-14 3.94 3.94 3.87 3.87
2016-06-17 4.03 4.05 4.0 4.0
2016-06-27 4.28 4.38 3.95 3.95
2016-07-01 4.25 4.28 4.21 4.21
2016-07-18 4.4 4.46 4.32 4.32
2016-07-19 4.41 4.46 4.37 4.37
2017-01-04 4.25 4.26 4.14 4.14
2017-01-05 4.23 4.28 4.22 4.22
2017-07-21 4.4 4.44 4.4 4.4
2017-07-24 4.47 4.48 4.41 4.41
2017-08-25 4.33 4.34 4.29 4.29
