1993-01-13 12.74 12.95 12.2 12.2
1993-01-14 13.8 14.7 12.7 12.7
1993-01-20 13.0 13.04 11.8 11.8
1993-01-22 13.66 14.0 13.6 13.6
1993-01-29 13.98 14.0 13.7 13.7
1993-02-01 15.12 15.4 14.11 14.11
1993-02-25 15.23 16.0 13.58 13.58
1993-04-05 10.66 10.7 10.18 10.18
1993-04-08 14.49 16.7 12.5 12.5
1993-04-13 14.3 14.3 13.18 13.18
1993-04-20 13.89 14.2 13.5 13.5
1993-04-22 13.99 14.08 13.59 13.59
1993-04-26 14.68 14.8 14.02 14.02
1993-04-27 15.5 15.65 14.9 14.9
1993-04-28 15.6 15.79 15.0 15.0
1993-04-29 15.58 15.68 15.0 15.0
1993-05-07 14.72 14.88 14.0 14.0
1993-05-13 14.6 14.6 14.02 14.02
1993-06-04 14.0 14.5 12.81 12.81
1993-06-08 15.5 16.0 14.75 14.75
1993-06-11 14.78 15.25 13.61 13.61
1993-06-15 13.2 13.64 13.0 13.0
1993-06-29 9.31 9.63 9.15 9.15
1993-07-15 7.6 7.75 7.5 7.5
1993-07-19 7.53 7.8 7.51 7.51
1993-07-27 7.37 7.58 7.1 7.1
1993-08-06 8.18 8.3 7.74 7.74
1993-09-15 8.56 8.6 8.5 8.5
1993-09-21 8.65 8.88 8.55 8.55
1993-09-24 8.59 9.4 8.35 8.35
1993-10-11 8.53 8.72 8.35 8.35
1993-11-17 9.22 9.36 8.39 8.39
1993-11-25 9.24 9.5 9.0 9.0
1993-12-06 10.05 10.4 9.7 9.7
1993-12-23 7.69 7.8 7.5 7.5
1994-01-06 8.45 8.45 7.98 7.98
1994-01-17 7.81 7.95 7.77 7.77
1994-01-31 7.2 7.24 7.0 7.0
1994-02-01 7.05 7.19 7.01 7.01
1994-02-02 7.18 7.19 7.05 7.05
1994-02-04 7.4 7.51 7.25 7.25
1994-02-18 7.15 7.19 7.1 7.1
1994-03-11 6.28 6.38 6.0 6.0
1994-03-31 7.12 7.25 6.65 6.65
1994-04-12 7.36 7.38 7.02 7.02
1994-05-06 6.25 6.25 5.93 5.93
1994-05-30 4.2 4.32 4.2 4.2
1994-06-15 3.55 3.59 3.48 3.48
1994-06-22 3.66 3.74 3.64 3.64
1994-06-28 3.37 3.38 3.3 3.3
1994-07-08 3.36 3.4 3.26 3.26
1994-08-05 5.65 5.84 4.71 4.71
1994-08-12 6.05 6.55 5.8 5.8
1994-08-18 7.5 7.84 6.8 6.8
1994-08-25 7.44 7.46 7.21 7.21
1994-09-13 10.7 11.4 10.05 10.05
1994-09-28 10.28 10.28 9.6 9.6
1994-10-20 8.13 8.2 7.3 7.3
1994-10-31 7.08 7.25 6.9 6.9
1994-11-07 7.64 7.75 7.18 7.18
1994-11-29 7.89 7.9 7.56 7.56
1994-12-16 8.02 8.26 7.5 7.5
1995-01-25 6.31 6.5 6.1 6.1
1995-02-09 6.15 6.16 5.78 5.78
1995-02-10 6.0 6.25 6.0 6.0
1995-02-22 6.69 6.8 5.99 5.99
1995-03-03 6.52 6.62 6.35 6.35
1995-03-16 6.41 6.42 6.18 6.18
1995-03-22 6.8 6.83 6.6 6.6
1995-04-04 7.24 7.27 7.06 7.06
1995-04-18 6.8 6.9 6.67 6.67
1995-05-02 6.45 6.53 6.32 6.32
1995-05-08 6.68 6.7 6.52 6.52
1995-06-02 7.95 7.98 7.64 7.64
1995-06-06 7.46 7.54 7.35 7.35
1995-06-13 7.42 7.55 7.4 7.4
1995-06-19 6.75 6.8 6.7 6.7
1995-06-23 6.89 6.95 6.8 6.8
1995-07-27 7.05 7.06 6.98 6.98
1995-08-14 7.8 7.95 7.08 7.08
1995-08-17 7.25 7.5 7.21 7.21
1995-08-22 7.05 7.09 7.0 7.0
1995-09-18 6.67 6.7 6.65 6.65
1995-09-26 6.46 6.48 6.28 6.28
1995-09-29 6.25 6.49 5.29 5.29
1995-10-04 6.2 6.21 6.1 6.1
1995-10-13 6.25 6.35 6.15 6.15
1995-10-18 6.49 6.66 6.22 6.22
1995-10-20 6.71 6.75 6.31 6.31
1995-11-03 6.4 6.4 6.3 6.3
1995-12-04 6.38 6.38 6.25 6.25
1995-12-07 6.4 6.4 6.26 6.26
1995-12-15 5.93 5.95 5.9 5.9
1996-01-04 5.11 5.15 4.9 4.9
1996-01-12 4.95 5.02 4.85 4.85
1996-01-17 4.81 4.99 4.65 4.65
1996-01-23 4.56 4.61 4.5 4.5
1996-01-26 4.6 4.63 4.55 4.55
1996-02-01 4.7 4.74 4.65 4.65
1996-02-05 4.6 4.69 4.6 4.6
1996-02-09 4.63 4.63 4.54 4.54
1996-02-12 4.7 4.7 4.58 4.58
1996-02-15 4.8 4.86 4.69 4.69
1996-02-16 4.97 4.98 4.84 4.84
1996-03-07 5.1 5.1 5.0 5.0
1996-03-13 5.05 5.06 4.95 4.95
1996-03-14 5.1 5.13 5.03 5.03
1996-03-15 5.18 5.18 5.05 5.05
1996-03-18 5.38 5.41 5.15 5.15
1996-03-20 5.38 5.4 5.29 5.29
1996-03-26 5.42 5.63 5.31 5.31
1996-04-03 5.42 5.45 5.31 5.31
1996-04-16 5.89 6.0 5.65 5.65
1996-04-19 6.14 6.18 5.9 5.9
1996-04-23 5.95 5.99 5.8 5.8
1996-04-24 6.34 6.34 6.05 6.05
1996-04-26 6.5 6.6 6.11 6.11
1996-05-07 5.81 6.28 5.78 5.78
1996-05-09 5.7 5.87 5.7 5.7
1996-05-10 5.81 5.97 5.7 5.7
1996-05-28 5.25 5.26 5.15 5.15
1996-05-31 5.28 5.58 5.1 5.1
1996-06-13 5.73 5.9 5.55 5.55
1996-06-26 5.3 5.37 5.2 5.2
1996-07-02 4.98 5.03 4.88 4.88
1996-07-11 4.7 4.8 4.68 4.68
1996-07-16 4.85 4.86 4.6 4.6
1996-07-22 6.25 6.58 6.05 6.05
1996-08-05 5.5 5.57 5.38 5.38
1996-08-12 5.9 5.99 5.65 5.65
1996-08-28 4.87 4.96 4.72 4.72
1996-08-30 4.85 5.0 4.65 4.65
1996-09-04 4.8 4.9 4.64 4.64
1996-09-11 4.6 4.66 4.55 4.55
1996-09-26 4.93 5.0 4.81 4.81
1996-10-17 5.24 5.3 5.1 5.1
1996-10-21 5.3 5.34 5.18 5.18
1996-11-12 5.27 5.29 5.2 5.2
1996-11-19 5.8 6.05 5.63 5.63
1996-12-16 5.78 5.78 5.78 5.78
1996-12-17 5.2 5.6 5.2 5.2
1997-01-15 4.66 4.75 4.6 4.6
1997-01-17 4.62 4.7 4.6 4.6
1997-01-21 5.31 5.39 4.95 4.95
1997-02-20 6.25 6.25 5.11 5.11
1997-03-06 6.45 6.48 6.2 6.2
1997-03-14 6.98 7.04 6.38 6.38
1997-03-26 6.85 6.95 6.52 6.52
1997-04-16 7.6 7.76 7.35 7.35
1997-04-21 7.56 7.75 7.53 7.53
1997-05-05 7.2 7.34 7.0 7.0
1997-05-12 7.33 7.4 7.0 7.0
1997-05-16 6.2 6.65 6.08 6.08
1997-05-27 5.54 5.61 5.45 5.45
1997-06-13 5.08 5.1 4.59 4.59
1997-07-11 4.49 4.58 4.38 4.38
1997-07-16 4.6 4.72 4.49 4.49
1997-07-21 4.93 5.18 4.8 4.8
1997-07-22 5.05 5.1 4.9 4.9
1997-07-28 4.78 4.89 4.76 4.76
1997-08-01 5.01 5.03 4.88 4.88
1997-08-07 5.09 5.09 4.8 4.8
1997-08-12 5.34 5.45 5.18 5.18
1997-08-14 5.3 5.35 5.03 5.03
1997-08-20 5.14 5.17 5.0 5.0
1997-10-23 6.58 6.7 6.39 6.39
1997-10-29 6.18 6.33 6.1 6.1
1997-10-31 6.14 6.15 5.92 5.92
1997-11-25 5.73 5.78 5.62 5.62
1997-12-05 5.49 5.62 5.45 5.45
1997-12-16 5.82 5.87 5.58 5.58
1997-12-29 6.48 6.65 6.4 6.4
1997-12-30 6.67 6.75 6.5 6.5
1998-01-20 6.43 6.49 6.21 6.21
1998-01-22 6.29 6.37 6.25 6.25
1998-02-20 6.73 6.85 6.6 6.6
1998-03-02 6.62 6.93 6.4 6.4
1998-03-04 6.72 6.89 6.72 6.72
1998-03-12 6.38 6.4 6.32 6.32
1998-03-18 6.5 6.56 6.38 6.38
1998-03-26 6.78 6.98 6.6 6.6
1998-04-01 7.52 7.58 7.02 7.02
1998-04-02 7.8 8.25 7.58 7.58
1998-04-06 9.44 9.44 8.88 8.88
1998-04-07 9.41 9.61 9.0 9.0
1998-04-29 9.59 9.8 9.32 9.32
1998-07-14 7.72 8.06 7.6 7.6
1998-08-18 6.19 6.19 6.02 6.02
1998-09-11 7.98 8.15 7.32 7.32
1998-10-20 7.1 7.25 7.06 7.06
1998-11-23 6.94 7.01 6.78 6.78
1998-12-22 6.48 6.5 6.26 6.26
1999-01-08 6.25 6.25 6.07 6.07
1999-01-22 6.37 6.47 6.3 6.3
1999-01-27 6.35 6.37 6.1 6.1
1999-03-11 6.42 6.54 6.32 6.32
1999-03-26 6.37 6.44 6.33 6.33
1999-03-29 6.45 6.54 6.36 6.36
1999-04-20 7.13 7.2 6.76 6.76
1999-05-11 6.11 6.25 5.95 5.95
1999-06-04 6.39 6.48 6.31 6.31
1999-06-28 8.91 8.91 8.4 8.4
1999-07-23 7.79 7.9 7.59 7.59
1999-08-09 8.38 8.56 8.21 8.21
1999-08-23 9.56 9.69 9.4 9.4
1999-09-22 9.79 9.9 9.7 9.7
1999-10-15 9.15 9.28 8.85 8.85
1999-10-26 8.48 8.54 8.3 8.3
1999-10-29 8.74 8.83 8.58 8.58
1999-11-15 10.09 10.1 9.31 9.31
1999-12-03 9.55 9.7 9.3 9.3
1999-12-28 8.66 8.8 8.55 8.55
2000-02-21 11.72 11.72 10.75 10.75
2000-03-27 12.62 12.78 12.05 12.05
2000-03-30 12.77 13.05 12.1 12.1
2000-05-12 12.08 12.18 11.6 11.6
2000-05-18 13.02 13.1 12.5 12.5
2000-07-11 12.2 12.32 11.95 11.95
2000-08-10 11.31 11.45 11.24 11.24
2000-09-04 11.15 11.19 11.0 11.0
2000-09-07 10.57 10.75 10.5 10.5
2000-09-08 10.98 10.98 10.61 10.61
2000-09-14 11.68 11.75 11.47 11.47
2000-09-26 10.55 10.6 10.48 10.48
2000-09-29 10.6 10.6 10.5 10.5
2000-10-10 10.7 10.7 10.5 10.5
2000-11-07 10.53 10.6 10.46 10.46
2000-11-14 11.34 11.49 11.05 11.05
2000-11-16 11.28 11.4 11.12 11.12
2000-12-04 11.34 11.41 11.19 11.19
2000-12-06 11.34 11.49 11.28 11.28
2001-01-10 12.22 12.3 12.0 12.0
2001-01-19 11.49 11.6 11.41 11.41
2001-02-09 11.01 11.17 10.92 10.92
2001-02-23 10.07 10.1 9.9 9.9
2001-03-02 10.19 10.19 10.02 10.02
2001-03-30 11.22 11.23 11.1 11.1
2001-04-02 11.32 11.38 11.25 11.25
2001-04-27 10.72 10.75 10.65 10.65
2001-05-08 10.76 10.82 10.68 10.68
2001-06-11 11.81 11.98 11.68 11.68
2001-06-15 11.74 11.79 11.48 11.48
2001-06-27 12.94 13.26 12.76 12.76
2001-06-29 12.97 13.39 12.92 12.92
2001-07-26 14.09 14.25 13.9 13.9
2001-08-01 13.38 13.5 13.0 13.0
2001-08-09 13.74 13.8 13.2 13.2
2001-08-21 13.7 13.83 13.5 13.5
2001-08-31 12.11 12.3 12.08 12.08
2001-09-14 13.24 13.95 13.08 13.08
2001-11-14 11.22 11.39 11.2 11.2
2002-01-31 9.51 9.65 9.0 9.0
2002-03-28 10.42 10.62 10.35 10.35
2002-04-29 10.8 10.84 10.55 10.55
2002-05-08 10.66 10.77 10.65 10.65
2002-05-31 9.59 9.8 9.52 9.52
2002-06-10 9.65 9.85 9.6 9.6
2002-06-18 9.68 9.76 9.45 9.45
2002-06-19 9.57 9.82 9.55 9.55
2002-06-21 10.08 10.19 9.71 9.71
2002-07-12 10.54 10.58 10.4 10.4
2002-07-16 10.57 10.6 10.4 10.4
2002-08-14 10.35 10.35 10.25 10.25
2002-08-22 10.52 10.64 10.43 10.43
2002-09-03 10.39 10.43 10.36 10.36
2002-09-24 9.83 9.89 9.83 9.83
2002-10-16 9.38 9.51 9.25 9.25
2002-10-21 9.27 9.31 9.2 9.2
2002-10-22 9.42 9.48 9.27 9.27
2002-11-01 9.21 9.25 9.11 9.11
2002-11-05 9.5 9.56 9.3 9.3
2002-11-19 8.67 8.71 8.5 8.5
2002-12-17 8.63 8.66 8.55 8.55
2003-01-06 7.79 7.8 7.47 7.47
2003-01-08 7.99 8.0 7.8 7.8
2003-01-22 8.42 8.44 8.29 8.29
2003-01-24 8.68 8.68 8.48 8.48
2003-02-11 8.57 8.6 8.47 8.47
2003-02-25 8.87 8.89 8.67 8.67
2003-04-10 8.63 8.67 8.4 8.4
2003-04-14 9.05 9.15 8.88 8.88
2003-05-15 8.18 8.2 7.88 7.88
2003-05-21 8.0 8.12 7.95 7.95
2003-06-10 8.01 8.08 7.95 7.95
2003-06-11 8.15 8.16 8.0 8.0
2003-06-13 8.16 8.19 8.08 8.08
2003-07-07 7.33 7.39 7.2 7.2
2003-08-18 6.83 6.87 6.8 6.8
2003-08-19 6.9 6.9 6.83 6.83
2003-10-09 6.46 6.54 6.45 6.45
2003-10-17 6.46 6.53 6.45 6.45
2003-10-30 6.15 6.15 5.95 5.95
2003-11-14 6.44 6.47 6.27 6.27
2003-11-19 6.49 6.54 6.32 6.32
2003-11-24 6.76 6.78 6.55 6.55
2003-11-28 6.72 6.82 6.68 6.68
2004-02-27 7.8 7.82 7.68 7.68
2004-03-10 7.57 7.57 7.36 7.36
2004-04-14 7.86 7.9 7.65 7.65
2004-05-18 6.9 6.99 6.69 6.69
2004-06-01 6.55 6.56 6.44 6.44
2004-06-21 5.98 6.0 5.83 5.83
2004-07-06 5.91 5.92 5.78 5.78
2004-08-17 5.62 5.69 5.6 5.6
2004-08-24 5.82 6.1 5.6 5.6
2004-09-14 6.23 6.25 6.01 6.01
2004-09-17 6.61 6.68 6.25 6.25
2004-10-15 5.95 6.0 5.84 5.84
2004-11-18 5.4 5.4 5.31 5.31
2004-11-26 5.45 5.46 5.4 5.4
2004-11-30 5.4 5.46 5.39 5.39
2004-12-02 5.54 5.58 5.43 5.43
2005-01-05 4.87 4.95 4.76 4.76
2005-01-07 4.86 4.9 4.81 4.81
2005-02-02 4.38 4.4 4.12 4.12
2005-03-18 4.68 4.84 4.58 4.58
2005-03-21 5.1 5.15 4.65 4.65
2005-04-25 4.77 4.95 4.7 4.7
2005-04-26 4.86 4.9 4.71 4.71
2005-04-28 4.58 4.64 4.42 4.42
2005-06-08 4.41 4.43 4.04 4.04
2005-06-27 3.02 3.03 2.89 2.89
2005-07-07 2.7 2.73 2.68 2.68
2005-07-28 2.5 2.6 2.44 2.44
2005-08-02 2.53 2.53 2.46 2.46
2005-08-05 2.61 2.61 2.51 2.51
2005-08-24 2.93 2.94 2.84 2.84
2005-09-19 3.38 3.42 3.34 3.34
2005-09-29 3.05 3.07 2.98 2.98
2005-10-18 2.82 2.82 2.74 2.74
2005-11-07 2.95 2.95 2.84 2.84
2005-11-14 2.79 2.79 2.75 2.75
2005-11-24 2.87 2.89 2.82 2.82
2006-10-24 3.21 3.22 3.11 3.11
2006-10-30 3.16 3.16 3.1 3.1
2006-11-03 3.24 3.25 3.2 3.2
2006-11-24 3.22 3.25 3.12 3.12
2006-11-30 3.3 3.37 3.22 3.22
2006-12-07 3.41 3.59 3.27 3.27
2006-12-20 3.48 3.54 3.32 3.32
2007-01-15 3.9 3.9 3.66 3.66
2007-01-19 4.03 4.08 3.87 3.87
2007-03-15 5.56 5.6 5.45 5.45
2007-03-26 6.22 6.22 5.99 5.99
2007-04-09 6.79 6.89 6.7 6.7
2007-04-16 7.18 7.2 7.01 7.01
2007-04-17 7.82 7.87 7.31 7.31
2007-04-20 7.76 7.85 7.34 7.34
2007-04-23 8.19 8.22 7.9 7.9
2007-04-24 8.57 8.87 8.45 8.45
2007-05-08 10.17 10.33 9.8 9.8
2007-05-30 10.17 11.0 10.17 10.17
2007-06-05 7.79 7.98 7.42 7.42
2007-06-13 8.97 8.97 8.23 8.23
2007-07-23 7.6 7.65 7.24 7.24
2007-09-20 10.4 10.4 9.59 9.59
2007-10-29 7.64 7.71 7.36 7.36
2007-10-31 8.37 8.58 7.99 7.99
2007-12-19 8.73 8.8 8.57 8.57
2008-01-03 9.32 9.37 9.08 9.08
2008-01-23 8.8 8.9 8.18 8.18
2008-02-04 8.74 8.75 8.31 8.31
2008-06-30 5.13 5.13 4.91 4.91
2008-07-02 4.93 5.1 4.7 4.7
2008-07-09 5.37 5.41 5.21 5.21
2008-08-29 5.1 5.2 4.91 4.91
2008-09-09 4.96 5.05 4.76 4.76
2008-11-03 3.0 3.05 2.96 2.96
2008-11-05 3.1 3.12 2.95 2.95
2008-11-10 3.28 3.3 3.12 3.12
2008-11-19 3.68 3.72 3.46 3.46
2008-12-01 4.59 4.59 4.59 4.59
2008-12-19 4.86 5.04 4.78 4.78
2009-01-14 4.58 4.63 4.41 4.41
2009-03-04 4.72 4.73 4.46 4.46
2009-04-20 6.29 6.32 5.9 5.9
2009-05-27 6.88 7.0 6.81 6.81
2009-06-29 6.91 6.96 6.76 6.76
2009-07-17 8.11 8.26 7.81 7.81
2009-09-01 6.09 6.25 6.0 6.0
2009-10-14 7.0 7.15 6.92 6.92
2009-12-03 8.36 8.48 8.12 8.12
2009-12-21 7.51 7.54 7.41 7.41
2010-01-14 8.09 8.16 7.95 7.95
2010-02-08 7.3 7.41 7.14 7.14
2010-03-24 7.82 7.89 7.76 7.76
2010-04-01 8.11 8.15 7.96 7.96
2010-05-26 6.31 6.36 6.17 6.17
2010-06-04 6.22 6.28 6.03 6.03
2010-07-22 7.0 7.02 6.81 6.81
2010-08-02 7.08 7.12 6.96 6.96
2010-10-12 7.5 7.58 7.4 7.4
2010-10-25 7.62 7.71 7.54 7.54
2011-06-24 5.02 5.06 4.88 4.88
2011-08-25 4.61 4.63 4.53 4.53
2011-09-16 4.76 4.85 4.69 4.69
2011-11-14 4.43 4.43 4.34 4.34
2011-11-15 4.51 4.52 4.41 4.41
2012-01-17 3.72 3.73 3.54 3.54
2012-02-13 3.89 3.9 3.8 3.8
2012-03-16 4.01 4.03 3.92 3.92
2012-04-05 3.74 3.76 3.64 3.64
2012-05-04 4.35 4.39 4.3 4.3
2012-05-10 4.21 4.24 4.17 4.17
2012-05-17 4.23 4.23 4.13 4.13
2012-08-16 3.5 3.53 3.49 3.49
2012-08-21 3.58 3.59 3.5 3.5
2012-08-28 3.45 3.47 3.37 3.37
2012-09-06 3.42 3.43 3.37 3.37
2012-09-12 3.61 3.63 3.52 3.52
2012-09-21 3.37 3.4 3.33 3.33
2012-09-28 3.38 3.39 3.31 3.31
2012-10-09 3.42 3.42 3.34 3.34
2012-10-10 3.46 3.47 3.4 3.4
2012-10-24 3.53 3.59 3.43 3.43
2012-10-30 3.46 3.55 3.37 3.37
2012-11-12 3.41 3.42 3.37 3.37
2012-12-10 3.27 3.28 3.23 3.23
2012-12-14 3.32 3.34 3.21 3.21
2013-01-10 3.46 3.47 3.42 3.42
2013-01-15 3.51 3.55 3.46 3.46
2013-01-28 3.46 3.46 3.38 3.38
2013-01-30 3.52 3.54 3.46 3.46
2013-02-05 3.59 3.63 3.53 3.53
2013-02-25 3.5 3.51 3.48 3.48
2013-03-01 3.61 3.63 3.52 3.52
2013-03-20 3.51 3.52 3.4 3.4
2013-03-29 3.74 3.75 3.54 3.54
2013-05-20 3.69 3.69 3.65 3.65
2013-07-15 3.21 3.23 3.17 3.17
2013-07-23 3.29 3.33 3.13 3.13
2013-08-01 3.17 3.18 3.12 3.12
2013-08-06 3.25 3.28 3.18 3.18
2013-08-30 5.31 5.31 5.16 5.16
2013-09-04 6.05 6.05 6.05 6.05
2013-10-21 5.91 5.96 5.61 5.61
2013-11-18 5.33 5.35 5.12 5.12
2013-12-10 7.58 7.59 7.15 7.15
2013-12-12 7.32 7.79 7.22 7.22
2013-12-20 7.57 7.57 7.05 7.05
2014-01-10 8.56 8.7 8.11 8.11
2014-01-27 9.86 9.96 9.16 9.16
2014-03-13 10.16 10.16 10.16 10.16
2014-03-14 9.14 9.49 9.14 9.14
2014-03-25 9.09 9.36 8.71 8.71
2014-04-30 8.17 8.32 8.06 8.06
2014-05-06 8.5 8.56 8.34 8.34
2014-05-26 8.58 8.59 8.39 8.39
2014-06-05 8.54 8.57 8.42 8.42
2014-09-16 9.59 9.79 9.06 9.06
2014-10-08 9.92 9.95 9.76 9.76
2014-12-10 9.06 9.09 8.8 8.8
2015-01-16 9.11 9.25 8.73 8.73
2015-01-20 9.64 9.94 9.2 9.2
2015-01-23 10.73 10.84 9.79 9.79
2015-02-13 11.84 12.15 11.73 11.73
2015-03-12 15.34 15.71 14.46 14.46
2015-04-02 17.19 17.38 16.88 16.88
2015-04-27 20.83 21.94 20.3 20.3
2015-05-04 21.53 22.8 21.53 21.53
2015-05-15 23.11 23.15 21.25 21.25
2015-05-20 24.27 25.78 24.04 24.04
2015-07-07 12.02 12.02 12.02 12.02
2015-07-08 10.82 10.82 10.82 10.82
2015-07-09 11.9 11.9 9.74 9.74
2015-07-10 13.09 13.09 12.2 12.2
2015-07-14 14.09 15.44 13.83 13.83
2015-08-07 13.92 14.16 13.57 13.57
2015-08-10 15.31 15.31 14.25 14.25
2015-08-17 18.52 18.52 16.98 16.98
2015-08-25 11.48 11.78 11.48 11.48
2015-10-29 13.41 13.41 13.41 13.41
2015-10-30 14.75 14.75 14.75 14.75
2015-12-17 14.68 14.78 14.52 14.52
2016-01-18 10.58 10.88 9.99 9.99
2016-01-19 11.64 11.64 10.8 10.8
2016-05-23 10.6 10.62 10.45 10.45
2016-06-29 10.54 10.6 10.31 10.31
2016-09-19 11.35 11.36 11.21 11.21
2016-11-01 11.53 11.57 11.45 11.45
2016-11-18 13.24 13.97 12.61 12.61
2016-11-30 13.05 13.3 12.95 12.95
2017-01-18 11.47 11.73 11.21 11.21
2017-02-06 11.69 11.8 11.25 11.25
2017-02-28 12.16 12.18 12.05 12.05
2017-03-24 11.39 11.42 11.28 11.28
2017-04-17 11.04 11.15 11.0 11.0
2017-06-07 9.26 9.27 9.1 9.1
2017-06-13 9.4 9.48 9.24 9.24
2017-06-14 9.4 9.46 9.32 9.32
2017-06-26 9.59 9.59 9.46 9.46
2017-07-03 9.52 9.53 9.41 9.41
2017-07-19 9.11 9.12 8.84 8.84
2017-08-03 9.14 9.25 9.12 9.12
2017-08-17 9.19 9.21 9.15 9.15
