1997-10-27 12.35 12.5 11.8 11.8
1997-11-26 10.11 10.26 9.9 9.9
1997-12-04 10.4 10.45 9.81 9.81
1997-12-15 10.39 10.5 10.03 10.03
1997-12-19 10.74 10.87 9.85 9.85
1997-12-31 10.7 10.94 10.5 10.5
1998-01-14 10.55 10.65 10.19 10.19
1998-01-23 10.53 10.59 10.33 10.33
1998-02-17 10.29 10.31 10.01 10.01
1998-04-03 12.05 12.28 11.6 11.6
1998-04-15 12.76 13.07 11.96 11.96
1998-04-21 12.36 12.45 11.94 11.94
1998-05-14 12.55 12.78 12.25 12.25
1998-05-15 12.4 12.7 12.38 12.38
1998-05-18 12.59 12.66 12.36 12.36
1998-06-08 14.17 14.3 13.4 13.4
1998-06-19 14.37 14.45 14.05 14.05
1998-06-23 14.9 15.16 14.4 14.4
1998-07-23 13.77 13.91 13.59 13.59
1998-07-24 13.88 14.19 13.81 13.81
1998-08-05 13.49 13.5 12.94 12.94
1998-08-18 10.78 11.2 10.55 10.55
1998-09-09 12.75 12.9 11.95 11.95
1998-09-16 13.04 13.11 12.7 12.7
1998-09-23 12.5 12.61 12.4 12.4
1998-09-29 12.75 12.88 12.5 12.5
1998-09-30 12.83 12.99 12.7 12.7
1998-10-19 13.58 13.82 13.38 13.38
1998-11-02 13.7 13.75 13.3 13.3
1998-11-05 14.01 14.1 13.75 13.75
1998-11-18 13.75 13.9 13.65 13.65
1998-12-08 12.8 12.85 12.61 12.61
1998-12-22 12.49 12.54 12.15 12.15
1998-12-24 12.61 12.7 12.26 12.26
1999-02-09 12.2 12.22 12.0 12.0
1999-03-04 12.24 12.4 12.12 12.12
1999-04-14 11.15 11.22 10.92 10.92
1999-04-19 10.96 11.0 10.8 10.8
1999-05-11 10.3 10.38 10.16 10.16
1999-06-28 14.28 14.28 13.25 13.25
1999-07-08 12.59 12.75 12.5 12.5
1999-08-04 12.45 12.52 12.28 12.28
1999-09-07 11.79 11.79 11.6 11.6
1999-09-29 12.33 12.4 12.1 12.1
1999-10-14 11.6 11.89 11.6 11.6
1999-10-22 11.25 11.43 11.02 11.02
1999-10-26 11.49 11.5 11.26 11.26
1999-10-27 11.72 11.89 11.6 11.6
1999-11-12 11.05 11.1 11.01 11.01
1999-11-22 11.59 11.65 11.28 11.28
1999-11-29 11.92 12.07 11.75 11.75
1999-12-02 11.96 12.12 11.9 11.9
1999-12-10 11.89 11.99 11.7 11.7
1999-12-13 11.95 12.08 11.83 11.83
1999-12-15 12.03 12.1 11.9 11.9
1999-12-21 11.6 11.77 11.53 11.53
1999-12-27 11.2 11.4 11.11 11.11
1999-12-30 11.33 11.37 11.25 11.25
2000-01-13 11.38 11.5 11.32 11.32
2000-01-17 11.28 11.32 11.1 11.1
2000-01-26 11.88 12.3 11.6 11.6
2000-03-28 13.44 13.69 13.01 13.01
2000-04-06 13.58 13.8 13.2 13.2
2000-04-19 15.09 16.48 15.0 15.0
2000-05-18 13.09 13.1 12.7 12.7
2000-05-22 13.65 13.7 13.12 13.12
2000-06-01 13.74 13.98 13.6 13.6
2000-06-20 14.66 14.94 14.4 14.4
2000-07-04 14.0 14.0 13.82 13.82
2000-07-14 14.38 14.5 14.09 14.09
2000-07-24 14.86 15.0 14.75 14.75
2000-08-03 15.44 15.95 15.2 15.2
2000-08-18 15.2 15.43 15.15 15.15
2000-08-24 14.61 14.7 14.4 14.4
2000-08-28 14.84 14.87 14.61 14.61
2000-09-08 13.77 13.82 13.35 13.35
2000-09-11 13.96 13.99 13.76 13.76
2000-09-22 13.66 13.7 13.45 13.45
2000-09-29 13.73 13.89 13.58 13.58
2000-10-10 14.25 14.36 14.15 14.15
2000-10-17 14.4 14.43 14.2 14.2
2000-10-25 15.27 15.49 15.1 15.1
2000-11-21 15.96 16.38 15.76 15.76
2000-11-30 15.27 15.48 15.2 15.2
2000-12-01 15.58 15.58 15.29 15.29
2000-12-13 15.81 15.98 15.58 15.58
2000-12-15 15.98 16.24 15.82 15.82
2000-12-25 16.65 16.88 16.44 16.44
2001-01-11 17.5 17.79 17.03 17.03
2001-01-19 16.26 16.38 16.2 16.2
2001-03-02 15.5 15.52 15.26 15.26
2001-03-09 15.38 15.5 15.35 15.35
2001-04-27 16.39 16.47 15.95 15.95
2001-05-25 17.32 17.64 17.0 17.0
2001-05-29 17.15 17.3 17.02 17.02
2001-05-30 17.49 17.55 17.19 17.19
2001-06-06 18.36 18.4 17.78 17.78
2001-06-25 17.6 17.65 17.12 17.12
2001-07-10 16.9 16.92 16.76 16.76
2001-07-27 16.2 16.46 16.2 16.2
2001-08-09 15.45 15.49 15.25 15.25
2001-08-10 15.5 15.67 15.45 15.45
2001-08-28 15.18 15.18 14.66 14.66
2001-08-31 15.15 15.34 15.1 15.1
2001-09-10 15.37 15.42 14.8 14.8
2001-09-13 15.15 15.3 15.14 15.14
2001-09-18 14.79 15.0 14.71 14.71
2001-10-31 13.21 13.33 13.08 13.08
2001-11-06 13.49 13.8 13.4 13.4
2001-11-22 13.98 14.12 13.7 13.7
2001-12-18 13.75 13.75 13.53 13.53
2001-12-21 13.55 13.67 13.31 13.31
2002-01-07 13.16 13.19 13.0 13.0
2002-02-07 11.07 11.19 10.76 10.76
2002-02-27 11.32 11.46 11.3 11.3
2002-03-05 11.4 11.5 11.15 11.15
2002-03-14 12.2 12.2 11.75 11.75
2002-04-02 12.55 12.56 12.18 12.18
2002-04-09 12.87 12.92 12.7 12.7
2002-04-12 12.6 12.68 12.3 12.3
2002-04-17 12.83 12.95 12.5 12.5
2002-04-23 12.62 12.98 12.5 12.5
2002-06-20 11.88 12.1 11.88 11.88
2002-06-21 12.3 12.35 11.84 11.84
2002-07-05 12.99 13.0 12.8 12.8
2002-07-31 12.16 12.47 11.98 11.98
2002-08-02 12.16 12.2 12.1 12.1
2002-08-06 12.35 12.41 12.18 12.18
2002-08-07 12.37 12.4 12.25 12.25
2002-08-26 12.72 12.8 12.53 12.53
2002-08-29 12.64 12.88 11.88 11.88
2002-09-12 12.33 12.46 12.31 12.31
2002-09-13 12.41 12.41 12.33 12.33
2002-09-19 12.26 12.37 12.07 12.07
2002-10-08 11.72 11.91 11.58 11.58
2002-10-22 11.39 11.4 11.21 11.21
2002-10-31 10.89 11.13 10.86 10.86
2002-11-01 10.91 10.95 10.82 10.82
2002-11-04 11.07 11.18 10.6 10.6
2002-11-05 11.3 11.35 11.1 11.1
2002-11-15 10.22 10.35 10.1 10.1
2002-11-27 9.82 10.0 9.71 9.71
2002-12-20 10.29 10.3 10.12 10.12
2003-01-14 10.06 10.23 9.57 9.57
2003-01-16 10.33 10.38 9.98 9.98
2003-02-11 10.4 10.4 10.21 10.21
2003-02-13 10.51 10.64 10.45 10.45
2003-02-18 10.44 10.46 10.31 10.31
2003-02-24 10.33 10.36 10.23 10.23
2003-02-25 10.74 10.98 10.43 10.43
2003-02-28 10.97 10.98 10.65 10.65
2003-03-24 10.15 10.25 10.0 10.0
2003-03-25 10.3 10.89 10.21 10.21
2003-03-27 10.4 10.44 10.05 10.05
2003-05-14 8.64 8.8 8.43 8.43
2003-05-21 8.9 9.0 8.86 8.86
2003-06-26 8.88 8.88 8.67 8.67
2003-06-30 8.88 8.89 8.69 8.69
2003-07-08 8.97 9.0 8.87 8.87
2003-07-29 8.15 8.39 8.05 8.05
2003-07-30 8.13 8.17 8.1 8.1
2003-08-07 8.35 8.37 8.22 8.22
2003-08-11 8.47 8.57 8.38 8.38
2003-08-15 8.3 8.4 8.25 8.25
2003-10-22 7.73 7.81 7.51 7.51
2003-11-03 7.21 7.28 7.13 7.13
2003-11-19 6.42 6.45 6.29 6.29
2003-11-24 6.73 6.75 6.49 6.49
2003-12-02 6.84 6.98 6.76 6.76
2003-12-31 6.13 6.17 6.11 6.11
2004-01-08 6.37 6.38 6.2 6.2
2004-01-13 6.57 6.61 6.45 6.45
2004-03-01 7.82 7.88 7.37 7.37
2004-03-26 7.68 7.79 7.55 7.55
2004-04-06 8.39 8.43 8.25 8.25
2004-04-08 8.17 8.2 8.11 8.11
2004-04-12 7.89 8.0 7.62 7.62
2004-05-18 7.37 7.37 7.18 7.18
2004-05-19 7.41 7.5 7.08 7.08
2004-05-27 7.01 7.06 6.9 6.9
2004-06-02 7.43 7.53 7.27 7.27
2004-06-11 7.73 7.73 7.28 7.28
2004-06-21 7.95 8.03 7.76 7.76
2004-06-29 7.06 7.08 6.85 6.85
2004-07-06 6.81 6.88 6.71 6.71
2004-07-16 6.44 6.55 6.28 6.28
2004-08-03 6.06 6.12 6.0 6.0
2004-08-11 6.18 6.25 6.05 6.05
2004-09-06 6.08 6.25 6.0 6.0
2004-10-08 6.17 6.17 5.97 5.97
2004-10-26 5.83 5.85 5.56 5.56
2004-12-02 6.13 6.18 5.95 5.95
2004-12-20 5.55 5.63 5.54 5.54
2004-12-21 5.6 5.68 5.56 5.56
2004-12-22 5.87 6.0 5.7 5.7
2004-12-24 5.77 5.85 5.72 5.72
2005-01-07 5.78 6.16 5.48 5.48
2005-01-13 5.8 5.83 5.68 5.68
2005-01-18 5.72 5.74 5.51 5.51
2005-01-20 5.56 5.63 5.55 5.55
2005-01-24 5.8 5.92 5.75 5.75
2005-01-31 5.32 5.5 5.32 5.32
2005-04-04 4.71 4.8 4.61 4.61
2005-04-06 4.8 4.85 4.65 4.65
2005-04-07 4.87 4.96 4.81 4.81
2005-05-11 4.18 4.28 4.15 4.15
2005-05-17 4.34 4.35 4.26 4.26
2005-06-01 4.73 4.76 4.61 4.61
2005-06-21 4.59 4.74 4.58 4.58
2005-06-22 4.68 4.72 4.53 4.53
2005-07-12 4.0 4.05 3.85 3.85
2005-07-20 3.81 3.86 3.75 3.75
2005-07-22 4.05 4.1 3.95 3.95
2005-07-26 4.01 4.03 3.86 3.86
2005-08-01 4.05 4.1 4.0 4.0
2005-08-25 4.7 4.7 4.5 4.5
2005-08-30 4.5 4.55 4.42 4.42
2005-09-02 4.81 5.08 4.71 4.71
2005-09-07 4.92 4.94 4.71 4.71
2005-09-21 5.25 5.43 5.23 5.23
2005-09-29 4.81 4.82 4.71 4.71
2005-10-12 4.81 4.84 4.71 4.71
2005-10-13 4.77 4.81 4.75 4.75
2005-10-14 4.86 4.86 4.71 4.71
2005-10-21 4.83 4.93 4.8 4.8
2005-11-11 4.53 4.6 4.34 4.34
2005-11-21 4.64 4.68 4.6 4.6
2005-12-16 4.78 4.81 4.72 4.72
2006-10-24 5.12 5.12 4.98 4.98
2006-12-11 4.95 4.96 4.82 4.82
2006-12-13 5.0 5.08 4.9 4.9
2007-01-22 6.2 6.28 5.96 5.96
2007-02-05 6.27 6.29 5.91 5.91
2007-04-12 9.6 9.68 9.19 9.19
2007-04-18 11.24 11.24 10.55 10.55
2007-04-20 10.66 10.93 10.3 10.3
2007-04-23 10.99 11.16 10.74 10.74
2007-04-26 10.77 10.97 10.59 10.59
2007-05-10 11.91 12.2 11.64 11.64
2007-05-22 12.23 12.24 11.56 11.56
2007-06-19 12.88 12.88 12.05 12.05
2007-07-02 11.5 11.69 10.92 10.92
2007-08-20 13.32 13.42 12.99 12.99
2007-11-14 10.34 10.35 9.83 9.83
2007-11-27 9.76 10.0 9.75 9.75
2007-12-03 10.97 11.09 10.21 10.21
2007-12-12 10.87 10.95 10.7 10.7
2007-12-21 11.15 11.29 10.88 10.88
2008-01-02 11.76 11.85 11.35 11.35
2008-02-29 12.4 12.45 12.2 12.2
2008-04-29 9.02 9.08 8.93 8.93
2008-06-26 5.8 5.81 5.61 5.61
2008-07-02 5.19 5.29 5.13 5.13
2008-08-19 4.95 4.98 4.81 4.81
2008-10-23 4.11 4.19 4.03 4.03
2008-10-28 3.79 3.9 3.6 3.6
2008-10-30 3.78 3.84 3.68 3.68
2008-11-07 3.61 3.62 3.4 3.4
2008-12-05 4.88 4.88 4.41 4.41
2009-01-07 4.84 4.93 4.7 4.7
2009-01-16 4.99 5.0 4.82 4.82
2009-02-02 5.02 5.02 4.89 4.89
2009-02-05 5.56 5.87 5.5 5.5
2009-03-12 5.94 5.99 5.73 5.73
2009-04-24 6.87 7.07 6.74 6.74
2009-05-07 8.35 8.43 7.67 7.67
2009-05-27 7.94 8.09 7.79 7.79
2009-07-13 9.1 9.12 8.81 8.81
2009-07-31 8.64 8.65 8.38 8.38
2009-08-11 8.78 8.84 8.65 8.65
2009-08-18 7.45 7.52 7.17 7.17
2009-09-11 7.56 7.62 7.43 7.43
2009-10-22 8.03 8.14 7.91 7.91
2009-11-12 9.1 9.19 8.59 8.59
2009-11-30 9.37 9.38 9.09 9.09
2009-12-02 9.79 10.0 9.63 9.63
2009-12-23 8.7 8.74 8.52 8.52
2010-01-08 9.61 9.67 9.34 9.34
2010-01-14 9.38 9.4 9.16 9.16
2010-02-02 8.94 9.0 8.8 8.8
2010-02-09 8.87 8.99 8.8 8.8
2010-04-07 12.49 12.54 12.38 12.38
2010-06-04 6.2 6.27 5.81 5.81
2010-09-30 7.57 7.59 7.31 7.31
2010-11-01 8.14 8.19 8.0 8.0
2010-11-24 9.08 9.18 8.61 8.61
2011-01-27 7.9 7.97 7.81 7.81
2011-01-28 8.06 8.07 7.8 7.8
2011-02-09 8.21 8.39 8.08 8.08
2011-02-23 9.08 9.1 8.94 8.94
2011-05-19 9.34 9.58 9.19 9.19
2011-05-31 8.04 8.12 7.78 7.78
2011-06-21 7.69 7.76 7.5 7.5
2011-06-27 8.05 8.2 7.83 7.83
2011-07-05 8.64 8.99 8.5 8.5
2011-07-13 8.43 8.5 8.31 8.31
2011-08-11 7.05 7.08 6.68 6.68
2011-08-15 7.67 7.69 7.18 7.18
2011-09-27 6.71 6.72 6.41 6.41
2011-09-28 6.85 7.08 6.75 6.75
2011-10-28 6.08 6.14 6.01 6.01
2011-11-23 6.27 6.45 6.23 6.23
2011-12-20 5.09 5.19 5.05 5.05
2011-12-30 4.58 4.62 4.53 4.53
2012-01-20 4.77 4.77 4.7 4.7
2012-02-02 4.96 5.02 4.88 4.88
2012-02-08 5.03 5.03 4.9 4.9
2012-03-27 5.52 5.53 5.37 5.37
2012-03-29 6.0 6.0 6.0 6.0
2012-04-05 7.26 7.26 6.6 6.6
2012-04-11 9.93 9.94 9.2 9.2
2012-04-25 17.41 17.41 15.55 15.55
2012-05-02 15.67 16.36 15.67 15.67
2012-07-17 10.62 10.72 10.32 10.32
2012-09-17 10.95 11.59 10.85 10.85
2012-10-09 9.63 9.76 9.14 9.14
2012-12-28 9.52 9.85 9.21 9.21
2013-02-25 9.84 9.95 9.7 9.7
2013-02-27 10.06 10.07 9.84 9.84
2013-04-24 9.01 9.1 8.71 8.71
2013-08-12 9.81 9.89 9.59 9.59
2013-08-15 10.58 11.0 10.09 10.09
2013-08-26 10.49 10.5 10.15 10.15
2013-09-12 12.35 12.85 11.87 11.87
2013-10-22 11.2 11.31 10.64 10.64
2013-11-15 9.3 9.46 9.12 9.12
2013-11-18 9.72 9.74 9.36 9.36
2013-11-27 9.93 9.99 9.81 9.81
2014-01-14 8.47 8.52 8.32 8.32
2014-02-10 8.65 8.69 8.39 8.39
2014-02-28 8.36 8.39 8.16 8.16
2014-04-01 8.93 8.95 8.55 8.55
2014-06-13 7.88 7.92 7.71 7.71
2014-06-18 8.1 8.17 7.95 7.95
2014-12-22 9.15 9.15 9.15 9.15
2015-05-26 17.46 17.48 15.95 15.95
2015-07-08 16.27 16.27 16.27 16.27
2015-07-09 17.7 17.89 14.64 14.64
2015-07-10 18.44 19.35 15.93 15.93
2015-07-15 14.38 14.85 14.38 14.38
2015-07-16 12.94 14.37 12.94 12.94
2015-07-23 13.79 14.0 13.27 13.27
2015-08-25 8.22 8.47 8.22 8.22
2015-10-29 10.91 10.91 10.0 10.0
2015-12-03 13.73 13.73 13.2 13.2
2016-01-14 10.38 10.41 9.43 9.43
2016-02-04 11.72 11.72 11.33 11.33
2016-02-05 12.89 12.89 12.89 12.89
2016-03-18 11.75 11.94 11.2 11.2
2016-07-25 13.24 13.24 13.24 13.24
2016-11-01 22.72 22.72 20.1 20.1
2016-11-07 23.18 23.5 21.8 21.8
2016-11-16 21.94 22.35 21.85 21.85
2016-11-21 20.88 21.3 20.75 20.75
2016-11-28 19.78 20.09 19.7 19.7
2016-12-06 19.94 19.94 18.1 18.1
2016-12-26 20.94 20.94 19.1 19.1
2017-01-20 19.46 19.75 19.18 19.18
2017-01-25 20.15 20.89 19.96 19.96
2017-02-03 20.34 20.46 19.9 19.9
2017-03-06 20.26 20.55 19.98 19.98
2017-03-16 20.1 20.26 19.6 19.6
2017-03-27 19.23 19.27 18.65 18.65
2017-05-09 14.1 14.16 13.72 13.72
2017-05-11 14.94 14.94 13.35 13.35
2017-06-02 12.77 13.15 12.77 12.77
2017-06-07 13.46 13.89 12.72 12.72
2017-07-18 13.28 13.4 12.66 12.66
2017-07-20 13.61 13.98 13.41 13.41
2017-07-27 13.59 13.65 13.3 13.3
2017-07-28 13.61 13.92 13.56 13.56
2017-08-14 12.89 12.95 12.6 12.6
2017-08-15 13.08 13.26 12.9 12.9
