2002-05-21 22.0 22.34 21.6 21.6
2002-08-02 20.24 20.35 20.0 20.0
2002-08-15 19.9 20.0 19.85 19.85
2002-08-20 20.35 20.5 19.95 19.95
2002-08-22 20.57 20.7 20.25 20.25
2002-09-09 20.17 20.25 19.58 19.58
2002-10-11 18.2 18.47 18.13 18.13
2002-10-14 18.48 18.58 18.25 18.25
2002-10-16 18.67 18.76 18.4 18.4
2002-10-21 18.53 18.54 18.35 18.35
2002-11-04 18.73 18.8 18.45 18.45
2002-11-15 18.14 18.26 18.0 18.0
2002-12-04 15.16 15.49 15.0 15.0
2002-12-06 15.15 15.22 15.03 15.03
2002-12-10 14.74 15.01 14.71 14.71
2002-12-12 14.6 14.86 14.58 14.58
2002-12-16 14.8 14.8 14.63 14.63
2002-12-24 15.36 15.6 14.9 14.9
2003-01-03 13.72 13.95 13.7 13.7
2003-01-13 14.68 14.77 14.6 14.6
2003-01-27 15.31 15.43 15.08 15.08
2003-01-29 15.3 15.35 15.16 15.16
2003-02-10 15.06 15.13 15.01 15.01
2003-02-11 16.15 16.48 15.08 15.08
2003-02-12 16.09 16.17 15.83 15.83
2003-02-14 15.95 16.09 15.8 15.8
2003-02-18 16.04 16.09 15.9 15.9
2003-02-24 15.72 15.8 15.47 15.47
2003-02-25 16.99 17.29 16.0 16.0
2003-02-28 16.57 16.68 16.36 16.36
2003-03-18 16.44 16.7 15.8 15.8
2003-03-27 16.57 16.59 15.91 15.91
2003-05-14 17.97 18.0 17.85 17.85
2003-05-23 18.99 19.34 18.65 18.65
2003-06-03 18.82 19.01 18.8 18.8
2003-06-13 19.45 19.45 19.14 19.14
2003-07-04 17.4 17.4 17.24 17.24
2003-07-10 18.28 18.3 17.93 17.93
2003-09-24 17.46 17.54 17.38 17.38
2003-10-08 16.42 16.55 16.2 16.2
2003-10-20 16.68 16.8 16.63 16.63
2003-11-12 16.02 16.15 15.98 15.98
2003-11-20 16.4 16.42 16.2 16.2
2003-11-24 16.39 16.57 16.3 16.3
2003-11-28 16.23 16.35 16.15 16.15
2004-01-07 17.26 17.48 17.08 17.08
2004-01-08 18.08 18.35 17.26 17.26
2004-01-12 18.24 18.33 17.88 17.88
2004-02-04 18.84 18.98 18.01 18.01
2004-02-09 19.2 19.45 18.7 18.7
2004-02-16 18.85 19.02 18.66 18.66
2004-02-24 18.6 18.98 18.1 18.1
2004-03-02 17.8 17.87 17.58 17.58
2004-03-09 17.85 18.17 17.81 17.81
2004-03-10 17.83 18.03 17.68 17.68
2004-03-16 18.94 19.2 18.2 18.2
2004-03-25 19.0 19.15 18.79 18.79
2004-03-29 18.63 19.0 18.51 18.51
2004-04-15 24.96 25.86 24.82 24.82
2004-05-27 23.53 24.0 23.45 23.45
2004-06-02 24.78 25.3 24.3 24.3
2004-06-07 23.2 23.76 22.58 22.58
2004-06-21 22.43 22.66 22.3 22.3
2004-06-22 22.85 22.98 22.5 22.5
2004-07-06 21.79 21.98 21.3 21.3
2004-07-07 21.75 21.97 21.35 21.35
2004-07-12 21.47 21.74 21.06 21.06
2004-07-23 20.5 20.7 20.09 20.09
2004-07-26 20.68 20.79 20.35 20.35
2004-08-03 21.22 21.32 21.0 21.0
2004-08-04 21.8 21.8 21.0 21.0
2004-08-06 21.39 21.49 19.5 19.5
2004-08-09 21.37 21.75 20.39 20.39
2004-08-13 21.0 21.2 20.01 20.01
2004-08-24 21.37 21.48 20.5 20.5
2004-08-25 21.29 21.3 20.75 20.75
2004-09-06 21.47 21.9 20.81 20.81
2004-09-07 21.48 21.5 21.15 21.15
2004-09-10 21.84 22.0 21.3 21.3
2004-09-13 22.1 22.3 21.6 21.6
2004-09-20 24.34 24.55 23.7 23.7
2004-09-24 24.71 25.99 24.0 24.0
2004-09-29 24.93 25.0 24.8 24.8
2004-10-11 27.91 28.45 25.9 25.9
2004-11-03 29.29 29.33 28.3 28.3
2004-11-19 31.21 31.3 30.2 30.2
2004-11-29 30.59 30.9 30.35 30.35
2004-12-03 28.86 29.27 28.2 28.2
2005-01-07 27.97 28.5 27.75 27.75
2005-01-10 28.75 29.0 27.8 27.8
2005-01-21 26.78 26.89 25.88 25.88
2005-01-28 26.53 26.73 26.0 26.0
2005-02-02 26.89 27.12 25.98 25.98
2005-02-23 28.88 28.9 27.32 27.32
2005-02-28 29.54 29.8 29.25 29.25
2005-03-03 28.34 28.64 28.11 28.11
2005-03-04 28.5 29.1 28.31 28.31
2005-03-22 29.89 30.0 27.5 27.5
2005-04-13 32.87 33.1 32.23 32.23
2005-05-31 24.3 24.35 24.0 24.0
2005-06-06 23.5 23.58 22.1 22.1
2005-06-22 23.85 23.95 23.53 23.53
2005-06-23 23.64 23.99 23.54 23.54
2005-06-27 24.26 24.49 23.65 23.65
2005-07-11 21.25 21.8 21.25 21.25
2005-07-12 22.37 22.4 21.0 21.0
2005-07-14 22.65 22.86 21.98 21.98
2005-07-19 23.0 23.01 22.53 22.53
2005-07-20 23.77 23.98 23.0 23.0
2005-07-25 24.18 24.42 24.01 24.01
2005-07-29 26.15 26.25 24.98 24.98
2005-08-02 27.21 27.48 26.91 26.91
2005-08-15 26.96 26.98 26.33 26.33
2005-09-05 29.49 29.6 27.75 27.75
2005-09-12 29.1 29.35 28.68 28.68
2005-09-28 29.1 29.66 28.86 28.86
2005-10-10 30.84 30.98 30.31 30.31
2005-10-11 31.55 31.6 30.32 30.32
2005-10-17 32.6 33.0 31.38 31.38
2005-10-18 33.28 34.85 32.21 32.21
2005-10-27 33.37 33.6 32.08 32.08
2005-10-28 34.17 34.2 33.29 33.29
2005-11-02 33.94 34.48 32.07 32.07
2005-11-10 32.94 33.08 32.55 32.55
2005-11-24 32.25 32.5 32.0 32.0
2005-12-09 30.31 30.41 29.4 29.4
2005-12-14 30.84 31.0 30.0 30.0
2005-12-20 31.61 31.87 31.3 31.3
2005-12-22 32.4 32.48 30.7 30.7
2005-12-27 33.78 33.95 32.58 32.58
2006-01-10 33.08 33.35 32.45 32.45
2006-01-12 35.15 35.4 34.05 34.05
2006-01-25 32.11 32.41 30.8 30.8
2006-02-13 32.94 33.0 31.2 31.2
2006-02-27 33.12 33.2 32.2 32.2
2006-02-28 35.05 35.31 33.0 33.0
2006-03-09 35.85 36.45 33.93 33.93
2006-03-28 38.73 39.0 36.6 36.6
2006-03-30 41.79 42.2 39.51 39.51
2006-04-03 43.97 45.0 42.4 42.4
2006-04-05 44.46 46.46 43.3 43.3
2006-04-11 50.05 50.05 45.65 45.65
2006-04-14 48.27 49.0 46.0 46.0
2006-04-27 52.82 56.6 52.0 52.0
2006-05-19 60.19 60.8 57.01 57.01
2006-06-15 61.41 62.7 58.8 58.8
2006-07-04 60.28 62.2 57.05 57.05
2006-07-13 62.28 62.99 61.0 61.0
2006-10-13 68.45 68.79 67.05 67.05
2006-10-26 64.33 65.2 63.14 63.14
2006-11-14 61.48 61.55 60.01 60.01
2006-11-15 64.0 64.55 61.6 61.6
2006-12-15 71.4 71.68 69.88 69.88
2007-01-16 83.79 83.79 76.6 76.6
2007-01-17 88.29 92.17 87.01 87.01
2007-01-25 88.47 91.98 78.26 78.26
2007-02-15 80.44 83.0 79.85 79.85
2007-02-16 82.21 83.1 80.88 80.88
2007-03-15 73.94 75.0 73.51 73.51
2007-03-16 75.44 77.77 74.0 74.0
2007-04-05 84.25 85.5 79.65 79.65
2007-04-20 84.8 85.3 83.3 83.3
2007-04-23 88.21 88.34 85.0 85.0
2007-04-30 80.13 80.45 76.88 76.88
2007-05-21 87.64 88.01 83.01 83.01
2007-05-23 97.41 98.19 88.88 88.88
2007-05-30 88.76 95.0 87.0 87.0
2007-06-01 93.7 97.0 92.8 92.8
2007-06-11 99.11 99.11 90.62 90.62
2007-07-09 95.4 96.2 93.51 93.51
2007-07-12 93.47 93.9 92.18 92.18
2007-07-23 97.17 97.5 95.0 95.0
2007-07-30 93.16 93.93 91.91 91.91
2007-08-14 100.04 100.12 95.2 95.2
2007-08-15 110.04 110.04 101.01 101.01
2007-08-29 101.21 102.52 99.25 99.25
2007-09-28 86.95 89.88 84.59 84.59
2007-10-26 75.12 76.5 73.88 73.88
2007-10-30 75.47 77.2 75.01 75.01
2007-11-06 77.2 79.02 75.1 75.1
2007-11-20 72.74 74.99 70.0 70.0
2007-11-28 72.25 72.95 71.25 71.25
2007-12-10 86.59 86.66 79.0 79.0
2008-03-05 95.25 95.25 95.25 95.25
2008-03-06 104.78 104.78 104.78 104.78
2008-04-28 94.75 96.22 93.18 93.18
2008-05-26 99.7 101.0 99.53 99.53
2008-05-27 100.0 101.0 99.7 99.7
2008-06-05 96.09 97.86 95.21 95.21
2008-07-24 97.52 99.87 91.95 91.95
2008-08-05 94.04 95.8 93.5 93.5
2008-10-08 44.0 45.5 42.05 42.05
2008-11-26 37.4 37.89 37.3 37.3
2008-12-03 40.1 40.9 37.9 37.9
2008-12-10 49.97 50.09 44.87 44.87
2008-12-15 48.73 50.35 47.52 47.52
2008-12-19 51.09 51.79 49.11 49.11
2009-01-09 49.87 50.38 48.71 48.71
2009-01-21 49.28 49.66 48.57 48.57
2009-02-04 49.21 49.48 47.9 47.9
2009-03-27 55.8 55.8 51.1 51.1
2009-04-02 58.02 61.79 57.91 57.91
2009-04-13 58.4 59.0 55.98 55.98
2009-04-16 62.9 64.29 62.4 62.4
2009-04-22 68.98 70.24 67.2 67.2
2009-04-30 70.79 71.48 68.73 68.73
2009-05-12 67.39 67.4 65.94 65.94
2009-05-13 68.59 68.98 67.36 67.36
2009-06-29 42.3 42.6 40.61 40.61
2009-07-27 38.49 38.5 37.48 37.48
2009-09-14 38.57 38.75 37.99 37.99
2009-09-17 41.71 42.7 39.15 39.15
2009-09-30 39.6 39.97 38.8 38.8
2009-10-09 40.48 40.57 39.6 39.6
2009-10-28 39.67 39.69 39.2 39.2
2009-10-30 39.37 39.59 38.8 38.8
2009-11-03 40.81 41.1 40.05 40.05
2009-11-12 41.9 42.31 41.36 41.36
2009-11-16 45.48 46.97 43.0 43.0
2010-01-14 43.82 43.88 42.0 42.0
2010-01-29 44.64 45.25 43.35 43.35
2010-02-02 43.69 44.39 43.54 43.54
2010-02-11 44.36 44.45 43.7 43.7
2010-02-12 45.03 45.28 44.5 44.5
2010-03-03 47.17 47.45 46.7 46.7
2010-03-05 46.65 46.73 45.78 45.78
2010-03-08 46.84 47.6 46.53 46.53
2010-05-24 19.47 19.48 18.8 18.8
2010-06-11 21.07 21.49 20.27 20.27
2010-07-01 19.8 20.32 19.51 19.51
2010-07-14 21.31 21.63 20.9 20.9
2010-08-02 23.48 23.57 22.98 22.98
2010-08-05 22.91 23.34 22.73 22.73
2010-08-30 25.99 26.3 25.55 25.55
2010-09-13 27.91 28.3 27.6 27.6
2010-10-08 26.99 27.2 26.72 26.72
2010-10-19 24.36 24.59 23.5 23.5
2010-11-05 30.48 30.48 28.35 28.35
2010-11-08 31.67 33.45 31.01 31.01
2010-11-15 35.5 35.5 33.0 33.0
2010-11-18 35.0 36.87 34.2 34.2
2010-12-03 35.07 35.2 34.22 34.22
2010-12-13 35.69 35.98 34.43 34.43
2011-01-13 33.2 33.6 32.7 32.7
2011-01-18 31.47 32.11 31.21 31.21
2011-01-28 31.15 31.3 30.44 30.44
2011-02-14 32.3 32.6 31.84 31.84
2011-03-07 33.99 35.0 33.25 33.25
2011-03-11 34.5 35.71 34.27 34.27
2011-05-31 23.51 23.52 22.89 22.89
2011-06-03 24.2 24.5 24.01 24.01
2011-06-30 12.29 12.44 12.11 12.11
2011-07-01 12.71 12.77 12.3 12.3
2011-07-04 13.01 13.07 12.71 12.71
2011-07-13 13.12 13.16 12.8 12.8
2011-08-15 12.08 12.14 11.81 11.81
2011-10-31 9.61 9.75 9.5 9.5
2011-11-01 9.72 9.81 9.5 9.5
2011-11-03 10.14 10.3 9.92 9.92
2011-12-16 7.24 7.24 6.59 6.59
2012-04-16 7.94 8.06 7.71 7.71
2012-08-28 6.78 6.84 6.68 6.68
2012-08-31 6.71 6.76 6.65 6.65
2012-09-19 6.69 6.74 6.67 6.67
2012-11-01 6.54 6.59 6.39 6.39
2012-11-23 6.28 6.38 6.2 6.2
2012-12-25 6.58 6.6 6.42 6.42
2012-12-31 6.64 6.66 6.57 6.57
2013-01-15 6.8 6.83 6.7 6.7
2013-03-14 6.13 6.16 6.1 6.1
2013-04-10 6.19 6.23 6.01 6.01
2013-05-03 5.97 6.03 5.91 5.91
2013-06-05 6.33 6.46 6.27 6.27
2013-06-18 5.92 5.94 5.88 5.88
2013-07-05 5.23 5.42 5.1 5.1
2013-07-31 5.5 5.69 5.26 5.26
2013-08-26 5.59 5.61 5.5 5.5
2013-08-27 5.65 5.66 5.57 5.57
2013-11-12 6.32 6.36 6.25 6.25
2013-12-27 5.78 5.84 5.63 5.63
2014-01-20 5.24 5.33 5.22 5.22
2014-01-21 5.39 5.43 5.26 5.26
2014-01-27 5.53 5.65 5.5 5.5
2014-01-28 5.52 5.59 5.51 5.51
2014-02-10 5.64 5.65 5.43 5.43
2014-03-13 5.37 5.38 5.25 5.25
2014-03-28 5.43 5.5 5.4 5.4
2014-04-01 5.52 5.55 5.43 5.43
2014-04-23 5.37 5.51 5.31 5.31
2014-05-08 5.23 5.28 5.2 5.2
2014-05-16 5.22 5.27 5.19 5.19
2014-07-10 5.05 5.09 5.02 5.02
2014-07-16 5.16 5.33 5.02 5.02
2014-08-11 5.41 5.42 5.35 5.35
2014-08-15 5.4 5.44 5.35 5.35
2014-08-18 5.49 5.55 5.4 5.4
2014-08-19 5.53 5.58 5.49 5.49
2014-08-22 5.5 5.51 5.47 5.47
2014-08-27 5.66 5.87 5.61 5.61
2014-09-03 5.79 5.85 5.68 5.68
2014-09-09 6.36 6.47 5.88 5.88
2014-09-29 6.66 6.7 6.49 6.49
2014-10-20 6.7 6.79 6.56 6.56
2014-10-28 6.69 6.71 6.55 6.55
2014-11-17 7.29 7.38 6.88 6.88
2014-12-15 12.35 12.45 11.2 11.2
2014-12-23 11.91 12.56 11.46 11.46
2014-12-25 12.26 12.74 12.02 12.02
2015-01-20 11.81 11.83 10.88 10.88
2015-01-22 13.94 13.94 13.5 13.5
2015-02-03 14.02 14.09 13.13 13.13
2015-02-10 12.85 12.99 12.55 12.55
2015-02-11 14.0 14.1 12.87 12.87
2015-04-13 28.55 28.55 26.4 26.4
2015-04-27 26.15 27.15 25.95 25.95
2015-07-13 11.06 11.06 11.06 11.06
2015-07-14 12.17 12.17 12.17 12.17
2015-08-04 11.79 11.92 11.23 11.23
2015-08-25 8.83 9.15 8.83 8.83
2015-09-11 8.27 8.45 8.02 8.02
2015-09-30 7.54 7.66 7.52 7.52
2015-10-12 8.76 8.88 8.23 8.23
2015-12-25 10.04 10.2 9.6 9.6
2016-02-02 6.11 6.18 5.94 5.94
2016-02-16 6.63 6.66 6.31 6.31
2016-03-07 7.11 7.23 7.07 7.07
2016-03-30 7.59 7.61 7.41 7.41
2016-05-23 6.4 6.44 6.37 6.37
2016-06-17 6.24 6.3 6.21 6.21
2016-06-22 6.19 6.19 6.13 6.13
2016-07-04 6.3 6.33 6.06 6.06
2016-08-02 6.43 6.43 6.35 6.35
2016-08-18 6.84 6.96 6.81 6.81
2016-08-26 6.95 7.04 6.81 6.81
2016-08-29 7.17 7.26 7.0 7.0
2016-09-22 7.83 7.85 7.62 7.62
2016-10-25 7.97 8.02 7.83 7.83
2016-11-01 7.74 7.77 7.61 7.61
2017-01-23 8.0 8.04 7.91 7.91
2017-03-06 7.8 7.86 7.71 7.71
2017-05-02 7.29 7.39 7.22 7.22
2017-05-11 7.42 7.47 7.23 7.23
2017-08-17 7.13 7.14 7.08 7.08
2017-08-25 7.1 7.1 7.04 7.04
