1998-09-30 6.07 6.3 5.99 5.99
1998-10-05 6.15 6.28 6.08 6.08
1998-10-16 5.96 6.06 5.95 5.95
1998-11-05 5.89 5.95 5.7 5.7
1998-11-09 5.97 6.02 5.88 5.88
1998-11-16 6.19 6.3 6.05 6.05
1998-11-30 5.88 5.92 5.78 5.78
1998-12-08 5.94 5.95 5.87 5.87
1998-12-14 5.87 5.95 5.85 5.85
1999-02-09 5.12 5.14 5.02 5.02
1999-03-15 5.46 5.57 5.4 5.4
1999-03-23 5.79 5.81 5.66 5.66
1999-03-24 6.01 6.07 5.79 5.79
1999-03-29 5.95 6.02 5.83 5.83
1999-04-23 7.38 7.38 6.9 6.9
1999-05-19 7.08 7.12 6.71 6.71
1999-06-23 10.35 10.37 9.7 9.7
1999-06-28 13.15 13.15 13.15 13.15
1999-06-29 14.47 14.47 14.47 14.47
1999-07-05 9.46 9.46 9.09 9.09
1999-07-21 8.71 8.71 8.1 8.1
1999-08-19 8.67 8.7 8.03 8.03
1999-08-24 9.05 9.1 8.31 8.31
1999-08-27 9.57 9.76 9.26 9.26
1999-09-09 9.5 9.5 8.9 8.9
1999-09-24 9.0 9.3 8.92 8.92
1999-10-27 8.03 8.1 7.55 7.55
1999-11-22 7.48 7.75 7.4 7.4
1999-11-26 7.26 7.38 7.24 7.24
1999-11-30 7.17 7.2 7.15 7.15
1999-12-08 7.13 7.25 6.81 6.81
1999-12-13 7.07 7.28 7.0 7.0
2000-01-06 7.04 7.09 6.7 6.7
2000-02-14 7.1 7.1 6.58 6.58
2000-03-01 7.3 7.46 7.1 7.1
2000-03-15 7.33 7.5 7.01 7.01
2000-03-17 7.13 7.2 6.96 6.96
2000-03-27 8.21 8.38 7.81 7.81
2000-03-30 8.21 8.3 8.11 8.11
2000-04-06 7.82 7.87 7.6 7.6
2000-04-10 7.92 8.05 7.85 7.85
2000-04-13 8.11 8.2 7.9 7.9
2000-05-23 8.05 8.14 7.7 7.7
2000-06-19 8.48 8.58 8.31 8.31
2000-06-22 8.38 8.47 8.3 8.3
2000-07-06 8.25 8.28 8.12 8.12
2000-07-20 8.92 8.94 8.72 8.72
2000-08-16 9.34 9.42 9.1 9.1
2000-08-18 9.32 9.38 9.24 9.24
2000-09-07 8.31 8.48 8.16 8.16
2000-09-26 8.45 8.5 8.4 8.4
2000-09-27 8.59 8.6 8.5 8.5
2000-09-29 8.66 8.72 8.57 8.57
2000-10-09 9.03 9.04 8.68 8.68
2000-11-07 8.39 8.44 8.33 8.33
2000-11-08 8.6 8.69 8.44 8.44
2000-11-21 8.59 8.73 8.58 8.58
2000-12-27 9.09 9.18 8.83 8.83
2001-01-02 9.38 9.39 9.21 9.21
2001-01-05 9.56 9.62 9.36 9.36
2001-01-10 9.56 9.6 9.42 9.42
2001-01-19 9.31 9.36 9.23 9.23
2001-02-09 8.9 8.98 8.8 8.8
2001-02-23 8.76 8.78 8.5 8.5
2001-03-02 8.93 8.98 8.81 8.81
2001-04-16 9.23 9.3 9.18 9.18
2001-05-08 8.86 8.92 8.8 8.8
2001-05-14 8.93 8.95 8.78 8.78
2001-05-22 8.93 8.96 8.86 8.86
2001-06-01 9.5 9.76 9.18 9.18
2001-06-11 9.26 9.34 9.23 9.23
2001-06-19 9.35 9.48 9.12 9.12
2001-07-09 9.26 9.32 9.21 9.21
2001-07-10 9.35 9.38 9.28 9.28
2001-08-01 8.55 8.55 8.2 8.2
2001-08-07 8.23 8.25 8.04 8.04
2001-08-08 8.24 8.27 8.2 8.2
2001-09-04 7.98 7.98 7.72 7.72
2001-09-18 7.93 8.09 7.78 7.78
2001-09-19 8.12 8.2 7.93 7.93
2001-10-09 7.58 7.7 7.5 7.5
2001-10-29 7.1 7.12 7.0 7.0
2001-11-01 7.06 7.15 6.95 6.95
2001-11-12 6.78 6.84 6.7 6.7
2001-11-13 6.74 6.8 6.6 6.6
2001-11-19 7.03 7.03 6.89 6.89
2001-11-27 7.33 7.34 7.21 7.21
2001-12-06 7.29 7.29 7.18 7.18
2001-12-10 7.25 7.25 7.2 7.2
2001-12-21 6.8 6.8 6.67 6.67
2001-12-31 6.73 6.76 6.68 6.68
2002-01-25 5.7 5.74 5.1 5.1
2002-01-31 6.15 6.22 5.8 5.8
2002-03-04 6.05 6.05 5.86 5.86
2002-03-06 6.27 6.43 6.25 6.25
2002-03-25 6.59 6.62 6.5 6.5
2002-03-28 6.44 6.52 6.4 6.4
2002-04-03 6.2 6.25 6.13 6.13
2002-04-05 7.01 7.5 6.85 6.85
2002-04-23 6.9 7.05 6.88 6.88
2002-06-11 6.6 6.76 6.45 6.45
2002-06-14 6.31 6.44 6.3 6.3
2002-06-18 6.49 6.55 6.34 6.34
2002-06-21 6.66 6.71 6.36 6.36
2002-07-19 7.33 7.38 7.26 7.26
2002-08-12 6.95 6.97 6.9 6.9
2002-08-13 6.98 7.04 6.9 6.9
2002-09-24 6.8 6.84 6.8 6.8
2002-11-04 6.48 6.68 6.36 6.36
2002-11-06 6.69 6.8 6.51 6.51
2002-12-13 5.56 5.6 5.4 5.4
2003-01-02 5.05 5.16 5.01 5.01
2003-01-15 5.67 5.92 5.6 5.6
2003-01-27 5.77 5.8 5.68 5.68
2003-02-14 6.06 6.13 5.96 5.96
2003-02-25 5.9 5.95 5.74 5.74
2003-03-03 5.9 5.91 5.82 5.82
2003-03-14 5.79 5.8 5.69 5.69
2003-03-24 5.92 5.93 5.68 5.68
2003-04-10 5.85 5.87 5.79 5.79
2003-06-10 5.95 6.0 5.88 5.88
2003-06-13 6.04 6.09 6.01 6.01
2003-06-24 5.78 5.8 5.72 5.72
2003-07-22 5.06 5.09 5.0 5.0
2003-07-29 4.8 4.81 4.72 4.72
2003-07-30 4.82 4.84 4.8 4.8
2003-08-07 4.92 4.95 4.9 4.9
2003-08-14 4.78 4.84 4.76 4.76
2003-08-25 4.93 4.96 4.8 4.8
2003-09-11 4.9 4.92 4.85 4.85
2003-09-15 4.77 4.88 4.75 4.75
2003-09-30 4.84 4.88 4.71 4.71
2003-10-09 5.0 5.03 4.97 4.97
2003-10-10 5.07 5.09 4.95 4.95
2003-10-22 4.85 4.88 4.72 4.72
2003-11-03 4.11 4.12 4.06 4.06
2003-11-04 4.16 4.25 4.11 4.11
2003-12-22 3.95 3.95 3.82 3.82
2004-01-09 4.05 4.08 3.75 3.75
2004-01-29 4.29 4.35 4.15 4.15
2004-01-30 4.24 4.41 4.15 4.15
2004-02-20 4.87 4.9 4.68 4.68
2004-03-09 4.41 4.48 4.36 4.36
2004-03-15 4.92 4.94 4.78 4.78
2004-04-12 4.7 4.72 4.6 4.6
2004-04-26 4.33 4.4 4.31 4.31
2004-05-14 4.71 4.71 4.28 4.28
2004-07-06 5.17 5.38 5.0 5.0
2004-07-23 5.13 5.18 4.98 4.98
2004-07-29 5.12 5.13 5.03 5.03
2004-08-30 4.46 4.52 4.24 4.24
2004-08-31 4.6 4.8 4.48 4.48
2004-09-14 4.43 4.5 4.36 4.36
2004-09-17 5.22 5.4 5.01 5.01
2004-11-03 4.96 4.97 4.79 4.79
2004-11-05 5.17 5.24 4.85 4.85
2004-11-10 5.31 5.4 5.17 5.17
2004-11-18 6.19 6.21 5.9 5.9
2004-11-24 7.14 7.55 6.86 6.86
2004-11-30 7.32 7.36 6.84 6.84
2004-12-01 8.05 8.05 7.31 7.31
2004-12-30 6.83 6.84 6.53 6.53
2005-01-05 6.76 6.79 6.5 6.5
2005-01-26 8.03 8.16 8.0 8.0
2005-02-16 7.9 8.18 7.65 7.65
2005-02-18 7.99 8.16 7.84 7.84
2005-02-25 8.48 8.78 8.4 8.4
2005-03-03 8.02 8.09 7.77 7.77
2005-03-15 8.15 8.45 7.9 7.9
2005-04-28 7.62 7.75 7.39 7.39
2005-05-18 6.95 6.98 6.8 6.8
2005-07-07 3.78 3.88 3.65 3.65
2005-07-14 3.53 3.65 3.35 3.35
2005-07-26 3.62 3.66 3.5 3.5
2005-08-03 3.98 4.13 3.9 3.9
2005-08-04 4.12 4.25 4.05 4.05
2005-08-22 4.76 4.85 4.43 4.43
2005-09-05 4.62 4.68 4.55 4.55
2005-09-19 5.07 5.2 4.88 4.88
2005-10-10 4.9 4.95 4.76 4.76
2005-10-31 3.6 3.67 3.57 3.57
2005-12-15 3.72 3.8 3.68 3.68
2005-12-27 4.09 4.1 3.92 3.92
2005-12-28 4.08 4.16 4.05 4.05
2006-01-18 4.39 4.44 4.32 4.32
2006-02-10 4.42 4.43 4.3 4.3
2006-02-13 4.49 4.56 4.43 4.43
2006-03-16 4.2 4.28 3.99 3.99
2006-03-20 3.99 4.07 3.96 3.96
2006-10-24 6.61 6.61 6.0 6.0
2006-11-24 6.43 6.48 6.33 6.33
2006-12-13 6.68 6.7 6.42 6.42
2006-12-18 7.38 7.52 7.11 7.11
2006-12-22 8.23 8.5 7.71 7.71
2006-12-27 8.7 8.79 8.21 8.21
2007-01-22 11.13 11.18 10.16 10.16
2007-02-14 11.59 11.85 11.16 11.16
2007-02-15 11.82 12.4 11.7 11.7
2007-03-08 12.73 12.91 12.29 12.29
2007-03-21 12.33 12.35 11.89 11.89
2007-04-13 14.73 15.4 14.44 14.44
2007-04-23 15.78 16.01 15.61 15.61
2007-04-30 17.73 17.73 16.5 16.5
2007-05-16 20.36 20.36 18.51 18.51
2007-05-17 21.52 22.25 20.66 20.66
2007-05-21 24.09 24.49 21.25 21.25
2007-05-28 24.82 26.03 24.0 24.0
2007-06-13 25.61 26.56 25.2 25.2
2007-06-21 23.96 24.13 23.0 23.0
2007-07-06 20.29 20.39 19.12 19.12
2007-07-19 19.87 20.09 18.95 18.95
2007-07-20 21.18 21.5 19.92 19.92
2007-07-26 24.42 24.6 23.6 23.6
2007-08-06 26.81 27.39 26.2 26.2
2007-09-04 31.98 32.4 29.25 29.25
2007-09-24 34.96 34.96 31.8 31.8
2007-09-26 38.66 40.02 35.51 35.51
2007-10-30 42.07 42.27 38.43 38.43
2007-11-19 34.09 34.8 33.66 33.66
2007-11-27 33.16 34.49 33.1 33.1
2007-12-03 33.55 33.6 32.1 32.1
2008-01-03 39.67 39.67 39.67 39.67
2008-02-25 38.51 39.15 37.5 37.5
2008-02-27 37.14 37.3 36.0 36.0
2008-02-28 37.1 37.78 36.33 36.33
2008-03-03 38.0 38.2 37.01 37.01
2008-03-18 30.67 32.49 30.0 30.0
2008-03-26 29.18 29.61 27.86 27.86
2008-04-23 27.91 28.18 25.9 25.9
2008-04-25 31.0 31.9 29.8 29.8
2008-05-13 30.87 31.0 29.0 29.0
2008-05-19 32.15 32.35 31.0 31.0
2008-06-30 22.4 22.75 21.25 21.25
2008-07-14 24.42 24.97 24.0 24.0
2008-07-22 24.66 25.35 23.5 23.5
2008-08-19 19.08 19.2 18.5 18.5
2008-08-29 17.72 18.1 17.33 17.33
2008-11-10 13.3 13.41 12.35 12.35
2008-11-19 15.57 15.87 14.12 14.12
2008-11-26 13.72 14.03 13.54 13.54
2008-12-18 15.36 15.38 15.0 15.0
2008-12-26 14.08 14.3 13.85 13.85
2009-01-09 17.54 17.65 16.43 16.43
2009-02-03 19.43 19.5 18.72 18.72
2009-03-03 22.6 23.14 21.4 21.4
2009-04-10 25.48 25.8 24.35 24.35
2009-04-20 25.2 25.5 24.78 24.78
2009-05-20 24.78 25.29 24.6 24.6
2009-05-26 14.35 14.78 14.3 14.3
2009-06-15 13.31 13.36 13.04 13.04
2009-06-18 14.13 14.3 13.7 13.7
2009-06-24 14.22 14.45 13.43 13.43
2009-07-14 16.46 16.68 15.88 15.88
2009-08-03 16.3 16.56 16.02 16.02
2009-08-20 14.75 14.82 14.05 14.05
2009-09-17 15.86 16.08 15.69 15.69
2009-11-12 17.45 17.59 16.95 16.95
2009-11-16 18.01 18.26 17.45 17.45
2009-11-19 18.16 18.49 18.0 18.0
2009-11-30 17.27 17.39 16.66 16.66
2009-12-21 16.5 16.6 16.2 16.2
2009-12-24 16.81 16.93 15.88 15.88
2010-02-12 14.53 14.56 14.38 14.38
2010-03-05 14.64 14.84 14.61 14.61
2010-03-26 14.3 14.33 14.12 14.12
2010-03-31 14.75 14.8 14.5 14.5
2010-04-02 15.88 16.1 15.0 15.0
2010-07-19 12.19 12.35 11.56 11.56
2010-08-11 13.15 13.22 12.85 12.85
2010-09-03 14.28 14.37 13.85 13.85
2010-09-13 14.65 14.96 14.27 14.27
2010-10-08 14.29 14.45 14.03 14.03
2010-10-14 15.48 16.33 15.23 15.23
2010-10-29 16.59 16.96 16.4 16.4
2010-12-13 21.71 21.71 20.3 20.3
2010-12-30 20.88 21.44 20.45 20.45
2011-01-19 21.95 21.95 19.85 19.85
2011-05-09 20.36 20.9 19.69 19.69
2011-05-13 19.81 19.88 19.39 19.39
2011-05-17 20.12 20.36 19.7 19.7
2011-06-07 9.59 9.98 9.5 9.5
2011-06-21 9.44 9.55 9.3 9.3
2011-07-04 10.37 10.46 10.13 10.13
2011-07-13 10.25 10.33 10.1 10.1
2011-07-18 10.48 10.54 10.24 10.24
2011-08-23 8.09 8.16 7.83 7.83
2011-09-06 7.27 7.33 7.22 7.22
2011-09-26 7.13 7.28 7.05 7.05
2011-10-14 7.23 7.33 7.16 7.16
2011-11-24 6.5 6.58 6.41 6.41
2011-11-29 6.46 6.47 6.38 6.38
2011-12-23 5.24 5.48 4.98 4.98
2012-01-06 5.24 5.28 5.05 5.05
2012-01-17 5.51 5.52 5.15 5.15
2012-02-02 5.5 5.52 5.37 5.37
2012-03-02 6.66 6.76 6.53 6.53
2012-04-05 5.45 5.5 5.24 5.24
2012-04-10 5.56 5.58 5.38 5.38
2012-05-24 6.28 6.47 6.0 6.0
2012-07-11 3.12 3.17 3.05 3.05
2012-07-17 3.06 3.09 3.03 3.03
2012-07-18 3.15 3.16 3.06 3.06
2012-08-21 2.96 2.98 2.94 2.94
2012-09-06 2.84 2.84 2.63 2.63
2012-11-12 3.2 3.23 3.16 3.16
2013-02-04 3.77 3.83 3.73 3.73
2013-02-28 3.53 3.53 3.46 3.46
2013-03-11 3.46 3.52 3.43 3.43
2013-03-14 3.23 3.3 3.23 3.23
2013-05-03 2.98 3.01 2.96 2.96
2013-05-22 3.12 3.13 3.09 3.09
2013-07-10 2.33 2.34 2.25 2.25
2013-07-15 2.4 2.43 2.38 2.38
2013-09-11 3.58 3.58 3.43 3.43
2013-09-27 2.96 3.03 2.95 2.95
2013-10-14 3.38 3.38 3.22 3.22
2013-11-07 3.49 3.6 3.48 3.48
2013-11-11 3.52 3.57 3.41 3.41
2013-11-20 3.78 3.8 3.57 3.57
2013-12-18 3.23 3.28 3.17 3.17
2014-01-08 2.83 2.89 2.79 2.79
2014-01-21 2.75 2.8 2.7 2.7
2014-01-24 2.86 2.87 2.81 2.81
2014-02-10 2.97 2.98 2.81 2.81
2014-03-05 2.94 3.01 2.9 2.9
2014-03-24 3.01 3.08 2.96 2.96
2014-03-31 3.03 3.04 2.92 2.92
2014-04-23 2.89 2.9 2.85 2.85
2014-06-26 2.74 2.75 2.73 2.73
2014-08-04 3.58 3.61 3.47 3.47
2014-09-30 4.29 4.37 4.21 4.21
2014-11-12 5.55 5.6 5.09 5.09
2014-11-17 5.54 5.75 5.34 5.34
2015-01-20 7.44 7.54 7.2 7.2
2015-03-13 7.3 7.4 7.2 7.2
2015-03-17 7.71 7.87 7.45 7.45
2015-03-30 8.6 8.78 8.2 8.2
2015-04-23 10.67 10.95 10.42 10.42
2015-04-29 10.06 10.25 9.82 9.82
2015-05-13 12.11 12.11 11.05 11.05
2015-05-19 11.15 11.33 10.88 10.88
2015-05-25 12.14 12.29 11.55 11.55
2015-07-08 5.09 5.8 5.09 5.09
2015-08-04 6.72 6.74 6.19 6.19
2015-08-25 5.52 6.13 5.52 5.52
2015-11-04 5.81 5.82 5.54 5.54
2016-01-19 5.03 5.15 4.67 4.67
2016-01-29 4.18 4.23 4.04 4.04
2016-02-02 4.21 4.28 4.08 4.08
2016-02-04 4.27 4.34 4.19 4.19
2016-02-16 4.38 4.46 4.2 4.2
2016-03-02 4.27 4.3 4.06 4.06
2016-03-30 4.39 4.39 4.27 4.27
2016-04-13 4.53 4.63 4.48 4.48
2016-04-29 4.19 4.2 4.1 4.1
2016-05-11 3.96 4.02 3.94 3.94
2016-05-27 3.85 3.88 3.8 3.8
2016-06-29 3.95 4.06 3.83 3.83
2016-07-04 3.98 3.99 3.93 3.93
2016-07-13 4.09 4.14 4.06 4.06
2016-08-04 3.99 4.03 3.96 3.96
2016-09-05 4.07 4.1 4.06 4.06
2016-09-19 4.24 4.25 4.12 4.12
2016-10-10 4.08 4.08 4.03 4.03
2016-10-13 4.18 4.21 4.1 4.1
2016-10-31 4.14 4.15 4.1 4.1
2016-11-03 4.16 4.21 4.09 4.09
2016-11-10 4.18 4.22 4.14 4.14
2016-12-06 4.3 4.38 4.28 4.28
2017-01-18 4.0 4.04 3.99 3.99
2017-01-23 4.06 4.1 4.01 4.01
2017-02-10 4.53 4.6 4.37 4.37
2017-03-14 4.43 4.47 4.42 4.42
2017-04-17 4.59 4.68 4.55 4.55
2017-06-05 3.6 3.64 3.55 3.55
2017-06-09 3.73 3.74 3.68 3.68
2017-06-15 3.73 3.76 3.71 3.71
2017-06-19 3.78 3.79 3.74 3.74
2017-07-18 3.78 3.79 3.68 3.68
2017-07-21 3.92 3.96 3.86 3.86
2017-08-07 4.02 4.12 3.91 3.91
2017-08-14 3.91 3.93 3.86 3.86
2017-08-21 3.97 3.98 3.9 3.9
