1998-10-05 6.15 6.28 6.08 6.08
1998-11-09 5.97 6.02 5.88 5.88
1998-11-16 6.19 6.3 6.05 6.05
1998-12-08 5.94 5.95 5.87 5.87
1998-12-14 5.87 5.95 5.85 5.85
1999-03-23 5.79 5.81 5.66 5.66
1999-03-24 6.01 6.07 5.79 5.79
1999-03-29 5.95 6.02 5.83 5.83
1999-06-28 13.15 13.15 13.15 13.15
1999-06-29 14.47 14.47 14.47 14.47
1999-07-05 9.46 9.46 9.09 9.09
1999-08-24 9.05 9.1 8.31 8.31
1999-08-27 9.57 9.76 9.26 9.26
1999-11-26 7.26 7.38 7.24 7.24
1999-11-30 7.17 7.2 7.15 7.15
1999-12-08 7.13 7.25 6.81 6.81
1999-12-13 7.07 7.28 7.0 7.0
2000-03-17 7.13 7.2 6.96 6.96
2000-03-27 8.21 8.38 7.81 7.81
2000-03-30 8.21 8.3 8.11 8.11
2000-04-06 7.82 7.87 7.6 7.6
2000-04-10 7.92 8.05 7.85 7.85
2000-04-13 8.11 8.2 7.9 7.9
2000-06-22 8.38 8.47 8.3 8.3
2000-08-18 9.32 9.38 9.24 9.24
2000-09-27 8.59 8.6 8.5 8.5
2000-09-29 8.66 8.72 8.57 8.57
2000-10-09 9.03 9.04 8.68 8.68
2000-11-08 8.6 8.69 8.44 8.44
2001-01-02 9.38 9.39 9.21 9.21
2001-01-05 9.56 9.62 9.36 9.36
2001-01-10 9.56 9.6 9.42 9.42
2001-02-09 8.9 8.98 8.8 8.8
2001-03-02 8.93 8.98 8.81 8.81
2001-05-14 8.93 8.95 8.78 8.78
2001-05-22 8.93 8.96 8.86 8.86
2001-06-11 9.26 9.34 9.23 9.23
2001-06-19 9.35 9.48 9.12 9.12
2001-07-10 9.35 9.38 9.28 9.28
2001-08-07 8.23 8.25 8.04 8.04
2001-08-08 8.24 8.27 8.2 8.2
2001-09-19 8.12 8.2 7.93 7.93
2001-11-01 7.06 7.15 6.95 6.95
2001-11-13 6.74 6.8 6.6 6.6
2001-11-19 7.03 7.03 6.89 6.89
2001-11-27 7.33 7.34 7.21 7.21
2001-12-10 7.25 7.25 7.2 7.2
2001-12-31 6.73 6.76 6.68 6.68
2002-01-31 6.15 6.22 5.8 5.8
2002-03-06 6.27 6.43 6.25 6.25
2002-03-28 6.44 6.52 6.4 6.4
2002-04-03 6.2 6.25 6.13 6.13
2002-04-05 7.01 7.5 6.85 6.85
2002-06-14 6.31 6.44 6.3 6.3
2002-06-18 6.49 6.55 6.34 6.34
2002-06-21 6.66 6.71 6.36 6.36
2002-08-13 6.98 7.04 6.9 6.9
2002-11-06 6.69 6.8 6.51 6.51
2003-03-03 5.9 5.91 5.82 5.82
2003-03-24 5.92 5.93 5.68 5.68
2003-06-13 6.04 6.09 6.01 6.01
2003-07-29 4.8 4.81 4.72 4.72
2003-07-30 4.82 4.84 4.8 4.8
2003-08-07 4.92 4.95 4.9 4.9
2003-08-14 4.78 4.84 4.76 4.76
2003-09-15 4.77 4.88 4.75 4.75
2003-10-09 5.0 5.03 4.97 4.97
2003-10-10 5.07 5.09 4.95 4.95
2003-11-04 4.16 4.25 4.11 4.11
2004-01-29 4.29 4.35 4.15 4.15
2004-01-30 4.24 4.41 4.15 4.15
2004-03-15 4.92 4.94 4.78 4.78
2004-07-29 5.12 5.13 5.03 5.03
2004-08-31 4.6 4.8 4.48 4.48
2004-09-17 5.22 5.4 5.01 5.01
2004-11-05 5.17 5.24 4.85 4.85
2004-11-10 5.31 5.4 5.17 5.17
2004-11-18 6.19 6.21 5.9 5.9
2004-11-24 7.14 7.55 6.86 6.86
2004-11-30 7.32 7.36 6.84 6.84
2004-12-01 8.05 8.05 7.31 7.31
2005-01-05 6.76 6.79 6.5 6.5
2005-02-18 7.99 8.16 7.84 7.84
2005-02-25 8.48 8.78 8.4 8.4
2005-03-03 8.02 8.09 7.77 7.77
2005-07-14 3.53 3.65 3.35 3.35
2005-08-03 3.98 4.13 3.9 3.9
2005-08-04 4.12 4.25 4.05 4.05
2005-12-28 4.08 4.16 4.05 4.05
2006-02-13 4.49 4.56 4.43 4.43
2006-03-20 3.99 4.07 3.96 3.96
2006-12-18 7.38 7.52 7.11 7.11
2006-12-22 8.23 8.5 7.71 7.71
2006-12-27 8.7 8.79 8.21 8.21
2007-02-15 11.82 12.4 11.7 11.7
2007-04-23 15.78 16.01 15.61 15.61
2007-04-30 17.73 17.73 16.5 16.5
2007-05-17 21.52 22.25 20.66 20.66
2007-05-21 24.09 24.49 21.25 21.25
2007-05-28 24.82 26.03 24.0 24.0
2007-06-21 23.96 24.13 23.0 23.0
2007-07-20 21.18 21.5 19.92 19.92
2007-07-26 24.42 24.6 23.6 23.6
2007-09-26 38.66 40.02 35.51 35.51
2007-11-27 33.16 34.49 33.1 33.1
2007-12-03 33.55 33.6 32.1 32.1
2008-02-27 37.14 37.3 36.0 36.0
2008-02-28 37.1 37.78 36.33 36.33
2008-03-03 38.0 38.2 37.01 37.01
2008-03-26 29.18 29.61 27.86 27.86
2008-04-25 31.0 31.9 29.8 29.8
2008-05-19 32.15 32.35 31.0 31.0
2008-07-22 24.66 25.35 23.5 23.5
2008-11-26 13.72 14.03 13.54 13.54
2008-12-26 14.08 14.3 13.85 13.85
2009-04-20 25.2 25.5 24.78 24.78
2009-05-26 14.35 14.78 14.3 14.3
2009-06-18 14.13 14.3 13.7 13.7
2009-06-24 14.22 14.45 13.43 13.43
2009-11-16 18.01 18.26 17.45 17.45
2009-11-19 18.16 18.49 18.0 18.0
2009-12-24 16.81 16.93 15.88 15.88
2010-03-31 14.75 14.8 14.5 14.5
2010-04-02 15.88 16.1 15.0 15.0
2010-09-13 14.65 14.96 14.27 14.27
2010-10-14 15.48 16.33 15.23 15.23
2011-05-13 19.81 19.88 19.39 19.39
2011-05-17 20.12 20.36 19.7 19.7
2011-07-18 10.48 10.54 10.24 10.24
2011-11-29 6.46 6.47 6.38 6.38
2012-04-10 5.56 5.58 5.38 5.38
2012-07-17 3.06 3.09 3.03 3.03
2012-07-18 3.15 3.16 3.06 3.06
2013-03-14 3.23 3.3 3.23 3.23
2013-07-15 2.4 2.43 2.38 2.38
2013-10-14 3.38 3.38 3.22 3.22
2013-11-11 3.52 3.57 3.41 3.41
2014-01-24 2.86 2.87 2.81 2.81
2014-02-10 2.97 2.98 2.81 2.81
2014-03-31 3.03 3.04 2.92 2.92
2014-11-17 5.54 5.75 5.34 5.34
2015-03-17 7.71 7.87 7.45 7.45
2015-04-29 10.06 10.25 9.82 9.82
2015-05-19 11.15 11.33 10.88 10.88
2015-05-25 12.14 12.29 11.55 11.55
2016-02-02 4.21 4.28 4.08 4.08
2016-02-04 4.27 4.34 4.19 4.19
2016-02-16 4.38 4.46 4.2 4.2
2016-07-04 3.98 3.99 3.93 3.93
2016-10-13 4.18 4.21 4.1 4.1
2016-11-03 4.16 4.21 4.09 4.09
2016-11-10 4.18 4.22 4.14 4.14
2017-01-23 4.06 4.1 4.01 4.01
2017-06-09 3.73 3.74 3.68 3.68
2017-06-15 3.73 3.76 3.71 3.71
2017-06-19 3.78 3.79 3.74 3.74
2017-07-21 3.92 3.96 3.86 3.86
2017-08-14 3.91 3.93 3.86 3.86
2017-08-21 3.97 3.98 3.9 3.9
