2001-03-30 41.29 41.78 40.15 40.15
2001-04-18 48.0 48.66 45.08 45.08
2001-05-11 44.24 44.6 43.1 43.1
2001-05-18 46.97 48.4 45.05 45.05
2001-05-21 47.8 48.76 47.2 47.2
2001-06-21 44.68 44.79 43.69 43.69
2001-06-26 44.38 44.75 44.2 44.2
2001-07-04 43.45 43.5 43.0 43.0
2001-09-06 34.9 35.03 34.58 34.58
2001-10-24 29.19 29.19 29.19 29.19
2001-11-01 30.52 30.98 30.18 30.18
2001-11-02 30.1 30.5 30.1 30.1
2001-11-20 31.55 31.78 31.0 31.0
2001-11-21 31.4 32.0 30.08 30.08
2001-12-31 31.8 32.5 31.2 31.2
2002-02-08 31.43 32.5 30.2 30.2
2002-04-22 24.91 25.35 24.4 24.4
2002-04-30 25.6 25.66 25.06 25.06
2002-05-14 24.54 25.1 24.36 24.36
2002-07-01 25.17 25.88 24.51 24.51
2002-07-04 24.99 25.18 24.65 24.65
2002-07-12 24.97 25.0 24.82 24.82
2002-07-30 24.27 24.3 23.95 23.95
2002-08-07 23.57 23.65 23.35 23.35
2002-08-27 24.45 24.6 24.1 24.1
2002-08-30 24.38 24.4 24.15 24.15
2002-09-16 23.8 23.99 23.6 23.6
2002-10-23 22.86 23.0 22.8 22.8
2002-11-29 19.17 19.6 19.1 19.1
2002-12-13 19.19 19.24 18.78 18.78
2003-02-14 18.42 18.57 18.35 18.35
2003-04-17 21.46 21.8 21.0 21.0
2003-05-22 19.94 19.94 19.52 19.52
2003-05-30 20.49 21.1 20.2 20.2
2003-06-11 14.32 14.34 14.14 14.14
2003-07-10 13.38 13.46 12.93 12.93
2003-07-15 13.4 13.47 13.2 13.2
2003-08-11 12.57 12.59 12.4 12.4
2003-08-13 12.5 12.5 12.42 12.42
2003-08-18 12.46 12.64 12.45 12.45
2003-09-18 12.64 12.65 12.43 12.43
2003-10-16 13.68 13.84 13.55 13.55
2003-10-23 13.74 13.79 13.6 13.6
2003-11-10 12.94 13.18 12.9 12.9
2003-11-18 13.4 13.48 13.0 13.0
2004-01-06 14.2 14.28 13.59 13.59
2004-01-08 14.74 15.18 14.15 14.15
2004-01-15 14.54 14.61 14.31 14.31
2004-02-18 16.81 16.84 16.32 16.32
2004-03-02 16.66 16.99 16.45 16.45
2004-03-04 16.37 16.68 16.25 16.25
2004-03-10 16.1 16.15 15.7 15.7
2004-03-31 16.69 16.8 16.38 16.38
2004-04-05 17.49 17.9 16.98 16.98
2004-04-08 17.85 17.85 17.47 17.47
2004-06-29 8.1 8.2 7.84 7.84
2004-08-09 7.12 7.2 7.11 7.11
2004-09-14 6.5 6.53 6.35 6.35
2004-09-15 6.87 7.03 6.5 6.5
2004-09-20 8.04 8.08 7.31 7.31
2004-12-22 7.36 7.37 7.15 7.15
2005-02-25 6.73 6.9 6.69 6.69
2005-03-01 6.87 6.98 6.63 6.63
2005-04-21 6.91 6.92 6.69 6.69
2005-05-20 5.69 5.79 5.61 5.61
2005-06-08 5.91 5.93 5.37 5.37
2005-06-16 6.14 6.15 5.86 5.86
2005-06-21 6.22 6.4 6.15 6.15
2005-06-27 6.03 6.22 5.96 5.96
2005-07-20 5.49 5.55 5.36 5.36
2005-07-22 5.44 5.49 5.26 5.26
2005-07-25 5.49 5.54 5.44 5.44
2005-07-26 5.6 5.65 5.44 5.44
2005-08-19 6.63 6.65 6.4 6.4
2005-09-07 7.38 7.39 6.71 6.71
2005-09-29 6.73 6.8 6.54 6.54
2005-10-13 7.36 7.56 7.15 7.15
2005-10-14 7.41 7.5 7.3 7.3
2006-10-24 4.95 4.96 4.85 4.85
2006-12-11 4.63 4.63 4.5 4.5
2007-01-29 6.11 6.12 5.67 5.67
2007-02-26 8.52 8.58 8.15 8.15
2007-03-08 8.04 8.1 7.76 7.76
2007-03-15 8.59 8.59 7.8 7.8
2007-03-20 8.82 8.82 8.11 8.11
2007-03-26 9.85 10.16 9.63 9.63
2007-03-30 9.32 9.51 9.19 9.19
2007-04-20 12.49 12.61 12.05 12.05
2007-07-23 9.55 9.56 8.98 8.98
2007-08-17 13.7 14.05 13.01 13.01
2007-09-13 16.24 16.48 15.68 15.68
2007-12-03 13.07 13.28 12.98 12.98
2007-12-11 15.05 15.47 14.4 14.4
2007-12-21 15.48 15.66 14.9 14.9
2008-02-18 15.31 15.45 14.89 14.89
2008-07-02 8.45 8.63 8.3 8.3
2008-07-07 9.38 9.53 9.0 9.0
2008-09-03 6.24 6.27 5.89 5.89
2008-11-05 3.97 4.03 3.9 3.9
2008-11-07 3.95 3.98 3.75 3.75
2008-11-10 4.27 4.28 4.0 4.0
2009-01-14 5.3 5.3 4.79 4.79
2009-01-21 5.71 5.95 5.62 5.62
2009-04-01 8.9 9.15 8.65 8.65
2009-05-07 9.63 9.63 8.8 8.8
2009-05-12 9.71 9.75 9.23 9.23
2009-11-30 9.64 9.68 9.35 9.35
2009-12-28 9.14 9.28 9.04 9.04
2009-12-31 9.71 10.0 9.34 9.34
2010-04-01 10.49 10.57 10.36 10.36
2010-04-02 10.8 10.92 10.45 10.45
2010-04-09 10.9 10.99 10.63 10.63
2010-07-22 8.2 8.27 8.0 8.0
2010-07-26 8.25 8.27 8.08 8.08
2010-08-02 8.67 8.68 8.46 8.46
2010-08-04 8.91 9.16 8.61 8.61
2010-08-05 9.26 9.37 8.82 8.82
2010-08-11 8.99 9.05 8.71 8.71
2011-01-25 16.36 16.79 16.19 16.19
2011-01-26 16.52 16.63 16.3 16.3
2011-02-01 19.25 19.25 17.52 17.52
2011-03-09 23.13 23.43 22.0 22.0
2011-03-16 21.83 22.22 20.83 20.83
2011-03-23 21.16 21.33 20.66 20.66
2011-03-24 21.29 21.98 21.16 21.16
2011-06-03 18.83 19.25 17.79 17.79
2011-08-11 17.37 17.41 16.11 16.11
2011-08-15 18.02 18.06 17.45 17.45
2011-08-17 18.41 19.25 18.39 18.39
2011-08-22 17.44 17.79 17.22 17.22
2011-08-25 19.18 19.18 17.4 17.4
2012-03-02 15.57 16.14 14.71 14.71
2012-03-06 16.07 16.1 15.52 15.52
2012-03-26 16.12 16.28 15.6 15.6
2012-11-05 10.17 10.29 10.08 10.08
2012-11-09 9.73 9.77 9.62 9.62
2013-02-22 10.41 10.58 10.3 10.3
2013-02-26 10.44 10.69 10.33 10.33
2013-03-05 10.37 10.4 10.22 10.22
2013-05-08 9.98 10.3 9.63 9.63
2013-07-15 9.07 9.19 8.96 8.96
2013-11-28 8.87 9.09 8.73 8.73
2013-12-30 8.52 8.75 8.28 8.28
2014-01-27 8.46 8.58 8.16 8.16
2014-02-10 8.53 8.75 8.17 8.17
2014-03-26 8.89 8.98 8.8 8.8
2014-05-08 8.58 8.7 8.43 8.43
2014-06-20 7.76 7.8 7.62 7.62
2014-06-27 7.97 8.01 7.91 7.91
2014-06-30 8.13 8.15 7.97 7.97
2014-08-20 10.63 10.86 10.48 10.48
2014-11-25 11.22 11.25 10.86 10.86
2015-01-22 11.11 11.32 10.76 10.76
2015-07-09 8.16 8.16 6.68 6.68
2015-07-10 8.94 8.94 8.35 8.35
2016-02-04 8.82 8.95 8.58 8.58
2016-02-15 9.1 9.16 8.47 8.47
2016-02-16 9.37 9.43 9.06 9.06
2016-07-05 14.38 14.69 13.92 13.92
2016-09-21 14.4 14.49 14.3 14.3
2016-10-25 15.03 15.18 14.75 14.75
2016-12-06 14.0 14.24 13.85 13.85
2017-01-05 13.86 14.2 13.77 13.77
2017-02-17 12.9 13.23 12.77 12.77
2017-06-07 10.14 10.16 9.82 9.82
2017-06-13 10.14 10.19 9.62 9.62
