1999-01-08 9.32 9.55 9.05 9.05
1999-03-01 8.65 8.76 8.35 8.35
1999-07-12 13.7 14.2 13.31 13.31
1999-07-27 14.42 14.77 13.68 13.68
1999-07-28 15.32 15.36 14.5 14.5
1999-08-02 17.47 17.47 17.47 17.47
1999-08-03 19.22 19.22 19.22 19.22
1999-08-05 23.19 23.19 23.19 23.19
2000-01-07 15.81 15.81 14.68 14.68
2000-01-28 15.75 16.0 14.89 14.89
2000-03-08 16.05 16.16 15.6 15.6
2000-03-30 15.69 15.98 15.46 15.46
2000-06-20 15.01 15.39 15.0 15.0
2000-07-07 15.18 15.28 14.9 14.9
2000-07-14 16.04 16.19 15.55 15.55
2000-07-20 15.85 16.1 15.76 15.76
2000-11-27 16.04 16.19 15.91 15.91
2000-12-04 16.21 16.45 16.18 16.18
2000-12-25 16.0 16.15 15.81 15.81
2001-04-11 15.02 15.05 14.95 14.95
2001-04-13 15.26 15.27 14.88 14.88
2001-05-11 14.71 14.96 14.55 14.55
2001-06-25 15.65 15.79 15.36 15.36
2001-07-13 14.77 14.84 14.72 14.72
2001-07-20 14.98 14.98 14.78 14.78
2001-08-21 13.3 13.35 13.16 13.16
2001-11-14 8.4 8.58 8.36 8.36
2001-11-19 9.33 9.33 8.65 8.65
2002-04-12 10.4 10.55 10.35 10.35
2002-04-26 10.33 10.35 10.11 10.11
2002-04-29 10.49 10.55 10.3 10.3
2002-12-12 7.4 7.54 7.36 7.36
2002-12-20 7.66 7.75 7.52 7.52
2003-01-14 7.84 7.89 7.42 7.42
2003-03-25 7.5 7.53 7.48 7.48
2003-03-27 7.96 7.97 7.57 7.57
2003-06-11 7.38 7.4 7.26 7.26
2003-06-16 7.41 7.45 7.4 7.4
2003-06-24 7.16 7.2 7.12 7.12
2003-06-26 7.28 7.34 7.21 7.21
2003-08-13 7.14 7.15 7.1 7.1
2004-01-29 7.02 7.03 6.81 6.81
2004-02-16 8.08 8.4 7.88 7.88
2004-09-14 5.82 5.84 5.65 5.65
2004-11-08 5.44 5.45 5.34 5.34
2004-11-11 5.66 5.89 5.63 5.63
2005-01-04 5.59 5.64 5.55 5.55
2005-01-27 5.9 5.97 5.84 5.84
2005-02-01 5.25 5.4 5.21 5.21
2005-02-17 5.56 5.58 5.5 5.5
2005-04-19 5.01 5.04 4.93 4.93
2005-05-17 4.22 4.22 4.08 4.08
2005-07-22 3.47 3.5 3.35 3.35
2005-09-19 5.35 5.43 4.95 4.95
2005-09-29 4.89 4.92 4.76 4.76
2005-12-08 3.8 3.85 3.78 3.78
2006-02-07 5.61 5.61 5.61 5.61
2006-02-13 5.69 5.84 5.65 5.65
2006-12-12 4.97 4.97 4.97 4.97
2007-02-07 10.08 10.34 9.61 9.61
2007-02-14 10.47 11.07 10.38 10.38
2007-04-23 19.73 19.73 18.5 18.5
2007-04-27 22.81 22.83 20.89 20.89
2007-07-23 16.63 16.78 15.61 15.61
2007-07-25 17.04 17.15 16.4 16.4
2007-07-30 17.77 18.01 17.34 17.34
2008-06-25 5.63 5.67 5.26 5.26
2009-02-16 5.93 5.93 5.65 5.65
2009-09-14 8.39 8.39 7.53 7.53
2010-09-10 7.58 7.7 7.24 7.24
2010-12-13 7.36 7.37 7.2 7.2
2011-05-13 7.48 7.49 7.26 7.26
2011-06-27 6.99 7.06 6.91 6.91
2011-06-30 7.05 7.11 6.91 6.91
2011-07-15 7.71 7.74 7.44 7.44
2011-08-23 6.82 6.82 6.7 6.7
2011-09-20 6.59 6.6 6.47 6.47
2011-12-20 6.39 6.44 6.35 6.35
2011-12-23 6.17 6.28 6.06 6.06
2012-02-09 5.51 5.59 5.46 5.46
2012-08-09 6.29 6.29 6.29 6.29
2013-09-13 6.7 6.8 6.46 6.46
2013-10-11 6.47 6.49 6.38 6.38
2014-01-16 5.24 5.29 5.22 5.22
2014-01-22 5.65 5.81 5.42 5.42
2014-07-14 5.92 5.96 5.85 5.85
2014-08-04 6.23 6.26 6.11 6.11
2014-08-11 6.36 6.38 6.28 6.28
2014-09-12 6.92 6.94 6.71 6.71
2015-09-22 14.0 14.0 14.0 14.0
2015-09-29 15.74 16.25 15.21 15.21
2016-01-14 15.51 15.7 13.88 13.88
2016-03-03 16.17 16.68 16.05 16.05
2016-03-07 16.85 16.85 15.31 15.31
2016-05-31 13.07 13.14 12.18 12.18
2016-11-28 17.11 17.68 16.6 16.6
2017-01-11 14.14 14.26 14.11 14.11
2017-06-15 9.13 9.19 8.86 8.86
2017-06-19 9.21 9.27 9.11 9.11
2017-09-04 15.13 15.34 13.76 13.76
