1999-04-20 6.81 6.87 6.65 6.65
1999-05-06 6.29 6.3 6.18 6.18
1999-05-11 5.93 6.02 5.82 5.82
1999-05-19 5.8 5.85 5.48 5.48
1999-05-26 6.02 6.02 5.85 5.85
1999-05-27 6.28 6.55 6.08 6.08
1999-06-16 6.85 6.85 6.51 6.51
1999-06-23 7.7 7.99 7.36 7.36
1999-06-28 7.59 7.6 7.21 7.21
1999-07-07 8.16 8.16 7.31 7.31
1999-07-20 7.71 7.72 7.1 7.1
1999-07-23 7.68 7.87 7.45 7.45
1999-08-02 7.7 7.8 7.55 7.55
1999-08-04 8.26 8.47 8.15 8.15
1999-09-09 8.31 8.39 8.01 8.01
1999-10-15 7.55 7.65 7.38 7.38
1999-10-27 7.52 7.65 7.34 7.34
1999-11-22 7.9 7.97 7.78 7.78
1999-12-30 7.12 7.18 7.08 7.08
2000-01-19 7.25 7.26 7.16 7.16
2000-01-26 7.34 7.49 7.31 7.31
2000-02-21 8.06 8.28 7.6 7.6
2000-03-17 7.91 8.02 7.66 7.66
2000-03-23 8.79 8.97 8.35 8.35
2000-03-27 10.07 10.07 9.5 9.5
2000-04-06 9.32 9.39 9.12 9.12
2000-06-13 9.66 9.78 9.4 9.4
2000-07-26 11.26 11.31 11.1 11.1
2000-08-21 13.48 13.68 13.18 13.18
2000-09-07 13.45 13.55 13.03 13.03
2000-10-17 12.75 12.85 12.55 12.55
2000-11-28 12.55 12.71 12.35 12.35
2001-01-19 12.16 12.3 12.0 12.0
2001-02-09 11.53 11.62 11.4 11.4
2001-02-14 11.98 12.15 11.7 11.7
2001-02-23 11.75 11.84 11.6 11.6
2001-03-02 11.79 11.83 11.66 11.66
2001-03-08 11.89 11.94 11.85 11.85
2001-03-14 11.73 11.77 11.5 11.5
2001-03-29 12.3 12.4 12.1 12.1
2001-04-05 12.12 12.24 12.05 12.05
2001-04-13 12.58 12.6 12.4 12.4
2001-04-23 10.8 10.8 10.8 10.8
2001-04-24 10.69 10.98 10.15 10.15
2001-04-27 10.32 10.47 10.2 10.2
2001-05-08 10.55 10.59 10.26 10.26
2001-06-13 11.43 11.43 10.87 10.87
2001-06-15 11.46 11.56 11.35 11.35
2001-06-28 11.91 11.97 11.75 11.75
2001-07-09 11.8 11.82 11.6 11.6
2001-07-10 12.06 12.15 11.8 11.8
2001-07-19 12.3 12.4 12.13 12.13
2001-07-23 12.63 12.78 12.32 12.32
2001-07-24 12.45 12.75 12.27 12.27
2001-08-01 11.29 11.29 10.75 10.75
2001-08-21 12.07 12.14 11.88 11.88
2001-08-31 11.18 11.2 11.0 11.0
2001-09-18 9.54 9.78 9.31 9.31
2001-10-08 7.82 7.9 7.7 7.7
2001-10-12 8.79 8.79 8.79 8.79
2001-10-17 9.07 9.28 9.0 9.0
2001-10-23 8.88 8.88 8.88 8.88
2001-10-24 9.32 9.32 9.32 9.32
2001-11-15 9.14 9.26 9.08 9.08
2001-11-21 9.71 9.78 9.4 9.4
2001-12-27 8.57 8.6 8.02 8.02
2002-04-03 9.36 9.55 9.18 9.18
2002-04-12 9.48 9.6 9.35 9.35
2002-04-29 9.38 9.45 9.17 9.17
2002-05-09 9.23 9.36 9.2 9.2
2002-05-28 8.6 8.7 8.47 8.47
2002-05-30 8.08 8.1 7.8 7.8
2002-06-06 8.04 8.05 7.61 7.61
2002-07-02 9.18 9.27 8.92 8.92
2002-07-05 9.05 9.12 8.93 8.93
2002-07-12 8.99 9.15 8.9 8.9
2002-08-13 8.91 8.93 8.8 8.8
2002-09-10 8.89 8.93 8.83 8.83
2002-09-23 8.65 8.7 8.62 8.62
2002-09-26 8.65 8.71 8.6 8.6
2002-10-16 8.62 8.68 8.56 8.56
2002-10-18 8.58 8.58 8.43 8.43
2002-10-21 8.78 8.88 8.58 8.58
2002-10-22 8.86 8.88 8.69 8.69
2002-10-30 8.81 8.98 8.7 8.7
2002-11-15 7.89 8.16 7.83 7.83
2002-11-19 8.01 8.05 7.88 7.88
2002-12-03 7.29 7.3 7.1 7.1
2003-01-08 7.76 7.82 7.48 7.48
2003-01-16 8.72 8.74 8.41 8.41
2003-03-17 8.14 8.16 8.06 8.06
2003-03-27 8.19 8.23 7.82 7.82
2003-03-31 8.22 8.29 8.14 8.14
2003-04-23 8.09 8.19 8.06 8.06
2003-05-14 7.12 7.15 6.78 6.78
2003-05-30 7.54 7.57 7.42 7.42
2003-06-05 7.22 7.35 7.2 7.2
2003-07-29 6.74 6.76 6.5 6.5
2003-08-29 6.11 6.27 6.04 6.04
2003-09-08 6.1 6.18 6.04 6.04
2003-09-30 6.75 6.87 6.25 6.25
2003-10-16 6.93 7.11 6.8 6.8
2003-10-22 6.63 6.7 6.49 6.49
2003-11-14 5.17 5.28 5.0 5.0
2003-12-04 6.34 6.37 5.98 5.98
2003-12-25 5.35 5.47 5.26 5.26
2003-12-26 5.4 5.41 5.33 5.33
2004-01-15 5.53 5.62 5.4 5.4
2004-01-29 5.76 5.89 5.46 5.46
2004-03-25 6.66 6.85 6.53 6.53
2004-04-20 5.81 5.9 5.77 5.77
2004-05-27 5.55 5.61 5.42 5.42
2004-06-01 5.57 5.58 5.48 5.48
2004-06-29 5.27 5.27 5.12 5.12
2004-07-01 5.34 5.35 5.14 5.14
2004-07-06 5.43 5.49 5.39 5.39
2004-08-03 4.89 4.94 4.85 4.85
2004-08-31 5.03 5.1 4.92 4.92
2004-09-02 4.95 5.03 4.85 4.85
2004-09-14 4.84 4.88 4.72 4.72
2004-09-15 5.07 5.15 4.82 4.82
2004-09-17 5.2 5.22 5.05 5.05
2004-09-27 5.42 5.57 5.2 5.2
2004-10-18 4.85 4.9 4.8 4.8
2004-10-29 4.22 4.25 4.11 4.11
2004-11-02 4.37 4.47 4.16 4.16
2004-11-16 4.51 4.7 4.48 4.48
2004-11-24 4.55 4.7 4.51 4.51
2004-12-02 4.65 4.71 4.53 4.53
2004-12-16 4.39 4.52 4.36 4.36
2004-12-20 4.32 4.36 4.25 4.25
2005-01-10 4.48 4.49 4.38 4.38
2005-02-02 4.21 4.25 4.01 4.01
2005-02-04 4.21 4.25 4.12 4.12
2005-02-22 4.39 4.45 4.3 4.3
2005-03-01 4.52 4.57 4.31 4.31
2005-03-15 4.28 4.39 4.25 4.25
2005-03-24 4.76 4.76 4.39 4.39
2005-04-07 4.52 4.59 4.44 4.44
2005-04-11 4.74 4.84 4.6 4.6
2005-04-13 4.85 4.94 4.64 4.64
2005-05-17 3.24 3.29 3.17 3.17
2005-05-20 3.24 3.35 3.22 3.22
2005-06-08 3.65 3.69 3.35 3.35
2005-06-10 3.71 3.95 3.52 3.52
2005-06-16 3.4 3.42 3.28 3.28
2005-06-27 3.51 3.6 3.4 3.4
2005-07-14 2.75 2.83 2.74 2.74
2005-08-03 3.01 3.08 3.0 3.0
2005-08-05 3.07 3.07 2.93 2.93
2005-08-19 3.34 3.36 3.18 3.18
2005-09-01 3.44 3.45 3.34 3.34
2005-09-19 3.73 3.76 3.65 3.65
2005-10-12 3.37 3.44 3.35 3.35
2005-10-13 3.39 3.45 3.37 3.37
2005-11-23 2.92 2.95 2.85 2.85
2005-11-28 3.01 3.02 2.96 2.96
2005-12-06 2.84 2.85 2.78 2.78
2005-12-26 2.94 2.94 2.91 2.91
2006-01-16 3.12 3.2 3.1 3.1
2006-01-18 2.96 2.96 2.9 2.9
2006-01-25 2.93 2.93 2.83 2.83
2006-02-08 3.01 3.01 2.94 2.94
2006-03-09 3.02 3.05 3.01 3.01
2006-03-16 3.32 3.44 3.3 3.3
2006-04-25 3.57 3.7 3.25 3.25
2006-05-22 4.75 4.8 4.4 4.4
2006-07-17 5.11 5.19 4.85 4.85
2006-08-10 4.73 4.74 4.65 4.65
2006-08-15 4.74 4.79 4.61 4.61
2006-08-21 4.62 4.69 4.45 4.45
2006-09-04 5.28 5.32 5.02 5.02
2006-09-15 5.35 5.4 5.17 5.17
2006-10-09 5.6 5.65 5.5 5.5
2006-10-12 5.49 5.57 5.4 5.4
2006-10-13 5.54 5.55 5.45 5.45
2006-11-03 5.37 5.48 5.32 5.32
2006-11-09 5.24 5.28 5.13 5.13
2006-11-16 5.05 5.17 5.02 5.02
2006-11-17 5.11 5.13 5.0 5.0
2006-11-20 5.12 5.2 5.07 5.07
2006-12-22 6.22 6.45 6.09 6.09
2007-01-15 6.01 6.02 5.88 5.88
2007-04-16 8.54 8.6 8.3 8.3
2007-04-20 10.19 10.19 9.4 9.4
2007-04-23 11.21 11.21 11.21 11.21
2007-05-17 15.67 16.2 15.0 15.0
2007-05-18 16.57 16.7 15.71 15.71
2007-06-05 10.82 10.96 10.82 10.82
2007-06-07 13.09 13.09 12.6 12.6
2007-06-13 14.83 15.19 14.3 14.3
2007-07-23 14.19 14.4 13.21 13.21
2007-07-26 14.7 15.48 14.5 14.5
2007-08-03 14.98 14.98 13.75 13.75
2007-08-13 14.05 14.3 13.06 13.06
2007-09-06 13.75 14.1 13.7 13.7
2008-01-16 16.29 16.29 16.29 16.29
2008-01-17 17.92 17.92 17.92 17.92
2008-01-18 19.71 19.71 19.71 19.71
2008-03-07 19.42 19.99 19.11 19.11
2008-03-11 18.31 18.48 17.98 17.98
2008-03-19 15.04 15.14 14.22 14.22
2008-03-31 14.48 15.08 14.35 14.35
2008-04-07 13.54 13.61 12.33 12.33
2008-05-27 12.56 12.84 12.1 12.1
2008-06-16 9.16 9.49 8.8 8.8
2008-06-23 7.69 7.98 7.52 7.52
2008-06-24 8.0 8.07 7.69 7.69
2008-06-25 8.8 8.8 7.89 7.89
2008-07-07 9.65 9.65 8.89 8.89
2008-07-23 9.85 9.85 8.93 8.93
2008-08-19 6.79 6.86 6.6 6.6
2008-08-21 8.22 8.22 8.22 8.22
2008-09-04 7.59 7.79 7.45 7.45
2008-09-12 6.15 6.3 6.05 6.05
2008-10-20 4.59 4.64 4.36 4.36
2008-12-03 4.96 4.99 4.7 4.7
2008-12-04 5.32 5.46 5.0 5.0
2009-01-12 5.1 5.15 5.01 5.01
2009-01-16 5.5 5.65 5.36 5.36
2009-02-02 5.38 5.4 5.2 5.2
2009-02-19 6.28 6.3 6.15 6.15
2009-02-20 6.5 6.57 6.23 6.23
2009-03-03 6.24 6.27 5.86 5.86
2009-03-04 6.6 6.66 6.38 6.38
2009-03-16 6.61 6.61 6.01 6.01
2009-04-13 7.32 7.33 7.04 7.04
2009-05-15 9.82 10.0 9.63 9.63
2009-06-01 9.34 9.45 9.11 9.11
2009-08-03 10.75 10.75 10.52 10.52
2009-08-10 10.97 11.11 10.72 10.72
2009-08-18 9.18 9.22 8.72 8.72
2009-09-03 9.02 9.05 8.55 8.55
2009-09-04 9.35 9.46 8.9 8.9
2009-09-14 10.0 10.07 9.81 9.81
2009-09-17 10.25 10.3 9.95 9.95
2009-09-21 10.2 10.44 9.6 9.6
2009-10-09 9.42 9.44 9.09 9.09
2009-10-15 10.4 10.48 10.01 10.01
2009-10-23 10.54 10.66 10.27 10.27
2009-11-18 11.51 11.53 11.14 11.14
2009-12-07 11.66 12.11 11.45 11.45
2009-12-15 11.04 11.08 10.81 10.81
2009-12-28 10.44 10.45 10.22 10.22
2010-02-12 10.11 10.2 10.01 10.01
2010-02-22 10.09 10.22 10.05 10.05
2010-03-26 11.25 11.6 10.9 10.9
2010-04-09 11.26 11.27 11.1 11.1
2010-04-26 10.72 10.77 10.51 10.51
2010-05-04 9.52 9.75 9.29 9.29
2010-05-05 9.75 9.76 9.38 9.38
2010-05-24 8.89 8.97 8.57 8.57
2010-07-06 7.54 7.62 7.4 7.4
2010-07-19 7.85 7.85 7.46 7.46
2010-08-09 8.84 8.85 8.76 8.76
2010-08-20 9.06 9.13 8.86 8.86
2010-09-02 9.16 9.22 9.05 9.05
2010-09-07 9.97 10.1 9.3 9.3
2010-10-19 9.59 9.61 9.3 9.3
2010-10-25 9.92 9.97 9.8 9.8
2010-11-15 9.87 9.88 9.6 9.6
2010-11-24 9.71 9.76 9.4 9.4
2010-12-13 9.8 9.82 9.53 9.53
2011-03-14 11.94 12.26 11.36 11.36
2011-04-12 10.96 11.14 10.92 10.92
2011-04-18 11.49 11.56 11.11 11.11
2011-05-09 10.3 10.37 10.11 10.11
2011-05-23 14.74 14.74 13.03 13.03
2011-05-25 16.03 16.03 14.3 14.3
2011-08-23 12.19 12.2 11.7 11.7
2011-11-03 10.67 11.0 10.59 10.59
2011-11-14 10.81 10.85 10.5 10.5
2011-12-26 7.71 7.84 7.62 7.62
2011-12-30 7.75 7.77 7.6 7.6
2012-02-08 8.22 8.24 7.91 7.91
2012-03-16 9.58 9.69 9.01 9.01
2012-05-10 11.72 11.96 11.66 11.66
2012-06-01 11.81 11.99 11.6 11.6
2012-06-18 11.63 11.84 11.54 11.54
2012-07-02 10.55 10.69 10.4 10.4
2012-08-03 9.1 9.1 8.83 8.83
2012-08-06 9.83 9.97 9.15 9.15
2012-08-21 10.14 10.27 10.02 10.02
2012-09-07 10.35 10.57 9.95 9.95
2012-10-09 10.38 10.49 9.92 9.92
2012-11-12 10.65 10.68 10.37 10.37
2012-12-07 9.03 9.05 8.73 8.73
2012-12-14 9.23 9.32 8.86 8.86
2012-12-17 9.34 9.46 9.22 9.22
2012-12-31 9.73 9.85 9.7 9.7
2013-01-28 10.1 10.12 9.77 9.77
2013-02-20 10.35 10.45 10.16 10.16
2013-03-25 10.65 10.78 10.55 10.55
2013-03-27 10.5 10.58 10.45 10.45
2013-04-19 9.72 9.74 9.58 9.58
2013-04-24 9.53 9.55 9.35 9.35
2013-04-26 9.53 9.57 9.22 9.22
2013-05-02 10.05 10.28 9.53 9.53
2013-05-06 10.26 10.35 10.12 10.12
2013-06-18 11.48 11.58 11.3 11.3
2013-07-11 12.05 12.28 11.76 11.76
2013-07-15 12.49 12.55 11.95 11.95
2013-09-04 11.88 11.96 11.86 11.86
2013-09-16 11.82 11.9 11.75 11.75
2013-09-27 11.42 11.57 11.41 11.41
2013-11-28 11.25 11.32 11.18 11.18
2013-11-29 11.26 11.3 11.22 11.22
2013-12-12 10.69 10.75 10.54 10.54
2013-12-17 10.6 10.71 10.54 10.54
2013-12-27 10.12 10.17 10.0 10.0
2014-01-13 10.41 10.43 10.32 10.32
2014-01-21 10.53 10.55 10.34 10.34
2014-01-22 10.66 10.68 10.53 10.53
2014-01-24 10.73 10.75 10.61 10.61
2014-02-10 10.97 11.04 10.65 10.65
2014-02-13 11.04 11.28 10.95 10.95
2014-03-18 10.31 10.35 10.2 10.2
2014-04-04 10.62 10.69 10.38 10.38
2014-04-14 11.12 11.18 10.68 10.68
2014-05-22 10.65 10.88 10.35 10.35
2014-06-03 10.71 10.78 10.65 10.65
2014-06-05 10.73 10.75 10.59 10.59
2014-06-16 10.77 10.79 10.67 10.67
2014-07-14 10.89 10.9 10.63 10.63
2014-08-22 12.14 12.19 11.88 11.88
2014-09-19 13.33 13.37 13.04 13.04
2014-09-29 14.3 14.45 13.39 13.39
2014-10-09 14.75 15.0 14.37 14.37
2014-10-28 13.87 13.99 13.23 13.23
2014-11-05 14.02 14.13 13.9 13.9
2014-11-12 13.83 13.84 13.46 13.46
2014-11-25 14.6 14.65 13.95 13.95
2015-01-20 13.85 13.95 13.19 13.19
2015-01-22 14.27 14.27 13.9 13.9
2015-01-29 14.13 14.23 13.9 13.9
2015-02-03 14.54 14.7 13.94 13.94
2015-04-01 17.93 18.23 17.68 17.68
2015-04-13 19.49 20.18 18.56 18.56
2015-04-21 19.96 20.0 19.3 19.3
2015-04-30 19.83 20.28 19.64 19.64
2015-05-11 19.9 19.98 19.11 19.11
2015-05-19 20.63 20.68 19.86 19.86
2015-05-20 21.02 22.07 20.61 20.61
2015-12-17 20.46 20.55 20.06 20.06
2015-12-31 20.11 20.46 19.95 19.95
2016-01-06 19.0 19.05 17.44 17.44
2016-02-02 14.56 14.78 14.05 14.05
2016-02-16 15.06 15.23 14.45 14.45
2016-02-23 15.9 16.2 15.5 15.5
2016-03-07 13.85 14.2 13.59 13.59
2016-03-14 13.62 13.65 13.13 13.13
2016-03-18 14.47 14.53 13.8 13.8
2016-03-21 15.19 15.3 14.71 14.71
2016-03-30 15.58 15.6 15.18 15.18
2016-04-26 15.21 15.27 14.74 14.74
2016-05-10 14.89 15.06 14.54 14.54
2016-05-31 17.9 18.1 17.44 17.44
2016-06-27 16.56 16.58 15.9 15.9
2016-07-25 16.84 16.95 16.43 16.43
2016-07-26 17.74 17.89 16.99 16.99
2016-08-09 15.91 15.97 15.7 15.7
2016-08-12 15.93 15.96 15.7 15.7
2016-09-19 16.77 16.87 16.41 16.41
2016-10-18 17.46 17.52 17.14 17.14
2016-12-01 18.23 18.39 17.2 17.2
2016-12-14 16.2 16.46 16.12 16.12
2016-12-15 16.27 16.39 16.05 16.05
2017-01-03 17.28 17.75 16.75 16.75
2017-01-04 17.5 17.73 17.2 17.2
2017-01-19 17.26 17.3 16.65 16.65
2017-02-09 19.51 20.0 18.26 18.26
2017-02-14 19.43 19.68 19.1 19.1
2017-02-28 21.82 21.96 21.3 21.3
2017-03-06 21.38 21.65 20.95 20.95
2017-03-10 22.32 22.37 21.2 21.2
2017-03-30 21.97 22.4 21.64 21.64
2017-04-13 22.62 22.8 22.2 22.2
2017-04-28 22.83 22.9 21.8 21.8
2017-05-25 19.42 19.68 18.88 18.88
2017-06-15 20.94 21.18 20.74 20.74
2017-06-28 21.69 21.77 21.31 21.31
2017-07-13 20.43 20.46 20.0 20.0
2017-07-20 20.72 20.99 20.25 20.25
2017-07-21 21.85 21.87 20.51 20.51
2017-07-31 22.77 22.86 22.01 22.01
2017-08-24 23.34 23.5 22.69 22.69
