2004-08-06 11.45 11.69 11.31 11.31
2004-09-10 9.49 9.5 9.3 9.3
2004-09-14 9.42 9.54 9.2 9.2
2004-10-11 10.45 10.72 10.35 10.35
2004-11-02 10.31 10.38 10.2 10.2
2004-11-03 10.65 10.67 10.35 10.35
2004-11-09 10.78 10.86 10.59 10.59
2004-11-18 10.99 11.0 10.71 10.71
2004-11-25 10.9 10.95 10.83 10.83
2004-12-27 10.67 10.68 10.5 10.5
2005-05-20 5.59 5.74 5.55 5.55
2005-05-25 5.44 5.52 5.41 5.41
2005-06-13 5.66 5.74 5.53 5.53
2005-06-24 5.73 5.75 5.58 5.58
2005-06-27 5.87 5.98 5.78 5.78
2005-06-30 6.14 6.3 5.98 5.98
2005-07-18 6.42 6.46 6.35 6.35
2005-09-08 6.44 6.53 6.4 6.4
2005-09-16 6.82 7.09 6.51 6.51
2005-09-29 6.34 6.38 6.25 6.25
2005-10-10 6.37 6.44 6.32 6.32
2005-10-14 6.89 6.96 6.8 6.8
2005-11-04 6.21 6.29 6.05 6.05
2005-11-24 6.09 6.14 6.03 6.03
2005-11-28 6.09 6.12 6.04 6.04
2005-11-30 6.41 6.5 6.05 6.05
2005-12-09 6.49 6.57 6.4 6.4
2005-12-23 6.43 6.43 6.32 6.32
2006-01-18 6.67 6.72 6.5 6.5
2006-01-20 7.01 7.08 6.72 6.72
2006-02-17 7.39 7.51 7.31 7.31
2006-04-03 7.6 7.7 7.23 7.23
2006-04-26 7.86 7.9 7.53 7.53
2006-05-08 8.14 8.18 7.82 7.82
2006-05-12 8.88 8.88 8.08 8.08
2006-06-01 10.23 10.38 9.88 9.88
2006-06-13 9.1 9.18 8.9 8.9
2006-06-16 9.25 9.29 9.08 9.08
2006-06-26 9.34 9.42 9.21 9.21
2006-06-29 9.69 9.7 9.29 9.29
2006-07-11 10.35 10.35 10.08 10.08
2006-08-01 9.91 10.07 9.9 9.9
2006-08-10 9.15 9.16 8.93 8.93
2006-10-13 6.35 6.39 6.01 6.01
2006-10-18 6.25 6.31 6.15 6.15
2006-11-02 6.3 6.3 6.15 6.15
2006-11-28 6.29 6.39 6.16 6.16
2006-11-30 6.44 6.49 6.18 6.18
2006-12-27 6.85 6.87 6.68 6.68
2007-01-19 8.67 8.84 7.99 7.99
2007-01-22 9.12 9.18 8.71 8.71
2007-03-15 9.79 9.88 9.51 9.51
2007-04-02 10.03 10.04 9.83 9.83
2007-04-05 10.41 10.52 10.17 10.17
2007-04-06 11.01 11.04 10.48 10.48
2007-04-20 10.35 10.5 10.08 10.08
2007-04-23 10.74 10.8 10.45 10.45
2007-05-23 11.91 11.97 11.61 11.61
2007-05-28 12.13 12.39 11.8 11.8
2007-06-07 9.99 10.03 9.78 9.78
2007-06-13 10.4 10.61 10.31 10.31
2007-06-21 10.05 10.08 9.8 9.8
2007-07-09 8.04 8.11 7.88 7.88
2007-07-12 7.81 7.89 7.7 7.7
2007-07-18 7.79 7.87 7.7 7.7
2007-07-30 9.4 9.53 9.3 9.3
2007-07-31 10.19 10.3 9.42 9.42
2007-08-06 9.87 10.08 9.73 9.73
2007-08-13 10.78 10.78 10.1 10.1
2007-08-17 11.05 11.48 11.0 11.0
2007-09-14 11.67 11.8 11.3 11.3
2007-09-19 13.47 13.75 12.41 12.41
2007-10-31 19.01 19.18 17.66 17.66
2007-11-14 18.28 18.4 17.8 17.8
2007-11-15 18.7 19.71 18.3 18.3
2007-11-23 18.21 18.49 16.92 16.92
2007-12-20 20.01 20.14 18.85 18.85
2007-12-24 22.23 22.23 20.36 20.36
2008-01-02 24.8 25.22 23.7 23.7
2008-01-14 23.97 24.0 22.67 22.67
2008-01-29 19.4 19.9 18.52 18.52
2008-02-18 21.18 21.31 20.1 20.1
2008-03-19 16.37 17.0 16.01 16.01
2008-03-28 17.07 17.29 15.99 15.99
2008-04-08 16.06 16.32 15.71 15.71
2008-04-10 15.63 15.73 14.48 14.48
2008-05-05 12.87 12.9 12.0 12.0
2008-05-13 13.18 13.6 12.88 12.88
2008-05-14 13.38 13.48 12.88 12.88
2008-05-15 13.84 14.45 13.59 13.59
2008-05-29 12.82 13.17 12.61 12.61
2008-06-06 12.67 12.88 12.52 12.52
2008-06-30 11.47 11.51 11.15 11.15
2008-07-09 12.38 12.4 12.0 12.0
2008-09-11 8.98 9.0 8.5 8.5
2008-09-12 9.17 9.42 9.05 9.05
2008-09-25 9.27 9.38 8.71 8.71
2008-11-10 6.54 6.55 6.14 6.14
2008-11-11 6.52 6.78 6.4 6.4
2008-11-12 6.91 6.95 6.36 6.36
2008-12-03 7.0 7.05 6.56 6.56
2009-01-05 6.64 6.66 6.45 6.45
2009-02-06 8.26 8.33 7.9 7.9
2009-03-04 7.71 7.75 7.3 7.3
2009-03-20 8.74 8.79 8.41 8.41
2009-03-26 9.27 9.28 8.79 8.79
2009-04-03 9.31 9.46 9.1 9.1
2009-04-07 9.88 9.98 9.55 9.55
2009-05-05 9.58 9.62 9.31 9.31
2009-06-15 7.4 7.41 7.27 7.27
2009-06-17 7.45 7.48 7.36 7.36
2009-07-07 7.99 8.17 7.8 7.8
2009-09-17 8.24 8.27 7.99 7.99
2009-09-22 8.39 8.88 8.3 8.3
2009-10-23 8.19 8.21 8.05 8.05
2009-11-09 8.78 9.0 8.61 8.61
2010-01-14 8.37 8.4 8.2 8.2
2010-05-24 7.27 7.35 7.0 7.0
2010-05-26 7.2 7.35 7.17 7.17
2010-09-06 8.1 8.24 7.87 7.87
2010-12-22 11.82 12.08 11.28 11.28
2011-01-31 11.62 11.66 10.62 10.62
2011-02-10 11.28 11.45 11.08 11.08
2011-02-11 11.42 11.75 11.3 11.3
2011-06-27 10.9 10.96 10.55 10.55
2011-07-11 11.03 11.18 10.96 10.96
2011-08-04 11.59 11.73 11.56 11.56
2011-08-05 11.08 11.17 10.7 10.7
2011-08-30 11.04 11.28 10.8 10.8
2011-11-01 8.38 8.47 7.81 7.81
2011-11-03 8.7 8.82 8.32 8.32
2011-11-14 8.93 8.99 8.7 8.7
2011-11-15 9.08 9.2 8.99 8.99
2011-11-23 8.35 8.5 8.2 8.2
2011-12-16 6.75 6.76 6.38 6.38
2011-12-26 6.66 6.75 6.61 6.61
2012-01-12 7.19 7.38 7.1 7.1
2012-01-20 6.98 7.03 6.79 6.79
2012-08-06 6.31 6.34 6.17 6.17
2012-09-06 5.8 5.82 5.71 5.71
2012-09-07 6.02 6.09 5.84 5.84
2012-10-18 5.72 5.75 5.6 5.6
2012-10-24 5.8 5.82 5.68 5.68
2012-11-05 5.77 5.85 5.73 5.73
2012-12-07 5.21 5.22 5.06 5.06
2012-12-14 5.35 5.37 5.15 5.15
2013-01-28 5.85 5.86 5.7 5.7
2013-02-05 6.15 6.17 6.03 6.03
2013-03-06 6.01 6.05 5.92 5.92
2013-03-20 5.95 6.01 5.64 5.64
2013-03-29 5.69 5.74 5.64 5.64
2013-04-19 5.42 5.47 5.3 5.3
2013-04-24 5.35 5.41 5.27 5.27
2013-05-10 5.61 5.61 5.49 5.49
2013-09-09 5.17 5.21 5.14 5.14
2013-10-10 5.13 5.15 5.07 5.07
2013-10-11 5.18 5.19 5.12 5.12
2013-12-19 5.04 5.07 4.98 4.98
2014-01-24 4.7 4.73 4.65 4.65
2014-01-27 4.68 4.7 4.66 4.66
2014-01-28 4.68 4.69 4.66 4.66
2014-01-29 4.7 4.7 4.67 4.67
2014-03-07 4.92 4.98 4.79 4.79
2014-03-13 4.91 4.94 4.75 4.75
2014-04-02 4.93 4.93 4.83 4.83
2014-04-29 4.7 4.71 4.64 4.64
2014-06-24 4.64 4.65 4.61 4.61
2014-06-30 4.71 4.73 4.65 4.65
2014-08-08 5.24 5.26 5.1 5.1
2014-08-18 6.07 6.07 5.67 5.67
2014-10-27 6.59 6.6 6.5 6.5
2014-10-28 6.92 6.95 6.6 6.6
2014-11-05 7.43 7.83 7.3 7.3
2014-11-18 7.24 7.3 7.07 7.07
2014-12-24 7.26 7.38 7.18 7.18
2015-01-20 7.19 7.23 7.09 7.09
2015-02-11 7.19 7.22 7.14 7.14
2015-03-04 7.86 7.94 7.61 7.61
2015-03-16 8.4 8.43 8.15 8.15
2015-04-01 9.08 9.12 8.8 8.8
2015-04-17 9.5 9.74 9.45 9.45
2015-04-27 10.58 10.58 9.86 9.86
2015-05-04 12.18 12.18 11.12 11.12
2015-05-20 11.63 12.04 11.5 11.5
2015-06-24 15.9 16.27 15.13 15.13
2015-07-08 7.52 7.52 7.52 7.52
2015-07-09 8.27 8.27 6.77 6.77
2015-08-25 8.58 8.89 8.58 8.58
2015-09-02 7.67 8.25 7.3 7.3
2016-01-08 10.14 10.14 10.14 10.14
2016-01-18 8.1 8.32 7.65 7.65
2016-01-19 8.72 8.83 8.05 8.05
2016-02-16 8.66 8.79 8.38 8.38
2016-03-25 8.47 8.49 8.3 8.3
2016-03-30 8.48 8.52 8.23 8.23
2016-04-11 8.99 9.09 8.7 8.7
2016-04-13 9.08 9.24 8.93 8.93
2016-04-26 8.65 8.65 8.4 8.4
2016-05-23 9.85 9.86 9.39 9.39
2016-06-27 9.77 9.78 9.55 9.55
2016-07-26 10.77 10.78 10.6 10.6
2016-08-04 10.15 10.16 10.04 10.04
2016-08-18 10.14 10.2 10.11 10.11
2016-08-26 10.11 10.22 10.05 10.05
2016-08-29 10.25 10.25 10.07 10.07
2016-11-01 12.01 12.2 11.86 11.86
2016-11-04 12.38 12.87 12.13 12.13
2016-11-24 13.38 13.54 12.36 12.36
2016-12-05 13.13 13.53 12.65 12.65
2016-12-23 13.93 14.19 13.5 13.5
2017-01-03 13.79 13.9 13.37 13.37
2017-01-20 12.79 12.85 12.5 12.5
2017-02-24 13.14 13.19 12.74 12.74
2017-03-07 13.13 13.38 13.03 13.03
2017-04-28 10.47 10.49 10.21 10.21
2017-05-02 10.64 10.87 10.55 10.55
2017-05-12 10.08 10.14 9.97 9.97
2017-06-13 9.12 9.14 8.96 8.96
2017-08-03 10.25 10.42 10.2 10.2
2017-08-17 11.16 11.53 11.1 11.1
