2003-03-31 10.25 10.29 10.15 10.15
2003-04-08 9.91 10.02 9.72 9.72
2003-06-11 8.56 8.57 8.4 8.4
2003-08-12 9.06 9.26 8.71 8.71
2003-12-30 6.04 6.11 6.0 6.0
2004-01-02 6.13 6.18 6.06 6.06
2004-06-15 5.6 5.69 5.43 5.43
2004-06-18 5.49 5.54 5.43 5.43
2004-06-21 5.64 5.64 5.5 5.5
2004-08-10 5.05 5.08 4.89 4.89
2004-08-23 4.76 4.79 4.73 4.73
2004-08-24 5.03 5.07 4.76 4.76
2004-08-27 4.78 4.9 4.59 4.59
2004-08-30 4.88 4.88 4.78 4.78
2004-08-31 4.95 5.04 4.91 4.91
2004-09-17 6.11 6.11 6.11 6.11
2004-09-20 6.72 6.72 6.72 6.72
2004-09-22 6.89 7.55 6.7 6.7
2005-02-22 3.71 3.78 3.59 3.59
2005-03-25 3.25 3.28 3.23 3.23
2005-03-31 3.15 3.15 3.1 3.1
2005-04-01 3.25 3.28 3.1 3.1
2005-08-02 3.02 3.02 2.92 2.92
2006-01-11 3.07 3.11 2.98 2.98
2006-01-13 3.3 3.43 3.15 3.15
2006-10-23 6.06 6.07 5.81 5.81
2006-10-31 6.07 6.2 6.04 6.04
2006-11-10 6.02 6.25 5.9 5.9
2006-11-14 6.63 6.64 6.32 6.32
2007-01-30 8.52 8.52 8.52 8.52
2007-04-20 11.42 11.46 10.98 10.98
2007-05-30 12.9 13.43 12.9 12.9
2007-06-01 14.19 14.19 14.19 14.19
2007-06-05 11.49 11.49 11.49 11.49
2007-06-06 11.6 12.2 10.35 10.35
2007-07-23 9.74 9.85 9.28 9.28
2007-12-07 12.8 13.04 11.58 11.58
2007-12-17 11.52 11.52 11.52 11.52
2008-02-18 11.02 11.05 10.57 10.57
2008-03-26 10.57 10.75 10.15 10.15
2008-05-05 7.93 8.03 7.56 7.56
2008-06-26 5.67 5.67 5.09 5.09
2008-06-30 5.64 5.78 5.5 5.5
2008-07-04 6.0 6.09 5.7 5.7
2009-04-07 6.69 6.9 6.36 6.36
2009-06-22 9.2 9.2 9.2 9.2
2009-06-23 10.12 10.12 10.12 10.12
2009-06-24 11.13 11.13 11.13 11.13
2009-06-25 12.24 12.24 12.24 12.24
2009-10-14 13.48 13.5 13.03 13.03
2009-10-22 14.41 14.6 14.03 14.03
2009-12-14 19.0 19.4 17.99 17.99
2010-02-08 16.07 16.25 15.91 15.91
2010-03-24 17.44 17.77 17.12 17.12
2010-03-29 17.53 17.6 17.2 17.2
2010-04-01 18.01 18.3 17.62 17.62
2010-04-09 17.6 17.77 17.41 17.41
2010-07-20 16.46 16.49 15.98 15.98
2010-08-18 19.18 19.6 18.18 18.18
2011-01-26 18.65 18.83 18.03 18.03
2011-06-22 14.45 14.92 14.45 14.45
2011-06-30 14.37 14.57 14.1 14.1
2011-09-20 13.27 13.58 12.48 12.48
2011-09-26 13.42 13.8 12.7 12.7
2011-09-30 13.15 13.29 12.55 12.55
2012-01-31 8.06 8.19 7.78 7.78
2012-06-25 8.77 8.77 8.77 8.77
2012-07-20 7.8 7.94 7.75 7.75
2012-07-25 7.64 7.95 7.52 7.52
2012-11-12 7.04 7.08 6.94 6.94
2013-01-31 7.94 8.09 7.88 7.88
2013-02-06 7.66 7.75 7.62 7.62
2013-02-08 7.73 7.75 7.66 7.66
2013-02-22 7.51 7.59 7.5 7.5
2013-02-27 7.65 7.66 7.51 7.51
2013-02-28 7.86 7.87 7.61 7.61
2013-07-19 7.81 7.81 7.81 7.81
2013-08-27 8.07 8.18 7.8 7.8
2013-09-04 7.91 8.03 7.9 7.9
2013-09-05 7.97 8.08 7.91 7.91
2013-09-12 7.92 8.0 7.83 7.83
2013-09-26 8.37 8.86 8.06 8.06
2013-12-10 8.31 8.36 8.14 8.14
2014-02-07 7.94 8.14 7.62 7.62
2014-02-14 7.56 7.61 7.48 7.48
2014-08-26 14.17 14.17 14.17 14.17
2014-08-27 15.59 15.59 15.59 15.59
2014-08-28 17.15 17.15 17.15 17.15
2014-11-07 20.38 20.55 19.28 19.28
2015-01-16 19.99 20.07 18.63 18.63
2015-02-09 16.98 16.98 16.98 16.98
2015-02-10 16.71 17.19 15.51 15.51
2015-02-11 17.42 17.48 16.2 16.2
2015-03-03 20.78 21.7 20.42 20.42
2015-03-06 18.7 19.15 18.32 18.32
2015-03-11 20.64 20.75 19.54 19.54
2015-08-17 35.62 36.3 34.27 34.27
2015-08-25 21.4 22.16 21.4 21.4
2015-09-15 20.83 22.15 20.83 20.83
2015-09-23 28.62 30.0 26.55 26.55
2015-10-22 18.79 18.92 17.35 17.35
2015-12-01 22.98 22.98 22.98 22.98
2015-12-03 26.26 26.26 23.95 23.95
2016-01-05 22.15 23.6 22.02 22.02
2016-02-15 19.04 19.79 16.88 16.88
2016-02-16 20.32 20.58 19.5 19.5
2016-02-18 20.64 21.28 20.37 20.37
2016-03-18 20.24 20.24 18.38 18.38
2016-04-01 22.16 22.29 21.0 21.0
2016-04-05 24.05 24.38 21.6 21.6
