2010-01-21 30.24 30.35 29.85 29.85
2010-09-06 21.64 21.7 20.84 20.84
2010-11-01 24.19 24.27 23.67 23.67
2010-11-08 24.67 24.99 24.46 24.46
2011-03-09 20.54 20.69 20.39 20.39
2011-06-14 17.77 18.25 17.5 17.5
2011-07-04 18.86 19.15 18.62 18.62
2012-01-06 10.14 10.19 9.98 9.98
2012-02-10 10.98 11.16 10.85 10.85
2012-02-15 11.09 11.2 10.9 10.9
2012-08-28 9.73 9.85 9.57 9.57
2013-04-09 12.28 12.49 12.13 12.13
2014-01-24 12.22 12.44 12.01 12.01
2014-02-10 12.28 12.3 11.72 11.72
2014-02-14 12.09 12.15 11.93 11.93
2014-06-30 10.11 10.18 10.05 10.05
2015-01-23 25.11 25.87 24.8 24.8
2015-04-28 38.3 39.29 36.78 36.78
2015-10-20 19.49 19.5 18.59 18.59
2016-02-16 14.96 15.02 14.37 14.37
2016-03-25 17.83 17.9 17.51 17.51
2016-05-05 16.96 17.08 16.83 16.83
2016-05-10 15.52 15.65 15.4 15.4
2016-07-21 17.39 17.57 17.22 17.22
2017-06-26 17.24 17.37 17.12 17.12
2017-09-01 19.69 20.08 19.55 19.55
2017-09-07 19.76 20.2 19.6 19.6
