2009-11-20 33.16 33.46 32.55 32.55
2009-12-28 28.73 28.92 28.2 28.2
2010-01-15 31.22 31.4 30.51 30.51
2010-01-21 30.24 30.35 29.85 29.85
2010-05-26 21.85 22.14 21.76 21.76
2010-07-14 20.93 21.08 20.7 20.7
2010-08-06 22.33 22.37 21.76 21.76
2010-08-30 21.26 21.43 20.95 20.95
2010-09-06 21.64 21.7 20.84 20.84
2010-10-25 25.15 25.18 23.67 23.67
2010-11-01 24.19 24.27 23.67 23.67
2010-11-08 24.67 24.99 24.46 24.46
2010-12-01 20.5 20.68 20.37 20.37
2010-12-21 20.9 21.05 20.5 20.5
2011-02-14 20.15 20.15 18.38 18.38
2011-02-23 19.46 19.65 19.27 19.27
2011-03-07 20.28 20.5 20.03 20.03
2011-03-09 20.54 20.69 20.39 20.39
2011-03-25 19.01 19.11 18.86 18.86
2011-06-03 17.65 17.74 17.5 17.5
2011-06-14 17.77 18.25 17.5 17.5
2011-06-30 18.38 18.5 18.06 18.06
2011-07-04 18.86 19.15 18.62 18.62
2011-07-13 18.53 18.55 18.08 18.08
2011-10-24 11.9 11.99 11.57 11.57
2011-12-30 10.18 10.19 9.99 9.99
2012-01-06 10.14 10.19 9.98 9.98
2012-02-08 10.94 11.06 10.55 10.55
2012-02-10 10.98 11.16 10.85 10.85
2012-02-15 11.09 11.2 10.9 10.9
2012-02-28 12.14 12.31 12.04 12.04
2012-04-19 13.02 13.37 12.89 12.89
2012-05-17 12.93 12.95 12.23 12.23
2012-08-21 10.08 10.2 9.97 9.97
2012-08-28 9.73 9.85 9.57 9.57
2012-12-10 9.17 9.25 9.04 9.04
2012-12-25 10.27 10.44 9.85 9.85
2013-04-02 12.5 12.6 12.18 12.18
2013-04-09 12.28 12.49 12.13 12.13
2013-05-03 12.63 12.85 12.22 12.22
2013-05-15 12.25 12.4 12.18 12.18
2013-07-31 10.96 11.11 10.89 10.89
2013-10-11 11.52 11.57 11.3 11.3
2013-11-15 10.54 10.8 9.87 9.87
2013-11-26 10.8 11.06 10.77 10.77
2013-12-27 12.45 12.48 11.91 11.91
2014-01-21 11.59 11.83 11.38 11.38
2014-01-24 12.22 12.44 12.01 12.01
2014-02-10 12.28 12.3 11.72 11.72
2014-02-14 12.09 12.15 11.93 11.93
2014-04-02 10.36 10.42 10.26 10.26
2014-04-16 10.8 10.97 10.67 10.67
2014-06-26 10.0 10.09 9.92 9.92
2014-06-30 10.11 10.18 10.05 10.05
2014-07-11 10.02 10.04 9.91 9.91
2014-07-24 10.54 10.68 10.2 10.2
2014-08-04 11.25 11.27 10.88 10.88
2014-10-28 11.52 11.55 11.13 11.13
2014-12-12 27.62 28.08 25.11 25.11
2015-01-19 24.04 24.14 24.04 24.04
2015-01-23 25.11 25.87 24.8 24.8
2015-03-18 28.04 28.3 27.62 27.62
2015-04-27 36.77 37.87 36.4 36.4
2015-04-28 38.3 39.29 36.78 36.78
2015-05-19 34.48 35.39 31.67 31.67
2015-07-08 22.07 23.85 22.01 22.01
2015-10-19 18.76 19.35 18.1 18.1
2015-10-20 19.49 19.5 18.59 18.59
2015-12-09 20.73 21.21 20.5 20.5
2016-02-04 15.21 15.45 15.0 15.0
2016-02-16 14.96 15.02 14.37 14.37
2016-03-21 19.17 19.17 18.0 18.0
2016-03-25 17.83 17.9 17.51 17.51
2016-04-13 18.25 18.55 17.85 17.85
2016-04-29 16.73 16.86 16.7 16.7
2016-05-05 16.96 17.08 16.83 16.83
2016-05-10 15.52 15.65 15.4 15.4
2016-05-31 16.57 16.82 15.58 15.58
2016-06-21 15.79 16.36 15.67 15.67
2016-07-05 17.24 17.59 17.11 17.11
2016-07-14 17.7 17.82 17.5 17.5
2016-07-21 17.39 17.57 17.22 17.22
2016-10-27 17.9 18.03 17.77 17.77
2016-11-10 18.67 18.7 18.23 18.23
2016-12-01 19.21 19.25 18.91 18.91
2016-12-21 16.79 16.93 16.66 16.66
2017-02-28 16.83 16.88 16.76 16.76
2017-06-19 17.05 17.08 16.72 16.72
2017-06-26 17.24 17.37 17.12 17.12
2017-08-30 19.39 19.95 19.18 19.18
2017-09-01 19.69 20.08 19.55 19.55
2017-09-07 19.76 20.2 19.6 19.6
