2001-07-03 37.41 37.78 37.2 37.2
2001-07-11 37.78 38.2 37.6 37.6
2001-07-20 35.48 35.67 35.18 35.18
2001-08-01 30.85 30.98 30.1 30.1
2001-08-31 27.98 28.5 27.81 27.81
2001-09-03 27.95 28.05 27.6 27.6
2001-09-04 29.0 29.04 27.95 27.95
2001-09-11 29.4 29.8 28.7 28.7
2001-09-19 29.1 29.3 28.6 28.6
2001-10-17 25.39 25.4 24.81 24.81
2001-10-23 24.75 24.75 24.75 24.75
2001-10-29 26.08 26.39 25.8 25.8
2001-11-19 24.55 24.6 23.8 23.8
2001-11-20 25.18 25.3 24.46 24.46
2001-12-17 24.76 24.89 24.21 24.21
2002-01-08 23.75 23.98 23.7 23.7
2002-01-09 23.91 24.49 23.51 23.51
2002-01-31 21.56 21.78 20.14 20.14
2002-02-27 22.5 22.58 22.21 22.21
2002-03-05 22.63 22.73 21.75 21.75
2002-03-14 23.58 23.7 22.92 22.92
2002-03-19 24.37 24.5 23.3 23.3
2002-04-09 25.19 25.98 25.0 25.0
2002-04-12 24.92 24.99 24.7 24.7
2002-04-26 24.39 24.82 24.2 24.2
2002-04-29 24.65 24.85 24.43 24.43
2002-05-10 24.12 24.8 24.0 24.0
2002-05-27 23.02 23.18 22.7 22.7
2002-05-31 22.87 23.1 22.8 22.8
2002-06-04 14.6 14.83 14.48 14.48
2002-06-21 14.71 14.75 14.1 14.1
2002-07-09 17.0 17.2 16.8 16.8
2002-07-10 17.0 17.04 16.4 16.4
2002-07-11 17.02 17.22 16.9 16.9
2002-07-19 17.18 17.2 17.1 17.1
2002-07-24 17.11 17.12 16.92 16.92
2002-07-25 17.57 17.65 17.1 17.1
2002-08-05 18.39 18.56 18.0 18.0
2002-08-30 17.79 17.95 16.79 16.79
2002-09-11 17.87 17.88 17.79 17.79
2002-09-13 18.05 18.08 17.89 17.89
2002-09-26 17.7 17.78 17.6 17.6
2002-09-27 17.73 17.8 17.68 17.68
2002-10-15 16.19 16.28 16.12 16.12
2002-10-16 16.28 16.45 16.16 16.16
2002-10-21 16.25 16.31 16.2 16.2
2002-10-22 16.4 16.4 15.79 15.79
2002-12-04 16.41 16.5 16.25 16.25
2002-12-12 16.98 17.01 16.8 16.8
2002-12-16 17.13 17.22 17.04 17.04
2002-12-19 17.07 17.17 16.96 16.96
2002-12-20 17.37 17.4 16.99 16.99
2002-12-25 17.35 17.38 17.21 17.21
2003-01-29 19.68 19.88 19.52 19.52
2003-02-12 19.36 19.53 19.31 19.31
2003-02-19 19.02 19.03 18.8 18.8
2003-04-18 17.89 18.07 17.6 17.6
2003-04-30 17.0 17.19 16.68 16.68
2003-05-14 16.55 16.56 16.4 16.4
2003-05-26 17.45 17.46 16.9 16.9
2003-06-04 17.91 17.98 17.3 17.3
2003-06-05 18.25 18.4 17.6 17.6
2003-06-06 18.58 18.8 18.05 18.05
2003-06-27 18.35 18.45 18.15 18.15
2003-07-14 19.09 19.1 18.82 18.82
2003-07-15 19.3 19.31 19.08 19.08
2003-07-18 19.4 19.51 19.16 19.16
2003-08-22 19.31 19.31 18.92 18.92
2003-09-03 19.68 19.72 19.58 19.58
2003-10-13 17.83 17.92 17.6 17.6
2003-11-17 9.83 9.84 9.78 9.78
2003-11-24 9.9 10.1 9.68 9.68
2006-12-07 5.17 5.29 5.16 5.16
2007-02-06 7.27 7.45 6.93 6.93
2007-02-14 8.48 8.7 8.17 8.17
2007-03-07 7.96 8.0 7.72 7.72
2007-03-13 8.37 8.48 8.14 8.14
2007-03-15 8.47 8.59 8.32 8.32
2007-04-09 10.73 11.1 10.49 10.49
2007-04-20 12.52 12.52 11.58 11.58
2007-04-24 14.39 14.6 13.37 13.37
2007-05-14 17.93 18.0 16.86 16.86
2007-06-11 15.35 15.92 15.3 15.3
2007-07-03 15.44 15.76 14.7 14.7
2007-07-20 16.11 16.5 15.68 15.68
2007-09-03 19.33 19.58 19.01 19.01
2007-09-26 19.47 20.0 19.0 19.0
2007-10-17 25.25 25.5 23.34 23.34
2007-10-31 24.04 24.15 22.95 22.95
2007-12-21 24.71 24.97 23.62 23.62
2008-01-02 28.34 28.8 26.65 26.65
2008-02-14 25.79 25.98 25.3 25.3
2008-02-18 27.17 27.38 25.89 25.89
2008-03-21 21.24 21.93 20.96 20.96
2008-05-27 9.35 9.48 9.2 9.2
2008-07-24 6.52 6.55 6.37 6.37
2008-11-05 2.86 2.91 2.78 2.78
2008-12-03 4.17 4.38 4.1 4.1
2008-12-05 4.26 4.29 4.12 4.12
2008-12-08 4.69 4.69 4.28 4.28
2008-12-18 4.96 5.04 4.8 4.8
2008-12-25 4.69 4.81 4.57 4.57
2009-01-05 4.8 4.84 4.6 4.6
2009-01-08 4.97 5.0 4.71 4.71
2009-02-06 5.4 5.5 5.21 5.21
2009-03-18 5.73 5.88 5.6 5.6
2009-05-22 6.64 6.74 6.48 6.48
2009-05-26 6.57 6.66 6.5 6.5
2009-07-01 6.66 6.74 6.54 6.54
2009-07-17 7.66 7.8 7.58 7.58
2009-07-27 7.58 7.63 7.5 7.5
2009-07-28 7.75 7.75 7.58 7.58
2009-08-05 7.86 7.96 7.65 7.65
2009-09-11 7.19 7.2 7.0 7.0
2009-09-14 7.47 7.49 7.25 7.25
2009-09-16 8.17 8.45 7.9 7.9
2009-10-23 9.08 9.14 8.96 8.96
2009-10-26 9.21 9.35 9.11 9.11
2009-10-27 9.6 9.95 9.37 9.37
2009-11-30 9.8 9.87 9.44 9.44
2009-12-01 9.98 10.07 9.8 9.8
2009-12-10 10.04 10.15 9.91 9.91
2010-01-04 12.06 12.28 11.68 11.68
2010-03-24 11.82 11.85 11.68 11.68
2010-03-29 11.8 11.94 11.65 11.65
2010-04-23 11.5 11.55 11.18 11.18
2010-07-20 8.29 8.35 8.11 8.11
2010-07-26 8.59 8.6 8.35 8.35
2010-08-16 10.02 10.12 9.28 9.28
2010-09-06 10.68 10.95 10.2 10.2
2010-11-04 13.21 13.23 12.71 12.71
2010-12-29 10.85 10.88 10.09 10.09
2010-12-31 11.07 11.2 10.9 10.9
2011-01-12 10.78 10.79 10.51 10.51
2011-02-21 13.0 13.04 12.33 12.33
2011-02-23 12.58 12.72 12.33 12.33
2011-03-04 12.36 12.4 12.23 12.23
2011-03-10 12.69 13.06 12.42 12.42
2011-04-29 10.4 10.43 10.27 10.27
2011-05-05 10.68 10.8 10.51 10.51
2011-05-31 9.62 9.66 9.07 9.07
2011-06-22 8.79 8.94 8.65 8.65
2011-06-23 9.03 9.05 8.64 8.64
2011-06-24 9.23 9.29 8.82 8.82
2011-06-30 9.21 9.29 9.12 9.12
2011-07-04 9.5 9.53 9.23 9.23
2011-07-13 9.44 9.44 9.25 9.25
2011-08-01 9.3 9.42 9.21 9.21
2011-09-23 7.6 7.68 7.51 7.51
2011-10-12 7.53 7.55 7.22 7.22
2011-11-03 7.68 7.81 7.56 7.56
2011-11-14 7.84 7.85 7.64 7.64
2012-02-09 6.15 6.22 6.01 6.01
2012-02-22 6.33 6.35 6.19 6.19
2012-03-01 6.48 6.54 6.42 6.42
2012-03-02 6.59 6.62 6.46 6.46
2012-03-16 6.49 6.5 6.33 6.33
2012-06-15 5.46 5.57 5.37 5.37
2012-07-17 4.46 4.49 4.35 4.35
2012-07-24 4.42 4.47 4.3 4.3
2012-07-27 4.49 4.7 4.44 4.44
2012-08-01 4.29 4.32 4.2 4.2
2012-08-03 4.27 4.28 4.19 4.19
2012-08-31 3.74 3.74 3.74 3.74
2012-09-06 3.71 3.73 3.62 3.62
2012-09-28 3.7 3.71 3.58 3.58
2012-10-18 4.27 4.35 4.21 4.21
2012-10-30 4.34 4.35 4.08 4.08
2013-01-14 4.67 4.72 4.51 4.51
2013-01-17 5.0 5.18 4.82 4.82
2013-01-21 5.3 5.4 5.13 5.13
2013-03-14 5.03 5.08 4.91 4.91
2013-04-15 4.94 4.99 4.91 4.91
2013-04-17 4.87 4.89 4.84 4.84
2013-04-18 4.83 4.87 4.81 4.81
2013-04-19 4.9 4.93 4.82 4.82
2013-04-25 5.24 5.3 5.16 5.16
2013-05-03 5.1 5.13 5.0 5.0
2013-05-21 5.26 5.27 5.15 5.15
2013-05-28 5.07 5.08 5.0 5.0
2013-05-31 5.3 5.4 5.11 5.11
2013-07-09 4.08 4.11 4.02 4.02
2013-08-08 4.55 4.58 4.43 4.43
2013-10-14 5.45 5.54 5.24 5.24
2013-12-03 5.01 5.02 4.88 4.88
2013-12-12 5.07 5.11 4.98 4.98
2013-12-27 4.76 4.77 4.68 4.68
2014-01-22 4.81 4.84 4.71 4.71
2014-02-10 5.05 5.06 4.87 4.87
2014-03-11 5.62 5.62 5.34 5.34
2014-03-31 5.52 5.67 5.23 5.23
2014-04-29 5.1 5.13 5.05 5.05
2014-05-12 5.19 5.19 5.1 5.1
2014-05-19 5.07 5.09 5.03 5.03
2014-05-23 5.02 5.02 4.96 4.96
2014-05-26 5.08 5.1 5.01 5.01
2014-06-13 5.16 5.18 5.11 5.11
2014-07-14 5.14 5.16 5.06 5.06
2014-07-25 5.71 5.71 5.17 5.17
2014-10-20 7.0 7.09 6.9 6.9
2014-11-27 7.66 8.0 7.3 7.3
2014-12-15 8.21 8.35 7.85 7.85
2015-01-20 7.43 7.44 7.24 7.24
2015-02-03 7.72 7.74 7.48 7.48
2015-03-30 13.9 13.9 13.9 13.9
2015-04-07 17.06 17.06 17.06 17.06
2015-04-08 18.77 18.77 18.77 18.77
2015-04-13 23.3 23.3 22.0 22.0
2015-05-19 22.55 23.0 22.1 22.1
2015-05-20 24.81 24.81 22.67 22.67
2015-05-25 24.62 25.75 23.78 23.78
2015-07-10 10.56 10.56 10.56 10.56
2015-07-13 11.62 11.62 11.62 11.62
2015-07-14 12.78 12.78 12.78 12.78
2015-07-21 13.97 14.3 13.35 13.35
2015-08-04 13.03 13.12 12.05 12.05
2015-08-25 12.95 12.95 12.95 12.95
2015-08-26 11.66 12.66 11.66 11.66
2015-10-12 11.43 11.7 10.9 10.9
2015-10-23 14.5 14.5 14.5 14.5
2015-11-06 15.74 16.0 15.28 15.28
2016-01-06 12.13 12.18 11.9 11.9
2016-01-14 10.24 10.26 9.29 9.29
2016-01-29 9.19 9.26 8.81 8.81
2016-02-02 9.34 9.45 9.06 9.06
2016-02-16 9.87 9.9 9.35 9.35
2016-03-14 9.24 9.42 9.04 9.04
2016-05-10 8.97 9.01 8.9 8.9
2016-05-31 9.16 9.18 8.82 8.82
2016-06-22 9.02 9.05 8.82 8.82
2016-06-27 9.0 9.01 8.8 8.8
2016-07-04 9.45 9.45 9.14 9.14
2016-07-26 9.63 9.65 9.48 9.48
2016-08-22 10.79 10.79 10.02 10.02
2016-10-10 10.49 10.55 10.19 10.19
2016-12-16 10.23 10.32 10.1 10.1
2017-01-03 10.02 10.03 9.94 9.94
2017-01-23 9.48 9.49 9.35 9.35
2017-01-25 9.47 9.53 9.4 9.4
2017-01-26 9.53 9.63 9.45 9.45
2017-03-16 9.8 9.8 9.72 9.72
2017-03-28 9.72 9.83 9.52 9.52
2017-04-12 9.56 9.65 9.44 9.44
2017-04-25 8.97 9.09 8.92 8.92
2017-04-28 9.07 9.09 8.98 8.98
2017-06-01 8.32 8.44 8.3 8.3
2017-06-15 8.78 8.88 8.72 8.72
2017-06-29 9.08 9.08 8.91 8.91
2017-07-03 9.22 9.25 9.06 9.06
2017-07-18 8.7 8.74 8.36 8.36
2017-07-19 8.9 8.96 8.66 8.66
2017-07-24 9.12 9.22 8.89 8.89
2017-08-14 8.91 8.94 8.73 8.73
2017-08-17 9.21 9.48 8.9 8.9
2017-08-25 9.14 9.18 8.98 8.98
