1994-01-21 6.3 6.44 6.1 6.1
1994-01-28 6.16 6.35 6.1 6.1
1994-05-10 4.45 4.45 4.33 4.33
1994-05-12 4.41 4.54 4.3 4.3
1994-09-19 7.7 7.8 7.2 7.2
1994-11-09 6.08 6.1 5.8 5.8
1995-02-07 4.68 4.77 4.5 4.5
1995-04-12 4.85 4.95 4.79 4.79
1995-05-11 4.38 4.49 4.36 4.36
1995-05-16 4.47 4.53 4.45 4.45
1995-08-14 7.85 8.18 7.18 7.18
1996-02-07 4.6 4.65 4.53 4.53
1996-02-09 4.62 4.63 4.57 4.57
1996-02-12 4.61 4.63 4.58 4.58
1996-02-13 4.64 4.69 4.61 4.61
1996-02-15 4.7 4.71 4.6 4.6
1996-02-16 4.86 4.87 4.72 4.72
1996-03-07 5.4 5.4 5.28 5.28
1996-04-04 5.13 5.16 5.1 5.1
1996-04-08 5.25 5.3 5.2 5.2
1996-04-10 5.23 5.3 5.18 5.18
1996-04-12 5.25 5.3 5.2 5.2
1996-04-17 5.42 5.44 5.36 5.36
1996-04-19 5.58 5.59 5.46 5.46
1996-04-24 6.24 6.3 5.71 5.71
1996-05-29 5.33 5.38 5.33 5.33
1996-06-05 5.37 5.4 5.15 5.15
1996-06-07 5.5 5.6 5.45 5.45
1996-07-24 6.35 6.45 5.91 5.91
1996-07-29 6.5 6.53 6.06 6.06
1996-08-05 6.3 6.37 6.2 6.2
1996-10-28 11.12 11.24 10.3 10.3
1996-12-17 8.55 8.55 8.55 8.55
1996-12-20 7.13 7.56 7.13 7.13
1997-01-09 8.23 8.39 8.1 8.1
1997-01-15 8.35 8.45 8.2 8.2
1997-01-22 8.88 8.95 8.39 8.39
1997-02-26 9.73 9.79 9.1 9.1
1997-04-14 11.11 11.11 10.2 10.2
1997-05-07 18.7 18.7 17.58 17.58
1997-05-20 15.27 15.27 14.05 14.05
1997-05-22 12.98 13.58 12.96 12.96
1997-06-16 15.0 15.3 14.6 14.6
1997-07-18 17.09 17.22 16.6 16.6
1997-09-25 14.8 15.2 14.5 14.5
1998-01-06 18.49 18.69 17.91 17.91
1998-01-23 18.3 18.38 17.8 17.8
1998-02-13 17.8 17.8 17.25 17.25
1998-03-06 17.4 17.5 16.6 16.6
1998-04-27 17.89 17.95 17.2 17.2
1998-04-28 18.88 19.48 18.18 18.18
1998-10-16 17.46 17.85 17.12 17.12
1999-01-13 12.84 13.05 12.6 12.6
1999-01-18 13.65 13.68 13.21 13.21
1999-02-09 11.67 11.7 11.48 11.48
1999-03-01 11.79 11.85 11.67 11.67
1999-03-15 12.45 12.59 12.12 12.12
1999-03-26 11.7 11.8 11.66 11.66
1999-03-29 12.14 12.15 11.7 11.7
1999-04-06 12.09 12.65 11.61 11.61
1999-06-04 10.26 10.35 10.0 10.0
1999-07-14 11.99 12.04 11.35 11.35
1999-08-20 9.57 9.75 9.5 9.5
1999-09-08 9.33 9.39 9.1 9.1
1999-09-13 9.83 9.9 9.58 9.58
1999-10-20 9.26 9.26 9.1 9.1
1999-10-22 9.27 9.45 9.07 9.07
2000-04-13 9.75 9.98 9.3 9.3
2000-08-09 11.74 12.05 11.5 11.5
2000-09-29 9.72 9.77 9.63 9.63
2000-10-13 9.89 10.0 9.85 9.85
2000-10-16 9.7 9.9 9.68 9.68
2000-11-06 10.38 10.45 10.22 10.22
2000-11-23 11.49 11.65 11.3 11.3
2000-11-28 11.19 11.25 11.03 11.03
2000-11-30 11.23 11.26 11.0 11.0
2000-12-19 11.84 11.95 11.6 11.6
2001-01-18 12.83 12.88 12.67 12.67
2001-02-09 11.56 11.68 11.15 11.15
2001-02-19 11.62 11.7 11.4 11.4
2001-02-26 11.54 11.6 11.4 11.4
2001-05-08 11.51 11.68 11.45 11.45
2001-05-09 11.52 11.65 11.5 11.5
2001-06-19 11.52 11.66 11.5 11.5
2001-07-13 11.65 11.75 11.65 11.65
2001-08-09 9.28 9.28 9.11 9.11
2001-10-26 8.87 8.9 8.47 8.47
2001-11-14 8.13 8.26 8.05 8.05
2001-12-28 8.11 8.14 8.0 8.0
2002-02-07 7.64 7.74 7.5 7.5
2002-04-08 7.83 7.86 7.74 7.74
2002-04-12 8.03 8.1 7.89 7.89
2002-06-20 8.92 9.1 8.89 8.89
2002-06-27 10.03 10.31 9.94 9.94
2002-07-04 9.95 10.18 9.9 9.9
2002-07-29 9.23 9.23 9.07 9.07
2002-08-05 9.1 9.19 9.1 9.1
2002-08-06 9.2 9.3 9.08 9.08
2002-08-07 9.19 9.23 9.15 9.15
2002-08-14 8.84 8.85 8.7 8.7
2002-08-22 9.0 9.05 8.9 8.9
2002-08-28 8.71 8.78 8.67 8.67
2002-09-12 8.35 8.38 8.25 8.25
2002-09-16 8.39 8.5 8.38 8.38
2002-10-10 8.25 8.35 8.2 8.2
2002-10-11 8.37 8.4 8.25 8.25
2002-10-21 8.85 8.89 8.46 8.46
2003-02-14 7.36 7.42 7.31 7.31
2003-02-19 7.51 7.51 7.37 7.37
2003-04-02 7.29 7.3 7.2 7.2
2003-04-07 7.37 7.42 7.3 7.3
2003-06-13 6.69 6.71 6.61 6.61
2003-06-18 6.65 6.7 6.61 6.61
2003-08-12 6.38 6.43 6.33 6.33
2003-09-22 6.4 6.43 6.34 6.34
2003-09-26 6.28 6.33 6.26 6.26
2003-09-30 6.34 6.35 6.26 6.26
2003-10-10 6.47 6.5 6.34 6.34
2003-11-03 6.41 6.44 6.33 6.33
2003-11-07 6.59 6.62 6.36 6.36
2004-01-16 6.7 6.75 6.56 6.56
2004-02-05 7.28 7.35 7.05 7.05
2004-03-19 7.95 8.07 7.65 7.65
2004-05-11 6.86 6.94 6.8 6.8
2004-05-12 7.04 7.06 6.85 6.85
2004-08-24 5.39 5.55 5.23 5.23
2005-02-03 4.83 4.93 4.8 4.8
2005-02-04 4.9 4.93 4.81 4.81
2005-02-22 5.02 5.05 4.93 4.93
2005-03-16 4.81 4.83 4.77 4.77
2005-04-08 4.51 4.53 4.41 4.41
2005-05-25 3.94 3.97 3.86 3.86
2005-06-08 4.29 4.37 4.01 4.01
2005-06-27 4.26 4.33 4.23 4.23
2005-07-12 3.69 3.72 3.51 3.51
2005-07-14 3.66 3.66 3.6 3.6
2005-07-22 3.52 3.58 3.4 3.4
2005-07-26 3.55 3.56 3.46 3.46
2005-08-16 4.19 4.34 4.13 4.13
2005-08-22 4.07 4.12 3.99 3.99
2005-09-13 4.48 4.48 4.39 4.39
2005-11-04 3.95 4.02 3.92 3.92
2005-11-08 4.0 4.04 3.94 3.94
2005-11-24 3.92 3.98 3.88 3.88
2005-12-09 3.95 3.98 3.93 3.93
2005-12-26 4.04 4.04 3.95 3.95
2005-12-29 4.16 4.16 4.07 4.07
2006-01-04 4.25 4.28 4.17 4.17
2006-01-19 5.11 5.14 5.03 5.03
2006-01-25 5.22 5.23 5.09 5.09
2006-11-17 4.06 4.07 4.0 4.0
2006-11-24 4.23 4.26 4.1 4.1
2006-11-30 4.25 4.27 4.21 4.21
2006-12-07 4.2 4.28 4.16 4.16
2006-12-11 4.14 4.14 4.05 4.05
2007-03-02 6.88 7.26 6.7 6.7
2007-04-23 9.43 9.5 9.11 9.11
2007-08-02 8.15 8.27 7.85 7.85
2007-08-20 8.21 8.26 8.1 8.1
2008-12-09 4.86 4.86 4.7 4.7
2009-01-15 4.94 5.06 4.8 4.8
2009-11-23 13.28 13.68 12.43 12.43
2009-11-30 12.39 12.55 11.98 11.98
2009-12-31 12.64 12.88 12.4 12.4
2010-01-06 13.89 14.54 13.81 13.81
2010-01-08 14.16 14.2 13.5 13.5
2010-04-09 15.58 15.8 14.56 14.56
2010-04-12 16.04 16.39 15.6 15.6
2010-05-26 10.5 10.58 10.15 10.15
2010-06-03 10.56 10.78 10.41 10.41
2010-09-10 11.14 11.23 10.91 10.91
2011-01-25 10.45 10.75 10.1 10.1
2011-03-18 11.6 11.65 11.43 11.43
2011-03-21 12.0 12.03 11.7 11.7
2011-05-25 14.5 14.5 14.5 14.5
2012-10-12 6.13 6.17 6.03 6.03
2012-10-18 6.03 6.06 5.92 5.92
2013-01-21 5.71 5.75 5.64 5.64
2013-05-03 5.53 5.54 5.42 5.42
2013-07-09 4.78 4.79 4.71 4.71
2013-08-26 5.25 5.25 5.13 5.13
2013-09-03 5.41 5.47 5.35 5.35
2013-11-21 5.47 5.56 5.4 5.4
2013-11-29 5.69 5.79 5.63 5.63
2014-01-24 6.09 6.18 6.01 6.01
2014-03-14 5.4 5.42 5.35 5.35
2014-03-17 5.5 5.54 5.38 5.38
2014-05-28 5.31 5.33 5.25 5.25
2014-10-09 8.04 8.17 7.71 7.71
2014-10-29 7.8 7.85 7.69 7.69
2015-01-20 7.47 7.51 7.21 7.21
2015-06-18 15.08 15.9 14.98 14.98
2015-07-09 6.59 6.59 5.51 5.51
2015-07-17 8.02 8.12 7.52 7.52
2015-08-28 8.05 8.05 8.05 8.05
2015-08-31 8.86 8.86 8.86 8.86
2015-09-02 7.71 8.98 7.44 7.44
2015-12-16 9.24 9.47 9.18 9.18
2016-02-15 6.62 6.67 6.41 6.41
2016-04-13 7.77 7.97 7.62 7.62
2016-07-04 7.69 7.7 7.42 7.42
2016-07-25 7.96 8.05 7.82 7.82
2016-09-08 8.7 8.74 8.46 8.46
2016-09-19 8.39 8.41 8.24 8.24
2017-03-01 11.14 11.18 10.75 10.75
2017-06-14 7.75 7.84 7.7 7.7
2017-06-19 7.78 7.82 7.73 7.73
2017-07-10 8.5 8.58 8.24 8.24
