1994-01-13 7.19 7.2 6.9 6.9
1994-01-21 6.3 6.44 6.1 6.1
1994-01-28 6.16 6.35 6.1 6.1
1994-03-09 5.28 5.47 5.08 5.08
1994-03-22 5.58 5.58 5.14 5.14
1994-04-12 5.57 5.59 5.3 5.3
1994-05-03 4.56 4.56 4.4 4.4
1994-05-10 4.45 4.45 4.33 4.33
1994-05-12 4.41 4.54 4.3 4.3
1994-06-15 5.28 5.29 5.1 5.1
1994-07-12 4.43 4.46 4.4 4.4
1994-07-25 4.18 4.18 4.05 4.05
1994-08-16 5.35 5.65 5.08 5.08
1994-08-30 5.3 5.5 5.18 5.18
1994-09-12 6.13 6.19 5.87 5.87
1994-09-19 7.7 7.8 7.2 7.2
1994-10-18 5.48 5.58 5.38 5.38
1994-11-03 6.12 6.15 5.7 5.7
1994-11-09 6.08 6.1 5.8 5.8
1994-11-24 5.8 5.83 5.67 5.67
1995-01-11 5.2 5.2 5.05 5.05
1995-01-26 4.75 4.8 4.7 4.7
1995-02-07 4.68 4.77 4.5 4.5
1995-02-17 4.61 4.65 4.6 4.6
1995-04-07 5.1 5.15 5.05 5.05
1995-04-12 4.85 4.95 4.79 4.79
1995-05-03 4.48 4.5 4.42 4.42
1995-05-11 4.38 4.49 4.36 4.36
1995-05-16 4.47 4.53 4.45 4.45
1995-06-13 5.9 5.9 5.81 5.81
1995-06-23 5.6 5.63 5.47 5.47
1995-07-12 5.6 5.67 5.5 5.5
1995-07-31 5.75 5.83 5.72 5.72
1995-08-09 6.38 6.44 5.88 5.88
1995-08-14 7.85 8.18 7.18 7.18
1995-10-11 7.63 7.67 7.2 7.2
1995-11-14 6.54 6.62 6.35 6.35
1995-12-08 5.91 5.98 5.76 5.76
1996-01-04 4.95 4.96 4.56 4.56
1996-01-26 4.64 4.73 4.45 4.45
1996-02-06 4.56 4.6 4.5 4.5
1996-02-07 4.6 4.65 4.53 4.53
1996-02-09 4.62 4.63 4.57 4.57
1996-02-12 4.61 4.63 4.58 4.58
1996-02-13 4.64 4.69 4.61 4.61
1996-02-15 4.7 4.71 4.6 4.6
1996-02-16 4.86 4.87 4.72 4.72
1996-03-07 5.4 5.4 5.28 5.28
1996-03-21 5.31 5.33 5.27 5.27
1996-04-03 5.15 5.2 5.1 5.1
1996-04-04 5.13 5.16 5.1 5.1
1996-04-08 5.25 5.3 5.2 5.2
1996-04-10 5.23 5.3 5.18 5.18
1996-04-12 5.25 5.3 5.2 5.2
1996-04-17 5.42 5.44 5.36 5.36
1996-04-19 5.58 5.59 5.46 5.46
1996-04-24 6.24 6.3 5.71 5.71
1996-05-28 5.34 5.42 5.24 5.24
1996-05-29 5.33 5.38 5.33 5.33
1996-06-05 5.37 5.4 5.15 5.15
1996-06-07 5.5 5.6 5.45 5.45
1996-07-16 5.55 5.65 5.33 5.33
1996-07-24 6.35 6.45 5.91 5.91
1996-07-29 6.5 6.53 6.06 6.06
1996-08-05 6.3 6.37 6.2 6.2
1996-08-21 6.06 6.1 5.85 5.85
1996-08-30 6.2 6.23 6.0 6.0
1996-09-19 7.1 7.1 6.71 6.71
1996-10-23 10.78 10.88 9.4 9.4
1996-10-28 11.12 11.24 10.3 10.3
1996-12-02 11.59 11.68 10.05 10.05
1996-12-16 9.5 9.5 9.5 9.5
1996-12-17 8.55 8.55 8.55 8.55
1996-12-20 7.13 7.56 7.13 7.13
1997-01-07 7.98 8.1 7.55 7.55
1997-01-09 8.23 8.39 8.1 8.1
1997-01-15 8.35 8.45 8.2 8.2
1997-01-22 8.88 8.95 8.39 8.39
1997-02-20 8.57 8.68 7.99 7.99
1997-02-26 9.73 9.79 9.1 9.1
1997-03-11 10.15 10.3 9.92 9.92
1997-03-31 10.95 11.05 10.6 10.6
1997-04-09 10.31 10.4 10.15 10.15
1997-04-14 11.11 11.11 10.2 10.2
1997-05-05 17.0 17.16 15.8 15.8
1997-05-07 18.7 18.7 17.58 17.58
1997-05-16 14.68 15.6 14.68 14.68
1997-05-20 15.27 15.27 14.05 14.05
1997-05-22 12.98 13.58 12.96 12.96
1997-06-13 14.0 14.1 12.42 12.42
1997-06-16 15.0 15.3 14.6 14.6
1997-07-11 14.7 14.73 13.6 13.6
1997-07-18 17.09 17.22 16.6 16.6
1997-08-14 17.49 17.49 16.61 16.61
1997-09-02 16.82 17.2 16.28 16.28
1997-09-19 15.69 15.8 15.34 15.34
1997-09-25 14.8 15.2 14.5 14.5
1997-10-10 14.83 14.95 14.68 14.68
1997-11-04 17.2 17.5 16.81 16.81
1997-11-26 16.0 16.08 15.72 15.72
1998-01-05 17.9 18.25 17.51 17.51
1998-01-06 18.49 18.69 17.91 17.91
1998-01-16 17.47 17.78 16.9 16.9
1998-01-23 18.3 18.38 17.8 17.8
1998-02-13 17.8 17.8 17.25 17.25
1998-02-26 16.45 16.69 16.05 16.05
1998-03-06 17.4 17.5 16.6 16.6
1998-04-01 16.3 16.69 16.22 16.22
1998-04-20 16.43 16.66 16.3 16.3
1998-04-27 17.89 17.95 17.2 17.2
1998-04-28 18.88 19.48 18.18 18.18
1998-05-13 21.22 21.53 21.01 21.01
1998-06-08 21.19 21.4 21.0 21.0
1998-07-07 18.4 18.4 17.7 17.7
1998-09-04 16.76 16.92 16.7 16.7
1998-10-13 17.15 17.39 17.1 17.1
1998-10-16 17.46 17.85 17.12 17.12
1998-12-08 16.75 16.75 16.55 16.55
1999-01-08 13.15 13.3 12.5 12.5
1999-01-13 12.84 13.05 12.6 12.6
1999-01-18 13.65 13.68 13.21 13.21
1999-02-04 12.12 13.19 12.0 12.0
1999-02-09 11.67 11.7 11.48 11.48
1999-03-01 11.79 11.85 11.67 11.67
1999-03-11 11.83 12.04 11.68 11.68
1999-03-15 12.45 12.59 12.12 12.12
1999-03-24 11.74 11.9 11.7 11.7
1999-03-26 11.7 11.8 11.66 11.66
1999-03-29 12.14 12.15 11.7 11.7
1999-04-06 12.09 12.65 11.61 11.61
1999-04-16 11.8 12.0 11.7 11.7
1999-05-27 11.24 11.25 10.6 10.6
1999-06-04 10.26 10.35 10.0 10.0
1999-06-28 14.6 14.6 14.0 14.0
1999-07-07 11.64 11.68 11.25 11.25
1999-07-14 11.99 12.04 11.35 11.35
1999-07-27 11.39 11.65 11.15 11.15
1999-08-17 9.26 9.4 9.09 9.09
1999-08-20 9.57 9.75 9.5 9.5
1999-09-07 9.1 9.15 9.06 9.06
1999-09-08 9.33 9.39 9.1 9.1
1999-09-13 9.83 9.9 9.58 9.58
1999-10-14 9.21 9.28 9.08 9.08
1999-10-20 9.26 9.26 9.1 9.1
1999-10-22 9.27 9.45 9.07 9.07
1999-11-11 9.13 9.18 9.05 9.05
1999-11-23 9.65 9.75 9.51 9.51
1999-12-10 9.25 9.26 9.15 9.15
2000-01-07 8.73 8.8 8.5 8.5
2000-01-18 7.74 7.88 7.6 7.6
2000-02-24 7.91 8.0 7.8 7.8
2000-03-15 8.4 8.57 8.18 8.18
2000-04-07 9.45 9.5 8.82 8.82
2000-04-13 9.75 9.98 9.3 9.3
2000-04-26 9.28 9.43 9.25 9.25
2000-05-22 9.23 9.35 8.98 8.98
2000-05-31 11.06 11.06 10.3 10.3
2000-06-30 10.45 10.65 10.38 10.38
2000-07-11 10.59 10.79 10.35 10.35
2000-07-24 11.01 11.08 10.68 10.68
2000-08-07 11.6 11.77 11.0 11.0
2000-08-09 11.74 12.05 11.5 11.5
2000-09-15 10.65 10.7 10.48 10.48
2000-09-26 9.7 9.76 9.54 9.54
2000-09-29 9.72 9.77 9.63 9.63
2000-10-13 9.89 10.0 9.85 9.85
2000-10-16 9.7 9.9 9.68 9.68
2000-11-02 10.19 10.35 10.05 10.05
2000-11-06 10.38 10.45 10.22 10.22
2000-11-22 11.29 11.32 11.11 11.11
2000-11-23 11.49 11.65 11.3 11.3
2000-11-28 11.19 11.25 11.03 11.03
2000-11-30 11.23 11.26 11.0 11.0
2000-12-11 11.55 11.75 11.4 11.4
2000-12-19 11.84 11.95 11.6 11.6
2001-01-10 12.9 12.97 12.6 12.6
2001-01-18 12.83 12.88 12.67 12.67
2001-02-09 11.56 11.68 11.15 11.15
2001-02-19 11.62 11.7 11.4 11.4
2001-02-26 11.54 11.6 11.4 11.4
2001-04-10 11.85 12.0 11.58 11.58
2001-04-23 11.75 11.83 11.66 11.66
2001-05-08 11.51 11.68 11.45 11.45
2001-05-09 11.52 11.65 11.5 11.5
2001-05-30 11.74 11.85 11.61 11.61
2001-06-12 12.15 12.18 12.06 12.06
2001-06-19 11.52 11.66 11.5 11.5
2001-07-02 11.93 12.08 11.85 11.85
2001-07-12 11.65 11.68 11.6 11.6
2001-07-13 11.65 11.75 11.65 11.65
2001-08-01 9.42 9.42 9.18 9.18
2001-08-09 9.28 9.28 9.11 9.11
2001-09-04 8.42 8.43 8.1 8.1
2001-09-18 8.14 8.24 8.05 8.05
2001-10-18 7.45 7.7 7.16 7.16
2001-10-26 8.87 8.9 8.47 8.47
2001-11-06 8.93 8.98 8.88 8.88
2001-11-14 8.13 8.26 8.05 8.05
2001-12-07 8.78 8.89 8.7 8.7
2001-12-21 8.14 8.2 8.05 8.05
2001-12-28 8.11 8.14 8.0 8.0
2002-02-04 7.76 7.8 7.43 7.43
2002-02-07 7.64 7.74 7.5 7.5
2002-03-04 7.67 7.68 7.4 7.4
2002-04-03 7.65 7.69 7.57 7.57
2002-04-08 7.83 7.86 7.74 7.74
2002-04-12 8.03 8.1 7.89 7.89
2002-05-09 8.06 8.1 7.98 7.98
2002-06-18 8.99 9.1 8.63 8.63
2002-06-20 8.92 9.1 8.89 8.89
2002-06-27 10.03 10.31 9.94 9.94
2002-07-04 9.95 10.18 9.9 9.9
2002-07-24 9.35 9.45 9.31 9.31
2002-07-29 9.23 9.23 9.07 9.07
2002-08-05 9.1 9.19 9.1 9.1
2002-08-06 9.2 9.3 9.08 9.08
2002-08-07 9.19 9.23 9.15 9.15
2002-08-14 8.84 8.85 8.7 8.7
2002-08-22 9.0 9.05 8.9 8.9
2002-08-28 8.71 8.78 8.67 8.67
2002-09-09 8.24 8.31 8.2 8.2
2002-09-12 8.35 8.38 8.25 8.25
2002-09-16 8.39 8.5 8.38 8.38
2002-10-08 8.42 8.43 8.28 8.28
2002-10-10 8.25 8.35 8.2 8.2
2002-10-11 8.37 8.4 8.25 8.25
2002-10-21 8.85 8.89 8.46 8.46
2002-10-30 8.99 9.04 8.77 8.77
2002-11-29 7.52 7.69 7.15 7.15
2002-12-12 7.01 7.1 6.96 6.96
2003-01-29 7.34 7.4 7.32 7.32
2003-02-14 7.36 7.42 7.31 7.31
2003-02-19 7.51 7.51 7.37 7.37
2003-03-25 7.19 7.23 7.03 7.03
2003-04-02 7.29 7.3 7.2 7.2
2003-04-07 7.37 7.42 7.3 7.3
2003-06-11 6.65 6.68 6.49 6.49
2003-06-13 6.69 6.71 6.61 6.61
2003-06-18 6.65 6.7 6.61 6.61
2003-08-04 6.46 6.47 6.32 6.32
2003-08-12 6.38 6.43 6.33 6.33
2003-08-29 6.38 6.39 6.25 6.25
2003-09-18 6.3 6.34 6.25 6.25
2003-09-22 6.4 6.43 6.34 6.34
2003-09-26 6.28 6.33 6.26 6.26
2003-09-30 6.34 6.35 6.26 6.26
2003-10-10 6.47 6.5 6.34 6.34
2003-10-31 6.38 6.48 6.3 6.3
2003-11-03 6.41 6.44 6.33 6.33
2003-11-07 6.59 6.62 6.36 6.36
2003-11-24 6.93 6.98 6.7 6.7
2003-12-30 6.42 6.43 6.35 6.35
2004-01-13 6.71 6.79 6.59 6.59
2004-01-16 6.7 6.75 6.56 6.56
2004-02-05 7.28 7.35 7.05 7.05
2004-03-01 7.87 8.04 7.7 7.7
2004-03-12 7.85 8.06 7.8 7.8
2004-03-19 7.95 8.07 7.65 7.65
2004-04-05 7.94 7.94 7.75 7.75
2004-04-28 6.91 6.98 6.83 6.83
2004-05-11 6.86 6.94 6.8 6.8
2004-05-12 7.04 7.06 6.85 6.85
2004-06-04 6.71 6.75 6.66 6.66
2004-06-15 6.43 6.45 6.28 6.28
2004-07-01 6.49 6.55 6.29 6.29
2004-07-16 6.56 6.58 6.4 6.4
2004-07-27 6.4 6.4 6.26 6.26
2004-08-17 5.53 5.61 5.5 5.5
2004-08-24 5.39 5.55 5.23 5.23
2004-09-20 6.24 6.28 6.05 6.05
2004-10-08 5.78 5.8 5.6 5.6
2004-10-19 5.28 5.36 5.23 5.23
2004-12-02 5.12 5.24 5.01 5.01
2004-12-22 5.03 5.05 4.92 4.92
2005-02-02 4.91 4.95 4.63 4.63
2005-02-03 4.83 4.93 4.8 4.8
2005-02-04 4.9 4.93 4.81 4.81
2005-02-22 5.02 5.05 4.93 4.93
2005-03-08 5.09 5.1 5.0 5.0
2005-03-16 4.81 4.83 4.77 4.77
2005-04-07 4.46 4.55 4.4 4.4
2005-04-08 4.51 4.53 4.41 4.41
2005-05-24 3.91 3.95 3.8 3.8
2005-05-25 3.94 3.97 3.86 3.86
2005-06-03 3.93 3.99 3.9 3.9
2005-06-08 4.29 4.37 4.01 4.01
2005-06-17 4.21 4.38 4.1 4.1
2005-06-27 4.26 4.33 4.23 4.23
2005-07-06 3.7 3.74 3.65 3.65
2005-07-12 3.69 3.72 3.51 3.51
2005-07-14 3.66 3.66 3.6 3.6
2005-07-22 3.52 3.58 3.4 3.4
2005-07-26 3.55 3.56 3.46 3.46
2005-08-08 4.21 4.21 4.0 4.0
2005-08-16 4.19 4.34 4.13 4.13
2005-08-22 4.07 4.12 3.99 3.99
2005-09-05 4.41 4.43 4.21 4.21
2005-09-13 4.48 4.48 4.39 4.39
2005-09-29 4.07 4.08 4.02 4.02
2005-11-02 3.91 3.98 3.75 3.75
2005-11-04 3.95 4.02 3.92 3.92
2005-11-08 4.0 4.04 3.94 3.94
2005-11-18 4.02 4.03 3.9 3.9
2005-11-24 3.92 3.98 3.88 3.88
2005-12-05 3.95 3.98 3.85 3.85
2005-12-09 3.95 3.98 3.93 3.93
2005-12-23 3.98 3.99 3.93 3.93
2005-12-26 4.04 4.04 3.95 3.95
2005-12-29 4.16 4.16 4.07 4.07
2006-01-04 4.25 4.28 4.17 4.17
2006-01-16 4.92 5.3 4.83 4.83
2006-01-19 5.11 5.14 5.03 5.03
2006-01-25 5.22 5.23 5.09 5.09
2006-10-18 4.69 4.77 4.58 4.58
2006-11-09 4.24 4.26 4.19 4.19
2006-11-17 4.06 4.07 4.0 4.0
2006-11-24 4.23 4.26 4.1 4.1
2006-11-30 4.25 4.27 4.21 4.21
2006-12-07 4.2 4.28 4.16 4.16
2006-12-11 4.14 4.14 4.05 4.05
2006-12-20 4.53 4.53 4.34 4.34
2007-02-28 6.57 6.57 6.12 6.12
2007-03-02 6.88 7.26 6.7 6.7
2007-04-20 9.06 9.17 8.67 8.67
2007-04-23 9.43 9.5 9.11 9.11
2007-05-22 10.76 10.99 10.68 10.68
2007-06-27 8.47 8.47 7.98 7.98
2007-07-26 7.6 7.7 7.45 7.45
2007-08-02 8.15 8.27 7.85 7.85
2007-08-14 8.17 8.23 7.98 7.98
2007-08-20 8.21 8.26 8.1 8.1
2007-08-30 8.35 8.37 7.84 7.84
2007-09-17 9.09 9.16 8.47 8.47
2007-12-14 11.32 11.35 11.0 11.0
2007-12-28 13.64 14.19 13.5 13.5
2008-02-29 13.29 13.38 12.71 12.71
2008-05-14 9.09 9.17 8.8 8.8
2008-07-14 6.36 6.38 6.18 6.18
2008-09-24 4.04 4.05 3.87 3.87
2008-10-24 3.42 3.52 3.37 3.37
2008-12-02 4.13 4.14 3.82 3.82
2008-12-09 4.86 4.86 4.7 4.7
2008-12-19 5.15 5.15 5.15 5.15
2009-01-09 4.84 4.9 4.73 4.73
2009-01-15 4.94 5.06 4.8 4.8
2009-02-06 5.41 5.45 5.16 5.16
2009-04-20 6.03 6.08 5.68 5.68
2009-07-13 7.19 7.19 6.6 6.6
2009-09-03 7.43 7.48 6.98 6.98
2009-09-14 8.15 8.23 7.87 7.87
2009-10-29 8.99 9.14 8.48 8.48
2009-11-13 11.94 12.28 11.4 11.4
2009-11-23 13.28 13.68 12.43 12.43
2009-11-30 12.39 12.55 11.98 11.98
2009-12-28 12.88 13.06 12.49 12.49
2009-12-31 12.64 12.88 12.4 12.4
2010-01-06 13.89 14.54 13.81 13.81
2010-01-08 14.16 14.2 13.5 13.5
2010-02-24 13.3 13.51 12.39 12.39
2010-03-22 14.04 14.21 13.37 13.37
2010-04-06 14.8 15.07 14.55 14.55
2010-04-09 15.58 15.8 14.56 14.56
2010-04-12 16.04 16.39 15.6 15.6
2010-04-21 14.96 15.05 14.5 14.5
2010-05-04 12.49 12.86 12.05 12.05
2010-05-24 10.85 10.94 10.35 10.35
2010-05-26 10.5 10.58 10.15 10.15
2010-06-03 10.56 10.78 10.41 10.41
2010-08-16 10.61 10.67 10.33 10.33
2010-09-03 11.21 11.68 11.1 11.1
2010-09-10 11.14 11.23 10.91 10.91
2010-11-25 11.77 11.95 11.28 11.28
2010-12-13 10.8 10.83 10.5 10.5
2011-01-24 10.28 10.58 9.76 9.76
2011-01-25 10.45 10.75 10.1 10.1
2011-03-14 11.96 12.1 11.75 11.75
2011-03-18 11.6 11.65 11.43 11.43
2011-03-21 12.0 12.03 11.7 11.7
2011-05-24 13.18 13.18 13.18 13.18
2011-05-25 14.5 14.5 14.5 14.5
2011-07-08 18.03 18.21 17.16 17.16
2011-08-04 16.74 17.17 16.6 16.6
2011-08-18 17.15 17.3 16.61 16.61
2011-09-21 14.68 15.0 14.3 14.3
2011-11-04 13.16 13.24 12.74 12.74
2011-11-28 9.87 9.88 9.7 9.7
2012-02-03 7.92 7.92 7.11 7.11
2012-03-02 8.81 8.82 8.57 8.57
2012-05-17 8.65 8.68 7.86 7.86
2012-07-11 7.34 7.36 7.19 7.19
2012-08-10 6.68 6.77 6.47 6.47
2012-09-07 6.34 6.35 6.06 6.06
2012-10-09 6.07 6.08 5.91 5.91
2012-10-12 6.13 6.17 6.03 6.03
2012-10-18 6.03 6.06 5.92 5.92
2013-01-14 5.53 5.58 5.22 5.22
2013-01-21 5.71 5.75 5.64 5.64
2013-02-05 5.86 6.14 5.74 5.74
2013-03-14 6.06 6.11 6.02 6.02
2013-03-27 5.88 5.92 5.8 5.8
2013-04-22 5.88 6.04 5.78 5.78
2013-05-03 5.53 5.54 5.42 5.42
2013-05-24 5.71 5.72 5.62 5.62
2013-06-14 5.93 6.0 5.82 5.82
2013-07-04 4.98 5.04 4.8 4.8
2013-07-09 4.78 4.79 4.71 4.71
2013-07-23 5.04 5.06 4.88 4.88
2013-08-20 5.36 5.49 5.16 5.16
2013-08-26 5.25 5.25 5.13 5.13
2013-09-03 5.41 5.47 5.35 5.35
2013-11-18 5.31 5.37 5.25 5.25
2013-11-21 5.47 5.56 5.4 5.4
2013-11-29 5.69 5.79 5.63 5.63
2014-01-07 6.06 6.11 5.86 5.86
2014-01-21 5.87 5.96 5.78 5.78
2014-01-24 6.09 6.18 6.01 6.01
2014-02-18 6.21 6.34 6.0 6.0
2014-03-13 5.41 5.42 5.33 5.33
2014-03-14 5.4 5.42 5.35 5.35
2014-03-17 5.5 5.54 5.38 5.38
2014-04-30 5.21 5.23 5.16 5.16
2014-05-23 5.24 5.26 5.18 5.18
2014-05-28 5.31 5.33 5.25 5.25
2014-06-27 5.31 5.34 5.26 5.26
2014-07-09 5.55 5.65 5.47 5.47
2014-08-04 6.29 6.43 5.97 5.97
2014-08-18 6.4 6.41 6.29 6.29
2014-09-15 6.89 6.93 6.66 6.66
2014-09-25 7.41 7.77 7.25 7.25
2014-10-09 8.04 8.17 7.71 7.71
2014-10-24 7.48 7.58 7.35 7.35
2014-10-29 7.8 7.85 7.69 7.69
2014-12-03 7.85 7.87 7.42 7.42
2015-01-16 7.59 7.66 7.53 7.53
2015-01-20 7.47 7.51 7.21 7.21
2015-03-16 8.96 8.99 8.64 8.64
2015-03-27 9.95 10.0 9.55 9.55
2015-04-17 11.53 11.85 10.91 10.91
2015-06-02 13.55 13.74 13.14 13.14
2015-06-12 15.06 15.3 14.53 14.53
2015-06-18 15.08 15.9 14.98 14.98
2015-07-08 5.99 6.1 5.99 5.99
2015-07-09 6.59 6.59 5.51 5.51
2015-07-17 8.02 8.12 7.52 7.52
2015-08-04 8.14 8.15 7.46 7.46
2015-08-25 7.09 7.32 7.09 7.09
2015-08-28 8.05 8.05 8.05 8.05
2015-08-31 8.86 8.86 8.86 8.86
2015-09-02 7.71 8.98 7.44 7.44
2015-10-22 7.71 7.82 7.45 7.45
2015-11-20 8.95 9.17 8.61 8.61
2015-12-14 9.11 9.12 8.7 8.7
2015-12-16 9.24 9.47 9.18 9.18
2015-12-25 9.38 9.39 9.12 9.12
2016-01-18 6.9 6.99 6.55 6.55
2016-01-29 6.38 6.42 6.09 6.09
2016-02-15 6.62 6.67 6.41 6.41
2016-03-02 7.05 7.1 6.53 6.53
2016-03-25 7.28 7.31 7.18 7.18
2016-04-11 7.67 7.76 7.35 7.35
2016-04-13 7.77 7.97 7.62 7.62
2016-05-10 7.29 7.31 7.11 7.11
2016-05-23 7.11 7.15 6.98 6.98
2016-06-01 7.38 7.42 7.31 7.31
2016-07-01 7.46 7.6 7.46 7.46
2016-07-04 7.69 7.7 7.42 7.42
2016-07-20 7.92 8.03 7.83 7.83
2016-07-25 7.96 8.05 7.82 7.82
2016-08-09 8.33 8.42 8.18 8.18
2016-08-22 8.29 8.4 8.24 8.24
2016-09-05 8.33 8.37 8.23 8.23
2016-09-08 8.7 8.74 8.46 8.46
2016-09-19 8.39 8.41 8.24 8.24
2016-10-12 9.16 9.22 9.06 9.06
2016-10-25 9.42 9.46 9.32 9.32
2016-11-10 9.95 9.99 9.69 9.69
2016-12-14 9.14 9.48 9.14 9.14
2017-01-10 10.97 11.24 10.85 10.85
2017-01-23 10.71 10.75 10.0 10.0
2017-02-23 11.02 11.59 10.61 10.61
2017-03-01 11.14 11.18 10.75 10.75
2017-04-26 7.8 7.84 7.68 7.68
2017-06-07 7.6 7.6 7.38 7.38
2017-06-14 7.75 7.84 7.7 7.7
2017-06-19 7.78 7.82 7.73 7.73
2017-07-03 8.01 8.07 7.91 7.91
2017-07-10 8.5 8.58 8.24 8.24
