1992-05-06 30.2 30.2 30.2 30.2
1992-05-11 31.7 31.7 31.7 31.7
1992-05-12 33.3 33.3 33.3 33.3
1992-05-13 35.0 35.0 35.0 35.0
1992-05-14 36.8 36.8 36.8 36.8
1992-05-15 38.6 38.6 38.6 38.6
1992-05-18 40.5 40.5 40.5 40.5
1992-05-19 42.5 42.5 42.5 42.5
1992-05-20 44.6 44.6 44.6 44.6
1992-06-25 188.98 189.5 170.0 170.0
1992-09-16 123.6 128.5 117.0 117.0
1993-06-07 9.46 9.99 8.8 8.8
1993-07-30 9.49 10.0 8.55 8.55
1993-08-19 9.26 9.5 9.1 9.1
1993-09-06 9.25 9.25 9.02 9.02
1993-09-09 8.8 9.0 8.8 8.8
1993-09-27 9.05 9.05 8.74 8.74
1993-11-12 8.5 8.58 8.32 8.32
1993-11-15 9.0 9.08 8.6 8.6
1993-11-17 9.86 10.8 9.8 9.8
1993-11-19 9.7 9.83 7.75 7.75
1994-01-27 10.65 10.78 10.55 10.55
1994-07-08 4.02 4.05 3.9 3.9
1994-07-12 3.87 3.92 3.84 3.84
1994-07-13 3.98 4.0 3.9 3.9
1994-08-05 6.99 7.0 5.65 5.65
1994-10-20 7.28 7.35 6.5 6.5
1994-10-27 7.4 7.46 7.03 7.03
1994-11-01 7.22 7.25 6.85 6.85
1994-11-03 7.65 7.75 7.19 7.19
1994-11-09 7.59 7.65 7.11 7.11
1994-11-24 7.11 7.2 7.03 7.03
1994-11-29 7.33 7.33 7.09 7.09
1995-01-27 6.19 6.24 6.1 6.1
1995-02-08 5.75 5.92 5.7 5.7
1995-02-09 5.94 5.98 5.65 5.65
1995-02-13 5.9 5.92 5.75 5.75
1995-02-14 5.87 5.94 5.79 5.79
1995-02-17 5.62 5.7 5.6 5.6
1995-03-14 6.3 6.43 6.27 6.27
1995-04-10 6.72 6.85 6.65 6.65
1995-05-12 5.58 5.68 5.4 5.4
1995-05-22 9.68 10.0 8.88 8.88
1995-07-20 6.2 6.25 6.16 6.16
1995-07-24 6.3 6.35 6.15 6.15
1995-07-31 6.31 6.38 6.3 6.3
1995-08-03 6.3 6.32 6.1 6.1
1995-08-18 7.24 7.35 6.85 6.85
1995-09-11 5.96 5.96 5.8 5.8
1995-09-15 5.78 5.8 5.7 5.7
1995-10-17 5.37 5.4 5.26 5.26
1995-10-18 5.52 5.52 5.28 5.28
1995-10-20 5.86 5.9 5.58 5.58
1995-10-30 5.58 5.68 5.5 5.5
1995-11-03 5.8 5.85 5.6 5.6
1995-11-20 5.63 5.7 5.53 5.53
1995-11-24 5.5 5.5 5.43 5.43
1995-12-07 5.32 5.36 5.3 5.3
1996-01-03 4.58 4.6 4.51 4.51
1996-01-04 4.7 4.7 4.51 4.51
1996-01-10 4.56 4.58 4.5 4.5
1996-01-26 4.25 4.29 4.19 4.19
1996-01-31 4.36 4.36 4.28 4.28
1996-02-07 4.25 4.25 4.21 4.21
1996-02-09 4.31 4.32 4.29 4.29
1996-02-12 4.3 4.31 4.2 4.2
1996-02-15 4.4 4.41 4.3 4.3
1996-02-16 4.56 4.58 4.4 4.4
1996-03-08 4.74 4.75 4.6 4.6
1996-03-13 4.64 4.72 4.5 4.5
1996-03-15 4.65 4.65 4.58 4.58
1996-03-19 4.65 4.74 4.62 4.62
1996-04-16 5.08 5.09 4.98 4.98
1996-04-29 6.07 6.16 5.85 5.85
1996-05-13 5.25 5.41 5.19 5.19
1996-05-16 5.35 5.49 5.34 5.34
1996-05-29 5.04 5.07 5.0 5.0
1996-06-03 4.49 4.65 4.01 4.01
1996-06-21 4.72 4.88 4.7 4.7
1996-06-25 4.58 4.6 4.5 4.5
1996-06-28 4.52 4.6 4.5 4.5
1996-07-02 4.31 4.37 4.3 4.3
1996-07-05 4.24 4.45 4.0 4.0
1996-07-18 4.56 4.74 4.26 4.26
1996-07-24 5.19 5.26 5.02 5.02
1996-08-01 5.03 5.15 4.78 4.78
1996-09-02 4.46 4.5 4.38 4.38
1996-12-17 5.36 5.36 5.36 5.36
1996-12-20 4.68 4.88 4.6 4.6
1997-01-13 4.85 4.85 4.74 4.74
1997-01-30 5.32 5.4 5.11 5.11
1997-02-17 5.9 5.9 5.56 5.56
1997-02-19 5.89 5.89 5.45 5.45
1997-02-20 6.22 6.35 5.3 5.3
1997-04-14 8.5 8.6 8.1 8.1
1997-04-22 8.68 9.07 8.51 8.51
1997-04-25 10.07 10.07 10.07 10.07
1997-05-05 10.4 10.58 9.61 9.61
1997-05-16 8.33 8.98 8.33 8.33
1997-06-06 7.44 7.77 7.34 7.34
1997-08-20 5.68 5.7 5.6 5.6
1997-09-24 5.3 5.4 5.05 5.05
1997-11-06 6.72 7.02 6.52 6.52
1997-12-30 6.71 6.8 6.6 6.6
1998-02-11 7.33 7.36 7.05 7.05
1998-07-10 8.46 8.55 8.3 8.3
1998-07-28 6.81 6.85 6.72 6.72
1998-08-05 6.51 6.52 6.32 6.32
1999-01-19 5.82 5.85 5.75 5.75
1999-03-12 6.37 6.42 6.18 6.18
1999-06-29 8.54 8.54 8.54 8.54
1999-07-02 8.05 8.3 7.83 7.83
1999-07-09 7.57 7.68 7.4 7.4
1999-09-09 10.1 10.14 9.48 9.48
1999-10-22 8.52 8.7 8.38 8.38
1999-11-12 8.12 8.25 7.88 7.88
1999-12-14 8.75 8.86 8.58 8.58
1999-12-15 8.78 8.96 8.75 8.75
2000-01-05 7.95 7.95 7.28 7.28
2000-01-07 9.13 9.13 8.5 8.5
2000-03-27 14.2 14.25 13.1 13.1
2000-08-01 14.95 15.0 14.5 14.5
2000-10-10 15.7 15.9 15.19 15.19
2000-11-16 16.55 16.66 16.01 16.01
2000-11-23 16.78 16.98 16.4 16.4
2000-11-27 17.7 17.98 16.9 16.9
2000-12-01 17.95 17.95 17.2 17.2
2000-12-04 18.6 18.96 18.18 18.18
2001-02-09 14.19 14.3 14.0 14.0
2001-02-12 14.45 14.46 14.2 14.2
2001-02-13 14.75 14.84 14.46 14.46
2001-02-19 14.98 15.1 14.66 14.66
2001-02-20 14.83 15.15 14.5 14.5
2001-03-06 14.95 15.16 14.78 14.78
2001-03-14 14.8 14.92 14.67 14.67
2001-03-19 14.7 14.91 14.6 14.6
2001-03-23 15.98 16.89 15.85 15.85
2001-03-27 16.8 16.95 16.28 16.28
2001-06-20 16.18 16.42 16.13 16.13
2001-06-21 16.31 16.39 16.21 16.21
2001-07-25 14.8 14.9 14.48 14.48
2001-08-01 13.24 13.24 12.85 12.85
2001-08-09 13.22 13.25 13.0 13.0
2001-08-16 13.45 14.0 13.2 13.2
2001-08-22 13.7 13.86 13.4 13.4
2001-09-12 13.17 13.3 12.79 12.79
2001-11-19 11.8 11.82 11.47 11.47
2001-12-06 13.03 13.15 12.75 12.75
2002-01-18 10.37 10.77 9.71 9.71
2002-01-22 10.49 10.81 10.1 10.1
2002-01-23 11.17 11.2 10.35 10.35
2002-01-31 11.62 11.8 10.9 10.9
2002-02-07 12.06 12.3 11.58 11.58
2002-04-10 12.29 12.79 12.0 12.0
2002-04-29 12.01 12.1 11.73 11.73
2002-05-09 11.79 11.86 11.58 11.58
2002-05-17 11.99 12.0 11.5 11.5
2002-06-20 11.06 11.25 11.02 11.02
2002-07-19 12.45 12.46 12.27 12.27
2002-07-26 11.81 11.95 11.76 11.76
2002-08-27 11.88 12.02 11.68 11.68
2002-09-03 11.78 11.84 11.6 11.6
2002-09-24 11.34 11.46 11.26 11.26
2002-10-08 11.09 11.12 11.01 11.01
2002-12-25 9.58 9.67 9.35 9.35
2003-06-11 13.33 13.41 13.08 13.08
2003-09-10 11.55 11.59 11.32 11.32
2003-09-16 10.92 10.98 10.59 10.59
2003-09-22 10.95 11.08 10.88 10.88
2003-10-15 10.45 10.84 10.22 10.22
2003-11-19 9.37 9.37 8.55 8.55
2004-01-16 11.25 11.55 10.95 10.95
2004-05-18 11.84 11.87 11.55 11.55
2004-05-20 11.62 11.95 11.58 11.58
2004-07-16 9.79 9.81 9.35 9.35
2004-09-20 7.42 7.45 6.98 6.98
2004-11-10 7.55 7.62 7.1 7.1
2005-04-11 5.8 6.0 5.69 5.69
2005-04-13 5.68 5.8 5.6 5.6
2005-05-25 4.36 4.47 4.27 4.27
2005-05-26 4.36 4.42 4.31 4.31
2005-07-26 3.5 3.53 3.4 3.4
2005-12-15 3.36 3.44 3.3 3.3
2005-12-22 3.45 3.52 3.38 3.38
2005-12-28 3.4 3.43 3.38 3.38
2006-03-24 3.79 3.97 3.74 3.74
2006-09-12 3.51 3.65 3.47 3.47
2007-03-09 3.64 3.64 3.64 3.64
2007-03-12 3.82 3.82 3.82 3.82
2007-03-13 4.01 4.01 4.01 4.01
2007-03-14 4.21 4.21 4.21 4.21
2007-03-15 4.42 4.42 4.42 4.42
2007-03-29 4.87 4.87 4.87 4.87
2007-03-30 5.11 5.11 5.11 5.11
2007-04-02 5.37 5.37 5.37 5.37
2007-04-03 5.64 5.64 5.64 5.64
2007-04-18 7.8 7.8 7.8 7.8
2007-04-26 8.79 8.79 8.51 8.51
2007-05-15 10.17 10.17 10.17 10.17
2007-05-16 10.68 10.68 10.68 10.68
2007-05-17 11.21 11.21 11.21 11.21
2007-07-02 10.03 10.03 10.03 10.03
2007-07-03 9.53 9.53 9.53 9.53
2007-07-04 9.05 9.05 9.05 9.05
2007-07-05 8.6 8.6 8.6 8.6
2007-07-06 8.2 8.9 8.17 8.17
2007-07-11 7.03 7.18 7.03 7.03
2007-07-12 6.69 6.97 6.68 6.68
2007-07-19 6.62 6.69 6.37 6.37
2007-07-20 6.8 6.9 6.68 6.68
2007-09-21 8.89 8.89 8.71 8.71
2008-04-15 5.45 5.47 5.36 5.36
2008-04-22 4.23 4.33 4.22 4.22
2008-04-24 4.66 4.66 4.66 4.66
2008-05-14 4.74 4.74 4.5 4.5
2008-06-11 4.01 4.14 4.01 4.01
2008-06-18 3.31 3.39 3.11 3.11
2008-07-24 3.36 3.36 3.21 3.21
2008-08-12 2.98 3.05 2.98 2.98
2008-08-19 2.68 2.72 2.65 2.65
2008-09-25 2.16 2.16 2.02 2.02
2008-10-16 1.83 1.96 1.83 1.83
2008-10-20 1.92 1.92 1.92 1.92
2008-10-21 2.02 2.02 2.02 2.02
2008-10-23 2.04 2.09 1.98 1.98
2008-10-28 1.87 1.91 1.81 1.81
2008-12-08 2.4 2.4 2.3 2.3
2009-01-06 2.5 2.5 2.42 2.42
2009-04-30 4.07 4.13 4.01 4.01
2009-06-10 4.77 4.77 4.55 4.55
2009-11-12 7.13 7.25 7.07 7.07
2009-11-19 7.1 7.14 6.9 6.9
2009-12-01 6.72 6.81 6.6 6.6
2010-05-04 5.68 5.76 5.48 5.48
2010-06-30 5.22 5.22 5.22 5.22
2010-07-05 4.9 4.99 4.77 4.77
2010-07-06 5.15 5.15 4.95 4.95
2010-07-09 5.26 5.32 5.07 5.07
2010-07-12 5.36 5.4 5.24 5.24
2010-07-14 5.69 5.69 5.4 5.4
2010-07-15 5.97 5.97 5.97 5.97
2010-07-30 6.63 6.68 6.4 6.4
2010-09-02 6.89 6.99 6.84 6.84
2010-09-10 6.51 6.56 6.4 6.4
2010-09-13 6.62 6.63 6.52 6.52
2010-09-14 6.61 6.7 6.58 6.58
2010-11-24 5.66 5.68 5.53 5.53
2010-12-21 5.82 5.82 5.55 5.55
2010-12-23 6.04 6.04 5.81 5.81
2010-12-27 6.02 6.27 5.91 5.91
2011-01-19 6.06 6.15 6.02 6.02
2011-04-12 7.97 7.97 7.97 7.97
2011-04-14 8.45 8.45 8.0 8.0
2011-05-31 6.49 6.54 6.22 6.22
2011-06-02 6.91 6.97 6.7 6.7
2011-07-26 6.67 6.71 6.5 6.5
2011-08-24 6.44 6.44 6.15 6.15
2011-09-01 6.6 6.68 6.43 6.43
2011-09-09 6.67 6.7 6.45 6.45
2011-09-14 6.47 6.52 6.41 6.41
2011-09-15 6.56 6.69 6.47 6.47
2011-12-23 3.84 3.89 3.77 3.77
2011-12-30 3.93 3.95 3.76 3.76
2012-01-31 4.23 4.23 4.03 4.03
2012-02-15 4.66 4.77 4.5 4.5
2012-07-09 6.36 6.36 6.36 6.36
2012-07-24 5.45 5.48 5.34 5.34
2012-07-30 5.08 5.08 5.08 5.08
2012-07-31 4.83 4.83 4.83 4.83
2012-08-01 4.59 4.59 4.59 4.59
2012-08-07 4.49 4.55 4.32 4.32
2012-08-09 4.6 4.63 4.52 4.52
2012-08-16 4.58 4.65 4.56 4.56
2012-09-24 4.9 4.94 4.66 4.66
2012-09-26 4.95 5.15 4.93 4.93
2012-10-09 5.14 5.15 5.06 5.06
2012-12-06 5.18 5.28 5.06 5.06
2012-12-11 5.53 5.58 5.32 5.32
2013-05-03 6.66 6.7 6.52 6.52
2013-05-21 6.5 6.5 5.92 5.92
2013-05-23 6.45 6.48 6.26 6.26
2013-07-15 5.38 5.47 5.27 5.27
2013-10-11 6.91 6.97 6.7 6.7
2013-11-11 6.87 6.98 6.56 6.56
2014-01-21 6.29 6.31 6.18 6.18
2014-11-03 7.82 7.88 7.72 7.72
2015-02-25 8.12 8.29 7.95 7.95
2015-04-30 10.2 10.6 10.07 10.07
2015-05-08 9.81 9.94 9.63 9.63
2015-06-02 15.95 15.95 15.95 15.95
2015-06-09 15.98 16.54 15.98 15.98
2015-06-30 11.39 11.76 11.39 11.39
2015-07-02 10.28 10.5 10.28 10.28
2015-07-03 9.77 9.77 9.77 9.77
2015-07-07 8.82 8.82 8.82 8.82
2015-07-08 8.38 8.38 8.38 8.38
2015-07-09 8.57 8.77 7.96 7.96
2015-07-16 7.8 8.01 7.8 7.8
2015-07-17 8.19 8.19 7.7 7.7
2015-07-23 9.87 9.87 9.25 9.25
2015-07-28 9.22 9.22 9.22 9.22
2015-08-03 7.68 7.68 7.68 7.68
2015-08-04 7.83 7.84 7.3 7.3
2015-08-07 7.89 7.89 7.59 7.59
2015-08-24 7.86 7.86 7.86 7.86
2015-08-25 7.47 7.47 7.47 7.47
2015-08-26 7.1 7.35 7.1 7.1
2015-09-02 6.99 7.34 6.99 6.99
2015-09-09 7.54 7.54 7.18 7.18
2015-09-11 7.78 7.78 7.35 7.35
2016-03-31 9.58 9.63 9.39 9.39
2016-06-20 9.47 9.54 9.47 9.47
2016-08-08 10.15 10.17 9.74 9.74
2016-08-15 10.03 10.04 9.8 9.8
2016-08-18 10.2 10.21 10.01 10.01
2016-08-23 10.44 10.5 10.13 10.13
2016-08-31 10.44 10.5 10.24 10.24
2016-09-02 10.78 10.94 10.61 10.61
2016-09-09 11.31 11.34 11.17 11.17
2016-09-13 11.54 11.55 11.05 11.05
2017-05-16 8.72 8.75 8.44 8.44
2017-07-27 7.59 7.61 7.45 7.45
2017-08-18 8.08 8.3 7.83 7.83
2017-08-24 8.45 8.61 8.2 8.2
2017-08-30 8.23 8.33 8.2 8.2
