2001-01-12 20.58 20.9 19.8 19.8
2001-02-21 20.3 20.69 20.3 20.3
2001-02-22 20.35 20.6 20.2 20.2
2001-03-07 21.64 21.88 21.4 21.4
2001-03-19 25.19 25.3 23.8 23.8
2001-03-22 25.8 26.5 25.05 25.05
2001-04-17 31.32 31.53 30.51 30.51
2001-04-27 32.49 32.66 29.6 29.6
2001-05-08 31.65 31.73 31.0 31.0
2001-05-31 19.46 19.95 18.58 18.58
2001-06-21 17.7 17.7 16.87 16.87
2001-08-01 16.0 16.0 15.68 15.68
2001-08-15 14.95 15.01 14.85 14.85
2001-10-23 11.0 11.0 11.0 11.0
2001-10-24 12.1 12.1 12.1 12.1
2001-12-03 13.13 13.14 12.35 12.35
2001-12-06 13.77 13.8 13.37 13.37
2001-12-18 13.01 13.03 12.8 12.8
2002-01-08 10.91 11.1 10.55 10.55
2002-01-31 8.79 8.79 8.12 8.12
2002-03-05 9.6 9.7 9.4 9.4
2002-03-07 10.04 10.07 9.61 9.61
2002-03-25 10.92 11.08 10.63 10.63
2002-04-26 9.85 9.96 9.5 9.5
2002-05-24 9.07 9.1 8.8 8.8
2002-06-11 8.99 9.04 8.62 8.62
2002-06-18 8.88 8.98 8.65 8.65
2002-06-21 9.17 9.19 8.83 8.83
2002-07-03 9.93 9.98 9.81 9.81
2002-08-01 9.59 9.64 9.53 9.53
2002-08-07 9.58 9.63 9.46 9.46
2002-08-19 9.42 9.46 9.35 9.35
2002-08-22 9.66 9.73 9.52 9.52
2002-09-02 9.58 9.65 9.46 9.46
2002-09-19 9.1 9.2 8.88 8.88
2002-10-31 8.34 8.4 8.26 8.26
2002-11-15 7.86 7.99 7.78 7.78
2002-12-03 7.32 7.33 7.15 7.15
2002-12-13 7.4 7.45 7.15 7.15
2003-01-03 7.0 7.04 6.92 6.92
2003-01-27 7.92 7.97 7.75 7.75
2003-02-12 8.17 8.18 8.03 8.03
2003-03-14 7.9 7.93 7.75 7.75
2003-04-01 8.45 8.54 8.36 8.36
2003-04-21 9.15 9.51 9.0 9.0
2003-04-22 9.45 9.68 9.1 9.1
2003-06-13 10.42 10.53 10.37 10.37
2003-06-18 10.4 10.59 10.3 10.3
2003-07-03 10.16 10.16 9.9 9.9
2003-07-22 10.89 11.15 10.61 10.61
2003-07-29 10.71 10.83 10.6 10.6
2003-08-18 10.2 10.2 9.85 9.85
2003-09-01 9.81 9.84 9.5 9.5
2003-09-09 9.5 9.67 9.45 9.45
2003-09-26 9.4 9.5 9.28 9.28
2003-09-30 9.57 9.6 9.29 9.29
2003-10-28 9.87 10.13 9.82 9.82
2003-11-04 10.39 10.6 10.17 10.17
2003-12-23 10.89 11.03 10.08 10.08
2004-02-16 11.17 11.18 11.0 11.0
2004-02-17 11.5 11.59 11.21 11.21
2004-02-23 11.56 11.74 11.4 11.4
2004-03-22 10.75 10.89 10.7 10.7
2004-04-06 12.46 12.52 12.06 12.06
2004-06-08 10.49 10.64 10.4 10.4
2004-07-01 8.18 8.3 7.85 7.85
2004-08-13 7.56 7.64 7.45 7.45
2004-09-07 7.15 7.15 6.96 6.96
2004-09-14 6.54 6.65 6.38 6.38
2004-10-19 7.06 7.27 6.98 6.98
2004-11-15 7.11 7.16 6.88 6.88
2004-11-18 7.12 7.16 7.02 7.02
2004-12-22 6.8 6.81 6.62 6.62
2005-01-07 6.17 6.3 6.1 6.1
2005-02-02 6.17 6.22 5.74 5.74
2005-02-21 6.3 6.3 6.16 6.16
2005-03-07 6.1 6.17 6.05 6.05
2005-04-19 5.17 5.18 5.08 5.08
2005-04-27 4.74 4.98 4.51 4.51
2005-05-17 4.81 4.92 4.69 4.69
2005-05-18 4.92 4.93 4.8 4.8
2005-05-24 5.05 5.08 4.85 4.85
2005-05-31 5.02 5.1 4.98 4.98
2005-06-08 5.19 5.2 4.85 4.85
2005-06-13 5.32 5.36 5.08 5.08
2005-07-07 4.84 4.87 4.75 4.75
2005-07-12 4.84 4.84 4.59 4.59
2005-08-03 4.68 4.8 4.66 4.66
2005-08-05 4.75 4.76 4.61 4.61
2005-08-19 5.11 5.25 4.96 4.96
2005-08-25 5.12 5.15 5.06 5.06
2005-08-31 5.04 5.12 4.95 4.95
2005-09-02 5.34 5.39 5.2 5.2
2005-09-07 5.33 5.34 5.2 5.2
2005-09-09 5.39 5.45 5.3 5.3
2005-09-12 5.33 5.35 5.28 5.28
2005-09-19 5.57 5.61 5.53 5.53
2005-09-23 5.31 5.35 5.2 5.2
2005-09-29 5.28 5.32 5.18 5.18
2005-10-11 5.29 5.29 5.18 5.18
2005-10-19 5.09 5.2 5.05 5.05
2005-10-21 5.07 5.08 4.94 4.94
2005-11-04 4.8 4.85 4.72 4.72
2005-11-14 5.01 5.05 4.95 4.95
2005-11-18 4.98 5.05 4.9 4.9
2006-10-24 7.25 7.27 7.06 7.06
2006-11-23 7.82 7.83 7.45 7.45
2006-12-11 7.9 7.91 7.65 7.65
2006-12-29 7.86 8.02 7.72 7.72
2007-01-11 8.89 9.4 8.7 8.7
2007-01-15 8.78 8.79 8.35 8.35
2007-01-22 10.02 10.16 9.77 9.77
2007-02-13 10.66 10.8 9.8 9.8
2007-02-15 11.74 11.8 10.81 10.81
2007-02-16 12.01 12.67 11.8 11.8
2007-02-28 11.39 11.4 10.55 10.55
2007-04-23 13.97 14.35 13.86 13.86
2007-04-24 14.25 14.6 13.99 13.99
2007-07-02 12.43 12.65 11.88 11.88
2007-07-20 12.28 12.36 11.87 11.87
2007-07-23 12.85 13.0 12.29 12.29
2007-07-30 13.44 13.58 13.21 13.21
2007-08-02 13.16 13.32 12.81 12.81
2007-08-27 15.53 16.0 15.2 15.2
2007-09-03 15.6 15.86 15.2 15.2
2007-09-06 15.85 16.25 15.75 15.75
2007-10-29 13.34 13.43 12.85 12.85
2007-10-31 13.92 14.13 13.56 13.56
2007-11-14 13.66 13.68 13.25 13.25
2007-11-16 13.57 13.83 13.38 13.38
2007-11-20 13.99 14.09 13.68 13.68
2007-11-23 13.18 13.2 12.87 12.87
2007-12-17 14.31 14.48 14.01 14.01
2007-12-19 14.93 15.06 14.3 14.3
2008-02-04 13.7 13.77 13.0 13.0
2008-03-25 12.39 12.4 11.8 11.8
2008-04-29 9.14 9.2 8.9 8.9
2008-07-24 7.13 7.14 6.95 6.95
2008-07-28 7.22 7.26 6.98 6.98
2008-08-14 5.98 6.05 5.67 5.67
2008-11-04 4.25 4.32 4.09 4.09
2008-11-10 4.54 4.56 4.22 4.22
2009-02-06 6.45 6.45 5.85 5.85
2009-03-04 7.7 7.7 6.95 6.95
2009-04-02 7.83 7.96 7.78 7.78
2009-04-07 7.72 7.74 7.51 7.51
2009-04-17 7.97 8.14 7.93 7.93
2009-04-20 8.16 8.25 7.98 7.98
2009-04-28 7.56 7.61 7.43 7.43
2009-04-29 7.97 8.07 7.61 7.61
2009-07-13 10.26 10.59 9.81 9.81
2009-07-22 9.92 10.0 9.78 9.78
2009-08-03 10.81 10.94 10.15 10.15
2009-08-20 8.73 8.8 8.37 8.37
2009-09-01 8.26 8.44 8.2 8.2
2009-10-09 8.69 8.72 8.42 8.42
2009-10-13 8.9 8.91 8.63 8.63
2009-10-14 8.94 9.07 8.86 8.86
2009-10-23 9.56 9.95 9.22 9.22
2009-11-30 12.16 12.17 11.82 11.82
2009-12-03 13.33 13.5 12.81 12.81
2010-01-29 12.18 12.5 12.08 12.08
2010-03-08 13.44 13.55 13.18 13.18
2010-03-24 13.87 13.98 13.51 13.51
2010-03-25 14.3 14.48 13.85 13.85
2010-04-06 17.12 17.65 16.55 16.55
2010-04-08 17.47 17.78 17.15 17.15
2010-06-08 16.5 16.5 16.0 16.0
2010-06-11 17.16 17.75 17.13 17.13
2010-07-20 13.68 13.82 12.58 12.58
2010-08-02 15.01 15.12 14.18 14.18
2010-08-04 16.34 16.6 15.59 15.59
2010-08-19 19.28 19.72 17.91 17.91
2010-08-24 20.81 21.2 19.1 19.1
2010-09-13 20.81 21.31 20.0 20.0
2010-09-29 19.82 20.6 19.23 19.23
2010-10-19 19.08 19.16 17.8 17.8
2010-10-25 20.34 20.49 19.75 19.75
2010-12-13 16.17 16.22 15.82 15.82
2010-12-16 16.78 17.18 16.7 16.7
2011-01-13 16.7 16.84 16.05 16.05
2011-01-26 17.26 17.83 16.71 16.71
2011-02-16 20.62 20.96 19.18 19.18
2011-03-09 22.59 23.38 21.8 21.8
2011-03-18 21.55 21.76 21.42 21.42
2011-04-15 20.98 21.0 20.34 20.34
2011-06-08 8.64 8.66 8.41 8.41
2011-06-21 8.08 8.1 7.95 7.95
2011-07-04 9.69 9.7 8.96 8.96
2011-07-22 8.87 8.93 8.76 8.76
2011-08-03 8.22 8.37 8.1 8.1
2011-08-04 8.33 8.46 8.25 8.25
2011-08-11 7.31 7.36 7.1 7.1
2011-11-08 9.63 9.65 9.13 9.13
2012-02-08 7.13 7.15 6.9 6.9
2012-03-08 7.53 7.57 7.45 7.45
2012-03-22 7.21 7.31 7.14 7.14
2012-04-05 6.84 6.87 6.67 6.67
2012-04-18 7.46 7.47 7.19 7.19
2012-05-17 6.29 6.29 6.14 6.14
2012-06-01 5.75 5.8 5.71 5.71
2012-08-21 5.83 5.93 5.78 5.78
2012-08-28 5.52 5.62 5.38 5.38
2012-10-18 4.89 4.91 4.78 4.78
2012-10-19 4.93 5.01 4.89 4.89
2012-10-23 4.94 5.09 4.91 4.91
2012-10-24 5.1 5.14 4.91 4.91
2012-11-01 4.75 4.79 4.64 4.64
2012-11-14 4.46 4.51 4.44 4.44
2012-11-15 4.56 4.74 4.49 4.49
2012-12-14 4.25 4.33 3.98 3.98
2012-12-31 4.38 4.4 4.34 4.34
2013-03-05 4.63 4.64 4.46 4.46
2013-03-14 5.01 5.01 4.55 4.55
2013-04-11 5.29 5.4 5.16 5.16
2013-07-05 3.61 3.66 3.58 3.58
2013-07-11 3.64 3.68 3.52 3.52
2013-07-15 3.94 3.94 3.94 3.94
2013-08-05 3.95 3.97 3.87 3.87
2013-08-12 3.98 3.98 3.92 3.92
2013-08-26 3.88 3.88 3.8 3.8
2013-08-27 3.99 4.0 3.89 3.89
2013-09-02 4.08 4.09 3.99 3.99
2013-09-23 4.36 4.4 4.27 4.27
2013-09-26 4.37 4.48 4.33 4.33
2013-11-06 4.46 4.53 4.38 4.38
2013-12-04 4.83 4.9 4.77 4.77
2013-12-05 4.93 4.97 4.8 4.8
2013-12-27 4.42 4.51 4.3 4.3
2014-02-10 4.63 4.63 4.24 4.24
2014-03-17 4.16 4.19 4.06 4.06
2014-04-04 4.0 4.01 3.95 3.95
2014-04-24 3.93 3.99 3.9 3.9
2014-05-08 3.62 3.63 3.55 3.55
2014-05-20 3.52 3.56 3.5 3.5
2014-06-20 3.63 3.66 3.57 3.57
2014-06-25 4.0 4.0 3.64 3.64
2014-07-22 4.82 4.97 4.6 4.6
2014-08-11 4.81 4.81 4.71 4.71
2014-08-15 5.08 5.13 4.97 4.97
2014-08-29 5.03 5.06 5.0 5.0
2014-10-16 5.97 6.12 5.8 5.8
2014-10-20 6.16 6.23 5.96 5.96
2014-10-24 5.69 5.79 5.66 5.66
2014-10-30 6.4 6.43 6.16 6.16
2014-12-24 5.44 5.48 5.36 5.36
2015-01-20 5.43 5.48 5.25 5.25
2015-02-13 5.49 5.51 5.41 5.41
2015-02-17 5.66 5.66 5.54 5.54
2015-02-27 6.25 6.25 5.75 5.75
2015-03-09 6.45 6.48 6.25 6.25
2015-04-17 7.79 7.83 7.68 7.68
2015-06-02 8.71 8.71 8.71 8.71
2015-06-03 9.58 9.58 9.58 9.58
2015-06-04 10.54 10.54 10.54 10.54
2015-06-05 11.59 11.59 11.59 11.59
2015-07-13 7.91 7.91 7.91 7.91
2015-07-14 8.7 8.7 8.7 8.7
2015-07-16 7.71 8.07 7.13 7.13
2015-08-04 7.17 7.19 6.6 6.6
2015-09-16 5.49 5.54 5.1 5.1
2015-11-04 7.02 7.03 6.7 6.7
2015-11-06 7.2 7.25 7.0 7.0
2015-11-11 8.46 8.46 8.46 8.46
2015-11-12 9.31 9.31 9.31 9.31
2015-11-16 11.26 11.26 10.27 10.27
2015-11-26 17.2 17.2 16.25 16.25
2015-12-15 14.67 14.75 13.7 13.7
2016-01-05 13.25 14.42 12.5 12.5
2016-01-15 11.99 12.78 11.52 11.52
2016-02-02 9.96 10.1 9.12 9.12
2016-03-07 9.93 9.99 9.6 9.6
2016-03-17 12.41 12.41 11.3 11.3
2016-03-18 13.65 13.65 13.65 13.65
2016-04-05 13.41 13.65 12.76 12.76
2016-05-23 10.94 11.2 10.65 10.65
2016-06-27 14.65 14.65 13.4 13.4
2016-07-26 12.94 12.96 12.67 12.67
2016-08-19 11.34 11.49 11.11 11.11
2016-08-26 11.58 11.93 11.3 11.3
2016-09-19 11.14 11.19 11.08 11.08
2016-10-10 10.7 10.72 10.37 10.37
2016-10-24 10.62 10.69 10.53 10.53
2017-01-17 9.92 9.92 9.92 9.92
2017-01-18 10.91 10.91 10.91 10.91
2017-03-16 10.21 10.26 10.15 10.15
2017-03-28 10.0 10.05 9.95 9.95
2017-04-13 10.21 10.27 9.94 9.94
2017-04-21 9.0 9.06 8.95 8.95
2017-05-05 10.12 10.4 9.7 9.7
2017-05-26 10.08 10.16 9.85 9.85
2017-06-26 10.3 10.33 10.16 10.16
2017-07-07 10.42 10.48 10.13 10.13
2017-08-14 10.74 10.82 10.58 10.58
2017-08-21 10.84 10.85 10.7 10.7
