1993-04-26 45.24 48.0 42.0 42.0
1993-04-28 44.7 45.3 43.5 43.5
1993-05-11 33.85 34.5 32.0 32.0
1993-06-15 26.25 26.6 25.15 25.15
1993-07-16 19.92 20.0 19.8 19.8
1993-07-29 18.45 18.5 18.19 18.19
1993-07-30 20.0 21.0 18.49 18.49
1993-08-05 19.1 19.71 18.2 18.2
1993-08-09 19.93 20.0 19.37 19.37
1993-08-11 19.68 19.7 19.21 19.21
1993-08-24 20.8 21.26 20.58 20.58
1993-08-25 21.7 22.5 21.2 21.2
1993-09-01 21.2 21.47 21.1 21.1
1993-09-21 21.44 21.69 21.0 21.0
1993-09-27 20.99 21.1 20.85 20.85
1993-10-20 19.15 19.2 19.05 19.05
1993-10-28 18.96 19.19 17.75 17.75
1993-11-02 18.73 19.2 18.51 18.51
1993-11-12 19.55 19.7 18.9 18.9
1993-11-18 20.08 20.1 19.85 19.85
1993-11-19 20.9 20.91 20.2 20.2
1994-01-06 23.18 23.95 21.88 21.88
1994-01-27 21.38 21.45 21.2 21.2
1994-01-31 20.4 20.56 20.0 20.0
1994-02-02 20.5 20.5 20.0 20.0
1994-03-01 19.8 20.1 19.8 19.8
1994-03-22 16.7 16.94 16.02 16.02
1994-04-26 11.49 11.5 11.16 11.16
1994-05-12 9.79 10.4 9.58 9.58
1994-05-24 9.51 9.64 9.51 9.51
1994-07-05 6.39 6.5 6.28 6.28
1994-07-08 6.28 6.43 6.15 6.15
1994-07-13 6.28 6.33 6.21 6.21
1994-07-19 5.7 5.76 5.56 5.56
1994-07-26 5.85 5.9 5.6 5.6
1994-08-16 10.55 11.44 10.0 10.0
1994-08-18 12.18 12.65 11.5 11.5
1994-08-30 11.75 11.96 11.01 11.01
1994-10-11 12.2 12.5 12.0 12.0
1994-10-17 10.5 10.8 10.2 10.2
1994-10-19 11.15 11.4 10.7 10.7
1994-10-28 12.0 12.76 11.2 11.2
1994-11-07 11.85 11.97 11.3 11.3
1994-11-29 12.5 12.5 12.05 12.05
1994-12-15 12.1 12.36 11.2 11.2
1994-12-23 12.0 12.47 11.98 11.98
1995-01-03 11.06 11.27 10.69 10.69
1995-01-16 10.2 10.38 10.08 10.08
1995-02-09 9.42 9.42 9.1 9.1
1995-03-01 9.13 9.2 9.0 9.0
1995-03-03 9.5 9.6 9.25 9.25
1995-03-28 10.65 10.7 10.43 10.43
1995-04-03 11.15 11.23 10.8 10.8
1995-04-12 10.62 10.7 10.51 10.51
1995-04-17 10.76 11.08 10.7 10.7
1995-04-19 10.73 10.88 10.51 10.51
1995-05-02 9.54 9.57 9.4 9.4
1995-05-09 9.6 9.6 9.48 9.48
1995-05-11 9.46 9.64 9.38 9.38
1995-05-12 9.7 9.88 9.48 9.48
1995-06-02 13.4 13.5 13.0 13.0
1995-06-16 11.72 12.28 11.3 11.3
1995-06-21 11.44 11.44 11.3 11.3
1995-07-13 11.28 11.35 11.18 11.18
1995-07-17 11.55 11.8 9.6 9.6
1995-07-18 11.15 11.33 9.88 9.88
1995-07-27 10.55 10.65 10.45 10.45
1995-08-04 10.62 10.7 10.6 10.6
1995-08-17 11.5 11.9 11.3 11.3
1995-09-07 11.3 11.48 11.2 11.2
1995-09-11 11.55 11.7 11.3 11.3
1995-09-21 10.83 11.0 10.72 10.72
1995-09-26 10.85 10.87 10.75 10.75
1995-09-29 10.7 10.7 10.5 10.5
1995-10-18 10.6 10.65 10.5 10.5
1995-11-20 10.25 10.3 10.18 10.18
1995-12-20 9.58 9.67 9.5 9.5
1996-01-09 8.59 8.62 8.3 8.3
1996-01-23 7.8 7.85 7.78 7.78
1996-01-26 8.08 8.08 7.85 7.85
1996-02-13 8.16 8.2 7.96 7.96
1996-02-15 8.33 8.44 8.08 8.08
1996-02-16 8.88 8.95 8.36 8.36
1996-03-13 8.76 8.85 8.75 8.75
1996-04-01 8.91 9.13 8.75 8.75
1996-04-03 8.88 8.88 8.76 8.76
1996-04-05 9.4 9.45 9.0 9.0
1996-04-10 9.32 9.47 9.21 9.21
1996-04-19 9.66 9.73 9.4 9.4
1996-04-23 9.77 9.89 9.7 9.7
1996-04-24 10.35 10.36 9.98 9.98
1996-04-29 15.0 15.1 13.2 13.2
1996-05-06 12.27 12.69 11.88 11.88
1996-05-22 12.9 12.93 12.4 12.4
1996-06-04 13.48 13.8 13.2 13.2
1996-06-05 15.06 15.19 13.6 13.6
1996-06-25 17.05 17.5 15.85 15.85
1996-07-03 18.72 18.88 16.6 16.6
1996-08-21 23.73 24.2 22.5 22.5
1996-09-03 26.2 26.3 25.1 25.1
1996-09-11 28.5 28.8 27.6 27.6
1996-09-20 29.16 29.39 28.6 28.6
1996-10-08 29.9 30.3 29.8 29.8
1996-10-28 30.5 30.58 29.5 29.5
1996-11-04 30.38 30.55 30.1 30.1
1996-11-07 30.58 30.6 30.2 30.2
1996-11-14 30.52 30.65 30.4 30.4
1996-11-15 30.5 30.79 30.3 30.3
1996-11-22 30.55 30.6 30.1 30.1
1996-11-25 30.1 30.39 29.8 29.8
1996-11-26 30.0 30.1 29.8 29.8
1996-12-02 30.5 30.59 29.9 29.9
1996-12-16 25.65 25.65 25.65 25.65
1996-12-17 23.11 25.6 23.09 23.09
1996-12-18 25.42 25.42 23.21 23.21
1997-01-07 26.85 27.83 24.0 24.0
1997-01-10 26.3 26.52 25.7 25.7
1997-01-15 21.9 22.41 20.6 20.6
1997-01-29 21.5 21.8 21.2 21.2
1997-02-20 22.07 24.0 19.72 19.72
1997-03-17 25.19 25.45 23.62 23.62
1997-03-24 27.4 27.8 26.6 26.6
1997-04-01 25.42 25.8 24.9 24.9
1997-04-09 26.0 26.3 25.7 25.7
1997-04-28 30.8 32.0 30.0 30.0
1997-04-30 30.95 31.25 29.79 29.79
1997-05-05 31.9 32.1 30.95 30.95
1997-05-19 28.35 28.35 27.5 27.5
1997-05-20 29.0 29.8 28.4 28.4
1997-05-22 26.45 27.9 26.08 26.08
1997-06-04 31.65 32.0 30.45 30.45
1997-07-24 22.25 22.6 22.01 22.01
1997-07-29 22.15 22.25 21.52 21.52
1997-07-30 22.67 23.2 22.08 22.08
1997-08-13 21.9 22.58 21.8 21.8
1997-08-14 22.0 22.3 21.85 21.85
1997-08-22 22.1 22.45 19.8 19.8
1997-08-26 22.22 22.22 21.56 21.56
1997-09-02 21.6 21.88 21.5 21.5
1997-09-24 19.0 19.02 17.68 17.68
1997-10-22 22.53 22.55 20.8 20.8
1997-10-27 21.24 21.5 20.5 20.5
1997-11-03 19.92 20.2 19.0 19.0
1997-11-06 20.1 20.2 19.9 19.9
1997-11-13 21.0 21.38 19.98 19.98
1997-11-18 20.07 20.83 19.98 19.98
1997-11-21 19.88 20.1 19.71 19.71
1997-11-28 19.76 19.95 19.0 19.0
1997-12-02 19.6 19.95 19.41 19.41
1997-12-04 20.2 20.29 19.8 19.8
1997-12-08 20.37 20.46 19.8 19.8
1997-12-18 21.53 21.94 20.85 20.85
1997-12-19 21.6 21.8 21.3 21.3
1998-01-09 23.7 23.7 22.6 22.6
1998-01-22 23.5 23.65 23.2 23.2
1998-01-23 23.86 24.09 23.5 23.5
1998-02-11 24.28 24.38 24.0 24.0
1998-03-04 21.71 22.0 21.5 21.5
1998-04-01 21.8 21.88 21.5 21.5
1998-04-03 22.88 22.88 21.9 21.9
1998-04-06 22.6 22.8 22.0 22.0
1998-04-14 23.78 23.8 22.39 22.39
1998-04-20 23.3 23.5 22.9 22.9
1998-05-05 22.94 23.16 22.88 22.88
1998-05-08 23.0 23.0 22.9 22.9
1998-05-15 22.79 23.09 22.6 22.6
1998-05-21 22.35 22.5 20.89 20.89
1998-06-03 22.38 22.81 21.8 21.8
1998-06-12 21.15 21.49 20.87 20.87
1998-08-19 17.4 17.55 16.28 16.28
1998-10-23 13.8 14.23 13.45 13.45
1998-10-30 13.33 13.8 13.18 13.18
1998-11-20 14.11 14.25 14.02 14.02
1998-11-27 13.7 13.95 13.6 13.6
1998-11-30 13.95 14.0 13.8 13.8
1998-12-04 13.97 14.14 13.79 13.79
1998-12-09 14.0 14.08 13.9 13.9
1998-12-21 13.05 13.18 12.95 12.95
1998-12-22 13.45 13.48 13.01 13.01
1999-03-03 11.15 11.16 10.7 10.7
1999-03-05 11.64 11.93 11.2 11.2
1999-03-11 11.13 11.25 10.9 10.9
1999-03-25 11.27 11.6 11.14 11.14
1999-04-13 11.23 11.55 11.1 11.1
1999-04-19 11.75 11.94 11.48 11.48
1999-04-28 10.3 10.58 10.3 10.3
1999-07-14 13.6 13.76 13.0 13.0
1999-07-23 13.52 14.25 13.32 13.32
1999-07-26 13.73 13.98 13.6 13.6
1999-07-30 14.7 15.13 14.4 14.4
1999-08-13 13.35 13.58 13.3 13.3
1999-08-19 13.55 13.78 12.75 12.75
1999-08-23 13.2 13.55 13.1 13.1
1999-09-09 13.69 13.69 13.1 13.1
1999-09-13 13.65 13.75 13.3 13.3
1999-09-24 13.57 13.86 13.45 13.45
1999-10-20 12.09 12.29 11.94 11.94
1999-11-08 12.49 12.55 12.01 12.01
1999-11-17 11.99 12.05 11.6 11.6
2000-03-28 10.8 10.95 10.7 10.7
2000-05-19 11.63 11.78 11.51 11.51
2000-05-29 12.28 12.3 11.98 11.98
2000-06-21 12.38 12.38 12.12 12.12
2000-06-23 12.62 12.62 11.99 11.99
2000-07-05 11.42 11.49 11.2 11.2
2000-07-27 12.07 12.58 11.68 11.68
2000-08-01 12.28 12.49 12.2 12.2
2000-08-29 12.39 12.61 12.19 12.19
2000-09-07 12.3 12.35 11.9 11.9
2000-09-27 12.4 12.53 12.2 12.2
2000-11-01 11.69 11.75 11.55 11.55
2000-11-02 11.79 11.98 11.7 11.7
2000-11-22 13.26 13.35 12.5 12.5
2000-12-12 12.63 12.7 12.36 12.36
2000-12-14 12.75 12.94 12.64 12.64
2000-12-25 12.7 12.92 12.36 12.36
2000-12-27 12.71 12.9 12.62 12.62
2001-02-09 13.38 13.45 12.85 12.85
2001-02-19 13.65 13.7 13.15 13.15
2001-04-05 13.84 13.88 13.65 13.65
2001-05-10 13.3 13.39 13.18 13.18
2001-06-21 12.54 12.59 12.41 12.41
2001-07-05 12.47 12.7 12.4 12.4
2001-07-19 12.08 12.18 11.95 11.95
2001-08-10 10.74 10.75 10.5 10.5
2001-08-17 10.35 10.45 10.2 10.2
2001-08-31 10.13 10.3 10.1 10.1
2001-09-04 10.45 10.48 10.12 10.12
2001-09-13 10.41 10.68 10.38 10.38
2001-09-18 10.12 10.2 10.0 10.0
2001-10-09 11.06 11.22 10.74 10.74
2001-10-26 11.53 11.65 11.4 11.4
2001-11-14 11.13 11.29 11.05 11.05
2001-11-27 11.6 11.61 11.5 11.5
2001-12-26 10.36 10.38 10.21 10.21
2002-01-31 8.28 8.28 7.6 7.6
2002-02-07 9.39 9.5 8.96 8.96
2002-03-06 9.7 10.25 9.6 9.6
2002-04-03 9.47 9.58 9.41 9.41
2002-04-26 10.25 10.32 10.1 10.1
2002-06-06 9.32 9.48 8.66 8.66
2002-06-18 9.38 9.46 9.08 9.08
2002-06-20 9.39 9.51 9.28 9.28
2002-07-08 10.96 11.0 10.65 10.65
2002-07-30 10.99 11.26 10.65 10.65
2002-08-20 11.16 11.42 10.93 10.93
2002-08-23 11.34 11.42 11.13 11.13
2002-09-06 11.7 11.84 11.65 11.65
2002-09-10 11.56 11.63 11.4 11.4
2002-11-19 11.03 11.06 10.8 10.8
2002-11-25 10.6 10.68 10.5 10.5
2003-03-07 10.0 10.05 10.0 10.0
2003-03-24 10.02 10.06 10.0 10.0
2003-03-26 10.14 10.17 9.97 9.97
2003-04-01 10.91 11.2 10.6 10.6
2003-04-02 11.2 11.22 10.92 10.92
2003-04-04 11.35 11.4 11.15 11.15
2003-04-07 11.41 11.58 11.33 11.33
2003-04-11 12.03 12.35 11.22 11.22
2003-05-16 12.81 12.97 12.4 12.4
2003-06-04 12.42 12.45 12.1 12.1
2003-07-15 10.61 10.65 10.38 10.38
2003-08-04 9.51 9.63 9.38 9.38
2003-09-26 9.29 9.35 9.21 9.21
2003-12-12 10.46 10.69 10.19 10.19
2003-12-23 10.18 10.6 10.0 10.0
2004-01-15 9.08 9.35 9.04 9.04
2004-02-02 9.99 10.14 9.52 9.52
2004-02-24 8.28 8.6 8.15 8.15
2004-03-19 8.05 8.06 7.85 7.85
2004-03-31 7.95 7.97 7.83 7.83
2004-04-29 6.99 7.1 6.9 6.9
2004-05-11 6.4 6.47 6.3 6.3
2004-07-13 7.17 7.26 6.82 6.82
2004-08-03 6.31 6.44 6.23 6.23
2004-08-04 6.49 6.64 6.3 6.3
2004-09-10 6.37 6.42 6.28 6.28
2004-09-14 6.46 6.53 6.25 6.25
2004-10-12 6.44 6.5 6.3 6.3
2004-11-05 6.26 6.32 6.1 6.1
2004-11-16 6.54 6.55 6.35 6.35
2004-11-19 7.27 7.57 7.02 7.02
2005-01-18 5.98 6.18 5.89 5.89
2005-02-01 6.19 6.19 5.91 5.91
2005-03-02 7.31 7.39 7.2 7.2
2005-03-31 5.99 6.04 5.87 5.87
2005-04-13 6.64 6.8 6.26 6.26
2005-06-08 6.22 6.26 5.75 5.75
2005-06-27 5.93 5.96 5.79 5.79
2005-07-04 4.59 4.59 4.59 4.59
2005-08-29 4.22 4.32 4.09 4.09
2005-09-02 4.66 4.79 4.56 4.56
2005-09-26 4.29 4.43 4.29 4.29
2005-09-30 4.19 4.28 4.18 4.18
2005-12-06 3.45 3.55 3.43 3.43
2005-12-07 3.52 3.57 3.47 3.47
2005-12-09 3.54 3.55 3.46 3.46
2005-12-28 3.59 3.62 3.56 3.56
2006-01-20 3.76 3.86 3.74 3.74
2006-04-14 4.58 4.75 4.35 4.35
2006-06-16 5.89 5.96 5.69 5.69
2006-08-08 5.55 5.57 5.32 5.32
2006-08-22 5.65 5.77 5.57 5.57
2006-08-29 6.52 6.52 6.16 6.16
2006-09-14 6.72 6.83 6.52 6.52
2006-09-22 6.74 6.9 6.69 6.69
2006-09-27 7.1 7.1 6.51 6.51
2006-11-01 7.03 7.47 7.01 7.01
2006-11-22 6.99 7.15 6.68 6.68
2006-12-04 7.87 7.98 7.64 7.64
2006-12-11 7.54 7.57 7.16 7.16
2006-12-21 8.05 8.4 7.83 7.83
2007-02-14 11.37 11.37 10.83 10.83
2007-02-28 11.77 11.98 11.38 11.38
2007-03-02 11.4 11.6 11.05 11.05
2007-03-29 13.98 14.3 13.88 13.88
2007-04-16 16.41 16.8 16.15 16.15
2007-04-20 16.58 16.58 15.9 15.9
2007-04-23 17.41 17.41 17.4 17.4
2007-04-24 18.28 18.28 18.28 18.28
2007-04-25 19.19 19.19 19.19 19.19
2007-04-27 20.15 20.15 20.15 20.15
2007-05-08 22.22 22.22 22.22 22.22
2007-05-21 21.63 22.25 21.0 21.0
2007-05-22 22.12 22.71 21.63 21.63
2007-05-23 23.23 23.23 22.02 22.02
2007-05-30 22.36 23.2 22.36 22.36
2007-05-31 21.24 21.8 21.24 21.24
2007-06-04 19.17 19.17 19.17 19.17
2007-06-05 18.21 18.21 18.21 18.21
2007-06-06 17.97 18.67 17.3 17.3
2007-06-13 19.88 19.97 19.06 19.06
2007-07-02 19.87 20.37 19.87 19.87
2007-07-03 18.93 19.41 18.88 18.88
2007-07-06 16.91 17.23 16.23 16.23
2007-07-23 18.93 19.18 18.4 18.4
2007-07-24 18.32 19.88 17.98 17.98
2007-08-24 25.59 25.59 25.59 25.59
2007-08-27 26.87 26.87 26.87 26.87
2007-09-18 25.95 25.95 24.8 24.8
2007-09-20 27.34 27.45 26.33 26.33
2007-10-10 26.78 27.2 26.62 26.62
2007-10-17 31.42 31.42 29.97 29.97
2007-10-23 29.29 29.88 28.15 28.15
2007-10-30 29.69 29.69 28.41 28.41
2007-11-23 25.96 26.05 24.81 24.81
2007-12-13 27.95 27.95 27.95 27.95
2008-03-21 13.78 13.93 13.05 13.05
2008-05-14 13.58 13.65 13.07 13.07
2008-06-04 11.98 12.1 11.72 11.72
2008-06-18 10.02 10.04 9.16 9.16
2008-07-08 10.9 10.9 10.9 10.9
2008-07-09 11.99 11.99 11.99 11.99
2008-07-10 13.19 13.19 13.19 13.19
2008-07-28 11.19 11.68 10.9 10.9
2008-08-21 7.85 7.85 7.85 7.85
2008-09-04 7.58 7.83 7.3 7.3
2008-09-10 8.09 8.21 7.46 7.46
2008-09-19 7.8 7.8 7.8 7.8
2008-11-05 4.62 4.76 4.48 4.48
2008-12-05 6.57 6.62 6.3 6.3
2008-12-10 6.96 7.09 6.42 6.42
2009-02-06 6.67 6.67 6.67 6.67
2009-02-09 7.34 7.34 7.34 7.34
2009-02-10 8.07 8.07 8.07 8.07
2009-03-19 8.0 8.04 7.82 7.82
2009-03-26 8.45 8.45 8.0 8.0
2009-06-15 12.2 12.41 11.41 11.41
2009-10-13 11.36 11.4 11.15 11.15
2009-11-16 12.8 12.92 12.5 12.5
2009-11-30 12.62 12.78 12.12 12.12
2010-02-03 11.0 11.04 10.51 10.51
2010-02-08 10.71 10.84 10.6 10.6
2010-03-17 11.04 11.07 10.8 10.8
2010-03-26 11.35 11.46 11.1 11.1
2010-05-21 7.7 7.73 7.22 7.22
2010-06-09 8.94 9.01 8.42 8.42
2010-07-14 7.89 8.04 7.66 7.66
2010-07-20 8.92 8.92 8.5 8.5
2010-09-01 9.61 9.95 9.5 9.5
2011-01-11 8.92 9.05 8.75 8.75
2011-01-19 8.6 8.64 8.44 8.44
2011-02-01 8.26 8.33 8.21 8.21
2011-02-16 8.68 8.71 8.57 8.57
2011-02-25 8.78 8.82 8.59 8.59
2011-03-24 8.65 8.73 8.52 8.52
2011-04-27 10.48 10.9 9.93 9.93
2011-06-03 9.9 10.11 9.86 9.86
2011-06-14 9.95 10.0 9.29 9.29
2011-06-22 9.82 9.92 9.69 9.69
2011-08-04 10.06 10.12 9.95 9.95
2011-09-07 8.67 8.74 8.49 8.49
2011-10-13 8.53 8.6 8.41 8.41
2011-10-21 8.06 8.3 7.93 7.93
2011-10-27 8.42 8.56 8.31 8.31
2011-11-18 8.5 8.79 8.4 8.4
2011-11-24 8.2 8.28 8.11 8.11
2011-12-20 7.2 7.35 6.88 6.88
2011-12-30 6.4 6.42 6.31 6.31
2012-02-22 7.36 7.41 7.05 7.05
2012-02-28 7.47 7.63 7.37 7.37
2012-03-07 7.39 7.43 7.16 7.16
2012-03-15 8.01 8.25 7.52 7.52
2012-03-26 8.16 8.22 7.97 7.97
2012-04-05 7.76 7.84 7.41 7.41
2012-05-22 9.4 9.45 9.3 9.3
2012-05-29 9.4 9.47 9.15 9.15
2012-07-24 8.23 8.34 7.91 7.91
2012-07-26 8.21 8.42 8.09 8.09
2012-08-28 7.93 7.97 7.81 7.81
2012-09-03 7.98 8.02 7.77 7.77
2012-09-05 7.85 7.93 7.78 7.78
2012-10-09 7.98 8.07 7.7 7.7
2012-12-10 7.0 7.04 6.85 6.85
2012-12-14 7.39 7.45 6.83 6.83
2012-12-24 7.58 7.74 7.53 7.53
2012-12-25 7.74 7.87 7.51 7.51
2013-02-04 9.14 9.67 9.04 9.04
2013-03-27 8.36 8.39 8.24 8.24
2013-05-10 7.84 7.87 7.62 7.62
2013-05-22 8.34 8.57 8.23 8.23
2013-05-24 8.49 8.5 8.29 8.29
2013-06-06 7.87 7.97 7.83 7.83
2013-08-15 6.93 7.07 6.89 6.89
2013-09-05 9.97 10.29 9.55 9.55
2014-01-21 10.02 10.08 9.9 9.9
2014-02-10 11.17 11.29 10.86 10.86
2014-03-17 9.43 9.46 9.23 9.23
2014-03-25 10.31 10.45 9.83 9.83
2014-04-17 10.57 10.73 10.56 10.56
2014-05-16 9.94 10.09 9.75 9.75
2014-06-24 9.11 9.14 9.02 9.02
2014-08-04 9.98 10.0 9.74 9.74
2014-08-11 9.94 9.98 9.8 9.8
2014-10-29 11.5 11.68 11.18 11.18
2014-12-26 14.37 14.44 13.62 13.62
2015-01-22 13.22 13.64 12.85 12.85
2015-01-26 13.76 13.88 13.04 13.04
2015-01-29 14.3 14.62 12.98 12.98
2015-04-22 19.62 19.81 18.84 18.84
2015-06-01 25.13 25.33 23.58 23.58
2015-06-02 27.64 27.64 25.7 25.7
2016-04-07 10.93 10.93 10.93 10.93
2016-04-13 10.81 11.24 10.42 10.42
2016-06-14 8.67 8.75 8.61 8.61
2016-06-17 8.93 9.14 8.78 8.78
2016-06-29 9.9 10.1 9.19 9.19
2016-08-04 11.81 12.06 11.54 11.54
2016-08-17 12.05 12.15 11.71 11.71
2016-09-19 11.38 11.4 11.27 11.27
2016-11-01 12.3 12.4 12.0 12.0
2016-12-06 12.59 12.83 12.51 12.51
2016-12-07 12.84 12.92 12.56 12.56
2016-12-16 11.93 12.07 11.87 11.87
2016-12-21 11.93 11.95 11.73 11.73
2016-12-23 11.87 11.98 11.81 11.81
2016-12-28 12.1 12.33 12.06 12.06
2016-12-29 12.39 12.44 12.1 12.1
2017-01-03 12.65 12.8 12.39 12.39
2017-01-04 12.63 12.86 12.59 12.59
2017-01-26 13.8 14.0 13.65 13.65
2017-02-28 14.12 14.13 13.83 13.83
2017-03-10 13.95 14.09 13.83 13.83
2017-08-04 15.72 16.27 15.39 15.39
2017-08-15 14.7 14.87 14.25 14.25
2017-08-25 13.79 13.89 13.63 13.63
