2003-03-14 9.44 9.56 9.4 9.4
2003-12-01 8.23 8.44 8.0 8.0
2003-12-08 8.33 8.55 8.3 8.3
2004-01-08 9.72 9.93 9.5 9.5
2004-07-16 7.78 7.88 7.28 7.28
2005-01-10 6.77 6.78 6.54 6.54
2005-06-29 6.24 6.3 6.22 6.22
2006-12-20 4.5 4.61 4.25 4.25
2006-12-22 4.51 4.58 4.4 4.4
2006-12-27 4.76 4.77 4.4 4.4
2007-01-08 5.08 5.18 4.84 4.84
2007-01-22 5.78 5.78 5.3 5.3
2007-02-08 6.25 6.33 6.01 6.01
2007-02-16 7.29 7.57 7.01 7.01
2007-04-02 8.53 8.55 8.26 8.26
2007-07-03 9.52 9.52 8.9 8.9
2007-07-06 9.36 9.37 8.5 8.5
2007-07-11 10.92 10.92 10.92 10.92
2007-07-23 12.84 13.0 12.01 12.01
2007-07-25 13.38 13.85 12.88 12.88
2007-07-30 14.21 14.34 13.57 13.57
2007-08-30 18.51 18.97 18.22 18.22
2007-10-30 18.46 18.97 17.77 17.77
2008-01-07 23.99 24.85 23.9 23.9
2008-01-11 26.44 27.0 25.05 25.05
2008-01-24 28.05 28.3 25.91 25.91
2008-04-08 11.09 11.5 10.59 10.59
2008-11-10 3.37 3.37 3.11 3.11
2009-01-16 4.44 4.6 4.33 4.33
2009-02-16 6.01 6.05 5.75 5.75
2009-05-13 6.68 7.02 6.4 6.4
2009-11-23 9.81 9.86 9.56 9.56
2010-05-10 6.44 6.47 6.24 6.24
2010-10-11 6.01 6.31 5.9 5.9
2011-03-16 6.82 6.9 6.62 6.62
2011-07-14 7.35 7.43 7.27 7.27
2013-11-15 2.86 2.89 2.81 2.81
2013-11-22 2.95 3.02 2.95 2.95
2013-11-28 3.0 3.04 2.97 2.97
2014-01-22 2.57 2.58 2.53 2.53
2014-02-10 2.74 2.77 2.54 2.54
2014-02-17 2.77 2.78 2.72 2.72
2014-02-19 2.74 2.76 2.71 2.71
2014-02-20 2.83 2.87 2.74 2.74
2014-05-30 2.53 2.57 2.53 2.53
2014-06-03 2.54 2.57 2.53 2.53
2014-06-27 2.5 2.54 2.46 2.46
2014-07-03 2.54 2.56 2.53 2.53
2014-07-04 2.56 2.58 2.54 2.54
2014-07-14 2.55 2.55 2.52 2.52
2014-10-29 3.25 3.29 3.21 3.21
2015-09-15 5.56 5.56 5.56 5.56
2015-09-16 5.28 5.28 5.28 5.28
2015-09-17 5.02 5.02 5.02 5.02
2015-09-18 4.77 4.77 4.77 4.77
2015-09-21 4.53 4.53 4.53 4.53
2015-09-22 4.3 4.3 4.3 4.3
2015-09-23 4.09 4.09 4.09 4.09
2015-09-24 3.89 3.89 3.89 3.89
2015-09-25 3.7 3.7 3.7 3.7
2015-09-28 3.52 3.52 3.52 3.52
2015-09-29 3.34 3.34 3.34 3.34
2015-09-30 3.17 3.26 3.17 3.17
2015-11-09 4.2 4.2 4.0 4.0
2015-11-10 4.41 4.41 4.21 4.21
2015-11-11 4.63 4.63 4.63 4.63
2015-11-18 4.39 4.48 4.35 4.35
2015-11-23 4.53 4.58 4.28 4.28
2015-12-16 5.22 5.33 5.08 5.08
2015-12-17 5.37 5.46 5.2 5.2
2016-01-05 4.78 4.99 4.78 4.78
2016-01-13 4.05 4.14 3.98 3.98
2016-01-29 4.65 4.65 4.38 4.38
2016-02-01 4.88 4.88 4.67 4.67
2016-02-16 5.32 5.45 5.23 5.23
2016-02-19 5.09 5.14 5.02 5.02
2016-11-30 5.5 5.56 5.42 5.42
2017-01-10 5.19 5.25 5.12 5.12
2017-06-23 3.59 3.81 3.5 3.5
2017-08-31 4.09 4.13 4.05 4.05
2017-09-01 4.5 4.5 4.11 4.11
