1996-07-18 9.73 9.88 9.25 9.25
1996-07-19 10.48 10.59 9.8 9.8
1996-07-30 11.6 11.62 10.57 10.57
1996-08-05 11.57 11.68 11.12 11.12
1996-08-19 12.78 12.78 11.09 11.09
1996-11-05 19.1 20.15 18.8 18.8
1996-11-12 18.7 19.1 18.5 18.5
1996-11-28 19.88 20.0 19.0 19.0
1996-12-02 20.24 22.0 19.58 19.58
1996-12-09 21.45 21.6 20.01 20.01
1996-12-11 22.42 22.65 21.0 21.0
1996-12-16 18.14 18.14 18.14 18.14
1996-12-17 16.33 16.33 16.33 16.33
1996-12-18 17.82 17.91 14.7 14.7
1996-12-20 17.0 17.0 14.5 14.5
1997-01-29 16.73 16.81 16.3 16.3
1997-02-20 15.4 15.4 13.87 13.87
1997-02-21 15.9 16.04 15.4 15.4
1997-02-25 17.27 17.27 15.91 15.91
1997-02-28 17.93 18.06 17.3 17.3
1997-03-10 19.1 19.5 18.75 18.75
1997-03-17 20.25 20.4 19.8 19.8
1997-03-21 20.45 20.68 19.65 19.65
1997-04-04 21.18 21.4 20.8 20.8
1997-04-09 24.39 24.39 22.5 22.5
1997-04-28 20.88 21.37 20.24 20.24
1997-04-30 21.0 21.2 20.62 20.62
1997-05-05 22.08 22.2 21.12 21.12
1997-05-22 18.6 19.95 18.4 18.4
1997-06-02 19.84 19.85 19.0 19.0
1997-06-16 17.3 17.5 17.1 17.1
1997-06-20 17.34 17.48 16.52 16.52
1997-07-18 16.6 16.9 16.15 16.15
1997-07-21 16.19 16.7 16.0 16.0
1997-07-24 15.83 16.3 15.75 15.75
1997-08-01 15.7 15.92 15.3 15.3
1997-08-20 12.65 12.78 12.3 12.3
1997-08-27 11.7 11.7 11.7 11.7
1997-08-28 12.1 12.39 11.68 11.68
1997-09-30 10.19 10.28 9.99 9.99
1997-10-15 10.62 10.62 10.45 10.45
1997-11-11 12.46 12.55 11.98 11.98
1997-11-28 12.41 12.44 12.05 12.05
1997-12-02 12.71 12.96 12.41 12.41
1997-12-08 13.08 13.16 12.7 12.7
1997-12-19 12.08 12.35 12.0 12.0
1998-01-05 12.41 12.5 12.21 12.21
1998-01-22 15.22 15.22 14.9 14.9
1998-02-19 14.85 15.33 14.8 14.8
1998-02-27 16.18 16.37 15.18 15.18
1998-03-11 15.35 15.8 15.31 15.31
1998-03-18 15.36 15.8 15.0 15.0
1998-03-23 15.48 15.6 14.99 14.99
1998-04-22 11.58 11.67 10.95 10.95
1998-04-29 11.58 11.78 11.35 11.35
1998-05-28 12.0 12.17 11.56 11.56
1998-06-12 11.89 11.95 11.41 11.41
1998-06-26 13.75 13.92 13.18 13.18
1998-07-16 13.76 13.85 13.1 13.1
1998-07-20 13.68 13.95 13.4 13.4
1998-07-21 13.9 14.39 13.7 13.7
1998-08-05 11.71 11.79 11.4 11.4
1998-09-07 9.02 9.1 8.9 8.9
1998-09-14 9.84 9.84 9.16 9.16
1998-10-12 10.6 10.6 10.12 10.12
1998-10-22 10.86 10.9 10.1 10.1
1998-11-04 11.48 11.78 11.41 11.41
1998-11-13 11.96 12.02 11.25 11.25
1998-12-25 9.2 9.4 9.06 9.06
1999-01-08 9.08 9.09 8.8 8.8
1999-01-22 7.53 7.6 7.52 7.52
1999-02-09 7.0 7.01 6.83 6.83
1999-03-05 7.93 8.14 7.78 7.78
1999-03-11 7.96 8.07 7.79 7.79
1999-03-24 8.02 8.18 7.95 7.95
1999-03-26 8.46 8.55 8.1 8.1
1999-04-19 8.2 8.6 8.15 8.15
1999-04-20 8.31 8.46 8.2 8.2
1999-04-21 8.55 8.66 8.3 8.3
1999-04-27 8.3 8.3 8.0 8.0
1999-05-06 8.35 8.38 7.85 7.85
1999-05-12 8.19 8.19 8.0 8.0
1999-05-19 8.4 8.4 8.1 8.1
1999-06-09 8.36 8.36 7.96 7.96
1999-08-02 9.12 9.24 8.8 8.8
1999-08-06 9.05 9.08 8.45 8.45
1999-08-12 9.3 9.45 9.11 9.11
1999-08-17 9.28 9.4 9.02 9.02
1999-09-09 10.39 10.55 9.9 9.9
1999-09-13 10.43 10.6 10.3 10.3
1999-09-20 10.49 10.62 10.3 10.3
1999-10-12 9.56 9.69 9.5 9.5
1999-10-19 9.89 9.96 9.15 9.15
1999-10-28 10.34 10.35 10.1 10.1
1999-10-29 10.63 10.84 10.34 10.34
1999-11-12 9.68 9.7 9.58 9.58
1999-11-17 10.31 10.42 9.9 9.9
1999-12-14 11.52 11.52 10.5 10.5
2000-01-27 9.05 9.45 8.91 8.91
2000-02-22 10.45 10.45 9.64 9.64
2000-03-09 10.9 11.2 10.7 10.7
2000-03-13 10.63 10.75 10.4 10.4
2000-03-15 10.3 10.5 10.0 10.0
2000-03-17 9.87 10.0 9.61 9.61
2000-03-27 11.25 11.28 10.7 10.7
2000-04-25 12.79 12.85 12.6 12.6
2000-05-19 11.65 11.86 11.48 11.48
2000-05-22 12.19 12.35 11.68 11.68
2000-05-30 13.42 13.8 13.28 13.28
2000-06-01 13.83 14.13 13.54 13.54
2000-06-09 12.95 13.19 12.9 12.9
2000-07-12 11.75 11.98 11.45 11.45
2000-08-02 13.2 13.38 13.13 13.13
2000-08-03 13.3 13.4 13.2 13.2
2000-08-21 14.07 14.3 13.9 13.9
2000-09-07 14.04 14.17 13.72 13.72
2000-09-11 14.96 14.99 14.23 14.23
2000-09-25 15.43 15.45 15.0 15.0
2000-10-10 14.53 14.55 13.85 13.85
2000-10-31 14.67 15.02 14.63 14.63
2000-11-01 14.87 14.99 14.7 14.7
2000-11-02 14.95 15.13 14.87 14.87
2000-11-17 15.25 15.34 14.96 14.96
2000-11-28 14.83 14.85 14.55 14.55
2000-11-30 14.62 14.69 14.5 14.5
2000-12-04 14.98 15.0 14.7 14.7
2000-12-12 14.0 14.0 13.81 13.81
2000-12-28 14.25 14.44 14.2 14.2
2001-01-02 14.48 14.49 14.22 14.22
2001-01-10 14.33 14.37 14.18 14.18
2001-01-18 13.81 14.0 13.75 13.75
2001-01-19 13.9 13.98 13.81 13.81
2001-02-13 13.2 13.29 13.05 13.05
2001-03-02 13.89 14.1 13.75 13.75
2001-03-19 14.31 14.47 14.25 14.25
2001-03-20 14.62 14.68 14.35 14.35
2001-03-27 14.86 14.88 14.6 14.6
2001-04-05 14.79 14.85 14.41 14.41
2001-04-06 14.74 14.85 14.72 14.72
2001-04-24 15.34 15.35 14.93 14.93
2001-04-30 16.0 16.26 15.72 15.72
2001-05-08 17.22 17.5 16.25 16.25
2001-06-05 18.36 18.67 18.22 18.22
2001-06-26 18.0 18.19 17.68 17.68
2001-07-09 17.18 17.23 17.02 17.02
2001-07-10 17.48 17.49 17.2 17.2
2001-08-01 15.75 15.8 15.22 15.22
2001-08-10 15.66 15.83 15.4 15.4
2001-08-21 15.46 15.52 15.3 15.3
2001-10-09 13.27 13.28 13.0 13.0
2001-11-19 12.6 12.6 12.2 12.2
2001-11-22 13.15 13.48 12.48 12.48
2001-12-03 13.54 13.68 13.48 13.48
2001-12-19 12.7 12.9 12.65 12.65
2001-12-25 12.39 12.45 12.1 12.1
2002-01-08 12.36 12.49 12.21 12.21
2002-01-31 13.34 13.49 12.67 12.67
2002-03-06 12.91 13.13 12.82 12.82
2002-03-08 13.6 13.62 13.19 13.19
2002-03-11 14.0 14.2 13.63 13.63
2002-04-09 13.24 13.29 12.92 12.92
2002-04-26 12.91 13.01 12.6 12.6
2002-05-28 11.82 11.9 11.66 11.66
2002-07-08 12.95 12.98 12.81 12.81
2002-08-13 12.39 12.45 12.36 12.36
2002-08-14 12.43 12.46 12.38 12.38
2002-08-20 12.45 12.48 12.29 12.29
2002-08-22 12.59 12.7 12.43 12.43
2002-08-27 12.95 13.08 12.7 12.7
2002-09-13 12.34 12.39 12.3 12.3
2002-09-19 12.26 12.29 12.08 12.08
2002-10-08 11.75 11.85 11.72 11.72
2002-10-22 11.62 11.65 11.35 11.35
2002-10-24 11.38 11.44 11.25 11.25
2002-11-05 11.5 11.54 11.2 11.2
2002-11-15 10.56 10.69 10.32 10.32
2002-12-03 9.83 9.85 9.7 9.7
2002-12-09 9.86 9.92 9.8 9.8
2002-12-23 10.41 10.55 10.3 10.3
2003-01-08 11.1 11.1 10.9 10.9
2003-01-10 11.57 11.76 11.3 11.3
2003-01-14 11.9 11.9 11.4 11.4
2003-01-17 12.27 12.42 11.88 11.88
2003-03-25 12.04 12.08 11.82 11.82
2003-04-15 12.42 12.45 12.0 12.0
2003-05-23 11.06 11.17 10.9 10.9
2003-05-26 11.28 11.28 11.0 11.0
2003-05-28 11.21 11.3 11.2 11.2
2003-06-17 11.66 11.79 11.59 11.59
2003-07-08 10.69 10.71 10.55 10.55
2003-07-09 10.69 10.88 10.68 10.68
2003-07-10 10.9 10.99 10.7 10.7
2003-07-24 10.03 10.15 10.0 10.0
2003-07-29 10.0 10.0 9.81 9.81
2003-07-31 10.1 10.13 10.0 10.0
2003-08-15 9.72 9.8 9.7 9.7
2003-08-19 9.69 9.7 9.59 9.59
2003-08-21 9.7 9.78 9.65 9.65
2003-08-22 9.63 9.7 9.48 9.48
2003-09-25 9.09 9.12 9.0 9.0
2003-10-14 10.04 10.07 9.79 9.79
2003-10-21 10.02 10.08 9.84 9.84
2003-11-14 8.01 8.05 7.75 7.75
2003-11-20 8.26 8.38 8.05 8.05
2003-12-01 8.43 8.51 8.3 8.3
2003-12-08 8.56 8.65 8.32 8.32
2003-12-24 8.51 8.58 8.3 8.3
2004-01-07 7.9 7.93 7.82 7.82
2004-02-19 9.32 9.48 9.2 9.2
2004-02-23 9.48 9.78 9.45 9.45
2004-05-18 6.74 6.77 6.5 6.5
2004-05-20 6.77 6.83 6.68 6.68
2004-06-04 6.63 6.7 6.6 6.6
2004-06-11 5.95 6.1 5.92 5.92
2004-07-16 5.4 5.44 5.27 5.27
2004-07-28 5.31 5.35 5.2 5.2
2004-07-30 5.43 5.8 5.34 5.34
2004-08-04 5.69 5.7 5.27 5.27
2004-08-20 5.44 5.48 5.3 5.3
2004-08-27 5.39 5.5 5.35 5.35
2004-08-30 5.4 5.45 5.35 5.35
2004-09-03 5.47 5.48 5.4 5.4
2004-09-13 5.15 5.32 5.05 5.05
2004-09-15 5.65 5.66 5.29 5.29
2004-10-15 5.03 5.05 4.94 4.94
2004-10-28 5.17 5.29 5.11 5.11
2004-10-29 5.14 5.36 4.92 4.92
2004-11-04 5.18 5.34 5.16 5.16
2004-11-05 5.13 5.25 5.1 5.1
2004-11-08 5.15 5.15 5.05 5.05
2004-11-15 5.44 5.48 5.4 5.4
2004-11-26 6.51 6.68 6.4 6.4
2004-11-29 7.0 7.02 6.46 6.46
2004-12-13 6.67 6.78 6.61 6.61
2004-12-20 6.5 6.55 6.32 6.32
2004-12-24 6.64 6.73 6.59 6.59
2005-02-02 7.1 7.12 6.72 6.72
2005-02-23 8.06 8.18 7.45 7.45
2005-04-05 4.13 4.16 3.99 3.99
2005-04-13 4.85 4.85 4.6 4.6
2005-04-26 4.96 5.04 4.88 4.88
2005-04-28 5.44 5.53 5.08 5.08
2005-05-17 4.78 4.86 4.61 4.61
2005-05-26 4.6 4.64 4.53 4.53
2005-06-06 4.43 4.43 4.21 4.21
2005-06-27 4.14 4.15 3.95 3.95
2005-07-13 3.35 3.46 3.32 3.32
2005-07-20 3.16 3.23 3.15 3.15
2005-07-26 3.3 3.32 3.16 3.16
2005-08-05 3.72 3.74 3.6 3.6
2005-08-09 3.85 3.86 3.72 3.72
2005-08-31 4.2 4.21 4.08 4.08
2005-10-13 4.48 4.57 4.45 4.45
2005-10-17 4.36 4.39 4.27 4.27
2005-11-16 4.13 4.14 4.05 4.05
2005-11-24 4.18 4.2 4.08 4.08
2005-12-07 3.9 3.94 3.8 3.8
2005-12-09 4.04 4.05 3.92 3.92
2005-12-19 4.26 4.27 4.22 4.22
2006-01-09 4.94 4.95 4.73 4.73
2006-10-12 6.05 6.05 5.5 5.5
2006-10-31 5.76 5.8 5.63 5.63
2006-11-17 5.85 6.0 5.68 5.68
2006-12-21 7.25 7.25 6.65 6.65
2007-01-10 8.05 8.06 7.44 7.44
2007-01-15 8.76 8.76 7.87 7.87
2007-01-22 9.86 10.05 9.27 9.27
2007-02-06 9.5 9.66 9.11 9.11
2007-02-16 10.97 11.25 10.75 10.75
2007-02-28 10.83 11.0 10.1 10.1
2007-03-15 10.3 10.45 10.02 10.02
2007-03-20 10.55 10.64 10.26 10.26
2007-03-22 11.52 11.8 11.1 11.1
2007-04-20 16.56 16.56 15.2 15.2
2007-04-23 17.36 17.8 16.93 16.93
2007-05-08 19.48 19.86 18.12 18.12
2007-05-17 19.4 19.42 18.1 18.1
2007-06-07 18.92 18.92 17.16 17.16
2007-07-06 21.12 21.28 19.68 19.68
2007-09-06 30.81 30.89 28.9 28.9
2007-09-28 35.74 35.95 33.2 33.2
2007-11-05 33.89 34.95 33.1 33.1
2007-12-19 30.85 31.01 30.3 30.3
2008-01-10 40.7 41.28 39.0 39.0
2008-01-15 40.98 41.6 40.0 40.0
2008-01-24 40.1 40.1 36.45 36.45
2008-02-14 37.99 38.45 37.5 37.5
2008-02-19 39.18 39.57 38.7 38.7
2008-02-28 36.19 36.99 35.3 35.3
2008-03-03 39.31 39.5 37.0 37.0
2008-03-12 37.09 39.14 36.5 36.5
2008-04-25 31.28 33.0 30.0 30.0
2008-04-30 32.52 33.05 31.1 31.1
2008-05-14 36.1 36.8 35.0 35.0
2008-05-15 37.28 37.95 36.44 36.44
2008-07-21 31.24 31.3 30.5 30.5
2008-09-26 14.73 14.73 13.5 13.5
2008-11-07 7.98 8.01 7.56 7.56
2008-11-12 8.73 8.77 8.4 8.4
2008-12-01 9.67 9.69 9.17 9.17
2008-12-05 12.1 12.1 10.9 10.9
2009-02-06 14.65 14.67 13.7 13.7
2009-02-11 16.63 17.3 16.0 16.0
2009-02-25 18.54 18.54 17.12 17.12
2009-03-02 14.25 14.63 13.66 13.66
2009-03-18 14.12 14.37 13.96 13.96
2009-04-29 13.5 13.59 13.2 13.2
2009-06-10 14.1 14.18 13.81 13.81
2009-07-10 13.99 14.44 13.78 13.78
2009-07-22 17.38 17.44 15.7 15.7
2009-07-30 18.09 18.39 17.27 17.27
2009-09-02 14.1 14.16 13.25 13.25
2009-09-11 15.87 16.1 15.2 15.2
2009-09-17 16.24 16.25 15.5 15.5
2009-09-25 14.28 14.4 13.63 13.63
2009-10-09 14.69 14.75 13.91 13.91
2009-12-04 19.99 20.85 19.22 19.22
2009-12-22 18.96 19.45 18.71 18.71
2009-12-30 21.03 21.6 20.8 20.8
2010-01-05 23.13 23.3 21.96 21.96
2010-01-08 22.96 22.98 21.8 21.8
2010-02-12 19.94 19.98 19.55 19.55
2010-02-25 20.48 20.77 20.02 20.02
2010-03-15 20.75 21.2 20.08 20.08
2010-06-08 7.97 8.07 7.56 7.56
2010-06-24 8.47 8.58 8.43 8.43
2010-07-14 7.88 8.05 7.78 7.78
2010-07-23 8.43 8.5 8.13 8.13
2010-10-11 9.1 9.38 8.99 8.99
2010-11-01 10.88 11.0 10.5 10.5
2010-11-24 10.17 10.18 9.74 9.74
2010-12-02 9.89 10.16 9.85 9.85
2011-01-26 8.59 8.62 8.41 8.41
2011-02-09 8.81 8.96 8.76 8.76
2011-03-04 10.09 10.1 9.76 9.76
2011-03-07 10.67 10.68 10.19 10.19
2011-03-23 10.46 10.55 10.22 10.22
2011-05-13 10.08 10.16 9.9 9.9
2011-06-03 9.14 9.23 8.94 8.94
2011-07-01 9.44 9.47 9.23 9.23
2011-07-13 9.6 9.63 9.39 9.39
2011-08-01 8.95 9.03 8.81 8.81
2011-08-19 7.14 7.2 7.03 7.03
2011-09-14 7.68 7.69 7.34 7.34
2011-09-19 7.72 7.89 7.69 7.69
2011-11-01 6.6 6.7 6.45 6.45
2011-12-23 5.37 5.48 5.24 5.24
2011-12-30 5.08 5.11 5.03 5.03
2012-01-09 4.87 4.93 4.5 4.5
2012-01-19 5.29 5.35 5.17 5.17
2012-02-06 5.52 5.62 5.41 5.41
2012-03-08 6.2 6.23 6.07 6.07
2012-05-30 5.56 5.68 5.5 5.5
2012-06-18 5.38 5.48 5.34 5.34
2012-07-13 5.12 5.12 5.12 5.12
2012-08-01 4.52 4.58 4.4 4.4
2012-09-03 4.17 4.19 4.09 4.09
2012-10-09 4.25 4.26 4.15 4.15
2012-11-12 4.07 4.08 4.03 4.03
2012-11-26 3.9 3.94 3.88 3.88
2012-11-30 3.55 3.57 3.46 3.46
2012-12-05 3.59 3.66 3.41 3.41
2012-12-11 4.09 4.09 3.77 3.77
2013-01-09 4.68 4.68 4.38 4.38
2013-01-18 4.77 4.87 4.7 4.7
2013-01-21 4.83 4.93 4.7 4.7
2013-01-28 4.4 4.43 4.3 4.3
2013-02-08 4.54 4.56 4.5 4.5
2013-02-18 4.51 4.55 4.46 4.46
2013-02-25 4.35 4.37 4.3 4.3
2013-02-27 4.38 4.4 4.34 4.34
2013-03-05 4.38 4.48 4.22 4.22
2013-04-09 3.93 3.95 3.9 3.9
2013-05-03 3.78 3.81 3.7 3.7
2013-05-06 3.83 3.84 3.78 3.78
2013-06-05 3.83 3.83 3.77 3.77
2013-07-10 3.22 3.23 3.08 3.08
2013-07-31 3.14 3.14 3.1 3.1
2013-08-01 3.19 3.2 3.14 3.14
2013-09-06 3.42 3.45 3.38 3.38
2013-10-11 3.45 3.45 3.38 3.38
2013-10-17 3.37 3.48 3.36 3.36
2013-10-30 3.58 3.58 3.31 3.31
2013-11-04 3.68 3.68 3.45 3.45
2013-11-08 3.79 3.9 3.59 3.59
2013-12-19 3.89 4.1 3.79 3.79
2014-01-10 3.42 3.47 3.32 3.32
2014-01-20 3.38 3.45 3.32 3.32
2014-01-24 3.56 3.57 3.49 3.49
2014-02-07 3.51 3.52 3.38 3.38
2014-02-14 3.64 3.66 3.55 3.55
2014-03-24 3.52 3.53 3.44 3.44
2014-03-25 3.55 3.56 3.49 3.49
2014-04-02 3.48 3.5 3.44 3.44
2014-04-08 3.54 3.55 3.49 3.49
2014-04-14 3.56 3.56 3.48 3.48
2014-05-28 3.24 3.25 3.21 3.21
2014-06-03 3.21 3.25 3.19 3.19
2014-06-10 3.19 3.19 3.15 3.15
2014-06-11 3.19 3.22 3.17 3.17
2014-06-20 3.12 3.15 3.08 3.08
2014-06-23 3.23 3.43 3.1 3.1
2014-07-10 3.25 3.27 3.23 3.23
2014-07-23 3.34 3.39 3.32 3.32
2014-07-28 3.49 3.51 3.42 3.42
2014-07-30 3.48 3.52 3.46 3.46
2014-08-06 3.81 3.88 3.74 3.74
2014-08-13 3.81 3.88 3.72 3.72
2014-08-22 3.97 4.0 3.89 3.89
2014-09-16 5.08 5.08 4.75 4.75
2014-09-17 5.59 5.59 5.2 5.2
2014-10-08 5.36 5.38 5.12 5.12
2014-12-12 5.05 5.06 4.93 4.93
2015-04-21 5.52 5.52 5.52 5.52
2015-04-22 6.07 6.07 6.07 6.07
2015-04-23 6.68 6.68 6.68 6.68
2015-04-24 7.35 7.35 7.35 7.35
2015-05-19 9.38 9.45 8.9 8.9
2015-07-13 5.96 5.96 5.96 5.96
2015-07-14 6.56 6.56 6.56 6.56
2015-07-23 7.57 7.69 7.2 7.2
2015-07-28 6.19 6.84 6.16 6.16
2015-08-10 6.74 6.79 6.35 6.35
2015-08-25 5.45 5.73 5.45 5.45
2015-09-18 4.68 4.75 4.53 4.53
2015-09-21 5.15 5.15 4.53 4.53
2015-11-04 6.14 6.16 5.84 5.84
2015-12-17 7.14 7.25 6.95 6.95
2015-12-25 7.01 7.02 6.76 6.76
2016-01-29 4.65 4.69 4.49 4.49
2016-02-04 4.97 5.11 4.95 4.95
2016-02-05 4.99 5.08 4.95 4.95
2016-02-15 5.04 5.18 4.7 4.7
2016-02-22 5.47 5.65 5.36 5.36
2016-03-02 5.35 5.45 5.0 5.0
2016-03-03 5.42 5.61 5.3 5.3
2016-03-14 5.42 5.52 5.35 5.35
2016-03-30 5.65 5.67 5.5 5.5
2016-04-11 6.31 6.38 6.13 6.13
2016-05-04 5.67 5.79 5.53 5.53
2016-05-19 4.38 4.44 4.32 4.32
2016-05-24 4.51 4.57 4.45 4.45
2016-05-25 4.74 4.74 4.51 4.51
2016-06-17 4.74 4.8 4.65 4.65
2016-06-27 4.65 4.65 4.65 4.65
2016-06-28 4.88 4.88 4.88 4.88
2016-06-29 5.12 5.12 5.12 5.12
2016-06-30 5.38 5.38 5.38 5.38
2016-07-05 5.23 5.37 5.12 5.12
2016-09-05 6.07 6.17 6.03 6.03
