1999-06-30 7.99 8.37 7.0 7.0
1999-08-04 8.46 8.81 8.33 8.33
1999-08-17 7.94 8.08 7.9 7.9
1999-08-26 8.48 8.58 8.0 8.0
1999-08-30 8.49 8.73 8.38 8.38
1999-09-07 8.0 8.06 7.88 7.88
1999-09-09 8.57 8.6 8.16 8.16
1999-12-01 8.02 8.06 7.8 7.8
1999-12-28 7.34 7.47 7.29 7.29
2000-01-20 9.15 9.25 8.75 8.75
2000-03-17 8.2 8.28 8.1 8.1
2000-04-05 9.99 9.99 9.1 9.1
2000-05-12 10.8 10.92 10.69 10.69
2000-05-24 12.14 12.6 11.9 11.9
2000-06-15 13.73 13.88 13.31 13.31
2000-06-26 13.8 14.08 13.6 13.6
2000-06-28 14.18 14.2 13.7 13.7
2000-07-06 14.07 14.24 13.68 13.68
2000-07-10 14.76 14.9 14.4 14.4
2000-08-24 14.99 15.28 14.64 14.64
2000-09-22 13.12 13.26 13.01 13.01
2000-09-26 13.36 13.49 13.18 13.18
2000-09-27 13.48 13.68 13.3 13.3
2000-10-31 13.33 13.5 13.3 13.3
2000-11-06 14.22 14.28 13.89 13.89
2000-12-20 13.7 13.8 13.55 13.55
2000-12-21 13.79 14.03 13.72 13.72
2000-12-29 14.15 14.19 14.06 14.06
2001-01-05 14.25 14.29 14.13 14.13
2001-01-10 15.03 15.28 14.34 14.34
2001-01-17 14.83 15.0 14.6 14.6
2001-01-19 14.89 14.95 14.85 14.85
2001-02-09 14.43 14.49 14.3 14.3
2001-02-12 14.85 14.88 14.5 14.5
2001-03-14 15.44 15.45 15.2 15.2
2001-04-19 14.98 15.12 14.9 14.9
2001-04-26 14.45 14.56 14.4 14.4
2001-04-27 14.61 14.69 14.45 14.45
2001-05-09 14.8 14.98 14.41 14.41
2001-05-29 13.76 13.88 13.7 13.7
2001-06-05 13.95 13.98 13.9 13.9
2001-06-14 13.91 14.18 13.87 13.87
2001-06-21 13.56 13.7 13.4 13.4
2001-07-02 13.7 13.79 13.59 13.59
2001-07-10 13.44 13.45 13.21 13.21
2001-07-13 13.2 13.3 13.2 13.2
2001-08-01 11.37 11.38 11.0 11.0
2001-08-08 10.83 10.9 10.8 10.8
2001-08-09 11.2 11.25 10.89 10.89
2001-08-10 11.41 11.49 11.25 11.25
2001-08-15 11.21 11.21 11.1 11.1
2001-08-21 11.16 11.3 11.05 11.05
2001-08-29 10.51 10.68 10.5 10.5
2001-09-04 10.49 10.51 10.24 10.24
2001-09-05 10.58 10.71 10.5 10.5
2001-10-23 9.13 9.13 8.82 8.82
2001-11-19 10.13 10.15 10.0 10.0
2001-11-20 10.25 10.35 10.15 10.15
2001-11-26 10.12 10.15 10.01 10.01
2001-11-28 10.28 10.3 10.15 10.15
2001-12-18 10.29 10.3 10.03 10.03
2002-01-31 8.88 8.97 8.38 8.38
2002-02-07 8.95 8.98 8.75 8.75
2002-02-08 9.02 9.22 8.96 8.96
2002-03-14 10.24 10.36 9.88 9.88
2002-04-09 9.65 9.67 9.38 9.38
2002-04-12 9.47 9.53 9.4 9.4
2002-04-26 9.39 9.41 9.25 9.25
2002-05-17 8.8 8.89 8.64 8.64
2002-05-23 8.75 8.78 8.61 8.61
2002-05-31 8.56 8.62 8.5 8.5
2002-06-18 8.38 8.44 8.26 8.26
2002-06-20 8.35 8.42 8.3 8.3
2002-06-28 10.02 10.03 9.78 9.78
2002-07-08 9.66 9.7 9.6 9.6
2002-07-24 9.11 9.16 9.05 9.05
2002-07-25 9.1 9.2 9.06 9.06
2002-08-01 9.14 9.2 9.05 9.05
2002-08-15 8.9 8.96 8.78 8.78
2002-10-16 8.23 8.35 8.22 8.22
2002-11-07 8.53 8.75 8.42 8.42
2002-11-18 8.03 8.05 7.95 7.95
2002-12-20 7.98 8.05 7.91 7.91
2002-12-23 8.1 8.16 7.98 7.98
2002-12-24 8.13 8.16 8.02 8.02
2003-01-06 7.66 7.68 7.58 7.58
2003-01-07 7.76 7.9 7.75 7.75
2003-01-27 8.85 8.99 8.5 8.5
2003-02-11 9.05 9.1 8.95 8.95
2003-02-14 9.55 9.6 9.15 9.15
2003-02-28 9.4 9.43 9.2 9.2
2003-03-13 9.83 9.98 9.7 9.7
2003-03-17 9.72 9.76 9.6 9.6
2003-04-11 11.0 11.05 10.49 10.49
2003-04-28 11.64 11.73 10.5 10.5
2003-06-18 12.2 12.23 12.1 12.1
2003-06-20 12.2 12.25 12.12 12.12
2003-06-30 11.52 11.64 11.3 11.3
2003-07-01 11.53 11.8 11.4 11.4
2003-07-02 11.75 11.78 11.47 11.47
2003-07-04 12.03 12.1 11.75 11.75
2003-07-07 12.32 12.38 12.02 12.02
2003-07-08 12.3 12.33 12.03 12.03
2003-07-09 12.3 12.4 12.16 12.16
2003-07-10 12.4 12.5 12.2 12.2
2003-07-17 12.59 12.62 12.4 12.4
2003-07-24 11.97 12.04 11.85 11.85
2003-08-05 12.05 12.11 11.75 11.75
2003-08-12 12.02 12.09 11.75 11.75
2003-08-19 11.8 11.85 11.72 11.72
2003-08-22 11.73 11.97 11.6 11.6
2003-09-19 10.65 10.68 10.63 10.63
2003-09-23 10.65 10.76 10.6 10.6
2003-09-26 10.71 10.8 10.6 10.6
2003-09-30 10.71 10.75 10.5 10.5
2003-10-30 12.93 13.15 12.5 12.5
2003-12-09 14.21 14.33 13.88 13.88
2003-12-10 14.68 14.75 14.19 14.19
2003-12-12 14.81 14.92 14.65 14.65
2003-12-15 15.3 15.5 14.82 14.82
2003-12-18 16.6 16.81 15.5 15.5
2003-12-19 17.3 17.5 16.62 16.62
2003-12-22 18.03 18.47 17.4 17.4
2004-03-08 19.55 19.9 19.2 19.2
2004-04-05 19.79 19.87 19.4 19.4
2004-04-30 14.54 14.67 13.92 13.92
2004-05-12 14.2 14.28 13.8 13.8
2004-05-20 14.19 14.5 13.91 13.91
2004-05-31 13.91 14.03 13.69 13.69
2004-06-01 14.4 14.44 13.93 13.93
2004-06-11 13.45 13.84 13.43 13.43
2004-06-15 13.65 13.7 13.27 13.27
2004-06-28 10.97 11.07 10.7 10.7
2004-07-01 12.18 12.35 11.42 11.42
2004-07-16 13.06 13.33 12.6 12.6
2004-08-26 10.32 10.44 10.0 10.0
2004-09-10 10.31 10.32 10.13 10.13
2004-09-14 10.69 10.7 10.28 10.28
2004-09-23 14.3 14.3 13.2 13.2
2004-10-19 13.17 13.5 12.82 12.82
2004-11-19 13.0 13.21 12.88 12.88
2004-12-21 10.25 10.36 10.19 10.19
2004-12-22 10.63 10.7 10.25 10.25
2004-12-24 10.37 10.5 10.31 10.31
2005-01-17 10.09 10.23 10.01 10.01
2005-02-02 11.08 11.2 10.4 10.4
2005-02-25 11.78 12.03 11.62 11.62
2005-03-08 11.87 11.92 11.45 11.45
2005-04-08 9.95 9.95 9.56 9.56
2005-05-18 8.21 8.23 7.99 7.99
2005-06-08 8.13 8.14 7.4 7.4
2005-06-27 8.03 8.15 7.81 7.81
2005-07-07 7.57 7.62 7.42 7.42
2005-08-01 7.87 7.91 7.68 7.68
2005-08-08 8.17 8.28 8.05 8.05
2005-08-22 8.08 8.16 7.94 7.94
2005-09-08 8.83 9.12 8.59 8.59
2005-09-16 8.82 8.9 8.73 8.73
2005-09-29 8.45 8.46 8.3 8.3
2005-12-09 10.58 10.86 10.48 10.48
2005-12-29 11.2 11.25 10.62 10.62
2006-03-10 14.45 14.53 14.11 14.11
2006-03-15 14.7 14.86 14.4 14.4
2006-05-12 24.83 24.83 22.75 22.75
2006-05-22 20.07 20.77 20.07 20.07
2006-06-30 18.24 18.78 18.2 18.2
2006-07-12 18.42 18.98 18.11 18.11
2006-07-25 16.8 16.95 16.46 16.46
2006-08-15 14.14 14.18 13.71 13.71
2006-08-31 16.78 16.78 15.27 15.27
2006-10-12 15.19 15.29 14.8 14.8
2006-10-17 15.52 15.66 15.32 15.32
2006-10-20 16.0 16.2 15.53 15.53
2006-11-27 16.65 16.94 16.15 16.15
2006-12-20 18.32 18.32 18.32 18.32
2006-12-21 20.15 20.15 20.15 20.15
2007-01-04 24.5 24.85 23.21 23.21
