1996-07-22 17.48 17.8 17.0 17.0
1996-07-24 18.8 18.88 17.18 17.18
1996-08-01 18.0 18.19 17.9 17.9
1996-08-05 18.38 18.5 18.15 18.15
1996-08-12 18.57 18.57 17.82 17.82
1996-08-14 18.66 19.17 18.6 18.6
1996-09-06 26.55 26.97 26.0 26.0
1996-09-16 27.88 27.98 26.65 26.65
1996-10-16 14.98 15.3 14.55 14.55
1996-10-31 14.2 14.4 14.0 14.0
1996-11-19 15.0 15.5 14.8 14.8
1996-11-25 14.07 14.14 13.75 13.75
1996-12-16 14.49 14.49 14.49 14.49
1996-12-17 13.04 14.88 13.04 13.04
1996-12-18 14.34 14.34 13.0 13.0
1996-12-20 14.03 14.4 13.01 13.01
1997-01-22 14.2 14.38 13.75 13.75
1997-01-23 14.49 14.78 14.3 14.3
1997-01-27 14.58 14.78 14.4 14.4
1997-02-17 14.38 14.5 14.1 14.1
1997-02-19 13.88 14.0 13.2 13.2
1997-02-20 13.53 13.7 12.49 12.49
1997-02-25 15.12 15.38 14.5 14.5
1997-04-07 17.39 17.55 16.6 16.6
1997-04-17 14.83 15.49 14.72 14.72
1997-05-12 14.4 14.75 14.23 14.23
1997-05-13 14.75 14.95 14.4 14.4
1997-05-27 11.4 11.68 11.16 11.16
1997-05-30 11.45 11.45 11.11 11.11
1997-06-13 11.1 11.1 9.9 9.9
1997-07-09 8.78 8.8 8.52 8.52
1997-07-10 8.8 9.02 8.77 8.77
1997-07-23 11.0 11.55 10.86 10.86
1997-07-30 10.18 10.2 9.76 9.76
1997-08-04 10.5 10.5 10.2 10.2
1997-08-20 9.25 9.27 9.1 9.1
1997-09-18 9.12 9.2 9.07 9.07
1997-09-24 8.66 8.98 8.31 8.31
1997-09-30 8.39 8.45 8.29 8.29
1997-10-07 8.39 8.6 8.2 8.2
1997-10-10 8.6 8.69 8.52 8.52
1997-10-13 8.7 8.88 8.6 8.6
1997-10-14 8.6 8.6 8.5 8.5
1997-10-16 8.8 8.8 8.65 8.65
1997-10-23 8.71 8.85 8.7 8.7
1997-11-12 9.4 9.98 9.27 9.27
1997-11-26 8.62 8.98 8.45 8.45
1997-12-05 8.45 8.6 8.4 8.4
1997-12-24 9.04 9.49 8.75 8.75
1998-01-09 9.16 9.37 8.95 8.95
1998-01-16 8.86 8.99 8.7 8.7
1998-01-19 8.85 9.0 8.8 8.8
1998-01-21 8.76 8.98 8.7 8.7
1998-02-19 9.5 9.62 9.4 9.4
1998-03-03 8.8 8.9 8.7 8.7
1998-03-06 8.99 9.04 8.92 8.92
1998-03-11 8.74 8.85 8.7 8.7
1998-03-17 8.62 8.71 8.51 8.51
1998-04-03 8.88 8.89 8.7 8.7
1998-04-22 9.1 9.11 8.81 8.81
1998-04-28 9.15 9.19 8.81 8.81
1998-04-30 9.4 9.45 9.05 9.05
1998-05-08 9.78 9.8 9.2 9.2
1998-05-11 10.76 10.76 9.98 9.98
1998-05-25 10.52 10.6 10.25 10.25
1998-06-01 10.88 11.0 10.51 10.51
1998-06-15 10.0 10.16 9.9 9.9
1998-06-18 9.92 10.0 9.75 9.75
1998-06-22 10.32 10.39 10.1 10.1
1998-07-21 9.76 9.78 9.55 9.55
1998-07-23 10.12 10.2 9.92 9.92
1998-07-27 10.1 10.24 10.05 10.05
1998-08-06 9.38 9.45 9.3 9.3
1998-08-19 7.0 7.0 6.48 6.48
1998-08-26 7.23 7.3 7.12 7.12
1998-09-14 8.64 8.67 8.0 8.0
1998-09-28 8.18 8.33 8.0 8.0
1998-09-30 8.08 8.15 8.01 8.01
1998-10-27 7.88 7.94 7.8 7.8
1998-11-05 8.49 8.75 8.32 8.32
1998-11-16 8.97 9.17 8.78 8.78
1998-11-27 8.33 8.42 8.3 8.3
1998-12-18 9.12 9.35 8.4 8.4
1998-12-30 9.1 9.22 8.7 8.7
1998-12-31 9.2 9.4 9.1 9.1
1999-01-07 9.51 9.74 9.3 9.3
1999-01-08 9.62 9.81 9.5 9.5
1999-01-14 9.62 9.64 9.2 9.2
1999-02-09 8.4 8.49 8.1 8.1
1999-03-29 10.86 10.88 10.6 10.6
1999-04-09 12.3 12.3 11.2 11.2
1999-04-14 12.33 12.55 12.07 12.07
1999-04-20 12.39 12.48 12.19 12.19
1999-04-23 11.36 11.66 11.3 11.3
1999-04-28 10.86 11.35 10.69 10.69
1999-04-29 11.27 11.39 10.8 10.8
1999-05-11 12.43 12.43 11.47 11.47
1999-05-13 13.54 13.92 12.0 12.0
1999-05-19 13.56 13.85 13.04 13.04
1999-05-25 16.45 16.84 15.34 15.34
1999-07-02 25.48 25.48 24.2 24.2
1999-07-12 26.68 27.55 25.08 25.08
1999-07-23 25.2 25.27 24.9 24.9
1999-08-19 26.48 26.6 26.08 26.08
1999-08-25 26.1 26.98 25.33 25.33
1999-09-07 29.0 29.6 28.01 28.01
1999-10-27 16.75 16.78 16.3 16.3
1999-11-02 15.31 15.32 14.85 14.85
1999-11-12 15.16 15.48 15.0 15.0
1999-12-28 14.49 14.7 14.3 14.3
2000-01-04 15.15 15.23 14.52 14.52
2000-01-07 16.6 16.8 15.28 15.28
2000-02-24 18.45 18.86 17.83 17.83
2000-03-03 21.78 22.11 20.28 20.28
2000-03-17 18.95 19.58 17.66 17.66
2000-04-03 19.93 20.13 19.2 19.2
2000-04-20 18.46 18.59 18.2 18.2
2000-06-06 20.88 21.05 19.7 19.7
2000-07-11 16.35 16.48 16.1 16.1
2000-09-11 14.8 14.99 14.73 14.73
2000-09-20 14.75 14.95 14.68 14.68
2000-09-26 14.96 14.99 14.28 14.28
2000-11-17 14.56 14.6 14.28 14.28
2000-12-21 12.6 12.63 12.43 12.43
2001-01-02 12.62 12.7 12.42 12.42
2001-01-10 12.43 12.49 12.32 12.32
2001-02-26 10.94 11.0 10.63 10.63
2001-03-16 11.78 11.8 11.39 11.39
2001-03-19 12.0 12.1 11.78 11.78
2001-03-22 12.07 12.16 11.96 11.96
2001-03-27 12.07 12.09 11.89 11.89
2001-03-30 12.24 12.32 12.11 12.11
2001-04-03 12.38 12.45 12.26 12.26
2001-05-08 11.95 12.0 11.68 11.68
2001-05-18 12.37 12.4 12.33 12.33
2001-06-21 12.18 12.2 12.08 12.08
2001-07-18 10.98 11.1 10.83 10.83
2001-07-19 11.03 11.05 10.99 10.99
2001-08-01 10.94 10.97 10.59 10.59
2001-08-10 10.77 10.88 10.61 10.61
2001-08-28 10.53 10.55 10.3 10.3
2001-09-24 8.42 8.52 8.35 8.35
2001-10-09 7.9 8.0 7.65 7.65
2001-11-01 7.84 7.85 7.7 7.7
2001-11-20 7.71 7.77 7.45 7.45
2001-11-23 7.98 8.17 7.8 7.8
2001-11-27 8.0 8.02 7.92 7.92
2001-11-30 8.47 8.5 8.2 8.2
2001-12-03 8.71 8.78 8.5 8.5
2001-12-10 8.66 8.68 8.53 8.53
2001-12-31 7.67 7.7 7.63 7.63
2002-01-31 6.42 6.48 6.02 6.02
2002-02-07 6.83 6.85 6.3 6.3
2002-02-26 6.87 6.9 6.74 6.74
2002-02-27 6.74 6.84 6.53 6.53
2002-03-05 6.7 6.75 6.54 6.54
2002-03-18 8.18 8.2 7.58 7.58
2002-03-25 9.17 9.25 8.61 8.61
2002-04-24 8.08 8.18 8.06 8.06
2002-04-25 8.19 8.24 8.08 8.08
2002-04-26 8.29 8.35 8.1 8.1
2002-05-10 8.18 8.28 8.11 8.11
2002-05-23 8.18 8.28 7.7 7.7
2002-06-04 7.53 7.6 7.4 7.4
2002-06-18 7.6 7.7 7.41 7.41
2002-06-21 8.01 8.13 7.7 7.7
2002-07-03 9.01 9.07 8.85 8.85
2002-07-25 8.23 8.34 8.2 8.2
2002-08-07 8.11 8.16 8.0 8.0
2002-08-12 7.95 8.0 7.92 7.92
2002-08-20 8.05 8.09 7.95 7.95
2002-09-03 7.84 7.88 7.75 7.75
2002-10-10 7.18 7.23 7.15 7.15
2002-10-22 7.2 7.3 7.07 7.07
2002-10-25 7.05 7.2 7.01 7.01
2002-10-28 7.08 7.12 7.01 7.01
2002-10-30 7.04 7.08 7.02 7.02
2002-10-31 7.01 7.11 7.0 7.0
2002-11-28 6.22 6.25 6.06 6.06
2002-12-03 6.26 6.3 6.1 6.1
2002-12-13 6.2 6.24 6.0 6.0
2003-01-03 5.8 5.82 5.76 5.76
2003-01-07 5.88 5.98 5.85 5.85
2003-01-09 6.13 6.17 6.01 6.01
2003-01-21 6.38 6.44 6.35 6.35
2003-01-27 6.69 6.75 6.53 6.53
2003-02-18 6.8 6.86 6.68 6.68
2003-02-24 6.85 6.93 6.7 6.7
2003-02-25 7.01 7.09 6.85 6.85
2003-03-03 7.25 7.25 7.08 7.08
2003-03-04 7.19 7.31 7.1 7.1
2003-04-17 6.92 6.94 6.8 6.8
2003-05-14 6.48 6.48 5.88 5.88
2003-05-21 6.43 6.56 6.27 6.27
2003-05-26 6.4 6.45 6.33 6.33
2003-06-16 6.26 6.28 6.19 6.19
2003-06-20 6.09 6.13 6.08 6.08
2003-07-09 5.78 5.83 5.77 5.77
2003-07-10 5.83 5.85 5.74 5.74
2003-07-23 5.7 5.75 5.7 5.7
2003-08-13 5.76 5.77 5.68 5.68
2003-08-22 5.52 5.58 5.5 5.5
2003-09-01 5.57 5.61 5.31 5.31
2003-09-11 5.36 5.4 5.36 5.36
2003-09-16 5.27 5.28 5.14 5.14
2003-09-23 5.08 5.09 5.04 5.04
2003-10-22 5.57 5.57 5.12 5.12
2003-11-17 5.54 5.63 5.52 5.52
2003-11-19 5.39 5.43 5.22 5.22
2003-12-01 5.85 5.9 5.72 5.72
2003-12-10 5.86 5.86 5.74 5.74
2003-12-12 5.69 5.78 5.62 5.62
2003-12-24 5.49 5.64 5.34 5.34
2004-01-02 5.33 5.36 5.29 5.29
2004-01-08 5.5 5.52 5.38 5.38
2004-01-14 5.71 5.82 5.53 5.53
2004-01-29 6.33 6.5 6.18 6.18
2004-02-10 6.58 6.74 6.54 6.54
2004-02-19 6.59 6.7 6.4 6.4
2004-02-23 7.25 7.25 6.72 6.72
2004-03-09 6.72 6.88 6.71 6.71
2004-03-15 7.1 7.15 6.9 6.9
2004-03-30 7.15 7.15 7.0 7.0
2004-03-31 7.28 7.41 7.15 7.15
2004-04-13 7.82 7.89 7.42 7.42
2004-04-22 7.4 7.4 7.18 7.18
2004-06-01 6.39 6.4 6.25 6.25
2004-06-04 6.28 6.33 6.25 6.25
2004-06-07 6.14 6.28 6.11 6.11
2004-06-21 5.55 5.56 5.31 5.31
2004-06-23 5.52 5.56 5.46 5.46
2004-06-24 5.5 5.57 5.42 5.42
2004-07-16 5.37 5.44 5.18 5.18
2004-07-26 5.4 5.6 5.3 5.3
2004-08-04 5.28 5.34 5.1 5.1
2004-09-02 5.05 5.08 4.88 4.88
2004-09-06 4.99 5.07 4.95 4.95
2004-09-14 4.98 5.0 4.75 4.75
2004-10-11 5.69 5.7 5.46 5.46
2004-10-13 5.82 5.85 5.66 5.66
2004-10-26 4.59 4.64 4.45 4.45
2004-11-03 4.68 4.69 4.5 4.5
2004-11-15 4.83 4.85 4.7 4.7
2004-11-22 5.03 5.1 5.0 5.0
2004-12-09 4.89 4.9 4.78 4.78
2004-12-31 4.21 4.23 4.15 4.15
2005-02-01 4.0 4.14 3.95 3.95
2005-02-02 4.22 4.23 4.0 4.0
2005-02-24 4.47 4.53 4.42 4.42
2005-03-01 4.5 4.5 4.36 4.36
2005-03-07 4.35 4.36 4.27 4.27
2005-03-29 4.0 4.05 3.96 3.96
2005-04-13 3.91 3.99 3.82 3.82
2005-04-22 3.12 3.14 3.01 3.01
2005-04-28 3.1 3.12 2.91 2.91
2005-05-17 2.99 3.02 2.92 2.92
2005-05-24 2.87 2.9 2.75 2.75
2005-05-26 2.93 2.96 2.91 2.91
2005-06-06 2.88 2.88 2.8 2.8
2005-06-08 3.06 3.1 2.85 2.85
2005-06-21 3.21 3.21 3.02 3.02
2005-07-05 2.54 2.56 2.48 2.48
2005-07-07 2.52 2.57 2.5 2.5
2005-07-21 2.2 2.25 2.14 2.14
2005-07-28 2.39 2.5 2.36 2.36
2005-08-03 2.41 2.47 2.39 2.39
2005-08-05 2.47 2.47 2.38 2.38
2005-08-24 2.6 2.61 2.51 2.51
2005-09-13 2.96 2.97 2.89 2.89
2005-09-29 2.65 2.66 2.59 2.59
2005-10-31 2.41 2.43 2.3 2.3
2005-11-02 2.54 2.55 2.42 2.42
2005-11-23 2.43 2.44 2.37 2.37
2005-12-01 2.4 2.41 2.36 2.36
2005-12-09 2.25 2.26 2.2 2.2
2005-12-26 2.42 2.48 2.34 2.34
2006-01-09 2.48 2.49 2.45 2.45
2006-01-12 2.46 2.46 2.4 2.4
2006-01-18 2.53 2.54 2.45 2.45
2006-02-07 2.77 2.77 2.58 2.58
2006-02-17 2.93 3.03 2.84 2.84
2006-03-08 2.54 2.55 2.5 2.5
2006-03-10 2.51 2.54 2.5 2.5
2006-03-13 2.58 2.58 2.54 2.54
2006-03-20 2.65 2.65 2.56 2.56
2006-03-23 2.95 2.95 2.85 2.85
2006-03-29 2.76 2.81 2.73 2.73
2006-03-31 2.64 2.65 2.6 2.6
2006-04-24 2.8 2.94 2.78 2.78
2006-12-11 2.27 2.29 2.2 2.2
2006-12-29 1.98 2.01 1.96 1.96
2007-01-09 2.14 2.18 2.09 2.09
2007-01-24 2.68 2.74 2.62 2.62
2007-02-05 2.41 2.44 2.35 2.35
2007-02-12 2.63 2.64 2.58 2.58
2007-03-08 3.98 4.08 3.74 3.74
2007-03-13 4.3 4.3 3.52 3.52
2007-04-12 5.3 5.68 4.95 4.95
2007-04-23 6.2 6.31 5.96 5.96
2007-07-10 5.09 5.09 5.09 5.09
2007-07-11 4.84 4.84 4.84 4.84
2007-07-12 4.6 4.6 4.6 4.6
2007-07-13 4.37 4.37 4.37 4.37
2007-07-16 4.15 4.15 4.15 4.15
2007-07-17 3.94 3.94 3.94 3.94
2007-07-18 3.74 3.74 3.74 3.74
2007-07-19 3.79 3.93 3.55 3.55
2007-08-20 4.46 4.51 4.38 4.38
2007-08-21 4.68 4.68 4.46 4.46
2007-09-03 5.26 5.26 5.26 5.26
2007-09-06 5.9 5.9 5.34 5.34
2007-09-14 6.33 6.33 6.33 6.33
2007-09-17 6.65 6.65 6.65 6.65
2007-10-22 5.38 5.58 5.3 5.3
2007-10-23 5.51 5.57 5.33 5.33
2007-10-26 4.73 4.8 4.73 4.73
2008-01-02 5.42 5.42 5.42 5.42
2008-01-03 5.69 5.69 5.69 5.69
2008-01-04 5.97 5.97 5.97 5.97
2008-01-07 6.27 6.27 6.27 6.27
2008-01-08 6.58 6.58 6.58 6.58
2008-01-09 6.91 6.91 6.91 6.91
2008-01-10 7.26 7.26 7.26 7.26
2008-01-11 7.62 7.62 7.62 7.62
2008-01-15 8.0 8.0 8.0 8.0
2008-01-16 8.4 8.4 8.4 8.4
2008-01-18 9.26 9.26 9.26 9.26
2008-01-21 9.72 9.72 9.72 9.72
2008-01-23 9.28 9.49 8.77 8.77
2008-01-29 9.98 10.8 9.85 9.85
2008-02-14 9.26 9.26 8.71 8.71
2008-03-10 8.94 9.2 8.81 8.81
2008-03-18 7.64 7.64 7.64 7.64
2008-03-19 7.26 7.6 7.26 7.26
2008-04-01 7.07 7.07 7.07 7.07
2008-04-03 7.79 7.79 7.79 7.79
2008-04-07 8.18 8.18 8.18 8.18
2008-04-09 8.59 8.59 8.59 8.59
2008-04-11 8.41 8.49 7.75 7.75
2008-04-14 7.99 8.47 7.99 7.99
2008-04-29 7.18 7.18 7.18 7.18
2008-04-30 7.2 7.42 6.82 6.82
2008-05-06 7.49 7.49 7.08 7.08
2008-05-22 6.3 6.56 6.18 6.18
2008-05-27 6.16 6.16 5.71 5.71
2008-07-02 6.44 7.12 6.44 6.44
2008-07-03 6.12 6.12 6.12 6.12
2008-07-04 5.81 5.81 5.81 5.81
2008-07-07 5.71 5.81 5.52 5.52
2008-08-19 3.93 4.0 3.83 3.83
2008-08-29 3.5 3.53 3.36 3.36
2008-09-04 3.27 3.3 3.19 3.19
2008-09-08 3.27 3.27 3.27 3.27
2008-09-09 3.43 3.43 3.43 3.43
2008-09-12 3.23 3.3 3.08 3.08
2008-09-19 2.96 2.96 2.96 2.96
2008-10-09 2.58 2.75 2.5 2.5
2008-10-28 1.81 1.85 1.8 1.8
2008-11-06 1.81 1.84 1.81 1.81
2008-11-07 1.87 1.89 1.75 1.75
2008-11-10 1.95 1.96 1.87 1.87
2008-11-19 2.18 2.18 2.01 2.01
2008-12-10 2.61 2.61 2.42 2.42
2009-01-12 2.51 2.53 2.38 2.38
2009-02-02 2.78 2.78 2.63 2.63
2009-02-04 2.87 2.92 2.8 2.8
2009-02-18 3.51 3.66 3.51 3.51
2009-03-03 2.96 2.99 2.86 2.86
2009-03-12 3.16 3.21 3.1 3.1
2009-03-25 3.71 3.71 3.55 3.55
2009-05-26 5.16 5.22 4.98 4.98
2009-07-15 6.88 6.88 6.58 6.58
2009-07-17 7.15 7.26 6.91 6.91
2009-07-21 7.12 7.12 7.12 7.12
2009-07-22 6.76 6.76 6.76 6.76
2009-07-23 6.48 6.73 6.42 6.42
2009-08-04 6.45 6.56 6.25 6.25
2009-09-07 5.23 5.35 5.15 5.15
2009-09-14 5.43 5.45 5.3 5.3
2009-09-15 5.62 5.7 5.33 5.33
2009-10-14 5.12 5.18 5.05 5.05
2009-10-23 5.28 5.37 5.19 5.19
2009-11-12 6.09 6.17 6.0 6.0
2009-11-30 6.01 6.01 5.75 5.75
2009-12-07 6.04 6.07 5.9 5.9
2009-12-24 5.84 5.91 5.73 5.73
2009-12-28 5.95 6.07 5.91 5.91
2010-01-25 6.89 6.95 6.72 6.72
2010-03-25 7.07 7.26 7.04 7.04
2010-05-28 6.12 6.12 6.12 6.12
2010-05-31 6.14 6.33 5.81 5.81
2010-07-06 4.19 4.19 3.98 3.98
2010-07-15 4.76 4.77 4.54 4.54
2010-08-02 5.07 5.08 4.96 4.96
2010-08-03 5.17 5.32 5.05 5.05
2010-08-09 5.52 5.52 5.28 5.28
2010-08-11 5.53 5.59 5.4 5.4
2010-11-22 5.91 5.91 5.64 5.64
2010-11-30 6.11 6.7 6.1 6.1
2010-12-21 7.59 7.59 7.46 7.46
2011-01-28 6.6 6.66 6.51 6.51
2011-02-10 6.93 6.96 6.86 6.86
2011-02-21 7.09 7.12 6.85 6.85
2011-04-13 8.36 8.36 7.92 7.92
2011-05-13 7.35 7.39 7.23 7.23
2011-06-07 7.11 7.18 6.97 6.97
2011-06-13 7.15 7.25 7.0 7.0
2011-06-22 6.75 6.8 6.71 6.71
2011-06-30 7.04 7.08 6.96 6.96
2011-07-01 7.08 7.22 7.05 7.05
2011-07-05 7.24 7.27 7.17 7.17
2011-07-11 7.54 7.54 7.1 7.1
2011-07-13 7.78 7.82 7.62 7.62
2011-07-20 7.92 8.07 7.84 7.84
2011-08-05 7.71 7.85 7.61 7.61
2011-08-09 7.21 7.31 6.95 6.95
2011-08-11 7.28 7.3 6.97 6.97
2011-08-12 7.35 7.42 7.28 7.28
2011-08-23 7.14 7.15 7.0 7.0
2011-08-25 7.2 7.35 7.14 7.14
2011-09-01 7.16 7.28 7.07 7.07
2011-09-06 6.94 7.1 6.8 6.8
2011-09-21 7.38 7.54 7.15 7.15
2011-10-14 6.83 6.86 6.71 6.71
2011-10-17 6.88 6.98 6.83 6.83
2011-11-15 6.44 6.44 6.44 6.44
2011-11-16 6.76 6.76 6.76 6.76
2011-11-17 7.1 7.1 7.1 7.1
2011-12-20 5.3 5.39 4.91 4.91
2012-01-06 4.47 4.49 4.24 4.24
2012-01-31 4.9 4.92 4.72 4.72
2012-02-03 5.01 5.05 4.88 4.88
2012-02-08 4.98 5.0 4.83 4.83
2012-02-10 5.03 5.06 4.95 4.95
2012-03-02 6.15 6.25 6.1 6.1
2012-04-05 5.55 5.55 5.29 5.29
2012-04-16 5.72 5.79 5.66 5.66
2012-05-02 4.79 5.0 4.79 4.79
2012-05-22 4.89 4.94 4.82 4.82
2012-05-23 5.13 5.13 4.86 4.86
2012-07-11 4.36 4.38 4.3 4.3
2012-07-17 4.36 4.39 4.18 4.18
2012-07-19 4.47 4.57 4.32 4.32
2012-08-07 4.43 4.43 4.27 4.27
2012-08-09 4.75 4.79 4.56 4.56
2012-08-22 4.68 4.73 4.54 4.54
2012-08-23 4.84 4.87 4.7 4.7
2012-09-03 4.77 4.8 4.71 4.71
2012-09-11 5.14 5.14 4.97 4.97
2012-09-17 5.05 5.13 5.01 5.01
2012-09-27 4.67 4.69 4.53 4.53
2012-10-18 5.08 5.12 5.02 5.02
2012-10-19 5.33 5.33 5.1 5.1
2012-11-23 4.52 4.58 4.48 4.48
2012-11-30 4.13 4.14 4.05 4.05
2012-12-05 4.14 4.22 4.01 4.01
2012-12-14 4.36 4.37 4.17 4.17
2012-12-21 4.36 4.41 4.32 4.32
2012-12-26 4.78 4.83 4.62 4.62
2012-12-31 5.29 5.29 5.12 5.12
2013-01-07 5.75 5.75 5.42 5.42
2013-02-05 5.79 5.96 5.69 5.69
2013-03-01 5.99 6.1 5.78 5.78
2013-03-15 5.63 5.76 5.56 5.56
2013-03-20 5.78 5.79 5.56 5.56
2013-03-21 5.93 6.15 5.86 5.86
2013-04-11 5.42 5.54 5.33 5.33
2013-05-03 4.91 4.95 4.78 4.78
2013-05-15 4.89 4.96 4.84 4.84
2013-05-17 5.12 5.13 4.95 4.95
2013-08-02 4.15 4.19 4.11 4.11
2013-09-06 4.48 4.52 4.31 4.31
2013-10-11 4.81 4.84 4.66 4.66
2013-10-23 5.04 5.08 4.99 4.99
2013-11-20 5.57 5.61 5.44 5.44
2013-12-12 5.47 5.5 5.26 5.26
2014-01-21 3.91 3.92 3.82 3.82
2014-01-28 4.03 4.06 3.94 3.94
2014-02-10 4.06 4.08 3.96 3.96
2014-03-24 4.85 4.85 4.85 4.85
2014-04-29 3.94 3.95 3.87 3.87
2014-05-08 3.98 4.06 3.93 3.93
2014-05-28 3.98 4.0 3.94 3.94
2014-06-05 3.94 3.95 3.9 3.9
2014-07-10 4.02 4.03 3.96 3.96
2014-07-14 4.18 4.19 4.07 4.07
2014-07-25 4.73 4.8 4.35 4.35
2014-08-11 5.01 5.03 4.56 4.56
2014-08-27 5.12 5.14 5.06 5.06
2014-09-23 5.16 5.22 5.12 5.12
2014-10-21 5.26 5.32 5.2 5.2
2014-10-29 5.21 5.28 5.18 5.18
2014-11-24 5.37 5.41 5.28 5.28
2015-01-14 5.3 5.3 4.85 4.85
2015-01-20 5.36 5.37 5.17 5.17
2015-02-03 5.13 5.15 5.05 5.05
2015-02-12 5.02 5.05 5.0 5.0
2015-02-16 5.26 5.28 5.11 5.11
2015-02-26 5.48 5.53 5.29 5.29
2015-03-11 6.27 6.41 5.94 5.94
2015-03-27 6.9 6.99 6.76 6.76
2015-07-20 6.56 6.56 6.56 6.56
2015-07-21 6.23 6.23 6.23 6.23
2015-07-22 5.92 5.92 5.92 5.92
2015-07-23 6.15 6.22 5.62 5.62
2015-07-28 5.27 5.32 5.27 5.27
2015-08-04 5.09 5.1 4.83 4.83
2015-08-10 5.44 5.44 5.21 5.21
2015-08-12 5.42 5.52 5.37 5.37
2015-08-17 5.9 6.0 5.74 5.74
2015-08-25 4.63 4.63 4.63 4.63
2015-09-07 4.18 4.28 4.13 4.13
2015-09-10 4.45 4.66 4.38 4.38
2015-09-30 4.39 4.42 4.32 4.32
2015-10-09 4.58 4.59 4.46 4.46
2015-10-12 4.74 4.8 4.58 4.58
2015-11-09 6.13 6.19 5.88 5.88
2015-11-11 6.75 6.76 6.46 6.46
2015-11-18 6.69 6.84 6.51 6.51
2015-12-03 7.38 7.48 7.08 7.08
2015-12-17 7.17 7.24 7.07 7.07
2015-12-21 7.22 7.26 7.11 7.11
2016-01-05 7.95 8.38 7.95 7.95
2016-01-12 7.51 7.51 7.51 7.51
2016-01-13 7.13 7.13 7.13 7.13
2016-01-14 6.78 6.88 6.77 6.77
2016-02-15 6.04 6.33 5.99 5.99
2016-03-02 5.78 5.85 5.52 5.52
2016-03-03 5.85 6.06 5.71 5.71
2016-03-07 5.92 5.94 5.78 5.78
2016-03-30 6.36 6.38 6.2 6.2
2016-04-22 7.01 7.07 6.8 6.8
2016-05-19 6.09 6.18 6.01 6.01
2016-06-01 6.39 6.46 6.32 6.32
2016-06-15 6.66 6.73 6.29 6.29
2016-06-16 6.81 6.94 6.58 6.58
2016-06-17 7.22 7.3 6.76 6.76
2016-07-13 7.39 7.46 7.26 7.26
2016-07-25 8.0 8.22 7.74 7.74
2016-08-26 7.63 7.75 7.5 7.5
2016-11-08 8.86 9.01 8.83 8.83
2016-12-13 10.98 10.98 10.66 10.66
2016-12-20 11.96 12.6 11.96 11.96
2017-01-03 12.09 12.3 11.55 11.55
2017-01-25 10.63 10.9 10.39 10.39
2017-02-16 11.49 11.58 11.36 11.36
2017-03-21 10.74 10.8 10.41 10.41
2017-03-29 10.83 11.1 10.65 10.65
2017-06-29 10.53 10.64 10.5 10.5
2017-07-03 10.55 10.57 10.36 10.36
2017-08-01 10.4 10.4 9.71 9.71
2017-08-03 10.86 11.48 10.53 10.53
2017-08-14 10.65 10.66 10.38 10.38
