1993-07-16 20.87 20.97 20.4 20.4
1993-07-21 20.95 21.19 20.81 20.81
1993-08-06 18.9 18.95 18.8 18.8
1993-08-16 13.55 13.65 12.8 12.8
1993-11-15 9.75 9.79 9.45 9.45
1993-11-22 10.98 10.98 10.7 10.7
1994-01-05 7.7 7.81 7.4 7.4
1994-01-24 7.3 7.37 7.15 7.15
1994-01-25 7.4 7.56 6.9 6.9
1994-02-01 6.9 7.01 6.6 6.6
1994-03-08 6.55 6.68 6.5 6.5
1994-03-14 7.15 7.2 6.61 6.61
1994-04-06 7.6 7.78 7.31 7.31
1994-04-27 5.55 5.85 5.2 5.2
1994-05-03 5.65 5.65 5.48 5.48
1994-06-22 4.33 4.4 4.25 4.25
1994-06-28 4.06 4.09 4.01 4.01
1994-07-08 4.04 4.04 3.92 3.92
1994-08-08 8.9 9.99 7.5 7.5
1994-09-21 8.74 8.75 8.4 8.4
1994-10-17 5.17 5.32 5.0 5.0
1994-11-03 6.21 6.29 5.73 5.73
1994-11-29 5.71 5.72 5.6 5.6
1995-01-23 4.58 4.68 4.57 4.57
1995-01-27 4.6 4.65 4.55 4.55
1995-02-20 4.46 4.55 4.45 4.45
1995-02-21 4.53 4.54 4.5 4.5
1995-02-22 5.0 5.2 4.54 4.54
1995-03-06 5.04 5.05 4.8 4.8
1995-03-08 5.43 5.5 5.05 5.05
1995-03-16 4.85 4.86 4.75 4.75
1995-03-30 5.25 5.45 5.25 5.25
1995-03-31 5.41 5.5 5.25 5.25
1995-04-04 5.55 5.55 5.31 5.31
1995-04-12 5.75 5.75 5.25 5.25
1995-05-09 4.88 4.9 4.85 4.85
1995-07-27 6.26 6.31 6.0 6.0
1995-08-25 6.38 6.55 6.25 6.25
1995-08-28 6.48 6.51 6.35 6.35
1995-09-22 6.39 6.45 6.3 6.3
1995-09-25 6.37 6.4 6.3 6.3
1995-11-03 6.68 6.75 6.53 6.53
1995-11-06 6.87 6.9 6.7 6.7
1996-02-15 5.19 5.23 5.1 5.1
1996-02-16 5.43 5.45 5.22 5.22
1996-03-11 5.43 5.56 5.2 5.2
1996-03-12 5.42 5.5 5.38 5.38
1996-03-19 5.66 5.75 5.56 5.56
1996-03-27 5.58 5.65 5.48 5.48
1996-04-08 5.52 5.64 5.5 5.5
1996-04-16 5.64 5.65 5.57 5.57
1996-04-17 5.67 5.68 5.62 5.62
1996-06-03 6.05 6.25 6.0 6.0
1996-08-14 7.1 7.25 7.0 7.0
1996-08-21 6.77 6.85 6.66 6.66
1996-10-17 7.1 7.18 6.7 6.7
1996-10-21 7.13 7.17 7.0 7.0
1996-11-22 7.4 7.4 7.1 7.1
1996-12-17 7.12 7.6 7.12 7.12
1996-12-18 7.83 7.83 6.7 6.7
1997-01-27 8.61 8.7 8.46 8.46
1997-02-20 8.61 8.73 7.92 7.92
1997-02-25 8.85 8.96 8.7 8.7
1997-02-26 9.15 9.28 8.88 8.88
1997-03-27 11.0 11.12 10.2 10.2
1997-03-31 12.2 12.3 11.58 11.58
1997-04-15 12.1 12.38 11.97 11.97
1997-04-16 12.5 12.65 12.2 12.2
1997-05-22 9.9 10.3 9.9 9.9
1997-06-06 10.48 10.9 10.2 10.2
1997-06-09 10.75 10.87 10.3 10.3
1997-06-13 10.51 10.65 9.48 9.48
1997-06-16 10.91 11.0 10.6 10.6
1997-07-29 13.0 13.0 12.4 12.4
1997-07-31 13.35 13.5 13.1 13.1
1997-08-07 13.66 13.66 13.2 13.2
1997-08-14 13.8 13.9 12.81 12.81
1997-08-22 13.2 13.48 13.0 13.0
1997-09-18 11.5 11.5 11.2 11.2
1997-11-25 8.12 8.17 7.9 7.9
1997-11-27 8.1 8.43 8.0 8.0
1997-11-28 8.29 8.29 8.04 8.04
1998-01-07 8.94 9.24 8.88 8.88
1998-01-08 9.09 9.45 8.96 8.96
1998-01-09 9.85 9.95 9.1 9.1
1998-03-16 8.7 8.88 8.51 8.51
1998-04-30 9.49 9.68 8.94 8.94
1998-05-13 10.22 10.55 9.61 9.61
1998-05-18 9.8 10.12 9.79 9.79
1998-05-29 11.18 11.4 10.79 10.79
1998-06-08 11.18 11.41 10.8 10.8
1998-08-06 9.51 9.6 9.44 9.44
1998-09-22 9.02 9.1 8.95 8.95
1998-12-21 7.8 7.82 7.72 7.72
1999-08-17 8.08 8.18 8.0 8.0
1999-10-15 8.07 8.17 7.9 7.9
1999-12-22 7.06 7.15 7.03 7.03
1999-12-28 6.82 6.94 6.78 6.78
2000-05-17 11.6 11.8 11.2 11.2
2000-08-02 22.99 23.0 22.55 22.55
2000-08-09 23.42 23.62 22.77 22.77
2000-08-16 23.6 23.8 23.0 23.0
2000-08-17 23.85 24.0 23.57 23.57
2000-09-07 22.87 22.9 22.65 22.65
2000-09-13 23.11 23.3 22.94 22.94
2000-09-14 23.5 23.5 23.15 23.15
2000-10-12 23.4 23.78 23.2 23.2
2000-10-20 23.64 23.8 23.5 23.5
2000-11-08 13.94 13.95 13.8 13.8
2000-12-06 13.35 13.55 12.65 12.65
2000-12-08 12.91 13.2 12.88 12.88
2000-12-11 13.08 13.1 12.93 12.93
2001-02-26 11.7 11.88 11.6 11.6
2001-03-15 13.08 13.2 12.8 12.8
2001-03-23 12.9 13.2 12.79 12.79
2001-03-26 13.2 13.2 12.9 12.9
2001-03-27 13.55 13.62 13.2 13.2
2001-03-29 13.68 13.73 13.32 13.32
2001-04-25 12.76 12.9 12.7 12.7
2001-05-17 13.07 13.09 12.75 12.75
2001-05-21 13.52 13.6 13.03 13.03
2001-06-14 13.57 13.78 13.4 13.4
2001-08-16 12.54 12.56 12.1 12.1
2001-08-21 12.45 12.5 12.26 12.26
2001-09-04 12.15 12.2 12.03 12.03
2001-09-05 12.14 12.28 12.12 12.12
2001-09-06 12.2 12.23 12.13 12.13
2001-09-28 11.55 11.91 11.3 11.3
2001-10-15 11.97 12.0 11.62 11.62
2001-10-18 11.7 11.82 11.61 11.61
2001-11-21 11.6 11.71 11.5 11.5
2001-12-17 11.69 11.73 11.64 11.64
2002-03-06 9.39 9.6 9.27 9.27
2002-03-08 10.14 10.25 9.55 9.55
2002-03-14 10.15 10.16 9.65 9.65
2002-08-20 8.28 8.35 8.22 8.22
2002-08-27 8.22 8.26 8.19 8.19
2002-09-04 8.14 8.17 8.09 8.09
2002-09-12 8.17 8.19 8.11 8.11
2002-09-13 8.22 8.23 8.14 8.14
2002-10-08 8.19 8.22 8.17 8.17
2002-10-16 8.27 8.33 8.19 8.19
2003-01-08 7.26 7.3 7.24 7.24
2003-06-24 7.33 7.4 7.2 7.2
2003-08-19 7.19 7.25 7.14 7.14
2003-09-08 7.05 7.08 7.05 7.05
2003-12-08 7.08 7.18 6.98 6.98
2003-12-10 7.04 7.1 7.01 7.01
2004-02-03 7.1 7.1 6.96 6.96
2004-02-05 7.62 8.03 7.31 7.31
2004-02-09 7.53 7.65 7.4 7.4
2004-02-12 7.49 7.57 7.3 7.3
2004-02-19 7.56 7.75 7.44 7.44
2004-02-27 7.22 7.25 7.04 7.04
2004-03-31 6.74 6.78 6.6 6.6
2004-04-01 6.77 6.84 6.65 6.65
2004-04-08 6.71 6.75 6.65 6.65
2004-05-18 6.05 6.05 5.81 5.81
2004-05-20 5.94 6.08 5.8 5.8
2004-06-02 5.77 5.86 5.7 5.7
2004-07-06 5.51 5.56 5.33 5.33
2004-07-21 5.6 5.7 5.47 5.47
2004-08-10 5.25 5.3 5.22 5.22
2004-09-14 4.67 4.73 4.6 4.6
2004-11-19 4.98 4.99 4.89 4.89
2004-11-25 4.78 4.82 4.71 4.71
2004-12-16 4.62 4.68 4.55 4.55
2005-01-11 4.31 4.36 4.3 4.3
2005-01-12 4.36 4.37 4.3 4.3
2005-01-18 4.15 4.15 4.08 4.08
2005-02-21 4.46 4.46 4.35 4.35
2005-03-04 4.5 4.54 4.4 4.4
2005-05-31 3.25 3.29 3.24 3.24
2005-06-08 3.31 3.34 3.08 3.08
2005-10-11 3.97 3.98 3.66 3.66
2005-12-09 3.67 3.71 3.49 3.49
2005-12-29 3.72 3.72 3.66 3.66
2006-04-25 3.91 3.95 3.8 3.8
2006-04-28 3.92 4.02 3.89 3.89
2006-05-09 4.43 4.55 4.2 4.2
2006-07-17 5.12 5.18 5.01 5.01
2006-07-25 5.08 5.12 5.05 5.05
2006-08-10 4.75 4.75 4.68 4.68
2006-09-26 5.26 5.27 5.05 5.05
2006-10-11 5.31 5.36 5.13 5.13
2007-01-19 4.64 4.74 4.45 4.45
2007-01-29 4.83 4.84 4.56 4.56
2007-02-06 4.79 4.8 4.68 4.68
2007-02-09 4.94 5.08 4.87 4.87
2007-03-21 6.15 6.18 6.05 6.05
2007-03-26 6.52 6.58 6.4 6.4
2007-04-02 6.42 6.42 6.13 6.13
2007-04-05 7.1 7.1 6.66 6.66
2007-04-23 9.45 9.48 9.15 9.15
2007-06-05 8.61 8.63 7.66 7.66
2007-06-12 10.09 10.09 9.22 9.22
2007-07-31 10.0 10.07 9.16 9.16
2007-08-31 9.72 9.95 9.25 9.25
2008-02-14 13.8 14.44 13.26 13.26
2008-11-07 4.78 4.8 4.51 4.51
2008-11-10 5.17 5.2 4.83 4.83
2009-01-16 7.96 8.2 7.59 7.59
2009-03-31 10.65 10.65 9.2 9.2
2009-04-09 10.33 10.5 10.01 10.01
2009-05-05 12.8 13.33 12.34 12.34
2009-11-16 11.22 11.25 11.03 11.03
2009-12-16 11.26 11.32 11.08 11.08
2010-11-24 14.21 14.23 13.47 13.47
2010-11-25 14.51 14.59 14.25 14.25
2010-12-13 14.16 14.17 13.73 13.73
2011-02-18 15.05 15.15 13.62 13.62
2011-03-16 18.63 19.22 18.1 18.1
2011-03-18 19.88 20.04 18.2 18.2
2011-06-03 14.76 15.58 14.6 14.6
2012-03-09 11.44 11.59 11.31 11.31
2012-05-29 9.25 9.26 9.0 9.0
2012-06-14 9.59 9.71 9.4 9.4
2012-08-21 8.1 8.17 7.96 7.96
2012-08-28 7.68 7.76 7.6 7.6
2012-11-01 8.09 8.18 7.89 7.89
2012-11-05 8.16 8.23 8.05 8.05
2012-11-09 8.03 8.08 7.93 7.93
2012-11-12 8.16 8.18 8.0 8.0
2012-11-29 8.08 8.14 7.86 7.86
2013-08-05 7.15 7.19 7.1 7.1
2013-08-12 7.95 8.05 7.35 7.35
2013-08-19 8.38 8.49 7.75 7.75
2014-01-28 7.58 7.66 7.48 7.48
2014-01-29 7.79 7.86 7.58 7.58
2014-02-10 7.77 7.77 7.54 7.54
2014-02-12 7.84 7.87 7.73 7.73
2014-03-13 7.17 7.2 7.07 7.07
2014-03-17 7.19 7.2 7.1 7.1
2014-03-18 7.26 7.32 7.18 7.18
2014-03-19 7.4 7.44 7.19 7.19
2014-03-21 7.26 7.28 6.95 6.95
2014-04-14 7.49 7.53 7.44 7.44
2014-05-06 7.35 7.41 7.28 7.28
2014-05-08 7.24 7.25 7.1 7.1
2014-05-12 7.3 7.35 7.17 7.17
2014-05-19 7.27 7.29 7.18 7.18
2014-05-20 7.3 7.38 7.25 7.25
2014-05-26 7.31 7.32 7.22 7.22
2014-06-23 7.15 7.17 7.1 7.1
2014-06-30 7.29 7.36 7.24 7.24
2014-08-15 8.31 8.36 8.21 8.21
2014-08-18 8.53 8.61 8.34 8.34
2014-12-26 9.64 9.65 9.38 9.38
2015-03-31 10.45 10.45 10.45 10.45
2015-04-02 10.38 10.45 10.25 10.25
2015-04-09 11.81 11.81 11.26 11.26
2015-04-10 12.4 12.4 12.0 12.0
2015-07-07 8.55 8.55 8.55 8.55
2015-07-08 8.12 8.12 8.12 8.12
2015-07-09 8.39 8.5 7.71 7.71
2015-07-16 7.89 8.34 7.89 7.89
2015-07-17 8.28 8.28 7.95 7.95
2015-08-05 8.04 8.28 7.91 7.91
2015-08-25 7.08 7.15 7.08 7.08
2015-10-09 7.13 7.14 7.0 7.0
2015-10-15 7.59 7.6 7.35 7.35
2015-11-25 8.67 8.76 8.58 8.58
2015-12-01 7.89 8.04 7.82 7.82
2015-12-07 8.54 8.57 8.29 8.29
2015-12-25 9.06 9.06 8.65 8.65
2016-01-05 8.23 8.44 8.23 8.23
2016-06-27 8.08 8.14 7.89 7.89
2016-06-30 8.18 8.22 8.15 8.15
2016-10-20 9.3 9.41 9.21 9.21
2016-12-21 8.97 9.06 8.93 8.93
2017-05-04 8.15 8.18 8.06 8.06
2017-05-12 7.5 7.54 7.45 7.45
2017-05-15 7.51 7.57 7.47 7.47
2017-05-18 7.69 7.74 7.63 7.63
2017-06-07 7.42 7.45 7.28 7.28
2017-08-14 7.42 7.45 7.23 7.23
2017-08-16 7.49 7.52 7.39 7.39
