2002-06-18 15.85 15.92 15.61 15.61
2002-09-18 16.36 16.46 16.35 16.35
2002-09-19 16.6 16.66 16.26 16.26
2002-09-23 16.5 16.65 16.36 16.36
2002-10-22 15.75 15.85 15.51 15.51
2002-12-17 14.27 14.38 14.21 14.21
2002-12-23 14.65 14.83 14.5 14.5
2003-03-24 13.94 14.05 13.85 13.85
2003-04-14 15.42 15.5 15.18 15.18
2003-05-15 14.53 14.56 14.16 14.16
2003-07-14 14.26 14.26 13.93 13.93
2003-07-22 14.3 14.45 14.1 14.1
2003-08-04 14.8 14.85 14.56 14.56
2003-08-12 14.47 14.51 14.39 14.39
2003-08-19 14.2 14.37 14.0 14.0
2003-08-26 14.29 14.35 14.2 14.2
2003-09-01 14.48 14.55 14.28 14.28
2003-09-04 14.39 14.5 14.29 14.29
2003-09-08 14.57 14.65 14.5 14.5
2003-09-15 14.29 14.36 14.11 14.11
2003-09-17 14.3 14.33 14.21 14.21
2003-09-18 14.2 14.3 14.16 14.16
2003-09-19 14.28 14.4 14.17 14.17
2003-09-29 14.25 14.25 14.15 14.15
2003-10-08 14.31 14.35 14.16 14.16
2003-10-13 14.7 14.97 14.62 14.62
2003-10-14 14.7 14.8 14.65 14.65
2003-10-31 13.63 13.75 13.48 13.48
2003-11-14 13.45 13.5 13.31 13.31
2003-11-17 13.5 13.54 13.4 13.4
2003-11-19 13.31 13.35 13.2 13.2
2003-12-18 14.34 14.65 13.75 13.75
2004-02-13 15.69 15.76 15.35 15.35
2004-03-10 16.63 17.01 15.6 15.6
2004-04-23 17.98 18.3 17.8 17.8
2004-04-26 18.26 18.35 17.98 17.98
2004-05-11 17.49 17.49 17.11 17.11
2004-07-08 14.21 14.35 14.02 14.02
2004-07-12 13.92 14.05 13.81 13.81
2004-10-15 20.7 21.16 20.17 20.17
2004-11-09 20.22 20.33 19.58 19.58
2004-11-26 19.93 19.98 19.8 19.8
2004-12-28 19.74 19.78 19.2 19.2
2004-12-31 19.55 20.4 18.6 18.6
2005-01-04 18.99 19.13 18.82 18.82
2005-01-05 19.03 19.19 18.9 18.9
2005-01-11 19.67 19.99 18.93 18.93
2005-03-04 23.98 24.2 23.38 23.38
2005-03-25 26.5 26.87 25.99 25.99
2005-08-05 22.58 22.7 22.03 22.03
2005-08-11 24.12 24.28 23.1 23.1
2005-08-15 25.46 25.88 24.2 24.2
2005-09-16 24.89 25.5 24.5 24.5
2005-09-23 24.62 24.92 24.55 24.55
2005-09-27 24.66 25.0 24.51 24.51
2005-09-28 25.2 25.2 24.63 24.63
2005-09-30 25.5 25.5 25.0 25.0
2005-10-13 25.96 26.2 25.62 25.62
2005-12-13 23.0 23.09 22.64 22.64
2005-12-16 24.24 24.29 23.53 23.53
2006-01-05 26.39 26.7 26.01 26.01
2006-12-04 28.87 29.55 28.6 28.6
2006-12-11 28.16 28.24 27.11 27.11
2006-12-15 31.23 31.23 28.5 28.5
2006-12-20 31.7 31.99 31.25 31.25
2006-12-28 34.23 34.8 32.92 32.92
2007-01-09 33.68 33.7 32.16 32.16
2007-01-19 39.05 39.45 37.1 37.1
2007-04-20 36.71 37.0 35.1 35.1
2007-05-16 38.27 38.68 35.83 35.83
2007-05-23 39.46 39.99 38.55 38.55
2007-05-31 45.53 45.53 41.7 41.7
2007-07-23 38.7 39.1 37.92 37.92
2007-08-07 43.61 43.68 40.93 40.93
2007-08-23 45.42 45.52 44.12 44.12
2007-08-24 45.89 47.41 45.4 45.4
2007-10-16 56.0 56.32 53.0 53.0
2007-12-19 49.03 49.89 48.3 48.3
2007-12-24 50.4 50.98 49.93 49.93
2008-06-18 22.93 23.15 21.51 21.51
2008-06-24 22.21 22.35 21.66 21.66
2008-06-25 23.07 23.25 22.3 22.3
2008-11-10 12.8 13.08 12.09 12.09
2008-12-16 14.76 14.9 13.6 13.6
2009-01-15 16.67 16.89 16.1 16.1
2009-06-10 12.08 12.35 11.78 11.78
2009-06-15 12.8 12.87 11.85 11.85
2010-10-11 7.18 7.39 7.12 7.12
2010-11-04 7.99 8.06 7.63 7.63
2011-07-04 6.49 6.51 6.35 6.35
2012-03-02 6.2 6.29 6.13 6.13
2012-05-21 6.15 6.17 6.05 6.05
2012-08-03 5.92 5.93 5.86 5.86
2013-02-07 6.75 6.85 6.5 6.5
2013-04-09 6.34 6.47 6.3 6.3
2013-04-10 6.41 6.41 6.32 6.32
2013-05-08 6.79 6.8 6.58 6.58
2014-07-02 7.39 7.47 7.34 7.34
2014-07-30 7.52 7.74 7.48 7.48
2015-06-01 13.88 13.88 13.22 13.22
2015-07-08 9.77 10.36 9.77 9.77
2015-10-15 10.17 10.27 9.88 9.88
2017-02-28 8.07 8.08 7.93 7.93
2017-07-24 6.22 6.25 6.14 6.14
2017-08-28 6.4 6.43 6.37 6.37
