1994-03-21 14.13 15.0 14.0 14.0
1994-06-03 8.32 8.51 8.3 8.3
1994-06-22 7.44 7.57 7.3 7.3
1994-06-28 6.78 6.85 6.72 6.72
1994-07-04 6.6 6.74 6.5 6.5
1994-10-24 13.5 13.58 12.5 12.5
1994-11-08 12.2 13.1 11.6 11.6
1994-12-02 11.68 11.8 11.68 11.68
1994-12-07 11.2 11.45 11.03 11.03
1994-12-21 11.79 12.28 11.5 11.5
1995-01-26 9.38 9.4 9.3 9.3
1995-02-09 8.93 9.05 8.6 8.6
1995-02-17 8.37 8.45 8.3 8.3
1995-02-20 8.39 8.48 8.35 8.35
1995-03-17 10.08 10.1 9.72 9.72
1995-05-04 8.5 8.65 8.4 8.4
1995-05-10 8.52 8.75 8.38 8.38
1995-05-15 9.38 9.4 9.01 9.01
1995-05-19 13.6 13.6 12.0 12.0
1995-06-02 11.66 11.79 11.45 11.45
1995-06-06 11.5 11.7 10.9 10.9
1995-06-09 11.65 11.8 11.36 11.36
1995-06-26 10.5 10.5 10.2 10.2
1995-06-29 10.46 10.56 10.26 10.26
1995-07-05 10.32 10.72 10.2 10.2
1995-07-06 10.46 10.73 10.32 10.32
1995-07-07 10.92 11.2 10.51 10.51
1995-07-17 11.4 11.6 10.5 10.5
1995-08-17 15.35 15.78 15.1 15.1
1995-09-08 16.5 16.51 16.5 16.5
1995-09-13 17.1 17.2 16.53 16.53
1995-10-18 14.58 14.83 14.53 14.53
1995-10-23 14.78 14.78 14.56 14.56
1995-10-25 15.6 16.8 14.78 14.78
1995-11-01 15.19 15.3 15.19 15.19
1995-11-14 14.65 14.65 14.45 14.45
1995-11-16 14.7 14.7 14.61 14.61
1995-12-11 14.78 14.9 14.45 14.45
1996-01-04 13.6 13.6 13.33 13.33
1996-01-08 13.46 13.5 13.31 13.31
1996-01-11 13.35 13.35 13.31 13.31
1996-01-26 12.98 13.03 12.91 12.91
1996-03-14 8.55 8.67 8.5 8.5
1996-03-15 8.52 8.56 8.5 8.5
1996-03-18 8.57 8.6 8.52 8.52
1996-04-05 8.21 8.3 7.8 7.8
1996-04-12 8.15 8.28 8.15 8.15
1996-04-16 8.29 8.3 8.2 8.2
1996-04-17 8.61 8.78 8.35 8.35
1996-04-19 8.9 8.96 8.7 8.7
1996-04-23 8.69 8.69 8.5 8.5
1996-04-24 9.37 9.38 8.79 8.79
1996-04-26 10.2 10.3 9.3 9.3
1996-05-14 8.23 8.4 8.2 8.2
1996-05-31 7.5 7.6 7.35 7.35
1996-06-24 7.7 7.9 7.58 7.58
1996-06-26 7.59 7.7 7.4 7.4
1996-07-16 6.7 6.7 6.4 6.4
1996-07-17 6.92 7.08 6.8 6.8
1996-07-18 6.95 7.01 6.8 6.8
1996-07-19 7.6 7.7 7.0 7.0
1996-09-03 6.34 6.45 6.25 6.25
1996-09-23 6.19 6.19 6.03 6.03
1996-10-21 6.85 6.89 6.7 6.7
1996-10-23 7.45 7.48 7.05 7.05
1996-10-28 7.83 7.86 7.51 7.51
1996-11-14 6.71 6.71 6.6 6.6
1996-11-19 7.18 7.34 7.1 7.1
1997-01-07 5.65 5.65 5.51 5.51
1997-01-08 5.63 5.67 5.6 5.6
1997-01-27 5.87 5.88 5.8 5.8
1997-01-28 5.92 5.95 5.85 5.85
1997-03-31 8.29 8.32 7.78 7.78
1997-04-16 9.36 9.6 9.0 9.0
1997-04-23 11.11 11.11 10.3 10.3
1997-05-22 7.92 8.6 7.92 7.92
1997-08-07 6.08 6.08 5.5 5.5
1997-08-08 6.2 6.48 6.05 6.05
1997-08-27 6.12 6.2 5.9 5.9
1997-10-15 6.16 6.21 6.12 6.12
1997-10-21 5.99 6.18 5.91 5.91
1997-10-27 6.02 6.09 5.61 5.61
1997-10-29 5.78 5.91 5.61 5.61
1997-11-06 6.4 6.47 6.2 6.2
1998-02-11 6.25 6.29 6.15 6.15
1998-03-03 6.5 6.82 6.47 6.47
1998-03-09 6.88 6.92 6.79 6.79
1998-03-17 6.68 6.82 6.6 6.6
1998-03-18 7.13 7.35 6.7 6.7
1998-03-26 7.09 7.27 6.85 6.85
1998-04-01 7.71 7.85 7.36 7.36
1998-05-19 7.25 7.3 7.13 7.13
1998-05-25 8.31 8.56 7.81 7.81
1998-06-18 7.77 7.8 7.58 7.58
1998-06-22 7.94 7.95 7.7 7.7
1998-06-30 7.32 7.49 7.3 7.3
1998-07-24 7.28 7.38 7.17 7.17
1998-07-29 7.44 7.58 7.3 7.3
1998-09-10 7.79 7.98 7.72 7.72
1998-09-11 8.21 8.26 7.79 7.79
1998-09-14 8.58 8.68 8.31 8.31
1998-09-15 8.5 8.87 8.05 8.05
1998-11-11 9.1 9.38 9.03 9.03
1998-11-27 8.65 8.79 8.55 8.55
1998-12-22 7.85 7.88 7.62 7.62
1999-01-08 8.24 8.24 7.6 7.6
1999-03-03 7.92 8.2 7.63 7.63
1999-03-05 7.85 7.9 7.65 7.65
1999-03-12 8.38 8.49 8.0 8.0
1999-03-19 8.2 8.2 8.02 8.02
1999-05-11 7.67 7.78 7.5 7.5
1999-05-19 8.12 8.13 7.66 7.66
1999-05-20 8.93 8.93 8.22 8.22
1999-05-27 9.18 9.25 8.78 8.78
1999-06-04 9.01 9.68 8.88 8.88
1999-08-12 11.0 11.17 10.8 10.8
1999-08-13 11.01 11.5 11.0 11.0
1999-08-17 11.28 11.67 11.05 11.05
1999-08-23 12.78 12.8 12.25 12.25
1999-08-26 13.2 13.26 12.1 12.1
1999-09-14 12.42 12.8 12.42 12.42
1999-10-11 11.66 11.82 11.5 11.5
1999-10-14 11.8 11.9 11.65 11.65
1999-10-15 12.98 12.98 11.9 11.9
1999-11-25 11.19 11.3 11.1 11.1
1999-11-29 11.51 11.8 11.26 11.26
1999-12-01 11.6 11.75 11.4 11.4
2000-01-04 10.0 10.09 9.38 9.38
2000-01-05 10.4 10.69 10.0 10.0
2000-03-01 11.24 11.68 11.0 11.0
2000-03-03 11.75 11.75 11.3 11.3
2000-04-05 13.55 13.7 13.3 13.3
2000-06-06 15.38 15.48 15.1 15.1
2000-06-30 14.73 14.91 14.73 14.73
2001-03-30 17.98 18.08 17.74 17.74
2001-04-20 18.6 18.9 18.3 18.3
2001-04-23 19.48 19.88 18.75 18.75
2001-04-27 18.67 19.2 18.4 18.4
2001-04-30 18.9 19.2 18.7 18.7
2001-05-10 20.52 20.61 19.0 19.0
2001-05-25 19.6 19.7 19.3 19.3
2001-05-29 18.78 19.1 18.4 18.4
2001-06-04 20.27 20.5 19.95 19.95
2001-06-06 21.26 22.88 21.0 21.0
2001-07-13 18.05 18.2 17.92 17.92
2001-08-09 15.82 15.82 15.38 15.38
2001-08-15 16.08 16.15 15.68 15.68
2001-08-20 15.85 15.95 15.57 15.57
2001-08-21 16.19 16.2 15.98 15.98
2001-09-18 14.9 15.19 14.8 14.8
2001-12-06 15.03 15.1 14.78 14.78
2001-12-10 15.29 15.6 14.92 14.92
2001-12-17 14.38 14.48 14.28 14.28
2002-02-04 12.89 12.91 12.7 12.7
2002-02-07 12.65 12.74 12.25 12.25
2002-02-25 12.83 13.0 12.72 12.72
2002-03-14 14.32 14.4 13.37 13.37
2002-03-20 14.3 14.58 14.1 14.1
2002-03-25 13.95 14.1 13.8 13.8
2002-04-02 13.36 13.86 13.2 13.2
2002-04-04 13.77 13.8 13.38 13.38
2002-04-09 14.32 14.55 13.93 13.93
2002-04-17 14.25 14.45 14.15 14.15
2002-04-24 14.15 14.4 13.91 13.91
2002-04-26 16.16 16.16 14.71 14.71
2002-06-11 14.04 14.32 13.2 13.2
2002-06-18 13.68 13.82 13.48 13.48
2002-06-21 14.17 14.2 13.6 13.6
2002-07-01 14.66 14.8 14.6 14.6
2002-07-04 14.92 15.3 14.91 14.91
2002-07-05 15.3 15.7 14.8 14.8
2002-08-15 14.23 14.4 14.22 14.22
2002-08-16 14.34 14.4 14.23 14.23
2002-08-22 14.88 15.29 14.6 14.6
2002-10-29 13.74 13.78 13.5 13.5
2002-11-05 14.05 14.15 13.8 13.8
2002-11-29 14.39 14.89 13.75 13.75
2003-01-29 13.62 13.78 13.5 13.5
2003-02-10 13.56 13.68 13.5 13.5
2003-06-10 10.21 10.22 10.05 10.05
2003-06-11 10.84 11.23 10.22 10.22
2003-08-21 9.16 9.17 9.12 9.12
2003-09-16 9.15 9.2 9.09 9.09
2003-09-23 9.39 9.45 9.01 9.01
2003-10-08 9.19 9.21 9.16 9.16
2003-11-24 7.95 7.95 7.44 7.44
2003-11-25 8.28 8.49 8.0 8.0
2004-02-09 9.16 9.24 8.9 8.9
2004-02-23 9.89 10.27 9.82 9.82
2004-04-26 9.85 9.88 9.58 9.58
2004-04-28 10.14 10.27 9.65 9.65
2004-04-29 9.83 10.12 9.8 9.8
2004-05-21 9.97 10.1 9.8 9.8
2004-06-10 8.46 8.64 8.42 8.42
2004-06-11 8.51 8.7 8.47 8.47
2004-06-16 8.42 8.5 8.23 8.23
2004-06-21 8.72 8.73 8.5 8.5
2004-08-04 6.56 6.79 6.26 6.26
2004-08-26 6.02 6.3 5.98 5.98
2004-08-30 5.9 5.92 5.76 5.76
2004-08-31 6.1 6.21 6.03 6.03
2004-09-02 6.1 6.14 5.95 5.95
2004-09-06 6.13 6.15 6.1 6.1
2004-11-19 6.86 6.88 6.68 6.68
2005-01-07 6.08 6.17 6.05 6.05
2005-01-10 6.11 6.15 6.01 6.01
2005-01-13 6.14 6.15 6.04 6.04
2005-01-14 6.25 6.45 6.15 6.15
2005-01-18 6.16 6.2 6.1 6.1
2005-01-19 6.17 6.23 6.15 6.15
2005-01-25 6.24 6.39 6.18 6.18
2005-04-21 4.84 5.31 4.84 4.84
2005-05-27 4.0 4.02 3.79 3.79
2005-07-04 4.09 4.13 3.92 3.92
2005-07-26 3.86 3.88 3.6 3.6
2005-08-12 5.23 5.23 4.8 4.8
2005-09-16 6.09 6.28 5.82 5.82
2005-09-23 5.37 5.51 5.3 5.3
2005-09-28 5.23 5.33 5.0 5.0
2005-09-29 5.7 5.7 5.25 5.25
2005-10-19 5.5 5.74 5.45 5.45
2005-11-02 4.53 4.58 4.37 4.37
2005-11-07 4.53 4.54 4.41 4.41
2005-11-15 4.81 4.81 4.4 4.4
2006-02-10 4.55 4.59 4.51 4.51
2006-02-14 4.79 4.81 4.59 4.59
2006-12-18 5.2 5.2 4.76 4.76
2007-02-13 6.54 6.55 6.35 6.35
2007-06-20 10.85 10.85 10.85 10.85
2007-06-26 10.07 10.4 9.68 9.68
2007-09-03 10.38 10.45 9.66 9.66
2008-02-14 7.71 7.8 7.54 7.54
2008-02-18 7.88 7.93 7.73 7.73
2008-03-06 9.32 9.78 9.3 9.3
2008-03-10 9.06 9.08 8.65 8.65
2008-07-02 4.94 5.06 4.65 4.65
2008-07-07 5.16 5.19 4.91 4.91
2008-07-14 5.39 5.39 5.1 5.1
2008-08-07 6.36 6.45 6.11 6.11
2008-08-25 5.23 5.4 5.18 5.18
2008-11-12 3.84 3.85 3.48 3.48
2008-11-13 3.93 4.04 3.71 3.71
2009-03-30 7.56 7.58 6.8 6.8
2009-05-05 8.78 8.78 7.99 7.99
2009-05-12 8.81 9.03 8.6 8.6
2009-09-03 9.47 9.48 9.0 9.0
2009-10-14 10.38 10.7 10.06 10.06
2009-10-28 10.14 10.2 9.83 9.83
2009-10-30 10.03 10.15 9.8 9.8
2009-11-25 11.27 11.3 10.65 10.65
2009-12-03 12.18 12.35 12.03 12.03
2010-01-21 11.81 11.95 11.73 11.73
2010-01-29 11.22 11.29 11.07 11.07
2010-02-12 10.63 10.64 10.48 10.48
2010-03-08 11.62 11.77 11.35 11.35
2010-07-13 8.47 8.81 8.22 8.22
2010-07-19 8.77 8.78 8.27 8.27
2011-02-15 15.23 15.61 15.1 15.1
2011-02-23 15.26 15.35 15.03 15.03
2011-02-24 15.49 15.5 15.07 15.07
2011-03-18 16.09 16.39 15.8 15.8
2011-06-30 12.09 12.12 11.8 11.8
2011-08-12 9.86 9.99 9.73 9.73
2011-08-19 9.91 10.0 9.52 9.52
2011-08-22 10.1 10.42 9.89 9.89
2011-09-20 9.66 9.67 9.31 9.31
2012-03-02 7.78 7.79 7.6 7.6
2012-03-08 7.77 7.87 7.57 7.57
2012-03-12 8.06 8.07 7.9 7.9
2012-03-13 8.25 8.26 8.0 8.0
2012-07-10 7.13 7.27 7.03 7.03
2012-08-31 6.79 6.86 6.7 6.7
2012-09-04 6.84 7.0 6.83 6.83
2012-09-06 6.94 6.95 6.76 6.76
2012-11-20 6.71 6.74 6.68 6.68
2012-11-23 6.7 6.73 6.65 6.65
2012-12-10 6.35 6.36 6.2 6.2
2012-12-11 6.32 6.39 6.26 6.26
2013-01-07 7.45 7.45 6.66 6.66
2013-03-25 7.37 7.45 7.22 7.22
2013-03-29 6.62 6.68 6.5 6.5
2013-04-24 6.33 6.35 6.22 6.22
2013-05-03 6.25 6.29 6.16 6.16
2013-06-17 6.25 6.33 6.23 6.23
2014-01-21 8.55 8.75 8.42 8.42
2014-05-07 10.38 10.6 10.02 10.02
2014-06-24 10.75 10.81 10.59 10.59
2014-08-12 11.64 11.72 11.34 11.34
2014-12-15 11.91 11.95 11.71 11.71
2015-06-08 23.13 23.68 21.85 21.85
2015-07-09 12.18 12.18 9.96 9.96
2015-07-17 14.34 14.75 13.41 13.41
2015-07-23 16.75 17.0 15.59 15.59
2015-09-10 13.22 13.8 12.63 12.63
2015-09-16 13.01 13.01 11.99 11.99
2015-11-18 17.54 18.0 17.37 17.37
2016-02-02 13.1 13.14 12.1 12.1
