1993-08-25 14.25 14.49 14.1 14.1
1993-08-30 14.0 14.35 13.7 13.7
1993-09-17 13.86 13.98 13.85 13.85
1993-09-21 14.2 14.34 13.88 13.88
1993-11-18 12.27 12.35 12.2 12.2
1993-12-06 13.0 13.6 12.91 12.91
1994-02-03 5.2 5.32 4.98 4.98
1994-02-16 5.16 5.25 5.1 5.1
1994-02-23 5.1 5.14 5.01 5.01
1994-05-24 5.94 6.0 5.91 5.91
1994-08-22 6.56 6.84 6.2 6.2
1994-08-23 6.76 6.76 6.2 6.2
1994-10-18 4.46 4.6 4.4 4.4
1994-10-20 5.1 5.1 4.75 4.75
1994-11-03 5.01 5.02 4.72 4.72
1994-11-07 4.64 4.8 4.4 4.4
1994-11-08 4.8 5.3 4.71 4.71
1994-12-09 4.4 4.45 4.31 4.31
1994-12-15 4.58 4.7 4.21 4.21
1994-12-23 4.38 4.44 4.29 4.29
1994-12-26 4.34 4.46 4.3 4.3
1995-01-03 4.16 4.2 4.15 4.15
1995-01-06 4.17 4.2 4.1 4.1
1995-01-09 4.12 4.2 4.1 4.1
1995-01-27 3.89 3.95 3.8 3.8
1995-02-22 4.03 4.08 3.74 3.74
1995-03-27 4.5 4.54 4.4 4.4
1995-04-12 4.4 4.46 4.32 4.32
1995-04-14 4.35 4.39 4.3 4.3
1995-05-12 4.0 4.09 3.89 3.89
1995-11-03 5.7 5.72 5.62 5.62
1995-11-08 5.6 5.67 5.49 5.49
1995-11-10 5.6 5.66 5.58 5.58
1996-01-11 4.66 4.7 4.28 4.28
1996-02-12 4.65 4.68 4.54 4.54
1996-02-13 4.67 4.69 4.63 4.63
1996-02-15 4.82 4.85 4.67 4.67
1996-02-16 5.14 5.17 4.82 4.82
1996-03-07 4.94 5.0 4.82 4.82
1996-03-14 4.85 4.93 4.81 4.81
1996-05-29 5.38 5.45 5.34 5.34
1996-06-04 5.15 5.25 5.08 5.08
1996-06-07 5.4 5.68 5.38 5.38
1996-06-26 5.36 5.42 5.11 5.11
1996-07-11 4.85 5.07 4.8 4.8
1996-07-29 5.48 5.48 5.35 5.35
1996-08-01 5.18 5.23 5.11 5.11
1996-09-20 4.75 4.78 4.57 4.57
1996-09-23 4.9 4.9 4.75 4.75
1996-11-18 6.68 6.68 5.76 5.76
1996-11-29 6.51 6.6 6.12 6.12
1996-12-02 7.6 7.7 6.78 6.78
1996-12-17 5.67 5.67 5.67 5.67
1996-12-18 5.98 6.1 5.1 5.1
1996-12-23 5.32 5.5 5.1 5.1
1996-12-26 5.71 5.72 5.35 5.35
1997-01-13 5.63 5.75 5.5 5.5
1997-01-15 5.45 5.53 5.4 5.4
1997-01-22 5.63 5.63 5.55 5.55
1997-02-20 5.85 5.88 5.24 5.24
1997-05-22 7.68 7.68 7.68 7.68
1997-07-31 6.9 6.98 6.6 6.6
1997-08-01 7.09 7.3 6.89 6.89
1997-10-30 6.42 6.78 6.0 6.0
1997-11-07 6.53 6.93 6.38 6.38
1997-11-13 6.25 6.28 6.07 6.07
1997-12-25 6.6 6.6 6.4 6.4
1997-12-26 6.6 6.65 6.38 6.38
1998-01-05 6.79 6.8 6.46 6.46
1998-01-07 7.42 7.45 7.01 7.01
1998-01-12 7.5 7.56 7.35 7.35
1998-01-16 7.98 8.02 7.5 7.5
1998-01-19 8.14 8.18 7.8 7.8
1998-02-23 7.4 7.47 7.25 7.25
1998-02-26 7.3 7.35 7.11 7.11
1998-03-02 7.35 7.57 7.26 7.26
1998-03-03 7.5 7.58 7.28 7.28
1998-03-06 7.94 8.13 7.59 7.59
1998-03-09 7.96 8.2 7.9 7.9
1998-03-17 7.75 7.85 7.3 7.3
1998-03-20 8.5 8.5 8.1 8.1
1998-03-23 9.35 9.35 8.5 8.5
1998-03-24 10.29 10.29 9.8 9.8
1998-03-25 11.32 11.32 10.29 10.29
1998-05-13 14.06 14.06 14.06 14.06
1998-06-12 16.92 17.1 16.01 16.01
1998-06-18 17.3 18.0 16.63 16.63
1998-07-17 21.7 22.04 20.02 20.02
1998-07-23 21.3 21.6 20.6 20.6
1998-07-29 21.7 21.8 21.3 21.3
1998-08-06 24.41 24.44 23.1 23.1
1998-08-19 23.3 23.5 21.6 21.6
1998-08-26 24.98 24.99 23.1 23.1
1998-09-30 23.5 23.7 23.0 23.0
1998-10-16 22.5 22.7 22.3 22.3
1998-10-23 22.7 22.9 22.48 22.48
1998-10-26 22.68 23.15 22.58 22.58
1998-10-27 22.8 23.2 22.65 22.65
1998-10-28 22.87 23.4 22.68 22.68
1998-10-29 22.98 23.68 22.71 22.71
1998-11-16 22.96 23.12 22.3 22.3
1998-11-17 23.8 23.8 22.8 22.8
1998-11-23 25.34 25.46 24.92 24.92
1999-01-12 21.08 21.2 20.95 20.95
1999-01-26 20.35 20.38 19.8 19.8
1999-01-28 19.9 20.5 19.18 19.18
1999-01-29 19.9 20.3 19.63 19.63
1999-02-01 19.91 20.2 19.8 19.8
1999-03-24 20.1 20.25 19.4 19.4
1999-03-25 20.3 20.38 19.8 19.8
1999-03-31 20.27 20.28 19.88 19.88
1999-04-02 20.11 20.3 20.08 20.08
1999-05-21 16.28 16.38 15.75 15.75
1999-06-16 19.38 19.67 17.88 17.88
1999-07-23 27.89 28.05 27.5 27.5
1999-09-09 25.2 25.8 24.18 24.18
1999-10-29 23.7 24.4 23.19 23.19
1999-11-05 23.79 23.85 23.3 23.3
2000-01-20 30.55 30.79 28.03 28.03
2000-01-21 32.6 32.95 30.9 30.9
2000-03-17 53.38 53.98 50.09 50.09
2000-10-20 31.5 31.7 30.1 30.1
2000-12-05 30.65 31.18 30.54 30.54
2000-12-12 29.4 30.27 29.2 29.2
2001-04-12 28.05 28.97 27.57 27.57
2001-04-13 27.88 28.55 27.33 27.33
2001-04-16 29.42 29.43 27.93 27.93
2001-05-15 28.06 28.56 27.62 27.62
2001-07-04 26.02 26.28 25.66 25.66
2001-07-06 26.7 26.98 26.41 26.41
2001-08-15 22.17 22.2 22.0 22.0
2001-11-28 16.32 16.66 15.5 15.5
2001-12-21 14.53 14.55 14.2 14.2
2002-01-22 13.3 13.66 12.61 12.61
2002-02-07 14.4 14.64 13.85 13.85
2002-04-12 14.69 14.9 14.6 14.6
2002-04-26 14.42 14.47 14.0 14.0
2002-05-10 14.42 14.6 14.32 14.32
2002-05-31 13.99 14.1 13.85 13.85
2002-06-20 14.14 14.24 14.1 14.1
2002-08-01 14.37 14.42 14.25 14.25
2002-08-05 14.24 14.34 14.2 14.2
2002-08-06 14.42 14.55 14.24 14.24
2002-09-09 13.96 14.06 13.91 13.91
2003-02-14 12.23 12.44 11.72 11.72
2003-02-19 12.11 12.12 11.9 11.9
2003-04-04 10.96 11.16 10.88 10.88
2003-05-19 12.11 12.42 12.09 12.09
2003-07-08 6.93 6.97 6.5 6.5
2003-07-11 6.95 7.1 6.67 6.67
2003-07-14 7.1 7.25 6.95 6.95
2003-11-03 5.72 5.77 5.61 5.61
2004-01-05 6.62 6.65 6.4 6.4
2004-05-12 6.49 6.51 6.28 6.28
2004-08-31 4.07 4.26 3.87 3.87
2004-12-03 4.25 4.3 3.96 3.96
2004-12-27 3.53 3.59 3.5 3.5
2005-01-05 3.4 3.55 3.2 3.2
2005-01-13 3.46 3.51 3.36 3.36
2005-01-18 3.46 3.48 3.31 3.31
2005-02-02 2.89 2.91 2.72 2.72
2005-02-17 3.06 3.09 2.96 2.96
2005-02-23 3.33 3.33 3.1 3.1
2005-03-23 2.81 2.87 2.75 2.75
2005-05-31 2.36 2.45 2.31 2.31
2005-07-14 2.07 2.14 2.04 2.04
2005-08-05 2.13 2.14 2.04 2.04
2005-08-09 2.29 2.31 2.19 2.19
2005-11-02 2.33 2.37 2.26 2.26
2005-11-10 2.4 2.46 2.31 2.31
2005-12-26 2.26 2.28 2.23 2.23
2006-08-09 1.9 1.9 1.81 1.81
2006-08-14 2.0 2.04 1.95 1.95
2006-08-24 2.65 2.65 2.65 2.65
2006-08-25 2.78 2.78 2.78 2.78
2007-02-14 4.15 4.15 4.15 4.15
2007-02-28 5.12 5.12 4.95 4.95
2007-04-12 6.54 6.54 6.26 6.26
2007-04-13 6.81 6.87 6.65 6.65
2007-04-16 7.15 7.15 7.01 7.01
2007-04-17 7.51 7.51 7.51 7.51
2007-04-20 7.03 7.1 6.65 6.65
2007-04-26 7.11 7.3 7.0 7.0
2007-05-10 6.96 6.96 6.65 6.65
2007-05-25 9.36 9.36 9.36 9.36
2007-05-30 8.32 8.6 8.32 8.32
2007-05-31 7.9 7.9 7.9 7.9
2007-06-01 7.51 7.51 7.51 7.51
2007-06-04 7.13 7.13 7.13 7.13
2007-06-05 6.77 6.77 6.77 6.77
2007-06-06 6.52 7.09 6.43 6.43
2007-06-13 6.24 6.24 5.82 5.82
2007-06-27 5.11 5.18 4.97 4.97
2007-07-11 5.71 5.71 5.18 5.18
2007-08-03 6.65 6.65 6.65 6.65
2008-05-07 7.33 7.33 7.33 7.33
2008-05-08 7.7 7.7 7.7 7.7
2008-05-09 8.09 8.09 8.09 8.09
2008-05-13 7.31 7.8 7.31 7.31
2008-05-15 7.62 7.62 7.28 7.28
2008-06-30 4.28 4.38 4.28 4.28
2008-07-08 4.68 4.68 4.46 4.46
2008-10-15 2.72 2.76 2.62 2.62
2008-10-17 2.76 2.76 2.63 2.63
2008-11-05 2.88 2.9 2.8 2.8
2008-11-07 2.86 2.96 2.81 2.81
2008-11-14 3.07 3.08 2.97 2.97
2008-11-26 3.11 3.14 2.95 2.95
2008-12-03 3.43 3.43 3.43 3.43
2008-12-04 3.6 3.6 3.6 3.6
2009-01-21 4.14 4.18 4.04 4.04
2009-01-22 4.35 4.35 4.35 4.35
2009-02-06 4.7 4.71 4.51 4.51
2009-03-03 4.82 4.93 4.75 4.75
2009-03-04 5.06 5.06 4.85 4.85
2009-04-13 8.7 8.7 7.71 7.71
2009-05-04 9.28 9.38 8.75 8.75
2009-05-11 9.83 10.2 9.43 9.43
2009-05-15 11.2 11.2 10.28 10.28
2009-09-04 9.61 9.9 9.55 9.55
2009-10-09 8.66 8.98 8.37 8.37
2009-11-24 12.75 12.75 11.6 11.6
2009-11-30 11.98 12.25 11.61 11.61
2010-02-25 9.46 9.5 9.06 9.06
2010-11-24 6.46 6.48 6.34 6.34
2011-03-14 6.15 6.2 6.02 6.02
2011-06-10 6.18 6.3 6.05 6.05
2012-02-08 3.94 3.96 3.82 3.82
2012-08-16 3.82 3.87 3.77 3.77
2012-10-09 3.46 3.47 3.39 3.39
2013-01-21 4.3 4.38 4.27 4.27
2013-01-28 4.24 4.24 4.09 4.09
2013-04-09 4.31 4.37 4.26 4.26
2014-01-15 2.99 3.01 2.97 2.97
2014-01-21 3.01 3.01 2.96 2.96
2014-06-26 3.15 3.16 3.13 3.13
2014-10-28 4.03 4.05 3.9 3.9
2014-11-03 4.29 4.37 4.25 4.25
2016-03-21 5.95 6.04 5.85 5.85
2016-05-16 4.99 5.0 4.88 4.88
2016-06-01 5.05 5.09 5.02 5.02
2016-10-13 6.22 6.22 5.67 5.67
2016-10-17 7.52 7.52 7.16 7.16
2016-10-21 7.52 7.79 7.29 7.29
2017-09-01 5.91 5.92 5.77 5.77
