2000-12-12 35.15 35.5 34.51 34.51
2001-01-10 36.36 36.55 36.11 36.11
2001-01-18 34.84 34.9 34.4 34.4
2001-02-09 30.19 30.48 28.9 28.9
2001-02-26 31.04 31.19 30.6 30.6
2001-03-14 31.36 31.45 30.9 30.9
2001-03-27 32.26 32.5 31.3 31.3
2001-04-24 33.75 33.85 33.5 33.5
2001-05-11 33.55 33.65 33.1 33.1
2001-05-29 32.8 33.54 32.6 32.6
2001-06-14 34.97 36.65 34.8 34.8
2001-07-12 33.25 33.43 33.01 33.01
2001-07-20 32.5 32.6 32.1 32.1
2001-08-01 28.64 28.66 27.6 27.6
2001-08-17 27.85 27.94 27.7 27.7
2001-08-21 28.45 28.76 28.1 28.1
2001-09-03 26.13 26.21 26.0 26.0
2001-09-18 26.8 26.99 26.03 26.03
2001-09-25 27.18 27.8 27.1 27.1
2001-10-23 20.05 20.05 20.05 20.05
2001-11-13 20.0 20.02 19.53 19.53
2001-11-14 20.44 20.5 19.9 19.9
2001-11-19 21.34 21.4 20.8 20.8
2001-11-26 21.9 21.98 21.4 21.4
2001-11-28 22.45 22.68 22.1 22.1
2001-12-03 22.83 23.19 22.58 22.58
2001-12-18 21.29 21.35 20.71 20.71
2001-12-21 20.8 21.0 20.51 20.51
2002-01-08 20.38 20.6 20.36 20.36
2002-01-30 17.23 17.38 17.08 17.08
2002-01-31 18.54 18.93 17.4 17.4
2002-02-07 18.77 18.89 18.16 18.16
2002-03-04 18.95 19.0 18.41 18.41
2002-03-08 20.3 20.67 19.81 19.81
2002-04-10 20.21 20.34 20.1 20.1
2002-04-12 19.74 19.99 19.63 19.63
2002-04-25 19.16 19.26 19.03 19.03
2002-04-26 19.59 19.7 19.2 19.2
2002-04-29 19.96 19.97 19.6 19.6
2002-05-14 19.33 19.94 19.02 19.02
2002-05-28 18.85 19.0 18.27 18.27
2002-06-06 18.0 18.05 17.08 17.08
2002-06-21 18.1 18.19 17.7 17.7
2002-07-19 18.67 18.7 18.52 18.52
2002-07-23 18.23 18.38 18.2 18.2
2002-07-25 18.1 18.25 18.03 18.03
2002-08-06 18.2 18.3 17.95 17.95
2002-08-14 18.02 18.02 17.88 17.88
2002-08-27 19.33 19.5 18.77 18.77
2002-09-03 18.89 18.99 18.78 18.78
2002-09-09 18.34 18.48 18.15 18.15
2002-10-16 17.4 17.6 17.4 17.4
2002-10-21 17.18 17.2 17.0 17.0
2002-10-22 17.53 17.58 17.01 17.01
2002-11-05 16.6 16.8 16.11 16.11
2002-11-07 16.45 16.51 16.4 16.4
2002-12-03 14.67 14.72 14.5 14.5
2002-12-23 14.88 15.05 14.75 14.75
2003-01-14 15.46 15.8 14.85 14.85
2003-01-29 15.31 15.52 15.25 15.25
2003-02-11 15.27 15.29 15.03 15.03
2003-02-18 15.35 15.49 15.3 15.3
2003-02-24 15.25 15.58 15.08 15.08
2003-03-24 14.45 14.47 14.37 14.37
2003-03-28 14.02 14.33 14.0 14.0
2003-05-28 12.19 12.35 11.8 11.8
2003-06-17 12.78 12.95 12.72 12.72
2003-06-24 12.22 12.3 12.15 12.15
2003-07-02 11.65 11.7 11.45 11.45
2003-07-04 11.45 11.64 11.41 11.41
2003-07-08 11.5 11.5 11.34 11.34
2003-07-10 11.7 11.78 11.35 11.35
2003-07-24 10.85 10.93 10.8 10.8
2003-07-31 10.73 10.79 10.63 10.63
2003-08-14 11.04 11.27 10.85 10.85
2003-08-18 11.22 11.3 11.02 11.02
2003-08-19 11.35 11.53 11.2 11.2
2003-08-21 11.13 11.2 11.1 11.1
2003-09-01 11.42 11.48 11.05 11.05
2003-09-03 11.89 12.45 11.7 11.7
2003-09-08 11.43 11.57 11.4 11.4
2003-09-19 11.09 11.1 10.99 10.99
2003-09-23 11.05 11.07 10.93 10.93
2003-10-09 10.58 10.62 10.52 10.52
2003-10-27 9.74 9.99 9.61 9.61
2003-11-04 9.28 9.43 9.0 9.0
2003-11-12 8.5 8.65 8.5 8.5
2003-11-13 8.61 8.64 8.5 8.5
2003-11-18 8.55 8.64 8.45 8.45
2003-11-24 9.32 9.35 8.8 8.8
2003-12-10 9.62 9.63 9.38 9.38
2003-12-12 9.59 9.6 9.43 9.43
2003-12-15 9.64 9.74 9.5 9.5
2004-01-02 9.54 9.59 8.83 8.83
2004-01-07 9.87 9.88 9.22 9.22
2004-01-29 10.29 10.3 9.82 9.82
2004-02-02 10.23 10.25 9.93 9.93
2004-02-09 10.68 10.71 10.49 10.49
2004-02-13 10.84 10.98 10.78 10.78
2004-02-16 11.35 11.35 10.85 10.85
2004-03-10 10.98 10.98 10.72 10.72
2004-03-11 11.3 11.35 10.98 10.98
2004-04-02 12.18 12.2 12.06 12.06
2004-04-12 11.79 11.92 11.6 11.6
2004-05-12 10.67 10.67 10.4 10.4
2004-06-11 10.41 10.75 10.29 10.29
2004-06-18 10.24 10.36 10.08 10.08
2004-06-21 10.72 10.73 10.25 10.25
2004-06-24 10.99 11.08 10.7 10.7
2004-07-01 10.24 10.28 9.8 9.8
2004-07-29 9.56 9.57 9.41 9.41
2004-08-03 9.3 9.34 9.18 9.18
2004-08-04 9.54 9.6 9.34 9.34
2004-08-18 8.81 8.95 8.7 8.7
2004-08-30 8.63 8.7 8.55 8.55
2004-09-10 8.45 8.79 8.3 8.3
2004-09-15 8.87 9.18 8.4 8.4
2004-09-16 9.06 9.08 8.87 8.87
2004-10-18 9.52 9.57 9.36 9.36
2004-10-20 10.36 10.88 9.9 9.9
2004-10-26 10.14 10.16 9.84 9.84
2004-11-15 10.0 10.09 9.9 9.9
2004-11-26 9.96 10.0 9.9 9.9
2004-12-07 9.52 9.59 9.51 9.51
2004-12-09 9.58 9.74 9.53 9.53
2004-12-13 9.26 9.37 9.22 9.22
2004-12-21 9.02 9.06 8.95 8.95
2005-01-05 8.84 8.85 8.6 8.6
2005-01-06 8.83 8.91 8.7 8.7
2005-01-27 8.49 8.58 8.43 8.43
2005-02-17 8.41 8.54 8.4 8.4
2005-02-21 8.55 8.55 8.35 8.35
2005-02-24 8.88 8.9 8.77 8.77
2005-03-07 8.78 8.88 8.68 8.68
2005-03-21 8.0 8.1 7.93 7.93
2005-03-28 8.13 8.15 7.63 7.63
2005-04-01 7.45 7.54 7.16 7.16
2005-05-17 6.02 6.12 5.99 5.99
2005-05-31 6.16 6.16 6.1 6.1
2005-06-02 6.49 6.49 5.79 5.79
2005-06-27 6.83 6.95 6.61 6.61
2005-06-29 6.64 6.74 6.6 6.6
2005-07-20 5.39 5.4 5.25 5.25
2005-07-22 5.38 5.5 5.3 5.3
2005-07-26 5.5 5.55 5.39 5.39
2005-07-27 5.61 5.62 5.5 5.5
2005-07-28 5.7 5.79 5.64 5.64
2005-07-29 5.69 5.7 5.51 5.51
2005-08-01 5.78 5.85 5.7 5.7
2005-08-05 5.96 5.99 5.78 5.78
2005-08-08 6.1 6.14 5.97 5.97
2005-08-22 6.24 6.29 6.08 6.08
2005-08-26 6.26 6.28 6.15 6.15
2005-09-07 6.64 6.64 6.31 6.31
2005-09-12 7.5 7.5 7.5 7.5
2005-09-13 8.25 8.25 8.25 8.25
2005-09-14 9.08 9.08 9.08 9.08
2005-10-11 7.72 7.78 7.45 7.45
2005-10-31 6.98 7.0 6.8 6.8
2005-11-14 7.19 7.19 7.08 7.08
2005-11-18 7.3 7.39 7.1 7.1
2005-11-21 7.34 7.43 7.3 7.3
2005-11-24 7.35 7.5 7.26 7.26
2005-12-13 7.03 7.06 6.88 6.88
2005-12-14 7.15 7.16 6.95 6.95
2005-12-15 7.87 7.87 7.2 7.2
2006-01-20 8.4 8.5 8.14 8.14
2006-02-14 8.17 8.24 8.05 8.05
2006-03-01 8.07 8.1 7.9 7.9
2006-03-06 7.85 7.92 7.8 7.8
2006-03-09 7.39 7.47 7.37 7.37
2006-03-16 7.93 7.96 7.67 7.67
2006-03-28 8.17 8.3 8.07 8.07
2006-04-05 8.71 8.85 8.55 8.55
2006-04-07 9.39 9.4 8.85 8.85
2006-05-19 11.34 11.34 11.34 11.34
2006-05-22 12.47 12.47 12.47 12.47
2006-10-13 9.11 9.6 8.88 8.88
2006-10-19 9.78 9.85 9.36 9.36
2006-12-11 8.73 8.73 8.41 8.41
2006-12-14 8.76 8.8 8.62 8.62
2006-12-29 8.84 8.98 8.78 8.78
2007-01-08 9.42 9.46 9.05 9.05
2007-01-16 10.26 10.31 9.82 9.82
2007-02-06 12.72 12.9 11.78 11.78
2007-03-07 14.51 14.74 14.35 14.35
2007-04-02 16.03 16.06 15.4 15.4
2007-04-04 17.24 17.42 16.28 16.28
2007-04-18 14.53 14.72 13.81 13.81
2007-04-20 13.98 14.2 13.41 13.41
2007-04-26 14.55 14.8 14.28 14.28
2007-05-17 13.67 13.82 13.36 13.36
2007-05-22 14.05 14.15 13.81 13.81
2007-05-23 14.62 14.75 14.05 14.05
2007-06-11 11.53 11.88 11.48 11.48
2007-07-02 9.66 9.66 9.2 9.2
2007-07-20 9.45 9.5 9.1 9.1
2007-07-23 10.04 10.1 9.47 9.47
2007-08-06 11.4 11.4 11.4 11.4
2007-08-14 11.91 11.99 11.52 11.52
2007-09-12 14.09 14.4 13.5 13.5
2007-10-29 11.98 11.99 11.31 11.31
2007-11-14 12.23 12.24 11.56 11.56
2007-11-19 12.21 12.35 11.8 11.8
2007-11-23 12.14 12.15 11.5 11.5
2007-12-03 11.95 12.08 11.7 11.7
2007-12-05 12.25 12.38 11.9 11.9
2007-12-07 12.49 12.5 12.2 12.2
2007-12-27 14.28 14.5 14.2 14.2
2008-01-14 16.83 16.83 15.56 15.56
2008-02-04 14.8 14.9 13.88 13.88
2008-02-14 15.56 15.79 15.22 15.22
2008-02-18 17.06 17.35 15.87 15.87
2008-03-04 17.89 18.59 17.65 17.65
2008-03-26 15.83 16.05 15.0 15.0
2008-05-08 8.59 8.62 7.55 7.55
2008-05-27 6.75 6.83 6.56 6.56
2008-10-22 2.9 3.03 2.9 2.9
2008-11-05 2.32 2.35 2.2 2.2
2008-11-10 2.53 2.55 2.35 2.35
2008-11-19 3.03 3.03 2.66 2.66
2008-12-03 3.16 3.17 3.05 3.05
2008-12-08 3.42 3.44 3.31 3.31
2009-01-09 3.27 3.29 3.11 3.11
2009-03-12 4.28 4.35 4.14 4.14
2009-05-06 6.11 6.18 6.0 6.0
2009-06-03 7.31 7.44 6.91 6.91
2009-08-20 5.89 5.9 5.65 5.65
2009-08-24 6.27 6.36 6.1 6.1
2009-09-01 5.78 5.95 5.6 5.6
2009-11-03 7.06 7.09 6.89 6.89
2009-11-04 7.26 7.4 7.06 7.06
2009-11-23 8.25 8.33 7.81 7.81
2009-11-30 7.52 7.53 7.31 7.31
2010-03-24 7.71 7.84 7.6 7.6
2010-03-29 7.77 7.83 7.63 7.63
2010-09-27 7.46 7.48 7.23 7.23
2010-10-19 9.68 9.9 9.25 9.25
2010-12-13 10.11 10.39 9.51 9.51
2011-03-04 11.21 11.21 10.3 10.3
2011-03-16 13.88 14.5 13.47 13.47
2011-06-03 10.38 10.45 10.08 10.08
2011-06-29 10.2 10.8 9.99 9.99
2011-07-13 10.8 10.9 10.31 10.31
2011-09-09 10.49 10.79 10.07 10.07
2011-11-03 9.36 9.5 9.19 9.19
2011-12-30 6.14 6.15 6.03 6.03
2012-02-02 6.44 6.45 6.3 6.3
2012-02-16 7.18 7.24 7.01 7.01
2012-02-27 7.37 7.58 7.32 7.32
2012-03-08 7.38 7.44 7.22 7.22
2012-03-12 7.62 7.76 7.49 7.49
2012-05-24 7.28 7.35 7.22 7.22
2012-06-06 6.91 7.03 6.83 6.83
2012-06-15 6.89 6.92 6.79 6.79
2012-06-29 6.23 6.26 6.01 6.01
2012-07-06 6.23 6.24 6.0 6.0
2012-08-03 5.61 5.63 5.5 5.5
2012-08-21 6.05 6.05 5.88 5.88
2012-08-28 5.85 5.92 5.71 5.71
2012-09-28 6.2 6.22 6.03 6.03
2012-10-10 6.39 6.4 6.3 6.3
2012-10-16 6.09 6.17 6.05 6.05
2012-10-29 5.83 5.93 5.8 5.8
2012-11-01 5.99 6.03 5.85 5.85
2012-12-05 4.96 5.02 4.71 4.71
2012-12-14 5.23 5.25 5.0 5.0
2012-12-17 5.31 5.4 5.22 5.22
2012-12-26 5.7 5.73 5.36 5.36
2013-01-08 5.9 5.95 5.75 5.75
2013-02-06 6.34 6.4 6.25 6.25
2013-02-22 6.07 6.15 6.0 6.0
2013-02-25 6.09 6.18 6.05 6.05
2013-03-22 6.2 6.26 5.68 5.68
2013-04-10 5.77 5.82 5.6 5.6
2013-04-24 5.51 5.57 5.46 5.46
2013-05-15 5.48 5.52 5.45 5.45
2013-05-20 5.65 5.67 5.56 5.56
2013-07-09 4.46 4.5 4.4 4.4
2013-07-15 4.69 4.74 4.65 4.65
2013-08-02 5.1 5.33 5.0 5.0
2013-09-03 5.46 5.46 5.22 5.22
2013-09-13 6.2 6.33 5.96 5.96
2013-09-18 6.3 6.33 6.22 6.22
2013-09-30 6.19 6.2 5.83 5.83
2013-10-18 6.59 6.7 6.5 6.5
2013-10-31 6.65 6.72 6.31 6.31
2013-11-04 6.61 6.75 6.51 6.51
2013-11-07 6.53 6.66 6.48 6.48
2013-11-13 6.42 6.55 6.37 6.37
2013-11-20 7.02 7.19 6.77 6.77
2013-12-18 7.12 7.23 7.01 7.01
2014-01-03 7.08 7.17 7.05 7.05
2014-01-13 6.67 6.78 6.6 6.6
2014-01-14 6.74 6.77 6.62 6.62
2014-01-16 6.81 6.85 6.71 6.71
2014-01-24 6.7 6.76 6.63 6.63
2014-01-27 6.79 6.85 6.63 6.63
2014-01-28 7.25 7.26 6.8 6.8
2014-02-20 7.41 7.47 7.32 7.32
2014-03-03 7.3 7.3 7.14 7.14
2014-03-07 8.03 8.03 8.03 8.03
2014-03-13 7.67 7.83 7.5 7.5
2014-03-31 7.72 7.86 7.69 7.69
2014-04-16 7.92 7.98 7.87 7.87
2014-04-17 8.02 8.03 7.9 7.9
2014-04-18 8.29 8.42 7.98 7.98
2014-06-03 8.67 8.86 8.11 8.11
2014-06-05 8.42 8.6 8.3 8.3
2014-06-20 7.96 8.0 7.7 7.7
2014-07-11 8.78 8.85 8.58 8.58
2014-07-14 9.02 9.08 8.78 8.78
2014-07-31 9.66 9.8 9.2 9.2
2014-08-07 9.47 9.66 9.4 9.4
2014-08-15 9.89 9.95 9.65 9.65
2014-08-21 10.39 10.4 10.2 10.2
2014-08-25 11.59 11.59 11.59 11.59
2014-09-26 14.4 14.59 13.73 13.73
2014-11-19 5.02 5.09 4.92 4.92
2014-11-27 5.66 5.68 5.17 5.17
2014-12-24 5.13 5.14 5.05 5.05
2015-01-20 4.85 4.85 4.74 4.74
2015-02-03 5.26 5.26 5.18 5.18
2015-02-09 5.01 5.07 5.0 5.0
2015-02-12 5.2 5.26 5.16 5.16
2015-04-02 8.59 8.8 8.24 8.24
2015-04-17 8.52 8.69 8.22 8.22
2015-04-21 9.49 9.67 8.82 8.82
2015-05-19 8.3 8.5 8.21 8.21
2015-05-29 8.81 9.2 8.45 8.45
2015-07-03 6.52 7.2 6.52 6.52
2015-07-13 5.81 5.81 5.81 5.81
2015-07-14 6.39 6.39 6.39 6.39
2015-08-04 6.01 6.02 5.6 5.6
2015-08-25 4.91 5.2 4.91 4.91
2015-11-19 6.13 6.17 5.97 5.97
2016-03-02 4.13 4.14 3.89 3.89
2016-04-29 4.12 4.16 4.1 4.1
2016-05-16 3.96 3.99 3.81 3.81
2016-05-19 3.97 4.04 3.88 3.88
2016-05-20 4.12 4.17 3.9 3.9
2016-05-31 4.0 4.01 3.88 3.88
2016-06-27 4.22 4.24 4.02 4.02
2016-07-26 4.3 4.31 4.24 4.24
2017-03-01 4.73 4.74 4.56 4.56
2017-04-21 4.43 4.66 4.43 4.43
2017-05-11 3.69 3.74 3.53 3.53
2017-05-12 3.83 3.92 3.61 3.61
2017-06-07 4.1 4.12 4.02 4.02
