1995-11-23 15.4 15.75 15.11 15.11
1995-12-27 7.38 7.6 7.16 7.16
1996-01-04 7.27 7.43 7.05 7.05
1996-01-05 7.55 8.08 7.4 7.4
1996-01-15 7.8 7.89 7.7 7.7
1996-01-23 7.0 7.08 6.89 6.89
1996-02-07 7.19 7.38 7.0 7.0
1996-02-09 7.11 7.16 7.05 7.05
1996-02-13 7.18 7.26 7.06 7.06
1996-02-15 7.25 7.3 7.16 7.16
1996-03-13 8.12 8.24 8.01 8.01
1996-03-18 8.3 8.33 8.1 8.1
1996-03-20 8.35 8.36 8.27 8.27
1996-04-04 8.49 8.5 8.38 8.38
1996-04-19 9.92 9.94 9.3 9.3
1996-04-23 10.5 10.58 9.95 9.95
1996-04-24 11.2 11.5 10.8 10.8
1996-04-26 12.9 13.0 11.3 11.3
1996-05-28 8.75 8.82 8.7 8.7
1996-05-31 8.73 9.0 8.41 8.41
1996-06-04 9.1 9.25 8.7 8.7
1996-06-21 9.16 9.48 8.21 8.21
1996-07-03 9.13 9.28 9.0 9.0
1996-07-04 9.8 9.85 9.15 9.15
1996-07-16 10.12 10.25 9.51 9.51
1996-07-18 9.77 9.87 9.61 9.61
1996-09-26 9.78 9.89 9.6 9.6
1996-10-10 9.5 9.62 9.3 9.3
1996-10-28 10.66 10.81 10.08 10.08
1996-11-04 9.15 9.24 9.05 9.05
1996-11-29 10.5 10.6 10.08 10.08
1996-12-04 12.6 12.6 11.98 11.98
1996-12-09 12.74 12.89 12.5 12.5
1996-12-16 10.8 10.8 10.8 10.8
1996-12-17 9.72 10.49 9.72 9.72
1997-01-07 9.84 9.9 9.38 9.38
1997-01-10 10.05 10.05 9.88 9.88
1997-01-20 9.18 9.27 9.0 9.0
1997-01-27 9.22 9.38 9.15 9.15
1997-02-20 8.91 9.03 8.25 8.25
1997-02-26 10.1 10.2 9.69 9.69
1997-03-10 11.6 11.65 11.0 11.0
1997-03-31 12.06 12.11 11.6 11.6
1997-04-07 12.91 13.0 12.1 12.1
1997-04-29 11.2 11.35 11.0 11.0
1997-05-20 10.6 10.7 10.45 10.45
1997-05-27 9.51 9.55 9.28 9.28
1997-05-30 9.6 9.6 9.3 9.3
1997-06-09 9.75 9.8 9.39 9.39
1997-06-19 9.46 9.6 9.41 9.41
1997-06-20 9.95 9.98 9.51 9.51
1997-07-16 8.6 8.85 8.5 8.5
1997-08-04 9.03 9.06 8.6 8.6
1997-08-12 9.76 10.18 9.28 9.28
1997-08-14 10.52 10.53 9.65 9.65
1997-09-10 11.28 11.3 11.2 11.2
1997-10-10 10.6 10.65 10.3 10.3
1997-10-15 10.72 10.85 10.68 10.68
1997-10-16 10.88 10.9 10.75 10.75
1997-11-04 10.99 11.02 10.92 10.92
1997-11-07 11.35 11.35 10.95 10.95
1997-11-12 11.8 11.96 11.62 11.62
1997-11-26 11.48 11.77 11.45 11.45
1997-12-09 12.6 12.7 12.3 12.3
1997-12-12 12.66 13.2 12.4 12.4
1997-12-31 14.3 14.3 14.0 14.0
1998-01-06 15.73 16.2 15.0 15.0
1998-01-09 15.68 15.79 15.12 15.12
1998-01-15 15.0 15.3 14.7 14.7
1998-01-19 16.88 16.9 15.9 15.9
1998-02-11 16.78 17.0 16.6 16.6
1998-02-13 16.49 16.74 16.31 16.31
1998-02-18 16.2 16.3 15.88 15.88
1998-02-19 17.1 17.2 16.33 16.33
1998-02-26 16.84 16.85 16.1 16.1
1998-03-17 17.92 18.0 16.85 16.85
1998-03-24 17.84 17.99 17.61 17.61
1998-04-06 19.88 20.15 19.18 19.18
1998-04-13 20.84 21.2 20.25 20.25
1998-04-28 20.39 20.8 19.81 19.81
1998-05-05 21.12 21.35 20.5 20.5
1998-05-15 19.9 20.3 19.5 19.5
1998-06-10 21.23 21.54 21.0 21.0
1998-07-16 11.78 12.2 11.4 11.4
1998-07-28 11.42 11.6 11.3 11.3
1998-07-29 11.8 11.9 11.38 11.38
1998-08-19 10.18 10.18 9.59 9.59
1998-09-11 11.19 11.35 10.7 10.7
1998-09-29 10.41 10.65 10.28 10.28
1998-09-30 10.53 10.64 10.31 10.31
1998-10-16 10.37 10.68 9.93 9.93
1998-10-19 10.5 10.75 10.4 10.4
1998-10-27 10.84 11.0 10.55 10.55
1998-11-10 11.65 11.78 11.25 11.25
1998-11-16 11.49 11.58 11.33 11.33
1998-11-26 11.29 11.42 11.25 11.25
1998-11-30 11.58 11.63 11.4 11.4
1999-01-06 9.75 9.83 9.6 9.6
1999-01-12 10.25 10.38 10.03 10.03
1999-01-19 10.16 10.21 9.8 9.8
1999-01-22 9.91 10.0 9.85 9.85
1999-01-28 10.5 10.75 10.06 10.06
1999-02-09 10.05 10.12 9.83 9.83
1999-03-30 10.7 10.85 10.65 10.65
1999-04-07 11.14 11.2 10.9 10.9
1999-05-06 7.01 7.14 6.9 6.9
1999-05-11 7.05 7.05 6.71 6.71
1999-06-14 7.68 7.7 7.3 7.3
1999-07-12 8.87 9.1 8.7 8.7
1999-08-02 8.76 8.89 8.53 8.53
1999-08-17 8.3 8.44 8.25 8.25
1999-08-31 8.58 8.69 8.55 8.55
1999-09-03 8.59 8.8 8.56 8.56
1999-09-07 8.74 8.8 8.55 8.55
1999-10-15 8.28 8.3 8.14 8.14
1999-10-22 7.66 7.85 7.5 7.5
1999-11-05 7.32 7.5 7.25 7.25
1999-12-13 7.16 7.19 7.07 7.07
1999-12-16 7.6 7.88 7.51 7.51
2000-01-07 7.7 7.7 7.46 7.46
2000-01-20 7.44 7.59 7.4 7.4
2000-01-26 7.51 7.68 7.4 7.4
2000-02-28 8.23 8.34 7.96 7.96
2000-03-08 9.06 9.35 8.75 8.75
2000-03-17 7.8 7.85 7.61 7.61
2000-03-28 8.7 8.88 8.3 8.3
2000-05-29 9.49 9.55 9.1 9.1
2000-06-23 10.59 10.65 10.35 10.35
2000-07-07 10.6 10.68 10.2 10.2
2000-07-25 11.19 11.3 11.1 11.1
2000-08-03 11.15 11.26 11.1 11.1
2000-08-10 11.47 11.6 11.21 11.21
2000-09-07 9.24 9.44 9.11 9.11
2000-09-12 9.46 9.48 9.23 9.23
2000-09-14 9.55 9.68 9.4 9.4
2000-09-15 9.8 9.93 9.68 9.68
2000-09-25 9.37 9.47 9.2 9.2
2000-11-16 10.01 10.1 9.73 9.73
2000-11-28 9.42 9.42 9.26 9.26
2000-11-30 9.42 9.44 9.28 9.28
2000-12-20 9.12 9.15 8.99 8.99
2000-12-21 9.22 9.3 9.15 9.15
2001-01-10 10.15 10.2 9.91 9.91
2001-02-09 9.22 9.33 9.13 9.13
2001-02-23 9.2 9.2 9.05 9.05
2001-02-26 9.34 9.35 9.22 9.22
2001-03-09 9.7 9.83 9.68 9.68
2001-03-15 9.64 9.75 9.55 9.55
2001-03-19 9.77 9.79 9.55 9.55
2001-03-26 9.85 9.85 9.62 9.62
2001-04-16 10.31 10.4 10.28 10.28
2001-05-24 10.18 10.2 10.07 10.07
2001-06-21 9.65 9.66 9.47 9.47
2001-07-09 9.59 9.65 9.55 9.55
2001-07-10 9.78 9.79 9.59 9.59
2001-08-01 8.93 8.99 8.68 8.68
2001-08-09 8.69 8.74 8.45 8.45
2001-08-10 8.8 8.85 8.7 8.7
2001-08-20 8.55 8.55 8.4 8.4
2001-09-03 7.96 8.03 7.95 7.95
2001-09-04 8.13 8.13 7.88 7.88
2001-09-18 7.69 7.85 7.65 7.65
2001-09-24 7.7 7.75 7.64 7.64
2001-11-13 6.96 6.97 6.75 6.75
2001-11-14 7.15 7.19 6.95 6.95
2001-11-20 7.45 7.5 7.32 7.32
2001-11-28 7.72 7.79 7.7 7.7
2001-11-30 7.68 7.7 7.6 7.6
2001-12-18 7.28 7.3 7.15 7.15
2002-01-31 6.41 6.48 6.15 6.15
2002-03-07 7.13 7.15 6.81 6.81
2002-03-14 7.18 7.18 6.85 6.85
2002-03-20 7.67 7.77 7.48 7.48
2002-06-10 6.43 6.5 6.4 6.4
2002-06-18 6.46 6.52 6.32 6.32
2002-06-24 7.01 7.01 7.01 7.01
2002-07-08 7.55 7.58 7.5 7.5
2002-07-16 7.2 7.28 7.18 7.18
2002-08-07 7.11 7.15 7.1 7.1
2002-08-08 7.26 7.4 7.18 7.18
2002-08-13 7.17 7.18 7.09 7.09
2002-08-14 7.19 7.2 7.12 7.12
2002-08-20 7.2 7.23 7.11 7.11
2002-09-10 7.06 7.11 7.04 7.04
2002-09-12 7.1 7.15 7.05 7.05
2002-09-23 6.9 6.97 6.82 6.82
2002-10-11 6.61 6.67 6.59 6.59
2002-10-16 6.59 6.65 6.53 6.53
2002-10-25 6.53 6.53 6.43 6.43
2002-10-28 6.47 6.58 6.45 6.45
2002-11-27 5.8 5.86 5.66 5.66
2003-02-11 6.25 6.25 6.15 6.15
2003-02-14 6.2 6.25 6.18 6.18
2003-02-18 6.12 6.15 6.09 6.09
2003-03-20 6.09 6.17 6.05 6.05
2003-04-28 6.34 6.36 6.1 6.1
2003-06-12 5.83 5.84 5.74 5.74
2003-06-18 5.54 5.59 5.5 5.5
2003-07-04 5.7 5.74 5.56 5.56
2003-07-07 5.88 6.1 5.73 5.73
2003-11-19 5.19 5.22 5.09 5.09
2003-12-01 5.49 5.5 5.36 5.36
2003-12-17 5.58 5.65 5.49 5.49
2004-01-05 5.73 5.8 5.65 5.65
2004-02-03 6.28 6.32 6.0 6.0
2004-02-09 6.25 6.27 6.15 6.15
2004-03-10 5.91 5.93 5.81 5.81
2004-03-11 6.03 6.06 5.91 5.91
2004-03-16 6.14 6.25 6.04 6.04
2004-07-28 4.44 4.45 4.35 4.35
2004-08-06 4.35 4.44 4.31 4.31
2004-08-13 4.36 4.36 4.3 4.3
2004-09-14 4.09 4.13 4.02 4.02
2004-09-28 4.52 4.6 4.46 4.46
2004-10-25 4.18 4.26 4.1 4.1
2004-11-02 4.25 4.27 4.2 4.2
2004-11-08 4.09 4.12 4.05 4.05
2004-11-18 4.2 4.21 4.15 4.15
2004-11-19 4.3 4.31 4.18 4.18
2004-11-26 4.38 4.41 4.28 4.28
2004-12-21 4.09 4.1 4.05 4.05
2004-12-30 4.06 4.1 4.01 4.01
2005-02-04 4.01 4.03 3.91 3.91
2005-03-08 4.45 4.45 4.34 4.34
2005-04-13 4.07 4.11 3.99 3.99
2005-05-13 3.82 3.82 3.75 3.75
2005-05-18 3.71 3.72 3.58 3.58
2005-06-08 3.79 3.84 3.58 3.58
2005-06-27 3.82 3.86 3.8 3.8
2005-07-14 3.3 3.33 3.25 3.25
2005-07-22 2.1 2.15 2.02 2.02
2005-07-28 2.18 2.22 2.15 2.15
2005-08-03 2.3 2.36 2.26 2.26
2005-09-01 2.42 2.47 2.38 2.38
2005-09-29 2.32 2.33 2.26 2.26
2005-10-21 2.4 2.4 2.32 2.32
2005-11-02 2.45 2.45 2.25 2.25
2005-12-12 2.37 2.38 2.3 2.3
2005-12-19 2.36 2.37 2.34 2.34
2006-02-09 2.66 2.72 2.57 2.57
2006-02-10 2.77 2.8 2.66 2.66
2006-03-15 2.81 2.84 2.78 2.78
2006-04-06 3.08 3.17 2.88 2.88
2006-05-08 3.16 3.2 3.06 3.06
2006-05-12 3.3 3.31 3.15 3.15
2006-05-17 3.74 3.75 3.43 3.43
2006-05-26 3.84 3.85 3.75 3.75
2006-06-15 4.12 4.28 3.9 3.9
2006-10-16 3.0 3.06 2.89 2.89
2006-10-24 2.99 3.01 2.96 2.96
2006-10-25 3.11 3.13 2.99 2.99
2006-12-14 4.85 4.93 4.7 4.7
2006-12-19 5.09 5.37 5.0 5.0
2006-12-22 5.63 5.63 5.12 5.12
2007-01-16 7.26 7.26 7.26 7.26
2007-02-09 7.47 7.58 7.16 7.16
2007-03-13 9.13 9.44 8.86 8.86
2007-04-04 10.58 10.71 10.2 10.2
2007-04-16 15.42 15.42 14.35 14.35
2007-04-17 16.96 16.96 15.87 15.87
2007-04-20 18.66 18.66 18.4 18.4
2007-04-23 20.53 20.53 20.53 20.53
2007-05-21 25.52 26.1 22.6 22.6
2007-05-30 24.62 26.4 24.62 24.62
2007-05-31 22.16 23.54 22.16 22.16
2007-07-23 24.27 24.3 22.25 22.25
2007-07-26 26.75 26.75 26.75 26.75
2007-09-17 27.68 28.49 27.48 27.48
2007-10-31 23.83 24.2 22.65 22.65
2007-11-19 19.18 19.78 18.9 18.9
2007-12-26 20.83 21.27 20.51 20.51
2008-01-04 21.81 22.18 21.4 21.4
2008-04-24 12.56 12.56 12.56 12.56
2008-05-27 11.86 12.09 11.65 11.65
2008-06-24 8.41 8.55 8.07 8.07
2008-07-22 9.23 9.35 9.03 9.03
2008-08-27 6.88 7.1 6.72 6.72
2008-09-02 6.93 7.05 6.8 6.8
2008-11-19 6.99 7.05 6.47 6.47
2008-12-18 6.94 7.05 6.81 6.81
2009-01-12 6.96 7.15 6.85 6.85
2009-02-06 8.07 8.17 7.78 7.78
2009-02-13 9.78 9.9 9.16 9.16
2009-02-16 10.49 10.65 10.1 10.1
2009-03-02 10.14 10.3 9.47 9.47
2009-04-29 10.8 10.97 10.58 10.58
2009-07-14 9.59 9.65 9.29 9.29
2009-08-18 8.13 8.18 7.87 7.87
2009-09-30 7.37 7.42 7.25 7.25
2009-10-09 7.72 7.73 7.45 7.45
2009-10-22 8.25 8.38 8.22 8.22
2009-10-28 8.1 8.13 7.91 7.91
2009-11-16 8.91 8.95 8.69 8.69
2009-11-23 9.85 10.16 9.81 9.81
2009-11-30 9.13 9.17 8.71 8.71
2009-12-28 9.04 9.16 8.95 8.95
2010-02-12 8.18 8.19 8.13 8.13
2010-04-01 9.03 9.08 8.91 8.91
2010-05-24 7.27 7.29 6.93 6.93
2010-07-29 7.04 7.23 6.86 6.86
2010-08-30 6.92 7.0 6.7 6.7
2011-02-15 7.04 7.19 6.89 6.89
2011-03-14 8.1 8.28 7.94 7.94
2011-03-18 7.97 8.05 7.83 7.83
2011-06-21 7.71 7.87 7.45 7.45
2011-06-23 8.19 8.35 7.72 7.72
2011-06-30 8.33 8.37 8.13 8.13
2011-08-04 7.61 7.74 7.52 7.52
2011-09-20 6.06 6.12 5.99 5.99
2011-12-16 4.79 4.8 4.57 4.57
2012-02-10 5.23 5.33 5.19 5.19
2012-03-26 5.56 5.61 5.53 5.53
2012-06-26 5.59 5.6 5.5 5.5
2012-07-11 5.4 5.55 5.16 5.16
2012-07-24 5.39 5.43 5.3 5.3
2012-09-06 4.61 4.62 4.55 4.55
2012-09-07 5.07 5.07 4.7 4.7
2012-09-18 4.65 4.69 4.62 4.62
2012-09-27 4.71 4.75 4.52 4.52
2012-10-09 4.85 4.88 4.75 4.75
2012-11-27 4.31 4.5 4.29 4.29
2012-11-30 4.3 4.36 4.22 4.22
2013-01-30 5.26 5.44 5.22 5.22
2013-03-20 5.23 5.25 5.1 5.1
2013-04-01 4.94 4.96 4.9 4.9
2013-04-09 5.02 5.06 4.93 4.93
2013-04-19 5.09 5.1 4.94 4.94
2013-05-06 4.9 4.9 4.84 4.84
2013-05-10 4.77 4.82 4.73 4.73
2013-07-15 3.97 4.03 3.89 3.89
2013-08-01 3.8 3.81 3.75 3.75
2013-08-02 3.82 3.87 3.8 3.8
2013-10-31 3.87 3.93 3.84 3.84
2013-11-06 3.94 4.05 3.82 3.82
2014-01-24 3.86 3.89 3.83 3.83
2014-02-11 3.94 3.95 3.9 3.9
2014-04-08 3.89 3.9 3.8 3.8
2014-06-05 3.8 3.81 3.61 3.61
2014-06-13 3.72 3.74 3.7 3.7
2014-06-24 3.62 3.63 3.6 3.6
2014-06-26 3.63 3.64 3.61 3.61
2014-06-30 3.68 3.7 3.63 3.63
2014-07-11 3.71 3.73 3.68 3.68
2014-07-23 3.82 3.82 3.76 3.76
2014-07-29 4.28 4.37 4.12 4.12
2014-08-08 4.06 4.11 4.05 4.05
2014-09-01 4.18 4.21 4.15 4.15
2014-09-17 4.61 4.68 4.43 4.43
2014-09-29 4.88 4.99 4.76 4.76
2014-10-08 5.14 5.15 4.93 4.93
2014-11-24 6.63 6.63 6.3 6.3
2015-03-12 8.02 8.11 7.97 7.97
2015-03-13 8.17 8.3 8.02 8.02
2015-03-16 8.53 8.55 8.22 8.22
2015-07-09 8.66 8.66 7.08 7.08
2015-08-04 9.31 9.38 8.93 8.93
2015-08-25 7.45 7.79 7.45 7.45
2015-09-11 7.29 7.53 7.12 7.12
2015-11-19 8.16 8.25 7.96 7.96
2016-03-02 4.92 4.95 4.58 4.58
2016-03-07 4.97 5.01 4.87 4.87
2016-03-17 4.89 4.94 4.71 4.71
2016-05-23 4.66 4.69 4.61 4.61
2016-08-02 4.72 4.74 4.68 4.68
2016-10-18 5.19 5.19 5.1 5.1
2016-11-03 5.25 5.31 5.15 5.15
2016-12-14 5.41 5.49 5.38 5.38
2017-01-03 5.54 5.57 5.46 5.46
2017-01-04 5.72 5.74 5.53 5.53
2017-01-20 5.6 5.61 5.5 5.5
2017-01-23 5.72 5.84 5.6 5.6
2017-02-16 6.0 6.08 5.93 5.93
2017-02-20 6.15 6.19 6.04 6.04
2017-02-22 6.35 6.48 6.11 6.11
2017-03-06 5.97 5.98 5.89 5.89
2017-03-27 6.14 6.27 6.1 6.1
2017-03-31 6.01 6.02 5.96 5.96
2017-07-18 5.07 5.09 5.02 5.02
2017-08-14 5.39 5.41 5.23 5.23
