1993-04-13 50.4 50.49 47.22 47.22
1993-04-19 46.0 46.79 45.0 45.0
1993-04-22 49.7 49.98 46.8 46.8
1993-05-05 48.0 48.4 45.8 45.8
1993-06-17 41.08 41.5 41.0 41.0
1993-07-15 21.9 22.48 21.05 21.05
1993-07-21 20.35 20.6 20.08 20.08
1993-07-22 20.36 20.4 20.05 20.05
1993-10-20 21.1 21.2 21.02 21.02
1993-11-22 24.35 24.67 23.7 23.7
1993-11-23 24.65 24.99 24.41 24.41
1994-02-04 18.9 19.15 18.7 18.7
1994-03-01 17.6 18.0 17.5 17.5
1994-06-22 7.5 7.64 7.4 7.4
1994-07-12 7.07 7.18 7.0 7.0
1994-08-17 11.9 12.1 11.18 11.18
1994-10-18 10.19 10.67 10.1 10.1
1994-11-07 11.0 11.2 10.33 10.33
1994-11-09 11.7 11.83 11.01 11.01
1994-11-29 11.88 11.88 11.53 11.53
1995-01-03 10.85 11.18 10.46 10.46
1995-01-11 10.24 10.56 10.1 10.1
1995-01-16 9.88 9.98 9.78 9.78
1995-02-08 8.98 9.0 8.85 8.85
1995-02-09 9.2 9.25 9.0 9.0
1995-02-13 9.2 9.28 8.9 8.9
1995-02-17 8.98 9.07 8.9 8.9
1995-02-22 9.78 9.97 9.0 9.0
1995-03-27 9.85 9.86 9.6 9.6
1995-03-30 9.9 10.09 9.85 9.85
1995-04-03 10.26 10.4 10.03 10.03
1995-05-11 9.02 9.1 9.01 9.01
1995-06-01 11.75 11.81 11.6 11.6
1995-06-16 9.2 9.45 9.1 9.1
1995-06-20 9.23 10.08 9.0 9.0
1995-11-21 9.25 9.39 9.2 9.2
1996-01-04 8.3 8.3 8.08 8.08
1996-01-23 7.75 7.82 7.55 7.55
1996-01-25 7.7 7.97 7.7 7.7
1996-01-26 7.73 7.74 7.7 7.7
1996-02-13 7.69 7.72 7.6 7.6
1996-02-14 7.69 7.75 7.6 7.6
1996-03-18 7.9 7.92 7.86 7.86
1996-04-12 8.15 8.24 8.08 8.08
1996-04-16 8.15 8.18 8.1 8.1
1996-07-22 16.78 17.3 16.48 16.48
1996-08-21 12.99 13.3 12.88 12.88
1996-11-18 12.69 12.69 12.02 12.02
1996-12-02 13.42 13.48 12.66 12.66
1997-01-29 11.35 11.55 11.18 11.18
1997-02-17 11.48 11.54 11.3 11.3
1997-02-20 11.05 11.15 10.07 10.07
1997-02-21 12.0 12.0 11.05 11.05
1997-03-03 12.15 12.34 11.83 11.83
1997-03-31 14.15 14.27 13.6 13.6
1997-04-28 20.7 20.85 19.3 19.3
1997-05-20 15.16 15.35 14.69 14.69
1997-08-25 10.65 10.79 10.32 10.32
1997-12-10 8.46 8.5 8.4 8.4
1998-05-07 8.32 8.59 8.25 8.25
1998-05-08 8.68 8.74 8.32 8.32
1998-05-29 8.64 8.7 8.52 8.52
1998-06-01 8.9 8.99 8.64 8.64
1998-06-03 9.37 9.58 8.8 8.8
1998-09-07 7.55 7.58 7.49 7.49
1998-09-10 7.85 7.92 7.58 7.58
1999-02-03 7.02 7.04 7.01 7.01
1999-02-09 6.75 6.75 6.58 6.58
1999-03-15 6.68 6.71 6.62 6.62
1999-03-17 6.62 6.68 6.6 6.6
1999-03-18 6.62 6.66 6.6 6.6
1999-03-23 6.69 6.75 6.65 6.65
1999-06-03 7.16 7.57 6.88 6.88
1999-06-09 7.1 7.2 7.0 7.0
1999-06-14 7.45 7.45 7.14 7.14
1999-06-16 7.31 7.32 7.1 7.1
1999-06-21 7.9 8.05 7.7 7.7
1999-06-28 8.4 8.42 8.08 8.08
1999-07-14 8.62 8.73 8.41 8.41
1999-07-28 11.76 12.03 10.95 10.95
1999-08-04 11.59 11.68 11.28 11.28
1999-08-06 12.64 12.96 12.05 12.05
1999-09-16 11.44 11.49 11.06 11.06
1999-11-12 10.49 10.6 10.22 10.22
1999-11-19 11.1 11.28 10.85 10.85
2000-01-07 10.74 11.01 10.24 10.24
2000-03-02 12.63 12.8 12.15 12.15
2000-04-10 12.17 12.49 12.0 12.0
2000-06-02 11.5 11.75 11.25 11.25
2000-06-06 11.93 12.1 11.5 11.5
2000-08-07 12.05 12.2 11.78 11.78
2000-08-14 12.15 12.3 11.94 11.94
2000-08-18 12.07 12.24 11.93 11.93
2000-10-09 10.5 10.52 10.38 10.38
2000-11-15 11.6 11.98 11.35 11.35
2001-01-10 11.58 11.64 11.2 11.2
2001-01-16 11.13 11.2 10.8 10.8
2001-01-19 11.18 11.19 11.09 11.09
2001-02-23 10.68 10.69 10.51 10.51
2001-02-26 10.76 10.77 10.7 10.7
2001-03-22 11.08 11.16 11.04 11.04
2001-04-16 11.17 11.29 10.98 10.98
2001-04-18 11.2 11.38 11.15 11.15
2001-04-24 11.2 11.35 11.05 11.05
2001-05-08 11.0 11.25 10.83 10.83
2001-05-10 11.1 11.1 10.93 10.93
2001-05-24 11.32 11.48 11.22 11.22
2001-05-25 11.5 11.58 11.35 11.35
2001-06-26 11.19 11.3 11.12 11.12
2001-06-28 11.27 11.41 11.14 11.14
2001-09-03 7.96 8.05 7.94 7.94
2001-09-05 8.28 8.39 8.2 8.2
2001-09-12 8.05 8.17 7.7 7.7
2002-01-30 7.04 7.18 6.9 6.9
2002-01-31 7.58 7.69 7.18 7.18
2002-02-08 7.55 7.85 7.55 7.55
2002-02-27 7.68 7.75 7.62 7.62
2002-03-06 7.84 7.99 7.7 7.7
2002-06-25 9.41 9.41 9.41 9.41
2002-08-14 9.63 9.63 9.5 9.5
2003-01-14 7.52 7.64 7.16 7.16
2003-02-25 7.97 8.0 7.7 7.7
2003-03-31 7.25 7.26 7.18 7.18
2003-04-01 7.34 7.37 7.2 7.2
2003-04-14 8.14 8.14 7.48 7.48
2003-05-14 6.94 6.96 6.8 6.8
2003-05-15 7.18 7.21 6.94 6.94
2003-07-16 6.95 7.0 6.9 6.9
2003-11-03 6.38 6.4 6.32 6.32
2003-11-19 6.23 6.29 6.1 6.1
2003-11-20 6.41 6.56 6.23 6.23
2003-11-24 6.5 6.52 6.25 6.25
2004-02-20 9.4 9.57 9.3 9.3
2005-01-04 6.37 6.48 6.31 6.31
2005-08-08 6.32 6.41 6.19 6.19
2005-08-31 6.56 6.57 6.2 6.2
2005-09-23 6.25 6.32 6.22 6.22
2005-12-22 5.28 5.31 5.2 5.2
2005-12-29 5.46 5.46 5.28 5.28
2006-10-26 7.98 8.0 7.75 7.75
2006-11-15 7.11 7.2 6.72 6.72
2006-11-20 7.43 7.5 7.2 7.2
2006-12-25 9.84 10.13 9.4 9.4
2007-01-04 10.19 10.46 9.65 9.65
2007-01-08 10.98 11.24 10.32 10.32
2007-01-16 13.09 13.09 12.27 12.27
2007-02-12 14.07 14.35 13.6 13.6
2007-02-13 14.53 14.64 14.2 14.2
2007-04-20 16.71 16.98 15.78 15.78
2007-07-23 19.45 19.86 18.82 18.82
2007-07-30 20.91 21.19 20.3 20.3
2007-08-14 21.73 21.98 21.26 21.26
2008-03-04 21.94 22.35 21.15 21.15
2009-02-09 10.19 10.21 9.77 9.77
2010-01-11 18.78 18.99 18.18 18.18
2010-05-04 14.93 15.59 14.61 14.61
2010-06-08 14.5 14.5 14.05 14.05
2010-11-05 16.56 16.56 16.56 16.56
2010-11-15 17.2 17.49 16.47 16.47
2011-01-13 14.78 14.94 14.7 14.7
