2004-09-14 11.78 12.1 11.27 11.27
2004-10-08 13.7 13.71 12.6 12.6
2004-10-12 13.9 14.27 13.62 13.62
2004-11-02 12.65 12.9 12.65 12.65
2004-11-03 13.43 13.5 12.78 12.78
2004-12-02 13.4 13.49 13.3 13.3
2004-12-21 12.27 12.3 12.01 12.01
2004-12-24 12.39 12.6 12.19 12.19
2005-01-04 12.08 12.26 12.01 12.01
2005-01-05 12.23 12.42 12.05 12.05
2005-01-07 12.45 12.79 12.15 12.15
2005-01-27 11.0 11.1 10.92 10.92
2005-02-01 9.95 10.24 9.76 9.76
2005-02-02 10.71 10.8 9.98 9.98
2005-02-21 10.71 10.73 10.47 10.47
2005-03-02 11.95 12.44 11.8 11.8
2005-03-11 11.79 11.99 11.59 11.59
2005-03-21 10.98 11.04 10.85 10.85
2005-04-06 9.41 9.41 9.11 9.11
2005-04-13 9.87 9.94 9.59 9.59
2005-04-25 7.58 7.79 7.58 7.58
2005-04-28 7.23 7.35 6.8 6.8
2005-05-17 7.11 7.25 6.93 6.93
2005-05-24 6.88 7.01 6.62 6.62
2005-06-27 8.04 8.22 7.69 7.69
2005-07-05 6.8 6.9 6.66 6.66
2005-07-12 6.44 6.5 6.08 6.08
2005-07-14 6.41 6.5 6.3 6.3
2005-07-19 5.9 6.0 5.75 5.75
2005-08-26 8.92 8.98 8.66 8.66
2005-09-13 9.49 9.5 8.81 8.81
2005-10-18 8.6 8.65 8.35 8.35
2005-10-21 9.05 9.25 8.8 8.8
2005-11-02 8.4 8.57 8.04 8.04
2005-11-09 8.61 8.69 8.41 8.41
2005-11-14 8.24 8.29 8.08 8.08
2005-11-16 8.31 8.33 8.1 8.1
2005-11-23 8.43 8.46 8.29 8.29
2005-12-07 7.95 7.98 7.8 7.8
2005-12-23 8.27 8.45 8.1 8.1
2005-12-26 8.44 8.48 8.27 8.27
2005-12-29 8.57 8.65 8.43 8.43
2005-12-30 8.38 8.65 8.12 8.12
2006-02-06 10.01 10.04 9.69 9.69
2006-03-01 9.44 9.47 9.33 9.33
2006-03-13 9.01 9.05 8.86 8.86
2006-03-15 9.18 9.19 9.02 9.02
2006-03-27 9.32 9.33 9.18 9.18
2006-03-28 9.3 9.36 9.25 9.25
2006-04-07 10.17 10.4 10.09 10.09
2006-04-10 10.68 10.72 10.19 10.19
2006-05-25 12.95 12.95 12.95 12.95
2006-05-26 14.25 14.25 14.25 14.25
2006-10-31 11.4 11.49 11.23 11.23
2006-12-11 11.04 11.2 10.51 10.51
2006-12-18 11.43 11.53 11.1 11.1
2007-01-05 11.17 11.2 10.82 10.82
2007-01-15 12.19 12.2 11.48 11.48
2007-01-29 13.11 13.18 12.65 12.65
2007-02-05 13.19 13.2 12.41 12.41
2007-02-08 14.45 14.61 13.6 13.6
2007-02-15 15.75 15.9 14.84 14.84
2007-02-26 16.85 16.89 15.56 15.56
2007-03-15 18.67 19.22 17.39 17.39
2007-03-20 20.76 20.88 19.04 19.04
2007-04-16 21.51 21.6 20.7 20.7
2007-04-20 20.88 20.98 20.09 20.09
2007-06-07 17.24 17.35 16.45 16.45
2007-06-18 19.4 19.66 19.01 19.01
2007-07-23 17.59 17.86 16.83 16.83
2007-08-02 20.56 20.56 19.2 19.2
2007-08-14 17.64 17.78 17.0 17.0
2007-08-17 17.59 17.85 17.48 17.48
2007-08-27 18.15 18.47 17.82 17.82
2007-10-16 17.29 17.35 16.85 16.85
2007-11-06 15.92 16.01 15.37 15.37
2007-11-16 16.46 16.5 15.56 15.56
2007-11-28 16.96 17.44 16.7 16.7
2007-12-19 17.55 17.74 17.12 17.12
2007-12-25 18.7 18.9 18.12 18.12
2008-03-03 22.07 22.34 21.0 21.0
2008-04-03 13.46 13.73 12.3 12.3
2008-04-11 14.09 14.12 13.65 13.65
2008-04-29 13.39 13.49 13.13 13.13
2008-04-30 13.8 13.85 13.32 13.32
2008-05-30 13.94 14.19 13.88 13.88
2008-06-04 14.61 14.88 14.03 14.03
2008-06-05 15.58 16.0 14.42 14.42
2008-06-24 11.04 11.2 10.53 10.53
2008-06-25 11.52 11.57 11.04 11.04
2008-07-04 11.29 11.45 11.2 11.2
2008-07-10 11.93 12.17 11.91 11.91
2008-07-24 12.15 12.18 11.79 11.79
2008-08-14 9.95 10.08 9.75 9.75
2008-09-12 8.31 8.48 8.25 8.25
2008-11-07 7.12 7.18 6.76 6.76
2008-11-10 7.55 7.57 7.18 7.18
2008-11-13 7.8 7.89 7.48 7.48
2008-11-19 8.52 8.55 7.88 7.88
2008-12-01 8.23 8.24 7.73 7.73
2008-12-09 9.37 9.82 9.2 9.2
2008-12-22 10.47 10.47 9.52 9.52
2009-01-07 11.73 11.73 10.75 10.75
2009-01-09 12.32 12.4 11.68 11.68
2009-02-25 15.67 16.0 15.41 15.41
2009-03-17 18.02 18.18 16.8 16.8
2009-04-27 23.75 25.0 22.51 22.51
2009-05-12 24.36 24.68 23.08 23.08
2009-05-18 24.59 24.75 24.2 24.2
2009-06-08 24.15 24.44 23.79 23.79
2009-06-15 28.03 28.06 25.51 25.51
2009-06-16 28.95 30.0 28.03 28.03
2009-06-24 27.58 28.53 27.27 27.27
2009-07-02 30.77 31.65 29.31 29.31
2009-07-07 30.0 30.67 29.7 29.7
2009-07-27 40.63 41.0 38.9 38.9
2009-07-31 36.99 37.77 36.2 36.2
2009-08-05 37.51 37.88 36.62 36.62
2009-09-15 48.71 48.75 44.35 44.35
2009-10-09 45.1 45.6 44.39 44.39
2009-10-20 52.61 54.5 48.5 48.5
2009-11-03 54.93 55.5 51.0 51.0
2009-11-19 53.94 54.0 52.51 52.51
2010-02-24 54.36 54.59 51.71 51.71
2010-03-03 55.5 57.0 54.0 54.0
2010-04-08 38.24 38.36 37.56 37.56
2010-06-01 35.73 35.86 34.53 34.53
2010-06-23 38.97 39.49 38.38 38.38
2010-07-09 38.97 38.97 35.0 35.0
2010-07-28 43.38 43.52 41.35 41.35
2010-08-18 44.25 44.8 41.77 41.77
2010-08-24 42.33 42.77 41.77 41.77
2010-08-31 45.32 45.35 43.0 43.0
2010-11-17 40.0 42.72 40.0 40.0
2010-11-18 41.77 41.87 40.25 40.25
2010-11-22 43.16 43.88 42.05 42.05
2011-01-26 26.13 26.47 25.65 25.65
2011-02-09 26.95 27.03 26.53 26.53
2011-03-04 30.09 30.13 29.25 29.25
2011-03-11 33.99 34.79 32.9 32.9
2011-03-24 34.66 35.17 33.73 33.73
2011-06-03 23.44 23.55 23.0 23.0
2011-06-07 23.57 23.76 23.3 23.3
2011-06-13 24.39 24.83 23.16 23.16
2011-06-17 23.21 23.45 22.81 22.81
2011-06-23 23.29 23.4 22.63 22.63
2011-06-27 26.61 26.61 24.25 24.25
2011-06-29 25.89 26.6 25.82 25.82
2011-06-30 25.91 26.4 25.31 25.31
2011-07-07 28.42 29.18 27.0 27.0
2011-07-14 29.14 29.28 28.75 28.75
2011-07-25 27.87 29.27 27.55 27.55
2011-08-04 26.51 26.97 26.4 26.4
2011-08-15 25.61 25.71 25.1 25.1
2011-09-02 24.11 24.2 23.81 23.81
2011-09-06 24.05 24.06 23.72 23.72
2011-10-13 21.68 21.83 21.32 21.32
2011-11-09 22.32 22.4 21.55 21.55
2011-12-12 18.65 19.29 18.61 18.61
2011-12-30 14.13 14.18 13.73 13.73
2012-02-20 16.85 17.7 16.33 16.33
2012-03-22 16.89 17.0 16.7 16.7
2012-04-26 16.51 16.64 16.28 16.28
2012-05-04 15.95 15.98 15.62 15.62
2012-08-02 13.15 13.16 12.9 12.9
2012-08-06 13.84 13.92 13.37 13.37
2012-08-10 14.28 14.6 14.0 14.0
2012-08-16 14.56 14.68 13.87 13.87
2012-08-30 14.9 15.39 14.49 14.49
2012-09-27 15.0 15.08 14.57 14.57
2012-10-18 15.49 15.6 15.21 15.21
2012-10-25 17.15 17.73 16.0 16.0
2012-11-15 15.11 15.33 15.09 15.09
2012-11-30 13.86 14.0 13.62 13.62
2012-12-11 14.84 15.0 14.69 14.69
2012-12-14 15.04 15.05 14.5 14.5
2012-12-28 16.32 16.42 15.87 15.87
2013-01-08 16.99 17.68 16.52 16.52
2013-03-01 23.59 24.6 22.7 22.7
2013-03-04 23.79 24.57 23.15 23.15
2013-03-06 27.61 27.61 25.35 25.35
2013-03-18 25.64 26.2 24.97 24.97
2013-05-08 22.34 22.69 22.06 22.06
2013-05-17 24.51 24.9 24.12 24.12
2013-05-21 27.17 27.51 25.21 25.21
2013-06-04 29.77 31.88 29.39 29.39
2013-07-11 25.65 26.08 24.75 24.75
2013-07-15 26.38 26.54 25.2 25.2
2013-08-01 28.85 29.26 27.7 27.7
2013-09-06 27.59 27.7 26.85 26.85
2013-09-16 25.6 25.87 25.5 25.5
2013-09-23 26.15 26.22 25.3 25.3
2013-11-13 22.35 22.88 21.82 21.82
2013-12-24 27.31 28.04 25.53 25.53
2014-01-21 26.29 26.48 25.69 25.69
2014-01-23 27.43 28.12 27.1 27.1
2014-02-12 29.72 30.2 29.26 29.26
2014-02-17 30.87 31.49 29.56 29.56
2014-03-03 28.81 28.83 28.2 28.2
2014-04-04 25.99 25.99 25.12 25.12
2014-04-08 26.31 26.51 26.0 26.0
2014-04-14 26.24 26.42 25.9 25.9
2014-04-23 26.19 26.26 25.0 25.0
2014-06-09 23.27 23.55 23.03 23.03
2014-06-26 25.19 25.2 24.71 24.71
2014-06-30 27.09 27.53 25.5 25.5
2014-07-15 28.38 28.8 27.72 27.72
2014-07-23 28.75 29.5 27.0 27.0
2014-08-27 33.83 34.56 32.26 32.26
2014-08-29 35.41 36.58 33.99 33.99
2014-09-01 38.22 38.6 35.8 35.8
2014-10-29 51.87 55.0 51.25 51.25
2014-11-04 56.75 57.0 51.0 51.0
2014-11-19 49.67 50.35 47.2 47.2
2014-11-25 51.84 52.3 49.98 49.98
2014-12-02 47.58 48.19 46.0 46.0
2014-12-08 62.93 62.93 61.1 61.1
2014-12-10 63.48 63.48 55.9 55.9
2014-12-24 60.39 61.33 57.33 57.33
2015-01-13 53.98 54.1 52.09 52.09
2015-03-04 59.91 60.3 58.7 58.7
2015-03-13 60.37 61.5 59.0 59.0
2015-03-20 65.29 66.5 63.15 63.15
2015-04-22 68.7 69.6 67.25 67.25
2015-04-27 69.08 70.49 67.3 67.3
2015-05-27 128.25 128.25 128.0 128.0
2015-07-07 61.93 63.3 61.93 61.93
2015-07-08 55.74 57.51 55.74 55.74
2015-07-09 61.31 61.31 50.17 50.17
2015-07-16 70.04 76.0 64.99 64.99
2015-07-28 69.9 79.78 69.63 69.63
2015-08-07 67.3 67.88 65.3 65.3
2015-08-10 74.03 74.03 69.0 69.0
2015-08-12 77.93 81.71 75.8 75.8
2015-08-25 55.53 58.53 55.53 55.53
2015-08-28 57.6 57.6 53.16 53.16
2016-03-25 69.03 69.03 69.03 69.03
2016-03-28 75.93 75.93 75.93 75.93
2016-04-15 79.21 79.74 76.07 76.07
2016-04-19 83.9 84.95 78.15 78.15
2016-05-03 76.76 76.81 73.28 73.28
2016-06-15 75.84 76.35 71.65 71.65
2016-06-27 87.18 87.87 81.93 81.93
2016-09-05 76.07 76.73 75.1 75.1
2016-09-20 73.14 73.66 73.08 73.08
2016-10-10 73.12 73.2 70.8 70.8
2016-10-20 73.77 75.2 73.4 73.4
2016-10-28 73.39 74.89 73.04 73.04
2016-11-10 74.13 74.43 73.49 73.49
2016-11-16 73.82 74.6 73.3 73.3
2016-12-21 70.81 71.0 70.0 70.0
2017-01-19 77.49 79.7 76.03 76.03
2017-01-25 77.65 77.93 76.68 76.68
2017-03-01 74.72 74.79 73.5 73.5
2017-04-28 61.84 62.3 60.68 60.68
2017-06-02 58.72 58.85 56.88 56.88
2017-06-19 65.51 67.93 63.6 63.6
2017-06-27 62.58 63.47 61.6 61.6
2017-06-29 62.17 62.5 61.31 61.31
2017-07-18 56.96 57.27 56.1 56.1
2017-08-09 58.75 59.26 58.65 58.65
