2004-09-16 7.29 7.35 6.95 6.95
2004-09-23 7.52 7.53 7.23 7.23
2005-01-11 5.75 5.8 5.7 5.7
2005-04-07 4.7 4.87 4.64 4.64
2005-04-13 4.72 4.73 4.55 4.55
2005-04-19 4.32 4.33 4.24 4.24
2005-05-26 3.77 3.78 3.7 3.7
2005-06-08 4.15 4.17 3.9 3.9
2005-07-28 3.6 3.68 3.54 3.54
2005-10-13 4.01 4.06 4.0 4.0
2005-11-24 3.91 3.93 3.87 3.87
2005-11-30 3.86 3.87 3.81 3.81
2006-02-06 4.11 4.13 4.05 4.05
2006-02-10 4.39 4.43 4.24 4.24
2006-02-17 4.51 4.55 4.33 4.33
2007-02-06 4.86 4.94 4.76 4.76
2007-03-12 7.04 7.39 6.75 6.75
2007-03-15 7.58 7.8 7.16 7.16
2007-03-20 8.43 8.43 7.67 7.67
2007-03-23 9.36 9.4 8.65 8.65
2007-06-05 16.46 16.5 15.24 15.24
2007-06-08 18.62 18.94 17.9 17.9
2007-06-11 19.36 19.9 18.95 18.95
2007-06-18 27.17 27.17 26.07 26.07
2007-06-22 24.78 26.5 24.78 24.78
2007-07-30 14.4 14.4 13.12 13.12
2007-12-04 10.21 10.5 10.05 10.05
2008-02-14 10.95 11.1 10.71 10.71
2008-10-22 3.75 3.93 3.7 3.7
2009-03-23 4.85 4.89 4.71 4.71
2009-04-23 5.47 5.61 5.27 5.27
2009-04-28 5.17 5.18 5.02 5.02
2009-05-06 5.58 5.6 5.5 5.5
2009-05-12 5.43 5.44 5.25 5.25
2009-06-29 5.84 5.95 5.81 5.81
2009-08-20 5.38 5.4 5.06 5.06
2009-11-02 5.92 5.93 5.61 5.61
2010-07-12 5.66 5.68 5.55 5.55
2010-11-09 7.21 7.38 7.13 7.13
2011-02-11 6.36 6.42 6.28 6.28
2011-08-25 6.41 6.45 6.07 6.07
2011-11-04 5.78 5.79 5.67 5.67
2012-01-10 4.29 4.29 3.89 3.89
2012-01-17 4.38 4.39 3.99 3.99
2012-02-10 4.44 4.47 4.39 4.39
2012-02-27 4.74 4.86 4.72 4.72
2012-09-03 4.2 4.28 4.1 4.1
2012-11-09 4.14 4.17 3.88 3.88
2012-12-06 3.62 3.64 3.57 3.57
2013-01-28 3.98 3.99 3.9 3.9
2013-01-30 4.09 4.12 3.99 3.99
2013-05-10 3.64 3.64 3.6 3.6
2013-05-15 3.68 3.69 3.62 3.62
2014-01-21 3.61 3.61 3.53 3.53
2014-01-23 3.7 3.72 3.66 3.66
2014-04-11 4.24 4.25 4.1 4.1
2014-04-30 4.0 4.0 3.92 3.92
2015-01-26 5.09 5.09 5.09 5.09
2015-01-27 5.6 5.6 5.6 5.6
2015-01-28 6.16 6.16 6.16 6.16
2015-01-29 6.78 6.78 6.78 6.78
2015-01-30 7.46 7.46 7.46 7.46
2015-04-22 11.33 11.49 10.92 10.92
2015-05-12 11.38 11.62 11.23 11.23
2015-06-29 19.4 19.4 19.4 19.4
2015-06-30 17.46 19.4 17.46 17.46
2015-07-03 12.73 13.3 12.73 12.73
2015-07-07 10.31 10.31 10.31 10.31
2015-07-08 9.28 9.28 9.28 9.28
2015-07-13 10.21 10.21 10.21 10.21
2015-07-14 11.23 11.23 11.23 11.23
2015-08-13 13.35 13.35 12.23 12.23
2015-11-11 12.42 12.59 12.2 12.2
2016-06-14 7.89 7.91 7.79 7.79
2016-06-15 8.0 8.11 7.73 7.73
2016-06-22 8.26 8.31 8.0 8.0
2016-09-27 8.7 8.77 8.46 8.46
2016-11-08 9.07 9.19 9.01 9.01
2016-11-10 9.18 9.19 8.99 8.99
2016-11-22 9.33 9.35 9.26 9.26
2016-12-06 8.8 8.87 8.76 8.76
2017-03-27 8.9 8.95 8.81 8.81
2017-03-28 8.99 9.0 8.86 8.86
2017-04-05 8.7 8.75 8.54 8.54
2017-06-07 7.35 7.37 7.19 7.19
2017-06-13 7.19 7.22 7.09 7.09
2017-06-15 7.33 7.34 7.23 7.23
2017-08-28 7.06 7.06 6.99 6.99
