1996-09-20 13.93 14.1 13.48 13.48
1996-09-24 14.9 15.2 14.2 14.2
1996-10-29 19.52 19.98 19.2 19.2
1996-11-14 19.4 19.6 18.67 18.67
1996-12-04 24.18 24.24 22.5 22.5
1996-12-05 24.55 24.88 24.2 24.2
1996-12-16 11.4 11.4 11.4 11.4
1996-12-17 10.26 10.26 10.26 10.26
1996-12-18 10.96 11.0 9.23 9.23
1997-01-09 9.5 9.65 9.45 9.45
1997-01-15 9.73 9.8 9.6 9.6
1997-01-27 10.04 10.17 9.7 9.7
1997-02-19 10.23 10.28 9.6 9.6
1997-02-20 9.95 10.2 9.21 9.21
1997-02-25 11.4 11.56 10.8 10.8
1997-04-03 16.6 16.68 15.9 15.9
1997-04-09 15.8 15.86 15.55 15.55
1997-04-14 15.66 15.99 15.48 15.48
1997-06-02 15.75 15.95 15.3 15.3
1997-06-20 15.18 15.26 14.6 14.6
1997-06-26 15.1 15.38 15.05 15.05
1997-07-11 14.13 14.2 13.6 13.6
1997-07-14 14.45 14.65 14.15 14.15
1997-08-04 15.38 15.75 15.31 15.31
1997-08-14 14.7 14.9 14.07 14.07
1997-08-19 14.13 14.29 14.01 14.01
1997-09-09 16.03 16.55 15.72 15.72
1997-09-24 14.52 14.6 14.08 14.08
1997-10-08 14.65 14.8 14.35 14.35
1997-11-28 14.8 14.85 14.61 14.61
1997-12-10 15.26 15.26 15.01 15.01
1997-12-11 15.55 15.86 15.3 15.3
1998-01-07 16.87 17.15 16.25 16.25
1998-01-19 17.74 18.14 17.5 17.5
1998-01-22 17.21 17.48 16.96 16.96
1998-02-13 17.65 17.8 17.31 17.31
1998-03-16 14.53 14.58 14.15 14.15
1998-04-02 14.69 15.3 14.45 14.45
1998-04-13 15.49 15.58 15.28 15.28
1998-04-28 15.68 15.69 15.2 15.2
1998-06-22 12.03 12.09 11.35 11.35
1998-07-08 10.5 10.64 10.35 10.35
1998-07-10 10.63 10.85 10.35 10.35
1998-07-15 10.34 10.46 10.22 10.22
1998-07-28 10.68 10.76 10.31 10.31
1998-07-31 10.57 10.66 10.51 10.51
1998-08-13 9.7 9.7 9.5 9.5
1998-08-28 9.25 9.28 9.1 9.1
1998-09-03 9.32 9.48 9.3 9.3
1998-09-04 9.45 9.54 9.38 9.38
1998-09-14 11.15 11.21 10.8 10.8
1998-10-28 10.19 10.27 10.17 10.17
1998-11-03 10.24 10.5 9.88 9.88
1998-11-27 10.37 10.37 10.0 10.0
1998-12-02 10.41 10.48 10.01 10.01
1998-12-08 10.43 10.45 10.06 10.06
1998-12-11 10.46 10.46 10.23 10.23
1998-12-25 11.02 11.23 10.82 10.82
1999-01-06 10.37 10.56 10.33 10.33
1999-01-14 10.87 10.98 10.7 10.7
1999-01-18 11.1 11.16 10.7 10.7
1999-01-21 11.07 11.16 10.95 10.95
1999-02-03 10.66 10.76 10.54 10.54
1999-03-03 10.67 10.68 10.48 10.48
1999-03-11 10.37 10.45 10.25 10.25
1999-03-17 10.35 10.5 10.28 10.28
1999-04-01 9.82 9.98 9.71 9.71
1999-04-20 9.3 9.42 9.2 9.2
1999-05-11 8.96 9.1 8.89 8.89
1999-05-18 8.46 8.5 8.43 8.43
1999-06-14 10.89 10.89 9.95 9.95
1999-06-16 12.12 12.12 11.11 11.11
1999-07-15 13.47 13.75 13.1 13.1
1999-07-20 14.4 14.4 13.16 13.16
1999-07-26 14.15 14.39 13.88 13.88
1999-07-30 13.75 13.89 13.4 13.4
1999-08-03 14.29 14.6 14.01 14.01
1999-09-07 12.8 12.97 12.6 12.6
1999-09-09 13.5 13.6 13.0 13.0
1999-10-15 12.14 12.3 11.9 11.9
1999-10-22 11.8 12.25 11.6 11.6
1999-10-26 11.88 11.88 11.65 11.65
1999-11-02 11.75 11.95 11.67 11.67
1999-11-05 11.55 11.59 11.48 11.48
1999-11-15 11.49 11.54 11.1 11.1
1999-11-17 11.91 12.07 11.3 11.3
1999-11-18 11.95 12.05 11.25 11.25
1999-12-07 11.85 11.97 11.84 11.84
2000-01-14 12.59 12.95 12.12 12.12
2000-01-25 13.48 13.7 12.8 12.8
2000-02-28 14.0 14.25 13.7 13.7
2000-03-13 13.7 13.8 13.36 13.36
2000-03-17 13.35 13.45 13.1 13.1
2000-03-27 13.9 14.0 13.58 13.58
2000-04-21 15.71 16.37 15.19 15.19
2000-04-28 15.7 15.8 15.5 15.5
2000-05-24 9.74 9.9 9.7 9.7
2000-06-06 10.04 10.09 9.94 9.94
2000-06-28 10.19 10.2 10.02 10.02
2000-07-07 9.98 10.0 9.87 9.87
2000-08-01 10.86 10.92 10.63 10.63
2000-08-09 10.7 10.78 10.68 10.68
2000-08-10 10.94 11.02 10.71 10.71
2000-08-17 11.17 11.25 11.0 11.0
2000-08-21 10.14 10.17 9.89 9.89
2000-09-11 9.1 9.15 8.93 8.93
2000-09-13 9.22 9.34 9.14 9.14
2000-09-29 8.42 8.47 8.38 8.38
2000-10-18 8.33 8.33 8.25 8.25
2000-10-19 8.45 8.56 8.35 8.35
2000-10-25 8.5 8.51 8.4 8.4
2000-11-03 8.62 8.73 8.6 8.6
2000-12-19 8.98 9.07 8.82 8.82
2001-01-10 9.36 9.38 9.2 9.2
2001-02-09 8.84 8.94 8.8 8.8
2001-02-23 9.05 9.08 8.88 8.88
2001-03-07 9.29 9.32 9.15 9.15
2001-03-15 9.19 9.24 9.18 9.18
2001-03-20 9.32 9.36 9.13 9.13
2001-03-27 9.68 9.8 9.65 9.65
2001-04-09 9.82 9.85 9.71 9.71
2001-04-17 9.9 9.95 9.8 9.8
2001-06-05 9.53 9.53 9.33 9.33
2001-08-01 8.5 8.5 8.24 8.24
2001-08-09 8.46 8.48 8.24 8.24
2001-09-04 8.37 8.37 8.2 8.2
2001-09-18 7.99 8.09 7.9 7.9
2001-11-01 7.46 7.5 7.31 7.31
2001-11-14 7.21 7.35 7.2 7.2
2001-11-19 7.46 7.46 7.3 7.3
2001-11-26 7.73 7.88 7.62 7.62
2001-12-28 7.88 7.88 7.65 7.65
2002-01-23 7.32 7.37 6.82 6.82
2002-01-31 7.49 7.63 7.01 7.01
2002-02-04 7.67 7.72 7.55 7.55
2002-02-25 8.14 8.17 7.89 7.89
2002-03-07 8.74 8.85 8.6 8.6
2002-04-09 9.17 9.27 8.75 8.75
2002-06-11 8.6 8.61 8.45 8.45
2002-06-21 6.11 6.13 5.88 5.88
2002-06-28 7.1 7.1 6.8 6.8
2002-07-11 6.63 6.7 6.6 6.6
2002-07-12 6.65 6.69 6.63 6.63
2002-08-02 6.53 6.55 6.4 6.4
2002-08-09 6.48 6.54 6.46 6.46
2002-08-13 6.5 6.55 6.42 6.42
2002-08-20 6.58 6.64 6.47 6.47
2002-08-27 6.56 6.61 6.55 6.55
2002-09-18 6.11 6.16 6.1 6.1
2002-09-23 6.14 6.22 6.1 6.1
2002-12-19 5.47 5.47 5.43 5.43
2002-12-23 5.58 5.65 5.54 5.54
2003-01-03 5.12 5.16 5.08 5.08
2003-01-14 5.7 5.95 5.43 5.43
2003-01-16 5.7 5.75 5.6 5.6
2003-01-22 5.47 5.48 5.42 5.42
2003-01-29 5.73 5.78 5.66 5.66
2003-05-21 5.41 5.46 5.4 5.4
2003-06-02 5.73 5.85 5.68 5.68
2003-06-11 5.53 5.53 5.41 5.41
2003-07-02 5.16 5.19 5.0 5.0
2003-07-21 5.08 5.12 5.04 5.04
2003-09-01 4.96 4.96 4.83 4.83
2003-09-19 4.77 4.82 4.74 4.74
2003-09-26 4.75 4.77 4.7 4.7
2003-10-22 4.73 4.81 4.61 4.61
2003-11-19 4.33 4.33 4.21 4.21
2003-11-20 4.5 4.56 4.37 4.37
2003-12-01 4.7 4.74 4.55 4.55
2003-12-10 4.63 4.67 4.61 4.61
2003-12-15 4.67 4.7 4.6 4.6
2003-12-23 4.51 4.54 4.42 4.42
2004-01-29 4.74 4.75 4.57 4.57
2004-02-02 4.86 4.9 4.66 4.66
2004-02-10 5.15 5.23 5.1 5.1
2004-02-12 5.14 5.16 5.09 5.09
2004-03-02 5.5 5.57 5.41 5.41
2004-03-15 5.34 5.38 5.2 5.2
2004-04-02 5.68 5.7 5.36 5.36
2004-04-19 5.43 5.45 5.3 5.3
2004-04-30 5.19 5.25 5.06 5.06
2004-05-21 5.09 5.18 5.01 5.01
2004-07-16 4.58 4.68 4.46 4.46
2004-08-18 4.26 4.32 4.23 4.23
2004-09-13 4.32 4.36 4.3 4.3
2004-09-14 4.44 4.45 4.33 4.33
2004-10-20 4.33 4.39 4.3 4.3
2004-11-03 4.37 4.38 4.3 4.3
2004-11-09 4.53 4.55 4.42 4.42
2004-11-15 4.62 4.66 4.57 4.57
2004-12-28 4.37 4.4 4.29 4.29
2005-01-07 4.43 4.45 4.38 4.38
2005-01-26 4.25 4.28 4.22 4.22
2005-03-03 4.31 4.31 4.25 4.25
2005-03-08 4.34 4.35 4.29 4.29
2005-04-20 3.95 4.01 3.9 3.9
2005-04-21 4.0 4.01 3.93 3.93
2005-04-25 4.04 4.12 3.99 3.99
2005-04-28 4.02 4.06 3.9 3.9
2005-05-13 3.85 3.87 3.8 3.8
2005-06-06 3.62 3.63 3.52 3.52
2005-06-08 3.87 3.93 3.55 3.55
2005-06-27 3.67 3.73 3.61 3.61
2005-08-25 3.31 3.33 3.24 3.24
2005-08-29 3.44 3.55 3.39 3.39
2005-09-01 3.68 3.78 3.65 3.65
2005-09-13 3.78 3.79 3.65 3.65
2005-09-30 3.71 3.83 3.69 3.69
2005-11-17 3.21 3.25 3.17 3.17
2005-11-28 3.15 3.17 3.11 3.11
2005-11-30 3.13 3.14 3.11 3.11
2005-12-01 3.18 3.21 3.12 3.12
2006-01-09 3.52 3.56 3.48 3.48
2006-01-12 3.6 3.61 3.45 3.45
2006-01-18 3.5 3.52 3.43 3.43
2006-01-20 3.61 3.62 3.48 3.48
2006-01-23 3.65 3.71 3.59 3.59
2006-02-08 3.87 3.93 3.63 3.63
2006-10-12 3.15 3.23 3.13 3.13
2006-10-24 3.08 3.09 3.02 3.02
2006-12-15 3.5 3.57 3.47 3.47
2007-01-08 3.98 3.99 3.81 3.81
2007-03-15 6.08 6.1 5.8 5.8
2007-03-21 6.93 7.22 6.69 6.69
2007-03-27 7.95 7.96 7.52 7.52
2007-04-20 9.29 9.35 8.77 8.77
2007-04-23 9.97 10.05 9.52 9.52
2007-04-27 11.58 11.58 11.12 11.12
2007-05-15 14.73 14.73 14.0 14.0
2007-05-23 14.09 14.09 12.82 12.82
2007-05-30 13.5 14.77 13.5 13.5
2007-06-05 10.68 10.89 9.05 9.05
2007-06-13 12.71 12.79 11.83 11.83
2007-07-17 9.26 9.5 9.01 9.01
2007-07-23 10.6 10.65 9.93 9.93
2007-08-23 12.64 12.8 12.26 12.26
2007-10-31 9.33 9.49 8.99 8.99
2007-12-07 8.81 8.87 8.66 8.66
2007-12-19 9.15 9.17 8.84 8.84
2007-12-20 9.38 9.6 9.35 9.35
2008-01-02 9.99 10.05 9.71 9.71
2008-01-29 10.04 10.25 9.7 9.7
2008-02-04 9.65 9.73 9.13 9.13
2008-04-28 8.76 9.0 8.63 8.63
2008-04-29 8.96 9.06 8.7 8.7
2008-05-15 8.5 8.51 7.79 7.79
2008-06-23 7.65 7.65 7.65 7.65
2008-06-24 6.89 6.89 6.89 6.89
2008-06-25 6.75 6.92 6.2 6.2
2008-09-09 4.78 4.8 4.66 4.66
2008-11-19 3.3 3.33 3.06 3.06
2009-01-14 3.55 3.56 3.42 3.42
2009-01-22 4.49 4.49 4.49 4.49
2009-02-06 5.28 5.34 5.17 5.17
2009-03-03 5.53 5.58 5.18 5.18
2009-03-04 6.02 6.08 5.5 5.5
2009-03-06 6.2 6.35 5.73 5.73
2009-03-18 6.79 6.96 6.45 6.45
2009-04-08 6.89 7.17 6.79 6.79
2009-05-26 8.3 8.51 8.25 8.25
2009-06-15 7.98 7.99 7.81 7.81
2009-06-24 8.19 8.22 7.96 7.96
2009-08-18 8.09 8.16 7.8 7.8
2009-09-03 8.39 8.47 8.08 8.08
2009-09-11 9.16 9.38 9.07 9.07
2009-10-23 9.25 9.35 9.04 9.04
2009-11-25 10.89 10.9 10.45 10.45
2009-12-02 10.3 10.47 10.23 10.23
2010-01-12 10.84 10.94 10.52 10.52
2010-02-09 8.96 8.97 8.75 8.75
2010-04-01 9.84 9.99 9.44 9.44
2010-06-08 8.46 8.64 8.32 8.32
2010-07-08 8.34 8.39 8.08 8.08
2010-07-14 8.87 9.03 8.52 8.52
2010-07-22 9.19 9.31 9.11 9.11
2010-08-02 9.62 9.64 9.32 9.32
2010-08-09 9.99 10.06 9.71 9.71
2010-08-23 10.13 10.3 10.06 10.06
2010-08-30 11.05 11.29 10.33 10.33
2010-09-02 11.99 12.2 11.23 11.23
2010-09-13 12.46 12.52 12.01 12.01
2010-09-27 12.59 12.6 12.11 12.11
2010-10-12 14.25 14.26 12.95 12.95
2010-11-24 11.88 12.0 11.17 11.17
2010-12-03 11.54 11.71 11.37 11.37
2010-12-13 11.85 11.85 10.91 10.91
2010-12-16 11.79 11.99 11.72 11.72
2011-02-10 12.79 12.89 11.85 11.85
2011-04-29 11.22 11.26 10.96 10.96
2011-06-20 10.24 10.34 10.03 10.03
2011-06-22 10.8 10.94 10.52 10.52
2011-06-30 11.13 11.22 10.87 10.87
2011-08-11 10.37 10.4 9.88 9.88
2011-08-16 10.49 10.66 10.43 10.43
2011-09-15 10.09 10.33 9.94 9.94
2011-09-20 10.25 10.31 9.96 9.96
2011-09-29 10.22 10.38 10.11 10.11
2011-10-26 10.16 10.4 9.89 9.89
2011-12-29 9.09 9.14 8.7 8.7
2011-12-30 9.26 9.37 9.09 9.09
2012-01-17 10.24 10.31 9.7 9.7
2012-02-03 10.31 10.5 10.2 10.2
2012-02-10 10.53 10.54 10.3 10.3
2012-02-22 10.68 10.75 10.39 10.39
2012-03-16 10.3 10.34 10.12 10.12
2012-04-13 10.33 10.4 10.28 10.28
2012-04-20 10.45 10.52 10.25 10.25
2012-05-02 10.6 10.63 10.4 10.4
2012-08-07 8.46 8.51 8.42 8.42
2012-08-09 8.74 8.75 8.51 8.51
2012-08-23 8.6 8.67 8.46 8.46
2012-08-29 8.39 8.41 8.34 8.34
2012-09-07 8.53 8.74 8.34 8.34
2012-09-19 9.08 9.08 8.75 8.75
2012-09-25 8.95 9.0 8.77 8.77
2012-09-28 9.48 9.57 9.08 9.08
2012-11-01 9.02 9.1 8.84 8.84
2012-11-07 9.28 9.33 8.77 8.77
2012-11-12 9.1 9.17 8.98 8.98
2012-12-06 9.55 9.68 9.48 9.48
2013-02-08 10.79 10.9 10.41 10.41
2013-04-16 9.2 9.22 9.02 9.02
2013-04-18 9.29 9.36 9.18 9.18
2013-08-14 8.87 8.87 8.87 8.87
2013-09-17 9.25 9.43 9.12 9.12
2013-11-28 10.47 10.6 10.2 10.2
2013-12-03 10.61 10.65 10.33 10.33
2014-01-22 8.97 8.99 8.53 8.53
2014-02-12 9.26 9.28 9.15 9.15
2014-02-20 10.24 10.75 10.18 10.18
2014-03-13 8.9 8.97 8.72 8.72
2014-03-17 9.76 9.86 9.45 9.45
2014-04-04 9.71 9.76 9.62 9.62
2014-06-16 9.85 9.89 9.69 9.69
2014-07-23 11.08 11.19 10.88 10.88
2014-08-04 12.18 12.23 11.33 11.33
2014-10-15 12.39 12.48 12.19 12.19
2014-10-28 12.8 12.84 12.35 12.35
2014-10-29 13.22 13.29 12.81 12.81
2014-12-23 15.57 15.8 15.45 15.45
2014-12-30 15.45 15.58 15.05 15.05
2015-01-27 18.04 18.25 17.5 17.5
2015-04-23 21.99 21.99 21.99 21.99
2015-05-19 19.89 19.94 19.2 19.2
2015-05-20 20.88 20.94 19.89 19.89
2015-07-08 15.81 16.37 15.81 15.81
2015-07-16 17.23 17.66 16.8 16.8
2015-11-04 15.75 15.79 15.15 15.15
2015-12-01 16.07 16.28 15.9 15.9
2015-12-02 16.8 17.17 16.16 16.16
2015-12-14 16.68 16.73 16.24 16.24
2016-01-18 14.34 14.64 14.0 14.0
2016-01-29 13.83 13.97 13.26 13.26
2016-03-30 15.22 15.28 14.97 14.97
2016-05-23 14.43 14.46 14.21 14.21
2016-06-03 15.06 15.11 14.68 14.68
2016-06-15 14.92 15.0 14.5 14.5
2016-06-22 15.38 15.42 15.18 15.18
2016-07-01 14.08 14.13 14.0 14.0
2016-08-09 16.58 16.73 16.4 16.4
2016-09-27 15.68 15.7 15.5 15.5
2016-10-10 16.12 16.15 15.82 15.82
2017-01-20 16.22 16.26 15.85 15.85
2017-05-15 19.12 19.15 18.74 18.74
2017-05-19 19.48 19.57 19.33 19.33
2017-06-01 20.23 20.27 19.83 19.83
