1994-05-31 10.7 10.78 10.35 10.35
1994-06-03 10.42 10.6 10.32 10.32
1994-08-16 11.91 12.4 11.55 11.55
1994-09-02 15.0 16.0 13.3 13.3
1994-09-08 16.72 17.3 15.85 15.85
1994-09-21 15.88 15.9 14.82 14.82
1994-11-03 11.3 11.69 10.25 10.25
1994-11-08 11.15 12.1 10.81 10.81
1994-11-09 11.5 11.6 10.8 10.8
1994-11-30 10.9 10.98 10.7 10.7
1994-12-07 10.3 10.38 10.25 10.25
1994-12-21 11.0 11.4 10.45 10.45
1995-02-08 8.18 8.3 8.0 8.0
1995-02-09 8.42 8.48 8.0 8.0
1995-02-13 8.36 8.41 8.12 8.12
1995-02-20 8.05 8.1 7.95 7.95
1995-02-21 8.19 8.3 8.1 8.1
1995-03-22 9.82 9.82 9.4 9.4
1995-04-25 9.73 9.85 9.66 9.66
1995-05-16 9.0 9.1 8.81 8.81
1995-05-31 10.75 10.95 10.7 10.7
1995-06-01 11.2 11.34 10.8 10.8
1995-06-09 11.29 11.5 11.11 11.11
1995-07-12 10.49 10.7 10.2 10.2
1995-07-13 10.59 10.59 10.33 10.33
1995-07-17 11.12 11.47 10.3 10.3
1995-09-21 9.99 10.09 9.86 9.86
1995-10-13 9.12 9.3 9.0 9.0
1995-11-02 9.7 9.84 9.63 9.63
1995-12-04 9.02 9.08 8.95 8.95
1996-01-08 8.1 8.1 7.85 7.85
1996-01-09 8.19 8.2 7.99 7.99
1996-01-15 7.8 7.84 7.73 7.73
1996-01-19 7.54 7.55 7.5 7.5
1996-01-22 7.21 7.6 1.0 1.0
1996-01-26 7.3 7.5 7.26 7.26
1996-01-30 7.42 7.42 7.3 7.3
1996-02-02 7.58 7.59 7.25 7.25
1996-02-06 7.3 7.4 7.2 7.2
1996-02-07 7.8 7.8 7.26 7.26
1996-02-14 7.65 7.9 7.6 7.6
1996-03-04 9.4 9.4 8.35 8.35
1996-03-12 9.06 9.06 8.4 8.4
1996-03-14 9.23 9.49 8.96 8.96
1996-03-28 9.22 9.43 9.2 9.2
1996-03-29 9.5 9.98 9.18 9.18
1996-04-03 10.1 10.45 9.8 9.8
1996-04-10 10.66 10.7 10.1 10.1
1996-04-12 10.6 10.85 10.51 10.51
1996-04-15 10.35 10.5 10.2 10.2
1996-04-16 10.45 10.49 10.36 10.36
1996-04-19 10.76 10.79 10.45 10.45
1996-06-26 10.3 10.48 9.76 9.76
1996-06-27 11.22 11.99 10.8 10.8
1996-07-29 10.05 10.15 10.0 10.0
1996-08-05 9.75 9.75 9.61 9.61
1996-08-12 10.52 10.52 10.28 10.28
1996-08-20 9.3 9.45 9.25 9.25
1996-09-11 8.9 10.0 8.81 8.81
1996-11-28 13.05 13.35 12.92 12.92
1996-12-17 11.01 11.01 11.01 11.01
1996-12-18 11.48 11.49 9.91 9.91
1996-12-20 9.3 9.51 9.3 9.3
1996-12-23 9.05 9.99 8.6 8.6
1997-01-07 9.15 9.15 8.78 8.78
1997-01-13 10.12 10.12 9.2 9.2
1997-01-21 9.57 9.66 9.45 9.45
1997-01-23 9.8 9.88 9.6 9.6
1997-02-20 9.38 9.38 8.37 8.37
1997-02-21 10.0 10.1 9.04 9.04
1997-03-03 10.63 10.68 10.38 10.38
1997-03-28 11.34 11.6 11.12 11.12
1997-03-31 11.94 11.95 11.4 11.4
1997-04-15 12.15 12.38 11.85 11.85
1997-05-19 11.98 12.42 11.98 11.98
1997-06-20 9.22 9.29 9.0 9.0
1997-08-19 9.25 9.38 9.17 9.17
1997-08-21 9.52 9.52 9.3 9.3
1997-09-18 9.7 9.8 9.6 9.6
1997-11-18 10.8 11.0 10.68 10.68
1997-11-25 9.76 9.88 9.6 9.6
1997-11-28 10.17 10.18 9.78 9.78
1997-12-04 10.2 10.25 10.0 10.0
1997-12-24 10.6 10.8 10.5 10.5
1998-01-14 13.05 13.43 12.28 12.28
1998-03-05 11.6 11.75 11.54 11.54
1998-03-12 11.27 11.5 11.1 11.1
1998-03-20 12.27 12.39 12.1 12.1
1998-03-23 12.7 13.2 12.31 12.31
1998-03-26 12.94 13.2 12.75 12.75
1998-03-27 14.05 14.22 13.01 13.01
1998-07-23 16.28 16.5 16.09 16.09
1998-08-13 14.77 15.29 14.45 14.45
1998-08-19 13.56 13.81 12.99 12.99
1998-08-25 14.18 14.2 13.68 13.68
1999-01-18 13.3 13.3 12.81 12.81
1999-02-04 12.32 12.5 12.2 12.2
1999-02-09 11.9 11.99 11.66 11.66
1999-03-16 13.06 13.13 12.21 12.21
1999-03-19 12.98 13.1 12.69 12.69
1999-04-07 13.32 13.45 13.15 13.15
1999-06-14 15.0 15.08 14.65 14.65
1999-06-16 15.84 15.84 14.35 14.35
1999-06-17 16.6 17.38 16.1 16.1
1999-09-08 16.69 16.75 16.2 16.2
1999-10-12 16.42 16.55 16.19 16.19
1999-10-14 16.25 16.55 16.06 16.06
1999-11-11 16.12 16.23 16.05 16.05
1999-11-12 16.2 16.28 16.06 16.06
1999-11-25 15.76 15.91 15.61 15.61
1999-11-30 15.42 15.56 15.3 15.3
2000-02-15 21.88 22.39 20.98 20.98
2000-08-11 29.37 29.58 28.88 28.88
2000-08-14 29.55 29.95 29.28 29.28
2000-08-30 28.76 29.0 28.33 28.33
2000-09-07 27.15 27.28 26.81 26.81
2000-09-08 28.38 28.47 27.0 27.0
2000-09-12 28.38 28.8 28.21 28.21
2000-09-13 28.8 28.99 28.22 28.22
2000-10-10 28.98 29.0 28.38 28.38
2000-11-08 28.96 29.0 28.73 28.73
2000-11-10 30.25 30.38 29.58 29.58
2000-11-13 31.48 31.8 30.38 30.38
2001-02-26 24.57 24.6 24.35 24.35
2001-02-27 24.72 24.75 24.55 24.55
2001-03-02 24.6 24.68 24.47 24.47
2001-03-12 25.2 25.5 24.45 24.45
2001-06-26 17.45 17.5 17.13 17.13
2001-12-10 13.62 13.73 13.5 13.5
2002-04-29 12.27 12.3 11.62 11.62
2002-07-11 10.85 10.95 10.78 10.78
2002-10-22 9.43 9.52 9.22 9.22
2003-03-21 8.9 8.92 8.8 8.8
2003-04-17 8.43 8.56 8.25 8.25
2003-05-29 8.3 8.34 7.85 7.85
2003-06-17 8.08 8.08 7.85 7.85
2003-08-04 7.61 7.65 7.45 7.45
2003-08-07 7.75 7.86 7.65 7.65
2003-08-26 7.96 8.0 7.79 7.79
2003-10-15 6.69 6.84 6.63 6.63
2004-02-09 6.96 6.96 6.7 6.7
2004-02-16 7.4 7.42 6.97 6.97
2004-03-01 7.39 7.42 7.1 7.1
2004-03-05 7.41 7.58 7.38 7.38
2004-04-22 7.33 7.43 7.08 7.08
2004-05-12 6.55 6.55 6.36 6.36
2004-05-17 6.45 6.47 6.27 6.27
2004-07-01 5.88 5.89 5.65 5.65
2004-07-05 5.77 5.8 5.7 5.7
2004-08-03 5.32 5.4 5.2 5.2
2004-08-31 5.57 5.57 5.1 5.1
2004-09-15 5.88 6.22 5.58 5.58
2004-12-08 5.79 5.82 5.72 5.72
2004-12-20 5.35 5.37 5.22 5.22
2005-02-04 5.4 5.44 5.3 5.3
2005-03-03 5.53 5.58 5.45 5.45
2005-03-04 5.67 5.75 5.5 5.5
2005-04-08 4.99 4.99 4.85 4.85
2005-04-13 4.97 5.02 4.85 4.85
2005-05-30 3.9 3.96 3.78 3.78
2005-05-31 3.9 3.93 3.85 3.85
2005-06-02 3.86 3.91 3.8 3.8
2005-07-26 3.38 3.51 3.24 3.24
2006-01-06 4.06 4.12 3.99 3.99
2006-01-12 4.18 4.19 4.02 4.02
2006-12-29 3.49 3.57 3.47 3.47
2007-01-08 3.68 3.69 3.53 3.53
2007-01-15 3.81 3.83 3.63 3.63
2007-01-22 4.55 4.55 4.55 4.55
2007-01-23 5.01 5.01 5.01 5.01
2007-02-12 5.36 5.48 5.15 5.15
2007-03-23 7.94 7.94 7.38 7.38
2007-04-20 8.46 8.54 8.16 8.16
2007-04-30 8.95 9.18 8.88 8.88
2007-06-07 7.64 7.69 7.08 7.08
2007-06-08 7.83 8.03 7.57 7.57
2007-07-27 8.32 8.5 8.0 8.0
2008-01-24 10.37 10.79 10.22 10.22
2008-01-29 10.35 10.49 10.04 10.04
2008-02-04 9.75 9.76 9.18 9.18
2008-02-05 10.0 10.25 9.5 9.5
2008-02-18 11.16 11.5 10.98 10.98
2008-02-25 11.5 12.19 11.39 11.39
2008-04-08 8.11 8.37 8.01 8.01
2008-04-11 7.76 7.91 7.5 7.5
2008-05-30 7.16 7.28 6.95 6.95
2008-06-02 7.27 7.28 6.98 6.98
2008-06-26 5.85 5.9 5.5 5.5
2008-10-28 3.32 3.36 3.1 3.1
2009-02-06 5.14 5.19 4.9 4.9
2009-06-16 8.41 8.59 8.1 8.1
2009-07-01 8.29 8.39 8.2 8.2
2009-07-30 8.6 8.6 8.28 8.28
2010-01-14 17.52 17.52 17.52 17.52
2010-02-12 17.13 17.22 16.81 16.81
2010-06-22 17.25 17.65 17.2 17.2
2010-06-24 18.03 18.49 17.15 17.15
2010-06-25 18.0 18.3 17.85 17.85
2010-07-09 15.9 16.36 15.11 15.11
2010-07-14 15.98 16.28 15.7 15.7
2010-07-20 16.72 16.94 15.78 15.78
2010-07-22 16.98 17.11 16.53 16.53
2010-08-17 19.78 20.15 18.45 18.45
2010-08-20 19.56 20.5 19.35 19.35
2010-08-26 19.47 19.53 19.03 19.03
2010-10-28 24.41 25.22 23.92 23.92
2010-11-04 29.66 29.66 26.68 26.68
2011-05-11 20.68 21.08 20.21 20.21
2011-05-13 20.68 20.69 19.92 19.92
2011-06-03 17.47 17.62 17.19 17.19
2011-06-13 17.48 17.56 17.29 17.29
2011-07-18 18.18 18.49 17.91 17.91
2011-08-12 20.34 20.34 19.4 19.4
2011-08-17 21.19 21.97 20.55 20.55
2012-05-07 29.53 29.81 29.0 29.0
2012-06-18 28.75 29.17 27.86 27.86
2012-09-27 25.51 25.78 24.81 24.81
2012-09-28 25.99 25.99 25.5 25.5
2012-10-08 25.95 26.0 25.71 25.71
2012-10-16 24.61 24.77 24.23 24.23
2013-02-04 20.69 20.85 20.25 20.25
2013-03-22 22.92 23.18 22.7 22.7
2013-04-18 25.11 25.25 24.13 24.13
2013-04-22 25.83 26.1 24.87 24.87
2013-07-16 21.37 21.75 21.17 21.17
2013-08-06 20.69 20.75 20.31 20.31
2014-01-30 19.96 20.05 19.45 19.45
2014-02-21 21.0 21.47 19.91 19.91
2014-03-18 21.3 21.37 19.82 19.82
2014-07-14 23.67 23.67 23.67 23.67
2014-07-15 26.04 26.04 26.04 26.04
2014-08-04 24.85 25.36 24.65 24.65
2014-08-11 27.3 27.49 25.71 25.71
2014-08-18 26.85 27.05 26.0 26.0
2014-08-28 26.31 26.66 26.3 26.3
2014-11-06 47.08 47.2 45.05 45.05
2015-01-15 38.24 39.87 37.9 37.9
2015-01-20 45.7 46.16 42.0 42.0
2015-01-26 44.17 44.98 42.88 42.88
2015-02-03 42.6 43.47 41.7 41.7
2015-05-26 90.43 90.43 82.08 82.08
2015-07-09 34.27 34.27 32.0 32.0
2015-07-10 37.7 37.7 37.7 37.7
2015-07-13 41.47 41.47 41.47 41.47
2015-07-14 45.62 45.62 45.62 45.62
2015-08-10 53.09 53.09 49.11 49.11
2015-08-27 42.37 42.37 42.37 42.37
2015-08-28 44.29 45.54 38.14 38.14
2015-10-09 40.73 41.2 39.21 39.21
2015-10-13 43.22 43.8 40.46 40.46
2015-10-15 45.1 45.38 42.6 42.6
2015-11-09 57.2 57.62 52.13 52.13
2016-02-16 39.01 39.6 38.1 38.1
2016-10-18 28.61 28.88 27.51 27.51
2017-01-23 24.18 24.29 23.89 23.89
2017-02-06 24.48 24.62 24.12 24.12
2017-02-20 24.52 24.55 23.9 23.9
2017-05-15 21.53 21.83 21.3 21.3
