1994-02-16 5.08 5.14 5.05 5.05
1994-02-22 5.03 5.17 5.03 5.03
1994-04-26 3.0 3.04 2.94 2.94
1994-06-06 2.5 2.55 2.5 2.5
1994-06-10 2.26 2.32 2.25 2.25
1994-06-14 2.19 2.25 2.17 2.17
1994-06-22 2.25 2.27 2.21 2.21
1994-06-24 2.21 2.23 2.21 2.21
1994-07-01 2.18 2.23 2.18 2.18
1994-07-04 2.16 2.18 2.14 2.14
1994-07-05 2.2 2.3 2.15 2.15
1994-07-07 2.19 2.21 2.15 2.15
1994-07-12 2.19 2.2 2.17 2.17
1994-09-19 3.98 4.14 3.91 3.91
1994-09-21 4.0 4.03 3.9 3.9
1994-09-28 3.85 3.96 3.7 3.7
1994-10-18 2.55 2.6 2.46 2.46
1994-10-19 2.82 2.9 2.63 2.63
1994-10-21 2.99 3.1 2.96 2.96
1994-10-24 3.53 3.53 3.06 3.06
1994-11-18 3.65 3.68 3.61 3.61
1995-01-04 3.15 3.16 3.05 3.05
1995-01-05 3.25 3.34 3.14 3.14
1995-01-09 3.09 3.13 3.04 3.04
1995-01-10 3.03 3.08 3.01 3.01
1995-01-26 2.58 2.62 2.55 2.55
1995-01-27 2.64 2.65 2.61 2.61
1995-02-08 2.56 2.6 2.55 2.55
1995-02-09 2.65 2.68 2.5 2.5
1995-02-22 2.77 2.79 2.55 2.55
1995-03-08 3.05 3.1 2.95 2.95
1995-04-19 2.84 2.88 2.8 2.8
1995-05-02 2.75 2.78 2.68 2.68
1995-05-09 2.75 2.76 2.7 2.7
1995-05-12 2.75 2.83 2.68 2.68
1995-05-22 4.2 4.37 3.96 3.96
1995-06-26 2.97 2.99 2.89 2.89
1995-07-04 2.77 2.79 2.75 2.75
1995-08-16 4.19 4.3 3.9 3.9
1995-12-07 3.61 3.64 3.38 3.38
1996-01-24 3.16 3.2 3.06 3.06
1996-02-07 3.11 3.13 3.07 3.07
1996-02-12 3.09 3.09 3.05 3.05
1996-02-13 3.15 3.16 3.07 3.07
1996-02-16 3.23 3.25 3.16 3.16
1996-03-07 3.44 3.45 3.32 3.32
1996-03-20 3.35 3.39 3.34 3.34
1996-03-22 3.49 3.52 3.42 3.42
1996-04-04 3.33 3.35 3.31 3.31
1996-04-05 3.42 3.45 3.33 3.33
1996-04-19 3.58 3.6 3.5 3.5
1996-04-24 3.96 4.0 3.7 3.7
1996-04-26 4.07 4.21 3.82 3.82
1996-05-06 3.9 4.01 3.73 3.73
1996-05-09 3.75 3.84 3.75 3.75
1996-08-01 4.03 4.12 3.8 3.8
1996-08-06 3.94 4.04 3.9 3.9
1996-08-09 3.97 4.03 3.79 3.79
1996-08-12 4.06 4.14 4.0 4.0
1996-12-17 6.3 6.75 6.3 6.3
1996-12-25 6.55 6.55 6.0 6.0
1997-01-15 7.65 7.77 7.3 7.3
1997-03-31 8.32 8.42 8.11 8.11
1997-04-18 9.3 9.4 8.76 8.76
1997-08-14 7.83 7.85 7.55 7.55
1997-08-20 7.26 7.39 7.1 7.1
1997-10-07 6.89 6.9 5.74 5.74
1997-12-26 6.77 6.89 6.63 6.63
1998-01-16 6.73 7.07 6.44 6.44
1998-02-12 6.95 7.18 6.8 6.8
1998-03-24 6.17 6.17 6.02 6.02
1998-10-27 5.03 5.04 4.98 4.98
1998-11-03 5.25 5.35 4.88 4.88
1998-12-21 5.52 5.65 5.48 5.48
1999-01-08 5.26 5.3 5.15 5.15
1999-01-18 5.57 5.6 5.38 5.38
1999-09-09 6.6 6.62 6.25 6.25
2000-04-03 6.54 6.82 6.5 6.5
2000-07-11 6.51 6.58 6.38 6.38
2000-07-26 6.83 6.87 6.7 6.7
2000-10-16 7.85 7.94 7.43 7.43
2000-12-26 7.75 7.85 7.65 7.65
2001-03-14 7.1 7.18 7.06 7.06
2001-03-30 7.75 7.76 7.65 7.65
2001-04-27 8.88 9.0 8.83 8.83
2001-06-21 8.86 8.94 8.72 8.72
2001-06-25 9.18 9.26 8.88 8.88
2001-07-20 9.28 9.32 9.0 9.0
2001-08-09 8.39 8.4 8.2 8.2
2001-08-10 8.45 8.54 8.4 8.4
2001-08-23 8.26 8.38 7.8 7.8
2002-05-21 6.82 6.9 6.71 6.71
2002-06-21 6.42 6.43 6.16 6.16
2002-06-27 7.08 7.11 6.92 6.92
2003-05-14 4.55 4.6 4.43 4.43
2003-05-19 4.68 4.74 4.64 4.64
2003-06-13 4.69 4.75 4.65 4.65
2003-09-30 4.02 4.09 3.82 3.82
2003-10-10 4.15 4.18 4.0 4.0
2004-02-19 4.38 4.49 4.35 4.35
2004-05-21 4.14 4.2 4.06 4.06
2004-05-26 3.96 4.0 3.92 3.92
2004-08-30 3.32 3.35 3.26 3.26
2004-11-01 3.15 3.22 3.14 3.14
2004-12-22 3.5 3.5 3.27 3.27
2005-01-07 3.2 3.24 3.18 3.18
2005-01-27 3.27 3.32 3.27 3.27
2005-04-07 2.99 3.02 2.9 2.9
2005-04-08 3.05 3.07 3.0 3.0
2005-05-30 2.17 2.17 2.08 2.08
2005-08-15 2.1 2.1 2.01 2.01
2005-11-02 1.94 1.95 1.88 1.88
2005-11-30 1.91 1.91 1.88 1.88
2005-12-23 1.97 1.97 1.93 1.93
2005-12-28 1.95 1.96 1.94 1.94
2006-01-24 2.04 2.06 2.02 2.02
2006-02-06 2.01 2.02 1.98 1.98
2006-02-10 2.2 2.24 2.1 2.1
2006-02-17 2.07 2.11 2.06 2.06
2006-03-09 2.01 2.03 2.0 2.0
2006-03-10 2.0 2.02 1.99 1.99
2006-03-15 2.01 2.02 1.99 1.99
2006-03-20 2.05 2.07 2.0 2.0
2006-03-24 2.1 2.11 2.09 2.09
2006-05-19 2.57 2.65 2.45 2.45
2006-09-27 4.35 4.35 4.01 4.01
2006-10-11 4.23 4.3 3.93 3.93
2007-05-14 10.2 10.56 9.7 9.7
2007-05-22 10.17 10.5 9.81 9.81
2007-05-28 12.05 12.59 11.9 11.9
2007-05-30 10.77 11.7 10.77 10.77
2007-06-05 7.74 8.0 7.55 7.55
2007-09-13 10.93 10.93 10.0 10.0
2007-09-20 11.28 11.28 10.3 10.3
2007-09-27 12.07 12.78 12.07 12.07
2007-10-31 9.3 9.37 8.7 8.7
2007-11-06 8.71 8.78 8.5 8.5
2007-11-09 8.83 8.83 8.05 8.05
2007-12-12 9.69 9.77 9.5 9.5
2008-01-03 11.46 11.63 10.8 10.8
2008-01-11 12.5 12.9 11.7 11.7
2009-01-16 3.29 3.38 3.23 3.23
2009-01-20 3.27 3.29 3.21 3.21
2009-01-21 3.25 3.32 3.21 3.21
2009-02-16 4.74 4.74 4.74 4.74
2009-06-22 7.69 7.8 7.25 7.25
2009-09-14 6.47 6.5 6.3 6.3
2010-03-02 8.34 8.38 8.14 8.14
2010-04-26 8.72 8.97 8.62 8.62
2010-11-04 7.92 7.94 7.79 7.79
2010-11-12 8.91 9.64 8.8 8.8
2010-11-22 8.5 8.84 8.21 8.21
2011-01-13 8.26 8.3 8.05 8.05
2012-08-09 5.09 5.13 4.91 4.91
2012-08-14 5.49 5.49 5.49 5.49
2012-08-22 5.58 5.73 5.45 5.45
2012-08-23 6.09 6.14 5.55 5.55
2012-09-10 6.21 6.39 6.03 6.03
2013-01-18 3.69 3.75 3.65 3.65
2013-03-29 3.48 3.53 3.43 3.43
2013-04-09 3.32 3.36 3.27 3.27
2013-05-29 3.54 3.58 3.52 3.52
2013-06-03 3.58 3.64 3.49 3.49
2013-06-14 3.19 3.23 3.15 3.15
2013-09-04 3.35 3.47 3.32 3.32
2013-10-21 3.3 3.31 3.26 3.26
2014-01-06 3.83 3.84 3.59 3.59
2014-01-14 3.5 3.53 3.37 3.37
2014-01-15 3.54 3.57 3.46 3.46
2014-01-22 3.98 4.02 3.7 3.7
2014-06-16 4.54 4.62 4.43 4.43
2014-06-17 4.64 4.7 4.54 4.54
2014-06-23 4.63 4.69 4.52 4.52
2015-07-01 6.38 6.38 6.38 6.38
2015-07-02 7.02 7.02 7.02 7.02
2015-07-07 6.25 6.25 6.25 6.25
2015-07-15 6.88 6.88 6.88 6.88
2015-07-16 7.2 7.36 6.19 6.19
2015-08-07 6.85 6.94 6.7 6.7
2015-11-06 8.12 8.12 8.12 8.12
2015-11-16 9.2 9.25 8.55 8.55
2015-11-24 10.84 11.1 10.05 10.05
2015-12-04 10.08 10.55 9.86 9.86
2016-03-30 7.02 7.09 6.7 6.7
2016-04-14 7.16 7.2 7.1 7.1
2016-08-10 8.67 8.85 8.61 8.61
2016-08-17 8.97 8.98 8.66 8.66
2017-01-04 8.07 8.2 7.83 7.83
2017-01-09 8.05 8.1 7.91 7.91
