1998-07-02 20.08 20.3 19.0 19.0
1998-07-23 19.88 19.98 19.4 19.4
1998-08-04 19.53 19.53 19.15 19.15
1998-08-19 17.2 17.3 16.6 16.6
1998-08-26 17.79 18.3 17.5 17.5
1998-09-03 17.9 18.16 17.17 17.17
1998-10-05 19.18 19.45 19.1 19.1
1998-10-28 18.6 18.8 18.28 18.28
1998-10-30 18.4 18.76 18.25 18.25
1998-12-18 18.85 19.15 18.6 18.6
1998-12-21 19.08 19.1 18.7 18.7
1999-01-08 19.8 19.98 19.3 19.3
1999-02-09 17.69 17.77 17.31 17.31
1999-03-09 17.78 17.95 17.55 17.55
1999-03-17 17.63 17.85 17.51 17.51
1999-04-09 17.58 17.75 17.42 17.42
1999-04-12 17.96 17.98 17.6 17.6
1999-04-14 17.57 17.63 17.35 17.35
1999-04-28 17.86 18.55 17.39 17.39
1999-05-11 17.47 17.56 17.15 17.15
1999-06-16 16.32 16.63 15.2 15.2
1999-06-28 19.69 19.69 18.0 18.0
1999-07-07 16.36 16.5 15.75 15.75
1999-08-17 16.55 16.79 16.34 16.34
1999-08-23 17.98 18.3 17.1 17.1
1999-08-24 18.15 18.66 18.1 18.1
1999-08-30 18.89 19.36 18.28 18.28
1999-09-08 18.0 18.2 17.79 17.79
1999-09-09 19.8 19.8 18.3 18.3
1999-10-22 18.25 18.8 17.45 17.45
1999-11-22 18.05 18.1 17.43 17.43
1999-12-03 17.9 17.92 17.63 17.63
1999-12-27 17.5 17.7 17.3 17.3
2000-01-06 19.08 19.2 18.18 18.18
2000-01-20 18.47 18.48 18.01 18.01
2000-01-26 18.76 19.0 18.6 18.6
2000-02-22 20.4 21.08 19.2 19.2
2000-02-24 22.18 22.88 21.08 21.08
2000-04-06 20.36 20.78 20.1 20.1
2000-04-18 19.42 19.49 19.01 19.01
2000-05-29 21.47 21.85 20.8 20.8
2000-06-06 20.78 20.95 20.38 20.38
2000-06-26 20.6 20.85 20.52 20.52
2000-06-28 21.49 22.0 20.58 20.58
2000-07-26 21.9 22.27 21.8 21.8
2000-08-08 21.24 21.5 20.8 20.8
2000-08-10 21.5 21.77 21.3 21.3
2000-09-07 19.7 20.0 19.6 19.6
2000-09-12 19.9 19.99 19.6 19.6
2000-09-27 19.65 19.67 19.28 19.28
2000-10-10 20.04 20.05 19.77 19.77
2000-10-13 19.32 19.5 19.25 19.25
2000-10-25 20.9 21.29 20.4 20.4
2000-12-20 23.67 23.8 22.9 22.9
2000-12-25 23.31 23.62 22.99 22.99
2000-12-26 24.08 24.44 23.3 23.3
2000-12-29 24.68 25.25 24.01 24.01
2001-02-09 25.97 26.34 25.3 25.3
2001-02-13 25.98 26.68 25.69 25.69
2001-03-22 25.45 26.12 23.8 23.8
2001-03-26 25.33 25.5 24.59 24.59
2001-04-11 25.2 25.76 23.0 23.0
2001-04-13 26.15 26.52 25.71 25.71
2001-04-24 26.91 27.2 26.5 26.5
2001-04-27 26.02 26.24 25.8 25.8
2001-05-15 25.7 26.0 25.22 25.22
2001-05-17 25.73 26.05 25.61 25.61
2001-06-07 24.88 24.96 24.58 24.58
2001-06-25 27.46 28.09 26.61 26.61
2001-07-03 26.6 26.63 26.16 26.16
2001-08-01 21.7 21.7 20.35 20.35
2001-08-09 20.84 20.86 20.51 20.51
2001-09-04 20.5 20.5 19.8 19.8
2001-09-05 20.75 21.49 20.5 20.5
2001-09-17 20.3 20.5 20.05 20.05
2001-10-25 18.79 19.45 18.0 18.0
2001-12-03 19.36 19.68 19.16 19.16
2001-12-21 17.77 17.78 17.5 17.5
2001-12-27 17.83 17.97 17.5 17.5
2002-01-23 15.99 16.0 15.0 15.0
2002-01-31 16.6 16.8 15.5 15.5
2002-02-27 16.33 16.4 16.05 16.05
2002-03-04 15.9 15.96 15.5 15.5
2002-03-15 17.54 18.3 17.38 17.38
2002-03-19 18.24 18.35 17.6 17.6
2002-04-22 16.98 17.18 16.61 16.61
2002-04-25 16.77 16.85 16.7 16.7
2002-04-26 17.05 17.14 16.9 16.9
2002-05-23 16.24 16.63 16.15 16.15
2002-06-03 14.92 15.03 14.8 14.8
2002-06-04 15.06 15.11 14.8 14.8
2002-06-06 15.49 15.65 14.86 14.86
2002-06-11 15.53 15.65 15.28 15.28
2002-06-17 15.3 15.3 15.01 15.01
2002-06-20 15.55 15.68 15.41 15.41
2002-07-02 17.73 17.83 17.53 17.53
2002-07-16 17.28 17.35 17.02 17.02
2002-07-17 17.21 17.48 16.6 16.6
2002-08-06 16.33 16.4 16.1 16.1
2002-08-20 16.12 16.16 16.0 16.0
2002-08-22 16.49 16.78 16.16 16.16
2002-08-28 17.03 18.0 16.6 16.6
2002-09-09 16.0 16.18 15.92 15.92
2002-10-10 14.98 15.25 14.95 14.95
2002-10-16 15.0 15.26 14.92 14.92
2002-11-05 14.87 14.91 14.41 14.41
2002-12-17 13.51 13.6 12.38 12.38
2003-01-08 12.15 12.19 11.69 11.69
2003-01-13 12.38 12.5 12.25 12.25
2003-01-16 13.32 13.55 12.95 12.95
2003-02-20 13.72 13.98 13.6 13.6
2003-03-18 12.5 12.68 12.48 12.48
2003-03-20 12.59 12.88 12.45 12.45
2003-04-01 12.85 12.86 12.6 12.6
2003-04-10 13.0 13.25 12.5 12.5
2003-04-14 13.4 13.46 13.1 13.1
2003-04-15 14.57 14.73 13.59 13.59
2003-04-18 14.23 14.6 14.08 14.08
2003-05-30 14.79 14.88 14.41 14.41
2003-06-17 13.63 13.66 13.48 13.48
2003-07-04 12.9 13.0 12.7 12.7
2003-07-08 13.11 13.16 13.0 13.0
2003-07-11 13.42 13.6 13.26 13.26
2003-07-14 13.74 13.96 13.6 13.6
2003-07-22 12.87 12.9 12.66 12.66
2003-07-29 13.08 13.24 12.87 12.87
2003-08-27 11.84 12.07 11.61 11.61
2003-10-09 9.72 9.88 9.69 9.69
2003-11-13 7.91 7.98 7.65 7.65
2003-11-25 10.42 10.42 10.42 10.42
2003-12-15 10.86 11.2 10.69 10.69
2004-01-16 11.79 11.89 11.39 11.39
2004-02-04 12.99 13.18 12.7 12.7
2004-02-12 12.21 12.48 12.13 12.13
2004-02-13 12.36 12.59 12.21 12.21
2004-02-27 11.5 11.56 11.28 11.28
2004-05-18 13.19 13.2 12.68 12.68
2004-05-28 13.71 14.3 13.56 13.56
2004-06-01 14.0 14.1 13.8 13.8
2004-06-04 13.64 13.65 13.3 13.3
2004-06-11 12.51 12.78 12.35 12.35
2004-07-01 12.44 12.45 12.02 12.02
2004-08-03 10.31 10.35 10.05 10.05
2004-08-09 11.23 11.25 10.88 10.88
2004-09-14 9.49 9.68 9.2 9.2
2004-09-28 7.87 8.08 7.78 7.78
2004-10-18 7.92 8.05 7.35 7.35
2004-12-09 8.32 8.4 8.16 8.16
2004-12-20 7.66 7.7 7.53 7.53
2004-12-21 7.78 8.06 7.6 7.6
2004-12-22 8.02 8.05 7.78 7.78
2005-01-10 7.8 7.83 7.6 7.6
2005-02-04 7.19 7.43 6.67 6.67
2005-04-07 7.19 7.3 7.04 7.04
2005-05-17 6.32 6.37 6.08 6.08
2005-05-27 6.07 6.23 6.01 6.01
2005-06-08 5.7 5.73 5.2 5.2
2005-08-05 4.56 4.57 4.41 4.41
2005-08-09 4.8 4.86 4.6 4.6
2005-08-15 5.03 5.05 4.89 4.89
2005-08-22 4.96 4.97 4.76 4.76
2005-09-01 5.14 5.15 4.98 4.98
2005-09-13 5.53 5.53 5.35 5.35
2005-10-21 7.06 7.2 6.56 6.56
2005-11-07 6.34 6.42 6.06 6.06
2005-12-02 5.89 6.08 5.85 5.85
2005-12-13 5.63 5.63 5.5 5.5
2005-12-29 5.75 5.77 5.54 5.54
2006-01-05 5.99 6.02 5.82 5.82
2006-01-12 6.85 6.85 6.35 6.35
2006-01-18 7.0 7.05 6.75 6.75
2006-02-14 7.57 7.62 7.38 7.38
2006-02-20 6.95 7.06 6.93 6.93
2006-02-22 7.22 7.31 7.15 7.15
2006-03-13 6.99 7.07 6.81 6.81
2006-03-20 7.4 7.45 7.18 7.18
2006-04-25 8.47 8.47 8.47 8.47
2006-04-26 9.1 9.1 9.1 9.1
2006-04-28 11.01 11.01 10.08 10.08
2006-10-09 15.52 15.6 14.82 14.82
2006-10-17 14.97 15.18 14.7 14.7
2006-10-19 16.64 16.64 15.18 15.18
2006-10-24 17.74 18.1 16.66 16.66
2006-11-06 17.48 17.98 16.5 16.5
2006-11-24 17.4 17.55 16.5 16.5
2006-12-01 18.53 18.64 18.05 18.05
2006-12-04 19.41 20.0 18.57 18.57
2006-12-11 18.1 18.25 17.47 17.47
2006-12-15 19.29 19.5 18.24 18.24
2006-12-25 20.99 21.5 20.72 20.72
2007-01-08 22.11 22.11 20.1 20.1
2007-01-15 24.95 25.0 23.56 23.56
2007-01-16 26.95 27.0 24.5 24.5
2007-01-19 29.31 29.67 27.95 27.95
2007-01-29 27.31 27.5 26.5 26.5
2007-01-30 29.45 29.78 27.31 27.31
2007-02-01 29.03 29.5 28.4 28.4
2007-02-05 28.52 28.9 28.01 28.01
2007-02-07 30.46 30.46 27.61 27.61
2007-02-12 33.86 35.99 33.2 33.2
2007-03-09 31.51 32.69 31.25 31.25
2007-03-15 29.99 30.5 29.31 29.31
2007-03-22 29.96 30.29 29.2 29.2
2007-04-02 26.26 26.9 25.3 25.3
2007-04-04 27.69 27.85 27.18 27.18
2007-04-16 30.52 31.38 29.23 29.23
2007-04-20 33.01 33.26 31.0 31.0
2007-04-23 35.38 36.31 33.14 33.14
2007-05-10 30.38 31.63 30.0 30.0
2007-05-14 29.79 30.48 29.01 29.01
2007-05-17 32.94 33.52 31.57 31.57
2007-05-28 33.26 33.8 32.06 32.06
2007-05-31 35.39 35.39 32.26 32.26
2007-07-20 31.87 31.9 30.99 30.99
2007-07-23 33.47 33.74 31.76 31.76
2007-08-09 34.22 34.88 33.87 33.87
2007-08-13 33.45 34.8 33.1 33.1
2007-09-28 48.66 49.2 46.69 46.69
2007-10-18 48.32 50.5 46.07 46.07
2007-10-24 44.44 44.99 43.5 43.5
2007-11-22 39.51 40.93 39.0 39.0
2007-11-23 39.6 39.99 39.36 39.36
2007-11-26 40.62 41.6 40.21 40.21
2007-12-10 41.2 41.5 39.5 39.5
2007-12-27 48.34 48.56 45.55 45.55
2008-01-15 48.98 49.45 47.66 47.66
2008-02-21 45.59 45.88 43.12 43.12
2008-05-05 23.52 23.52 22.0 22.0
2008-06-25 14.0 14.0 14.0 14.0
2008-06-26 14.94 15.4 13.38 13.38
2008-07-14 16.14 16.2 14.71 14.71
2008-09-22 9.64 9.64 9.64 9.64
2008-11-10 12.07 12.16 11.4 11.4
2008-11-17 13.52 13.68 13.0 13.0
2008-12-22 15.4 15.56 14.9 14.9
2009-01-09 15.81 15.85 14.99 14.99
2009-02-06 15.83 15.85 15.4 15.4
2009-04-02 17.88 18.26 17.75 17.75
2009-04-24 17.91 18.28 17.8 17.8
2009-04-28 20.79 20.79 19.12 19.12
2009-05-26 19.48 19.85 19.16 19.16
2009-06-04 20.3 21.16 19.95 19.95
2009-07-02 24.86 24.86 24.86 24.86
2009-07-22 23.38 23.78 23.01 23.01
2009-08-10 22.5 22.61 22.15 22.15
2009-09-11 28.21 28.38 26.05 26.05
2009-09-28 25.02 26.23 24.49 24.49
2009-10-19 26.35 26.99 26.12 26.12
2009-11-10 31.2 32.18 30.43 30.43
2010-01-14 25.62 25.74 25.0 25.0
2010-02-26 24.48 25.5 24.12 24.12
2010-04-08 25.6 26.27 24.9 24.9
2010-04-21 25.99 26.6 25.4 25.4
2010-04-23 28.21 28.6 26.87 26.87
2010-04-30 26.52 27.38 26.1 26.1
2010-05-24 25.51 25.65 24.33 24.33
2010-07-07 19.84 19.96 19.21 19.21
2010-08-09 23.1 23.25 22.06 22.06
2010-08-16 23.9 24.54 23.1 23.1
2010-09-10 25.55 25.86 23.55 23.55
2010-10-19 23.35 23.48 22.59 22.59
2010-10-29 26.23 26.63 25.5 25.5
2010-11-15 25.78 25.87 24.95 24.95
2010-11-22 24.54 24.66 23.69 23.69
2010-12-13 23.58 23.63 23.15 23.15
2011-01-14 22.71 23.45 22.5 22.5
2011-01-26 20.07 20.12 19.8 19.8
2011-02-14 22.27 22.55 22.02 22.02
2011-03-14 23.09 23.36 22.56 22.56
2011-04-20 20.41 20.5 20.12 20.12
2011-05-09 19.4 19.62 19.31 19.31
2011-05-13 19.24 19.25 19.01 19.01
2011-07-13 18.28 18.33 17.2 17.2
2011-07-14 18.16 18.32 18.0 18.0
2011-07-15 19.01 19.18 18.15 18.15
2011-07-18 20.91 20.91 19.05 19.05
2011-08-04 18.75 19.12 18.59 18.59
2011-10-13 17.05 17.2 16.7 16.7
2011-11-17 18.29 18.56 18.1 18.1
2012-02-02 14.76 14.83 14.5 14.5
2012-03-09 16.0 16.06 15.73 15.73
2012-04-12 14.63 14.71 14.34 14.34
2012-05-10 15.18 15.3 14.92 14.92
2012-06-18 14.92 15.07 14.85 14.85
2012-08-31 13.84 13.98 13.81 13.81
2012-10-09 13.71 13.76 13.34 13.34
2012-11-12 12.79 12.98 12.68 12.68
2012-11-23 12.18 12.31 12.01 12.01
2012-12-18 12.16 12.45 12.07 12.07
2013-01-08 14.75 14.75 14.11 14.11
2013-02-27 15.33 15.47 14.95 14.95
2013-03-01 17.18 17.23 16.3 16.3
2013-04-03 18.3 18.41 17.3 17.3
2013-04-19 16.06 16.19 15.8 15.8
2013-05-07 17.67 17.84 17.28 17.28
2013-07-22 14.72 14.95 14.3 14.3
2013-07-24 15.61 15.94 14.98 14.98
2013-08-01 16.99 17.16 16.41 16.41
2013-08-08 18.49 18.85 17.88 17.88
2013-08-19 17.86 17.89 17.3 17.3
2013-08-29 17.24 17.54 17.13 17.13
2013-09-18 17.78 17.84 17.15 17.15
2013-10-09 19.68 20.25 19.22 19.22
2013-11-01 20.41 20.88 18.95 18.95
2014-01-22 20.3 20.58 20.09 20.09
2014-01-28 21.81 22.5 21.4 21.4
2014-05-05 18.13 18.29 17.9 17.9
2014-06-13 18.19 18.21 17.89 17.89
2014-06-16 18.45 18.62 18.19 18.19
2014-07-11 20.02 20.11 19.16 19.16
2014-07-25 20.28 20.46 20.1 20.1
2014-10-20 27.16 27.7 26.7 26.7
2014-12-23 27.36 27.75 27.06 27.06
2014-12-25 28.09 28.18 27.34 27.34
2015-01-09 27.98 28.88 27.77 27.77
2015-03-10 31.0 31.18 30.32 30.32
2015-03-18 35.64 36.88 33.8 33.8
2015-03-27 38.24 39.2 36.7 36.7
2015-04-29 39.4 40.15 38.18 38.18
2015-07-08 20.45 24.3 20.02 20.02
2015-08-04 29.14 29.14 26.81 26.81
2015-08-05 29.77 30.8 29.3 29.3
2015-09-07 24.72 25.48 23.71 23.71
2015-09-16 25.59 25.66 23.44 23.44
2015-10-09 26.36 26.77 26.03 26.03
2015-10-22 29.17 29.2 27.6 27.6
2015-10-23 30.04 30.66 29.17 29.17
2015-11-04 29.55 29.99 27.71 27.71
2015-12-17 30.8 30.9 30.0 30.0
2015-12-28 34.4 34.4 31.4 31.4
2016-01-20 31.39 33.29 30.52 30.52
2016-01-25 32.29 33.18 31.66 31.66
2016-02-04 31.33 31.7 30.71 30.71
2016-02-16 31.01 31.13 30.0 30.0
2016-04-13 28.62 29.05 28.5 28.5
2016-04-25 26.44 26.44 25.8 25.8
2016-05-31 28.79 28.88 27.89 27.89
2016-06-07 28.19 28.35 28.11 28.11
2016-06-27 27.11 27.15 26.62 26.62
2016-07-15 30.91 31.6 30.66 30.66
2016-07-18 32.8 33.1 31.7 31.7
2016-07-22 33.01 34.18 32.65 32.65
2016-08-10 42.62 44.2 41.2 41.2
2016-08-22 40.45 41.78 40.1 40.1
2016-08-29 40.98 41.28 39.78 39.78
2016-09-29 38.62 39.1 38.0 38.0
2016-10-12 41.85 42.88 41.31 41.31
2016-10-31 40.68 41.21 40.5 40.5
2016-11-03 40.33 40.83 40.21 40.21
2016-11-08 39.42 39.54 38.92 38.92
2016-11-10 39.76 39.96 39.34 39.34
2017-03-24 43.34 43.34 43.34 43.34
2017-04-17 43.37 43.58 41.6 41.6
2017-08-17 31.27 31.56 30.87 30.87
2017-08-30 32.63 33.28 31.0 31.0
