1994-03-23 3.36 3.58 3.22 3.22
1994-06-02 2.09 2.15 2.09 2.09
1994-10-20 2.04 2.2 1.94 1.94
1994-10-27 1.92 1.94 1.89 1.89
1994-10-31 1.88 1.9 1.85 1.85
1994-11-07 1.89 1.92 1.86 1.86
1994-12-23 1.76 1.8 1.73 1.73
1995-03-01 1.57 1.58 1.56 1.56
1995-06-12 1.94 2.0 1.88 1.88
1995-07-24 2.3 2.38 2.03 2.03
1995-07-27 2.12 2.12 2.05 2.05
1995-08-04 2.16 2.2 2.11 2.11
1995-09-14 2.5 2.57 2.37 2.37
1995-09-21 2.39 2.4 2.35 2.35
1995-11-21 2.45 2.46 2.42 2.42
1996-01-25 1.93 2.01 1.92 1.92
1996-02-07 1.95 1.97 1.92 1.92
1996-02-08 1.94 1.96 1.93 1.93
1996-02-13 1.96 1.97 1.93 1.93
1996-03-21 2.05 2.08 2.04 2.04
1996-04-04 1.99 2.01 1.99 1.99
1996-04-05 2.03 2.04 2.0 2.0
1996-05-15 2.57 2.58 2.44 2.44
1996-05-22 2.45 2.46 2.3 2.3
1996-07-18 2.69 2.73 2.65 2.65
1996-07-19 2.8 2.82 2.7 2.7
1996-07-24 2.83 2.9 2.8 2.8
1996-10-07 3.08 3.15 3.02 3.02
1996-10-14 3.68 3.91 3.4 3.4
1996-12-17 3.89 4.2 3.89 3.89
1996-12-18 4.03 4.15 3.56 3.56
1997-01-13 3.56 3.58 3.52 3.52
1997-02-20 3.59 3.7 3.18 3.18
1997-05-09 4.38 4.4 4.2 4.2
1997-12-04 3.01 3.03 3.0 3.0
1998-01-23 2.84 2.85 2.75 2.75
1998-02-11 3.03 3.08 2.86 2.86
1998-02-17 2.87 2.9 2.86 2.86
1998-02-24 2.84 2.89 2.8 2.8
1998-03-25 2.72 2.78 2.72 2.72
1998-03-31 2.81 2.83 2.75 2.75
1998-04-22 2.99 3.03 2.88 2.88
1998-07-17 2.59 2.6 2.58 2.58
1998-07-23 2.57 2.58 2.55 2.55
1998-08-05 2.58 2.6 2.56 2.56
1998-09-04 2.29 2.32 2.28 2.28
1998-09-23 2.56 2.59 2.38 2.38
1999-03-19 2.42 2.43 2.36 2.36
1999-03-26 2.36 2.36 2.34 2.34
1999-05-04 2.49 2.49 2.4 2.4
1999-09-13 3.5 3.58 3.45 3.45
1999-10-20 3.02 3.04 2.95 2.95
1999-10-22 3.0 3.05 2.96 2.96
2000-04-14 5.64 5.64 5.18 5.18
2000-04-24 5.7 5.85 5.38 5.38
2000-07-10 4.39 4.4 4.14 4.14
2000-07-12 4.51 4.53 4.3 4.3
2000-08-01 4.45 4.5 4.42 4.42
2000-08-03 4.77 4.85 4.55 4.55
2000-08-21 4.55 4.58 4.48 4.48
2000-09-27 4.11 4.11 3.8 3.8
2000-10-12 4.08 4.1 4.02 4.02
2000-12-20 3.98 4.0 3.97 3.97
2001-01-19 4.06 4.06 4.03 4.03
2001-03-15 3.96 3.99 3.94 3.94
2001-03-19 4.05 4.06 3.96 3.96
2001-04-24 4.01 4.02 4.0 4.0
2001-05-15 4.01 4.02 3.98 3.98
2001-08-09 3.6 3.6 3.56 3.56
2001-08-10 3.65 3.65 3.6 3.6
2001-08-15 3.64 3.64 3.6 3.6
2001-08-31 3.29 3.32 3.28 3.28
2001-09-05 3.32 3.37 3.32 3.32
2001-10-29 3.17 3.18 3.1 3.1
2001-12-25 3.03 3.04 3.0 3.0
2002-03-13 3.3 3.42 3.26 3.26
2002-03-19 3.27 3.28 3.21 3.21
2002-06-21 3.12 3.13 3.05 3.05
2002-06-27 4.08 4.09 3.73 3.73
2002-08-30 3.74 3.74 3.71 3.71
2003-01-28 3.6 3.74 3.49 3.49
2003-02-14 3.56 3.63 3.5 3.5
2003-03-03 3.55 3.55 3.5 3.5
2003-07-21 4.24 4.29 4.2 4.2
2003-07-29 4.15 4.17 4.08 4.08
2003-10-09 3.65 3.75 3.61 3.61
2004-09-14 4.28 4.33 4.2 4.2
2004-09-15 4.44 4.52 4.28 4.28
2005-02-02 4.09 4.1 3.89 3.89
2005-05-27 2.98 3.03 2.98 2.98
2005-05-30 3.02 3.03 2.98 2.98
2005-08-05 2.92 2.93 2.87 2.87
2005-08-08 2.97 2.99 2.93 2.93
2005-09-29 2.85 2.86 2.83 2.83
2005-09-30 2.9 2.92 2.86 2.86
2005-12-28 2.77 2.79 2.74 2.74
2006-01-04 2.84 2.86 2.73 2.73
2006-12-26 4.3 4.3 4.08 4.08
2007-01-04 4.84 4.95 4.51 4.51
2007-04-16 7.62 7.66 7.44 7.44
2007-05-28 9.83 10.0 9.71 9.71
2007-08-28 10.9 11.2 10.42 10.42
2008-05-09 8.23 8.3 7.69 7.69
2008-07-09 6.03 6.05 5.8 5.8
2009-01-09 3.36 3.36 3.29 3.29
2009-02-16 4.47 4.47 4.15 4.15
2010-09-06 3.58 3.6 3.47 3.47
2011-01-12 3.59 3.64 3.54 3.54
2011-08-12 3.08 3.11 3.05 3.05
2011-09-27 2.88 2.9 2.86 2.86
2012-03-01 2.75 2.76 2.72 2.72
2012-10-16 1.92 1.94 1.92 1.92
2012-10-18 1.97 1.97 1.93 1.93
2012-11-26 1.91 1.93 1.91 1.91
2012-11-29 1.9 1.92 1.85 1.85
2012-12-07 1.96 1.96 1.92 1.92
2012-12-10 2.0 2.0 1.95 1.95
2012-12-14 2.01 2.02 1.95 1.95
2013-04-19 1.91 1.91 1.88 1.88
2013-05-06 1.89 1.9 1.88 1.88
2013-07-30 1.58 1.6 1.57 1.57
2013-07-31 1.59 1.6 1.58 1.58
2013-08-07 1.61 1.63 1.61 1.61
2013-08-13 1.67 1.71 1.64 1.64
2013-09-09 1.75 1.76 1.72 1.72
2013-11-22 1.77 1.78 1.75 1.75
2013-11-27 1.77 1.77 1.75 1.75
2013-12-04 1.81 1.83 1.78 1.78
2014-01-15 1.6 1.6 1.59 1.59
2014-01-21 1.58 1.59 1.56 1.56
2014-01-22 1.61 1.62 1.58 1.58
2014-02-14 1.66 1.66 1.63 1.63
2014-02-19 1.66 1.67 1.64 1.64
2014-02-20 1.66 1.69 1.65 1.65
2014-04-04 1.63 1.64 1.62 1.62
2014-04-21 1.63 1.65 1.62 1.62
2014-05-12 1.59 1.59 1.55 1.55
2014-05-27 1.56 1.57 1.56 1.56
2014-06-30 1.58 1.59 1.56 1.56
2014-08-18 1.73 1.74 1.72 1.72
2014-08-22 1.76 1.77 1.75 1.75
2014-09-03 1.78 1.79 1.75 1.75
2014-09-12 1.85 1.85 1.8 1.8
2015-03-18 4.03 4.1 3.82 3.82
2015-03-23 4.19 4.2 4.01 4.01
2016-02-24 2.71 2.72 2.65 2.65
2016-06-17 2.44 2.52 2.35 2.35
2016-06-27 2.38 2.41 2.34 2.34
2016-07-01 2.43 2.45 2.4 2.4
2016-07-15 2.8 2.9 2.61 2.61
2016-09-21 2.84 2.93 2.78 2.78
2016-09-27 2.75 2.75 2.7 2.7
2016-11-21 2.95 2.98 2.91 2.91
2017-01-11 3.0 3.07 2.96 2.96
2017-01-12 3.01 3.04 2.98 2.98
2017-01-20 3.11 3.12 3.05 3.05
2017-01-23 3.12 3.16 3.09 3.09
2017-01-24 3.15 3.24 3.11 3.11
2017-02-21 3.54 3.62 3.52 3.52
2017-02-22 3.6 3.63 3.52 3.52
2017-05-19 3.19 3.2 3.13 3.13
2017-06-07 3.31 3.31 3.23 3.23
2017-06-15 3.32 3.34 3.3 3.3
