2000-09-14 21.5 21.73 21.38 21.38
2000-11-06 21.24 21.6 21.09 21.09
2000-12-25 23.3 23.5 22.97 22.97
2001-01-03 24.12 24.38 23.5 23.5
2001-02-09 21.13 21.18 20.48 20.48
2001-02-13 21.32 21.46 21.3 21.3
2001-03-27 23.08 23.48 23.0 23.0
2001-07-20 22.55 22.65 22.01 22.01
2001-08-10 19.89 20.0 19.4 19.4
2001-08-20 19.8 19.91 19.27 19.27
2001-11-13 17.08 17.24 16.68 16.68
2001-11-15 17.25 17.5 17.2 17.2
2001-12-03 19.28 19.48 18.99 18.99
2002-01-31 18.52 18.85 17.5 17.5
2002-06-20 17.74 17.89 17.69 17.69
2002-06-21 18.22 18.35 17.7 17.7
2002-08-13 18.11 18.2 18.03 18.03
2002-09-03 18.67 18.76 18.61 18.61
2002-09-10 18.22 18.26 18.12 18.12
2002-09-12 18.15 18.24 17.98 17.98
2002-09-27 17.89 18.04 17.8 17.8
2002-12-13 16.6 16.79 16.0 16.0
2002-12-17 16.63 16.78 16.5 16.5
2003-02-18 18.43 18.6 18.3 18.3
2003-02-20 19.28 19.35 19.01 19.01
2003-05-12 11.96 12.08 11.55 11.55
2003-10-29 13.08 13.19 12.88 12.88
2003-11-28 13.14 13.2 13.06 13.06
2003-12-17 13.45 13.67 13.35 13.35
2004-01-08 15.31 15.68 15.1 15.1
2004-02-09 15.23 15.29 14.95 14.95
2004-02-17 14.8 14.8 14.6 14.6
2004-04-02 15.03 15.22 14.86 14.86
2004-08-10 14.07 14.15 13.9 13.9
2005-02-02 16.22 16.36 15.6 15.6
2005-05-17 15.43 15.89 15.31 15.31
2006-12-29 6.99 7.1 6.48 6.48
2007-04-20 10.61 10.77 10.38 10.38
2007-06-13 9.98 9.99 9.42 9.42
2007-07-20 8.07 8.19 7.81 7.81
2007-08-10 9.6 9.78 9.1 9.1
2008-01-29 7.91 8.0 7.65 7.65
2008-02-04 7.81 7.82 7.31 7.31
2008-02-18 8.46 8.65 8.01 8.01
2008-11-26 3.71 3.75 3.62 3.62
2009-01-12 3.5 3.56 3.44 3.44
2009-08-20 5.25 5.28 5.08 5.08
2009-09-11 5.68 5.75 5.62 5.62
2010-08-26 4.48 4.58 4.26 4.26
2010-10-08 4.28 4.33 4.2 4.2
2011-02-14 4.6 4.64 4.48 4.48
2011-02-21 4.58 4.6 4.46 4.46
2011-09-15 3.32 3.33 3.3 3.3
2012-03-08 3.03 3.06 3.0 3.0
2012-06-29 2.66 2.66 2.6 2.6
2012-07-03 2.7 2.72 2.68 2.68
2012-09-07 2.53 2.54 2.45 2.45
2012-09-27 2.41 2.43 2.37 2.37
2012-09-28 2.43 2.44 2.39 2.39
2012-10-09 2.47 2.47 2.42 2.42
2012-10-25 2.52 2.56 2.48 2.48
2012-11-12 2.5 2.51 2.49 2.49
2012-11-30 2.46 2.47 2.42 2.42
2013-01-18 2.69 2.7 2.64 2.64
2013-01-25 2.81 2.86 2.77 2.77
2013-01-29 2.9 2.93 2.83 2.83
2013-03-06 2.82 2.88 2.75 2.75
2013-07-01 2.53 2.53 2.48 2.48
2013-07-15 2.59 2.6 2.57 2.57
2013-08-29 4.11 4.11 4.1 4.1
2013-08-30 4.52 4.52 4.52 4.52
2013-09-06 6.02 6.02 5.5 5.5
2014-07-18 4.42 4.44 4.4 4.4
2014-08-18 4.65 4.72 4.61 4.61
2015-06-01 9.85 9.87 9.35 9.35
2015-12-18 6.83 6.95 6.82 6.82
2016-03-30 5.1 5.11 5.02 5.02
2016-06-15 5.11 5.11 4.91 4.91
2016-09-01 5.17 5.23 5.17 5.17
2016-09-22 5.26 5.29 5.25 5.25
2017-01-18 5.35 5.38 5.31 5.31
2017-06-22 6.28 6.32 6.16 6.16
2017-07-11 6.56 6.62 6.51 6.51
2017-07-25 6.75 6.85 6.63 6.63
2017-09-04 6.52 6.53 6.41 6.41
