2004-01-02 17.66 18.1 17.5 17.5
2004-02-03 20.5 20.79 18.9 18.9
2004-02-16 21.81 22.18 21.0 21.0
2004-03-25 20.48 20.55 20.27 20.27
2004-03-30 21.87 21.97 21.0 21.0
2004-04-02 22.45 22.48 21.88 21.88
2004-04-05 22.94 23.68 22.5 22.5
2004-04-08 23.0 23.28 22.3 22.3
2004-04-27 18.83 19.0 17.15 17.15
2004-05-18 19.46 19.8 18.8 18.8
2004-05-31 19.75 19.99 19.0 19.0
2004-06-18 18.37 18.6 18.0 18.0
2004-06-24 19.32 20.46 18.6 18.6
2004-08-20 10.94 11.19 10.81 10.81
2004-08-30 10.56 10.7 10.2 10.2
2004-09-03 10.56 10.77 10.52 10.52
2004-09-14 10.29 10.49 9.93 9.93
2004-09-15 10.95 11.14 10.23 10.23
2004-11-01 10.61 10.85 10.51 10.51
2004-12-03 11.89 11.97 11.55 11.55
2004-12-15 10.69 10.95 10.43 10.43
2004-12-21 10.62 10.69 10.53 10.53
2004-12-22 10.99 11.0 10.7 10.7
2004-12-30 10.58 10.68 10.48 10.48
2005-01-07 10.71 10.99 10.45 10.45
2005-03-22 9.9 10.0 9.51 9.51
2005-04-01 9.56 10.0 9.1 9.1
2005-04-13 10.12 10.13 9.61 9.61
2005-04-18 10.58 10.77 10.03 10.03
2005-04-19 10.78 10.8 10.38 10.38
2005-04-21 10.92 10.97 10.55 10.55
2005-04-26 10.3 10.39 10.01 10.01
2005-05-13 9.11 9.25 8.92 8.92
2005-05-30 9.02 9.09 8.89 8.89
2005-07-12 7.18 7.2 6.78 6.78
2006-10-09 7.74 7.79 7.11 7.11
2006-10-18 8.01 8.05 7.9 7.9
2006-10-24 8.39 8.48 8.0 8.0
2006-11-15 7.55 7.57 7.29 7.29
2006-11-22 7.21 7.38 7.09 7.09
2006-11-27 7.54 7.6 7.4 7.4
2006-12-12 7.9 8.12 7.74 7.74
2006-12-14 8.45 8.55 8.13 8.13
2006-12-19 9.45 9.45 8.5 8.5
2006-12-25 9.74 10.15 9.55 9.55
2006-12-26 9.79 10.19 9.56 9.56
2006-12-27 9.95 10.2 9.72 9.72
2006-12-29 9.32 9.89 9.29 9.29
2007-01-09 10.5 10.74 10.02 10.02
2007-02-06 13.19 13.2 12.73 12.73
2007-02-15 14.49 14.65 14.0 14.0
2007-03-02 13.68 14.03 13.49 13.49
2007-03-05 15.05 15.05 13.8 13.8
2007-03-07 15.97 15.98 15.05 15.05
2007-03-26 18.99 19.0 18.1 18.1
2007-03-30 19.05 19.49 18.71 18.71
2007-04-20 23.73 24.53 22.43 22.43
2007-04-30 20.99 21.73 20.1 20.1
2007-05-08 21.84 22.16 21.1 21.1
2007-05-23 22.39 22.45 21.63 21.63
2007-06-27 16.96 17.27 16.66 16.66
2007-07-02 15.3 15.49 14.72 14.72
2007-07-26 18.29 18.35 17.89 17.89
2007-08-02 18.56 18.83 17.84 17.84
2007-08-06 19.31 19.38 19.0 19.0
2007-08-09 19.28 19.93 19.0 19.0
2007-08-14 20.06 20.1 18.86 18.86
2007-08-22 25.71 25.87 23.0 23.0
2007-09-14 35.79 36.92 33.9 33.9
2007-09-20 35.7 37.15 33.68 33.68
2007-09-26 36.66 37.02 35.0 35.0
2007-10-10 36.06 36.76 34.75 34.75
2007-10-22 33.8 34.16 31.01 31.01
2007-10-26 30.45 30.5 29.51 29.51
2007-11-05 32.81 33.45 31.1 31.1
2007-11-06 34.36 35.99 32.51 32.51
2007-11-19 31.0 31.16 30.0 30.0
2007-12-04 27.54 27.8 27.0 27.0
2007-12-06 29.11 29.28 28.15 28.15
2007-12-07 29.14 29.88 29.0 29.0
2007-12-25 33.66 33.8 31.5 31.5
2008-01-03 36.14 36.48 34.18 34.18
2008-01-18 34.69 35.45 33.6 33.6
2008-02-04 36.18 36.69 34.21 34.21
2008-02-18 35.03 35.67 34.53 34.53
2008-03-19 27.08 28.2 26.09 26.09
2008-03-25 26.8 26.95 25.1 25.1
2008-03-28 27.14 27.43 25.1 25.1
2008-04-23 20.87 21.2 20.01 20.01
2008-05-08 27.19 27.5 25.8 25.8
2008-05-16 29.44 29.99 28.39 28.39
2008-06-24 14.32 14.58 13.68 13.68
2008-07-21 14.65 14.68 14.03 14.03
2008-07-28 14.62 15.02 14.3 14.3
2008-08-12 12.21 12.3 12.0 12.0
2008-08-13 12.68 12.7 12.2 12.2
2008-08-14 12.55 12.85 12.3 12.3
2008-08-15 12.51 12.67 12.28 12.28
2008-08-20 12.75 13.21 11.91 11.91
2008-08-25 12.33 12.78 11.79 11.79
2008-08-27 12.1 12.45 12.0 12.0
2008-08-29 12.39 12.49 12.1 12.1
2008-09-04 11.03 11.4 10.75 10.75
2008-09-05 10.51 10.75 10.41 10.41
2008-09-09 10.35 10.62 10.18 10.18
2008-09-11 10.45 10.58 10.32 10.32
2008-09-19 10.87 10.87 10.67 10.67
2008-10-22 10.38 10.5 10.01 10.01
2008-11-10 7.62 7.92 7.25 7.25
2008-12-03 9.8 9.85 9.35 9.35
2008-12-15 11.18 11.41 10.73 10.73
2009-01-14 11.95 12.0 11.0 11.0
2009-03-03 13.14 13.38 12.45 12.45
2009-04-15 19.32 19.63 18.24 18.24
2009-04-23 11.69 12.38 11.47 11.47
2009-05-26 13.0 13.09 12.46 12.46
2009-06-11 13.31 13.33 12.56 12.56
2009-07-07 11.79 11.89 11.5 11.5
2009-07-10 12.44 13.15 11.99 11.99
2009-07-15 13.47 13.89 13.3 13.3
2009-07-27 13.07 13.13 12.86 12.86
2009-07-30 13.29 13.31 12.41 12.41
2009-09-01 12.11 12.58 11.66 11.66
2009-10-15 14.8 14.85 14.2 14.2
2009-11-03 15.27 15.33 14.51 14.51
2009-11-05 16.38 16.95 15.72 15.72
2009-12-11 18.86 19.05 18.45 18.45
2009-12-24 19.23 19.5 18.76 18.76
2009-12-28 19.45 20.15 18.84 18.84
2010-01-04 21.3 22.1 20.98 20.98
2010-01-15 23.75 24.1 22.55 22.55
2010-01-21 22.5 22.85 22.03 22.03
2010-01-28 21.65 22.0 20.5 20.5
2010-03-12 22.26 22.58 22.08 22.08
2010-03-18 22.94 23.11 22.54 22.54
2010-05-21 15.13 15.21 14.4 14.4
2010-05-28 16.28 16.48 15.77 15.77
2010-06-07 15.94 15.95 15.07 15.07
2010-06-21 15.72 15.79 15.26 15.26
2010-06-24 15.89 16.09 15.65 15.65
2010-07-20 14.16 14.55 13.68 13.68
2010-07-23 14.9 15.03 14.44 14.44
2010-08-17 15.33 15.73 15.23 15.23
2010-10-21 15.09 15.4 14.85 14.85
2010-10-22 15.6 16.11 15.08 15.08
2010-10-25 16.36 16.48 15.8 15.8
2010-11-04 19.0 19.32 18.0 18.0
2010-11-08 21.16 21.26 19.22 19.22
2010-11-24 22.77 23.2 22.0 22.0
2010-12-21 22.54 22.68 20.68 20.68
2011-01-19 17.14 17.36 16.78 16.78
2011-01-26 16.87 17.0 16.2 16.2
2011-02-09 17.9 18.03 17.52 17.52
2011-03-22 16.8 16.86 16.18 16.18
2011-04-20 15.45 15.54 15.06 15.06
2011-05-05 15.46 15.66 15.05 15.05
2011-07-08 15.01 15.1 14.83 14.83
2011-07-26 13.62 13.88 13.25 13.25
2011-08-01 13.81 14.09 13.71 13.71
2011-09-09 15.49 15.5 15.0 15.0
2011-09-27 14.14 14.28 13.99 13.99
2011-11-09 14.16 14.26 13.7 13.7
2011-12-06 12.57 12.61 12.2 12.2
2012-03-26 12.44 12.63 12.35 12.35
2012-05-02 14.34 14.42 13.59 13.59
2012-06-13 14.5 14.55 14.02 14.02
2012-06-19 14.29 14.4 14.16 14.16
2012-07-20 12.78 12.8 12.5 12.5
2012-09-10 12.51 12.7 12.31 12.31
2012-09-19 12.8 13.03 12.55 12.55
2012-09-27 12.09 12.4 11.65 11.65
2012-09-28 12.58 12.59 12.09 12.09
2012-10-18 12.45 12.6 12.26 12.26
2012-10-19 12.63 12.67 12.45 12.45
2012-11-01 10.98 11.07 10.6 10.6
2012-11-23 10.25 10.4 9.87 9.87
2012-11-26 10.23 10.35 10.13 10.13
2013-01-14 11.96 12.11 11.5 11.5
2013-01-30 13.35 13.72 12.63 12.63
2013-01-31 13.49 13.59 13.13 13.13
2013-02-05 13.23 13.35 12.7 12.7
2013-03-21 11.66 11.76 11.22 11.22
2013-04-16 11.05 11.15 10.66 10.66
2013-04-19 11.63 11.64 11.27 11.27
2013-05-10 13.36 13.38 12.86 12.86
2013-07-11 13.71 13.79 13.03 13.03
2013-07-15 14.15 14.53 13.42 13.42
2013-08-19 16.48 16.58 15.43 15.43
2013-10-24 20.02 20.15 19.51 19.51
2013-11-15 20.43 20.46 19.19 19.19
2013-12-24 19.05 19.18 18.78 18.78
2013-12-30 20.88 20.95 19.87 19.87
2014-01-22 18.5 19.17 17.69 17.69
2014-01-30 22.02 22.41 20.7 20.7
2014-03-06 20.67 20.9 20.4 20.4
2014-03-13 20.75 20.78 19.75 19.75
2014-03-14 21.47 21.56 20.54 20.54
2014-04-08 23.62 23.62 23.62 23.62
2014-04-09 25.98 25.98 25.98 25.98
2014-05-05 26.63 26.78 25.55 25.55
2014-06-27 29.36 29.86 28.45 28.45
2014-09-01 32.53 33.29 31.72 31.72
2014-09-02 34.46 34.94 32.75 32.75
2014-10-29 40.54 41.0 40.15 40.15
2014-11-24 45.93 45.93 45.93 45.93
2014-12-04 61.61 61.61 57.87 57.87
2014-12-17 65.97 67.7 63.5 63.5
2015-01-12 59.13 59.6 56.0 56.0
2015-03-23 109.95 111.0 104.0 104.0
2015-04-22 129.53 129.9 123.0 123.0
2015-04-29 119.36 119.78 106.0 106.0
2015-05-08 129.23 129.5 119.9 119.9
2015-06-01 128.14 129.0 123.51 123.51
2015-07-16 72.05 80.0 72.05 72.05
2015-07-22 88.84 91.99 83.8 83.8
2015-07-28 69.4 74.99 69.4 69.4
2015-08-13 73.21 73.3 68.3 68.3
2015-08-14 74.1 76.9 74.0 74.0
2015-08-25 49.71 50.65 49.71 49.71
2015-10-16 66.7 66.7 60.66 60.66
2015-11-04 67.34 67.34 62.0 62.0
2015-12-28 61.8 64.4 61.61 61.61
2016-01-18 43.08 44.66 39.91 39.91
2016-01-29 39.87 40.44 37.97 37.97
2016-02-02 40.86 41.5 38.89 38.89
2016-03-07 39.48 39.48 36.11 36.11
2016-03-14 40.8 40.8 38.01 38.01
2016-03-21 56.99 56.99 56.99 56.99
2016-05-05 58.74 59.3 57.33 57.33
2016-05-16 51.41 51.77 50.2 50.2
2016-05-19 53.97 56.55 53.11 53.11
2016-06-15 65.05 67.79 61.2 61.2
2016-07-26 62.93 63.31 61.34 61.34
2016-08-11 56.91 58.55 56.5 56.5
2016-10-10 57.96 58.45 56.52 56.52
2016-10-25 57.79 58.35 57.11 57.11
2016-10-27 58.7 61.18 57.88 57.88
2016-11-01 59.71 60.2 59.1 59.1
2016-12-16 49.81 51.05 46.42 46.42
2017-02-21 44.84 45.25 44.16 44.16
2017-03-01 47.05 47.7 46.2 46.2
2017-03-16 45.08 45.55 44.84 44.84
2017-06-08 42.42 43.8 40.0 40.0
2017-06-23 43.54 43.68 42.4 42.4
2017-06-29 47.04 47.94 44.95 44.95
2017-08-14 44.6 45.0 41.8 41.8
