1998-09-16 12.66 12.68 12.25 12.25
1998-09-29 11.74 11.8 11.45 11.45
1998-10-14 11.85 12.07 11.7 11.7
1998-11-03 12.18 12.37 11.71 11.71
1998-12-22 12.09 12.19 11.8 11.8
1999-01-08 11.59 11.65 11.3 11.3
1999-01-18 11.76 11.77 11.4 11.4
1999-03-11 10.88 10.89 10.49 10.49
1999-04-01 10.48 10.64 10.3 10.3
1999-04-06 11.0 11.1 10.5 10.5
1999-05-06 9.82 9.85 9.36 9.36
1999-05-14 9.25 9.33 9.1 9.1
1999-05-17 9.6 9.65 9.3 9.3
1999-06-01 10.22 10.24 9.9 9.9
1999-06-02 10.35 11.0 10.3 10.3
1999-06-23 13.33 13.33 12.29 12.29
1999-07-23 11.58 11.69 11.28 11.28
1999-08-02 12.12 12.35 12.05 12.05
1999-08-17 11.61 11.7 11.28 11.28
1999-09-03 13.34 13.75 13.1 13.1
1999-09-09 13.57 13.65 13.0 13.0
1999-09-13 14.2 14.22 13.7 13.7
1999-09-20 14.0 14.3 13.85 13.85
1999-10-15 13.47 13.6 13.19 13.19
1999-11-24 13.3 13.48 13.25 13.25
1999-11-26 13.3 13.3 13.0 13.0
2000-01-04 12.03 12.25 11.52 11.52
2000-01-06 13.1 13.15 12.51 12.51
2000-01-12 13.4 13.6 13.05 13.05
2000-03-20 17.39 17.47 15.28 15.28
2000-03-22 19.08 19.27 18.5 18.5
2000-03-27 22.2 22.8 20.9 20.9
2000-04-05 22.95 23.3 21.73 21.73
2000-04-06 23.59 24.0 22.96 22.96
2000-04-18 24.43 24.97 23.35 23.35
2000-04-25 23.77 24.3 23.5 23.5
2000-05-08 26.48 26.77 25.13 25.13
2000-05-19 24.95 25.29 24.63 24.63
2000-06-06 26.9 27.0 25.75 25.75
2000-06-12 26.3 27.0 26.15 26.15
2000-06-13 27.06 27.24 26.3 26.3
2000-07-14 12.34 12.5 12.17 12.17
2000-07-19 12.46 12.62 12.25 12.25
2000-08-10 13.11 13.25 12.85 12.85
2000-08-16 13.5 13.5 13.15 13.15
2000-09-07 11.73 11.98 11.69 11.69
2000-09-11 11.98 12.0 11.8 11.8
2000-09-20 11.73 11.8 11.5 11.5
2000-10-19 11.75 12.15 11.74 11.74
2000-10-20 11.8 11.8 11.6 11.6
2000-10-27 11.7 11.95 11.5 11.5
2000-11-03 12.48 12.65 12.02 12.02
2000-11-29 12.5 12.55 12.35 12.35
2000-12-21 12.28 12.45 12.25 12.25
2000-12-29 12.39 12.4 12.17 12.17
2001-01-03 12.58 12.78 12.53 12.53
2001-01-05 12.55 12.59 12.48 12.48
2001-01-09 12.44 12.52 12.38 12.38
2001-01-10 12.62 12.65 12.45 12.45
2001-01-18 12.2 12.25 12.17 12.17
2001-01-19 12.34 12.35 12.25 12.25
2001-02-07 11.96 12.0 11.9 11.9
2001-02-20 11.7 11.93 11.5 11.5
2001-03-02 11.49 11.54 11.34 11.34
2001-03-08 11.51 11.51 11.4 11.4
2001-03-15 11.54 11.55 11.45 11.45
2001-03-20 11.68 11.75 11.57 11.57
2001-03-26 12.25 12.48 12.21 12.21
2001-04-03 12.09 12.15 12.05 12.05
2001-04-24 11.73 11.75 11.68 11.68
2001-05-15 11.7 11.75 11.65 11.65
2001-05-21 12.17 12.39 12.01 12.01
2001-06-12 11.85 11.89 11.79 11.79
2001-06-28 11.62 11.7 11.6 11.6
2001-07-10 11.53 11.6 11.48 11.48
2001-07-18 11.3 11.35 11.27 11.27
2001-10-23 8.56 8.56 8.1 8.1
2001-11-12 7.87 8.15 7.8 7.8
2001-11-14 7.88 8.0 7.7 7.7
2001-11-19 8.14 8.15 8.0 8.0
2001-12-28 8.18 8.24 8.05 8.05
2002-01-31 7.07 7.08 6.41 6.41
2002-03-25 8.17 8.23 8.07 8.07
2002-04-03 8.05 8.08 7.76 7.76
2002-04-26 8.27 8.34 8.1 8.1
2002-05-17 7.7 7.89 7.5 7.5
2002-05-21 7.66 7.75 7.5 7.5
2002-05-23 7.41 7.56 7.4 7.4
2002-06-04 6.84 6.95 6.7 6.7
2002-06-11 7.19 7.2 7.05 7.05
2002-06-18 7.08 7.12 6.9 6.9
2002-06-21 7.33 7.37 7.11 7.11
2002-06-27 8.15 8.16 7.95 7.95
2002-07-18 8.01 8.08 7.92 7.92
2002-08-02 7.52 7.59 7.5 7.5
2002-08-07 7.66 7.69 7.62 7.62
2002-08-14 7.5 7.5 7.4 7.4
2002-08-19 7.41 7.46 7.38 7.38
2002-08-20 7.51 7.55 7.41 7.41
2002-08-27 7.52 7.6 7.49 7.49
2002-08-29 7.51 7.59 7.5 7.5
2002-09-10 7.39 7.45 7.34 7.34
2002-09-24 7.12 7.17 7.08 7.08
2002-10-22 6.8 6.84 6.68 6.68
2002-11-05 7.05 7.08 6.92 6.92
2002-11-15 6.47 6.59 6.39 6.39
2002-12-03 5.95 5.95 5.81 5.81
2003-01-06 5.63 5.64 5.52 5.52
2003-01-13 5.84 5.9 5.8 5.8
2003-01-27 6.21 6.24 6.12 6.12
2003-02-25 6.21 6.21 6.12 6.12
2003-03-28 5.89 5.96 5.75 5.75
2003-03-31 5.9 5.9 5.8 5.8
2003-04-02 6.03 6.04 5.82 5.82
2003-04-18 6.34 6.42 6.22 6.22
2003-05-19 5.6 5.62 5.51 5.51
2003-05-22 5.55 5.57 5.47 5.47
2003-05-30 5.72 5.75 5.64 5.64
2003-06-11 5.67 5.68 5.55 5.55
2003-07-02 5.38 5.4 5.32 5.32
2003-07-03 5.37 5.39 5.36 5.36
2003-08-01 4.97 4.98 4.94 4.94
2003-08-18 4.97 5.0 4.96 4.96
2003-08-21 5.0 5.1 4.95 4.95
2003-08-28 5.01 5.04 4.96 4.96
2003-09-23 4.73 4.73 4.65 4.65
2003-10-09 4.76 4.77 4.64 4.64
2003-10-15 4.71 4.8 4.7 4.7
2003-10-17 4.64 4.69 4.63 4.63
2003-10-31 4.29 4.37 4.25 4.25
2003-11-11 4.09 4.12 3.93 3.93
2004-01-02 4.39 4.4 4.25 4.25
2004-01-29 4.7 4.73 4.56 4.56
2004-02-19 5.08 5.15 5.02 5.02
2004-02-27 4.73 4.78 4.69 4.69
2004-03-01 4.84 4.85 4.73 4.73
2004-03-05 4.97 5.11 4.91 4.91
2004-03-10 4.87 4.87 4.7 4.7
2004-03-18 5.16 5.27 5.0 5.0
2004-03-26 5.4 5.51 5.28 5.28
2004-04-20 4.94 4.98 4.87 4.87
2004-04-22 4.97 4.99 4.87 4.87
2004-05-11 4.54 4.59 4.43 4.43
2004-05-12 4.71 4.72 4.54 4.54
2004-06-04 4.68 4.71 4.54 4.54
2004-06-10 4.29 4.35 4.25 4.25
2004-08-31 3.65 3.68 3.6 3.6
2004-09-03 3.89 4.02 3.77 3.77
2004-09-13 3.64 3.67 3.62 3.62
2004-09-15 4.0 4.12 3.82 3.82
2004-10-11 3.74 3.81 3.7 3.7
2004-10-26 3.28 3.33 3.19 3.19
2004-11-15 3.5 3.51 3.44 3.44
2004-11-26 3.66 3.76 3.42 3.42
2004-12-02 3.6 3.63 3.46 3.46
2004-12-21 3.44 3.6 3.34 3.34
2005-01-04 2.93 2.93 2.93 2.93
2005-01-05 2.81 2.84 2.64 2.64
2005-02-24 2.81 2.97 2.71 2.71
2005-03-07 2.68 2.7 2.64 2.64
2005-04-13 2.37 2.39 2.32 2.32
2006-10-24 3.21 3.23 3.08 3.08
2006-11-17 3.09 3.09 2.98 2.98
2006-11-22 3.02 3.05 3.0 3.0
2007-01-15 4.42 4.42 4.21 4.21
2007-01-22 5.64 5.64 5.64 5.64
2007-01-26 4.95 5.0 4.67 4.67
2007-02-13 5.12 5.17 4.99 4.99
2007-02-26 5.45 5.45 5.21 5.21
2007-03-07 5.27 5.36 5.21 5.21
2007-03-19 6.09 6.33 6.01 6.01
2007-03-22 6.83 6.83 6.5 6.5
2007-04-13 7.76 7.76 7.52 7.52
2007-04-16 8.15 8.15 8.14 8.14
2007-04-17 8.56 8.56 8.56 8.56
2007-05-15 10.13 10.13 10.13 10.13
2007-05-28 12.06 12.52 11.5 11.5
2007-06-11 9.65 10.2 9.33 9.33
2007-07-23 10.25 10.35 9.51 9.51
2007-11-16 8.3 8.44 7.7 7.7
2007-12-12 8.79 8.89 8.6 8.6
2008-01-02 10.03 10.12 9.61 9.61
2008-01-23 11.22 11.22 10.41 10.41
2008-01-29 10.86 11.08 10.35 10.35
2008-04-29 7.26 7.28 6.93 6.93
2008-05-14 7.96 7.99 7.7 7.7
2008-06-02 7.75 7.78 7.52 7.52
2008-06-23 5.49 5.64 5.35 5.35
2008-10-07 3.38 3.42 3.27 3.27
2008-11-14 4.49 4.49 4.07 4.07
2008-11-19 4.42 4.49 4.03 4.03
2008-12-01 4.15 4.17 3.89 3.89
2009-01-09 4.27 4.29 4.06 4.06
2009-02-16 5.31 5.34 5.15 5.15
2009-02-25 5.25 5.28 4.92 4.92
2009-03-02 4.47 4.52 4.28 4.28
2009-03-04 4.92 4.99 4.66 4.66
2009-04-24 5.85 5.85 5.47 5.47
2009-06-15 6.6 6.62 6.3 6.3
2009-06-26 6.42 6.49 6.37 6.37
2009-07-17 7.45 7.46 7.11 7.11
2009-08-05 8.82 8.83 8.04 8.04
2009-10-09 8.78 8.79 8.31 8.31
2009-10-19 9.25 9.26 8.84 8.84
2009-10-22 9.79 9.81 9.15 9.15
2009-11-12 12.71 12.95 11.91 11.91
2009-11-18 13.45 13.5 13.1 13.1
2009-11-30 13.23 13.23 12.21 12.21
2009-12-07 15.0 15.5 14.88 14.88
2009-12-10 15.09 15.22 14.77 14.77
2010-02-23 16.09 16.19 15.7 15.7
2010-02-25 16.49 16.78 16.38 16.38
2010-03-08 17.07 17.08 16.4 16.4
2010-03-22 17.7 17.73 17.28 17.28
2010-04-09 21.78 22.0 20.72 20.72
2010-04-21 22.33 22.5 21.56 21.56
2010-05-24 9.21 9.42 8.8 8.8
2010-07-06 11.56 11.75 11.12 11.12
2010-07-08 12.03 12.3 11.82 11.82
2010-08-03 15.09 15.49 14.81 14.81
2010-08-04 15.6 15.69 14.9 14.9
2010-08-23 16.26 16.39 16.0 16.0
2010-10-25 15.35 15.38 14.9 14.9
2010-11-03 16.8 17.15 16.32 16.32
2010-11-09 16.98 17.45 16.65 16.65
2010-11-24 17.35 17.49 16.02 16.02
2010-12-13 20.21 20.23 18.81 18.81
2010-12-15 20.32 21.0 19.97 19.97
2010-12-31 20.87 20.95 20.35 20.35
2011-01-18 17.68 18.1 17.38 17.38
2011-05-31 16.11 16.24 15.68 15.68
2011-06-01 16.65 16.78 16.02 16.02
2011-06-22 15.39 15.47 15.07 15.07
2011-06-27 16.13 16.49 16.02 16.02
2011-06-28 16.7 16.9 16.23 16.23
2011-07-01 17.21 17.52 16.76 16.76
2011-07-11 18.14 18.3 17.51 17.51
2011-11-09 19.6 19.62 19.05 19.05
2011-11-17 18.64 18.88 18.51 18.51
2011-12-02 18.95 19.25 18.6 18.6
2012-01-31 15.48 15.49 14.9 14.9
2012-02-22 16.92 17.06 16.75 16.75
2012-02-23 17.36 17.5 16.9 16.9
2012-03-05 18.61 18.85 18.14 18.14
2012-03-08 18.33 18.5 18.0 18.0
2012-03-09 19.41 19.6 18.4 18.4
2012-04-05 22.07 22.07 20.13 20.13
2012-05-15 21.32 21.34 20.53 20.53
2012-05-17 21.78 22.0 21.36 21.36
2012-06-29 24.98 25.0 23.28 23.28
2012-08-21 23.3 23.38 22.81 22.81
2012-09-03 21.97 22.22 21.35 21.35
2012-09-12 22.39 22.54 21.89 21.89
2012-09-27 20.29 20.49 19.81 19.81
2012-10-15 21.4 21.59 20.96 20.96
2012-11-23 17.44 17.95 17.05 17.05
2012-12-25 17.09 17.39 16.5 16.5
2012-12-28 18.78 19.05 18.07 18.07
2013-01-09 20.47 20.85 19.92 19.92
2013-02-08 19.15 19.16 18.75 18.75
2013-03-07 22.86 24.48 22.72 22.72
2013-05-03 14.41 14.54 14.16 14.16
2013-05-09 15.7 16.1 15.45 15.45
2013-05-13 16.04 16.25 15.78 15.78
2013-06-21 15.23 15.3 14.54 14.54
2013-08-01 12.59 12.66 12.38 12.38
2014-02-14 8.7 8.72 8.41 8.41
2014-03-21 8.45 8.64 8.1 8.1
2014-04-01 8.1 8.16 7.96 7.96
2014-06-24 7.08 7.15 6.78 6.78
2014-06-30 7.01 7.06 6.97 6.97
2014-08-11 8.17 8.2 8.04 8.04
2014-10-20 8.71 8.75 8.63 8.63
2014-11-19 8.99 9.05 8.93 8.93
2014-12-01 10.57 10.57 9.61 9.61
2015-02-09 10.09 10.17 9.91 9.91
2015-02-10 10.23 10.31 10.11 10.11
2015-04-21 12.82 12.93 12.35 12.35
2015-05-18 11.87 11.93 11.75 11.75
2015-05-19 12.2 12.28 11.81 11.81
2015-07-08 8.22 8.63 8.22 8.22
2015-07-09 9.04 9.04 7.4 7.4
2015-07-13 10.93 10.93 10.15 10.15
2015-08-07 10.46 10.55 10.15 10.15
2015-08-10 11.16 11.38 10.51 10.51
2015-08-14 11.35 11.5 11.23 11.23
2015-08-27 8.67 8.69 8.05 8.05
2015-10-15 9.06 9.12 8.67 8.67
2015-12-17 9.4 9.42 9.22 9.22
2015-12-29 9.97 10.16 9.62 9.62
2016-02-16 7.42 7.44 7.17 7.17
2016-03-23 7.9 7.95 7.82 7.82
2016-03-28 8.36 8.58 7.97 7.97
2016-04-11 8.38 8.45 8.3 8.3
2016-06-22 11.05 11.14 10.65 10.65
2016-07-25 11.23 11.34 11.06 11.06
2016-09-30 9.52 9.6 9.32 9.32
2016-10-25 9.87 9.93 9.68 9.68
2016-11-08 9.95 10.03 9.78 9.78
2016-11-15 10.34 10.44 10.06 10.06
2016-11-21 10.15 10.23 10.09 10.09
2016-12-01 9.93 9.97 9.88 9.88
2016-12-21 9.29 9.29 9.21 9.21
2016-12-29 9.0 9.03 8.95 8.95
2017-01-20 9.24 9.26 9.15 9.15
2017-02-09 9.35 9.38 9.14 9.14
2017-02-20 10.03 10.13 9.62 9.62
2017-02-22 10.27 10.47 10.01 10.01
2017-03-15 10.13 10.29 9.94 9.94
2017-05-31 7.62 7.64 7.57 7.57
2017-07-13 7.74 7.79 7.58 7.58
2017-08-07 8.69 8.7 8.32 8.32
2017-08-09 8.82 9.06 8.57 8.57
2017-08-10 9.7 9.7 8.73 8.73
2017-08-21 9.06 9.12 8.92 8.92
2017-08-28 8.81 8.93 8.72 8.72
