2000-12-01 37.59 38.2 36.7 36.7
2000-12-26 37.13 37.25 36.2 36.2
2000-12-29 36.85 37.3 36.38 36.38
2001-01-18 35.48 35.75 35.0 35.0
2001-01-19 35.78 36.3 35.55 35.55
2001-02-09 29.85 30.19 28.9 28.9
2001-02-22 30.01 30.8 29.1 29.1
2001-02-23 30.89 31.0 30.0 30.0
2001-03-02 30.88 31.2 30.5 30.5
2001-03-06 30.35 30.5 30.1 30.1
2001-03-22 31.1 31.18 30.2 30.2
2001-03-27 32.04 32.19 30.8 30.8
2001-04-16 33.52 33.8 32.4 32.4
2001-04-27 31.52 31.8 31.3 31.3
2001-05-10 31.79 31.88 31.65 31.65
2001-06-05 31.45 31.67 31.31 31.31
2001-06-12 31.29 31.44 31.1 31.1
2001-06-15 32.37 32.48 31.7 31.7
2001-07-03 31.46 31.5 31.15 31.15
2001-07-05 31.33 31.9 31.2 31.2
2001-07-10 31.45 31.7 31.31 31.31
2001-08-01 25.62 25.75 24.55 24.55
2001-08-10 25.01 25.13 24.45 24.45
2001-08-31 24.15 24.3 24.1 24.1
2001-09-04 25.2 25.39 24.3 24.3
2001-10-24 23.6 24.0 22.88 22.88
2001-11-01 22.74 22.94 22.38 22.38
2001-11-14 20.5 20.51 20.21 20.21
2001-11-19 21.57 21.58 21.0 21.0
2001-11-28 22.52 23.09 22.0 22.0
2001-12-03 22.9 23.2 22.8 22.8
2001-12-18 21.63 21.68 21.18 21.18
2001-12-20 21.09 21.39 21.0 21.0
2001-12-31 21.42 21.78 21.3 21.3
2002-01-23 18.78 18.8 17.3 17.3
2002-02-05 18.92 19.08 18.8 18.8
2002-03-07 19.94 19.98 19.38 19.38
2002-03-19 20.5 20.56 19.55 19.55
2002-05-14 21.5 22.19 21.4 21.4
2002-06-06 19.29 19.6 18.41 18.41
2002-06-20 19.1 19.24 19.0 19.0
2002-07-26 13.82 14.45 13.8 13.8
2002-08-07 13.78 13.78 13.68 13.68
2002-08-12 13.59 13.7 13.5 13.5
2002-08-14 13.6 13.66 13.51 13.51
2002-08-27 13.93 14.1 13.65 13.65
2002-09-03 13.62 13.76 13.56 13.56
2002-09-10 13.37 13.46 13.28 13.28
2002-10-10 11.9 12.13 11.86 11.86
2002-11-12 11.03 11.44 11.03 11.03
2002-11-15 10.84 11.12 10.8 10.8
2002-12-03 10.15 10.18 9.9 9.9
2002-12-27 9.98 10.08 9.81 9.81
2003-01-06 9.56 9.57 9.3 9.3
2003-01-08 9.79 9.8 9.5 9.5
2003-01-24 10.78 10.8 10.51 10.51
2003-02-24 10.53 10.7 10.5 10.5
2003-02-25 10.86 10.9 10.5 10.5
2003-03-07 10.54 10.65 10.5 10.5
2003-03-14 10.12 10.19 10.1 10.1
2003-04-14 10.81 10.82 10.42 10.42
2003-05-14 8.86 8.9 8.6 8.6
2003-05-19 9.84 10.07 9.67 9.67
2003-05-21 9.59 9.82 9.55 9.55
2003-05-22 9.55 9.73 9.52 9.52
2003-06-11 9.62 9.64 9.4 9.4
2003-06-13 9.75 9.75 9.56 9.56
2003-06-24 9.5 9.61 9.38 9.38
2003-07-18 9.19 9.58 9.13 9.13
2003-08-18 9.66 9.76 9.61 9.61
2003-09-18 9.4 9.52 9.3 9.3
2003-10-09 9.17 9.29 9.14 9.14
2003-10-22 8.86 8.9 8.61 8.61
2003-11-04 8.06 8.18 7.92 7.92
2003-11-14 7.39 7.39 7.2 7.2
2003-11-20 8.1 8.18 7.55 7.55
2004-01-02 7.69 7.8 7.55 7.55
2004-01-05 7.88 7.95 7.7 7.7
2004-03-11 9.14 9.18 9.01 9.01
2004-03-15 9.25 9.33 8.95 8.95
2004-03-19 9.18 9.2 9.03 9.03
2004-03-25 9.53 9.58 9.36 9.36
2004-03-29 9.79 10.12 9.65 9.65
2004-04-05 11.19 11.27 10.75 10.75
2004-04-26 10.87 10.9 10.6 10.6
2004-04-27 11.21 11.33 10.9 10.9
2004-05-18 10.44 10.45 10.0 10.0
2004-06-17 10.14 10.38 9.93 9.93
2004-06-24 11.0 11.18 10.62 10.62
2004-07-09 8.56 8.76 8.41 8.41
2004-07-13 8.14 8.2 8.01 8.01
2004-07-15 7.72 7.84 7.51 7.51
2004-09-01 7.29 7.36 7.25 7.25
2004-09-06 7.28 7.3 7.13 7.13
2004-09-14 7.08 7.2 6.6 6.6
2004-09-20 8.22 8.3 7.8 7.8
2004-10-11 8.22 8.53 8.0 8.0
2004-10-15 7.83 8.05 7.69 7.69
2004-10-26 8.19 8.25 7.9 7.9
2004-11-10 7.85 7.92 7.42 7.42
2004-11-11 7.93 8.3 7.85 7.85
2005-01-07 7.24 7.36 7.19 7.19
2005-01-18 7.1 7.1 6.85 6.85
2005-02-04 6.57 6.63 6.4 6.4
2005-03-03 6.78 6.8 6.66 6.66
2005-03-08 6.95 6.97 6.8 6.8
2005-03-11 6.92 7.06 6.66 6.66
2005-04-07 5.65 5.8 5.45 5.45
2005-04-13 5.95 5.96 5.73 5.73
2005-06-08 5.34 5.39 4.98 4.98
2005-06-27 5.2 5.25 5.03 5.03
2005-06-29 5.03 5.12 5.02 5.02
2005-07-12 4.17 4.22 3.97 3.97
2005-07-14 4.33 4.36 4.11 4.11
2005-08-05 4.46 4.48 4.31 4.31
2005-08-08 4.55 4.64 4.47 4.47
2005-09-29 5.29 5.34 5.11 5.11
2005-10-11 5.2 5.25 5.0 5.0
2005-11-02 4.94 5.02 4.82 4.82
2005-11-18 4.92 4.94 4.75 4.75
2005-11-23 4.92 4.94 4.85 4.85
2005-11-24 4.94 4.98 4.87 4.87
2005-12-06 4.56 4.68 4.51 4.51
2005-12-07 4.67 4.67 4.56 4.56
2005-12-09 4.7 4.72 4.6 4.6
2005-12-26 4.95 4.99 4.83 4.83
2005-12-28 5.03 5.04 4.94 4.94
2006-01-04 5.57 5.57 5.57 5.57
2006-01-09 5.96 6.1 5.75 5.75
2006-10-13 5.07 5.15 4.88 4.88
2006-11-03 4.39 4.45 4.3 4.3
2006-11-24 4.18 4.2 4.13 4.13
2006-12-19 4.43 4.44 4.25 4.25
2007-01-29 5.16 5.18 4.93 4.93
2007-02-26 7.2 7.29 6.7 6.7
2007-03-20 8.89 9.1 8.52 8.52
2007-04-09 9.28 9.35 9.11 9.11
2007-04-20 10.79 10.89 10.31 10.31
2007-04-23 11.25 11.75 10.99 10.99
2007-05-08 12.06 12.33 11.5 11.5
2007-05-17 11.66 11.84 11.33 11.33
2007-05-22 12.37 12.39 11.45 11.45
2007-05-28 12.51 13.13 12.41 12.41
2007-06-07 8.69 8.7 8.2 8.2
2007-07-17 7.04 7.13 6.7 6.7
2007-07-23 7.84 7.86 7.49 7.49
2007-09-21 11.3 11.44 10.5 10.5
2007-11-14 8.91 8.99 8.57 8.57
2007-12-03 8.83 8.97 8.6 8.6
2007-12-04 9.06 9.14 8.83 8.83
2007-12-18 10.52 10.88 10.51 10.51
2008-01-14 14.53 15.0 13.75 13.75
2008-02-18 12.5 12.58 12.19 12.19
2008-03-05 14.24 14.26 13.45 13.45
2008-04-08 9.86 10.1 9.42 9.42
2008-05-14 9.04 9.05 8.5 8.5
2008-10-15 3.5 3.63 3.44 3.44
2008-10-20 3.41 3.45 3.15 3.15
2008-11-05 3.18 3.21 3.09 3.09
2008-11-10 3.4 3.45 3.25 3.25
2008-11-12 3.45 3.49 3.33 3.33
2008-11-13 3.58 3.68 3.39 3.39
2008-12-02 3.97 4.1 3.73 3.73
2009-01-06 4.04 4.06 3.86 3.86
2009-01-15 4.34 4.43 4.22 4.22
2009-01-16 4.43 4.64 4.36 4.36
2009-01-22 4.52 4.65 4.47 4.47
2009-02-03 5.01 5.15 4.65 4.65
2009-02-06 5.32 5.35 5.11 5.11
2009-03-04 6.4 6.48 5.98 5.98
2009-03-12 6.29 6.41 6.03 6.03
2009-03-30 6.9 6.95 6.71 6.71
2009-04-20 8.2 8.27 7.76 7.76
2009-05-04 7.78 7.8 7.45 7.45
2009-05-12 7.43 7.45 7.18 7.18
2009-05-26 7.66 7.84 7.56 7.56
2009-06-15 5.53 5.54 5.4 5.4
2009-06-24 5.55 5.55 5.47 5.47
2009-11-16 6.79 6.82 6.48 6.48
2009-11-25 6.81 6.88 6.58 6.58
2009-11-30 6.88 6.88 6.42 6.42
2009-12-17 7.99 8.18 7.92 7.92
2009-12-28 9.68 9.68 9.01 9.01
2010-01-14 10.81 10.95 10.5 10.5
2010-02-08 10.48 10.78 9.7 9.7
2010-05-04 8.85 9.01 8.52 8.52
2010-06-08 8.02 8.19 7.75 7.75
2010-07-20 7.26 7.28 7.05 7.05
2010-09-29 9.54 9.68 9.33 9.33
2010-11-15 9.33 9.36 9.03 9.03
2010-11-24 9.81 9.86 9.31 9.31
2010-12-13 10.0 10.08 9.55 9.55
2010-12-22 11.8 11.8 11.0 11.0
2011-01-26 10.56 10.64 10.03 10.03
2011-01-31 11.17 11.23 10.8 10.8
2011-02-21 12.35 12.35 11.62 11.62
2011-02-25 12.33 12.58 12.11 12.11
2011-03-16 11.54 11.77 11.44 11.44
2011-04-20 11.72 11.78 11.26 11.26
2011-08-01 9.57 9.63 9.46 9.46
2011-08-04 9.47 9.55 9.35 9.35
2011-11-03 8.8 9.11 8.73 8.73
2011-11-28 8.08 8.15 8.0 8.0
2011-12-16 6.3 6.35 6.1 6.1
2012-01-10 5.78 5.79 5.47 5.47
2012-01-17 5.84 5.88 5.53 5.53
2012-02-08 6.07 6.08 5.87 5.87
2012-02-24 6.94 7.02 6.86 6.86
2012-03-30 6.06 6.16 5.96 5.96
2012-04-09 6.51 6.66 6.41 6.41
2012-04-12 6.58 6.64 6.33 6.33
2012-04-20 7.13 7.27 6.86 6.86
2012-05-10 6.84 6.92 6.78 6.78
2012-05-11 6.87 7.02 6.85 6.85
2012-05-17 7.04 7.05 6.85 6.85
2012-06-18 6.69 6.73 6.62 6.62
2012-08-06 5.59 5.65 5.42 5.42
2012-08-29 5.97 5.97 5.43 5.43
2012-09-27 5.45 5.46 5.25 5.25
2012-09-28 5.49 5.5 5.39 5.39
2012-10-17 5.56 5.6 5.5 5.5
2012-10-24 6.14 6.14 6.14 6.14
2012-10-25 6.75 6.75 6.75 6.75
2012-11-02 6.39 6.6 6.3 6.3
2012-12-07 5.45 5.45 5.45 5.45
2012-12-10 6.0 6.0 6.0 6.0
2013-01-18 7.37 7.37 6.83 6.83
2013-04-19 7.21 7.27 7.01 7.01
2013-04-24 7.28 7.3 6.96 6.96
2013-05-03 6.9 6.97 6.73 6.73
2013-07-15 6.84 6.89 6.64 6.64
2013-08-12 8.35 8.57 8.11 8.11
2013-09-23 8.37 8.38 8.16 8.16
2013-09-30 8.29 8.48 8.0 8.0
2013-11-14 7.14 7.15 6.9 6.9
2013-12-06 7.58 7.66 7.49 7.49
2013-12-13 7.45 7.52 7.4 7.4
2014-02-14 7.69 7.73 7.5 7.5
2014-04-03 7.62 7.76 7.6 7.6
2014-04-16 8.02 8.04 7.93 7.93
2014-06-26 8.23 8.28 8.09 8.09
2014-07-25 9.26 9.5 9.12 9.12
2014-08-15 10.32 10.32 9.35 9.35
2014-10-14 11.1 11.33 10.61 10.61
2014-10-20 10.86 10.89 10.63 10.63
2015-01-16 11.33 11.33 11.33 11.33
2015-01-19 12.46 12.46 12.46 12.46
2015-01-20 13.71 13.71 13.71 13.71
2015-01-21 15.08 15.08 15.08 15.08
2015-01-22 16.59 16.59 16.59 16.59
2015-01-29 16.93 17.33 16.6 16.6
2015-04-16 29.47 29.98 28.0 28.0
2015-05-20 33.99 34.64 31.66 31.66
2015-06-02 33.9 33.95 32.13 32.13
2015-06-24 31.39 32.29 30.35 30.35
2015-07-07 14.73 14.73 14.73 14.73
2015-07-08 13.26 13.26 13.26 13.26
2015-07-09 14.59 14.59 12.01 12.01
2015-07-16 16.14 17.35 14.91 14.91
2015-07-17 17.75 17.75 16.51 16.51
2015-08-04 16.4 16.4 15.0 15.0
2015-08-07 19.22 19.49 18.07 18.07
2015-08-13 20.43 20.47 18.66 18.66
2015-08-25 14.2 14.55 14.2 14.2
2015-09-11 15.16 15.26 14.35 14.35
2015-10-09 15.97 16.09 15.63 15.63
2015-11-02 18.85 18.85 18.85 18.85
2015-11-03 16.97 16.97 16.97 16.97
2015-11-04 17.4 17.99 15.27 15.27
2015-12-17 17.05 17.18 16.75 16.75
2016-01-14 11.3 11.46 10.11 10.11
2016-02-15 11.7 11.7 10.32 10.32
2016-02-16 12.87 12.87 12.3 12.3
2016-02-17 14.16 14.16 14.16 14.16
2016-03-17 14.09 14.17 13.36 13.36
2016-03-23 14.91 15.16 14.59 14.59
2016-04-11 14.18 14.31 13.75 13.75
2016-06-22 12.62 12.64 12.3 12.3
2016-07-04 13.0 13.07 12.7 12.7
2016-08-11 14.06 14.06 13.58 13.58
2016-08-16 13.69 13.9 13.56 13.56
2016-11-03 14.34 14.34 14.34 14.34
2016-11-15 17.57 17.89 17.26 17.26
2017-01-18 13.29 13.47 13.21 13.21
2017-03-16 13.76 13.79 13.67 13.67
2017-03-20 13.74 13.76 13.65 13.65
2017-04-28 11.33 11.38 11.2 11.2
2017-05-12 10.27 10.38 10.16 10.16
2017-05-15 10.3 10.36 10.23 10.23
2017-06-07 10.77 11.16 10.57 10.57
2017-06-20 10.72 10.94 10.7 10.7
2017-07-07 11.0 11.07 10.9 10.9
2017-07-11 11.54 11.85 10.74 10.74
2017-08-10 10.85 11.13 10.52 10.52
2017-08-28 11.17 11.25 11.07 11.07
