1997-06-13 11.21 11.38 10.38 10.38
1997-06-18 12.68 12.78 12.3 12.3
1997-07-11 9.5 9.55 8.9 8.9
1997-08-01 10.25 10.28 9.71 9.71
1997-08-04 10.77 11.05 10.35 10.35
1997-08-13 10.23 10.9 10.23 10.23
1997-09-01 11.26 11.38 11.12 11.12
1997-09-04 11.43 11.5 11.25 11.25
1997-09-25 9.67 9.95 9.51 9.51
1997-09-30 9.21 9.39 9.18 9.18
1997-10-15 9.49 9.57 9.41 9.41
1997-10-27 10.7 10.75 10.16 10.16
1997-10-29 10.21 10.32 10.02 10.02
1997-11-24 10.38 10.61 10.25 10.25
1997-12-08 11.0 11.1 10.78 10.78
1997-12-10 11.15 11.3 11.05 11.05
1997-12-25 11.45 11.5 11.2 11.2
1998-03-11 10.68 10.99 10.61 10.61
1998-04-03 10.85 10.88 10.48 10.48
1998-04-16 11.8 12.04 11.3 11.3
1998-04-24 13.0 13.0 12.3 12.3
1998-04-28 13.0 13.18 12.7 12.7
1998-05-08 13.26 13.28 12.7 12.7
1998-05-13 13.0 13.0 12.7 12.7
1998-05-20 12.68 12.68 12.3 12.3
1998-06-22 13.97 13.98 13.48 13.48
1998-07-10 13.28 13.36 13.0 13.0
1998-07-13 14.1 14.18 13.4 13.4
1998-08-19 12.75 12.81 12.15 12.15
1998-08-27 13.27 13.38 12.7 12.7
1998-08-28 13.35 13.46 13.2 13.2
1998-09-03 13.27 13.27 12.87 12.87
1998-09-04 13.29 13.31 12.95 12.95
1998-09-09 13.2 13.29 12.9 12.9
1998-10-09 12.85 12.86 12.53 12.53
1998-11-19 9.34 9.45 9.18 9.18
1998-11-25 9.45 9.58 9.36 9.36
1998-12-08 8.87 8.88 8.52 8.52
1998-12-25 9.38 9.55 9.28 9.28
1999-01-20 8.78 8.89 8.7 8.7
1999-01-22 9.14 9.2 8.81 8.81
1999-01-29 8.78 8.78 8.6 8.6
1999-02-03 8.6 8.6 8.5 8.5
1999-02-09 7.75 7.75 7.5 7.5
1999-03-05 8.1 8.33 7.92 7.92
1999-03-24 8.4 8.44 8.3 8.3
1999-04-21 7.98 8.0 7.76 7.76
1999-04-29 7.78 7.8 7.55 7.55
1999-04-30 7.8 7.97 7.8 7.8
1999-05-06 7.88 7.94 7.66 7.66
1999-05-18 8.31 8.31 7.56 7.56
1999-05-24 9.0 9.2 8.6 8.6
1999-06-08 9.27 9.58 8.75 8.75
1999-06-21 11.1 11.3 10.58 10.58
1999-07-08 10.8 11.08 10.55 10.55
1999-07-30 10.23 10.3 9.81 9.81
1999-08-17 10.8 11.06 10.65 10.65
1999-09-07 10.54 10.6 10.45 10.45
1999-09-08 10.65 10.73 10.5 10.5
1999-09-09 11.5 11.6 10.75 10.75
1999-09-17 11.42 11.49 11.22 11.22
1999-09-20 11.38 11.45 11.28 11.28
1999-09-21 11.35 11.4 11.3 11.3
1999-09-22 11.45 11.67 11.32 11.32
1999-09-24 11.52 11.53 11.17 11.17
1999-10-26 10.68 10.75 10.55 10.55
1999-10-27 11.05 11.05 10.82 10.82
1999-11-05 10.08 10.29 10.0 10.0
1999-11-30 7.8 7.88 7.7 7.7
1999-12-01 8.01 8.05 7.81 7.81
1999-12-07 7.85 7.94 7.78 7.78
1999-12-13 7.75 7.75 7.58 7.58
1999-12-14 7.8 7.8 7.63 7.63
1999-12-28 7.8 7.8 7.62 7.62
1999-12-29 8.09 8.1 7.82 7.82
1999-12-30 8.15 8.17 8.08 8.08
2000-01-04 8.54 8.57 8.18 8.18
2000-01-19 8.96 9.05 8.68 8.68
2000-02-14 10.39 10.4 9.8 9.8
2000-03-15 9.52 9.78 9.3 9.3
2000-03-17 9.39 9.4 9.08 9.08
2000-03-27 10.1 10.15 9.82 9.82
2000-04-03 9.93 10.1 9.9 9.9
2000-04-06 9.88 9.88 9.65 9.65
2000-04-07 10.09 10.16 9.92 9.92
2000-04-24 10.6 10.71 10.4 10.4
2000-05-25 10.14 10.2 9.75 9.75
2000-06-13 10.0 10.12 9.75 9.75
2000-06-19 10.37 10.55 10.15 10.15
2000-06-23 10.27 10.39 10.15 10.15
2000-06-30 10.05 10.28 10.01 10.01
2000-07-04 9.85 9.9 9.7 9.7
2000-07-11 10.24 10.35 10.15 10.15
2000-07-24 10.48 10.69 10.34 10.34
2000-07-28 10.51 10.6 10.3 10.3
2000-08-21 11.59 11.8 11.5 11.5
2000-09-07 10.77 11.02 10.7 10.7
2000-09-12 11.1 11.13 10.82 10.82
2000-09-26 10.35 10.42 10.2 10.2
2000-11-06 11.6 11.69 11.43 11.43
2000-11-09 11.73 11.98 11.6 11.6
2000-11-28 11.85 11.88 11.65 11.65
2000-12-26 12.17 12.24 11.98 11.98
2000-12-29 11.92 12.0 11.83 11.83
2001-01-02 12.3 12.4 12.0 12.0
2001-01-05 12.53 12.58 12.35 12.35
2001-02-09 11.33 11.45 11.24 11.24
2001-02-14 11.32 11.37 11.25 11.25
2001-03-02 11.24 11.25 11.13 11.13
2001-03-09 11.35 11.39 11.19 11.19
2001-03-26 12.4 12.4 12.11 12.11
2001-04-20 12.4 12.85 12.05 12.05
2001-04-23 12.95 12.96 12.46 12.46
2001-04-27 12.55 13.0 12.13 12.13
2001-05-09 12.62 12.69 12.41 12.41
2001-05-30 13.46 13.5 13.05 13.05
2001-06-01 13.5 13.67 13.38 13.38
2001-06-12 13.28 13.29 13.05 13.05
2001-06-13 13.5 13.57 13.3 13.3
2001-06-25 12.88 12.95 12.65 12.65
2001-06-27 13.28 13.28 12.79 12.79
2001-07-10 12.1 12.1 11.98 11.98
2001-07-13 11.88 11.9 11.81 11.81
2001-07-17 11.86 11.86 11.66 11.66
2001-07-23 11.97 12.03 11.91 11.91
2001-07-31 10.07 10.8 9.64 9.64
2001-08-01 10.59 10.59 10.11 10.11
2001-08-03 10.5 10.59 10.43 10.43
2001-08-09 10.38 10.4 10.16 10.16
2001-08-10 10.77 10.78 10.38 10.38
2001-09-06 10.65 10.7 10.49 10.49
2001-09-18 10.51 10.69 10.4 10.4
2001-11-14 8.54 8.6 8.5 8.5
2001-11-22 9.3 9.32 9.15 9.15
2001-11-30 9.58 9.59 9.42 9.42
2001-12-31 9.15 9.2 9.03 9.03
2002-01-11 8.6 8.79 8.48 8.48
2002-01-25 8.08 8.2 8.03 8.03
2002-01-31 8.4 8.45 7.93 7.93
2002-03-19 9.89 9.91 9.65 9.65
2002-03-20 10.25 10.31 9.9 9.9
2002-04-03 9.47 9.55 9.39 9.39
2002-04-12 9.79 9.85 9.72 9.72
2002-04-29 10.08 10.11 9.86 9.86
2002-05-21 9.31 9.5 9.1 9.1
2002-06-18 8.69 8.72 8.43 8.43
2002-06-20 8.6 8.71 8.5 8.5
2002-07-17 9.41 9.44 9.22 9.22
2002-07-25 9.21 9.3 9.2 9.2
2002-07-30 9.06 9.2 9.0 9.0
2002-08-02 9.09 9.09 9.0 9.0
2002-08-05 9.1 9.11 9.0 9.0
2002-08-13 9.2 9.22 9.06 9.06
2002-08-19 9.6 9.71 9.51 9.51
2002-09-25 8.92 9.0 8.9 8.9
2002-10-22 8.63 8.67 8.55 8.55
2002-10-25 8.6 8.63 8.45 8.45
2002-12-06 7.4 7.45 7.37 7.37
2002-12-12 7.25 7.36 7.21 7.21
2003-01-08 7.34 7.36 7.16 7.16
2003-01-16 7.94 7.95 7.65 7.65
2003-01-27 7.77 7.77 7.61 7.61
2003-02-24 8.56 8.61 8.26 8.26
2003-03-17 8.47 8.48 8.2 8.2
2003-03-24 8.1 8.14 8.01 8.01
2003-05-21 7.28 7.33 7.22 7.22
2003-06-10 7.3 7.39 7.29 7.29
2003-06-12 7.41 7.45 7.38 7.38
2003-06-13 7.48 7.5 7.4 7.4
2003-06-30 7.13 7.18 7.08 7.08
2003-07-03 7.23 7.23 7.1 7.1
2003-07-07 7.26 7.28 7.18 7.18
2003-07-21 7.05 7.11 7.0 7.0
2003-07-22 7.13 7.17 7.06 7.06
2003-08-19 7.05 7.08 7.03 7.03
2003-09-03 6.75 6.8 6.27 6.27
2003-10-08 6.19 6.24 6.08 6.08
2003-10-21 6.28 6.3 6.18 6.18
2003-11-11 5.09 5.13 5.02 5.02
2003-11-13 5.19 5.22 5.01 5.01
2003-11-19 5.23 5.29 5.06 5.06
2003-12-01 5.7 5.71 5.5 5.5
2004-01-13 5.72 5.74 5.53 5.53
2004-01-16 5.78 5.79 5.53 5.53
2004-02-03 6.05 6.05 5.88 5.88
2004-02-04 6.17 6.18 6.06 6.06
2004-02-16 6.32 6.32 6.17 6.17
2004-02-27 6.46 6.49 6.25 6.25
2004-03-09 6.01 6.13 5.98 5.98
2004-03-11 6.14 6.19 6.1 6.1
2004-04-13 6.86 7.1 6.66 6.66
2004-05-11 6.09 6.14 6.05 6.05
2004-05-12 6.22 6.22 6.08 6.08
2004-06-15 5.37 5.39 5.21 5.21
2004-06-22 5.44 5.5 5.36 5.36
2004-07-01 5.35 5.35 5.21 5.21
2004-07-29 5.33 5.33 5.11 5.11
2004-08-16 4.84 4.98 4.82 4.82
2004-08-18 4.82 4.88 4.8 4.8
2004-08-24 4.61 4.74 4.5 4.5
2004-09-14 4.67 4.78 4.58 4.58
2004-10-15 4.56 4.61 4.5 4.5
2004-11-03 4.25 4.26 4.12 4.12
2004-11-15 4.57 4.57 4.5 4.5
2004-11-22 4.68 4.7 4.56 4.56
2004-12-06 4.83 4.83 4.7 4.7
2004-12-20 4.27 4.49 4.16 4.16
2004-12-27 4.3 4.33 4.23 4.23
2005-01-05 4.17 4.25 4.08 4.08
2005-01-14 4.17 4.21 4.12 4.12
2005-02-02 4.17 4.18 3.95 3.95
2005-02-22 4.31 4.33 4.18 4.18
2005-04-07 3.84 3.9 3.7 3.7
2005-04-11 4.16 4.31 3.82 3.82
2005-04-22 3.42 3.49 3.38 3.38
2005-04-26 3.38 3.4 3.29 3.29
2005-04-27 3.43 3.47 3.35 3.35
2005-05-16 3.37 3.38 3.31 3.31
2005-05-18 3.41 3.42 3.33 3.33
2005-05-24 3.27 3.32 3.2 3.2
2005-05-25 3.32 3.38 3.28 3.28
2005-06-07 3.34 3.38 3.33 3.33
2005-07-15 3.24 3.24 3.15 3.15
2005-08-01 3.25 3.26 3.21 3.21
2005-08-31 3.59 3.6 3.42 3.42
2005-10-12 3.56 3.58 3.36 3.36
2005-10-18 3.51 3.54 3.41 3.41
2005-11-04 3.35 3.36 3.21 3.21
2005-11-15 3.23 3.29 3.2 3.2
2005-11-18 3.3 3.32 3.23 3.23
2005-11-24 3.27 3.29 3.24 3.24
2005-11-30 3.18 3.18 3.15 3.15
2005-12-14 3.21 3.22 3.16 3.16
2005-12-16 3.24 3.25 3.2 3.2
2005-12-26 3.26 3.28 3.23 3.23
2006-01-05 3.31 3.33 3.25 3.25
2006-01-12 3.43 3.45 3.34 3.34
2006-01-18 3.42 3.42 3.34 3.34
2006-01-23 3.47 3.49 3.39 3.39
2006-02-10 3.6 3.61 3.51 3.51
2006-03-09 3.45 3.6 3.4 3.4
2006-10-13 4.14 4.17 4.06 4.06
2006-10-24 3.9 3.91 3.82 3.82
2006-11-23 3.59 3.6 3.54 3.54
2006-11-30 3.67 3.72 3.64 3.64
2006-12-14 3.83 3.85 3.71 3.71
2006-12-15 4.15 4.19 3.84 3.84
2006-12-19 4.68 4.68 4.68 4.68
2006-12-25 5.3 5.47 5.2 5.2
2006-12-26 5.45 5.7 5.31 5.31
2007-01-08 6.2 6.2 5.58 5.58
2007-01-15 6.88 6.88 6.36 6.36
2007-01-16 7.37 7.5 6.94 6.94
2007-02-09 9.29 9.5 8.9 8.9
2007-02-15 9.98 10.2 9.45 9.45
2007-02-26 10.16 10.25 9.66 9.66
2007-03-07 9.38 9.5 9.1 9.1
2007-04-23 16.35 16.35 15.6 15.6
2007-05-30 19.6 20.5 19.6 19.6
2007-07-19 16.72 16.72 15.23 15.23
2007-07-23 18.18 18.35 17.03 17.03
2007-08-14 21.43 21.43 19.5 19.5
2007-08-23 21.95 22.55 21.65 21.65
2007-09-07 22.87 23.3 21.3 21.3
2007-10-15 24.64 24.79 22.8 22.8
2007-11-26 15.85 16.47 15.57 15.57
2007-12-20 19.16 19.47 18.91 18.91
2007-12-25 20.25 20.3 19.51 19.51
2007-12-27 21.07 21.12 20.25 20.25
2008-02-27 19.09 19.16 18.58 18.58
2008-05-14 17.98 18.02 16.9 16.9
2008-06-24 7.56 7.7 7.21 7.21
2008-07-07 8.39 8.44 7.96 7.96
2008-07-09 8.73 8.82 8.46 8.46
2008-08-19 5.42 5.45 5.2 5.2
2008-08-28 5.43 5.53 5.2 5.2
2008-10-23 4.75 4.78 4.48 4.48
2008-11-17 5.69 5.69 5.23 5.23
2009-01-09 5.07 5.11 4.91 4.91
2009-01-14 5.22 5.23 4.96 4.96
2009-01-16 5.59 5.88 5.4 5.4
2009-02-06 6.25 6.3 5.95 5.95
2009-04-24 9.7 10.07 9.16 9.16
2009-06-18 10.57 10.72 9.9 9.9
2009-07-22 10.51 10.56 10.3 10.3
2009-08-03 11.05 11.1 10.15 10.15
2009-09-17 10.26 10.44 10.13 10.13
2009-10-09 9.08 9.2 8.6 8.6
2009-10-26 10.5 10.63 10.19 10.19
2009-10-30 10.61 11.09 10.22 10.22
2009-12-22 12.39 12.48 12.02 12.02
2010-03-12 12.2 12.6 12.02 12.02
2010-09-27 8.83 8.84 8.65 8.65
2010-10-21 10.05 10.34 9.92 9.92
2010-11-24 9.62 9.77 9.35 9.35
2010-12-31 9.47 9.49 9.18 9.18
2011-01-11 10.64 10.9 10.21 10.21
2011-02-16 12.25 12.6 11.93 11.93
2011-04-01 12.08 12.12 11.76 11.76
2011-04-06 12.49 12.65 12.08 12.08
2011-06-30 11.75 11.93 11.55 11.55
2011-07-04 12.49 12.52 11.91 11.91
2011-07-11 13.31 13.35 12.85 12.85
2011-07-20 13.85 14.2 13.4 13.4
2011-12-26 4.07 4.14 4.05 4.05
2012-04-20 4.8 4.8 4.58 4.58
2012-06-18 2.71 2.73 2.69 2.69
2012-07-20 2.67 2.72 2.62 2.62
2012-08-06 2.61 2.61 2.35 2.35
2012-08-28 2.66 2.66 2.45 2.45
2012-09-06 2.69 2.71 2.54 2.54
2012-10-10 2.88 2.97 2.71 2.71
2012-11-02 2.84 2.85 2.8 2.8
2013-01-18 2.72 2.72 2.68 2.68
2013-01-24 2.93 2.93 2.93 2.93
2013-04-09 2.51 2.54 2.48 2.48
2013-04-16 2.45 2.47 2.38 2.38
2013-04-22 2.5 2.54 2.47 2.47
2013-04-24 2.46 2.46 2.41 2.41
2013-05-03 2.42 2.45 2.4 2.4
2013-07-09 1.93 1.94 1.91 1.91
2013-07-23 2.0 2.0 1.94 1.94
2013-08-05 2.01 2.06 1.94 1.94
2013-08-27 2.08 2.11 2.05 2.05
2013-09-11 2.41 2.41 2.19 2.19
2013-09-16 2.29 2.32 2.27 2.27
2013-09-18 2.25 2.26 2.19 2.19
2013-10-11 2.23 2.24 2.17 2.17
2013-11-15 2.07 2.08 2.03 2.03
2013-11-26 2.15 2.16 2.11 2.11
2013-11-28 2.15 2.18 2.14 2.14
2014-03-18 2.28 2.28 2.28 2.28
2014-04-23 2.27 2.28 2.24 2.24
2014-04-29 2.13 2.13 2.09 2.09
2014-05-12 2.18 2.19 2.13 2.13
2014-06-16 2.46 2.53 2.3 2.3
2014-07-11 2.67 2.73 2.61 2.61
2014-07-14 2.78 2.81 2.67 2.67
2014-07-18 2.93 2.97 2.81 2.81
2014-08-18 3.22 3.23 3.16 3.16
2014-09-01 3.09 3.11 3.01 3.01
2015-01-20 4.21 4.21 4.07 4.07
2015-02-03 4.65 4.67 4.54 4.54
2015-03-16 5.46 5.48 5.33 5.33
2015-03-23 6.68 6.68 6.23 6.23
2015-03-27 6.77 6.95 6.62 6.62
2015-04-01 6.82 6.88 6.64 6.64
2015-04-02 7.15 7.31 6.95 6.95
2015-04-10 7.05 7.15 6.8 6.8
2015-04-14 7.96 7.96 7.27 7.27
2015-04-21 8.02 8.15 7.72 7.72
2015-05-08 6.73 6.73 6.46 6.46
2015-05-11 7.24 7.26 6.85 6.85
2015-05-21 7.78 7.8 7.26 7.26
2015-07-08 5.09 5.09 5.09 5.09
2015-07-09 5.6 5.6 4.58 4.58
2015-07-16 6.65 7.0 5.96 5.96
2015-08-07 7.14 7.17 6.98 6.98
2015-08-25 5.54 5.79 5.54 5.54
2015-09-07 4.85 4.86 4.48 4.48
2015-12-21 6.37 6.55 6.29 6.29
2016-02-15 4.73 4.83 4.4 4.4
2016-02-19 5.1 5.2 5.0 5.0
2016-04-13 5.08 5.15 5.04 5.04
2016-04-26 4.94 4.95 4.83 4.83
2016-05-19 4.21 4.29 4.18 4.18
2016-05-31 4.42 4.43 4.24 4.24
2016-06-27 4.28 4.28 4.16 4.16
2016-09-05 4.51 4.55 4.5 4.5
2016-12-01 4.75 4.76 4.69 4.69
2017-01-12 4.9 5.08 4.84 4.84
2017-02-17 5.14 5.27 5.06 5.06
2017-03-06 5.03 5.04 4.98 4.98
2017-03-10 4.91 4.95 4.89 4.89
2017-04-05 4.98 4.99 4.88 4.88
2017-04-25 4.6 4.64 4.58 4.58
2017-06-02 4.03 4.06 3.92 3.92
2017-06-13 4.06 4.08 4.0 4.0
2017-06-15 4.11 4.13 4.05 4.05
2017-06-19 4.13 4.14 4.07 4.07
2017-06-21 4.16 4.19 4.14 4.14
2017-06-29 4.15 4.16 4.11 4.11
2017-07-06 4.3 4.36 4.22 4.22
2017-07-13 4.29 4.33 4.25 4.25
2017-07-20 4.27 4.33 4.17 4.17
2017-08-03 4.35 4.39 4.34 4.34
2017-08-04 4.59 4.78 4.36 4.36
2017-08-14 4.44 4.44 4.37 4.37
2017-08-17 4.55 4.57 4.47 4.47
