2006-12-14 10.86 11.05 10.3 10.3
2006-12-18 11.49 11.68 11.29 11.29
2006-12-21 12.27 12.7 11.75 11.75
2006-12-29 11.31 11.47 11.19 11.19
2007-01-05 11.28 11.39 10.83 10.83
2007-01-09 12.12 12.13 11.66 11.66
2007-02-02 13.21 13.8 13.0 13.0
2007-02-12 16.05 16.48 15.55 15.55
2007-03-02 17.64 18.0 16.78 16.78
2007-03-05 18.54 18.6 17.42 17.42
2007-03-12 17.13 17.29 16.07 16.07
2007-03-19 19.59 19.59 17.19 17.19
2007-03-21 23.71 23.71 22.01 22.01
2007-03-29 27.39 29.0 26.31 26.31
2007-05-24 34.98 35.2 33.47 33.47
2007-06-05 17.36 17.78 17.07 17.07
2007-07-03 14.86 15.4 13.05 13.05
2007-07-11 13.68 13.74 12.82 12.82
2007-07-12 14.34 14.38 13.26 13.26
2007-07-17 14.35 14.39 13.63 13.63
2007-07-23 14.9 14.97 14.18 14.18
2007-07-24 15.27 15.6 14.9 14.9
2007-08-02 17.86 18.3 16.95 16.95
2007-08-07 17.56 18.55 17.05 17.05
2007-08-24 17.1 17.15 16.64 16.64
2007-09-05 20.11 20.49 18.88 18.88
2007-09-18 18.44 18.89 17.43 17.43
2007-09-21 17.59 17.82 17.0 17.0
2007-09-25 19.0 19.15 18.3 18.3
2007-11-19 16.66 16.95 16.35 16.35
2007-11-27 14.77 14.91 14.52 14.52
2007-11-28 14.65 14.77 14.42 14.42
2007-12-04 15.22 15.49 15.0 15.0
2007-12-06 16.29 16.35 15.9 15.9
2007-12-27 17.71 18.0 17.05 17.05
2008-01-02 18.27 18.4 17.92 17.92
2008-01-09 17.52 17.57 17.06 17.06
2008-01-25 15.92 16.0 15.4 15.4
2008-03-05 16.31 16.38 15.05 15.05
2008-03-21 14.3 15.0 14.03 14.03
2008-03-24 14.15 14.98 13.86 13.86
2008-04-03 10.82 11.0 10.12 10.12
2008-04-29 12.25 12.59 11.78 11.78
2008-05-07 13.65 14.0 12.75 12.75
2008-05-30 11.93 12.0 11.61 11.61
2008-07-04 9.33 9.33 9.02 9.02
2008-08-25 7.31 7.74 7.1 7.1
2008-09-12 6.02 6.18 5.91 5.91
2008-09-19 5.98 5.98 5.98 5.98
2008-09-25 6.34 6.58 6.13 6.13
2008-12-01 6.98 7.07 6.6 6.6
2008-12-03 7.81 7.81 7.03 7.03
2009-01-15 10.39 10.41 9.33 9.33
2009-02-03 12.49 12.87 11.84 11.84
2009-02-06 13.44 13.81 12.47 12.47
2009-02-09 14.51 14.6 13.54 13.54
2009-02-25 14.76 14.88 14.1 14.1
2009-03-11 13.15 13.15 12.57 12.57
2009-04-10 17.95 18.42 17.0 17.0
2009-05-04 24.98 25.5 24.35 24.35
2009-05-12 21.96 21.98 20.62 20.62
2009-07-06 19.99 20.2 19.7 19.7
2009-07-27 22.29 22.59 21.48 21.48
2009-08-18 17.05 17.19 16.19 16.19
2009-08-21 17.67 17.77 16.34 16.34
2009-08-24 19.44 19.44 17.7 17.7
2009-09-30 22.2 22.86 21.9 21.9
2009-10-13 24.77 24.88 23.18 23.18
2009-10-26 24.3 24.44 23.65 23.65
2009-11-06 25.51 26.0 24.04 24.04
2009-11-16 24.78 25.2 24.5 24.5
2009-11-19 25.6 25.61 25.1 25.1
2009-11-30 23.66 23.79 23.0 23.0
2010-01-05 22.49 22.54 21.45 21.45
2010-01-08 23.03 23.25 22.33 22.33
2010-01-15 24.02 24.28 22.8 22.8
2010-01-28 21.9 22.1 21.6 21.6
2010-03-01 23.41 23.8 23.1 23.1
2010-03-08 23.77 24.2 22.73 22.73
2010-04-23 25.6 25.98 24.61 24.61
2010-06-08 21.18 21.56 20.71 20.71
2010-06-24 20.0 20.1 19.78 19.78
2010-07-19 17.3 17.38 16.42 16.42
2010-07-26 19.58 20.28 19.25 19.25
2010-08-19 21.66 21.98 21.43 21.43
2010-08-30 24.95 25.17 22.9 22.9
2010-09-07 26.42 26.82 25.02 25.02
2010-09-10 26.85 27.0 26.2 26.2
2010-09-27 27.9 28.02 25.68 25.68
2010-09-29 29.73 30.0 28.2 28.2
2010-11-10 41.07 41.38 39.25 39.25
2010-11-15 39.92 39.94 37.71 37.71
2010-11-22 41.07 41.5 38.2 38.2
2010-12-28 39.88 40.85 39.08 39.08
2010-12-29 41.69 41.71 40.01 40.01
2010-12-30 41.84 42.48 41.5 41.5
2010-12-31 43.04 43.21 41.69 41.69
2011-01-04 43.2 43.45 42.48 42.48
2011-01-05 44.18 44.44 42.88 42.88
2011-03-02 46.75 47.1 45.18 45.18
2011-03-31 41.3 42.3 40.51 40.51
2011-05-05 35.67 35.9 35.1 35.1
2011-05-26 34.44 35.5 33.36 33.36
2011-06-01 35.04 35.4 34.82 34.82
2011-06-15 34.52 34.8 33.52 33.52
2011-06-24 33.64 33.68 32.65 32.65
2011-07-05 36.08 36.55 35.67 35.67
2011-08-10 37.31 38.0 37.1 37.1
2011-09-21 30.31 30.4 29.39 29.39
2011-09-29 30.28 30.48 29.29 29.29
2011-11-15 33.04 33.15 32.6 32.6
2011-12-15 27.49 27.5 26.58 26.58
2011-12-16 27.94 27.98 27.01 27.01
2012-01-20 30.0 30.1 29.38 29.38
2012-02-08 28.29 28.4 27.1 27.1
2012-02-16 28.98 29.0 27.8 27.8
2012-03-08 29.45 29.65 29.09 29.09
2012-03-16 28.69 28.75 27.41 27.41
2012-11-12 17.21 17.57 16.6 16.6
2012-11-26 17.49 17.53 16.73 16.73
2012-11-28 16.7 16.89 16.26 16.26
2012-12-10 18.92 19.19 17.86 17.86
2012-12-26 18.78 19.04 18.15 18.15
2013-01-08 20.51 20.9 19.7 19.7
2013-01-24 24.9 25.68 23.79 23.79
2013-02-06 24.23 24.56 23.53 23.53
2013-02-08 25.31 26.22 25.22 25.22
2013-02-28 27.05 27.14 25.56 25.56
2013-03-21 25.88 25.9 24.71 24.71
2013-03-27 26.36 26.5 24.8 24.8
2013-05-02 24.52 24.88 24.2 24.2
2013-05-15 28.69 28.8 26.9 26.9
2013-07-16 22.96 22.97 21.9 21.9
2013-07-23 21.18 21.21 20.59 20.59
2013-10-08 22.11 22.17 21.61 21.61
2013-12-09 21.66 21.68 21.28 21.28
2014-01-30 20.48 20.91 20.21 20.21
2014-02-14 20.41 20.65 20.14 20.14
2014-03-03 20.21 20.3 19.54 19.54
2014-03-17 18.97 18.98 18.35 18.35
2014-03-21 18.58 18.68 18.1 18.1
2014-04-04 18.19 18.27 17.81 17.81
2014-04-15 19.58 19.9 19.52 19.52
2014-05-05 19.97 19.98 18.98 18.98
2014-05-07 19.98 20.0 19.67 19.67
2014-06-23 18.3 18.4 18.19 18.19
2014-06-24 18.49 18.57 18.3 18.3
2014-06-25 18.76 18.84 18.46 18.46
2014-06-26 18.89 18.94 18.7 18.7
2014-07-01 22.23 23.21 21.2 21.2
2014-07-28 23.89 24.4 23.05 23.05
2014-07-31 25.77 26.05 24.97 24.97
2014-08-01 25.88 27.7 25.55 25.55
2014-08-29 28.45 28.79 27.0 27.0
2014-09-01 31.3 31.3 28.55 28.55
2014-10-08 31.52 31.57 30.01 30.01
2014-11-12 29.9 29.96 28.99 28.99
2014-12-24 37.06 37.84 33.79 33.79
2015-01-07 35.51 36.35 35.05 35.05
2015-01-20 38.16 38.16 34.69 34.69
2015-02-16 39.85 42.09 39.2 39.2
2015-04-02 47.98 48.0 45.63 45.63
2015-05-20 29.84 30.99 28.82 28.82
2015-06-15 39.94 40.9 38.4 38.4
2015-07-08 15.36 17.63 14.97 14.97
2015-07-13 20.45 20.45 20.45 20.45
2015-07-14 22.5 22.5 22.5 22.5
2015-07-16 25.05 25.05 22.77 22.77
2015-07-20 30.32 30.32 30.32 30.32
2015-08-04 32.05 32.05 28.0 28.0
2015-08-07 31.03 31.9 30.19 30.19
2015-08-10 33.64 34.0 31.5 31.5
2015-08-25 23.9 23.9 23.9 23.9
2015-09-02 21.81 24.98 21.81 21.81
2015-09-15 16.81 17.88 16.81 16.81
2015-09-16 18.48 18.49 15.14 15.14
2015-09-30 21.45 21.82 20.28 20.28
2015-11-03 26.92 27.69 25.36 25.36
2015-11-17 30.82 30.82 29.3 29.3
2015-12-03 30.45 30.75 29.08 29.08
2016-01-15 25.81 26.97 25.15 25.15
2016-02-16 24.79 25.2 23.17 23.17
2016-02-17 25.73 27.27 24.79 24.79
2016-02-19 25.25 25.6 25.01 25.01
2016-02-22 25.94 26.16 25.44 25.44
2016-03-21 23.37 23.73 23.07 23.07
2016-04-11 23.06 23.25 22.7 22.7
2016-04-13 23.23 23.6 23.08 23.08
2016-04-19 23.47 23.55 23.15 23.15
2016-05-03 22.38 22.44 21.41 21.41
2016-06-17 21.2 21.47 21.0 21.0
2016-07-01 22.83 23.39 22.66 22.66
2016-07-08 24.11 24.86 23.43 23.43
2016-09-05 22.4 22.5 22.32 22.32
2016-09-07 22.66 22.86 22.45 22.45
2016-09-14 21.56 21.81 21.5 21.5
2016-09-19 21.87 22.13 21.58 21.58
2016-09-27 21.69 21.7 21.5 21.5
2016-10-10 22.34 22.48 21.99 21.99
2016-11-01 22.0 22.09 21.8 21.8
2016-11-03 21.9 22.02 21.78 21.78
2016-11-21 22.18 22.38 22.15 22.15
2017-01-09 24.66 24.66 22.15 22.15
2017-01-17 23.97 24.0 22.62 22.62
2017-03-08 24.89 25.29 24.67 24.67
2017-03-13 24.11 24.23 23.75 23.75
2017-03-16 24.4 24.42 23.71 23.71
2017-03-27 24.52 24.9 24.27 24.27
2017-04-05 24.49 24.78 23.5 23.5
2017-05-08 19.92 20.11 19.8 19.8
2017-05-22 19.9 20.2 19.25 19.25
2017-05-25 18.79 19.0 18.36 18.36
2017-06-05 17.7 17.88 17.52 17.52
2017-06-06 17.98 18.14 17.68 17.68
2017-06-12 18.17 18.35 17.7 17.7
2017-08-01 18.28 18.51 18.0 18.0
2017-08-04 18.72 19.13 17.83 17.83
2017-08-09 18.87 18.89 18.41 18.41
