1996-09-05 17.07 17.9 15.0 15.0
1996-10-04 14.29 14.49 14.0 14.0
1996-10-08 14.35 14.83 14.19 14.19
1996-10-10 14.2 14.31 14.05 14.05
1996-11-07 13.76 13.9 13.44 13.44
1996-11-11 14.2 14.28 14.0 14.0
1996-11-25 14.68 14.81 14.29 14.29
1996-11-27 15.6 15.9 14.9 14.9
1996-11-29 16.01 16.38 15.8 15.8
1996-12-04 17.2 17.2 16.5 16.5
1996-12-09 19.52 19.99 19.0 19.0
1996-12-16 15.39 15.39 15.39 15.39
1996-12-17 13.85 15.17 13.85 13.85
1997-01-10 16.6 16.84 16.5 16.5
1997-01-13 17.25 17.25 16.8 16.8
1997-01-15 17.4 17.53 17.2 17.2
1997-01-22 17.7 17.95 17.15 17.15
1997-01-30 20.5 20.7 19.9 19.9
1997-02-19 19.87 20.7 19.2 19.2
1997-02-20 19.3 19.5 17.88 17.88
1997-02-24 21.89 22.18 20.38 20.38
1997-02-27 23.4 23.41 22.1 22.1
1997-05-05 18.9 19.0 18.3 18.3
1997-05-06 19.5 19.6 19.0 19.0
1997-05-22 16.4 17.2 16.01 16.01
1997-05-23 17.08 17.1 16.4 16.4
1997-07-14 14.96 14.96 14.63 14.63
1997-07-15 16.14 16.46 15.05 15.05
1997-08-26 12.15 12.15 12.15 12.15
1997-09-24 10.78 10.88 10.3 10.3
1997-10-06 10.84 10.92 10.75 10.75
1997-10-08 11.25 11.38 10.87 10.87
1997-10-13 11.32 11.47 11.05 11.05
1997-10-16 11.96 12.19 11.76 11.76
1997-10-20 12.59 12.7 12.4 12.4
1997-11-03 13.45 13.7 13.19 13.19
1997-11-20 14.7 15.2 14.25 14.25
1997-12-10 14.01 14.04 13.65 13.65
1997-12-16 14.25 14.29 13.8 13.8
1997-12-19 13.99 13.99 13.4 13.4
1998-01-22 14.42 14.47 14.1 14.1
1998-01-23 15.0 15.0 14.32 14.32
1998-02-11 14.7 14.9 14.49 14.49
1998-02-13 14.78 15.0 14.7 14.7
1998-02-16 14.64 14.76 14.6 14.6
1998-02-24 14.59 14.78 14.45 14.45
1998-03-30 14.45 14.5 13.18 13.18
1998-04-28 14.28 14.3 13.81 13.81
1998-06-19 17.43 17.58 17.02 17.02
1998-06-22 18.0 18.38 17.6 17.6
1998-08-21 12.5 12.65 12.01 12.01
1998-09-10 12.68 12.79 12.35 12.35
1998-09-11 13.14 13.14 12.68 12.68
1998-10-13 13.9 14.5 13.6 13.6
1999-01-06 11.88 12.0 11.63 11.63
1999-01-08 12.5 12.5 11.98 11.98
1999-03-31 11.05 11.09 10.9 10.9
1999-04-05 10.93 10.97 10.88 10.88
1999-04-07 11.1 11.3 10.97 10.97
1999-05-27 10.85 10.85 10.23 10.23
1999-06-21 12.55 12.7 11.99 11.99
1999-06-24 14.69 15.23 14.35 14.35
1999-07-26 15.33 15.7 15.06 15.06
1999-07-28 14.96 15.17 14.75 14.75
1999-11-17 8.52 8.52 8.36 8.36
1999-12-28 7.33 7.45 7.25 7.25
1999-12-30 7.7 7.7 7.4 7.4
2000-03-23 9.08 9.12 8.88 8.88
2000-03-27 9.68 9.68 8.98 8.98
2000-04-14 12.68 12.8 11.98 11.98
2001-01-03 11.14 11.21 11.08 11.08
2001-01-10 11.4 11.43 11.1 11.1
2001-02-19 11.06 11.12 10.96 10.96
2001-02-21 11.06 11.12 10.88 10.88
2001-02-23 11.01 11.1 10.95 10.95
2001-03-26 11.16 11.17 11.06 11.06
2001-04-18 11.18 11.25 11.05 11.05
2001-06-05 10.85 10.96 10.82 10.82
2001-06-06 11.1 11.18 10.86 10.86
2001-07-18 10.25 10.27 10.2 10.2
2001-08-17 8.86 8.9 8.8 8.8
2001-08-21 9.03 9.05 9.0 9.0
2001-08-24 8.86 9.0 8.8 8.8
2001-08-29 8.45 8.67 8.4 8.4
2001-08-30 8.33 8.49 8.3 8.3
2001-09-03 8.34 8.48 8.25 8.25
2001-09-04 8.48 8.5 8.34 8.34
2001-09-05 8.59 8.7 8.5 8.5
2001-09-20 8.52 8.6 8.47 8.47
2001-09-28 8.28 8.31 8.24 8.24
2002-01-08 7.03 7.08 7.0 7.0
2002-02-04 6.93 6.95 6.62 6.62
2002-05-17 6.95 7.02 6.86 6.86
2002-06-14 6.51 6.58 6.51 6.51
2002-06-20 6.65 6.71 6.61 6.61
2002-06-21 6.84 6.89 6.65 6.65
2002-07-11 7.3 7.35 7.25 7.25
2002-07-12 7.3 7.35 7.28 7.28
2002-07-19 7.54 7.56 7.4 7.4
2002-08-20 7.12 7.14 6.98 6.98
2002-09-17 7.1 7.12 6.9 6.9
2002-09-23 7.05 7.05 7.0 7.0
2002-12-24 5.96 5.98 5.9 5.9
2003-03-04 6.05 6.06 6.02 6.02
2003-05-13 6.13 6.37 6.1 6.1
2003-08-04 5.63 5.65 5.53 5.53
2003-08-11 5.55 5.61 5.52 5.52
2003-08-13 5.71 5.8 5.68 5.68
2003-08-15 5.59 5.65 5.58 5.58
2003-12-30 6.03 6.09 5.97 5.97
2004-01-02 5.93 6.04 5.88 5.88
2004-02-27 6.18 6.18 6.09 6.09
2004-03-30 6.06 6.09 6.0 6.0
2004-04-01 6.21 6.23 6.1 6.1
2004-04-02 6.37 6.5 6.28 6.28
2004-07-26 5.85 5.95 5.8 5.8
2004-09-17 5.33 5.36 5.13 5.13
2004-12-29 4.86 4.89 4.82 4.82
2005-01-07 4.81 4.88 4.78 4.78
2005-02-25 4.66 4.77 4.63 4.63
2005-04-08 4.09 4.15 4.05 4.05
2005-04-13 4.06 4.08 4.0 4.0
2005-04-19 3.84 3.85 3.78 3.78
2005-04-27 3.25 3.35 3.25 3.25
2005-06-29 2.92 2.97 2.92 2.92
2005-07-07 2.63 2.66 2.6 2.6
2005-07-26 2.33 2.36 2.28 2.28
2005-08-08 2.58 2.65 2.5 2.5
2005-08-10 2.65 2.67 2.57 2.57
2005-08-16 2.84 2.94 2.8 2.8
2005-11-02 2.47 2.47 2.4 2.4
2005-11-04 2.5 2.52 2.45 2.45
2005-11-09 2.52 2.55 2.51 2.51
2005-11-24 2.57 2.59 2.55 2.55
2005-12-21 2.5 2.52 2.48 2.48
2006-01-18 2.64 2.65 2.6 2.6
2006-01-20 2.66 2.73 2.65 2.65
2006-02-08 2.71 2.72 2.65 2.65
2006-02-21 2.82 2.84 2.72 2.72
2006-02-24 2.85 2.86 2.78 2.78
2006-04-10 2.78 2.8 2.7 2.7
2006-05-09 3.35 3.45 3.2 3.2
2006-10-27 2.83 2.88 2.78 2.78
2007-01-08 3.29 3.35 3.2 3.2
2007-01-29 4.11 4.11 3.86 3.86
2007-02-06 3.96 3.96 3.85 3.85
2007-03-26 6.38 6.38 5.81 5.81
2007-04-02 6.75 6.99 6.5 6.5
2007-04-05 6.69 6.8 6.53 6.53
2007-04-10 7.53 7.75 7.16 7.16
2007-04-16 7.98 8.0 7.53 7.53
2007-04-20 8.48 8.51 7.74 7.74
2007-04-23 9.33 9.33 8.86 8.86
2007-05-22 11.24 11.5 10.58 10.58
2007-06-11 9.52 9.52 9.52 9.52
2007-06-12 10.47 10.47 10.47 10.47
2007-06-18 10.53 10.99 10.21 10.21
2007-07-17 6.68 6.78 6.58 6.58
2007-07-20 6.87 6.89 6.42 6.42
2007-07-25 8.1 8.1 7.36 7.36
2007-08-02 7.94 7.95 7.65 7.65
2007-09-03 9.02 9.1 8.5 8.5
2008-01-23 7.89 7.94 7.5 7.5
2008-10-15 2.91 2.94 2.85 2.85
2008-10-23 2.77 2.78 2.72 2.72
2009-01-12 3.14 3.16 3.03 3.03
2009-01-14 3.13 3.13 3.04 3.04
2009-02-06 3.5 3.53 3.34 3.34
2009-05-18 5.36 5.39 5.13 5.13
2009-05-21 5.3 5.44 5.22 5.22
2009-07-27 5.54 5.63 5.5 5.5
2011-07-14 4.64 4.64 4.55 4.55
2011-11-23 4.35 4.4 4.1 4.1
2012-01-09 3.62 3.64 3.45 3.45
2012-03-08 3.88 3.89 3.85 3.85
2012-09-25 2.63 2.73 2.6 2.6
2013-01-28 3.72 3.77 3.67 3.67
2013-02-28 3.85 3.85 3.78 3.78
2013-03-29 4.03 4.15 4.0 4.0
2013-05-08 3.64 3.68 3.61 3.61
2013-10-11 3.6 3.61 3.55 3.55
2013-11-26 3.4 3.42 3.36 3.36
2013-11-28 3.44 3.49 3.4 3.4
2014-02-12 3.24 3.24 3.19 3.19
2014-04-01 3.23 3.23 3.19 3.19
2014-04-09 3.25 3.28 3.23 3.23
2014-04-29 3.05 3.06 3.03 3.03
2014-05-05 3.1 3.1 3.07 3.07
2014-05-13 3.12 3.15 3.1 3.1
2014-05-20 3.08 3.11 3.06 3.06
2014-10-28 3.66 3.66 3.66 3.66
2014-10-29 4.03 4.03 4.03 4.03
2014-10-30 4.43 4.43 4.43 4.43
2014-11-05 4.98 5.08 4.66 4.66
2015-01-15 4.86 4.93 4.78 4.78
2015-01-20 4.55 4.56 4.45 4.45
2015-02-25 5.03 5.08 4.96 4.96
2015-04-01 6.55 6.65 6.2 6.2
2015-07-08 7.17 7.17 7.17 7.17
2015-07-09 7.89 7.89 6.45 6.45
2016-02-24 6.74 6.78 6.4 6.4
2016-03-17 6.02 6.04 5.87 5.87
2016-05-31 5.47 5.49 5.35 5.35
2016-06-06 5.55 5.59 5.52 5.52
2016-06-14 5.29 5.3 5.22 5.22
2016-06-15 5.37 5.39 5.23 5.23
2016-07-21 5.85 5.94 5.84 5.84
2016-12-22 5.38 5.42 5.33 5.33
2017-08-28 5.15 5.18 5.1 5.1
