1996-09-04 14.88 15.17 14.18 14.18
1996-09-06 14.7 15.0 14.41 14.41
1996-09-26 18.32 18.35 17.51 17.51
1996-10-15 18.0 18.24 17.6 17.6
1996-10-17 18.01 18.03 17.8 17.8
1996-10-21 17.9 18.05 17.6 17.6
1996-11-04 17.5 17.7 17.25 17.25
1996-11-22 11.23 11.35 11.02 11.02
1996-11-27 11.8 11.9 11.5 11.5
1996-12-02 12.95 12.98 12.4 12.4
1996-12-09 14.33 14.5 13.86 13.86
1996-12-16 11.6 11.6 11.6 11.6
1996-12-18 11.48 11.48 9.88 9.88
1997-01-07 11.22 11.35 10.95 10.95
1997-01-17 12.44 12.88 11.88 11.88
1997-01-21 13.05 13.2 12.68 12.68
1997-01-22 13.72 13.8 13.1 13.1
1997-02-19 14.1 14.25 13.4 13.4
1997-02-20 13.85 14.25 12.69 12.69
1997-04-02 15.08 15.35 14.89 14.89
1997-04-03 15.79 15.95 15.1 15.1
1997-04-14 15.48 15.89 15.31 15.31
1997-04-30 17.65 17.8 17.0 17.0
1997-05-07 21.9 21.9 21.9 21.9
1997-05-16 22.9 25.65 21.78 21.78
1997-05-20 22.68 22.98 21.5 21.5
1997-05-22 20.35 21.78 20.21 20.21
1997-06-04 23.05 23.6 22.9 22.9
1997-08-04 16.3 17.1 15.5 15.5
1997-09-03 16.39 16.5 15.8 15.8
1997-09-04 17.23 17.4 16.5 16.5
1997-09-16 15.9 16.0 15.82 15.82
1997-09-18 15.85 15.98 15.8 15.8
1997-09-24 14.98 14.98 14.2 14.2
1997-10-15 14.74 14.8 14.5 14.5
1997-10-17 16.34 16.88 15.8 15.8
1997-11-11 17.32 17.49 16.98 16.98
1997-11-18 17.02 17.4 17.01 17.01
1997-12-02 16.23 16.45 16.17 16.17
1997-12-09 15.07 15.14 14.68 14.68
1997-12-10 15.11 15.25 15.04 15.04
1998-01-07 17.12 17.43 15.86 15.86
1998-01-19 16.46 16.86 16.2 16.2
1998-02-20 15.79 15.99 15.75 15.75
1998-02-24 15.14 15.3 15.02 15.02
1998-03-05 14.1 14.25 13.72 13.72
1998-03-10 13.75 13.98 13.5 13.5
1998-03-11 13.83 14.2 13.75 13.75
1998-03-30 16.15 16.51 15.5 15.5
1998-04-21 15.0 15.33 14.88 14.88
1998-04-28 16.58 16.72 15.58 15.58
1998-06-11 15.8 16.2 15.75 15.75
1998-06-23 17.3 17.4 16.52 16.52
1998-07-10 15.9 16.0 15.55 15.55
1998-07-23 15.0 15.05 14.72 14.72
1998-07-24 15.63 15.99 15.2 15.2
1998-08-06 14.92 15.38 14.9 14.9
1998-09-04 13.15 13.28 13.0 13.0
1998-09-14 14.01 14.21 13.82 13.82
1998-09-23 13.48 13.72 13.1 13.1
1998-09-28 13.39 13.71 13.3 13.3
1998-10-07 13.06 13.28 13.01 13.01
1998-10-13 13.29 13.5 13.12 13.12
1998-10-23 12.67 12.99 12.6 12.6
1998-11-20 13.25 13.35 13.12 13.12
1998-12-08 12.67 12.69 12.5 12.5
1998-12-15 12.5 12.5 12.18 12.18
1998-12-22 12.48 12.55 12.14 12.14
1999-02-02 11.45 11.76 11.2 11.2
1999-02-09 10.63 10.76 10.3 10.3
1999-03-03 10.89 10.89 10.4 10.4
1999-03-05 11.15 11.15 10.8 10.8
1999-03-26 10.8 10.9 10.7 10.7
1999-03-29 11.12 11.17 10.8 10.8
1999-04-07 11.69 11.79 11.14 11.14
1999-04-21 10.33 10.49 10.32 10.32
1999-04-28 10.0 10.66 9.7 9.7
1999-04-29 10.06 10.08 10.0 10.0
1999-05-10 9.74 10.08 9.5 9.5
1999-05-11 9.9 9.94 9.63 9.63
1999-05-12 10.18 10.45 9.9 9.9
1999-05-19 10.48 10.5 9.7 9.7
1999-05-21 11.94 11.94 11.18 11.18
1999-05-24 13.13 13.13 12.5 12.5
1999-06-04 13.31 13.6 12.9 12.9
1999-06-09 13.72 13.97 13.4 13.4
1999-06-14 14.79 14.96 13.6 13.6
1999-06-24 17.22 17.22 16.05 16.05
1999-06-28 18.25 18.38 17.11 17.11
1999-07-14 16.49 16.8 15.81 15.81
1999-08-23 16.06 16.44 15.48 15.48
1999-08-26 16.24 16.38 16.1 16.1
1999-08-31 15.9 15.93 15.6 15.6
1999-09-17 15.7 15.85 15.5 15.5
1999-10-22 14.38 14.9 13.6 13.6
1999-11-23 12.74 13.2 12.1 12.1
1999-11-30 12.3 12.46 12.2 12.2
1999-12-08 12.43 12.62 12.3 12.3
2000-01-07 15.62 15.73 14.58 14.58
2000-01-20 15.12 15.25 14.35 14.35
2000-02-24 16.6 16.6 16.08 16.08
2000-03-03 16.87 17.5 16.5 16.5
2000-03-13 17.6 17.65 16.2 16.2
2000-03-14 16.52 17.36 15.84 15.84
2000-03-22 17.3 17.76 16.99 16.99
2000-04-10 16.0 16.3 15.45 15.45
2000-04-26 15.4 15.59 15.28 15.28
2000-04-28 15.85 15.93 15.35 15.35
2000-06-02 15.6 15.65 14.9 14.9
2000-06-05 16.0 16.5 15.67 15.67
2000-06-06 17.08 17.34 16.08 16.08
2000-07-07 15.63 15.69 15.19 15.19
2000-07-19 15.9 16.08 15.55 15.55
2000-08-08 16.22 16.39 16.03 16.03
2000-09-08 14.51 14.73 14.25 14.25
2000-11-13 14.8 14.86 14.45 14.45
2000-11-30 13.94 14.04 13.85 13.85
2000-12-20 14.75 14.87 14.32 14.32
2000-12-25 14.5 14.8 14.45 14.45
2001-01-19 14.4 14.45 14.25 14.25
2001-02-28 12.35 12.46 11.5 11.5
2001-03-05 12.44 12.5 12.25 12.25
2001-03-07 12.39 12.46 12.3 12.3
2001-03-20 12.85 12.93 12.6 12.6
2001-03-27 13.18 13.4 12.9 12.9
2001-04-18 13.0 13.38 12.5 12.5
2001-04-27 13.8 13.99 13.4 13.4
2001-05-08 14.49 14.49 13.7 13.7
2001-05-21 15.18 15.18 14.45 14.45
2001-06-08 14.77 14.81 14.61 14.61
2001-06-21 14.4 14.55 14.3 14.3
2001-07-09 14.65 14.77 14.53 14.53
2001-07-10 14.88 14.93 14.65 14.65
2001-07-13 14.8 14.9 14.59 14.59
2001-08-09 12.52 12.55 12.18 12.18
2001-08-10 13.01 13.06 12.58 12.58
2001-08-15 12.97 13.17 12.71 12.71
2001-09-18 11.07 11.28 10.79 10.79
2001-10-23 8.74 8.74 8.74 8.74
2001-10-25 9.18 9.18 9.18 9.18
2001-10-29 9.78 9.78 9.39 9.39
2001-11-01 9.84 10.05 9.8 9.8
2001-11-27 10.08 10.08 9.6 9.6
2001-12-03 11.04 11.19 10.85 10.85
2001-12-17 10.98 11.08 10.81 10.81
2002-04-30 10.27 10.42 10.14 10.14
2002-06-11 8.87 8.93 8.75 8.75
2002-06-21 9.15 9.2 8.85 8.85
2002-07-03 10.18 10.3 9.91 9.91
2002-07-23 9.32 9.45 9.3 9.3
2002-07-30 9.31 9.37 9.22 9.22
2002-08-09 9.33 9.39 9.18 9.18
2002-08-20 9.26 9.35 9.14 9.14
2002-09-10 9.3 9.35 9.18 9.18
2002-09-17 9.15 9.3 9.0 9.0
2002-09-19 9.24 9.28 9.0 9.0
2002-10-22 8.45 8.49 8.25 8.25
2002-10-30 8.7 8.93 8.63 8.63
2002-12-12 6.91 7.33 6.85 6.85
2002-12-16 7.25 7.32 7.1 7.1
2003-01-07 7.35 7.7 7.07 7.07
2003-02-12 8.33 8.48 8.17 8.17
2003-02-25 8.01 8.03 7.8 7.8
2003-03-13 7.55 7.66 7.54 7.54
2003-03-25 7.66 7.72 7.64 7.64
2003-04-29 6.78 6.89 6.6 6.6
2003-05-16 6.72 6.95 6.51 6.51
2003-05-27 7.13 7.23 6.76 6.76
2003-05-29 7.28 7.35 7.01 7.01
2003-06-11 6.85 6.89 6.7 6.7
2003-07-22 5.97 6.14 5.9 5.9
2003-08-04 6.41 6.46 6.26 6.26
2003-08-18 6.13 6.19 6.1 6.1
2003-09-02 6.33 6.42 6.21 6.21
2003-09-04 6.36 6.58 6.32 6.32
2003-09-08 6.3 6.38 6.19 6.19
2003-09-18 6.13 6.3 6.1 6.1
2003-09-24 6.34 6.43 6.25 6.25
2003-11-14 4.82 4.92 4.75 4.75
2003-11-19 4.88 5.02 4.74 4.74
2004-01-02 4.47 4.6 4.4 4.4
2004-02-10 5.88 6.06 5.8 5.8
2004-03-04 6.8 6.8 6.22 6.22
2004-06-17 5.11 5.15 4.92 4.92
2004-07-01 4.76 4.77 4.54 4.54
2004-07-23 4.4 4.41 4.3 4.3
2004-08-02 4.19 4.25 4.15 4.15
2004-08-03 4.25 4.34 4.18 4.18
2004-08-23 3.92 4.1 3.74 3.74
2004-09-14 4.3 4.3 3.91 3.91
2004-11-26 3.89 3.98 3.85 3.85
2004-12-21 3.68 3.74 3.66 3.66
2005-01-13 3.75 3.86 3.69 3.69
2005-02-04 3.27 3.3 3.2 3.2
2005-02-16 3.33 3.36 3.28 3.28
2005-03-29 2.91 2.93 2.88 2.88
2005-04-26 2.24 2.3 2.15 2.15
2005-06-02 2.16 2.21 2.12 2.12
2005-07-07 1.75 1.8 1.73 1.73
2005-07-12 1.71 1.74 1.62 1.62
2005-07-26 1.77 1.8 1.71 1.71
2005-08-16 2.19 2.19 2.08 2.08
2005-08-24 2.06 2.07 2.02 2.02
2005-09-08 2.46 2.5 2.4 2.4
2005-09-29 2.11 2.12 2.06 2.06
2005-10-31 2.1 2.11 2.02 2.02
2005-11-02 2.14 2.17 2.1 2.1
2005-12-06 2.07 2.09 2.02 2.02
2005-12-16 2.25 2.32 2.18 2.18
2005-12-23 2.16 2.16 2.08 2.08
2006-01-18 2.23 2.27 2.18 2.18
2006-01-24 2.34 2.38 2.3 2.3
2006-02-14 2.34 2.36 2.3 2.3
2006-03-01 2.34 2.38 2.31 2.31
2006-03-15 2.12 2.14 2.08 2.08
2006-04-03 1.9 1.91 1.87 1.87
2006-04-17 2.03 2.05 1.99 1.99
2006-10-13 2.52 2.52 2.41 2.41
2006-10-24 2.29 2.3 2.19 2.19
2006-10-31 2.06 2.07 1.99 1.99
2006-11-03 2.02 2.05 1.99 1.99
2006-11-10 2.17 2.17 2.07 2.07
2006-12-01 2.23 2.23 2.12 2.12
2006-12-22 2.15 2.18 2.09 2.09
2007-01-22 2.06 2.06 2.06 2.06
2007-01-23 2.16 2.16 2.16 2.16
2007-02-09 2.22 2.22 2.16 2.16
2007-02-12 2.33 2.33 2.24 2.24
2007-03-19 3.34 3.58 3.25 3.25
2007-03-27 3.52 3.65 3.4 3.4
2007-03-30 3.19 3.34 3.17 3.17
2007-04-03 3.38 3.42 3.29 3.29
2007-04-13 3.81 3.81 3.48 3.48
2007-04-16 4.0 4.0 4.0 4.0
2008-12-29 2.87 2.87 2.87 2.87
2008-12-30 2.73 2.73 2.73 2.73
2008-12-31 2.59 2.71 2.59 2.59
2009-01-05 2.58 2.64 2.53 2.53
2009-01-09 2.59 2.62 2.53 2.53
2009-01-23 2.84 2.85 2.78 2.78
2009-02-02 2.98 2.98 2.85 2.85
2009-02-06 3.24 3.26 3.12 3.12
2009-03-02 3.36 3.45 3.27 3.27
2009-03-03 3.31 3.4 3.21 3.21
2009-03-30 4.3 4.39 4.25 4.25
2009-04-10 4.92 4.92 4.7 4.7
2009-04-28 4.66 4.72 4.58 4.58
2009-05-18 5.48 5.48 5.18 5.18
2009-06-17 5.67 5.67 5.25 5.25
2009-06-29 6.02 6.12 5.9 5.9
2009-07-14 6.31 6.37 6.23 6.23
2009-08-20 5.11 5.12 4.9 4.9
2009-08-21 5.34 5.38 5.03 5.03
2009-08-28 5.77 5.83 5.56 5.56
2009-09-02 5.12 5.15 5.02 5.02
2009-09-17 6.5 6.5 5.89 5.89
2009-09-28 6.03 6.35 5.86 5.86
2009-09-30 6.01 6.15 5.96 5.96
2009-12-08 7.08 7.18 6.76 6.76
2009-12-10 7.16 7.17 6.88 6.88
2009-12-21 6.39 6.46 6.29 6.29
2009-12-22 7.03 7.03 6.45 6.45
2009-12-28 7.24 7.28 6.92 6.92
2010-03-01 8.77 8.89 8.59 8.59
2010-03-30 8.44 8.67 8.22 8.22
2010-04-23 7.45 7.55 7.31 7.31
2010-04-29 6.85 7.09 6.85 6.85
2010-07-09 5.45 5.46 5.18 5.18
2010-08-16 6.14 6.16 5.99 5.99
2010-08-17 6.38 6.46 6.12 6.12
2010-10-25 5.91 5.94 5.84 5.84
2010-10-27 6.04 6.23 5.9 5.9
2010-11-25 5.68 5.71 5.56 5.56
2010-12-01 5.43 5.53 5.34 5.34
2010-12-13 5.37 5.39 5.27 5.27
2010-12-16 5.37 5.41 5.32 5.32
2010-12-30 5.42 5.42 5.15 5.15
2011-01-19 5.15 5.18 5.0 5.0
2011-02-01 5.13 5.15 5.08 5.08
2011-02-14 5.32 5.39 5.23 5.23
2011-03-11 5.54 5.6 5.51 5.51
2011-04-06 5.95 5.99 5.76 5.76
2011-04-29 6.44 6.44 5.97 5.97
2011-06-14 5.62 5.68 5.5 5.5
2011-06-30 5.69 5.78 5.6 5.6
2011-08-05 6.14 6.27 6.03 6.03
2011-08-31 6.3 6.37 6.19 6.19
2011-10-26 5.19 5.3 5.18 5.18
2011-11-14 5.41 5.43 5.3 5.3
2011-12-20 4.08 4.16 4.02 4.02
2011-12-30 3.6 3.62 3.51 3.51
2012-02-09 4.15 4.22 4.12 4.12
2012-02-10 4.19 4.24 4.13 4.13
2012-03-01 4.87 4.99 4.8 4.8
2012-03-02 4.95 4.97 4.86 4.86
2012-04-05 4.14 4.17 4.0 4.0
2012-04-09 4.38 4.55 4.15 4.15
2012-04-18 4.77 4.93 4.58 4.58
2012-05-17 4.32 4.35 4.22 4.22
2012-06-11 4.04 4.05 3.93 3.93
2012-07-10 3.57 3.63 3.52 3.52
2012-07-11 3.66 3.67 3.57 3.57
2012-07-18 3.85 3.95 3.64 3.64
2012-08-23 3.64 3.64 3.56 3.56
2012-09-03 3.48 3.57 3.4 3.4
2012-10-09 3.48 3.48 3.39 3.39
2012-10-22 3.65 3.66 3.56 3.56
2012-11-01 3.55 3.6 3.45 3.45
2012-11-02 3.65 3.67 3.56 3.56
2012-11-09 3.85 3.85 3.7 3.7
2012-12-28 3.58 3.61 3.5 3.5
2013-01-28 3.73 3.75 3.65 3.65
2013-03-19 3.83 3.89 3.67 3.67
2013-03-27 3.92 3.94 3.87 3.87
2013-04-12 4.18 4.22 4.06 4.06
2013-04-19 4.28 4.35 4.22 4.22
2013-05-24 4.68 4.71 4.6 4.6
2013-05-27 4.7 4.73 4.62 4.62
2013-06-03 5.54 5.57 5.03 5.03
2013-06-07 5.29 5.47 5.13 5.13
2013-06-14 4.95 5.06 4.93 4.93
2013-06-18 4.87 4.99 4.73 4.73
2013-07-11 4.21 4.27 4.04 4.04
2013-07-31 4.22 4.35 3.99 3.99
2013-08-05 4.18 4.24 4.11 4.11
2013-08-12 4.26 4.31 4.18 4.18
2013-08-16 4.2 4.3 4.16 4.16
2013-09-10 4.51 4.55 4.5 4.5
2013-09-16 4.7 4.79 4.6 4.6
2013-10-30 4.87 4.97 4.67 4.67
2014-03-18 4.12 4.15 4.09 4.09
2014-03-25 4.23 4.28 4.19 4.19
2014-04-01 4.24 4.24 4.14 4.14
2014-04-02 4.33 4.35 4.24 4.24
2014-04-18 4.27 4.28 4.23 4.23
2014-04-30 3.89 3.89 3.82 3.82
2014-05-06 3.93 3.97 3.91 3.91
2014-05-08 3.87 3.91 3.84 3.84
2014-06-05 3.93 3.93 3.85 3.85
2014-06-20 3.87 3.87 3.82 3.82
2014-06-27 4.01 4.03 3.91 3.91
2014-07-23 4.45 4.52 4.31 4.31
2014-07-25 4.83 4.83 4.36 4.36
2014-08-15 4.83 4.87 4.77 4.77
2014-08-27 4.8 4.82 4.76 4.76
2014-10-24 5.66 5.92 5.5 5.5
2014-10-31 5.86 5.92 5.61 5.61
2014-12-12 5.54 5.57 5.46 5.46
2014-12-24 5.07 5.11 4.97 4.97
2015-01-15 5.14 5.16 5.04 5.04
2015-01-20 5.14 5.15 4.93 4.93
2015-02-13 5.41 5.46 5.32 5.32
2015-03-04 5.97 6.01 5.65 5.65
2015-04-22 8.57 8.74 8.46 8.46
2015-09-07 8.83 8.83 8.83 8.83
2015-09-08 7.95 7.95 7.95 7.95
2015-09-09 7.25 7.69 7.16 7.16
2015-10-15 6.86 6.9 6.62 6.62
2015-10-20 7.14 7.18 6.9 6.9
2015-11-17 11.74 12.34 11.35 11.35
2015-12-15 15.31 15.31 13.83 13.83
2015-12-16 16.84 16.84 15.8 15.8
2015-12-22 23.03 23.03 21.15 21.15
2016-01-05 25.57 25.58 20.96 20.96
2016-01-18 17.01 17.01 14.4 14.4
2016-01-29 14.48 15.09 13.03 13.03
2016-03-02 12.44 12.44 11.21 11.21
2016-03-18 13.08 13.51 12.31 12.31
2016-03-21 14.28 14.39 13.1 13.1
2016-03-30 13.9 14.19 13.15 13.15
2016-04-13 13.51 13.86 13.1 13.1
2016-04-19 14.6 14.6 13.4 13.4
2016-09-21 16.39 16.58 16.31 16.31
2016-10-27 18.33 18.64 18.16 18.16
2017-02-21 15.74 15.99 15.74 15.74
2017-02-22 15.5 16.4 15.11 15.11
2017-03-16 13.74 13.83 13.66 13.66
2017-07-31 11.5 11.56 11.26 11.26
2017-08-16 11.16 11.17 10.93 10.93
