1996-09-06 14.7 15.0 14.41 14.41
1996-10-17 18.01 18.03 17.8 17.8
1996-10-21 17.9 18.05 17.6 17.6
1996-11-27 11.8 11.9 11.5 11.5
1996-12-02 12.95 12.98 12.4 12.4
1996-12-09 14.33 14.5 13.86 13.86
1996-12-16 11.6 11.6 11.6 11.6
1996-12-18 11.48 11.48 9.88 9.88
1997-01-21 13.05 13.2 12.68 12.68
1997-01-22 13.72 13.8 13.1 13.1
1997-02-20 13.85 14.25 12.69 12.69
1997-04-03 15.79 15.95 15.1 15.1
1997-05-07 21.9 21.9 21.9 21.9
1997-05-20 22.68 22.98 21.5 21.5
1997-05-22 20.35 21.78 20.21 20.21
1997-09-04 17.23 17.4 16.5 16.5
1997-09-18 15.85 15.98 15.8 15.8
1997-09-24 14.98 14.98 14.2 14.2
1997-10-17 16.34 16.88 15.8 15.8
1997-11-18 17.02 17.4 17.01 17.01
1997-12-09 15.07 15.14 14.68 14.68
1997-12-10 15.11 15.25 15.04 15.04
1998-02-24 15.14 15.3 15.02 15.02
1998-03-10 13.75 13.98 13.5 13.5
1998-03-11 13.83 14.2 13.75 13.75
1998-04-28 16.58 16.72 15.58 15.58
1998-07-24 15.63 15.99 15.2 15.2
1998-09-14 14.01 14.21 13.82 13.82
1998-09-28 13.39 13.71 13.3 13.3
1998-10-07 13.06 13.28 13.01 13.01
1998-10-13 13.29 13.5 13.12 13.12
1998-12-15 12.5 12.5 12.18 12.18
1998-12-22 12.48 12.55 12.14 12.14
1999-02-09 10.63 10.76 10.3 10.3
1999-03-03 10.89 10.89 10.4 10.4
1999-03-05 11.15 11.15 10.8 10.8
1999-03-29 11.12 11.17 10.8 10.8
1999-04-28 10.0 10.66 9.7 9.7
1999-04-29 10.06 10.08 10.0 10.0
1999-05-10 9.74 10.08 9.5 9.5
1999-05-11 9.9 9.94 9.63 9.63
1999-05-12 10.18 10.45 9.9 9.9
1999-05-19 10.48 10.5 9.7 9.7
1999-05-21 11.94 11.94 11.18 11.18
1999-05-24 13.13 13.13 12.5 12.5
1999-06-09 13.72 13.97 13.4 13.4
1999-06-14 14.79 14.96 13.6 13.6
1999-06-28 18.25 18.38 17.11 17.11
1999-08-26 16.24 16.38 16.1 16.1
1999-08-31 15.9 15.93 15.6 15.6
1999-11-30 12.3 12.46 12.2 12.2
1999-12-08 12.43 12.62 12.3 12.3
2000-03-03 16.87 17.5 16.5 16.5
2000-03-13 17.6 17.65 16.2 16.2
2000-03-14 16.52 17.36 15.84 15.84
2000-03-22 17.3 17.76 16.99 16.99
2000-04-28 15.85 15.93 15.35 15.35
2000-06-05 16.0 16.5 15.67 15.67
2000-06-06 17.08 17.34 16.08 16.08
2000-12-25 14.5 14.8 14.45 14.45
2001-03-05 12.44 12.5 12.25 12.25
2001-03-07 12.39 12.46 12.3 12.3
2001-03-27 13.18 13.4 12.9 12.9
2001-05-08 14.49 14.49 13.7 13.7
2001-07-10 14.88 14.93 14.65 14.65
2001-07-13 14.8 14.9 14.59 14.59
2001-08-10 13.01 13.06 12.58 12.58
2001-08-15 12.97 13.17 12.71 12.71
2001-10-25 9.18 9.18 9.18 9.18
2001-10-29 9.78 9.78 9.39 9.39
2001-11-01 9.84 10.05 9.8 9.8
2001-12-03 11.04 11.19 10.85 10.85
2002-07-30 9.31 9.37 9.22 9.22
2002-09-17 9.15 9.3 9.0 9.0
2002-09-19 9.24 9.28 9.0 9.0
2002-10-30 8.7 8.93 8.63 8.63
2002-12-16 7.25 7.32 7.1 7.1
2003-05-16 6.72 6.95 6.51 6.51
2003-05-29 7.28 7.35 7.01 7.01
2003-09-04 6.36 6.58 6.32 6.32
2003-09-08 6.3 6.38 6.19 6.19
2003-09-24 6.34 6.43 6.25 6.25
2003-11-19 4.88 5.02 4.74 4.74
2004-08-02 4.19 4.25 4.15 4.15
2004-08-03 4.25 4.34 4.18 4.18
2005-02-16 3.33 3.36 3.28 3.28
2005-07-12 1.71 1.74 1.62 1.62
2005-08-24 2.06 2.07 2.02 2.02
2005-11-02 2.14 2.17 2.1 2.1
2005-12-23 2.16 2.16 2.08 2.08
2006-01-24 2.34 2.38 2.3 2.3
2006-10-31 2.06 2.07 1.99 1.99
2006-11-03 2.02 2.05 1.99 1.99
2006-11-10 2.17 2.17 2.07 2.07
2007-01-23 2.16 2.16 2.16 2.16
2007-02-12 2.33 2.33 2.24 2.24
2007-03-27 3.52 3.65 3.4 3.4
2007-03-30 3.19 3.34 3.17 3.17
2007-04-03 3.38 3.42 3.29 3.29
2007-04-16 4.0 4.0 4.0 4.0
2008-12-30 2.73 2.73 2.73 2.73
2008-12-31 2.59 2.71 2.59 2.59
2009-01-05 2.58 2.64 2.53 2.53
2009-01-09 2.59 2.62 2.53 2.53
2009-02-02 2.98 2.98 2.85 2.85
2009-02-06 3.24 3.26 3.12 3.12
2009-03-03 3.31 3.4 3.21 3.21
2009-08-21 5.34 5.38 5.03 5.03
2009-08-28 5.77 5.83 5.56 5.56
2009-09-02 5.12 5.15 5.02 5.02
2009-09-30 6.01 6.15 5.96 5.96
2009-12-10 7.16 7.17 6.88 6.88
2009-12-22 7.03 7.03 6.45 6.45
2009-12-28 7.24 7.28 6.92 6.92
2010-04-29 6.85 7.09 6.85 6.85
2010-08-17 6.38 6.46 6.12 6.12
2010-10-27 6.04 6.23 5.9 5.9
2010-12-01 5.43 5.53 5.34 5.34
2010-12-16 5.37 5.41 5.32 5.32
2011-02-14 5.32 5.39 5.23 5.23
2012-02-10 4.19 4.24 4.13 4.13
2012-03-02 4.95 4.97 4.86 4.86
2012-04-09 4.38 4.55 4.15 4.15
2012-07-11 3.66 3.67 3.57 3.57
2012-07-18 3.85 3.95 3.64 3.64
2012-11-02 3.65 3.67 3.56 3.56
2012-11-09 3.85 3.85 3.7 3.7
2013-03-27 3.92 3.94 3.87 3.87
2013-04-19 4.28 4.35 4.22 4.22
2013-05-27 4.7 4.73 4.62 4.62
2013-06-03 5.54 5.57 5.03 5.03
2013-06-07 5.29 5.47 5.13 5.13
2013-06-14 4.95 5.06 4.93 4.93
2013-06-18 4.87 4.99 4.73 4.73
2013-08-05 4.18 4.24 4.11 4.11
2013-08-12 4.26 4.31 4.18 4.18
2013-08-16 4.2 4.3 4.16 4.16
2013-09-16 4.7 4.79 4.6 4.6
2014-03-25 4.23 4.28 4.19 4.19
2014-04-01 4.24 4.24 4.14 4.14
2014-04-02 4.33 4.35 4.24 4.24
2014-05-06 3.93 3.97 3.91 3.91
2014-05-08 3.87 3.91 3.84 3.84
2014-06-27 4.01 4.03 3.91 3.91
2014-07-25 4.83 4.83 4.36 4.36
2014-10-31 5.86 5.92 5.61 5.61
2015-01-20 5.14 5.15 4.93 4.93
2015-09-08 7.95 7.95 7.95 7.95
2015-09-09 7.25 7.69 7.16 7.16
2015-10-20 7.14 7.18 6.9 6.9
2015-12-16 16.84 16.84 15.8 15.8
2015-12-22 23.03 23.03 21.15 21.15
2016-03-21 14.28 14.39 13.1 13.1
2016-04-19 14.6 14.6 13.4 13.4
2017-02-22 15.5 16.4 15.11 15.11
