1999-09-23 19.75 20.19 19.55 19.55
1999-09-24 20.29 20.7 20.0 20.0
1999-10-22 19.47 20.2 18.5 18.5
1999-11-30 18.6 18.7 18.5 18.5
1999-12-01 19.03 19.28 18.7 18.7
1999-12-10 19.05 19.14 18.65 18.65
1999-12-15 19.2 19.54 18.9 18.9
1999-12-27 17.14 17.45 17.0 17.0
2000-02-14 19.48 19.5 18.2 18.2
2000-03-17 18.01 18.08 17.6 17.6
2000-03-27 19.75 19.8 18.9 18.9
2000-04-19 19.25 19.55 19.1 19.1
2000-04-28 19.32 19.34 18.88 18.88
2000-05-17 15.03 15.25 15.0 15.0
2000-05-29 16.41 16.57 16.35 16.35
2000-06-21 15.66 15.85 15.5 15.5
2000-07-05 15.8 16.0 15.77 15.77
2000-07-12 16.91 17.09 16.7 16.7
2000-07-14 17.05 17.25 16.7 16.7
2000-07-21 16.58 16.7 16.5 16.5
2000-07-24 16.75 16.97 16.6 16.6
2000-08-03 16.59 16.74 16.52 16.52
2000-09-07 15.2 15.46 15.12 15.12
2000-09-11 15.52 15.79 15.28 15.28
2000-09-15 15.34 15.44 15.23 15.23
2000-09-19 15.24 15.57 15.12 15.12
2000-09-20 15.4 15.52 15.24 15.24
2000-09-29 15.7 15.88 15.6 15.6
2000-10-11 15.91 15.97 15.6 15.6
2000-10-18 16.07 16.12 15.72 15.72
2000-10-20 16.2 16.32 15.88 15.88
2000-11-09 16.54 16.69 16.38 16.38
2000-11-15 17.19 17.57 17.0 17.0
2000-11-23 17.63 18.0 17.28 17.28
2000-12-01 18.29 18.31 17.59 17.59
2000-12-26 17.58 17.75 17.3 17.3
2001-01-05 18.27 18.4 18.2 18.2
2001-02-09 16.16 16.27 16.0 16.0
2001-02-13 16.32 16.36 16.22 16.22
2001-02-20 16.49 16.68 16.37 16.37
2001-02-21 16.35 16.48 16.1 16.1
2001-02-22 16.51 16.6 16.39 16.39
2001-02-23 16.88 16.95 16.5 16.5
2001-03-01 16.91 17.09 16.77 16.77
2001-03-20 16.92 16.94 16.7 16.7
2001-04-06 17.31 17.47 17.2 17.2
2001-04-23 17.38 17.54 17.15 17.15
2001-04-24 17.53 17.55 17.38 17.38
2001-05-10 17.76 18.08 17.41 17.41
2001-07-04 18.9 18.96 18.78 18.78
2001-07-20 18.59 18.75 18.31 18.31
2001-08-01 17.45 17.51 17.02 17.02
2001-09-04 15.65 15.67 15.1 15.1
2001-09-18 15.12 15.35 15.0 15.0
2001-09-20 15.5 15.7 15.38 15.38
2001-10-09 15.2 15.34 15.15 15.15
2001-10-29 13.83 13.84 13.62 13.62
2001-11-01 13.65 13.85 13.49 13.49
2001-11-06 13.48 13.55 13.3 13.3
2001-11-19 13.3 13.33 12.81 12.81
2001-11-30 14.21 14.31 14.05 14.05
2001-12-19 14.2 14.43 13.98 13.98
2002-01-29 11.18 11.35 10.61 10.61
2002-01-31 12.17 12.17 11.2 11.2
2002-03-14 13.4 13.41 13.0 13.0
2002-04-05 13.58 13.74 13.38 13.38
2002-04-26 13.21 13.21 13.0 13.0
2002-05-31 11.78 11.8 11.7 11.7
2002-06-11 12.18 12.2 12.07 12.07
2002-06-18 12.31 12.39 12.02 12.02
2002-06-21 12.64 12.65 12.33 12.33
2002-07-05 12.96 13.0 12.81 12.81
2002-08-13 11.45 11.54 11.39 11.39
2002-08-19 11.58 11.78 11.4 11.4
2002-08-20 11.7 11.73 11.52 11.52
2002-08-27 11.77 11.87 11.6 11.6
2002-10-16 10.16 10.35 10.05 10.05
2002-11-04 9.81 9.82 9.5 9.5
2003-01-29 9.28 9.4 9.24 9.24
2003-02-19 9.87 9.93 9.75 9.75
2003-03-31 9.79 9.81 9.55 9.55
2003-04-04 10.0 10.08 9.8 9.8
2003-04-14 11.21 11.39 10.39 10.39
2003-04-30 8.97 9.09 8.81 8.81
2003-06-17 8.86 8.94 8.81 8.81
2003-06-18 9.14 9.22 8.86 8.86
2003-07-01 9.37 9.5 9.33 9.33
2003-09-30 7.62 7.7 7.33 7.33
2003-10-20 7.53 7.59 7.48 7.48
2003-10-31 6.59 6.76 6.48 6.48
2003-11-03 6.63 6.69 6.43 6.43
2003-11-24 7.06 7.16 6.78 6.78
2003-12-22 6.73 6.74 6.42 6.42
2004-01-09 7.63 7.93 7.61 7.61
2004-02-04 7.64 7.67 7.44 7.44
2004-04-22 7.12 7.13 7.03 7.03
2004-05-18 6.69 6.7 6.55 6.55
2004-07-08 6.21 6.25 6.2 6.2
2004-08-24 4.78 4.85 4.58 4.58
2004-09-03 4.9 4.95 4.86 4.86
2004-09-14 4.94 4.96 4.68 4.68
2004-09-17 5.5 5.57 5.36 5.36
2004-10-18 4.88 4.9 4.8 4.8
2004-11-24 4.96 4.97 4.8 4.8
2005-01-11 4.43 4.51 4.35 4.35
2005-01-18 4.26 4.27 4.15 4.15
2005-02-02 4.16 4.17 3.89 3.89
2005-02-21 4.22 4.24 4.13 4.13
2005-03-08 4.59 4.59 4.5 4.5
2005-03-24 3.92 3.93 3.83 3.83
2005-03-25 3.93 3.97 3.91 3.91
2005-04-13 3.97 4.01 3.91 3.91
2005-04-18 3.77 3.78 3.71 3.71
2005-04-28 3.45 3.49 3.31 3.31
2005-05-25 3.56 3.56 3.33 3.33
2005-06-06 3.68 3.71 3.53 3.53
2005-06-08 3.96 3.98 3.64 3.64
2005-06-24 3.85 3.88 3.75 3.75
2005-06-27 3.94 3.99 3.88 3.88
2005-07-12 3.41 3.41 3.25 3.25
2005-07-20 3.17 3.19 3.13 3.13
2005-07-26 3.41 3.47 3.37 3.37
2005-08-30 3.83 3.88 3.81 3.81
2005-09-02 4.1 4.14 4.0 4.0
2005-09-07 4.17 4.18 3.97 3.97
2005-09-28 3.83 3.88 3.8 3.8
2005-09-29 3.93 3.94 3.83 3.83
2005-11-04 3.67 3.68 3.5 3.5
2005-11-23 3.56 3.57 3.5 3.5
2005-12-09 3.49 3.51 3.43 3.43
2005-12-14 3.57 3.58 3.51 3.51
2005-12-22 3.51 3.53 3.49 3.49
2005-12-23 3.56 3.58 3.51 3.51
2006-01-04 3.67 3.69 3.62 3.62
2006-01-06 3.74 3.78 3.71 3.71
2006-01-23 3.96 3.99 3.92 3.92
2006-02-06 4.0 4.03 3.85 3.85
2006-02-20 3.95 4.02 3.88 3.88
2006-04-03 3.95 3.98 3.85 3.85
2006-06-13 5.21 5.3 5.07 5.07
2006-06-23 5.38 5.42 5.3 5.3
2006-07-25 5.6 5.62 5.5 5.5
2006-10-12 6.04 6.25 5.91 5.91
2006-10-24 5.66 5.68 5.51 5.51
2006-11-24 5.78 5.88 5.65 5.65
2006-12-04 6.14 6.2 5.92 5.92
2006-12-28 5.14 5.39 4.88 4.88
2007-02-28 7.1 7.16 6.7 6.7
2007-03-15 7.33 7.43 7.25 7.25
2007-04-09 9.04 9.15 8.82 8.82
2007-04-23 9.64 9.74 9.3 9.3
2007-05-28 12.97 12.97 11.93 11.93
2007-05-30 11.75 12.79 11.75 11.75
2007-06-13 10.57 11.0 10.2 10.2
2007-06-18 10.44 10.64 10.29 10.29
2007-07-06 8.87 8.88 8.16 8.16
2007-07-12 8.98 9.23 8.87 8.87
2007-07-23 9.85 9.95 9.45 9.45
2007-08-02 11.55 11.55 10.7 10.7
2007-08-27 11.76 11.76 10.7 10.7
2007-09-17 13.01 13.18 12.2 12.2
2007-09-28 12.35 12.5 11.92 11.92
2007-10-26 9.51 9.74 9.3 9.3
2007-11-19 10.21 10.57 9.71 9.71
2007-12-11 10.78 10.97 10.55 10.55
2007-12-20 9.13 9.38 9.01 9.01
2008-01-02 10.91 11.18 10.68 10.68
2008-03-06 9.4 9.47 9.1 9.1
2008-03-26 7.61 7.78 7.51 7.51
2008-07-07 4.94 4.95 4.73 4.73
2008-07-21 5.19 5.23 4.92 4.92
2008-07-22 5.21 5.34 5.19 5.19
2008-08-29 4.04 4.13 3.75 3.75
2008-12-26 3.52 3.55 3.45 3.45
2009-02-04 4.07 4.1 3.94 3.94
2009-02-19 4.9 4.96 4.75 4.75
2009-02-20 5.0 5.03 4.85 4.85
2009-03-30 5.3 5.37 5.22 5.22
2009-05-04 5.52 5.55 5.37 5.37
2009-05-12 5.78 5.78 5.5 5.5
2009-06-08 5.93 6.0 5.85 5.85
2009-07-14 7.18 7.25 6.93 6.93
2009-07-27 7.02 7.04 6.91 6.91
2009-08-13 6.77 6.82 6.68 6.68
2009-08-18 6.13 6.18 5.96 5.96
2009-09-14 7.19 7.27 6.95 6.95
2009-09-21 7.17 7.21 6.89 6.89
2009-10-09 6.73 6.74 6.55 6.55
2009-10-19 7.29 7.3 7.06 7.06
2009-11-17 8.66 8.66 8.12 8.12
2009-12-07 8.51 8.54 8.32 8.32
2009-12-10 9.03 9.1 8.69 8.69
2010-02-12 8.08 8.16 8.02 8.02
2010-03-19 8.82 8.84 8.62 8.62
2010-04-16 8.49 8.57 8.41 8.41
2010-07-14 5.98 6.04 5.91 5.91
2010-08-23 6.8 6.82 6.68 6.68
2010-08-26 6.76 6.82 6.73 6.73
2010-11-03 7.61 7.62 6.95 6.95
2010-12-21 8.5 8.7 7.91 7.91
2010-12-24 8.38 8.45 7.98 7.98
2011-03-25 9.52 9.57 9.36 9.36
2011-04-01 10.03 10.13 9.69 9.69
2011-04-21 10.26 10.6 9.98 9.98
2011-06-07 6.36 6.37 6.16 6.16
2011-07-08 6.65 7.05 6.5 6.5
2011-08-23 5.83 5.84 5.7 5.7
2011-08-24 6.01 6.03 5.83 5.83
2011-08-25 6.07 6.1 5.89 5.89
2011-08-31 6.17 6.28 6.08 6.08
2011-10-28 5.6 5.65 5.54 5.54
2011-11-01 5.61 5.67 5.56 5.56
2011-11-02 5.62 5.62 5.43 5.43
2011-11-08 5.92 5.95 5.72 5.72
2011-12-16 4.7 4.7 4.53 4.53
2012-01-10 4.38 4.42 4.19 4.19
2012-02-08 4.8 4.84 4.68 4.68
2012-05-04 4.93 4.96 4.88 4.88
2012-08-02 4.11 4.2 4.1 4.1
2012-08-15 4.93 4.93 4.93 4.93
2012-08-28 4.22 4.27 4.16 4.16
2012-09-19 4.24 4.26 4.2 4.2
2012-09-21 4.16 4.17 4.11 4.11
2012-12-28 4.67 4.68 4.55 4.55
2013-01-28 4.73 4.74 4.58 4.58
2013-02-01 4.74 4.77 4.72 4.72
2013-02-25 4.77 4.79 4.74 4.74
2013-03-05 4.51 4.52 4.42 4.42
2013-03-14 4.47 4.53 4.45 4.45
2013-04-19 4.64 4.68 4.56 4.56
2013-05-03 4.45 4.49 4.43 4.43
2013-05-17 4.54 4.58 4.48 4.48
2013-05-21 4.6 4.6 4.53 4.53
2013-07-22 3.89 3.9 3.81 3.81
2013-07-23 3.99 4.01 3.89 3.89
2013-08-01 3.93 3.94 3.85 3.85
2013-09-09 4.35 4.39 4.28 4.28
2013-09-30 4.22 4.26 4.17 4.17
2013-10-09 4.41 4.5 4.36 4.36
2013-10-14 4.51 4.6 4.43 4.43
2013-10-31 4.14 4.19 4.12 4.12
2013-11-18 4.15 4.18 4.09 4.09
2013-11-25 4.17 4.23 4.14 4.14
2013-11-26 4.23 4.25 4.15 4.15
2013-12-25 4.03 4.04 3.99 3.99
2013-12-27 3.97 4.0 3.93 3.93
2013-12-30 4.03 4.04 3.98 3.98
2014-02-10 4.01 4.03 3.94 3.94
2014-02-14 4.22 4.34 4.18 4.18
2014-05-23 3.85 3.88 3.82 3.82
2014-06-11 3.84 3.84 3.8 3.8
2014-07-18 3.95 3.97 3.9 3.9
2014-08-08 4.27 4.3 4.24 4.24
2014-08-15 4.35 4.38 4.3 4.3
2014-08-18 4.41 4.43 4.34 4.34
2014-08-29 4.43 4.44 4.36 4.36
2014-09-01 4.57 4.59 4.42 4.42
2014-09-12 4.88 4.88 4.71 4.71
2014-10-28 5.26 5.28 5.13 5.13
2014-10-31 5.5 5.57 5.32 5.32
2014-11-18 6.16 6.2 5.94 5.94
2014-12-24 5.48 5.49 5.34 5.34
2015-01-20 5.78 5.79 5.63 5.63
2015-03-06 6.92 7.2 6.7 6.7
2015-03-20 8.24 8.24 7.51 7.51
2015-04-10 9.28 9.37 9.01 9.01
2015-04-13 10.21 10.21 9.64 9.64
2015-04-27 10.58 11.1 10.34 10.34
2015-07-07 7.36 7.36 7.36 7.36
2015-07-10 8.1 8.1 7.91 7.91
2015-08-17 11.65 11.65 10.6 10.6
2015-09-21 7.28 7.31 6.88 6.88
2015-09-23 7.55 7.83 7.35 7.35
2015-11-04 9.32 9.39 8.98 8.98
2015-12-17 10.72 10.78 10.15 10.15
2015-12-25 11.89 12.18 11.4 11.4
2016-01-19 7.92 7.96 7.2 7.2
2016-01-22 7.45 7.75 7.14 7.14
2016-07-05 7.01 7.09 6.91 6.91
2016-08-03 7.08 7.13 6.9 6.9
2016-08-23 7.79 7.91 7.71 7.71
2016-09-07 7.87 7.94 7.74 7.74
2016-09-27 8.06 8.18 7.9 7.9
2016-09-28 8.13 8.2 8.02 8.02
2016-09-30 8.26 8.3 8.11 8.11
2016-11-18 9.15 9.24 9.11 9.11
2016-12-07 10.2 10.44 9.63 9.63
2016-12-30 12.34 12.34 12.34 12.34
2017-01-03 13.57 13.57 13.57 13.57
2017-01-20 13.44 15.4 13.44 13.44
2017-03-31 13.32 13.61 12.74 12.74
2017-05-19 10.56 10.72 10.29 10.29
2017-05-26 10.26 10.49 10.21 10.21
2017-06-05 10.15 10.2 10.02 10.02
2017-07-03 11.24 11.3 10.85 10.85
2017-07-28 10.38 10.44 10.25 10.25
2017-08-14 10.12 10.16 10.04 10.04
