1997-08-14 15.05 15.07 14.3 14.3
1997-09-03 14.68 14.68 14.5 14.5
1997-09-09 14.69 14.93 14.51 14.51
1997-09-10 14.79 14.82 14.55 14.55
1997-12-02 14.75 14.9 14.18 14.18
1998-01-16 17.99 18.0 17.2 17.2
1998-01-19 19.2 19.5 18.3 18.3
1998-04-24 17.58 17.75 17.15 17.15
1998-04-27 18.3 18.6 17.7 17.7
1998-05-29 18.14 18.18 17.6 17.6
1998-06-02 18.91 19.44 18.5 18.5
1998-07-30 23.48 23.6 23.26 23.26
1998-08-12 23.8 23.95 23.08 23.08
1998-08-18 23.97 24.28 23.0 23.0
1998-08-21 23.75 24.28 23.6 23.6
1998-08-24 25.05 25.18 24.0 24.0
1998-09-28 17.42 17.63 17.2 17.2
1998-12-28 14.61 14.73 14.6 14.6
1999-01-04 14.39 14.55 14.05 14.05
1999-01-08 14.51 14.51 14.13 14.13
1999-01-13 14.38 14.55 14.1 14.1
1999-02-08 13.15 13.3 13.0 13.0
1999-02-09 13.45 13.5 13.2 13.2
1999-03-01 13.65 13.8 13.51 13.51
1999-03-03 13.48 13.5 13.22 13.22
1999-03-04 13.68 13.78 13.48 13.48
1999-03-10 13.9 14.0 13.7 13.7
1999-03-15 14.36 14.57 14.3 14.3
1999-03-23 14.0 14.0 13.5 13.5
1999-03-30 13.3 13.43 13.05 13.05
1999-03-31 13.38 13.47 13.1 13.1
1999-04-16 13.1 13.27 13.05 13.05
1999-04-30 12.26 12.45 12.15 12.15
1999-05-06 12.21 12.3 12.1 12.1
1999-05-11 11.77 11.9 11.5 11.5
1999-05-12 11.99 12.05 11.7 11.7
1999-05-20 12.79 12.88 12.1 12.1
1999-05-24 13.92 13.92 12.48 12.48
1999-05-26 13.98 14.0 13.38 13.38
1999-06-09 16.5 16.5 15.6 15.6
1999-06-15 17.5 17.5 16.8 16.8
1999-06-23 21.99 22.25 20.9 20.9
1999-06-28 22.4 22.4 20.8 20.8
1999-07-08 21.93 22.48 21.55 21.55
1999-07-14 20.51 20.7 20.2 20.2
1999-07-30 19.5 19.56 19.0 19.0
1999-08-05 19.68 19.98 19.28 19.28
1999-08-13 19.8 20.1 19.5 19.5
1999-08-16 20.47 20.65 19.9 19.9
1999-08-26 21.0 21.1 20.73 20.73
1999-08-30 16.3 16.3 15.25 15.25
2000-03-03 18.7 18.75 17.5 17.5
2000-06-19 20.12 20.2 20.09 20.09
2000-06-21 20.63 20.63 20.38 20.38
2000-06-23 20.1 20.3 19.9 19.9
2000-06-27 20.45 20.98 20.1 20.1
2000-11-03 23.2 25.4 23.01 23.01
2000-11-07 24.2 24.2 23.5 23.5
2000-11-23 24.9 25.0 24.1 24.1
2001-01-09 25.3 25.3 24.9 24.9
2001-03-02 27.12 27.13 26.88 26.88
2001-03-08 27.31 27.33 27.2 27.2
2001-03-23 28.18 28.3 28.18 28.18
2001-03-26 28.24 28.32 28.18 28.18
2001-04-02 28.69 28.72 28.54 28.54
2001-04-03 28.78 28.88 28.69 28.69
2001-04-06 29.1 29.1 28.72 28.72
2001-04-10 29.49 29.49 29.3 29.3
2001-04-13 30.27 30.27 29.72 29.72
2001-04-16 31.8 31.87 30.3 30.3
2001-04-30 32.42 34.0 32.0 32.0
2001-11-29 25.75 25.9 25.5 25.5
2001-11-30 25.8 25.88 25.6 25.6
2001-12-06 26.78 26.8 26.6 26.6
2001-12-19 27.48 27.6 27.3 27.3
2002-03-21 26.39 26.8 25.99 25.99
2002-08-14 22.54 22.54 22.45 22.45
2002-09-16 21.24 21.5 20.9 20.9
2002-12-19 16.76 16.94 16.33 16.33
2003-02-26 15.82 15.85 15.7 15.7
2003-03-04 15.51 15.77 15.5 15.5
2004-02-20 14.34 14.52 14.2 14.2
2004-03-05 13.1 13.23 13.0 13.0
2004-04-02 12.96 13.1 12.9 12.9
2004-04-09 13.19 13.28 13.04 13.04
2004-04-16 12.92 12.97 12.57 12.57
2004-05-12 11.06 11.4 10.37 10.37
2004-11-22 6.64 6.77 6.43 6.43
2005-02-02 5.22 5.24 4.85 4.85
2005-02-21 5.11 5.18 5.06 5.06
2005-02-25 5.56 5.56 5.1 5.1
2005-02-28 6.12 6.12 5.66 5.66
2005-08-15 3.25 3.26 3.04 3.04
2005-08-17 3.29 3.31 2.98 2.98
2005-12-16 2.54 2.58 2.5 2.5
2005-12-23 2.48 2.48 2.42 2.42
2005-12-26 2.5 2.51 2.46 2.46
2005-12-29 2.51 2.53 2.48 2.48
2006-03-13 2.47 2.49 2.44 2.44
2006-03-15 2.46 2.47 2.41 2.41
2006-04-10 2.47 2.49 2.38 2.38
2006-04-17 2.46 2.48 2.43 2.43
2006-05-08 2.47 2.54 2.43 2.43
2006-05-10 2.74 2.74 2.49 2.49
2006-05-22 3.92 4.1 3.85 3.85
2006-05-25 3.85 3.94 3.64 3.64
2006-08-21 3.15 3.18 3.0 3.0
2006-09-14 4.02 4.05 3.8 3.8
2006-10-18 4.55 4.6 4.4 4.4
2007-03-12 5.71 5.74 5.29 5.29
2007-06-08 7.81 7.81 7.3 7.3
2007-06-18 7.35 7.45 7.28 7.28
2007-07-05 5.62 5.62 5.21 5.21
2007-11-27 6.25 6.4 6.18 6.18
2007-11-28 6.88 6.88 6.27 6.27
2008-01-03 8.52 8.62 8.3 8.3
2008-01-07 8.63 8.64 8.3 8.3
2008-01-10 8.45 8.64 8.31 8.31
2008-03-25 7.06 7.12 6.68 6.68
2008-11-07 2.72 2.72 2.51 2.51
2008-12-03 3.37 3.38 3.22 3.22
2008-12-08 3.78 3.78 3.5 3.5
2009-03-23 4.5 4.54 4.26 4.26
2009-03-26 4.45 4.49 4.32 4.32
2009-05-04 5.05 5.05 4.59 4.59
2009-09-07 5.69 5.83 5.6 5.6
2009-10-29 6.65 6.9 6.41 6.41
2010-01-13 10.17 10.63 10.01 10.01
2010-05-28 10.69 11.11 10.32 10.32
2010-09-27 16.71 16.76 15.72 15.72
2010-10-12 17.22 18.04 17.02 17.02
2010-10-19 15.37 15.54 14.75 14.75
2010-10-25 16.48 16.68 16.23 16.23
2011-02-01 12.19 12.32 12.1 12.1
2011-02-16 14.24 14.35 13.87 13.87
2011-02-24 13.38 13.46 13.12 13.12
2011-07-01 10.31 10.43 10.26 10.26
2011-07-04 10.71 11.0 10.32 10.32
2011-07-07 10.9 11.08 10.66 10.66
2011-09-15 10.43 10.76 10.35 10.35
2011-12-23 6.62 6.74 6.52 6.52
2011-12-30 6.6 6.6 6.45 6.45
2012-03-05 8.07 8.16 8.01 8.01
2012-03-08 8.11 8.17 7.95 7.95
2012-03-09 8.35 8.36 8.16 8.16
2012-03-16 7.64 7.68 7.42 7.42
2012-03-19 7.83 7.88 7.6 7.6
2012-04-12 7.94 8.03 7.8 7.8
2012-05-22 8.14 8.15 7.92 7.92
2012-06-18 7.62 7.66 7.52 7.52
2012-07-24 6.75 6.86 6.67 6.67
2012-08-17 6.58 6.65 6.46 6.46
2012-08-29 6.42 6.51 6.34 6.34
2012-12-07 5.48 5.51 5.33 5.33
2013-01-28 6.48 6.52 6.32 6.32
2013-01-29 6.6 6.65 6.5 6.5
2013-07-09 5.79 5.79 5.59 5.59
2013-07-11 6.21 6.28 6.01 6.01
2013-09-23 7.1 7.13 6.9 6.9
2013-09-27 8.78 8.78 8.78 8.78
2013-11-18 8.26 8.35 8.01 8.01
2013-11-26 8.24 8.28 8.15 8.15
2014-04-09 10.5 10.56 10.06 10.06
2015-02-17 15.34 15.36 14.78 14.78
2015-03-24 19.46 20.03 18.33 18.33
2015-03-25 21.41 21.41 19.3 19.3
2015-07-09 12.52 12.52 10.65 10.65
2015-07-10 13.77 13.77 13.15 13.15
2015-11-11 20.18 20.25 19.8 19.8
2015-11-19 20.02 20.14 19.5 19.5
2015-12-17 18.17 18.26 17.85 17.85
2016-02-04 15.65 15.77 15.26 15.26
2016-02-16 16.71 16.83 16.01 16.01
2016-02-24 17.6 18.2 17.02 17.02
2016-06-20 16.3 16.38 16.01 16.01
2016-07-07 16.75 16.9 16.38 16.38
2016-08-12 15.3 15.33 15.19 15.19
2016-08-15 15.55 15.6 15.25 15.25
2016-08-23 15.71 15.73 15.51 15.51
2016-08-30 15.58 15.76 15.48 15.48
2016-09-27 15.02 15.05 14.84 14.84
2016-12-30 15.05 15.2 14.93 14.93
2017-01-05 15.69 15.96 15.32 15.32
2017-02-07 15.87 16.08 15.46 15.46
2017-02-21 15.5 15.64 15.32 15.32
2017-02-22 16.03 16.18 15.47 15.47
2017-06-13 12.2 12.3 11.91 11.91
2017-07-13 12.65 12.7 12.52 12.52
4890
