1996-12-04 22.15 22.39 21.5 21.5
1996-12-16 21.6 21.6 21.6 21.6
1996-12-17 19.44 21.38 19.44 19.44
1997-01-09 21.85 22.05 21.6 21.6
1997-01-17 22.16 22.22 21.78 21.78
1997-01-20 22.14 22.16 21.85 21.85
1997-01-27 23.42 24.05 23.0 23.0
1997-02-19 22.62 22.98 21.8 21.8
1997-02-20 22.1 22.3 20.36 20.36
1997-02-26 22.98 22.99 22.68 22.68
1997-02-27 23.2 23.58 23.01 23.01
1997-03-03 23.35 23.5 23.15 23.15
1997-03-10 24.52 24.8 24.0 24.0
1997-03-17 27.8 27.86 26.5 26.5
1997-03-20 24.38 24.99 24.38 24.38
1997-04-02 24.28 24.55 23.8 23.8
1997-04-09 24.77 24.97 24.6 24.6
1997-04-14 24.58 25.12 24.5 24.5
1997-04-21 26.48 26.65 26.2 26.2
1997-05-09 33.7 34.2 30.13 30.13
1997-05-15 33.39 34.0 30.51 30.51
1997-05-23 33.6 34.25 32.3 32.3
1997-05-26 35.81 36.3 32.05 32.05
1997-05-27 38.05 38.5 36.1 36.1
1997-05-29 37.6 38.68 36.1 36.1
1997-06-02 39.8 40.3 38.51 38.51
1997-06-06 37.5 38.55 36.11 36.11
1997-06-13 33.88 34.49 31.0 31.0
1997-09-16 30.3 30.75 30.11 30.11
1997-09-24 28.0 28.2 26.98 26.98
1997-09-30 28.1 28.1 27.4 27.4
1997-10-15 29.0 29.24 28.78 28.78
1997-10-27 23.18 23.38 22.6 22.6
1997-11-04 22.0 22.3 21.9 21.9
1997-12-10 21.45 21.5 20.8 20.8
1997-12-15 21.4 21.5 20.9 20.9
1997-12-23 21.6 22.0 21.5 21.5
1997-12-30 20.6 21.08 20.6 20.6
1997-12-31 21.1 21.2 20.6 20.6
1998-01-06 23.44 24.1 21.98 21.98
1998-01-22 22.93 23.0 22.15 22.15
1998-02-20 21.85 22.42 21.85 21.85
1998-03-03 20.44 20.45 19.95 19.95
1998-03-13 20.13 20.35 20.0 20.0
1998-04-21 19.83 20.2 19.38 19.38
1998-04-28 21.0 21.3 20.5 20.5
1998-05-14 20.75 21.3 20.5 20.5
1998-05-15 20.8 21.04 20.8 20.8
1998-05-20 20.77 21.3 20.5 20.5
1998-06-23 21.76 22.18 21.5 21.5
1998-06-24 22.3 23.3 22.1 22.1
1998-08-19 15.62 15.79 14.41 14.41
1998-09-04 15.48 15.6 15.19 15.19
1998-09-23 15.7 15.83 15.4 15.4
1998-10-15 15.48 15.69 15.3 15.3
1998-10-16 15.83 15.97 15.51 15.51
1998-10-19 16.13 16.3 15.88 15.88
1998-10-29 15.81 16.0 15.3 15.3
1998-11-24 17.95 18.31 17.9 17.9
1998-12-04 17.19 17.2 17.02 17.02
1998-12-24 17.02 17.1 16.55 16.55
1999-01-05 16.14 16.28 15.9 15.9
1999-01-22 17.59 18.2 17.2 17.2
1999-02-02 17.0 17.07 16.7 16.7
1999-03-04 16.29 16.5 16.08 16.08
1999-03-05 16.39 16.53 16.3 16.3
1999-03-18 17.1 17.2 16.06 16.06
1999-03-29 16.28 16.5 16.1 16.1
1999-04-28 13.65 14.41 13.2 13.2
1999-05-11 13.38 13.6 13.1 13.1
1999-05-24 17.39 17.54 16.1 16.1
1999-05-27 16.85 17.3 16.6 16.6
1999-06-02 16.39 17.35 16.1 16.1
1999-06-04 16.6 16.99 16.18 16.18
1999-06-14 18.57 18.85 18.4 18.4
1999-06-16 19.5 19.8 18.08 18.08
1999-06-29 26.74 26.74 25.2 25.2
1999-07-07 25.99 26.35 24.38 24.38
1999-07-14 23.84 24.28 22.9 22.9
1999-07-20 23.98 23.98 21.5 21.5
1999-07-23 25.83 27.34 25.6 25.6
1999-08-16 24.9 25.12 23.9 23.9
1999-08-17 25.07 25.89 24.77 24.77
1999-08-18 24.68 25.07 22.56 22.56
1999-08-19 26.05 26.5 24.72 24.72
1999-08-23 27.0 27.11 26.0 26.0
1999-08-27 26.81 27.1 26.71 26.71
1999-08-30 26.61 27.0 26.5 26.5
1999-09-10 28.4 29.1 28.0 28.0
1999-09-28 25.5 25.51 25.1 25.1
1999-10-26 21.5 21.99 21.35 21.35
1999-10-27 22.67 22.88 21.8 21.8
1999-12-27 19.4 19.7 18.45 18.45
1999-12-29 20.6 21.1 19.95 19.95
2000-02-14 23.75 23.75 22.48 22.48
2000-02-24 24.33 24.75 23.0 23.0
2000-03-07 24.48 24.6 23.57 23.57
2000-03-17 24.05 24.35 23.2 23.2
2000-04-11 25.32 25.99 24.7 24.7
2000-04-21 27.28 27.28 24.8 24.8
2000-05-11 23.0 23.4 22.6 22.6
2000-06-07 25.0 25.29 24.0 24.0
2000-06-08 25.16 25.85 24.5 24.5
2000-07-07 24.0 24.0 23.66 23.66
2000-07-11 24.25 24.58 23.7 23.7
2000-07-26 24.0 24.49 23.95 23.95
2000-08-14 26.85 26.99 26.15 26.15
2000-10-20 26.73 26.99 25.33 25.33
2000-11-17 30.0 30.4 29.6 29.6
2000-11-30 28.01 28.25 27.6 27.6
2000-12-20 29.08 29.18 27.9 27.9
2001-01-03 31.65 31.68 29.1 29.1
2001-02-09 25.35 25.6 24.8 24.8
2001-03-09 24.98 25.3 24.2 24.2
2001-03-22 26.35 26.39 25.7 25.7
2001-03-27 26.4 26.6 25.68 25.68
2001-04-06 26.6 27.18 26.28 26.28
2001-04-12 27.3 27.81 26.91 26.91
2001-05-15 25.24 25.56 25.04 25.04
2001-06-21 22.86 22.88 22.4 22.4
2001-07-18 22.44 22.68 22.15 22.15
2001-08-03 16.8 17.1 16.7 16.7
2001-09-03 17.16 17.49 16.95 16.95
2001-09-24 18.68 18.75 18.2 18.2
2001-11-14 17.8 18.06 17.7 17.7
2001-11-30 19.18 19.25 19.0 19.0
2001-12-18 18.14 18.15 17.72 17.72
2002-01-22 14.04 14.66 13.65 13.65
2002-01-23 15.01 15.06 13.95 13.95
2002-01-31 15.0 15.3 14.0 14.0
2002-02-07 15.56 15.85 15.25 15.25
2002-03-07 15.35 15.36 14.85 14.85
2002-03-19 15.72 15.85 15.29 15.29
2002-03-20 16.05 16.15 15.76 15.76
2002-04-03 14.46 14.62 14.34 14.34
2002-04-16 15.5 16.0 14.73 14.73
2002-05-23 14.51 14.73 14.4 14.4
2002-06-18 13.12 13.15 12.85 12.85
2002-06-20 13.04 13.19 12.99 12.99
2002-07-05 14.38 14.45 14.3 14.3
2002-07-08 14.51 14.52 14.38 14.38
2002-07-19 13.83 13.85 13.6 13.6
2002-08-05 14.05 14.15 13.48 13.48
2002-08-22 13.76 14.1 13.5 13.5
2002-09-10 13.65 13.65 13.3 13.3
2002-10-16 12.4 12.6 12.3 12.3
2002-12-23 10.33 10.66 10.3 10.3
2003-01-22 10.7 10.84 10.6 10.6
2003-02-11 10.99 11.05 10.88 10.88
2003-02-25 10.6 10.65 10.38 10.38
2003-03-03 10.78 10.83 10.66 10.66
2003-04-04 10.16 10.35 10.05 10.05
2003-05-14 8.03 8.05 7.6 7.6
2003-06-04 8.95 9.3 8.76 8.76
2003-07-08 8.02 8.15 7.9 7.9
2003-07-24 7.58 7.75 7.55 7.55
2003-08-21 7.69 7.77 7.6 7.6
2003-10-09 6.93 7.25 6.7 6.7
2003-11-13 5.24 5.38 5.06 5.06
2003-11-19 5.47 5.54 5.25 5.25
2003-11-25 5.83 6.15 5.75 5.75
2003-12-26 5.69 5.81 5.61 5.61
2004-01-02 5.68 5.7 5.35 5.35
2004-02-27 6.72 6.76 6.48 6.48
2004-03-10 6.44 6.47 6.22 6.22
2004-03-12 6.57 6.6 6.48 6.48
2004-03-26 6.81 6.93 6.75 6.75
2004-04-01 6.95 7.11 6.88 6.88
2004-04-02 7.01 7.18 6.99 6.99
2004-04-08 6.83 6.95 6.8 6.8
2005-05-17 3.72 3.72 3.72 3.72
2005-05-25 3.53 3.62 3.51 3.51
2005-05-26 3.55 3.63 3.5 3.5
2005-05-27 3.62 3.8 3.55 3.55
2005-06-27 3.58 3.61 3.5 3.5
2005-06-29 3.52 3.59 3.45 3.45
2005-07-05 3.0 3.06 2.93 2.93
2005-07-07 3.02 3.03 2.96 2.96
2005-07-26 2.56 2.6 2.44 2.44
2005-08-31 3.06 3.08 2.95 2.95
2005-09-29 3.02 3.03 2.95 2.95
2005-10-11 2.99 3.0 2.86 2.86
2005-11-14 2.88 2.91 2.81 2.81
2005-11-15 2.88 2.95 2.86 2.86
2005-11-30 2.9 2.91 2.85 2.85
2005-12-14 2.78 2.79 2.72 2.72
2005-12-20 2.83 2.87 2.75 2.75
2005-12-23 2.81 2.81 2.77 2.77
2006-01-06 2.96 3.02 2.89 2.89
2006-01-12 2.99 2.99 2.91 2.91
2006-01-23 3.18 3.21 3.03 3.03
2006-02-24 3.08 3.11 3.07 3.07
2006-04-07 3.03 3.04 2.93 2.93
2006-04-28 3.25 3.28 3.04 3.04
2006-05-10 3.98 4.2 3.88 3.88
2006-05-17 5.48 5.48 5.22 5.22
2006-06-12 6.39 6.39 6.39 6.39
2006-06-13 5.75 5.75 5.75 5.75
2006-07-05 6.88 6.88 6.88 6.88
2006-07-06 7.57 7.57 7.57 7.57
2006-10-18 3.36 3.37 3.22 3.22
2006-10-24 3.32 3.34 3.23 3.23
2006-10-31 3.48 3.49 3.38 3.38
2006-11-09 3.28 3.29 3.21 3.21
2006-12-27 5.03 5.09 4.83 4.83
2007-02-12 5.37 5.42 5.3 5.3
2007-03-13 7.32 7.42 6.95 6.95
2007-04-20 8.5 8.6 8.23 8.23
2007-05-17 9.59 9.88 9.51 9.51
2007-05-28 10.53 10.8 9.98 9.98
2007-06-05 6.87 7.0 6.53 6.53
2007-06-08 7.92 8.23 7.86 7.86
2007-07-06 6.83 6.86 6.17 6.17
2007-07-19 6.34 6.43 6.25 6.25
2007-07-23 6.88 6.9 6.54 6.54
2007-12-19 6.84 6.95 6.66 6.66
2007-12-24 7.2 7.33 6.94 6.94
2007-12-27 7.99 8.21 7.65 7.65
2008-01-23 7.45 7.46 7.02 7.02
2008-01-29 7.64 7.8 7.31 7.31
2008-02-04 7.43 7.45 7.01 7.01
2008-02-14 7.52 7.64 7.36 7.36
2008-03-11 7.98 8.0 7.66 7.66
2008-05-07 5.98 6.17 5.8 5.8
2008-05-16 6.28 6.3 5.96 5.96
2008-06-24 4.09 4.19 3.9 3.9
2008-07-23 4.72 4.92 4.62 4.62
2008-07-28 4.73 4.79 4.63 4.63
2008-08-19 3.25 3.27 3.13 3.13
2008-08-29 3.22 3.26 3.14 3.14
2008-09-09 3.06 3.09 2.99 2.99
2008-09-12 3.04 3.1 3.02 3.02
2008-10-30 2.43 2.46 2.38 2.38
2008-11-05 2.34 2.35 2.27 2.27
2008-11-10 2.56 2.59 2.4 2.4
2008-11-19 2.96 2.96 2.96 2.96
2008-11-20 3.26 3.26 3.26 3.26
2008-12-01 3.21 3.28 2.99 2.99
2008-12-03 3.43 3.49 3.26 3.26
2008-12-17 4.05 4.18 3.81 3.81
2009-03-04 4.32 4.35 4.05 4.05
2009-03-26 4.34 4.34 4.2 4.2
2009-03-30 4.57 4.64 4.4 4.4
2009-05-06 5.6 5.65 5.5 5.5
2009-07-17 6.01 6.38 5.94 5.94
2009-07-27 5.65 5.69 5.58 5.58
2009-07-30 5.71 5.75 5.38 5.38
2009-09-01 4.51 4.65 4.48 4.48
2009-10-23 5.25 5.3 5.17 5.17
2009-11-04 5.4 5.44 5.27 5.27
2010-03-18 6.47 6.68 6.38 6.38
2010-05-24 5.28 5.36 5.1 5.1
2010-05-26 5.34 5.36 5.16 5.16
2010-07-06 4.69 4.71 4.58 4.58
2010-07-14 4.86 4.95 4.81 4.81
2010-07-20 4.91 4.92 4.8 4.8
2010-08-02 5.23 5.23 5.1 5.1
2010-08-13 5.26 5.27 5.13 5.13
2010-09-27 5.26 5.28 5.19 5.19
2010-11-15 5.47 5.48 5.35 5.35
2011-01-05 5.89 5.89 5.31 5.31
2011-02-09 7.32 7.32 6.72 6.72
2011-05-31 7.28 7.3 6.96 6.96
2011-07-04 7.38 7.43 7.21 7.21
2011-07-13 7.6 7.69 7.54 7.54
2011-08-03 6.7 6.77 6.61 6.61
2011-08-04 6.8 6.82 6.69 6.69
2011-08-15 6.28 6.32 6.13 6.13
2011-08-23 6.41 6.5 6.23 6.23
2011-09-01 6.22 6.34 6.16 6.16
2011-10-13 5.67 5.78 5.52 5.52
2011-10-17 5.73 5.82 5.63 5.63
2011-12-29 5.29 5.35 5.08 5.08
2012-04-05 5.82 5.87 5.62 5.62
2012-05-04 5.91 5.95 5.85 5.85
2012-05-21 5.8 5.86 5.74 5.74
2012-06-18 5.36 5.43 5.33 5.33
2012-07-24 5.08 5.12 5.01 5.01
2012-08-23 4.99 5.0 4.91 4.91
2012-08-31 4.8 4.83 4.75 4.75
2012-09-03 4.82 4.85 4.77 4.77
2012-09-05 4.85 4.9 4.74 4.74
2012-09-07 5.03 5.17 4.9 4.9
2012-10-09 4.78 4.79 4.68 4.68
2012-11-23 3.95 3.98 3.92 3.92
2012-12-14 4.03 4.11 3.85 3.85
2012-12-18 4.18 4.38 4.06 4.06
2013-01-23 4.79 4.91 4.7 4.7
2013-03-29 4.17 4.2 4.13 4.13
2013-04-02 4.24 4.29 4.2 4.2
2013-04-11 4.46 4.55 4.4 4.4
2013-04-19 4.39 4.45 4.3 4.3
2013-06-14 5.08 5.1 5.0 5.0
2013-07-09 4.53 4.61 4.5 4.5
2013-07-15 5.21 5.21 4.79 4.79
2013-09-30 6.26 6.35 6.05 6.05
2013-10-15 6.36 6.46 6.24 6.24
2013-10-21 6.24 6.28 6.03 6.03
2013-11-04 5.26 5.28 5.14 5.14
2013-11-14 5.15 5.16 5.02 5.02
2013-11-20 5.55 5.58 5.41 5.41
2013-11-25 5.43 5.54 5.43 5.43
2013-12-04 5.69 5.85 5.55 5.55
2013-12-18 5.69 5.71 5.53 5.53
2013-12-30 6.23 6.25 5.97 5.97
2014-01-28 6.63 6.88 6.52 6.52
2014-02-10 7.03 7.09 6.64 6.64
2014-02-28 8.46 8.56 7.82 7.82
2014-03-03 9.31 9.31 8.32 8.32
2014-05-12 11.21 11.23 10.9 10.9
2014-09-02 10.21 10.35 10.1 10.1
2014-11-25 10.08 10.11 9.86 9.86
2014-12-15 9.93 9.96 9.73 9.73
2015-01-08 8.63 8.7 8.5 8.5
2015-01-20 8.61 8.62 8.33 8.33
2015-01-26 9.41 9.5 9.04 9.04
2015-02-27 10.1 10.17 9.91 9.91
2015-03-10 10.64 10.89 10.51 10.51
2015-05-08 14.73 14.85 14.27 14.27
2015-07-09 11.9 11.9 9.74 9.74
2015-08-07 11.63 11.69 11.2 11.2
2015-08-24 12.0 12.36 12.0 12.0
2015-08-25 10.8 10.8 10.8 10.8
2015-08-26 9.72 10.96 9.72 9.72
2015-09-02 8.03 8.35 7.48 7.48
2015-09-24 8.38 8.47 8.17 8.17
2015-10-22 9.58 9.68 9.01 9.01
2015-11-04 9.87 9.89 9.32 9.32
2015-12-03 11.79 11.83 11.18 11.18
2015-12-21 12.15 12.24 12.01 12.01
2015-12-25 11.67 11.78 11.51 11.51
2016-01-05 9.99 10.25 9.35 9.35
2016-01-18 7.88 8.02 7.39 7.39
2016-05-19 7.29 7.43 7.25 7.25
2016-06-17 7.69 7.82 7.57 7.57
2016-06-20 7.9 7.94 7.69 7.69
2016-06-27 8.44 8.51 7.96 7.96
2016-07-13 8.54 8.59 8.39 8.39
2016-07-21 9.08 9.34 8.66 8.66
2016-12-13 8.61 8.88 8.52 8.52
2017-01-03 8.64 8.7 8.58 8.58
2017-01-20 8.15 8.17 7.99 7.99
2017-01-25 8.13 8.14 8.04 8.04
2017-01-26 8.19 8.22 8.14 8.14
2017-02-24 8.84 8.87 8.7 8.7
2017-03-14 8.47 8.53 8.44 8.44
2017-03-16 8.53 8.54 8.39 8.39
2017-05-15 6.71 6.95 6.6 6.6
2017-06-14 6.8 6.86 6.7 6.7
2017-07-20 6.4 6.48 6.38 6.38
2017-08-11 6.54 6.62 6.51 6.51
2017-08-14 6.71 6.75 6.54 6.54
