1996-12-17 19.44 21.38 19.44 19.44
1997-01-17 22.16 22.22 21.78 21.78
1997-01-20 22.14 22.16 21.85 21.85
1997-01-27 23.42 24.05 23.0 23.0
1997-02-20 22.1 22.3 20.36 20.36
1997-02-26 22.98 22.99 22.68 22.68
1997-02-27 23.2 23.58 23.01 23.01
1997-03-03 23.35 23.5 23.15 23.15
1997-03-10 24.52 24.8 24.0 24.0
1997-03-17 27.8 27.86 26.5 26.5
1997-03-20 24.38 24.99 24.38 24.38
1997-04-09 24.77 24.97 24.6 24.6
1997-04-14 24.58 25.12 24.5 24.5
1997-04-21 26.48 26.65 26.2 26.2
1997-05-15 33.39 34.0 30.51 30.51
1997-05-23 33.6 34.25 32.3 32.3
1997-05-26 35.81 36.3 32.05 32.05
1997-05-27 38.05 38.5 36.1 36.1
1997-05-29 37.6 38.68 36.1 36.1
1997-06-02 39.8 40.3 38.51 38.51
1997-06-06 37.5 38.55 36.11 36.11
1997-06-13 33.88 34.49 31.0 31.0
1997-09-24 28.0 28.2 26.98 26.98
1997-09-30 28.1 28.1 27.4 27.4
1997-11-04 22.0 22.3 21.9 21.9
1997-12-15 21.4 21.5 20.9 20.9
1997-12-23 21.6 22.0 21.5 21.5
1997-12-30 20.6 21.08 20.6 20.6
1997-12-31 21.1 21.2 20.6 20.6
1998-01-06 23.44 24.1 21.98 21.98
1998-04-28 21.0 21.3 20.5 20.5
1998-05-15 20.8 21.04 20.8 20.8
1998-05-20 20.77 21.3 20.5 20.5
1998-06-24 22.3 23.3 22.1 22.1
1998-10-16 15.83 15.97 15.51 15.51
1998-10-19 16.13 16.3 15.88 15.88
1999-03-05 16.39 16.53 16.3 16.3
1999-05-27 16.85 17.3 16.6 16.6
1999-06-02 16.39 17.35 16.1 16.1
1999-06-04 16.6 16.99 16.18 16.18
1999-06-14 18.57 18.85 18.4 18.4
1999-06-16 19.5 19.8 18.08 18.08
1999-07-07 25.99 26.35 24.38 24.38
1999-07-14 23.84 24.28 22.9 22.9
1999-07-20 23.98 23.98 21.5 21.5
1999-07-23 25.83 27.34 25.6 25.6
1999-08-17 25.07 25.89 24.77 24.77
1999-08-18 24.68 25.07 22.56 22.56
1999-08-19 26.05 26.5 24.72 24.72
1999-08-23 27.0 27.11 26.0 26.0
1999-08-27 26.81 27.1 26.71 26.71
1999-08-30 26.61 27.0 26.5 26.5
1999-10-27 22.67 22.88 21.8 21.8
1999-12-29 20.6 21.1 19.95 19.95
2000-06-08 25.16 25.85 24.5 24.5
2000-07-11 24.25 24.58 23.7 23.7
2001-03-27 26.4 26.6 25.68 25.68
2001-04-12 27.3 27.81 26.91 26.91
2002-01-23 15.01 15.06 13.95 13.95
2002-01-31 15.0 15.3 14.0 14.0
2002-02-07 15.56 15.85 15.25 15.25
2002-03-20 16.05 16.15 15.76 15.76
2002-06-20 13.04 13.19 12.99 12.99
2002-07-08 14.51 14.52 14.38 14.38
2003-03-03 10.78 10.83 10.66 10.66
2003-11-19 5.47 5.54 5.25 5.25
2003-11-25 5.83 6.15 5.75 5.75
2004-01-02 5.68 5.7 5.35 5.35
2004-03-12 6.57 6.6 6.48 6.48
2004-04-01 6.95 7.11 6.88 6.88
2004-04-02 7.01 7.18 6.99 6.99
2004-04-08 6.83 6.95 6.8 6.8
2005-05-25 3.53 3.62 3.51 3.51
2005-05-26 3.55 3.63 3.5 3.5
2005-05-27 3.62 3.8 3.55 3.55
2005-06-29 3.52 3.59 3.45 3.45
2005-07-05 3.0 3.06 2.93 2.93
2005-07-07 3.02 3.03 2.96 2.96
2005-10-11 2.99 3.0 2.86 2.86
2005-11-15 2.88 2.95 2.86 2.86
2005-12-20 2.83 2.87 2.75 2.75
2005-12-23 2.81 2.81 2.77 2.77
2006-01-12 2.99 2.99 2.91 2.91
2006-05-10 3.98 4.2 3.88 3.88
2006-05-17 5.48 5.48 5.22 5.22
2006-06-13 5.75 5.75 5.75 5.75
2006-07-06 7.57 7.57 7.57 7.57
2006-10-24 3.32 3.34 3.23 3.23
2006-10-31 3.48 3.49 3.38 3.38
2007-06-05 6.87 7.0 6.53 6.53
2007-06-08 7.92 8.23 7.86 7.86
2007-07-23 6.88 6.9 6.54 6.54
2007-12-24 7.2 7.33 6.94 6.94
2007-12-27 7.99 8.21 7.65 7.65
2008-01-29 7.64 7.8 7.31 7.31
2008-02-04 7.43 7.45 7.01 7.01
2008-02-14 7.52 7.64 7.36 7.36
2008-07-28 4.73 4.79 4.63 4.63
2008-09-12 3.04 3.1 3.02 3.02
2008-11-05 2.34 2.35 2.27 2.27
2008-11-10 2.56 2.59 2.4 2.4
2008-11-20 3.26 3.26 3.26 3.26
2008-12-03 3.43 3.49 3.26 3.26
2009-03-30 4.57 4.64 4.4 4.4
2009-07-27 5.65 5.69 5.58 5.58
2009-07-30 5.71 5.75 5.38 5.38
2010-05-26 5.34 5.36 5.16 5.16
2010-07-14 4.86 4.95 4.81 4.81
2010-07-20 4.91 4.92 4.8 4.8
2011-08-04 6.8 6.82 6.69 6.69
2011-08-23 6.41 6.5 6.23 6.23
2011-10-17 5.73 5.82 5.63 5.63
2012-08-31 4.8 4.83 4.75 4.75
2012-09-03 4.82 4.85 4.77 4.77
2012-09-05 4.85 4.9 4.74 4.74
2012-09-07 5.03 5.17 4.9 4.9
2012-12-18 4.18 4.38 4.06 4.06
2013-04-02 4.24 4.29 4.2 4.2
2013-04-11 4.46 4.55 4.4 4.4
2013-04-19 4.39 4.45 4.3 4.3
2013-07-15 5.21 5.21 4.79 4.79
2013-10-15 6.36 6.46 6.24 6.24
2013-10-21 6.24 6.28 6.03 6.03
2013-11-20 5.55 5.58 5.41 5.41
2013-11-25 5.43 5.54 5.43 5.43
2014-02-10 7.03 7.09 6.64 6.64
2014-03-03 9.31 9.31 8.32 8.32
2015-01-26 9.41 9.5 9.04 9.04
2015-08-25 10.8 10.8 10.8 10.8
2015-08-26 9.72 10.96 9.72 9.72
2015-09-02 8.03 8.35 7.48 7.48
2015-12-25 11.67 11.78 11.51 11.51
2016-01-05 9.99 10.25 9.35 9.35
2016-06-20 7.9 7.94 7.69 7.69
2016-06-27 8.44 8.51 7.96 7.96
2016-07-21 9.08 9.34 8.66 8.66
2017-01-25 8.13 8.14 8.04 8.04
2017-01-26 8.19 8.22 8.14 8.14
2017-03-16 8.53 8.54 8.39 8.39
2017-08-14 6.71 6.75 6.54 6.54
