1996-03-04 12.14 12.27 11.38 11.38
1996-03-07 12.12 12.19 11.58 11.58
1996-03-20 12.35 12.35 12.2 12.2
1996-03-22 12.5 12.52 12.29 12.29
1996-04-26 15.57 16.0 14.58 14.58
1996-05-06 15.84 16.1 15.41 15.41
1996-05-08 15.72 15.86 15.35 15.35
1996-05-09 15.78 16.07 15.68 15.68
1996-08-21 18.89 19.18 18.11 18.11
1996-09-09 21.19 21.56 20.08 20.08
1996-11-14 25.63 25.95 25.01 25.01
1996-12-05 22.0 22.0 20.8 20.8
1996-12-11 23.47 25.0 21.5 21.5
1996-12-16 19.34 19.34 19.34 19.34
1996-12-17 17.8 19.49 17.41 17.41
1997-01-09 19.97 20.18 19.78 19.78
1997-01-15 20.0 20.1 19.6 19.6
1997-01-17 20.2 20.6 20.09 20.09
1997-02-20 25.6 26.6 23.14 23.14
1997-04-04 36.5 37.5 35.0 35.0
1997-04-09 39.05 39.91 36.8 36.8
1997-04-28 43.89 44.79 41.49 41.49
1997-05-05 45.93 46.0 44.72 44.72
1997-05-06 50.52 50.52 46.2 46.2
1997-05-07 52.2 54.5 51.5 51.5
1997-06-20 48.45 48.5 46.5 46.5
1997-06-25 52.8 53.8 51.2 51.2
1997-07-25 50.6 51.48 49.0 49.0
1997-07-30 49.4 50.0 49.0 49.0
1997-08-07 47.5 47.8 47.0 47.0
1997-09-01 35.01 38.0 34.65 34.65
1997-09-03 38.0 38.0 36.5 36.5
1997-09-09 36.61 38.0 36.0 36.0
1997-09-11 37.79 38.6 36.55 36.55
1997-10-27 36.68 37.3 35.8 35.8
1997-12-01 32.05 32.42 31.5 31.5
1997-12-22 34.62 34.62 31.5 31.5
1998-03-03 39.3 39.38 37.11 37.11
1998-03-09 42.45 43.27 41.11 41.11
1998-04-03 41.97 42.7 41.05 41.05
1998-04-13 42.4 43.7 42.0 42.0
1998-04-21 40.0 40.4 39.5 39.5
1998-04-28 41.49 42.2 40.85 40.85
1998-05-13 40.22 40.96 40.0 40.0
1998-05-15 41.98 42.6 41.2 41.2
1998-06-05 20.83 21.25 20.55 20.55
1998-06-09 20.68 21.03 20.5 20.5
1998-06-25 19.45 19.96 19.2 19.2
1998-10-20 16.01 16.55 15.2 15.2
1998-10-28 14.25 14.4 14.15 14.15
1999-01-15 13.69 13.7 13.54 13.54
1999-03-30 12.07 12.39 11.98 11.98
1999-04-28 9.1 9.4 9.05 9.05
1999-05-05 9.04 9.05 8.8 8.8
1999-06-21 13.04 13.04 12.0 12.0
1999-06-28 15.5 15.5 14.25 14.25
1999-06-29 17.05 17.05 15.8 15.8
1999-07-28 12.12 12.32 12.1 12.1
1999-07-29 12.58 12.8 12.26 12.26
1999-08-13 9.85 9.85 9.85 9.85
1999-08-17 9.22 9.38 9.0 9.0
1999-08-19 9.32 9.36 9.0 9.0
1999-09-16 9.38 9.55 9.05 9.05
1999-09-21 9.3 9.38 9.2 9.2
1999-10-14 9.62 9.71 9.45 9.45
1999-10-22 9.56 9.6 9.28 9.28
1999-10-27 9.65 9.68 9.35 9.35
1999-12-10 9.37 9.44 9.22 9.22
1999-12-15 9.12 9.29 9.02 9.02
2000-02-28 8.1 8.5 7.85 7.85
2000-04-06 9.42 9.5 9.2 9.2
2000-04-14 9.38 9.65 9.01 9.01
2000-05-25 8.99 9.02 8.78 8.78
2000-05-30 9.63 10.0 9.2 9.2
2000-06-19 9.48 10.0 9.48 9.48
2000-07-31 9.84 9.98 9.55 9.55
2000-09-12 10.52 10.67 10.4 10.4
2000-10-25 10.86 10.95 10.8 10.8
2000-10-26 11.18 11.5 11.0 11.0
2000-10-30 11.55 11.55 11.1 11.1
2000-11-07 10.98 11.09 10.81 10.81
2001-01-09 10.95 11.0 10.77 10.77
2001-01-10 11.13 11.17 10.98 10.98
2001-03-07 11.95 12.06 11.78 11.78
2001-03-12 11.69 11.95 11.56 11.56
2001-03-15 12.02 12.17 11.51 11.51
2001-03-16 12.32 12.5 12.1 12.1
2001-03-26 12.55 12.56 12.22 12.22
2001-04-03 12.49 12.63 12.25 12.25
2001-04-05 12.28 12.35 12.05 12.05
2001-04-27 11.85 11.9 11.7 11.7
2001-06-05 11.64 11.7 11.53 11.53
2001-07-05 11.16 11.24 11.1 11.1
2001-08-09 9.25 9.26 9.08 9.08
2001-08-10 9.43 9.44 9.25 9.25
2001-09-06 8.74 8.88 8.7 8.7
2001-09-25 8.3 8.4 8.3 8.3
2001-11-01 7.57 7.73 7.51 7.51
2001-11-02 7.69 7.76 7.57 7.57
2001-12-07 8.46 8.58 8.22 8.22
2001-12-13 8.01 8.16 8.0 8.0
2001-12-18 8.1 8.1 7.85 7.85
2001-12-24 7.82 8.0 7.8 7.8
2001-12-26 8.21 8.3 7.88 7.88
2002-01-23 7.62 7.7 7.03 7.03
2002-01-25 7.69 7.84 7.38 7.38
2002-01-31 8.2 8.5 7.86 7.86
2002-03-14 9.96 10.0 9.31 9.31
2002-11-04 10.21 10.31 10.1 10.1
2002-11-05 10.19 10.35 10.16 10.16
2002-11-06 10.4 10.47 10.21 10.21
2003-01-20 8.35 8.41 8.19 8.19
2003-02-25 9.57 9.62 9.48 9.48
2004-02-16 17.52 17.58 17.18 17.18
2004-02-19 17.9 18.05 17.65 17.65
2004-03-23 19.99 20.1 19.5 19.5
2004-05-26 17.76 17.79 17.03 17.03
2004-05-27 18.0 18.05 17.41 17.41
2004-05-28 18.03 18.05 17.95 17.95
2004-07-21 17.4 17.5 16.9 16.9
2004-07-23 17.1 17.1 16.68 16.68
2004-07-27 17.49 17.55 17.02 17.02
2004-07-28 17.95 18.08 17.2 17.2
2004-09-23 17.59 17.65 16.8 16.8
2005-03-02 7.0 7.14 6.9 6.9
2005-04-07 7.54 7.89 7.45 7.45
2005-05-11 7.3 7.37 7.16 7.16
2005-05-16 7.15 7.24 6.9 6.9
2005-05-18 7.13 7.19 6.81 6.81
2005-07-20 8.02 8.06 7.7 7.7
2006-11-30 6.56 6.62 6.45 6.45
2007-01-04 7.39 7.75 7.31 7.31
2007-01-05 8.13 8.13 7.38 7.38
2007-01-08 8.94 8.94 8.35 8.35
2007-03-22 11.87 12.08 11.81 11.81
2007-03-27 12.6 12.68 12.0 12.0
2007-07-23 15.82 15.89 15.01 15.01
2007-07-25 16.68 16.86 15.8 15.8
2007-08-13 18.79 19.48 18.35 18.35
2007-08-21 19.1 19.36 18.55 18.55
2007-08-24 19.88 20.11 19.07 19.07
2007-09-03 20.52 20.66 19.4 19.4
2008-11-05 7.41 7.66 7.08 7.08
2009-03-05 11.04 11.04 11.04 11.04
2009-04-28 10.16 10.17 10.03 10.03
2009-08-20 9.62 9.7 9.37 9.37
2009-11-16 10.71 10.72 10.51 10.51
2010-05-26 7.64 7.74 7.57 7.57
2010-10-15 7.99 8.07 7.8 7.8
2010-10-25 8.04 8.07 7.73 7.73
2010-10-29 7.96 8.03 7.86 7.86
2010-12-01 7.6 7.7 7.48 7.48
2011-03-25 7.5 7.56 7.46 7.46
2011-07-12 7.23 7.24 7.11 7.11
2011-08-11 6.24 6.24 5.99 5.99
2011-12-09 5.62 5.67 5.51 5.51
2011-12-15 5.67 5.77 5.6 5.6
2012-03-06 6.25 6.3 6.15 6.15
2012-08-21 4.52 4.54 4.45 4.45
2012-10-12 4.5 4.62 4.44 4.44
2012-10-18 4.45 4.48 4.39 4.39
2012-10-22 4.49 4.53 4.42 4.42
2012-11-15 4.99 5.02 4.9 4.9
2012-11-20 4.94 5.01 4.84 4.84
2013-02-26 6.1 6.23 6.03 6.03
2013-02-27 6.23 6.26 6.1 6.1
2013-03-06 6.08 6.14 5.95 5.95
2013-03-14 6.08 6.12 5.88 5.88
2013-03-19 6.25 6.31 6.08 6.08
2013-05-13 6.41 6.43 6.3 6.3
2013-05-17 6.69 6.72 6.54 6.54
2013-07-05 3.77 3.78 3.69 3.69
2013-08-05 3.62 3.63 3.49 3.49
2013-08-12 3.81 3.85 3.69 3.69
2013-08-13 3.96 3.96 3.81 3.81
2013-10-29 4.02 4.07 3.93 3.93
2013-11-14 4.1 4.16 4.06 4.06
2014-01-17 4.07 4.12 4.06 4.06
2014-04-30 4.82 4.83 4.63 4.63
2014-05-30 4.98 5.05 4.96 4.96
2014-06-03 5.12 5.16 4.98 4.98
2014-09-01 5.98 6.01 5.87 5.87
2014-11-26 7.55 7.58 7.42 7.42
2014-12-29 10.72 11.15 10.32 10.32
2014-12-31 11.44 11.5 10.48 10.48
2015-02-25 10.33 10.63 9.8 9.8
2015-09-21 12.04 12.04 12.04 12.04
2015-09-22 10.84 10.84 10.84 10.84
2015-09-23 9.76 9.76 9.76 9.76
2015-09-24 9.46 9.81 9.22 9.22
2015-11-09 9.47 9.62 9.35 9.35
2016-03-14 6.43 6.49 6.36 6.36
2016-03-16 6.56 6.59 6.46 6.46
2016-03-21 6.87 6.89 6.72 6.72
2016-03-25 6.74 6.77 6.67 6.67
2016-03-30 6.89 6.93 6.72 6.72
2016-04-13 6.85 6.93 6.78 6.78
2016-07-26 6.73 6.74 6.6 6.6
2016-07-28 7.08 7.18 6.78 6.78
2016-09-08 6.87 6.92 6.86 6.86
2016-09-19 6.72 6.74 6.67 6.67
2016-09-22 6.73 6.79 6.73 6.73
2016-10-19 6.67 6.74 6.64 6.64
2016-11-14 6.69 6.73 6.64 6.64
2017-02-21 7.13 7.16 7.12 7.12
2017-02-28 7.03 7.06 7.01 7.01
2017-03-20 7.78 7.79 7.49 7.49
2017-04-07 7.8 7.91 7.53 7.53
2017-06-19 7.84 7.86 7.77 7.77
