1999-06-23 6.8 6.96 6.4 6.4
1999-06-24 6.88 7.08 6.8 6.8
1999-07-23 6.08 6.14 6.0 6.0
1999-07-28 6.11 6.15 6.05 6.05
1999-08-04 6.55 6.56 6.23 6.23
1999-08-17 6.33 6.46 6.2 6.2
1999-08-23 6.58 6.64 6.42 6.42
1999-09-09 6.18 6.19 5.84 5.84
1999-09-24 5.92 6.0 5.9 5.9
1999-10-22 5.3 5.38 5.2 5.2
1999-11-08 5.31 5.32 5.24 5.24
1999-11-12 5.48 5.48 5.38 5.38
1999-11-15 5.6 5.62 5.5 5.5
1999-11-29 5.28 5.3 5.28 5.28
1999-11-30 5.3 5.3 5.28 5.28
1999-12-01 5.38 5.4 5.29 5.29
1999-12-23 4.92 4.96 4.87 4.87
1999-12-28 4.75 4.83 4.7 4.7
2000-02-14 5.14 5.16 4.83 4.83
2000-03-01 5.6 5.6 5.19 5.19
2000-03-07 5.15 5.16 5.0 5.0
2000-03-13 5.47 5.55 5.15 5.15
2000-03-20 5.66 5.7 5.43 5.43
2000-03-27 5.76 5.77 5.5 5.5
2000-04-07 5.79 5.85 5.7 5.7
2000-04-10 5.91 5.95 5.8 5.8
2000-04-13 5.8 5.89 5.7 5.7
2000-05-16 5.34 5.42 5.26 5.26
2000-05-25 5.81 5.85 5.6 5.6
2000-06-13 7.0 7.1 6.64 6.64
2000-07-10 6.44 6.46 6.3 6.3
2000-07-17 6.4 6.53 6.33 6.33
2000-08-03 7.39 7.65 7.3 7.3
2000-08-14 7.62 7.7 7.36 7.36
2000-08-18 7.92 8.07 7.58 7.58
2000-08-28 8.39 8.39 8.05 8.05
2000-09-11 7.54 7.54 7.18 7.18
2000-09-20 7.63 7.65 7.16 7.16
2000-10-12 8.65 8.65 8.1 8.1
2000-12-04 8.75 8.85 8.63 8.63
2000-12-19 8.15 8.25 7.8 7.8
2001-01-04 8.22 8.35 8.13 8.13
2001-01-19 7.61 7.64 7.5 7.5
2001-02-05 7.72 7.88 7.7 7.7
2001-02-09 7.5 7.69 7.4 7.4
2001-03-15 7.8 7.8 7.57 7.57
2001-04-02 8.72 8.76 8.61 8.61
2001-04-05 8.54 8.56 8.2 8.2
2001-04-13 8.93 9.1 8.72 8.72
2001-04-19 9.0 9.0 8.76 8.76
2001-05-11 8.47 8.61 8.35 8.35
2001-05-25 8.55 8.67 8.35 8.35
2001-06-13 8.89 8.98 8.81 8.81
2001-06-19 8.47 8.52 8.38 8.38
2001-06-21 8.53 8.55 8.4 8.4
2001-07-20 8.35 8.36 8.21 8.21
2001-07-23 8.39 8.41 8.35 8.35
2001-07-25 8.23 8.28 8.2 8.2
2001-08-01 7.6 7.68 7.3 7.3
2001-08-07 7.41 7.5 7.3 7.3
2001-08-10 7.62 7.74 7.55 7.55
2001-08-20 7.64 7.73 7.49 7.49
2001-08-21 7.66 7.74 7.65 7.65
2001-09-04 7.24 7.25 7.1 7.1
2001-10-17 6.12 6.15 6.0 6.0
2001-11-05 6.31 6.4 6.3 6.3
2001-11-14 6.03 6.1 6.01 6.01
2001-11-19 6.49 6.5 6.22 6.22
2001-11-20 6.56 6.6 6.49 6.49
2001-11-27 6.71 6.73 6.48 6.48
2001-11-30 6.85 6.87 6.65 6.65
2001-12-31 6.23 6.26 6.14 6.14
2002-01-25 4.79 4.9 4.58 4.58
2002-01-31 5.08 5.16 4.78 4.78
2002-03-05 5.45 5.55 5.4 5.4
2002-03-06 5.51 5.7 5.4 5.4
2002-03-07 5.73 5.76 5.53 5.53
2002-03-21 6.22 6.23 6.03 6.03
2002-04-12 6.3 6.35 6.01 6.01
2002-04-24 5.74 5.85 5.7 5.7
2002-05-17 5.35 5.41 5.21 5.21
2002-05-28 5.4 5.5 5.3 5.3
2002-06-21 5.62 5.65 5.4 5.4
2002-07-11 6.09 6.14 6.05 6.05
2002-08-07 5.92 5.95 5.85 5.85
2002-08-13 5.71 5.73 5.67 5.67
2002-09-02 5.88 5.88 5.78 5.78
2002-09-23 5.56 5.66 5.5 5.5
2002-11-04 5.24 5.25 5.18 5.18
2002-11-05 5.35 5.36 5.24 5.24
2003-02-24 5.27 5.34 5.25 5.25
2003-02-25 5.33 5.34 5.24 5.24
2003-03-03 5.43 5.43 5.29 5.29
2003-03-20 5.65 5.68 5.54 5.54
2003-03-27 5.6 5.7 5.35 5.35
2003-04-01 5.61 5.71 5.56 5.56
2003-04-03 5.59 5.65 5.57 5.57
2003-04-11 5.79 5.81 5.58 5.58
2003-04-18 6.27 6.38 6.0 6.0
2005-03-25 5.31 5.43 5.16 5.16
2005-03-29 5.23 5.34 5.18 5.18
2005-03-31 5.22 5.3 5.0 5.0
2005-04-26 4.15 4.17 3.91 3.91
2005-05-13 4.13 4.16 4.01 4.01
2005-05-26 4.21 4.26 4.15 4.15
2005-06-27 4.06 4.15 3.93 3.93
2005-07-26 3.77 3.78 3.62 3.62
2005-08-31 3.78 3.79 3.67 3.67
2005-09-01 3.86 3.88 3.78 3.78
2005-09-07 4.08 4.1 3.92 3.92
2005-09-08 4.21 4.29 4.12 4.12
2005-09-15 4.21 4.24 4.16 4.16
2005-10-20 3.85 3.85 3.72 3.72
2005-11-23 3.29 3.34 3.25 3.25
2005-11-24 3.29 3.32 3.25 3.25
2005-11-25 3.31 3.34 3.26 3.26
2006-01-04 3.17 3.22 3.13 3.13
2006-02-10 3.69 3.74 3.61 3.61
2006-03-09 3.32 3.39 3.3 3.3
2006-04-10 3.57 3.62 3.45 3.45
2006-06-01 4.59 4.64 4.22 4.22
2006-07-06 4.27 4.3 4.16 4.16
2006-07-10 4.44 4.45 4.31 4.31
2006-07-21 3.98 4.0 3.9 3.9
2006-08-01 3.7 3.8 3.63 3.63
2006-08-08 3.43 3.44 3.31 3.31
2006-08-28 3.77 3.79 3.68 3.68
2006-08-31 3.81 3.84 3.73 3.73
2006-09-04 3.73 3.76 3.68 3.68
2006-09-06 3.82 3.85 3.7 3.7
2006-09-25 4.05 4.2 3.98 3.98
2006-11-27 3.66 3.72 3.59 3.59
2006-12-07 3.57 3.63 3.55 3.55
2007-01-09 3.94 3.94 3.75 3.75
2007-01-12 4.11 4.27 4.05 4.05
2007-01-31 4.48 4.48 4.18 4.18
2007-03-20 7.63 7.63 7.63 7.63
2007-03-21 8.01 8.01 8.01 8.01
2007-03-22 8.41 8.41 8.41 8.41
2007-03-28 7.27 7.48 7.26 7.26
2007-04-13 8.16 8.21 7.85 7.85
2007-04-20 8.77 8.77 8.28 8.28
2007-05-23 13.85 13.85 13.85 13.85
2007-05-30 13.19 13.58 13.19 13.19
2007-05-31 12.53 12.53 12.53 12.53
2007-06-01 11.9 11.9 11.9 11.9
2007-06-04 11.31 11.31 11.31 11.31
2007-06-05 10.74 10.74 10.74 10.74
2007-06-06 10.45 11.27 10.2 10.2
2007-07-02 8.68 8.92 8.68 8.68
2007-07-03 8.25 8.57 8.25 8.25
2007-07-04 8.52 8.66 8.03 8.03
2007-07-20 8.59 8.65 8.36 8.36
2007-07-23 9.02 9.02 8.55 8.55
2007-07-30 9.94 10.2 9.75 9.75
2007-08-31 10.83 11.1 10.7 10.7
2007-10-25 10.76 11.15 10.18 10.18
2007-11-29 10.25 10.38 9.95 9.95
2007-12-10 10.77 10.78 10.31 10.31
2007-12-19 11.34 11.34 10.91 10.91
2007-12-25 12.36 12.48 11.95 11.95
2008-01-03 12.36 12.38 12.11 12.11
2008-01-04 12.63 12.88 12.37 12.37
2008-01-09 12.34 12.35 12.13 12.13
2008-03-20 9.41 9.54 8.88 8.88
2008-05-12 7.31 7.39 7.03 7.03
2008-05-13 7.26 7.29 7.03 7.03
2008-06-11 6.49 6.49 6.49 6.49
2008-06-12 6.17 6.28 6.17 6.17
2008-06-24 5.07 5.12 4.88 4.88
2008-07-02 4.83 4.92 4.72 4.72
2008-07-24 5.38 5.39 5.3 5.3
2008-08-12 4.43 4.48 4.43 4.43
2008-08-14 4.25 4.3 4.16 4.16
2008-09-19 3.37 3.37 3.37 3.37
2008-09-25 3.49 3.54 3.4 3.4
2008-10-20 2.89 2.94 2.78 2.78
2008-11-10 2.64 2.64 2.54 2.54
2008-11-12 2.73 2.73 2.59 2.59
2008-11-24 2.93 3.04 2.91 2.91
2008-12-19 3.59 3.63 3.47 3.47
2009-01-06 3.33 3.35 3.22 3.22
2009-01-09 3.31 3.34 3.22 3.22
2009-01-15 3.47 3.54 3.39 3.39
2009-02-04 3.84 3.87 3.75 3.75
2009-03-04 3.91 3.91 3.73 3.73
2009-04-10 5.37 5.37 5.37 5.37
2009-04-13 5.64 5.64 5.64 5.64
2009-04-17 6.17 6.17 5.83 5.83
2009-04-24 6.94 6.94 6.62 6.62
2009-04-29 6.67 6.67 6.45 6.45
2009-06-01 6.92 7.01 6.9 6.9
2009-06-12 7.72 7.81 7.31 7.31
2009-07-13 7.66 7.77 7.4 7.4
2009-07-27 7.56 7.64 7.49 7.49
2009-09-08 7.49 7.63 7.2 7.2
2009-09-14 7.12 7.12 7.12 7.12
2009-09-24 7.05 7.09 6.78 6.78
2009-10-19 7.22 7.24 7.14 7.14
2009-11-19 11.41 11.41 11.0 11.0
2009-11-27 11.65 12.09 11.65 11.65
2009-12-08 11.85 11.95 11.56 11.56
2009-12-23 10.29 10.41 10.05 10.05
2009-12-31 11.52 11.7 11.2 11.2
2010-01-12 11.44 11.46 10.85 10.85
2010-01-14 11.45 11.46 11.23 11.23
2010-01-21 11.69 11.69 11.12 11.12
2010-02-01 12.11 12.26 11.72 11.72
2010-02-23 10.65 10.68 10.41 10.41
2010-04-07 11.5 11.8 11.2 11.2
2010-05-05 9.74 9.78 9.38 9.38
2010-05-07 9.38 9.67 9.15 9.15
2010-05-24 7.98 7.98 7.62 7.62
2010-06-01 8.05 8.23 7.66 7.66
2010-07-12 7.92 8.05 7.71 7.71
2010-08-23 8.63 8.73 8.56 8.56
2010-09-13 9.13 9.21 9.05 9.05
2010-10-12 9.58 9.9 9.46 9.46
2010-11-01 9.36 9.42 9.23 9.23
2010-11-25 9.32 9.43 9.15 9.15
2010-12-01 9.84 9.84 9.33 9.33
2010-12-13 9.79 9.8 9.58 9.58
2010-12-17 10.22 10.41 9.99 9.99
2010-12-21 10.69 10.69 10.19 10.19
2010-12-30 9.69 9.95 9.66 9.66
2011-01-27 8.6 8.65 8.33 8.33
2011-03-04 9.3 9.33 9.2 9.2
2011-03-08 9.57 9.77 9.5 9.5
2011-03-28 10.48 10.72 10.37 10.37
2011-03-29 10.46 10.68 10.34 10.34
2011-04-07 10.47 10.6 10.18 10.18
2011-05-09 9.8 9.86 9.67 9.67
2011-05-18 10.27 10.27 9.75 9.75
2011-05-31 9.28 9.31 9.05 9.05
2011-06-07 9.42 9.53 9.31 9.31
2011-06-08 9.58 9.63 9.33 9.33
2011-06-27 9.32 9.47 9.28 9.28
2011-06-30 9.36 9.41 9.28 9.28
2011-07-08 9.52 9.55 9.3 9.3
2011-07-13 9.58 9.62 9.43 9.43
2011-08-11 8.41 8.45 8.1 8.1
2011-08-30 9.08 9.38 9.03 9.03
2011-09-01 9.48 9.48 9.04 9.04
2011-09-07 9.11 9.19 8.83 8.83
2011-09-30 8.51 8.58 8.3 8.3
2011-10-10 8.5 8.56 8.36 8.36
2011-11-01 8.5 8.58 8.38 8.38
2011-11-04 8.65 8.69 8.54 8.54
2011-11-21 9.07 9.1 8.92 8.92
2011-12-20 7.39 7.55 7.2 7.2
2011-12-23 6.92 7.0 6.77 6.77
2011-12-29 6.83 6.92 6.66 6.66
2012-01-09 6.62 6.63 6.34 6.34
2012-01-10 6.86 6.86 6.56 6.56
2012-02-15 7.42 7.47 7.3 7.3
2012-03-01 7.65 7.69 7.5 7.5
2012-04-09 7.4 7.4 7.07 7.07
2012-04-19 8.12 8.12 7.84 7.84
2012-04-20 8.53 8.53 8.53 8.53
2012-05-10 7.94 8.05 7.88 7.88
2012-06-18 8.24 8.43 8.1 8.1
2012-07-09 8.0 8.14 7.93 7.93
2012-07-11 7.77 7.81 7.66 7.66
2012-07-13 7.88 7.95 7.84 7.84
2012-08-23 7.47 7.53 7.37 7.37
2012-08-29 7.88 7.88 7.7 7.7
2012-08-31 7.99 8.07 7.71 7.71
2012-09-07 8.03 8.17 7.9 7.9
2012-09-18 7.8 7.95 7.7 7.7
2012-10-09 7.91 7.92 7.75 7.75
2012-11-01 7.86 7.88 7.73 7.73
2012-11-20 7.33 7.37 7.29 7.29
2012-12-14 7.55 7.57 7.3 7.3
2012-12-31 8.19 8.3 7.94 7.94
2013-01-07 7.98 8.02 7.91 7.91
2013-01-25 8.13 8.17 8.05 8.05
2013-01-31 9.16 9.23 8.75 8.75
2013-02-18 9.84 9.84 9.38 9.38
2013-02-25 9.53 9.63 9.43 9.43
2013-02-27 9.73 9.73 9.22 9.22
2013-03-19 9.59 9.6 9.4 9.4
2013-03-20 9.7 9.71 9.58 9.58
2013-04-09 9.93 9.94 9.63 9.63
2013-04-19 9.87 9.92 9.69 9.69
2013-04-24 9.94 10.02 9.58 9.58
2013-04-26 10.28 10.74 10.15 10.15
2013-05-22 11.06 11.17 10.85 10.85
2013-05-27 10.89 10.96 10.8 10.8
2013-07-26 12.76 12.83 12.33 12.33
2013-08-01 13.36 13.5 12.82 12.82
2013-08-26 13.3 13.35 12.97 12.97
2013-09-17 12.86 13.23 12.51 12.51
2013-09-18 13.16 13.2 12.83 12.83
2013-09-30 12.71 12.8 12.62 12.62
2013-10-17 12.46 12.68 12.32 12.32
2013-10-28 12.7 12.77 12.38 12.38
2013-11-04 12.22 12.25 12.05 12.05
2013-11-12 12.25 12.25 12.08 12.08
2013-11-14 12.52 12.75 12.1 12.1
2013-11-15 12.69 12.76 12.5 12.5
2013-11-25 12.71 12.9 12.61 12.61
2013-12-11 13.13 13.22 12.74 12.74
2013-12-24 12.85 13.13 12.78 12.78
2013-12-25 12.9 12.92 12.82 12.82
2014-01-14 12.14 12.18 11.8 11.8
2014-01-16 12.1 12.18 12.01 12.01
2014-01-20 12.11 12.24 11.9 11.9
2014-02-10 12.99 13.0 12.62 12.62
2014-02-14 13.0 13.07 12.65 12.65
2014-02-27 13.75 14.2 13.6 13.6
2014-03-18 13.14 13.25 12.96 12.96
2014-03-31 13.42 13.84 13.19 13.19
2014-04-09 13.86 14.1 13.69 13.69
2014-04-23 14.06 14.15 13.79 13.79
2014-06-20 13.95 14.06 13.73 13.73
2014-06-23 14.12 14.31 14.05 14.05
2014-07-10 14.01 14.03 13.81 13.81
2014-07-28 15.43 15.56 15.23 15.23
2014-08-29 18.16 18.27 17.92 17.92
2014-09-23 18.11 18.19 17.77 17.77
2014-11-18 18.27 18.34 17.96 17.96
2014-11-20 18.54 18.65 18.38 18.38
2014-12-15 17.58 17.78 16.8 16.8
2014-12-26 17.09 17.09 16.31 16.31
2014-12-31 16.94 17.19 16.86 16.86
2015-01-20 16.06 16.13 15.72 15.72
2015-03-13 17.25 17.41 17.05 17.05
2015-03-16 17.5 17.54 17.35 17.35
2015-03-18 17.87 17.94 17.46 17.46
2015-04-07 20.95 21.32 20.65 20.65
2015-04-22 21.67 21.81 20.85 20.85
2015-04-27 23.18 23.69 22.9 22.9
2015-04-30 23.97 24.0 23.03 23.03
2015-05-18 27.42 27.42 27.42 27.42
2015-05-26 33.9 33.9 32.6 32.6
2015-06-01 32.14 32.37 31.23 31.23
2015-06-10 32.79 33.5 31.65 31.65
2015-06-30 24.76 25.3 23.85 23.85
2015-07-03 22.84 23.7 22.84 22.84
2015-07-07 20.62 20.62 20.62 20.62
2015-07-08 19.59 19.59 19.59 19.59
2015-07-09 20.57 20.57 18.61 18.61
2015-07-16 18.49 19.03 18.48 18.48
2015-07-28 19.71 20.2 19.71 19.71
2015-08-19 18.65 18.92 18.06 18.06
2015-08-25 15.27 15.27 15.27 15.27
2015-09-02 12.85 13.65 12.85 12.85
2015-09-07 12.99 13.41 12.85 12.85
2015-10-22 15.43 15.47 14.8 14.8
2015-11-03 16.55 16.55 15.78 15.78
2015-11-06 17.46 17.58 17.0 17.0
2015-11-26 18.32 18.37 17.93 17.93
2015-12-03 17.6 17.61 17.23 17.23
2016-01-05 20.06 20.69 20.06 20.06
2016-01-06 21.06 21.06 20.08 20.08
2016-01-12 17.43 17.64 17.43 17.43
2016-02-04 16.16 16.35 15.82 15.82
2016-03-03 15.75 15.99 15.7 15.7
2016-03-07 15.6 15.68 15.27 15.27
2016-03-09 16.38 16.38 16.12 16.12
2016-09-09 18.47 18.47 18.47 18.47
2016-09-12 19.39 19.39 19.39 19.39
2016-09-13 20.36 20.36 20.36 20.36
2016-09-28 23.57 23.57 23.57 23.57
2016-09-29 24.75 24.75 24.75 24.75
2016-10-10 24.77 24.77 24.2 24.2
2016-10-11 26.01 26.01 26.01 26.01
2016-10-19 26.33 26.33 25.0 25.0
2016-11-08 28.25 28.53 28.0 28.0
2016-11-09 29.66 29.66 28.98 28.98
2016-11-16 32.02 32.79 31.18 31.18
2016-11-28 37.18 37.18 35.3 35.3
2016-12-06 32.07 32.9 31.1 31.1
2016-12-07 32.52 32.88 32.1 32.1
2016-12-16 33.98 34.25 33.04 33.04
2016-12-20 30.67 30.98 30.67 30.67
2016-12-21 31.97 32.2 30.03 30.03
2016-12-26 29.75 29.99 29.75 29.75
2017-01-06 29.78 30.1 29.5 29.5
2017-01-20 26.23 26.7 25.4 25.4
2017-02-16 28.27 28.43 27.88 27.88
2017-03-16 29.03 29.39 28.62 28.62
2017-03-31 28.17 28.39 27.7 27.7
2017-04-25 25.94 26.39 25.56 25.56
2017-05-16 22.97 22.97 21.84 21.84
2017-05-17 23.76 24.12 23.11 23.11
2017-06-07 23.28 23.5 22.88 22.88
2017-06-13 22.95 23.0 22.31 22.31
2017-06-27 23.19 23.26 22.75 22.75
