1997-05-14 20.3 21.5 20.0 20.0
1997-05-15 21.19 21.3 20.3 20.3
1997-05-20 20.3 20.5 19.6 19.6
1997-06-25 18.6 18.96 18.45 18.45
1997-07-02 16.45 17.1 16.29 16.29
1997-08-19 15.01 15.9 14.6 14.6
1997-10-24 15.17 15.4 14.78 14.78
1998-01-05 19.02 19.36 17.74 17.74
1998-04-13 20.63 20.63 20.0 20.0
1998-04-28 18.63 18.82 18.1 18.1
1998-05-26 19.6 19.83 19.15 19.15
1998-06-18 18.4 18.5 18.22 18.22
1998-09-09 16.64 16.9 16.3 16.3
1998-09-23 17.38 18.48 17.2 17.2
1998-09-25 17.02 17.1 16.6 16.6
1998-09-29 17.2 17.54 17.2 17.2
1998-09-30 17.4 17.55 17.2 17.2
1998-10-15 20.01 20.2 19.5 19.5
1998-12-16 25.68 25.7 24.7 24.7
1998-12-17 26.66 26.88 25.7 25.7
1999-01-14 26.48 26.68 25.33 25.33
1999-01-18 25.89 25.99 25.22 25.22
1999-01-19 26.2 27.0 25.28 25.28
1999-01-25 25.6 26.3 25.0 25.0
1999-01-28 25.47 25.88 25.11 25.11
1999-05-18 12.97 13.2 12.08 12.08
1999-06-22 19.2 19.2 17.46 17.46
1999-08-02 17.29 17.4 17.05 17.05
1999-10-19 17.99 18.0 17.26 17.26
1999-10-26 17.89 18.28 17.5 17.5
1999-11-01 17.79 18.0 17.52 17.52
1999-11-22 17.86 18.3 17.6 17.6
1999-12-08 17.85 18.08 17.6 17.6
1999-12-28 16.88 16.95 16.68 16.68
1999-12-29 17.7 17.7 16.88 16.88
2000-01-17 17.36 17.37 16.8 16.8
2000-02-28 20.96 21.7 20.5 20.5
2000-03-17 21.5 21.63 20.3 20.3
2000-03-20 22.74 22.92 21.0 21.0
2000-03-27 24.1 24.55 23.28 23.28
2000-03-30 24.88 25.38 24.1 24.1
2000-04-06 24.97 25.0 24.3 24.3
2000-04-14 25.4 25.4 24.8 24.8
2000-04-18 25.21 25.5 24.3 24.3
2000-04-21 26.47 26.9 25.88 25.88
2000-08-01 21.96 22.51 21.68 21.68
2000-09-14 20.62 20.83 20.6 20.6
2000-09-22 19.69 19.72 19.51 19.51
2000-09-26 20.1 20.2 19.56 19.56
2000-10-25 19.99 20.1 19.3 19.3
2000-10-30 19.8 19.8 19.33 19.33
2000-11-07 20.67 20.88 19.3 19.3
2000-11-09 21.22 21.35 20.5 20.5
2001-01-18 21.62 21.94 21.2 21.2
2001-01-19 22.05 22.05 21.5 21.5
2001-02-12 20.75 20.75 20.5 20.5
2001-02-13 20.93 21.2 20.3 20.3
2001-02-23 20.85 20.85 20.3 20.3
2001-03-02 21.59 21.75 21.3 21.3
2001-03-07 21.3 21.48 21.2 21.2
2001-03-09 21.38 21.49 21.2 21.2
2001-03-14 21.14 21.15 20.7 20.7
2001-03-16 21.17 21.47 21.0 21.0
2001-03-22 21.8 22.1 21.38 21.38
2001-04-26 21.29 21.5 20.0 20.0
2001-09-25 16.76 17.2 16.51 16.51
2001-10-09 16.6 16.77 16.35 16.35
2001-11-14 14.08 14.3 14.0 14.0
2002-01-31 13.71 13.73 12.58 12.58
2002-02-04 14.02 14.2 13.62 13.62
2002-02-07 13.96 14.2 13.6 13.6
2002-02-25 14.19 14.3 13.95 13.95
2002-04-19 14.5 14.7 14.21 14.21
2002-04-23 14.34 14.55 14.25 14.25
2002-04-25 14.21 14.33 14.07 14.07
2002-06-21 13.22 13.29 12.8 12.8
2002-07-05 14.17 14.17 13.82 13.82
2002-07-11 14.39 14.44 14.2 14.2
2002-08-07 14.33 14.4 14.31 14.31
2002-09-18 13.86 13.96 13.72 13.72
2002-09-25 13.66 13.85 13.55 13.55
2002-09-26 13.55 13.65 13.53 13.53
2002-09-27 13.62 13.8 13.5 13.5
2002-10-15 12.98 13.05 12.88 12.88
2002-10-23 13.04 13.06 12.9 12.9
2002-10-28 12.7 12.85 12.66 12.66
2002-10-29 13.0 13.06 12.66 12.66
2002-10-30 13.05 13.06 12.76 12.76
2002-11-07 13.36 13.37 13.13 13.13
2003-01-14 13.02 13.1 12.42 12.42
2003-02-27 13.29 13.35 13.02 13.02
2003-04-02 13.62 13.68 13.5 13.5
2003-04-03 13.69 13.7 13.6 13.6
2003-06-18 12.59 12.59 12.25 12.25
2003-06-20 12.48 12.48 12.28 12.28
2003-06-26 12.81 12.99 12.41 12.41
2003-07-01 12.5 12.85 12.49 12.49
2003-07-09 12.46 12.55 12.18 12.18
2003-07-10 12.4 12.5 12.25 12.25
2003-09-11 12.79 12.82 12.67 12.67
2003-09-12 12.77 12.89 12.58 12.58
2004-01-16 10.03 10.12 9.68 9.68
2004-01-29 10.1 10.31 10.09 10.09
2004-03-04 10.66 10.83 10.49 10.49
2004-06-24 7.61 7.7 7.55 7.55
2004-07-01 7.47 7.5 7.3 7.3
2004-07-08 7.42 7.46 7.26 7.26
2004-12-21 6.87 6.87 6.8 6.8
2005-01-11 6.85 6.85 6.8 6.8
2005-04-05 7.7 7.8 7.62 7.62
2005-06-08 7.59 7.6 7.17 7.17
2005-07-05 7.1 7.13 7.06 7.06
2005-07-07 7.14 7.14 7.08 7.08
2005-07-12 7.25 7.28 7.09 7.09
2005-07-22 7.2 7.23 7.1 7.1
2005-08-01 7.39 7.42 7.36 7.36
2005-08-02 7.43 7.45 7.37 7.37
2005-12-06 7.51 7.54 7.46 7.46
2005-12-07 7.57 7.59 7.5 7.5
2006-01-24 7.78 7.95 7.74 7.74
2006-10-24 4.09 4.13 4.0 4.0
2007-02-15 6.05 6.06 5.57 5.57
2007-04-16 7.96 8.0 7.44 7.44
2007-04-18 8.22 8.39 8.0 8.0
2007-04-20 7.89 7.93 7.55 7.55
2007-04-23 8.39 8.49 8.0 8.0
2007-04-26 8.48 8.69 8.31 8.31
2007-06-13 8.53 8.53 7.82 7.82
2007-07-26 7.7 7.87 7.51 7.51
2007-07-30 7.82 7.98 7.75 7.75
2008-03-03 11.26 11.26 10.5 10.5
2008-03-04 12.39 12.39 11.42 11.42
2008-04-23 6.44 6.66 5.67 5.67
2008-10-23 2.65 2.71 2.45 2.45
2009-02-04 4.15 4.24 3.77 3.77
2009-02-12 4.53 4.8 4.37 4.37
2009-02-17 4.68 4.88 4.66 4.66
2009-05-14 6.24 6.24 5.73 5.73
2009-05-22 6.44 6.54 6.31 6.31
2009-09-01 6.9 7.09 6.77 6.77
2009-10-09 7.35 7.37 7.03 7.03
2009-10-15 7.75 7.84 7.56 7.56
2010-01-14 8.03 8.05 7.78 7.78
2010-01-21 7.84 7.93 7.75 7.75
2010-06-22 6.36 6.41 6.25 6.25
2010-07-19 5.68 5.7 5.5 5.5
2010-08-16 6.91 6.91 6.38 6.38
2010-10-26 9.51 9.66 8.8 8.8
2010-11-18 8.06 8.12 7.9 7.9
2010-11-24 8.8 8.85 8.36 8.36
2010-12-21 8.98 9.01 8.75 8.75
2010-12-29 8.22 8.23 8.05 8.05
2010-12-31 8.41 8.43 8.2 8.2
2011-01-27 7.39 7.48 7.21 7.21
2011-02-09 7.67 7.83 7.56 7.56
2011-02-10 8.44 8.44 7.67 7.67
2011-02-16 8.88 9.09 8.7 8.7
2011-02-21 9.17 9.26 8.79 8.79
2011-05-03 10.05 10.11 9.67 9.67
2011-06-13 8.15 8.2 7.94 7.94
2011-06-14 8.3 8.37 8.11 8.11
2011-08-26 8.25 8.29 8.15 8.15
2012-06-13 6.36 6.4 6.22 6.22
2012-08-01 5.25 5.3 5.2 5.2
2012-09-07 5.5 5.51 5.3 5.3
2012-10-22 5.5 5.52 5.41 5.41
2012-12-25 5.05 5.07 4.95 4.95
2012-12-26 5.12 5.14 5.03 5.03
2013-01-28 5.38 5.4 5.27 5.27
2013-01-31 5.51 5.56 5.46 5.46
2013-05-03 5.25 5.32 5.19 5.19
2013-05-09 5.35 5.39 5.25 5.25
2013-06-03 5.71 5.83 5.69 5.69
2013-10-11 6.05 6.12 5.92 5.92
2014-01-28 5.25 5.29 5.18 5.18
2014-02-10 5.42 5.44 5.27 5.27
2014-02-14 5.5 5.52 5.38 5.38
2014-03-11 5.25 5.29 5.2 5.2
2014-03-17 5.41 5.44 5.34 5.34
2014-07-30 5.56 5.59 5.54 5.54
2014-08-29 6.1 6.11 5.99 5.99
2014-09-01 6.33 6.38 6.1 6.1
2014-10-28 7.58 7.64 7.31 7.31
2015-03-16 9.34 9.34 8.6 8.6
2015-05-06 13.43 13.61 12.38 12.38
2015-07-09 7.5 7.5 6.32 6.32
2015-09-28 9.1 9.1 8.28 8.28
2016-02-04 8.52 8.7 8.37 8.37
2016-02-16 9.14 9.19 8.87 8.87
2016-03-15 9.21 9.33 8.92 8.92
2016-03-21 9.72 9.77 9.59 9.59
2016-12-06 12.23 12.29 11.89 11.89
