2000-07-28 59.9 60.6 59.2 59.2
2000-08-07 59.1 59.6 59.0 59.0
2000-08-15 60.66 60.66 59.65 59.65
2000-08-25 57.37 57.95 56.5 56.5
2000-08-30 56.59 57.36 56.08 56.08
2000-09-11 56.0 56.09 55.0 55.0
2000-09-29 51.9 52.6 51.08 51.08
2000-10-17 51.98 52.28 50.68 50.68
2000-10-30 58.0 59.1 56.0 56.0
2000-11-03 58.6 58.78 57.89 57.89
2000-11-09 61.29 61.51 60.1 60.1
2000-11-28 56.8 57.1 56.5 56.5
2000-11-30 56.3 57.0 56.0 56.0
2000-12-05 55.8 56.7 55.7 55.7
2000-12-12 54.7 54.8 54.3 54.3
2000-12-15 55.88 55.95 54.85 54.85
2000-12-25 55.45 56.0 54.8 54.8
2001-01-19 50.9 51.38 50.0 50.0
2001-02-22 44.9 45.55 44.0 44.0
2001-03-14 45.78 46.4 45.11 45.11
2001-03-15 45.49 46.5 45.01 45.01
2001-03-22 46.4 46.4 45.52 45.52
2001-03-27 47.58 47.68 46.2 46.2
2001-04-02 48.9 49.39 47.33 47.33
2001-04-09 48.15 48.25 47.25 47.25
2001-04-16 50.08 50.1 48.5 48.5
2001-04-27 46.92 47.37 46.58 46.58
2001-05-28 47.0 47.47 46.87 46.87
2001-05-29 47.5 47.9 47.01 47.01
2001-05-30 47.7 47.94 47.44 47.44
2001-06-04 47.3 47.77 47.05 47.05
2001-06-21 46.7 46.7 46.17 46.17
2001-06-29 46.08 46.4 45.95 45.95
2001-07-13 45.46 46.48 45.35 45.35
2001-08-21 37.4 37.95 37.1 37.1
2001-08-31 35.45 35.7 34.68 34.68
2001-09-12 36.79 36.82 35.0 35.0
2001-09-13 36.95 37.5 36.83 36.83
2001-09-18 36.01 36.48 35.58 35.58
2001-10-23 30.78 30.78 30.78 30.78
2001-11-28 31.95 32.47 31.5 31.5
2001-12-27 30.26 30.8 30.09 30.09
2001-12-31 31.21 31.78 30.48 30.48
2002-01-31 27.46 28.1 25.9 25.9
2002-02-01 27.8 28.5 27.46 27.46
2002-03-05 30.02 30.5 28.8 28.8
2002-03-07 30.18 30.19 29.5 29.5
2002-03-13 30.99 31.3 30.0 30.0
2002-04-03 28.79 29.0 28.71 28.71
2002-04-08 29.74 30.05 29.51 29.51
2002-05-09 29.69 29.75 29.33 29.33
2002-05-14 29.65 30.3 29.21 29.21
2002-05-17 28.5 28.75 28.12 28.12
2002-05-21 29.69 29.98 28.78 28.78
2002-05-23 29.12 29.4 29.09 29.09
2002-06-17 27.55 27.55 27.05 27.05
2002-06-18 27.89 28.02 27.42 27.42
2002-06-21 28.5 28.75 27.4 27.4
2002-07-15 28.12 28.28 28.0 28.0
2002-08-05 27.61 27.7 27.5 27.5
2002-08-13 26.85 26.94 26.75 26.75
2002-08-15 26.71 26.9 26.7 26.7
2002-08-22 27.95 28.39 27.32 27.32
2002-09-09 27.88 28.18 27.35 27.35
2002-09-24 26.99 27.2 26.88 26.88
2002-11-18 21.57 21.88 20.9 20.9
2002-12-23 21.96 22.5 21.45 21.45
2002-12-30 20.81 20.9 20.31 20.31
2003-01-03 20.74 21.02 20.61 20.61
2003-01-24 22.88 22.98 22.64 22.64
2003-02-11 22.78 22.8 22.6 22.6
2003-02-12 23.0 23.16 22.78 22.78
2003-02-19 23.05 23.08 22.85 22.85
2003-02-24 23.69 23.78 23.1 23.1
2003-03-11 23.01 23.11 22.98 22.98
2003-04-04 21.8 22.18 21.18 21.18
2003-04-07 22.14 22.3 21.6 21.6
2003-04-17 23.19 23.33 22.8 22.8
2003-05-14 20.8 20.9 20.5 20.5
2003-06-02 23.2 23.4 22.41 22.41
2003-06-04 23.1 23.29 22.6 22.6
2003-06-17 22.84 22.9 22.65 22.65
2003-06-24 22.6 22.7 22.51 22.51
2003-07-01 23.51 23.89 22.93 22.93
2003-07-03 23.41 23.54 23.23 23.23
2003-07-09 23.38 23.46 23.2 23.2
2003-07-10 23.64 23.65 23.23 23.23
2003-07-15 23.21 23.25 23.15 23.15
2003-07-28 22.72 22.86 22.55 22.55
2003-08-26 23.78 23.85 23.6 23.6
2003-08-28 23.7 23.8 23.41 23.41
2003-09-15 24.41 24.6 24.2 24.2
2003-10-09 25.61 25.7 25.45 25.45
2003-10-15 25.66 25.68 25.4 25.4
2003-11-03 25.48 25.5 24.5 24.5
2003-11-07 25.6 25.76 25.0 25.0
2003-11-13 25.84 26.0 25.51 25.51
2003-11-24 26.29 26.3 25.51 25.51
2003-11-27 27.0 27.25 26.5 26.5
2003-12-17 26.69 27.0 26.4 26.4
2003-12-22 27.38 27.68 26.2 26.2
2003-12-24 27.14 27.48 27.0 27.0
2003-12-26 27.4 27.41 27.0 27.0
2004-01-08 27.7 28.3 26.6 26.6
2004-02-02 29.14 29.74 28.9 28.9
2004-02-13 29.4 29.46 28.8 28.8
2004-03-01 29.41 29.76 29.29 29.29
2004-03-16 31.12 31.3 30.2 30.2
2004-03-18 32.53 32.88 31.91 31.91
2004-04-02 32.38 32.8 31.83 31.83
2004-06-11 27.47 27.85 26.98 26.98
2004-06-15 28.0 28.1 27.47 27.47
2004-07-06 12.42 12.78 12.38 12.38
2004-07-13 11.92 12.2 11.9 11.9
2004-07-29 11.64 11.73 11.45 11.45
2004-08-17 10.27 10.38 10.21 10.21
2004-08-31 11.32 11.7 11.3 11.3
2004-09-08 11.17 11.44 11.15 11.15
2004-09-13 10.44 10.48 10.29 10.29
2004-09-14 10.87 11.29 10.5 10.5
2004-09-17 12.42 12.62 11.47 11.47
2004-11-10 14.4 14.49 13.56 13.56
2004-11-15 15.07 15.38 14.86 14.86
2004-12-24 13.71 13.75 13.49 13.49
2004-12-29 13.79 13.87 13.31 13.31
2005-01-12 13.57 13.64 13.35 13.35
2005-01-13 13.71 14.06 13.54 13.54
2005-01-18 13.66 13.7 13.3 13.3
2005-02-16 15.4 15.6 14.76 14.76
2005-03-03 14.71 14.72 14.26 14.26
2005-03-24 11.95 11.97 11.69 11.69
2005-04-13 10.78 10.89 10.4 10.4
2005-05-24 8.9 8.98 8.54 8.54
2005-06-27 8.89 9.05 8.6 8.6
2005-06-29 8.87 9.05 8.65 8.65
2005-07-12 8.07 8.09 7.57 7.57
2005-07-26 7.12 7.2 6.61 6.61
2005-08-05 7.87 7.93 7.6 7.6
2005-08-15 8.72 8.83 8.26 8.26
2005-09-09 8.56 8.68 8.34 8.34
2005-11-02 7.91 8.24 7.6 7.6
2005-12-02 7.57 7.72 7.55 7.55
2005-12-09 7.49 7.54 7.26 7.26
2005-12-20 7.76 7.83 7.53 7.53
2005-12-28 8.53 8.58 8.08 8.08
2005-12-29 9.09 9.29 8.51 8.51
2006-01-06 9.52 9.82 9.17 9.17
2006-02-10 10.17 10.38 10.1 10.1
2006-03-01 10.01 10.14 9.89 9.89
2006-03-13 9.12 9.15 8.95 8.95
2006-03-22 9.73 9.76 9.6 9.6
2006-04-03 9.99 10.0 9.68 9.68
2006-04-26 11.02 11.06 9.98 9.98
2006-05-17 15.51 16.1 14.92 14.92
2006-11-09 14.19 14.34 13.9 13.9
2006-12-19 16.67 16.76 16.15 16.15
2006-12-27 15.01 15.23 14.77 14.77
2007-01-22 18.46 18.77 18.01 18.01
2007-01-29 18.0 18.0 16.53 16.53
2007-02-28 18.38 18.57 17.11 17.11
2007-03-26 19.49 19.88 19.2 19.2
2007-04-16 20.22 20.24 19.36 19.36
2007-06-07 20.09 20.14 19.6 19.6
2007-06-19 19.56 19.72 18.0 18.0
2007-06-29 19.6 20.45 17.98 17.98
2007-07-19 17.91 18.34 17.7 17.7
2007-07-20 18.3 18.42 17.9 17.9
2007-07-23 18.92 19.09 18.12 18.12
2007-08-30 21.07 21.4 20.7 20.7
2007-10-23 17.0 17.29 16.58 16.58
2007-11-06 14.44 14.75 14.25 14.25
2007-12-19 16.47 16.78 15.86 15.86
2007-12-27 18.76 18.76 18.01 18.01
2008-01-11 20.85 21.1 20.25 20.25
2008-01-17 21.89 22.0 20.6 20.6
2008-01-23 22.79 22.81 21.61 21.61
2008-05-08 15.05 15.05 13.6 13.6
2008-05-23 17.12 17.12 15.65 15.65
2008-06-05 14.83 15.5 14.68 14.68
2008-06-24 12.26 12.9 11.2 11.2
2008-07-02 11.98 12.36 11.3 11.3
2008-07-28 10.92 11.09 10.67 10.67
2008-08-14 8.07 8.22 7.82 7.82
2008-09-19 9.11 9.11 9.11 9.11
2008-10-20 7.67 7.72 7.17 7.17
2008-11-05 6.88 6.99 6.75 6.75
2008-11-19 9.42 9.42 8.9 8.9
2008-12-03 8.86 8.98 8.49 8.49
2009-01-09 8.52 8.55 8.29 8.29
2009-02-04 9.84 10.05 9.46 9.46
2009-02-06 10.34 10.4 9.66 9.66
2009-03-02 12.89 12.98 11.7 11.7
2009-05-06 14.85 15.1 14.78 14.78
2009-06-17 12.29 12.32 12.0 12.0
2009-07-27 14.69 14.75 14.01 14.01
2009-07-30 16.56 16.9 15.4 15.4
2009-08-20 13.97 14.05 12.8 12.8
2009-09-30 12.26 12.47 12.22 12.22
2009-10-09 12.9 12.95 12.36 12.36
2009-11-16 14.53 14.55 14.03 14.03
2009-11-25 14.76 14.8 14.03 14.03
2009-11-30 13.92 13.93 13.52 13.52
2009-12-14 15.75 16.07 14.81 14.81
2009-12-25 16.46 17.0 16.41 16.41
2010-01-28 15.45 15.65 15.3 15.3
2010-01-29 15.67 15.75 15.08 15.08
2010-02-22 17.26 17.26 15.61 15.61
2010-05-07 9.21 9.3 9.0 9.0
2010-05-21 8.6 8.64 8.03 8.03
2010-05-24 9.0 9.08 8.63 8.63
2010-06-28 9.77 9.84 9.5 9.5
2010-07-06 8.6 8.75 8.39 8.39
2010-07-21 9.07 9.25 9.0 9.0
2010-08-06 10.89 10.98 10.21 10.21
2010-08-23 10.87 11.19 10.73 10.73
2010-08-30 11.09 11.15 10.9 10.9
2010-10-08 10.77 10.84 10.29 10.29
2010-10-11 10.98 11.18 10.72 10.72
2010-12-10 13.23 13.26 12.65 12.65
2010-12-24 12.97 13.08 12.7 12.7
2010-12-29 12.38 12.45 11.95 11.95
2011-02-21 11.99 12.0 11.43 11.43
2011-02-22 12.95 13.19 12.1 12.1
2011-03-08 13.31 13.61 13.18 13.18
2011-04-01 12.67 12.72 12.27 12.27
2011-04-12 12.63 12.68 12.23 12.23
2011-06-24 8.88 8.95 8.62 8.62
2011-07-13 9.16 9.16 8.99 8.99
2011-10-10 6.8 6.88 6.75 6.75
2011-11-24 8.92 9.05 8.76 8.76
2012-01-09 6.32 6.33 5.98 5.98
2012-01-17 6.45 6.5 6.0 6.0
2012-08-06 5.74 5.75 5.58 5.58
2012-08-21 5.83 5.88 5.7 5.7
2012-08-29 5.57 5.72 5.5 5.5
2012-10-09 6.41 6.46 6.26 6.26
2012-10-24 6.12 6.16 6.02 6.02
2012-10-30 5.96 6.04 5.92 5.92
2012-11-01 5.93 5.98 5.82 5.82
2013-01-07 5.76 5.77 5.67 5.67
2013-01-28 5.86 5.87 5.7 5.7
2013-02-06 5.92 5.99 5.88 5.88
2013-04-11 6.81 6.93 6.76 6.76
2013-04-24 7.23 7.32 6.72 6.72
2013-05-20 7.94 8.38 7.79 7.79
2013-05-24 8.2 8.44 8.09 8.09
2013-06-14 7.01 7.09 6.85 6.85
2013-07-12 7.12 7.36 7.0 7.0
2013-08-13 8.08 8.13 7.91 7.91
2013-09-12 7.79 7.88 7.39 7.39
2013-09-26 8.42 8.6 8.21 8.21
2013-09-30 8.61 8.75 8.32 8.32
2013-10-14 9.14 9.32 9.05 9.05
2013-10-18 11.25 11.25 10.28 10.28
2013-11-04 8.68 8.83 8.54 8.54
2013-11-26 9.45 9.68 9.41 9.41
2013-12-16 9.08 9.33 8.9 8.9
2013-12-17 9.24 9.36 9.09 9.09
2013-12-30 8.97 9.12 8.9 8.9
2014-01-14 7.57 7.6 7.41 7.41
2014-01-21 7.76 7.83 7.46 7.46
2014-03-13 8.69 8.76 8.57 8.57
2014-06-26 8.91 8.95 8.65 8.65
2014-07-21 9.42 9.47 9.14 9.14
2014-09-18 10.25 10.26 10.01 10.01
2014-09-25 10.55 10.6 10.26 10.26
2015-02-11 11.48 11.56 10.9 10.9
2015-04-13 17.27 17.35 16.0 16.0
2015-04-15 18.63 18.63 18.63 18.63
2015-05-27 26.36 26.36 26.36 26.36
2015-05-28 29.0 29.0 29.0 29.0
2015-07-24 17.77 17.77 17.77 17.77
2015-08-07 18.55 18.55 18.55 18.55
2015-09-21 13.55 13.65 12.69 12.69
2015-10-15 16.18 16.24 15.24 15.24
2015-10-20 17.78 18.05 16.57 16.57
2015-12-30 19.73 19.73 18.02 18.02
2016-01-05 18.21 18.8 16.88 16.88
2016-03-14 11.96 12.27 11.61 11.61
2016-04-12 14.44 14.5 13.91 13.91
2016-04-13 14.98 15.34 14.4 14.4
2016-05-17 12.86 13.18 12.72 12.72
2016-09-08 14.58 14.86 14.27 14.27
2016-09-19 15.22 15.65 15.08 15.08
2016-09-21 15.48 15.59 14.92 14.92
2016-12-07 14.08 14.14 13.81 13.81
2016-12-21 13.02 13.06 12.93 12.93
2016-12-28 13.22 13.24 13.0 13.0
2017-01-04 13.24 13.25 13.14 13.14
2017-03-06 13.11 13.13 12.9 12.9
2017-03-10 13.13 13.19 12.93 12.93
2017-03-28 12.96 13.07 12.92 12.92
