1997-06-09 14.12 14.6 13.6 13.6
1997-06-13 13.1 13.41 11.9 11.9
1997-08-22 8.13 8.18 8.0 8.0
1997-08-25 8.18 8.23 8.08 8.08
1997-11-26 7.8 7.8 7.61 7.61
1997-12-04 7.75 8.15 7.71 7.71
1997-12-05 7.8 7.93 7.77 7.77
1997-12-12 7.98 8.04 7.93 7.93
1997-12-19 7.88 7.9 7.8 7.8
1998-02-12 8.87 9.17 8.43 8.43
1998-02-13 9.0 9.27 8.9 8.9
1998-04-06 9.35 9.35 8.63 8.63
1998-04-17 9.12 9.5 8.64 8.64
1998-07-10 12.37 12.46 12.12 12.12
1998-10-14 11.35 11.56 11.28 11.28
1998-11-24 12.25 12.27 12.15 12.15
1998-12-22 11.14 11.18 10.9 10.9
1999-01-08 10.04 10.05 9.65 9.65
1999-01-14 9.96 10.09 9.91 9.91
1999-02-09 9.15 9.18 8.95 8.95
1999-03-03 9.57 9.58 9.25 9.25
1999-03-11 9.85 9.9 9.5 9.5
1999-03-15 10.25 10.47 10.03 10.03
1999-04-28 9.24 9.4 9.17 9.17
1999-04-29 9.38 9.42 9.18 9.18
1999-04-30 9.5 9.68 9.4 9.4
1999-05-07 9.56 9.65 9.4 9.4
1999-05-17 9.3 9.31 9.0 9.0
1999-05-19 9.4 9.42 9.0 9.0
1999-05-20 9.77 9.79 9.41 9.41
1999-07-28 12.04 12.2 11.9 11.9
1999-08-19 13.8 13.8 13.31 13.31
1999-09-07 12.71 12.85 12.7 12.7
1999-09-23 13.1 13.5 13.05 13.05
1999-09-30 13.28 13.51 13.2 13.2
1999-10-12 13.34 13.6 12.95 12.95
1999-10-15 13.4 13.51 13.0 13.0
1999-10-22 13.29 13.41 12.92 12.92
2000-04-12 15.08 15.28 14.7 14.7
2000-09-07 16.87 17.2 16.2 16.2
2000-09-11 17.49 17.5 16.99 16.99
2000-09-27 16.74 16.78 16.37 16.37
2000-12-01 18.58 18.6 18.18 18.18
2000-12-21 18.4 18.64 18.35 18.35
2000-12-29 18.08 18.19 18.0 18.0
2001-01-05 19.0 19.12 18.6 18.6
2001-03-01 17.18 17.3 17.02 17.02
2001-03-02 17.5 17.51 17.27 17.27
2001-03-05 17.48 17.6 17.4 17.4
2001-03-08 17.48 17.55 17.4 17.4
2001-03-22 18.7 18.78 18.38 18.38
2001-03-26 19.1 19.2 18.74 18.74
2001-04-09 20.52 20.62 20.16 20.16
2001-08-09 18.29 18.3 18.0 18.0
2001-08-15 18.34 18.37 18.1 18.1
2001-08-21 18.2 18.29 18.08 18.08
2001-09-03 17.03 17.35 16.95 16.95
2001-09-04 17.5 17.66 16.99 16.99
2001-09-05 17.52 17.68 17.43 17.43
2001-11-16 16.15 17.0 15.99 15.99
2001-11-22 16.4 16.5 16.3 16.3
2002-01-31 14.82 15.0 13.7 13.7
2002-02-01 14.85 15.1 14.6 14.6
2002-02-04 15.04 15.09 14.78 14.78
2002-02-07 14.57 14.85 14.1 14.1
2002-04-19 15.57 15.75 15.21 15.21
2002-05-28 14.38 14.4 14.2 14.2
2002-05-31 14.73 14.96 14.34 14.34
2002-06-04 14.55 14.59 14.28 14.28
2002-06-21 14.5 14.7 13.87 13.87
2002-08-27 14.85 15.15 14.66 14.66
2002-08-30 14.67 14.77 14.51 14.51
2003-01-09 11.36 11.46 11.02 11.02
2003-03-18 12.15 12.35 12.05 12.05
2003-03-25 11.83 11.94 11.7 11.7
2003-03-27 12.38 12.88 12.05 12.05
2003-06-11 11.83 11.83 11.56 11.56
2003-06-17 12.02 12.05 11.85 11.85
2003-06-18 12.35 12.36 11.71 11.71
2003-07-14 11.76 11.82 11.72 11.72
2003-08-01 11.59 11.61 11.2 11.2
2003-08-08 11.44 11.45 11.3 11.3
2003-09-15 10.83 10.89 10.81 10.81
2003-09-22 10.44 10.61 10.36 10.36
2003-11-13 8.15 8.18 7.99 7.99
2003-11-14 8.43 8.45 8.1 8.1
2003-11-19 8.24 8.44 8.18 8.18
2003-12-04 9.42 9.54 9.4 9.4
2004-03-17 10.5 10.65 10.4 10.4
2004-08-24 5.61 5.7 5.34 5.34
2004-11-15 5.79 5.8 5.65 5.65
2005-02-21 4.82 4.83 4.67 4.67
2005-03-03 5.14 5.25 4.95 4.95
2005-03-21 4.61 4.62 4.51 4.51
2005-03-24 4.46 4.5 4.43 4.43
2005-03-25 4.48 4.52 4.46 4.46
2005-03-29 4.47 4.54 4.45 4.45
2005-04-05 4.35 4.42 4.31 4.31
2005-04-07 4.49 4.51 4.4 4.4
2005-04-13 4.54 4.66 4.3 4.3
2005-05-24 4.14 4.15 3.95 3.95
2005-06-10 4.42 4.5 4.35 4.35
2005-08-22 3.86 3.88 3.72 3.72
2005-09-12 4.2 4.23 4.11 4.11
2005-09-13 4.29 4.29 4.18 4.18
2005-09-29 4.05 4.06 3.92 3.92
2005-12-09 3.7 3.72 3.56 3.56
2005-12-16 3.76 3.77 3.7 3.7
2005-12-19 3.76 3.82 3.75 3.75
2005-12-26 3.79 3.81 3.75 3.75
2006-01-04 3.82 3.85 3.76 3.76
2006-01-06 3.9 3.92 3.83 3.83
2006-01-09 3.96 3.97 3.9 3.9
2006-01-12 4.03 4.03 3.94 3.94
2006-01-18 4.07 4.1 4.02 4.02
2006-11-17 3.25 3.27 3.18 3.18
2007-03-02 4.9 4.95 4.8 4.8
2007-03-06 5.09 5.17 4.91 4.91
2007-03-12 5.57 5.66 5.25 5.25
2007-03-20 5.67 5.72 5.5 5.5
2007-05-14 10.25 10.45 9.93 9.93
2007-06-05 6.69 6.75 6.32 6.32
2007-06-13 7.65 7.76 7.08 7.08
2007-07-26 6.81 6.96 6.67 6.67
2007-08-30 7.65 7.65 7.22 7.22
2007-09-06 7.92 8.08 7.88 7.88
2007-11-06 6.37 6.44 6.25 6.25
2007-11-12 6.25 6.25 6.01 6.01
2007-11-13 6.39 6.46 6.22 6.22
2008-07-04 4.85 4.93 4.8 4.8
2008-07-07 5.11 5.14 4.85 4.85
2008-07-09 5.26 5.28 5.14 5.14
2009-05-04 5.81 5.87 5.69 5.69
2009-05-05 5.98 6.16 5.82 5.82
2009-05-26 6.31 6.31 5.71 5.71
2009-07-22 8.0 8.11 7.86 7.86
2009-09-11 7.94 8.1 7.8 7.8
2009-09-14 8.19 8.28 7.95 7.95
2010-03-08 9.13 9.15 8.88 8.88
2010-07-06 7.75 7.93 7.35 7.35
2010-07-09 7.93 7.97 7.56 7.56
2010-07-14 8.04 8.08 7.83 7.83
2010-10-25 9.12 9.15 9.0 9.0
2011-01-21 9.86 9.94 9.53 9.53
2011-01-24 10.36 10.38 9.74 9.74
2011-01-28 9.69 9.78 9.52 9.52
2011-02-24 10.73 10.94 10.44 10.44
2011-06-30 10.3 10.39 10.13 10.13
2011-11-14 10.11 10.16 9.99 9.99
2011-11-21 9.36 9.37 9.1 9.1
2012-01-10 7.71 7.72 7.39 7.39
2012-02-02 7.95 7.97 7.7 7.7
2012-02-10 8.19 8.3 8.12 8.12
2012-02-13 8.25 8.33 8.1 8.1
2012-03-01 9.04 9.06 8.76 8.76
2012-09-19 7.24 7.31 7.12 7.12
2012-09-27 6.62 6.67 6.5 6.5
2012-11-06 8.38 8.45 7.74 7.74
2013-04-17 8.11 8.17 7.94 7.94
2013-04-22 8.8 8.87 8.54 8.54
2013-07-15 7.44 7.51 7.36 7.36
2013-10-11 9.07 9.2 8.61 8.61
2014-01-21 7.31 7.32 7.2 7.2
2014-01-22 7.52 7.54 7.32 7.32
2014-01-27 7.7 7.86 7.66 7.66
2014-01-29 7.74 7.77 7.66 7.66
2014-03-25 8.18 8.19 8.08 8.08
2015-04-17 15.07 15.4 14.49 14.49
2015-09-30 9.5 9.5 8.68 8.68
2016-02-19 11.5 11.5 11.5 11.5
2016-02-22 12.65 12.65 12.65 12.65
2016-02-24 14.03 14.03 12.55 12.55
2016-04-11 14.9 15.0 14.0 14.0
2016-04-12 16.37 16.39 15.06 15.06
2016-11-10 13.18 13.26 13.11 13.11
2017-03-20 13.99 14.01 13.72 13.72
2017-06-08 12.47 12.68 11.99 11.99
2017-07-04 11.92 11.98 11.83 11.83
2017-08-07 11.02 11.18 10.53 10.53
2017-08-14 10.79 10.91 10.65 10.65
