1997-06-06 15.11 15.11 15.11 15.11
1997-06-09 14.12 14.6 13.6 13.6
1997-06-13 13.1 13.41 11.9 11.9
1997-08-19 8.0 8.18 7.85 7.85
1997-08-22 8.13 8.18 8.0 8.0
1997-08-25 8.18 8.23 8.08 8.08
1997-09-25 8.34 8.45 8.0 8.0
1997-10-10 8.11 8.14 7.88 7.88
1997-11-14 8.3 8.43 8.2 8.2
1997-11-25 7.65 7.75 7.6 7.6
1997-11-26 7.8 7.8 7.61 7.61
1997-12-04 7.75 8.15 7.71 7.71
1997-12-05 7.8 7.93 7.77 7.77
1997-12-12 7.98 8.04 7.93 7.93
1997-12-19 7.88 7.9 7.8 7.8
1998-01-09 8.61 8.7 8.25 8.25
1998-02-11 8.43 8.48 8.35 8.35
1998-02-12 8.87 9.17 8.43 8.43
1998-02-13 9.0 9.27 8.9 8.9
1998-03-11 8.36 8.48 8.31 8.31
1998-04-02 8.4 8.46 8.16 8.16
1998-04-06 9.35 9.35 8.63 8.63
1998-04-15 9.2 9.25 8.88 8.88
1998-04-17 9.12 9.5 8.64 8.64
1998-04-28 9.17 9.29 9.0 9.0
1998-05-13 10.12 10.5 9.95 9.95
1998-06-03 11.76 11.99 11.4 11.4
1998-07-08 12.3 12.62 12.15 12.15
1998-07-10 12.37 12.46 12.12 12.12
1998-07-24 13.31 13.38 13.1 13.1
1998-09-18 10.93 11.19 10.7 10.7
1998-10-08 10.88 10.88 10.51 10.51
1998-10-14 11.35 11.56 11.28 11.28
1998-11-02 11.36 11.39 11.08 11.08
1998-11-16 12.34 12.57 12.18 12.18
1998-11-24 12.25 12.27 12.15 12.15
1998-12-15 10.78 10.78 10.52 10.52
1998-12-22 11.14 11.18 10.9 10.9
1999-01-06 9.61 9.7 9.41 9.41
1999-01-08 10.04 10.05 9.65 9.65
1999-01-14 9.96 10.09 9.91 9.91
1999-02-03 9.7 9.82 9.54 9.54
1999-02-09 9.15 9.18 8.95 8.95
1999-03-03 9.57 9.58 9.25 9.25
1999-03-11 9.85 9.9 9.5 9.5
1999-03-15 10.25 10.47 10.03 10.03
1999-04-20 10.2 10.31 10.15 10.15
1999-04-28 9.24 9.4 9.17 9.17
1999-04-29 9.38 9.42 9.18 9.18
1999-04-30 9.5 9.68 9.4 9.4
1999-05-07 9.56 9.65 9.4 9.4
1999-05-17 9.3 9.31 9.0 9.0
1999-05-19 9.4 9.42 9.0 9.0
1999-05-20 9.77 9.79 9.41 9.41
1999-06-14 11.08 11.2 10.6 10.6
1999-06-28 13.11 13.11 12.2 12.2
1999-07-23 11.75 12.05 11.49 11.49
1999-07-28 12.04 12.2 11.9 11.9
1999-08-11 12.21 12.42 12.18 12.18
1999-08-19 13.8 13.8 13.31 13.31
1999-08-31 13.45 13.5 13.15 13.15
1999-09-07 12.71 12.85 12.7 12.7
1999-09-21 13.0 13.12 12.88 12.88
1999-09-23 13.1 13.5 13.05 13.05
1999-09-30 13.28 13.51 13.2 13.2
1999-10-12 13.34 13.6 12.95 12.95
1999-10-15 13.4 13.51 13.0 13.0
1999-10-22 13.29 13.41 12.92 12.92
1999-11-05 11.23 11.27 11.0 11.0
1999-11-25 11.9 12.15 11.8 11.8
2000-01-04 11.45 11.45 11.11 11.11
2000-04-06 14.5 14.52 14.23 14.23
2000-04-12 15.08 15.28 14.7 14.7
2000-05-18 14.96 15.0 14.41 14.41
2000-08-08 16.12 16.32 15.8 15.8
2000-08-21 16.5 16.6 15.87 15.87
2000-09-06 16.79 16.97 16.7 16.7
2000-09-07 16.87 17.2 16.2 16.2
2000-09-11 17.49 17.5 16.99 16.99
2000-09-26 16.35 16.45 16.21 16.21
2000-09-27 16.74 16.78 16.37 16.37
2000-11-06 18.7 18.8 18.08 18.08
2000-11-16 18.75 19.2 18.66 18.66
2000-11-28 18.22 18.39 18.05 18.05
2000-12-01 18.58 18.6 18.18 18.18
2000-12-15 18.13 18.14 17.98 17.98
2000-12-21 18.4 18.64 18.35 18.35
2000-12-29 18.08 18.19 18.0 18.0
2001-01-05 19.0 19.12 18.6 18.6
2001-01-17 18.13 18.3 18.01 18.01
2001-02-23 17.04 17.12 16.51 16.51
2001-03-01 17.18 17.3 17.02 17.02
2001-03-02 17.5 17.51 17.27 17.27
2001-03-05 17.48 17.6 17.4 17.4
2001-03-08 17.48 17.55 17.4 17.4
2001-03-21 18.62 18.62 18.28 18.28
2001-03-22 18.7 18.78 18.38 18.38
2001-03-26 19.1 19.2 18.74 18.74
2001-04-05 20.4 20.4 20.0 20.0
2001-04-09 20.52 20.62 20.16 20.16
2001-04-27 19.56 19.65 19.41 19.41
2001-05-21 21.47 21.95 20.86 20.86
2001-08-01 17.79 17.87 17.4 17.4
2001-08-09 18.29 18.3 18.0 18.0
2001-08-15 18.34 18.37 18.1 18.1
2001-08-21 18.2 18.29 18.08 18.08
2001-08-30 16.95 17.25 16.88 16.88
2001-09-03 17.03 17.35 16.95 16.95
2001-09-04 17.5 17.66 16.99 16.99
2001-09-05 17.52 17.68 17.43 17.43
2001-10-22 14.45 14.8 14.32 14.32
2001-11-12 15.8 15.88 15.5 15.5
2001-11-16 16.15 17.0 15.99 15.99
2001-11-22 16.4 16.5 16.3 16.3
2001-12-28 16.16 16.35 16.03 16.03
2002-01-23 14.5 14.58 13.52 13.52
2002-01-31 14.82 15.0 13.7 13.7
2002-02-01 14.85 15.1 14.6 14.6
2002-02-04 15.04 15.09 14.78 14.78
2002-02-07 14.57 14.85 14.1 14.1
2002-03-07 15.41 15.48 14.5 14.5
2002-03-20 15.9 16.04 15.64 15.64
2002-04-12 15.6 15.71 15.41 15.41
2002-04-19 15.57 15.75 15.21 15.21
2002-05-13 15.63 15.78 15.5 15.5
2002-05-27 14.18 14.46 14.07 14.07
2002-05-28 14.38 14.4 14.2 14.2
2002-05-31 14.73 14.96 14.34 14.34
2002-06-04 14.55 14.59 14.28 14.28
2002-06-18 13.88 14.0 13.73 13.73
2002-06-21 14.5 14.7 13.87 13.87
2002-08-26 14.67 14.72 14.45 14.45
2002-08-27 14.85 15.15 14.66 14.66
2002-08-30 14.67 14.77 14.51 14.51
2002-10-31 13.78 13.85 13.51 13.51
2002-11-14 12.87 13.14 12.69 12.69
2002-12-09 11.88 11.9 11.72 11.72
2003-01-08 11.14 11.17 10.71 10.71
2003-01-09 11.36 11.46 11.02 11.02
2003-01-24 11.47 11.52 11.32 11.32
2003-03-17 12.01 12.06 11.78 11.78
2003-03-18 12.15 12.35 12.05 12.05
2003-03-25 11.83 11.94 11.7 11.7
2003-03-27 12.38 12.88 12.05 12.05
2003-04-17 12.69 12.78 12.55 12.55
2003-05-23 11.4 11.98 11.33 11.33
2003-06-10 11.56 11.8 11.24 11.24
2003-06-11 11.83 11.83 11.56 11.56
2003-06-17 12.02 12.05 11.85 11.85
2003-06-18 12.35 12.36 11.71 11.71
2003-07-04 11.95 12.05 11.87 11.87
2003-07-14 11.76 11.82 11.72 11.72
2003-07-30 11.21 11.42 11.2 11.2
2003-08-01 11.59 11.61 11.2 11.2
2003-08-08 11.44 11.45 11.3 11.3
2003-08-25 11.51 11.55 11.02 11.02
2003-09-12 11.02 11.25 10.64 10.64
2003-09-15 10.83 10.89 10.81 10.81
2003-09-22 10.44 10.61 10.36 10.36
2003-10-28 8.71 8.78 8.51 8.51
2003-11-12 8.0 8.09 7.9 7.9
2003-11-13 8.15 8.18 7.99 7.99
2003-11-14 8.43 8.45 8.1 8.1
2003-11-19 8.24 8.44 8.18 8.18
2003-11-28 8.97 9.03 8.81 8.81
2003-12-04 9.42 9.54 9.4 9.4
2003-12-26 9.51 9.52 9.26 9.26
2004-03-16 10.47 10.53 10.17 10.17
2004-03-17 10.5 10.65 10.4 10.4
2004-03-30 10.35 10.35 10.15 10.15
2004-04-26 9.89 9.91 9.7 9.7
2004-05-21 9.23 9.24 9.13 9.13
2004-06-11 8.2 8.39 8.16 8.16
2004-06-24 6.88 6.91 6.8 6.8
2004-07-06 6.61 6.67 6.56 6.56
2004-07-29 5.97 5.99 5.55 5.55
2004-08-23 5.34 5.41 5.3 5.3
2004-08-24 5.61 5.7 5.34 5.34
2004-09-17 6.25 6.39 6.08 6.08
2004-10-13 6.13 6.14 5.91 5.91
2004-11-09 5.67 5.68 5.6 5.6
2004-11-15 5.79 5.8 5.65 5.65
2004-11-25 6.19 6.26 5.88 5.88
2004-12-22 5.6 5.63 5.48 5.48
2005-01-07 4.93 5.01 4.88 4.88
2005-01-18 4.99 5.0 4.83 4.83
2005-02-04 4.67 4.68 4.56 4.56
2005-02-21 4.82 4.83 4.67 4.67
2005-03-02 4.94 5.02 4.91 4.91
2005-03-03 5.14 5.25 4.95 4.95
2005-03-15 4.98 4.98 4.86 4.86
2005-03-21 4.61 4.62 4.51 4.51
2005-03-24 4.46 4.5 4.43 4.43
2005-03-25 4.48 4.52 4.46 4.46
2005-03-29 4.47 4.54 4.45 4.45
2005-04-05 4.35 4.42 4.31 4.31
2005-04-07 4.49 4.51 4.4 4.4
2005-04-13 4.54 4.66 4.3 4.3
2005-05-18 4.08 4.08 3.85 3.85
2005-05-24 4.14 4.15 3.95 3.95
2005-06-07 4.06 4.09 3.99 3.99
2005-06-10 4.42 4.5 4.35 4.35
2005-06-24 4.24 4.26 4.2 4.2
2005-07-22 3.34 3.37 3.21 3.21
2005-08-05 3.62 3.63 3.52 3.52
2005-08-19 3.82 3.89 3.5 3.5
2005-08-22 3.86 3.88 3.72 3.72
2005-09-05 4.13 4.17 4.01 4.01
2005-09-12 4.2 4.23 4.11 4.11
2005-09-13 4.29 4.29 4.18 4.18
2005-09-28 3.91 3.92 3.81 3.81
2005-09-29 4.05 4.06 3.92 3.92
2005-11-23 3.88 3.92 3.84 3.84
2005-12-02 3.73 3.75 3.7 3.7
2005-12-09 3.7 3.72 3.56 3.56
2005-12-16 3.76 3.77 3.7 3.7
2005-12-19 3.76 3.82 3.75 3.75
2005-12-26 3.79 3.81 3.75 3.75
2006-01-04 3.82 3.85 3.76 3.76
2006-01-06 3.9 3.92 3.83 3.83
2006-01-09 3.96 3.97 3.9 3.9
2006-01-12 4.03 4.03 3.94 3.94
2006-01-18 4.07 4.1 4.02 4.02
2006-02-22 4.19 4.37 4.09 4.09
2006-04-17 5.95 5.98 5.53 5.53
2006-10-24 3.58 3.59 3.46 3.46
2006-11-09 3.42 3.45 3.39 3.39
2006-11-17 3.25 3.27 3.18 3.18
2006-12-21 3.52 3.65 3.48 3.48
2007-02-06 4.5 4.53 4.37 4.37
2007-02-15 5.1 5.1 4.83 4.83
2007-03-02 4.9 4.95 4.8 4.8
2007-03-06 5.09 5.17 4.91 4.91
2007-03-12 5.57 5.66 5.25 5.25
2007-03-20 5.67 5.72 5.5 5.5
2007-05-08 8.76 8.93 8.48 8.48
2007-05-14 10.25 10.45 9.93 9.93
2007-05-28 10.38 10.5 10.15 10.15
2007-06-05 6.69 6.75 6.32 6.32
2007-06-13 7.65 7.76 7.08 7.08
2007-07-06 5.77 5.78 5.24 5.24
2007-07-20 6.09 6.14 5.81 5.81
2007-07-26 6.81 6.96 6.67 6.67
2007-08-06 7.33 7.47 6.85 6.85
2007-08-23 7.57 7.7 7.45 7.45
2007-08-30 7.65 7.65 7.22 7.22
2007-09-06 7.92 8.08 7.88 7.88
2007-10-17 7.35 7.5 7.32 7.32
2007-11-05 6.29 6.35 6.1 6.1
2007-11-06 6.37 6.44 6.25 6.25
2007-11-12 6.25 6.25 6.01 6.01
2007-11-13 6.39 6.46 6.22 6.22
2007-12-25 8.51 8.65 8.4 8.4
2008-01-10 9.02 9.26 8.99 8.99
2008-02-18 8.91 9.02 8.76 8.76
2008-02-29 9.1 9.15 8.93 8.93
2008-04-24 6.47 6.47 6.47 6.47
2008-06-06 6.66 6.79 6.43 6.43
2008-07-02 4.69 4.77 4.63 4.63
2008-07-04 4.85 4.93 4.8 4.8
2008-07-07 5.11 5.14 4.85 4.85
2008-07-09 5.26 5.28 5.14 5.14
2008-09-12 4.21 4.21 3.8 3.8
2008-11-03 2.78 2.82 2.75 2.75
2008-12-10 3.83 3.86 3.65 3.65
2008-12-24 3.8 4.01 3.6 3.6
2009-01-14 3.62 3.63 3.47 3.47
2009-02-06 4.24 4.27 3.93 3.93
2009-02-23 4.59 4.6 4.4 4.4
2009-03-04 4.29 4.34 4.07 4.07
2009-04-29 5.51 5.54 5.3 5.3
2009-05-04 5.81 5.87 5.69 5.69
2009-05-05 5.98 6.16 5.82 5.82
2009-05-25 5.74 5.75 5.52 5.52
2009-05-26 6.31 6.31 5.71 5.71
2009-07-14 7.75 7.78 7.58 7.58
2009-07-22 8.0 8.11 7.86 7.86
2009-08-20 7.32 7.33 6.99 6.99
2009-09-04 7.44 7.49 7.33 7.33
2009-09-11 7.94 8.1 7.8 7.8
2009-09-14 8.19 8.28 7.95 7.95
2009-11-03 8.86 8.88 8.62 8.62
2009-11-30 9.04 9.09 8.85 8.85
2009-12-21 8.74 8.75 8.52 8.52
2010-02-02 8.3 8.48 8.29 8.29
2010-03-01 9.02 9.09 8.88 8.88
2010-03-08 9.13 9.15 8.88 8.88
2010-03-26 9.33 9.38 9.08 9.08
2010-04-08 9.73 9.78 9.54 9.54
2010-05-05 8.38 8.38 8.08 8.08
2010-06-22 7.36 7.4 7.29 7.29
2010-07-02 7.64 7.88 7.21 7.21
2010-07-06 7.75 7.93 7.35 7.35
2010-07-09 7.93 7.97 7.56 7.56
2010-07-14 8.04 8.08 7.83 7.83
2010-08-13 8.45 8.49 8.25 8.25
2010-08-26 8.76 8.89 8.58 8.58
2010-10-15 8.86 8.94 8.76 8.76
2010-10-25 9.12 9.15 9.0 9.0
2010-12-31 10.44 10.64 10.28 10.28
2011-01-18 9.4 9.46 9.23 9.23
2011-01-21 9.86 9.94 9.53 9.53
2011-01-24 10.36 10.38 9.74 9.74
2011-01-28 9.69 9.78 9.52 9.52
2011-02-23 10.54 10.57 10.19 10.19
2011-02-24 10.73 10.94 10.44 10.44
2011-03-25 12.75 12.75 12.75 12.75
2011-04-08 13.0 13.15 12.35 12.35
2011-05-04 11.95 12.34 11.75 11.75
2011-05-16 13.18 13.32 12.31 12.31
2011-06-03 10.33 10.37 10.15 10.15
2011-06-27 10.31 10.42 10.03 10.03
2011-06-30 10.3 10.39 10.13 10.13
2011-07-13 12.34 12.34 11.19 11.19
2011-11-11 9.95 10.19 9.81 9.81
2011-11-14 10.11 10.16 9.99 9.99
2011-11-21 9.36 9.37 9.1 9.1
2011-12-30 7.7 7.7 7.58 7.58
2012-01-10 7.71 7.72 7.39 7.39
2012-01-20 7.89 8.0 7.61 7.61
2012-02-02 7.95 7.97 7.7 7.7
2012-02-10 8.19 8.3 8.12 8.12
2012-02-13 8.25 8.33 8.1 8.1
2012-02-27 8.94 9.05 8.84 8.84
2012-03-01 9.04 9.06 8.76 8.76
2012-04-05 9.34 9.38 8.84 8.84
2012-05-07 10.71 10.85 10.47 10.47
2012-07-13 7.0 7.15 6.93 6.93
2012-08-07 7.03 7.17 6.78 6.78
2012-08-17 6.74 6.77 6.59 6.59
2012-09-06 6.8 6.8 6.69 6.69
2012-09-17 7.21 7.5 6.99 6.99
2012-09-19 7.24 7.31 7.12 7.12
2012-09-27 6.62 6.67 6.5 6.5
2012-11-01 8.04 8.13 7.85 7.85
2012-11-06 8.38 8.45 7.74 7.74
2012-12-19 7.31 7.35 7.22 7.22
2013-01-14 7.7 7.71 7.43 7.43
2013-01-28 8.6 8.7 8.34 8.34
2013-03-22 8.78 8.82 8.56 8.56
2013-04-09 8.13 8.2 8.08 8.08
2013-04-17 8.11 8.17 7.94 7.94
2013-04-22 8.8 8.87 8.54 8.54
2013-05-15 8.81 8.85 8.6 8.6
2013-05-27 8.69 8.72 8.59 8.59
2013-06-14 7.81 7.85 7.74 7.74
2013-07-11 7.56 7.62 7.37 7.37
2013-07-15 7.44 7.51 7.36 7.36
2013-08-30 8.11 8.23 7.89 7.89
2013-09-12 8.77 8.9 8.09 8.09
2013-09-30 8.39 8.44 8.03 8.03
2013-10-11 9.07 9.2 8.61 8.61
2014-01-14 7.47 7.48 7.33 7.33
2014-01-21 7.31 7.32 7.2 7.2
2014-01-22 7.52 7.54 7.32 7.32
2014-01-27 7.7 7.86 7.66 7.66
2014-01-29 7.74 7.77 7.66 7.66
2014-02-14 8.01 8.03 7.86 7.86
2014-03-24 8.11 8.17 8.02 8.02
2014-03-25 8.18 8.19 8.08 8.08
2014-04-03 8.99 9.28 8.65 8.65
2014-07-25 7.01 7.1 6.92 6.92
2014-09-01 8.6 8.7 8.48 8.48
2014-10-28 10.87 10.95 10.03 10.03
2014-12-26 8.17 8.21 8.08 8.08
2015-01-15 8.15 8.18 8.06 8.06
2015-02-11 9.0 9.11 8.73 8.73
2015-04-10 14.87 15.32 14.1 14.1
2015-04-17 15.07 15.4 14.49 14.49
2015-05-08 16.31 16.42 15.42 15.42
2015-05-29 22.55 24.2 22.55 22.55
2015-07-09 11.73 11.73 9.59 9.59
2015-08-04 10.84 10.9 9.9 9.9
2015-09-24 8.05 8.1 7.75 7.75
2015-09-30 9.5 9.5 8.68 8.68
2016-02-18 10.45 10.45 10.45 10.45
2016-02-19 11.5 11.5 11.5 11.5
2016-02-22 12.65 12.65 12.65 12.65
2016-02-24 14.03 14.03 12.55 12.55
2016-03-07 10.68 11.0 10.34 10.34
2016-03-21 12.67 12.73 12.07 12.07
2016-04-05 14.23 14.69 13.75 13.75
2016-04-11 14.9 15.0 14.0 14.0
2016-04-12 16.37 16.39 15.06 15.06
2016-06-20 14.58 14.64 14.19 14.19
2016-07-05 15.99 16.18 15.15 15.15
2016-07-20 14.23 14.29 14.13 14.13
2016-09-19 12.95 13.03 12.73 12.73
2016-10-11 13.82 14.0 13.72 13.72
2016-11-08 13.31 13.45 13.18 13.18
2016-11-10 13.18 13.26 13.11 13.11
2016-11-24 14.12 14.17 13.52 13.52
2017-02-24 14.15 14.34 13.81 13.81
2017-03-14 13.88 14.08 13.81 13.81
2017-03-20 13.99 14.01 13.72 13.72
2017-04-07 13.27 13.42 13.01 13.01
2017-06-05 11.93 12.13 11.81 11.81
2017-06-08 12.47 12.68 11.99 11.99
2017-06-29 11.85 11.9 11.71 11.71
2017-07-04 11.92 11.98 11.83 11.83
2017-07-31 11.27 11.46 11.16 11.16
2017-08-07 11.02 11.18 10.53 10.53
2017-08-14 10.79 10.91 10.65 10.65
