2002-03-14 12.05 12.07 11.68 11.68
2002-04-09 13.48 13.52 13.11 13.11
2002-05-09 12.8 12.95 12.76 12.76
2002-05-21 12.18 12.4 12.01 12.01
2002-06-18 11.42 11.5 11.16 11.16
2002-06-20 11.37 11.5 11.2 11.2
2002-06-21 11.8 11.84 11.37 11.37
2002-07-23 12.05 12.1 12.0 12.0
2002-07-24 12.15 12.21 12.05 12.05
2002-08-02 11.96 11.97 11.88 11.88
2002-08-22 12.0 12.1 11.79 11.79
2002-09-02 11.89 11.96 11.82 11.82
2002-09-03 11.93 12.03 11.9 11.9
2002-09-23 11.78 11.92 10.92 10.92
2002-09-24 11.63 11.78 11.61 11.61
2002-09-27 11.45 11.5 11.42 11.42
2003-01-08 9.15 9.16 8.77 8.77
2003-01-27 9.87 9.99 9.81 9.81
2003-02-11 9.78 9.82 9.57 9.57
2003-02-25 10.08 10.1 9.83 9.83
2003-02-27 10.12 10.25 10.07 10.07
2003-03-14 9.61 9.7 9.5 9.5
2003-03-20 9.49 9.7 9.41 9.41
2003-05-21 8.41 8.59 8.3 8.3
2003-06-13 8.21 8.28 8.1 8.1
2003-07-17 8.07 8.1 7.83 7.83
2003-07-29 7.78 7.85 7.6 7.6
2003-08-05 7.8 7.83 7.63 7.63
2003-08-07 7.9 7.9 7.75 7.75
2003-08-15 8.0 8.01 7.9 7.9
2003-10-10 6.83 6.9 6.62 6.62
2003-10-21 6.3 6.3 6.21 6.21
2003-10-24 6.43 6.47 6.4 6.4
2003-12-01 6.32 6.34 6.17 6.17
2003-12-24 5.94 5.98 5.78 5.78
2004-01-07 5.7 5.8 5.61 5.61
2004-01-08 5.94 5.97 5.71 5.71
2004-01-13 5.96 6.0 5.83 5.83
2004-01-29 6.24 6.25 6.02 6.02
2004-02-05 6.79 6.8 6.65 6.65
2004-02-17 7.14 7.15 6.96 6.96
2004-03-31 6.86 6.89 6.71 6.71
2004-04-12 6.96 7.03 6.7 6.7
2004-04-21 6.6 6.68 6.54 6.54
2004-04-29 6.23 6.3 6.21 6.21
2004-05-17 6.33 6.42 6.26 6.26
2004-05-18 6.51 6.54 6.34 6.34
2004-07-01 5.8 5.91 5.62 5.62
2004-07-06 5.8 5.9 5.8 5.8
2004-08-04 5.26 5.34 5.14 5.14
2004-08-12 5.33 5.35 5.25 5.25
2004-08-24 5.03 5.05 4.85 4.85
2004-08-25 5.12 5.21 5.02 5.02
2004-09-14 4.95 5.0 4.85 4.85
2004-09-20 5.57 5.58 5.41 5.41
2004-10-18 5.05 5.08 4.96 4.96
2004-10-19 5.35 5.56 5.15 5.15
2004-11-18 4.92 4.95 4.82 4.82
2004-11-26 5.15 5.2 5.04 5.04
2004-12-17 4.76 4.8 4.75 4.75
2004-12-22 4.89 4.9 4.74 4.74
2005-01-05 4.67 4.7 4.55 4.55
2005-01-07 4.65 4.68 4.58 4.58
2005-01-10 4.69 4.7 4.56 4.56
2005-01-21 4.56 4.58 4.42 4.42
2005-02-22 4.58 4.59 4.45 4.45
2005-03-21 4.31 4.4 4.26 4.26
2005-03-23 4.26 4.3 4.2 4.2
2005-04-07 4.14 4.17 4.02 4.02
2005-04-13 4.2 4.2 4.06 4.06
2005-05-13 3.32 3.35 3.22 3.22
2005-05-24 3.44 3.5 3.31 3.31
2005-06-02 3.37 3.43 3.34 3.34
2005-06-21 3.64 3.67 3.49 3.49
2005-06-29 3.5 3.55 3.5 3.5
2005-08-02 2.97 2.98 2.9 2.9
2005-08-03 3.0 3.07 2.97 2.97
2005-09-13 3.71 3.72 3.59 3.59
2005-10-11 3.52 3.55 3.45 3.45
2005-10-12 3.59 3.61 3.51 3.51
2005-10-18 3.57 3.61 3.46 3.46
2005-11-04 3.25 3.26 3.18 3.18
2005-11-23 3.4 3.41 3.33 3.33
2005-12-06 3.83 3.83 3.46 3.46
2005-12-16 3.56 3.58 3.54 3.54
2005-12-19 3.56 3.58 3.51 3.51
2006-10-24 3.52 3.53 3.41 3.41
2006-10-30 3.43 3.43 3.36 3.36
2006-11-03 3.57 3.81 3.48 3.48
2006-11-17 3.21 3.23 3.16 3.16
2006-11-23 3.32 3.59 3.24 3.24
2006-11-27 3.35 3.36 3.3 3.3
2006-12-11 3.26 3.27 3.17 3.17
2006-12-29 3.3 3.32 3.28 3.28
2007-01-05 3.33 3.34 3.22 3.22
2007-01-15 3.62 3.64 3.44 3.44
2007-02-05 4.26 4.27 4.09 4.09
2007-02-26 4.94 4.95 4.65 4.65
2007-04-16 6.72 6.73 6.5 6.5
2007-04-20 7.18 7.33 6.75 6.75
2007-04-23 7.55 7.68 7.21 7.21
2007-05-16 8.54 8.54 8.18 8.18
2007-05-17 8.88 9.03 8.54 8.54
2007-06-05 6.56 6.88 6.28 6.28
2007-06-18 7.17 7.25 7.11 7.11
2007-07-20 5.78 5.82 5.6 5.6
2007-08-02 6.54 6.63 6.3 6.3
2007-08-09 7.1 7.1 6.46 6.46
2007-08-30 7.82 7.82 7.23 7.23
2007-09-05 8.05 8.09 7.84 7.84
2007-09-17 8.73 8.89 8.5 8.5
2007-09-28 8.1 8.17 7.99 7.99
2007-10-26 6.13 6.22 5.96 5.96
2007-11-06 6.5 6.62 6.39 6.39
2007-11-14 6.69 6.74 6.56 6.56
2007-11-19 6.99 7.15 6.85 6.85
2007-12-04 7.39 7.5 7.19 7.19
2008-05-21 8.44 8.49 7.97 7.97
2008-06-25 6.51 6.54 6.21 6.21
2008-07-14 7.17 7.2 6.72 6.72
2008-08-21 4.13 4.13 4.13 4.13
2008-08-29 4.84 4.84 4.35 4.35
2008-09-01 5.08 5.14 4.76 4.76
2008-10-10 3.11 3.11 3.11 3.11
2008-10-13 3.01 3.02 2.8 2.8
2008-11-05 2.37 2.37 2.14 2.14
2008-11-10 2.45 2.5 2.3 2.3
2008-11-11 2.7 2.7 2.41 2.41
2008-12-10 3.44 3.46 3.26 3.26
2009-01-09 3.04 3.05 2.96 2.96
2009-01-14 3.11 3.11 3.0 3.0
2009-03-10 4.18 4.23 4.01 4.01
2009-03-19 4.36 4.39 4.26 4.26
2009-06-19 7.3 7.68 7.14 7.14
2009-07-07 7.72 7.9 7.5 7.5
2009-09-07 9.65 9.95 9.2 9.2
2009-09-11 9.81 10.09 9.6 9.6
2009-11-03 10.1 10.26 9.82 9.82
2009-12-11 12.6 12.8 12.35 12.35
2009-12-28 11.73 11.84 11.61 11.61
2010-01-08 11.89 12.13 11.66 11.66
2010-02-08 16.81 17.5 16.1 16.1
2010-02-24 17.99 17.99 16.35 16.35
2010-03-24 15.86 15.88 15.45 15.45
2010-04-28 17.17 18.44 16.71 16.71
2010-04-30 16.76 17.19 16.52 16.52
2010-05-10 16.49 16.6 16.0 16.0
2010-05-19 16.03 16.15 15.69 15.69
2010-05-24 16.95 17.08 16.48 16.48
2010-06-01 16.5 16.78 16.2 16.2
2010-06-02 16.37 16.57 16.23 16.23
2010-06-03 16.53 16.85 16.38 16.38
2010-06-08 16.5 16.75 16.32 16.32
2010-06-17 17.82 18.25 17.58 17.58
2010-07-07 14.41 14.5 14.26 14.26
2010-08-02 17.06 17.17 16.55 16.55
2010-08-19 17.43 17.69 17.2 17.2
2010-08-27 17.28 17.38 16.81 16.81
2010-09-17 17.26 17.31 17.08 17.08
2010-10-25 16.3 16.3 15.5 15.5
2010-10-27 17.54 17.6 16.8 16.8
2010-11-25 17.56 17.56 16.8 16.8
2010-12-15 17.5 17.63 17.38 17.38
2010-12-16 17.66 18.17 17.5 17.5
2010-12-21 18.21 18.59 18.0 18.0
2010-12-24 19.09 19.2 18.0 18.0
2011-01-21 16.41 16.69 16.23 16.23
2011-01-26 16.14 16.25 15.87 15.87
2011-02-11 16.9 17.1 16.46 16.46
2011-02-21 17.63 17.75 17.51 17.51
2011-03-14 20.46 20.67 19.75 19.75
2011-03-23 19.98 20.18 19.64 19.64
2011-04-01 19.38 19.48 18.9 18.9
2011-05-31 15.32 15.38 14.7 14.7
2011-07-07 16.25 16.56 15.56 15.56
2011-07-11 16.34 16.6 16.01 16.01
2011-07-13 16.48 16.51 15.94 15.94
2011-07-22 15.67 15.85 15.42 15.42
2011-08-11 17.48 17.96 17.0 17.0
2011-08-24 17.59 17.64 17.03 17.03
2011-09-06 14.91 15.1 14.78 14.78
2011-09-27 13.55 14.0 13.49 13.49
2011-09-30 13.59 13.63 13.32 13.32
2011-10-10 13.9 14.15 13.64 13.64
2012-01-20 15.86 16.28 15.18 15.18
2012-02-10 17.43 17.8 17.1 17.1
2012-04-18 17.39 17.55 17.08 17.08
2012-05-10 17.9 17.91 17.61 17.61
2012-05-29 15.71 15.82 15.36 15.36
2012-06-18 15.36 15.45 15.28 15.28
2012-07-31 14.79 15.15 14.4 14.4
2012-09-05 16.49 16.78 15.82 15.82
2012-10-29 15.04 15.06 14.82 14.82
2012-11-01 15.29 15.32 15.09 15.09
2012-11-23 12.95 13.1 12.86 12.86
2012-11-30 12.07 12.14 11.8 11.8
2012-12-14 12.9 13.02 12.35 12.35
2012-12-17 13.27 13.36 12.96 12.96
2012-12-26 14.04 14.1 13.55 13.55
2013-01-10 14.52 14.7 14.19 14.19
2013-02-20 16.96 16.98 16.41 16.41
2013-03-08 16.85 17.32 16.8 16.8
2013-03-14 15.46 15.62 15.36 15.36
2013-05-08 16.01 16.15 15.49 15.49
2013-06-03 15.78 16.01 15.7 15.7
2013-06-14 15.53 15.75 14.71 14.71
2013-07-15 19.08 19.57 18.6 18.6
2013-09-25 21.46 22.25 20.91 20.91
2013-10-18 21.29 21.65 20.85 20.85
2013-12-12 18.53 18.73 18.16 18.16
2013-12-27 18.17 18.28 17.71 17.71
2014-01-08 18.25 18.32 17.76 17.76
2014-01-09 18.2 18.74 18.05 18.05
2014-01-27 22.95 24.04 21.89 21.89
2014-03-06 22.98 23.15 22.34 22.34
2014-03-07 23.18 23.49 22.81 22.81
2014-06-25 13.89 14.1 12.89 12.89
2014-08-15 14.45 14.77 14.24 14.24
2014-09-11 16.3 16.73 16.19 16.19
2014-09-23 14.94 15.08 14.78 14.78
2014-09-29 15.37 15.48 15.3 15.3
2014-12-10 14.98 14.99 13.8 13.8
2014-12-23 14.27 14.58 13.7 13.7
2015-01-13 13.66 13.75 13.34 13.34
2015-01-26 14.75 14.8 14.39 14.39
2015-02-11 15.33 15.63 15.15 15.15
2015-04-21 20.09 20.15 19.5 19.5
2015-05-18 24.9 25.28 24.1 24.1
2015-07-08 20.57 20.57 20.57 20.57
2015-07-09 22.63 22.63 18.51 18.51
2015-07-10 24.89 24.89 23.31 23.31
2015-07-13 27.38 27.38 25.1 25.1
2015-08-07 25.42 25.88 24.79 24.79
2015-08-10 26.95 27.23 25.53 25.53
2015-09-16 22.56 22.88 20.5 20.5
2015-09-24 22.4 22.55 21.96 21.96
2015-10-12 22.95 23.3 22.32 22.32
2015-10-13 23.27 23.8 22.7 22.7
2015-10-15 23.4 23.65 22.73 22.73
2015-11-04 25.55 25.65 24.29 24.29
2015-11-25 26.82 27.6 24.9 24.9
2016-01-18 19.76 20.21 18.98 18.98
2016-01-25 19.93 20.36 19.66 19.66
2016-01-28 19.42 20.16 19.06 19.06
2016-02-02 20.07 20.13 19.42 19.42
2016-03-17 18.0 18.2 17.62 17.62
2016-03-31 19.34 20.15 18.98 18.98
2016-04-11 23.29 23.29 21.26 21.26
2016-05-19 20.16 20.41 19.92 19.92
2016-05-23 20.87 21.03 20.32 20.32
2016-05-31 20.99 21.03 20.26 20.26
2016-06-27 20.09 20.26 19.52 19.52
2016-07-26 21.8 21.93 20.82 20.82
2016-08-11 22.66 23.03 22.13 22.13
2016-08-24 23.47 23.82 22.9 22.9
2016-09-19 23.39 23.5 22.54 22.54
2016-10-10 23.89 24.04 23.35 23.35
2016-10-31 23.07 23.15 22.9 22.9
2017-01-24 20.94 21.05 20.48 20.48
2017-02-27 21.52 21.84 21.38 21.38
2017-03-17 23.36 24.17 22.93 22.93
2017-04-25 21.3 21.56 21.18 21.18
2017-05-15 20.52 20.64 20.09 20.09
2017-06-30 23.51 23.77 23.12 23.12
2017-08-03 22.3 22.7 22.14 22.14
2017-08-08 24.55 24.55 22.45 22.45
