1994-01-03 8.0 8.47 7.52 7.52
1994-01-13 6.81 6.98 6.7 6.7
1994-01-26 5.65 5.75 5.5 5.5
1994-02-02 5.25 5.27 5.1 5.1
1994-03-22 5.53 5.68 5.3 5.3
1994-03-28 5.65 5.69 5.5 5.5
1994-04-05 5.9 5.98 5.65 5.65
1994-05-03 4.7 4.72 4.4 4.4
1994-05-10 4.4 4.4 4.3 4.3
1994-05-12 4.3 4.44 4.21 4.21
1994-06-10 3.42 3.58 3.41 3.41
1994-06-13 3.32 3.4 3.32 3.32
1994-06-14 3.33 3.39 3.32 3.32
1994-06-22 3.4 3.47 3.38 3.38
1994-06-24 3.32 3.4 3.32 3.32
1994-07-07 3.05 3.11 3.03 3.03
1994-08-03 3.58 3.69 2.88 2.88
1994-08-16 5.12 5.35 4.78 4.78
1994-09-09 6.16 6.28 5.74 5.74
1994-10-19 3.6 3.7 3.39 3.39
1994-11-01 3.59 3.65 3.52 3.52
1994-11-03 3.82 3.85 3.6 3.6
1994-11-07 3.55 3.56 3.41 3.41
1994-11-17 3.53 3.6 3.52 3.52
1994-12-23 3.22 3.26 3.16 3.16
1995-01-04 3.2 3.2 3.06 3.06
1995-01-12 2.97 3.04 2.96 2.96
1995-01-20 2.77 2.88 2.72 2.72
1995-01-23 2.74 2.8 2.71 2.71
1995-01-24 2.72 2.78 2.7 2.7
1995-02-09 2.88 2.88 2.73 2.73
1995-02-10 2.81 2.9 2.8 2.8
1995-02-13 2.95 2.95 2.78 2.78
1995-02-21 2.85 2.86 2.78 2.78
1995-03-27 3.4 3.4 3.3 3.3
1995-04-03 3.38 3.4 3.34 3.34
1995-04-20 3.3 3.3 3.13 3.13
1995-05-02 2.92 2.95 2.89 2.89
1995-05-05 2.87 2.9 2.85 2.85
1995-05-22 4.9 4.92 4.4 4.4
1995-06-16 3.24 3.31 3.1 3.1
1995-06-19 3.21 3.22 3.14 3.14
1995-06-21 3.33 3.34 3.2 3.2
1995-06-23 3.34 3.34 3.25 3.25
1995-07-25 3.56 3.77 3.48 3.48
1995-08-03 3.74 3.78 3.65 3.65
1995-11-17 4.65 4.69 4.61 4.61
1995-11-21 4.74 4.78 4.63 4.63
1995-12-06 4.25 4.39 4.22 4.22
1995-12-14 3.83 3.92 3.81 3.81
1995-12-21 3.86 3.98 3.72 3.72
1995-12-29 3.45 3.55 3.4 3.4
1996-01-03 3.45 3.65 3.21 3.21
1996-01-08 3.44 3.48 3.28 3.28
1996-01-09 3.59 3.61 3.41 3.41
1996-01-16 3.73 3.83 3.62 3.62
1996-01-19 3.5 3.55 3.32 3.32
1996-01-24 3.55 3.58 3.5 3.5
1996-01-26 3.58 3.61 3.32 3.32
1996-01-31 3.71 3.76 3.65 3.65
1996-02-06 3.49 3.57 3.45 3.45
1996-02-07 3.5 3.54 3.46 3.46
1996-02-08 3.5 3.55 3.48 3.48
1996-02-13 3.55 3.57 3.5 3.5
1996-02-14 3.55 3.62 3.51 3.51
1996-02-16 3.67 3.7 3.58 3.58
1996-03-14 3.87 3.94 3.84 3.84
1996-03-18 3.92 3.95 3.87 3.87
1996-03-20 3.92 3.93 3.88 3.88
1996-03-25 3.93 3.96 3.9 3.9
1996-04-01 3.82 3.85 3.75 3.75
1996-04-04 3.78 3.78 3.73 3.73
1996-04-09 3.89 3.93 3.82 3.82
1996-04-15 3.81 3.87 3.8 3.8
1996-04-17 3.86 3.91 3.86 3.86
1996-04-19 4.15 4.18 4.07 4.07
1996-04-24 4.63 5.0 4.35 4.35
1996-04-26 5.07 5.07 4.45 4.45
1996-05-09 5.19 5.22 5.08 5.08
1996-05-10 5.15 5.19 4.8 4.8
1996-05-28 5.04 5.04 4.88 4.88
1996-06-05 5.3 5.3 4.95 4.95
1996-06-07 5.33 5.39 5.17 5.17
1996-07-18 5.42 5.56 5.4 5.4
1996-07-29 4.47 4.47 4.31 4.31
1996-08-08 4.55 4.68 4.55 4.55
1996-08-15 4.72 4.9 4.66 4.66
1996-08-27 3.92 3.97 3.72 3.72
1996-08-30 4.16 4.19 4.06 4.06
1996-09-04 4.2 4.28 3.25 3.25
1996-10-17 4.78 4.85 4.6 4.6
1996-11-19 5.53 5.8 5.3 5.3
1996-11-28 5.95 6.2 5.71 5.71
1996-12-02 7.48 7.64 6.65 6.65
1996-12-16 5.94 5.94 5.94 5.94
1996-12-17 5.35 5.35 5.35 5.35
1996-12-20 4.48 4.79 4.37 4.37
1996-12-23 4.93 4.93 4.6 4.6
1996-12-25 5.33 5.34 4.9 4.9
1997-01-02 5.2 5.25 5.0 5.0
1997-01-06 5.08 5.21 5.0 5.0
1997-01-29 5.64 5.68 5.53 5.53
1997-02-19 5.68 5.7 5.33 5.33
1997-02-20 5.5 5.65 5.11 5.11
1997-02-21 6.05 6.05 5.45 5.45
1997-03-10 7.08 7.48 7.0 7.0
1997-03-20 7.5 7.95 7.35 7.35
1997-03-21 8.14 8.19 7.48 7.48
1997-03-31 8.97 9.28 8.8 8.8
1997-04-09 8.8 8.89 8.15 8.15
1997-04-23 10.86 11.03 10.26 10.26
1997-04-30 15.68 15.71 14.4 14.4
1997-05-05 17.25 17.25 16.0 16.0
1997-05-15 19.33 19.45 18.01 18.01
1997-05-16 19.05 19.29 17.4 17.4
1997-05-19 17.15 17.15 17.15 17.15
1997-05-20 16.3 18.0 15.44 15.44
1997-05-22 13.2 13.79 13.2 13.2
1997-06-06 12.16 12.85 12.16 12.16
1997-06-16 13.99 13.99 13.1 13.1
1997-06-20 13.8 13.92 12.99 12.99
1997-07-18 12.65 12.65 11.6 11.6
1997-07-21 13.85 13.92 13.25 13.25
1997-07-29 12.65 12.95 12.02 12.02
1997-08-21 11.73 11.73 10.7 10.7
1997-09-02 11.6 11.93 11.22 11.22
1997-09-19 11.3 11.4 10.9 10.9
1997-10-10 9.86 9.9 9.5 9.5
1997-10-14 9.7 9.7 9.53 9.53
1997-10-24 10.66 10.72 10.2 10.2
1997-10-29 11.38 11.38 10.0 10.0
1997-11-14 10.83 10.99 10.53 10.53
1997-11-28 10.65 10.73 10.48 10.48
1997-12-25 11.91 12.2 11.62 11.62
1998-01-14 14.19 14.4 13.52 13.52
1998-01-22 13.4 13.49 13.1 13.1
1998-02-26 12.49 12.5 12.0 12.0
1998-03-27 11.47 11.68 11.2 11.2
1998-04-01 12.71 12.75 11.95 11.95
1998-04-09 13.29 14.02 12.88 12.88
1998-05-28 13.91 14.2 13.53 13.53
1998-06-02 14.43 14.9 14.0 14.0
1998-06-22 14.98 15.09 14.5 14.5
1998-07-21 11.71 11.78 11.44 11.44
1998-07-29 12.75 12.88 12.35 12.35
1998-08-19 11.69 11.73 11.11 11.11
1998-08-28 12.85 12.92 11.94 11.94
1998-09-02 12.89 13.2 12.77 12.77
1998-09-23 14.64 14.9 14.6 14.6
1998-09-30 15.45 15.58 15.1 15.1
1998-10-16 15.1 15.15 14.7 14.7
1998-11-20 15.6 15.79 14.7 14.7
1998-12-11 15.4 15.5 14.9 14.9
1998-12-18 15.78 16.0 15.2 15.2
1998-12-22 16.41 16.41 15.93 15.93
1999-01-06 15.68 15.8 15.38 15.38
1999-03-18 11.19 11.36 10.35 10.35
1999-03-26 10.9 11.17 10.7 10.7
1999-04-05 11.98 12.12 11.35 11.35
1999-04-07 12.1 12.28 11.73 11.73
1999-04-14 11.93 12.0 11.8 11.8
1999-06-01 12.78 12.89 11.71 11.71
1999-06-14 12.91 13.18 12.25 12.25
1999-06-28 14.1 14.35 13.5 13.5
1999-07-23 11.35 11.65 11.3 11.3
1999-07-28 11.62 11.73 11.55 11.55
1999-07-29 11.88 12.0 11.63 11.63
1999-08-17 11.85 12.07 11.8 11.8
1999-09-07 11.74 12.08 11.6 11.6
1999-10-12 11.76 11.8 11.6 11.6
1999-10-15 11.7 11.78 11.52 11.52
1999-10-20 11.2 11.32 11.0 11.0
1999-10-22 11.35 11.42 11.06 11.06
1999-10-27 11.45 11.49 11.25 11.25
1999-11-18 10.8 10.85 10.4 10.4
1999-11-19 10.63 10.8 10.58 10.58
1999-12-07 9.53 9.6 9.4 9.4
1999-12-30 9.04 9.11 9.04 9.04
2000-01-18 9.46 9.46 9.46 9.46
2000-02-14 11.89 11.97 11.0 11.0
2000-02-24 10.89 11.2 10.42 10.42
2000-03-03 11.85 11.92 11.24 11.24
2000-03-06 12.19 12.44 12.0 12.0
2000-04-06 12.05 12.1 11.7 11.7
2000-05-24 12.4 12.65 11.8 11.8
2000-06-01 12.8 13.2 12.58 12.58
2000-06-28 13.9 14.2 13.6 13.6
2000-07-03 13.31 13.76 13.2 13.2
2000-07-07 13.38 13.5 13.16 13.16
2000-07-10 13.75 13.75 13.45 13.45
2000-07-25 13.18 13.25 13.17 13.17
2000-07-26 13.36 13.5 13.2 13.2
2000-08-02 13.29 13.49 13.23 13.23
2000-08-21 13.69 13.93 13.6 13.6
2000-09-20 14.1 14.22 13.7 13.7
2000-09-29 13.25 13.4 13.0 13.0
2000-11-17 15.6 15.83 15.3 15.3
2000-11-29 14.46 14.77 14.4 14.4
2000-12-08 14.33 14.5 14.12 14.12
2000-12-20 14.22 14.36 14.02 14.02
2000-12-29 14.11 14.15 14.0 14.0
2001-01-02 14.83 14.99 14.2 14.2
2001-01-05 15.06 15.27 14.66 14.66
2001-01-11 15.16 15.5 15.08 15.08
2001-03-02 13.96 14.18 13.65 13.65
2001-03-08 13.79 13.8 13.66 13.66
2001-03-14 13.7 13.76 13.6 13.6
2001-03-19 14.06 14.12 13.85 13.85
2001-03-29 14.4 14.6 14.18 14.18
2001-04-06 14.31 14.66 14.28 14.28
2001-04-09 14.55 14.6 14.32 14.32
2001-04-17 14.83 14.95 14.6 14.6
2001-05-17 15.88 16.08 15.08 15.08
2001-06-13 16.65 16.75 16.4 16.4
2001-06-21 15.46 15.5 15.25 15.25
2001-07-03 15.4 15.4 15.27 15.27
2001-08-01 13.87 13.9 13.46 13.46
2001-08-07 12.88 12.93 12.4 12.4
2001-08-28 12.89 12.89 12.5 12.5
2001-08-30 12.86 13.08 12.74 12.74
2001-08-31 12.85 13.07 12.7 12.7
2001-09-03 12.89 13.36 12.71 12.71
2001-09-04 13.29 13.29 12.89 12.89
2001-09-19 13.0 13.0 12.6 12.6
2001-09-24 12.64 12.79 12.61 12.61
2001-10-09 10.9 10.95 10.51 10.51
2001-10-29 10.67 10.8 10.45 10.45
2001-11-21 10.8 10.89 10.51 10.51
2001-11-23 10.9 11.11 10.5 10.5
2001-11-30 11.4 11.4 11.13 11.13
2001-12-21 10.3 10.34 10.05 10.05
2002-01-22 8.3 8.55 8.1 8.1
2002-01-30 7.95 8.14 7.8 7.8
2002-02-07 9.0 9.03 8.4 8.4
2002-03-07 9.75 9.8 9.3 9.3
2002-03-14 10.08 10.08 9.65 9.65
2002-04-29 11.5 11.53 11.0 11.0
2002-05-14 10.77 10.9 10.74 10.74
2002-05-23 10.46 10.68 10.3 10.3
2002-06-17 9.8 9.84 9.3 9.3
2002-06-18 9.99 10.07 9.86 9.86
2002-06-20 9.87 10.02 9.82 9.82
2002-07-26 10.3 10.4 10.3 10.3
2002-07-29 10.38 10.4 10.11 10.11
2002-09-02 10.16 10.16 10.06 10.06
2002-09-05 10.15 10.25 10.08 10.08
2002-10-23 9.53 9.56 9.45 9.45
2002-10-30 9.41 9.45 9.33 9.33
2002-11-15 8.9 8.94 8.76 8.76
2002-12-13 8.42 8.58 8.15 8.15
2002-12-16 8.51 8.62 8.42 8.42
2003-01-07 8.44 8.65 8.41 8.41
2003-02-11 8.77 8.77 8.63 8.63
2003-02-12 8.9 8.9 8.68 8.68
2003-02-25 9.02 9.05 8.7 8.7
2003-03-18 9.23 9.24 9.05 9.05
2003-03-21 9.33 9.33 9.12 9.12
2003-04-18 8.21 8.35 8.12 8.12
2003-05-14 7.65 7.65 7.01 7.01
2003-05-21 7.8 7.86 7.68 7.68
2003-06-02 8.39 8.44 8.2 8.2
2003-06-11 7.88 7.95 7.73 7.73
2003-06-20 7.94 8.02 7.91 7.91
2003-07-09 7.35 7.44 7.34 7.34
2003-07-14 7.32 7.44 7.0 7.0
2003-07-15 7.35 7.37 7.2 7.2
2003-07-28 6.95 7.0 6.78 6.78
2003-07-31 6.95 7.01 6.88 6.88
2003-08-04 7.16 7.24 6.95 6.95
2003-08-07 7.31 7.37 7.28 7.28
2003-08-20 7.0 7.02 6.92 6.92
2003-08-28 6.9 7.0 6.77 6.77
2003-09-08 6.77 6.8 6.68 6.68
2003-09-10 6.7 6.75 6.62 6.62
2003-09-22 6.33 6.34 6.28 6.28
2003-10-22 5.96 5.98 5.84 5.84
2003-10-24 6.2 6.27 6.04 6.04
2003-10-31 5.15 5.29 5.0 5.0
2003-11-14 5.18 5.23 4.93 4.93
2003-11-20 5.3 5.42 4.99 4.99
2003-11-24 5.49 5.57 5.21 5.21
2003-11-28 5.34 5.4 5.3 5.3
2003-12-15 6.1 6.29 5.8 5.8
2004-01-30 6.1 6.31 5.9 5.9
2004-04-19 6.77 6.77 6.25 6.25
2004-04-29 7.18 7.43 7.0 7.0
2004-06-01 7.8 7.87 7.62 7.62
2004-06-11 6.86 7.3 6.83 6.83
2004-06-24 6.66 6.75 6.6 6.6
2004-07-08 6.49 6.55 6.3 6.3
2004-07-16 6.92 6.98 6.7 6.7
2004-07-29 6.77 6.8 6.7 6.7
2004-08-03 6.56 6.6 6.04 6.04
2004-08-18 6.14 6.17 6.05 6.05
2004-08-23 6.14 6.59 6.09 6.09
2004-08-24 6.2 6.35 6.14 6.14
2004-08-30 6.04 6.1 5.5 5.5
2004-09-14 5.81 5.9 5.7 5.7
2004-09-17 6.41 6.5 6.23 6.23
2004-11-02 6.15 6.23 6.09 6.09
2004-11-08 6.03 6.07 5.96 5.96
2004-11-15 6.3 6.34 6.22 6.22
2004-11-16 6.48 6.48 6.3 6.3
2004-11-18 6.49 6.5 6.29 6.29
2004-12-01 6.95 6.96 6.65 6.65
2004-12-16 6.58 6.67 6.55 6.55
2004-12-21 6.05 6.2 5.98 5.98
2004-12-30 5.69 5.85 5.66 5.66
2005-03-11 5.44 5.52 5.3 5.3
2005-03-15 5.79 5.79 5.4 5.4
2005-04-08 5.21 5.32 5.13 5.13
2005-04-20 4.78 4.95 4.76 4.76
2005-04-22 4.73 4.81 4.7 4.7
2005-05-16 4.1 4.12 4.03 4.03
2005-05-24 3.91 3.93 3.66 3.66
2005-05-25 4.13 4.3 3.83 3.83
2005-06-06 4.06 4.08 3.9 3.9
2005-06-27 4.29 4.31 4.17 4.17
2005-07-19 3.32 3.36 3.26 3.26
2005-07-26 3.61 3.63 3.52 3.52
2005-08-15 4.25 4.29 4.03 4.03
2005-08-19 4.64 4.76 4.35 4.35
2005-09-13 4.51 4.51 4.37 4.37
2005-09-29 4.29 4.33 4.18 4.18
2005-11-02 4.34 4.35 4.2 4.2
2005-11-07 4.36 4.38 4.22 4.22
2005-11-08 4.4 4.43 4.34 4.34
2005-11-11 4.1 4.13 4.02 4.02
2005-11-21 4.18 4.2 4.15 4.15
2005-11-23 4.16 4.19 4.06 4.06
2005-12-08 4.1 4.13 4.08 4.08
2006-01-09 4.38 4.45 4.3 4.3
2006-01-12 4.39 4.4 4.28 4.28
2006-01-18 4.46 4.47 4.36 4.36
2006-01-19 4.6 4.62 4.42 4.42
2006-02-08 4.8 4.86 4.75 4.75
2006-03-01 4.76 4.76 4.66 4.66
2006-03-16 5.1 5.26 4.95 4.95
2006-03-20 5.41 5.48 5.06 5.06
2006-10-19 4.05 4.07 3.9 3.9
2006-10-24 3.92 3.93 3.8 3.8
2006-11-09 3.69 3.7 3.59 3.59
2006-12-25 3.79 3.81 3.7 3.7
2007-01-19 4.49 4.56 4.33 4.33
2007-02-08 5.03 5.25 4.91 4.91
2007-02-26 5.79 5.82 5.56 5.56
2007-03-07 5.64 5.68 5.38 5.38
2007-03-15 6.1 6.1 5.88 5.88
2007-04-12 7.53 7.6 7.36 7.36
2007-04-20 7.73 7.81 7.49 7.49
2007-05-16 9.44 9.45 8.52 8.52
2007-07-25 7.38 7.43 7.06 7.06
2007-07-30 8.67 8.67 8.63 8.63
2007-09-27 8.42 8.45 8.11 8.11
2008-01-24 8.69 8.69 8.69 8.69
2008-01-25 9.56 9.56 9.56 9.56
2008-01-28 10.52 10.52 10.52 10.52
2008-02-22 16.78 17.19 16.06 16.06
2008-02-28 17.03 17.06 15.73 15.73
2008-03-21 14.27 14.74 13.9 13.9
2008-03-31 12.88 13.18 12.19 12.19
2008-04-10 12.14 12.2 11.52 11.52
2008-04-11 12.71 13.3 12.18 12.18
2008-06-24 7.31 7.39 6.86 6.86
2008-08-25 7.48 7.68 7.04 7.04
2008-10-13 6.71 6.71 5.96 5.96
2008-10-24 5.19 5.36 5.0 5.0
2008-11-03 4.69 4.79 4.28 4.28
2008-11-05 4.54 4.62 4.42 4.42
2008-12-30 5.79 5.97 5.47 5.47
2009-03-04 7.28 7.35 6.67 6.67
2009-03-18 7.72 7.72 7.72 7.72
2009-04-09 8.1 8.11 7.9 7.9
2009-04-23 8.99 9.14 8.31 8.31
2009-05-26 9.65 9.8 9.38 9.38
2009-09-21 10.97 10.97 9.8 9.8
2009-09-23 11.21 11.69 10.51 10.51
2009-11-02 11.19 11.39 10.53 10.53
2009-11-04 11.72 11.79 11.31 11.31
2009-11-17 12.19 12.28 11.7 11.7
2009-11-19 12.11 12.15 11.75 11.75
2009-12-08 11.97 11.99 11.36 11.36
2009-12-10 11.68 11.81 11.5 11.5
2009-12-15 11.79 12.18 11.33 11.33
2010-01-28 10.81 10.85 10.5 10.5
2010-01-29 10.81 10.98 10.7 10.7
2010-03-03 10.92 11.18 10.67 10.67
2010-04-14 11.2 11.55 11.13 11.13
2010-05-07 11.6 11.78 10.9 10.9
2010-06-04 12.09 12.15 11.65 11.65
2010-07-19 11.91 11.97 11.68 11.68
2010-07-20 12.28 12.34 11.85 11.85
2010-08-23 13.15 13.27 12.95 12.95
2010-08-26 12.83 13.2 12.63 12.63
2010-09-30 13.31 13.48 13.11 13.11
2010-10-15 12.49 12.7 12.26 12.26
2010-10-19 12.25 12.25 11.66 11.66
2010-12-13 12.99 13.05 12.33 12.33
2010-12-17 13.14 13.37 12.8 12.8
2010-12-28 13.43 13.77 13.27 13.27
2010-12-30 12.45 12.5 12.18 12.18
2011-01-06 13.31 13.65 13.2 13.2
2011-01-18 12.6 12.65 12.2 12.2
2011-01-27 12.52 12.6 12.25 12.25
2011-01-31 12.57 12.68 12.41 12.41
2011-02-11 12.96 13.08 12.71 12.71
2011-02-14 13.12 13.26 12.94 12.94
2011-04-13 15.16 15.33 13.85 13.85
2011-04-29 14.23 14.26 13.76 13.76
2011-06-13 12.77 12.85 12.58 12.58
2011-06-14 13.38 13.98 12.63 12.63
2011-07-13 13.32 13.34 13.14 13.14
2011-08-03 12.12 12.2 11.99 11.99
2011-08-04 12.23 12.34 12.16 12.16
2011-08-09 10.71 10.8 10.03 10.03
2011-08-22 11.01 11.22 10.98 10.98
2011-09-07 10.82 10.88 10.56 10.56
2012-02-10 11.87 11.87 11.87 11.87
2012-02-13 13.06 13.06 13.06 13.06
2012-03-01 12.73 12.92 12.58 12.58
2012-04-20 11.41 11.55 11.03 11.03
2012-04-25 10.93 11.09 10.62 10.62
2012-05-10 11.13 11.22 11.09 11.09
2012-05-17 10.98 10.99 10.81 10.81
2012-07-20 9.08 9.47 8.69 8.69
2012-08-01 8.87 8.95 8.7 8.7
2012-08-07 9.2 9.31 9.08 9.08
2012-08-08 9.26 9.36 9.19 9.19
2012-08-14 10.25 10.33 9.55 9.55
2012-08-23 9.47 9.54 9.35 9.35
2012-09-03 8.82 8.88 8.7 8.7
2012-09-18 9.07 9.15 9.01 9.01
2012-10-09 9.3 9.37 8.91 8.91
2012-10-10 9.24 9.3 9.15 9.15
2012-10-17 9.53 9.58 9.26 9.26
2012-11-12 8.23 8.47 8.17 8.17
2012-12-20 7.71 7.71 7.71 7.71
2012-12-21 8.48 8.48 8.48 8.48
2013-01-24 11.15 11.61 10.92 10.92
2013-02-18 10.95 10.96 10.66 10.66
2013-02-27 10.61 10.63 10.44 10.44
2013-03-06 11.78 11.98 10.89 10.89
2013-03-15 10.78 10.9 10.57 10.57
2013-04-12 10.19 10.55 10.09 10.09
2013-04-19 10.06 10.12 9.75 9.75
2013-04-24 9.86 9.92 9.65 9.65
2013-05-03 9.7 9.75 9.53 9.53
2013-05-23 10.69 10.93 10.49 10.49
2013-05-30 10.93 11.08 10.57 10.57
2013-08-15 8.83 9.02 8.76 8.76
2013-08-19 10.55 10.55 9.7 9.7
2013-09-30 10.5 10.52 10.2 10.2
2013-11-20 10.98 11.1 10.45 10.45
2013-11-27 11.43 11.73 11.4 11.4
2013-12-03 12.03 12.03 10.91 10.91
2013-12-24 12.53 12.82 12.41 12.41
2013-12-27 12.47 12.59 12.15 12.15
2014-01-29 11.44 11.45 11.13 11.13
2014-02-07 11.97 12.05 11.08 11.08
2014-02-10 12.13 12.43 11.99 11.99
2014-03-05 12.26 12.53 11.88 11.88
2014-03-24 12.65 12.8 11.8 11.8
2014-06-10 11.6 11.68 11.55 11.55
2014-06-23 11.71 11.81 11.56 11.56
2014-07-23 12.63 12.85 11.89 11.89
2014-08-13 13.37 13.46 12.85 12.85
2014-09-01 12.96 12.98 12.79 12.79
2014-11-21 12.79 12.8 12.63 12.63
2014-12-10 12.58 12.65 12.31 12.31
2014-12-24 11.93 12.05 11.57 11.57
2014-12-31 12.19 12.31 12.12 12.12
2015-01-13 12.69 12.8 12.3 12.3
2015-01-20 12.37 12.39 11.98 11.98
2015-01-30 13.0 13.12 12.83 12.83
2015-02-03 13.25 13.77 13.14 13.14
2015-03-02 15.54 15.54 14.3 14.3
2015-03-13 17.48 17.89 17.2 17.2
2015-03-16 17.65 17.85 17.41 17.41
2015-04-17 19.58 20.12 19.5 19.5
2015-04-22 20.15 20.35 19.56 19.56
2015-05-04 20.84 20.89 19.7 19.7
2015-07-08 12.98 13.0 11.02 11.02
2015-07-09 14.28 14.28 12.98 12.98
2015-07-20 16.25 16.71 15.78 15.78
2015-07-31 13.62 13.78 12.93 12.93
2015-08-06 14.32 15.18 14.15 14.15
2015-08-17 16.16 16.19 15.46 15.46
2015-10-09 11.71 11.8 11.37 11.37
2015-10-12 12.22 12.44 11.71 11.71
2015-10-20 12.9 12.94 12.6 12.6
2015-12-25 16.9 17.13 16.08 16.08
2016-02-24 12.36 12.43 12.06 12.06
2016-04-06 13.17 13.17 13.17 13.17
2016-05-03 12.65 12.75 12.17 12.17
2016-05-31 13.09 13.11 12.4 12.4
2016-06-20 11.48 11.56 11.3 11.3
2016-07-11 11.83 11.93 11.75 11.75
2016-07-25 11.54 11.62 11.42 11.42
2016-08-29 11.37 11.48 11.14 11.14
2016-09-12 10.7 11.08 10.52 10.52
2016-09-29 11.12 11.3 10.55 10.55
2016-10-10 11.87 12.12 11.61 11.61
2016-10-25 12.92 13.18 12.45 12.45
2016-11-03 12.31 12.54 12.19 12.19
2016-12-01 12.54 12.67 12.15 12.15
2016-12-12 13.87 14.45 13.45 13.45
2016-12-30 14.26 14.36 13.72 13.72
2017-03-15 13.59 13.74 13.5 13.5
2017-03-16 14.09 14.19 13.64 13.64
2017-04-10 16.28 16.68 15.37 15.37
2017-07-05 13.78 13.86 13.62 13.62
2017-08-08 14.29 14.3 13.91 13.91
