1996-05-17 11.33 11.7 10.93 10.93
1996-05-20 12.4 12.75 11.6 11.6
1996-06-20 11.0 11.37 10.6 10.6
1996-08-21 10.78 10.9 10.32 10.32
1996-10-10 7.57 7.65 7.29 7.29
1996-11-11 7.78 7.84 7.52 7.52
1996-11-25 9.3 9.33 8.8 8.8
1996-12-06 10.6 10.9 10.11 10.11
1996-12-16 8.54 8.54 8.54 8.54
1996-12-17 7.69 8.2 7.69 7.69
1997-02-19 7.85 7.89 7.4 7.4
1997-02-20 7.85 8.24 7.07 7.07
1997-02-25 8.3 8.59 8.2 8.2
1997-03-06 9.1 9.15 8.82 8.82
1997-03-21 9.18 9.19 8.75 8.75
1997-05-09 12.2 12.23 11.3 11.3
1997-06-13 7.87 8.08 7.2 7.2
1997-06-18 8.06 8.39 8.0 8.0
1997-06-19 8.1 8.29 8.06 8.06
1997-08-14 8.4 8.43 8.0 8.0
1997-08-21 7.85 8.06 7.7 7.7
1997-08-29 8.55 8.77 7.9 7.9
1997-09-02 8.9 8.9 8.25 8.25
1997-09-15 8.37 8.5 8.3 8.3
1997-09-19 8.46 8.49 8.3 8.3
1997-09-24 7.6 7.69 7.2 7.2
1997-09-30 7.33 7.4 7.25 7.25
1997-10-21 8.05 8.26 7.38 7.38
1997-11-04 7.56 7.65 7.5 7.5
1997-11-18 7.5 7.66 7.48 7.48
1997-11-19 7.48 7.65 7.45 7.45
1997-11-26 7.18 7.19 7.05 7.05
1998-02-10 8.1 8.27 7.74 7.74
1998-02-17 9.83 9.88 9.31 9.31
1998-02-18 9.75 9.82 9.01 9.01
1998-02-27 10.07 10.11 9.52 9.52
1998-03-03 9.85 9.98 9.6 9.6
1998-03-11 10.3 10.4 9.8 9.8
1998-03-12 10.5 10.6 10.1 10.1
1998-04-13 12.94 12.94 11.88 11.88
1998-04-23 11.51 11.68 11.2 11.2
1998-04-29 10.9 10.9 10.49 10.49
1998-05-05 11.3 11.6 10.9 10.9
1998-05-18 11.7 11.83 11.06 11.06
1998-06-17 10.59 10.77 10.5 10.5
1998-07-21 9.75 9.86 9.55 9.55
1998-08-10 7.35 7.79 7.3 7.3
1998-08-19 6.25 6.27 5.86 5.86
1998-08-21 6.7 6.9 6.33 6.33
1998-09-02 6.26 6.37 6.18 6.18
1998-09-03 6.59 6.59 6.3 6.3
1998-09-14 7.89 7.89 7.25 7.25
1998-09-15 8.12 8.55 8.0 8.0
1998-09-23 8.05 8.09 7.77 7.77
1998-09-25 7.98 8.05 7.5 7.5
1998-09-30 8.22 8.28 7.98 7.98
1998-10-08 7.9 8.0 7.8 7.8
1998-10-09 8.18 8.3 7.95 7.95
1998-11-20 8.7 8.8 8.36 8.36
1998-12-21 7.28 7.28 7.1 7.1
1998-12-25 7.3 7.4 7.28 7.28
1999-01-06 6.74 6.8 6.66 6.66
1999-01-08 7.06 7.07 6.74 6.74
1999-01-15 6.68 6.75 6.63 6.63
1999-02-01 7.35 7.5 6.92 6.92
1999-03-08 7.65 7.8 7.45 7.45
1999-03-11 7.69 7.8 7.4 7.4
1999-03-19 7.75 7.75 7.41 7.41
1999-04-02 8.12 8.22 7.8 7.8
1999-04-28 7.3 7.59 7.25 7.25
1999-04-29 7.53 7.58 7.35 7.35
1999-05-05 7.4 7.44 7.25 7.25
1999-05-06 7.52 7.62 7.35 7.35
1999-05-11 7.04 7.17 6.83 6.83
1999-05-18 6.39 6.55 6.07 6.07
1999-05-24 8.4 8.4 7.68 7.68
1999-05-31 10.02 10.02 9.56 9.56
1999-07-14 12.45 12.45 11.38 11.38
1999-07-23 14.98 15.32 14.6 14.6
1999-08-04 15.3 15.79 14.84 14.84
1999-08-10 15.89 16.3 15.08 15.08
1999-08-13 15.4 15.4 14.58 14.58
1999-09-09 15.46 15.46 14.2 14.2
1999-09-21 15.35 15.38 15.05 15.05
1999-10-14 14.75 14.97 14.4 14.4
1999-10-26 11.14 11.49 10.72 10.72
1999-11-23 9.37 9.65 9.2 9.2
1999-12-10 8.4 8.43 8.24 8.24
2000-01-04 8.69 8.69 7.95 7.95
2000-01-27 10.0 10.2 9.7 9.7
2000-01-28 10.5 10.79 10.01 10.01
2000-03-15 13.64 13.95 13.2 13.2
2000-03-21 14.15 14.58 13.7 13.7
2000-03-30 14.49 14.5 14.01 14.01
2000-04-28 19.59 19.73 19.24 19.24
2000-05-22 21.05 21.23 20.0 20.0
2000-05-23 21.88 22.05 21.02 21.02
2000-06-01 24.86 24.86 23.57 23.57
2000-06-20 23.0 23.04 22.5 22.5
2000-07-17 23.58 24.07 23.5 23.5
2000-08-24 23.07 23.22 22.75 22.75
2000-09-20 12.94 12.96 12.45 12.45
2000-09-29 12.9 12.9 12.65 12.65
2000-10-17 12.35 12.45 12.2 12.2
2000-11-16 13.7 13.86 13.13 13.13
2000-11-27 13.62 13.7 13.02 13.02
2000-11-30 14.32 14.35 13.7 13.7
2000-12-29 13.3 13.47 13.1 13.1
2001-01-18 12.3 12.36 12.16 12.16
2001-03-05 12.7 12.71 12.25 12.25
2001-03-09 12.77 12.85 12.46 12.46
2001-03-16 13.35 13.4 12.6 12.6
2001-03-22 13.7 13.8 13.56 13.56
2001-04-11 14.05 14.1 13.91 13.91
2001-04-24 13.19 13.37 13.08 13.08
2001-04-26 13.4 13.5 13.3 13.3
2001-05-09 13.27 13.3 13.02 13.02
2001-05-24 13.13 13.3 11.68 11.68
2001-06-21 13.15 13.2 13.0 13.0
2001-07-02 13.6 13.77 13.43 13.43
2001-07-10 13.06 13.14 12.95 12.95
2001-07-13 13.03 13.07 13.0 13.0
2001-11-01 9.55 9.85 9.5 9.5
2001-11-15 10.0 10.11 9.66 9.66
2001-11-23 10.94 11.5 9.5 9.5
2001-12-05 10.06 10.06 10.06 10.06
2001-12-06 9.47 9.49 9.05 9.05
2002-01-30 6.26 6.35 6.15 6.15
2002-02-05 7.17 7.36 6.86 6.86
2002-02-27 7.12 7.26 7.0 7.0
2002-03-07 7.67 7.7 7.41 7.41
2002-03-11 8.72 8.8 8.3 8.3
2002-03-13 8.23 8.45 8.0 8.0
2002-04-08 8.23 8.3 8.21 8.21
2002-05-21 8.04 8.09 7.89 7.89
2002-05-31 7.87 7.93 7.77 7.77
2002-06-18 8.3 8.35 8.05 8.05
2002-06-24 9.22 9.22 8.62 8.62
2002-06-28 9.29 9.3 8.68 8.68
2002-07-30 8.83 8.9 8.68 8.68
2002-08-08 8.91 8.98 8.81 8.81
2002-08-20 9.07 9.09 8.99 8.99
2002-10-14 7.19 7.2 7.0 7.0
2002-12-03 6.35 6.39 6.2 6.2
2003-01-07 6.23 6.26 6.15 6.15
2003-03-06 6.71 6.72 6.63 6.63
2003-03-20 6.77 6.78 6.69 6.69
2003-07-01 6.87 6.97 6.78 6.78
2003-07-08 6.88 6.9 6.8 6.8
2003-07-29 6.24 6.27 6.2 6.2
2003-07-31 6.32 6.35 6.22 6.22
2003-08-06 6.23 6.27 6.18 6.18
2003-08-29 6.25 6.27 6.0 6.0
2003-12-02 6.06 6.1 5.85 5.85
2003-12-23 5.71 5.85 5.45 5.45
2004-01-07 6.02 6.18 5.9 5.9
2004-02-05 6.83 6.92 6.56 6.56
2004-03-01 6.95 6.96 6.8 6.8
2004-03-25 6.79 6.88 6.75 6.75
2004-03-26 6.86 6.88 6.78 6.78
2004-03-29 7.02 7.14 6.95 6.95
2004-05-11 6.48 6.52 6.4 6.4
2004-06-10 3.71 3.8 3.68 3.68
2004-06-15 3.7 3.82 3.56 3.56
2004-07-05 3.6 3.64 3.46 3.46
2004-08-30 3.0 3.02 2.92 2.92
2004-09-14 3.03 3.04 2.91 2.91
2004-09-17 3.52 3.59 3.3 3.3
2004-09-27 3.91 3.91 3.65 3.65
2004-11-12 3.69 3.75 3.6 3.6
2004-12-01 3.45 3.5 3.42 3.42
2004-12-08 3.43 3.49 3.38 3.38
2004-12-14 3.29 3.36 3.26 3.26
2004-12-22 3.35 3.38 3.2 3.2
2005-01-05 3.01 3.04 2.89 2.89
2005-01-10 3.09 3.1 3.03 3.03
2005-01-31 2.49 2.58 2.49 2.49
2005-02-16 2.49 2.52 2.46 2.46
2005-02-24 2.82 2.9 2.7 2.7
2005-04-21 2.12 2.16 2.1 2.1
2005-05-13 1.81 1.85 1.75 1.75
2005-05-17 1.91 1.94 1.85 1.85
2005-06-24 2.05 2.05 2.01 2.01
2005-06-27 2.11 2.13 2.05 2.05
2005-07-26 1.9 1.91 1.84 1.84
2005-11-21 1.92 1.92 1.85 1.85
2005-11-30 1.85 1.85 1.83 1.83
2005-12-09 1.8 1.82 1.78 1.78
2006-01-12 1.99 2.0 1.93 1.93
2006-02-10 1.81 1.83 1.76 1.76
2006-02-20 1.68 1.71 1.68 1.68
2006-02-24 1.7 1.7 1.67 1.67
2006-03-31 1.74 1.75 1.69 1.69
2006-10-12 1.86 1.89 1.85 1.85
2006-10-30 1.79 1.81 1.76 1.76
2006-11-03 1.68 1.69 1.63 1.63
2006-11-22 1.61 1.65 1.58 1.58
2006-12-07 1.72 1.73 1.66 1.66
2006-12-14 1.75 1.79 1.72 1.72
2006-12-21 1.72 1.74 1.71 1.71
2007-01-16 1.62 1.67 1.62 1.62
2007-02-09 1.92 1.96 1.88 1.88
2007-02-15 2.34 2.34 2.34 2.34
2007-03-19 3.24 3.24 2.97 2.97
2007-03-22 3.57 3.57 3.57 3.57
2007-03-27 3.72 3.74 3.38 3.38
2007-03-30 3.22 3.4 3.18 3.18
2007-04-10 3.37 3.37 3.18 3.18
2007-04-17 3.93 3.93 3.93 3.93
2007-04-18 4.13 4.13 4.13 4.13
2007-04-25 4.23 4.47 4.07 4.07
2007-04-26 4.44 4.44 4.2 4.2
2012-08-31 12.05 12.05 12.05 12.05
2012-09-03 11.45 11.7 11.45 11.45
2012-10-10 9.87 10.09 9.73 9.73
2012-10-24 10.4 10.4 9.82 9.82
2012-11-20 10.52 10.64 10.44 10.44
2012-12-14 11.17 11.26 10.68 10.68
2012-12-24 11.25 11.28 10.81 10.81
2013-01-14 14.84 14.84 14.21 14.21
2013-01-18 16.93 16.93 16.12 16.12
2013-01-28 17.39 17.74 16.72 16.72
2013-03-18 14.26 14.5 14.17 14.17
2013-04-01 16.02 16.25 15.36 15.36
2013-05-03 15.62 15.83 15.23 15.23
2013-05-06 15.83 16.08 15.67 15.67
2013-05-10 16.39 16.4 15.34 15.34
2013-05-13 17.13 17.31 16.41 16.41
2013-08-05 15.06 15.24 14.86 14.86
2013-09-09 18.26 18.26 16.99 16.99
2013-09-12 18.63 18.77 17.72 17.72
2013-11-18 18.88 19.05 18.01 18.01
2013-11-27 18.78 18.89 18.43 18.43
2014-01-22 15.99 16.08 15.61 15.61
2014-01-23 16.31 16.55 16.0 16.0
2014-02-27 16.59 17.0 16.18 16.18
2014-03-12 15.06 15.22 14.83 14.83
2014-04-10 16.17 16.25 15.84 15.84
2014-05-06 15.34 15.47 15.13 15.13
2014-05-16 16.57 16.65 15.88 15.88
2014-05-23 15.57 15.81 15.42 15.42
2014-05-29 15.67 15.77 15.52 15.52
2014-06-09 15.27 15.44 15.2 15.2
2014-06-23 15.16 15.25 15.07 15.07
2014-06-30 16.07 16.32 15.64 15.64
2014-07-07 17.0 17.5 16.4 16.4
2014-07-15 17.24 17.42 16.85 16.85
2014-08-08 18.06 18.14 17.78 17.78
2014-12-22 20.71 20.71 20.71 20.71
2014-12-23 22.78 22.78 22.78 22.78
2014-12-24 25.06 25.06 25.06 25.06
2014-12-25 27.57 27.57 27.57 27.57
2014-12-26 15.06 15.06 15.06 15.06
2014-12-29 16.57 16.57 16.57 16.57
2015-03-23 23.75 24.01 22.03 22.03
2015-04-17 24.31 24.83 23.95 23.95
2015-04-24 28.02 28.02 26.7 26.7
2015-05-19 26.39 26.78 25.08 25.08
2015-07-08 13.4 13.4 13.4 13.4
2015-07-09 14.74 14.74 12.06 12.06
2015-08-04 18.31 18.33 16.73 16.73
2015-08-25 15.72 16.26 15.72 15.72
2015-09-02 14.53 14.96 13.59 13.59
2015-11-04 18.12 18.12 16.55 16.55
2016-03-14 10.2 10.44 9.99 9.99
2016-03-25 12.4 12.47 12.2 12.2
2016-04-11 12.58 12.84 12.5 12.5
2016-04-13 12.75 13.13 12.6 12.6
2016-04-22 11.7 11.72 11.38 11.38
2016-05-31 11.67 11.8 11.0 11.0
2016-06-02 11.87 11.9 11.55 11.55
2016-06-15 11.31 11.48 10.78 10.78
2016-07-13 6.15 6.22 6.08 6.08
2016-07-26 5.89 5.9 5.84 5.84
2016-10-11 6.86 6.95 6.64 6.64
2016-10-18 6.8 6.83 6.65 6.65
2016-11-01 6.69 6.72 6.61 6.61
2016-11-03 6.64 6.71 6.55 6.55
2016-11-08 6.63 6.65 6.56 6.56
2016-11-10 6.6 6.66 6.57 6.57
2016-12-09 6.56 6.61 6.53 6.53
2016-12-21 6.23 6.25 6.2 6.2
2017-01-23 6.22 6.27 6.17 6.17
2017-02-17 6.4 6.59 6.38 6.38
2017-02-20 6.46 6.47 6.37 6.37
2017-03-16 6.45 6.47 6.41 6.41
2017-03-31 6.15 6.18 6.13 6.13
2017-04-07 6.25 6.26 6.21 6.21
2017-04-26 6.19 6.27 6.18 6.18
2017-07-14 5.82 5.87 5.68 5.68
2017-08-01 5.9 5.95 5.87 5.87
2017-08-25 5.94 5.95 5.85 5.85
