2002-01-23 13.81 13.84 12.8 12.8
2002-03-06 14.75 15.2 14.65 14.65
2002-03-13 15.04 15.19 14.85 14.85
2002-03-19 15.66 15.68 15.28 15.28
2002-03-25 15.45 15.58 15.3 15.3
2002-04-16 14.33 14.48 14.2 14.2
2002-04-17 14.45 14.65 14.35 14.35
2002-04-24 14.61 14.76 14.56 14.56
2002-04-25 14.94 14.95 14.6 14.6
2002-05-08 15.02 15.26 15.0 15.0
2002-06-18 13.56 13.59 13.3 13.3
2002-06-21 13.86 13.87 13.65 13.65
2002-08-01 14.06 14.12 14.0 14.0
2002-09-03 14.3 14.35 14.23 14.23
2002-09-10 13.7 13.81 13.69 13.69
2002-09-13 13.67 13.71 13.63 13.63
2002-11-11 12.24 12.3 12.1 12.1
2002-12-12 11.96 12.28 11.75 11.75
2003-03-31 11.21 11.23 11.1 11.1
2003-05-21 11.09 11.29 10.93 10.93
2003-06-11 12.0 12.09 11.69 11.69
2003-09-02 10.88 10.99 10.85 10.85
2003-09-09 10.75 10.75 10.7 10.7
2003-10-22 10.64 10.65 10.5 10.5
2004-04-23 7.9 8.0 7.89 7.89
2004-06-04 7.44 7.51 7.32 7.32
2004-06-22 7.3 7.35 7.05 7.05
2004-06-24 7.12 7.25 7.1 7.1
2004-07-01 6.8 6.83 6.61 6.61
2004-08-18 5.54 5.6 5.44 5.44
2004-08-31 5.65 5.8 5.6 5.6
2004-10-18 6.18 6.18 5.72 5.72
2004-10-26 5.53 5.55 5.38 5.38
2004-10-27 5.71 5.74 5.4 5.4
2004-11-01 5.46 5.55 5.45 5.45
2004-11-25 5.82 5.83 5.7 5.7
2004-12-22 5.68 5.7 5.48 5.48
2005-01-07 5.4 5.51 5.32 5.32
2005-01-17 5.2 5.35 5.18 5.18
2005-01-20 5.22 5.22 5.12 5.12
2005-04-19 4.54 4.6 4.5 4.5
2005-05-30 4.24 4.28 4.12 4.12
2005-06-03 4.39 4.47 4.11 4.11
2005-06-08 4.62 4.65 4.31 4.31
2005-08-02 3.91 3.91 3.83 3.83
2005-08-03 3.93 3.99 3.87 3.87
2005-08-05 4.0 4.01 3.88 3.88
2005-08-23 4.31 4.35 4.13 4.13
2005-08-29 4.44 4.45 4.3 4.3
2005-11-08 4.44 4.45 4.35 4.35
2005-11-16 4.46 4.72 4.38 4.38
2005-11-23 4.46 4.51 4.36 4.36
2005-11-30 4.61 4.62 4.53 4.53
2005-12-07 4.33 4.35 4.26 4.26
2006-01-04 4.57 4.58 4.42 4.42
2006-01-06 4.63 4.68 4.6 4.6
2006-02-14 5.1 5.19 4.92 4.92
2006-12-18 4.93 5.22 4.68 4.68
2006-12-25 4.9 4.96 4.87 4.87
2007-01-22 5.72 5.78 5.45 5.45
2007-02-06 6.31 6.48 6.09 6.09
2007-03-23 7.77 7.8 7.33 7.33
2007-04-02 7.63 7.7 7.35 7.35
2007-04-03 7.82 7.86 7.61 7.61
2007-08-08 8.62 8.83 8.42 8.42
2007-08-14 8.3 8.31 8.0 8.0
2007-08-21 8.56 8.73 8.5 8.5
2007-08-27 9.39 9.74 9.0 9.0
2007-09-03 9.95 10.1 9.81 9.81
2007-09-28 9.39 9.52 9.31 9.31
2007-10-10 9.58 9.88 9.46 9.46
2007-11-05 7.68 7.75 7.43 7.43
2007-11-29 8.19 8.3 8.0 8.0
2007-12-24 9.06 9.22 9.03 9.03
2008-01-31 9.08 9.35 9.01 9.01
2008-05-08 8.21 8.25 7.7 7.7
2008-10-28 3.8 3.82 3.56 3.56
2008-12-03 4.82 4.85 4.7 4.7
2009-04-29 6.86 6.87 6.7 6.7
2009-10-13 8.22 8.26 8.1 8.1
2009-11-02 8.88 8.9 8.51 8.51
2010-01-18 11.11 11.25 10.95 10.95
2010-01-21 10.81 10.94 10.55 10.55
2010-05-07 11.4 11.74 11.25 11.25
2010-11-16 10.59 10.8 9.92 9.92
2011-08-25 10.51 10.55 10.31 10.31
2011-12-21 7.6 8.06 7.6 7.6
2012-02-02 6.93 6.96 6.75 6.75
2012-02-03 7.11 7.2 6.89 6.89
2012-02-07 7.52 7.64 7.28 7.28
2012-03-01 8.81 8.83 8.45 8.45
2012-03-02 9.09 9.18 8.66 8.66
2012-03-08 8.94 9.06 8.88 8.88
2012-08-06 6.35 6.38 6.19 6.19
2012-08-10 6.67 6.85 6.52 6.52
2012-11-09 6.44 6.47 6.36 6.36
2012-12-07 5.95 5.98 5.8 5.8
2012-12-14 6.45 6.52 6.22 6.22
2012-12-21 6.4 6.47 6.3 6.3
2013-02-07 6.97 6.99 6.86 6.86
2013-03-01 7.15 7.17 6.91 6.91
2013-03-20 7.26 7.28 7.1 7.1
2013-04-12 7.46 7.47 7.22 7.22
2013-08-06 9.87 9.87 9.87 9.87
2013-08-07 10.86 10.86 10.86 10.86
2013-08-08 11.95 11.95 11.95 11.95
2013-08-09 13.15 13.15 13.15 13.15
2013-09-12 14.85 15.33 14.75 14.75
2013-09-23 15.58 15.69 15.31 15.31
2014-02-10 24.06 24.23 22.79 22.79
2014-02-13 25.67 26.66 24.7 24.7
2014-02-14 27.3 27.88 25.31 25.31
2014-04-21 23.0 23.34 22.93 22.93
2014-04-25 21.58 21.8 21.3 21.3
2014-08-18 22.13 22.36 21.56 21.56
2015-01-20 21.1 21.2 20.51 20.51
2015-02-12 20.07 20.49 20.04 20.04
2015-04-01 24.46 24.47 23.62 23.62
2015-04-02 25.08 25.33 24.59 24.59
2015-07-14 22.72 22.72 22.72 22.72
2015-07-17 23.27 23.27 21.35 21.35
2015-07-20 24.31 25.35 23.36 23.36
2015-08-10 26.34 26.38 25.03 25.03
2015-08-27 22.42 23.4 21.41 21.41
2015-09-24 22.57 22.93 21.75 21.75
2015-09-28 23.86 24.1 21.9 21.9
2015-11-12 26.86 27.28 25.67 25.67
2016-04-08 23.82 24.1 23.57 23.57
2016-04-13 24.39 24.65 24.16 24.16
2016-04-15 24.94 24.99 24.4 24.4
2016-04-25 23.82 24.5 23.61 23.61
2016-05-26 23.48 23.48 22.73 22.73
2016-09-26 29.51 29.73 28.96 28.96
2016-09-27 29.97 30.0 29.2 29.2
2016-10-10 32.0 32.02 29.99 29.99
2016-12-29 31.49 31.78 31.0 31.0
2017-01-09 31.04 31.12 30.66 30.66
2017-01-12 30.58 30.97 30.15 30.15
2017-03-01 30.21 30.45 30.01 30.01
2017-03-06 30.59 30.78 30.27 30.27
2017-04-10 34.15 34.17 33.28 33.28
2017-08-01 34.3 34.44 34.07 34.07
