2004-10-26 11.18 11.19 10.55 10.55
2004-11-15 11.23 11.29 10.95 10.95
2005-01-24 9.6 9.77 9.54 9.54
2005-03-21 9.59 9.6 9.42 9.42
2005-07-22 7.79 7.83 7.59 7.59
2005-07-26 7.96 8.0 7.76 7.76
2005-08-09 8.47 8.49 8.4 8.4
2005-09-12 8.68 8.74 8.5 8.5
2005-09-14 8.96 9.06 8.84 8.84
2005-09-19 9.28 9.29 8.93 8.93
2005-09-26 9.26 9.29 8.92 8.92
2005-10-21 10.03 10.18 9.88 9.88
2005-11-17 10.12 10.13 9.95 9.95
2005-11-23 10.0 10.1 9.97 9.97
2006-10-31 5.68 5.75 5.58 5.58
2006-11-06 6.24 6.28 5.96 5.96
2006-12-11 5.93 5.94 5.68 5.68
2006-12-14 6.18 6.24 5.99 5.99
2007-01-16 7.18 7.2 6.97 6.97
2007-02-06 7.45 7.54 7.24 7.24
2007-11-05 7.9 7.98 7.61 7.61
2008-06-25 5.73 5.8 5.38 5.38
2008-09-24 4.95 4.97 4.83 4.83
2008-10-21 4.39 4.48 4.37 4.37
2008-11-10 4.43 4.45 4.2 4.2
2008-11-13 4.46 4.52 4.25 4.25
2008-11-19 4.71 4.73 4.4 4.4
2009-01-15 5.3 5.34 5.2 5.2
2009-02-06 5.71 5.73 5.53 5.53
2009-06-11 8.82 9.1 8.5 8.5
2009-09-11 10.08 10.27 9.35 9.35
2009-12-02 13.84 13.96 12.83 12.83
2010-03-31 15.5 15.7 15.4 15.4
2010-04-01 15.7 15.96 15.51 15.51
2010-04-12 17.0 17.03 16.12 16.12
2010-04-14 17.5 17.8 16.89 16.89
2010-07-20 14.33 14.49 13.75 13.75
2010-07-27 15.44 15.97 15.01 15.01
2010-08-31 18.06 18.4 17.68 17.68
2010-11-01 21.67 21.7 20.35 20.35
2010-11-04 21.62 21.67 20.6 20.6
2010-11-10 23.0 24.2 22.65 22.65
2010-11-15 23.5 23.53 21.5 21.5
2011-06-24 19.15 19.5 18.8 18.8
2011-06-30 19.59 20.1 18.95 18.95
2011-08-15 17.39 17.5 17.22 17.22
2012-03-05 15.98 16.21 15.51 15.51
2012-08-02 17.97 18.12 17.33 17.33
2012-09-28 18.28 18.33 17.9 17.9
2013-05-02 18.46 18.92 17.57 17.57
2013-05-08 19.06 19.21 18.39 18.39
2013-08-08 23.5 23.62 22.6 22.6
2013-10-30 20.28 20.55 20.08 20.08
2013-11-29 21.51 21.72 21.0 21.0
2013-12-20 23.07 23.8 22.04 22.04
2013-12-27 23.42 23.68 22.5 22.5
2014-01-07 24.13 24.3 23.1 23.1
2014-01-09 24.35 24.99 23.5 23.5
2014-02-12 25.3 25.45 24.05 24.05
2014-02-14 26.9 26.96 24.9 24.9
2014-03-24 25.56 25.78 24.5 24.5
2014-04-08 22.9 22.93 22.37 22.37
2014-09-18 30.0 30.5 28.9 28.9
2014-10-28 31.29 31.43 29.93 29.93
2014-12-04 29.79 29.87 29.36 29.36
2014-12-12 27.97 28.28 27.8 27.8
2015-01-21 29.3 29.77 28.41 28.41
2015-01-26 30.04 30.1 29.3 29.3
2015-02-13 28.13 28.56 27.46 27.46
2015-06-02 47.76 47.8 44.8 44.8
2015-08-26 22.03 23.66 21.0 21.0
2015-09-07 23.11 24.09 23.0 23.0
2015-12-23 35.05 37.17 34.54 34.54
2016-03-11 24.38 24.58 24.05 24.05
2016-03-14 25.18 25.44 24.6 24.6
2016-06-27 25.52 25.53 24.7 24.7
2016-10-11 31.92 32.8 31.54 31.54
2017-04-20 30.16 30.72 29.41 29.41
2017-06-13 26.37 26.47 26.21 26.21
