1995-12-04 10.3 10.37 10.1 10.1
1995-12-08 10.38 10.58 10.0 10.0
1995-12-19 8.77 8.95 8.55 8.55
1995-12-20 8.99 9.0 8.8 8.8
1996-01-04 7.3 7.38 6.9 6.9
1996-01-15 7.35 7.44 7.18 7.18
1996-01-23 6.6 6.75 6.47 6.47
1996-01-26 6.63 6.73 6.48 6.48
1996-02-07 6.47 6.58 6.44 6.44
1996-02-09 6.58 6.61 6.46 6.46
1996-02-16 6.9 7.0 6.62 6.62
1996-04-04 7.45 7.48 7.4 7.4
1996-04-10 8.0 8.1 7.75 7.75
1996-04-11 8.22 8.27 8.0 8.0
1996-04-16 8.32 8.35 8.1 8.1
1996-05-15 12.33 12.38 11.58 11.58
1996-05-17 12.65 12.8 12.3 12.3
1996-06-04 11.35 11.35 10.69 10.69
1996-06-13 12.48 12.6 12.0 12.0
1996-07-22 8.79 8.9 8.62 8.62
1996-08-05 8.21 8.22 8.05 8.05
1996-08-12 8.34 8.4 8.1 8.1
1996-08-14 8.2 8.2 8.09 8.09
1996-08-15 8.28 8.37 8.25 8.25
1996-09-11 5.65 5.7 5.55 5.55
1996-09-13 5.75 5.8 5.57 5.57
1996-09-16 5.77 5.8 5.65 5.65
1996-09-18 6.08 6.1 5.8 5.8
1996-10-09 6.99 7.17 6.88 6.88
1996-11-14 8.94 9.15 8.4 8.4
1996-11-18 10.2 10.25 9.3 9.3
1996-12-04 13.05 13.1 12.5 12.5
1996-12-16 10.26 10.26 10.26 10.26
1996-12-17 9.23 9.23 9.23 9.23
1996-12-18 9.78 9.99 8.31 8.31
1996-12-20 7.92 8.48 7.92 7.92
1996-12-23 7.55 8.2 7.31 7.31
1997-01-07 7.8 8.0 7.3 7.3
1997-01-09 8.18 8.3 7.84 7.84
1997-02-19 7.98 8.05 7.56 7.56
1997-02-27 9.15 9.5 9.0 9.0
1997-03-07 9.4 9.85 9.17 9.17
1997-03-17 10.02 10.02 9.2 9.2
1997-03-31 10.51 10.65 10.25 10.25
1997-04-01 10.9 11.08 10.51 10.51
1997-04-14 10.75 10.88 10.4 10.4
1997-04-16 11.72 11.84 11.38 11.38
1997-04-17 11.42 11.79 11.0 11.0
1997-04-29 10.88 11.0 10.15 10.15
1997-05-05 11.16 11.9 11.0 11.0
1997-05-09 10.65 10.8 10.28 10.28
1997-05-19 9.72 9.8 9.4 9.4
1997-05-29 8.25 8.39 8.13 8.13
1997-06-02 8.85 8.88 8.48 8.48
1997-06-06 8.18 8.5 7.97 7.97
1997-06-13 7.84 7.93 7.31 7.31
1997-08-07 8.4 8.43 8.08 8.08
1997-08-14 7.65 7.65 7.37 7.37
1997-08-15 6.89 7.1 6.89 6.89
1997-08-19 6.98 7.02 6.7 6.7
1997-08-21 7.2 7.27 7.0 7.0
1997-08-28 7.33 7.38 7.0 7.0
1997-09-18 7.05 7.1 6.99 6.99
1997-09-24 6.5 6.56 6.25 6.25
1997-09-25 6.75 6.8 6.58 6.58
1997-10-06 6.56 6.7 6.35 6.35
1997-10-09 6.63 6.81 6.58 6.58
1997-11-19 7.4 7.6 7.13 7.13
1997-12-01 7.21 7.29 6.96 6.96
1997-12-05 7.05 7.08 6.96 6.96
1997-12-11 7.36 7.39 7.21 7.21
1997-12-16 7.98 8.04 7.6 7.6
1997-12-26 9.95 10.0 9.51 9.51
1998-01-16 9.44 9.8 9.3 9.3
1998-01-19 9.55 9.82 9.4 9.4
1998-01-21 9.3 9.5 9.2 9.2
1998-01-22 9.4 9.49 9.3 9.3
1998-02-10 10.71 11.07 10.5 10.5
1998-02-24 9.73 9.94 9.52 9.52
1998-02-26 9.74 9.89 9.21 9.21
1998-03-05 9.93 10.1 9.5 9.5
1998-03-13 9.8 9.85 9.61 9.61
1998-03-25 9.98 10.22 9.9 9.9
1998-04-02 11.36 11.62 10.92 10.92
1998-04-13 10.47 10.74 10.45 10.45
1998-04-14 10.58 10.7 10.47 10.47
1998-04-28 10.13 10.78 9.9 9.9
1998-05-19 12.33 12.71 11.6 11.6
1998-06-03 13.19 13.35 12.7 12.7
1998-06-16 13.2 13.45 12.5 12.5
1998-06-25 13.45 13.74 13.01 13.01
1998-06-30 13.0 13.15 12.65 12.65
1998-07-02 13.24 13.4 12.65 12.65
1998-07-08 14.05 14.15 13.29 13.29
1998-07-24 13.2 13.56 13.2 13.2
1998-08-04 13.49 13.5 13.28 13.28
1998-08-19 11.6 11.6 10.6 10.6
1998-08-20 11.95 12.0 10.6 10.6
1998-08-24 12.02 12.3 11.7 11.7
1998-08-25 12.39 12.42 11.87 11.87
1998-08-31 12.24 12.25 11.3 11.3
1998-09-01 12.2 12.4 11.75 11.75
1998-09-02 12.29 12.49 11.92 11.92
1998-09-03 12.3 12.82 12.01 12.01
1998-09-07 12.46 12.77 12.41 12.41
1998-09-09 12.69 12.73 12.36 12.36
1998-09-10 13.25 13.5 12.7 12.7
1998-09-25 13.3 13.33 13.08 13.08
1998-09-29 13.42 13.5 13.25 13.25
1998-10-14 12.95 13.08 12.85 12.85
1998-10-20 13.8 13.85 13.58 13.58
1998-11-04 13.83 13.95 13.6 13.6
1998-11-10 14.08 14.1 13.8 13.8
1998-11-16 15.32 15.59 14.8 14.8
1998-11-24 14.82 15.05 14.8 14.8
1998-11-27 14.8 15.0 14.0 14.0
1998-12-01 14.88 15.18 14.61 14.61
1998-12-24 11.95 12.0 11.65 11.65
1998-12-28 12.15 12.5 11.9 11.9
1999-01-07 12.3 12.6 12.2 12.2
1999-01-18 11.72 12.0 11.67 11.67
1999-02-04 11.2 11.2 11.06 11.06
1999-02-08 10.41 10.8 10.21 10.21
1999-03-05 11.45 11.58 11.23 11.23
1999-03-08 11.4 11.58 11.18 11.18
1999-03-11 11.92 12.49 11.2 11.2
1999-03-16 11.75 12.09 10.87 10.87
1999-03-22 12.26 12.4 11.8 11.8
1999-04-14 12.73 12.8 12.65 12.65
1999-05-19 13.35 13.4 12.8 12.8
1999-05-20 13.68 13.68 13.3 13.3
1999-05-24 14.06 14.38 13.4 13.4
1999-06-03 16.61 16.61 15.0 15.0
1999-06-16 19.5 19.8 18.7 18.7
1999-06-22 19.3 19.3 18.7 18.7
1999-08-05 28.94 29.5 26.9 26.9
1999-09-09 15.85 15.85 14.6 14.6
1999-09-22 16.77 17.48 16.05 16.05
1999-09-29 16.15 16.25 15.75 15.75
1999-10-15 15.98 16.1 15.65 15.65
1999-10-22 15.04 15.29 14.3 14.3
1999-10-27 15.0 15.24 14.51 14.51
1999-11-05 14.38 14.52 14.2 14.2
1999-11-17 14.32 14.32 14.14 14.14
1999-11-25 14.63 14.7 14.5 14.5
1999-12-07 15.58 15.58 14.16 14.16
1999-12-29 14.46 14.58 14.3 14.3
2000-01-07 16.28 16.5 15.75 15.75
2000-01-14 16.39 16.63 16.1 16.1
2000-01-17 16.69 16.72 16.32 16.32
2000-02-24 19.04 19.1 18.25 18.25
2000-02-29 19.2 20.01 19.01 19.01
2000-03-02 18.9 19.1 18.55 18.55
2000-03-03 20.41 20.5 19.2 19.2
2000-03-15 21.3 22.1 21.25 21.25
2000-03-20 23.5 23.87 21.5 21.5
2000-03-30 22.99 23.06 22.24 22.24
2000-03-31 23.4 24.1 23.02 23.02
2000-04-19 21.4 21.7 21.1 21.1
2000-05-22 20.25 20.5 19.89 19.89
2000-06-28 19.01 19.05 18.8 18.8
2000-07-13 21.64 21.68 20.5 20.5
2000-07-21 21.05 21.38 20.84 20.84
2000-07-25 20.56 20.8 20.5 20.5
2000-07-31 21.68 21.78 21.16 21.16
2000-08-01 22.65 22.68 21.75 21.75
2000-08-11 22.08 22.2 21.75 21.75
2000-08-14 22.35 22.5 22.08 22.08
2000-08-16 22.15 22.2 21.95 21.95
2000-08-17 22.22 22.4 22.1 22.1
2000-08-29 21.31 21.48 21.2 21.2
2000-09-01 20.7 21.12 20.5 20.5
2000-09-04 20.45 20.94 20.26 20.26
2000-09-22 21.24 21.31 20.73 20.73
2000-09-27 22.3 22.45 21.3 21.3
2000-09-29 22.4 22.9 22.13 22.13
2000-11-09 22.4 22.45 21.92 21.92
2000-11-10 23.11 23.28 22.3 22.3
2000-11-22 24.72 24.89 24.3 24.3
2000-11-28 23.98 24.01 23.5 23.5
2000-12-04 23.98 24.16 23.2 23.2
2000-12-11 23.8 23.9 22.58 22.58
2000-12-25 20.93 20.94 20.1 20.1
2001-01-08 22.1 22.1 21.1 21.1
2001-01-11 22.6 23.25 21.4 21.4
2001-01-16 25.2 25.26 23.8 23.8
2001-02-16 25.16 25.2 24.48 24.48
2001-02-20 25.65 25.95 25.32 25.32
2001-03-01 25.31 25.46 24.9 24.9
2001-03-08 25.95 25.95 25.39 25.39
2001-03-22 27.7 27.7 26.6 26.6
2001-03-26 29.53 29.55 27.95 27.95
2001-03-27 30.3 30.41 29.53 29.53
2001-04-13 31.18 31.18 30.0 30.0
2001-05-08 30.17 30.4 29.9 29.9
2001-05-15 30.5 30.5 29.65 29.65
2001-05-18 31.8 31.8 30.5 30.5
2001-05-22 31.28 31.53 30.7 30.7
2001-06-22 30.0 30.0 29.83 29.83
2001-06-29 29.62 29.8 29.1 29.1
2001-07-17 27.5 27.65 27.38 27.38
2001-07-20 27.93 27.98 27.55 27.55
2001-08-01 26.2 26.8 25.1 25.1
2001-08-03 25.44 25.5 24.02 24.02
2001-08-09 24.39 24.85 22.14 22.14
2001-08-20 24.21 24.62 23.81 23.81
2001-09-13 23.69 23.9 23.3 23.3
2001-10-23 19.8 19.8 18.0 18.0
2001-12-31 16.92 17.15 16.48 16.48
2002-01-31 16.66 16.69 15.81 15.81
2002-02-27 16.27 16.8 16.21 16.21
2002-03-05 18.54 18.59 17.81 17.81
2002-04-01 17.39 17.4 17.0 17.0
2002-04-08 17.3 17.49 16.8 16.8
2002-05-23 16.96 17.0 16.77 16.77
2002-05-31 16.67 16.87 16.51 16.51
2002-06-11 16.7 16.8 16.42 16.42
2002-06-18 16.5 16.64 16.3 16.3
2002-06-20 16.37 16.54 16.33 16.33
2002-07-05 17.2 17.24 16.77 16.77
2002-08-14 17.27 17.41 17.15 17.15
2002-08-19 16.98 17.1 16.91 16.91
2002-08-20 17.31 17.35 16.91 16.91
2002-08-22 17.34 17.68 17.08 17.08
2002-09-03 17.55 17.68 17.41 17.41
2002-09-18 16.38 16.56 16.26 16.26
2002-09-23 16.18 16.5 15.86 15.86
2002-10-22 15.15 15.19 14.88 14.88
2002-10-29 14.77 14.78 14.52 14.52
2002-11-01 14.88 14.94 14.68 14.68
2002-11-11 15.0 15.16 14.82 14.82
2002-11-18 15.17 15.25 15.0 15.0
2002-12-23 14.55 14.68 14.24 14.24
2003-01-03 14.1 14.2 14.01 14.01
2003-01-06 14.34 14.47 14.1 14.1
2003-01-13 14.88 15.24 14.55 14.55
2003-02-11 14.95 14.96 14.7 14.7
2003-03-19 13.99 14.15 13.9 13.9
2003-03-26 14.01 14.15 13.92 13.92
2003-04-01 14.49 14.56 14.38 14.38
2003-04-14 14.07 14.15 13.75 13.75
2003-04-25 13.7 13.75 13.55 13.55
2003-05-14 13.68 13.7 13.5 13.5
2003-05-19 13.65 13.69 13.5 13.5
2003-05-20 13.62 13.77 13.51 13.51
2003-05-21 13.72 13.95 13.52 13.52
2003-05-22 14.09 14.19 13.73 13.73
2003-05-29 14.07 14.39 13.86 13.86
2003-07-01 13.76 14.0 13.75 13.75
2003-07-02 13.9 13.92 13.75 13.75
2003-09-15 13.33 13.53 13.28 13.28
2003-09-22 13.37 13.49 13.3 13.3
2003-09-30 13.27 13.28 13.1 13.1
2003-10-08 13.3 13.38 13.2 13.2
2003-10-09 13.43 13.49 13.3 13.3
2003-10-10 13.58 13.62 13.36 13.36
2003-10-13 13.66 13.69 13.42 13.42
2003-10-15 13.63 13.8 13.6 13.6
2003-10-17 13.51 13.55 13.44 13.44
2003-11-11 13.72 13.77 13.53 13.53
2003-11-20 14.12 14.17 13.69 13.69
2003-12-15 13.76 13.91 13.5 13.5
2003-12-30 13.3 13.32 13.0 13.0
2003-12-31 13.3 13.4 13.25 13.25
2004-01-12 13.01 13.22 13.0 13.0
2004-01-29 13.46 13.58 13.01 13.01
2004-02-18 15.23 15.6 14.93 14.93
2004-03-15 16.19 16.3 15.7 15.7
2004-03-19 16.88 16.95 16.33 16.33
2004-05-11 13.24 13.3 13.14 13.14
2004-05-21 12.6 12.72 12.33 12.33
2004-06-07 11.6 11.66 11.35 11.35
2004-06-15 11.36 11.51 11.2 11.2
2004-07-16 10.71 10.75 10.2 10.2
2004-08-04 10.3 10.55 10.15 10.15
2004-08-20 9.45 9.6 9.4 9.4
2004-10-28 9.1 9.34 8.8 8.8
2004-11-15 9.47 9.48 9.08 9.08
2004-12-24 10.34 10.37 9.99 9.99
2005-01-05 10.86 10.94 10.2 10.2
2005-01-13 11.14 11.38 10.91 10.91
2005-01-28 10.26 10.35 10.15 10.15
2005-02-22 11.0 11.08 10.7 10.7
2005-03-07 11.84 11.95 11.7 11.7
2005-03-08 12.02 12.15 11.78 11.78
2005-03-25 10.88 11.0 10.72 10.72
2005-04-07 11.23 11.44 10.93 10.93
2005-04-13 11.13 11.31 11.0 11.0
2005-05-16 9.87 10.0 9.65 9.65
2005-06-16 9.43 9.43 9.2 9.2
2005-06-20 9.68 9.69 9.21 9.21
2005-07-27 10.1 10.17 9.82 9.82
2005-08-03 10.19 10.28 10.1 10.1
2005-08-05 10.5 10.59 10.08 10.08
2005-08-09 10.98 11.2 10.8 10.8
2005-09-20 11.62 11.74 11.41 11.41
2005-09-26 11.72 11.8 11.52 11.52
2005-10-24 11.9 12.19 11.77 11.77
2005-10-27 11.78 11.78 11.32 11.32
2005-10-31 11.69 11.74 11.5 11.5
2005-11-01 11.47 11.71 11.29 11.29
2005-11-02 11.68 11.77 11.41 11.41
2005-11-04 11.86 11.92 11.4 11.4
2005-11-09 12.19 12.36 12.0 12.0
2005-11-21 12.0 12.13 11.76 11.76
2005-12-15 11.33 11.35 11.04 11.04
2006-10-17 14.33 14.36 14.16 14.16
2006-10-20 16.15 16.2 14.71 14.71
2006-10-25 16.13 16.64 15.8 15.8
2006-12-01 18.77 18.84 17.2 17.2
2006-12-14 17.21 17.91 16.4 16.4
2006-12-18 18.8 18.85 17.66 17.66
2006-12-25 17.87 18.35 17.54 17.54
2006-12-26 18.3 18.88 17.91 17.91
2007-01-22 26.61 26.61 25.1 25.1
2007-03-02 21.24 21.48 20.6 20.6
2007-03-15 24.4 24.4 22.22 22.22
2007-03-26 24.02 24.29 23.65 23.65
2007-04-09 25.77 25.8 24.68 24.68
2007-05-17 24.95 25.55 24.47 24.47
2007-05-18 25.5 25.6 24.5 24.5
2007-05-30 25.58 26.47 24.66 24.66
2007-05-31 28.14 28.14 25.4 25.4
2007-07-02 24.6 24.96 24.01 24.01
2007-07-16 24.59 25.5 24.52 24.52
2007-07-20 25.72 25.86 25.2 25.2
2007-07-23 26.6 26.95 25.9 25.9
2007-07-24 27.1 27.78 26.61 26.61
2007-08-08 27.96 28.4 27.23 27.23
2007-08-14 27.01 27.5 26.4 26.4
2007-08-20 30.39 30.39 28.0 28.0
2007-08-30 33.44 33.88 32.5 32.5
2007-08-31 33.41 34.5 32.92 32.92
2007-10-19 33.76 34.75 32.3 32.3
2007-11-19 29.92 30.4 28.45 28.45
2007-11-23 30.45 31.38 30.01 30.01
2007-12-03 27.13 27.79 26.66 26.66
2007-12-10 29.62 29.8 28.11 28.11
2007-12-19 32.65 33.5 31.8 31.8
2008-01-07 34.98 35.3 34.35 34.35
2008-03-21 27.0 27.18 26.07 26.07
2008-04-07 27.68 28.0 25.0 25.0
2008-05-08 31.54 32.0 29.06 29.06
2008-05-14 32.78 33.24 30.02 30.02
2008-05-23 15.8 16.3 15.45 15.45
2008-06-05 14.8 14.97 14.65 14.65
2008-06-24 10.62 10.82 9.86 9.86
2008-07-07 13.23 13.62 12.95 12.95
2008-08-12 11.83 12.3 11.6 11.6
2008-08-20 12.93 13.0 11.88 11.88
2008-08-28 11.49 11.5 11.13 11.13
2008-10-10 11.46 11.9 11.22 11.22
2008-10-20 10.29 10.3 9.72 9.72
2008-10-21 10.72 10.86 10.3 10.3
2008-11-05 11.26 11.52 11.08 11.08
2008-11-10 11.75 11.8 10.9 10.9
2008-11-13 11.97 12.18 11.6 11.6
2008-11-19 11.84 11.85 11.0 11.0
2008-12-01 11.0 11.15 10.38 10.38
2008-12-08 12.46 12.48 11.96 11.96
2009-03-12 13.88 13.99 13.36 13.36
2009-03-31 14.6 14.64 13.84 13.84
2009-04-10 14.77 14.97 14.6 14.6
2009-05-21 17.61 18.36 16.85 16.85
2009-06-17 20.93 21.2 20.05 20.05
2009-06-18 21.82 22.22 21.0 21.0
2009-06-19 22.8 23.38 22.0 22.0
2009-09-15 21.92 22.45 21.65 21.65
2009-10-20 22.45 22.49 22.01 22.01
2009-11-10 22.99 23.27 22.73 22.73
2009-11-25 24.07 24.25 23.05 23.05
2010-02-25 30.88 31.3 29.81 29.81
2010-03-11 29.28 29.75 29.01 29.01
2010-05-04 31.49 31.84 30.53 30.53
2010-05-24 18.37 18.46 17.65 17.65
2010-06-04 18.63 18.99 18.31 18.31
2010-08-23 17.97 18.19 17.8 17.8
2010-10-19 17.97 18.05 17.1 17.1
2010-11-08 21.94 22.45 21.06 21.06
2011-02-10 17.85 17.89 17.31 17.31
2011-05-03 15.32 15.37 15.03 15.03
2011-05-19 14.84 15.04 14.8 14.8
2011-05-20 15.09 15.17 14.8 14.8
2011-05-31 13.93 13.96 13.51 13.51
2011-06-07 14.34 14.39 13.99 13.99
2011-06-14 13.82 13.89 13.63 13.63
2011-06-29 13.59 13.67 13.47 13.47
2011-07-20 14.9 15.05 14.65 14.65
2011-07-22 14.93 15.18 14.71 14.71
2011-09-21 13.31 13.4 13.06 13.06
2011-10-31 14.45 14.6 13.84 13.84
2011-11-24 14.27 14.52 14.01 14.01
2011-12-26 11.62 11.75 11.49 11.49
2012-02-02 10.92 11.04 10.39 10.39
2012-04-18 11.87 11.94 11.7 11.7
2012-05-30 10.54 10.63 10.48 10.48
2012-06-11 10.13 10.18 9.95 9.95
2012-06-20 10.4 10.48 10.31 10.31
2012-07-11 10.07 10.17 9.93 9.93
2012-12-14 9.09 9.17 8.78 8.78
2013-01-10 10.45 10.6 10.01 10.01
2013-02-22 11.19 11.3 10.9 10.9
2013-04-09 9.25 9.36 8.95 8.95
2013-04-12 9.12 9.15 9.01 9.01
2013-04-16 9.07 9.1 8.84 8.84
2013-06-17 15.98 16.84 15.7 15.7
2013-06-26 15.8 15.8 14.38 14.38
2013-07-10 19.39 19.39 19.39 19.39
2013-07-17 24.03 24.9 22.6 22.6
2013-07-22 24.32 24.32 22.22 22.22
2013-08-06 22.96 22.96 21.5 21.5
2013-08-20 21.99 22.74 21.45 21.45
2013-09-25 27.29 28.62 26.06 26.06
2013-10-18 23.68 23.78 22.93 22.93
2013-10-28 20.74 21.05 20.06 20.06
2013-11-15 19.18 19.75 18.75 18.75
2014-01-09 18.91 19.9 18.39 18.39
2014-01-27 22.51 23.02 20.98 20.98
2014-03-24 18.27 18.86 18.13 18.13
2014-06-24 11.89 11.94 11.5 11.5
2014-10-28 12.01 12.03 11.73 11.73
2015-04-21 14.44 14.5 13.93 13.93
2015-05-26 18.23 18.53 17.72 17.72
2015-06-02 17.65 17.69 16.84 16.84
2015-08-25 9.83 10.15 9.83 9.83
2015-09-07 8.66 9.08 8.5 8.5
2016-01-18 8.25 8.25 8.25 8.25
2016-01-19 9.08 9.08 9.08 9.08
2016-02-03 8.58 8.66 8.21 8.21
2016-03-07 9.31 9.65 9.1 9.1
2016-03-17 9.34 9.47 8.95 8.95
2016-03-30 11.23 11.36 10.53 10.53
2016-04-14 11.39 11.58 11.1 11.1
2016-06-27 8.38 8.4 8.13 8.13
2016-06-28 8.55 8.56 8.31 8.31
2016-08-12 8.38 8.4 8.24 8.24
2016-09-19 8.39 8.45 8.34 8.34
2016-11-11 8.84 9.09 8.63 8.63
2016-11-22 8.77 8.79 8.65 8.65
2017-02-09 8.29 8.31 8.17 8.17
2017-03-01 8.3 8.34 8.22 8.22
2017-07-10 6.43 6.47 6.4 6.4
2017-08-14 6.32 6.35 6.15 6.15
