2001-04-05 18.0 18.08 17.0 17.0
2001-04-17 19.49 19.8 18.76 18.76
2001-06-13 23.3 23.6 22.42 22.42
2001-06-25 22.35 22.68 22.16 22.16
2001-06-27 22.41 22.5 22.05 22.05
2001-06-29 22.1 22.25 22.0 22.0
2001-07-10 21.12 21.18 20.15 20.15
2001-07-18 20.81 20.85 20.39 20.39
2001-07-31 17.79 18.78 17.6 17.6
2001-08-20 18.46 18.55 18.22 18.22
2001-09-18 18.15 18.15 17.64 17.64
2001-10-09 17.01 17.1 16.63 16.63
2001-10-23 14.25 14.25 14.25 14.25
2001-10-29 15.85 16.18 15.72 15.72
2001-11-15 14.25 14.39 13.82 13.82
2001-11-20 15.62 15.88 15.18 15.18
2001-12-21 14.49 14.55 14.25 14.25
2002-01-25 12.37 12.6 12.21 12.21
2002-03-05 13.79 13.93 13.59 13.59
2002-04-23 14.68 14.7 14.45 14.45
2002-05-15 14.3 14.45 14.3 14.3
2002-05-21 13.98 14.2 13.5 13.5
2002-06-04 12.57 12.75 12.45 12.45
2002-06-18 13.1 13.34 12.51 12.51
2002-07-12 14.15 14.25 14.11 14.11
2002-07-16 14.05 14.25 14.0 14.0
2002-07-19 14.42 14.44 14.21 14.21
2002-07-24 14.2 14.2 14.05 14.05
2002-08-02 14.5 14.68 14.4 14.4
2002-08-05 14.4 14.63 14.32 14.32
2002-08-20 14.25 14.3 14.05 14.05
2002-08-22 14.31 14.49 14.16 14.16
2002-09-03 14.06 14.22 14.04 14.04
2002-10-31 12.15 12.24 12.15 12.15
2002-11-04 12.35 12.37 12.08 12.08
2002-11-05 12.59 12.7 12.35 12.35
2002-11-19 11.4 11.48 11.01 11.01
2002-12-03 9.86 9.89 9.37 9.37
2002-12-04 10.18 10.7 9.86 9.86
2002-12-09 10.28 10.53 10.2 10.2
2002-12-23 10.54 10.71 10.46 10.46
2003-01-03 9.43 9.44 9.29 9.29
2003-01-14 10.74 10.99 10.11 10.11
2003-01-22 10.43 10.52 10.38 10.38
2003-02-11 11.22 11.29 11.0 11.0
2003-02-19 11.16 11.17 10.93 10.93
2003-02-24 10.72 10.93 10.65 10.65
2003-02-25 10.99 10.99 10.74 10.74
2003-05-14 8.43 8.49 8.22 8.22
2003-05-21 8.66 8.74 8.26 8.26
2003-05-22 8.73 8.82 8.67 8.67
2003-06-04 9.46 9.48 9.15 9.15
2003-06-10 8.89 8.96 8.81 8.81
2003-06-13 9.12 9.2 9.03 9.03
2003-06-17 9.15 9.23 9.12 9.12
2003-06-24 8.68 8.7 8.62 8.62
2003-06-27 8.62 8.81 8.48 8.48
2003-07-04 8.5 8.52 8.37 8.37
2003-07-07 8.44 8.46 8.4 8.4
2003-07-08 8.59 8.6 8.45 8.45
2003-07-10 8.73 8.74 8.53 8.53
2003-07-23 8.25 8.25 8.08 8.08
2003-08-07 8.0 8.1 7.93 7.93
2003-08-12 8.02 8.08 7.95 7.95
2003-08-15 7.94 8.0 7.9 7.9
2003-09-04 8.23 8.3 8.1 8.1
2003-09-11 8.1 8.11 8.01 8.01
2003-10-22 7.19 7.29 7.0 7.0
2003-10-27 7.23 7.25 7.05 7.05
2003-11-18 6.31 6.32 6.23 6.23
2003-11-19 6.44 6.49 6.28 6.28
2003-11-25 6.94 7.09 6.83 6.83
2003-12-01 7.05 7.06 6.8 6.8
2003-12-10 7.11 7.2 7.05 7.05
2003-12-31 6.9 7.23 6.67 6.67
2004-01-08 7.46 7.64 7.41 7.41
2004-01-29 7.65 7.66 7.29 7.29
2004-02-12 8.02 8.16 7.8 7.8
2004-02-16 8.06 8.08 7.83 7.83
2004-02-27 7.64 7.68 7.5 7.5
2004-03-10 7.73 7.73 7.5 7.5
2004-03-15 7.9 7.91 7.7 7.7
2004-04-01 8.14 8.15 8.0 8.0
2004-06-15 6.19 6.25 6.05 6.05
2004-06-22 6.28 6.3 6.2 6.2
2004-06-29 5.97 5.99 5.79 5.79
2004-07-05 5.97 6.0 5.85 5.85
2004-07-23 5.78 5.82 5.6 5.6
2004-08-04 5.47 5.52 5.21 5.21
2004-08-09 5.33 5.43 5.28 5.28
2004-08-13 5.19 5.24 5.16 5.16
2004-08-18 5.03 5.08 5.02 5.02
2004-08-24 5.05 5.08 4.89 4.89
2004-09-14 5.16 5.2 5.02 5.02
2004-10-08 5.88 5.92 5.58 5.58
2004-11-04 4.8 4.9 4.74 4.74
2004-12-22 5.02 5.02 4.87 4.87
2005-01-05 4.77 4.84 4.66 4.66
2005-01-11 4.72 4.74 4.66 4.66
2005-03-01 4.58 4.65 4.46 4.46
2005-03-07 4.86 4.87 4.6 4.6
2005-03-18 4.46 4.6 4.4 4.4
2005-04-13 4.58 4.58 4.4 4.4
2005-07-11 4.46 4.6 4.36 4.36
2005-07-12 4.73 4.74 4.5 4.5
2005-09-29 5.22 5.24 5.1 5.1
2005-11-07 5.36 5.44 5.32 5.32
2005-11-18 5.15 5.19 5.01 5.01
2005-11-24 5.14 5.15 5.06 5.06
2005-12-29 5.06 5.08 5.02 5.02
2006-01-23 5.7 5.74 5.5 5.5
2006-02-10 5.76 5.84 5.7 5.7
2006-02-15 5.8 5.92 5.75 5.75
2006-03-13 5.2 5.21 5.1 5.1
2006-10-09 5.93 6.0 5.76 5.76
2006-10-24 5.27 5.27 5.14 5.14
2006-10-30 4.92 4.98 4.85 4.85
2006-11-03 5.02 5.06 4.95 4.95
2006-11-14 4.77 4.79 4.57 4.57
2006-11-15 4.88 4.93 4.77 4.77
2006-11-30 4.91 4.95 4.8 4.8
2006-12-05 5.04 5.08 4.83 4.83
2006-12-18 5.21 5.24 5.1 5.1
2007-01-19 5.96 6.04 5.68 5.68
2007-02-08 5.74 5.79 5.66 5.66
2007-03-13 7.4 7.55 7.12 7.12
2007-04-23 9.37 9.45 9.04 9.04
2007-05-08 10.45 10.96 10.35 10.35
2007-05-16 10.03 10.07 9.6 9.6
2007-05-30 10.29 10.98 10.29 10.29
2007-06-25 9.12 9.48 8.87 8.87
2007-07-19 6.8 6.83 6.7 6.7
2007-07-23 7.37 7.39 7.0 7.0
2007-08-06 8.87 9.12 8.45 8.45
2007-10-23 7.77 7.85 7.45 7.45
2007-11-14 7.34 7.44 7.16 7.16
2007-11-27 7.31 7.38 7.14 7.14
2007-12-11 7.89 7.99 7.76 7.76
2008-01-02 9.07 9.14 8.82 8.82
2008-03-04 10.98 11.36 10.74 10.74
2008-03-21 8.7 9.01 8.6 8.6
2008-04-07 7.41 7.41 7.02 7.02
2008-07-02 4.68 4.8 4.58 4.58
2008-08-12 4.12 4.17 4.0 4.0
2008-11-12 3.05 3.05 2.88 2.88
2008-11-19 3.33 3.36 3.12 3.12
2008-12-03 3.56 3.58 3.44 3.44
2008-12-10 3.85 3.93 3.65 3.65
2008-12-17 3.55 3.65 3.5 3.5
2008-12-19 3.94 3.94 3.85 3.85
2009-01-09 3.48 3.49 3.38 3.38
2009-02-02 3.8 3.8 3.65 3.65
2009-02-06 4.06 4.1 3.86 3.86
2009-02-13 5.09 5.15 4.66 4.66
2009-03-04 4.4 4.46 4.16 4.16
2009-05-13 5.8 5.91 5.71 5.71
2009-06-18 5.84 5.85 5.69 5.69
2009-07-14 6.57 6.7 6.34 6.34
2009-11-03 6.2 6.22 5.95 5.95
2009-11-04 6.82 6.82 6.15 6.15
2009-12-23 6.76 6.78 6.51 6.51
2009-12-24 7.1 7.16 6.77 6.77
2009-12-31 7.0 7.05 6.87 6.87
2010-02-09 6.78 6.8 6.68 6.68
2010-03-01 7.26 7.37 7.2 7.2
2010-03-16 6.98 7.02 6.89 6.89
2010-03-17 7.14 7.15 6.98 6.98
2010-03-26 7.5 7.56 7.28 7.28
2010-07-21 5.83 5.94 5.8 5.8
2010-07-22 5.93 6.09 5.79 5.79
2010-08-02 6.34 6.42 6.1 6.1
2010-09-14 6.66 6.74 6.6 6.6
2010-11-22 7.18 7.2 6.92 6.92
2011-01-12 6.65 6.73 6.36 6.36
2011-01-31 6.68 6.7 6.58 6.58
2011-02-25 7.61 7.87 7.57 7.57
2011-04-06 8.9 9.31 8.55 8.55
2011-05-20 8.96 9.1 8.65 8.65
2011-05-31 8.21 8.3 7.87 7.87
2011-06-03 8.18 8.31 8.02 8.02
2011-06-10 8.69 8.75 8.37 8.37
2011-06-30 9.0 9.42 8.57 8.57
2011-07-08 10.01 10.14 9.25 9.25
2011-08-04 9.38 9.4 9.13 9.13
2011-09-07 8.48 8.64 7.87 7.87
2011-10-13 7.08 7.09 6.86 6.86
2011-11-14 7.05 7.06 6.88 6.88
2011-11-15 7.15 7.17 7.05 7.05
2012-01-17 5.24 5.27 4.97 4.97
2012-03-02 6.26 6.27 6.11 6.11
2012-04-18 5.79 5.83 5.66 5.66
2012-04-20 5.89 6.03 5.77 5.77
2012-05-03 5.52 5.57 5.45 5.45
2012-05-10 6.31 6.31 6.31 6.31
2012-05-15 6.0 6.05 5.73 5.73
2012-05-22 5.82 5.92 5.7 5.7
2012-06-01 6.09 6.42 5.95 5.95
2012-07-03 6.14 6.2 6.05 6.05
2012-07-11 5.76 5.81 5.68 5.68
2012-09-05 5.3 5.3 5.3 5.3
2012-09-28 4.85 4.98 4.63 4.63
2012-11-12 4.49 4.52 4.45 4.45
2012-11-23 4.27 4.31 4.2 4.2
2012-12-05 4.12 4.15 3.96 3.96
2012-12-26 4.35 4.35 4.24 4.24
2013-01-14 4.48 4.49 4.28 4.28
2013-01-15 4.73 4.85 4.43 4.43
2013-02-07 4.23 4.27 4.21 4.21
2013-04-09 4.41 4.44 4.31 4.31
2013-04-22 4.16 4.21 4.11 4.11
2013-05-02 3.69 3.75 3.69 3.69
2013-05-06 3.67 3.7 3.63 3.63
2013-05-07 3.76 3.78 3.66 3.66
2013-05-16 3.85 3.89 3.81 3.81
2013-05-24 4.01 4.08 3.94 3.94
2013-05-27 4.11 4.12 4.02 4.02
2013-06-14 4.08 4.12 3.97 3.97
2013-06-17 4.1 4.17 4.03 4.03
2013-07-10 3.64 3.64 3.55 3.55
2013-07-23 3.78 3.78 3.73 3.73
2013-08-02 3.81 3.82 3.74 3.74
2013-08-20 4.09 4.14 4.02 4.02
2013-09-11 4.4 4.52 4.29 4.29
2013-09-16 4.48 4.59 4.4 4.4
2013-10-17 4.33 4.4 4.32 4.32
2013-10-30 4.02 4.03 3.88 3.88
2013-11-04 4.09 4.11 4.05 4.05
2013-11-20 4.06 4.07 4.0 4.0
2013-11-22 4.14 4.19 4.02 4.02
2013-12-03 3.82 3.85 3.78 3.78
2013-12-12 3.83 3.86 3.77 3.77
2014-01-16 3.63 3.63 3.58 3.58
2014-01-21 3.62 3.64 3.6 3.6
2014-01-23 3.78 3.81 3.73 3.73
2014-02-10 4.09 4.09 3.9 3.9
2014-02-14 4.06 4.09 3.97 3.97
2014-02-17 4.16 4.22 4.07 4.07
2014-03-17 4.24 4.25 4.1 4.1
2014-04-10 4.25 4.27 4.16 4.16
2014-04-17 4.36 4.37 4.25 4.25
2014-04-22 4.28 4.37 4.2 4.2
2014-04-23 4.4 4.47 4.27 4.27
2014-05-16 3.97 3.98 3.87 3.87
2014-06-11 4.01 4.03 3.98 3.98
2014-07-23 4.52 4.52 4.52 4.52
2014-07-24 4.97 4.97 4.97 4.97
2014-08-11 5.42 5.44 5.37 5.37
2014-09-01 5.45 5.63 5.31 5.31
2014-09-05 5.79 6.06 5.54 5.54
2014-11-12 6.24 6.25 6.02 6.02
2014-11-19 6.36 6.49 6.23 6.23
2014-12-25 5.83 5.93 5.69 5.69
2015-01-07 5.9 5.98 5.66 5.66
2015-01-23 6.13 6.28 5.85 5.85
2015-02-09 5.88 5.96 5.85 5.85
2015-02-11 5.96 5.97 5.88 5.88
2015-03-23 7.4 7.49 7.33 7.33
2015-04-21 9.22 9.3 9.0 9.0
2015-04-29 10.46 10.68 9.65 9.65
2015-11-12 11.58 11.58 11.58 11.58
2016-01-05 8.65 9.07 8.25 8.25
2016-02-18 7.35 7.35 7.35 7.35
2016-03-09 8.06 8.25 7.5 7.5
2016-04-21 7.67 7.89 7.6 7.6
2016-05-16 8.64 8.68 8.4 8.4
2016-06-01 9.94 10.05 9.87 9.87
2016-06-20 9.48 9.48 9.48 9.48
2016-06-21 9.01 9.11 9.01 9.01
2016-07-05 9.19 9.26 9.01 9.01
2016-07-15 9.94 10.09 9.58 9.58
2016-08-16 9.3 9.37 9.26 9.26
2017-01-04 10.23 10.23 10.23 10.23
2017-02-06 10.17 10.22 10.0 10.0
2017-02-16 10.6 10.65 10.45 10.45
2017-02-21 10.46 10.55 10.3 10.3
2017-03-21 11.98 12.04 11.72 11.72
2017-04-28 10.34 10.46 10.26 10.26
2017-05-17 10.81 10.86 10.57 10.57
2017-06-05 10.19 10.25 10.11 10.11
2017-06-14 10.5 10.52 10.15 10.15
2017-07-05 10.69 10.85 10.61 10.61
2017-08-03 10.17 10.28 10.05 10.05
