1993-06-17 37.9 38.02 37.6 37.6
1993-06-28 24.7 25.58 24.0 24.0
1993-07-21 20.0 20.15 19.9 19.9
1993-08-05 20.95 21.4 20.51 20.51
1993-08-09 21.56 21.78 20.95 20.95
1993-08-24 21.1 21.28 20.42 20.42
1993-08-30 21.1 21.5 20.8 20.8
1993-09-09 23.09 23.6 22.4 22.4
1993-10-27 14.48 14.9 14.0 14.0
1993-10-28 16.1 16.37 14.55 14.55
1993-11-11 15.37 15.69 15.2 15.2
1993-11-29 18.75 18.9 18.21 18.21
1993-12-23 15.8 16.1 15.3 15.3
1993-12-27 16.01 16.1 15.65 15.65
1994-01-06 16.25 16.4 15.71 15.71
1994-01-07 16.8 16.95 16.45 16.45
1994-03-03 13.35 13.5 13.1 13.1
1994-03-08 12.55 13.0 12.5 12.5
1994-04-07 12.78 13.1 12.76 12.76
1994-04-21 10.9 11.18 10.05 10.05
1994-04-26 7.46 7.5 7.19 7.19
1994-05-09 7.02 7.3 6.0 6.0
1994-06-03 6.25 6.35 6.21 6.21
1994-06-14 5.45 5.96 5.2 5.2
1994-06-21 5.38 5.42 5.32 5.32
1994-06-22 5.51 5.6 5.38 5.38
1994-07-07 5.1 5.1 5.01 5.01
1994-07-25 4.24 4.25 4.01 4.01
1994-08-03 6.49 6.6 4.9 4.9
1994-08-09 7.3 8.0 6.3 6.3
1994-08-25 8.89 8.89 8.5 8.5
1994-09-20 13.48 13.7 13.03 13.03
1994-09-21 13.98 13.98 13.3 13.3
1994-11-03 9.19 9.23 8.4 8.4
1994-12-09 7.75 7.86 7.6 7.6
1994-12-15 8.08 8.34 7.5 7.5
1995-01-20 6.8 6.95 6.45 6.45
1995-02-21 6.35 6.35 6.3 6.3
1995-02-22 6.97 7.57 6.35 6.35
1995-03-24 6.79 6.98 6.7 6.7
1995-04-18 6.97 7.12 6.93 6.93
1995-05-05 6.7 6.73 6.68 6.68
1995-05-09 6.73 6.79 6.7 6.7
1995-05-12 6.8 6.9 6.65 6.65
1995-05-19 14.01 14.5 10.5 10.5
1995-06-01 8.8 8.9 8.6 8.6
1995-06-02 8.9 9.03 8.7 8.7
1995-06-13 8.78 8.8 8.5 8.5
1995-06-16 8.1 8.28 7.8 7.8
1995-07-04 7.85 7.87 7.7 7.7
1995-08-01 8.41 8.48 8.1 8.1
1995-08-07 8.34 8.38 8.1 8.1
1995-08-31 8.38 8.58 7.8 7.8
1995-09-15 8.12 8.29 8.02 8.02
1995-09-20 7.9 7.99 7.7 7.7
1995-10-10 8.18 8.35 7.6 7.6
1995-10-18 8.72 8.85 8.4 8.4
1995-11-02 7.9 8.1 7.9 7.9
1995-11-03 8.07 8.07 7.95 7.95
1995-11-14 7.39 7.5 7.31 7.31
1995-11-17 7.35 7.4 7.3 7.3
1995-12-07 6.8 6.84 6.75 6.75
1995-12-27 6.08 6.2 5.98 5.98
1996-01-04 5.86 5.95 5.65 5.65
1996-01-09 5.8 5.82 5.6 5.6
1996-01-22 5.57 5.64 5.5 5.5
1996-01-29 5.79 5.82 5.65 5.65
1996-02-13 5.74 5.76 5.65 5.65
1996-02-16 6.1 6.13 5.83 5.83
1996-03-07 6.22 6.24 6.05 6.05
1996-03-20 6.36 6.4 6.31 6.31
1996-04-03 6.5 6.54 6.45 6.45
1996-04-11 6.76 6.8 6.64 6.64
1996-04-19 6.95 6.96 6.75 6.75
1996-04-23 7.15 7.26 6.88 6.88
1996-04-26 7.7 7.85 7.3 7.3
1996-04-29 8.0 8.1 7.71 7.71
1996-05-06 7.18 7.28 7.09 7.09
1996-05-27 6.45 6.47 6.38 6.38
1996-06-25 6.65 6.96 6.6 6.6
1996-07-19 7.15 7.2 6.8 6.8
1996-08-08 7.9 8.08 7.75 7.75
1996-09-03 6.61 6.71 6.39 6.39
1996-09-16 6.95 7.13 6.7 6.7
1996-09-19 7.25 7.3 7.0 7.0
1996-09-24 8.01 8.24 7.68 7.68
1996-10-03 8.25 8.47 8.1 8.1
1996-10-10 9.32 9.4 8.15 8.15
1996-10-14 12.29 12.38 11.33 11.33
1996-10-28 10.52 11.25 10.4 10.4
1996-10-30 11.08 11.25 10.5 10.5
1996-11-18 11.2 11.25 10.31 10.31
1996-11-20 13.78 13.8 12.2 12.2
1996-11-25 12.92 12.97 11.8 11.8
1996-12-05 18.3 18.3 17.1 17.1
1996-12-09 14.29 14.64 14.0 14.0
1996-12-16 10.3 10.3 10.3 10.3
1996-12-17 9.27 9.27 9.27 9.27
1996-12-18 10.2 10.2 8.34 8.34
1996-12-20 8.3 8.7 8.26 8.26
1997-01-15 8.75 8.82 8.36 8.36
1997-02-20 7.75 7.9 7.25 7.25
1997-03-06 10.29 10.29 9.2 9.2
1997-04-09 10.35 10.6 10.1 10.1
1997-04-14 10.45 10.89 10.02 10.02
1997-06-19 6.44 6.67 6.33 6.33
1997-07-08 5.18 5.22 5.0 5.0
1997-08-08 6.18 6.39 5.98 5.98
1997-08-22 6.15 6.27 6.0 6.0
1997-08-26 7.01 7.06 6.55 6.55
1997-09-10 7.59 7.59 7.2 7.2
1997-10-07 6.0 6.05 5.85 5.85
1997-10-10 6.09 6.17 6.05 6.05
1997-10-23 5.95 6.08 5.95 5.95
1997-12-05 5.46 5.5 5.4 5.4
1997-12-19 5.62 5.68 5.52 5.52
1998-01-14 5.75 5.8 5.4 5.4
1998-01-23 5.63 5.68 5.56 5.56
1998-02-16 6.19 6.3 6.1 6.1
1998-03-24 5.8 5.93 5.6 5.6
1998-03-26 6.04 6.06 5.66 5.66
1998-04-03 6.45 6.58 6.2 6.2
1998-04-20 6.3 6.3 6.0 6.0
1998-04-22 6.64 6.8 6.26 6.26
1998-06-18 6.16 6.2 6.1 6.1
1998-06-19 6.26 6.28 6.16 6.16
1998-07-21 5.94 5.97 5.85 5.85
1998-07-22 6.06 6.07 5.94 5.94
1998-07-23 6.2 6.24 6.08 6.08
1998-08-19 5.27 5.28 5.01 5.01
1998-08-21 5.38 5.41 5.2 5.2
1998-09-01 5.39 5.65 5.15 5.15
1998-09-11 5.65 5.68 5.5 5.5
1998-09-23 5.67 5.69 5.41 5.41
1998-09-25 5.76 5.81 5.51 5.51
1998-10-05 5.77 5.8 5.68 5.68
1998-10-08 6.04 6.15 5.99 5.99
1998-10-13 6.08 6.25 6.05 6.05
1998-11-06 6.4 6.54 6.29 6.29
1998-11-20 6.24 6.38 6.21 6.21
1998-12-01 6.07 6.12 6.06 6.06
1998-12-08 6.21 6.23 5.98 5.98
1999-01-06 5.86 5.9 5.68 5.68
1999-01-08 5.94 5.94 5.81 5.81
1999-01-11 6.0 6.03 5.9 5.9
1999-01-15 6.09 6.27 6.02 6.02
1999-02-09 5.44 5.44 5.23 5.23
1999-03-03 5.78 5.81 5.7 5.7
1999-03-12 6.11 6.12 5.89 5.89
1999-03-18 5.96 6.08 5.85 5.85
1999-03-26 6.36 6.49 6.15 6.15
1999-03-31 6.43 6.58 6.3 6.3
1999-04-01 6.39 6.52 6.35 6.35
1999-05-13 6.96 7.15 6.86 6.86
1999-05-26 7.3 7.41 6.9 6.9
1999-06-16 7.4 7.5 7.0 7.0
1999-07-02 8.58 8.58 8.01 8.01
1999-07-09 9.2 9.45 8.8 8.8
1999-07-20 8.99 9.05 8.4 8.4
1999-07-23 8.83 9.0 8.3 8.3
1999-08-19 9.0 9.1 8.75 8.75
1999-08-23 8.95 9.09 8.75 8.75
1999-08-24 9.16 9.38 9.0 9.0
1999-09-09 8.74 8.76 8.35 8.35
1999-09-14 8.54 8.67 8.45 8.45
1999-09-17 8.49 8.65 8.35 8.35
1999-10-15 7.72 7.88 7.6 7.6
1999-10-21 7.78 7.96 7.58 7.58
1999-11-29 8.18 8.25 8.0 8.0
1999-12-03 8.16 8.26 8.11 8.11
1999-12-06 8.49 8.5 8.15 8.15
1999-12-27 8.33 8.45 8.18 8.18
1999-12-28 8.36 8.48 8.35 8.35
2000-01-04 8.98 8.98 8.6 8.6
2000-01-17 10.23 10.3 9.62 9.62
2000-01-19 10.7 10.8 10.25 10.25
2000-02-22 10.78 11.2 10.6 10.6
2000-02-23 11.6 11.8 10.8 10.8
2000-03-22 12.39 12.39 11.32 11.32
2000-03-27 14.83 14.83 13.66 13.66
2000-03-30 16.56 16.56 15.18 15.18
2000-04-18 15.99 16.38 15.66 15.66
2000-04-19 17.1 17.55 16.02 16.02
2000-05-23 17.5 17.8 17.2 17.2
2000-06-19 19.17 19.7 18.8 18.8
2000-07-17 18.7 18.98 18.45 18.45
2000-08-14 18.58 18.8 18.4 18.4
2000-08-24 18.23 18.5 17.95 17.95
2000-09-04 18.21 18.3 17.8 17.8
2000-09-08 18.58 18.7 18.2 18.2
2000-09-11 19.09 19.15 18.65 18.65
2000-09-19 18.78 18.8 18.1 18.1
2000-09-29 19.38 19.45 18.97 18.97
2000-10-20 19.68 19.69 19.41 19.41
2000-10-24 19.52 19.6 19.45 19.45
2000-10-27 20.12 20.19 19.9 19.9
2000-11-09 21.36 21.67 20.96 20.96
2000-11-14 21.8 21.9 21.46 21.46
2000-11-30 21.2 21.42 20.92 20.92
2000-12-13 22.08 22.08 21.53 21.53
2000-12-18 23.31 23.35 22.2 22.2
2000-12-20 23.91 24.0 23.19 23.19
2001-01-05 23.58 23.58 22.78 22.78
2001-01-10 23.35 23.39 23.21 23.21
2001-02-14 23.33 23.35 23.0 23.0
2001-02-15 23.82 23.86 23.35 23.35
2001-03-06 23.18 23.21 23.0 23.0
2001-03-07 23.4 23.4 23.18 23.18
2001-03-15 24.12 24.16 23.8 23.8
2001-03-16 24.43 24.6 24.15 24.15
2001-03-20 24.75 24.9 24.45 24.45
2001-04-03 15.33 15.5 15.22 15.22
2001-04-18 15.26 15.48 15.05 15.05
2001-04-27 14.12 14.35 14.05 14.05
2001-05-29 14.87 14.96 14.7 14.7
2001-05-30 15.09 15.13 14.9 14.9
2001-06-15 14.48 14.7 14.14 14.14
2001-06-21 14.16 14.19 14.09 14.09
2001-06-22 14.3 14.37 14.16 14.16
2001-07-20 14.51 14.55 14.38 14.38
2001-08-03 14.2 14.29 14.15 14.15
2001-08-09 14.27 14.3 14.08 14.08
2001-08-10 14.35 14.48 14.27 14.27
2001-08-22 14.49 14.58 14.44 14.44
2001-08-29 14.43 14.48 14.21 14.21
2001-09-04 14.35 14.35 14.12 14.12
2001-09-11 14.59 14.65 14.35 14.35
2001-10-15 14.0 14.05 13.9 13.9
2001-10-23 14.95 15.17 13.92 13.92
2001-10-31 13.95 14.05 13.9 13.9
2001-11-16 14.08 14.35 14.01 14.01
2001-11-30 14.0 14.0 13.92 13.92
2001-12-06 14.21 14.25 13.96 13.96
2001-12-21 13.75 13.84 13.7 13.7
2001-12-28 13.94 13.97 13.86 13.86
2001-12-31 14.46 14.48 13.99 13.99
2002-03-08 12.19 12.2 11.85 11.85
2002-03-12 12.32 12.65 12.25 12.25
2002-04-03 9.23 9.45 9.13 9.13
2002-04-05 9.54 9.71 9.5 9.5
2002-04-09 9.57 9.62 9.42 9.42
2002-04-10 9.68 9.75 9.55 9.55
2002-05-14 9.25 9.35 9.22 9.22
2002-05-21 8.26 8.4 8.1 8.1
2002-05-23 8.49 8.53 8.24 8.24
2002-05-31 8.19 8.32 8.11 8.11
2002-06-18 8.29 8.35 8.12 8.12
2002-06-21 8.43 8.55 8.15 8.15
2002-07-04 9.46 9.56 9.31 9.31
2002-07-05 9.67 9.68 9.48 9.48
2002-07-08 10.04 10.07 9.67 9.67
2002-08-06 9.6 9.64 9.38 9.38
2002-08-16 9.78 9.83 9.62 9.62
2002-08-27 9.8 9.9 9.7 9.7
2002-09-06 10.44 10.95 10.08 10.08
2002-10-10 9.37 9.49 9.32 9.32
2002-10-16 9.5 9.62 9.45 9.45
2002-11-07 9.73 9.78 9.65 9.65
2002-12-20 9.36 9.4 9.17 9.17
2003-01-03 8.84 8.85 8.8 8.8
2003-01-07 8.95 8.99 8.85 8.85
2003-01-14 9.4 9.63 9.07 9.07
2003-02-25 9.66 9.67 9.46 9.46
2003-03-11 10.15 10.15 10.0 10.0
2003-03-24 11.32 11.65 10.77 10.77
2003-04-08 12.12 12.28 11.75 11.75
2003-04-15 12.52 12.52 12.25 12.25
2003-05-13 12.48 12.62 11.73 11.73
2003-05-23 12.85 13.05 12.45 12.45
2003-06-11 12.15 12.26 11.9 11.9
2003-06-27 12.16 12.2 11.98 11.98
2003-07-08 12.37 12.39 12.23 12.23
2003-08-01 12.76 12.98 11.67 11.67
2003-08-28 11.81 11.93 11.66 11.66
2003-09-24 11.41 11.41 11.15 11.15
2003-10-08 11.63 11.74 11.5 11.5
2003-10-10 11.74 12.0 11.51 11.51
2003-10-16 11.88 11.91 11.8 11.8
2003-10-22 11.94 12.0 11.62 11.62
2003-11-21 12.69 12.75 12.59 12.59
2003-12-01 13.49 13.5 12.8 12.8
2003-12-03 13.44 13.68 13.0 13.0
2003-12-12 14.26 14.32 14.1 14.1
2003-12-15 14.17 14.3 13.91 13.91
2003-12-23 14.6 14.78 14.2 14.2
2003-12-30 15.88 16.0 15.58 15.58
2004-01-12 18.81 18.83 17.0 17.0
2004-01-15 17.95 18.2 17.7 17.7
2004-02-02 18.02 18.16 17.52 17.52
2004-02-04 18.06 18.2 17.78 17.78
2004-02-05 19.11 19.25 18.1 18.1
2004-02-24 18.75 18.76 18.0 18.0
2004-02-26 18.58 18.71 18.5 18.5
2004-03-01 19.67 19.75 19.0 19.0
2004-03-15 19.74 19.99 19.27 19.27
2004-03-26 20.0 20.0 19.65 19.65
2004-04-02 20.04 20.2 19.2 19.2
2004-06-24 7.8 7.9 7.71 7.71
2004-07-16 6.99 7.2 6.7 6.7
2004-08-13 7.03 7.05 6.87 6.87
2004-09-14 6.0 6.05 5.9 5.9
2004-09-15 6.45 6.5 6.0 6.0
2004-09-27 7.08 7.2 6.92 6.92
2004-11-05 6.67 6.72 6.52 6.52
2005-01-11 6.89 6.97 6.82 6.82
2005-02-02 6.76 7.0 6.47 6.47
2005-03-04 7.3 7.45 7.25 7.25
2005-03-09 7.73 7.82 7.51 7.51
2005-04-18 8.54 8.65 8.48 8.48
2005-04-19 8.65 8.72 8.55 8.55
2005-05-13 7.0 7.19 6.95 6.95
2005-05-17 7.02 7.08 6.93 6.93
2005-06-07 6.15 6.51 6.13 6.13
2005-06-20 7.05 7.05 6.42 6.42
2005-06-27 7.26 7.49 7.02 7.02
2005-07-07 6.49 6.63 6.46 6.46
2005-07-13 6.61 6.7 6.58 6.58
2005-07-14 6.85 6.89 6.65 6.65
2005-08-01 6.5 6.54 6.38 6.38
2005-08-12 7.15 7.28 6.91 6.91
2005-09-07 6.78 6.78 6.55 6.55
2005-09-12 6.68 6.71 6.6 6.6
2005-09-13 6.8 6.83 6.68 6.68
2005-09-27 5.98 6.1 5.92 5.92
2005-10-31 5.07 5.1 4.89 4.89
2005-11-18 4.82 4.92 4.54 4.54
2005-11-23 4.9 4.98 4.85 4.85
2005-12-08 4.98 5.03 4.82 4.82
2006-01-17 5.8 5.8 5.8 5.8
2006-10-09 8.23 8.33 8.02 8.02
2006-10-20 8.14 8.3 8.09 8.09
2006-11-03 8.63 8.72 8.11 8.11
2006-12-15 13.93 14.28 13.02 13.02
2006-12-18 14.37 14.72 14.03 14.03
2006-12-29 14.77 14.84 14.01 14.01
2007-01-16 15.52 15.52 14.2 14.2
2007-01-22 17.15 17.25 16.0 16.0
2007-02-07 16.05 16.15 15.3 15.3
2007-03-02 17.46 17.7 17.08 17.08
2007-03-27 19.6 19.98 19.36 19.36
2007-04-04 20.57 20.6 19.5 19.5
2007-04-30 22.64 22.88 22.13 22.13
2007-05-08 23.92 24.15 22.8 22.8
2007-06-11 28.0 28.5 26.79 26.79
2007-07-03 31.27 31.49 30.05 30.05
2007-07-11 29.57 29.6 28.5 28.5
2007-07-23 33.09 33.6 32.2 32.2
2007-07-30 33.14 33.28 32.02 32.02
2007-08-09 35.41 36.23 34.96 34.96
2007-08-14 33.33 33.78 32.8 32.8
2007-08-21 33.12 34.21 32.71 32.71
2007-08-30 32.86 33.36 32.05 32.05
2007-09-03 33.04 33.4 32.62 32.62
2007-09-04 33.63 34.5 33.05 33.05
2007-10-15 34.52 35.09 32.5 32.5
2007-11-07 31.51 31.76 30.53 30.53
2007-12-05 29.01 29.13 27.99 27.99
2007-12-17 31.15 33.0 30.5 30.5
2007-12-20 31.98 32.53 31.65 31.65
2008-01-10 35.66 36.07 35.0 35.0
2008-01-15 35.1 35.46 34.52 34.52
2008-01-29 34.22 34.8 33.68 33.68
2008-02-18 36.7 37.23 35.39 35.39
2008-04-30 26.22 26.25 24.95 24.95
2008-07-07 7.11 7.12 6.55 6.55
2008-07-09 7.81 7.81 7.18 7.18
2008-07-24 7.98 8.12 7.75 7.75
2008-08-06 7.01 7.22 6.9 6.9
2008-10-23 4.43 4.5 4.2 4.2
2009-01-05 4.25 4.28 3.92 3.92
2009-02-06 5.7 5.75 5.33 5.33
2009-03-19 6.43 6.45 6.05 6.05
2009-03-27 6.78 6.95 6.67 6.67
2009-04-01 7.27 7.27 6.64 6.64
2009-04-29 7.27 7.28 6.81 6.81
2009-05-04 7.45 7.46 7.28 7.28
2009-05-15 8.17 8.41 8.0 8.0
2009-06-01 8.22 8.38 8.01 8.01
2009-06-02 8.63 8.8 8.22 8.22
2009-07-10 9.51 9.85 9.42 9.42
2009-07-20 10.09 10.1 9.63 9.63
2009-07-21 10.23 10.66 10.12 10.12
2009-08-03 11.57 11.57 10.56 10.56
2009-08-04 11.94 12.46 11.6 11.6
2009-09-03 10.13 10.19 9.5 9.5
2009-10-09 10.6 10.75 10.39 10.39
2009-10-13 10.89 11.07 10.7 10.7
2009-10-15 11.21 11.31 10.94 10.94
2009-10-26 11.71 11.82 11.32 11.32
2009-11-12 13.15 13.16 12.62 12.62
2009-11-25 15.21 15.21 13.73 13.73
2009-11-30 14.01 14.26 13.82 13.82
2009-12-28 13.87 14.07 13.75 13.75
2010-03-16 12.03 12.05 11.79 11.79
2010-04-01 12.76 12.88 12.55 12.55
2010-04-02 13.01 13.15 12.76 12.76
2010-05-10 9.8 9.95 9.41 9.41
2010-05-19 9.53 9.72 9.27 9.27
2010-05-24 10.02 10.08 9.72 9.72
2010-08-09 11.33 11.44 11.13 11.13
2010-08-17 11.35 11.68 11.26 11.26
2010-08-30 11.09 11.25 10.84 10.84
2010-09-21 11.21 11.5 11.08 11.08
2010-10-19 12.94 13.15 12.0 12.0
2011-01-17 10.53 10.78 10.41 10.41
2011-02-14 12.24 12.55 12.06 12.06
2011-02-21 12.12 12.15 11.61 11.61
2011-03-14 12.65 12.75 12.31 12.31
2011-05-09 10.66 10.75 10.57 10.57
2011-06-10 9.96 9.98 9.85 9.85
2011-06-21 9.67 9.69 9.52 9.52
2011-07-13 10.36 10.56 10.14 10.14
2011-09-20 9.0 9.1 8.86 8.86
2011-11-14 8.66 8.67 8.46 8.46
2011-12-23 8.0 8.1 7.89 7.89
2011-12-30 8.02 8.1 7.94 7.94
2012-02-24 8.91 8.94 8.75 8.75
2012-03-02 8.98 9.0 8.78 8.78
2012-03-08 8.95 9.02 8.9 8.9
2012-03-09 9.11 9.14 8.97 8.97
2012-04-12 8.14 8.14 8.0 8.0
2012-04-26 8.45 8.49 8.32 8.32
2012-05-11 8.73 8.81 8.73 8.73
2012-05-31 8.76 8.81 8.7 8.7
2012-07-06 7.6 7.66 7.53 7.53
2012-07-27 7.51 7.53 7.36 7.36
2012-08-01 7.51 7.6 7.4 7.4
2012-08-28 7.09 7.13 7.04 7.04
2012-08-29 7.12 7.14 7.05 7.05
2012-10-10 7.17 7.21 7.13 7.13
2012-11-05 7.23 7.28 7.18 7.18
2012-11-07 7.26 7.28 7.17 7.17
2012-11-26 7.17 7.21 7.1 7.1
2012-12-21 8.2 8.58 7.83 7.83
2013-01-14 8.81 8.82 8.43 8.43
2013-02-08 8.9 9.06 8.65 8.65
2013-03-14 8.18 8.23 7.94 7.94
2013-05-07 8.32 8.32 8.23 8.23
2013-05-08 8.51 8.61 8.38 8.38
2013-07-05 7.33 7.43 7.3 7.3
2013-08-01 7.24 7.25 7.14 7.14
2013-09-09 7.83 7.86 7.6 7.6
2013-09-27 8.67 8.76 8.16 8.16
2013-10-23 8.54 8.8 8.35 8.35
2013-12-31 8.29 8.35 8.17 8.17
2014-01-14 7.89 7.92 7.63 7.63
2014-02-10 7.99 8.03 7.77 7.77
2014-02-14 7.93 7.98 7.83 7.83
2014-03-11 7.63 7.64 7.5 7.5
2014-03-17 7.97 7.98 7.78 7.78
2014-03-21 7.92 7.94 7.7 7.7
2014-06-13 8.17 8.22 8.06 8.06
2014-06-16 8.34 8.36 8.16 8.16
2014-06-18 8.25 8.32 8.22 8.22
2014-07-21 8.71 8.77 8.42 8.42
2014-07-22 8.85 8.97 8.7 8.7
2014-07-24 8.99 9.09 8.78 8.78
2014-07-25 9.28 9.38 9.02 9.02
2014-09-25 10.3 10.38 10.2 10.2
2014-10-15 10.21 10.22 10.06 10.06
2014-10-20 10.8 10.86 10.4 10.4
2014-11-06 10.99 11.0 10.61 10.61
2014-12-10 13.23 13.33 12.4 12.4
2015-01-20 13.29 13.3 12.6 12.6
2015-01-26 13.95 14.07 13.71 13.71
2015-03-04 14.88 15.0 14.47 14.47
2015-03-16 15.02 15.03 14.58 14.58
2015-04-22 16.62 16.65 16.1 16.1
2015-05-22 16.54 16.65 16.31 16.31
2015-05-25 16.82 16.95 16.58 16.58
2015-07-16 14.27 14.68 14.13 14.13
2015-07-17 14.68 14.87 14.27 14.27
2015-07-28 13.11 13.2 12.44 12.44
2015-09-09 12.48 12.59 12.28 12.28
2015-09-30 11.85 11.98 11.78 11.78
2015-11-03 13.4 13.52 13.3 13.3
2015-11-06 14.08 14.18 13.9 13.9
2015-11-09 14.57 14.85 14.03 14.03
2015-12-17 15.38 15.45 14.99 14.99
2016-02-04 13.4 13.44 13.22 13.22
2016-02-16 13.68 13.69 13.26 13.26
2016-02-18 13.95 14.04 13.82 13.82
2016-03-30 14.88 14.9 14.55 14.55
2016-04-25 14.44 14.49 14.35 14.35
2016-05-25 14.21 14.29 13.94 13.94
2016-05-30 14.49 14.58 14.2 14.2
2016-05-31 14.68 14.81 14.43 14.43
2016-07-11 14.96 15.02 14.51 14.51
2016-07-13 15.36 15.42 15.26 15.26
2016-08-15 16.89 16.93 16.3 16.3
2016-08-26 17.01 17.08 16.82 16.82
2016-09-06 16.71 16.76 16.31 16.31
2016-09-27 16.46 16.47 16.15 16.15
2016-10-24 18.07 18.29 17.92 17.92
2016-11-07 17.69 17.77 17.58 17.58
2016-11-17 18.41 18.46 18.01 18.01
2016-11-28 18.75 19.11 18.47 18.47
2016-12-06 18.29 18.52 18.02 18.02
2016-12-08 18.6 18.73 18.38 18.38
2016-12-16 17.64 17.69 17.41 17.41
2017-02-16 18.94 19.01 18.69 18.69
2017-02-20 19.03 19.05 18.7 18.7
2017-03-10 20.12 20.18 19.64 19.64
2017-03-21 21.44 21.5 20.67 20.67
2017-04-18 22.57 22.78 22.05 22.05
2017-04-26 23.15 23.58 22.84 22.84
2017-05-03 22.47 22.5 21.96 21.96
2017-06-21 26.46 26.5 25.22 25.22
2017-07-11 25.0 25.18 24.31 24.31
2017-07-19 24.89 25.06 24.21 24.21
2017-08-14 22.75 22.92 22.33 22.33
2017-08-15 23.31 23.39 22.78 22.78
