1993-08-09 21.56 21.78 20.95 20.95
1993-08-30 21.1 21.5 20.8 20.8
1993-10-28 16.1 16.37 14.55 14.55
1993-12-27 16.01 16.1 15.65 15.65
1994-01-07 16.8 16.95 16.45 16.45
1994-03-08 12.55 13.0 12.5 12.5
1994-04-26 7.46 7.5 7.19 7.19
1994-06-21 5.38 5.42 5.32 5.32
1994-06-22 5.51 5.6 5.38 5.38
1994-08-09 7.3 8.0 6.3 6.3
1994-09-21 13.98 13.98 13.3 13.3
1994-12-15 8.08 8.34 7.5 7.5
1995-02-22 6.97 7.57 6.35 6.35
1995-05-09 6.73 6.79 6.7 6.7
1995-05-12 6.8 6.9 6.65 6.65
1995-05-19 14.01 14.5 10.5 10.5
1995-06-02 8.9 9.03 8.7 8.7
1995-06-16 8.1 8.28 7.8 7.8
1995-08-07 8.34 8.38 8.1 8.1
1995-09-20 7.9 7.99 7.7 7.7
1995-10-18 8.72 8.85 8.4 8.4
1995-11-03 8.07 8.07 7.95 7.95
1995-11-17 7.35 7.4 7.3 7.3
1996-01-04 5.86 5.95 5.65 5.65
1996-01-09 5.8 5.82 5.6 5.6
1996-01-29 5.79 5.82 5.65 5.65
1996-02-16 6.1 6.13 5.83 5.83
1996-03-07 6.22 6.24 6.05 6.05
1996-04-11 6.76 6.8 6.64 6.64
1996-04-19 6.95 6.96 6.75 6.75
1996-04-23 7.15 7.26 6.88 6.88
1996-04-26 7.7 7.85 7.3 7.3
1996-04-29 8.0 8.1 7.71 7.71
1996-05-06 7.18 7.28 7.09 7.09
1996-09-19 7.25 7.3 7.0 7.0
1996-09-24 8.01 8.24 7.68 7.68
1996-10-03 8.25 8.47 8.1 8.1
1996-10-10 9.32 9.4 8.15 8.15
1996-10-14 12.29 12.38 11.33 11.33
1996-10-30 11.08 11.25 10.5 10.5
1996-11-20 13.78 13.8 12.2 12.2
1996-11-25 12.92 12.97 11.8 11.8
1996-12-09 14.29 14.64 14.0 14.0
1996-12-16 10.3 10.3 10.3 10.3
1996-12-17 9.27 9.27 9.27 9.27
1996-12-18 10.2 10.2 8.34 8.34
1996-12-20 8.3 8.7 8.26 8.26
1997-04-14 10.45 10.89 10.02 10.02
1997-08-26 7.01 7.06 6.55 6.55
1997-10-10 6.09 6.17 6.05 6.05
1998-02-16 6.19 6.3 6.1 6.1
1998-03-26 6.04 6.06 5.66 5.66
1998-04-03 6.45 6.58 6.2 6.2
1998-04-22 6.64 6.8 6.26 6.26
1998-06-19 6.26 6.28 6.16 6.16
1998-07-22 6.06 6.07 5.94 5.94
1998-07-23 6.2 6.24 6.08 6.08
1998-08-21 5.38 5.41 5.2 5.2
1998-09-25 5.76 5.81 5.51 5.51
1998-10-05 5.77 5.8 5.68 5.68
1998-10-08 6.04 6.15 5.99 5.99
1998-10-13 6.08 6.25 6.05 6.05
1998-12-08 6.21 6.23 5.98 5.98
1999-01-08 5.94 5.94 5.81 5.81
1999-01-11 6.0 6.03 5.9 5.9
1999-01-15 6.09 6.27 6.02 6.02
1999-03-03 5.78 5.81 5.7 5.7
1999-03-18 5.96 6.08 5.85 5.85
1999-03-26 6.36 6.49 6.15 6.15
1999-03-31 6.43 6.58 6.3 6.3
1999-04-01 6.39 6.52 6.35 6.35
1999-07-09 9.2 9.45 8.8 8.8
1999-07-23 8.83 9.0 8.3 8.3
1999-08-23 8.95 9.09 8.75 8.75
1999-08-24 9.16 9.38 9.0 9.0
1999-09-14 8.54 8.67 8.45 8.45
1999-09-17 8.49 8.65 8.35 8.35
1999-10-21 7.78 7.96 7.58 7.58
1999-12-03 8.16 8.26 8.11 8.11
1999-12-06 8.49 8.5 8.15 8.15
1999-12-28 8.36 8.48 8.35 8.35
2000-01-04 8.98 8.98 8.6 8.6
2000-01-19 10.7 10.8 10.25 10.25
2000-02-23 11.6 11.8 10.8 10.8
2000-03-27 14.83 14.83 13.66 13.66
2000-03-30 16.56 16.56 15.18 15.18
2000-04-19 17.1 17.55 16.02 16.02
2000-09-08 18.58 18.7 18.2 18.2
2000-09-11 19.09 19.15 18.65 18.65
2000-09-19 18.78 18.8 18.1 18.1
2000-10-24 19.52 19.6 19.45 19.45
2000-10-27 20.12 20.19 19.9 19.9
2000-11-14 21.8 21.9 21.46 21.46
2000-12-18 23.31 23.35 22.2 22.2
2000-12-20 23.91 24.0 23.19 23.19
2001-01-10 23.35 23.39 23.21 23.21
2001-02-15 23.82 23.86 23.35 23.35
2001-03-07 23.4 23.4 23.18 23.18
2001-03-15 24.12 24.16 23.8 23.8
2001-03-16 24.43 24.6 24.15 24.15
2001-03-20 24.75 24.9 24.45 24.45
2001-05-30 15.09 15.13 14.9 14.9
2001-06-21 14.16 14.19 14.09 14.09
2001-06-22 14.3 14.37 14.16 14.16
2001-08-09 14.27 14.3 14.08 14.08
2001-08-10 14.35 14.48 14.27 14.27
2001-08-29 14.43 14.48 14.21 14.21
2001-09-04 14.35 14.35 14.12 14.12
2001-09-11 14.59 14.65 14.35 14.35
2001-10-23 14.95 15.17 13.92 13.92
2001-10-31 13.95 14.05 13.9 13.9
2001-12-06 14.21 14.25 13.96 13.96
2001-12-28 13.94 13.97 13.86 13.86
2001-12-31 14.46 14.48 13.99 13.99
2002-03-12 12.32 12.65 12.25 12.25
2002-04-05 9.54 9.71 9.5 9.5
2002-04-09 9.57 9.62 9.42 9.42
2002-04-10 9.68 9.75 9.55 9.55
2002-05-21 8.26 8.4 8.1 8.1
2002-05-23 8.49 8.53 8.24 8.24
2002-05-31 8.19 8.32 8.11 8.11
2002-06-21 8.43 8.55 8.15 8.15
2002-07-05 9.67 9.68 9.48 9.48
2002-07-08 10.04 10.07 9.67 9.67
2002-10-16 9.5 9.62 9.45 9.45
2003-01-07 8.95 8.99 8.85 8.85
2003-01-14 9.4 9.63 9.07 9.07
2003-04-15 12.52 12.52 12.25 12.25
2003-10-08 11.63 11.74 11.5 11.5
2003-10-10 11.74 12.0 11.51 11.51
2003-10-16 11.88 11.91 11.8 11.8
2003-10-22 11.94 12.0 11.62 11.62
2003-12-01 13.49 13.5 12.8 12.8
2003-12-03 13.44 13.68 13.0 13.0
2003-12-15 14.17 14.3 13.91 13.91
2003-12-23 14.6 14.78 14.2 14.2
2003-12-30 15.88 16.0 15.58 15.58
2004-01-15 17.95 18.2 17.7 17.7
2004-02-02 18.02 18.16 17.52 17.52
2004-02-04 18.06 18.2 17.78 17.78
2004-02-05 19.11 19.25 18.1 18.1
2004-02-26 18.58 18.71 18.5 18.5
2004-03-01 19.67 19.75 19.0 19.0
2004-04-02 20.04 20.2 19.2 19.2
2004-09-15 6.45 6.5 6.0 6.0
2005-03-09 7.73 7.82 7.51 7.51
2005-04-19 8.65 8.72 8.55 8.55
2005-05-17 7.02 7.08 6.93 6.93
2005-06-27 7.26 7.49 7.02 7.02
2005-07-13 6.61 6.7 6.58 6.58
2005-07-14 6.85 6.89 6.65 6.65
2005-09-12 6.68 6.71 6.6 6.6
2005-09-13 6.8 6.83 6.68 6.68
2005-11-23 4.9 4.98 4.85 4.85
2006-12-18 14.37 14.72 14.03 14.03
2007-01-22 17.15 17.25 16.0 16.0
2007-04-04 20.57 20.6 19.5 19.5
2007-05-08 23.92 24.15 22.8 22.8
2007-07-11 29.57 29.6 28.5 28.5
2007-07-30 33.14 33.28 32.02 32.02
2007-08-14 33.33 33.78 32.8 32.8
2007-08-21 33.12 34.21 32.71 32.71
2007-09-03 33.04 33.4 32.62 32.62
2007-09-04 33.63 34.5 33.05 33.05
2007-12-20 31.98 32.53 31.65 31.65
2008-01-15 35.1 35.46 34.52 34.52
2008-07-09 7.81 7.81 7.18 7.18
2009-03-27 6.78 6.95 6.67 6.67
2009-04-01 7.27 7.27 6.64 6.64
2009-05-04 7.45 7.46 7.28 7.28
2009-06-02 8.63 8.8 8.22 8.22
2009-07-20 10.09 10.1 9.63 9.63
2009-07-21 10.23 10.66 10.12 10.12
2009-08-04 11.94 12.46 11.6 11.6
2009-10-13 10.89 11.07 10.7 10.7
2009-10-15 11.21 11.31 10.94 10.94
2009-11-30 14.01 14.26 13.82 13.82
2010-04-02 13.01 13.15 12.76 12.76
2010-05-24 10.02 10.08 9.72 9.72
2010-08-17 11.35 11.68 11.26 11.26
2011-02-21 12.12 12.15 11.61 11.61
2011-12-30 8.02 8.1 7.94 7.94
2012-03-02 8.98 9.0 8.78 8.78
2012-03-08 8.95 9.02 8.9 8.9
2012-03-09 9.11 9.14 8.97 8.97
2012-08-01 7.51 7.6 7.4 7.4
2012-08-29 7.12 7.14 7.05 7.05
2012-11-07 7.26 7.28 7.17 7.17
2013-05-08 8.51 8.61 8.38 8.38
2014-02-14 7.93 7.98 7.83 7.83
2014-03-17 7.97 7.98 7.78 7.78
2014-03-21 7.92 7.94 7.7 7.7
2014-06-16 8.34 8.36 8.16 8.16
2014-06-18 8.25 8.32 8.22 8.22
2014-07-22 8.85 8.97 8.7 8.7
2014-07-24 8.99 9.09 8.78 8.78
2014-07-25 9.28 9.38 9.02 9.02
2014-10-20 10.8 10.86 10.4 10.4
2015-01-26 13.95 14.07 13.71 13.71
2015-05-25 16.82 16.95 16.58 16.58
2015-07-17 14.68 14.87 14.27 14.27
2015-11-06 14.08 14.18 13.9 13.9
2015-11-09 14.57 14.85 14.03 14.03
2016-02-16 13.68 13.69 13.26 13.26
2016-02-18 13.95 14.04 13.82 13.82
2016-05-30 14.49 14.58 14.2 14.2
2016-05-31 14.68 14.81 14.43 14.43
2016-07-13 15.36 15.42 15.26 15.26
2016-12-06 18.29 18.52 18.02 18.02
2016-12-08 18.6 18.73 18.38 18.38
2016-12-16 17.64 17.69 17.41 17.41
2017-02-20 19.03 19.05 18.7 18.7
2017-04-26 23.15 23.58 22.84 22.84
2017-05-03 22.47 22.5 21.96 21.96
2017-07-19 24.89 25.06 24.21 24.21
2017-08-15 23.31 23.39 22.78 22.78
