2002-03-25 5.01 5.04 4.95 4.95
2002-04-03 4.7 4.75 4.65 4.65
2002-04-23 4.61 4.68 4.6 4.6
2002-04-25 4.67 4.69 4.61 4.61
2002-05-15 4.6 4.65 4.59 4.59
2002-05-17 4.54 4.55 4.44 4.44
2002-06-18 4.36 4.38 4.29 4.29
2002-06-20 4.33 4.39 4.32 4.32
2002-07-29 5.24 5.24 5.12 5.12
2002-08-13 5.2 5.28 5.18 5.18
2002-08-14 5.26 5.28 5.2 5.2
2002-08-20 5.48 5.52 5.37 5.37
2002-09-03 5.31 5.36 5.29 5.29
2002-10-16 4.65 4.76 4.63 4.63
2002-10-18 4.62 4.66 4.55 4.55
2002-10-22 4.72 4.75 4.68 4.68
2002-12-12 4.43 4.49 4.38 4.38
2003-01-24 4.64 4.67 4.5 4.5
2003-02-24 4.62 4.65 4.6 4.6
2003-03-31 4.8 4.83 4.66 4.66
2003-04-01 4.82 4.9 4.8 4.8
2003-04-11 5.22 5.23 5.05 5.05
2003-04-17 5.1 5.3 4.99 4.99
2003-06-24 4.77 4.77 4.7 4.7
2003-07-08 4.67 4.71 4.65 4.65
2003-07-15 4.73 4.79 4.7 4.7
2003-07-30 4.7 4.71 4.63 4.63
2003-09-19 4.51 4.53 4.47 4.47
2003-09-22 4.52 4.53 4.5 4.5
2003-10-15 4.48 4.6 4.47 4.47
2003-10-28 4.48 4.55 4.45 4.45
2003-11-28 4.61 4.62 4.56 4.56
2003-12-30 5.03 5.07 4.9 4.9
2004-01-05 5.29 5.32 5.08 5.08
2004-02-11 5.58 5.65 5.5 5.5
2004-02-16 5.41 5.43 5.36 5.36
2004-03-10 5.23 5.24 5.1 5.1
2004-04-30 4.68 4.73 4.66 4.66
2004-05-18 4.78 4.78 4.66 4.66
2004-06-01 4.53 4.54 4.46 4.46
2004-06-11 4.27 4.37 4.26 4.26
2004-06-24 4.18 4.24 4.15 4.15
2004-07-01 4.29 4.31 4.16 4.16
2004-08-13 4.07 4.14 4.05 4.05
2004-08-24 4.0 4.02 3.9 3.9
2004-09-14 3.79 3.81 3.69 3.69
2004-09-15 3.93 4.0 3.8 3.8
2004-11-03 3.95 3.98 3.84 3.84
2004-11-05 3.9 3.95 3.88 3.88
2004-11-12 4.04 4.08 4.0 4.0
2005-01-28 4.15 4.16 4.1 4.1
2005-02-01 4.19 4.22 4.1 4.1
2005-02-04 4.39 4.43 4.23 4.23
2005-02-21 4.41 4.42 4.32 4.32
2005-02-25 4.27 4.34 4.27 4.27
2005-03-07 4.35 4.4 4.28 4.28
2005-03-11 4.26 4.27 4.16 4.16
2005-04-13 4.51 4.57 4.47 4.47
2005-04-19 4.59 4.63 4.51 4.51
2005-04-21 4.67 4.69 4.55 4.55
2005-05-13 4.33 4.47 4.3 4.3
2005-05-20 4.42 4.45 4.35 4.35
2005-06-03 4.1 4.14 4.01 4.01
2005-08-01 4.52 4.58 4.5 4.5
2005-08-05 4.56 4.57 4.46 4.46
2005-08-10 4.66 4.67 4.54 4.54
2005-08-19 4.9 4.91 4.67 4.67
2005-09-13 4.81 4.82 4.76 4.76
2005-10-17 4.2 4.21 4.12 4.12
2005-11-15 3.75 3.77 3.7 3.7
2005-11-16 3.81 3.81 3.73 3.73
2005-11-18 3.85 3.93 3.76 3.76
2005-11-21 3.9 3.93 3.85 3.85
2005-11-30 3.75 3.75 3.71 3.71
2005-12-26 4.0 4.03 3.98 3.98
2006-01-19 4.12 4.14 4.04 4.04
2006-02-06 4.1 4.12 4.04 4.04
2006-02-24 4.2 4.2 3.96 3.96
2006-10-18 3.55 3.56 3.45 3.45
2006-10-24 3.53 3.56 3.42 3.42
2006-11-01 3.77 3.82 3.7 3.7
2006-11-24 4.18 4.22 4.06 4.06
2006-12-04 4.47 4.53 4.3 4.3
2006-12-29 4.37 4.41 4.26 4.26
2007-01-08 5.13 5.19 5.0 5.0
2007-01-15 5.61 5.66 5.4 5.4
2007-01-29 5.71 5.8 5.5 5.5
2007-03-26 7.0 7.08 6.66 6.66
2007-03-27 7.28 7.42 7.06 7.06
2007-05-23 9.88 9.88 9.41 9.41
2007-05-29 10.63 10.75 10.3 10.3
2007-07-06 7.27 7.31 6.85 6.85
2007-07-09 7.34 7.43 7.3 7.3
2007-07-27 8.63 8.78 8.46 8.46
2007-08-09 8.39 8.42 8.03 8.03
2007-08-10 8.57 8.65 8.41 8.41
2007-10-31 9.39 9.68 9.3 9.3
2007-11-09 8.65 8.79 8.51 8.51
2007-11-14 8.77 8.79 8.5 8.5
2007-12-21 9.94 10.06 9.7 9.7
2007-12-24 10.18 10.5 10.05 10.05
2008-01-07 10.54 10.65 10.2 10.2
2008-01-31 8.83 9.08 8.8 8.8
2008-02-04 9.11 9.15 8.66 8.66
2008-04-07 7.12 7.18 6.57 6.57
2008-04-11 7.14 7.22 6.92 6.92
2008-04-17 6.91 7.27 6.88 6.88
2008-06-02 6.94 6.95 6.8 6.8
2008-07-09 6.06 6.1 5.83 5.83
2008-07-21 5.92 5.94 5.66 5.66
2008-08-29 4.94 5.03 4.8 4.8
2008-11-05 5.27 5.34 5.08 5.08
2008-11-10 5.55 5.55 5.3 5.3
2008-12-03 5.26 5.28 5.06 5.06
2009-01-14 4.62 4.63 4.5 4.5
2009-01-16 4.66 4.72 4.62 4.62
2009-02-06 5.11 5.12 4.95 4.95
2009-03-02 4.81 4.87 4.76 4.76
2009-04-28 5.12 5.13 4.98 4.98
2009-07-01 5.68 5.73 5.62 5.62
2009-07-22 6.17 6.19 6.06 6.06
2009-09-11 5.11 5.13 5.05 5.05
2009-10-19 4.97 4.97 4.88 4.88
2009-10-23 5.01 5.04 4.95 4.95
2009-12-10 5.4 5.48 5.33 5.33
2009-12-24 5.11 5.12 5.02 5.02
2009-12-28 5.17 5.18 5.09 5.09
2010-03-03 5.97 6.15 5.86 5.86
2010-03-26 6.03 6.13 6.0 6.0
2010-04-14 6.01 6.04 5.97 5.97
2010-05-24 5.18 5.2 5.01 5.01
2010-07-20 4.81 4.88 4.68 4.68
2010-08-13 4.78 4.79 4.71 4.71
2010-08-24 4.97 4.99 4.91 4.91
2010-08-30 4.91 4.94 4.88 4.88
2010-09-27 4.67 4.68 4.63 4.63
2010-09-29 4.67 4.72 4.62 4.62
2010-10-28 5.09 5.14 5.02 5.02
2010-11-18 4.98 5.03 4.81 4.81
2010-11-22 5.47 5.47 5.26 5.26
2010-12-17 5.0 5.02 4.95 4.95
2011-01-25 4.79 4.81 4.68 4.68
2011-02-14 5.05 5.2 4.98 4.98
2011-02-23 4.84 4.85 4.81 4.81
2011-03-25 4.8 4.82 4.74 4.74
2011-04-06 4.81 4.82 4.74 4.74
2011-06-03 4.56 4.58 4.52 4.52
2011-06-07 4.56 4.57 4.53 4.53
2011-06-14 4.5 4.63 4.45 4.45
2011-07-11 4.26 4.39 4.22 4.22
2011-07-13 4.21 4.22 4.18 4.18
2011-07-26 4.05 4.06 3.99 3.99
2011-08-11 3.85 3.93 3.7 3.7
2011-08-12 3.87 3.93 3.84 3.84
2011-09-07 3.7 3.7 3.65 3.65
2011-09-09 3.67 3.7 3.66 3.66
2011-09-20 3.63 3.64 3.58 3.58
2011-09-30 3.41 3.43 3.39 3.39
2011-10-21 3.34 3.36 3.32 3.32
2011-11-01 3.5 3.54 3.49 3.49
2011-11-04 3.58 3.59 3.55 3.55
2011-11-15 3.59 3.61 3.57 3.57
2011-11-16 3.68 3.71 3.6 3.6
2011-11-28 3.45 3.48 3.44 3.44
2011-12-09 3.38 3.38 3.34 3.34
2012-01-19 3.66 3.69 3.58 3.58
2012-02-08 3.66 3.67 3.56 3.56
2012-03-08 3.73 3.73 3.68 3.68
2012-03-16 3.73 3.76 3.58 3.58
2012-04-05 3.65 3.66 3.53 3.53
2012-04-12 3.72 3.75 3.66 3.66
2012-06-11 3.66 3.67 3.61 3.61
2012-06-18 3.68 3.68 3.65 3.65
2012-08-01 3.18 3.2 3.15 3.15
2012-08-07 3.25 3.26 3.23 3.23
2012-08-28 3.18 3.18 3.13 3.13
2012-08-31 3.15 3.16 3.13 3.13
2012-09-03 3.15 3.17 3.14 3.14
2012-10-09 3.04 3.05 2.97 2.97
2012-10-24 3.09 3.09 3.04 3.04
2012-10-25 3.11 3.17 3.07 3.07
2012-11-09 3.09 3.1 3.08 3.08
2012-11-21 3.09 3.14 3.05 3.05
2012-11-23 3.11 3.11 3.08 3.08
2012-11-29 3.0 3.06 2.98 2.98
2012-12-07 3.14 3.14 3.07 3.07
2012-12-17 3.24 3.28 3.22 3.22
2013-01-09 3.35 3.37 3.34 3.34
2013-01-28 3.43 3.43 3.36 3.36
2013-03-05 3.37 3.38 3.33 3.33
2013-03-19 3.29 3.3 3.27 3.27
2013-03-20 3.34 3.35 3.29 3.29
2013-04-01 3.27 3.28 3.24 3.24
2013-04-09 3.24 3.25 3.2 3.2
2013-04-10 3.23 3.25 3.22 3.22
2013-05-03 3.1 3.12 3.07 3.07
2013-05-08 3.14 3.15 3.13 3.13
2013-05-15 3.12 3.12 3.1 3.1
2013-06-05 3.22 3.22 3.2 3.2
2013-06-14 3.09 3.1 3.07 3.07
2013-07-01 2.89 2.89 2.85 2.85
2013-07-09 2.82 2.82 2.79 2.79
2013-08-01 2.82 2.83 2.79 2.79
2013-08-02 2.84 2.85 2.82 2.82
2013-08-13 2.92 2.96 2.9 2.9
2013-08-27 2.94 2.95 2.88 2.88
2013-08-30 3.11 3.14 3.0 3.0
2013-10-11 3.13 3.14 3.09 3.09
2013-10-14 3.16 3.16 3.12 3.12
2013-11-26 3.04 3.06 3.02 3.02
2013-11-28 3.06 3.08 3.05 3.05
2013-12-13 3.1 3.13 3.06 3.06
2013-12-18 3.03 3.04 3.02 3.02
2013-12-27 2.98 2.99 2.95 2.95
2014-01-07 2.88 2.9 2.87 2.87
2014-02-10 2.87 2.89 2.82 2.82
2014-02-11 2.9 2.92 2.86 2.86
2014-02-14 2.91 2.91 2.87 2.87
2014-03-13 2.84 2.85 2.82 2.82
2014-03-21 2.86 2.87 2.8 2.8
2014-03-28 2.93 2.94 2.9 2.9
2014-04-02 2.95 2.95 2.93 2.93
2014-04-09 2.97 3.0 2.95 2.95
2014-04-11 3.06 3.13 3.03 3.03
2014-05-14 2.97 2.99 2.93 2.93
2014-05-20 2.94 2.94 2.91 2.91
2014-05-23 2.96 2.97 2.94 2.94
2014-05-28 2.97 2.97 2.95 2.95
2014-06-05 2.93 2.93 2.9 2.9
2014-07-02 3.03 3.04 2.98 2.98
2014-07-11 2.87 2.87 2.83 2.83
2014-07-22 2.9 2.91 2.88 2.88
2014-07-24 2.92 2.93 2.89 2.89
2014-07-25 2.95 2.95 2.92 2.92
2014-08-04 3.07 3.09 3.0 3.0
2014-08-14 3.12 3.17 3.11 3.11
2014-08-29 3.17 3.18 3.12 3.12
2014-09-26 3.44 3.47 3.41 3.41
2014-10-24 3.33 3.37 3.32 3.32
2014-10-27 3.34 3.37 3.32 3.32
2014-10-28 3.41 3.42 3.33 3.33
2014-11-10 3.97 3.98 3.74 3.74
2014-11-25 3.96 4.0 3.9 3.9
2014-12-01 4.23 4.31 4.13 4.13
2014-12-12 5.0 5.08 4.7 4.7
2014-12-29 5.11 5.2 4.92 4.92
2014-12-31 5.04 5.15 4.95 4.95
2015-01-20 4.66 4.73 4.58 4.58
2015-02-11 4.63 4.67 4.6 4.6
2015-02-17 4.77 4.83 4.72 4.72
2015-03-06 4.83 4.87 4.79 4.79
2015-04-13 8.11 8.32 7.68 7.68
2015-05-04 8.29 8.34 8.03 8.03
2015-05-08 7.39 7.49 6.94 6.94
2015-07-08 6.33 6.33 6.33 6.33
2015-07-09 6.96 6.96 5.7 5.7
2015-08-25 5.9 6.18 5.9 5.9
2015-08-28 6.25 6.28 5.89 5.89
2015-09-11 6.13 6.23 5.91 5.91
2015-09-24 5.86 5.92 5.77 5.77
2015-11-04 6.77 6.85 6.36 6.36
2015-11-19 6.74 6.75 6.62 6.62
2015-12-25 7.0 7.08 6.86 6.86
2016-01-29 4.91 4.96 4.71 4.71
2016-02-04 4.99 5.01 4.93 4.93
2016-03-30 5.56 5.58 5.44 5.44
2016-04-01 5.76 5.87 5.57 5.57
2016-04-11 5.72 5.76 5.6 5.6
2016-04-13 5.89 5.9 5.67 5.67
2016-04-29 5.46 5.55 5.45 5.45
2016-07-13 5.66 5.79 5.62 5.62
2016-07-28 5.46 5.48 5.28 5.28
2016-07-29 5.75 5.93 5.59 5.59
2016-08-15 6.21 6.36 6.01 6.01
2016-08-31 6.46 6.64 6.17 6.17
2016-09-27 6.25 6.29 6.03 6.03
2016-10-10 6.12 6.16 6.01 6.01
2016-11-03 6.32 6.37 6.23 6.23
2016-11-10 6.42 6.45 6.37 6.37
2016-11-28 7.18 7.26 6.82 6.82
2016-12-19 6.15 6.21 6.1 6.1
2016-12-22 6.3 6.38 6.2 6.2
2017-01-13 6.62 6.71 6.5 6.5
2017-03-21 6.91 6.95 6.78 6.78
2017-03-24 7.07 7.08 6.84 6.84
2017-06-19 6.22 6.24 6.18 6.18
2017-06-26 6.28 6.28 6.18 6.18
2017-07-03 6.25 6.26 6.2 6.2
2017-07-21 6.34 6.34 6.25 6.25
2017-08-14 6.21 6.22 6.13 6.13
