1998-02-19 24.79 25.5 24.48 24.48
1998-03-13 24.3 24.5 23.88 23.88
1998-03-23 25.5 25.98 24.6 24.6
1998-04-10 26.79 26.9 25.7 25.7
1998-05-08 27.49 27.55 26.73 26.73
1998-05-15 26.75 27.2 26.3 26.3
1998-05-20 26.0 26.3 26.0 26.0
1998-05-29 26.5 26.61 26.25 26.25
1998-06-22 27.58 28.09 27.2 27.2
1998-07-21 24.8 25.0 24.0 24.0
1998-07-23 23.95 24.5 23.61 23.61
1998-07-29 24.3 24.7 24.02 24.02
1998-07-31 24.22 24.64 24.14 24.14
1998-08-11 22.68 22.89 22.5 22.5
1998-08-18 20.95 21.4 20.58 20.58
1998-09-21 24.98 25.0 24.0 24.0
1998-09-28 25.61 25.9 25.3 25.3
1998-10-09 26.04 26.2 25.7 25.7
1998-10-15 26.5 26.5 26.15 26.15
1998-10-19 27.01 27.18 26.65 26.65
1998-11-05 30.38 30.42 29.8 29.8
1998-11-12 29.99 30.0 29.7 29.7
1998-11-18 30.4 30.48 29.8 29.8
1998-12-02 30.78 30.8 29.6 29.6
1998-12-21 27.9 27.98 27.65 27.65
1998-12-25 28.4 28.74 28.0 28.0
1998-12-30 28.38 28.38 27.6 27.6
1999-01-14 29.41 29.6 29.2 29.2
1999-01-19 30.3 30.8 29.5 29.5
1999-01-20 30.6 30.75 30.4 30.4
1999-03-02 32.79 33.0 32.6 32.6
1999-03-05 33.69 33.69 33.0 33.0
1999-03-26 20.35 20.68 20.08 20.08
1999-04-07 21.49 21.58 20.81 20.81
1999-04-08 21.9 21.95 21.5 21.5
1999-04-20 20.0 20.1 19.51 19.51
1999-04-28 19.45 19.9 18.7 18.7
1999-04-29 19.93 19.99 19.31 19.31
1999-05-11 18.8 19.0 18.5 18.5
1999-05-18 18.45 18.8 18.23 18.23
1999-05-20 19.89 19.95 18.6 18.6
1999-05-27 24.2 24.2 22.3 22.3
1999-06-04 25.03 25.15 24.31 24.31
1999-06-10 27.36 27.79 26.2 26.2
1999-06-14 29.6 29.9 27.9 27.9
1999-06-16 30.0 30.0 28.3 28.3
1999-07-12 41.9 42.5 41.0 41.0
1999-07-30 41.95 42.18 40.0 40.0
1999-08-09 41.75 42.15 40.5 40.5
1999-09-09 40.0 40.15 38.05 38.05
1999-09-15 40.48 40.58 39.55 39.55
1999-09-24 32.12 32.28 31.5 31.5
1999-09-29 32.42 32.74 32.1 32.1
1999-10-12 31.9 32.28 31.8 31.8
1999-10-14 31.59 31.88 31.3 31.3
1999-10-22 30.17 30.68 29.36 29.36
1999-10-27 30.95 31.08 30.0 30.0
1999-11-08 30.45 30.55 30.32 30.32
1999-11-17 30.51 30.7 30.0 30.0
1999-11-23 31.04 31.09 30.6 30.6
1999-11-26 31.71 31.78 31.12 31.12
1999-12-01 31.58 31.7 31.35 31.35
2000-01-18 28.73 28.87 28.2 28.2
2000-02-18 33.18 35.55 32.0 32.0
2000-02-24 33.45 33.88 32.6 32.6
2000-03-10 34.08 34.4 33.41 33.41
2000-03-13 35.28 35.4 33.95 33.95
2000-03-15 34.41 35.08 33.48 33.48
2000-04-14 38.15 38.45 37.36 37.36
2000-04-28 37.15 37.2 35.5 35.5
2000-05-16 31.0 31.15 30.2 30.2
2000-06-28 34.38 34.5 33.95 33.95
2000-07-07 34.74 35.5 34.55 34.55
2000-07-14 35.8 36.09 35.19 35.19
2000-08-01 35.65 35.75 35.34 35.34
2000-08-08 36.1 36.25 35.61 35.61
2000-08-09 37.35 37.5 36.11 36.11
2000-08-30 34.79 35.15 33.8 33.8
2000-09-07 34.19 34.2 33.73 33.73
2000-09-14 35.21 35.55 34.8 34.8
2000-09-29 34.84 34.99 34.7 34.7
2000-10-09 35.03 35.35 34.84 34.84
2000-10-17 34.95 35.0 34.68 34.68
2000-10-24 36.36 36.79 36.12 36.12
2000-10-25 37.22 37.8 36.42 36.42
2000-10-26 37.28 37.85 37.11 37.11
2000-10-27 37.98 38.4 37.38 37.38
2000-10-31 38.56 39.15 37.91 37.91
2000-11-02 39.18 39.6 38.62 38.62
2000-11-08 38.81 39.0 34.91 34.91
2000-11-10 39.35 39.58 39.03 39.03
2000-11-15 40.76 40.8 39.7 39.7
2000-12-05 36.56 37.46 36.5 36.5
2000-12-12 38.12 38.3 37.4 37.4
2000-12-21 38.2 38.38 38.0 38.0
2001-01-10 37.9 38.14 37.85 37.85
2001-02-08 38.52 38.8 38.31 38.31
2001-03-05 38.72 38.86 38.51 38.51
2001-03-23 39.84 39.96 39.7 39.7
2001-04-11 25.01 25.12 24.7 24.7
2001-04-18 25.05 25.1 24.58 24.58
2001-05-11 23.99 24.0 23.6 23.6
2001-05-15 24.36 24.41 24.1 24.1
2001-05-16 24.86 24.9 24.45 24.45
2001-05-17 25.26 25.3 24.93 24.93
2001-05-24 24.93 25.18 24.8 24.8
2001-06-12 24.65 24.98 24.6 24.6
2001-07-12 24.97 25.0 24.85 24.85
2001-08-09 21.13 21.35 20.88 20.88
2001-08-21 20.85 20.86 20.73 20.73
2001-09-27 20.66 20.75 20.51 20.51
2001-09-28 20.74 20.8 20.65 20.65
2001-10-15 20.85 21.0 20.62 20.62
2001-10-23 21.54 21.58 20.4 20.4
2001-11-06 20.2 20.26 20.1 20.1
2001-11-13 20.15 20.28 20.1 20.1
2001-11-20 20.32 20.5 20.15 20.15
2001-11-21 20.65 20.8 20.35 20.35
2001-12-03 20.38 20.4 20.1 20.1
2001-12-06 20.25 20.5 20.2 20.2
2002-01-08 20.73 20.85 20.55 20.55
2002-01-17 19.39 19.39 19.0 19.0
2002-03-08 19.82 19.95 19.7 19.7
2002-03-26 20.35 20.38 19.8 19.8
2002-04-24 19.81 19.92 19.53 19.53
2002-06-24 15.79 15.85 15.05 15.05
2003-04-16 14.9 14.99 14.75 14.75
2003-05-26 14.07 14.18 13.86 13.86
2003-05-27 14.22 14.77 13.95 13.95
2003-06-04 14.28 14.4 13.7 13.7
2003-06-09 14.56 14.95 14.39 14.39
2003-06-18 10.19 10.4 10.0 10.0
2003-06-26 9.67 9.75 9.55 9.55
2003-10-28 10.49 10.52 10.1 10.1
2003-11-26 9.67 9.75 9.52 9.52
2003-12-01 9.54 9.6 9.45 9.45
2003-12-08 7.47 7.47 7.47 7.47
2003-12-09 6.72 6.72 6.72 6.72
2003-12-10 6.05 6.05 6.05 6.05
2003-12-11 6.0 6.5 5.45 5.45
2004-01-09 5.1 5.26 4.79 4.79
2004-01-13 5.62 5.62 5.2 5.2
2004-01-29 5.69 5.79 5.5 5.5
2004-02-03 6.15 6.2 5.72 5.72
2004-02-27 6.45 6.53 6.26 6.26
2004-03-05 7.16 7.47 7.13 7.13
2004-04-02 6.81 6.93 6.74 6.74
2004-05-11 5.43 5.49 5.38 5.38
2004-05-12 5.66 5.67 5.42 5.42
2004-05-21 5.84 5.94 5.62 5.62
2004-05-25 5.23 5.69 5.16 5.16
2004-05-27 5.4 5.46 5.23 5.23
2004-05-28 5.6 5.6 5.36 5.36
2004-06-04 5.48 5.53 5.41 5.41
2004-06-11 4.96 5.07 4.89 4.89
2004-07-01 4.59 4.6 4.43 4.43
2004-07-05 4.58 4.64 4.52 4.52
2004-08-10 4.03 4.04 3.92 3.92
2004-08-18 3.94 4.0 3.91 3.91
2004-08-24 3.93 3.99 3.85 3.85
2004-09-14 3.95 3.96 3.8 3.8
2004-09-15 4.35 4.35 3.92 3.92
2004-10-25 3.76 3.87 3.72 3.72
2004-11-03 3.88 3.91 3.79 3.79
2004-11-10 3.98 4.0 3.8 3.8
2004-11-18 4.07 4.08 4.02 4.02
2004-11-24 4.24 4.35 4.22 4.22
2004-12-17 3.83 3.87 3.8 3.8
2004-12-21 3.84 3.86 3.81 3.81
2004-12-22 3.96 3.97 3.84 3.84
2005-01-05 3.64 3.7 3.56 3.56
2005-01-13 3.73 3.74 3.67 3.67
2005-01-14 3.82 3.98 3.79 3.79
2005-02-02 3.17 3.18 3.0 3.0
2005-03-23 2.94 2.98 2.87 2.87
2005-04-01 3.09 3.12 2.96 2.96
2005-04-11 3.07 3.12 3.04 3.04
2005-04-22 2.93 2.97 2.9 2.9
2005-05-16 2.67 2.68 2.63 2.63
2005-05-18 2.73 2.73 2.67 2.67
2005-06-08 2.91 2.93 2.73 2.73
2005-06-24 2.82 2.83 2.79 2.79
2005-06-27 2.89 2.91 2.84 2.84
2005-07-22 2.19 2.23 2.14 2.14
2005-08-01 2.27 2.32 2.23 2.23
2005-08-04 2.36 2.38 2.31 2.31
2005-08-08 2.47 2.5 2.43 2.43
2005-08-24 2.52 2.54 2.49 2.49
2005-10-18 2.55 2.55 2.48 2.48
2005-11-14 2.43 2.44 2.41 2.41
2005-11-25 2.47 2.49 2.46 2.46
2005-11-30 2.44 2.46 2.42 2.42
2005-12-26 2.51 2.53 2.46 2.46
2005-12-29 2.61 2.63 2.55 2.55
2006-10-24 2.99 3.0 2.94 2.94
2006-11-09 2.85 2.85 2.81 2.81
2006-11-17 2.92 2.95 2.82 2.82
2006-12-05 3.06 3.12 3.02 3.02
2006-12-29 3.09 3.17 3.08 3.08
2007-01-15 3.64 3.67 3.38 3.38
2007-01-29 4.2 4.21 4.03 4.03
2007-02-05 4.04 4.09 3.93 3.93
2007-02-26 5.48 5.5 5.15 5.15
2007-03-21 5.78 5.79 5.62 5.62
2007-04-02 5.95 5.98 5.71 5.71
2007-04-09 6.69 6.95 6.64 6.64
2007-04-11 7.36 7.36 7.36 7.36
2007-04-12 8.1 8.1 8.1 8.1
2007-04-13 8.91 8.91 8.91 8.91
2007-04-20 9.09 9.18 8.61 8.61
2007-04-27 10.31 10.85 10.0 10.0
2007-06-05 8.39 8.5 7.71 7.71
2007-07-06 6.48 6.5 5.89 5.89
2007-07-20 7.52 7.64 7.21 7.21
2007-07-25 8.88 8.88 8.25 8.25
2007-08-27 10.49 10.7 10.3 10.3
2007-10-16 12.31 12.45 12.03 12.03
2007-10-24 10.68 11.42 10.59 10.59
2007-11-07 10.68 10.78 10.4 10.4
2007-11-20 10.71 10.86 10.5 10.5
2007-12-19 11.43 12.14 11.1 11.1
2007-12-21 11.32 11.34 11.02 11.02
2008-01-09 12.97 13.05 12.7 12.7
2008-01-17 13.65 14.36 13.35 13.35
2008-02-04 10.76 10.78 10.12 10.12
2008-02-14 11.1 11.2 10.65 10.65
2008-03-26 10.15 10.25 10.0 10.0
2008-04-08 8.14 8.31 8.0 8.0
2008-04-23 7.77 7.87 7.32 7.32
2008-06-24 5.51 5.53 5.06 5.06
2008-07-25 6.11 6.32 6.03 6.03
2008-10-06 3.73 3.89 3.71 3.71
2008-10-28 2.82 2.84 2.66 2.66
2008-12-08 4.01 4.05 3.89 3.89
2009-02-13 5.17 5.17 4.7 4.7
2009-04-30 5.74 5.83 5.7 5.7
2009-05-05 6.08 6.13 5.95 5.95
2009-05-13 6.29 6.49 6.05 6.05
2009-05-26 6.18 6.38 6.12 6.12
2009-06-01 6.31 6.42 6.26 6.26
2009-08-05 7.78 7.87 7.35 7.35
2009-09-08 6.7 6.7 6.13 6.13
2009-09-14 7.34 7.34 6.81 6.81
2009-10-14 6.55 6.6 6.42 6.42
2009-11-03 7.6 7.6 7.6 7.6
2009-11-04 8.36 8.36 8.36 8.36
2009-11-23 9.57 9.57 8.88 8.88
2009-11-30 9.31 9.45 8.6 8.6
2009-12-17 9.4 9.74 9.05 9.05
2010-01-25 11.4 11.65 10.88 10.88
2010-03-11 11.28 11.35 11.17 11.17
2010-03-18 11.16 11.27 11.03 11.03
2010-04-06 11.55 11.64 10.97 10.97
2010-04-22 12.41 12.65 11.8 11.8
2010-05-21 9.02 9.06 8.32 8.32
2010-06-09 9.34 9.37 8.99 8.99
2010-07-06 7.91 8.05 7.6 7.6
2010-08-09 9.1 9.12 8.96 8.96
2010-12-08 9.27 9.35 9.19 9.19
2011-01-06 8.86 8.88 8.74 8.74
2011-01-13 8.64 8.81 8.43 8.43
2011-01-19 8.0 8.03 7.89 7.89
2011-03-18 8.8 8.9 8.72 8.72
2011-04-13 10.02 10.33 9.6 9.6
2011-05-05 9.49 9.54 9.06 9.06
2011-05-31 8.45 8.5 8.25 8.25
2011-06-03 8.5 8.56 8.32 8.32
2011-06-14 8.25 8.35 8.12 8.12
2011-06-21 8.2 8.21 8.02 8.02
2011-06-24 8.43 8.54 8.28 8.28
2011-06-27 8.57 8.66 8.43 8.43
2011-06-30 8.61 8.62 8.42 8.42
2011-07-08 8.7 8.77 8.68 8.68
2011-08-01 9.04 9.15 8.9 8.9
2011-09-09 8.59 8.93 8.5 8.5
2011-10-13 8.1 8.21 7.9 7.9
2011-10-25 7.88 7.89 7.66 7.66
2011-10-26 8.02 8.18 7.81 7.81
2011-10-27 8.09 8.16 7.98 7.98
2011-12-23 7.37 7.41 7.2 7.2
2012-01-19 6.74 6.8 6.7 6.7
2012-02-24 7.54 7.56 7.29 7.29
2012-03-01 8.2 8.32 7.56 7.56
2012-03-02 8.24 8.32 8.1 8.1
2012-03-29 7.82 8.0 7.66 7.66
2012-04-25 12.43 12.43 12.43 12.43
2012-05-07 12.01 12.65 11.6 11.6
2012-05-17 11.16 11.58 10.7 10.7
2012-05-21 10.11 10.4 10.05 10.05
2012-07-24 10.05 10.27 9.52 9.52
2013-02-04 9.86 10.16 9.55 9.55
2013-03-05 9.87 9.89 9.47 9.47
2013-07-02 11.99 12.06 11.36 11.36
2013-07-26 13.24 13.24 12.35 12.35
2013-08-01 13.03 13.07 12.58 12.58
2013-08-30 14.98 15.55 14.78 14.78
2013-09-23 13.91 13.93 13.44 13.44
2013-12-27 12.58 12.69 12.51 12.51
2014-01-14 11.05 11.05 10.85 10.85
2014-01-28 12.37 12.56 12.29 12.29
2014-03-11 11.25 11.35 11.11 11.11
2014-03-17 11.59 11.61 11.3 11.3
2014-03-18 11.8 11.91 11.6 11.6
2014-05-08 11.0 11.08 10.91 10.91
2014-05-14 11.03 11.08 11.0 11.0
2014-06-30 11.3 11.55 11.02 11.02
2014-08-11 12.2 12.26 11.92 11.92
2014-08-15 12.49 12.55 12.02 12.02
2014-08-29 12.51 12.56 12.07 12.07
2014-09-11 12.95 13.34 12.59 12.59
2014-09-24 13.21 13.45 12.98 12.98
2014-10-10 14.08 14.08 12.83 12.83
2014-11-17 16.82 17.37 16.55 16.55
2014-11-20 17.5 17.74 17.01 17.01
2014-12-31 18.72 18.72 17.05 17.05
2015-01-12 18.8 19.32 18.55 18.55
2015-01-20 18.81 18.85 18.28 18.28
2015-03-16 27.94 28.29 27.05 27.05
2015-04-01 35.94 35.94 32.47 32.47
2015-04-22 35.0 35.74 34.58 34.58
2015-05-19 34.89 35.5 34.24 34.24
2015-07-08 18.82 20.0 18.75 18.75
2015-07-13 25.05 25.05 25.05 25.05
2015-07-17 29.08 29.5 27.25 27.25
2015-08-04 26.2 26.29 24.05 24.05
2015-08-06 25.03 25.66 24.2 24.2
2015-08-25 20.45 20.99 20.45 20.45
2015-09-07 18.14 18.7 17.75 17.75
2016-06-30 21.71 21.71 21.71 21.71
2016-07-01 23.88 23.88 23.88 23.88
2016-09-21 33.24 33.85 32.41 32.41
2016-11-01 33.1 33.17 32.05 32.05
2016-12-05 28.2 28.45 27.51 27.51
2016-12-15 30.58 30.58 27.92 27.92
2017-03-01 29.37 29.85 29.3 29.3
2017-03-10 29.59 29.96 29.16 29.16
2017-04-05 28.07 28.18 27.56 27.56
2017-04-26 26.99 27.07 26.76 26.76
2017-06-05 24.65 24.74 24.37 24.37
2017-06-07 25.22 25.3 24.71 24.71
2017-06-15 25.76 25.87 25.25 25.25
2017-07-13 26.6 26.61 26.3 26.3
