1998-03-23 25.5 25.98 24.6 24.6
1998-05-15 26.75 27.2 26.3 26.3
1998-05-20 26.0 26.3 26.0 26.0
1998-07-23 23.95 24.5 23.61 23.61
1998-07-29 24.3 24.7 24.02 24.02
1998-07-31 24.22 24.64 24.14 24.14
1998-08-18 20.95 21.4 20.58 20.58
1998-09-28 25.61 25.9 25.3 25.3
1998-10-15 26.5 26.5 26.15 26.15
1998-10-19 27.01 27.18 26.65 26.65
1998-11-12 29.99 30.0 29.7 29.7
1998-11-18 30.4 30.48 29.8 29.8
1998-12-25 28.4 28.74 28.0 28.0
1998-12-30 28.38 28.38 27.6 27.6
1999-01-19 30.3 30.8 29.5 29.5
1999-01-20 30.6 30.75 30.4 30.4
1999-03-05 33.69 33.69 33.0 33.0
1999-04-08 21.9 21.95 21.5 21.5
1999-04-28 19.45 19.9 18.7 18.7
1999-04-29 19.93 19.99 19.31 19.31
1999-05-18 18.45 18.8 18.23 18.23
1999-05-20 19.89 19.95 18.6 18.6
1999-05-27 24.2 24.2 22.3 22.3
1999-06-04 25.03 25.15 24.31 24.31
1999-06-10 27.36 27.79 26.2 26.2
1999-06-14 29.6 29.9 27.9 27.9
1999-06-16 30.0 30.0 28.3 28.3
1999-08-09 41.75 42.15 40.5 40.5
1999-09-15 40.48 40.58 39.55 39.55
1999-09-29 32.42 32.74 32.1 32.1
1999-10-12 31.9 32.28 31.8 31.8
1999-10-14 31.59 31.88 31.3 31.3
1999-10-22 30.17 30.68 29.36 29.36
1999-10-27 30.95 31.08 30.0 30.0
1999-11-23 31.04 31.09 30.6 30.6
1999-11-26 31.71 31.78 31.12 31.12
1999-12-01 31.58 31.7 31.35 31.35
2000-02-24 33.45 33.88 32.6 32.6
2000-03-13 35.28 35.4 33.95 33.95
2000-03-15 34.41 35.08 33.48 33.48
2000-07-14 35.8 36.09 35.19 35.19
2000-08-08 36.1 36.25 35.61 35.61
2000-08-09 37.35 37.5 36.11 36.11
2000-09-07 34.19 34.2 33.73 33.73
2000-09-14 35.21 35.55 34.8 34.8
2000-10-09 35.03 35.35 34.84 34.84
2000-10-17 34.95 35.0 34.68 34.68
2000-10-24 36.36 36.79 36.12 36.12
2000-10-25 37.22 37.8 36.42 36.42
2000-10-26 37.28 37.85 37.11 37.11
2000-10-27 37.98 38.4 37.38 37.38
2000-10-31 38.56 39.15 37.91 37.91
2000-11-02 39.18 39.6 38.62 38.62
2000-11-08 38.81 39.0 34.91 34.91
2000-11-10 39.35 39.58 39.03 39.03
2000-11-15 40.76 40.8 39.7 39.7
2000-12-12 38.12 38.3 37.4 37.4
2001-04-18 25.05 25.1 24.58 24.58
2001-05-15 24.36 24.41 24.1 24.1
2001-05-16 24.86 24.9 24.45 24.45
2001-05-17 25.26 25.3 24.93 24.93
2001-05-24 24.93 25.18 24.8 24.8
2001-09-28 20.74 20.8 20.65 20.65
2001-10-15 20.85 21.0 20.62 20.62
2001-10-23 21.54 21.58 20.4 20.4
2001-11-13 20.15 20.28 20.1 20.1
2001-11-20 20.32 20.5 20.15 20.15
2001-11-21 20.65 20.8 20.35 20.35
2001-12-06 20.25 20.5 20.2 20.2
2003-05-27 14.22 14.77 13.95 13.95
2003-06-04 14.28 14.4 13.7 13.7
2003-06-09 14.56 14.95 14.39 14.39
2003-06-26 9.67 9.75 9.55 9.55
2003-12-01 9.54 9.6 9.45 9.45
2003-12-08 7.47 7.47 7.47 7.47
2003-12-09 6.72 6.72 6.72 6.72
2003-12-10 6.05 6.05 6.05 6.05
2003-12-11 6.0 6.5 5.45 5.45
2004-01-13 5.62 5.62 5.2 5.2
2004-01-29 5.69 5.79 5.5 5.5
2004-02-03 6.15 6.2 5.72 5.72
2004-03-05 7.16 7.47 7.13 7.13
2004-05-12 5.66 5.67 5.42 5.42
2004-05-25 5.23 5.69 5.16 5.16
2004-05-27 5.4 5.46 5.23 5.23
2004-05-28 5.6 5.6 5.36 5.36
2004-06-04 5.48 5.53 5.41 5.41
2004-06-11 4.96 5.07 4.89 4.89
2004-07-05 4.58 4.64 4.52 4.52
2004-08-18 3.94 4.0 3.91 3.91
2004-08-24 3.93 3.99 3.85 3.85
2004-09-15 4.35 4.35 3.92 3.92
2004-11-10 3.98 4.0 3.8 3.8
2004-11-18 4.07 4.08 4.02 4.02
2004-11-24 4.24 4.35 4.22 4.22
2004-12-21 3.84 3.86 3.81 3.81
2004-12-22 3.96 3.97 3.84 3.84
2005-01-13 3.73 3.74 3.67 3.67
2005-01-14 3.82 3.98 3.79 3.79
2005-04-11 3.07 3.12 3.04 3.04
2005-05-18 2.73 2.73 2.67 2.67
2005-06-27 2.89 2.91 2.84 2.84
2005-08-01 2.27 2.32 2.23 2.23
2005-08-04 2.36 2.38 2.31 2.31
2005-08-08 2.47 2.5 2.43 2.43
2005-11-30 2.44 2.46 2.42 2.42
2005-12-29 2.61 2.63 2.55 2.55
2006-11-17 2.92 2.95 2.82 2.82
2007-02-05 4.04 4.09 3.93 3.93
2007-04-09 6.69 6.95 6.64 6.64
2007-04-11 7.36 7.36 7.36 7.36
2007-04-12 8.1 8.1 8.1 8.1
2007-04-13 8.91 8.91 8.91 8.91
2007-04-20 9.09 9.18 8.61 8.61
2007-04-27 10.31 10.85 10.0 10.0
2007-07-25 8.88 8.88 8.25 8.25
2007-10-24 10.68 11.42 10.59 10.59
2007-12-21 11.32 11.34 11.02 11.02
2008-01-17 13.65 14.36 13.35 13.35
2008-02-14 11.1 11.2 10.65 10.65
2009-05-05 6.08 6.13 5.95 5.95
2009-05-13 6.29 6.49 6.05 6.05
2009-06-01 6.31 6.42 6.26 6.26
2009-09-14 7.34 7.34 6.81 6.81
2009-11-04 8.36 8.36 8.36 8.36
2009-11-30 9.31 9.45 8.6 8.6
2010-03-18 11.16 11.27 11.03 11.03
2011-01-13 8.64 8.81 8.43 8.43
2011-01-19 8.0 8.03 7.89 7.89
2011-06-03 8.5 8.56 8.32 8.32
2011-06-14 8.25 8.35 8.12 8.12
2011-06-21 8.2 8.21 8.02 8.02
2011-06-24 8.43 8.54 8.28 8.28
2011-06-27 8.57 8.66 8.43 8.43
2011-06-30 8.61 8.62 8.42 8.42
2011-07-08 8.7 8.77 8.68 8.68
2011-10-26 8.02 8.18 7.81 7.81
2011-10-27 8.09 8.16 7.98 7.98
2012-03-01 8.2 8.32 7.56 7.56
2012-03-02 8.24 8.32 8.1 8.1
2012-05-07 12.01 12.65 11.6 11.6
2012-05-21 10.11 10.4 10.05 10.05
2013-08-01 13.03 13.07 12.58 12.58
2014-03-17 11.59 11.61 11.3 11.3
2014-03-18 11.8 11.91 11.6 11.6
2014-05-14 11.03 11.08 11.0 11.0
2014-08-15 12.49 12.55 12.02 12.02
2014-11-20 17.5 17.74 17.01 17.01
2015-01-12 18.8 19.32 18.55 18.55
2015-01-20 18.81 18.85 18.28 18.28
2015-07-13 25.05 25.05 25.05 25.05
2015-07-17 29.08 29.5 27.25 27.25
2015-08-06 25.03 25.66 24.2 24.2
2016-07-01 23.88 23.88 23.88 23.88
2017-06-07 25.22 25.3 24.71 24.71
2017-06-15 25.76 25.87 25.25 25.25
2017-09-08 27.42 27.44 26.52 26.52
