2007-06-01 12.82 12.82 11.8 11.8
2007-07-23 13.42 13.58 12.65 12.65
2007-07-24 13.63 14.19 13.51 13.51
2007-07-31 16.44 16.63 15.1 15.1
2007-08-02 17.19 17.19 15.66 15.66
2007-08-03 18.41 18.86 17.6 17.6
2007-10-09 15.36 15.36 14.05 14.05
2007-12-07 12.97 13.11 11.83 11.83
2008-01-29 16.99 17.33 16.1 16.1
2008-02-04 16.74 16.75 15.83 15.83
2008-02-18 17.16 17.52 16.45 16.45
2008-02-20 17.82 18.22 17.2 17.2
2009-01-14 5.68 5.68 5.48 5.48
2009-04-02 7.18 7.24 6.98 6.98
2009-07-02 7.13 7.19 6.98 6.98
2009-09-14 8.96 9.04 8.68 8.68
2010-04-16 10.69 10.77 10.05 10.05
2011-02-10 12.34 12.47 12.05 12.05
2011-05-13 11.99 12.06 11.78 11.78
2011-05-19 11.77 12.06 11.64 11.64
2011-06-13 11.3 11.49 11.11 11.11
2011-07-15 12.18 12.22 11.91 11.91
2011-10-12 11.6 11.78 11.11 11.11
2012-03-02 9.66 9.72 9.49 9.49
2012-03-09 9.65 9.68 9.36 9.36
2012-03-13 10.25 10.34 9.71 9.71
2012-10-10 8.92 8.94 8.62 8.62
2013-02-05 8.04 8.05 7.8 7.8
2013-02-18 8.1 8.11 7.91 7.91
2013-05-02 6.23 6.28 6.19 6.19
2013-05-03 6.36 6.39 6.25 6.25
2013-12-05 6.03 6.08 5.95 5.95
2013-12-12 5.92 5.98 5.91 5.91
2014-01-21 5.23 5.25 5.12 5.12
2014-01-24 5.33 5.35 5.24 5.24
2014-03-13 5.24 5.27 5.2 5.2
2014-07-28 5.49 5.51 5.43 5.43
2015-07-13 6.45 6.45 6.45 6.45
2015-07-14 7.1 7.1 7.1 7.1
2015-10-15 6.8 6.81 6.54 6.54
2015-12-24 10.66 10.78 9.84 9.84
2016-01-18 7.54 7.6 6.82 6.82
2016-02-02 7.08 7.23 6.87 6.87
2016-02-04 7.21 7.35 7.14 7.14
2016-02-16 7.53 7.56 7.18 7.18
2016-03-21 7.64 7.76 7.2 7.2
2016-07-06 4.35 4.35 4.1 4.1
2016-10-18 4.06 4.08 4.0 4.0
2016-12-05 4.28 4.35 4.26 4.26
2016-12-06 4.35 4.38 4.28 4.28
2016-12-13 4.31 4.34 4.13 4.13
2016-12-15 4.33 4.36 4.26 4.26
2017-08-03 3.39 3.41 3.37 3.37
