1998-06-23 17.35 17.49 16.9 16.9
1998-09-25 13.93 13.93 13.5 13.5
1998-09-28 13.88 14.0 13.7 13.7
1998-12-21 13.79 13.9 13.6 13.6
1999-01-06 14.55 14.77 14.3 14.3
1999-01-13 14.65 14.94 14.6 14.6
1999-03-01 13.5 13.5 12.2 12.2
1999-03-09 13.9 14.15 13.4 13.4
1999-03-17 13.78 14.08 13.7 13.7
1999-04-28 11.33 11.65 11.23 11.23
1999-06-07 13.48 13.48 12.3 12.3
1999-06-09 13.95 14.5 13.5 13.5
1999-06-16 13.74 13.8 13.25 13.25
1999-06-17 14.15 14.4 13.76 13.76
1999-10-12 11.2 11.4 11.08 11.08
1999-11-08 10.36 10.49 10.3 10.3
1999-11-09 10.4 10.68 10.32 10.32
1999-11-15 10.81 10.9 10.51 10.51
1999-12-10 10.68 10.78 10.45 10.45
1999-12-14 10.58 10.65 10.52 10.52
1999-12-21 10.42 10.45 10.3 10.3
1999-12-28 9.85 10.0 9.75 9.75
2000-03-20 12.5 12.79 11.55 11.55
2000-03-23 13.0 13.25 12.61 12.61
2000-06-30 13.38 13.6 13.1 13.1
2000-07-24 14.22 14.29 13.88 13.88
2000-08-16 13.54 13.6 13.36 13.36
2000-08-24 12.81 12.86 12.5 12.5
2000-10-27 12.17 12.38 11.81 11.81
2000-11-14 13.37 13.8 12.65 12.65
2001-02-09 12.35 12.5 12.2 12.2
2001-11-19 10.48 10.51 10.32 10.32
2001-11-30 11.48 11.55 11.29 11.29
2002-01-31 10.34 10.5 9.63 9.63
2002-02-07 10.3 10.34 10.0 10.0
2002-02-25 10.63 10.7 10.39 10.39
2002-04-12 11.08 11.16 10.81 10.81
2002-08-16 10.24 10.35 10.11 10.11
2002-08-20 10.24 10.27 10.14 10.14
2002-09-26 9.61 9.66 9.56 9.56
2002-10-10 9.3 9.38 9.3 9.3
2002-10-16 9.22 9.35 9.18 9.18
2002-10-24 9.21 9.3 9.12 9.12
2002-12-06 8.0 8.11 7.88 7.88
2002-12-20 8.07 8.15 7.93 7.93
2002-12-23 8.14 8.18 8.05 8.05
2003-06-16 7.36 7.48 7.35 7.35
2003-08-15 6.73 6.8 6.71 6.71
2003-09-11 6.74 6.74 6.67 6.67
2003-09-16 6.56 6.58 6.4 6.4
2003-09-22 6.67 6.74 6.35 6.35
2003-09-24 6.73 6.74 6.6 6.6
2003-10-08 6.44 6.49 6.38 6.38
2003-12-01 5.65 5.65 5.44 5.44
2003-12-22 6.15 6.26 5.78 5.78
2004-03-11 6.67 6.76 6.65 6.65
2004-08-09 5.22 5.22 5.13 5.13
2004-11-02 4.16 4.24 4.12 4.12
2004-11-23 4.58 4.63 4.54 4.54
2005-01-19 4.13 4.14 4.07 4.07
2005-02-04 4.2 4.25 4.1 4.1
2005-04-13 4.02 4.07 3.83 3.83
2005-06-03 3.3 3.33 3.23 3.23
2005-06-06 3.34 3.36 3.27 3.27
2005-06-08 3.65 3.67 3.38 3.38
2005-08-03 2.97 3.03 2.93 2.93
2005-08-05 3.02 3.02 2.9 2.9
2005-08-11 3.18 3.25 3.14 3.14
2005-10-21 3.59 3.71 3.48 3.48
2005-11-15 3.42 3.44 3.32 3.32
2005-12-23 3.51 3.51 3.43 3.43
2006-11-17 3.52 3.55 3.4 3.4
2006-11-22 3.51 3.55 3.45 3.45
2007-01-22 4.48 4.52 4.38 4.38
2007-03-07 5.26 5.29 5.15 5.15
2007-03-15 5.7 5.76 5.51 5.51
2007-03-21 5.86 5.95 5.7 5.7
2007-03-26 6.16 6.17 5.93 5.93
2007-04-20 8.16 8.18 7.8 7.8
2007-04-23 8.61 8.65 8.18 8.18
2007-07-19 6.41 6.45 6.3 6.3
2007-07-20 6.85 6.88 6.39 6.39
2008-06-25 5.13 5.15 4.85 4.85
2008-11-04 3.45 3.52 3.4 3.4
2009-02-06 4.95 5.09 4.7 4.7
2009-04-21 6.17 6.2 5.8 5.8
2009-07-20 7.46 7.46 6.88 6.88
2010-10-13 9.72 9.85 9.51 9.51
2010-10-19 9.09 9.09 8.79 8.79
2010-10-25 9.21 9.23 9.0 9.0
2010-11-15 10.15 10.18 9.11 9.11
2011-01-26 7.44 7.55 7.35 7.35
2011-05-05 8.52 8.59 8.37 8.37
2011-07-04 8.41 8.43 8.22 8.22
2011-07-05 8.48 8.52 8.34 8.34
2011-11-21 8.2 8.31 8.15 8.15
2012-03-21 8.12 8.12 8.12 8.12
2012-12-10 5.83 5.83 5.83 5.83
2012-12-14 5.74 5.78 5.55 5.55
2012-12-18 5.67 5.77 5.62 5.62
2012-12-26 5.86 5.88 5.76 5.76
2013-02-22 6.31 6.43 6.29 6.29
2013-04-09 6.95 7.0 6.85 6.85
2013-04-24 6.67 6.73 6.51 6.51
2013-05-03 6.51 6.55 6.42 6.42
2013-10-17 7.43 7.77 7.38 7.38
2013-12-03 8.43 8.57 7.87 7.87
2014-07-04 7.78 7.97 7.55 7.55
2014-07-10 7.52 7.62 7.51 7.51
2014-08-11 7.94 7.96 7.86 7.86
2014-09-02 8.38 8.45 8.23 8.23
2014-09-05 9.12 9.61 8.72 8.72
2014-12-16 13.39 13.74 12.47 12.47
2015-02-16 13.39 13.5 12.64 12.64
2015-07-09 9.34 9.34 8.48 8.48
2015-07-17 11.69 11.84 10.93 10.93
2016-04-13 11.38 11.56 11.17 11.17
2016-11-28 11.09 11.1 11.04 11.04
2017-01-06 10.71 10.85 10.63 10.63
2017-01-12 10.69 10.77 10.62 10.62
2017-02-20 10.72 10.73 10.51 10.51
2017-02-27 10.82 10.96 10.77 10.77
2017-05-19 9.12 9.18 9.08 9.08
2017-06-16 8.87 8.94 8.86 8.86
2017-06-26 9.01 9.01 8.9 8.9
2017-09-01 8.93 8.94 8.88 8.88
