1990-12-19 185.3 185.3 185.3 185.3
1990-12-20 194.6 194.6 185.3 185.3
1990-12-21 204.3 204.3 204.3 204.3
1990-12-26 236.5 236.5 236.5 236.5
1990-12-28 238.9 238.9 238.9 238.9
1990-12-31 241.3 241.3 241.3 241.3
1991-01-02 243.7 243.7 243.7 243.7
1991-01-03 246.1 246.1 246.1 246.1
1991-01-04 248.6 248.6 248.6 248.6
1991-01-07 249.8 249.8 249.8 249.8
1991-01-08 251.0 251.0 251.0 251.0
1991-01-09 252.3 252.3 252.3 252.3
1991-01-10 253.6 253.6 253.6 253.6
1991-01-11 254.9 254.9 254.9 254.9
1991-01-14 256.2 256.2 256.2 256.2
1991-01-16 256.2 256.2 254.9 254.9
1991-01-17 254.9 256.2 254.9 254.9
1991-01-18 254.25 254.25 253.6 253.6
1991-01-23 253.0 253.0 253.0 253.0
1991-01-24 251.7 251.7 251.7 251.7
1991-01-25 250.4 250.4 250.4 250.4
1991-01-28 249.1 249.1 249.1 249.1
1991-01-29 247.9 247.9 247.9 247.9
1991-01-30 246.7 246.7 246.7 246.7
1991-01-31 245.5 245.5 245.5 245.5
1991-02-04 244.3 244.3 244.3 244.3
1991-02-05 243.1 243.1 243.1 243.1
1991-02-06 244.3 244.3 241.9 241.9
1991-02-07 245.5 245.5 245.5 245.5
1991-02-08 246.7 246.7 246.7 246.7
1991-02-11 247.9 247.9 247.9 247.9
1991-02-12 249.1 249.1 249.1 249.1
1991-02-13 250.3 250.3 250.3 250.3
1991-02-14 251.6 251.6 251.6 251.6
1991-02-22 256.6 256.6 255.3 255.3
1991-03-11 51.25 51.25 51.0 51.0
1991-03-12 51.25 51.25 51.0 51.0
1991-03-13 51.0 51.0 51.0 51.0
1991-03-15 50.7 50.7 50.7 50.7
1991-03-18 50.4 50.4 50.4 50.4
1991-03-19 50.1 50.1 50.1 50.1
1991-03-20 49.8 49.8 49.8 49.8
1991-03-21 49.6 49.6 49.6 49.6
1991-03-28 49.4 49.4 49.4 49.4
1991-04-01 49.2 49.2 49.2 49.2
1991-04-02 49.0 49.0 49.0 49.0
1991-04-04 48.8 48.8 48.8 48.8
1991-04-10 48.2 48.2 48.2 48.2
1991-04-11 48.0 48.0 48.0 48.0
1991-04-15 47.8 47.8 47.8 47.8
1991-04-22 46.8 46.8 46.8 46.8
1991-05-13 41.7 41.7 41.7 41.7
1991-05-20 40.5 40.5 39.7 39.7
1991-05-22 39.7 39.7 39.7 39.7
1991-05-23 39.3 39.3 39.3 39.3
1991-05-24 38.9 38.9 38.9 38.9
1991-05-27 38.5 38.5 38.5 38.5
1991-05-28 38.1 38.1 38.1 38.1
1991-05-29 38.5 38.5 37.75 37.75
1991-05-30 38.9 38.9 38.9 38.9
1991-05-31 39.3 39.3 39.3 39.3
1991-06-04 40.1 40.1 40.1 40.1
1991-06-05 40.5 40.5 40.5 40.5
1991-06-06 40.9 40.9 40.9 40.9
1991-06-07 41.3 41.3 41.3 41.3
1991-06-10 41.7 41.7 41.7 41.7
1991-06-11 42.1 42.1 42.1 42.1
1991-06-12 42.5 42.5 42.5 42.5
1991-06-17 42.9 42.9 42.1 42.1
1991-06-18 43.3 43.3 43.3 43.3
1991-06-19 43.7 43.7 43.7 43.7
1991-06-20 44.1 44.1 44.1 44.1
1991-06-24 44.9 44.9 44.9 44.9
1991-06-25 45.3 45.3 45.3 45.3
1991-06-26 45.8 45.8 45.8 45.8
1991-06-27 46.3 46.3 46.3 46.3
1991-06-28 46.8 46.8 46.8 46.8
1991-07-02 45.8 45.8 45.8 45.8
1991-07-03 45.3 45.3 45.3 45.3
1991-07-04 45.8 45.8 44.8 44.8
1991-07-08 44.8 44.8 44.8 44.8
1991-07-09 44.4 45.2 44.4 44.4
1991-07-11 43.6 43.6 43.6 43.6
1991-07-12 43.2 43.2 43.2 43.2
1991-07-15 43.6 43.6 42.8 42.8
1991-07-16 44.0 44.0 44.0 44.0
1991-07-17 44.4 44.4 44.4 44.4
1991-07-18 44.8 44.8 44.8 44.8
1991-07-19 45.2 45.2 45.2 45.2
1991-07-22 45.7 45.7 45.7 45.7
1991-07-23 46.2 46.2 46.2 46.2
1991-07-24 46.7 46.7 46.7 46.7
1991-07-25 47.2 47.2 47.2 47.2
1991-07-26 47.7 47.7 47.7 47.7
1991-07-29 48.2 48.2 48.2 48.2
1991-07-30 48.7 48.7 48.7 48.7
1991-07-31 49.2 49.2 49.2 49.2
1991-08-01 49.7 49.7 49.7 49.7
1991-08-02 50.2 50.2 50.2 50.2
1991-08-05 50.7 50.7 50.7 50.7
1991-08-06 51.2 51.2 51.2 51.2
1991-08-07 51.7 51.7 51.7 51.7
1991-08-08 52.2 52.2 52.2 52.2
1991-08-09 52.7 52.7 52.7 52.7
1991-08-12 53.2 53.2 53.2 53.2
1991-08-13 53.7 53.7 53.7 53.7
1991-08-14 54.2 54.2 54.2 54.2
1991-08-15 54.7 54.7 54.7 54.7
1991-08-16 55.2 55.2 55.2 55.2
1991-08-19 55.8 55.8 55.8 55.8
1991-08-20 56.4 56.4 56.4 56.4
1991-08-21 57.0 57.0 57.0 57.0
1991-08-22 57.6 57.6 57.6 57.6
1991-08-23 58.2 58.2 58.2 58.2
1991-08-26 58.8 58.8 58.8 58.8
1991-08-27 59.4 59.4 59.4 59.4
1991-08-28 60.0 60.0 60.0 60.0
1991-08-29 60.6 60.6 60.6 60.6
1991-08-30 61.2 61.2 61.2 61.2
1991-09-02 61.8 61.8 61.8 61.8
1991-09-03 62.4 62.4 62.4 62.4
1991-09-04 63.0 63.0 63.0 63.0
1991-09-05 63.6 63.6 63.6 63.6
1991-09-06 64.2 64.2 64.2 64.2
1991-09-09 64.8 64.8 64.8 64.8
1991-09-10 65.4 65.4 65.4 65.4
1991-09-12 64.1 64.4 64.1 64.1
1991-09-13 64.7 64.7 64.1 64.1
1991-09-16 65.3 65.3 65.3 65.3
1991-09-18 65.2 65.2 64.0 64.0
1991-09-23 63.9 63.9 63.9 63.9
1991-09-24 63.3 63.3 63.3 63.3
1991-09-25 62.7 62.7 62.7 62.7
1991-09-26 62.1 62.1 62.1 62.1
1991-09-27 61.5 62.7 61.5 61.5
1991-09-30 60.9 60.9 60.9 60.9
1991-10-03 61.5 61.5 60.3 60.3
1991-10-04 62.1 62.1 62.1 62.1
1991-10-09 62.7 62.7 61.5 61.5
1991-10-15 63.75 63.78 62.7 62.7
1991-10-18 65.7 65.7 65.7 65.7
1991-10-21 66.4 66.4 66.4 66.4
1991-10-22 67.1 67.1 67.1 67.1
1991-10-23 67.8 67.8 67.8 67.8
1991-10-28 69.9 69.9 69.5 69.5
1991-10-29 70.6 70.6 70.6 70.6
1991-10-30 71.3 71.3 71.3 71.3
1991-10-31 72.0 72.0 72.0 72.0
1991-11-01 72.7 72.7 72.7 72.7
1991-11-04 73.4 73.4 73.4 73.4
1991-11-05 74.1 74.1 74.1 74.1
1991-11-06 74.8 74.8 74.8 74.8
1991-11-07 75.5 75.5 75.5 75.5
1991-11-11 77.1 77.1 77.1 77.1
1991-11-12 77.1 77.1 77.1 77.1
1991-11-13 77.9 77.9 77.9 77.9
1991-11-14 77.9 77.9 77.9 77.9
1991-11-15 77.9 77.9 77.9 77.9
1991-11-18 78.7 78.7 78.7 78.7
1991-11-19 78.7 78.7 78.7 78.7
1991-11-20 79.5 79.5 79.5 79.5
1991-11-21 79.5 79.5 79.5 79.5
1991-11-22 79.5 79.5 79.5 79.5
1991-11-25 80.3 80.3 80.3 80.3
1991-11-26 81.1 81.1 81.1 81.1
1991-11-27 81.9 81.9 81.9 81.9
1991-11-28 81.9 81.9 81.9 81.9
1991-12-03 84.3 84.3 84.3 84.3
1991-12-04 85.1 85.1 85.1 85.1
1991-12-05 85.1 85.1 85.1 85.1
1991-12-06 86.0 86.0 86.0 86.0
1991-12-09 86.9 86.9 86.9 86.9
1991-12-10 87.8 87.8 87.8 87.8
1991-12-11 87.8 87.8 87.8 87.8
1991-12-12 87.8 87.8 87.8 87.8
1991-12-13 87.8 87.8 87.8 87.8
1991-12-16 88.7 88.7 88.7 88.7
1991-12-17 88.7 88.7 88.7 88.7
1991-12-18 88.7 88.7 88.7 88.7
1991-12-19 88.7 88.7 88.7 88.7
1991-12-20 88.7 88.7 88.7 88.7
1991-12-23 89.6 89.6 89.6 89.6
1991-12-24 90.5 90.5 90.5 90.5
1991-12-25 90.5 90.5 90.5 90.5
1991-12-26 90.5 90.5 90.5 90.5
1991-12-27 91.4 91.4 91.4 91.4
1991-12-30 92.3 92.3 92.3 92.3
1991-12-31 92.3 92.3 92.3 92.3
1992-01-02 92.3 92.3 92.3 92.3
1992-01-03 92.3 92.3 92.3 92.3
1992-01-06 93.2 93.2 93.2 93.2
1992-01-07 94.1 94.1 94.1 94.1
1992-01-08 95.0 95.0 95.0 95.0
1992-01-09 95.0 95.0 95.0 95.0
1992-01-10 96.0 96.0 96.0 96.0
1992-01-13 96.0 96.0 96.0 96.0
1992-01-14 96.0 96.0 96.0 96.0
1992-01-15 97.0 97.0 97.0 97.0
1992-01-16 97.0 97.0 97.0 97.0
1992-01-17 97.0 97.0 97.0 97.0
1992-01-20 97.0 97.0 97.0 97.0
1992-01-21 97.0 97.0 97.0 97.0
1992-01-22 97.0 97.0 97.0 97.0
1992-01-23 97.0 97.0 97.0 97.0
1992-01-24 98.0 98.0 98.0 98.0
1992-01-27 98.0 98.0 98.0 98.0
1992-01-28 98.0 98.0 98.0 98.0
1992-01-29 98.0 98.0 98.0 98.0
1992-01-30 99.0 99.0 99.0 99.0
1992-01-31 99.0 99.0 99.0 99.0
1992-02-03 99.0 99.0 99.0 99.0
1992-02-07 99.0 99.0 99.0 99.0
1992-02-10 99.0 99.0 99.0 99.0
1992-02-11 99.0 99.0 99.0 99.0
1992-02-12 99.0 99.0 99.0 99.0
1992-02-13 98.9 98.9 98.9 98.9
1992-02-14 98.9 98.9 98.9 98.9
1992-02-17 98.9 98.9 98.9 98.9
1992-02-18 168.4 180.0 135.4 135.4
1992-02-20 199.93 200.05 179.3 179.3
1992-02-21 219.1 224.5 201.4 201.4
1992-02-24 229.0 229.2 219.3 219.3
1992-02-25 243.0 243.0 229.1 229.1
1992-02-26 257.9 258.0 243.1 243.1
1992-02-27 272.3 272.3 258.0 258.0
1992-02-28 290.05 290.15 272.4 272.4
1992-03-02 302.3 302.4 290.15 290.15
1992-03-03 311.5 311.5 302.4 302.4
1992-03-04 323.2 323.2 311.6 311.6
1992-03-05 333.8 333.8 323.3 323.3
1992-03-06 342.5 342.5 333.9 333.9
1992-03-09 353.0 353.0 342.6 342.6
1992-03-10 361.95 362.0 353.0 353.0
1992-03-11 371.72 371.72 362.05 362.05
1992-03-12 373.49 380.08 371.8 371.8
1992-03-25 342.1 342.1 342.1 342.1
1992-04-13 290.0 320.25 271.95 271.95
1992-04-27 206.75 207.0 201.75 201.75
1992-05-11 214.25 214.25 200.0 200.0
1992-05-18 211.35 211.75 203.5 203.5
1992-05-19 232.0 235.0 211.5 211.5
1992-06-22 156.0 157.75 154.0 154.0
1992-06-23 155.5 158.0 154.0 154.0
1992-06-29 172.0 175.0 156.8 156.8
1992-07-24 162.9 166.5 155.0 155.0
1992-08-17 141.95 149.2 130.0 130.0
1992-09-04 112.5 118.0 108.0 108.0
1992-09-28 108.8 110.5 106.5 106.5
1992-11-17 58.6 60.0 57.0 57.0
1992-11-18 59.4 59.4 58.6 58.6
1992-11-23 59.6 60.0 58.1 58.1
1992-12-01 103.0 106.0 100.0 100.0
1992-12-23 11.49 11.57 11.11 11.11
1993-01-05 12.65 12.8 12.0 12.0
1993-01-13 14.26 14.3 13.2 13.2
1993-01-20 14.54 14.72 13.31 13.31
1993-01-21 14.84 14.95 14.5 14.5
1993-01-29 16.15 16.34 15.18 15.18
1993-03-12 15.8 16.77 15.5 15.5
1993-03-24 8.1 8.48 8.0 8.0
1993-04-01 8.57 8.65 8.06 8.06
1993-04-05 8.76 8.79 8.48 8.48
1993-04-13 12.26 12.3 11.1 11.1
1993-04-29 12.36 13.0 12.1 12.1
1993-05-17 10.62 10.87 10.11 10.11
1993-05-20 10.7 10.89 9.87 9.87
1993-06-28 9.85 10.15 9.35 9.35
1993-07-21 8.53 8.95 8.5 8.5
1993-08-11 9.25 9.3 9.0 9.0
1993-08-30 8.85 8.99 8.75 8.75
1993-09-01 8.83 8.91 8.75 8.75
1993-09-03 9.06 9.14 8.9 8.9
1993-09-06 9.45 9.52 9.2 9.2
1993-09-15 9.21 9.42 9.18 9.18
1993-09-27 11.5 11.63 10.7 10.7
1993-09-30 15.68 19.99 12.11 12.11
1993-10-06 21.98 21.98 16.5 16.5
1993-10-25 23.7 23.98 18.0 18.0
1993-11-10 20.25 23.5 19.29 19.29
1993-11-30 23.48 23.49 21.1 21.1
1994-01-10 13.86 13.99 13.45 13.45
1994-01-17 13.3 13.44 12.6 12.6
1994-02-03 11.85 12.18 11.6 11.6
1994-03-01 12.74 13.38 12.25 12.25
1994-03-22 13.15 13.25 12.8 12.8
1994-03-29 13.35 13.58 12.91 12.91
1994-04-21 10.9 11.0 9.87 9.87
1994-05-04 11.3 11.5 11.05 11.05
1994-05-10 8.85 8.89 8.7 8.7
1994-05-12 8.78 9.0 8.72 8.72
1994-05-31 8.6 8.63 8.38 8.38
1994-06-22 8.07 8.15 8.01 8.01
1994-07-12 6.45 6.55 6.41 6.41
1994-08-16 10.3 10.59 9.8 9.8
1994-08-31 11.91 11.99 11.2 11.2
1994-10-20 10.28 10.29 9.41 9.41
1994-10-24 11.45 11.49 10.45 10.45
1994-11-01 10.15 10.25 9.5 9.5
1994-11-21 10.15 10.27 10.05 10.05
1994-11-24 9.9 9.98 9.83 9.83
1994-11-29 10.1 10.2 9.61 9.61
1994-12-13 9.65 9.78 9.35 9.35
1994-12-15 10.06 10.2 9.6 9.6
1994-12-21 9.9 10.25 9.48 9.48
1994-12-26 9.9 10.16 9.75 9.75
1995-01-04 9.5 9.55 9.35 9.35
1995-02-09 7.82 7.85 7.52 7.52
1995-02-21 7.58 7.58 7.5 7.5
1995-02-22 8.32 8.35 7.6 7.6
1995-03-06 8.4 8.48 8.12 8.12
1995-03-21 8.22 8.29 8.02 8.02
1995-04-19 8.43 8.57 8.3 8.3
1995-05-02 7.82 7.85 7.7 7.7
1995-05-09 7.84 8.0 7.7 7.7
1995-05-26 8.88 10.2 8.01 8.01
1995-06-07 8.76 8.8 8.3 8.3
1995-06-13 8.36 8.43 8.3 8.3
1995-06-21 7.8 7.8 7.59 7.59
1995-06-23 7.76 7.8 7.7 7.7
1995-07-04 7.3 7.3 7.18 7.18
1995-07-17 8.39 8.39 7.8 7.8
1995-07-27 7.94 8.01 7.85 7.85
1995-08-03 8.15 8.3 8.0 8.0
1995-08-07 8.3 8.3 8.0 8.0
1995-08-11 8.95 9.0 8.0 8.0
1995-08-28 8.0 8.1 7.98 7.98
1995-09-11 8.15 8.17 8.05 8.05
1995-09-12 8.15 8.38 8.1 8.1
1995-09-26 7.88 7.9 7.68 7.68
1995-10-04 7.5 7.59 7.48 7.48
1995-10-12 7.15 7.19 7.1 7.1
1995-10-13 7.28 7.35 7.1 7.1
1995-10-18 7.46 7.5 7.25 7.25
1995-11-10 7.65 7.71 7.6 7.6
1995-12-08 7.27 7.55 7.18 7.18
1995-12-19 7.08 7.14 7.04 7.04
1995-12-20 7.15 7.22 7.08 7.08
1995-12-27 6.88 6.98 6.8 6.8
1996-01-04 6.78 6.8 6.6 6.6
1996-01-09 6.7 6.78 6.55 6.55
1996-01-12 6.48 6.52 6.4 6.4
1996-01-22 6.12 6.2 6.08 6.08
1996-01-24 6.16 6.19 6.1 6.1
1996-01-26 6.15 6.18 6.0 6.0
1996-01-29 6.19 6.25 6.1 6.1
1996-01-31 6.23 6.29 6.1 6.1
1996-02-07 6.08 6.2 6.02 6.02
1996-02-08 6.07 6.13 6.05 6.05
1996-02-12 6.12 6.16 6.1 6.1
1996-02-16 6.48 6.54 6.35 6.35
1996-03-15 6.66 6.68 6.5 6.5
1996-03-21 6.84 6.86 6.8 6.8
1996-04-03 6.68 6.72 6.65 6.65
1996-04-10 6.86 6.9 6.85 6.85
1996-04-18 7.18 7.19 7.05 7.05
1996-04-24 7.84 7.85 7.52 7.52
1996-05-09 8.55 9.05 8.25 8.25
1996-05-16 8.92 9.14 8.8 8.8
1996-05-31 6.7 6.83 6.6 6.6
1996-06-04 6.79 6.79 6.6 6.6
1996-07-18 7.02 7.09 6.77 6.77
1996-07-19 7.56 7.6 7.1 7.1
1996-08-07 7.72 7.95 7.5 7.5
1996-08-21 7.09 7.2 7.05 7.05
1996-09-05 7.08 7.3 7.05 7.05
1996-09-13 6.97 6.98 6.76 6.76
1996-10-10 7.68 7.88 7.5 7.5
1996-10-14 8.25 8.4 7.68 7.68
1996-10-25 11.75 12.4 8.88 8.88
1996-10-28 13.15 13.88 11.81 11.81
1996-12-06 13.1 13.45 12.6 12.6
1996-12-16 10.17 10.17 10.17 10.17
1996-12-17 9.15 9.15 9.15 9.15
1997-01-15 8.18 8.23 8.12 8.12
1997-01-30 8.7 8.83 8.65 8.65
1997-01-31 8.75 8.85 8.7 8.7
1997-02-19 8.74 8.79 8.3 8.3
1997-02-20 8.82 9.1 7.87 7.87
1997-02-21 9.42 9.45 8.89 8.89
1997-03-03 11.1 11.15 10.5 10.5
1997-03-26 13.46 13.7 13.15 13.15
1997-04-01 13.86 14.0 13.31 13.31
1997-04-10 13.38 13.95 13.0 13.0
1997-05-16 13.55 14.65 13.55 13.55
1997-05-22 11.79 12.5 11.79 11.79
1997-06-13 10.99 11.0 9.78 9.78
1997-06-16 11.28 11.6 11.0 11.0
1997-06-24 11.88 11.93 11.5 11.5
1997-08-14 10.68 10.7 10.12 10.12
1997-08-26 10.53 10.6 10.35 10.35
1997-08-29 11.15 11.36 11.0 11.0
1997-09-01 11.48 11.65 11.3 11.3
1997-09-18 10.3 10.38 10.25 10.25
1997-09-30 9.28 9.35 9.2 9.2
1997-10-06 9.41 9.57 9.38 9.38
1997-10-10 9.87 9.98 9.8 9.8
1997-10-14 9.72 9.9 9.6 9.6
1997-10-16 9.91 9.98 9.7 9.7
1997-10-17 10.16 10.34 9.97 9.97
1997-10-27 10.44 10.51 10.11 10.11
1997-11-28 9.02 9.05 8.88 8.88
1997-12-02 8.97 9.05 8.95 8.95
1997-12-22 9.28 9.35 8.96 8.96
1997-12-24 9.25 9.39 9.1 9.1
1997-12-26 9.37 9.45 9.24 9.24
1997-12-29 9.41 9.65 9.41 9.41
1998-01-20 9.0 9.06 8.91 8.91
1998-02-12 11.52 11.75 11.02 11.02
1998-02-18 12.1 12.49 10.99 10.99
1998-02-25 14.65 14.7 13.5 13.5
1998-02-26 15.88 16.0 14.7 14.7
1998-03-23 15.96 15.96 14.9 14.9
1998-03-27 17.6 18.3 16.88 16.88
1998-04-01 20.63 20.63 18.8 18.8
1998-04-15 19.8 20.35 19.02 19.02
1998-04-21 20.92 21.6 20.1 20.1
1998-04-30 23.0 23.98 22.5 22.5
1998-05-08 26.7 26.7 24.5 24.5
1998-05-11 29.37 29.37 29.37 29.37
1998-05-15 28.72 29.3 27.6 27.6
1998-06-18 24.09 24.45 23.7 23.7
1998-07-03 23.72 24.41 23.1 23.1
1998-07-24 25.44 26.2 25.21 25.21
1998-08-19 21.12 21.3 20.0 20.0
1998-09-03 22.51 22.78 22.25 22.25
1998-09-04 22.79 23.24 22.58 22.58
1998-09-09 23.79 23.9 22.6 22.6
1998-09-22 26.4 26.4 26.4 26.4
1998-10-30 16.01 16.1 14.79 14.79
1998-11-17 15.18 15.18 14.8 14.8
1998-12-18 12.35 12.46 12.2 12.2
1999-01-12 15.07 15.56 14.07 14.07
1999-02-09 12.89 12.97 12.4 12.4
1999-03-08 13.1 13.26 12.91 12.91
1999-03-23 13.67 13.96 13.0 13.0
1999-03-29 13.2 13.38 13.15 13.15
1999-04-28 11.0 11.6 10.71 10.71
1999-05-19 10.8 10.8 10.0 10.0
1999-06-29 23.73 23.73 23.73 23.73
1999-07-14 17.65 18.0 17.0 17.0
1999-07-20 18.9 18.9 17.18 17.18
1999-07-23 19.65 20.45 19.1 19.1
1999-08-17 18.8 19.34 18.5 18.5
1999-10-12 17.0 17.16 16.85 16.85
1999-12-27 19.15 19.36 18.19 18.19
2000-02-14 25.7 25.7 25.0 25.0
2000-03-02 28.8 29.7 27.5 27.5
2000-03-10 27.55 29.0 27.0 27.0
2000-03-20 28.41 28.75 27.0 27.0
2000-04-19 26.25 26.75 26.2 26.2
2000-04-28 26.36 26.38 25.1 25.1
2000-05-16 23.21 23.4 23.1 23.1
2000-05-23 25.32 25.56 24.68 24.68
2000-06-06 26.25 26.55 25.7 25.7
2000-06-21 26.21 26.5 25.51 25.51
2000-07-06 25.26 25.53 24.9 24.9
2000-07-07 25.3 25.55 25.21 25.21
2000-07-13 26.08 26.3 25.3 25.3
2000-07-18 28.16 28.5 26.1 26.1
2000-07-26 27.55 27.97 27.01 27.01
2000-08-03 28.95 29.35 28.0 28.0
2000-09-07 25.78 26.1 25.45 25.45
2000-09-26 25.06 25.26 24.69 24.69
2000-10-17 25.89 25.98 25.02 25.02
2000-11-01 25.8 25.85 25.16 25.16
2000-12-26 27.6 27.62 27.2 27.2
2001-01-11 27.72 28.15 27.39 27.39
2001-01-19 27.69 27.9 27.38 27.38
2001-02-05 25.79 27.69 24.92 24.92
2001-02-09 24.28 24.38 23.61 23.61
2001-02-13 23.89 24.2 23.7 23.7
2001-03-01 24.27 24.45 24.0 24.0
2001-03-02 24.6 24.6 24.28 24.28
2001-03-08 26.27 26.78 25.88 25.88
2001-03-16 27.08 27.09 26.3 26.3
2001-03-26 28.25 28.25 27.89 27.89
2001-04-06 29.5 30.0 29.4 29.4
2001-04-11 29.48 29.5 28.8 28.8
2001-04-24 31.59 31.77 30.96 30.96
2001-04-30 35.0 36.4 33.5 33.5
2001-07-05 33.8 34.08 33.33 33.33
2001-07-11 15.73 15.98 15.4 15.4
2001-07-26 15.09 15.19 14.78 14.78
2001-09-03 15.87 15.88 14.8 14.8
2001-11-12 15.7 15.79 15.0 15.0
2001-11-15 14.62 15.17 14.28 14.28
2001-12-31 12.85 12.95 12.3 12.3
2002-01-31 10.12 10.12 9.22 9.22
2002-02-28 10.55 10.85 10.48 10.48
2002-03-05 11.19 11.35 10.7 10.7
2002-03-19 12.23 12.28 11.92 11.92
2002-04-10 11.7 11.89 11.41 11.41
2002-04-12 11.3 11.39 11.24 11.24
2002-05-28 10.54 10.73 10.1 10.1
2002-06-07 10.61 10.85 10.1 10.1
2002-06-20 10.08 10.14 10.05 10.05
2002-08-13 10.16 10.2 10.1 10.1
2002-08-16 10.21 10.25 10.06 10.06
2002-08-20 10.25 10.28 10.07 10.07
2002-08-27 10.5 10.6 10.3 10.3
2002-10-10 9.04 9.5 8.81 8.81
2002-10-22 9.28 9.32 9.15 9.15
2002-11-15 8.86 9.03 8.8 8.8
2002-12-16 8.46 8.56 8.29 8.29
2002-12-18 8.46 8.65 8.41 8.41
2003-01-03 8.08 8.15 8.02 8.02
2003-02-20 9.81 9.88 9.55 9.55
2003-05-19 11.21 11.4 11.0 11.0
2003-05-26 11.3 11.48 11.01 11.01
2003-05-29 11.4 11.45 10.91 10.91
2003-08-22 9.83 9.92 9.31 9.31
2003-10-17 8.67 8.7 8.55 8.55
2003-11-11 8.52 8.6 8.38 8.38
2003-11-20 9.21 9.49 8.6 8.6
2003-12-11 9.11 9.26 9.05 9.05
2003-12-15 9.09 9.16 9.05 9.05
2004-01-05 9.05 9.1 8.72 8.72
2004-01-12 10.03 10.1 9.7 9.7
2004-01-16 10.0 10.14 9.7 9.7
2004-01-29 10.81 10.94 10.0 10.0
2004-02-27 9.97 10.0 9.8 9.8
2004-03-12 10.17 10.27 10.04 10.04
2004-03-15 10.46 10.62 10.24 10.24
2004-03-19 10.8 10.95 10.35 10.35
2004-04-01 11.01 11.06 10.8 10.8
2004-04-05 11.5 11.6 10.98 10.98
2004-04-22 11.54 11.54 11.26 11.26
2004-04-27 11.46 11.59 11.35 11.35
2004-05-27 10.62 10.64 10.35 10.35
2004-07-15 4.63 4.71 4.53 4.53
2004-08-23 4.04 4.1 4.01 4.01
2004-09-14 4.09 4.12 3.95 3.95
2004-10-08 5.94 6.0 5.48 5.48
2004-11-05 5.82 5.95 5.7 5.7
2004-11-22 6.37 6.43 6.22 6.22
2005-02-02 5.1 5.13 4.71 4.71
2005-02-24 5.53 5.73 5.22 5.22
2005-03-08 5.63 5.67 5.48 5.48
2005-04-07 4.68 4.81 4.53 4.53
2005-04-13 4.69 4.75 4.57 4.57
2005-05-18 4.13 4.14 4.07 4.07
2005-05-24 4.13 4.15 4.0 4.0
2005-06-27 3.59 3.64 3.52 3.52
2005-07-26 3.33 3.34 3.21 3.21
2005-10-17 3.39 3.51 3.32 3.32
2005-11-02 3.13 3.15 3.07 3.07
2005-11-11 3.16 3.22 3.05 3.05
2005-12-30 3.2 3.25 3.15 3.15
2006-01-04 3.24 3.28 3.19 3.19
2006-01-09 3.31 3.34 3.26 3.26
2006-03-01 3.48 3.53 3.4 3.4
2006-06-16 3.72 3.75 3.6 3.6
2006-07-06 4.12 4.16 4.03 4.03
2006-08-08 3.38 3.4 3.33 3.33
2006-08-10 3.44 3.46 3.4 3.4
2006-08-16 3.5 3.52 3.44 3.44
2006-08-28 3.54 3.56 3.48 3.48
2006-10-16 3.62 3.68 3.6 3.6
2006-12-05 3.93 4.03 3.8 3.8
2007-01-08 4.44 4.49 4.21 4.21
2007-02-06 5.54 5.58 5.32 5.32
2007-03-26 7.25 7.41 7.14 7.14
2007-04-09 8.68 8.68 8.4 8.4
2007-04-16 9.32 9.48 9.13 9.13
2007-04-20 9.56 9.68 9.02 9.02
2007-05-22 11.72 12.07 11.61 11.61
2007-06-05 10.82 10.86 10.04 10.04
2007-07-18 6.89 7.08 6.73 6.73
2007-07-20 7.0 7.06 6.8 6.8
2007-07-26 8.2 8.4 7.83 7.83
2007-08-14 8.64 8.98 8.41 8.41
2007-08-20 8.32 8.56 8.22 8.22
2008-01-23 8.55 8.55 7.78 7.78
2008-02-18 8.48 8.57 8.31 8.31
2008-07-07 5.35 5.42 5.14 5.14
2008-08-07 5.24 5.28 5.1 5.1
2008-10-17 2.81 2.84 2.75 2.75
2008-11-05 2.55 2.57 2.37 2.37
2008-11-07 2.5 2.55 2.42 2.42
2008-11-10 2.68 2.69 2.52 2.52
2008-11-12 2.65 2.67 2.57 2.57
2008-12-01 2.88 2.93 2.71 2.71
2008-12-05 3.13 3.15 3.0 3.0
2008-12-10 3.32 3.36 3.15 3.15
2009-02-06 3.3 3.33 3.15 3.15
2009-02-16 4.08 4.15 3.91 3.91
2009-03-04 3.45 3.45 3.22 3.22
2009-03-10 3.38 3.4 3.25 3.25
2009-03-26 3.61 3.62 3.5 3.5
2009-04-30 4.12 4.18 4.06 4.06
2009-07-17 4.74 4.8 4.64 4.64
2009-07-20 4.81 4.84 4.72 4.72
2009-07-31 5.04 5.16 4.8 4.8
2009-10-20 4.5 4.51 4.4 4.4
2010-01-28 5.19 5.2 5.04 5.04
2010-02-09 5.12 5.17 5.04 5.04
2010-03-05 5.42 5.52 5.2 5.2
2010-04-09 6.12 6.18 5.97 5.97
2010-06-22 4.97 5.02 4.93 4.93
2010-06-30 4.77 5.05 4.62 4.62
2010-08-17 4.79 4.83 4.73 4.73
2010-08-30 4.59 4.63 4.56 4.56
2010-10-29 4.62 4.65 4.58 4.58
2010-11-15 4.44 4.46 4.38 4.38
2011-01-21 3.9 3.95 3.85 3.85
2011-02-10 4.1 4.12 4.01 4.01
2011-02-14 4.14 4.15 4.08 4.08
2011-02-21 4.19 4.19 4.1 4.1
2011-06-24 3.58 3.6 3.48 3.48
2011-08-23 3.15 3.17 3.1 3.1
2011-10-26 3.18 3.24 3.06 3.06
2011-12-09 2.96 2.99 2.95 2.95
2011-12-20 2.8 2.86 2.79 2.79
2011-12-26 2.72 2.77 2.7 2.7
2012-02-02 2.8 2.8 2.75 2.75
2012-02-10 2.83 2.86 2.81 2.81
2012-02-27 3.01 3.08 3.0 3.0
2012-03-01 2.95 2.98 2.91 2.91
2012-04-05 2.69 2.71 2.63 2.63
2012-05-04 2.89 2.9 2.87 2.87
2012-06-12 2.63 2.64 2.61 2.61
2012-06-20 2.65 2.69 2.62 2.62
2012-07-19 2.41 2.44 2.35 2.35
2012-08-01 2.28 2.29 2.24 2.24
2012-08-03 2.3 2.31 2.26 2.26
2012-08-31 2.26 2.27 2.22 2.22
2012-09-07 2.42 2.44 2.35 2.35
2012-09-19 2.37 2.42 2.3 2.3
2012-11-12 2.34 2.35 2.32 2.32
2012-11-29 2.16 2.18 2.15 2.15
2012-11-30 2.19 2.19 2.16 2.16
2012-12-10 2.29 2.3 2.26 2.26
2012-12-25 2.35 2.36 2.3 2.3
2012-12-28 2.37 2.37 2.34 2.34
2013-01-18 2.44 2.45 2.41 2.41
2013-01-28 2.38 2.38 2.34 2.34
2013-02-08 2.44 2.45 2.41 2.41
2013-02-18 2.46 2.48 2.44 2.44
2013-03-05 2.41 2.42 2.34 2.34
2013-03-08 2.46 2.5 2.43 2.43
2013-03-29 2.34 2.35 2.33 2.33
2013-04-11 2.34 2.38 2.32 2.32
2013-04-19 2.3 2.31 2.26 2.26
2013-05-06 2.32 2.33 2.29 2.29
2013-07-10 2.31 2.32 2.25 2.25
2013-07-11 2.36 2.39 2.3 2.3
2013-07-12 2.45 2.54 2.36 2.36
2013-07-22 2.53 2.54 2.42 2.42
2013-09-09 3.02 3.05 3.0 3.0
2013-09-18 2.96 2.97 2.9 2.9
2013-09-30 3.06 3.08 2.95 2.95
2013-10-21 3.13 3.14 3.04 3.04
2013-10-24 2.98 3.02 2.96 2.96
2013-11-12 2.69 2.7 2.63 2.63
2013-11-22 2.89 2.94 2.86 2.86
2013-11-28 3.07 3.09 2.93 2.93
2013-12-24 2.75 2.78 2.72 2.72
2014-01-23 2.72 2.75 2.71 2.71
2014-02-18 3.0 3.06 2.97 2.97
2014-02-19 3.3 3.3 2.99 2.99
2014-03-03 3.17 3.2 3.07 3.07
2014-03-13 2.93 2.94 2.88 2.88
2014-04-01 2.97 2.99 2.95 2.95
2014-04-04 3.09 3.18 2.93 2.93
2014-04-09 3.1 3.15 3.09 3.09
2014-04-29 2.94 2.95 2.88 2.88
2014-06-03 3.19 3.19 3.19 3.19
2014-07-10 3.18 3.23 3.16 3.16
2014-07-14 3.29 3.31 3.22 3.22
2014-08-27 3.93 4.0 3.91 3.91
2014-09-04 4.09 4.1 4.04 4.04
2015-01-20 5.2 5.27 4.82 4.82
2015-02-11 5.32 5.39 5.17 5.17
2015-02-25 5.94 6.26 5.73 5.73
2015-04-02 10.07 10.07 9.19 9.19
2015-04-30 10.91 11.35 10.85 10.85
2015-05-08 9.88 9.89 9.35 9.35
2015-05-11 10.87 10.87 10.01 10.01
2015-05-20 11.07 11.49 10.67 10.67
2015-05-21 12.18 12.18 11.07 11.07
2015-06-12 13.54 13.9 13.07 13.07
2015-07-08 5.62 6.43 5.55 5.55
2015-07-13 6.18 6.18 6.18 6.18
2015-07-14 6.8 6.8 6.8 6.8
2015-07-30 7.76 8.23 7.5 7.5
2015-08-07 7.75 7.86 7.5 7.5
2015-08-10 8.21 8.34 7.8 7.8
2015-08-25 7.34 7.34 7.34 7.34
2015-08-26 6.61 7.41 6.61 6.61
2015-09-16 5.76 5.76 5.31 5.31
2015-10-22 7.51 7.59 7.11 7.11
2015-11-19 7.54 7.54 7.3 7.3
2016-01-06 5.77 5.79 5.61 5.61
2016-03-07 4.54 4.59 4.44 4.44
2016-03-14 4.49 4.63 4.33 4.33
2016-03-30 4.73 4.74 4.6 4.6
2016-06-22 4.18 4.19 4.1 4.1
2016-07-04 4.34 4.37 4.23 4.23
2016-07-22 4.44 4.54 4.38 4.38
2016-09-27 5.17 5.18 5.06 5.06
2016-11-10 5.0 5.04 4.95 4.95
2016-12-19 4.53 4.56 4.51 4.51
2016-12-20 4.7 4.88 4.57 4.57
2017-01-20 4.49 4.52 4.4 4.4
2017-02-20 4.6 4.6 4.54 4.54
2017-02-21 4.63 4.66 4.59 4.59
2017-02-22 4.65 4.66 4.61 4.61
2017-03-16 4.59 4.6 4.55 4.55
2017-05-02 3.99 4.02 3.96 3.96
2017-05-15 3.76 3.84 3.63 3.63
2017-05-23 3.62 3.66 3.61 3.61
2017-06-13 3.72 3.73 3.66 3.66
2017-06-19 3.73 3.74 3.7 3.7
2017-06-29 3.75 3.77 3.71 3.71
2017-07-18 3.95 3.97 3.75 3.75
2017-08-21 3.9 3.92 3.85 3.85
