1993-08-11 14.95 15.17 14.57 14.57
1993-08-16 17.5 17.5 15.5 15.5
1993-08-19 15.9 16.3 15.63 15.63
1993-08-25 14.85 15.1 14.74 14.74
1993-09-15 14.32 14.49 14.3 14.3
1993-09-20 14.18 14.25 14.15 14.15
1993-09-21 14.46 14.65 14.15 14.15
1993-09-23 14.3 14.4 14.24 14.24
1993-09-27 14.19 14.3 14.1 14.1
1993-10-28 12.2 13.27 11.1 11.1
1993-11-11 12.8 13.02 12.5 12.5
1993-11-12 13.29 13.3 12.95 12.95
1993-12-23 10.7 10.9 10.5 10.5
1993-12-28 11.05 11.32 10.95 10.95
1994-01-21 9.03 9.08 8.62 8.62
1994-02-02 9.01 9.18 8.68 8.68
1994-02-22 8.94 9.08 8.75 8.75
1994-03-04 8.88 8.97 8.7 8.7
1994-03-10 8.99 9.2 8.8 8.8
1994-03-24 9.29 9.97 9.0 9.0
1994-05-06 4.13 4.28 4.1 4.1
1994-05-10 4.22 4.28 4.03 4.03
1994-05-18 4.05 4.15 2.99 2.99
1994-07-12 2.79 2.8 2.77 2.77
1994-07-13 2.84 2.85 2.8 2.8
1994-07-19 2.57 2.58 2.48 2.48
1994-07-26 2.45 2.46 2.28 2.28
1994-08-08 6.19 7.5 5.6 5.6
1994-08-16 5.68 5.79 5.22 5.22
1994-09-02 5.8 5.89 5.65 5.65
1994-10-10 3.89 4.1 3.5 3.5
1994-10-19 3.56 3.59 3.4 3.4
1994-11-01 3.88 3.89 3.75 3.75
1994-11-07 3.77 3.82 3.62 3.62
1994-11-21 3.76 3.82 3.72 3.72
1994-12-26 3.34 3.48 3.29 3.29
1994-12-29 3.25 3.33 3.25 3.25
1995-01-26 2.87 2.9 2.85 2.85
1995-02-08 2.86 2.88 2.8 2.8
1995-03-02 2.97 2.99 2.95 2.95
1995-04-07 3.52 3.58 3.25 3.25
1995-04-19 4.2 4.22 3.9 3.9
1995-05-10 3.34 3.48 3.32 3.32
1995-05-22 6.5 6.8 5.85 5.85
1995-06-21 4.74 4.76 4.55 4.55
1995-06-23 4.69 4.75 4.56 4.56
1995-07-17 4.84 4.95 4.47 4.47
1995-08-28 4.88 4.88 4.61 4.61
1995-09-26 6.04 6.13 5.95 5.95
1995-10-05 6.13 6.25 5.93 5.93
1995-10-10 5.62 5.8 5.56 5.56
1995-10-24 6.18 6.38 6.08 6.08
1995-11-14 5.84 5.85 5.73 5.73
1995-11-21 5.75 5.85 5.74 5.74
1995-12-20 4.88 4.89 4.72 4.72
1996-01-23 5.06 5.12 4.63 4.63
1996-02-06 4.75 4.83 4.6 4.6
1996-02-16 4.8 4.84 4.75 4.75
1996-03-07 4.91 4.91 4.8 4.8
1996-03-13 4.82 4.85 4.71 4.71
1996-03-18 4.88 4.9 4.8 4.8
1996-03-27 4.91 4.97 4.81 4.81
1996-04-03 4.79 4.85 4.77 4.77
1996-04-05 4.95 4.95 4.81 4.81
1996-04-10 5.05 5.07 4.9 4.9
1996-04-16 5.08 5.1 4.98 4.98
1996-04-18 5.13 5.13 5.0 5.0
1996-05-09 5.64 5.69 5.55 5.55
1996-05-27 5.64 5.67 5.58 5.58
1996-06-05 6.07 6.1 5.8 5.8
1996-06-14 5.23 5.37 5.15 5.15
1996-06-18 5.07 5.15 4.98 4.98
1996-06-26 5.21 5.23 5.08 5.08
1996-07-09 4.7 4.8 4.6 4.6
1996-07-11 4.98 5.16 4.88 4.88
1996-08-02 5.38 5.38 4.96 4.96
1996-08-21 4.93 5.03 4.85 4.85
1996-08-28 4.43 4.53 4.4 4.4
1996-09-05 4.65 4.9 4.65 4.65
1996-09-13 4.33 4.33 4.24 4.24
1996-09-17 4.27 4.33 4.24 4.24
1996-09-23 4.69 4.69 4.44 4.44
1996-09-26 4.68 4.7 4.4 4.4
1996-10-10 5.22 5.28 5.06 5.06
1996-11-25 6.13 6.16 5.95 5.95
1996-12-10 8.27 8.6 8.1 8.1
1996-12-16 6.92 6.92 6.92 6.92
1996-12-17 6.23 6.23 6.23 6.23
1996-12-23 5.5 5.6 5.25 5.25
1996-12-26 5.81 5.85 5.4 5.4
1997-02-20 6.5 6.61 5.9 5.9
1997-02-21 6.98 7.01 6.45 6.45
1997-03-12 7.95 8.29 7.8 7.8
1997-03-31 8.18 8.19 7.8 7.8
1997-05-16 12.72 13.85 12.72 12.72
1997-06-13 12.3 12.45 11.53 11.53
1997-06-20 12.5 12.58 12.0 12.0
1997-06-25 13.18 13.36 12.5 12.5
1997-07-09 5.98 6.14 5.86 5.86
1997-07-11 6.3 6.35 6.1 6.1
1997-07-29 6.2 6.23 6.0 6.0
1997-07-30 6.38 6.43 6.2 6.2
1997-08-13 7.16 7.38 7.01 7.01
1997-08-14 7.44 7.46 7.2 7.2
1997-09-01 7.74 7.8 7.2 7.2
1997-09-10 8.0 8.06 7.52 7.52
1997-09-16 7.21 7.3 7.14 7.14
1997-10-10 6.38 6.44 6.25 6.25
1997-11-28 6.2 6.2 6.0 6.0
1997-12-05 6.21 6.4 6.11 6.11
1997-12-26 5.8 6.05 5.77 5.77
1998-01-07 5.93 6.05 5.9 5.9
1998-01-14 5.74 5.82 5.62 5.62
1998-01-16 6.06 6.38 6.0 6.0
1998-02-12 6.4 6.5 6.26 6.26
1998-03-04 5.53 5.56 5.41 5.41
1998-03-13 5.47 5.51 5.45 5.45
1998-03-24 5.62 5.75 5.58 5.58
1998-03-25 5.89 5.94 5.66 5.66
1998-04-01 6.2 6.28 6.08 6.08
1998-04-08 6.65 6.68 6.15 6.15
1998-04-21 6.5 6.5 6.26 6.26
1998-05-05 6.73 6.75 6.45 6.45
1998-05-08 7.04 7.04 6.38 6.38
1998-05-20 7.52 7.65 7.38 7.38
1998-05-21 8.0 8.0 7.44 7.44
1998-06-22 7.27 7.45 7.25 7.25
1998-07-29 6.21 6.35 6.18 6.18
1998-08-05 6.82 7.01 6.6 6.6
1998-08-13 6.43 6.55 6.27 6.27
1998-08-19 5.91 5.91 5.52 5.52
1998-09-16 6.98 6.99 6.61 6.61
1998-09-30 6.7 6.75 6.4 6.4
1998-10-08 6.87 6.99 6.72 6.72
1998-10-16 7.09 7.16 6.98 6.98
1999-01-25 5.98 6.1 5.61 5.61
1999-02-09 5.48 5.5 5.35 5.35
1999-03-09 5.8 5.95 5.8 5.8
1999-04-05 6.31 6.4 6.15 6.15
1999-04-09 6.55 6.68 6.32 6.32
1999-04-21 6.37 6.5 6.23 6.23
1999-05-25 6.44 6.83 6.29 6.29
1999-05-28 6.7 6.88 6.58 6.58
1999-06-14 7.68 7.68 7.21 7.21
1999-06-24 8.16 8.25 7.8 7.8
1999-07-23 7.2 7.28 7.01 7.01
1999-08-17 6.78 6.87 6.68 6.68
1999-08-25 6.91 7.07 6.81 6.81
1999-08-27 7.13 7.26 7.05 7.05
1999-09-07 6.85 6.95 6.78 6.78
1999-09-09 7.23 7.24 6.89 6.89
1999-11-02 6.68 6.69 6.6 6.6
1999-11-05 6.51 6.57 6.45 6.45
1999-11-12 6.73 6.75 6.65 6.65
1999-11-30 6.9 6.9 6.48 6.48
2000-02-21 7.59 7.59 7.1 7.1
2000-04-05 7.21 7.25 7.06 7.06
2000-05-19 8.18 8.29 7.85 7.85
2000-06-12 9.14 9.21 8.7 8.7
2000-06-28 9.19 9.21 9.0 9.0
2000-07-07 10.0 10.1 9.5 9.5
2000-07-12 10.13 10.3 10.05 10.05
2000-07-14 10.85 10.97 10.4 10.4
2000-08-10 10.55 10.56 10.29 10.29
2000-08-22 10.6 11.11 10.46 10.46
2000-10-10 8.86 8.95 8.6 8.6
2000-10-13 9.28 9.29 8.82 8.82
2000-11-30 9.77 9.91 9.73 9.73
2000-12-04 10.29 10.38 9.84 9.84
2000-12-19 9.98 10.08 9.9 9.9
2000-12-25 10.49 10.65 10.25 10.25
2000-12-29 10.5 10.6 10.4 10.4
2001-01-05 11.3 11.45 11.01 11.01
2001-01-18 10.31 10.48 10.3 10.3
2001-01-19 10.47 10.55 10.35 10.35
2001-02-14 10.47 10.6 10.25 10.25
2001-03-07 10.5 10.59 10.3 10.3
2001-03-21 10.6 10.63 10.45 10.45
2001-03-26 10.51 10.62 10.35 10.35
2001-03-27 10.66 10.75 10.52 10.52
2001-04-05 10.45 10.5 10.3 10.3
2001-04-09 10.68 10.8 10.34 10.34
2001-04-24 10.2 10.35 10.18 10.18
2001-04-26 10.01 10.2 9.8 9.8
2001-04-27 10.08 10.15 10.01 10.01
2001-05-08 10.16 10.19 10.08 10.08
2001-06-07 10.6 10.85 10.45 10.45
2001-06-11 10.65 10.7 10.6 10.6
2001-07-09 10.26 10.28 10.2 10.2
2001-07-20 10.38 10.46 10.23 10.23
2001-07-23 10.47 10.6 10.4 10.4
2001-08-03 9.25 9.3 9.16 9.16
2001-08-14 9.49 9.78 9.41 9.41
2001-08-29 8.95 9.07 8.9 8.9
2001-09-04 8.99 9.0 8.8 8.8
2001-09-11 8.99 9.04 8.9 8.9
2001-09-27 7.84 7.88 7.7 7.7
2001-11-01 7.68 7.88 7.63 7.63
2001-11-26 7.55 7.62 7.52 7.52
2001-11-28 7.7 7.77 7.67 7.67
2001-12-03 7.94 7.97 7.87 7.87
2001-12-21 7.12 7.15 7.03 7.03
2001-12-25 7.04 7.08 6.95 6.95
2001-12-26 7.22 7.24 7.02 7.02
2001-12-28 7.08 7.24 7.05 7.05
2002-01-31 6.1 6.18 5.76 5.76
2002-02-04 6.21 6.27 6.05 6.05
2002-02-07 6.14 6.16 6.0 6.0
2002-03-06 6.86 7.0 6.8 6.8
2002-03-19 7.05 7.05 6.88 6.88
2002-04-26 8.47 8.56 8.05 8.05
2002-05-17 7.49 7.64 7.3 7.3
2002-05-23 7.56 7.78 7.45 7.45
2002-05-28 7.49 7.64 7.48 7.48
2002-06-18 7.28 7.35 7.05 7.05
2002-06-21 7.45 7.62 7.18 7.18
2002-07-08 8.37 8.44 8.15 8.15
2002-09-03 8.1 8.12 8.05 8.05
2002-09-23 7.57 7.6 7.55 7.55
2002-10-16 7.28 7.3 7.15 7.15
2002-10-21 7.17 7.24 7.05 7.05
2002-10-29 7.11 7.15 7.02 7.02
2002-11-05 7.29 7.38 7.2 7.2
2002-11-28 6.28 6.29 6.05 6.05
2002-12-12 6.07 6.1 5.9 5.9
2002-12-13 6.14 6.19 5.85 5.85
2002-12-19 6.19 6.25 6.08 6.08
2002-12-20 6.35 6.35 6.1 6.1
2003-02-17 6.62 6.65 6.45 6.45
2003-02-25 6.55 6.56 6.43 6.43
2003-03-14 6.27 6.29 5.6 5.6
2003-04-07 6.5 6.59 6.43 6.43
2003-05-14 6.16 6.17 5.9 5.9
2003-05-22 6.08 6.12 6.02 6.02
2003-05-27 6.21 6.28 6.16 6.16
2003-05-30 6.22 6.25 6.01 6.01
2003-06-02 6.32 6.33 6.18 6.18
2003-06-11 6.25 6.27 6.08 6.08
2003-07-08 5.6 5.61 5.5 5.5
2003-07-22 5.59 5.64 5.48 5.48
2003-07-29 5.33 5.35 5.23 5.23
2003-08-06 5.41 5.42 5.3 5.3
2003-08-19 5.23 5.26 5.2 5.2
2003-09-01 5.45 5.46 5.23 5.23
2003-09-10 5.25 5.28 5.18 5.18
2003-09-16 5.11 5.18 5.0 5.0
2003-10-09 5.02 5.05 5.0 5.0
2003-10-10 5.16 5.19 5.0 5.0
2003-10-14 5.28 5.3 5.17 5.17
2003-10-20 5.37 5.48 5.33 5.33
2003-11-04 5.39 5.53 4.95 4.95
2003-11-06 5.59 5.64 5.42 5.42
2003-12-01 5.64 5.68 5.56 5.56
2004-01-05 5.44 5.5 5.23 5.23
2004-01-16 5.39 5.44 5.31 5.31
2004-02-17 6.04 6.15 6.0 6.0
2004-03-10 5.69 5.69 5.55 5.55
2004-03-19 6.0 6.03 5.86 5.86
2004-03-31 5.88 5.88 5.78 5.78
2004-06-10 4.66 4.69 4.6 4.6
2004-06-21 4.54 4.54 4.43 4.43
2004-07-01 4.53 4.55 4.38 4.38
2004-07-15 4.53 4.53 4.45 4.45
2004-07-16 4.62 4.64 4.53 4.53
2004-08-04 4.41 4.43 4.23 4.23
2004-08-24 4.11 4.16 4.0 4.0
2004-09-14 4.19 4.22 4.09 4.09
2004-09-15 4.46 4.5 4.23 4.23
2004-10-27 4.17 4.18 4.07 4.07
2004-11-26 4.16 4.23 4.11 4.11
2004-12-27 3.91 3.97 3.84 3.84
2005-01-05 3.78 3.88 3.7 3.7
2005-01-06 3.76 3.78 3.72 3.72
2005-02-02 3.43 3.44 3.21 3.21
2005-02-25 3.61 3.66 3.59 3.59
2005-03-16 3.3 3.3 3.26 3.26
2005-04-28 2.35 2.4 2.22 2.22
2005-05-12 2.11 2.14 2.0 2.0
2005-05-24 2.18 2.19 2.06 2.06
2005-06-14 2.63 2.64 2.45 2.45
2005-07-22 1.95 1.97 1.9 1.9
2005-07-26 1.98 1.98 1.9 1.9
2005-08-02 2.17 2.17 2.11 2.11
2005-08-09 2.3 2.3 2.21 2.21
2005-08-24 2.18 2.21 2.16 2.16
2005-08-25 2.23 2.24 2.18 2.18
2005-08-29 2.46 2.5 2.28 2.28
2005-10-18 2.28 2.29 2.2 2.2
2005-10-19 2.32 2.37 2.28 2.28
2005-10-21 2.39 2.48 2.35 2.35
2005-10-27 2.31 2.31 2.23 2.23
2005-12-07 2.24 2.26 2.18 2.18
2005-12-12 2.3 2.31 2.24 2.24
2005-12-26 2.32 2.34 2.28 2.28
2006-01-05 2.3 2.31 2.25 2.25
2006-02-10 2.39 2.41 2.36 2.36
2006-03-01 2.5 2.57 2.38 2.38
2006-03-06 2.42 2.5 2.4 2.4
2006-03-13 2.34 2.37 2.3 2.3
2006-03-21 2.43 2.44 2.33 2.33
2006-04-10 2.88 2.92 2.71 2.71
2006-04-26 2.35 2.44 2.31 2.31
2006-05-26 2.97 3.0 2.92 2.92
2006-05-29 3.05 3.09 3.0 3.0
2006-05-31 3.12 3.21 3.05 3.05
2006-06-16 3.12 3.13 3.06 3.06
2006-11-03 2.26 2.27 2.22 2.22
2006-11-17 2.09 2.12 2.06 2.06
2006-12-11 2.25 2.25 2.16 2.16
2006-12-15 2.22 2.25 2.21 2.21
2006-12-18 2.29 2.3 2.24 2.24
2006-12-21 2.34 2.39 2.28 2.28
2007-01-09 2.5 2.52 2.44 2.44
2007-01-30 4.21 4.21 3.51 3.51
2007-02-14 4.91 4.98 4.78 4.78
2007-04-20 7.43 7.48 7.03 7.03
2007-05-10 8.96 9.19 8.8 8.8
2007-07-20 5.86 5.94 5.46 5.46
2007-08-09 7.38 7.4 7.16 7.16
2007-08-10 8.12 8.12 7.36 7.36
2007-08-15 9.6 9.6 8.85 8.85
2007-09-14 8.22 8.41 7.75 7.75
2007-10-29 6.09 6.3 5.98 5.98
2007-10-30 6.24 6.29 6.09 6.09
2007-11-14 6.47 6.5 6.3 6.3
2007-11-23 6.43 6.45 6.17 6.17
2007-12-04 6.51 6.54 6.31 6.31
2007-12-20 7.22 7.33 7.19 7.19
2007-12-26 7.6 7.69 7.41 7.41
2008-01-23 7.32 7.36 6.91 6.91
2008-02-04 7.37 7.42 7.0 7.0
2008-02-18 7.98 8.15 7.92 7.92
2008-05-13 6.55 6.55 6.08 6.08
2008-06-02 6.19 6.29 6.01 6.01
2008-07-24 4.7 4.72 4.57 4.57
2008-07-30 4.51 4.64 4.47 4.47
2008-08-12 3.47 3.55 3.38 3.38
2008-08-20 3.42 3.45 3.07 3.07
2008-09-25 3.1 3.15 3.03 3.03
2008-11-10 3.01 3.01 2.85 2.85
2009-01-09 3.7 3.74 3.62 3.62
2009-01-12 3.73 3.78 3.66 3.66
2009-01-22 4.01 4.04 3.89 3.89
2009-03-02 4.38 4.39 3.95 3.95
2009-03-04 4.58 4.6 4.3 4.3
2009-05-04 5.59 5.59 5.53 5.53
2009-07-20 6.49 6.5 6.4 6.4
2009-07-27 6.63 6.64 6.43 6.43
2009-08-18 5.4 5.45 5.31 5.31
2009-09-16 6.05 6.18 5.97 5.97
2009-10-23 6.16 6.19 6.05 6.05
2009-11-19 7.4 7.49 7.08 7.08
2009-11-30 6.75 6.77 6.53 6.53
2009-12-28 6.58 6.64 6.48 6.48
2010-03-05 7.05 7.13 7.0 7.0
2010-03-19 7.17 7.24 7.12 7.12
2010-03-26 7.25 7.32 7.15 7.15
2010-04-01 7.44 7.54 7.31 7.31
2010-06-04 6.19 6.22 6.04 6.04
2010-06-23 6.09 6.2 5.98 5.98
2010-07-19 6.09 6.14 5.78 5.78
2010-10-15 8.03 8.09 7.51 7.51
2010-11-08 9.3 9.5 8.75 8.75
2010-11-11 9.95 10.4 9.35 9.35
2010-11-22 9.27 9.48 9.11 9.11
2010-11-24 9.7 9.76 8.96 8.96
2010-11-26 10.24 10.28 9.7 9.7
2011-06-14 10.59 10.64 10.11 10.11
2011-06-30 11.56 11.87 11.36 11.36
2011-07-11 12.7 12.97 12.6 12.6
2011-08-11 12.83 12.88 12.25 12.25
2011-12-23 8.1 8.2 7.36 7.36
2011-12-29 7.71 7.8 7.6 7.6
2011-12-30 7.85 7.93 7.73 7.73
2012-01-06 7.47 7.49 7.05 7.05
2012-01-17 8.63 8.65 8.04 8.04
2012-03-08 9.14 9.18 9.06 9.06
2012-05-25 13.36 13.95 12.82 12.82
2012-07-11 11.36 11.62 10.8 10.8
2012-09-07 10.67 10.67 10.05 10.05
2012-09-27 10.19 10.35 9.8 9.8
2012-10-09 10.54 10.6 10.25 10.25
2012-10-16 10.51 10.61 10.33 10.33
2012-11-01 9.96 10.08 9.66 9.66
2012-11-30 8.28 8.36 7.95 7.95
2012-12-10 9.22 9.37 9.1 9.1
2012-12-14 9.6 9.64 9.04 9.04
2013-02-25 10.16 10.2 10.0 10.0
2013-03-19 11.4 11.4 10.37 10.37
2013-04-01 11.27 11.56 11.2 11.2
2013-04-15 10.78 10.98 10.61 10.61
2013-05-06 11.32 11.58 11.1 11.1
2013-08-02 8.59 8.66 8.4 8.4
2013-08-26 9.22 9.24 9.07 9.07
2013-09-09 9.36 9.4 9.24 9.24
2013-09-10 9.66 9.98 9.33 9.33
2013-11-04 8.89 8.97 8.81 8.81
2013-11-18 9.15 9.2 9.0 9.0
2013-11-28 9.41 9.54 9.2 9.2
2013-12-03 9.5 9.53 9.19 9.19
2013-12-04 9.55 9.77 9.52 9.52
2013-12-18 9.32 9.42 9.3 9.3
2014-01-21 9.26 9.29 9.12 9.12
2014-01-28 9.74 9.88 9.5 9.5
2014-02-25 9.84 10.03 9.69 9.69
2014-04-14 10.64 10.73 10.58 10.58
2014-04-18 10.38 10.44 10.34 10.34
2014-05-21 10.03 10.07 9.9 9.9
2014-06-20 9.69 9.71 9.57 9.57
2014-06-23 9.73 9.8 9.69 9.69
2014-06-26 10.33 10.38 9.97 9.97
2014-07-28 10.82 10.94 10.65 10.65
2014-08-15 11.7 11.81 11.45 11.45
2014-12-24 13.76 13.95 13.62 13.62
2015-01-20 12.9 12.9 12.62 12.62
2015-03-16 16.04 16.22 15.45 15.45
2015-04-13 18.27 18.5 17.31 17.31
2015-05-19 17.02 17.1 16.6 16.6
2015-05-21 17.64 17.66 17.25 17.25
2015-05-25 18.74 18.96 18.32 18.32
2015-06-01 20.43 20.48 19.38 19.38
2015-07-08 8.94 9.43 8.94 8.94
2015-07-09 9.83 9.83 8.2 8.2
2015-07-13 11.89 11.89 11.89 11.89
2015-07-14 13.08 13.08 13.08 13.08
2015-08-04 13.26 13.27 12.5 12.5
2015-09-21 11.34 11.39 10.83 10.83
2015-10-23 13.49 13.57 13.0 13.0
2015-11-04 14.37 14.49 13.82 13.82
2015-11-06 14.63 14.97 14.17 14.17
2016-02-02 11.59 11.69 11.05 11.05
2016-03-14 12.24 12.45 11.92 11.92
2016-03-16 12.49 12.87 12.4 12.4
2016-03-31 13.48 13.53 13.18 13.18
2016-04-29 14.21 14.46 13.91 13.91
2016-05-03 15.19 15.56 14.59 14.59
2016-05-16 14.45 14.49 13.75 13.75
2016-05-20 13.92 13.96 13.62 13.62
2016-05-23 14.43 14.45 13.9 13.9
2016-06-16 14.84 15.15 14.73 14.73
2016-07-28 15.43 15.53 15.15 15.15
2016-09-14 15.76 15.9 15.66 15.66
2016-09-30 15.83 15.93 15.75 15.75
2016-10-10 16.15 16.17 15.86 15.86
2016-10-25 16.59 16.79 16.22 16.22
2016-11-01 16.35 16.48 16.27 16.27
2016-11-14 16.48 16.55 16.34 16.34
2016-12-16 17.72 17.74 17.05 17.05
2017-01-03 16.9 16.91 16.67 16.67
2017-01-20 16.1 16.19 15.85 15.85
2017-01-24 16.48 16.78 16.21 16.21
2017-02-20 17.53 17.63 16.98 16.98
2017-02-22 19.31 19.31 17.55 17.55
2017-05-09 17.02 17.12 16.83 16.83
2017-05-16 17.03 17.06 16.45 16.45
2017-08-07 18.86 18.87 18.5 18.5
