1993-08-16 17.5 17.5 15.5 15.5
1993-08-19 15.9 16.3 15.63 15.63
1993-08-25 14.85 15.1 14.74 14.74
1993-09-20 14.18 14.25 14.15 14.15
1993-09-21 14.46 14.65 14.15 14.15
1993-09-23 14.3 14.4 14.24 14.24
1993-09-27 14.19 14.3 14.1 14.1
1993-11-12 13.29 13.3 12.95 12.95
1993-12-28 11.05 11.32 10.95 10.95
1994-03-10 8.99 9.2 8.8 8.8
1994-05-10 4.22 4.28 4.03 4.03
1994-05-18 4.05 4.15 2.99 2.99
1994-07-13 2.84 2.85 2.8 2.8
1994-07-19 2.57 2.58 2.48 2.48
1994-07-26 2.45 2.46 2.28 2.28
1994-08-16 5.68 5.79 5.22 5.22
1994-11-07 3.77 3.82 3.62 3.62
1994-12-29 3.25 3.33 3.25 3.25
1995-02-08 2.86 2.88 2.8 2.8
1995-06-23 4.69 4.75 4.56 4.56
1995-10-05 6.13 6.25 5.93 5.93
1995-10-10 5.62 5.8 5.56 5.56
1995-11-21 5.75 5.85 5.74 5.74
1996-03-07 4.91 4.91 4.8 4.8
1996-03-13 4.82 4.85 4.71 4.71
1996-03-18 4.88 4.9 4.8 4.8
1996-04-03 4.79 4.85 4.77 4.77
1996-04-05 4.95 4.95 4.81 4.81
1996-04-10 5.05 5.07 4.9 4.9
1996-04-16 5.08 5.1 4.98 4.98
1996-04-18 5.13 5.13 5.0 5.0
1996-06-18 5.07 5.15 4.98 4.98
1996-06-26 5.21 5.23 5.08 5.08
1996-07-11 4.98 5.16 4.88 4.88
1996-08-28 4.43 4.53 4.4 4.4
1996-09-05 4.65 4.9 4.65 4.65
1996-09-13 4.33 4.33 4.24 4.24
1996-09-17 4.27 4.33 4.24 4.24
1996-09-23 4.69 4.69 4.44 4.44
1996-09-26 4.68 4.7 4.4 4.4
1996-12-16 6.92 6.92 6.92 6.92
1996-12-17 6.23 6.23 6.23 6.23
1996-12-23 5.5 5.6 5.25 5.25
1996-12-26 5.81 5.85 5.4 5.4
1997-02-21 6.98 7.01 6.45 6.45
1997-06-20 12.5 12.58 12.0 12.0
1997-06-25 13.18 13.36 12.5 12.5
1997-07-11 6.3 6.35 6.1 6.1
1997-07-30 6.38 6.43 6.2 6.2
1997-08-14 7.44 7.46 7.2 7.2
1997-09-16 7.21 7.3 7.14 7.14
1997-12-05 6.21 6.4 6.11 6.11
1998-01-07 5.93 6.05 5.9 5.9
1998-01-14 5.74 5.82 5.62 5.62
1998-01-16 6.06 6.38 6.0 6.0
1998-03-25 5.89 5.94 5.66 5.66
1998-04-01 6.2 6.28 6.08 6.08
1998-04-08 6.65 6.68 6.15 6.15
1998-05-08 7.04 7.04 6.38 6.38
1998-05-21 8.0 8.0 7.44 7.44
1998-08-05 6.82 7.01 6.6 6.6
1998-08-13 6.43 6.55 6.27 6.27
1998-08-19 5.91 5.91 5.52 5.52
1998-10-08 6.87 6.99 6.72 6.72
1998-10-16 7.09 7.16 6.98 6.98
1999-04-09 6.55 6.68 6.32 6.32
1999-05-28 6.7 6.88 6.58 6.58
1999-08-25 6.91 7.07 6.81 6.81
1999-08-27 7.13 7.26 7.05 7.05
1999-09-09 7.23 7.24 6.89 6.89
1999-11-05 6.51 6.57 6.45 6.45
1999-11-12 6.73 6.75 6.65 6.65
2000-07-12 10.13 10.3 10.05 10.05
2000-07-14 10.85 10.97 10.4 10.4
2000-10-13 9.28 9.29 8.82 8.82
2000-12-04 10.29 10.38 9.84 9.84
2000-12-25 10.49 10.65 10.25 10.25
2000-12-29 10.5 10.6 10.4 10.4
2001-01-05 11.3 11.45 11.01 11.01
2001-01-19 10.47 10.55 10.35 10.35
2001-03-26 10.51 10.62 10.35 10.35
2001-03-27 10.66 10.75 10.52 10.52
2001-04-09 10.68 10.8 10.34 10.34
2001-04-26 10.01 10.2 9.8 9.8
2001-04-27 10.08 10.15 10.01 10.01
2001-05-08 10.16 10.19 10.08 10.08
2001-06-11 10.65 10.7 10.6 10.6
2001-07-23 10.47 10.6 10.4 10.4
2001-09-04 8.99 9.0 8.8 8.8
2001-09-11 8.99 9.04 8.9 8.9
2001-11-28 7.7 7.77 7.67 7.67
2001-12-03 7.94 7.97 7.87 7.87
2001-12-25 7.04 7.08 6.95 6.95
2001-12-26 7.22 7.24 7.02 7.02
2001-12-28 7.08 7.24 7.05 7.05
2002-02-04 6.21 6.27 6.05 6.05
2002-02-07 6.14 6.16 6.0 6.0
2002-05-23 7.56 7.78 7.45 7.45
2002-05-28 7.49 7.64 7.48 7.48
2002-06-21 7.45 7.62 7.18 7.18
2002-10-21 7.17 7.24 7.05 7.05
2002-10-29 7.11 7.15 7.02 7.02
2002-11-05 7.29 7.38 7.2 7.2
2002-12-13 6.14 6.19 5.85 5.85
2002-12-19 6.19 6.25 6.08 6.08
2002-12-20 6.35 6.35 6.1 6.1
2003-02-25 6.55 6.56 6.43 6.43
2003-05-22 6.08 6.12 6.02 6.02
2003-05-27 6.21 6.28 6.16 6.16
2003-05-30 6.22 6.25 6.01 6.01
2003-06-02 6.32 6.33 6.18 6.18
2003-07-29 5.33 5.35 5.23 5.23
2003-08-06 5.41 5.42 5.3 5.3
2003-09-16 5.11 5.18 5.0 5.0
2003-10-10 5.16 5.19 5.0 5.0
2003-10-14 5.28 5.3 5.17 5.17
2003-10-20 5.37 5.48 5.33 5.33
2003-11-06 5.59 5.64 5.42 5.42
2004-07-16 4.62 4.64 4.53 4.53
2004-09-15 4.46 4.5 4.23 4.23
2005-01-05 3.78 3.88 3.7 3.7
2005-01-06 3.76 3.78 3.72 3.72
2005-05-12 2.11 2.14 2.0 2.0
2005-07-26 1.98 1.98 1.9 1.9
2005-08-02 2.17 2.17 2.11 2.11
2005-08-09 2.3 2.3 2.21 2.21
2005-08-25 2.23 2.24 2.18 2.18
2005-08-29 2.46 2.5 2.28 2.28
2005-10-19 2.32 2.37 2.28 2.28
2005-10-21 2.39 2.48 2.35 2.35
2005-10-27 2.31 2.31 2.23 2.23
2005-12-12 2.3 2.31 2.24 2.24
2006-01-05 2.3 2.31 2.25 2.25
2006-03-06 2.42 2.5 2.4 2.4
2006-03-13 2.34 2.37 2.3 2.3
2006-03-21 2.43 2.44 2.33 2.33
2006-05-29 3.05 3.09 3.0 3.0
2006-05-31 3.12 3.21 3.05 3.05
2006-12-15 2.22 2.25 2.21 2.21
2006-12-18 2.29 2.3 2.24 2.24
2006-12-21 2.34 2.39 2.28 2.28
2007-08-10 8.12 8.12 7.36 7.36
2007-08-15 9.6 9.6 8.85 8.85
2007-10-30 6.24 6.29 6.09 6.09
2007-12-26 7.6 7.69 7.41 7.41
2008-02-18 7.98 8.15 7.92 7.92
2008-07-30 4.51 4.64 4.47 4.47
2008-08-20 3.42 3.45 3.07 3.07
2009-01-12 3.73 3.78 3.66 3.66
2009-03-04 4.58 4.6 4.3 4.3
2009-07-27 6.63 6.64 6.43 6.43
2010-03-26 7.25 7.32 7.15 7.15
2010-04-01 7.44 7.54 7.31 7.31
2010-11-11 9.95 10.4 9.35 9.35
2010-11-24 9.7 9.76 8.96 8.96
2010-11-26 10.24 10.28 9.7 9.7
2011-12-29 7.71 7.8 7.6 7.6
2011-12-30 7.85 7.93 7.73 7.73
2012-01-06 7.47 7.49 7.05 7.05
2012-10-09 10.54 10.6 10.25 10.25
2012-10-16 10.51 10.61 10.33 10.33
2012-12-10 9.22 9.37 9.1 9.1
2012-12-14 9.6 9.64 9.04 9.04
2013-09-10 9.66 9.98 9.33 9.33
2013-12-03 9.5 9.53 9.19 9.19
2013-12-04 9.55 9.77 9.52 9.52
2014-01-28 9.74 9.88 9.5 9.5
2014-04-18 10.38 10.44 10.34 10.34
2014-06-23 9.73 9.8 9.69 9.69
2014-06-26 10.33 10.38 9.97 9.97
2015-05-21 17.64 17.66 17.25 17.25
2015-05-25 18.74 18.96 18.32 18.32
2015-06-01 20.43 20.48 19.38 19.38
2015-07-09 9.83 9.83 8.2 8.2
2015-07-13 11.89 11.89 11.89 11.89
2015-07-14 13.08 13.08 13.08 13.08
2015-11-06 14.63 14.97 14.17 14.17
2016-03-16 12.49 12.87 12.4 12.4
2016-05-03 15.19 15.56 14.59 14.59
2016-05-20 13.92 13.96 13.62 13.62
2016-05-23 14.43 14.45 13.9 13.9
2016-10-10 16.15 16.17 15.86 15.86
2016-11-01 16.35 16.48 16.27 16.27
2017-01-24 16.48 16.78 16.21 16.21
2017-02-22 19.31 19.31 17.55 17.55
2017-05-16 17.03 17.06 16.45 16.45
