1997-08-12 13.0 13.55 13.0 13.0
1997-09-25 13.45 13.69 13.3 13.3
1997-10-06 13.25 13.36 13.2 13.2
1997-10-15 13.6 13.75 13.51 13.51
1997-11-07 15.46 15.69 14.75 14.75
1997-12-08 15.52 15.71 15.11 15.11
1997-12-22 16.98 16.98 16.22 16.22
1997-12-31 17.37 17.5 17.05 17.05
1998-01-05 17.8 18.25 17.41 17.41
1998-02-17 16.45 16.5 15.85 15.85
1998-03-03 15.0 15.1 14.5 14.5
1998-03-17 14.31 14.34 13.8 13.8
1998-03-30 14.66 14.69 14.1 14.1
1998-04-08 15.05 15.3 14.8 14.8
1998-04-10 14.98 15.11 14.63 14.63
1998-04-13 15.7 15.78 15.11 15.11
1998-04-21 14.64 14.99 14.18 14.18
1998-04-22 14.82 14.82 14.6 14.6
1998-04-29 16.01 16.45 16.0 16.0
1998-05-21 15.42 15.5 15.21 15.21
1998-05-26 16.0 16.19 15.8 15.8
1998-06-18 17.2 17.3 16.7 16.7
1998-07-10 16.72 16.8 16.3 16.3
1998-07-15 16.46 16.54 16.16 16.16
1998-07-31 14.69 14.69 14.0 14.0
1998-08-05 15.2 15.2 14.9 14.9
1998-08-19 12.46 12.5 11.9 11.9
1998-09-03 13.54 13.7 13.2 13.2
1998-09-04 14.1 14.45 13.5 13.5
1998-09-08 14.1 14.53 14.1 14.1
1998-09-25 14.79 14.93 14.51 14.51
1998-09-28 15.37 15.67 14.85 14.85
1998-10-28 15.62 15.8 14.96 14.96
1998-10-29 15.72 15.9 15.5 15.5
1998-11-02 16.02 16.28 15.9 15.9
1998-11-03 16.42 16.7 16.1 16.1
1998-11-17 16.95 17.0 16.6 16.6
1998-11-18 17.32 17.89 16.93 16.93
1998-11-30 16.18 16.2 15.65 15.65
1998-12-01 16.3 16.6 16.18 16.18
1998-12-08 15.8 15.87 15.53 15.53
1999-01-08 16.65 16.8 15.65 15.65
1999-01-15 17.8 18.1 17.61 17.61
1999-02-08 17.95 18.1 17.7 17.7
1999-02-09 18.25 18.38 17.92 17.92
1999-03-19 17.57 17.74 17.3 17.3
1999-04-28 15.08 15.65 15.0 15.0
1999-05-05 15.84 15.85 15.54 15.54
1999-05-19 15.25 15.3 14.52 14.52
1999-06-14 12.8 12.85 12.2 12.2
1999-06-16 12.77 12.8 12.2 12.2
1999-06-21 14.35 14.5 13.8 13.8
1999-06-28 15.28 15.48 14.61 14.61
1999-07-14 12.62 12.68 12.38 12.38
1999-08-03 13.49 13.66 12.7 12.7
1999-08-10 12.79 13.1 12.7 12.7
1999-08-19 11.95 11.98 11.6 11.6
1999-08-31 12.05 12.31 11.51 11.51
1999-09-09 12.76 12.8 12.15 12.15
1999-09-17 12.37 12.55 12.3 12.3
1999-11-05 10.8 10.96 10.8 10.8
1999-11-12 10.8 10.84 10.6 10.6
1999-11-16 11.14 11.25 11.02 11.02
1999-12-10 11.2 11.22 11.05 11.05
1999-12-13 11.29 11.45 11.2 11.2
1999-12-28 10.3 10.36 10.22 10.22
1999-12-30 10.32 10.38 10.2 10.2
2000-01-07 11.46 11.47 10.86 10.86
2000-02-14 12.9 12.98 12.1 12.1
2000-03-03 14.48 14.7 13.87 13.87
2000-03-28 15.55 15.78 15.25 15.25
2000-03-29 16.68 17.11 15.65 15.65
2000-04-24 17.54 17.66 16.55 16.55
2000-05-16 12.83 12.95 12.33 12.33
2000-06-30 15.9 16.15 15.6 15.6
2000-07-06 16.78 17.0 16.05 16.05
2000-07-25 16.5 16.63 16.05 16.05
2000-09-07 15.24 15.5 15.1 15.1
2000-09-12 15.05 15.35 15.03 15.03
2000-09-20 15.42 15.42 15.1 15.1
2000-10-10 16.18 16.18 15.78 15.78
2000-10-13 16.55 16.75 16.26 16.26
2000-11-02 17.3 17.32 16.75 16.75
2000-11-06 17.09 17.22 16.96 16.96
2000-11-08 17.0 17.0 16.88 16.88
2000-11-10 17.59 17.65 17.3 17.3
2000-11-15 19.6 20.0 18.5 18.5
2000-11-28 19.68 19.93 18.9 18.9
2000-12-01 19.7 20.17 19.4 19.4
2000-12-26 21.99 22.5 21.03 21.03
2001-01-11 20.38 20.4 19.99 19.99
2001-02-07 19.8 19.8 19.24 19.24
2001-02-28 18.8 18.82 18.61 18.61
2001-03-01 19.28 19.28 18.8 18.8
2001-03-02 19.76 19.78 19.25 19.25
2001-03-12 19.61 19.65 19.3 19.3
2001-03-19 20.01 20.1 19.83 19.83
2001-03-30 20.15 20.16 19.8 19.8
2001-04-24 14.76 14.85 14.35 14.35
2001-05-08 14.9 15.03 14.74 14.74
2001-05-09 14.98 15.0 14.8 14.8
2001-06-19 14.35 14.7 14.35 14.35
2001-06-27 15.35 15.35 14.7 14.7
2001-07-09 14.58 14.77 14.55 14.55
2001-07-18 14.52 14.67 14.49 14.49
2001-07-31 13.09 13.27 13.0 13.0
2001-08-29 12.32 12.46 12.2 12.2
2001-10-09 10.36 10.43 10.3 10.3
2001-10-23 9.36 9.36 8.93 8.93
2001-10-29 9.75 9.8 9.35 9.35
2001-11-06 10.58 10.78 10.45 10.45
2001-11-14 10.93 11.14 10.82 10.82
2001-12-03 11.49 11.74 11.45 11.45
2002-01-31 10.09 10.12 9.44 9.44
2002-02-04 10.18 10.25 9.95 9.95
2002-02-08 10.08 10.3 10.0 10.0
2002-02-25 10.28 10.35 10.1 10.1
2002-02-26 10.58 10.63 10.3 10.3
2002-03-08 11.81 12.17 11.11 11.11
2002-04-09 11.4 11.54 11.15 11.15
2002-04-26 11.4 11.42 11.2 11.2
2002-04-29 11.63 11.68 11.3 11.3
2002-06-18 10.04 10.12 9.9 9.9
2002-06-20 10.1 10.18 10.02 10.02
2002-06-24 11.52 11.52 10.9 10.9
2002-07-08 11.55 11.58 11.21 11.21
2002-07-12 11.66 11.68 11.45 11.45
2002-07-30 11.77 11.78 11.59 11.59
2002-08-14 11.49 11.52 11.29 11.29
2002-10-16 10.45 10.48 10.3 10.3
2002-10-22 10.75 10.78 10.56 10.56
2002-11-04 10.62 10.63 10.41 10.41
2002-11-05 10.79 10.87 10.55 10.55
2002-12-04 9.01 9.04 8.24 8.24
2002-12-05 9.07 9.09 8.85 8.85
2002-12-12 8.66 8.66 8.48 8.48
2002-12-16 8.94 8.98 8.6 8.6
2002-12-17 9.05 9.09 8.84 8.84
2002-12-23 9.06 9.12 8.85 8.85
2003-01-06 8.49 8.49 8.35 8.35
2003-01-08 8.66 8.71 8.4 8.4
2003-01-09 9.05 9.2 8.58 8.58
2003-01-14 9.34 9.35 8.81 8.81
2003-01-27 9.14 9.18 9.03 9.03
2003-02-10 9.37 9.41 9.16 9.16
2003-04-16 10.46 10.89 10.2 10.2
2003-04-17 10.73 10.79 10.5 10.5
2003-05-19 10.73 10.75 10.56 10.56
2003-06-24 10.01 10.01 9.88 9.88
2003-06-25 9.97 10.04 9.85 9.85
2003-07-11 10.0 10.19 9.85 9.85
2003-08-01 9.73 9.84 9.65 9.65
2003-08-07 9.88 9.98 9.6 9.6
2003-08-12 9.77 9.88 9.6 9.6
2003-08-13 9.88 9.97 9.8 9.8
2003-09-04 8.98 9.08 8.9 8.9
2003-10-22 8.68 8.93 8.58 8.58
2003-11-11 8.59 8.59 8.49 8.49
2003-12-02 8.98 9.05 8.8 8.8
2004-01-09 8.7 8.84 8.43 8.43
2004-02-05 9.22 9.3 9.0 9.0
2004-02-12 9.09 9.2 9.06 9.06
2004-02-16 9.32 9.39 8.97 8.97
2004-02-18 9.76 9.8 9.45 9.45
2004-03-30 9.55 9.6 9.5 9.5
2004-04-08 10.56 10.75 10.36 10.36
2004-04-12 10.79 10.98 10.23 10.23
2004-04-27 10.36 10.5 10.28 10.28
2004-05-27 9.9 10.2 9.8 9.8
2004-07-01 4.32 4.37 4.16 4.16
2004-09-17 4.2 4.2 3.85 3.85
2004-11-01 3.78 3.79 3.58 3.58
2004-12-22 3.32 3.36 3.25 3.25
2004-12-24 3.33 3.36 3.25 3.25
2005-02-02 2.81 2.82 2.67 2.67
2005-03-01 3.25 3.35 3.11 3.11
2005-03-03 3.35 3.38 3.22 3.22
2005-03-21 3.33 3.34 3.2 3.2
2005-04-13 3.98 4.01 3.92 3.92
2005-06-07 3.57 3.6 3.5 3.5
2005-06-20 3.53 3.57 3.43 3.43
2005-07-04 2.75 2.9 2.67 2.67
2005-08-01 3.22 3.28 3.05 3.05
2005-08-05 3.22 3.24 3.08 3.08
2005-10-18 2.77 2.78 2.55 2.55
2005-11-11 2.29 2.31 2.19 2.19
2005-11-14 2.32 2.33 2.27 2.27
2005-11-23 2.23 2.24 2.2 2.2
2005-12-07 1.99 2.02 1.91 1.91
2005-12-20 2.03 2.04 2.0 2.0
2005-12-22 1.97 1.99 1.95 1.95
2005-12-28 2.0 2.02 1.98 1.98
2006-01-10 2.08 2.09 2.05 2.05
2006-01-12 2.07 2.07 2.02 2.02
2006-02-07 2.03 2.04 1.96 1.96
2006-03-27 2.45 2.54 2.34 2.34
2006-10-27 5.29 5.47 5.19 5.19
2006-12-11 5.15 5.3 5.0 5.0
2007-01-15 6.81 6.81 6.15 6.15
2007-01-29 7.95 8.16 7.73 7.73
2007-02-12 7.2 7.21 6.76 6.76
2007-04-16 8.92 9.0 8.75 8.75
2007-04-20 8.71 8.88 8.39 8.39
2007-04-27 8.43 8.75 8.43 8.43
2007-04-30 8.01 8.2 8.01 8.01
2007-05-08 8.41 8.41 7.61 7.61
2007-05-15 8.64 8.64 8.3 8.3
2007-05-22 10.5 10.5 10.5 10.5
2007-05-30 9.98 10.31 9.98 9.98
2007-05-31 9.48 9.48 9.48 9.48
2007-06-01 9.01 9.41 9.01 9.01
2007-06-04 8.56 8.56 8.56 8.56
2007-06-05 8.13 8.13 8.13 8.13
2007-06-06 7.83 8.29 7.72 7.72
2007-06-13 8.6 8.6 8.35 8.35
2007-06-26 8.56 8.56 8.56 8.56
2007-06-27 8.99 8.99 8.99 8.99
2007-06-28 9.44 9.44 9.44 9.44
2007-07-20 9.15 9.26 8.87 8.87
2007-07-31 10.52 10.59 10.11 10.11
2007-08-09 9.72 9.8 9.47 9.47
2007-08-14 9.92 10.0 9.35 9.35
2007-08-27 10.79 10.79 10.28 10.28
2008-02-04 12.01 12.01 11.58 11.58
2008-04-15 13.21 13.21 13.21 13.21
2008-04-16 12.55 12.55 12.55 12.55
2008-04-17 11.92 11.92 11.92 11.92
2008-04-18 11.32 11.32 11.32 11.32
2008-04-21 10.75 10.75 10.75 10.75
2008-04-23 10.21 10.21 10.21 10.21
2008-04-28 9.31 9.53 9.31 9.31
2008-04-29 9.78 9.78 8.86 8.86
2008-05-13 9.25 9.58 9.2 9.2
2008-06-11 7.25 7.3 7.25 7.25
2008-06-12 6.9 7.19 6.89 6.89
2008-06-23 5.08 5.18 5.08 5.08
2008-06-24 4.91 5.08 4.83 4.83
2008-06-30 4.95 5.06 4.95 4.95
2008-07-03 4.61 4.69 4.27 4.27
2008-08-12 4.46 4.57 4.46 4.46
2008-09-10 3.39 3.43 3.29 3.29
2008-09-19 2.96 2.96 2.96 2.96
2008-10-24 2.49 2.49 2.36 2.36
2008-10-27 2.37 2.44 2.37 2.37
2008-10-28 2.27 2.31 2.25 2.25
2008-11-10 2.19 2.19 2.08 2.08
2008-11-17 2.55 2.55 2.39 2.39
2008-12-03 2.74 2.74 2.68 2.68
2008-12-04 2.88 2.88 2.88 2.88
2008-12-25 3.53 3.66 3.52 3.52
2009-02-27 4.63 4.72 4.63 4.63
2009-03-02 4.4 4.55 4.4 4.4
2009-03-06 4.76 4.83 4.64 4.64
2009-03-10 4.57 4.58 4.31 4.31
2009-03-24 5.3 5.3 5.09 5.09
2009-04-09 5.24 5.29 5.09 5.09
2009-04-24 6.78 6.78 6.66 6.66
2009-05-27 6.46 6.58 6.43 6.43
2009-06-22 7.17 7.33 6.97 6.97
2009-07-31 8.23 8.34 7.98 7.98
2009-09-03 7.29 7.33 7.01 7.01
2009-09-17 7.8 7.84 7.6 7.6
2009-09-30 7.13 7.25 7.07 7.07
2009-10-09 7.39 7.45 7.2 7.2
2009-10-23 7.58 7.67 7.55 7.55
2009-10-28 7.76 7.82 7.6 7.6
2009-11-05 7.92 8.06 7.89 7.89
2009-11-12 8.22 8.36 8.06 8.06
2009-11-13 8.63 8.63 8.24 8.24
2009-11-30 8.99 9.05 8.73 8.73
2009-12-16 9.64 9.85 9.5 9.5
2009-12-21 9.38 9.52 9.12 9.12
2010-01-18 11.09 11.1 10.8 10.8
2010-01-25 10.11 10.39 10.03 10.03
2010-03-11 9.83 9.94 9.46 9.46
2010-03-26 9.44 9.48 9.35 9.35
2010-03-31 9.37 9.55 9.31 9.31
2010-04-21 9.84 9.87 9.56 9.56
2010-05-14 7.56 7.58 7.41 7.41
2010-05-24 7.73 7.73 7.41 7.41
2010-06-22 7.43 7.57 7.32 7.32
2010-07-01 6.37 6.55 6.35 6.35
2010-07-07 6.86 6.89 6.73 6.73
2010-07-14 6.89 6.96 6.84 6.84
2010-07-20 7.2 7.24 6.99 6.99
2010-07-28 7.91 7.97 7.68 7.68
2010-08-02 8.02 8.14 7.89 7.89
2010-08-05 8.3 8.34 8.0 8.0
2010-08-06 8.45 8.52 8.3 8.3
2010-08-11 8.61 8.85 8.47 8.47
2010-08-27 8.65 8.69 8.5 8.5
2010-09-14 8.59 8.6 8.23 8.23
2010-09-30 9.33 9.37 9.13 9.13
2010-11-04 9.61 9.64 9.36 9.36
2011-01-21 8.83 8.95 8.45 8.45
2011-02-14 9.05 9.1 8.95 8.95
2011-02-15 9.09 9.3 9.01 9.01
2011-04-01 8.65 8.65 8.51 8.51
2011-06-23 8.04 8.14 7.68 7.68
2011-07-19 8.63 8.75 8.56 8.56
2011-07-28 9.28 9.3 8.74 8.74
2011-08-10 8.4 8.48 8.26 8.26
2011-09-06 8.21 8.25 8.12 8.12
2011-11-14 7.19 7.24 7.03 7.03
2011-11-17 7.1 7.11 7.05 7.05
2011-12-30 5.33 5.4 5.27 5.27
2012-01-20 5.75 5.75 5.5 5.5
2012-02-09 5.78 5.85 5.72 5.72
2012-03-09 6.04 6.04 5.9 5.9
2012-03-27 7.19 7.37 6.97 6.97
2012-03-30 6.85 6.99 6.77 6.77
2012-05-29 6.99 7.1 6.87 6.87
2012-06-11 6.69 6.76 6.61 6.61
2012-06-14 6.81 6.95 6.78 6.78
2012-06-29 6.7 6.71 6.51 6.51
2012-07-20 6.48 6.54 6.35 6.35
2012-07-30 5.88 5.88 5.88 5.88
2012-07-31 5.59 5.59 5.59 5.59
2012-08-01 5.61 5.72 5.31 5.31
2012-08-06 5.42 5.42 5.25 5.25
2012-08-16 5.25 5.41 5.11 5.11
2012-08-21 5.36 5.47 5.27 5.27
2012-09-28 5.34 5.42 5.2 5.2
2012-11-12 5.52 5.63 5.45 5.45
2012-11-23 5.5 5.7 5.29 5.29
2012-12-14 5.16 5.22 4.99 4.99
2013-01-07 5.35 5.37 5.29 5.29
2013-01-08 5.43 5.44 5.32 5.32
2013-01-30 5.45 5.7 5.3 5.3
2013-02-20 6.0 6.04 5.76 5.76
2013-03-07 5.8 5.88 5.63 5.63
2013-04-19 5.07 5.12 4.93 4.93
2013-05-17 4.77 4.84 4.73 4.73
2013-05-20 5.13 5.24 4.76 4.76
2013-08-29 4.19 4.2 4.11 4.11
2013-09-25 4.23 4.28 4.2 4.2
2013-10-11 4.32 4.39 4.28 4.28
2013-12-04 4.19 4.2 4.1 4.1
2013-12-27 3.92 3.93 3.82 3.82
2014-01-14 3.61 3.63 3.52 3.52
2014-01-22 3.63 3.63 3.53 3.53
2014-03-25 4.32 4.43 4.15 4.15
2014-04-01 4.09 4.12 4.01 4.01
2014-04-29 3.87 3.88 3.8 3.8
2014-05-05 3.93 3.94 3.85 3.85
2014-05-12 3.96 3.98 3.86 3.86
2014-07-01 3.91 3.92 3.88 3.88
2014-07-15 3.98 4.02 3.93 3.93
2014-07-23 4.0 4.01 3.95 3.95
2014-08-06 4.62 4.62 4.62 4.62
2014-10-30 5.5 5.58 5.33 5.33
2015-01-13 5.86 5.92 5.75 5.75
2015-01-20 5.51 5.51 5.36 5.36
2015-02-09 5.39 5.54 5.33 5.33
2015-04-21 7.47 7.51 7.08 7.08
2015-04-22 7.72 7.8 7.48 7.48
2015-05-21 8.18 8.28 8.08 8.08
2015-07-03 10.04 10.95 10.04 10.04
2015-07-07 8.14 8.14 8.14 8.14
2015-07-13 8.95 8.95 8.95 8.95
2015-07-28 8.24 8.82 8.02 8.02
2015-08-07 7.96 8.05 7.64 7.64
2015-08-10 8.76 8.76 8.05 8.05
2015-08-25 6.48 6.69 6.48 6.48
2015-09-07 5.39 5.56 5.2 5.2
2015-11-26 8.2 8.6 8.03 8.03
2016-01-19 5.75 5.79 5.51 5.51
2016-02-15 5.17 5.22 4.9 4.9
2016-02-17 5.43 5.55 5.31 5.31
2016-03-30 6.05 6.07 5.92 5.92
2016-04-26 7.38 7.38 6.66 6.66
2016-06-27 6.36 6.4 6.17 6.17
2016-07-11 6.48 6.7 6.45 6.45
2016-08-01 9.25 9.25 9.25 9.25
2016-08-02 8.63 9.05 8.33 8.33
2016-09-30 8.52 8.63 8.42 8.42
2016-10-11 8.91 8.99 8.8 8.8
2016-11-15 10.77 10.98 10.58 10.58
2016-11-23 10.64 10.88 10.5 10.5
2016-12-06 12.34 12.34 11.24 11.24
2016-12-12 12.77 13.35 12.01 12.01
2016-12-29 11.81 12.09 11.55 11.55
2017-02-17 11.3 11.74 10.66 10.66
2017-03-16 11.83 12.08 11.73 11.73
2017-04-14 9.07 9.21 9.05 9.05
2017-04-20 9.1 9.18 8.86 8.86
2017-06-27 7.29 7.38 7.03 7.03
