2003-03-26 18.27 18.38 18.1 18.1
2003-07-09 16.45 16.58 16.26 16.26
2003-07-14 16.5 16.62 16.41 16.41
2003-08-11 15.88 15.93 15.51 15.51
2003-08-12 15.95 15.98 15.66 15.66
2003-08-18 15.85 15.88 15.68 15.68
2003-10-13 14.65 14.85 14.33 14.33
2003-10-15 14.47 14.65 14.45 14.45
2003-11-20 11.18 11.2 10.65 10.65
2003-11-24 11.87 11.98 10.92 10.92
2003-12-02 11.55 11.65 11.5 11.5
2003-12-17 11.46 11.74 11.35 11.35
2004-03-25 14.26 14.3 14.03 14.03
2004-03-30 15.06 15.1 14.34 14.34
2004-04-02 15.26 15.48 15.03 15.03
2004-04-05 15.78 15.9 15.38 15.38
2004-04-06 16.28 17.2 15.85 15.85
2004-04-27 13.43 13.5 13.3 13.3
2004-05-11 12.72 12.89 12.58 12.58
2004-05-17 12.87 12.99 12.73 12.73
2004-05-18 13.38 13.49 13.03 13.03
2004-07-21 11.11 11.2 11.02 11.02
2004-07-29 11.11 11.15 10.86 10.86
2004-07-30 11.19 11.27 11.11 11.11
2004-08-03 11.14 11.29 10.91 10.91
2004-08-10 10.98 11.0 10.85 10.85
2004-08-18 10.27 10.4 10.18 10.18
2004-08-26 9.91 10.02 9.89 9.89
2004-09-03 9.97 10.0 9.79 9.79
2005-02-21 9.08 9.09 8.9 8.9
2005-02-28 9.36 9.48 9.3 9.3
2005-03-03 9.36 9.54 8.62 8.62
2005-03-07 9.18 9.22 9.0 9.0
2005-03-11 9.31 9.35 9.0 9.0
2005-03-17 8.87 9.1 8.75 8.75
2005-03-21 8.83 8.96 8.6 8.6
2005-03-24 8.61 8.78 8.31 8.31
2005-03-28 8.35 8.46 8.3 8.3
2005-03-31 8.19 8.39 8.08 8.08
2005-04-05 8.23 8.43 7.9 7.9
2005-04-07 8.38 8.58 8.17 8.17
2005-04-08 9.22 9.22 8.33 8.33
2005-04-13 8.77 9.07 8.7 8.7
2005-05-19 8.71 8.87 8.63 8.63
2005-07-05 7.4 7.48 7.3 7.3
2005-08-12 7.85 8.02 7.8 7.8
2005-08-17 8.14 8.19 7.76 7.76
2005-11-17 7.68 7.78 7.51 7.51
2005-11-23 7.86 7.86 7.73 7.73
2005-11-24 7.95 7.97 7.8 7.8
2006-10-24 7.53 7.53 7.34 7.34
2006-11-23 7.17 7.21 7.1 7.1
2007-04-20 15.13 15.18 14.5 14.5
2007-05-14 16.73 16.98 15.51 15.51
2007-07-30 12.99 13.25 12.8 12.8
2007-08-03 13.77 13.83 12.85 12.85
2007-09-06 14.9 15.09 14.7 14.7
2007-09-13 15.02 15.42 14.2 14.2
2007-09-18 17.44 17.44 15.98 15.98
2007-11-23 12.87 12.88 12.2 12.2
2007-12-26 15.6 15.87 15.2 15.2
2008-01-02 15.99 16.18 15.51 15.51
2008-01-10 17.93 17.93 17.13 17.13
2008-04-11 12.01 12.29 11.81 11.81
2008-08-01 7.56 7.7 7.25 7.25
2008-09-12 5.67 5.76 5.58 5.58
2008-10-23 5.27 5.43 5.2 5.2
2008-11-19 5.83 5.89 5.35 5.35
2009-07-09 11.07 11.07 10.86 10.86
2009-07-17 11.39 11.48 11.09 11.09
2009-10-28 11.25 11.3 11.05 11.05
2009-11-03 13.99 14.68 13.01 13.01
2010-04-08 14.86 14.96 14.73 14.73
2010-04-14 15.39 15.65 15.1 15.1
2010-04-22 15.13 15.29 14.67 14.67
2010-04-26 15.27 15.4 14.82 14.82
2010-08-12 10.48 10.65 10.19 10.19
2010-08-13 11.53 11.53 10.78 10.78
2010-08-16 12.68 12.68 12.68 12.68
2010-08-20 16.61 16.61 14.89 14.89
2010-08-24 17.81 18.53 17.17 17.17
2011-02-16 19.71 20.65 19.3 19.3
2011-02-18 20.49 21.0 19.5 19.5
2011-05-20 16.97 17.8 16.6 16.6
2011-05-23 17.0 17.3 16.62 16.62
2011-06-14 15.98 16.15 15.51 15.51
2011-06-17 15.42 16.15 15.17 15.17
2011-07-04 16.03 16.09 15.75 15.75
2011-08-25 15.04 15.06 14.66 14.66
2011-10-28 14.21 14.25 13.95 13.95
2011-11-03 14.34 14.7 14.3 14.3
2011-12-07 13.46 13.68 13.36 13.36
2012-05-24 12.84 13.03 12.72 12.72
2012-07-02 10.38 10.4 10.11 10.11
2013-01-18 10.26 10.34 10.1 10.1
2013-02-08 10.11 10.17 9.93 9.93
2013-04-01 12.07 12.07 12.07 12.07
2013-07-10 9.1 9.12 8.75 8.75
2013-11-18 10.53 10.55 10.3 10.3
2013-11-25 10.43 10.54 10.39 10.39
2013-12-03 10.54 10.58 10.16 10.16
2013-12-17 11.37 11.57 11.1 11.1
2014-02-17 11.72 11.75 11.51 11.51
2014-06-24 11.28 11.33 11.18 11.18
2014-07-01 12.56 12.96 12.18 12.18
2014-09-02 14.28 14.54 13.98 13.98
2014-09-09 15.19 15.35 14.54 14.54
2014-12-11 16.76 16.78 16.25 16.25
2015-02-10 15.48 15.66 15.25 15.25
2015-04-24 34.64 34.64 31.56 31.56
2015-07-09 17.18 17.18 14.06 14.06
2015-07-10 18.9 18.9 17.75 17.75
2015-07-17 24.62 24.63 22.28 22.28
2016-02-16 19.37 19.8 18.59 18.59
2016-03-15 17.49 17.65 17.21 17.21
2016-06-14 17.5 17.71 17.3 17.3
2016-07-04 19.84 19.89 19.21 19.21
2016-08-26 15.78 16.0 15.47 15.47
2016-09-20 15.98 16.09 15.74 15.74
2016-10-18 16.85 16.91 16.48 16.48
2017-07-07 10.28 10.29 10.21 10.21
2017-07-27 9.92 9.99 9.57 9.57
2017-07-31 9.9 9.91 9.78 9.78
