2003-03-21 18.29 18.45 18.07 18.07
2003-03-26 18.27 18.38 18.1 18.1
2003-04-14 18.45 18.6 18.25 18.25
2003-05-21 16.52 16.7 16.41 16.41
2003-05-30 16.85 16.97 16.7 16.7
2003-06-10 16.83 16.93 16.75 16.75
2003-07-08 16.36 16.41 15.81 15.81
2003-07-09 16.45 16.58 16.26 16.26
2003-07-14 16.5 16.62 16.41 16.41
2003-08-07 15.92 16.06 15.58 15.58
2003-08-11 15.88 15.93 15.51 15.51
2003-08-12 15.95 15.98 15.66 15.66
2003-08-18 15.85 15.88 15.68 15.68
2003-09-01 15.59 15.72 15.01 15.01
2003-09-19 14.97 15.28 14.65 14.65
2003-10-08 14.74 14.8 14.5 14.5
2003-10-13 14.65 14.85 14.33 14.33
2003-10-15 14.47 14.65 14.45 14.45
2003-11-19 10.65 10.66 10.35 10.35
2003-11-20 11.18 11.2 10.65 10.65
2003-11-24 11.87 11.98 10.92 10.92
2003-12-02 11.55 11.65 11.5 11.5
2003-12-15 11.66 11.83 11.5 11.5
2003-12-17 11.46 11.74 11.35 11.35
2004-01-13 13.65 13.75 12.73 12.73
2004-02-03 13.85 13.88 12.91 12.91
2004-02-27 14.24 14.28 14.0 14.0
2004-03-10 13.91 14.01 13.6 13.6
2004-03-19 13.9 14.0 13.8 13.8
2004-03-25 14.26 14.3 14.03 14.03
2004-03-30 15.06 15.1 14.34 14.34
2004-04-02 15.26 15.48 15.03 15.03
2004-04-05 15.78 15.9 15.38 15.38
2004-04-06 16.28 17.2 15.85 15.85
2004-04-19 15.16 15.5 14.89 14.89
2004-04-27 13.43 13.5 13.3 13.3
2004-05-11 12.72 12.89 12.58 12.58
2004-05-17 12.87 12.99 12.73 12.73
2004-05-18 13.38 13.49 13.03 13.03
2004-05-28 13.5 13.85 13.21 13.21
2004-06-21 13.78 13.96 13.3 13.3
2004-07-01 12.28 12.4 11.95 11.95
2004-07-16 11.26 11.3 10.75 10.75
2004-07-21 11.11 11.2 11.02 11.02
2004-07-29 11.11 11.15 10.86 10.86
2004-07-30 11.19 11.27 11.11 11.11
2004-08-03 11.14 11.29 10.91 10.91
2004-08-10 10.98 11.0 10.85 10.85
2004-08-18 10.27 10.4 10.18 10.18
2004-08-26 9.91 10.02 9.89 9.89
2004-09-03 9.97 10.0 9.79 9.79
2004-09-14 9.68 10.22 9.42 9.42
2004-10-08 10.58 10.6 10.0 10.0
2004-11-25 10.73 11.08 10.65 10.65
2004-12-09 10.38 10.52 10.2 10.2
2005-01-07 9.99 10.15 9.91 9.91
2005-01-24 9.75 9.89 9.6 9.6
2005-02-16 9.08 9.16 8.91 8.91
2005-02-21 9.08 9.09 8.9 8.9
2005-02-28 9.36 9.48 9.3 9.3
2005-03-03 9.36 9.54 8.62 8.62
2005-03-07 9.18 9.22 9.0 9.0
2005-03-11 9.31 9.35 9.0 9.0
2005-03-17 8.87 9.1 8.75 8.75
2005-03-21 8.83 8.96 8.6 8.6
2005-03-24 8.61 8.78 8.31 8.31
2005-03-28 8.35 8.46 8.3 8.3
2005-03-31 8.19 8.39 8.08 8.08
2005-04-05 8.23 8.43 7.9 7.9
2005-04-07 8.38 8.58 8.17 8.17
2005-04-08 9.22 9.22 8.33 8.33
2005-04-13 8.77 9.07 8.7 8.7
2005-05-13 8.86 9.3 8.1 8.1
2005-05-19 8.71 8.87 8.63 8.63
2005-05-30 8.65 8.74 8.03 8.03
2005-06-13 9.92 10.25 9.55 9.55
2005-06-27 8.85 9.18 8.73 8.73
2005-07-05 7.4 7.48 7.3 7.3
2005-07-19 6.66 6.71 6.59 6.59
2005-08-05 7.61 7.64 7.4 7.4
2005-08-12 7.85 8.02 7.8 7.8
2005-08-17 8.14 8.19 7.76 7.76
2005-09-19 9.0 9.08 8.88 8.88
2005-10-26 8.94 9.25 8.85 8.85
2005-11-11 7.78 7.86 7.72 7.72
2005-11-17 7.68 7.78 7.51 7.51
2005-11-23 7.86 7.86 7.73 7.73
2005-11-24 7.95 7.97 7.8 7.8
2005-12-06 7.92 7.99 7.6 7.6
2006-02-28 8.83 8.92 8.62 8.62
2006-10-19 7.76 7.89 7.7 7.7
2006-10-24 7.53 7.53 7.34 7.34
2006-11-21 7.12 7.14 7.05 7.05
2006-11-23 7.17 7.21 7.1 7.1
2006-12-14 7.29 7.45 7.17 7.17
2006-12-25 7.46 7.58 7.38 7.38
2007-01-29 8.59 8.6 8.28 8.28
2007-02-14 9.49 9.56 9.2 9.2
2007-03-02 9.68 9.78 9.41 9.41
2007-04-13 14.0 14.12 13.0 13.0
2007-04-20 15.13 15.18 14.5 14.5
2007-05-08 14.81 14.87 14.35 14.35
2007-05-14 16.73 16.98 15.51 15.51
2007-07-20 11.82 11.87 11.5 11.5
2007-07-30 12.99 13.25 12.8 12.8
2007-08-03 13.77 13.83 12.85 12.85
2007-08-23 15.38 15.7 14.28 14.28
2007-09-03 14.84 15.09 14.65 14.65
2007-09-06 14.9 15.09 14.7 14.7
2007-09-13 15.02 15.42 14.2 14.2
2007-09-18 17.44 17.44 15.98 15.98
2007-10-18 14.79 14.95 14.5 14.5
2007-11-20 13.08 13.3 12.7 12.7
2007-11-23 12.87 12.88 12.2 12.2
2007-12-21 14.5 14.64 14.3 14.3
2007-12-26 15.6 15.87 15.2 15.2
2008-01-02 15.99 16.18 15.51 15.51
2008-01-10 17.93 17.93 17.13 17.13
2008-01-24 15.41 15.55 15.0 15.0
2008-02-04 14.83 14.85 14.1 14.1
2008-03-25 13.99 14.05 13.5 13.5
2008-04-10 11.77 11.8 11.2 11.2
2008-04-11 12.01 12.29 11.81 11.81
2008-05-09 14.69 14.89 13.98 13.98
2008-05-27 14.07 14.2 13.72 13.72
2008-07-17 7.32 7.84 7.27 7.27
2008-07-28 8.16 8.17 7.82 7.82
2008-08-01 7.56 7.7 7.25 7.25
2008-09-10 5.7 5.89 5.56 5.56
2008-09-12 5.67 5.76 5.58 5.58
2008-10-21 5.04 5.34 4.92 4.92
2008-10-23 5.27 5.43 5.2 5.2
2008-11-13 5.4 5.47 5.13 5.13
2008-11-19 5.83 5.89 5.35 5.35
2008-11-28 5.99 6.08 5.75 5.75
2009-01-20 7.59 7.59 7.0 7.0
2009-02-06 8.07 8.08 7.85 7.85
2009-02-20 8.1 8.15 7.83 7.83
2009-03-04 8.04 8.1 7.63 7.63
2009-04-23 10.49 10.56 10.05 10.05
2009-07-02 11.0 11.05 10.89 10.89
2009-07-09 11.07 11.07 10.86 10.86
2009-07-17 11.39 11.48 11.09 11.09
2009-09-11 10.9 10.94 10.42 10.42
2009-10-22 11.3 11.43 11.02 11.02
2009-10-28 11.25 11.3 11.05 11.05
2009-11-03 13.99 14.68 13.01 13.01
2009-11-23 14.52 14.57 14.3 14.3
2009-12-16 15.44 15.44 14.18 14.18
2010-01-14 14.03 14.08 13.66 13.66
2010-01-29 13.37 13.69 12.97 12.97
2010-02-11 13.15 13.24 13.08 13.08
2010-03-16 13.32 13.33 13.12 13.12
2010-04-07 14.71 14.77 14.44 14.44
2010-04-08 14.86 14.96 14.73 14.73
2010-04-14 15.39 15.65 15.1 15.1
2010-04-22 15.13 15.29 14.67 14.67
2010-04-26 15.27 15.4 14.82 14.82
2010-05-27 13.7 13.8 13.25 13.25
2010-07-06 8.6 8.61 8.29 8.29
2010-07-20 9.24 9.28 9.01 9.01
2010-08-11 10.24 10.27 9.8 9.8
2010-08-12 10.48 10.65 10.19 10.19
2010-08-13 11.53 11.53 10.78 10.78
2010-08-16 12.68 12.68 12.68 12.68
2010-08-20 16.61 16.61 14.89 14.89
2010-08-24 17.81 18.53 17.17 17.17
2010-10-27 25.3 25.3 25.3 25.3
2011-01-04 18.05 18.22 17.76 17.76
2011-01-25 16.15 16.3 14.97 14.97
2011-02-10 18.73 18.73 17.02 17.02
2011-02-16 19.71 20.65 19.3 19.3
2011-02-18 20.49 21.0 19.5 19.5
2011-03-14 21.84 21.95 20.05 20.05
2011-03-30 19.01 19.52 18.8 18.8
2011-04-29 16.71 16.75 16.33 16.33
2011-05-18 16.38 16.68 16.29 16.29
2011-05-20 16.97 17.8 16.6 16.6
2011-05-23 17.0 17.3 16.62 16.62
2011-06-03 17.11 17.11 15.57 15.57
2011-06-14 15.98 16.15 15.51 15.51
2011-06-17 15.42 16.15 15.17 15.17
2011-06-30 15.59 15.68 15.36 15.36
2011-07-04 16.03 16.09 15.75 15.75
2011-08-17 15.21 15.37 15.13 15.13
2011-08-25 15.04 15.06 14.66 14.66
2011-09-15 15.15 15.37 15.02 15.02
2011-10-27 14.06 14.75 13.98 13.98
2011-10-28 14.21 14.25 13.95 13.95
2011-11-03 14.34 14.7 14.3 14.3
2011-11-29 14.31 14.68 14.0 14.0
2011-12-07 13.46 13.68 13.36 13.36
2012-01-19 10.65 10.81 10.4 10.4
2012-02-13 12.2 12.43 12.1 12.1
2012-04-17 13.05 13.05 11.86 11.86
2012-05-10 13.35 13.79 12.95 12.95
2012-05-22 13.04 13.08 12.8 12.8
2012-05-24 12.84 13.03 12.72 12.72
2012-06-05 13.08 13.25 12.95 12.95
2012-06-29 10.28 10.6 9.77 9.77
2012-07-02 10.38 10.4 10.11 10.11
2012-10-11 10.42 10.8 10.39 10.39
2012-12-18 8.25 8.45 8.15 8.15
2013-01-14 10.2 10.35 9.9 9.9
2013-01-18 10.26 10.34 10.1 10.1
2013-02-06 10.1 10.19 9.95 9.95
2013-02-08 10.11 10.17 9.93 9.93
2013-03-22 11.66 11.8 11.24 11.24
2013-04-01 12.07 12.07 12.07 12.07
2013-04-22 11.85 12.02 11.49 11.49
2013-06-14 10.85 10.91 10.56 10.56
2013-07-09 8.75 8.85 8.71 8.71
2013-07-10 9.1 9.12 8.75 8.75
2013-08-01 9.91 9.92 9.65 9.65
2013-09-02 10.25 10.28 10.03 10.03
2013-11-06 10.6 10.85 10.6 10.6
2013-11-15 10.27 10.45 10.08 10.08
2013-11-18 10.53 10.55 10.3 10.3
2013-11-25 10.43 10.54 10.39 10.39
2013-12-03 10.54 10.58 10.16 10.16
2013-12-12 11.24 11.28 10.75 10.75
2013-12-17 11.37 11.57 11.1 11.1
2014-02-14 11.48 11.55 11.26 11.26
2014-02-17 11.72 11.75 11.51 11.51
2014-03-26 11.51 11.59 11.22 11.22
2014-04-08 11.38 11.42 11.21 11.21
2014-05-08 10.57 10.81 10.51 10.51
2014-06-05 11.26 11.32 10.99 10.99
2014-06-23 11.23 11.29 11.15 11.15
2014-06-24 11.28 11.33 11.18 11.18
2014-07-01 12.56 12.96 12.18 12.18
2014-08-15 13.94 13.95 13.8 13.8
2014-09-01 13.96 14.09 13.62 13.62
2014-09-02 14.28 14.54 13.98 13.98
2014-09-09 15.19 15.35 14.54 14.54
2014-10-13 18.01 18.18 17.51 17.51
2014-12-08 16.8 17.07 16.3 16.3
2014-12-11 16.76 16.78 16.25 16.25
2014-12-30 15.55 15.99 15.13 15.13
2015-02-02 16.24 16.42 16.09 16.09
2015-02-10 15.48 15.66 15.25 15.25
2015-03-16 18.13 18.14 17.51 17.51
2015-04-03 24.35 24.93 22.5 22.5
2015-04-22 30.14 30.14 27.6 27.6
2015-04-24 34.64 34.64 31.56 31.56
2015-06-11 41.82 41.82 38.19 38.19
2015-07-08 15.62 15.62 15.62 15.62
2015-07-09 17.18 17.18 14.06 14.06
2015-07-10 18.9 18.9 17.75 17.75
2015-07-17 24.62 24.63 22.28 22.28
2015-07-28 20.62 22.18 20.62 20.62
2015-08-07 21.75 21.99 21.1 21.1
2015-08-25 17.87 18.49 17.87 17.87
2015-09-11 16.79 16.95 16.08 16.08
2015-10-23 22.2 22.75 21.26 21.26
2016-02-02 17.92 18.01 17.2 17.2
2016-02-16 19.37 19.8 18.59 18.59
2016-03-03 17.27 17.49 17.17 17.17
2016-03-14 17.36 17.59 16.88 16.88
2016-03-15 17.49 17.65 17.21 17.21
2016-04-08 21.07 21.4 20.58 20.58
2016-06-03 18.7 18.88 18.37 18.37
2016-06-14 17.5 17.71 17.3 17.3
2016-06-27 18.63 18.66 18.12 18.12
2016-07-04 19.84 19.89 19.21 19.21
2016-08-22 15.55 15.7 15.53 15.53
2016-08-26 15.78 16.0 15.47 15.47
2016-09-19 15.83 15.85 15.71 15.71
2016-09-20 15.98 16.09 15.74 15.74
2016-10-10 16.28 16.4 15.91 15.91
2016-10-18 16.85 16.91 16.48 16.48
2016-11-01 17.45 17.58 16.92 16.92
2016-12-01 17.29 17.48 17.09 17.09
2016-12-27 17.25 17.5 16.7 16.7
2017-01-09 17.05 17.13 16.82 16.82
2017-02-09 16.27 16.29 16.06 16.06
2017-06-13 10.12 10.15 9.9 9.9
2017-06-29 10.18 10.19 10.09 10.09
2017-07-07 10.28 10.29 10.21 10.21
2017-07-24 9.48 9.5 9.3 9.3
2017-07-27 9.92 9.99 9.57 9.57
2017-07-31 9.9 9.91 9.78 9.78
2017-08-28 10.36 10.38 10.26 10.26
