1998-06-19 16.83 17.11 15.97 15.97
1998-07-10 16.65 16.85 16.1 16.1
1998-07-16 16.4 16.56 16.15 16.15
1998-07-28 15.7 15.83 15.25 15.25
1998-08-04 15.7 15.7 15.25 15.25
1998-08-05 16.03 16.19 15.66 15.66
1998-08-20 15.2 15.42 14.81 14.81
1998-08-27 15.48 15.75 15.22 15.22
1998-09-10 16.48 16.67 16.0 16.0
1998-09-25 16.23 16.35 15.78 15.78
1998-10-14 17.53 17.77 16.9 16.9
1998-10-16 18.73 19.08 18.27 18.27
1998-10-27 19.9 19.97 18.93 18.93
1998-10-30 19.93 20.3 19.9 19.9
1998-11-27 22.9 23.25 22.8 22.8
1998-12-07 20.42 20.85 19.9 19.9
1998-12-21 20.15 20.65 19.8 19.8
1999-01-04 19.48 19.7 19.48 19.48
1999-01-20 19.3 19.36 19.02 19.02
1999-02-03 18.42 18.58 18.21 18.21
1999-03-08 18.95 18.95 18.06 18.06
1999-03-09 19.06 19.16 18.8 18.8
1999-03-24 18.61 18.94 18.38 18.38
1999-03-31 19.05 19.18 18.18 18.18
1999-04-15 18.51 18.9 18.5 18.5
1999-04-20 19.0 19.02 18.45 18.45
1999-04-21 19.09 19.38 18.8 18.8
1999-05-04 18.54 18.8 18.4 18.4
1999-05-05 18.55 18.6 18.35 18.35
1999-05-12 17.99 18.1 17.88 17.88
1999-05-17 18.2 18.31 17.81 17.81
1999-05-18 18.31 18.57 18.18 18.18
1999-05-21 19.36 19.99 19.0 19.0
1999-05-26 16.15 16.15 15.4 15.4
1999-05-27 17.77 17.77 16.22 16.22
1999-06-11 17.95 18.1 17.58 17.58
1999-06-15 19.73 19.73 18.0 18.0
1999-06-17 22.05 22.31 20.3 20.3
1999-06-28 23.48 23.48 22.2 22.2
1999-07-14 22.5 22.6 22.15 22.15
1999-07-19 20.6 22.2 20.0 20.0
1999-08-26 18.31 18.4 18.11 18.11
1999-08-30 18.36 18.76 18.23 18.23
1999-09-08 18.2 18.5 18.15 18.15
1999-09-13 19.0 19.17 18.7 18.7
1999-09-23 18.38 18.6 18.35 18.35
1999-09-30 18.18 18.35 18.08 18.08
1999-10-12 18.07 18.27 17.98 17.98
1999-11-05 16.8 17.25 16.7 16.7
1999-11-08 16.9 17.19 16.8 16.8
1999-11-18 17.01 17.28 16.9 16.9
1999-11-26 16.75 16.84 16.58 16.58
1999-11-29 16.62 17.1 16.38 16.38
1999-12-06 16.6 17.45 16.4 16.4
1999-12-10 16.4 16.6 16.33 16.33
1999-12-16 16.39 16.7 16.06 16.06
2000-01-06 16.3 16.4 15.6 15.6
2000-01-18 16.71 17.01 16.0 16.0
2000-01-20 17.07 17.1 16.7 16.7
2000-01-24 17.39 17.4 17.0 17.0
2000-02-18 16.9 17.0 16.48 16.48
2000-02-29 18.4 18.7 17.8 17.8
2000-03-15 18.92 19.3 18.3 18.3
2000-03-22 21.1 21.85 20.31 20.31
2000-04-05 20.65 20.79 20.18 20.18
2000-04-14 23.39 23.99 21.9 21.9
2000-04-21 26.49 26.49 24.3 24.3
2000-06-26 22.92 23.2 22.7 22.7
2000-06-28 22.96 23.5 22.61 22.61
2000-08-29 20.2 20.45 20.15 20.15
2000-09-01 20.15 20.25 19.8 19.8
2000-09-05 20.63 20.87 20.37 20.37
2000-09-06 21.3 21.78 20.63 20.63
2000-09-29 19.05 19.29 19.03 19.03
2000-10-23 18.35 18.49 18.2 18.2
2000-10-30 18.11 18.38 18.01 18.01
2000-11-21 20.28 21.6 19.75 19.75
2000-11-28 19.51 19.51 19.11 19.11
2000-12-01 19.07 19.18 19.01 19.01
2000-12-14 18.59 18.6 18.45 18.45
2000-12-15 18.7 18.9 18.5 18.5
2001-01-03 19.7 19.79 19.4 19.4
2001-01-18 18.9 18.99 18.67 18.67
2001-02-07 18.7 18.88 18.6 18.6
2001-02-13 18.05 18.3 18.0 18.0
2001-03-01 18.18 18.18 17.98 17.98
2001-03-21 19.01 19.02 18.45 18.45
2001-03-22 19.26 19.35 18.75 18.75
2001-03-26 19.1 19.2 18.95 18.95
2001-04-27 17.77 18.05 17.7 17.7
2001-06-06 18.06 18.15 17.58 17.58
2001-06-11 18.03 18.2 17.84 17.84
2001-06-12 18.29 18.4 18.0 18.0
2001-07-06 18.18 18.44 18.0 18.0
2001-08-01 17.85 17.9 17.28 17.28
2001-08-17 16.18 16.19 15.8 15.8
2001-09-04 14.63 14.65 14.1 14.1
2001-09-24 12.94 13.16 12.85 12.85
2001-10-29 12.82 12.84 12.12 12.12
2001-11-12 12.55 12.98 12.32 12.32
2001-11-14 12.75 12.9 12.65 12.65
2001-11-27 13.93 13.99 13.62 13.62
2001-11-30 14.2 14.21 13.89 13.89
2001-12-18 12.92 12.92 12.66 12.66
2001-12-26 12.38 12.4 12.25 12.25
2001-12-28 12.59 12.6 12.38 12.38
2001-12-31 12.71 12.88 12.6 12.6
2002-01-31 11.36 11.48 10.69 10.69
2002-03-05 12.41 12.48 11.98 11.98
2002-03-26 13.24 13.62 12.78 12.78
2002-04-08 12.65 12.75 12.57 12.57
2002-04-09 12.95 13.03 12.6 12.6
2002-04-24 12.63 12.79 12.63 12.63
2002-04-25 12.62 12.92 12.22 12.22
2002-04-29 12.99 13.05 12.86 12.86
2002-05-23 12.42 12.59 11.89 11.89
2002-06-06 11.82 12.26 11.21 11.21
2002-06-11 11.6 11.7 11.48 11.48
2002-06-18 11.67 11.7 11.5 11.5
2002-06-21 11.96 12.09 11.56 11.56
2002-07-24 13.4 13.59 13.36 13.36
2002-07-26 13.38 13.46 13.28 13.28
2002-08-01 13.79 13.83 13.36 13.36
2002-08-22 13.51 13.56 13.38 13.38
2002-09-03 12.99 13.05 12.95 12.95
2002-10-29 11.74 11.78 11.5 11.5
2002-11-19 10.98 10.99 10.8 10.8
2002-11-28 10.46 10.47 9.95 9.95
2002-11-29 10.58 10.78 10.38 10.38
2002-12-16 10.42 10.43 10.2 10.2
2002-12-23 10.53 10.75 10.44 10.44
2003-01-07 9.7 9.81 9.61 9.61
2003-01-16 10.61 10.64 10.35 10.35
2003-01-23 10.8 11.16 10.5 10.5
2003-02-25 10.96 10.98 10.71 10.71
2003-03-03 11.07 11.1 10.87 10.87
2003-03-19 10.32 10.43 10.26 10.26
2003-03-21 10.5 10.5 10.24 10.24
2003-04-11 11.7 11.75 11.45 11.45
2003-04-14 11.99 12.18 11.76 11.76
2003-05-16 10.93 10.98 10.81 10.81
2003-05-19 11.03 11.2 10.96 10.96
2003-05-23 11.28 11.4 10.9 10.9
2003-06-13 11.3 11.3 11.15 11.15
2003-06-17 11.41 11.5 11.3 11.3
2003-07-16 10.16 10.18 10.08 10.08
2003-07-18 10.33 10.38 10.2 10.2
2003-09-15 9.81 10.1 9.81 9.81
2003-09-18 9.14 9.22 9.03 9.03
2003-09-19 9.1 9.19 9.06 9.06
2003-09-24 8.54 8.64 8.45 8.45
2003-10-27 8.16 8.33 8.05 8.05
2003-11-14 7.83 7.9 7.79 7.79
2003-11-19 8.0 8.09 7.82 7.82
2003-11-28 8.23 8.3 8.16 8.16
2004-01-02 8.19 8.23 8.03 8.03
2004-01-08 8.73 8.9 8.53 8.53
2004-01-12 8.72 8.77 8.5 8.5
2004-02-27 10.34 10.44 9.94 9.94
2004-03-01 10.6 10.78 10.36 10.36
2004-03-15 10.82 10.98 10.6 10.6
2004-03-16 10.91 11.06 10.82 10.82
2004-03-19 11.32 11.35 10.9 10.9
2004-03-23 11.01 11.2 10.91 10.91
2004-03-25 11.48 11.55 11.04 11.04
2004-03-30 11.48 11.55 11.35 11.35
2004-03-31 11.65 11.73 11.43 11.43
2004-04-02 11.84 11.95 11.64 11.64
2004-04-05 12.2 12.32 11.89 11.89
2004-04-19 12.13 12.33 11.9 11.9
2004-05-12 10.79 10.79 10.43 10.43
2004-06-18 9.19 9.28 9.0 9.0
2004-07-09 5.27 5.35 5.25 5.25
2004-09-10 5.44 5.45 5.39 5.39
2004-09-14 5.47 5.52 5.3 5.3
2004-09-17 5.99 6.0 5.75 5.75
2004-10-29 5.56 5.7 5.5 5.5
2004-11-15 5.52 5.53 5.39 5.39
2004-12-14 5.48 5.5 5.38 5.38
2004-12-24 5.48 5.49 5.39 5.39
2004-12-29 5.58 5.67 5.54 5.54
2005-01-07 5.58 5.61 5.43 5.43
2005-01-10 5.77 5.82 5.55 5.55
2005-02-01 5.09 5.16 5.06 5.06
2005-02-02 5.41 5.43 5.09 5.09
2005-03-03 5.45 5.48 5.36 5.36
2005-03-31 5.21 5.26 5.19 5.19
2005-04-13 5.51 5.56 5.44 5.44
2005-04-19 5.29 5.32 5.22 5.22
2005-05-30 4.52 4.55 4.47 4.47
2005-05-31 4.53 4.56 4.5 4.5
2005-06-06 4.32 4.32 4.2 4.2
2005-06-08 4.6 4.66 4.28 4.28
2005-07-18 3.51 3.57 3.5 3.5
2005-07-19 3.54 3.55 3.51 3.51
2005-07-26 3.47 3.49 3.39 3.39
2005-08-01 3.67 3.68 3.55 3.55
2005-08-05 3.87 3.88 3.7 3.7
2005-08-08 4.08 4.12 3.87 3.87
2005-08-30 4.09 4.11 4.06 4.06
2005-09-28 4.13 4.17 4.07 4.07
2005-09-29 4.21 4.22 4.13 4.13
2005-10-31 3.63 3.67 3.58 3.58
2005-12-02 3.85 3.93 3.72 3.72
2005-12-06 3.92 3.95 3.8 3.8
2005-12-26 4.04 4.08 3.97 3.97
2006-01-12 4.24 4.25 4.16 4.16
2006-01-24 4.56 4.67 4.33 4.33
2006-02-10 4.41 4.44 4.38 4.38
2006-03-17 4.69 4.72 4.59 4.59
2006-10-18 5.38 5.39 5.28 5.28
2006-10-26 5.41 5.49 5.35 5.35
2006-11-09 5.58 5.64 5.48 5.48
2006-12-11 7.18 7.24 6.69 6.69
2006-12-18 8.11 8.29 7.91 7.91
2006-12-25 8.03 8.29 7.91 7.91
2007-01-09 9.07 9.25 9.0 9.0
2007-02-28 12.08 12.09 11.19 11.19
2007-03-26 14.3 14.5 13.62 13.62
2007-04-18 16.4 16.79 16.02 16.02
2007-04-20 15.85 15.95 15.4 15.4
2007-04-23 16.58 16.58 15.91 15.91
2007-06-18 22.41 22.68 21.45 21.45
2007-06-29 19.09 19.72 18.05 18.05
2007-07-20 21.27 21.52 20.0 20.0
2007-07-23 21.88 22.59 21.62 21.62
2007-08-20 25.47 25.6 23.85 23.85
2007-08-23 27.37 27.66 26.52 26.52
2007-09-10 27.17 27.38 26.2 26.2
2007-09-28 28.81 28.89 28.1 28.1
2007-10-26 23.25 23.68 22.0 22.0
2007-12-19 23.21 23.27 22.66 22.66
2007-12-20 23.7 23.77 22.99 22.99
2007-12-24 24.89 25.11 24.2 24.2
2008-01-14 29.98 30.17 28.61 28.61
2008-02-04 28.4 28.49 26.75 26.75
2008-02-27 27.94 28.2 26.93 26.93
2008-02-29 29.0 29.39 28.02 28.02
2008-06-12 18.35 18.79 18.35 18.35
2008-06-24 14.47 14.6 13.8 13.8
2008-07-07 15.44 15.48 14.32 14.32
2008-07-09 16.12 16.36 15.41 15.41
2008-07-24 17.22 17.29 16.25 16.25
2008-08-22 6.79 6.94 6.55 6.55
2008-08-25 6.74 6.94 6.71 6.71
2008-10-28 4.33 4.39 4.1 4.1
2008-10-31 4.25 4.37 4.22 4.22
2008-12-05 6.06 6.06 5.56 5.56
2009-01-05 6.64 6.67 6.36 6.36
2009-01-09 7.31 7.35 6.78 6.78
2009-03-19 10.6 10.72 10.37 10.37
2009-04-29 10.46 10.58 9.98 9.98
2009-05-07 12.35 12.39 11.85 11.85
2009-06-08 12.74 12.83 12.23 12.23
2009-06-17 12.91 13.0 12.45 12.45
2009-07-17 15.0 15.15 14.45 14.45
2009-08-11 14.93 15.02 14.69 14.69
2009-08-24 13.18 13.22 12.8 12.8
2009-09-01 11.37 11.8 11.37 11.37
2009-09-03 11.99 12.27 11.35 11.35
2009-09-17 12.72 12.87 12.53 12.53
2009-10-14 12.02 12.09 11.66 11.66
2009-11-25 15.71 15.82 15.15 15.15
2009-11-30 14.81 14.84 14.5 14.5
2010-01-19 12.74 12.84 12.44 12.44
2010-02-22 12.21 12.56 12.05 12.05
2010-03-08 12.7 12.76 12.36 12.36
2010-03-11 12.82 12.98 12.69 12.69
2010-03-24 13.21 13.22 12.88 12.88
2010-04-09 14.16 14.25 14.0 14.0
2010-04-21 13.23 13.27 12.89 12.89
2010-04-23 13.13 13.21 12.82 12.82
2010-05-12 12.2 12.3 11.98 11.98
2010-05-18 12.06 12.16 11.5 11.5
2010-10-13 7.2 7.23 6.91 6.91
2010-11-08 7.78 7.84 7.65 7.65
2010-11-24 6.65 6.66 6.5 6.5
2010-12-24 6.91 7.01 6.78 6.78
2011-01-21 6.23 6.3 6.11 6.11
2011-02-23 7.87 7.89 7.34 7.34
2011-02-28 7.98 8.09 7.73 7.73
2011-03-08 8.45 8.53 8.31 8.31
2011-03-10 9.09 9.18 8.58 8.58
2011-04-14 9.56 9.76 8.84 8.84
2011-05-31 8.17 8.18 7.95 7.95
2011-06-24 8.77 8.92 8.39 8.39
2011-06-30 8.9 8.93 8.48 8.48
2011-08-04 8.5 8.57 8.41 8.41
2011-08-23 8.22 8.28 8.06 8.06
2011-10-26 6.95 7.12 6.85 6.85
2011-10-28 7.36 7.55 7.18 7.18
2011-12-02 6.69 6.73 6.56 6.56
2012-01-18 6.81 7.1 6.59 6.59
2012-03-05 7.91 8.08 7.9 7.9
2012-03-08 8.09 8.14 7.8 7.8
2012-03-19 7.95 8.01 7.79 7.79
2012-04-05 7.55 7.6 7.35 7.35
2012-05-11 8.01 8.18 7.98 7.98
2012-06-11 7.52 7.63 7.38 7.38
2012-07-10 6.72 6.78 6.62 6.62
2012-07-11 6.75 6.85 6.67 6.67
2012-08-07 6.41 6.45 6.3 6.3
2012-08-17 6.21 6.22 6.16 6.16
2012-09-03 5.34 5.36 5.22 5.22
2012-09-27 5.12 5.16 4.97 4.97
2012-12-06 5.66 5.77 5.3 5.3
2012-12-28 6.69 6.75 6.45 6.45
2012-12-31 7.03 7.1 6.68 6.68
2013-01-28 6.91 6.94 6.7 6.7
2013-02-08 7.52 7.61 7.38 7.38
2013-02-27 7.26 7.28 7.08 7.08
2013-03-27 7.04 7.12 6.68 6.68
2013-03-28 7.04 7.07 6.85 6.85
2013-04-18 7.23 7.29 7.15 7.15
2013-05-03 6.83 6.96 6.79 6.79
2013-05-10 7.12 7.15 6.98 6.98
2013-05-15 7.06 7.09 6.93 6.93
2013-06-03 7.85 7.87 7.4 7.4
2013-07-05 6.64 6.9 6.47 6.47
2013-07-11 6.85 6.89 6.58 6.58
2013-08-02 6.79 6.94 6.75 6.75
2013-08-12 7.17 7.23 6.88 6.88
2013-09-30 7.1 7.17 7.05 7.05
2013-12-06 7.28 7.37 7.26 7.26
2014-01-21 5.97 6.01 5.85 5.85
2014-02-13 6.23 6.35 6.13 6.13
2014-03-11 6.21 6.36 6.16 6.16
2014-03-13 6.27 6.31 6.21 6.21
2014-04-08 6.61 6.72 6.52 6.52
2014-04-14 6.97 7.2 6.81 6.81
2014-06-16 5.46 5.49 5.44 5.44
2014-07-08 5.63 5.67 5.52 5.52
2014-07-14 5.78 5.82 5.58 5.58
2014-07-21 5.83 5.93 5.8 5.8
2014-07-22 6.11 6.18 5.83 5.83
2014-10-14 6.49 6.66 6.43 6.43
2014-12-08 9.83 9.83 9.34 9.34
2014-12-10 10.88 10.88 9.95 9.95
2015-02-09 9.12 9.21 9.06 9.06
2015-02-17 10.07 10.19 9.6 9.6
2015-02-26 10.2 10.37 10.02 10.02
2015-03-06 9.91 10.06 9.88 9.88
2015-03-10 10.65 10.99 10.32 10.32
2015-03-16 11.19 11.3 10.9 10.9
2015-04-07 14.89 15.17 14.06 14.06
2015-05-11 14.65 14.85 14.28 14.28
2015-05-13 15.43 15.75 15.1 15.1
2015-05-18 16.18 16.43 15.35 15.35
2015-05-21 17.06 17.1 16.38 16.38
2015-06-02 19.85 19.9 18.81 18.81
2016-06-14 15.58 15.58 15.58 15.58
2016-06-15 14.02 14.02 14.02 14.02
2016-06-16 12.62 12.62 12.62 12.62
2016-06-27 11.17 11.2 10.85 10.85
2016-08-16 12.22 12.59 12.12 12.12
2016-09-02 11.75 11.77 11.65 11.65
2016-09-30 11.09 11.14 11.06 11.06
2016-12-21 11.09 11.12 11.04 11.04
2016-12-30 10.7 10.71 10.6 10.6
2017-01-26 10.61 10.64 10.52 10.52
2017-02-20 11.22 11.27 10.83 10.83
2017-03-30 11.15 11.45 11.06 11.06
2017-05-12 11.42 11.57 11.35 11.35
2017-06-08 11.66 11.73 11.48 11.48
2017-07-21 13.35 13.5 12.91 12.91
2017-08-14 12.72 12.76 12.52 12.52
