2000-11-23 21.6 21.95 20.6 20.6
2000-11-27 22.65 23.0 21.69 21.69
2000-11-30 23.29 23.5 22.55 22.55
2000-12-20 22.75 23.3 21.5 21.5
2001-02-23 17.99 17.99 17.6 17.6
2001-03-08 19.65 19.99 19.6 19.6
2001-03-21 20.5 20.76 20.0 20.0
2001-04-30 20.49 20.6 20.3 20.3
2001-05-21 21.79 21.93 20.58 20.58
2001-06-11 22.58 22.75 22.1 22.1
2001-07-31 18.77 19.2 18.35 18.35
2001-08-01 19.58 19.65 18.94 18.94
2001-08-10 19.26 19.4 19.05 19.05
2001-08-21 18.93 19.09 18.79 18.79
2001-08-31 16.35 16.58 16.2 16.2
2001-09-04 16.98 16.98 16.45 16.45
2001-09-12 16.4 16.78 16.0 16.0
2001-09-13 16.42 16.71 16.42 16.42
2001-09-18 15.45 15.84 15.22 15.22
2001-09-20 16.06 16.19 15.65 15.65
2001-10-23 13.97 13.97 13.97 13.97
2001-11-20 15.98 16.1 15.6 15.6
2001-11-26 15.69 15.89 15.61 15.61
2001-11-30 16.65 16.69 16.28 16.28
2002-01-31 11.69 11.69 10.68 10.68
2002-03-05 12.25 12.38 11.8 11.8
2002-03-14 13.68 13.75 12.9 12.9
2002-03-19 14.09 14.35 13.1 13.1
2002-04-03 12.54 12.8 12.5 12.5
2002-04-08 13.18 13.2 12.9 12.9
2002-04-09 13.51 13.6 13.19 13.19
2002-04-12 13.25 13.35 13.15 13.15
2002-04-17 13.95 14.55 13.5 13.5
2002-04-23 13.18 13.28 13.05 13.05
2002-05-27 12.61 12.7 12.48 12.48
2002-06-18 11.91 12.16 11.7 11.7
2002-06-20 11.85 12.03 11.78 11.78
2002-06-21 12.35 12.38 11.86 11.86
2002-07-01 13.08 13.23 12.9 12.9
2002-07-12 13.01 13.13 12.97 12.97
2002-08-13 12.01 12.08 11.88 11.88
2002-08-20 12.1 12.11 11.92 11.92
2002-08-21 12.1 12.17 12.0 12.0
2002-08-27 12.52 12.66 12.16 12.16
2002-09-02 12.5 12.58 12.29 12.29
2002-09-03 12.51 12.58 12.48 12.48
2002-09-27 12.21 12.47 11.9 11.9
2002-10-14 12.58 12.6 12.36 12.36
2002-11-19 10.0 10.15 9.63 9.63
2003-01-03 8.24 8.35 8.11 8.11
2003-02-11 9.54 9.56 9.3 9.3
2003-03-11 9.38 9.48 9.3 9.3
2003-03-21 9.0 9.05 8.82 8.82
2003-04-01 9.19 9.24 9.1 9.1
2003-04-02 9.19 9.27 9.16 9.16
2003-05-30 8.28 8.28 8.13 8.13
2003-06-10 7.81 7.85 7.7 7.7
2003-07-04 8.11 8.2 8.05 8.05
2003-08-04 7.35 7.35 7.16 7.16
2003-08-07 7.4 7.48 7.35 7.35
2003-08-29 7.16 7.2 7.05 7.05
2003-09-09 7.21 7.24 7.18 7.18
2003-09-16 6.87 6.89 6.71 6.71
2003-10-24 6.16 6.22 5.81 5.81
2003-10-31 5.7 5.83 5.6 5.6
2003-11-28 5.8 5.89 5.74 5.74
2003-12-03 6.27 6.57 5.98 5.98
2003-12-04 6.47 6.48 6.12 6.12
2003-12-09 6.26 6.28 6.13 6.13
2004-01-07 5.55 5.65 5.45 5.45
2004-02-04 6.69 6.79 6.55 6.55
2004-02-12 6.99 7.1 6.7 6.7
2004-02-16 6.96 6.96 6.76 6.76
2004-02-17 7.06 7.1 6.91 6.91
2004-03-10 6.57 6.57 6.34 6.34
2004-03-30 6.64 6.7 6.6 6.6
2004-04-12 6.75 6.82 6.6 6.6
2004-04-19 6.66 6.75 6.51 6.51
2004-04-20 6.71 6.77 6.61 6.61
2004-04-30 6.29 6.32 6.16 6.16
2004-05-10 6.5 6.92 6.35 6.35
2004-05-17 5.96 6.0 5.87 5.87
2004-05-20 6.39 6.67 6.14 6.14
2004-06-24 5.78 5.91 5.73 5.73
2004-06-29 5.48 5.49 5.3 5.3
2004-07-08 5.49 5.52 5.41 5.41
2004-07-21 5.22 5.24 5.17 5.17
2004-07-28 4.94 4.96 4.85 4.85
2004-08-24 4.77 4.89 4.6 4.6
2004-09-10 4.72 4.75 4.6 4.6
2004-09-14 4.86 4.95 4.68 4.68
2004-09-15 5.1 5.19 4.86 4.86
2004-09-23 5.35 5.35 5.15 5.15
2004-11-26 4.72 4.73 4.55 4.55
2004-12-22 4.43 4.43 4.24 4.24
2005-01-05 4.09 4.12 4.01 4.01
2005-01-13 4.15 4.17 4.04 4.04
2005-02-16 3.92 3.95 3.85 3.85
2005-02-17 3.92 3.94 3.88 3.88
2005-02-21 3.99 4.0 3.88 3.88
2005-03-03 4.47 4.47 4.06 4.06
2005-03-21 3.84 3.9 3.81 3.81
2005-05-11 3.1 3.12 3.06 3.06
2005-05-23 3.11 3.25 2.96 2.96
2005-05-24 3.21 3.23 3.0 3.0
2005-05-26 3.24 3.28 3.18 3.18
2005-05-30 3.38 3.43 3.28 3.28
2005-06-08 3.54 3.59 3.33 3.33
2005-06-27 3.38 3.43 3.31 3.31
2005-07-14 2.87 2.88 2.83 2.83
2005-07-20 2.73 2.75 2.6 2.6
2005-08-15 3.18 3.19 3.07 3.07
2005-08-25 3.24 3.24 3.11 3.11
2005-08-30 3.22 3.27 3.2 3.2
2005-09-26 3.35 3.37 3.31 3.31
2005-09-29 3.34 3.35 3.25 3.25
2005-10-18 3.52 3.52 3.33 3.33
2005-11-02 3.12 3.13 3.02 3.02
2005-11-23 3.25 3.27 3.18 3.18
2005-12-02 3.25 3.35 3.21 3.21
2005-12-06 3.1 3.16 3.05 3.05
2005-12-14 3.22 3.23 3.15 3.15
2005-12-22 3.17 3.19 3.14 3.14
2005-12-23 3.21 3.21 3.17 3.17
2005-12-26 3.23 3.25 3.21 3.21
2005-12-29 3.27 3.28 3.24 3.24
2006-01-09 3.37 3.37 3.3 3.3
2006-01-12 3.4 3.4 3.33 3.33
2006-01-25 3.65 3.65 3.51 3.51
2006-02-06 3.82 3.85 3.69 3.69
2006-03-15 3.63 3.64 3.55 3.55
2006-03-28 3.95 4.08 3.83 3.83
2006-04-10 4.12 4.12 3.97 3.97
2006-04-25 3.67 3.68 3.56 3.56
2006-05-31 5.32 5.55 5.2 5.2
2006-06-20 5.41 5.42 5.25 5.25
2006-07-20 5.64 5.66 5.55 5.55
2006-07-25 5.67 5.72 5.59 5.59
2006-08-08 4.93 4.94 4.75 4.75
2006-08-11 5.01 5.04 4.95 4.95
2006-08-16 5.0 5.0 4.82 4.82
2006-09-04 5.18 5.18 5.05 5.05
2006-09-12 5.22 5.24 5.13 5.13
2006-10-11 5.9 6.01 5.81 5.81
2006-10-16 6.39 6.5 6.09 6.09
2006-11-08 5.72 5.82 5.65 5.65
2006-11-09 5.91 5.99 5.73 5.73
2007-01-04 3.98 4.05 3.95 3.95
2007-01-08 4.2 4.2 4.01 4.01
2007-01-10 4.46 4.59 4.38 4.38
2007-01-30 5.01 5.1 4.92 4.92
2007-02-06 5.36 5.41 5.05 5.05
2007-03-02 5.71 5.83 5.4 5.4
2007-03-15 6.24 6.42 6.16 6.16
2007-03-21 6.39 6.46 6.25 6.25
2007-03-26 6.93 7.03 6.72 6.72
2007-03-27 7.29 7.48 6.98 6.98
2007-04-16 9.58 9.65 9.18 9.18
2007-04-20 9.33 9.57 9.14 9.14
2007-04-23 9.89 9.97 9.3 9.3
2007-05-17 11.79 11.82 10.98 10.98
2007-05-21 11.18 11.42 10.68 10.68
2007-05-28 12.08 12.32 11.65 11.65
2007-06-05 7.89 7.91 7.38 7.38
2007-07-16 8.8 9.27 8.63 8.63
2007-07-17 9.43 9.59 8.78 8.78
2007-07-23 10.77 10.88 10.02 10.02
2007-08-06 12.27 12.5 11.63 11.63
2007-08-20 15.82 16.0 15.02 15.02
2007-09-19 15.68 16.49 15.3 15.3
2007-11-02 11.64 11.78 10.85 10.85
2007-11-23 10.5 10.8 10.08 10.08
2007-12-07 11.47 11.59 11.22 11.22
2007-12-18 12.5 12.63 11.93 11.93
2008-02-04 11.49 11.54 10.78 10.78
2008-02-14 11.68 11.73 11.53 11.53
2008-03-06 12.85 12.98 12.42 12.42
2008-04-11 7.91 7.98 7.7 7.7
2008-04-30 7.93 8.04 7.32 7.32
2008-05-19 8.85 8.95 8.4 8.4
2008-06-06 7.26 7.47 7.15 7.15
2008-06-25 5.98 6.05 5.6 5.6
2008-07-21 6.25 6.32 5.93 5.93
2008-07-24 6.47 6.58 6.28 6.28
2008-08-12 4.86 4.98 4.67 4.67
2008-10-21 3.17 3.25 3.16 3.16
2008-11-05 3.88 4.04 3.77 3.77
2008-11-26 4.79 4.95 4.6 4.6
2008-12-03 5.12 5.2 4.82 4.82
2009-01-09 6.15 6.29 6.02 6.02
2009-01-21 5.95 6.2 5.85 5.85
2009-02-10 6.86 6.93 6.7 6.7
2009-03-02 5.48 5.51 5.35 5.35
2009-04-28 6.4 6.49 6.22 6.22
2009-05-04 6.76 6.78 6.46 6.46
2009-05-14 7.38 7.68 7.27 7.27
2009-06-05 7.71 7.92 7.43 7.43
2009-07-22 8.67 8.79 8.49 8.49
2009-08-13 7.43 7.49 7.35 7.35
2009-08-18 6.44 6.46 6.12 6.12
2009-08-20 6.33 6.34 6.06 6.06
2009-08-26 6.85 6.99 6.53 6.53
2009-09-30 6.41 6.53 6.36 6.36
2009-11-16 8.01 8.09 7.89 7.89
2009-11-30 8.39 8.4 7.88 7.88
2009-12-07 8.5 8.54 8.26 8.26
2009-12-15 8.53 8.6 8.23 8.23
2009-12-21 7.82 7.91 7.68 7.68
2009-12-23 7.71 7.74 7.43 7.43
2010-01-12 8.31 8.32 8.02 8.02
2010-01-25 8.15 8.27 8.1 8.1
2010-01-28 7.73 7.78 7.62 7.62
2010-01-29 7.69 7.82 7.61 7.61
2010-03-19 9.6 9.9 9.18 9.18
2010-04-21 10.13 10.29 9.81 9.81
2010-05-04 8.97 9.09 8.61 8.61
2010-05-24 7.49 7.64 7.12 7.12
2010-06-04 7.35 7.38 7.2 7.2
2010-06-08 7.25 7.28 7.13 7.13
2010-07-28 7.36 7.41 7.14 7.14
2010-08-09 8.02 8.08 7.87 7.87
2010-08-11 8.15 8.18 7.8 7.8
2010-08-13 7.84 7.88 7.65 7.65
2010-08-30 8.39 8.44 8.23 8.23
2010-09-02 9.21 9.21 8.44 8.44
2010-09-13 9.17 9.24 8.93 8.93
2010-09-27 8.47 8.54 8.31 8.31
2010-09-28 8.53 8.56 8.41 8.41
2010-10-25 9.1 9.15 8.9 8.9
2010-11-01 9.03 9.04 8.81 8.81
2010-11-04 9.37 9.42 9.15 9.15
2010-11-25 8.8 8.96 8.67 8.67
2010-12-08 9.1 9.28 8.8 8.8
2011-01-10 9.59 9.83 9.32 9.32
2011-06-14 9.15 9.21 8.98 8.98
2011-07-15 10.23 10.36 10.13 10.13
2011-09-06 8.15 8.17 7.71 7.71
2011-10-13 7.93 7.98 7.67 7.67
2011-11-03 7.66 7.96 7.6 7.6
2011-11-11 8.16 8.27 7.84 7.84
2011-12-16 5.89 5.9 5.62 5.62
2011-12-20 5.87 5.98 5.84 5.84
2011-12-29 5.29 5.47 5.19 5.19
2012-01-10 5.43 5.49 5.17 5.17
2012-03-01 6.26 6.32 6.2 6.2
2012-03-06 6.6 6.68 6.46 6.46
2012-03-16 7.1 7.1 6.76 6.76
2012-04-06 6.18 6.2 5.97 5.97
2012-05-15 6.62 6.64 6.51 6.51
2012-05-21 6.67 6.92 6.58 6.58
2012-07-03 5.65 5.77 5.62 5.62
2012-07-13 5.3 5.41 5.23 5.23
2012-07-20 5.24 5.29 5.2 5.2
2012-08-01 4.98 4.99 4.81 4.81
2012-08-06 5.13 5.14 4.96 4.96
2012-08-23 5.39 5.42 5.21 5.21
2012-08-31 4.95 4.98 4.9 4.9
2012-12-05 4.84 4.9 4.66 4.66
2012-12-14 5.1 5.11 4.91 4.91
2012-12-28 5.58 5.61 5.26 5.26
2013-01-28 5.58 5.59 5.46 5.46
2013-02-08 5.65 5.69 5.62 5.62
2013-02-27 5.51 5.57 5.5 5.5
2013-03-06 5.68 5.7 5.51 5.51
2013-03-08 5.7 5.74 5.62 5.62
2013-03-11 5.72 5.79 5.66 5.66
2013-03-20 5.43 5.47 5.33 5.33
2013-04-11 5.23 5.29 5.18 5.18
2013-04-18 5.08 5.14 5.05 5.05
2013-04-19 5.17 5.2 5.08 5.08
2013-05-03 5.18 5.24 5.06 5.06
2013-05-20 5.63 5.65 5.29 5.29
2013-07-09 5.1 5.13 5.0 5.0
2013-08-01 5.48 5.49 5.29 5.29
2013-10-11 5.99 6.03 5.93 5.93
2014-07-02 6.7 6.7 6.3 6.3
2014-07-07 6.77 6.89 6.61 6.61
2014-07-17 6.64 6.65 6.55 6.55
2014-07-18 6.69 6.71 6.58 6.58
2014-07-28 6.82 6.85 6.69 6.69
2014-08-18 7.83 7.98 7.73 7.73
2014-08-27 7.77 7.82 7.43 7.43
2014-08-28 7.99 8.5 7.77 7.77
2014-08-29 8.1 8.35 7.82 7.82
2014-09-01 8.21 8.36 8.15 8.15
2014-09-04 9.08 9.13 8.28 8.28
2014-12-02 8.77 8.96 8.62 8.62
2014-12-10 8.06 8.13 7.64 7.64
2014-12-24 7.67 7.68 7.47 7.47
2015-01-20 7.77 7.78 7.44 7.44
2015-02-03 8.32 8.42 8.19 8.19
2015-03-05 9.18 9.55 8.88 8.88
2015-03-17 9.47 9.63 9.22 9.22
2015-05-08 12.71 12.85 12.4 12.4
2015-07-13 9.44 9.44 9.44 9.44
2015-07-14 10.38 10.38 10.38 10.38
2015-08-07 11.93 11.98 11.12 11.12
2015-08-25 9.04 9.31 9.04 9.04
2015-10-29 9.94 9.94 9.94 9.94
2015-10-30 10.93 10.93 10.93 10.93
2015-11-09 12.19 12.21 11.01 11.01
2015-11-11 12.26 12.59 12.02 12.02
2015-11-19 13.01 13.07 12.25 12.25
2015-11-20 13.84 14.04 12.86 12.86
2015-11-24 14.09 14.16 13.45 13.45
2015-12-25 14.26 14.33 13.68 13.68
2016-02-05 8.52 8.82 8.39 8.39
2016-02-15 8.82 9.0 8.03 8.03
2016-03-03 8.15 8.39 8.0 8.0
2016-03-17 8.76 8.8 8.41 8.41
2016-06-01 9.23 9.38 9.1 9.1
2016-06-14 9.04 9.22 8.59 8.59
2016-06-17 9.93 9.97 9.56 9.56
2016-07-26 10.5 10.56 10.3 10.3
2016-09-02 10.13 10.24 10.1 10.1
2016-09-19 10.0 10.04 9.88 9.88
2016-10-18 11.41 11.41 10.29 10.29
2016-12-27 10.61 10.65 10.4 10.4
2017-01-20 10.95 11.14 10.61 10.61
2017-02-03 10.79 10.95 10.61 10.61
2017-02-13 11.5 11.74 11.38 11.38
2017-02-16 11.74 12.2 11.26 11.26
2017-02-17 11.85 12.2 11.63 11.63
2017-03-03 11.28 11.32 11.04 11.04
2017-03-16 10.97 10.98 10.79 10.79
2017-03-20 11.03 11.1 10.85 10.85
2017-04-05 11.92 12.16 11.5 11.5
2017-05-02 9.56 9.65 9.45 9.45
2017-05-03 9.7 9.71 9.56 9.56
2017-06-05 9.38 9.4 9.01 9.01
