2006-11-09 3.78 3.86 3.65 3.65
2006-12-22 4.37 4.37 4.15 4.15
2007-01-26 3.75 3.86 3.52 3.52
2007-02-16 4.14 4.14 4.14 4.14
2007-02-26 4.35 4.35 4.35 4.35
2007-02-27 4.57 4.57 4.57 4.57
2007-03-22 6.25 6.25 6.03 6.03
2007-05-08 7.78 7.8 7.48 7.48
2007-05-31 8.1 8.15 8.1 8.1
2007-06-01 7.7 7.9 7.7 7.7
2007-06-04 7.32 7.32 7.32 7.32
2007-06-05 6.95 6.95 6.95 6.95
2007-06-06 6.65 7.3 6.6 6.6
2007-07-23 6.02 6.02 6.02 6.02
2007-11-26 7.38 7.4 7.04 7.04
2007-12-04 7.43 7.64 7.4 7.4
2008-02-29 6.98 7.09 6.93 6.93
2008-06-11 5.33 5.48 5.33 5.33
2008-06-18 6.06 6.12 5.8 5.8
2008-07-10 5.76 5.87 5.7 5.7
2008-09-11 4.19 4.19 3.98 3.98
2009-03-04 5.68 5.68 5.38 5.38
2009-03-11 6.71 6.71 6.71 6.71
2009-03-19 7.09 7.3 6.97 6.97
2009-04-01 8.69 8.69 8.35 8.35
2009-08-18 6.55 6.7 6.55 6.55
2009-12-01 7.2 7.2 7.0 7.0
2010-03-23 8.26 8.26 7.95 7.95
2010-03-26 8.93 8.93 8.4 8.4
2010-04-06 9.65 9.65 9.21 9.21
2010-04-30 11.24 11.24 11.24 11.24
2010-05-05 10.49 10.64 10.15 10.15
2010-09-30 9.43 9.47 9.33 9.33
2011-01-07 9.4 9.53 9.31 9.31
2011-01-11 9.24 9.36 9.16 9.16
2011-01-12 9.34 9.48 9.2 9.2
2011-01-13 9.4 9.45 9.28 9.28
2011-03-01 10.55 10.78 10.5 10.5
2011-03-23 12.33 12.33 12.33 12.33
2011-03-24 12.95 12.95 12.95 12.95
2011-03-25 13.6 13.6 13.6 13.6
2011-03-28 14.28 14.28 14.28 14.28
2011-03-29 14.99 14.99 14.99 14.99
2011-04-01 16.53 16.53 15.55 15.55
2011-04-20 19.69 20.29 19.51 19.51
2011-10-10 23.83 23.88 23.09 23.09
2011-12-01 25.79 26.12 25.16 25.16
2011-12-26 23.68 23.81 23.01 23.01
2012-02-02 23.48 23.8 22.72 22.72
2012-02-24 27.36 27.36 26.09 26.09
2012-08-07 17.64 17.67 16.06 16.06
2012-09-10 17.87 17.88 17.34 17.34
2013-02-18 24.1 24.75 23.29 23.29
2013-04-12 26.02 26.35 25.33 25.33
2013-11-18 24.69 24.97 24.3 24.3
2013-12-30 24.51 24.77 24.18 24.18
2014-06-23 28.39 28.8 26.65 26.65
2014-07-01 28.94 29.2 27.75 27.75
2014-09-05 35.2 35.36 33.9 33.9
2015-10-13 64.27 64.27 64.27 64.27
2015-10-14 57.84 57.84 57.84 57.84
2015-10-15 53.95 54.21 52.06 52.06
2015-11-11 59.07 59.3 56.43 56.43
2016-06-17 34.34 35.2 33.78 33.78
2016-06-27 34.11 34.16 32.77 32.77
2017-06-30 21.43 21.55 21.07 21.07
2017-07-03 21.98 22.07 21.45 21.45
