2006-10-24 3.6 3.62 3.42 3.42
2006-11-06 3.63 3.68 3.5 3.5
2006-11-09 3.78 3.86 3.65 3.65
2006-12-15 3.89 3.89 3.89 3.89
2006-12-22 4.37 4.37 4.15 4.15
2007-01-25 3.71 4.19 3.3 3.3
2007-01-26 3.75 3.86 3.52 3.52
2007-02-15 3.94 3.94 3.94 3.94
2007-02-16 4.14 4.14 4.14 4.14
2007-02-26 4.35 4.35 4.35 4.35
2007-02-27 4.57 4.57 4.57 4.57
2007-03-08 4.95 5.03 4.79 4.79
2007-03-21 5.95 5.96 5.68 5.68
2007-03-22 6.25 6.25 6.03 6.03
2007-04-26 8.21 8.21 7.81 7.81
2007-05-08 7.78 7.8 7.48 7.48
2007-05-30 8.53 8.8 8.53 8.53
2007-05-31 8.1 8.15 8.1 8.1
2007-06-01 7.7 7.9 7.7 7.7
2007-06-04 7.32 7.32 7.32 7.32
2007-06-05 6.95 6.95 6.95 6.95
2007-06-06 6.65 7.3 6.6 6.6
2007-07-05 5.05 5.2 4.82 4.82
2007-07-20 5.73 5.73 5.73 5.73
2007-07-23 6.02 6.02 6.02 6.02
2007-09-28 8.27 8.33 8.08 8.08
2007-10-23 6.93 7.0 6.8 6.8
2007-11-20 7.57 7.68 7.46 7.46
2007-11-26 7.38 7.4 7.04 7.04
2007-12-04 7.43 7.64 7.4 7.4
2008-02-27 6.91 7.08 6.74 6.74
2008-02-29 6.98 7.09 6.93 6.93
2008-04-28 5.9 5.94 5.53 5.53
2008-06-06 5.91 5.99 5.88 5.88
2008-06-11 5.33 5.48 5.33 5.33
2008-06-18 6.06 6.12 5.8 5.8
2008-07-09 5.77 5.85 5.69 5.69
2008-07-10 5.76 5.87 5.7 5.7
2008-08-29 4.51 4.52 4.35 4.35
2008-09-09 3.97 4.05 3.67 3.67
2008-09-11 4.19 4.19 3.98 3.98
2008-09-25 4.37 4.39 4.26 4.26
2008-10-20 4.1 4.13 3.91 3.91
2008-11-05 3.4 3.48 3.35 3.35
2008-12-11 4.55 4.55 4.3 4.3
2009-02-18 6.21 6.28 6.21 6.21
2009-03-02 5.49 5.58 5.31 5.31
2009-03-04 5.68 5.68 5.38 5.38
2009-03-11 6.71 6.71 6.71 6.71
2009-03-19 7.09 7.3 6.97 6.97
2009-03-31 8.28 8.52 8.23 8.23
2009-04-01 8.69 8.69 8.35 8.35
2009-05-12 7.2 7.29 7.03 7.03
2009-08-17 6.89 6.96 6.89 6.89
2009-08-18 6.55 6.7 6.55 6.55
2009-11-30 7.03 7.06 6.86 6.86
2009-12-01 7.2 7.2 7.0 7.0
2009-12-24 6.91 6.94 6.76 6.76
2010-01-14 7.68 7.78 7.51 7.51
2010-02-22 7.32 7.43 7.22 7.22
2010-03-17 8.05 8.24 7.83 7.83
2010-03-23 8.26 8.26 7.95 7.95
2010-03-26 8.93 8.93 8.4 8.4
2010-04-06 9.65 9.65 9.21 9.21
2010-04-26 12.77 12.77 12.0 12.0
2010-04-30 11.24 11.24 11.24 11.24
2010-05-05 10.49 10.64 10.15 10.15
2010-06-09 9.76 9.93 9.5 9.5
2010-07-20 8.67 8.74 8.48 8.48
2010-08-26 9.08 9.19 8.92 8.92
2010-09-27 9.62 9.71 9.32 9.32
2010-09-30 9.43 9.47 9.33 9.33
2010-11-08 10.14 10.14 9.7 9.7
2010-11-24 10.7 10.7 10.0 10.0
2010-12-31 9.38 9.45 9.23 9.23
2011-01-07 9.4 9.53 9.31 9.31
2011-01-11 9.24 9.36 9.16 9.16
2011-01-12 9.34 9.48 9.2 9.2
2011-01-13 9.4 9.45 9.28 9.28
2011-01-31 9.82 9.85 9.45 9.45
2011-02-23 10.4 10.41 10.0 10.0
2011-03-01 10.55 10.78 10.5 10.5
2011-03-22 11.74 11.74 11.74 11.74
2011-03-23 12.33 12.33 12.33 12.33
2011-03-24 12.95 12.95 12.95 12.95
2011-03-25 13.6 13.6 13.6 13.6
2011-03-28 14.28 14.28 14.28 14.28
2011-03-29 14.99 14.99 14.99 14.99
2011-04-01 16.53 16.53 15.55 15.55
2011-04-18 18.95 19.1 18.31 18.31
2011-04-20 19.69 20.29 19.51 19.51
2011-08-04 22.73 23.1 22.45 22.45
2011-08-18 26.73 26.9 25.68 25.68
2011-08-30 24.51 25.04 24.13 24.13
2011-09-23 22.88 23.3 22.41 22.41
2011-10-10 23.83 23.88 23.09 23.09
2011-10-25 24.8 24.9 24.21 24.21
2011-11-08 26.16 26.2 25.6 25.6
2011-11-24 25.21 25.47 25.0 25.0
2011-12-01 25.79 26.12 25.16 25.16
2011-12-13 23.19 23.76 23.19 23.19
2011-12-22 22.73 22.88 22.25 22.25
2011-12-26 23.68 23.81 23.01 23.01
2012-01-12 24.09 24.23 23.42 23.42
2012-01-31 25.17 25.17 25.17 25.17
2012-02-02 23.48 23.8 22.72 22.72
2012-02-14 25.31 25.38 24.56 24.56
2012-02-23 26.06 26.39 25.92 25.92
2012-02-24 27.36 27.36 26.09 26.09
2012-03-14 26.9 27.72 26.41 26.41
2012-03-29 27.11 28.0 26.0 26.0
2012-04-19 27.46 27.98 26.61 26.61
2012-05-15 25.81 25.89 25.31 25.31
2012-06-27 25.19 25.41 24.05 24.05
2012-07-30 17.21 17.95 17.0 17.0
2012-08-07 17.64 17.67 16.06 16.06
2012-09-07 17.34 17.4 16.55 16.55
2012-09-10 17.87 17.88 17.34 17.34
2012-11-29 15.41 15.68 15.31 15.31
2012-12-17 16.46 16.76 15.45 15.45
2013-01-08 18.46 18.69 18.03 18.03
2013-01-29 18.68 18.87 18.41 18.41
2013-02-08 23.17 23.68 22.7 22.7
2013-02-18 24.1 24.75 23.29 23.29
2013-02-27 25.12 25.59 23.75 23.75
2013-03-20 25.67 25.91 24.78 24.78
2013-04-08 24.89 25.24 24.13 24.13
2013-04-12 26.02 26.35 25.33 25.33
2013-09-11 30.05 30.58 29.05 29.05
2013-10-17 33.43 34.43 32.56 32.56
2013-11-15 24.19 24.7 23.89 23.89
2013-11-18 24.69 24.97 24.3 24.3
2013-11-28 25.05 25.3 24.52 24.52
2013-12-26 23.99 24.48 23.66 23.66
2013-12-30 24.51 24.77 24.18 24.18
2014-01-29 26.22 26.65 25.98 25.98
2014-03-21 27.6 27.64 26.36 26.36
2014-04-03 23.91 24.0 23.5 23.5
2014-06-20 26.4 27.38 26.35 26.35
2014-06-23 28.39 28.8 26.65 26.65
2014-07-01 28.94 29.2 27.75 27.75
2014-07-10 33.19 34.8 32.1 32.1
2014-08-11 31.09 31.34 30.34 30.34
2014-08-21 30.76 32.1 29.7 29.7
2014-09-01 33.19 33.45 31.38 31.38
2014-09-05 35.2 35.36 33.9 33.9
2014-09-19 33.9 34.12 33.36 33.36
2014-10-27 31.8 32.4 31.5 31.5
2014-11-06 31.86 32.24 31.6 31.6
2015-01-13 42.87 42.87 39.01 39.01
2015-03-04 56.95 58.5 53.3 53.3
2015-03-17 60.1 61.19 56.58 56.58
2015-03-30 65.92 66.55 62.22 62.22
2015-10-12 71.41 71.41 71.41 71.41
2015-10-13 64.27 64.27 64.27 64.27
2015-10-14 57.84 57.84 57.84 57.84
2015-10-15 53.95 54.21 52.06 52.06
2015-11-06 54.61 55.5 53.9 53.9
2015-11-11 59.07 59.3 56.43 56.43
2015-12-18 57.63 58.78 54.3 54.3
2016-03-21 40.59 41.4 39.62 39.62
2016-06-15 34.01 34.6 32.51 32.51
2016-06-17 34.34 35.2 33.78 33.78
2016-06-27 34.11 34.16 32.77 32.77
2016-07-26 36.61 36.71 35.87 35.87
2017-05-04 24.12 24.12 24.12 24.12
2017-06-15 21.51 21.64 21.26 21.26
2017-06-26 20.86 21.07 20.56 20.56
2017-06-30 21.43 21.55 21.07 21.07
2017-07-03 21.98 22.07 21.45 21.45
2017-08-21 24.06 24.15 22.75 22.75
