2004-04-20 20.88 21.25 20.5 20.5
2004-06-21 18.32 18.4 17.5 17.5
2004-07-06 15.37 15.6 15.27 15.27
2004-07-28 13.12 13.16 12.71 12.71
2004-08-13 13.47 13.73 13.28 13.28
2004-08-17 13.34 13.65 13.0 13.0
2004-08-25 11.24 11.34 11.0 11.0
2004-09-14 11.49 11.66 10.88 10.88
2004-11-09 12.06 12.17 12.0 12.0
2004-11-12 13.28 13.58 13.05 13.05
2004-11-15 13.32 13.38 13.15 13.15
2004-11-30 12.87 12.97 12.7 12.7
2004-12-21 11.76 12.1 11.66 11.66
2004-12-24 12.02 12.24 11.85 11.85
2005-01-05 11.84 11.96 11.6 11.6
2005-01-12 11.74 11.8 11.28 11.28
2005-02-21 8.79 8.8 8.5 8.5
2005-02-25 9.5 9.74 9.39 9.39
2005-04-28 6.78 6.78 6.78 6.78
2005-04-29 7.46 7.46 7.46 7.46
2005-06-07 6.92 7.18 6.76 6.76
2005-06-08 7.47 7.5 6.95 6.95
2005-06-27 7.65 7.72 7.4 7.4
2005-07-07 6.13 6.26 6.09 6.09
2005-07-19 5.62 5.66 5.46 5.46
2005-07-22 5.89 5.96 5.74 5.74
2005-07-25 5.79 5.97 5.74 5.74
2005-07-26 6.02 6.03 5.8 5.8
2005-08-03 6.25 6.37 6.13 6.13
2005-08-08 6.5 6.66 6.38 6.38
2005-08-10 6.91 7.15 6.58 6.58
2005-08-31 6.88 6.91 6.6 6.6
2005-09-07 7.21 7.22 6.91 6.91
2005-09-28 7.06 7.2 7.0 7.0
2005-09-29 7.19 7.26 7.08 7.08
2005-10-11 6.9 6.92 6.65 6.65
2005-10-21 7.11 7.21 7.05 7.05
2005-10-31 6.14 6.17 6.0 6.0
2005-11-02 6.26 6.35 6.05 6.05
2005-11-09 6.61 6.9 6.45 6.45
2005-11-17 6.37 6.5 6.23 6.23
2005-11-23 6.32 6.37 6.26 6.26
2005-12-06 6.07 6.1 5.99 5.99
2006-01-06 6.87 6.96 6.72 6.72
2006-01-19 6.98 7.08 6.86 6.86
2006-01-24 6.61 6.69 6.58 6.58
2006-02-15 6.72 6.87 6.56 6.56
2006-03-01 6.9 6.9 6.72 6.72
2006-03-16 6.69 6.84 6.57 6.57
2006-03-20 6.66 6.72 6.55 6.55
2006-03-21 6.94 6.95 6.46 6.46
2006-03-30 6.86 7.06 6.78 6.78
2006-04-06 7.2 7.29 7.16 7.16
2006-04-10 7.32 7.35 7.1 7.1
2006-04-21 6.91 7.06 6.84 6.84
2006-04-26 7.2 7.71 6.5 6.5
2006-05-08 7.6 7.77 7.4 7.4
2006-05-17 8.55 8.68 8.0 8.0
2006-05-18 9.12 9.3 8.48 8.48
2006-05-25 9.6 9.7 8.78 8.78
2006-05-26 9.78 9.94 9.48 9.48
2006-06-02 10.74 11.0 10.58 10.58
2006-06-06 11.49 11.86 10.67 10.67
2006-11-23 7.36 7.43 7.3 7.3
2006-11-27 7.55 7.68 7.49 7.49
2006-11-29 7.7 7.75 7.45 7.45
2006-12-27 7.88 7.95 7.67 7.67
2007-02-28 9.58 9.67 9.16 9.16
2007-03-02 9.82 9.93 9.33 9.33
2007-03-06 10.35 10.48 9.77 9.77
2007-03-12 11.39 11.39 11.39 11.39
2007-04-20 13.87 13.99 13.46 13.46
2007-05-15 15.65 16.32 15.48 15.48
2007-05-17 16.03 16.43 15.8 15.8
2007-06-08 11.99 12.4 11.82 11.82
2007-06-13 12.6 12.8 11.9 11.9
2007-07-06 13.36 13.49 12.5 12.5
2007-07-25 12.61 12.65 12.27 12.27
2007-07-27 13.08 13.35 12.68 12.68
2007-09-10 15.05 15.05 14.25 14.25
2007-09-13 14.1 14.2 13.75 13.75
2007-10-10 15.76 15.76 14.53 14.53
2007-11-05 11.35 11.67 11.09 11.09
2007-11-28 11.72 11.9 11.55 11.55
2007-12-03 12.85 12.9 11.93 11.93
2007-12-19 13.34 13.41 12.98 12.98
2007-12-24 13.97 13.98 13.53 13.53
2008-01-14 16.1 16.3 15.45 15.45
2008-02-04 13.77 13.96 13.0 13.0
2008-02-13 14.01 14.09 13.35 13.35
2008-02-25 14.75 15.2 14.38 14.38
2008-03-11 14.72 15.49 14.0 14.0
2008-03-19 11.84 12.09 11.32 11.32
2008-04-08 11.17 11.25 10.74 10.74
2008-04-11 11.73 11.8 11.33 11.33
2008-04-15 11.5 11.6 10.92 10.92
2008-04-29 11.5 11.75 10.81 10.81
2008-04-30 11.71 11.75 11.29 11.29
2008-08-11 10.84 10.84 10.84 10.84
2008-08-12 9.76 9.76 9.76 9.76
2008-08-13 8.78 8.78 8.78 8.78
2008-08-14 7.9 8.78 7.9 7.9
2008-10-24 4.78 4.86 4.6 4.6
2008-11-05 4.22 4.42 4.11 4.11
2008-11-19 5.4 5.45 4.94 4.94
2008-12-17 5.83 5.97 5.53 5.53
2008-12-30 7.16 7.16 6.51 6.51
2009-02-06 7.61 7.66 7.4 7.4
2009-02-09 7.83 7.94 7.61 7.61
2009-02-23 8.9 8.9 8.08 8.08
2009-03-26 11.15 11.15 11.15 11.15
2009-03-27 12.27 12.27 12.27 12.27
2009-04-08 11.58 11.88 10.8 10.8
2009-05-13 11.19 11.31 10.9 10.9
2009-06-03 12.63 12.8 12.01 12.01
2009-06-16 12.17 12.34 12.01 12.01
2009-06-18 12.57 12.85 12.26 12.26
2009-06-22 13.02 13.58 12.79 12.79
2009-06-24 12.85 12.96 12.61 12.61
2009-07-01 12.6 12.79 12.42 12.42
2009-07-06 13.31 13.49 12.93 12.93
2009-07-14 13.58 13.84 13.41 13.41
2009-07-30 13.8 14.0 13.05 13.05
2009-08-27 11.67 11.78 11.19 11.19
2009-09-11 11.69 11.83 11.45 11.45
2009-09-14 11.9 11.98 11.46 11.46
2009-10-09 12.17 12.21 11.75 11.75
2009-12-08 15.51 15.62 15.2 15.2
2009-12-10 15.48 15.48 15.15 15.15
2009-12-30 15.96 16.95 15.85 15.85
2010-01-11 16.38 16.38 15.25 15.25
2010-01-12 18.02 18.02 16.71 16.71
2010-02-25 19.06 19.16 18.52 18.52
2010-03-01 19.75 20.14 18.91 18.91
2010-03-16 18.34 18.37 18.03 18.03
2010-04-27 17.12 17.12 17.12 17.12
2010-04-28 16.28 17.08 16.26 16.26
2010-05-05 15.61 15.75 15.02 15.02
2010-05-07 14.32 14.99 14.14 14.14
2010-05-24 12.53 12.53 11.94 11.94
2010-06-01 13.39 13.5 12.77 12.77
2010-06-08 12.94 12.97 12.71 12.71
2010-06-21 13.4 13.4 12.6 12.6
2010-07-06 12.26 12.3 12.0 12.0
2010-07-08 12.4 12.79 12.35 12.35
2010-07-12 13.13 13.34 12.71 12.71
2010-07-14 13.28 13.34 12.9 12.9
2010-07-20 13.81 14.07 13.3 13.3
2010-07-26 14.75 14.85 14.01 14.01
2010-08-23 14.17 14.25 13.86 13.86
2010-08-31 14.47 14.61 14.19 14.19
2010-09-27 13.9 14.0 13.61 13.61
2010-10-28 12.97 13.07 12.84 12.84
2010-11-04 13.7 13.7 13.06 13.06
2010-11-18 14.6 14.78 14.0 14.0
2010-12-10 13.85 13.99 13.8 13.8
2010-12-17 14.45 14.53 14.16 14.16
2011-01-19 12.8 12.96 12.29 12.29
2011-01-28 12.18 12.25 12.02 12.02
2011-02-11 12.67 12.7 12.47 12.47
2011-02-14 12.84 13.05 12.65 12.65
2011-02-28 13.15 13.25 12.91 12.91
2011-03-04 13.3 13.36 13.1 13.1
2011-03-08 13.45 13.47 13.33 13.33
2011-03-16 14.39 14.39 13.81 13.81
2011-03-25 14.0 14.03 13.82 13.82
2011-04-19 14.04 14.3 14.04 14.04
2011-04-21 13.68 14.18 13.53 13.53
2011-04-27 14.49 14.51 14.0 14.0
2011-04-29 15.28 15.28 14.69 14.69
2012-07-26 9.9 10.09 9.87 9.87
2012-07-30 9.35 9.35 9.35 9.35
2012-07-31 8.88 8.88 8.88 8.88
2012-08-01 8.44 8.59 8.44 8.44
2012-09-03 10.36 10.46 10.17 10.17
2012-09-12 10.64 10.65 10.38 10.38
2012-09-28 9.6 9.64 9.39 9.39
2012-11-01 10.57 10.65 10.43 10.43
2012-12-06 9.18 9.23 9.08 9.08
2012-12-24 10.23 10.31 9.78 9.78
2013-01-14 11.42 11.46 11.05 11.05
2013-01-21 12.29 12.29 11.63 11.63
2013-01-23 12.93 12.93 12.29 12.29
2013-01-28 12.83 12.88 12.41 12.41
2013-01-31 12.94 13.08 12.63 12.63
2013-03-06 12.91 12.96 12.66 12.66
2013-03-14 13.18 13.37 12.77 12.77
2013-05-08 12.04 12.14 11.8 11.8
2013-08-01 13.34 13.34 13.34 13.34
2013-08-02 14.67 14.67 14.67 14.67
2013-09-26 13.75 13.97 13.45 13.45
2014-01-14 13.32 13.39 12.7 12.7
2014-03-17 14.84 14.85 14.53 14.53
2014-03-19 15.14 15.17 14.64 14.64
2014-04-17 15.82 15.96 15.3 15.3
2014-04-29 16.97 16.97 15.37 15.37
2014-05-23 18.02 18.08 17.01 17.01
2014-08-07 22.86 23.5 22.6 22.6
2014-08-08 23.16 23.21 22.7 22.7
2014-12-02 25.26 25.26 25.26 25.26
2014-12-24 20.14 20.16 19.21 19.21
2015-01-08 22.25 22.99 21.8 21.8
2015-01-12 21.1 21.5 20.88 20.88
2015-01-13 21.11 21.43 21.0 21.0
2015-01-16 21.88 21.91 21.22 21.22
2015-02-11 22.48 22.49 21.99 21.99
2015-03-06 25.85 27.75 25.52 25.52
2015-04-01 32.24 32.32 31.6 31.6
2015-04-02 34.17 35.0 32.01 32.01
2015-04-07 36.25 37.5 33.8 33.8
2015-04-13 39.52 41.22 38.0 38.0
2015-04-21 38.43 38.56 36.38 36.38
2015-06-17 68.97 69.3 61.1 61.1
2015-07-08 26.21 26.26 26.21 26.21
2015-07-09 28.83 28.83 24.0 24.0
2015-07-13 31.71 31.71 31.71 31.71
2015-07-14 34.88 34.88 34.88 34.88
2015-07-17 42.41 42.5 39.24 39.24
2015-07-23 44.86 45.0 42.11 42.11
2015-07-29 44.0 44.05 40.4 40.4
2015-08-25 37.48 39.6 33.44 33.44
2015-08-27 41.24 41.26 38.8 38.8
2015-09-02 37.81 39.9 35.5 35.5
2015-09-07 40.14 40.8 37.41 37.41
2015-09-16 42.73 42.79 39.0 39.0
2015-09-21 47.76 48.0 41.5 41.5
2015-09-29 44.44 45.7 43.2 43.2
2015-10-12 48.01 49.88 46.99 46.99
2016-02-23 45.63 49.97 43.23 43.23
2016-03-11 36.1 36.98 34.92 34.92
2016-03-14 38.02 39.7 36.5 36.5
2016-03-21 42.39 43.0 40.71 40.71
2016-03-30 41.85 41.97 40.4 40.4
2016-03-31 43.05 43.49 42.09 42.09
2016-04-11 45.05 45.25 43.18 43.18
2016-04-14 44.97 45.0 44.28 44.28
2016-04-26 46.7 46.88 45.15 45.15
2016-10-10 58.74 59.25 55.6 55.6
2016-10-21 61.45 61.79 60.03 60.03
2016-10-25 60.8 61.0 60.0 60.0
2016-11-08 62.91 63.5 61.82 61.82
2016-11-14 62.97 63.86 62.73 62.73
2016-11-16 63.24 66.0 62.7 62.7
2016-11-22 62.37 62.74 62.01 62.01
2016-12-06 58.16 58.96 57.67 57.67
2016-12-13 58.39 58.77 56.02 56.02
2016-12-15 60.96 62.0 58.0 58.0
2016-12-16 64.56 64.99 60.96 60.96
2016-12-30 58.83 59.49 58.0 58.0
2017-01-26 50.05 51.26 49.4 49.4
2017-02-07 51.67 52.38 50.41 50.41
2017-02-08 51.69 52.18 51.16 51.16
2017-02-27 49.98 50.35 49.14 49.14
2017-05-09 42.83 43.33 41.15 41.15
2017-06-07 44.06 44.28 43.4 43.4
2017-06-15 44.01 44.5 43.52 43.52
2017-06-29 41.58 42.17 41.02 41.02
2017-07-05 41.82 42.2 41.66 41.66
2017-07-21 35.87 36.2 35.4 35.4
2017-07-24 37.33 38.57 36.2 36.2
2017-07-26 36.98 37.41 36.93 36.93
2017-08-18 37.68 38.03 37.28 37.28
2017-08-31 37.9 38.01 37.39 37.39
2017-09-05 38.6 39.29 38.15 38.15
2017-09-07 38.87 39.27 38.04 38.04
