1998-12-25 9.52 9.75 9.27 9.27
1999-03-03 7.92 7.98 7.56 7.56
1999-03-11 7.72 7.9 7.65 7.65
1999-04-09 8.23 8.3 8.18 8.18
1999-04-30 7.61 7.69 7.5 7.5
1999-07-02 10.45 10.57 9.8 9.8
1999-07-12 12.45 12.98 12.1 12.1
1999-07-20 11.88 11.88 10.61 10.61
1999-08-19 12.8 13.15 12.5 12.5
1999-08-26 13.14 13.29 12.75 12.75
1999-10-27 11.09 11.09 10.7 10.7
1999-11-02 10.73 10.75 10.55 10.55
1999-12-17 11.7 12.0 11.5 11.5
1999-12-28 10.55 10.82 10.47 10.47
2000-01-07 12.34 12.79 11.98 11.98
2000-01-24 12.3 12.55 11.7 11.7
2000-06-26 13.39 13.46 13.2 13.2
2000-06-29 13.63 13.75 13.3 13.3
2000-07-31 13.06 13.2 12.65 12.65
2000-12-04 12.66 12.85 12.45 12.45
2001-02-09 12.18 12.22 12.0 12.0
2001-02-13 12.24 12.3 12.18 12.18
2001-07-13 12.34 12.4 12.3 12.3
2001-08-03 10.53 10.61 10.4 10.4
2001-08-07 10.08 10.2 9.88 9.88
2001-08-14 10.32 10.37 10.2 10.2
2001-08-15 10.46 10.5 10.3 10.3
2001-08-21 10.24 10.3 10.2 10.2
2001-08-29 9.55 9.7 9.4 9.4
2001-09-05 9.8 9.9 9.68 9.68
2001-09-10 9.7 9.73 9.2 9.2
2001-09-13 9.55 9.7 9.55 9.55
2001-09-18 9.32 9.42 9.22 9.22
2001-09-24 9.45 9.45 9.31 9.31
2001-11-20 8.7 8.73 8.5 8.5
2001-12-06 9.25 9.25 9.11 9.11
2002-01-31 7.26 7.35 6.8 6.8
2002-04-29 8.14 8.17 7.96 7.96
2002-05-09 8.12 8.15 7.88 7.88
2002-06-18 7.4 7.46 7.2 7.2
2002-07-15 8.24 8.28 8.2 8.2
2002-07-23 8.13 8.18 8.09 8.09
2002-07-24 8.17 8.18 8.12 8.12
2002-07-29 8.74 8.75 8.45 8.45
2002-08-12 8.25 8.29 8.2 8.2
2002-08-19 8.2 8.3 8.2 8.2
2002-08-27 8.32 8.35 8.26 8.26
2002-08-28 8.44 8.48 8.35 8.35
2002-09-04 8.31 8.37 8.28 8.28
2002-10-16 7.37 7.48 7.31 7.31
2002-10-18 7.26 7.35 7.2 7.2
2002-10-22 7.45 7.48 7.3 7.3
2002-11-25 6.58 6.63 6.5 6.5
2002-12-12 6.27 6.36 6.2 6.2
2002-12-17 6.51 6.52 6.4 6.4
2002-12-19 6.54 6.54 6.43 6.43
2003-01-17 7.02 7.18 6.94 6.94
2003-01-27 6.81 6.85 6.7 6.7
2003-02-11 6.72 6.72 6.6 6.6
2003-02-18 6.86 6.86 6.77 6.77
2003-02-19 6.95 6.96 6.82 6.82
2003-02-24 6.71 6.76 6.65 6.65
2003-03-19 6.33 6.35 6.22 6.22
2003-07-10 5.98 5.99 5.88 5.88
2003-07-11 6.02 6.04 5.98 5.98
2003-07-16 5.92 5.95 5.88 5.88
2003-10-31 4.85 4.91 4.7 4.7
2003-11-04 4.94 4.99 4.89 4.89
2003-11-14 4.78 4.82 4.66 4.66
2003-11-17 5.04 5.19 4.93 4.93
2003-11-19 4.93 4.95 4.78 4.78
2004-03-31 6.16 6.2 5.96 5.96
2004-04-15 6.57 6.76 6.31 6.31
2004-06-01 5.95 5.95 5.8 5.8
2004-08-26 4.41 4.46 4.35 4.35
2004-09-20 5.26 5.26 4.85 4.85
2004-10-25 4.77 4.93 4.75 4.75
2004-10-26 4.94 4.96 4.79 4.79
2005-01-11 4.39 4.41 4.32 4.32
2005-04-13 4.04 4.06 3.87 3.87
2005-04-19 3.63 3.67 3.59 3.59
2005-05-30 3.3 3.33 3.18 3.18
2005-08-04 3.3 3.35 3.23 3.23
2005-09-14 4.04 4.07 3.93 3.93
2005-09-29 3.99 4.02 3.85 3.85
2006-04-27 5.03 5.05 4.64 4.64
2006-05-25 5.8 5.83 5.57 5.57
2006-05-26 6.38 6.38 5.85 5.85
2006-06-01 7.34 7.35 6.7 6.7
2007-01-15 6.04 6.07 5.67 5.67
2007-04-02 8.76 8.81 8.51 8.51
2007-04-03 8.9 9.05 8.77 8.77
2007-04-23 14.67 14.67 13.55 13.55
2007-06-21 17.32 17.62 16.55 16.55
2007-11-19 13.29 13.44 12.8 12.8
2007-11-27 12.59 12.9 12.5 12.5
2007-11-28 12.68 12.96 12.6 12.6
2008-01-14 16.97 17.14 16.51 16.51
2008-08-20 6.03 6.03 5.48 5.48
2008-11-10 4.08 4.1 3.79 3.79
2008-11-13 4.36 4.47 4.12 4.12
2008-11-14 4.59 4.59 4.38 4.38
2008-12-19 5.32 5.41 5.26 5.26
2009-03-26 9.56 9.56 8.78 8.78
2009-03-27 10.11 10.34 9.68 9.68
2009-06-26 12.31 12.47 12.09 12.09
2009-08-20 9.39 9.5 8.98 8.98
2009-08-24 9.77 9.84 9.4 9.4
2009-09-14 10.16 10.23 9.88 9.88
2009-09-17 11.0 11.15 10.8 10.8
2009-10-19 10.17 10.18 9.89 9.89
2009-11-05 10.7 10.76 10.14 10.14
2009-12-31 12.18 12.2 11.92 11.92
2010-03-05 12.3 12.52 12.18 12.18
2010-04-28 11.47 11.76 11.35 11.35
2010-06-01 9.69 9.89 9.21 9.21
2010-06-09 10.83 10.95 10.27 10.27
2010-07-21 8.74 8.94 8.71 8.71
2010-07-26 8.88 8.97 8.76 8.76
2010-08-13 9.04 9.05 8.76 8.76
2011-08-11 8.14 8.18 7.38 7.38
2011-11-15 7.76 7.79 7.64 7.64
2012-02-02 5.76 5.77 5.67 5.67
2012-02-06 5.96 6.02 5.87 5.87
2012-02-09 6.0 6.1 5.96 5.96
2012-03-05 6.37 6.43 6.32 6.32
2012-04-06 6.97 7.0 6.41 6.41
2012-05-10 6.41 6.46 6.36 6.36
2012-07-19 5.6 5.68 5.53 5.53
2012-07-20 5.61 5.66 5.57 5.57
2012-07-25 5.65 5.69 5.6 5.6
2012-08-02 5.37 5.38 5.28 5.28
2012-08-07 5.62 5.67 5.58 5.58
2012-09-06 5.67 5.68 5.52 5.52
2012-09-13 5.87 6.08 5.81 5.81
2012-10-16 5.48 5.54 5.44 5.44
2012-10-17 5.54 5.56 5.46 5.46
2012-10-25 5.64 5.68 5.56 5.56
2013-01-15 5.6 5.64 5.53 5.53
2013-02-08 5.66 5.67 5.56 5.56
2013-03-05 5.98 6.05 5.65 5.65
2013-06-05 7.3 7.43 7.06 7.06
2013-10-30 7.04 7.06 6.92 6.92
2014-01-30 6.71 6.72 6.62 6.62
2014-02-10 7.61 7.61 7.1 7.1
2014-03-12 8.04 8.4 7.97 7.97
2014-07-31 8.56 8.57 8.27 8.27
2014-08-04 8.54 8.6 8.4 8.4
2014-08-15 10.19 10.37 9.93 9.93
2014-09-02 10.87 11.01 10.43 10.43
2014-12-31 9.54 9.7 9.4 9.4
2015-07-08 8.21 8.21 8.21 8.21
2015-07-09 9.03 9.03 7.39 7.39
2015-07-17 10.67 10.79 9.88 9.88
2015-09-02 6.72 7.47 6.62 6.62
2015-09-21 7.62 7.66 7.16 7.16
2016-02-05 8.82 9.2 8.6 8.6
2016-04-27 8.44 8.52 8.22 8.22
2016-11-10 9.83 9.88 9.67 9.67
2016-12-21 9.01 9.05 8.96 8.96
2016-12-22 9.04 9.07 8.97 8.97
2017-06-14 7.46 7.5 7.39 7.39
