1998-07-22 8.39 8.68 8.26 8.26
1998-11-09 8.41 8.47 8.3 8.3
1999-05-26 6.23 6.23 6.04 6.04
1999-06-01 6.38 6.4 6.19 6.19
1999-06-02 6.48 6.78 6.42 6.42
1999-06-21 7.62 7.76 7.45 7.45
1999-06-28 8.05 8.06 7.55 7.55
1999-07-05 7.77 8.08 7.7 7.7
1999-07-12 7.91 7.99 7.5 7.5
1999-07-20 7.77 7.78 7.26 7.26
1999-07-23 8.65 8.8 8.1 8.1
1999-08-02 8.69 8.92 8.55 8.55
1999-08-03 9.38 9.5 8.7 8.7
1999-09-09 8.09 8.12 7.75 7.75
1999-12-29 6.28 6.38 6.2 6.2
2000-01-04 6.44 6.55 6.2 6.2
2000-03-17 6.69 6.85 6.47 6.47
2000-05-22 7.01 7.02 6.79 6.79
2000-05-25 7.97 8.24 7.49 7.49
2000-06-01 7.7 7.83 7.65 7.65
2000-06-02 7.94 8.05 7.7 7.7
2000-07-31 8.37 8.5 8.3 8.3
2000-08-14 8.95 8.99 8.6 8.6
2000-08-21 9.45 9.48 9.12 9.12
2000-08-29 9.28 9.44 9.21 9.21
2000-10-19 8.78 8.92 8.5 8.5
2000-10-23 8.98 9.1 8.81 8.81
2000-10-31 9.03 9.14 8.75 8.75
2000-12-04 9.52 9.52 9.23 9.23
2001-01-02 9.25 9.25 9.13 9.13
2001-01-10 9.22 9.27 9.12 9.12
2001-03-26 8.72 8.75 8.55 8.55
2001-04-26 9.46 9.64 9.44 9.44
2001-04-27 9.65 9.75 9.55 9.55
2001-05-10 10.3 10.48 10.3 10.3
2001-05-11 10.72 10.82 10.3 10.3
2001-05-23 11.63 11.63 11.63 11.63
2001-07-10 12.0 12.18 11.8 11.8
2001-10-09 8.9 9.04 8.69 8.69
2001-10-29 9.48 9.55 9.14 9.14
2001-11-01 9.51 9.66 9.47 9.47
2001-11-06 9.35 9.46 9.29 9.29
2001-11-19 9.19 9.2 8.89 8.89
2001-12-06 9.86 9.9 9.7 9.7
2001-12-18 9.39 9.42 9.22 9.22
2001-12-21 9.13 9.17 9.03 9.03
2001-12-26 9.06 9.08 8.85 8.85
2002-06-20 8.56 8.73 8.53 8.53
2002-07-05 10.4 10.45 10.18 10.18
2002-07-12 10.25 10.41 10.12 10.12
2002-07-19 10.48 10.52 10.25 10.25
2002-11-05 9.25 9.3 9.1 9.1
2003-03-04 8.75 8.8 8.65 8.65
2003-05-15 7.23 7.27 6.92 6.92
2003-05-19 7.4 7.69 7.2 7.2
2003-06-11 7.31 7.45 7.2 7.2
2003-07-08 6.84 6.86 6.7 6.7
2003-07-09 7.22 7.28 6.9 6.9
2003-08-19 6.47 6.55 6.46 6.46
2003-12-01 5.85 5.99 5.57 5.57
2003-12-26 5.56 5.59 5.5 5.5
2004-01-02 5.56 5.61 5.48 5.48
2004-02-04 6.92 6.95 6.63 6.63
2004-03-18 7.87 8.31 7.7 7.7
2004-03-22 8.19 8.27 8.0 8.0
2004-04-01 8.04 8.11 7.92 7.92
2004-06-15 7.76 7.85 7.6 7.6
2004-07-02 7.54 7.75 7.51 7.51
2004-07-06 7.74 7.84 7.7 7.7
2004-07-16 8.22 8.23 7.9 7.9
2004-08-06 7.38 7.39 7.27 7.27
2004-08-11 7.58 7.6 7.4 7.4
2004-08-13 7.65 7.72 7.58 7.58
2004-08-18 7.6 7.7 7.56 7.56
2004-08-24 7.52 7.58 7.28 7.28
2004-09-06 7.37 7.4 7.26 7.26
2004-09-14 6.96 7.16 6.8 6.8
2004-09-16 7.51 7.62 7.42 7.42
2004-09-17 7.81 7.84 7.5 7.5
2004-11-15 8.23 8.25 8.04 8.04
2004-11-22 8.25 8.28 8.15 8.15
2004-11-24 8.3 8.48 8.2 8.2
2004-12-29 7.51 7.6 7.5 7.5
2005-01-05 7.54 7.6 7.33 7.33
2005-04-12 8.81 8.84 8.6 8.6
2005-04-19 9.29 9.35 9.02 9.02
2005-06-24 9.78 9.8 9.49 9.49
2005-07-14 9.18 9.35 9.11 9.11
2005-07-27 9.5 9.54 9.12 9.12
2005-11-02 10.59 10.67 10.32 10.32
2006-12-22 29.98 30.3 29.1 29.1
2007-01-29 41.49 41.49 41.49 41.49
2007-01-30 45.64 45.64 45.64 45.64
2007-01-31 50.2 50.2 50.2 50.2
2007-02-01 55.22 55.22 55.22 55.22
2007-02-02 60.74 60.74 60.74 60.74
2007-02-05 66.81 66.81 66.81 66.81
2007-02-07 70.51 71.0 67.18 67.18
2007-05-25 94.6 94.8 89.62 89.62
2007-05-28 104.06 104.06 95.0 95.0
2007-05-29 111.62 114.47 104.06 104.06
2007-07-24 144.01 146.0 142.1 142.1
2007-09-07 231.76 238.99 230.1 230.1
2007-12-11 239.1 241.3 220.0 220.0
2008-01-02 258.36 260.0 250.0 250.0
2008-01-03 261.57 268.15 259.0 259.0
2008-01-04 271.48 273.0 263.0 263.0
2008-01-07 291.62 293.0 272.5 272.5
2008-05-05 136.26 139.49 133.0 133.0
2008-07-14 86.61 88.48 84.7 84.7
2008-10-28 32.77 32.96 30.58 30.58
2008-10-29 33.79 35.8 33.61 33.61
2008-11-03 34.29 35.16 33.1 33.1
2008-11-10 37.98 38.0 35.6 35.6
2008-12-25 40.79 41.39 40.05 40.05
2009-01-14 41.61 41.75 40.0 40.0
2009-01-16 44.71 45.88 43.5 43.5
2009-02-06 49.97 50.0 48.28 48.28
2009-03-23 56.18 56.18 51.35 51.35
2009-04-08 66.63 69.97 63.82 63.82
2009-04-13 68.48 69.05 66.33 66.33
2009-05-20 62.49 63.98 62.17 62.17
2009-06-01 63.23 63.65 62.15 62.15
2009-06-02 65.8 66.38 63.7 63.7
2009-07-13 73.48 74.88 70.03 70.03
2009-10-09 72.54 72.79 70.1 70.1
2010-05-10 70.23 71.68 65.15 65.15
2010-07-12 58.37 58.5 57.55 57.55
2010-07-14 56.82 57.73 56.15 56.15
2010-08-30 60.56 60.7 58.91 58.91
2010-11-03 70.9 73.5 70.18 70.18
2011-06-22 69.84 70.48 69.36 69.36
2012-06-11 31.33 31.48 30.73 30.73
2012-06-12 23.79 24.32 23.65 23.65
2012-10-08 20.72 20.99 20.33 20.33
2012-11-07 20.03 20.16 19.66 19.66
2012-11-12 19.98 20.1 19.41 19.41
2012-12-17 20.26 20.69 20.05 20.05
2013-05-03 18.21 18.4 17.99 17.99
2013-07-11 16.83 17.12 16.41 16.41
2013-07-15 16.43 16.65 16.2 16.2
2013-08-02 16.91 17.3 16.02 16.02
2013-11-13 17.58 17.89 17.31 17.31
2013-11-18 19.03 19.33 18.7 18.7
2013-12-16 21.11 21.38 20.78 20.78
2013-12-23 21.43 21.64 20.13 20.13
2013-12-24 21.8 22.23 21.43 21.43
2013-12-27 24.06 24.06 21.78 21.78
2014-02-14 23.14 23.34 22.81 22.81
2014-04-08 19.97 20.24 18.91 18.91
2014-04-11 20.4 21.09 20.02 20.02
2014-08-11 24.18 24.38 23.71 23.71
2015-08-07 40.66 40.71 39.7 39.7
2015-08-10 44.73 44.73 44.73 44.73
2015-08-11 49.2 49.2 49.2 49.2
2016-09-27 21.44 21.58 21.16 21.16
2016-09-30 21.57 21.62 21.4 21.4
2016-10-10 22.15 22.16 21.7 21.7
