1997-02-19 9.34 9.5 8.83 8.83
1997-02-20 9.0 9.05 8.41 8.41
1997-02-21 9.37 9.44 9.0 9.0
1997-03-04 10.12 10.28 9.36 9.36
1997-03-17 12.13 12.4 12.09 12.09
1997-03-19 12.68 12.85 12.2 12.2
1997-03-20 12.85 13.88 12.68 12.68
1997-03-21 13.88 14.0 12.68 12.68
1997-03-26 15.1 15.18 14.5 14.5
1997-04-01 14.89 15.2 14.8 14.8
1997-04-03 16.35 16.35 14.82 14.82
1997-04-04 17.5 17.88 16.35 16.35
1997-04-14 14.93 15.58 14.65 14.65
1997-04-28 15.35 16.2 14.5 14.5
1997-04-30 15.8 16.1 15.48 15.48
1997-05-23 11.9 12.01 11.3 11.3
1997-06-12 10.7 10.7 10.01 10.01
1997-07-15 9.05 9.2 8.51 8.51
1997-07-18 8.99 9.05 8.8 8.8
1997-07-31 8.88 9.0 8.68 8.68
1997-08-06 9.89 10.1 9.8 9.8
1997-08-19 8.58 9.0 8.33 8.33
1997-08-27 10.17 10.29 10.1 10.1
1997-09-01 10.61 10.65 10.16 10.16
1997-09-04 11.35 11.35 10.96 10.96
1997-09-16 10.38 10.58 10.16 10.16
1997-09-25 10.56 10.6 10.2 10.2
1997-10-06 10.09 10.16 10.0 10.0
1997-10-07 10.28 10.31 10.08 10.08
1997-10-08 10.7 10.7 10.29 10.29
1997-10-16 11.3 11.39 11.1 11.1
1997-10-17 11.54 11.65 11.26 11.26
1997-10-27 10.93 11.18 10.72 10.72
1997-10-29 10.3 10.45 10.15 10.15
1997-11-03 10.45 10.45 10.0 10.0
1997-11-19 10.3 10.5 10.18 10.18
1997-11-26 10.35 10.4 9.77 9.77
1997-11-28 10.37 10.44 10.18 10.18
1997-12-10 9.8 9.9 9.75 9.75
1997-12-15 10.06 10.1 9.7 9.7
1997-12-24 10.9 11.23 10.72 10.72
1998-01-20 10.73 10.8 10.35 10.35
1998-01-21 10.65 10.71 10.38 10.38
1998-01-23 10.67 10.97 10.5 10.5
1998-02-09 10.9 11.05 10.7 10.7
1998-02-16 11.47 11.49 10.85 10.85
1998-03-04 11.68 12.0 11.09 11.09
1998-03-09 11.5 11.75 11.2 11.2
1998-05-07 12.06 12.31 12.05 12.05
1998-05-13 13.38 13.48 12.5 12.5
1998-05-22 16.35 16.8 15.5 15.5
1998-06-11 15.95 16.0 15.76 15.76
1998-06-17 16.55 16.66 16.13 16.13
1998-07-10 17.6 17.79 17.01 17.01
1998-07-24 19.0 19.0 17.23 17.23
1998-07-27 20.12 20.12 19.0 19.0
1998-08-19 18.91 18.91 17.7 17.7
1998-08-21 19.9 19.98 19.0 19.0
1998-08-26 19.9 20.0 19.55 19.55
1998-09-03 19.63 19.76 19.11 19.11
1998-09-04 19.75 19.89 19.55 19.55
1998-09-09 19.98 20.04 19.2 19.2
1998-09-11 21.84 21.88 19.8 19.8
1998-09-16 16.78 16.78 15.0 15.0
1998-09-17 17.33 18.3 16.8 16.8
1998-09-30 17.25 17.25 16.85 16.85
1998-10-08 17.6 17.6 16.6 16.6
1998-10-09 17.85 17.94 17.6 17.6
1998-11-02 15.9 16.14 15.11 15.11
1998-12-09 12.32 12.47 12.2 12.2
1998-12-11 12.47 12.5 12.18 12.18
1998-12-14 12.39 12.52 12.2 12.2
1998-12-15 12.49 12.5 12.2 12.2
1998-12-16 12.37 12.53 12.3 12.3
1998-12-31 10.28 10.44 10.01 10.01
1999-01-19 11.23 11.32 10.65 10.65
1999-02-09 10.33 10.38 10.0 10.0
1999-03-03 11.2 11.3 10.4 10.4
1999-03-11 11.75 11.8 11.0 11.0
1999-03-12 12.34 12.43 11.55 11.55
1999-04-16 11.83 12.22 11.57 11.57
1999-04-20 11.49 11.58 11.2 11.2
1999-05-06 11.45 11.71 11.3 11.3
1999-05-18 10.9 11.2 10.52 10.52
1999-05-19 11.31 11.49 10.7 10.7
1999-05-24 11.74 11.9 11.47 11.47
1999-05-26 11.4 11.66 11.11 11.11
1999-06-11 12.26 12.73 11.88 11.88
1999-08-05 12.51 12.7 12.36 12.36
1999-08-11 11.92 11.95 11.51 11.51
1999-08-30 12.12 12.36 11.5 11.5
1999-09-08 12.37 12.5 12.14 12.14
1999-09-09 12.81 12.85 12.38 12.38
1999-10-11 11.67 11.85 11.41 11.41
1999-10-22 11.48 11.62 11.21 11.21
1999-11-02 11.7 11.88 11.55 11.55
1999-11-05 11.88 11.88 11.6 11.6
1999-11-08 12.2 12.25 11.7 11.7
1999-11-11 11.91 11.98 11.83 11.83
1999-11-12 11.88 11.95 11.8 11.8
1999-11-19 12.48 12.66 12.34 12.34
1999-12-24 11.6 11.8 11.5 11.5
1999-12-28 11.7 11.9 11.61 11.61
2000-01-04 12.01 12.01 11.68 11.68
2000-01-05 12.0 12.29 10.81 10.81
2000-01-06 12.2 12.28 12.0 12.0
2000-01-10 12.7 12.85 12.4 12.4
2000-01-14 11.94 12.2 11.63 11.63
2000-02-14 13.9 13.95 13.11 13.11
2000-02-24 14.6 14.7 13.8 13.8
2000-03-21 15.05 15.31 14.6 14.6
2000-03-24 15.98 16.6 15.5 15.5
2000-04-03 18.0 18.0 16.45 16.45
2000-04-05 17.5 17.99 16.85 16.85
2000-04-21 17.76 18.0 17.35 17.35
2000-05-16 15.79 15.98 15.0 15.0
2000-05-18 16.2 16.2 15.3 15.3
2000-05-31 17.35 17.39 17.13 17.13
2000-06-01 17.51 17.86 17.02 17.02
2000-06-02 18.29 18.4 17.6 17.6
2000-06-08 18.73 18.97 18.43 18.43
2000-06-22 18.4 18.59 18.2 18.2
2000-07-03 17.48 17.8 17.45 17.45
2000-07-19 17.97 18.2 17.6 17.6
2000-08-09 18.76 18.8 17.69 17.69
2000-09-06 19.8 20.15 19.01 19.01
2000-10-18 18.75 19.5 18.6 18.6
2000-10-23 19.17 19.24 18.8 18.8
2000-10-26 19.8 19.97 19.1 19.1
2000-11-06 21.28 21.46 20.62 20.62
2001-01-08 19.82 19.88 19.16 19.16
2001-01-19 19.8 20.0 19.25 19.25
2001-02-09 18.6 18.75 18.45 18.45
2001-02-12 18.52 18.6 18.51 18.51
2001-02-13 19.0 19.0 18.5 18.5
2001-02-27 18.72 18.98 18.5 18.5
2001-03-12 17.93 17.93 17.93 17.93
2001-04-06 21.01 21.88 20.01 20.01
2001-04-09 21.88 22.3 21.01 21.01
2001-04-26 23.81 24.4 22.81 22.81
2001-05-16 24.35 24.4 23.55 23.55
2001-06-21 23.91 23.99 23.75 23.75
2001-06-26 23.88 24.0 23.59 23.59
2001-08-01 21.91 21.92 20.9 20.9
2001-08-06 21.53 22.05 19.8 19.8
2001-09-21 17.1 17.15 16.98 16.98
2001-10-23 16.12 16.12 15.09 15.09
2001-11-06 15.92 16.28 15.8 15.8
2001-11-14 14.44 14.6 14.3 14.3
2001-11-22 15.88 15.97 15.15 15.15
2001-11-28 16.14 16.29 15.71 15.71
2001-12-27 15.49 15.6 15.12 15.12
2001-12-31 15.72 15.88 15.38 15.38
2002-01-04 15.42 15.68 15.31 15.31
2002-01-22 13.08 13.25 12.78 12.78
2002-02-07 13.89 14.15 13.7 13.7
2002-03-20 15.56 15.76 15.26 15.26
2002-03-22 15.83 16.48 15.27 15.27
2002-03-28 16.66 16.88 16.12 16.12
2002-04-17 16.66 16.88 16.3 16.3
2002-05-14 16.66 16.89 16.64 16.64
2002-07-08 15.75 15.8 15.68 15.68
2002-07-23 16.0 16.18 15.9 15.9
2002-07-26 15.86 15.98 15.66 15.66
2002-07-30 15.97 15.99 15.65 15.65
2002-08-05 16.19 16.33 15.9 15.9
2002-08-13 15.82 15.94 15.8 15.8
2002-08-15 15.75 15.93 15.72 15.72
2002-08-19 15.58 15.78 14.97 14.97
2002-08-20 15.75 15.86 15.56 15.56
2002-08-22 15.89 15.98 15.7 15.7
2002-09-27 15.53 15.65 15.3 15.3
2002-10-16 14.63 14.84 14.52 14.52
2002-10-22 14.31 14.5 13.9 13.9
2002-10-23 14.39 14.47 14.02 14.02
2002-12-06 11.85 11.97 11.08 11.08
2002-12-12 11.6 11.7 11.48 11.48
2003-01-08 12.32 12.4 12.05 12.05
2003-01-14 12.77 13.15 12.3 12.3
2003-01-16 13.27 13.38 12.3 12.3
2003-01-20 13.79 14.0 13.09 13.09
2003-01-22 13.9 13.97 13.6 13.6
2003-01-24 14.16 14.19 13.85 13.85
2003-02-14 14.31 15.15 14.0 14.0
2003-02-25 14.0 14.15 13.65 13.65
2003-03-04 14.32 14.37 14.19 14.19
2003-03-21 13.71 13.75 13.5 13.5
2003-03-25 14.04 14.05 13.7 13.7
2003-04-25 10.11 10.48 9.32 9.32
2003-06-02 9.73 9.75 9.65 9.65
2003-06-11 9.35 9.49 9.24 9.24
2003-07-01 9.36 9.4 9.3 9.3
2003-07-02 9.34 9.38 9.2 9.2
2003-07-08 10.02 10.04 9.63 9.63
2003-07-15 9.84 9.88 9.75 9.75
2003-07-21 9.67 9.8 9.21 9.21
2003-07-29 9.67 9.73 9.65 9.65
2003-08-05 9.89 9.91 9.7 9.7
2003-08-12 10.07 10.07 9.97 9.97
2003-09-01 9.7 9.87 9.54 9.54
2003-09-08 9.45 9.58 9.4 9.4
2003-09-09 9.58 9.6 9.42 9.42
2003-09-11 9.57 9.66 9.42 9.42
2003-09-12 9.62 9.71 9.47 9.47
2003-10-09 9.25 9.35 9.2 9.2
2003-10-14 9.41 9.44 9.25 9.25
2003-10-15 9.5 9.67 9.4 9.4
2003-11-25 8.33 8.4 8.22 8.22
2003-12-12 8.15 8.15 7.4 7.4
2004-01-09 7.69 7.76 7.42 7.42
2004-01-12 7.81 7.95 7.68 7.68
2004-01-14 7.98 8.11 7.84 7.84
2004-02-05 8.71 8.75 8.45 8.45
2004-02-11 9.1 9.35 8.98 8.98
2004-04-30 7.37 7.48 7.33 7.33
2004-05-11 7.28 7.34 7.11 7.11
2004-05-17 7.28 7.37 7.17 7.17
2004-05-18 7.41 7.48 7.19 7.19
2004-05-31 7.21 7.23 7.15 7.15
2004-06-01 7.29 7.35 7.17 7.17
2004-06-21 6.31 6.35 6.22 6.22
2004-07-01 6.12 6.13 5.91 5.91
2004-07-05 6.07 6.1 6.0 6.0
2004-07-06 6.14 6.22 6.05 6.05
2004-07-21 5.9 5.95 5.85 5.85
2004-08-02 5.84 5.84 5.61 5.61
2004-09-06 5.35 5.4 5.32 5.32
2004-09-14 5.31 5.35 5.17 5.17
2004-09-15 5.58 5.65 5.33 5.33
2004-10-29 5.09 5.17 5.0 5.0
2004-11-03 4.94 5.0 4.84 4.84
2004-11-05 5.04 5.1 4.85 4.85
2004-11-18 5.15 5.18 4.91 4.91
2004-11-22 5.7 5.8 5.45 5.45
2004-11-23 5.71 5.79 5.61 5.61
2004-11-26 5.4 5.53 5.35 5.35
2004-11-30 5.45 5.5 5.3 5.3
2004-12-09 5.44 5.47 5.36 5.36
2004-12-14 5.29 5.38 5.22 5.22
2004-12-24 5.15 5.22 5.08 5.08
2005-01-27 5.47 5.67 5.17 5.17
2005-02-02 5.39 5.44 5.1 5.1
2005-03-24 4.75 4.79 4.5 4.5
2005-03-29 4.67 4.73 4.45 4.45
2005-04-26 4.0 4.06 3.9 3.9
2005-05-13 3.99 4.12 3.71 3.71
2005-05-19 3.99 4.04 3.9 3.9
2005-05-20 4.01 4.04 3.93 3.93
2005-05-25 3.9 3.99 3.87 3.87
2005-05-30 4.0 4.04 3.9 3.9
2005-06-02 3.92 3.96 3.85 3.85
2005-06-03 3.9 3.95 3.73 3.73
2005-06-06 3.88 3.94 3.81 3.81
2005-06-07 4.0 4.05 3.85 3.85
2005-06-21 4.01 4.05 3.93 3.93
2005-06-28 4.2 4.2 3.99 3.99
2005-07-06 3.55 3.57 3.48 3.48
2005-07-13 3.47 3.52 3.39 3.39
2005-07-14 3.5 3.53 3.46 3.46
2005-08-01 3.58 3.59 3.47 3.47
2005-08-04 4.07 4.07 3.8 3.8
2005-08-22 3.97 4.03 3.92 3.92
2005-08-30 4.4 4.4 4.2 4.2
2005-09-12 4.37 4.43 4.34 4.34
2005-09-13 4.48 4.5 4.35 4.35
2005-09-26 4.65 4.91 4.51 4.51
2005-10-10 4.27 4.36 4.21 4.21
2005-12-02 4.16 4.21 4.15 4.15
2006-10-31 5.11 5.17 4.98 4.98
2006-11-09 4.98 5.0 4.77 4.77
2006-11-13 4.86 4.95 4.76 4.76
2006-11-17 4.99 5.0 4.81 4.81
2006-11-23 5.11 5.16 5.01 5.01
2006-11-28 5.39 5.48 5.26 5.26
2006-12-11 5.07 5.1 4.82 4.82
2006-12-13 5.19 5.28 5.06 5.06
2006-12-15 5.5 5.7 5.47 5.47
2006-12-18 5.71 5.82 5.52 5.52
2006-12-22 5.98 6.18 5.8 5.8
2006-12-25 6.05 6.19 5.95 5.95
2007-01-08 6.47 6.55 5.9 5.9
2007-01-19 6.38 6.45 6.2 6.2
2007-01-22 6.6 6.65 6.38 6.38
2007-01-30 7.36 7.7 6.8 6.8
2007-02-06 6.63 6.65 6.4 6.4
2007-02-26 7.54 7.55 7.18 7.18
2007-02-28 7.45 7.47 6.85 6.85
2007-03-26 10.97 11.16 10.27 10.27
2007-05-08 14.72 15.29 14.39 14.39
2007-05-22 19.57 20.0 18.68 18.68
2007-05-25 19.78 19.86 19.2 19.2
2007-06-05 12.65 12.65 12.65 12.65
2007-06-27 10.93 10.93 10.02 10.02
2007-07-11 9.95 10.07 9.06 9.06
2007-07-20 10.21 10.21 9.28 9.28
2007-07-23 10.75 11.07 10.5 10.5
2007-07-30 13.29 13.7 13.05 13.05
2007-08-02 14.86 14.86 13.7 13.7
2007-08-03 16.34 16.35 15.36 15.36
2007-08-17 13.93 14.3 13.71 13.71
2007-09-12 20.34 20.34 18.66 18.66
2007-10-11 22.71 23.48 22.52 22.52
2007-10-29 17.08 17.08 15.6 15.6
2007-11-14 14.85 14.89 14.0 14.0
2007-11-19 15.33 15.66 14.85 14.85
2007-12-24 14.22 14.41 13.67 13.67
2008-01-02 16.93 16.93 15.52 15.52
2008-02-04 15.31 15.31 14.25 14.25
2008-02-14 16.48 16.56 15.9 15.9
2008-02-18 16.83 17.24 16.35 16.35
2008-02-27 15.36 15.56 15.11 15.11
2008-07-09 6.12 6.12 5.86 5.86
2008-07-24 6.82 6.82 6.21 6.21
2008-07-28 7.39 7.79 7.1 7.1
2008-08-19 4.86 4.97 4.4 4.4
2008-08-27 4.85 4.85 4.42 4.42
2008-09-10 4.38 4.53 4.25 4.25
2008-11-05 3.27 3.32 3.16 3.16
2009-01-14 4.71 4.72 4.51 4.51
2009-02-23 5.86 5.93 5.65 5.65
2009-07-01 7.55 7.55 6.8 6.8
2009-07-13 7.99 8.16 7.84 7.84
2009-07-14 8.35 8.44 7.98 7.98
2009-09-17 7.23 7.23 6.58 6.58
2009-09-30 6.04 6.11 5.9 5.9
2009-11-05 7.6 7.7 7.46 7.46
2009-11-09 7.92 7.98 7.65 7.65
2009-11-16 7.88 7.94 7.76 7.76
2010-01-15 6.97 7.12 6.9 6.9
2010-01-18 7.14 7.18 6.97 6.97
2010-04-06 7.68 7.98 7.51 7.51
2010-05-21 5.62 5.66 5.17 5.17
2010-08-23 5.7 5.76 5.54 5.54
2010-12-07 5.89 5.92 5.68 5.68
2010-12-16 6.08 6.11 5.88 5.88
2010-12-24 6.24 6.28 6.1 6.1
2011-01-19 5.78 5.79 5.68 5.68
2011-01-21 5.69 5.77 5.51 5.51
2011-02-23 5.6 5.63 5.52 5.52
2011-04-06 6.2 6.27 6.15 6.15
2011-05-05 5.86 5.93 5.74 5.74
2011-05-31 5.55 5.57 5.45 5.45
2011-06-21 5.83 5.83 5.75 5.75
2011-08-25 5.79 5.82 5.61 5.61
2011-08-26 5.77 5.82 5.72 5.72
2011-09-13 5.24 5.35 5.2 5.2
2011-09-23 5.21 5.27 5.12 5.12
2011-10-12 5.42 5.47 5.19 5.19
2011-11-11 4.72 4.74 4.68 4.68
2011-11-21 4.73 4.75 4.61 4.61
2011-12-09 4.78 4.8 4.72 4.72
2012-01-11 4.7 4.71 4.65 4.65
2012-01-12 4.72 4.78 4.68 4.68
2012-02-01 4.62 4.65 4.57 4.57
2012-02-10 4.85 4.93 4.8 4.8
2012-03-01 5.04 5.05 4.97 4.97
2012-03-02 5.18 5.21 5.01 5.01
2012-04-05 4.64 4.64 4.5 4.5
2012-04-20 5.1 5.12 4.91 4.91
2012-05-22 4.91 4.92 4.81 4.81
2012-05-30 4.93 5.0 4.87 4.87
2012-06-13 4.87 4.89 4.81 4.81
2012-08-09 4.26 4.28 4.18 4.18
2012-09-18 3.87 3.9 3.81 3.81
2012-09-27 3.78 3.81 3.69 3.69
2012-09-28 3.82 3.83 3.74 3.74
2012-10-16 3.83 3.87 3.8 3.8
2012-10-18 3.96 3.98 3.81 3.81
2012-10-19 3.94 3.99 3.93 3.93
2012-10-23 4.1 4.4 4.0 4.0
2012-11-02 4.58 4.58 4.14 4.14
2012-11-16 4.05 4.07 3.97 3.97
2012-11-30 3.87 3.92 3.7 3.7
2012-12-28 4.45 4.56 4.21 4.21
2013-01-21 5.12 5.12 4.68 4.68
2013-01-28 4.89 4.97 4.68 4.68
2013-02-07 4.87 4.92 4.84 4.84
2013-02-08 5.09 5.28 4.87 4.87
2013-02-27 4.7 4.77 4.62 4.62
2013-03-05 4.37 4.39 4.28 4.28
2013-03-29 4.36 4.37 4.28 4.28
2013-04-02 4.53 4.59 4.48 4.48
2013-05-03 4.42 4.43 4.32 4.32
2013-05-10 4.32 4.35 4.28 4.28
2013-05-16 4.63 4.66 4.21 4.21
2013-06-14 5.45 5.46 5.2 5.2
2013-06-26 4.99 5.05 4.65 4.65
2013-07-10 5.16 5.2 4.92 4.92
2013-08-26 4.92 4.94 4.8 4.8
2013-09-03 5.07 5.12 4.94 4.94
2013-09-10 5.13 5.14 5.04 5.04
2013-09-18 4.95 4.96 4.91 4.91
2013-10-18 5.16 5.16 5.06 5.06
2013-11-28 5.85 6.0 5.66 5.66
2013-12-26 5.35 5.5 5.32 5.32
2013-12-31 5.72 5.79 5.6 5.6
2014-02-07 4.43 4.44 4.38 4.38
2014-03-17 4.53 4.55 4.41 4.41
2014-05-08 4.48 4.65 4.33 4.33
2014-06-03 4.47 4.55 4.42 4.42
2014-06-10 4.55 4.57 4.49 4.49
2014-07-11 4.61 4.62 4.49 4.49
2014-07-22 4.71 4.75 4.67 4.67
2014-07-24 4.91 5.1 4.8 4.8
2014-08-08 4.99 5.0 4.93 4.93
2014-08-15 5.02 5.04 4.96 4.96
2014-08-29 5.0 5.01 4.92 4.92
2014-09-01 5.11 5.14 5.02 5.02
2014-10-28 6.39 6.42 6.24 6.24
2014-11-03 6.49 6.56 6.42 6.42
2014-11-27 6.61 6.7 6.51 6.51
2014-12-26 6.37 6.5 6.34 6.34
2015-01-20 6.24 6.25 6.1 6.1
2015-02-13 6.5 6.55 6.36 6.36
2015-04-13 9.5 9.75 9.31 9.31
2015-04-21 9.21 9.24 8.83 8.83
2015-05-08 9.38 9.39 9.06 9.06
2015-05-20 10.77 11.3 10.63 10.63
2015-06-01 13.37 13.44 12.55 12.55
2015-06-05 15.1 15.1 13.78 13.78
2015-07-03 8.43 9.24 8.43 8.43
2015-07-08 6.15 6.15 6.15 6.15
2015-07-13 6.77 6.77 6.77 6.77
2015-07-14 7.45 7.45 7.45 7.45
2015-07-16 7.37 7.65 6.5 6.5
2015-08-13 9.14 9.17 8.4 8.4
2015-09-08 6.41 6.47 5.99 5.99
2015-09-16 6.15 6.15 5.58 5.58
2015-10-08 6.88 6.88 6.88 6.88
2015-11-06 8.49 8.6 8.36 8.36
2015-12-17 9.14 9.22 8.83 8.83
2015-12-22 9.54 9.93 9.26 9.26
2016-01-29 6.14 6.25 5.82 5.82
2016-02-16 6.65 6.65 6.35 6.35
2016-03-17 6.63 6.7 6.38 6.38
2016-03-18 6.88 6.93 6.64 6.64
2016-04-13 7.6 8.01 7.43 7.43
2016-04-19 8.09 8.28 7.82 7.82
2016-04-26 7.38 7.39 7.17 7.17
2016-05-31 6.88 6.91 6.68 6.68
2016-06-01 6.87 6.95 6.85 6.85
2016-07-11 7.07 7.2 7.05 7.05
2016-07-13 7.27 7.32 7.12 7.12
2016-08-18 7.65 7.95 7.59 7.59
2016-08-29 7.51 7.57 7.47 7.47
2016-09-21 8.17 8.25 7.92 7.92
2016-10-25 8.4 8.49 8.22 8.22
2016-11-16 8.9 9.17 8.79 8.79
2016-11-23 8.86 8.99 8.75 8.75
2016-12-28 8.21 8.34 8.2 8.2
2016-12-29 8.23 8.32 8.2 8.2
2017-01-03 8.37 8.38 8.19 8.19
2017-01-05 8.52 8.68 8.46 8.46
2017-01-20 7.79 7.83 7.55 7.55
2017-02-14 8.26 8.31 8.23 8.23
2017-02-20 8.26 8.27 8.11 8.11
2017-03-07 8.34 8.36 8.28 8.28
2017-05-22 8.72 9.16 8.5 8.5
2017-06-13 9.27 9.46 9.16 9.16
2017-07-19 9.33 9.39 8.92 8.92
2017-08-03 11.1 11.5 10.5 10.5
2017-08-09 11.33 11.75 11.11 11.11
