1994-09-02 13.35 13.4 13.02 13.02
1994-10-18 13.73 14.0 12.97 12.97
1994-10-21 15.3 15.98 14.7 14.7
1994-10-31 14.96 15.09 14.5 14.5
1994-11-02 14.99 15.17 14.73 14.73
1994-11-03 15.6 15.9 15.15 15.15
1994-12-15 13.0 13.29 12.2 12.2
1995-01-04 11.88 11.97 11.65 11.65
1995-01-11 11.98 11.98 10.85 10.85
1995-02-20 8.68 8.8 8.5 8.5
1995-02-21 8.73 8.76 8.57 8.57
1995-03-01 8.43 8.5 8.28 8.28
1995-03-09 10.12 10.48 9.8 9.8
1995-03-14 9.31 9.57 9.17 9.17
1995-03-16 9.2 9.2 8.9 8.9
1995-03-22 9.88 9.9 9.51 9.51
1995-04-19 10.2 10.25 10.0 10.0
1995-05-09 7.08 7.1 6.8 6.8
1995-05-12 7.28 7.6 6.85 6.85
1995-05-30 9.9 10.24 9.78 9.78
1995-06-06 9.49 9.49 9.12 9.12
1995-06-07 9.89 10.02 9.4 9.4
1995-06-13 9.66 9.8 9.52 9.52
1995-06-16 8.8 9.09 8.4 8.4
1995-06-23 8.58 8.65 8.55 8.55
1995-07-04 7.84 7.84 7.5 7.5
1995-07-26 8.12 8.4 8.12 8.12
1995-07-27 8.12 8.15 8.06 8.06
1995-07-31 9.03 9.15 8.6 8.6
1995-08-07 8.8 8.84 8.57 8.57
1995-09-06 8.68 8.71 8.42 8.42
1995-09-08 8.99 9.07 8.7 8.7
1995-09-11 9.48 9.71 9.2 9.2
1995-09-21 8.7 8.72 8.51 8.51
1995-11-03 8.96 8.96 8.8 8.8
1995-11-29 7.66 7.75 7.65 7.65
1995-12-19 6.8 6.89 6.6 6.6
1995-12-29 6.18 6.3 6.12 6.12
1996-01-09 6.11 6.17 5.83 5.83
1996-01-19 5.5 5.57 5.4 5.4
1996-01-24 5.54 5.55 5.49 5.49
1996-01-26 5.68 5.7 5.48 5.48
1996-01-29 5.69 5.75 5.65 5.65
1996-02-16 6.6 6.65 6.35 6.35
1996-04-05 6.95 6.95 6.68 6.68
1996-04-16 6.74 6.75 6.61 6.61
1996-04-17 7.02 7.11 6.8 6.8
1996-04-19 8.4 8.69 7.55 7.55
1996-04-22 9.68 10.0 8.7 8.7
1996-04-26 12.55 12.55 11.03 11.03
1996-05-17 12.19 12.47 11.5 11.5
1996-05-28 10.54 10.55 10.3 10.3
1996-06-18 11.98 12.1 11.2 11.2
1996-06-21 11.9 12.09 11.8 11.8
1996-06-26 11.7 11.78 11.3 11.3
1996-07-18 15.9 16.11 15.58 15.58
1996-08-27 13.13 13.14 12.65 12.65
1996-09-17 14.03 14.48 13.98 13.98
1996-09-20 14.55 14.66 13.91 13.91
1996-09-26 15.76 15.88 15.0 15.0
1996-11-04 13.55 13.73 13.31 13.31
1996-11-07 13.32 13.49 13.2 13.2
1996-11-11 13.65 13.67 13.31 13.31
1996-11-15 13.5 13.76 12.99 12.99
1996-11-29 13.91 13.95 13.5 13.5
1996-12-16 14.03 14.03 14.03 14.03
1996-12-17 12.63 13.99 12.63 12.63
1997-01-09 15.05 15.05 14.63 14.63
1997-01-15 14.8 14.88 14.5 14.5
1997-01-17 15.5 15.77 15.0 15.0
1997-01-22 16.51 16.67 15.82 15.82
1997-02-20 15.55 15.98 13.98 13.98
1997-02-25 16.5 16.95 16.1 16.1
1997-03-06 17.54 17.6 17.02 17.02
1997-03-11 18.75 19.15 17.8 17.8
1997-03-21 20.54 20.6 19.5 19.5
1997-04-21 24.88 25.2 24.5 24.5
1997-04-23 25.8 25.9 25.0 25.0
1997-04-25 28.45 29.8 28.0 28.0
1997-05-05 29.6 30.0 29.08 29.08
1997-05-16 16.95 18.2 16.83 16.83
1997-06-13 16.85 16.88 15.7 15.7
1997-06-16 17.22 17.5 17.01 17.01
1997-07-10 13.2 13.78 13.09 13.09
1997-07-11 13.7 13.79 13.0 13.0
1997-07-15 14.7 14.95 14.3 14.3
1997-07-30 13.8 13.9 13.25 13.25
1997-08-05 14.35 14.38 13.42 13.42
1997-08-14 15.79 15.8 14.4 14.4
1997-08-18 13.39 13.39 13.39 13.39
1997-08-19 12.71 13.0 12.1 12.1
1997-08-28 13.19 13.45 12.8 12.8
1997-09-04 13.65 13.65 13.1 13.1
1997-09-10 12.95 13.08 12.9 12.9
1997-10-06 10.69 10.8 10.64 10.64
1997-10-16 11.38 11.55 10.98 10.98
1997-10-17 12.18 12.38 11.45 11.45
1997-10-24 12.05 12.35 11.8 11.8
1997-10-27 12.66 12.7 12.05 12.05
1997-10-29 11.74 11.95 11.51 11.51
1997-11-26 10.85 10.9 10.75 10.75
1997-12-05 10.89 11.2 10.65 10.65
1997-12-08 11.22 11.25 10.9 10.9
1997-12-10 11.36 11.84 11.1 11.1
1997-12-15 11.1 11.15 11.0 11.0
1997-12-23 11.35 11.58 10.66 10.66
1997-12-25 11.14 11.22 11.02 11.02
1998-01-14 12.6 12.8 12.2 12.2
1998-03-04 11.8 11.95 11.4 11.4
1998-03-09 11.6 11.98 11.5 11.5
1998-03-13 11.29 11.47 11.11 11.11
1998-03-18 11.59 11.9 11.1 11.1
1998-03-19 11.59 11.63 11.4 11.4
1998-04-02 11.86 12.2 11.8 11.8
1998-04-13 12.64 13.09 12.2 12.2
1998-04-14 12.69 12.94 12.6 12.6
1998-04-16 13.25 13.51 12.73 12.73
1998-05-13 15.0 15.2 14.58 14.58
1998-05-22 15.6 15.97 15.2 15.2
1998-05-25 16.17 16.54 15.8 15.8
1998-06-19 14.39 14.56 14.3 14.3
1998-06-25 14.56 15.1 14.01 14.01
1998-07-08 14.5 14.65 14.3 14.3
1998-07-31 15.05 15.2 14.78 14.78
1998-08-21 12.52 12.52 12.13 12.13
1998-09-09 13.25 13.25 12.75 12.75
1998-09-25 13.11 13.13 12.8 12.8
1998-10-08 12.61 12.8 12.53 12.53
1998-11-05 13.1 13.1 12.68 12.68
1998-11-23 13.8 13.9 13.4 13.4
1998-11-26 13.67 13.88 13.5 13.5
1998-11-27 14.15 14.25 13.75 13.75
1998-12-22 10.79 10.8 10.5 10.5
1999-01-07 10.9 11.1 10.36 10.36
1999-01-19 11.83 12.1 11.75 11.75
1999-01-26 11.2 11.32 11.18 11.18
1999-02-09 10.74 10.76 10.48 10.48
1999-03-01 10.61 10.77 10.58 10.58
1999-04-16 10.3 10.33 10.2 10.2
1999-04-23 10.17 10.28 10.08 10.08
1999-04-28 9.9 10.24 9.9 9.9
1999-04-29 10.06 10.1 9.92 9.92
1999-05-11 9.22 9.45 9.12 9.12
1999-05-19 9.0 9.07 8.49 8.49
1999-05-26 10.08 10.32 9.65 9.65
1999-06-09 10.24 10.38 10.1 10.1
1999-06-14 10.88 10.9 10.5 10.5
1999-06-16 12.29 12.43 11.59 11.59
1999-06-21 13.0 13.0 12.31 12.31
1999-06-28 14.66 14.66 13.6 13.6
1999-07-13 9.2 9.58 8.78 8.78
1999-07-20 10.02 10.08 9.38 9.38
1999-08-31 9.3 9.35 9.2 9.2
1999-09-09 9.94 9.94 9.05 9.05
1999-09-13 10.1 10.1 9.9 9.9
1999-09-17 9.68 9.76 9.6 9.6
1999-09-24 9.42 9.55 9.38 9.38
1999-10-15 9.16 9.25 9.05 9.05
1999-10-26 8.85 8.94 8.8 8.8
1999-10-27 9.09 9.19 9.01 9.01
1999-10-29 8.92 8.99 8.81 8.81
1999-11-02 8.85 8.9 8.8 8.8
1999-11-05 8.66 8.77 8.62 8.62
1999-11-17 8.52 8.6 8.39 8.39
1999-12-10 8.29 8.41 8.24 8.24
1999-12-28 7.6 7.66 7.52 7.52
2000-01-06 8.0 8.0 7.7 7.7
2000-01-17 7.7 7.73 7.55 7.55
2000-01-18 7.98 8.3 7.72 7.72
2000-01-19 8.22 8.22 8.0 8.0
2000-02-22 9.8 9.81 8.93 8.93
2000-02-24 10.23 10.23 9.33 9.33
2000-02-29 13.62 13.62 12.9 12.9
2000-03-15 12.13 12.13 11.08 11.08
2000-03-21 13.73 13.95 13.18 13.18
2000-04-10 13.89 14.15 13.6 13.6
2000-04-19 12.53 12.75 12.28 12.28
2000-04-27 12.0 12.2 11.94 11.94
2000-04-28 12.33 12.35 12.0 12.0
2000-05-24 13.22 13.8 12.7 12.7
2000-07-13 14.38 15.0 14.21 14.21
2000-07-18 14.26 14.5 13.86 13.86
2000-07-28 14.39 14.69 14.37 14.37
2000-08-01 14.22 14.38 14.08 14.08
2000-08-02 14.44 14.5 14.25 14.25
2000-08-16 13.89 14.0 13.8 13.8
2000-08-25 13.58 13.65 13.4 13.4
2000-09-12 12.57 12.73 12.4 12.4
2000-09-13 12.7 12.93 12.57 12.57
2000-09-27 11.78 11.78 11.38 11.38
2000-10-09 11.92 12.0 11.7 11.7
2000-10-18 11.53 11.7 11.48 11.48
2000-11-20 13.27 13.33 13.05 13.05
2000-11-28 12.4 12.43 12.18 12.18
2000-12-05 12.9 12.95 12.3 12.3
2000-12-12 12.62 12.69 12.5 12.5
2000-12-13 12.78 12.95 12.65 12.65
2000-12-19 12.32 12.44 12.28 12.28
2001-01-02 13.1 13.26 12.58 12.58
2001-01-03 13.29 13.7 13.15 13.15
2001-01-05 13.41 13.57 13.1 13.1
2001-02-09 12.14 12.2 12.0 12.0
2001-02-19 12.0 12.09 11.9 11.9
2001-02-23 11.9 11.95 11.71 11.71
2001-03-08 12.24 12.28 12.21 12.21
2001-03-13 12.17 12.28 12.1 12.1
2001-03-21 12.27 12.28 12.08 12.08
2001-03-22 12.41 12.53 12.3 12.3
2001-03-27 12.51 12.52 12.38 12.38
2001-04-09 12.1 12.17 12.0 12.0
2001-04-17 12.58 12.77 12.48 12.48
2001-05-21 12.52 12.8 12.5 12.5
2001-05-29 12.07 12.16 12.05 12.05
2001-05-30 12.28 12.3 12.07 12.07
2001-06-05 12.24 12.33 12.08 12.08
2001-06-12 12.27 12.28 12.17 12.17
2001-06-19 11.86 11.92 11.75 11.75
2001-08-01 10.24 10.25 9.91 9.91
2001-08-03 10.07 10.13 10.05 10.05
2001-08-21 9.73 9.78 9.71 9.71
2001-09-04 9.3 9.3 9.1 9.1
2001-09-05 9.39 9.52 9.35 9.35
2001-09-13 9.34 9.49 9.2 9.2
2001-09-25 9.06 9.12 9.05 9.05
2001-10-17 8.15 8.3 8.0 8.0
2001-11-06 8.25 8.35 8.25 8.25
2001-11-13 7.87 7.95 7.78 7.78
2001-11-14 7.88 7.99 7.85 7.85
2001-11-20 8.41 8.45 8.24 8.24
2001-11-27 8.47 8.48 8.35 8.35
2001-11-28 8.53 8.62 8.45 8.45
2002-02-05 7.6 7.68 7.22 7.22
2002-04-02 8.22 8.35 8.12 8.12
2002-04-10 8.98 9.08 8.65 8.65
2002-04-18 8.6 8.81 8.17 8.17
2002-04-23 8.78 8.79 8.5 8.5
2002-04-25 8.67 8.79 8.6 8.6
2002-05-23 8.53 8.86 8.5 8.5
2002-06-11 7.9 7.93 7.87 7.87
2002-06-19 8.14 8.28 8.1 8.1
2002-06-20 8.16 8.25 8.1 8.1
2002-08-01 10.99 11.0 10.75 10.75
2002-08-02 11.09 11.17 10.98 10.98
2002-08-22 10.98 11.1 10.68 10.68
2002-09-03 10.46 10.49 10.35 10.35
2002-09-10 10.1 10.18 9.88 9.88
2002-10-08 9.93 10.0 9.2 9.2
2002-10-16 9.65 9.8 9.54 9.54
2002-10-22 9.4 9.47 9.23 9.23
2002-10-31 9.34 9.45 9.3 9.3
2002-11-21 8.02 8.25 8.01 8.01
2002-11-28 8.44 8.48 8.1 8.1
2002-12-11 8.23 8.25 8.15 8.15
2002-12-12 8.34 8.4 8.2 8.2
2002-12-20 8.64 8.7 8.5 8.5
2002-12-27 8.55 8.59 8.22 8.22
2003-01-06 8.1 8.15 8.04 8.04
2003-01-14 8.81 9.05 8.42 8.42
2003-02-25 9.48 9.57 9.33 9.33
2003-04-01 8.96 8.99 8.86 8.86
2003-04-03 9.2 9.32 8.98 8.98
2003-04-15 10.02 10.05 9.6 9.6
2003-04-17 9.6 9.83 9.36 9.36
2003-05-30 8.54 8.55 8.32 8.32
2003-06-02 8.58 8.68 8.56 8.56
2003-06-11 8.26 8.34 8.2 8.2
2003-06-13 8.51 8.63 8.45 8.45
2003-06-30 7.63 7.7 7.6 7.6
2003-07-01 7.64 7.78 7.63 7.63
2003-08-11 7.09 7.09 7.0 7.0
2003-08-26 6.9 6.95 6.89 6.89
2003-09-10 6.95 6.99 6.76 6.76
2003-09-18 6.88 6.94 6.75 6.75
2003-10-10 6.98 6.99 6.8 6.8
2003-10-13 7.01 7.12 7.0 7.0
2003-10-15 6.8 6.95 6.8 6.8
2003-11-04 5.61 5.72 5.57 5.57
2003-11-07 5.43 5.44 5.35 5.35
2003-11-19 5.63 5.65 5.5 5.5
2003-11-20 5.89 5.93 5.62 5.62
2003-11-24 6.01 6.06 5.72 5.72
2003-12-01 6.01 6.03 5.9 5.9
2004-01-08 6.48 6.6 6.15 6.15
2004-01-16 6.4 6.4 6.27 6.27
2004-02-05 7.15 7.3 6.98 6.98
2004-02-24 7.6 7.85 7.47 7.47
2004-03-26 7.3 7.35 7.18 7.18
2004-04-15 6.81 6.9 6.52 6.52
2004-04-29 6.85 6.95 6.81 6.81
2004-05-12 6.84 6.86 6.69 6.69
2004-05-19 6.67 6.7 6.6 6.6
2004-05-25 6.32 6.35 6.26 6.26
2004-05-28 6.48 6.56 6.45 6.45
2004-06-01 6.53 6.55 6.45 6.45
2004-06-17 6.08 6.25 6.05 6.05
2004-07-01 5.99 6.03 5.82 5.82
2004-07-06 5.9 5.96 5.8 5.8
2004-08-05 5.73 5.83 5.68 5.68
2004-08-24 5.03 5.06 4.9 4.9
2004-09-14 5.14 5.16 4.98 4.98
2004-10-11 5.73 5.87 5.65 5.65
2004-11-10 4.86 4.9 4.69 4.69
2004-12-21 4.7 4.75 4.6 4.6
2005-01-10 4.79 4.83 4.7 4.7
2005-01-14 4.72 4.8 4.69 4.69
2005-01-18 4.6 4.62 4.51 4.51
2005-01-19 4.63 4.66 4.56 4.56
2005-02-02 4.32 4.34 4.0 4.0
2005-02-16 4.18 4.24 4.08 4.08
2005-03-04 4.4 4.53 4.38 4.38
2005-04-25 3.73 3.78 3.46 3.46
2005-04-28 3.97 3.98 3.78 3.78
2005-05-30 3.87 3.94 3.86 3.86
2005-06-08 4.23 4.28 3.95 3.95
2005-06-13 4.1 4.12 4.01 4.01
2005-06-27 3.98 4.02 3.9 3.9
2005-07-20 3.04 3.05 2.97 2.97
2005-07-21 3.04 3.05 3.01 3.01
2005-08-01 3.18 3.19 3.13 3.13
2005-09-07 3.8 3.82 3.65 3.65
2005-10-18 3.72 3.74 3.63 3.63
2005-10-19 3.74 3.84 3.67 3.67
2005-11-10 3.37 3.54 3.32 3.32
2005-11-11 3.4 3.41 3.32 3.32
2005-11-14 3.4 3.41 3.35 3.35
2005-11-15 3.41 3.44 3.39 3.39
2005-11-23 3.51 3.58 3.46 3.46
2005-11-24 3.51 3.54 3.48 3.48
2005-11-30 3.43 3.47 3.42 3.42
2005-12-02 3.41 3.46 3.39 3.39
2005-12-06 3.3 3.36 3.29 3.29
2005-12-09 3.39 3.44 3.3 3.3
2005-12-20 3.44 3.45 3.38 3.38
2005-12-29 3.53 3.55 3.5 3.5
2006-01-06 3.61 3.63 3.57 3.57
2006-03-01 3.85 3.87 3.81 3.81
2006-03-28 3.8 3.84 3.76 3.76
2006-10-18 6.53 6.54 6.3 6.3
2006-11-06 7.98 8.06 7.8 7.8
2006-11-15 7.24 7.35 7.0 7.0
2007-01-16 11.76 12.45 11.52 11.52
2007-01-19 11.88 12.35 11.55 11.55
2007-01-26 11.57 11.8 10.66 10.66
2007-02-08 13.37 13.37 12.15 12.15
2007-02-16 14.31 14.8 14.0 14.0
2007-03-21 13.5 13.6 12.75 12.75
2007-03-26 13.96 14.2 13.57 13.57
2007-04-02 13.36 13.49 12.79 12.79
2007-04-18 16.46 16.6 16.01 16.01
2007-04-20 15.59 15.8 15.2 15.2
2007-05-25 18.68 18.68 17.5 17.5
2007-07-30 13.62 13.84 13.36 13.36
2007-08-30 14.75 14.83 14.22 14.22
2007-09-06 15.02 15.12 14.66 14.66
2007-09-20 13.83 13.87 13.52 13.52
2007-10-09 14.54 14.78 14.2 14.2
2007-11-20 11.26 11.42 11.1 11.1
2007-11-23 10.78 10.8 10.55 10.55
2007-12-14 12.61 12.7 12.15 12.15
2007-12-17 13.11 13.37 12.64 12.64
2008-01-03 14.5 14.56 14.0 14.0
2008-01-15 14.38 14.58 14.07 14.07
2008-02-04 12.87 12.91 12.1 12.1
2008-02-14 13.45 13.49 13.0 13.0
2008-02-19 13.57 13.87 13.35 13.35
2008-04-15 12.44 12.52 11.66 11.66
2008-10-13 11.65 11.66 10.7 10.7
2008-11-07 11.7 12.11 10.95 10.95
2008-12-19 14.29 14.39 14.02 14.02
2008-12-22 14.92 15.16 14.3 14.3
2009-02-06 15.93 16.04 15.4 15.4
2009-06-25 12.0 12.2 11.88 11.88
2009-07-10 12.07 12.23 12.0 12.0
2009-08-11 12.53 12.6 12.14 12.14
2009-09-07 11.34 11.74 11.08 11.08
2009-09-11 11.27 11.34 10.98 10.98
2009-09-21 12.27 12.37 11.65 11.65
2009-10-14 11.12 11.26 10.99 10.99
2009-10-19 11.28 11.28 10.95 10.95
2009-12-15 13.03 13.19 12.86 12.86
2009-12-28 12.36 12.48 12.26 12.26
2010-01-08 12.98 12.99 12.68 12.68
2010-01-14 13.63 13.64 13.08 13.08
2010-02-24 13.31 13.36 13.03 13.03
2010-03-24 13.33 13.52 12.94 12.94
2010-04-14 16.04 16.08 15.28 15.28
2010-04-16 15.1 15.52 14.99 14.99
2010-04-20 15.46 15.58 14.65 14.65
2010-04-26 16.04 16.14 15.46 15.46
2010-09-03 11.77 12.28 11.65 11.65
2010-10-20 15.16 15.55 13.86 13.86
2010-11-08 16.92 16.95 16.25 16.25
2010-12-17 16.52 16.78 16.34 16.34
2011-01-18 14.05 14.15 13.8 13.8
2011-01-27 15.05 15.35 14.45 14.45
2011-04-01 14.06 14.48 13.22 13.22
2011-05-31 11.29 11.33 11.04 11.04
2011-06-07 11.65 11.79 11.42 11.42
2011-06-08 8.75 8.78 8.63 8.63
2011-06-13 8.6 8.7 8.4 8.4
2011-08-01 8.64 8.66 8.54 8.54
2011-08-10 8.46 8.68 8.45 8.45
2011-09-07 8.83 8.87 8.66 8.66
2011-09-20 8.37 8.52 8.31 8.31
2011-10-10 8.14 8.16 7.91 7.91
2011-11-11 9.32 9.48 9.22 9.22
2011-11-14 9.49 9.6 9.4 9.4
2011-12-23 9.79 9.95 9.65 9.65
2012-03-01 8.46 8.51 8.39 8.39
2012-04-18 8.26 8.46 8.23 8.23
2012-06-11 7.57 7.58 7.4 7.4
2012-06-15 7.65 7.73 7.47 7.47
2012-07-26 8.2 8.33 8.01 8.01
2012-08-21 9.13 9.23 9.01 9.01
2012-08-28 9.15 9.29 8.76 8.76
2012-09-19 9.33 9.38 9.18 9.18
2012-10-30 9.08 9.12 9.0 9.0
2012-11-14 8.88 8.9 8.74 8.74
2012-11-20 8.83 8.93 8.76 8.76
2012-11-23 8.93 8.96 8.8 8.8
2012-12-14 8.78 8.85 8.47 8.47
2013-01-18 10.33 10.34 10.02 10.02
2013-01-25 10.95 11.2 10.8 10.8
2013-01-28 11.91 12.0 10.91 10.91
2013-03-19 13.89 14.28 13.46 13.46
2013-04-09 13.31 13.6 13.21 13.21
2013-04-16 13.43 13.55 13.03 13.03
2013-05-03 15.26 15.28 14.53 14.53
2013-05-15 15.89 15.96 15.0 15.0
2013-05-17 16.75 16.95 16.2 16.2
2013-06-14 13.93 13.99 13.3 13.3
2013-07-05 15.21 15.55 15.01 15.01
2013-07-09 15.19 15.28 14.91 14.91
2013-07-23 17.96 18.14 17.08 17.08
2013-08-08 17.74 17.91 17.4 17.4
2013-08-09 18.47 18.57 17.84 17.84
2013-08-13 18.19 18.4 18.1 18.1
2013-09-05 16.85 17.06 16.07 16.07
2013-09-18 17.29 17.35 16.42 16.42
2013-10-15 17.27 17.33 16.99 16.99
2013-11-26 14.36 14.42 14.09 14.09
2013-12-03 14.49 14.61 14.3 14.3
2013-12-04 15.09 15.14 14.41 14.41
2013-12-27 14.68 14.83 14.5 14.5
2013-12-30 14.99 15.0 14.7 14.7
2014-02-11 13.15 13.33 12.82 12.82
2014-02-14 13.59 13.64 13.15 13.15
2014-03-18 13.1 13.24 12.98 12.98
2014-05-21 11.27 11.33 11.11 11.11
2014-05-23 11.27 11.32 11.22 11.22
2014-05-26 11.93 11.99 11.31 11.31
2014-06-05 12.44 12.45 12.17 12.17
2014-06-18 12.69 12.8 12.58 12.58
2014-08-18 13.55 13.61 13.4 13.4
2014-09-12 13.05 13.05 12.92 12.92
2014-10-27 16.1 16.4 15.33 15.33
2014-11-17 18.81 19.54 18.44 18.44
2015-01-22 17.33 17.86 17.11 17.11
2015-01-26 17.65 17.78 17.3 17.3
2015-02-02 16.95 17.05 16.6 16.6
2015-02-16 17.28 17.33 16.82 16.82
2015-02-26 17.25 17.25 17.07 17.07
2015-03-13 18.82 18.95 18.65 18.65
2015-03-25 18.98 19.24 18.75 18.75
2015-03-30 20.48 20.95 19.4 19.4
2015-04-01 20.53 20.68 20.18 20.18
2015-04-21 24.42 24.53 23.19 23.19
2015-04-22 26.33 26.65 24.75 24.75
2015-05-20 32.6 34.13 31.88 31.88
2015-08-14 22.2 22.2 22.2 22.2
2015-08-17 24.42 24.42 24.42 24.42
2015-09-08 21.98 22.06 20.8 20.8
2015-09-22 22.68 22.9 22.02 22.02
2015-10-08 23.5 24.18 23.19 23.19
2015-10-09 23.94 24.28 23.35 23.35
2015-10-22 24.36 24.93 23.3 23.3
2015-10-23 25.79 25.95 24.6 24.6
2015-11-04 25.09 25.29 24.3 24.3
2015-11-06 24.68 24.99 24.08 24.08
2015-11-09 24.74 25.1 24.58 24.58
2015-11-12 26.74 26.98 25.82 25.82
2015-12-01 25.44 25.9 24.28 24.28
2015-12-02 26.05 26.38 25.35 25.35
2015-12-10 25.1 25.49 24.58 24.58
2015-12-18 26.68 26.92 25.78 25.78
2015-12-30 26.94 27.26 26.32 26.32
2015-12-31 27.17 27.84 26.87 26.87
2016-01-19 24.58 24.77 23.1 23.1
2016-01-25 24.41 24.87 24.12 24.12
2016-02-16 26.08 26.1 24.74 24.74
2016-03-03 23.73 23.99 23.65 23.65
2016-04-11 24.81 24.98 24.49 24.49
2016-04-14 25.02 25.2 24.78 24.78
2016-04-26 25.3 26.0 25.01 25.01
2016-05-16 24.78 25.06 24.38 24.38
2016-05-19 24.24 24.66 24.22 24.22
2016-05-31 24.92 24.96 24.23 24.23
2016-06-27 20.27 20.32 19.79 19.79
2016-07-29 22.17 22.87 21.77 21.77
2016-08-11 22.65 22.85 22.48 22.48
2016-09-08 22.61 22.71 22.15 22.15
2016-09-13 21.94 22.02 21.72 21.72
2016-09-20 22.27 22.49 22.0 22.0
2016-11-02 23.81 24.05 23.64 23.64
2016-11-08 24.09 24.15 23.9 23.9
2016-11-29 23.11 23.18 22.88 22.88
2016-12-21 21.88 22.04 21.61 21.61
2017-01-18 20.54 20.69 20.31 20.31
2017-02-09 20.73 20.82 20.53 20.53
2017-02-16 20.71 20.9 20.62 20.62
2017-03-31 20.3 20.77 20.08 20.08
2017-04-27 21.71 21.76 21.16 21.16
2017-06-06 16.55 16.75 16.26 16.26
2017-06-13 16.93 17.01 16.75 16.75
2017-06-20 18.12 18.27 17.84 17.84
2017-07-12 17.69 17.71 17.45 17.45
2017-07-28 17.17 17.36 16.8 16.8
2017-07-31 17.14 17.33 17.1 17.1
2017-08-02 17.44 17.55 17.28 17.28
2017-08-04 17.35 17.4 17.2 17.2
2017-08-11 18.18 18.28 17.62 17.62
2017-08-14 18.28 18.55 18.23 18.23
2017-08-15 18.22 18.51 18.2 18.2
2017-08-21 18.78 18.84 18.2 18.2
2017-08-25 18.57 18.76 18.23 18.23
2017-08-31 18.48 18.6 18.24 18.24
