2006-11-17 16.37 16.65 15.4 15.4
2006-11-21 16.86 16.95 16.16 16.16
2006-12-14 15.87 16.0 15.3 15.3
2007-01-18 22.29 22.61 19.91 19.91
2007-02-06 22.92 23.2 21.38 21.38
2007-02-09 23.38 23.69 23.22 23.22
2007-02-16 25.68 26.45 25.0 25.0
2007-04-20 26.25 26.47 25.51 25.51
2007-04-26 27.1 27.5 26.71 26.71
2007-04-30 28.76 29.0 27.92 27.92
2007-05-17 30.27 30.78 29.18 29.18
2007-06-11 19.53 19.98 19.2 19.2
2007-06-18 21.32 21.51 20.82 20.82
2007-06-26 19.01 19.04 18.2 18.2
2007-08-20 21.98 22.38 21.09 21.09
2007-08-31 24.08 24.36 23.56 23.56
2007-10-31 18.38 18.42 17.51 17.51
2007-11-22 17.47 18.04 17.01 17.01
2007-11-23 19.01 19.19 17.47 17.47
2008-05-21 16.2 16.35 15.46 15.46
2008-05-23 15.66 15.87 15.5 15.5
2008-11-07 9.98 10.06 9.81 9.81
2009-01-09 13.21 13.24 12.79 12.79
2009-01-14 13.25 13.28 12.66 12.66
2009-07-01 16.35 16.62 16.15 16.15
2009-07-07 16.72 17.09 16.3 16.3
2009-07-09 17.77 17.96 17.0 17.0
2009-09-11 18.18 18.24 17.9 17.9
2009-12-23 22.4 22.55 21.86 21.86
2009-12-24 22.92 23.0 22.35 22.35
2010-01-14 24.9 25.02 23.84 23.84
2010-04-29 29.37 30.18 28.9 28.9
2010-05-14 31.01 31.09 29.51 29.51
2010-06-28 27.32 28.23 27.0 27.0
2010-07-14 26.54 27.0 26.41 26.41
2010-07-30 30.93 30.98 29.9 29.9
2010-11-09 40.51 40.63 38.3 38.3
2010-11-15 41.8 41.81 38.12 38.12
2011-02-16 37.48 37.96 37.0 37.0
2011-02-17 38.02 38.59 37.73 37.73
2011-02-23 36.07 36.46 35.61 35.61
2011-06-30 41.13 41.2 40.24 40.24
2011-07-06 41.23 41.6 40.86 40.86
2011-07-13 42.94 43.26 42.09 42.09
2011-07-14 43.63 43.78 42.7 42.7
2011-07-15 44.62 45.0 43.18 43.18
2011-07-22 44.5 45.18 44.18 44.18
2011-11-07 44.68 44.9 43.22 43.22
2012-03-15 41.77 42.08 39.84 39.84
2012-05-07 39.69 40.05 39.18 39.18
2012-06-04 40.53 41.61 39.53 39.53
2012-06-12 42.51 42.62 41.11 41.11
2012-06-14 42.63 42.85 42.2 42.2
2012-06-25 42.9 44.15 41.9 41.9
2012-06-27 43.71 43.98 42.66 42.66
2012-06-29 43.72 44.4 43.37 43.37
2012-07-06 45.59 45.98 43.82 43.82
2012-07-09 45.75 46.58 45.59 45.59
2012-07-16 46.77 47.68 46.02 46.02
2012-07-20 47.03 47.46 46.5 46.5
2012-07-23 47.02 47.27 46.6 46.6
2012-07-30 45.0 45.75 44.7 44.7
2012-07-31 45.9 46.35 45.02 45.02
2012-08-01 47.49 47.68 46.0 46.0
2012-08-06 48.4 49.2 48.0 48.0
2012-08-09 50.97 51.41 48.02 48.02
2012-08-13 50.61 51.88 50.35 50.35
2012-10-09 52.56 52.98 51.58 51.58
2012-11-16 51.87 52.16 50.61 50.61
2013-03-14 69.61 69.8 65.2 65.2
2013-04-24 73.35 73.5 69.74 69.74
2013-05-22 40.23 41.98 39.21 39.21
2014-03-26 40.66 41.3 40.0 40.0
2014-08-11 40.46 40.79 40.0 40.0
2015-07-13 48.41 48.96 44.0 44.0
2016-02-17 36.14 36.62 35.11 35.11
2016-03-16 37.95 39.23 36.42 36.42
2016-03-30 39.31 39.49 38.73 38.73
2016-04-19 37.85 38.1 37.6 37.6
2016-09-02 42.12 42.18 39.75 39.75
2016-12-22 41.99 42.23 41.4 41.4
2017-03-29 40.49 40.79 40.08 40.08
2017-04-05 40.83 40.88 39.7 39.7
2017-04-13 39.89 40.5 39.82 39.82
2017-05-16 40.82 40.84 40.37 40.37
