1992-10-06 104.7 110.0 102.0 102.0
1992-10-29 67.5 68.5 62.0 62.0
1992-10-30 72.05 80.15 68.0 68.0
1992-11-20 51.7 51.85 50.0 50.0
1992-11-27 90.0 105.0 67.0 67.0
1992-12-23 11.49 11.65 11.33 11.33
1992-12-24 11.86 11.9 11.54 11.54
1992-12-29 11.81 11.84 11.5 11.5
1992-12-31 11.96 12.0 11.6 11.6
1993-01-04 12.3 12.4 11.85 11.85
1993-02-25 19.8 20.5 17.42 17.42
1993-03-11 16.95 16.95 15.2 15.2
1993-03-16 16.25 16.3 15.5 15.5
1993-04-06 14.8 15.0 12.78 12.78
1993-04-09 18.52 21.6 18.0 18.0
1993-05-07 17.3 17.55 16.5 16.5
1993-05-12 17.1 17.7 16.8 16.8
1993-05-13 17.95 17.95 16.8 16.8
1993-05-17 17.15 17.25 15.6 15.6
1993-05-19 17.39 17.44 17.02 17.02
1993-05-20 17.75 17.99 17.5 17.5
1993-06-04 15.8 17.2 15.0 15.0
1993-06-23 15.15 15.2 15.0 15.0
1993-06-30 15.1 15.6 15.0 15.0
1993-07-02 15.06 15.19 14.8 14.8
1993-07-13 12.9 12.9 12.7 12.7
1993-07-19 11.2 11.62 11.12 11.12
1993-08-06 8.8 8.92 8.63 8.63
1993-08-09 9.31 9.49 8.89 8.89
1993-08-27 10.1 10.2 9.84 9.84
1993-08-30 10.16 10.32 9.87 9.87
1993-09-09 10.1 10.49 9.2 9.2
1993-09-15 9.94 10.16 9.79 9.79
1993-09-20 9.85 9.94 9.8 9.8
1993-09-27 9.9 9.98 9.7 9.7
1993-10-15 9.2 9.26 9.15 9.15
1993-10-19 9.0 9.15 9.0 9.0
1993-10-25 8.35 8.5 8.2 8.2
1993-10-26 8.3 9.3 8.25 8.25
1993-10-28 8.6 8.78 8.1 8.1
1993-11-05 8.65 8.7 8.5 8.5
1993-11-12 8.9 9.0 8.8 8.8
1993-11-15 9.22 9.25 9.0 9.0
1993-11-18 9.62 9.88 9.5 9.5
1993-11-25 10.0 10.3 9.75 9.75
1993-12-27 7.08 7.17 7.07 7.07
1994-01-07 7.22 7.33 7.18 7.18
1994-01-26 6.59 6.6 6.1 6.1
1994-02-02 6.1 6.15 6.0 6.0
1994-02-03 6.16 6.35 6.11 6.11
1994-02-16 6.4 6.45 6.3 6.3
1994-02-24 6.12 6.25 5.95 5.95
1994-02-25 6.3 6.3 6.15 6.15
1994-03-11 4.88 4.94 4.7 4.7
1994-03-16 5.7 5.79 5.55 5.55
1994-03-28 5.25 5.4 5.0 5.0
1994-03-31 5.28 5.45 5.2 5.2
1994-04-07 6.1 6.25 5.8 5.8
1994-04-08 6.05 6.15 5.81 5.81
1994-05-03 6.39 6.44 6.15 6.15
1994-05-09 6.8 6.85 6.45 6.45
1994-05-24 4.65 4.69 4.6 4.6
1994-05-31 4.52 4.54 4.3 4.3
1994-06-21 4.42 4.46 4.32 4.32
1994-06-28 4.07 4.12 4.07 4.07
1994-07-13 4.04 4.05 3.95 3.95
1994-08-12 6.58 7.49 6.08 6.08
1994-08-15 6.25 6.52 6.2 6.2
1994-10-17 5.04 5.2 5.0 5.0
1994-10-20 5.95 6.08 5.33 5.33
1994-11-07 5.58 5.61 5.15 5.15
1994-11-08 5.78 6.1 5.65 5.65
1994-11-15 5.7 5.85 5.64 5.64
1994-11-29 5.55 5.55 5.38 5.38
1994-12-16 5.6 5.71 5.35 5.35
1994-12-20 5.59 5.64 5.3 5.3
1994-12-30 5.08 5.12 5.01 5.01
1995-01-03 5.01 5.08 4.88 4.88
1995-01-26 4.25 4.28 4.25 4.25
1995-01-27 4.31 4.36 4.15 4.15
1995-02-09 4.27 4.29 4.1 4.1
1995-02-10 4.15 4.31 4.03 4.03
1995-02-16 4.11 4.18 4.06 4.06
1995-02-22 4.54 4.55 4.13 4.13
1995-03-27 4.87 4.9 4.75 4.75
1995-03-31 4.89 4.92 4.78 4.78
1995-04-06 4.9 5.05 4.78 4.78
1995-04-14 4.64 4.65 4.56 4.56
1995-04-19 4.65 4.67 4.52 4.52
1995-04-20 4.72 4.72 4.6 4.6
1995-04-28 4.29 4.3 4.15 4.15
1995-05-02 4.28 4.39 4.15 4.15
1995-05-03 4.25 4.3 4.18 4.18
1995-05-05 4.23 4.24 4.16 4.16
1995-05-09 4.27 4.3 4.24 4.24
1995-05-12 4.3 4.4 4.2 4.2
1995-05-16 4.25 4.3 4.23 4.23
1995-05-30 5.14 5.31 5.0 5.0
1995-06-06 4.84 4.95 3.95 3.95
1995-06-13 4.96 4.98 4.9 4.9
1995-06-21 4.52 4.63 4.48 4.48
1995-06-23 4.52 4.57 4.5 4.5
1995-07-05 4.37 4.37 4.28 4.28
1995-07-07 4.58 4.6 4.26 4.26
1995-07-17 4.7 4.79 4.4 4.4
1995-07-20 4.64 4.74 4.55 4.55
1995-07-21 4.67 4.83 4.62 4.62
1995-08-23 4.78 4.92 4.75 4.75
1995-08-28 4.62 4.67 4.61 4.61
1995-09-06 4.8 4.8 4.62 4.62
1995-09-07 4.86 5.14 4.83 4.83
1995-09-20 4.54 4.7 4.51 4.51
1995-09-21 4.57 4.6 4.52 4.52
1995-10-04 4.52 4.6 4.46 4.46
1995-10-06 4.5 4.59 4.5 4.5
1995-10-09 4.44 4.46 4.4 4.4
1995-10-12 4.45 4.55 4.4 4.4
1995-10-18 5.12 5.2 4.65 4.65
1995-10-20 5.8 6.18 5.5 5.5
1995-11-03 5.4 5.41 5.26 5.26
1995-11-14 5.26 5.29 5.18 5.18
1995-11-21 5.42 5.46 5.33 5.33
1995-11-24 5.15 5.2 5.1 5.1
1995-12-04 4.79 4.8 4.7 4.7
1995-12-07 4.7 4.71 4.57 4.57
1995-12-08 4.76 4.83 4.6 4.6
1995-12-19 4.53 4.57 4.5 4.5
1996-01-02 4.02 4.14 3.95 3.95
1996-01-24 3.88 3.9 3.83 3.83
1996-01-26 3.9 3.94 3.85 3.85
1996-01-29 3.94 3.96 3.92 3.92
1996-02-09 3.91 3.92 3.85 3.85
1996-02-13 3.94 3.95 3.9 3.9
1996-02-14 3.95 3.99 3.9 3.9
1996-02-15 4.02 4.03 3.94 3.94
1996-02-16 4.13 4.15 4.05 4.05
1996-03-04 4.58 5.28 4.2 4.2
1996-03-12 4.25 4.25 4.18 4.18
1996-03-13 4.25 4.29 4.0 4.0
1996-03-18 4.31 4.45 4.03 4.03
1996-03-21 4.31 4.34 4.26 4.26
1996-03-22 4.4 4.48 4.33 4.33
1996-04-01 4.33 4.58 4.1 4.1
1996-04-03 4.27 4.3 4.22 4.22
1996-04-16 4.48 4.5 4.41 4.41
1996-04-17 4.56 4.6 4.5 4.5
1996-04-24 5.15 5.15 4.77 4.77
1996-04-26 5.39 5.6 4.95 4.95
1996-04-29 5.36 5.47 5.0 5.0
1996-06-04 4.07 4.15 4.05 4.05
1996-06-14 4.48 4.6 4.32 4.32
1996-06-26 4.21 4.21 4.13 4.13
1996-07-02 4.08 4.1 4.0 4.0
1996-07-17 4.09 4.54 4.07 4.07
1996-08-12 4.59 4.65 4.48 4.48
1996-08-14 4.51 4.68 4.47 4.47
1996-08-21 4.09 4.1 3.94 3.94
1996-09-09 3.92 3.99 3.91 3.91
1996-09-11 3.9 3.95 3.8 3.8
1996-09-13 4.18 4.2 3.95 3.95
1996-09-19 3.98 3.98 3.9 3.9
1996-09-20 4.1 4.16 3.96 3.96
1996-09-26 4.04 4.1 3.96 3.96
1996-10-10 4.49 4.55 4.3 4.3
1996-11-28 5.4 5.5 5.2 5.2
1996-12-02 6.6 6.75 5.95 5.95
1996-12-16 5.43 5.43 5.43 5.43
1996-12-17 4.89 5.28 4.89 4.89
1996-12-18 5.1 5.18 4.5 4.5
1997-01-08 4.2 4.26 4.08 4.08
1997-01-21 4.4 4.59 4.34 4.34
1997-02-20 6.05 6.05 4.95 4.95
1997-02-25 6.2 6.55 6.01 6.01
1997-03-06 6.68 6.75 6.45 6.45
1997-03-12 6.6 6.85 6.41 6.41
1997-03-21 6.25 6.3 6.06 6.06
1997-03-31 6.7 6.75 6.48 6.48
1997-05-16 7.3 7.98 7.0 7.0
1997-06-13 5.9 5.95 5.28 5.28
1997-06-24 5.89 6.1 5.7 5.7
1997-07-16 5.97 6.1 5.73 5.73
1997-08-08 6.38 6.38 5.85 5.85
1997-09-08 6.26 6.35 6.05 6.05
1997-10-20 5.87 5.87 5.65 5.65
1997-11-03 5.38 5.5 5.3 5.3
1997-12-02 4.96 5.03 4.92 4.92
1997-12-04 4.83 4.85 4.7 4.7
1997-12-12 4.83 5.05 4.8 4.8
1997-12-15 4.9 4.97 4.81 4.81
1997-12-31 5.29 5.39 5.03 5.03
1998-01-07 5.33 5.41 5.11 5.11
1998-01-22 4.93 4.99 4.9 4.9
1998-01-23 5.07 5.1 4.91 4.91
1998-03-06 5.36 5.4 5.35 5.35
1998-03-24 5.26 5.37 5.08 5.08
1998-03-26 5.4 5.54 5.2 5.2
1998-04-20 6.9 7.09 6.8 6.8
1998-04-29 6.5 6.7 6.22 6.22
1998-05-13 7.45 7.45 6.9 6.9
1998-06-24 8.4 8.49 8.05 8.05
1998-07-23 6.59 6.62 6.42 6.42
1998-08-05 6.75 6.78 6.48 6.48
1998-09-03 6.88 6.9 6.72 6.72
1998-09-04 6.99 7.08 6.87 6.87
1998-09-23 8.44 8.56 8.06 8.06
1998-10-08 8.42 8.5 8.16 8.16
1998-10-12 8.8 8.93 8.54 8.54
1998-11-03 7.9 8.06 7.6 7.6
1998-12-08 6.65 6.7 6.53 6.53
1998-12-22 6.88 6.9 6.7 6.7
1999-01-08 6.47 6.55 6.14 6.14
1999-01-26 6.11 6.15 5.82 5.82
1999-02-09 6.35 6.35 6.1 6.1
1999-03-11 7.32 7.38 7.17 7.17
1999-03-15 7.69 8.08 7.36 7.36
1999-03-29 7.54 7.65 7.4 7.4
1999-04-27 6.41 6.41 6.41 6.41
1999-04-28 6.09 6.37 6.09 6.09
1999-04-29 6.12 6.2 6.0 6.0
1999-05-19 5.49 5.49 5.23 5.23
1999-05-21 6.05 6.05 5.7 5.7
1999-05-24 6.35 6.35 6.35 6.35
1999-05-25 6.67 6.67 6.67 6.67
1999-06-01 6.6 6.73 6.41 6.41
1999-06-17 6.23 6.4 6.15 6.15
1999-07-30 7.27 7.27 7.0 7.0
1999-08-13 7.25 7.39 7.15 7.15
1999-08-19 8.21 8.21 7.98 7.98
1999-09-03 9.42 9.42 9.0 9.0
1999-09-13 9.18 9.28 8.97 8.97
1999-11-05 8.81 8.81 8.5 8.5
1999-11-09 8.85 8.99 8.59 8.59
1999-11-23 8.91 8.93 8.75 8.75
1999-11-30 8.77 8.92 8.69 8.69
2000-01-05 7.08 7.18 6.71 6.71
2000-01-10 7.71 7.71 7.5 7.5
2000-01-26 6.7 6.74 6.42 6.42
2000-02-14 6.85 6.85 6.41 6.41
2000-03-08 7.24 7.38 7.2 7.2
2000-03-22 7.69 7.69 7.39 7.39
2000-03-27 8.53 8.53 8.52 8.52
2000-04-05 8.6 8.89 8.6 8.6
2000-04-11 8.6 8.86 8.45 8.45
2000-04-17 9.09 9.09 8.68 8.68
2000-05-08 8.19 8.29 8.01 8.01
2000-05-09 8.6 8.6 8.19 8.19
2000-05-16 8.4 8.4 8.1 8.1
2000-05-17 8.39 8.5 8.26 8.26
2000-05-23 8.96 9.12 8.79 8.79
2000-06-07 9.29 9.29 9.27 9.27
2000-06-08 9.75 9.75 9.75 9.75
2000-06-15 9.44 9.65 9.25 9.25
2000-06-27 8.86 8.9 8.54 8.54
2000-07-25 9.22 9.39 9.1 9.1
2000-08-14 9.85 9.95 9.55 9.55
2000-08-28 11.07 11.2 10.85 10.85
2000-09-08 9.82 9.88 9.53 9.53
2000-09-14 10.35 10.39 9.98 9.98
2000-09-29 9.56 9.66 9.51 9.51
2000-10-09 9.96 9.98 9.56 9.56
2000-10-11 10.27 10.38 9.9 9.9
2000-10-16 10.17 10.24 9.8 9.8
2000-11-16 11.04 11.04 10.61 10.61
2000-11-22 11.61 11.77 11.5 11.5
2000-11-27 10.94 11.15 10.8 10.8
2000-11-28 11.4 11.49 10.98 10.98
2000-11-30 11.9 11.9 11.35 11.35
2000-12-04 12.31 12.48 12.01 12.01
2000-12-20 14.1 14.18 13.65 13.65
2001-01-02 13.75 13.8 13.21 13.21
2001-01-04 13.71 13.9 13.5 13.5
2001-01-05 13.65 14.28 13.6 13.6
2001-01-19 11.95 12.02 11.74 11.74
2001-02-21 10.6 10.89 10.6 10.6
2001-02-23 10.73 10.74 10.27 10.27
2001-02-26 10.4 10.69 10.19 10.19
2001-02-27 10.92 10.92 10.39 10.39
2001-03-01 11.35 11.39 11.03 11.03
2001-03-26 12.62 12.79 12.34 12.34
2001-03-27 12.73 12.75 12.58 12.58
2001-03-29 12.86 12.95 12.59 12.59
2001-04-02 12.99 13.1 12.8 12.8
2001-04-05 13.16 13.28 12.79 12.79
2001-04-10 13.21 13.22 13.0 13.0
2001-04-24 13.9 13.94 13.45 13.45
2001-04-30 13.16 13.45 13.0 13.0
2001-05-08 13.51 13.6 13.1 13.1
2001-05-28 14.32 14.65 14.28 14.28
2001-05-29 14.7 15.0 14.38 14.38
2001-06-26 15.3 15.35 14.93 14.93
2001-07-02 15.66 15.66 14.91 14.91
2001-07-09 15.48 15.72 15.1 15.1
2001-07-18 15.64 15.75 15.58 15.58
2001-08-01 14.47 14.48 13.6 13.6
2001-08-03 14.26 14.48 14.01 14.01
2001-09-06 13.64 14.0 13.5 13.5
2001-09-19 12.6 12.6 12.02 12.02
2001-10-09 12.45 12.45 12.1 12.1
2001-10-23 10.24 10.24 10.24 10.24
2001-10-24 10.75 10.75 10.75 10.75
2001-10-26 11.28 11.28 10.5 10.5
2001-11-14 11.4 11.59 11.05 11.05
2001-11-19 11.35 11.37 11.1 11.1
2001-11-30 12.62 12.8 12.35 12.35
2001-12-14 12.26 12.37 12.05 12.05
2001-12-25 11.92 11.99 11.81 11.81
2002-01-21 8.38 8.68 8.38 8.38
2002-01-22 7.96 8.28 7.96 7.96
2002-01-23 8.28 8.29 7.56 7.56
2002-01-25 8.38 8.53 8.28 8.28
2002-01-31 8.47 8.47 8.18 8.18
2002-02-08 8.77 8.77 8.77 8.77
2002-02-25 9.21 9.21 9.21 9.21
2002-02-27 10.15 10.15 9.68 9.68
2002-03-18 10.74 10.95 10.64 10.64
2002-04-15 11.12 11.12 10.95 10.95
2002-04-29 12.14 12.14 12.14 12.14
2002-04-30 12.75 12.75 12.75 12.75
2002-05-27 12.03 12.15 11.95 11.95
2002-06-06 10.8 10.8 10.06 10.06
2002-06-17 10.87 10.91 10.75 10.75
2002-06-21 11.57 11.57 11.13 11.13
2002-07-08 12.39 12.4 12.22 12.22
2002-07-16 12.18 12.24 12.06 12.06
2002-07-31 12.0 12.1 11.93 11.93
2002-08-01 12.05 12.24 12.03 12.03
2002-08-06 11.97 12.14 11.9 11.9
2002-08-09 11.64 11.78 11.55 11.55
2002-08-20 11.7 11.79 11.58 11.58
2002-08-26 11.88 12.07 11.81 11.81
2002-09-25 10.62 10.89 10.45 10.45
2002-10-09 10.23 10.68 10.08 10.08
2002-10-15 10.53 10.58 10.38 10.38
2002-10-22 10.58 10.69 10.43 10.43
2002-11-01 10.22 10.22 10.12 10.12
2002-11-19 8.94 9.01 8.8 8.8
2002-11-25 8.76 8.76 8.76 8.76
2002-11-28 9.1 9.15 8.78 8.78
2002-12-03 9.15 9.27 8.89 8.89
2002-12-06 9.22 9.34 9.1 9.1
2002-12-16 9.17 9.18 9.05 9.05
2002-12-19 9.92 9.92 9.45 9.45
2002-12-30 9.5 9.8 9.35 9.35
2003-01-03 9.87 9.88 9.6 9.6
2003-01-16 10.46 10.58 10.29 10.29
2003-01-27 11.14 11.3 10.9 10.9
2003-02-13 11.15 11.4 10.92 10.92
2003-02-14 11.25 11.33 11.15 11.15
2003-02-18 11.21 11.37 11.1 11.1
2003-02-27 11.07 11.19 11.0 11.0
2003-03-11 10.68 10.78 10.56 10.56
2003-03-14 10.66 10.69 10.58 10.58
2003-03-24 10.92 10.94 10.42 10.42
2003-03-25 10.99 11.09 10.89 10.89
2003-03-27 11.4 11.46 10.91 10.91
2003-04-14 11.55 11.68 11.1 11.1
2003-04-16 11.75 11.97 11.4 11.4
2003-04-30 9.9 10.15 9.85 9.85
2003-05-22 9.39 9.54 9.32 9.32
2003-05-30 10.07 10.16 9.55 9.55
2003-06-03 10.06 10.54 9.97 9.97
2003-06-12 9.98 10.2 9.86 9.86
2003-06-30 9.1 9.4 8.9 8.9
2003-07-01 9.13 9.19 9.05 9.05
2003-07-04 9.3 9.35 9.2 9.2
2003-07-08 9.17 9.28 8.88 8.88
2003-07-10 9.13 9.17 9.01 9.01
2003-08-12 8.49 8.59 8.38 8.38
2003-08-14 8.4 8.49 8.35 8.35
2003-08-21 8.18 8.2 8.03 8.03
2003-08-29 8.13 8.15 7.98 7.98
2003-09-01 8.28 8.3 8.1 8.1
2003-09-11 8.22 8.25 8.13 8.13
2003-09-26 7.78 7.87 7.7 7.7
2003-10-15 7.98 8.18 7.97 7.97
2003-10-16 7.74 8.13 7.48 7.48
2003-11-11 5.97 6.01 5.82 5.82
2003-11-13 5.78 5.87 5.55 5.55
2003-11-17 6.0 6.17 5.8 5.8
2003-11-20 6.43 6.53 6.0 6.0
2003-11-25 6.55 6.79 6.38 6.38
2003-12-01 6.59 6.62 6.44 6.44
2003-12-05 6.68 6.7 6.55 6.55
2003-12-11 6.56 6.61 6.5 6.5
2004-01-07 6.35 6.45 6.21 6.21
2004-01-12 6.58 6.7 6.56 6.56
2004-02-04 7.71 7.88 7.24 7.24
2004-02-20 8.28 8.47 8.15 8.15
2004-03-10 7.52 7.65 7.3 7.3
2004-03-15 7.66 7.7 7.5 7.5
2004-03-19 7.79 7.96 7.61 7.61
2004-04-14 7.85 8.09 7.76 7.76
2004-04-20 7.23 7.23 7.1 7.1
2004-04-22 7.32 7.34 7.18 7.18
2004-05-18 6.91 6.92 6.6 6.6
2004-05-19 7.22 7.57 7.07 7.07
2004-05-24 7.05 7.2 7.0 7.0
2004-06-04 7.0 7.05 6.89 6.89
2004-06-10 6.49 6.64 6.4 6.4
2004-06-24 6.6 6.6 6.41 6.41
2004-07-01 6.24 6.28 5.95 5.95
2004-07-05 6.13 6.19 6.05 6.05
2004-07-26 5.32 5.49 5.2 5.2
2004-07-29 5.42 5.45 5.36 5.36
2004-08-04 5.65 5.84 5.34 5.34
2004-08-10 5.61 5.67 5.51 5.51
2004-08-24 5.42 5.63 5.16 5.16
2004-08-25 5.3 5.5 5.22 5.22
2004-08-31 5.41 5.48 5.28 5.28
2004-09-09 5.86 6.15 5.6 5.6
2004-09-23 6.38 6.45 6.05 6.05
2004-09-28 6.05 6.17 5.92 5.92
2004-10-15 5.24 5.35 5.16 5.16
2004-11-09 5.14 5.18 5.07 5.07
2004-11-22 6.16 6.16 6.09 6.09
2004-12-09 5.73 5.79 5.69 5.69
2004-12-22 5.43 5.44 5.23 5.23
2005-01-12 5.39 5.4 5.25 5.25
2005-02-02 5.09 5.12 4.84 4.84
2005-02-22 5.24 5.25 5.1 5.1
2005-03-08 5.25 5.26 5.12 5.12
2005-03-21 4.65 4.68 4.51 4.51
2005-03-31 4.64 4.64 4.18 4.18
2005-04-27 3.86 4.02 3.84 3.84
2005-04-28 4.0 4.02 3.81 3.81
2005-05-16 3.9 3.91 3.8 3.8
2005-05-17 3.91 3.92 3.78 3.78
2005-05-26 3.68 3.8 3.6 3.6
2005-05-30 3.85 3.87 3.67 3.67
2005-06-08 4.09 4.15 3.8 3.8
2005-06-27 3.9 3.97 3.85 3.85
2005-07-26 3.04 3.06 2.9 2.9
2005-07-28 3.4 3.42 3.2 3.2
2005-08-04 3.25 3.32 3.21 3.21
2005-08-16 4.39 4.69 4.2 4.2
2005-09-27 4.9 4.9 4.9 4.9
2005-09-29 5.93 5.93 5.42 5.42
2005-11-28 4.6 4.62 4.5 4.5
2005-11-30 4.46 4.47 4.35 4.35
2005-12-09 4.14 4.25 3.98 3.98
2006-02-14 4.13 4.17 4.07 4.07
2006-03-15 4.1 4.1 4.03 4.03
2006-04-03 4.11 4.11 4.02 4.02
2006-04-17 4.24 4.25 4.15 4.15
2006-04-26 3.34 3.48 3.21 3.21
2006-05-08 3.37 3.45 3.27 3.27
2006-05-12 4.15 4.15 3.73 3.73
2006-05-15 4.57 4.57 4.57 4.57
2006-05-29 6.45 6.46 6.05 6.05
2006-06-09 5.31 5.59 5.21 5.21
2006-06-15 5.39 5.4 5.3 5.3
2006-06-16 5.58 5.75 5.41 5.41
2006-06-21 6.13 6.13 5.6 5.6
2006-07-11 6.79 6.79 6.79 6.79
2006-07-17 7.93 7.93 7.3 7.3
2007-03-23 7.98 7.98 7.98 7.98
2007-03-26 8.38 8.38 8.38 8.38
2007-03-27 8.8 8.8 8.8 8.8
2007-03-28 9.24 9.24 9.24 9.24
2007-03-29 9.7 9.7 9.7 9.7
2007-03-30 10.19 10.19 10.19 10.19
2007-04-02 10.7 10.7 10.7 10.7
2007-04-03 11.24 11.24 11.24 11.24
2007-04-04 11.8 11.8 11.8 11.8
2007-04-06 10.65 10.88 10.65 10.65
2007-05-10 13.02 13.02 12.56 12.56
2007-05-31 14.04 14.04 14.04 14.04
2007-06-01 13.34 13.34 13.34 13.34
2007-06-04 12.67 12.67 12.67 12.67
2007-06-05 12.04 12.04 12.04 12.04
2007-06-06 11.44 12.2 11.44 11.44
2007-06-29 10.37 10.89 9.88 9.88
2007-07-11 8.97 8.97 8.97 8.97
2007-07-12 9.42 9.42 9.42 9.42
2007-07-17 10.88 10.88 10.36 10.36
2007-07-23 10.99 11.18 10.66 10.66
2007-07-30 12.74 13.06 12.58 12.58
2007-08-30 14.3 14.5 14.11 14.11
2007-08-31 15.02 15.02 14.25 14.25
2007-10-16 14.79 14.79 14.69 14.69
2007-10-17 15.53 15.53 15.53 15.53
2007-10-29 14.56 14.56 13.69 13.69
2007-11-19 13.59 13.68 13.33 13.33
2007-12-14 13.91 13.91 13.91 13.91
2007-12-17 14.61 14.61 14.61 14.61
2007-12-19 14.46 14.66 14.0 14.0
2007-12-21 14.66 14.68 14.27 14.27
2007-12-27 15.57 15.75 15.0 15.0
2008-01-07 16.07 16.07 15.58 15.58
2008-01-31 14.09 14.4 13.75 13.75
2008-02-04 14.18 14.18 13.7 13.7
2008-03-14 13.31 13.77 13.01 13.01
2008-03-20 11.9 11.98 11.27 11.27
2008-04-07 9.52 9.52 9.08 9.08
2008-04-11 10.14 10.14 9.66 9.66
2008-06-05 10.78 10.78 10.25 10.25
2008-06-11 9.28 9.35 9.28 9.28
2008-06-25 7.92 7.92 7.54 7.54
2008-07-04 7.26 7.38 7.16 7.16
2008-07-07 7.62 7.62 7.2 7.2
2008-07-09 7.96 8.0 7.71 7.71
2008-07-28 8.05 8.11 7.94 7.94
2008-08-19 6.19 6.28 6.17 6.17
2008-08-22 6.62 6.68 6.3 6.3
2008-08-25 6.73 6.89 6.45 6.45
2008-09-03 6.11 6.16 6.01 6.01
2008-09-04 6.17 6.24 6.07 6.07
2008-09-09 5.78 5.84 5.63 5.63
2008-09-10 5.76 5.88 5.6 5.6
2008-09-12 5.2 5.35 5.2 5.2
2008-09-19 4.8 4.8 4.8 4.8
2008-09-24 4.75 4.8 4.6 4.6
2008-10-20 4.54 4.56 4.27 4.27
2008-10-23 4.56 4.56 4.33 4.33
2008-10-24 4.57 4.6 4.48 4.48
2008-11-03 4.27 4.32 4.1 4.1
2008-11-05 4.41 4.44 4.31 4.31
2008-11-13 4.85 4.89 4.67 4.67
2008-11-17 5.06 5.08 4.88 4.88
2008-11-20 5.07 5.18 5.01 5.01
2008-12-01 5.5 5.52 5.28 5.28
2008-12-04 5.62 5.79 5.6 5.6
2008-12-17 6.34 6.42 6.12 6.12
2008-12-18 6.55 6.57 6.28 6.28
2009-01-14 6.34 6.35 6.12 6.12
2009-01-21 7.06 7.18 6.93 6.93
2009-02-11 7.91 7.97 7.72 7.72
2009-02-13 8.64 8.64 8.18 8.18
2009-02-18 8.16 8.31 8.16 8.16
2009-02-20 8.32 8.33 8.15 8.15
2009-02-27 8.09 8.09 7.35 7.35
2009-03-06 9.54 9.62 8.93 8.93
2009-04-08 10.23 10.66 10.1 10.1
2009-04-22 13.71 13.89 13.3 13.3
2009-05-14 11.73 11.88 11.6 11.6
2009-05-27 11.62 11.66 11.13 11.13
2009-06-30 12.4 12.81 12.35 12.35
2009-07-03 12.96 13.1 12.55 12.55
2009-07-06 13.61 13.61 12.96 12.96
2009-07-31 13.04 13.15 12.45 12.45
2009-08-21 11.2 11.3 10.81 10.81
2009-08-24 11.76 11.76 11.08 11.08
2009-08-25 12.35 12.35 12.0 12.0
2009-08-28 13.44 13.44 13.44 13.44
2009-09-07 13.36 13.81 13.12 13.12
2009-09-11 13.1 13.2 12.73 12.73
2009-09-14 13.68 13.74 13.01 13.01
2009-10-13 13.12 13.2 12.89 12.89
2009-10-19 13.54 13.62 13.12 13.12
2009-10-20 13.49 13.56 13.34 13.34
2009-11-23 16.36 16.59 16.02 16.02
2009-11-30 14.7 14.73 14.32 14.32
2009-12-21 14.34 14.41 14.01 14.01
2009-12-28 14.27 14.29 14.1 14.1
2010-01-11 14.45 14.45 14.45 14.45
2010-01-12 15.17 15.17 15.17 15.17
2010-01-18 17.57 17.57 16.51 16.51
2010-01-28 17.2 17.25 16.5 16.5
2010-02-03 18.83 18.83 17.82 17.82
2010-03-02 21.02 21.12 20.11 20.11
2010-03-05 20.34 20.56 19.75 19.75
2010-03-16 18.6 18.6 18.6 18.6
2010-03-17 18.73 18.99 17.67 17.67
2010-04-07 18.57 19.16 18.48 18.48
2010-05-14 13.82 13.82 13.0 13.0
2010-05-19 13.29 13.77 12.88 12.88
2010-05-24 14.08 14.2 13.58 13.58
2010-06-08 13.3 13.35 13.02 13.02
2010-06-24 13.89 14.19 13.48 13.48
2010-06-28 14.0 14.19 13.67 13.67
2010-07-01 12.66 12.82 12.5 12.5
2010-07-12 13.16 13.26 12.92 12.92
2010-07-14 13.51 13.51 13.33 13.33
2010-08-11 16.46 16.5 16.04 16.04
2010-08-31 16.87 17.09 16.61 16.61
2010-09-06 16.94 17.07 16.55 16.55
2010-09-27 17.77 18.08 17.01 17.01
2010-11-05 17.81 18.22 17.58 17.58
2010-11-29 19.5 19.72 18.91 18.91
2010-12-08 21.38 21.89 20.6 20.6
2010-12-21 23.5 23.54 22.67 22.67
2010-12-22 24.68 24.68 23.31 23.31
2011-01-27 19.5 19.66 18.68 18.68
2011-02-10 20.45 20.91 19.76 19.76
2011-02-11 20.45 20.75 20.25 20.25
2011-02-17 22.32 22.32 21.18 21.18
2011-03-03 23.64 24.38 23.15 23.15
2011-03-09 24.35 24.45 23.3 23.3
2011-03-23 22.75 22.76 22.35 22.35
2011-03-25 22.71 22.9 22.4 22.4
2011-03-30 22.8 22.81 22.62 22.62
2011-04-21 22.7 22.87 22.6 22.6
2011-04-26 22.28 22.54 22.0 22.0
2011-04-27 22.47 22.8 22.21 22.21
2011-05-06 21.79 21.87 20.72 20.72
2011-05-27 18.54 19.11 18.5 18.5
2011-06-03 18.28 18.37 17.61 17.61
2011-06-23 17.23 17.35 16.6 16.6
2011-06-29 17.66 17.85 17.64 17.64
2011-07-11 20.39 20.39 19.2 19.2
2011-07-13 20.3 20.45 19.71 19.71
2011-07-27 18.25 18.4 17.8 17.8
2011-08-03 18.01 18.09 17.82 17.82
2011-08-04 18.34 18.36 18.01 18.01
2011-08-10 16.8 17.01 16.75 16.75
2011-08-16 17.62 18.0 17.38 17.38
2011-08-25 20.18 20.46 19.58 19.58
2011-08-31 19.5 19.61 19.29 19.29
2011-09-01 20.48 20.48 19.37 19.37
2011-09-06 20.75 21.0 19.8 19.8
2011-09-09 20.84 20.95 20.59 20.59
2011-09-15 20.67 20.79 20.45 20.45
2011-09-21 19.93 20.17 19.5 19.5
2011-09-30 18.99 19.22 18.26 18.26
2011-10-19 17.8 17.91 17.62 17.62
2011-10-26 17.53 17.7 17.42 17.42
2011-10-28 17.74 17.97 17.5 17.5
2011-11-25 17.37 17.39 17.07 17.07
2011-11-28 17.39 17.4 17.2 17.2
2011-12-05 17.37 17.97 16.85 16.85
2011-12-12 16.87 16.9 16.61 16.61
2011-12-23 12.93 13.17 12.4 12.4
2011-12-29 13.2 13.42 12.42 12.42
2011-12-30 13.25 13.4 13.11 13.11
2012-02-09 13.94 14.15 13.92 13.92
2012-02-21 14.29 14.35 14.02 14.02
2012-03-01 14.98 15.35 14.81 14.81
2012-03-02 15.05 15.07 14.9 14.9
2012-03-13 14.75 14.8 14.56 14.56
2012-04-06 11.99 12.16 11.8 11.8
2012-04-19 12.68 12.68 12.36 12.36
2012-05-04 10.93 11.18 10.66 10.66
2012-05-10 11.08 11.15 10.87 10.87
2012-06-18 12.49 12.8 12.27 12.27
2012-06-27 11.82 11.97 11.68 11.68
2012-07-04 12.21 12.43 12.0 12.0
2012-07-18 10.88 10.93 10.58 10.58
2012-07-25 10.91 10.98 10.82 10.82
2012-07-30 10.36 10.36 10.36 10.36
2012-07-31 9.84 9.84 9.84 9.84
2012-08-01 9.35 9.46 9.35 9.35
2012-08-07 9.27 9.32 9.09 9.09
2012-08-16 9.09 9.25 8.97 8.97
2012-08-17 9.54 9.54 9.1 9.1
2012-08-28 10.76 10.76 10.76 10.76
2012-08-31 10.84 10.84 10.27 10.27
2012-09-05 11.16 11.3 10.87 10.87
2012-09-07 11.62 11.82 11.33 11.33
2012-09-12 12.4 12.54 11.94 11.94
2012-10-09 11.54 11.57 11.23 11.23
2012-10-10 11.75 11.94 11.42 11.42
2012-10-19 11.75 11.77 11.55 11.55
2012-10-30 10.96 11.07 10.92 10.92
2012-10-31 11.28 11.4 11.04 11.04
2012-11-26 10.39 10.56 10.26 10.26
2012-11-30 9.96 10.0 9.67 9.67
2012-12-05 10.44 10.55 10.08 10.08
2012-12-20 12.2 12.3 11.83 11.83
2012-12-25 12.44 12.48 12.21 12.21
2013-01-07 12.61 12.74 12.38 12.38
2013-01-08 12.93 13.24 12.61 12.61
2013-01-10 12.81 12.96 12.59 12.59
2013-01-21 13.37 13.48 12.87 12.87
2013-02-01 12.51 12.57 12.31 12.31
2013-02-06 12.54 12.72 12.28 12.28
2013-02-27 12.43 12.62 12.17 12.17
2013-03-01 13.37 13.4 12.8 12.8
2013-03-27 16.11 16.72 16.0 16.0
2013-04-01 15.35 15.49 15.14 15.14
2013-04-09 15.89 15.99 15.58 15.58
2013-04-10 15.74 15.98 15.52 15.52
2013-04-11 15.74 15.86 15.56 15.56
2013-04-16 15.12 15.25 14.8 14.8
2013-04-26 15.96 16.26 15.78 15.78
2013-05-02 16.57 16.74 15.9 15.9
2013-05-28 16.7 16.86 16.51 16.51
2013-05-30 17.58 17.58 16.75 16.75
2013-09-23 17.53 18.3 17.53 17.53
2013-10-11 17.76 17.76 17.2 17.2
2013-10-17 18.44 18.6 17.8 17.8
2013-10-28 22.8 22.8 21.66 21.66
2013-12-06 23.76 23.89 23.22 23.22
2013-12-11 24.34 24.34 23.04 23.04
2013-12-13 25.69 26.33 25.05 25.05
2014-01-14 23.31 23.31 22.21 22.21
2014-01-15 23.98 23.98 23.33 23.33
2014-06-24 26.46 26.46 26.46 26.46
2014-11-26 9.27 9.37 9.27 9.27
2014-12-24 8.08 8.18 7.83 7.83
2015-01-20 8.14 8.26 7.94 7.94
2015-01-23 8.59 8.71 8.51 8.51
2015-02-09 8.65 8.65 8.24 8.24
2015-02-13 8.65 8.71 8.5 8.5
2015-03-13 10.15 10.15 9.68 9.68
2015-05-15 15.39 15.58 14.9 14.9
2015-06-01 18.63 18.92 18.1 18.1
2015-11-10 8.17 8.17 8.17 8.17
2015-11-11 8.99 8.99 8.99 8.99
2015-11-12 9.89 9.89 9.89 9.89
2015-11-13 10.88 10.88 10.88 10.88
2015-11-16 11.97 11.97 11.97 11.97
2015-12-30 13.09 13.48 13.0 13.0
2016-01-12 8.88 8.99 8.25 8.25
2016-01-18 13.01 13.01 12.11 12.11
2016-02-15 19.38 20.28 18.6 18.6
2016-03-15 15.44 15.97 15.2 15.2
2016-04-13 16.87 17.49 16.51 16.51
2016-05-10 14.15 14.65 13.58 13.58
2016-05-31 13.69 13.99 13.02 13.02
2016-06-27 13.95 14.5 13.07 13.07
2016-07-25 14.46 14.78 14.24 14.24
2016-08-23 13.66 13.7 13.52 13.52
2016-08-29 13.85 14.3 13.42 13.42
2016-09-29 12.21 12.33 12.16 12.16
2016-10-10 12.47 12.55 12.21 12.21
2016-11-02 13.26 13.56 13.1 13.1
2016-11-28 12.09 12.19 11.85 11.85
2016-12-06 11.39 11.46 11.34 11.34
2016-12-14 11.22 11.22 9.97 9.97
2016-12-26 10.58 10.63 10.0 10.0
2017-01-18 10.74 10.74 9.67 9.67
2017-01-23 10.47 10.66 10.4 10.4
2017-02-03 10.29 10.39 10.22 10.22
2017-02-07 10.39 10.48 10.22 10.22
2017-02-14 11.24 11.65 11.2 11.2
2017-02-15 11.01 11.37 10.8 10.8
2017-02-16 11.51 12.11 10.91 10.91
2017-03-06 11.08 11.2 10.92 10.92
2017-04-05 9.71 9.92 9.38 9.38
2017-04-18 9.42 9.58 9.37 9.37
2017-04-25 8.64 8.75 8.5 8.5
2017-06-13 7.66 7.87 7.58 7.58
2017-07-05 8.28 8.7 8.0 8.0
2017-07-27 7.33 7.34 7.12 7.12
2017-08-03 7.99 7.99 7.52 7.52
2017-08-28 7.8 7.93 7.68 7.68
