2001-02-09 15.34 15.45 15.08 15.08
2001-05-11 16.72 16.75 16.49 16.49
2001-06-13 18.23 18.3 18.0 18.0
2001-07-10 18.36 18.45 18.14 18.14
2001-07-26 17.4 17.4 16.96 16.96
2001-08-01 16.49 16.6 16.0 16.0
2001-08-07 16.57 16.62 16.1 16.1
2001-09-18 17.08 17.18 16.8 16.8
2001-09-24 17.0 17.09 16.8 16.8
2001-10-26 15.48 15.49 15.1 15.1
2001-10-29 15.74 15.79 15.5 15.5
2001-11-05 15.58 15.69 15.29 15.29
2001-11-13 15.18 15.3 15.0 15.0
2002-01-31 16.05 16.32 15.48 15.48
2002-02-07 15.9 15.92 15.5 15.5
2002-04-12 19.49 19.6 19.0 19.0
2002-04-18 19.39 19.8 18.86 18.86
2002-08-21 11.0 11.05 10.89 10.89
2002-10-14 8.93 8.99 8.61 8.61
2002-10-16 8.88 9.05 8.83 8.83
2002-12-20 8.23 8.33 7.99 7.99
2003-09-18 7.3 7.35 7.15 7.15
2003-11-03 7.33 7.37 7.2 7.2
2003-11-10 7.06 7.06 6.89 6.89
2003-11-17 7.03 7.12 7.02 7.02
2004-01-12 8.72 8.79 8.53 8.53
2004-01-29 8.73 8.77 8.53 8.53
2004-02-05 9.08 9.4 8.89 8.89
2004-02-09 9.29 9.45 9.02 9.02
2004-02-13 9.42 9.46 9.2 9.2
2004-02-16 9.77 9.77 9.52 9.52
2004-07-06 8.04 8.06 7.88 7.88
2005-02-02 6.69 6.74 6.25 6.25
2005-07-22 3.89 3.94 3.72 3.72
2005-07-25 4.28 4.28 3.85 3.85
2005-08-31 5.27 5.28 5.02 5.02
2005-09-05 5.5 5.56 5.41 5.41
2005-09-07 5.42 5.44 5.25 5.25
2005-09-13 6.07 6.2 5.7 5.7
2005-12-26 4.45 4.48 4.4 4.4
2006-02-15 5.39 5.47 5.32 5.32
2006-04-03 5.18 5.18 5.09 5.09
2006-07-20 5.65 5.69 5.56 5.56
2006-07-25 5.55 5.64 5.41 5.41
2006-10-31 5.38 5.39 5.23 5.23
2007-04-30 9.08 9.18 8.7 8.7
2007-05-28 10.15 10.39 10.05 10.05
2007-06-13 8.01 8.12 7.42 7.42
2007-06-18 8.35 8.47 8.1 8.1
2007-06-26 6.72 6.74 6.44 6.44
2007-07-09 6.22 6.35 6.08 6.08
2007-08-02 7.46 7.46 6.76 6.76
2007-08-03 8.21 8.21 7.61 7.61
2007-08-06 8.85 9.03 8.6 8.6
2007-11-05 8.76 9.09 8.69 8.69
2007-11-07 8.81 8.88 8.33 8.33
2007-11-14 8.34 8.35 7.96 7.96
2007-12-07 8.49 8.6 8.24 8.24
2007-12-14 9.14 9.19 8.55 8.55
2007-12-17 9.31 9.8 9.22 9.22
2007-12-20 9.27 9.42 9.22 9.22
2008-02-18 9.61 9.61 8.95 8.95
2009-03-10 5.68 5.69 5.36 5.36
2009-08-18 6.81 6.92 6.42 6.42
2009-08-20 6.58 6.62 6.31 6.31
2009-10-13 6.65 6.69 6.53 6.53
2009-10-14 6.88 6.99 6.65 6.65
2009-10-30 7.16 7.51 6.9 6.9
2010-01-06 12.52 13.14 12.33 12.33
2010-03-16 9.82 9.88 9.7 9.7
2010-03-17 10.12 10.18 9.82 9.82
2010-03-30 10.33 10.56 10.28 10.28
2010-08-20 9.89 10.12 9.5 9.5
2010-08-30 9.59 9.65 9.43 9.43
2011-01-26 10.56 10.59 10.09 10.09
2011-02-10 10.7 10.75 10.34 10.34
2011-07-19 10.14 10.32 9.97 9.97
2011-08-10 8.92 9.17 8.71 8.71
2011-09-14 9.57 9.58 9.25 9.25
2011-09-16 9.65 9.83 9.56 9.56
2011-11-11 10.25 10.33 10.01 10.01
2011-11-17 10.22 10.38 10.08 10.08
2012-03-16 7.63 7.64 7.41 7.41
2012-09-21 7.41 7.65 7.25 7.25
2013-04-15 8.33 8.41 8.25 8.25
2013-04-19 8.76 8.84 8.56 8.56
2013-04-22 9.03 9.08 8.61 8.61
2013-05-03 8.7 8.81 8.59 8.59
2013-05-06 8.98 8.99 8.72 8.72
2013-06-14 8.78 8.84 8.66 8.66
2013-09-18 8.1 8.1 7.98 7.98
2013-09-23 8.16 8.21 8.11 8.11
2013-09-27 8.02 8.12 8.0 8.0
2013-10-11 8.49 8.58 8.23 8.23
2014-06-23 6.79 6.84 6.76 6.76
2014-06-27 6.86 6.88 6.81 6.81
2014-07-25 7.2 7.3 7.08 7.08
2014-09-15 7.91 7.99 7.86 7.86
2014-09-23 7.89 7.92 7.76 7.76
2014-09-29 8.18 8.19 8.01 8.01
2014-10-28 7.95 7.96 7.8 7.8
2015-05-11 10.89 10.94 10.34 10.34
2015-07-10 13.64 14.0 11.58 11.58
2015-07-15 11.09 11.48 11.09 11.09
2015-07-16 9.99 11.08 9.98 9.98
2016-02-04 6.4 6.42 6.27 6.27
2016-02-15 6.35 6.47 6.03 6.03
2016-02-16 6.68 6.69 6.26 6.26
2016-02-22 6.86 6.87 6.73 6.73
2016-03-01 6.51 6.52 6.28 6.28
2016-03-07 6.97 7.03 6.78 6.78
2016-03-18 7.59 7.71 7.27 7.27
2016-03-24 7.66 7.73 7.64 7.64
2016-03-25 7.87 7.9 7.67 7.67
2016-03-30 7.98 8.03 7.78 7.78
2016-04-13 8.04 8.27 7.98 7.98
2016-04-14 8.45 8.49 8.05 8.05
2016-04-21 8.15 8.29 8.09 8.09
2016-04-26 8.47 8.5 8.22 8.22
2016-04-29 8.4 8.46 8.25 8.25
2016-05-04 8.78 8.79 8.6 8.6
2016-06-27 9.15 9.16 8.88 8.88
2016-07-26 10.02 10.09 9.94 9.94
2016-07-28 10.47 10.9 10.06 10.06
2016-08-02 10.18 10.8 9.86 9.86
2016-09-05 9.47 9.89 9.04 9.04
2016-11-10 8.8 8.8 8.71 8.71
2016-12-27 7.95 7.99 7.87 7.87
2017-02-09 7.93 8.01 7.85 7.85
2017-02-10 7.92 7.99 7.9 7.9
2017-02-15 8.84 8.84 8.04 8.04
2017-03-20 8.37 8.41 8.25 8.25
2017-06-29 6.86 6.95 6.78 6.78
2017-08-07 7.03 7.06 6.94 6.94
