1998-01-21 6.7 6.79 6.65 6.65
1998-01-23 6.72 6.75 6.61 6.61
1998-02-10 6.96 7.15 6.85 6.85
1998-02-16 7.12 7.22 7.05 7.05
1998-07-31 7.62 7.65 7.46 7.46
1998-12-18 5.97 6.05 5.9 5.9
1999-04-20 5.69 5.72 5.6 5.6
1999-04-23 5.78 5.83 5.46 5.46
1999-04-29 5.62 5.64 5.54 5.54
1999-07-28 9.19 9.45 8.8 8.8
1999-08-19 8.86 8.86 8.45 8.45
1999-09-09 8.44 8.44 8.02 8.02
1999-11-17 7.04 7.08 6.82 6.82
1999-11-24 7.12 7.24 7.1 7.1
1999-11-26 7.01 7.08 7.0 7.0
1999-12-06 7.28 7.3 7.03 7.03
1999-12-10 7.75 7.8 7.3 7.3
1999-12-30 8.56 8.9 8.22 8.22
2000-01-05 10.36 10.36 10.36 10.36
2000-01-06 11.4 11.4 11.4 11.4
2000-01-07 12.54 12.54 12.54 12.54
2000-01-10 13.79 13.79 13.79 13.79
2000-02-16 30.24 30.24 27.5 27.5
2000-02-22 26.44 30.83 25.56 25.56
2000-03-17 21.92 22.2 20.56 20.56
2000-03-20 22.45 22.6 20.69 20.69
2000-03-28 22.75 23.45 22.4 22.4
2000-06-13 18.92 19.08 18.72 18.72
2000-06-20 18.97 19.47 18.36 18.36
2000-09-08 17.35 17.6 17.2 17.2
2000-09-29 15.93 16.0 15.8 15.8
2000-10-26 15.84 16.29 15.75 15.75
2000-11-28 15.55 15.82 15.4 15.4
2000-12-26 15.23 15.49 15.15 15.15
2001-03-09 15.0 15.21 13.9 13.9
2001-05-16 14.39 14.5 14.29 14.29
2001-06-21 13.5 13.57 13.3 13.3
2001-06-29 13.35 13.45 13.24 13.24
2002-02-06 12.88 13.35 12.63 12.63
2002-02-26 13.04 13.08 12.7 12.7
2002-03-06 13.24 13.9 13.15 13.15
2002-03-07 13.5 13.51 13.2 13.2
2002-04-12 13.86 14.06 13.66 13.66
2002-04-16 13.99 14.45 13.7 13.7
2002-08-13 13.83 13.94 13.74 13.74
2002-08-15 13.86 14.04 13.71 13.71
2003-01-13 11.96 12.08 11.65 11.65
2003-04-08 11.09 11.32 10.76 10.76
2003-05-12 9.88 10.24 9.81 9.81
2003-05-14 9.45 9.58 9.2 9.2
2003-05-19 10.19 10.44 10.0 10.0
2003-05-21 9.98 10.2 9.9 9.9
2003-05-23 10.1 10.2 9.9 9.9
2003-05-28 10.21 10.43 10.17 10.17
2003-07-01 9.28 9.45 9.28 9.28
2003-07-08 9.58 9.78 9.32 9.32
2003-07-10 9.56 9.66 9.4 9.4
2003-07-16 9.4 9.42 9.32 9.32
2003-10-10 8.0 8.05 7.77 7.77
2004-03-19 11.47 11.65 11.08 11.08
2004-06-04 10.3 10.47 10.2 10.2
2004-09-17 10.37 10.68 10.15 10.15
2004-09-23 11.08 11.09 10.7 10.7
2004-12-27 11.99 12.14 11.69 11.69
2005-02-02 10.09 10.15 9.25 9.25
2005-02-16 9.91 10.12 9.85 9.85
2005-03-08 10.38 10.39 10.2 10.2
2005-04-13 8.92 9.12 8.8 8.8
2005-07-26 7.37 7.5 7.26 7.26
2005-07-29 7.77 8.01 7.48 7.48
2005-08-05 7.86 7.88 7.7 7.7
2005-08-08 8.08 8.32 7.9 7.9
2005-10-17 7.5 7.62 7.4 7.4
2007-05-31 13.89 14.2 13.89 13.89
2007-06-01 12.5 13.29 12.5 12.5
2007-06-05 10.51 10.56 10.13 10.13
2007-09-25 13.57 13.6 12.96 12.96
2007-09-28 13.79 13.95 13.6 13.6
2007-11-19 12.28 12.55 11.55 11.55
2007-11-23 11.5 11.7 11.07 11.07
2007-11-28 11.7 11.7 10.68 10.68
2008-09-08 7.2 7.2 7.2 7.2
2008-09-09 6.5 6.81 6.48 6.48
2008-11-06 3.65 3.82 3.45 3.45
2009-07-14 8.71 8.87 8.61 8.61
2009-07-22 9.37 9.45 9.2 9.2
2009-08-05 10.16 10.16 9.38 9.38
2009-09-30 8.17 8.36 8.14 8.14
2010-06-04 8.05 8.1 7.82 7.82
2010-06-17 8.74 8.95 8.73 8.73
2010-06-22 9.14 9.38 8.93 8.93
2010-11-08 13.97 13.97 12.71 12.71
2011-05-13 11.33 11.34 11.02 11.02
2011-05-17 11.4 11.52 11.21 11.21
2011-06-15 10.8 10.87 10.52 10.52
2012-03-15 9.76 10.14 9.55 9.55
2012-03-16 10.01 10.04 9.56 9.56
2012-09-19 6.52 6.55 6.46 6.46
2012-12-05 5.77 5.95 5.45 5.45
2013-02-08 6.97 6.98 6.77 6.77
2013-02-18 7.38 7.63 7.2 7.2
2013-04-19 7.96 8.09 7.78 7.78
2013-05-13 8.29 8.32 8.0 8.0
2013-09-23 9.68 9.68 8.83 8.83
2013-09-27 10.46 10.78 9.76 9.76
2013-10-08 10.66 11.13 10.58 10.58
2013-12-10 11.1 11.46 10.88 10.88
2014-07-08 7.68 7.87 7.64 7.64
2014-07-11 7.59 7.59 7.43 7.43
2014-12-12 9.12 9.16 8.94 8.94
2015-04-22 13.28 13.33 12.94 12.94
2015-07-16 10.37 10.94 9.05 9.05
2015-08-10 11.9 11.98 11.38 11.38
2015-08-17 13.55 13.55 12.41 12.41
2016-02-16 9.07 9.11 8.7 8.7
2016-04-14 11.96 12.1 11.36 11.36
2016-09-29 11.92 12.05 11.91 11.91
2016-10-10 12.3 12.32 12.0 12.0
2016-12-07 11.62 11.63 11.5 11.5
2016-12-09 11.69 11.74 11.5 11.5
2016-12-16 11.44 11.56 11.23 11.23
2016-12-21 11.45 11.54 11.31 11.31
2017-02-06 10.91 10.93 10.74 10.74
2017-07-31 9.75 9.76 9.48 9.48
