1990-12-20 403.2 403.2 403.2 403.2
1990-12-21 423.4 423.4 400.0 400.0
1990-12-24 444.6 444.6 423.4 423.4
1990-12-25 466.8 466.8 466.8 466.8
1990-12-26 490.2 490.2 490.2 490.2
1990-12-28 495.1 495.1 495.1 495.1
1990-12-31 500.1 500.1 500.1 500.1
1991-01-02 505.1 505.1 505.1 505.1
1991-01-03 510.2 510.2 510.2 510.2
1991-01-04 515.3 515.3 515.3 515.3
1991-01-07 517.9 517.9 517.9 517.9
1991-01-08 520.5 520.5 520.5 520.5
1991-01-09 523.1 523.1 523.1 523.1
1991-01-10 525.7 525.7 525.7 525.7
1991-01-11 528.3 528.3 528.3 528.3
1991-01-15 528.3 528.3 525.7 525.7
1991-01-16 525.7 530.9 525.7 525.7
1991-01-17 525.7 525.7 523.1 523.1
1991-01-18 525.7 525.7 523.1 523.1
1991-01-21 525.7 525.7 523.1 523.1
1991-01-22 523.1 523.15 523.1 523.1
1991-01-23 520.5 520.5 520.5 520.5
1991-01-24 517.9 517.9 517.9 517.9
1991-01-25 515.3 515.3 515.3 515.3
1991-01-28 512.7 512.7 512.7 512.7
1991-01-29 510.1 510.1 510.1 510.1
1991-01-30 507.5 507.5 507.5 507.5
1991-01-31 505.0 505.0 505.0 505.0
1991-02-01 502.5 502.5 502.5 502.5
1991-02-04 500.0 500.0 500.0 500.0
1991-02-05 497.5 497.5 497.5 497.5
1991-02-06 500.0 500.0 495.0 495.0
1991-02-07 502.5 502.5 502.5 502.5
1991-02-08 505.0 505.0 505.0 505.0
1991-02-28 513.8 513.8 513.8 513.8
1991-03-01 511.2 511.2 511.2 511.2
1991-03-04 508.6 508.6 508.6 508.6
1991-03-06 503.6 503.6 503.6 503.6
1991-03-07 501.1 501.1 501.1 501.1
1991-03-08 498.6 498.6 498.6 498.6
1991-03-11 496.1 496.1 496.1 496.1
1991-03-12 493.6 493.6 493.6 493.6
1991-03-13 481.1 481.1 481.1 481.1
1991-03-14 478.7 478.7 478.7 478.7
1991-03-15 476.3 476.3 476.3 476.3
1991-03-18 473.9 473.9 473.9 473.9
1991-03-19 471.5 471.5 471.5 471.5
1991-03-20 469.1 469.1 469.1 469.1
1991-03-21 466.8 466.8 466.8 466.8
1991-03-22 464.5 464.5 464.5 464.5
1991-03-25 462.2 462.2 462.2 462.2
1991-03-26 459.9 459.9 459.9 459.9
1991-03-27 457.6 457.6 457.6 457.6
1991-03-28 455.3 455.3 455.3 455.3
1991-03-29 453.0 453.0 453.0 453.0
1991-04-01 455.3 455.3 450.7 450.7
1991-04-02 457.6 457.6 457.6 457.6
1991-04-03 459.9 459.9 459.9 459.9
1991-04-05 460.0 460.0 457.7 457.7
1991-04-08 457.7 457.7 457.7 457.7
1991-04-09 455.4 455.4 455.4 455.4
1991-04-10 453.1 453.1 453.1 453.1
1991-04-11 450.8 450.8 450.8 450.8
1991-04-12 448.5 448.5 448.5 448.5
1991-04-15 446.3 446.3 446.3 446.3
1991-04-16 444.1 444.1 444.1 444.1
1991-04-17 441.9 441.9 441.9 441.9
1991-04-18 439.7 439.7 439.7 439.7
1991-04-19 437.5 437.5 437.5 437.5
1991-04-22 435.3 435.3 435.3 435.3
1991-04-23 433.1 433.1 433.1 433.1
1991-04-24 430.9 430.9 430.9 430.9
1991-04-26 429.45 433.0 424.4 424.4
1991-04-29 425.2 433.0 425.2 425.2
1991-04-30 420.9 425.2 420.9 420.9
1991-05-02 416.7 416.7 416.7 416.7
1991-05-03 412.5 412.5 412.5 412.5
1991-05-06 408.4 408.4 408.4 408.4
1991-05-07 404.3 404.3 404.3 404.3
1991-05-08 400.3 400.3 400.3 400.3
1991-05-09 396.3 396.3 396.3 396.3
1991-05-10 392.3 392.3 392.3 392.3
1991-05-13 388.4 388.4 388.4 388.4
1991-05-14 384.5 384.5 384.5 384.5
1991-05-15 380.7 380.7 380.7 380.7
1991-05-16 376.9 376.9 376.9 376.9
1991-05-17 380.7 380.7 373.1 373.1
1991-05-20 384.5 384.5 384.5 384.5
1991-05-21 388.3 388.3 388.3 388.3
1991-05-23 388.2 388.2 380.6 380.6
1991-05-24 392.1 392.1 392.1 392.1
1991-05-29 401.9 401.9 401.9 401.9
1991-05-30 405.9 405.9 405.45 405.45
1991-05-31 410.0 410.0 410.0 410.0
1991-06-03 414.1 414.1 414.1 414.1
1991-06-04 418.2 418.2 418.2 418.2
1991-06-05 422.4 422.4 422.4 422.4
1991-06-06 426.6 426.6 426.6 426.6
1991-06-07 430.9 430.9 430.9 430.9
1991-06-10 435.2 435.2 435.2 435.2
1991-06-11 439.6 439.6 439.6 439.6
1991-06-12 444.0 444.0 444.0 444.0
1991-06-18 452.8 452.8 452.8 452.8
1991-06-19 457.3 457.3 457.3 457.3
1991-06-20 461.9 461.9 461.9 461.9
1991-06-24 471.2 471.2 471.2 471.2
1991-06-25 475.9 475.9 475.9 475.9
1991-06-26 480.7 480.7 480.7 480.7
1991-06-27 485.5 485.5 485.5 485.5
1991-06-28 490.4 490.4 490.4 490.4
1991-07-02 480.6 480.6 480.6 480.6
1991-07-03 475.8 475.8 475.8 475.8
1991-07-04 480.6 480.6 471.0 471.0
1991-07-08 471.0 475.8 471.0 471.0
1991-07-09 466.3 475.7 466.3 466.3
1991-07-12 452.4 452.4 452.4 452.4
1991-07-15 452.0 456.8 447.9 447.9
1991-07-17 461.1 461.1 461.1 461.1
1991-07-18 465.7 465.7 465.7 465.7
1991-07-22 465.8 465.8 465.8 465.8
1991-08-01 483.5 483.5 483.5 483.5
1991-08-05 493.2 493.2 493.2 493.2
1991-08-06 498.1 498.1 498.1 498.1
1991-08-07 503.1 503.1 503.1 503.1
1991-08-08 508.1 508.1 508.1 508.1
1991-08-09 513.2 513.2 513.2 513.2
1991-08-12 518.3 518.3 518.3 518.3
1991-08-14 528.7 528.7 528.7 528.7
1991-08-15 534.0 534.0 534.0 534.0
1991-08-16 539.3 539.3 539.3 539.3
1991-08-19 544.7 544.7 544.7 544.7
1991-08-20 550.1 550.1 550.1 550.1
1991-08-21 555.6 555.6 555.6 555.6
1991-08-22 561.2 561.2 561.2 561.2
1991-08-23 566.8 566.8 566.8 566.8
1991-08-26 572.5 572.5 572.5 572.5
1991-08-27 578.2 578.2 578.2 578.2
1991-08-28 584.0 584.0 584.0 584.0
1991-08-29 589.8 589.8 589.8 589.8
1991-08-30 595.7 595.7 595.7 595.7
1991-09-02 601.7 601.7 601.7 601.7
1991-09-03 607.7 607.7 607.7 607.7
1991-09-04 613.8 613.8 613.8 613.8
1991-09-05 619.9 619.9 619.9 619.9
1991-09-06 626.1 626.1 626.1 626.1
1991-09-09 632.4 632.4 632.4 632.4
1991-09-11 619.8 619.8 619.8 619.8
1991-09-12 613.6 613.6 613.6 613.6
1991-09-16 625.9 625.9 625.9 625.9
1991-09-18 613.4 613.4 613.4 613.4
1991-09-23 595.9 595.9 595.9 595.9
1991-09-24 589.9 589.9 589.9 589.9
1991-09-25 584.0 584.0 584.0 584.0
1991-09-26 578.2 578.2 578.2 578.2
1991-09-30 568.5 570.45 568.5 568.5
1991-10-04 579.9 579.9 579.9 579.9
1991-10-07 585.7 585.7 585.7 585.7
1991-10-10 603.5 603.5 603.5 603.5
1991-10-11 609.5 609.5 609.5 609.5
1991-10-16 628.0 628.0 628.0 628.0
1991-10-17 634.3 634.3 634.3 634.3
1991-10-18 640.6 640.6 640.6 640.6
1991-10-21 647.0 647.0 647.0 647.0
1991-10-22 653.5 653.5 653.5 653.5
1991-10-23 660.0 660.0 660.0 660.0
1991-10-24 666.6 666.6 666.6 666.6
1991-10-28 680.0 680.0 680.0 680.0
1991-10-29 686.8 686.8 686.8 686.8
1991-10-30 686.8 686.8 686.8 686.8
1991-10-31 693.7 693.7 693.7 693.7
1991-11-01 700.6 700.6 700.6 700.6
1991-11-04 707.6 707.6 707.6 707.6
1991-11-05 714.7 714.7 714.7 714.7
1991-11-06 721.8 721.8 721.8 721.8
1991-11-07 729.0 729.0 729.0 729.0
1991-11-08 736.3 736.3 736.3 736.3
1991-11-11 743.7 743.7 743.7 743.7
1991-11-12 751.1 751.1 751.1 751.1
1991-11-13 751.1 751.1 751.1 751.1
1991-11-14 751.1 751.1 751.1 751.1
1991-11-15 751.1 751.1 751.1 751.1
1991-11-18 758.6 758.6 758.6 758.6
1991-11-19 766.2 766.2 766.2 766.2
1991-11-20 773.9 773.9 773.9 773.9
1991-11-21 781.6 781.6 781.6 781.6
1991-11-22 789.4 789.4 789.4 789.4
1991-11-25 797.3 797.3 797.3 797.3
1991-11-26 805.3 805.3 805.3 805.3
1991-11-27 813.4 813.4 813.4 813.4
1991-11-28 821.5 821.5 821.5 821.5
1991-12-03 846.4 846.4 846.4 846.4
1991-12-04 846.4 846.4 846.4 846.4
1991-12-05 846.4 846.4 846.4 846.4
1991-12-06 854.9 854.9 854.9 854.9
1991-12-09 854.9 854.9 854.9 854.9
1991-12-10 863.4 863.4 863.4 863.4
1991-12-11 863.4 863.4 863.4 863.4
1991-12-12 863.4 863.4 863.4 863.4
1991-12-13 872.0 872.0 872.0 872.0
1991-12-16 872.0 872.0 872.0 872.0
1991-12-17 872.0 872.0 872.0 872.0
1991-12-18 872.0 872.0 872.0 872.0
1991-12-19 872.0 872.0 872.0 872.0
1991-12-20 880.7 880.7 880.7 880.7
1991-12-23 889.5 889.5 889.5 889.5
1991-12-24 889.5 889.5 889.5 889.5
1991-12-25 889.5 889.5 889.5 889.5
1991-12-26 889.5 889.5 889.5 889.5
1991-12-27 898.4 898.4 898.4 898.4
1991-12-30 898.4 898.4 898.4 898.4
1991-12-31 898.4 898.4 898.4 898.4
1992-01-02 898.4 898.4 898.4 898.4
1992-01-03 907.4 907.4 907.4 907.4
1992-01-06 907.4 907.4 907.4 907.4
1992-01-07 907.4 907.4 907.4 907.4
1992-01-08 907.4 907.4 907.4 907.4
1992-01-09 907.4 907.4 907.4 907.4
1992-01-10 907.4 907.4 907.4 907.4
1992-01-13 907.4 907.4 907.4 907.4
1992-01-14 916.5 916.5 916.5 916.5
1992-01-15 916.5 916.5 916.5 916.5
1992-01-16 916.5 916.5 916.5 916.5
1992-01-17 916.5 916.5 916.5 916.5
1992-01-20 916.5 916.5 916.5 916.5
1992-01-21 916.5 916.5 916.5 916.5
1992-01-22 916.5 916.5 916.5 916.5
1992-01-23 916.5 916.5 916.5 916.5
1992-01-24 916.5 916.5 916.5 916.5
1992-01-27 925.7 925.7 925.7 925.7
1992-01-28 925.7 925.7 925.7 925.7
1992-01-29 925.7 925.7 925.7 925.7
1992-01-30 925.7 925.7 925.7 925.7
1992-01-31 925.7 925.7 925.7 925.7
1992-02-03 925.7 925.7 925.7 925.7
1992-02-07 925.7 925.7 925.7 925.7
1992-02-10 925.7 925.7 925.7 925.7
1992-02-11 925.7 925.7 925.7 925.7
1992-02-12 925.7 925.7 925.7 925.7
1992-02-13 925.7 925.7 925.7 925.7
1992-02-14 935.0 935.0 935.0 935.0
1992-02-17 935.0 935.0 935.0 935.0
1992-02-18 935.0 935.0 935.0 935.0
1992-02-19 935.0 935.0 935.0 935.0
1992-02-20 935.0 935.0 935.0 935.0
1992-02-26 935.0 935.0 935.0 935.0
1992-02-28 935.0 935.0 935.0 935.0
1992-03-02 935.0 935.0 935.0 935.0
1992-03-03 935.0 935.0 935.0 935.0
1992-03-05 935.0 935.0 935.0 935.0
1992-03-06 935.0 935.0 935.0 935.0
1992-03-09 925.0 925.0 925.0 925.0
1992-03-10 925.0 925.0 925.0 925.0
1992-03-11 925.0 925.0 925.0 925.0
1992-03-12 925.0 925.0 925.0 925.0
1992-03-13 925.0 925.0 925.0 925.0
1992-03-16 925.0 925.0 925.0 925.0
1992-03-17 925.0 925.0 925.0 925.0
1992-03-18 925.0 925.0 925.0 925.0
1992-03-19 925.0 925.0 925.0 925.0
1992-03-20 925.0 925.0 925.0 925.0
1992-03-23 925.0 925.0 925.0 925.0
1992-03-24 925.0 925.0 925.0 925.0
1992-03-25 925.0 925.0 925.0 925.0
1992-03-26 925.0 925.0 925.0 925.0
1992-03-27 934.3 934.3 934.3 934.3
1992-03-30 934.3 934.3 934.3 934.3
1992-04-01 934.3 934.3 934.3 934.3
1992-04-02 934.3 934.3 934.3 934.3
1992-04-03 934.3 934.3 934.3 934.3
1992-04-06 934.3 934.3 934.3 934.3
1992-04-07 934.3 934.3 934.3 934.3
1992-04-08 934.3 934.3 934.3 934.3
1992-04-09 934.3 934.3 934.3 934.3
1992-04-10 934.3 934.3 934.3 934.3
1992-04-13 981.0 981.0 981.0 981.0
1992-04-14 1030.1 1030.1 1030.1 1030.1
1992-04-15 1081.6 1081.6 1081.6 1081.6
1992-04-16 1135.7 1135.7 1135.7 1135.7
1992-04-17 1192.5 1192.5 1192.5 1192.5
1992-04-20 1252.1 1252.1 1252.1 1252.1
1992-11-18 482.95 483.0 464.2 464.2
1992-11-25 790.0 802.0 630.0 630.0
1992-12-23 11.13 11.2 10.8 10.8
1992-12-24 11.95 11.98 11.15 11.15
1993-01-04 11.87 12.0 11.7 11.7
1993-04-08 10.46 10.48 9.55 9.55
1993-08-03 7.0 7.28 6.99 6.99
1993-09-02 7.23 7.23 7.15 7.15
1993-09-20 7.04 7.05 7.0 7.0
1993-09-23 7.08 7.13 7.02 7.02
1993-09-27 7.32 7.45 7.1 7.1
1993-09-28 8.14 8.14 7.4 7.4
1993-11-11 6.98 7.1 6.8 6.8
1993-11-17 7.3 7.45 7.15 7.15
1993-12-23 6.4 6.58 6.17 6.17
1994-02-03 5.42 5.5 5.36 5.36
1994-02-04 5.55 5.56 5.41 5.41
1994-05-12 3.05 3.15 3.02 3.02
1994-07-13 2.35 2.35 2.28 2.28
1994-09-28 5.36 5.4 5.1 5.1
1994-10-19 3.5 3.54 3.39 3.39
1994-10-20 3.82 3.87 3.52 3.52
1994-10-27 3.8 3.83 3.5 3.5
1994-11-03 3.9 3.94 3.65 3.65
1995-01-23 2.66 2.7 2.62 2.62
1995-02-20 2.7 2.75 2.7 2.7
1995-03-03 2.85 2.94 2.77 2.77
1995-03-06 2.95 2.95 2.86 2.86
1995-03-27 2.99 3.02 2.96 2.96
1995-04-20 2.97 2.98 2.93 2.93
1995-05-08 2.82 2.83 2.8 2.8
1995-05-11 2.8 2.82 2.8 2.8
1995-05-12 2.85 2.9 2.8 2.8
1995-05-19 4.08 4.1 3.61 3.61
1995-06-23 2.79 2.8 2.75 2.75
1995-06-27 2.82 2.87 2.8 2.8
1995-08-04 3.36 3.37 3.32 3.32
1995-08-07 3.38 3.38 3.31 3.31
1995-08-14 4.9 5.64 4.28 4.28
1995-09-04 4.47 4.54 4.27 4.27
1995-09-06 4.61 4.69 4.37 4.37
1995-10-18 4.74 4.75 4.47 4.47
1995-11-21 4.74 4.74 4.7 4.7
1995-12-07 4.24 4.26 4.15 4.15
1995-12-14 4.49 4.5 4.22 4.22
1996-01-12 3.82 3.87 3.69 3.69
1996-01-19 3.53 3.54 3.35 3.35
1996-01-24 3.54 3.55 3.47 3.47
1996-02-09 3.56 3.58 3.49 3.49
1996-02-13 3.6 3.62 3.51 3.51
1996-02-16 3.72 3.75 3.61 3.61
1996-03-29 3.74 3.74 3.65 3.65
1996-04-01 3.85 3.92 3.8 3.8
1996-04-26 4.73 4.83 4.45 4.45
1996-05-06 4.49 4.55 4.26 4.26
1996-06-18 5.36 5.38 5.0 5.0
1996-06-26 5.27 5.3 5.03 5.03
1996-07-19 5.22 5.28 4.5 4.5
1996-12-17 4.87 4.87 4.87 4.87
1997-01-15 4.38 4.4 4.3 4.3
1997-01-16 4.34 4.39 4.3 4.3
1997-02-19 4.61 4.61 4.3 4.3
1997-02-20 5.07 5.07 4.15 4.15
1997-03-31 7.24 7.28 6.99 6.99
1997-04-02 7.85 8.05 7.7 7.7
1997-04-09 7.4 7.53 7.25 7.25
1997-07-11 4.47 4.5 4.3 4.3
1997-08-27 5.15 5.19 4.95 4.95
1997-09-15 5.45 5.63 5.41 5.41
1997-10-29 5.55 5.62 5.15 5.15
1997-11-03 5.69 5.77 5.53 5.53
1998-02-11 5.76 5.85 5.7 5.7
1998-02-17 5.82 5.82 5.67 5.67
1998-03-18 5.85 5.99 5.76 5.76
1998-03-23 6.04 6.15 6.01 6.01
1998-04-23 8.97 9.3 8.8 8.8
1998-04-30 9.08 9.15 8.73 8.73
1998-09-04 6.9 6.99 6.81 6.81
1998-09-09 7.11 7.13 6.85 6.85
1998-09-14 7.5 7.68 7.15 7.15
1998-11-30 6.8 6.88 6.7 6.7
1999-01-12 5.67 5.87 5.58 5.58
1999-03-01 5.6 5.65 5.47 5.47
1999-03-03 5.86 5.9 5.75 5.75
1999-03-08 6.26 6.38 6.15 6.15
1999-03-10 6.21 6.32 6.11 6.11
1999-05-06 6.91 6.99 6.5 6.5
1999-05-11 7.28 7.35 6.9 6.9
1999-12-29 10.18 10.42 9.93 9.93
2000-01-07 12.01 12.01 11.05 11.05
2000-01-27 12.33 12.45 11.81 11.81
2000-02-16 16.28 16.28 14.8 14.8
2000-03-20 20.92 21.08 18.8 18.8
2000-03-27 20.92 21.29 20.3 20.3
2000-04-27 18.1 18.52 17.82 17.82
2000-06-22 17.15 17.29 16.5 16.5
2000-06-30 15.29 15.6 15.05 15.05
2000-08-01 15.4 15.62 15.21 15.21
2000-08-07 16.28 16.33 15.78 15.78
2000-08-10 16.9 17.07 16.38 16.38
2000-08-17 16.39 16.68 16.35 16.35
2000-09-13 15.12 15.13 14.91 14.91
2000-09-20 14.05 14.19 13.9 13.9
2000-09-26 13.95 13.99 13.8 13.8
2000-09-29 14.22 14.26 14.08 14.08
2000-10-20 14.44 14.45 13.8 13.8
2000-10-26 14.5 15.19 14.35 14.35
2001-01-19 13.72 13.72 13.6 13.6
2001-02-09 12.81 13.01 12.68 12.68
2001-02-27 12.68 12.69 12.34 12.34
2001-03-01 13.0 13.0 12.71 12.71
2001-03-09 13.05 13.4 12.7 12.7
2001-03-21 13.22 13.31 12.85 12.85
2001-03-27 13.57 13.67 13.25 13.25
2001-06-22 13.21 13.4 13.06 13.06
2001-06-27 13.4 13.45 13.29 13.29
2001-07-04 12.89 12.95 12.85 12.85
2001-12-06 11.23 11.31 11.15 11.15
2001-12-25 10.04 10.1 9.98 9.98
2002-02-07 8.09 8.25 7.8 7.8
2002-06-21 8.61 8.77 8.27 8.27
2002-07-08 10.4 10.6 10.16 10.16
2002-07-16 10.09 10.24 9.95 9.95
2002-08-07 9.44 9.5 9.4 9.4
2002-08-22 9.41 9.53 9.2 9.2
2002-08-30 9.21 9.25 9.18 9.18
2003-03-03 9.13 9.14 9.03 9.03
2003-10-15 9.19 9.44 9.13 9.13
2003-12-15 9.61 9.82 9.56 9.56
2004-01-12 12.17 12.4 11.81 11.81
2004-01-15 11.64 11.98 11.5 11.5
2004-01-16 12.05 12.3 11.6 11.6
2004-02-13 12.58 12.75 11.94 11.94
2004-04-27 11.66 11.98 11.61 11.61
2004-05-12 11.96 11.99 11.35 11.35
2004-05-31 12.2 12.26 11.91 11.91
2004-07-06 9.73 9.95 9.7 9.7
2004-09-15 8.39 8.5 7.79 7.79
2004-11-03 8.8 8.8 8.62 8.62
2004-11-11 9.48 9.98 9.18 9.18
2004-11-18 9.37 9.39 9.25 9.25
2004-12-24 8.63 8.85 8.53 8.53
2005-01-10 8.52 8.54 8.38 8.38
2005-01-18 8.19 8.23 8.05 8.05
2005-05-10 4.71 4.76 4.51 4.51
2005-05-17 5.11 5.12 4.95 4.95
2005-05-24 4.98 5.1 4.66 4.66
2005-05-25 4.99 5.14 4.94 4.94
2005-05-27 5.02 5.14 4.97 4.97
2005-06-02 4.85 4.96 4.76 4.76
2005-06-08 5.4 5.42 4.9 4.9
2005-07-19 3.15 3.17 2.96 2.96
2006-11-09 3.15 3.16 3.09 3.09
2006-11-14 3.01 3.02 2.92 2.92
2007-04-23 7.25 7.36 7.08 7.08
2007-04-30 7.69 7.69 7.0 7.0
2008-06-04 6.01 6.11 5.89 5.89
2008-07-25 4.85 4.97 4.7 4.7
2009-02-06 2.99 3.04 2.83 2.83
2009-06-09 4.61 4.61 4.61 4.61
2009-06-10 5.07 5.07 5.07 5.07
2009-06-11 5.58 5.58 5.58 5.58
2010-04-07 9.81 10.08 9.35 9.35
2011-03-14 8.12 8.22 8.01 8.01
2011-03-16 7.94 7.97 7.84 7.84
2011-06-21 6.43 6.44 6.32 6.32
2011-06-24 6.59 6.62 6.43 6.43
2011-06-30 6.59 6.62 6.51 6.51
2011-07-04 6.75 6.78 6.62 6.62
2011-08-04 6.36 6.38 6.32 6.32
2011-09-09 5.74 5.84 5.66 5.66
2011-11-14 5.99 6.02 5.92 5.92
2011-11-15 6.1 6.12 5.96 5.96
2012-05-29 4.71 4.72 4.61 4.61
2012-06-13 4.49 4.5 4.41 4.41
2012-08-03 3.76 3.78 3.68 3.68
2012-08-07 3.86 3.87 3.83 3.83
2012-08-31 3.79 3.82 3.73 3.73
2012-09-05 3.85 3.9 3.78 3.78
2013-02-08 3.76 3.78 3.7 3.7
2013-02-20 3.69 3.7 3.64 3.64
2013-09-25 4.63 4.83 4.37 4.37
2013-09-27 4.41 4.45 4.28 4.28
2013-09-30 4.55 4.63 4.4 4.4
2013-11-12 4.16 4.19 4.11 4.11
2013-11-14 4.11 4.14 4.02 4.02
2013-11-15 4.3 4.41 4.12 4.12
2013-12-10 5.82 5.82 5.37 5.37
2014-06-05 6.41 6.41 6.3 6.3
2014-07-04 6.34 6.48 6.26 6.26
2014-07-10 5.89 5.96 5.87 5.87
2014-12-18 7.44 7.67 6.92 6.92
2014-12-24 6.93 7.03 6.71 6.71
2015-01-20 6.55 6.58 6.34 6.34
2015-11-04 9.88 9.92 9.49 9.49
2016-01-19 9.92 9.98 9.38 9.38
2016-02-04 9.02 9.14 8.8 8.8
2016-02-17 9.85 9.85 8.91 8.91
2016-03-14 9.25 9.44 8.89 8.89
2016-03-15 9.81 10.18 9.43 9.43
2016-04-11 11.11 11.2 10.9 10.9
2016-04-14 11.36 11.45 11.11 11.11
2016-08-22 11.56 11.77 11.53 11.53
2016-10-18 10.7 10.74 10.48 10.48
2017-01-25 9.12 9.22 8.98 8.98
2017-02-03 9.39 9.44 9.21 9.21
2017-05-10 8.18 8.84 8.11 8.11
2017-05-18 7.56 7.72 7.5 7.5
2017-05-19 7.67 7.68 7.52 7.52
