2001-03-28 17.39 17.4 16.21 16.21
2001-03-30 17.58 17.9 17.41 17.41
2001-04-02 17.89 18.1 17.6 17.6
2001-05-14 19.36 19.48 18.96 18.96
2001-05-18 19.18 19.2 18.8 18.8
2001-05-25 19.3 19.48 19.1 19.1
2001-06-05 19.5 19.66 19.2 19.2
2001-06-06 19.95 20.05 19.52 19.52
2001-06-12 20.39 20.45 19.8 19.8
2001-07-09 19.33 19.45 19.2 19.2
2001-07-10 19.62 19.62 19.42 19.42
2001-07-13 19.1 19.33 19.04 19.04
2001-07-18 18.99 19.1 18.8 18.8
2001-07-19 19.28 19.29 19.0 19.0
2001-08-01 18.25 18.28 17.48 17.48
2001-08-09 19.04 19.08 18.75 18.75
2001-08-17 18.71 18.96 18.6 18.6
2001-08-29 18.41 18.6 18.38 18.38
2001-09-04 18.2 18.2 17.75 17.75
2001-09-12 17.57 17.91 16.58 16.58
2001-09-20 16.81 17.0 16.8 16.8
2001-09-25 16.64 17.0 16.45 16.45
2001-09-26 16.75 16.83 16.65 16.65
2001-10-09 16.7 16.81 16.32 16.32
2001-10-31 14.99 15.05 14.69 14.69
2001-11-06 14.55 14.88 14.5 14.5
2001-11-15 13.7 13.84 13.65 13.65
2001-11-19 14.65 14.68 14.18 14.18
2001-11-20 15.18 15.28 14.66 14.66
2001-11-28 15.52 15.65 15.1 15.1
2001-12-03 16.22 16.3 15.8 15.8
2001-12-13 17.8 18.1 17.5 17.5
2002-01-15 15.65 15.99 15.5 15.5
2002-01-22 15.5 16.08 15.3 15.3
2002-02-04 17.26 17.28 16.68 16.68
2002-03-04 17.52 17.59 17.05 17.05
2002-03-13 16.96 17.48 16.78 16.78
2002-03-25 18.7 18.8 18.2 18.2
2002-04-01 17.72 17.9 17.5 17.5
2002-04-12 18.52 19.2 18.29 18.29
2002-04-16 18.59 18.78 17.2 17.2
2002-04-23 18.17 18.3 17.8 17.8
2002-06-11 16.43 16.59 16.4 16.4
2002-06-13 16.36 16.58 16.32 16.32
2002-06-17 16.18 16.32 16.05 16.05
2002-06-18 16.55 16.59 16.18 16.18
2002-06-20 16.6 16.6 16.39 16.39
2002-06-21 16.92 17.11 16.51 16.51
2002-07-16 17.68 17.87 17.58 17.58
2002-07-30 18.55 18.6 18.25 18.25
2002-08-05 18.3 18.47 18.11 18.11
2002-08-06 18.63 18.65 18.18 18.18
2002-08-13 17.89 18.0 17.8 17.8
2002-08-16 18.19 18.38 17.88 17.88
2002-09-03 18.3 18.49 18.25 18.25
2002-09-18 17.87 17.96 17.7 17.7
2002-09-19 17.93 18.0 17.8 17.8
2002-09-25 17.87 17.89 17.62 17.62
2002-10-16 16.35 16.5 16.2 16.2
2002-11-01 16.41 16.58 16.22 16.22
2002-11-05 16.65 16.7 16.5 16.5
2002-11-11 16.11 16.17 16.08 16.08
2002-11-15 15.87 16.0 15.8 15.8
2002-11-25 15.12 15.34 14.9 14.9
2002-11-29 15.41 15.65 14.8 14.8
2002-12-16 14.92 15.0 14.28 14.28
2002-12-23 15.6 15.8 15.2 15.2
2002-12-31 14.98 15.7 14.7 14.7
2003-01-06 14.65 14.68 14.35 14.35
2003-02-25 15.0 15.23 14.9 14.9
2003-03-11 15.2 15.29 15.08 15.08
2003-03-21 14.8 14.92 14.52 14.52
2003-03-31 14.9 14.95 14.8 14.8
2003-04-30 14.8 14.97 14.61 14.61
2003-05-14 15.55 15.7 14.9 14.9
2003-05-21 15.3 15.36 15.25 15.25
2003-05-23 15.76 16.02 15.35 15.35
2003-06-02 16.1 16.27 15.7 15.7
2003-06-10 16.05 16.08 15.95 15.95
2003-06-11 16.27 16.35 16.1 16.1
2003-06-20 15.93 15.98 15.86 15.86
2003-06-23 15.61 15.8 15.6 15.6
2003-06-26 16.19 16.25 15.18 15.18
2003-07-04 15.89 15.9 15.67 15.67
2003-07-10 15.88 15.92 15.71 15.71
2003-07-25 15.05 15.08 14.8 14.8
2003-08-19 14.61 14.84 13.5 13.5
2003-08-26 13.78 13.96 13.6 13.6
2003-09-22 12.23 12.37 12.15 12.15
2003-09-23 12.45 12.47 11.97 11.97
2003-10-17 12.47 12.5 12.2 12.2
2003-10-21 12.33 12.33 12.1 12.1
2003-11-19 8.26 8.31 8.03 8.03
2003-12-01 9.3 9.35 9.12 9.12
2003-12-25 10.12 10.12 9.21 9.21
2003-12-30 10.3 10.4 9.82 9.82
2004-01-02 10.35 10.4 10.1 10.1
2004-01-08 11.04 11.04 10.1 10.1
2004-02-03 11.28 11.34 11.06 11.06
2004-02-04 11.82 11.95 11.3 11.3
2004-02-12 13.04 13.33 12.87 12.87
2004-02-16 13.04 13.15 12.88 12.88
2004-02-27 13.92 13.98 13.0 13.0
2004-03-09 13.98 14.35 13.8 13.8
2004-03-10 14.35 14.55 13.8 13.8
2004-03-26 14.01 14.02 13.79 13.79
2004-03-29 14.48 14.78 14.0 14.0
2004-04-15 14.3 14.75 14.18 14.18
2004-04-26 13.74 13.84 13.65 13.65
2004-05-12 13.62 13.65 13.18 13.18
2004-05-21 13.73 13.8 13.5 13.5
2004-06-04 7.62 7.72 7.61 7.61
2004-06-11 6.91 7.35 6.83 6.83
2004-06-15 6.89 6.98 6.71 6.71
2004-07-15 6.3 6.39 6.25 6.25
2004-07-16 6.59 6.59 6.3 6.3
2004-08-04 6.5 6.6 6.3 6.3
2004-08-13 6.35 6.37 6.2 6.2
2004-08-23 5.72 5.8 5.63 5.63
2004-08-24 5.99 6.1 5.72 5.72
2004-08-30 6.08 6.11 5.82 5.82
2004-09-01 6.07 6.19 5.82 5.82
2004-09-02 6.38 6.47 5.97 5.97
2004-09-03 6.45 6.49 6.28 6.28
2004-09-06 6.49 6.52 6.31 6.31
2004-09-14 6.28 6.34 6.1 6.1
2004-10-08 6.64 6.7 6.33 6.33
2004-10-11 6.76 6.76 6.6 6.6
2004-10-13 6.58 6.75 6.31 6.31
2004-10-26 5.7 5.75 5.6 5.6
2004-10-27 5.89 5.9 5.65 5.65
2004-11-05 5.45 5.53 5.4 5.4
2004-11-08 5.47 5.6 5.37 5.37
2004-11-12 5.59 5.68 5.53 5.53
2004-12-03 5.75 5.75 5.66 5.66
2005-01-28 4.49 4.59 4.45 4.45
2005-03-02 5.43 5.43 4.89 4.89
2005-03-23 4.68 4.84 4.61 4.61
2005-03-28 4.95 4.97 4.8 4.8
2005-04-08 5.04 5.15 4.88 4.88
2005-04-13 4.86 4.95 4.79 4.79
2005-04-27 4.51 4.69 4.28 4.28
2005-05-24 4.26 4.36 4.2 4.2
2005-06-06 4.25 4.26 4.16 4.16
2005-06-07 4.35 4.45 4.25 4.25
2005-06-10 4.62 4.88 4.6 4.6
2005-06-22 4.62 4.63 4.56 4.56
2005-06-23 4.65 4.72 4.61 4.61
2005-06-27 4.77 4.79 4.64 4.64
2005-07-07 4.61 4.62 4.36 4.36
2005-07-19 4.33 4.35 4.27 4.27
2005-07-27 4.89 4.92 4.66 4.66
2005-08-04 4.8 4.87 4.76 4.76
2005-08-05 4.95 4.96 4.81 4.81
2005-09-06 5.6 5.76 5.6 5.6
2005-09-13 5.8 5.8 5.62 5.62
2005-09-14 6.05 6.18 5.81 5.81
2006-10-13 7.67 7.7 7.5 7.5
2006-10-16 7.78 8.0 7.56 7.56
2006-10-17 7.93 8.06 7.73 7.73
2006-10-24 7.82 7.88 7.52 7.52
2006-11-09 7.37 7.46 7.35 7.35
2006-11-16 7.18 7.38 6.97 6.97
2006-12-13 7.39 7.66 7.27 7.27
2006-12-29 7.72 7.81 7.6 7.6
2007-01-08 8.47 8.72 8.06 8.06
2007-01-15 9.31 9.31 8.5 8.5
2007-02-05 9.55 9.96 9.08 9.08
2007-02-07 10.15 10.26 9.88 9.88
2007-02-09 10.98 11.17 10.5 10.5
2007-02-15 13.54 13.54 12.39 12.39
2007-03-22 15.4 15.84 14.95 14.95
2007-03-26 16.78 16.93 15.57 15.57
2007-04-20 18.93 19.3 18.09 18.09
2007-04-23 20.47 20.82 19.05 19.05
2007-04-30 22.84 22.99 22.2 22.2
2007-05-16 20.79 21.13 19.88 19.88
2007-05-28 23.29 23.68 22.58 22.58
2007-06-13 24.65 25.05 22.96 22.96
2007-06-27 23.36 23.6 23.0 23.0
2007-08-02 24.2 24.8 23.54 23.54
2007-08-06 25.97 26.2 25.2 25.2
2007-08-21 27.44 28.1 27.0 27.0
2007-11-01 16.86 17.6 16.75 16.75
2007-11-13 16.13 16.8 15.71 15.71
2007-11-19 16.6 17.0 16.2 16.2
2007-11-28 17.32 17.59 17.0 17.0
2007-12-12 18.85 19.19 18.16 18.16
2007-12-24 20.13 20.72 19.71 19.71
2008-01-23 17.12 17.2 15.86 15.86
2008-01-30 17.11 17.29 16.5 16.5
2008-02-14 18.42 18.48 17.86 17.86
2008-02-27 17.1 17.1 16.56 16.56
2008-04-30 10.85 10.98 10.21 10.21
2008-05-14 11.49 11.66 11.08 11.08
2008-05-15 11.59 12.12 11.5 11.5
2008-05-30 10.79 10.87 10.3 10.3
2008-07-28 8.69 8.82 8.6 8.6
2008-08-28 5.15 5.24 5.1 5.1
2008-09-02 5.09 5.16 4.93 4.93
2008-09-04 5.33 5.34 5.08 5.08
2008-11-05 3.43 3.47 3.34 3.34
2008-11-19 4.4 4.42 4.0 4.0
2008-12-03 5.55 5.65 5.28 5.28
2008-12-25 5.23 5.39 5.16 5.16
2008-12-26 5.39 5.45 5.19 5.19
2009-01-15 6.54 6.79 6.35 6.35
2009-01-20 6.56 6.65 6.3 6.3
2009-02-20 8.29 8.45 7.73 7.73
2009-03-02 7.67 7.71 7.0 7.0
2009-04-29 8.41 8.46 8.12 8.12
2009-05-04 8.7 8.75 8.5 8.5
2009-05-06 9.22 9.25 8.82 8.82
2009-06-24 9.26 9.27 9.08 9.08
2009-07-07 9.28 9.36 9.11 9.11
2009-07-14 9.64 9.72 9.38 9.38
2009-08-20 8.98 9.01 8.11 8.11
2009-10-09 7.83 7.86 7.6 7.6
2009-10-23 8.42 8.48 8.28 8.28
2009-11-03 8.53 8.55 8.22 8.22
2009-11-05 8.78 8.85 8.46 8.46
2009-11-19 9.47 9.47 9.25 9.25
2009-11-30 8.91 8.95 8.52 8.52
2009-12-15 8.97 9.07 8.91 8.91
2009-12-28 8.74 8.76 8.5 8.5
2010-01-14 9.06 9.09 8.76 8.76
2010-03-08 8.96 9.1 8.76 8.76
2010-06-21 8.79 8.8 8.35 8.35
2010-08-04 8.95 8.97 8.65 8.65
2010-08-11 8.77 8.82 8.7 8.7
2010-09-27 8.91 8.95 8.71 8.71
2010-12-13 10.0 10.05 9.72 9.72
2011-01-19 8.3 8.44 8.25 8.25
2011-02-16 9.01 9.15 8.56 8.56
2011-02-23 8.87 8.94 8.76 8.76
2011-03-04 9.17 9.18 8.95 8.95
2011-03-11 9.05 9.15 9.01 9.01
2011-05-06 9.14 9.15 8.75 8.75
2011-06-21 7.78 7.79 7.68 7.68
2011-06-24 8.04 8.09 7.83 7.83
2011-07-07 8.69 8.7 8.42 8.42
2011-07-13 8.59 8.63 8.3 8.3
2011-08-12 7.86 7.9 7.68 7.68
2011-08-18 8.08 8.16 7.9 7.9
2011-09-26 7.81 7.89 7.71 7.71
2011-11-14 8.04 8.04 7.89 7.89
2011-11-17 7.89 7.94 7.79 7.79
2011-12-23 6.6 6.78 6.32 6.32
2012-01-10 6.6 6.61 6.32 6.32
2012-01-20 6.47 6.47 6.33 6.33
2012-02-02 6.58 6.58 6.43 6.43
2012-02-15 6.79 6.83 6.66 6.66
2012-02-22 6.95 6.98 6.83 6.83
2012-02-29 7.04 7.11 6.97 6.97
2012-04-20 7.48 7.55 7.32 7.32
2012-05-22 7.22 7.3 7.16 7.16
2012-11-01 6.4 6.41 6.29 6.29
2012-11-05 6.49 6.63 6.46 6.46
2012-11-23 5.98 6.03 5.95 5.95
2012-12-14 5.6 5.65 5.35 5.35
2012-12-25 5.82 5.92 5.69 5.69
2013-01-18 6.37 6.39 6.1 6.1
2013-02-18 6.95 7.27 6.88 6.88
2013-02-22 6.48 6.56 6.41 6.41
2013-03-08 6.56 6.62 6.53 6.53
2013-03-11 6.58 6.63 6.53 6.53
2013-05-06 6.78 6.85 6.53 6.53
2013-05-13 7.15 7.24 6.81 6.81
2013-07-01 6.3 6.31 6.02 6.02
2013-07-04 6.31 6.35 6.11 6.11
2013-07-09 6.03 6.08 6.0 6.0
2013-07-16 6.68 6.7 6.5 6.5
2013-07-22 6.48 6.49 6.27 6.27
2013-07-30 6.15 6.2 6.07 6.07
2013-08-09 6.41 6.42 6.25 6.25
2013-09-02 6.8 6.84 6.6 6.6
2013-10-14 7.16 7.29 7.08 7.08
2013-10-30 7.37 7.55 6.98 6.98
2013-11-11 6.99 7.04 6.91 6.91
2013-12-09 7.69 7.71 7.46 7.46
2014-01-22 7.1 7.11 6.96 6.96
2014-01-29 7.18 7.18 7.11 7.11
2014-06-23 4.4 4.46 4.39 4.39
2014-07-16 5.08 5.17 4.9 4.9
2014-12-10 5.48 5.48 5.48 5.48
2014-12-11 6.03 6.03 6.03 6.03
2014-12-12 6.63 6.63 6.63 6.63
2014-12-15 7.29 7.29 7.29 7.29
2015-01-15 6.12 6.15 5.98 5.98
2015-01-20 5.97 6.02 5.78 5.78
2015-01-22 6.75 6.8 6.21 6.21
2015-01-26 6.68 6.84 6.61 6.61
2015-02-02 5.97 6.09 5.77 5.77
2015-02-03 6.05 6.09 5.94 5.94
2015-02-13 6.14 6.2 5.74 5.74
2015-03-04 6.62 6.69 6.45 6.45
2015-03-10 6.5 6.54 6.41 6.41
2015-03-13 6.62 6.64 6.49 6.49
2015-03-23 7.65 7.85 7.53 7.53
2015-03-30 8.02 8.1 7.72 7.72
2015-04-07 8.45 8.5 8.25 8.25
2015-04-22 9.06 9.13 8.89 8.89
2015-06-01 9.86 9.9 9.32 9.32
2015-06-24 13.44 13.6 12.75 12.75
2015-07-03 9.28 10.03 9.28 9.28
2015-07-08 6.77 6.77 6.77 6.77
2015-07-09 7.45 7.45 6.09 6.09
2015-07-10 8.2 8.2 7.67 7.67
2015-07-17 8.39 8.55 7.86 7.86
2015-08-25 7.39 7.59 7.39 7.39
2015-09-24 6.43 6.45 6.25 6.25
2015-10-13 6.9 6.92 6.75 6.75
2015-10-15 7.06 7.07 6.65 6.65
2015-11-04 7.63 7.64 7.34 7.34
2015-11-17 8.45 8.45 8.45 8.45
2015-12-03 7.38 7.49 7.06 7.06
2015-12-10 6.97 7.05 6.92 6.92
2015-12-17 7.24 7.27 7.13 7.13
2016-01-05 6.2 6.43 5.83 5.83
2016-01-18 5.21 5.27 5.05 5.05
2016-02-02 4.67 4.72 4.5 4.5
2016-02-04 4.81 4.88 4.72 4.72
2016-02-24 5.28 5.35 5.01 5.01
2016-03-03 4.99 5.05 4.93 4.93
2016-03-14 4.89 4.97 4.78 4.78
2016-03-30 5.09 5.1 4.96 4.96
2016-05-31 4.99 5.0 4.81 4.81
2016-06-17 5.08 5.15 5.04 5.04
2016-07-19 5.29 5.34 5.22 5.22
2016-07-21 5.24 5.29 5.23 5.23
2016-07-27 5.49 5.8 5.35 5.35
2016-08-15 5.41 5.41 5.29 5.29
2016-08-29 5.37 5.4 5.35 5.35
2016-09-08 5.38 5.42 5.36 5.36
2016-09-19 5.26 5.26 5.21 5.21
2016-09-22 5.31 5.36 5.31 5.31
2016-09-27 5.26 5.26 5.21 5.21
2016-10-10 5.41 5.42 5.31 5.31
2016-11-10 5.45 5.46 5.39 5.39
2016-11-21 5.58 5.6 5.47 5.47
2016-11-30 5.7 5.71 5.5 5.5
2016-12-21 5.17 5.19 5.12 5.12
2017-01-03 5.22 5.25 5.21 5.21
2017-01-05 5.26 5.26 5.21 5.21
2017-01-23 5.03 5.04 4.99 4.99
2017-02-09 5.09 5.09 5.06 5.06
2017-02-13 5.13 5.15 5.1 5.1
2017-02-28 5.18 5.19 5.12 5.12
2017-06-07 3.87 3.87 3.8 3.8
2017-06-13 3.86 3.86 3.8 3.8
2017-09-07 4.08 4.08 4.03 4.03
