2004-09-16 6.7 6.84 6.44 6.44
2004-11-05 6.3 6.37 6.23 6.23
2005-02-02 5.4 5.46 5.16 5.16
2005-02-04 5.34 5.36 5.23 5.23
2005-02-21 5.48 5.51 5.34 5.34
2005-04-25 5.48 5.6 5.29 5.29
2005-04-28 5.7 5.82 5.52 5.52
2005-05-10 5.94 5.95 5.71 5.71
2005-05-13 5.87 5.92 5.7 5.7
2005-05-17 6.15 6.2 6.07 6.07
2005-05-25 5.93 6.04 5.91 5.91
2005-07-01 6.25 6.41 6.18 6.18
2005-07-11 6.19 6.35 6.11 6.11
2005-08-05 6.84 6.85 6.56 6.56
2005-10-11 7.5 7.52 7.22 7.22
2005-10-12 7.79 7.86 7.5 7.5
2005-10-17 7.91 7.95 7.6 7.6
2006-11-03 14.49 14.64 14.18 14.18
2006-11-30 16.09 16.6 15.49 15.49
2006-12-01 16.79 17.26 16.15 16.15
2007-02-14 24.77 25.0 24.01 24.01
2007-02-16 26.38 26.75 25.1 25.1
2007-03-02 22.69 22.9 22.31 22.31
2007-05-28 28.46 28.46 26.06 26.06
2008-11-10 16.27 16.27 15.01 15.01
2008-11-13 18.1 18.1 16.23 16.23
2008-12-08 21.27 21.5 19.8 19.8
2009-01-05 18.57 18.66 17.71 17.71
2009-01-09 18.02 18.2 17.57 17.57
2009-01-14 17.93 17.94 17.05 17.05
2009-04-14 20.3 20.7 19.9 19.9
2009-05-04 19.4 19.46 18.93 18.93
2009-05-12 18.95 18.96 18.2 18.2
2009-07-09 20.03 20.22 19.46 19.46
2009-07-15 20.57 20.79 20.37 20.37
2009-12-07 19.46 19.5 19.12 19.12
2009-12-11 20.29 20.78 19.5 19.5
2009-12-21 19.39 19.55 18.99 18.99
2009-12-23 19.25 19.3 18.61 18.61
2009-12-25 20.04 20.46 19.8 19.8
2009-12-31 20.47 20.8 20.15 20.15
2010-01-29 21.34 21.82 21.05 21.05
2010-02-08 20.73 21.2 20.41 20.41
2010-09-01 10.92 11.2 10.68 10.68
2010-10-19 11.92 12.18 11.72 11.72
2010-10-21 12.3 12.35 11.75 11.75
2010-11-04 13.2 13.35 12.83 12.83
2010-11-05 13.84 14.12 13.22 13.22
2010-11-08 14.87 14.99 14.05 14.05
2010-11-29 13.36 13.7 13.27 13.27
2010-12-07 12.45 12.58 12.18 12.18
2010-12-08 13.7 13.7 12.8 12.8
2011-06-14 16.09 16.23 15.7 15.7
2011-10-14 11.69 11.75 11.24 11.24
2011-10-19 11.93 12.3 11.19 11.19
2011-12-20 12.16 12.42 11.9 11.9
2012-03-05 12.22 12.32 12.02 12.02
2012-04-05 11.73 11.92 11.38 11.38
2012-11-16 14.15 14.39 13.3 13.3
2012-12-14 13.89 13.97 13.05 13.05
2013-04-09 12.39 12.4 11.97 11.97
2013-05-07 12.56 12.79 12.35 12.35
2013-05-24 13.62 13.72 13.35 13.35
2013-07-15 11.19 11.3 11.03 11.03
2013-07-23 13.37 13.37 12.18 12.18
2014-06-13 13.0 13.27 12.69 12.69
2015-01-21 20.42 20.77 19.89 19.89
2015-07-09 6.86 6.86 5.68 5.68
2015-07-13 8.31 8.31 8.31 8.31
2015-07-17 9.78 9.78 9.03 9.03
2015-08-14 13.89 14.55 13.45 13.45
2015-12-18 10.75 11.1 10.68 10.68
2016-02-03 7.42 7.5 7.14 7.14
2016-04-13 7.74 7.83 7.7 7.7
2016-08-02 7.0 7.0 6.95 6.95
2016-08-09 7.1 7.12 7.03 7.03
2016-08-26 7.15 7.25 7.1 7.1
2017-01-06 8.31 8.31 8.31 8.31
2017-08-14 6.97 7.02 6.81 6.81
2017-08-17 7.13 7.24 6.92 6.92
