2004-02-19 11.0 11.14 10.75 10.75
2004-03-22 10.41 10.55 10.26 10.26
2004-03-30 10.03 10.05 9.9 9.9
2004-06-08 8.85 9.05 8.81 8.81
2004-06-11 8.47 8.68 8.4 8.4
2004-06-30 8.44 8.55 8.1 8.1
2004-07-02 8.36 8.38 8.25 8.25
2004-07-15 7.4 7.58 7.24 7.24
2004-08-03 6.76 6.85 6.59 6.59
2004-08-25 5.96 6.09 5.93 5.93
2004-09-14 5.96 6.1 5.68 5.68
2004-09-20 6.85 6.86 6.45 6.45
2004-11-02 5.4 5.41 5.3 5.3
2004-12-03 5.99 6.04 5.88 5.88
2004-12-17 5.51 5.6 5.48 5.48
2004-12-21 5.48 5.72 5.42 5.42
2004-12-22 5.68 5.68 5.46 5.46
2004-12-27 5.54 5.6 5.5 5.5
2004-12-29 5.5 5.61 5.4 5.4
2005-01-05 5.45 5.5 5.38 5.38
2005-02-02 4.89 4.9 4.65 4.65
2005-02-04 4.89 4.91 4.8 4.8
2005-02-25 5.29 5.38 5.26 5.26
2005-03-21 4.8 4.89 4.77 4.77
2005-03-31 5.01 5.01 4.58 4.58
2005-04-13 5.05 5.23 5.0 5.0
2005-05-13 3.87 3.87 3.74 3.74
2005-05-16 4.01 4.2 3.9 3.9
2005-05-24 3.92 3.97 3.83 3.83
2005-05-25 3.99 4.0 3.89 3.89
2005-06-08 4.26 4.34 4.03 4.03
2005-06-23 4.15 4.19 4.11 4.11
2005-07-25 3.57 3.58 3.53 3.53
2005-08-05 3.91 3.94 3.75 3.75
2005-08-15 4.03 4.04 3.88 3.88
2005-09-01 4.2 4.22 4.07 4.07
2005-09-12 4.42 4.42 4.27 4.27
2005-10-12 4.36 4.37 4.24 4.24
2005-11-21 3.97 3.98 3.89 3.89
2005-11-24 4.03 4.18 4.0 4.0
2005-12-16 4.14 4.15 4.06 4.06
2006-01-04 3.96 3.98 3.88 3.88
2006-02-13 3.98 3.99 3.93 3.93
2006-02-14 3.99 4.01 3.97 3.97
2006-03-09 4.0 4.06 3.85 3.85
2006-10-09 3.34 3.36 3.3 3.3
2006-10-10 3.41 3.43 3.32 3.32
2006-10-16 3.68 3.81 3.53 3.53
2006-10-20 3.67 3.74 3.63 3.63
2006-11-01 3.5 3.53 3.42 3.42
2006-11-09 3.38 3.4 3.33 3.33
2006-11-27 3.31 3.39 3.14 3.14
2006-12-21 3.7 3.7 3.35 3.35
2007-01-10 3.64 3.65 3.53 3.53
2007-02-15 4.57 4.6 4.37 4.37
2007-04-20 9.3 9.48 8.97 8.97
2007-05-18 9.66 9.78 9.3 9.3
2007-06-04 9.36 9.98 9.36 9.36
2007-06-05 8.42 8.42 8.42 8.42
2007-06-18 8.32 8.5 8.08 8.08
2007-07-06 6.26 6.26 5.75 5.75
2007-07-23 6.43 6.49 6.0 6.0
2007-07-25 7.12 7.18 6.54 6.54
2007-07-30 7.34 7.55 7.18 7.18
2007-08-14 7.67 7.77 7.24 7.24
2007-11-08 7.69 7.95 7.56 7.56
2007-11-19 7.83 7.85 7.46 7.46
2007-12-24 8.91 9.09 8.81 8.81
2008-01-16 9.7 10.4 9.41 9.41
2008-02-04 7.95 7.96 7.36 7.36
2008-03-04 9.73 10.1 9.51 9.51
2008-03-18 10.29 10.6 9.49 9.49
2008-04-10 8.68 8.77 8.27 8.27
2008-04-30 9.54 9.9 8.8 8.8
2008-06-18 8.57 8.66 7.25 7.25
2008-07-28 9.81 9.81 9.81 9.81
2008-09-09 4.09 4.1 3.93 3.93
2008-09-26 4.42 4.53 4.4 4.4
2008-11-05 2.51 2.55 2.41 2.41
2008-11-07 2.58 2.67 2.45 2.45
2008-11-10 2.77 2.84 2.58 2.58
2009-01-21 4.07 4.14 4.05 4.05
2009-01-22 4.37 4.41 4.06 4.06
2009-02-03 4.58 4.65 4.37 4.37
2009-02-04 4.65 4.7 4.5 4.5
2009-02-09 5.32 5.5 5.03 5.03
2009-03-10 5.09 5.13 4.85 4.85
2009-03-16 5.18 5.22 4.96 4.96
2009-03-19 5.57 5.66 5.29 5.29
2009-04-09 6.32 6.45 6.11 6.11
2009-05-14 6.4 6.62 6.21 6.21
2009-05-15 6.44 6.58 6.35 6.35
2009-05-26 6.23 6.39 6.06 6.06
2009-06-04 6.38 6.38 6.12 6.12
2009-06-05 6.7 6.7 6.7 6.7
2009-07-09 7.39 7.39 7.39 7.39
2009-07-10 7.76 7.76 7.76 7.76
2009-07-13 8.15 8.15 8.15 8.15
2009-07-14 8.56 8.56 8.56 8.56
2009-07-15 8.99 8.99 8.99 8.99
2009-07-16 9.44 9.44 9.44 9.44
2009-07-20 9.91 9.91 9.91 9.91
2009-08-20 9.5 9.66 8.85 8.85
2009-08-21 9.96 9.97 9.43 9.43
2009-09-02 10.07 10.15 9.85 9.85
2009-09-03 10.57 10.57 10.18 10.18
2009-09-09 12.03 12.03 12.03 12.03
2009-10-13 11.65 11.84 11.28 11.28
2009-10-20 12.22 12.6 12.05 12.05
2009-10-21 12.83 12.83 12.12 12.12
2009-11-02 12.36 12.39 11.21 11.21
2009-11-06 12.58 12.8 12.5 12.5
2009-11-17 13.92 13.92 13.12 13.12
2009-11-18 14.33 14.62 14.05 14.05
2009-11-27 12.9 13.09 12.9 12.9
2009-12-02 14.01 14.01 13.38 13.38
2009-12-09 14.37 14.6 14.0 14.0
2009-12-25 13.89 13.94 13.01 13.01
2009-12-31 13.91 13.94 13.6 13.6
2010-01-18 14.21 14.21 13.5 13.5
2010-01-29 12.69 12.98 12.69 12.69
2010-02-01 13.07 13.21 12.63 12.63
2010-02-23 13.81 14.16 13.6 13.6
2010-03-19 17.05 17.2 16.81 16.81
2010-03-22 17.83 17.9 16.89 16.89
2010-03-29 18.3 18.44 17.41 17.41
2010-04-20 15.8 15.8 15.8 15.8
2010-04-21 15.23 15.48 15.01 15.01
2010-05-24 9.87 9.87 9.43 9.43
2010-05-27 11.16 11.42 10.88 10.88
2010-06-02 10.76 10.76 10.0 10.0
2010-06-04 10.71 10.89 10.4 10.4
2010-07-01 9.7 10.11 9.6 9.6
2010-07-12 10.16 10.32 9.78 9.78
2010-07-28 10.72 10.82 10.32 10.32
2010-08-31 11.14 11.29 10.8 10.8
2010-09-20 10.3 10.46 10.17 10.17
2010-11-03 10.08 10.08 9.56 9.56
2010-12-13 9.35 9.39 9.15 9.15
2010-12-14 9.4 9.41 9.31 9.31
2010-12-15 9.34 9.46 9.31 9.31
2011-03-28 9.73 9.88 9.66 9.66
2011-03-31 9.61 9.7 9.46 9.46
2011-04-18 10.82 10.82 10.3 10.3
2011-04-27 10.84 11.13 10.6 10.6
2011-05-09 11.52 11.7 11.5 11.5
2011-05-31 12.41 12.6 12.22 12.22
2011-06-13 9.06 9.09 8.6 8.6
2011-06-29 9.87 9.87 9.3 9.3
2011-07-04 11.24 11.24 10.65 10.65
2011-07-06 12.39 12.39 11.93 11.93
2011-07-11 11.74 11.74 11.74 11.74
2011-07-12 11.15 11.15 11.15 11.15
2011-07-25 12.83 12.83 12.83 12.83
2011-08-23 13.4 13.95 13.11 13.11
2011-09-05 16.81 16.81 15.61 15.61
2011-09-14 18.7 18.7 17.53 17.53
2011-09-26 17.69 18.3 17.21 17.21
2011-09-27 18.57 18.57 17.81 17.81
2011-10-24 17.31 17.31 16.25 16.25
2011-11-23 17.31 17.47 16.42 16.42
2011-11-30 18.18 18.88 17.71 17.71
2011-12-22 16.67 16.98 16.25 16.25
2012-01-05 16.84 17.56 16.05 16.05
2012-01-09 18.08 18.46 17.25 17.25
2012-01-17 18.02 18.09 16.79 16.79
2012-03-01 23.96 24.24 22.31 22.31
2012-04-05 23.8 23.8 21.67 21.67
2012-04-13 24.66 25.15 24.0 24.0
2012-04-18 24.16 24.36 23.41 23.41
2012-05-16 15.78 16.27 15.7 15.7
2012-05-23 16.09 16.1 15.46 15.46
2012-05-25 16.51 16.64 16.2 16.2
2012-05-30 17.59 18.06 17.35 17.35
2012-06-04 17.08 17.57 16.93 16.93
2012-06-29 18.09 18.28 17.26 17.26
2012-07-24 17.81 18.12 17.52 17.52
2012-07-30 16.91 17.33 16.81 16.81
2012-08-09 18.69 19.0 17.82 17.82
2012-09-03 17.29 17.48 16.52 16.52
2012-09-27 17.31 17.4 17.0 17.0
2012-10-09 18.1 18.42 17.93 17.93
2012-10-16 18.1 18.25 17.78 17.78
2012-10-18 19.21 19.5 18.08 18.08
2012-11-19 21.58 21.6 20.89 20.89
2012-11-23 21.49 21.88 21.1 21.1
2012-11-26 21.54 21.68 21.31 21.31
2012-12-20 24.63 24.67 23.86 23.86
2012-12-28 27.28 27.9 26.49 26.49
2013-02-22 25.43 26.0 24.8 24.8
2013-02-27 24.79 24.9 24.4 24.4
2013-02-28 25.72 26.02 24.87 24.87
2013-03-05 23.32 23.39 22.78 22.78
2013-04-01 25.23 25.75 23.8 23.8
2013-04-09 26.23 26.32 24.92 24.92
2013-04-17 27.25 27.31 26.53 26.53
2013-04-24 26.29 26.7 25.39 25.39
2013-05-22 32.02 32.44 30.77 30.77
2013-05-29 35.01 36.65 33.8 33.8
2013-06-03 34.5 35.63 33.64 33.64
2013-06-14 30.33 30.55 29.71 29.71
2013-06-18 31.72 31.85 30.0 30.0
2013-06-26 29.98 30.5 29.62 29.62
2013-06-27 31.48 31.69 30.4 30.4
2013-06-28 32.54 33.97 31.63 31.63
2013-07-04 34.32 35.1 33.65 33.65
2013-07-05 35.26 36.49 34.45 34.45
2013-07-11 36.18 36.74 34.68 34.68
2013-07-22 33.26 33.9 32.85 32.85
2013-08-01 34.39 34.9 33.21 33.21
2013-08-20 37.47 38.1 37.04 37.04
2013-10-10 25.17 25.17 23.05 23.05
2013-10-28 23.31 23.58 22.7 22.7
2013-10-31 23.5 24.68 23.04 23.04
2013-12-12 20.81 20.95 20.33 20.33
2013-12-17 22.25 22.4 20.98 20.98
2014-03-20 23.43 24.55 23.11 23.11
2014-03-31 27.84 28.16 26.51 26.51
2014-04-02 31.02 31.1 28.39 28.39
2014-05-14 26.73 27.33 26.32 26.32
2014-05-22 25.85 26.3 23.8 23.8
2014-06-03 26.41 27.06 26.4 26.4
2014-06-16 26.97 27.2 26.36 26.36
2014-06-23 25.27 25.56 25.0 25.0
2014-06-26 25.2 25.4 24.9 24.9
2014-07-11 24.84 25.2 24.51 24.51
2014-08-08 26.81 26.96 26.72 26.72
2014-08-27 25.62 25.94 25.46 25.46
2014-09-23 25.41 25.78 25.08 25.08
2014-09-30 25.23 25.35 25.0 25.0
2014-10-28 25.0 25.22 24.77 24.77
2014-11-03 26.74 26.81 25.72 25.72
2014-11-12 29.5 29.5 28.5 28.5
2014-12-01 36.62 37.74 35.5 35.5
2014-12-25 36.78 36.85 33.6 33.6
2015-01-05 44.76 46.78 43.5 43.5
2015-01-13 44.08 45.9 43.0 43.0
2015-01-15 47.05 48.0 44.0 44.0
2015-01-20 49.97 50.61 45.37 45.37
2015-03-18 49.28 49.59 46.5 46.5
2015-06-05 28.63 28.99 27.65 27.65
2015-08-07 29.07 29.3 27.91 27.91
2015-10-15 24.79 25.0 23.31 23.31
2015-11-04 25.39 25.45 24.42 24.42
2015-12-10 27.37 27.88 26.78 26.78
2015-12-14 28.48 28.8 27.05 27.05
2015-12-17 31.91 32.2 29.95 29.95
2016-01-05 28.46 29.22 27.2 27.2
2016-01-12 28.01 28.5 27.3 27.3
2016-01-19 26.45 27.0 25.22 25.22
2016-01-29 22.54 22.69 21.75 21.75
2016-02-16 23.56 23.65 23.02 23.02
2016-03-14 23.96 24.41 23.71 23.71
2016-04-05 24.84 24.88 24.18 24.18
2016-04-11 24.91 24.95 24.55 24.55
2016-05-23 25.17 25.71 23.8 23.8
2016-05-31 24.7 24.78 23.85 23.85
2016-06-30 24.38 24.5 24.27 24.27
2016-07-15 27.01 27.2 25.94 25.94
2016-07-29 25.6 25.83 25.3 25.3
2016-08-15 27.71 27.88 26.85 26.85
2016-08-22 26.42 26.97 26.11 26.11
2016-09-02 26.42 26.55 26.1 26.1
2016-09-19 27.08 27.13 26.51 26.51
2016-09-22 28.44 29.2 27.92 27.92
2016-10-25 27.73 27.81 27.53 27.53
2017-01-09 24.74 24.82 24.2 24.2
2017-01-20 24.38 24.55 24.11 24.11
2017-02-16 25.75 25.96 25.51 25.51
2017-03-01 26.05 26.22 25.6 25.6
2017-03-10 26.93 27.18 26.41 26.41
2017-03-27 26.64 27.13 26.62 26.62
2017-04-05 29.99 29.99 29.99 29.99
2017-04-06 32.99 32.99 32.99 32.99
2017-04-07 36.29 36.29 36.29 36.29
2017-04-10 39.92 39.92 39.92 39.92
2017-05-02 37.62 37.94 36.41 36.41
2017-05-23 31.96 33.57 31.11 31.11
2017-06-29 34.0 34.32 33.85 33.85
2017-08-08 31.99 32.65 31.86 31.86
2017-08-14 32.18 32.2 31.51 31.51
