1998-08-20 15.19 15.34 14.7 14.7
1998-09-04 16.97 17.01 16.5 16.5
1998-11-10 19.99 20.02 19.5 19.5
1998-11-11 20.1 20.15 19.7 19.7
1999-01-08 19.3 19.4 18.9 18.9
1999-01-27 18.5 19.91 18.0 18.0
1999-03-11 17.72 17.88 17.3 17.3
1999-04-29 17.45 17.5 17.34 17.34
1999-05-17 10.45 10.45 10.21 10.21
1999-06-11 20.94 20.94 19.48 19.48
1999-06-30 19.04 20.5 19.04 19.04
1999-07-23 16.65 16.75 16.09 16.09
1999-07-26 17.07 17.19 16.3 16.3
1999-08-09 18.18 18.3 18.0 18.0
1999-09-09 18.68 18.9 17.5 17.5
1999-09-10 18.85 19.76 18.57 18.57
1999-09-14 19.05 19.11 18.6 18.6
1999-11-15 17.02 17.2 17.0 17.0
1999-11-22 17.2 17.25 17.0 17.0
1999-11-23 17.88 17.88 17.15 17.15
2000-01-06 17.8 17.8 16.8 16.8
2000-01-07 18.18 18.3 17.6 17.6
2000-02-25 24.4 25.0 23.6 23.6
2000-03-20 23.98 23.98 23.08 23.08
2000-03-27 25.8 26.5 24.35 24.35
2000-04-06 24.8 25.0 24.55 24.55
2000-06-29 23.14 23.2 22.4 22.4
2000-07-07 22.18 22.5 21.6 21.6
2000-10-18 16.81 16.9 16.5 16.5
2000-11-21 18.15 18.4 18.08 18.08
2000-11-28 18.13 18.2 17.8 17.8
2000-11-30 18.38 18.5 18.03 18.03
2000-12-06 18.81 19.3 18.18 18.18
2001-05-29 18.3 18.5 18.3 18.3
2001-05-30 18.63 18.73 18.3 18.3
2001-06-28 21.18 21.39 20.6 20.6
2001-08-01 21.0 21.0 19.88 19.88
2001-09-11 20.3 20.55 19.7 19.7
2001-09-28 19.8 19.8 19.26 19.26
2001-10-08 19.78 19.89 19.5 19.5
2001-10-15 19.54 19.7 19.3 19.3
2001-10-17 19.29 19.44 19.06 19.06
2001-11-02 17.6 18.0 17.3 17.3
2001-11-12 17.8 18.0 17.4 17.4
2002-05-10 17.34 17.37 16.9 16.9
2002-06-04 15.98 16.04 15.68 15.68
2002-06-17 15.74 15.85 15.6 15.6
2002-06-21 16.34 16.58 15.7 15.7
2002-06-27 16.62 17.29 16.31 16.31
2002-06-28 16.68 17.15 16.5 16.5
2002-08-09 14.76 14.99 14.17 14.17
2002-08-28 14.64 14.76 14.48 14.48
2002-12-27 10.13 10.29 9.92 9.92
2003-01-16 11.17 11.18 10.85 10.85
2003-01-21 11.32 11.6 11.3 11.3
2003-01-22 11.77 11.94 11.3 11.3
2003-03-21 10.72 10.83 10.58 10.58
2003-08-01 10.3 10.33 10.2 10.2
2003-08-18 10.43 10.47 10.35 10.35
2003-11-17 9.8 9.8 9.68 9.68
2003-12-02 9.83 10.12 9.59 9.59
2003-12-04 10.02 10.1 9.7 9.7
2003-12-10 10.32 10.42 10.25 10.25
2003-12-12 10.5 10.51 10.3 10.3
2003-12-17 10.4 10.44 10.26 10.26
2004-01-06 11.0 11.2 10.9 10.9
2004-01-13 11.37 11.5 11.1 11.1
2004-04-01 10.15 10.15 10.05 10.05
2004-04-06 10.34 10.38 10.2 10.2
2004-05-12 8.99 8.99 8.64 8.64
2004-08-18 8.56 8.67 8.2 8.2
2004-08-24 8.32 8.39 8.16 8.16
2004-11-03 7.29 7.37 7.0 7.0
2004-11-10 7.18 7.25 6.98 6.98
2005-01-05 6.3 6.35 6.24 6.24
2005-04-13 5.02 5.08 4.65 4.65
2005-06-08 4.42 4.46 4.14 4.14
2005-07-21 3.34 3.36 3.26 3.26
2005-07-22 3.42 3.52 3.4 3.4
2005-07-26 3.39 3.43 3.32 3.32
2005-08-01 3.56 3.57 3.48 3.48
2005-08-29 4.34 4.35 4.23 4.23
2005-08-31 4.5 4.53 4.26 4.26
2005-11-24 4.18 4.24 4.14 4.14
2005-11-25 4.21 4.22 4.16 4.16
2005-12-01 4.33 4.39 4.26 4.26
2005-12-26 4.44 4.53 4.4 4.4
2005-12-28 4.5 4.52 4.47 4.47
2005-12-29 4.63 4.68 4.48 4.48
2006-01-04 4.77 4.78 4.64 4.64
2006-10-24 5.07 5.12 4.77 4.77
2006-12-15 4.63 4.66 4.57 4.57
2007-01-09 5.4 5.56 5.16 5.16
2007-03-30 7.65 7.73 7.51 7.51
2007-04-20 9.24 9.33 8.75 8.75
2007-05-10 9.41 9.55 8.72 8.72
2007-05-30 13.05 13.78 13.05 13.05
2007-06-05 8.76 8.9 8.57 8.57
2007-10-08 8.79 8.79 8.11 8.11
2007-12-11 10.59 11.2 9.58 9.58
2008-02-18 10.69 10.97 10.21 10.21
2008-03-10 11.12 11.12 10.25 10.25
2008-04-01 9.69 9.69 9.69 9.69
2008-04-02 8.72 8.72 8.72 8.72
2008-04-03 8.34 8.77 7.85 7.85
2008-04-07 8.64 8.66 7.62 7.62
2008-06-30 4.96 4.96 4.96 4.96
2008-07-01 4.71 4.71 4.71 4.71
2008-07-02 4.47 4.47 4.47 4.47
2008-07-03 4.25 4.25 4.25 4.25
2008-07-04 4.04 4.04 4.04 4.04
2008-07-08 3.95 4.05 3.84 3.84
2008-07-15 4.12 4.2 4.0 4.0
2008-07-21 3.89 3.9 3.72 3.72
2008-07-24 3.98 4.0 3.87 3.87
2008-09-19 2.01 2.01 2.01 2.01
2008-09-23 1.95 1.98 1.95 1.95
2008-09-24 1.85 1.85 1.85 1.85
2008-09-25 1.87 1.93 1.82 1.82
2008-10-20 2.36 2.36 2.36 2.36
2008-10-21 2.45 2.48 2.25 2.25
2008-10-22 2.33 2.36 2.33 2.33
2008-10-23 2.21 2.21 2.21 2.21
2008-10-24 2.1 2.26 2.1 2.1
2008-11-03 2.1 2.1 2.1 2.1
2009-04-21 2.37 2.37 2.37 2.37
2009-04-22 2.49 2.49 2.49 2.49
2009-05-26 2.74 2.74 2.74 2.74
2009-05-27 2.88 2.88 2.88 2.88
2009-06-01 3.02 3.02 3.02 3.02
2009-06-02 3.17 3.17 3.17 3.17
2009-06-03 3.33 3.33 3.33 3.33
2009-06-08 3.5 3.5 3.5 3.5
2009-06-09 3.68 3.68 3.68 3.68
2009-06-10 3.86 3.86 3.86 3.86
2009-06-11 4.05 4.05 4.05 4.05
2009-06-12 4.25 4.25 4.25 4.25
2009-06-15 4.46 4.46 4.46 4.46
2009-06-16 4.68 4.68 4.68 4.68
2009-06-17 4.91 4.91 4.91 4.91
2009-06-18 5.16 5.16 5.16 5.16
2009-06-19 5.42 5.42 5.42 5.42
2009-06-24 5.69 5.69 5.69 5.69
2009-06-25 5.97 5.97 5.97 5.97
2009-06-26 6.27 6.27 6.27 6.27
2009-06-29 6.58 6.58 6.58 6.58
2009-06-30 6.91 6.91 6.91 6.91
2009-07-01 7.26 7.26 7.26 7.26
2009-07-02 7.62 7.62 7.62 7.62
2009-07-03 8.0 8.0 8.0 8.0
2009-07-06 8.4 8.4 8.4 8.4
2009-07-10 8.8 9.09 8.8 8.8
2009-07-13 8.36 8.36 8.36 8.36
2009-07-14 8.29 8.58 7.94 7.94
2009-08-19 6.22 6.67 6.22 6.22
2009-10-09 5.85 5.86 5.7 5.7
2009-10-12 6.14 6.14 5.81 5.81
2009-10-16 7.47 7.47 7.47 7.47
2009-10-19 7.84 7.84 7.84 7.84
2009-10-20 8.23 8.23 8.23 8.23
2009-11-30 7.44 7.5 7.15 7.15
2009-12-15 7.1 7.35 7.0 7.0
2009-12-21 6.51 6.51 6.14 6.14
2010-01-08 6.57 6.7 6.37 6.37
2010-05-18 5.2 5.32 5.19 5.19
2010-06-28 5.58 5.58 5.32 5.32
2010-08-05 6.35 6.39 6.11 6.11
2010-08-09 6.73 6.74 6.45 6.45
2010-09-03 6.34 6.39 6.3 6.3
2010-09-20 6.7 6.78 6.46 6.46
2010-09-29 6.99 7.11 6.77 6.77
2010-12-06 8.46 8.75 8.4 8.4
2010-12-07 8.55 8.66 8.41 8.41
2010-12-31 7.82 7.96 7.62 7.62
2011-01-14 8.64 8.76 8.46 8.46
2011-01-18 8.03 8.15 7.96 7.96
2011-01-21 7.8 7.94 7.67 7.67
2011-01-28 7.84 7.84 7.41 7.41
2011-04-01 11.03 11.03 10.51 10.51
2011-04-06 11.58 11.58 11.36 11.36
2011-04-21 12.75 12.75 12.75 12.75
2011-04-22 12.11 12.11 12.11 12.11
2011-04-26 11.61 12.39 11.5 11.5
2011-05-24 10.17 10.17 10.17 10.17
2011-07-04 9.16 9.16 8.72 8.72
2011-07-08 10.22 10.27 9.71 9.71
2011-07-13 9.71 9.98 9.11 9.11
2011-12-29 8.29 8.29 8.29 8.29
2011-12-30 7.88 7.88 7.88 7.88
2012-01-04 7.49 7.49 7.49 7.49
2012-01-05 7.12 7.12 7.12 7.12
2012-01-06 6.76 6.76 6.76 6.76
2012-01-09 6.62 7.1 6.42 6.42
2012-01-16 6.33 6.47 6.33 6.33
2012-01-17 6.3 6.47 6.01 6.01
2012-01-20 5.97 5.97 5.69 5.69
2012-02-01 6.91 6.91 6.91 6.91
2012-02-03 7.62 7.62 7.5 7.5
2012-02-06 8.0 8.0 8.0 8.0
2012-02-08 8.15 8.39 8.0 8.0
2012-02-24 9.04 9.04 9.04 9.04
2012-03-12 9.58 9.78 9.36 9.36
2012-03-19 9.04 9.04 8.61 8.61
2012-03-20 9.26 9.47 9.1 9.1
2012-04-25 9.08 9.16 8.91 8.91
2012-05-11 9.28 9.38 8.85 8.85
2012-05-16 9.36 9.51 9.1 9.1
2012-06-13 8.6 8.62 8.48 8.48
2012-06-19 8.25 8.44 8.12 8.12
2012-07-30 6.9 6.9 6.9 6.9
2012-07-31 6.56 6.78 6.56 6.56
2012-08-01 6.39 6.56 6.25 6.25
2012-08-07 6.9 6.9 6.61 6.61
2012-08-20 8.0 8.0 7.58 7.58
2012-08-23 8.63 8.63 8.13 8.13
2013-01-14 8.37 8.38 8.02 8.02
2013-01-21 8.81 8.84 8.58 8.58
2013-07-26 7.8 7.8 7.39 7.39
2013-08-20 9.21 9.21 8.32 8.32
2013-09-23 10.65 10.88 10.2 10.2
2014-01-28 12.57 12.57 11.4 11.4
2014-05-28 11.39 11.47 11.16 11.16
2014-09-29 12.77 12.95 12.65 12.65
2014-12-10 12.28 12.33 11.83 11.83
2015-07-14 24.0 24.0 24.0 24.0
2015-07-17 26.03 26.07 23.71 23.71
2015-07-20 27.8 28.0 26.18 26.18
2015-09-18 18.31 18.88 17.68 17.68
2015-09-23 21.84 22.47 20.14 20.14
2015-12-17 25.34 25.45 24.71 24.71
2015-12-25 23.67 24.0 23.18 23.18
2016-02-18 15.97 16.15 15.49 15.49
2016-04-13 18.26 18.27 16.95 16.95
2016-05-20 13.87 13.94 13.6 13.6
2017-01-25 12.98 13.05 12.85 12.85
2017-03-23 14.18 14.25 13.85 13.85
2017-03-24 14.46 14.68 14.07 14.07
