1993-12-23 10.27 10.39 10.2 10.2
1993-12-30 9.65 9.8 9.5 9.5
1993-12-31 9.94 9.99 9.65 9.65
1994-01-07 11.15 11.36 10.9 10.9
1994-02-02 9.94 9.98 9.8 9.8
1994-02-03 10.15 10.32 10.0 10.0
1994-02-17 9.95 10.0 9.9 9.9
1994-02-22 9.9 10.01 9.65 9.65
1994-04-26 9.6 9.65 8.9 8.9
1994-05-13 9.3 9.32 9.01 9.01
1994-07-08 7.1 7.26 6.82 6.82
1994-08-05 9.26 9.48 8.0 8.0
1994-09-06 16.2 16.5 14.0 14.0
1994-10-24 16.0 16.0 14.9 14.9
1994-11-24 13.94 14.0 13.79 13.79
1994-11-29 14.1 14.2 13.7 13.7
1995-01-11 14.4 14.6 14.31 14.31
1995-01-16 13.85 13.95 13.7 13.7
1995-01-23 13.5 13.98 13.3 13.3
1995-01-27 13.88 13.88 13.4 13.4
1995-02-08 13.0 13.0 12.8 12.8
1995-02-13 12.91 13.1 12.8 12.8
1995-03-17 14.35 14.5 13.85 13.85
1995-03-23 14.85 14.99 14.59 14.59
1995-03-27 15.08 15.09 14.6 14.6
1995-03-31 15.16 15.2 14.7 14.7
1995-04-06 15.3 15.3 15.0 15.0
1995-04-07 15.6 15.9 15.35 15.35
1995-04-10 15.68 15.75 15.5 15.5
1995-04-12 15.2 15.4 15.0 15.0
1995-04-18 14.85 15.0 14.8 14.8
1995-04-20 15.58 15.65 15.1 15.1
1995-04-24 15.05 15.25 14.6 14.6
1995-06-26 15.91 15.98 15.75 15.75
1995-10-25 14.68 14.89 14.48 14.48
1995-11-02 13.65 13.69 13.6 13.6
1995-11-07 14.26 14.28 14.11 14.11
1995-11-10 14.68 14.95 14.32 14.32
1995-11-14 15.24 15.4 14.85 14.85
1996-01-08 6.74 6.8 6.62 6.62
1996-01-09 7.0 7.05 6.75 6.75
1996-01-16 6.86 7.0 6.8 6.8
1996-01-23 6.5 6.57 6.41 6.41
1996-02-13 6.83 6.85 6.73 6.73
1996-02-14 6.9 7.01 6.8 6.8
1996-02-15 7.03 7.1 6.81 6.81
1996-02-16 7.4 7.45 7.18 7.18
1996-03-04 8.26 8.39 7.8 7.8
1996-03-28 7.74 7.8 7.72 7.72
1996-04-04 8.4 8.45 8.3 8.3
1996-04-12 8.94 9.12 8.91 8.91
1996-05-20 9.9 10.2 9.65 9.65
1996-05-28 8.9 8.98 8.7 8.7
1996-07-19 8.91 8.95 8.0 8.0
1996-08-27 9.3 9.3 8.51 8.51
1996-10-08 9.47 9.5 9.25 9.25
1996-12-17 7.85 8.47 7.85 7.85
1996-12-25 8.25 8.4 8.0 8.0
1997-01-29 9.48 9.66 8.79 8.79
1997-02-19 9.58 9.58 8.89 8.89
1997-02-20 9.36 9.45 8.62 8.62
1997-04-04 12.3 12.48 12.0 12.0
1997-04-14 13.1 13.49 13.0 13.0
1997-05-22 12.22 12.89 12.22 12.22
1997-09-04 9.25 9.35 9.13 9.13
1997-12-02 7.75 7.8 7.62 7.62
1997-12-04 7.92 7.95 7.75 7.75
1997-12-05 7.81 8.01 7.48 7.48
1997-12-10 7.75 7.85 7.51 7.51
1997-12-15 7.66 7.77 7.57 7.57
1997-12-16 7.98 8.0 7.66 7.66
1997-12-19 8.79 8.88 8.35 8.35
1998-07-08 9.2 9.3 9.15 9.15
1998-07-13 10.0 10.13 9.45 9.45
1999-03-01 12.1 12.25 11.66 11.66
1999-03-04 12.58 12.75 12.35 12.35
1999-04-01 12.56 12.58 12.4 12.4
1999-04-02 12.6 12.61 12.2 12.2
1999-05-04 12.65 12.7 12.18 12.18
1999-05-12 12.59 12.67 12.48 12.48
1999-05-14 12.55 12.67 12.5 12.5
1999-05-20 13.24 13.36 12.78 12.78
1999-05-24 14.18 14.38 13.15 13.15
1999-05-27 15.8 15.8 14.45 14.45
1999-07-16 13.24 13.5 13.1 13.1
1999-07-20 14.01 14.01 13.11 13.11
1999-07-23 13.69 13.95 13.45 13.45
1999-08-17 14.58 14.67 14.28 14.28
1999-08-18 15.25 15.25 14.54 14.54
1999-09-02 15.18 15.35 14.7 14.7
1999-09-09 15.45 15.58 15.05 15.05
1999-11-19 13.11 13.27 13.08 13.08
1999-11-25 12.82 13.18 12.81 12.81
1999-11-30 12.81 13.02 12.6 12.6
1999-12-01 13.01 13.15 13.0 13.0
1999-12-03 13.5 13.67 13.21 13.21
1999-12-08 13.93 13.93 12.93 12.93
2000-01-07 13.96 13.99 13.55 13.55
2000-03-17 12.82 13.0 12.55 12.55
2000-03-27 13.03 13.08 12.88 12.88
2000-03-30 13.4 13.4 13.18 13.18
2000-04-19 13.5 13.7 13.2 13.2
2000-04-20 14.64 14.85 13.5 13.5
2000-05-16 13.48 13.68 13.21 13.21
2000-06-02 14.8 15.03 14.52 14.52
2000-06-16 14.7 14.88 14.52 14.52
2000-08-08 15.6 15.75 15.34 15.34
2000-08-15 15.7 15.8 15.25 15.25
2000-08-18 16.23 16.24 15.75 15.75
2000-12-21 16.92 17.18 16.3 16.3
2001-03-12 14.97 15.18 14.84 14.84
2001-04-18 16.79 16.92 16.5 16.5
2001-04-24 17.38 17.83 17.14 17.14
2001-06-25 19.4 19.4 19.0 19.0
2001-06-27 19.32 19.39 19.1 19.1
2001-08-01 17.38 17.4 16.5 16.5
2001-08-07 17.5 17.66 16.8 16.8
2002-03-19 14.76 14.99 14.28 14.28
2002-03-25 14.43 14.63 14.36 14.36
2002-04-29 14.8 14.93 14.55 14.55
2002-07-19 14.23 14.35 13.91 13.91
2002-08-14 13.54 13.56 13.48 13.48
2002-09-03 13.66 13.78 13.61 13.61
2002-09-16 13.21 13.38 13.18 13.18
2002-09-18 13.33 13.35 13.26 13.26
2002-10-21 12.08 12.08 11.8 11.8
2002-10-28 12.18 12.42 12.05 12.05
2002-10-29 12.34 12.37 12.1 12.1
2002-12-16 13.38 13.39 13.07 13.07
2002-12-20 13.44 13.45 13.21 13.21
2003-03-24 13.75 13.78 13.63 13.63
2003-05-14 12.18 12.2 12.03 12.03
2003-05-16 12.48 12.8 12.39 12.39
2003-05-19 12.59 12.65 12.48 12.48
2003-05-21 12.3 12.45 12.22 12.22
2003-06-11 10.28 10.3 10.2 10.2
2003-08-14 10.14 10.3 10.08 10.08
2003-08-18 10.1 10.28 10.1 10.1
2003-08-21 10.12 10.2 10.0 10.0
2003-11-20 7.18 7.18 6.9 6.9
2003-11-25 7.64 7.7 7.39 7.39
2003-12-05 7.5 7.5 7.2 7.2
2004-02-17 8.44 8.45 8.25 8.25
2004-03-10 7.92 7.94 7.75 7.75
2004-03-15 8.09 8.17 7.84 7.84
2004-08-20 5.14 5.18 5.0 5.0
2005-01-04 4.43 4.59 4.4 4.4
2005-01-10 4.55 4.61 4.47 4.47
2005-01-24 4.7 4.8 4.55 4.55
2005-01-27 4.92 5.1 4.8 4.8
2005-02-02 4.87 4.87 4.46 4.46
2005-04-13 4.73 4.82 4.65 4.65
2005-05-13 4.02 4.03 3.96 3.96
2005-05-17 4.02 4.07 3.97 3.97
2005-08-05 2.94 2.95 2.86 2.86
2005-08-10 3.39 3.45 3.25 3.25
2005-08-15 3.65 3.77 3.53 3.53
2005-10-11 3.27 3.28 3.15 3.15
2006-10-30 3.8 3.81 3.71 3.71
2006-11-03 3.81 3.86 3.78 3.78
2006-12-07 3.76 3.86 3.74 3.74
2006-12-11 3.61 3.63 3.5 3.5
2007-02-12 4.77 4.8 4.68 4.68
2007-04-20 7.86 7.98 7.51 7.51
2007-07-02 7.61 7.65 7.05 7.05
2007-12-03 8.2 8.2 8.2 8.2
2007-12-04 9.02 9.02 9.02 9.02
2007-12-05 9.11 9.92 8.22 8.22
2008-07-02 5.6 5.77 5.5 5.5
2008-08-20 9.14 9.14 8.2 8.2
2008-11-13 5.21 5.4 4.88 4.88
2008-11-19 5.61 5.61 5.1 5.1
2008-11-20 6.17 6.17 5.75 5.75
2009-02-24 9.22 9.8 8.71 8.71
2010-05-04 9.29 9.6 9.19 9.19
2010-05-25 8.67 9.2 8.59 8.59
2010-07-19 8.5 8.64 8.22 8.22
2010-07-27 8.77 8.96 8.68 8.68
2010-10-11 8.88 8.89 8.68 8.68
2011-05-13 8.38 8.58 7.83 7.83
2012-07-25 5.93 6.03 5.89 5.89
2012-09-27 5.1 5.18 4.91 4.91
2012-10-09 5.32 5.33 5.17 5.17
2012-10-22 5.61 5.69 5.28 5.28
2012-12-14 5.86 5.99 5.66 5.66
2013-02-25 6.54 6.6 6.43 6.43
2013-12-04 8.85 9.06 8.5 8.5
2013-12-10 9.32 9.78 9.19 9.19
2013-12-31 8.31 8.37 8.15 8.15
2014-01-28 7.63 7.71 7.53 7.53
2014-06-30 8.71 8.88 8.63 8.63
2014-12-08 11.34 11.65 11.27 11.27
2015-02-26 11.65 11.8 11.14 11.14
2015-03-04 12.24 12.44 11.91 11.91
2015-03-12 13.19 13.87 13.03 13.03
2015-04-22 15.29 15.33 14.82 14.82
2015-07-03 15.26 15.99 15.26 15.26
2015-07-07 12.36 12.36 12.36 12.36
2015-07-08 11.12 11.12 11.12 11.12
2015-07-09 12.23 12.23 10.01 10.01
2015-07-16 11.79 12.8 11.05 11.05
2015-08-28 11.7 11.7 10.7 10.7
2015-09-07 10.08 10.58 9.34 9.34
2015-09-11 12.69 12.69 11.53 11.53
2015-09-16 12.27 12.27 11.25 11.25
2016-05-17 13.07 13.21 12.9 12.9
2016-05-23 12.97 13.14 12.68 12.68
2016-05-31 13.16 13.22 12.68 12.68
2016-11-16 16.89 17.12 16.33 16.33
2017-01-23 19.23 19.77 18.95 18.95
2017-03-21 17.87 17.89 17.43 17.43
2017-06-16 13.31 13.48 13.23 13.23
2017-07-27 13.66 13.87 13.34 13.34
2017-08-01 13.56 13.72 13.37 13.37
2017-08-09 13.66 13.68 13.44 13.44
