2004-11-18 4.25 4.27 4.19 4.19
2004-11-22 4.3 4.35 4.26 4.26
2004-12-22 4.09 4.09 3.97 3.97
2004-12-24 4.03 4.04 3.98 3.98
2005-03-07 4.25 4.3 4.15 4.15
2005-09-07 3.64 3.66 3.43 3.43
2005-09-26 3.47 3.48 3.4 3.4
2005-09-29 3.46 3.49 3.35 3.35
2005-10-10 3.49 3.52 3.45 3.45
2005-10-11 3.62 3.63 3.48 3.48
2005-10-18 3.23 3.25 3.19 3.19
2005-11-21 3.1 3.14 3.08 3.08
2005-11-23 3.07 3.09 3.01 3.01
2005-11-25 3.09 3.13 3.05 3.05
2005-12-01 3.06 3.08 2.98 2.98
2005-12-08 3.18 3.21 3.1 3.1
2005-12-16 3.33 3.35 3.25 3.25
2005-12-23 3.42 3.46 3.33 3.33
2005-12-26 3.46 3.55 3.42 3.42
2006-05-08 4.39 4.43 4.18 4.18
2006-06-16 4.87 4.87 4.8 4.8
2006-08-18 4.17 4.22 4.16 4.16
2006-08-28 4.37 4.37 4.22 4.22
2006-09-04 4.32 4.34 4.26 4.26
2006-09-18 4.64 4.7 4.58 4.58
2006-09-26 4.74 4.77 4.63 4.63
2006-09-27 4.79 4.83 4.74 4.74
2006-10-24 4.65 4.68 4.52 4.52
2007-01-29 5.19 5.19 5.03 5.03
2007-03-15 6.04 6.1 5.62 5.62
2007-03-30 6.34 6.49 6.21 6.21
2007-04-23 8.11 8.14 7.81 7.81
2007-05-28 9.42 9.47 9.25 9.25
2007-07-23 6.77 6.79 6.43 6.43
2007-07-26 7.57 7.69 7.4 7.4
2008-02-04 7.9 7.93 7.45 7.45
2008-08-19 4.48 4.53 4.41 4.41
2009-02-03 4.32 4.32 4.23 4.23
2009-03-27 4.88 5.06 4.78 4.78
2009-09-14 4.95 4.96 4.88 4.88
2009-09-17 5.31 5.37 5.19 5.19
2010-01-29 6.31 6.47 6.21 6.21
2010-07-22 6.06 6.18 5.95 5.95
2010-10-15 6.32 6.33 6.09 6.09
2011-04-07 5.6 5.65 5.58 5.58
2011-10-27 3.92 3.94 3.9 3.9
2011-12-30 3.35 3.37 3.32 3.32
2012-03-08 3.61 3.62 3.58 3.58
2012-03-13 3.68 3.68 3.62 3.62
2012-10-08 2.8 2.83 2.79 2.79
2012-10-09 2.84 2.85 2.8 2.8
2012-10-24 2.94 2.97 2.88 2.88
2012-12-19 2.91 2.94 2.89 2.89
2012-12-25 2.94 2.96 2.89 2.89
2013-02-28 3.6 3.62 3.49 3.49
2013-08-02 2.94 2.95 2.92 2.92
2013-08-08 2.98 3.02 2.95 2.95
2013-08-14 3.06 3.09 3.04 3.04
2014-01-23 3.01 3.03 2.99 2.99
2014-01-24 3.01 3.05 3.0 3.0
2014-01-29 2.98 2.98 2.96 2.96
2014-02-10 3.02 3.05 2.96 2.96
2014-02-11 3.04 3.05 3.01 3.01
2014-02-14 3.05 3.06 3.01 3.01
2014-02-17 3.09 3.1 3.04 3.04
2014-02-20 3.08 3.15 3.05 3.05
2014-04-08 3.07 3.09 3.06 3.06
2014-04-11 3.15 3.17 3.11 3.11
2014-07-28 2.48 2.5 2.44 2.44
2014-08-19 2.59 2.6 2.56 2.56
2014-09-02 2.63 2.64 2.59 2.59
2014-09-04 2.9 2.9 2.78 2.78
2014-09-26 2.99 3.0 2.92 2.92
2014-10-22 2.98 3.0 2.96 2.96
2014-10-24 2.91 2.95 2.89 2.89
2014-10-28 2.96 2.96 2.89 2.89
2014-10-31 3.42 3.5 3.23 3.23
2014-11-10 3.94 3.94 3.67 3.67
2015-04-07 5.9 5.9 5.9 5.9
2015-04-10 7.85 7.85 7.15 7.15
2015-04-14 9.5 9.5 9.16 9.16
2015-07-09 5.2 5.2 4.26 4.26
2015-07-13 6.29 6.29 5.95 5.95
2015-07-16 5.6 5.82 4.97 4.97
2015-07-17 5.96 6.03 5.55 5.55
2015-08-10 6.46 6.55 6.16 6.16
2015-12-23 5.76 5.76 5.25 5.25
2016-02-24 5.79 5.97 5.5 5.5
2016-08-26 5.54 5.57 5.51 5.51
2016-09-05 5.53 5.54 5.41 5.41
2017-03-24 5.8 5.81 5.72 5.72
2017-04-25 5.56 5.59 5.5 5.5
