1994-05-31 7.18 7.18 6.85 6.85
1994-06-15 5.93 5.95 5.25 5.25
1994-06-24 6.52 6.52 6.26 6.26
1994-06-30 6.3 6.39 6.2 6.2
1994-07-04 6.18 6.25 6.01 6.01
1994-07-05 6.27 6.29 6.19 6.19
1994-07-25 6.17 6.17 6.01 6.01
1994-08-15 7.51 7.9 7.51 7.51
1994-08-25 7.85 8.04 7.7 7.7
1994-09-26 10.68 10.68 9.6 9.6
1994-10-10 7.49 7.9 7.0 7.0
1994-12-15 7.46 7.48 6.92 6.92
1994-12-23 7.45 7.77 7.3 7.3
1995-01-04 7.14 7.18 7.0 7.0
1995-01-18 6.43 6.44 6.3 6.3
1995-02-07 5.82 5.92 5.78 5.78
1995-02-08 5.82 5.93 5.8 5.8
1995-02-09 6.02 6.1 5.8 5.8
1995-02-13 5.92 5.98 5.85 5.85
1995-02-15 5.98 5.98 5.88 5.88
1995-02-20 5.88 6.0 5.8 5.8
1995-02-22 6.42 6.5 5.94 5.94
1995-03-03 6.25 6.3 6.1 6.1
1995-03-21 7.46 7.49 7.2 7.2
1995-03-22 7.8 8.04 7.48 7.48
1995-04-06 9.18 9.32 8.72 8.72
1995-04-07 9.4 10.1 9.28 9.28
1995-04-25 9.24 9.37 8.8 8.8
1995-05-05 10.19 10.19 9.7 9.7
1995-06-07 11.94 11.94 11.2 11.2
1995-06-09 11.5 11.6 11.22 11.22
1995-06-16 11.65 11.72 11.0 11.0
1995-07-20 7.78 7.95 7.65 7.65
1995-08-03 8.0 8.09 7.91 7.91
1995-09-01 7.5 7.55 7.4 7.4
1995-09-04 7.65 7.75 7.5 7.5
1995-09-21 7.07 7.09 7.01 7.01
1995-09-29 6.89 6.93 6.78 6.78
1995-10-04 6.82 7.09 6.66 6.66
1995-10-05 6.88 6.88 6.7 6.7
1995-11-15 6.58 6.59 6.53 6.53
1995-12-05 6.26 6.3 6.25 6.25
1995-12-14 6.0 6.13 5.91 5.91
1995-12-20 5.95 5.96 5.85 5.85
1996-01-05 5.82 5.98 5.78 5.78
1996-01-12 5.69 5.76 5.62 5.62
1996-01-15 5.71 5.75 5.68 5.68
1996-01-23 5.33 5.37 5.31 5.31
1996-01-26 5.56 5.58 5.31 5.31
1996-02-07 5.26 5.31 5.24 5.24
1996-02-09 5.29 5.36 5.22 5.22
1996-02-16 5.55 5.6 5.42 5.42
1996-03-07 5.68 5.68 5.58 5.58
1996-03-13 5.65 5.85 5.63 5.63
1996-03-18 5.7 5.75 5.61 5.61
1996-03-19 5.75 5.8 5.65 5.65
1996-03-21 5.77 5.85 5.71 5.71
1996-03-22 5.78 5.84 5.75 5.75
1996-03-25 5.81 5.88 5.79 5.79
1996-04-01 5.61 5.75 5.6 5.6
1996-04-05 5.7 5.73 5.6 5.6
1996-04-11 5.79 5.88 5.7 5.7
1996-04-16 5.84 5.84 5.77 5.77
1996-04-19 6.15 6.15 5.92 5.92
1996-04-26 7.31 7.34 6.85 6.85
1996-05-10 6.89 6.91 6.8 6.8
1996-06-04 6.68 6.75 6.6 6.6
1996-06-05 6.94 6.95 6.6 6.6
1996-06-07 7.02 7.12 6.9 6.9
1996-06-13 7.23 7.3 6.9 6.9
1996-06-25 5.55 5.59 5.5 5.5
1996-07-24 5.91 6.0 5.87 5.87
1996-08-02 5.68 5.68 5.4 5.4
1996-08-21 5.8 5.94 5.71 5.71
1996-09-03 5.45 5.64 5.45 5.45
1996-09-05 5.52 5.75 5.45 5.45
1996-09-11 5.26 5.39 5.2 5.2
1996-09-26 6.32 6.32 5.98 5.98
1996-10-11 7.1 7.38 6.9 6.9
1996-10-18 6.78 7.28 6.61 6.61
1996-11-04 6.4 6.49 6.35 6.35
1996-11-08 6.54 6.58 6.3 6.3
1996-11-22 6.44 6.44 6.09 6.09
1996-11-27 6.46 6.57 6.35 6.35
1996-11-29 7.08 7.16 6.65 6.65
1996-12-02 8.0 8.0 7.2 7.2
1996-12-16 6.62 6.62 6.62 6.62
1996-12-17 5.97 6.43 5.96 5.96
1997-01-02 5.91 6.01 5.9 5.9
1997-01-09 5.95 5.99 5.88 5.88
1997-01-15 5.93 5.96 5.85 5.85
1997-01-29 6.22 6.32 6.02 6.02
1997-02-17 6.23 6.28 6.15 6.15
1997-02-19 6.08 6.08 5.7 5.7
1997-02-20 6.03 6.11 5.47 5.47
1997-02-21 6.56 6.56 6.09 6.09
1997-03-19 7.22 7.29 7.12 7.12
1997-03-21 7.48 7.48 6.86 6.86
1997-03-26 7.8 7.98 7.75 7.75
1997-04-15 9.14 9.2 8.8 8.8
1997-04-22 9.3 9.39 9.2 9.2
1997-05-05 9.85 9.99 9.25 9.25
1997-05-16 8.69 9.3 8.69 8.69
1997-06-13 6.2 6.22 5.85 5.85
1997-06-20 6.38 6.43 6.13 6.13
1997-07-08 5.73 5.9 5.48 5.48
1997-08-07 6.24 6.25 6.0 6.0
1997-08-14 6.35 6.37 6.02 6.02
1997-08-21 6.14 6.18 6.0 6.0
1997-09-24 5.7 5.76 5.45 5.45
1997-09-30 5.8 5.8 5.5 5.5
1997-11-07 5.91 5.94 5.65 5.65
1997-11-12 5.7 5.88 5.7 5.7
1997-12-04 5.64 5.75 5.53 5.53
1998-01-14 5.74 5.81 5.58 5.58
1998-01-21 5.78 5.83 5.72 5.72
1998-01-23 5.77 5.82 5.67 5.67
1998-02-11 6.15 6.16 6.03 6.03
1998-02-27 6.32 6.4 6.1 6.1
1998-03-03 6.33 6.39 6.24 6.24
1998-03-13 6.08 6.33 5.81 5.81
1998-03-27 6.24 6.4 6.1 6.1
1998-04-02 6.53 6.57 6.21 6.21
1998-04-06 6.97 7.08 6.7 6.7
1998-04-20 7.54 7.64 7.23 7.23
1998-04-28 7.35 7.49 7.3 7.3
1998-04-30 7.44 7.69 7.2 7.2
1998-05-08 7.44 7.86 7.32 7.32
1998-05-15 7.75 7.9 7.7 7.7
1998-05-18 8.05 8.05 7.8 7.8
1998-05-28 7.32 7.32 6.86 6.86
1998-06-03 7.4 7.54 7.08 7.08
1998-06-11 7.77 7.8 7.36 7.36
1998-06-12 8.01 8.35 7.76 7.76
1998-06-26 11.65 12.07 11.05 11.05
1998-06-30 12.7 12.7 12.09 12.09
1998-07-06 13.42 13.52 12.88 12.88
1998-08-05 13.7 14.28 13.45 13.45
1998-08-20 11.8 11.88 11.2 11.2
1998-09-14 12.07 12.36 11.9 11.9
1998-09-16 12.28 12.36 11.8 11.8
1998-10-21 12.0 12.25 11.7 11.7
1998-10-30 11.5 11.76 11.41 11.41
1998-11-06 11.38 11.45 11.27 11.27
1998-11-26 10.89 11.56 10.48 10.48
1998-12-03 10.5 10.97 9.88 9.88
1998-12-22 10.9 10.99 10.7 10.7
1999-01-05 10.95 11.03 10.8 10.8
1999-01-08 11.19 11.19 11.1 11.1
1999-01-12 11.53 11.78 11.35 11.35
1999-01-28 11.88 12.2 11.75 11.75
1999-02-09 11.39 11.47 11.0 11.0
1999-03-01 11.31 11.4 11.1 11.1
1999-03-11 11.8 11.86 11.68 11.68
1999-03-22 12.3 12.3 11.5 11.5
1999-03-29 12.6 12.6 12.35 12.35
1999-04-05 13.8 14.12 13.75 13.75
1999-04-08 14.04 14.08 13.2 13.2
1999-04-26 13.98 14.15 13.85 13.85
1999-04-30 14.9 15.1 14.5 14.5
1999-06-14 14.45 14.75 14.1 14.1
1999-06-21 15.35 15.9 15.01 15.01
1999-06-29 19.69 19.69 17.7 17.7
1999-06-30 21.66 21.66 20.68 20.68
1999-07-02 21.67 22.07 20.5 20.5
1999-07-08 20.6 21.5 20.51 20.51
1999-07-19 19.69 20.1 19.3 19.3
1999-09-02 21.49 21.49 20.5 20.5
1999-09-20 22.18 22.18 20.4 20.4
1999-10-13 18.58 19.16 18.2 18.2
2000-01-24 23.69 23.69 22.0 22.0
2000-02-15 32.79 32.79 30.35 30.35
2000-02-16 36.07 36.07 34.0 34.0
2000-03-17 34.62 34.62 32.5 32.5
2000-03-23 41.09 41.09 41.09 41.09
2000-04-19 45.2 47.0 44.0 44.0
2000-04-28 35.22 36.22 33.2 33.2
2000-06-06 26.38 26.68 25.35 25.35
2000-07-03 18.34 18.34 18.34 18.34
2000-07-04 17.18 17.9 16.51 16.51
2000-07-06 17.08 17.45 16.71 16.71
2000-07-13 16.72 16.9 16.08 16.08
2000-07-18 16.51 16.66 16.1 16.1
2000-07-26 16.36 16.55 16.16 16.16
2000-08-08 17.74 17.76 17.05 17.05
2000-09-07 16.48 16.7 16.1 16.1
2000-09-11 16.93 17.19 16.63 16.63
2000-10-18 15.35 15.45 15.24 15.24
2000-10-30 15.45 15.78 15.4 15.4
2000-11-03 15.91 16.05 15.8 15.8
2000-11-07 15.61 15.96 15.14 15.14
2000-11-21 16.17 16.48 15.8 15.8
2000-11-30 15.75 15.77 15.57 15.57
2000-12-20 16.58 17.27 15.9 15.9
2001-01-02 16.04 16.08 15.62 15.62
2001-01-17 15.22 15.45 15.2 15.2
2001-03-14 13.52 13.64 13.39 13.39
2001-03-20 13.39 13.45 13.18 13.18
2001-04-10 13.68 13.8 13.61 13.61
2001-04-16 13.93 13.93 13.7 13.7
2001-04-17 14.02 14.15 13.93 13.93
2001-05-15 13.68 13.69 13.4 13.4
2001-05-22 13.31 13.48 13.25 13.25
2001-06-05 13.52 13.54 13.33 13.33
2001-06-06 13.79 13.8 13.6 13.6
2001-06-07 14.18 14.45 13.89 13.89
2001-06-11 14.53 14.6 14.26 14.26
2001-06-19 14.6 14.83 14.21 14.21
2001-06-25 14.88 14.99 14.6 14.6
2001-07-02 14.92 14.97 14.58 14.58
2001-07-03 15.44 15.5 14.93 14.93
2001-08-01 15.85 15.85 15.1 15.1
2001-08-15 16.98 17.1 16.8 16.8
2001-08-20 17.64 17.78 16.98 16.98
2001-09-11 15.95 16.18 15.6 15.6
2001-09-13 15.7 15.96 15.61 15.61
2001-09-25 14.35 14.35 14.05 14.05
2001-10-23 14.33 14.33 13.49 13.49
2001-10-29 14.35 14.46 14.17 14.17
2001-11-13 13.25 13.35 13.18 13.18
2001-11-20 13.82 13.88 13.5 13.5
2001-11-27 14.01 14.12 13.82 13.82
2001-11-28 14.54 14.56 14.05 14.05
2001-12-03 14.89 14.98 14.64 14.64
2001-12-18 14.75 14.76 14.47 14.47
2001-12-25 13.75 14.0 13.62 13.62
2002-01-25 12.76 12.98 12.76 12.76
2002-01-30 12.45 12.67 12.23 12.23
2002-03-13 13.33 13.72 13.3 13.3
2002-03-27 13.6 13.66 13.3 13.3
2002-04-03 12.91 13.17 12.81 12.81
2002-04-22 12.93 13.13 12.3 12.3
2002-05-14 12.54 12.66 12.48 12.48
2002-05-17 12.63 12.67 12.25 12.25
2002-05-21 12.66 12.85 12.4 12.4
2002-06-10 11.81 11.99 11.08 11.08
2002-07-01 12.15 12.3 12.1 12.1
2002-07-03 12.27 12.5 12.2 12.2
2002-07-05 12.1 12.19 12.02 12.02
2002-07-23 12.2 12.29 12.17 12.17
2002-08-27 11.5 11.54 11.29 11.29
2002-09-10 10.97 10.99 10.88 10.88
2002-10-25 9.99 10.15 9.3 9.3
2002-11-15 8.53 8.78 8.4 8.4
2002-12-09 8.09 8.15 8.02 8.02
2003-01-09 8.29 8.38 8.0 8.0
2003-01-16 8.76 8.84 8.53 8.53
2003-01-22 8.8 9.19 8.58 8.58
2003-02-14 8.95 8.98 8.85 8.85
2003-02-24 8.76 9.0 8.7 8.7
2003-02-25 8.92 8.96 8.75 8.75
2003-02-27 8.94 9.09 8.86 8.86
2003-03-07 8.59 8.66 8.56 8.56
2003-04-03 8.22 8.36 8.2 8.2
2003-04-17 8.71 8.89 8.6 8.6
2003-04-18 8.77 8.99 8.71 8.71
2003-05-14 7.61 7.8 7.45 7.45
2003-06-05 8.34 8.7 8.24 8.24
2003-06-11 8.14 8.24 8.0 8.0
2003-06-17 8.1 8.34 8.03 8.03
2003-07-10 7.46 7.52 7.32 7.32
2003-07-31 6.93 7.03 6.75 6.75
2003-08-05 6.92 6.96 6.8 6.8
2003-08-12 6.78 6.98 6.75 6.75
2003-08-27 7.18 7.28 6.98 6.98
2003-10-09 6.45 6.5 6.38 6.38
2003-10-30 5.48 5.6 5.41 5.41
2003-10-31 5.52 5.62 5.41 5.41
2003-11-04 5.6 5.7 5.52 5.52
2003-11-14 5.15 5.15 5.0 5.0
2003-12-01 6.16 6.23 5.91 5.91
2003-12-04 6.2 6.21 6.05 6.05
2003-12-09 6.22 6.25 6.05 6.05
2004-01-13 5.6 5.61 5.44 5.44
2004-01-15 5.44 5.57 5.42 5.42
2004-02-02 6.02 6.1 5.88 5.88
2004-02-09 6.64 6.69 6.21 6.21
2004-02-16 6.93 7.1 6.58 6.58
2004-03-02 7.19 7.19 6.66 6.66
2004-03-11 6.79 6.84 6.59 6.59
2004-03-22 7.16 7.2 7.02 7.02
2004-04-06 7.22 7.25 7.11 7.11
2004-04-22 7.11 7.16 6.79 6.79
2004-06-02 6.79 6.79 6.23 6.23
2004-06-10 6.0 6.07 5.9 5.9
2004-06-21 5.66 5.69 5.49 5.49
2004-07-01 5.54 5.55 5.26 5.26
2004-07-15 4.96 5.03 4.82 4.82
2004-07-23 5.08 5.12 4.9 4.9
2004-07-29 5.18 5.19 5.0 5.0
2004-08-04 5.23 5.3 5.12 5.12
2004-08-10 5.08 5.14 5.02 5.02
2004-08-24 4.77 4.85 4.51 4.51
2004-08-31 4.67 4.71 4.55 4.55
2004-09-17 5.24 5.26 5.03 5.03
2004-10-19 5.0 5.07 4.97 4.97
2004-11-18 5.01 5.03 4.86 4.86
2004-11-22 5.6 5.6 5.22 5.22
2004-12-28 4.69 4.7 4.63 4.63
2005-01-24 4.76 4.92 4.73 4.73
2005-02-16 3.9 3.92 3.78 3.78
2005-03-21 3.85 3.86 3.72 3.72
2005-04-13 3.7 3.74 3.52 3.52
2005-04-26 2.99 3.0 2.86 2.86
2005-04-28 3.27 3.27 2.88 2.88
2005-05-11 3.15 3.23 2.97 2.97
2005-05-17 3.15 3.17 3.08 3.08
2005-06-27 3.26 3.27 3.12 3.12
2005-06-29 3.29 3.38 3.28 3.28
2005-07-07 2.96 2.98 2.88 2.88
2005-07-20 2.88 2.88 2.83 2.83
2005-07-25 3.0 3.08 2.98 2.98
2005-08-31 3.38 3.4 3.3 3.3
2005-09-05 3.53 3.54 3.48 3.48
2005-10-14 3.28 3.34 3.27 3.27
2005-10-24 3.29 3.3 3.23 3.23
2005-11-04 2.96 2.99 2.9 2.9
2005-11-15 3.0 3.01 2.94 2.94
2005-11-18 3.05 3.1 2.98 2.98
2005-11-21 3.06 3.09 3.02 3.02
2005-12-06 3.03 3.03 2.95 2.95
2005-12-09 3.0 3.01 2.93 2.93
2005-12-14 2.98 2.99 2.93 2.93
2005-12-26 3.04 3.06 3.02 3.02
2006-01-09 3.15 3.18 3.1 3.1
2006-01-12 3.2 3.2 3.08 3.08
2006-02-08 3.35 3.35 3.3 3.3
2006-03-10 2.97 3.0 2.95 2.95
2006-03-13 3.0 3.01 2.97 2.97
2006-03-15 3.03 3.04 2.98 2.98
2006-03-29 3.06 3.1 3.06 3.06
2006-03-31 3.08 3.08 3.01 3.01
2006-04-14 3.22 3.24 3.1 3.1
2006-05-18 4.03 4.03 4.03 4.03
2006-06-16 3.93 3.96 3.83 3.83
2006-06-29 4.09 4.16 4.0 4.0
2006-10-19 3.23 3.28 3.2 3.2
2006-11-01 3.01 3.04 2.98 2.98
2006-11-03 3.06 3.1 2.98 2.98
2006-11-22 2.94 2.94 2.94 2.94
2006-11-24 3.45 3.54 3.26 3.26
2007-01-05 3.06 3.07 2.95 2.95
2007-01-08 3.22 3.25 3.06 3.06
2007-01-15 3.61 3.61 3.4 3.4
2007-01-16 3.97 3.97 3.97 3.97
2007-01-17 4.37 4.37 4.37 4.37
2007-01-25 4.99 4.99 4.99 4.99
2007-01-26 4.74 4.98 4.49 4.49
2007-02-26 6.08 6.1 5.58 5.58
2007-03-02 5.3 5.44 5.2 5.2
2007-03-12 6.3 6.3 6.2 6.2
2007-03-13 6.93 6.93 6.93 6.93
2007-03-19 7.14 7.35 6.65 6.65
2007-04-09 7.69 7.88 7.61 7.61
2007-04-20 8.29 8.48 7.91 7.91
2007-04-23 8.59 8.79 8.29 8.29
2007-05-08 9.15 9.22 8.71 8.71
2007-05-25 10.34 10.61 10.0 10.0
2007-06-05 6.67 6.8 6.24 6.24
2007-06-13 7.87 7.87 7.2 7.2
2007-07-06 6.35 6.43 5.82 5.82
2007-07-11 6.4 6.48 6.18 6.18
2007-07-23 7.94 7.94 7.94 7.94
2007-08-16 8.6 8.72 8.11 8.11
2007-08-31 8.5 8.76 8.35 8.35
2007-09-13 9.82 9.82 8.96 8.96
2007-10-15 10.9 10.9 9.72 9.72
2007-10-30 9.21 9.35 8.63 8.63
2007-12-03 8.69 8.79 8.49 8.49
2007-12-21 10.13 10.19 9.81 9.81
2008-01-02 10.29 10.4 9.96 9.96
2008-01-16 11.35 11.45 11.1 11.1
2008-01-29 10.3 10.55 9.9 9.9
2008-02-04 10.01 10.14 9.39 9.39
2008-04-29 7.04 7.2 6.88 6.88
2008-05-30 7.0 7.05 6.62 6.62
2008-06-02 6.96 7.13 6.88 6.88
2008-06-05 7.09 7.1 6.91 6.91
2008-06-23 5.16 5.48 5.09 5.09
2008-10-22 2.77 2.9 2.73 2.73
2008-11-07 2.55 2.59 2.36 2.36
2008-11-14 3.05 3.06 2.89 2.89
2009-02-10 4.97 5.18 4.62 4.62
2009-02-25 5.93 6.05 5.51 5.51
2009-03-18 7.25 7.25 6.6 6.6
2009-04-07 7.75 7.9 7.31 7.31
2009-04-13 7.58 7.83 7.48 7.48
2009-04-16 8.37 8.6 8.14 8.14
2009-05-05 7.76 7.82 7.42 7.42
2009-05-06 7.9 8.45 7.87 7.87
2009-06-25 8.44 8.46 8.3 8.3
2009-07-01 8.1 8.14 8.01 8.01
2009-07-23 10.0 10.18 9.49 9.49
2009-08-20 7.17 7.19 6.88 6.88
2009-09-14 8.24 8.32 7.96 7.96
2009-09-25 7.73 7.77 7.58 7.58
2009-10-14 7.72 7.73 7.6 7.6
2009-11-12 9.18 9.36 8.73 8.73
2009-12-29 9.69 9.83 9.6 9.6
2010-01-14 10.31 10.46 10.04 10.04
2010-01-29 9.14 9.3 9.02 9.02
2010-02-22 9.25 9.42 9.2 9.2
2010-03-16 9.44 9.44 9.22 9.22
2010-03-30 10.39 10.45 9.63 9.63
2010-07-12 7.61 7.73 7.3 7.3
2010-07-19 7.81 7.9 7.56 7.56
2010-07-26 7.99 8.03 7.78 7.78
2010-08-13 8.63 8.68 8.38 8.38
2010-08-25 9.15 9.49 9.02 9.02
2010-09-02 9.38 9.38 9.16 9.16
2010-09-13 10.08 10.13 9.56 9.56
2010-10-29 10.02 10.14 9.65 9.65
2010-11-24 9.52 9.6 9.39 9.39
2011-01-19 8.34 8.35 8.17 8.17
2011-01-28 8.26 8.3 8.12 8.12
2011-02-10 8.54 8.54 8.31 8.31
2011-02-14 8.66 8.68 8.55 8.55
2011-03-08 9.28 9.76 9.12 9.12
2011-03-18 9.05 9.08 8.9 8.9
2011-03-24 9.33 9.5 9.25 9.25
2011-05-27 9.71 10.55 9.7 9.7
2011-06-14 10.72 10.79 10.12 10.12
2011-06-30 10.02 10.15 9.9 9.9
2011-07-20 12.51 12.51 11.42 11.42
2011-08-15 11.32 11.38 11.01 11.01
2011-11-09 9.3 9.33 9.05 9.05
2011-11-23 9.18 9.69 9.15 9.15
2011-12-23 10.16 10.16 9.11 9.11
2012-05-30 10.81 10.87 10.65 10.65
2012-06-01 10.74 10.86 10.71 10.71
2012-06-29 9.43 9.43 9.21 9.21
2012-07-03 9.51 9.59 9.37 9.37
2012-08-01 7.77 7.78 7.49 7.49
2012-08-07 8.39 8.49 8.27 8.27
2012-09-12 9.39 9.48 9.22 9.22
2012-09-25 9.12 9.13 8.98 8.98
2012-10-09 9.38 9.55 9.25 9.25
2012-10-30 8.86 8.87 8.61 8.61
2012-11-12 9.26 9.28 8.7 8.7
2012-12-24 8.49 8.6 8.42 8.42
2012-12-26 9.13 9.2 8.61 8.61
2013-01-25 9.26 9.45 9.12 9.12
2013-02-05 9.46 9.52 9.32 9.32
2013-02-08 9.37 9.44 9.28 9.28
2013-04-18 8.21 8.35 8.18 8.18
2013-05-16 8.43 8.54 8.15 8.15
2013-07-01 6.79 6.8 6.6 6.6
2013-07-23 6.83 6.9 6.65 6.65
2013-07-31 6.5 6.56 6.36 6.36
2013-08-28 7.7 7.75 7.61 7.61
2013-09-09 8.02 8.1 7.76 7.76
2013-09-30 7.94 7.99 7.78 7.78
2013-11-26 8.45 9.29 7.79 7.79
2013-12-05 8.16 8.24 8.15 8.15
2013-12-12 8.82 8.93 8.75 8.75
2013-12-18 8.93 9.06 8.62 8.62
2013-12-27 8.08 8.14 7.9 7.9
2013-12-30 8.17 8.18 8.02 8.02
2014-01-08 8.0 8.11 7.93 7.93
2014-01-14 8.27 8.29 8.03 8.03
2014-01-20 8.91 9.13 8.68 8.68
2014-01-24 9.28 9.61 9.05 9.05
2014-03-11 12.96 12.99 11.86 11.86
2014-03-26 12.3 12.48 12.15 12.15
2014-04-14 12.89 12.89 11.69 11.69
2014-04-29 12.87 13.0 12.25 12.25
2014-04-30 13.85 13.98 12.78 12.78
2014-05-07 14.55 14.7 13.52 13.52
2014-05-19 13.4 13.57 13.26 13.26
2014-05-30 14.15 14.5 13.82 13.82
2014-06-04 13.8 13.88 13.6 13.6
2014-06-16 12.97 13.27 12.85 12.85
2014-06-17 13.0 13.2 12.91 12.91
2014-08-06 13.42 13.58 13.15 13.15
2014-08-08 13.46 13.51 13.2 13.2
2014-09-03 15.65 15.98 15.22 15.22
2014-10-14 15.82 16.1 15.65 15.65
2014-10-29 16.52 16.78 16.25 16.25
2014-12-12 15.85 16.0 14.79 14.79
2014-12-18 15.09 15.38 14.92 14.92
2014-12-26 14.84 15.13 14.75 14.75
2015-01-15 14.78 14.87 14.6 14.6
2015-01-20 14.65 14.74 14.3 14.3
2015-01-21 15.05 15.1 14.69 14.69
2015-01-27 16.24 16.29 15.41 15.41
2015-02-11 16.05 16.26 15.64 15.64
2015-02-13 16.21 16.38 16.11 16.11
2015-04-02 20.24 20.25 19.8 19.8
2015-04-07 22.35 23.09 21.06 21.06
2015-04-16 24.95 26.18 24.2 24.2
2015-04-21 26.02 26.18 25.05 25.05
2015-05-04 25.15 25.75 24.19 24.19
2015-05-12 24.36 24.66 23.86 23.86
2015-05-13 26.8 26.8 25.0 25.0
2015-05-22 28.3 29.5 27.83 27.83
2015-07-03 16.19 16.7 16.19 16.19
2015-07-08 11.8 11.8 11.8 11.8
2015-07-09 12.98 12.98 11.23 11.23
2015-07-16 15.01 16.0 13.71 13.71
2015-08-06 14.37 14.44 13.6 13.6
2015-08-07 15.33 15.35 14.45 14.45
2015-08-10 16.61 16.86 15.51 15.51
2015-08-25 13.69 14.21 13.69 13.69
2015-09-11 12.95 12.97 12.45 12.45
2015-10-12 15.08 15.21 14.42 14.42
2015-10-20 16.18 16.18 14.71 14.71
2015-11-02 16.16 16.68 15.13 15.13
2015-11-09 17.2 17.3 16.23 16.23
2015-12-25 20.99 21.28 19.95 19.95
2015-12-29 20.82 21.2 20.22 20.22
2016-02-04 13.35 13.88 13.24 13.24
2016-03-02 13.74 13.88 13.04 13.04
2016-03-11 13.72 13.99 13.61 13.61
2016-03-14 14.16 14.54 13.81 13.81
2016-03-25 15.96 16.05 15.5 15.5
2016-04-11 15.97 16.0 15.45 15.45
2016-05-16 15.11 15.11 15.11 15.11
2016-05-23 14.17 14.35 13.48 13.48
2016-06-01 15.8 16.04 15.71 15.71
2016-06-07 15.96 15.99 15.8 15.8
2016-06-14 16.08 16.4 14.8 14.8
2016-07-11 14.65 14.74 14.45 14.45
2016-07-20 14.57 14.72 14.49 14.49
2016-08-26 14.0 14.14 13.96 13.96
2016-09-27 14.12 14.14 13.92 13.92
2016-09-29 14.57 15.04 14.11 14.11
2016-11-03 18.49 18.49 17.81 17.81
2016-12-13 19.38 19.54 18.4 18.4
2017-01-06 19.6 20.03 19.33 19.33
2017-01-25 18.83 19.1 18.69 18.69
2017-02-03 19.08 19.27 18.88 18.88
2017-02-06 19.57 19.7 18.99 18.99
2017-04-05 16.39 16.42 15.84 15.84
2017-05-09 13.88 13.93 13.26 13.26
2017-06-08 12.85 13.05 12.42 12.42
2017-06-09 12.63 12.77 12.2 12.2
2017-06-13 12.42 12.56 12.2 12.2
2017-06-20 12.64 12.72 12.51 12.51
2017-06-26 12.16 12.18 12.03 12.03
2017-06-29 12.06 12.16 12.03 12.03
2017-07-21 13.33 13.43 12.6 12.6
2017-08-14 12.88 13.02 12.64 12.64
2017-08-16 12.93 13.0 12.8 12.8
