2000-06-27 13.68 13.79 13.5 13.5
2000-07-11 13.57 13.75 13.5 13.5
2000-08-03 13.82 13.98 13.69 13.69
2000-08-11 14.05 14.19 13.97 13.97
2000-08-14 14.25 14.5 14.15 14.15
2000-09-13 13.81 13.9 13.5 13.5
2000-09-15 13.55 13.65 13.36 13.36
2000-09-25 13.44 13.56 13.31 13.31
2000-09-29 13.76 13.86 13.7 13.7
2000-11-06 14.66 14.68 14.51 14.51
2000-11-17 14.99 15.1 14.82 14.82
2000-12-05 15.22 15.4 15.01 15.01
2000-12-12 14.75 14.78 14.55 14.55
2000-12-18 14.73 14.8 14.56 14.56
2001-01-02 15.61 15.75 15.49 15.49
2001-02-23 14.19 14.2 13.89 13.89
2001-03-02 14.43 14.45 14.3 14.3
2001-03-12 14.52 14.55 14.3 14.3
2001-03-15 14.88 14.94 14.55 14.55
2001-03-26 14.95 14.96 14.75 14.75
2001-04-02 15.18 15.3 15.11 15.11
2001-04-06 15.52 15.88 15.28 15.28
2001-04-19 15.94 16.32 15.65 15.65
2001-05-14 16.38 16.45 16.0 16.0
2001-05-21 17.04 17.5 17.0 17.0
2001-06-12 17.3 17.39 17.02 17.02
2001-07-03 16.77 16.9 16.3 16.3
2001-07-09 16.69 16.78 16.4 16.4
2001-07-10 16.7 16.86 16.6 16.6
2001-07-19 16.2 16.38 15.8 15.8
2001-08-01 14.9 14.96 14.46 14.46
2001-08-03 14.45 14.68 14.3 14.3
2001-08-09 14.61 14.65 14.3 14.3
2001-08-10 14.8 14.85 14.61 14.61
2001-08-15 14.61 14.75 14.6 14.6
2001-09-04 15.01 15.09 14.51 14.51
2001-09-25 15.03 15.09 14.91 14.91
2001-10-16 15.68 15.69 15.4 15.4
2001-10-29 16.13 16.38 16.02 16.02
2001-11-22 16.53 16.58 16.0 16.0
2001-12-03 16.86 16.94 16.5 16.5
2001-12-07 17.08 17.15 16.6 16.6
2002-01-22 15.39 15.6 15.1 15.1
2002-01-31 15.73 15.85 14.8 14.8
2002-04-09 18.28 18.4 17.7 17.7
2002-05-09 18.52 18.78 17.79 17.79
2002-06-10 18.07 18.18 17.8 17.8
2002-06-20 17.95 18.18 17.8 17.8
2002-07-01 21.05 21.3 20.88 20.88
2002-07-08 22.06 22.18 21.58 21.58
2002-07-09 22.39 22.49 22.0 22.0
2002-07-22 22.01 22.32 21.8 21.8
2002-08-02 23.68 23.75 23.1 23.1
2002-08-14 23.55 23.77 23.35 23.35
2002-08-21 24.27 24.49 24.0 24.0
2002-08-29 21.99 22.17 21.9 21.9
2002-09-02 21.46 21.48 20.82 20.82
2002-12-16 19.85 19.92 19.64 19.64
2003-01-08 19.53 19.65 19.36 19.36
2003-02-11 19.4 19.45 19.18 19.18
2003-02-24 18.48 18.66 18.35 18.35
2003-02-28 18.75 18.8 18.3 18.3
2003-03-13 17.43 17.53 17.12 17.12
2003-03-26 18.09 18.21 17.58 17.58
2003-04-23 16.32 16.35 15.7 15.7
2003-04-30 16.35 16.55 16.2 16.2
2003-05-30 16.38 16.38 16.02 16.02
2003-07-10 14.54 14.55 14.18 14.18
2003-08-13 13.11 13.18 13.01 13.01
2003-08-18 12.9 13.07 12.86 12.86
2003-09-09 12.36 12.4 12.09 12.09
2003-09-10 12.5 12.53 12.3 12.3
2003-09-12 12.69 12.8 12.53 12.53
2003-10-23 12.2 12.23 12.13 12.13
2003-11-03 10.6 10.7 10.51 10.51
2003-11-10 9.81 9.92 9.64 9.64
2003-11-13 10.11 10.13 9.8 9.8
2003-12-10 11.2 11.25 10.8 10.8
2003-12-11 11.42 11.47 11.15 11.15
2003-12-12 11.83 11.9 11.5 11.5
2003-12-15 12.12 12.19 11.85 11.85
2003-12-18 12.27 12.45 12.08 12.08
2003-12-23 12.23 12.32 12.12 12.12
2004-02-04 11.94 11.95 11.38 11.38
2004-02-11 11.74 12.0 11.7 11.7
2004-02-18 12.52 12.53 12.25 12.25
2004-03-01 11.2 11.28 11.1 11.1
2004-03-10 11.15 11.15 10.85 10.85
2004-03-16 11.63 11.7 11.4 11.4
2004-04-06 11.74 11.92 11.55 11.55
2004-08-31 7.9 7.98 7.77 7.77
2004-09-14 7.94 8.1 7.74 7.74
2004-11-02 7.09 7.14 7.02 7.02
2004-12-06 7.72 7.93 7.23 7.23
2004-12-22 6.45 6.5 6.2 6.2
2005-02-01 5.03 5.27 5.0 5.0
2005-03-01 5.62 5.66 5.53 5.53
2005-03-21 5.37 5.44 5.32 5.32
2005-04-05 5.0 5.09 4.95 4.95
2005-04-08 5.34 5.36 5.2 5.2
2005-04-13 5.41 5.41 5.2 5.2
2005-04-18 5.07 5.31 5.05 5.05
2005-04-28 4.76 4.84 4.5 4.5
2005-05-24 4.7 4.72 4.5 4.5
2005-05-30 4.81 4.84 4.74 4.74
2005-06-14 4.93 4.98 4.89 4.89
2005-06-22 5.37 5.37 5.37 5.37
2005-06-27 6.17 6.17 5.48 5.48
2005-07-06 5.18 5.29 5.13 5.13
2005-07-08 5.4 5.56 5.28 5.28
2005-07-19 4.28 4.35 4.07 4.07
2005-07-22 4.59 4.59 4.25 4.25
2005-07-27 5.19 5.2 4.85 4.85
2005-07-29 5.05 5.16 5.01 5.01
2005-08-05 5.27 5.29 5.15 5.15
2005-08-08 5.44 5.55 5.28 5.28
2005-08-16 5.45 5.59 5.32 5.32
2005-08-26 5.39 5.5 5.02 5.02
2005-09-05 5.62 5.68 5.53 5.53
2005-10-21 5.41 5.44 5.25 5.25
2005-11-10 4.9 5.11 4.82 4.82
2005-11-14 4.87 4.92 4.8 4.8
2005-11-25 5.39 5.39 5.39 5.39
2005-12-09 4.14 4.15 4.01 4.01
2005-12-23 4.16 4.16 4.1 4.1
2006-01-13 4.41 4.57 4.37 4.37
2006-02-06 4.39 4.4 4.16 4.16
2006-02-13 4.48 4.55 4.36 4.36
2006-02-16 4.52 4.65 4.51 4.51
2006-10-10 3.98 4.08 3.87 3.87
2006-11-03 3.92 3.94 3.83 3.83
2006-11-06 3.93 3.93 3.85 3.85
2006-11-27 3.74 3.76 3.66 3.66
2006-11-30 3.85 3.92 3.8 3.8
2006-12-07 3.69 3.78 3.65 3.65
2006-12-13 3.72 3.75 3.64 3.64
2006-12-25 3.81 3.84 3.76 3.76
2006-12-29 3.61 3.64 3.58 3.58
2007-03-02 5.27 5.32 5.11 5.11
2007-03-15 6.3 6.42 6.1 6.1
2007-03-26 6.84 6.85 6.65 6.65
2007-04-09 6.78 6.9 6.7 6.7
2007-04-16 7.02 7.09 6.68 6.68
2007-04-20 7.35 7.47 6.98 6.98
2007-04-23 7.66 7.73 7.38 7.38
2007-04-27 7.7 7.88 7.6 7.6
2007-05-30 9.56 10.25 9.56 9.56
2007-06-05 6.64 6.8 6.27 6.27
2007-07-20 6.35 6.39 6.17 6.17
2007-08-28 8.82 8.82 8.26 8.26
2007-09-20 7.9 7.97 7.68 7.68
2007-09-28 7.8 7.94 7.66 7.66
2007-11-14 6.8 6.81 6.61 6.61
2007-11-29 6.57 6.65 6.41 6.41
2008-01-02 7.68 7.75 7.4 7.4
2008-01-07 8.13 8.15 7.93 7.93
2008-04-09 7.43 7.43 6.99 6.99
2008-05-27 6.53 6.62 6.4 6.4
2008-05-28 6.78 6.8 6.56 6.56
2008-06-06 6.69 6.86 6.55 6.55
2008-06-25 5.05 5.08 4.73 4.73
2008-07-04 4.83 4.96 4.74 4.74
2008-08-19 3.71 3.78 3.54 3.54
2008-11-10 3.04 3.08 2.86 2.86
2009-01-21 3.67 3.71 3.62 3.62
2009-02-03 3.83 3.89 3.72 3.72
2009-02-06 4.24 4.24 3.82 3.82
2009-03-23 4.5 4.55 4.43 4.43
2009-04-20 5.01 5.06 4.79 4.79
2009-07-01 6.01 6.06 5.8 5.8
2009-08-20 5.35 5.37 5.12 5.12
2009-09-30 5.72 5.81 5.7 5.7
2009-10-09 5.97 5.97 5.8 5.8
2009-11-16 8.08 8.16 8.02 8.02
2010-01-15 9.11 9.27 9.05 9.05
2010-03-24 8.99 9.06 8.78 8.78
2010-04-01 9.21 9.31 9.14 9.14
2010-04-08 9.42 9.48 9.15 9.15
2010-04-12 10.03 10.44 9.8 9.8
2010-04-21 10.82 10.98 10.1 10.1
2010-05-07 10.1 10.49 10.0 10.0
2010-07-14 7.39 7.56 7.33 7.33
2010-08-30 8.63 8.65 8.41 8.41
2010-09-27 9.27 9.3 9.03 9.03
2010-09-30 8.92 8.97 8.8 8.8
2010-10-15 9.34 9.5 8.94 8.94
2010-11-19 9.49 9.5 8.94 8.94
2010-12-10 9.07 9.09 8.87 8.87
2010-12-15 9.24 9.3 9.18 9.18
2010-12-21 9.06 9.07 8.88 8.88
2011-01-04 8.46 8.48 8.28 8.28
2011-01-06 8.82 8.87 8.35 8.35
2011-01-17 8.42 8.46 8.2 8.2
2011-02-14 8.84 8.89 8.79 8.79
2011-02-23 8.81 8.95 8.56 8.56
2011-02-24 9.23 9.28 8.71 8.71
2011-03-18 9.06 9.23 8.99 8.99
2011-03-25 9.16 9.19 9.1 9.1
2011-06-30 8.0 8.08 7.91 7.91
2011-07-22 7.9 7.99 7.83 7.83
2011-07-26 7.59 7.62 7.48 7.48
2011-07-27 7.63 7.65 7.55 7.55
2011-08-05 7.73 7.79 7.35 7.35
2011-09-06 7.18 7.19 7.1 7.1
2011-09-21 7.17 7.18 6.96 6.96
2011-09-27 6.99 7.0 6.85 6.85
2011-10-12 6.93 6.98 6.55 6.55
2011-10-26 6.7 6.74 6.55 6.55
2011-11-01 6.93 6.97 6.72 6.72
2011-11-25 6.48 6.6 6.46 6.46
2011-12-01 6.3 6.37 6.23 6.23
2012-01-09 5.9 5.97 5.7 5.7
2012-02-08 5.82 5.85 5.67 5.67
2012-02-10 5.92 5.95 5.81 5.81
2012-02-17 6.11 6.19 5.9 5.9
2012-03-30 7.09 7.22 6.87 6.87
2012-04-09 7.51 7.69 7.3 7.3
2012-04-12 7.62 7.8 7.37 7.37
2012-04-25 7.29 7.29 7.03 7.03
2012-05-17 6.83 6.83 6.7 6.7
2012-05-25 6.36 6.44 6.34 6.34
2012-06-14 6.59 6.64 6.54 6.54
2012-06-18 6.6 6.6 6.46 6.46
2012-06-27 6.62 6.63 6.3 6.3
2012-07-06 6.45 6.52 6.25 6.25
2012-07-12 5.91 6.0 5.85 5.85
2012-07-20 5.79 5.85 5.68 5.68
2012-07-26 5.75 5.8 5.71 5.71
2012-07-27 5.74 5.8 5.72 5.72
2012-07-31 5.71 5.75 5.55 5.55
2012-08-06 5.84 5.85 5.64 5.64
2012-08-09 5.91 5.98 5.87 5.87
2012-08-10 5.96 6.02 5.91 5.91
2012-09-03 5.69 5.71 5.62 5.62
2012-09-04 5.7 5.72 5.61 5.61
2012-11-05 5.97 6.11 5.91 5.91
2012-11-21 5.83 5.85 5.76 5.76
2012-12-07 5.44 5.45 5.31 5.31
2012-12-25 6.14 6.23 5.95 5.95
2012-12-26 6.39 6.55 6.05 6.05
2012-12-31 6.73 6.91 6.28 6.28
2013-01-07 7.02 7.13 6.85 6.85
2013-01-18 7.83 7.85 7.58 7.58
2013-02-05 7.8 7.98 7.65 7.65
2013-03-01 7.04 7.05 6.94 6.94
2013-03-05 6.94 6.96 6.82 6.82
2013-03-22 7.06 7.19 6.97 6.97
2013-04-09 6.56 6.6 6.5 6.5
2013-04-16 6.11 6.13 6.0 6.0
2013-05-31 6.6 6.93 6.46 6.46
2013-06-07 6.88 6.9 6.53 6.53
2013-06-18 7.28 7.29 7.08 7.08
2013-07-01 6.7 6.75 6.31 6.31
2013-08-07 8.5 8.75 8.2 8.2
2013-09-25 7.31 7.44 7.27 7.27
2013-09-27 7.29 7.35 7.1 7.1
2013-10-17 6.99 7.1 6.92 6.92
2013-11-15 6.27 6.31 6.15 6.15
2013-11-28 6.52 6.54 6.42 6.42
2013-12-31 6.12 6.13 5.93 5.93
2014-01-08 6.1 6.11 5.93 5.93
2014-01-21 5.81 5.86 5.74 5.74
2014-01-30 5.8 5.84 5.78 5.78
2014-02-27 5.85 5.95 5.84 5.84
2014-04-02 6.14 6.15 5.93 5.93
2014-05-20 4.77 4.79 4.74 4.74
2014-05-27 5.1 5.23 5.03 5.03
2014-06-03 5.15 5.2 5.01 5.01
2014-06-06 5.18 5.24 5.1 5.1
2014-06-27 5.06 5.22 4.97 4.97
2014-07-10 5.5 5.59 5.34 5.34
2014-07-11 5.58 5.61 5.45 5.45
2014-07-18 5.81 5.91 5.65 5.65
2014-08-21 6.6 6.67 6.24 6.24
2014-09-02 6.73 6.85 6.48 6.48
2014-09-05 7.12 7.22 6.75 6.75
2014-11-21 7.38 7.4 6.94 6.94
2014-12-02 7.3 7.35 7.21 7.21
2014-12-24 6.7 6.71 6.48 6.48
2015-01-20 6.59 6.61 6.37 6.37
2015-01-28 7.19 7.41 6.89 6.89
2015-01-30 7.37 7.46 7.14 7.14
2015-03-09 8.78 9.0 8.75 8.75
2015-03-17 10.12 10.27 9.35 9.35
2015-03-27 10.43 10.7 10.02 10.02
2015-04-03 10.83 10.96 10.4 10.4
2015-04-30 12.3 12.3 11.12 11.12
2015-05-12 15.46 15.48 13.92 13.92
2015-05-21 16.61 17.29 16.12 16.12
2015-07-08 6.46 6.46 6.46 6.46
2015-07-09 7.11 7.11 5.85 5.85
2015-07-16 8.47 8.74 7.53 7.53
2015-07-22 9.98 10.19 9.37 9.37
2015-08-07 8.87 8.9 8.45 8.45
2015-08-25 7.82 8.23 7.82 7.82
2015-11-09 11.09 11.4 11.01 11.01
2015-11-19 10.93 10.94 10.44 10.44
2015-11-20 11.41 11.72 10.94 10.94
2015-11-25 11.39 11.45 10.89 10.89
2015-12-17 12.13 12.39 11.82 11.82
2015-12-23 13.27 13.62 12.62 12.62
2016-02-02 9.66 9.93 8.9 8.9
2016-04-13 13.25 13.68 13.11 13.11
2016-04-15 14.44 14.69 13.38 13.38
2016-05-17 13.11 13.15 12.55 12.55
2016-05-23 14.5 14.95 13.55 13.55
2016-07-20 13.07 13.1 12.78 12.78
2016-07-25 13.69 13.97 12.67 12.67
2016-09-02 12.33 12.43 12.15 12.15
2016-09-07 13.0 13.05 12.32 12.32
2016-11-03 12.42 12.56 12.06 12.06
2016-12-06 11.68 11.75 11.55 11.55
2016-12-16 10.32 10.45 10.12 10.12
2017-02-28 10.89 10.95 10.68 10.68
2017-03-14 10.6 10.68 10.54 10.54
2017-03-16 10.54 10.58 10.5 10.5
2017-04-12 9.98 10.08 9.85 9.85
2017-05-17 8.27 8.41 8.16 8.16
2017-05-18 8.25 8.38 8.2 8.2
2017-06-07 7.65 7.66 7.47 7.47
2017-06-15 7.83 7.86 7.62 7.62
2017-06-29 7.71 7.74 7.67 7.67
2017-07-13 8.65 8.85 8.07 8.07
2017-07-31 8.44 8.59 8.19 8.19
2017-08-04 8.12 8.29 8.07 8.07
2017-08-07 8.18 8.19 8.02 8.02
