2000-12-26 12.44 12.5 12.2 12.2
2000-12-29 12.82 12.95 12.6 12.6
2001-01-11 13.14 13.3 13.1 13.1
2001-01-18 12.5 12.55 12.4 12.4
2001-02-13 12.28 12.38 12.2 12.2
2001-02-26 12.25 12.25 12.1 12.1
2001-03-07 12.45 12.49 12.28 12.28
2001-03-14 12.66 12.67 12.48 12.48
2001-05-08 13.34 13.49 13.21 13.21
2001-05-22 14.08 14.2 13.8 13.8
2001-05-28 13.97 14.13 13.8 13.8
2001-05-29 13.93 14.08 13.85 13.85
2001-05-30 14.3 14.36 13.95 13.95
2001-06-06 14.38 14.46 14.3 14.3
2001-06-12 14.39 14.4 14.03 14.03
2001-07-10 14.39 14.4 14.2 14.2
2001-07-17 13.96 13.96 13.62 13.62
2001-07-20 14.62 14.85 14.1 14.1
2001-10-23 9.79 9.79 9.79 9.79
2001-10-24 10.77 10.77 10.77 10.77
2001-11-14 11.47 11.56 10.92 10.92
2001-11-19 12.14 12.2 11.66 11.66
2001-12-12 11.87 11.96 11.8 11.8
2002-01-16 10.26 10.27 9.95 9.95
2002-01-23 9.78 9.78 8.89 8.89
2002-02-07 10.59 10.77 10.45 10.45
2002-03-04 10.39 10.4 10.05 10.05
2002-03-25 11.32 11.35 11.05 11.05
2002-04-04 10.68 10.7 10.3 10.3
2002-04-09 10.85 10.9 10.5 10.5
2002-05-23 10.51 10.74 10.45 10.45
2002-06-06 9.7 9.86 9.1 9.1
2002-06-21 9.87 9.89 9.51 9.51
2002-07-25 10.15 10.25 10.15 10.15
2002-07-26 10.15 10.23 10.15 10.15
2002-08-06 10.05 10.14 9.96 9.96
2002-08-14 10.0 10.0 9.94 9.94
2002-08-19 9.9 9.95 9.86 9.86
2002-08-22 10.12 10.18 9.95 9.95
2002-09-03 10.11 10.11 10.0 10.0
2002-09-09 9.89 9.9 9.78 9.78
2002-10-16 9.33 9.4 9.28 9.28
2002-12-12 7.62 7.78 7.6 7.6
2002-12-27 7.57 7.7 7.51 7.51
2003-01-09 7.57 7.6 7.38 7.38
2003-01-24 7.88 7.95 7.73 7.73
2003-02-14 8.13 8.15 8.01 8.01
2003-02-18 8.3 8.35 8.05 8.05
2003-03-04 8.59 8.7 8.44 8.44
2003-03-21 7.8 7.81 7.5 7.5
2003-03-24 7.79 7.8 7.75 7.75
2003-04-14 8.05 8.06 7.82 7.82
2003-05-30 7.07 7.14 6.95 6.95
2003-06-10 6.65 6.68 6.6 6.6
2003-07-07 6.97 6.98 6.75 6.75
2003-07-28 6.25 6.42 6.2 6.2
2003-08-22 6.32 6.35 6.3 6.3
2003-10-20 5.91 6.02 5.72 5.72
2003-10-24 5.97 6.17 5.7 5.7
2003-10-31 5.6 5.69 5.55 5.55
2003-11-13 5.48 5.55 5.43 5.43
2003-11-17 5.54 5.57 5.46 5.46
2003-12-15 6.0 6.03 5.91 5.91
2004-01-15 6.57 6.72 6.19 6.19
2004-02-19 7.88 7.92 7.64 7.64
2004-02-23 8.0 8.18 7.8 7.8
2004-03-10 8.09 8.09 7.93 7.93
2004-04-02 8.32 8.37 8.28 8.28
2004-04-22 7.03 7.06 6.66 6.66
2004-04-28 7.22 7.26 7.02 7.02
2004-05-11 7.37 7.8 7.14 7.14
2004-05-12 8.11 8.11 7.31 7.31
2004-05-13 8.45 8.75 8.25 8.25
2004-05-18 8.58 8.64 8.35 8.35
2004-06-03 8.72 8.86 8.55 8.55
2004-07-13 6.08 6.29 5.85 5.85
2004-08-16 5.72 5.88 5.64 5.64
2004-09-07 5.6 5.65 5.6 5.6
2004-09-28 6.3 6.4 6.18 6.18
2004-11-03 5.57 5.6 5.43 5.43
2004-11-08 5.51 5.55 5.36 5.36
2004-11-12 5.76 5.76 5.53 5.53
2004-12-15 5.78 5.82 5.67 5.67
2004-12-24 5.42 5.5 5.4 5.4
2004-12-29 5.32 5.36 5.3 5.3
2004-12-30 5.31 5.4 5.3 5.3
2005-01-06 5.62 5.63 5.55 5.55
2005-01-07 5.6 5.7 5.59 5.59
2005-01-18 5.34 5.36 5.25 5.25
2005-01-19 5.4 5.43 5.3 5.3
2005-01-28 4.92 4.98 4.85 4.85
2005-01-31 4.77 4.91 4.75 4.75
2005-02-16 5.05 5.09 4.98 4.98
2005-02-17 5.05 5.05 4.98 4.98
2005-02-21 5.05 5.06 4.96 4.96
2005-04-11 5.32 5.38 5.19 5.19
2005-04-13 5.34 5.38 5.19 5.19
2005-04-18 4.52 4.65 4.52 4.52
2005-04-22 3.64 3.72 3.55 3.55
2005-06-08 3.26 3.34 3.05 3.05
2005-06-16 3.31 3.33 3.21 3.21
2005-07-22 2.23 2.29 2.15 2.15
2005-07-28 2.43 2.5 2.39 2.39
2005-08-09 2.92 2.96 2.84 2.84
2005-09-05 3.39 3.5 3.38 3.38
2005-09-23 3.67 3.79 3.61 3.61
2005-09-29 3.33 3.42 3.1 3.1
2005-10-31 3.08 3.12 3.03 3.03
2005-11-14 3.39 3.42 3.19 3.19
2005-12-16 3.1 3.13 3.07 3.07
2005-12-21 3.19 3.25 3.1 3.1
2006-02-09 3.6 3.69 3.5 3.5
2006-02-15 3.78 3.8 3.65 3.65
2006-03-13 3.95 3.97 3.82 3.82
2006-03-20 3.92 4.03 3.76 3.76
2006-03-21 3.92 3.97 3.92 3.92
2006-03-27 4.32 4.38 4.17 4.17
2006-05-08 4.37 4.38 3.97 3.97
2006-05-15 6.77 6.77 6.77 6.77
2006-05-17 8.2 8.2 8.2 8.2
2006-06-15 6.43 6.43 6.43 6.43
2006-06-16 6.0 6.09 5.79 5.79
2006-07-03 5.99 6.05 5.91 5.91
2006-07-06 6.29 6.35 6.2 6.2
2006-07-10 6.84 6.84 6.3 6.3
2006-07-24 5.73 5.8 5.62 5.62
2006-07-28 5.91 5.99 5.8 5.8
2006-08-22 5.2 5.34 5.16 5.16
2006-09-01 5.52 5.65 5.3 5.3
2006-09-21 6.03 6.18 5.87 5.87
2006-10-11 5.85 5.86 5.74 5.74
2006-10-16 5.96 6.05 5.81 5.81
2006-11-17 4.96 4.97 4.83 4.83
2006-11-30 5.24 5.38 5.15 5.15
2006-12-01 5.45 5.58 5.27 5.27
2006-12-19 5.83 5.89 5.5 5.5
2006-12-29 5.9 5.98 5.68 5.68
2007-01-18 6.57 6.57 6.28 6.28
2007-01-29 6.62 6.62 6.33 6.33
2007-01-30 6.95 6.95 6.79 6.79
2007-02-05 7.19 7.19 6.98 6.98
2007-02-09 7.6 7.6 7.26 7.26
2007-03-12 9.63 9.63 9.17 9.17
2007-03-20 10.04 10.04 9.5 9.5
2007-03-22 11.07 11.07 11.06 11.06
2007-03-27 10.59 10.6 9.84 9.84
2007-04-02 10.54 10.67 10.26 10.26
2007-04-06 11.94 11.94 11.51 11.51
2007-04-18 15.99 15.99 15.99 15.99
2007-04-19 16.79 16.79 16.79 16.79
2007-04-20 17.63 17.63 17.63 17.63
2007-07-24 8.69 9.17 8.5 8.5
2007-08-14 10.08 10.23 9.65 9.65
2007-10-08 11.52 11.89 10.99 10.99
2007-10-22 9.7 10.14 9.6 9.6
2007-11-16 8.14 8.23 7.62 7.62
2007-11-22 8.51 8.65 7.86 7.86
2007-12-03 7.84 8.0 7.62 7.62
2007-12-05 8.14 8.17 7.9 7.9
2007-12-10 8.65 8.66 8.2 8.2
2007-12-18 8.86 9.15 8.76 8.76
2007-12-24 9.58 9.66 9.12 9.12
2007-12-25 10.54 10.54 9.75 9.75
2007-12-28 12.13 12.13 11.1 11.1
2008-01-09 13.47 13.69 12.49 12.49
2008-01-15 14.31 14.85 13.39 13.39
2008-01-17 16.18 16.18 14.9 14.9
2008-03-14 11.15 11.3 11.0 11.0
2008-05-13 10.21 10.21 9.11 9.11
2008-05-27 9.08 9.09 8.65 8.65
2008-06-30 5.3 5.4 5.1 5.1
2008-07-07 6.22 6.22 5.65 5.65
2008-08-14 4.55 4.6 4.43 4.43
2008-11-10 3.3 3.3 3.13 3.13
2008-12-16 4.59 4.63 4.3 4.3
2008-12-19 4.66 4.77 4.63 4.63
2009-01-05 4.48 4.48 4.13 4.13
2009-01-22 5.11 5.14 5.0 5.0
2009-02-02 5.42 5.5 5.05 5.05
2009-02-06 5.5 5.55 5.3 5.3
2009-02-19 5.9 6.29 5.79 5.79
2009-03-10 5.7 5.74 5.46 5.46
2009-03-18 6.08 6.21 5.99 5.99
2009-05-04 8.38 8.53 8.08 8.08
2009-05-14 7.98 8.07 7.83 7.83
2009-07-01 7.2 7.25 7.12 7.12
2009-07-16 8.56 8.88 8.45 8.45
2009-09-11 8.49 8.55 8.31 8.31
2009-09-21 8.75 8.8 8.15 8.15
2009-11-30 8.95 8.97 8.58 8.58
2010-01-29 8.4 8.58 8.06 8.06
2010-04-06 9.36 9.42 9.28 9.28
2010-04-09 9.37 9.41 9.22 9.22
2010-06-22 7.29 7.43 7.19 7.19
2010-06-23 7.45 7.57 7.24 7.24
2010-07-07 6.46 6.57 6.22 6.22
2010-07-28 6.97 7.08 6.78 6.78
2010-08-11 7.32 7.41 7.21 7.21
2010-08-13 7.37 7.41 7.19 7.19
2010-08-16 7.56 7.59 7.33 7.33
2010-08-31 8.94 9.1 8.56 8.56
2010-09-02 8.88 9.04 8.79 8.79
2010-09-07 9.04 9.09 8.65 8.65
2010-09-17 8.22 8.39 8.2 8.2
2010-11-25 10.2 10.39 9.85 9.85
2010-12-13 11.86 12.12 11.31 11.31
2011-01-07 13.9 14.38 13.45 13.45
2011-01-21 13.51 14.29 13.3 13.3
2011-02-14 17.41 17.65 16.35 16.35
2011-03-18 17.08 17.19 16.8 16.8
2011-04-07 22.59 22.66 20.74 20.74
2011-04-20 19.37 19.78 19.2 19.2
2011-04-21 20.0 20.19 19.4 19.4
2011-04-27 19.6 20.3 18.9 18.9
2011-05-11 19.99 19.99 19.3 19.3
2011-06-14 17.73 17.73 16.12 16.12
2011-07-04 22.41 22.41 20.38 20.38
2011-07-13 22.29 22.34 21.68 21.68
2011-07-29 19.73 20.17 19.43 19.43
2011-08-01 19.89 20.08 19.79 19.79
2011-12-26 11.41 11.78 11.21 11.21
2012-03-01 13.87 14.04 13.65 13.65
2012-03-02 14.25 14.29 13.94 13.94
2012-03-08 13.73 13.83 13.57 13.57
2012-04-05 11.9 11.99 11.22 11.22
2012-05-22 12.23 12.5 11.88 11.88
2012-07-19 10.12 10.3 9.9 9.9
2012-08-03 9.58 9.59 9.28 9.28
2012-08-09 10.05 10.18 9.9 9.9
2012-10-09 10.47 10.65 9.99 9.99
2012-10-11 10.52 10.95 10.44 10.44
2012-11-30 8.37 8.48 8.2 8.2
2012-12-07 10.37 10.62 9.67 9.67
2013-02-04 12.46 13.09 11.85 11.85
2013-02-08 13.63 13.84 12.81 12.81
2013-02-25 11.37 11.43 11.25 11.25
2013-02-28 11.65 11.68 11.33 11.33
2013-03-06 10.57 10.65 10.51 10.51
2013-08-02 9.53 9.66 9.46 9.46
2013-08-07 10.01 10.24 9.68 9.68
2013-08-12 10.35 10.46 10.15 10.15
2013-09-10 10.55 10.6 10.34 10.34
2013-11-04 8.88 9.0 8.78 8.78
2013-11-19 9.06 9.18 8.98 8.98
2013-11-21 10.14 10.3 9.24 9.24
2014-01-22 8.73 8.78 8.46 8.46
2014-02-07 8.86 8.89 8.62 8.62
2014-02-10 9.06 9.08 8.85 8.85
2014-02-28 8.39 8.42 8.08 8.08
2014-03-06 8.68 8.82 8.57 8.57
2014-04-02 8.91 9.05 8.73 8.73
2014-04-30 8.56 8.62 8.41 8.41
2014-05-23 8.93 8.94 8.78 8.78
2014-06-30 8.57 8.61 8.53 8.53
2014-07-03 8.68 8.74 8.6 8.6
2014-07-24 9.09 9.1 8.91 8.91
2014-07-25 9.2 9.32 9.11 9.11
2014-08-04 9.43 9.45 9.22 9.22
2014-08-14 9.78 9.95 9.61 9.61
2014-08-20 10.09 10.21 9.91 9.91
2014-08-25 10.17 10.32 10.09 10.09
2014-09-01 10.25 10.33 10.1 10.1
2014-09-25 11.17 11.28 10.92 10.92
2015-02-06 12.32 12.32 12.32 12.32
2015-02-09 13.55 13.55 13.55 13.55
2015-02-10 14.91 14.91 14.91 14.91
2015-02-11 16.4 16.4 16.4 16.4
2015-02-12 18.04 18.04 18.04 18.04
2015-02-13 19.84 19.84 19.84 19.84
2015-02-25 21.07 22.33 20.72 20.72
2015-04-10 31.71 32.23 31.05 31.05
2015-05-19 35.68 35.97 34.06 34.06
2015-05-22 37.84 38.05 36.11 36.11
2015-06-24 33.73 36.18 33.73 33.73
2015-06-30 24.51 25.55 22.42 22.42
2015-07-09 14.32 14.32 12.86 12.86
2015-07-10 15.75 15.75 15.75 15.75
2015-07-13 17.33 17.33 17.33 17.33
2015-07-14 19.06 19.06 19.06 19.06
2015-11-09 22.7 22.7 22.7 22.7
2015-11-10 24.97 24.97 24.97 24.97
2015-11-11 27.47 27.47 27.47 27.47
2015-11-18 30.33 31.2 30.15 30.15
2015-12-15 34.42 34.76 33.81 33.81
2016-02-04 22.01 22.55 21.6 21.6
2016-02-17 25.98 25.98 25.98 25.98
2016-03-09 22.36 22.67 22.01 22.01
2016-09-19 29.41 29.41 29.41 29.41
2016-09-20 32.35 32.35 32.35 32.35
2016-10-20 31.02 31.29 30.4 30.4
2016-10-25 32.39 33.66 31.35 31.35
2016-12-07 31.84 31.98 30.76 30.76
2016-12-21 30.0 30.95 29.05 29.05
2016-12-26 31.12 31.14 28.7 28.7
2017-01-18 28.19 28.28 27.45 27.45
2017-01-23 28.6 28.87 28.35 28.35
2017-04-18 25.79 25.79 25.79 25.79
2017-04-19 23.21 23.21 23.21 23.21
2017-04-20 22.04 23.25 21.6 21.6
2017-04-26 21.56 21.71 21.1 21.1
