1997-12-10 14.88 15.0 14.5 14.5
1997-12-25 16.39 16.39 14.95 14.95
1997-12-30 17.46 17.55 16.51 16.51
1998-01-23 16.65 16.91 16.3 16.3
1998-02-11 17.1 17.28 16.75 16.75
1998-02-24 14.72 15.1 14.58 14.58
1998-03-06 14.2 14.4 14.0 14.0
1998-03-10 14.7 14.99 14.6 14.6
1998-03-12 14.34 14.7 14.2 14.2
1998-03-30 15.6 15.88 15.16 15.16
1998-04-07 16.0 16.25 15.6 15.6
1998-04-13 16.35 16.8 15.83 15.83
1998-04-15 16.3 16.48 16.02 16.02
1998-04-22 15.93 16.2 15.15 15.15
1998-05-29 18.0 18.1 17.45 17.45
1998-07-30 14.49 14.53 14.34 14.34
1998-08-12 12.65 12.8 12.0 12.0
1998-08-19 12.33 12.35 11.6 11.6
1998-09-03 12.85 12.95 12.36 12.36
1998-09-23 13.65 13.7 13.35 13.35
1998-10-08 13.6 13.6 13.3 13.3
1998-10-09 13.85 13.9 13.4 13.4
1998-11-06 13.96 14.18 13.5 13.5
1998-11-13 14.48 14.6 14.0 14.0
1998-11-20 14.78 14.97 14.38 14.38
1998-12-11 13.99 14.0 13.75 13.75
1999-01-08 14.08 14.1 13.71 13.71
1999-02-09 13.2 13.28 12.81 12.81
1999-03-04 13.25 13.37 12.8 12.8
1999-03-15 13.25 13.73 12.33 12.33
1999-03-19 13.45 14.3 13.0 13.0
1999-04-16 13.19 13.45 12.9 12.9
1999-04-29 12.27 12.38 12.08 12.08
1999-04-30 12.49 12.5 12.16 12.16
1999-05-18 11.77 11.84 11.72 11.72
1999-05-19 12.11 12.2 11.78 11.78
1999-05-20 12.51 12.58 12.0 12.0
1999-05-26 13.1 13.1 12.6 12.6
1999-06-14 15.1 15.25 14.9 14.9
1999-07-23 18.75 19.24 18.6 18.6
1999-08-04 19.88 19.9 19.05 19.05
1999-08-17 17.2 17.4 16.82 16.82
1999-09-07 15.89 15.94 15.42 15.42
1999-09-24 16.23 16.28 16.07 16.07
1999-09-30 17.2 17.2 16.65 16.65
1999-10-22 15.8 15.97 15.42 15.42
1999-10-26 15.35 15.55 15.35 15.35
1999-10-27 15.98 15.98 15.55 15.55
1999-11-05 15.0 15.08 14.8 14.8
1999-11-17 15.7 15.7 15.0 15.0
1999-11-26 15.0 15.33 14.9 14.9
1999-12-08 16.08 16.1 15.8 15.8
1999-12-15 16.18 16.18 15.53 15.53
1999-12-28 15.06 15.28 15.0 15.0
2000-01-04 15.62 15.79 15.29 15.29
2000-01-19 15.88 15.95 15.6 15.6
2000-01-24 16.43 16.45 15.7 15.7
2000-02-28 16.43 16.5 15.65 15.65
2000-03-15 15.0 15.4 14.62 14.62
2000-03-21 15.2 15.4 14.9 14.9
2000-03-27 15.94 15.98 15.2 15.2
2000-03-31 16.2 16.6 16.1 16.1
2000-04-03 16.2 16.61 16.2 16.2
2000-05-18 14.11 14.15 13.88 13.88
2000-06-06 15.44 15.5 15.25 15.25
2000-07-11 16.62 17.51 14.85 14.85
2000-07-18 16.76 16.77 16.2 16.2
2000-08-08 15.88 16.08 15.75 15.75
2000-08-16 16.23 16.23 15.85 15.85
2000-08-21 16.45 16.5 15.8 15.8
2000-08-28 16.61 16.73 16.14 16.14
2000-09-20 14.67 14.75 14.41 14.41
2000-10-10 14.87 14.93 14.53 14.53
2000-10-17 15.5 15.7 15.2 15.2
2000-11-01 17.4 17.7 16.85 16.85
2000-11-16 23.96 24.38 22.7 22.7
2000-12-20 24.2 24.51 23.66 23.66
2000-12-21 24.9 25.5 24.3 24.3
2000-12-26 25.97 25.98 24.7 24.7
2001-01-09 26.5 26.9 25.52 25.52
2001-01-16 24.5 24.5 22.5 22.5
2001-01-18 25.8 25.87 25.0 25.0
2001-02-12 25.35 25.48 24.24 24.24
2001-02-26 22.8 23.05 22.56 22.56
2001-03-22 25.0 25.5 23.85 23.85
2001-03-26 24.45 24.58 24.0 24.0
2001-03-28 24.3 24.4 24.08 24.08
2001-03-29 24.57 24.78 24.3 24.3
2001-04-10 24.61 24.73 24.48 24.48
2001-04-12 24.5 24.64 24.48 24.48
2001-04-13 24.74 24.8 24.5 24.5
2001-04-18 26.0 26.35 25.0 25.0
2001-04-19 26.78 26.8 25.5 25.5
2001-05-10 27.65 27.68 26.5 26.5
2001-05-14 29.65 29.65 27.0 27.0
2001-05-16 30.46 30.6 28.98 28.98
2001-06-15 31.98 32.0 31.59 31.59
2001-06-20 32.99 33.13 32.0 32.0
2001-07-06 32.48 32.59 32.3 32.3
2001-08-15 31.9 31.98 31.2 31.2
2001-08-16 31.3 32.8 31.26 31.26
2001-08-17 31.5 32.0 31.2 31.2
2001-08-29 30.9 31.51 30.55 30.55
2001-11-01 20.28 20.3 19.7 19.7
2001-11-09 21.6 21.95 20.4 20.4
2001-11-21 23.02 23.38 21.5 21.5
2001-12-14 25.57 25.85 24.88 24.88
2001-12-21 27.06 27.3 26.2 26.2
2002-01-18 25.49 25.5 23.91 23.91
2002-02-05 27.3 27.89 26.9 26.9
2002-03-04 25.27 25.5 24.99 24.99
2002-03-05 26.18 26.3 25.0 25.0
2002-03-07 26.28 26.6 25.81 25.81
2002-03-12 28.29 28.5 27.0 27.0
2002-04-18 29.91 30.18 29.0 29.0
2002-04-22 30.42 30.76 29.99 29.99
2002-05-28 30.94 31.8 29.9 29.9
2002-06-11 31.13 31.38 30.95 30.95
2002-07-23 32.38 32.5 30.9 30.9
2002-08-09 32.11 32.17 31.18 31.18
2002-08-12 32.15 32.3 31.68 31.68
2002-08-14 32.92 32.98 32.3 32.3
2002-08-19 32.51 32.76 32.38 32.38
2002-08-22 32.11 32.49 31.8 31.8
2002-10-10 29.27 29.44 29.0 29.0
2002-10-22 27.79 27.94 26.0 26.0
2002-12-16 29.28 29.3 27.1 27.1
2003-01-14 27.09 27.3 26.85 26.85
2003-02-11 26.65 26.9 26.55 26.55
2003-02-12 26.8 26.86 26.6 26.6
2003-03-14 26.36 26.4 26.1 26.1
2003-06-05 23.96 24.7 23.7 23.7
2003-06-26 25.85 25.99 25.0 25.0
2003-07-22 20.6 20.96 20.5 20.5
2003-08-18 19.9 20.0 19.8 19.8
2003-09-29 17.97 18.0 17.7 17.7
2003-09-30 18.25 18.48 17.81 17.81
2003-11-14 17.16 17.16 16.0 16.0
2003-11-21 19.03 19.1 18.0 18.0
2003-12-17 20.52 20.6 20.05 20.05
2003-12-18 20.5 20.56 19.9 19.9
2004-01-05 17.92 17.92 17.92 17.92
2004-01-06 16.85 18.77 16.13 16.13
2004-01-29 15.92 15.95 15.6 15.6
2004-02-04 17.69 18.28 16.9 16.9
2004-02-13 16.1 16.1 15.8 15.8
2004-03-11 14.95 15.1 14.65 14.65
2004-03-15 15.35 15.8 14.85 14.85
2004-03-19 15.5 15.85 14.8 14.8
2004-03-23 15.82 16.45 15.69 15.69
2004-04-20 14.67 15.1 14.55 14.55
2004-05-28 13.56 13.7 13.3 13.3
2004-05-31 13.44 13.49 13.15 13.15
2004-06-04 13.08 13.3 12.99 12.99
2004-08-04 8.0 8.1 7.65 7.65
2004-08-31 6.79 6.98 6.47 6.47
2004-09-03 6.98 7.17 6.83 6.83
2004-09-08 7.11 7.14 6.85 6.85
2004-09-14 6.97 7.0 6.52 6.52
2004-09-20 8.69 8.69 7.95 7.95
2004-11-10 6.95 6.96 6.5 6.5
2005-01-18 6.27 6.3 6.1 6.1
2005-01-27 6.15 6.27 6.12 6.12
2005-02-02 5.51 5.52 5.02 5.02
2005-04-21 4.86 4.94 4.8 4.8
2005-05-31 4.61 4.73 4.59 4.59
2005-06-08 4.9 4.96 4.53 4.53
2005-07-06 4.17 4.2 4.13 4.13
2005-07-22 4.02 4.09 3.9 3.9
2005-08-03 4.19 4.3 4.13 4.13
2005-09-13 6.2 6.2 6.03 6.03
2005-09-19 6.25 6.37 6.04 6.04
2005-10-21 6.66 6.82 6.55 6.55
2005-11-02 5.36 5.42 5.22 5.22
2005-12-06 4.57 4.62 4.5 4.5
2006-10-13 6.21 6.23 6.03 6.03
2007-03-07 9.26 9.35 8.93 8.93
2007-03-12 10.36 10.58 9.75 9.75
2007-03-15 11.2 11.2 10.36 10.36
2007-03-20 13.24 13.44 12.41 12.41
2007-03-22 13.26 14.0 13.09 13.09
2007-04-09 13.66 13.99 13.44 13.44
2007-04-12 13.69 13.99 13.53 13.53
2007-04-20 15.02 15.15 14.28 14.28
2007-04-23 15.83 16.08 15.11 15.11
2007-04-30 17.92 17.92 16.35 16.35
2007-05-23 21.81 22.6 21.2 21.2
2007-05-24 22.79 23.1 21.63 21.63
2007-07-11 16.69 16.72 16.25 16.25
2007-07-23 17.4 17.69 16.85 16.85
2007-08-09 19.1 19.1 17.3 17.3
2007-08-20 20.96 21.12 20.0 20.0
2007-08-30 21.3 22.1 20.82 20.82
2007-09-14 19.78 19.95 19.01 19.01
2007-10-18 19.2 20.2 19.04 19.04
2007-12-04 14.45 14.65 14.29 14.29
2007-12-13 16.18 16.8 15.82 15.82
2007-12-19 17.92 18.36 16.88 16.88
2008-01-24 16.19 16.58 15.61 15.61
2008-02-04 15.87 15.97 14.95 14.95
2008-02-27 17.19 17.45 16.73 16.73
2008-05-05 13.17 13.28 12.78 12.78
2008-05-27 9.87 10.14 9.66 9.66
2008-05-28 10.45 10.55 10.0 10.0
2008-07-02 7.15 7.23 6.93 6.93
2008-07-09 8.58 8.59 8.05 8.05
2008-07-14 8.28 8.34 7.91 7.91
2008-10-15 4.63 4.74 4.52 4.52
2008-12-10 5.6 5.68 5.2 5.2
2008-12-25 5.16 5.23 4.95 4.95
2009-01-14 5.76 5.8 5.56 5.56
2009-01-21 5.92 6.05 5.85 5.85
2009-02-06 6.88 6.89 6.46 6.46
2009-05-19 9.95 10.28 9.7 9.7
2009-06-19 9.67 9.93 9.29 9.29
2009-06-26 9.35 9.49 9.28 9.28
2009-07-07 9.38 9.38 9.18 9.18
2009-07-08 9.47 9.49 9.15 9.15
2009-08-05 10.1 10.35 9.83 9.83
2009-09-07 9.25 9.47 8.8 8.8
2009-10-14 9.2 9.35 8.99 8.99
2009-12-08 11.8 12.1 11.66 11.66
2010-02-22 14.12 14.4 13.75 13.75
2010-03-26 13.54 13.68 13.3 13.3
2010-03-29 13.7 13.92 13.55 13.55
2010-04-12 15.09 15.1 14.6 14.6
2010-05-04 14.05 14.2 13.35 13.35
2010-05-07 13.22 13.84 13.12 13.12
2010-05-21 11.81 11.86 11.0 11.0
2010-05-24 12.27 12.38 11.83 11.83
2010-06-09 9.76 9.77 9.54 9.54
2010-08-30 9.49 9.55 9.28 9.28
2010-09-17 10.68 10.86 10.53 10.53
2010-09-21 11.5 11.85 10.81 10.81
2011-01-26 8.58 8.67 8.45 8.45
2011-01-27 8.72 8.75 8.46 8.46
2011-02-23 9.11 9.25 9.04 9.04
2011-04-15 10.27 10.4 9.68 9.68
2011-05-09 9.57 9.69 9.43 9.43
2011-06-14 8.54 8.61 8.37 8.37
2011-06-30 8.54 8.6 8.46 8.46
2011-07-13 8.96 9.02 8.81 8.81
2011-08-04 8.47 8.49 8.3 8.3
2011-08-25 8.14 8.16 7.86 7.86
2011-09-09 7.88 8.0 7.77 7.77
2011-11-14 7.7 7.74 7.63 7.63
2011-11-23 7.16 7.2 7.13 7.13
2011-12-06 6.87 6.9 6.76 6.76
2011-12-09 6.86 6.9 6.75 6.75
2012-01-20 6.37 6.48 6.1 6.1
2012-02-22 6.85 6.86 6.71 6.71
2012-03-02 6.86 6.87 6.77 6.77
2012-03-08 6.96 6.98 6.71 6.71
2012-03-16 7.04 7.04 6.8 6.8
2012-03-19 7.23 7.26 7.05 7.05
2012-05-10 7.23 7.31 7.12 7.12
2012-05-11 7.46 7.56 7.2 7.2
2012-06-05 7.3 7.43 7.19 7.19
2012-06-11 7.18 7.22 7.08 7.08
2012-06-12 7.18 7.24 7.15 7.15
2012-06-29 7.19 7.2 7.0 7.0
2012-07-20 7.79 7.99 7.75 7.75
2012-08-01 7.1 7.17 6.98 6.98
2012-08-10 8.0 8.01 7.63 7.63
2012-08-21 7.94 8.13 7.89 7.89
2012-09-27 8.04 8.05 7.71 7.71
2012-10-22 8.1 8.24 7.9 7.9
2012-10-30 7.66 7.72 7.62 7.62
2012-11-01 7.75 7.78 7.61 7.61
2013-01-18 7.19 7.26 7.02 7.02
2013-02-06 7.27 7.34 7.16 7.16
2013-02-08 7.34 7.41 7.27 7.27
2013-03-14 7.33 7.34 7.2 7.2
2013-03-29 7.73 7.8 7.46 7.46
2013-05-06 6.83 6.86 6.67 6.67
2013-05-24 8.36 8.64 7.99 7.99
2013-05-27 8.55 8.65 8.29 8.29
2013-07-10 8.67 8.68 8.4 8.4
2013-07-15 9.1 9.28 8.82 8.82
2013-08-27 9.1 9.11 8.85 8.85
2013-09-27 9.28 9.49 9.15 9.15
2013-10-21 9.29 9.3 9.14 9.14
2013-11-20 8.43 8.5 8.37 8.37
2013-12-03 8.66 8.72 8.4 8.4
2014-01-29 8.09 8.15 8.04 8.04
2014-02-10 8.33 8.49 7.87 7.87
2014-02-12 8.41 8.46 8.35 8.35
2014-04-04 8.57 8.6 8.39 8.39
2014-05-23 8.32 8.33 8.21 8.21
2014-05-30 8.89 8.9 8.5 8.5
2014-07-22 8.61 8.62 8.22 8.22
2014-08-21 10.82 11.12 10.7 10.7
2014-08-25 11.08 11.4 10.8 10.8
2014-08-26 11.41 11.66 11.05 11.05
2014-09-04 12.23 12.27 11.5 11.5
2014-09-12 14.43 14.6 13.53 13.53
2014-10-20 17.52 17.53 15.98 15.98
2014-11-19 16.73 16.88 15.9 15.9
2014-12-02 15.93 15.94 15.49 15.49
2014-12-10 17.2 17.34 16.4 16.4
2015-04-29 18.68 18.68 18.68 18.68
2015-04-30 20.55 20.55 20.55 20.55
2015-05-04 22.61 22.61 22.61 22.61
2015-05-27 39.74 40.29 38.28 38.28
2015-06-01 38.52 39.3 36.55 36.55
2015-06-05 40.16 41.9 38.9 38.9
2015-07-08 14.83 14.83 14.83 14.83
2015-07-09 16.31 16.31 13.35 13.35
2015-07-10 17.94 17.94 17.94 17.94
2015-07-13 19.73 19.73 19.73 19.73
2015-07-14 21.7 21.7 21.7 21.7
2015-08-04 18.9 18.9 17.36 17.36
2015-08-07 21.92 22.2 20.56 20.56
2015-09-09 17.13 17.65 16.45 16.45
2015-09-21 16.89 16.9 15.66 15.66
2015-10-16 19.84 20.47 19.36 19.36
2015-10-23 20.8 20.8 19.2 19.2
2015-11-03 20.75 21.18 19.38 19.38
2015-11-04 22.83 22.83 20.95 20.95
2015-12-14 20.79 20.81 19.43 19.43
2016-03-07 13.86 14.22 13.71 13.71
2016-03-18 14.33 14.46 13.9 13.9
2016-03-21 15.06 15.38 14.6 14.6
2016-04-11 17.34 17.52 17.0 17.0
2016-04-13 18.76 18.76 18.76 18.76
2016-05-19 15.49 15.86 15.37 15.37
2016-05-31 16.55 16.69 15.87 15.87
2016-06-28 17.62 17.63 16.64 16.64
2016-07-15 18.53 18.68 18.36 18.36
2016-09-09 20.5 20.79 20.04 20.04
2016-09-13 20.02 20.1 19.85 19.85
2016-09-19 19.34 19.37 19.2 19.2
2016-10-10 19.48 19.48 19.05 19.05
2016-10-18 19.24 19.28 18.85 18.85
2016-12-07 18.95 18.99 18.71 18.71
2016-12-15 17.3 17.41 17.02 17.02
2016-12-30 17.15 17.17 17.05 17.05
2017-01-20 16.8 16.92 16.45 16.45
2017-01-23 16.96 17.13 16.8 16.8
2017-02-28 18.01 18.09 17.9 17.9
2017-03-01 18.53 18.76 18.19 18.19
2017-03-10 17.75 17.85 17.73 17.73
2017-03-16 18.13 18.15 17.81 17.81
2017-03-31 17.73 17.78 17.59 17.59
2017-04-06 18.0 18.1 17.93 17.93
2017-04-11 18.04 18.06 17.75 17.75
2017-06-29 13.48 13.57 13.43 13.43
2017-07-21 13.87 14.14 13.52 13.52
2017-07-26 14.39 14.57 14.2 14.2
2017-08-02 14.74 14.79 14.15 14.15
2017-08-03 14.65 14.96 14.6 14.6
2017-08-14 15.45 15.46 14.82 14.82
