1990-12-24 356.7 356.7 356.7 356.7
1990-12-25 374.6 374.6 374.6 374.6
1990-12-28 378.3 378.3 378.3 378.3
1990-12-31 382.1 382.1 382.1 382.1
1991-01-02 385.9 385.9 385.9 385.9
1991-01-03 389.8 389.8 389.8 389.8
1991-01-04 393.7 393.7 393.7 393.7
1991-01-07 395.7 395.7 395.7 395.7
1991-01-08 397.7 397.7 397.7 397.7
1991-01-09 399.7 399.7 399.7 399.7
1991-01-10 401.7 401.7 401.7 401.7
1991-01-11 403.7 403.7 403.7 403.7
1991-01-14 405.7 405.7 405.7 405.7
1991-01-17 405.7 405.7 405.7 405.7
1991-01-18 403.7 403.7 403.7 403.7
1991-01-21 401.7 401.7 401.7 401.7
1991-01-22 399.7 399.7 399.7 399.7
1991-01-23 397.7 397.7 397.7 397.7
1991-01-24 395.7 395.7 395.7 395.7
1991-01-25 393.7 393.7 393.7 393.7
1991-01-28 391.8 395.7 391.7 391.7
1991-01-29 393.8 393.8 393.8 393.8
1991-01-30 395.8 395.8 395.8 395.8
1991-01-31 397.8 397.8 397.8 397.8
1991-02-01 399.8 399.8 399.8 399.8
1991-02-04 401.8 401.8 401.8 401.8
1991-02-05 403.8 403.8 403.8 403.8
1991-02-06 405.8 405.8 405.8 405.8
1991-02-07 407.8 407.8 407.8 407.8
1991-02-08 409.8 409.8 409.8 409.8
1991-02-11 411.8 411.8 411.8 411.8
1991-02-12 413.9 413.9 413.9 413.9
1991-02-13 416.0 416.0 416.0 416.0
1991-02-14 418.1 418.1 418.1 418.1
1991-02-19 420.2 420.2 420.2 420.2
1991-02-21 422.3 422.3 422.3 422.3
1991-02-22 424.4 424.4 424.4 424.4
1991-02-25 426.5 426.5 426.5 426.5
1991-02-26 428.6 428.6 428.6 428.6
1991-02-27 430.7 430.7 430.7 430.7
1991-02-28 432.9 432.9 432.9 432.9
1991-03-01 435.1 435.1 435.1 435.1
1991-03-05 430.7 430.7 430.7 430.7
1991-03-06 428.5 428.5 428.5 428.5
1991-03-07 426.4 426.4 426.4 426.4
1991-03-08 424.3 424.3 424.3 424.3
1991-03-11 422.2 422.2 422.2 422.2
1991-03-12 420.1 420.1 420.1 420.1
1991-03-13 418.0 418.0 418.0 418.0
1991-03-14 415.9 415.9 415.9 415.9
1991-03-15 418.0 418.0 413.8 413.8
1991-03-18 420.1 420.1 420.1 420.1
1991-03-20 419.9 419.9 419.9 419.9
1991-03-21 417.8 417.8 417.8 417.8
1991-03-22 415.7 415.7 415.7 415.7
1991-03-25 413.6 413.6 413.6 413.6
1991-03-26 411.5 411.5 411.5 411.5
1991-03-27 409.4 409.4 409.4 409.4
1991-03-28 407.4 407.4 407.4 407.4
1991-03-29 405.4 405.4 405.4 405.4
1991-04-01 407.4 407.4 403.4 403.4
1991-04-03 403.4 403.4 403.4 403.4
1991-04-04 401.4 401.4 401.4 401.4
1991-04-05 389.4 389.4 389.4 389.4
1991-04-08 387.5 387.5 387.5 387.5
1991-04-09 385.6 385.6 385.6 385.6
1991-04-10 383.7 383.7 383.7 383.7
1991-04-11 381.8 381.8 381.8 381.8
1991-04-12 379.9 379.9 379.9 379.9
1991-04-15 378.0 378.0 378.0 378.0
1991-04-16 376.1 376.1 376.1 376.1
1991-04-17 374.2 374.2 374.2 374.2
1991-04-18 372.3 372.3 372.3 372.3
1991-04-22 370.4 370.4 370.4 370.4
1991-04-23 368.5 368.5 368.5 368.5
1991-04-24 366.7 366.7 366.7 366.7
1991-04-25 364.9 364.9 364.9 364.9
1991-04-26 361.3 361.3 361.3 361.3
1991-04-29 357.7 357.7 357.7 357.7
1991-04-30 354.1 354.1 354.1 354.1
1991-05-02 350.6 350.6 350.6 350.6
1991-05-06 347.1 347.1 347.1 347.1
1991-05-07 343.6 343.6 343.6 343.6
1991-05-08 340.2 340.2 340.2 340.2
1991-05-09 336.8 336.8 336.8 336.8
1991-05-10 333.4 333.4 333.4 333.4
1991-05-16 326.8 326.8 326.8 326.8
1991-05-17 330.1 330.1 323.5 323.5
1991-05-20 333.4 333.4 333.4 333.4
1991-05-21 336.7 336.7 336.7 336.7
1991-05-23 336.7 340.0 336.7 336.7
1991-05-24 340.1 340.1 340.1 340.1
1991-05-27 343.5 343.5 343.5 343.5
1991-05-28 346.9 346.9 346.9 346.9
1991-05-29 350.4 350.4 350.4 350.4
1991-05-30 353.9 353.9 353.9 353.9
1991-06-03 357.4 357.4 357.4 357.4
1991-06-04 361.0 361.0 361.0 361.0
1991-06-05 364.6 364.6 364.6 364.6
1991-06-06 368.2 368.2 368.2 368.2
1991-06-10 371.9 371.9 371.9 371.9
1991-06-11 375.6 375.6 375.6 375.6
1991-06-12 379.4 379.4 379.4 379.4
1991-06-17 383.2 383.2 375.6 375.6
1991-06-18 387.0 387.0 387.0 387.0
1991-06-19 390.9 390.9 390.9 390.9
1991-06-20 394.8 394.8 394.8 394.8
1991-06-21 398.7 398.7 398.7 398.7
1991-06-24 402.7 402.7 402.7 402.7
1991-06-25 406.7 406.7 406.7 406.7
1991-06-26 410.8 410.8 410.8 410.8
1991-06-27 414.9 414.9 414.9 414.9
1991-06-28 419.0 419.0 419.0 419.0
1991-07-01 423.2 423.2 423.2 423.2
1991-07-02 419.0 419.0 419.0 419.0
1991-07-03 423.2 423.2 414.8 414.8
1991-07-04 427.4 427.4 419.0 419.0
1991-07-08 436.0 436.0 427.4 427.4
1991-07-10 444.8 444.8 444.8 444.8
1991-07-15 458.2 458.2 458.2 458.2
1991-07-16 462.8 462.8 462.8 462.8
1991-07-17 467.4 467.4 467.4 467.4
1991-07-18 472.1 472.1 472.1 472.1
1991-07-19 476.8 476.8 476.8 476.8
1991-07-22 481.6 481.6 481.6 481.6
1991-07-23 486.4 486.4 486.4 486.4
1991-07-24 491.3 491.3 491.3 491.3
1991-07-26 501.0 501.0 491.0 491.0
1991-07-29 506.0 506.0 506.0 506.0
1991-07-30 511.1 511.1 511.1 511.1
1991-07-31 516.2 516.2 516.2 516.2
1991-08-01 521.4 521.4 521.4 521.4
1991-08-02 526.6 526.6 526.6 526.6
1991-08-05 531.9 531.9 531.9 531.9
1991-08-06 537.2 537.2 537.2 537.2
1991-08-07 542.6 542.6 542.6 542.6
1991-08-08 548.0 548.0 548.0 548.0
1991-08-09 553.5 553.5 553.5 553.5
1991-08-13 564.6 564.6 564.6 564.6
1991-08-14 570.2 570.2 570.2 570.2
1991-08-15 575.9 575.9 575.9 575.9
1991-08-16 581.7 581.7 581.7 581.7
1991-08-19 587.5 587.5 587.5 587.5
1991-08-20 593.4 593.4 593.4 593.4
1991-08-21 599.3 599.3 599.3 599.3
1991-08-22 605.3 605.3 605.3 605.3
1991-08-23 611.4 611.4 611.4 611.4
1991-08-26 617.5 617.5 617.5 617.5
1991-08-27 623.7 623.7 623.7 623.7
1991-08-28 629.9 629.9 629.9 629.9
1991-08-29 636.2 636.2 636.2 636.2
1991-08-30 642.6 642.6 642.6 642.6
1991-09-02 649.0 649.0 649.0 649.0
1991-09-03 655.5 655.5 655.5 655.5
1991-09-04 662.1 662.1 662.1 662.1
1991-09-05 668.7 668.7 668.7 668.7
1991-09-06 675.4 675.4 675.4 675.4
1991-09-09 682.2 682.2 682.2 682.2
1991-09-11 668.6 668.6 668.6 668.6
1991-09-12 661.9 661.9 661.9 661.9
1991-09-13 655.35 666.9 655.3 655.3
1991-09-16 661.9 661.9 661.9 661.9
1991-09-18 648.7 648.7 648.7 648.7
1991-09-19 642.2 655.2 642.2 642.2
1991-09-20 635.8 635.8 635.8 635.8
1991-09-23 629.4 629.4 629.4 629.4
1991-09-24 623.1 623.1 623.1 623.1
1991-09-25 616.9 616.9 616.9 616.9
1991-09-26 610.7 610.7 610.7 610.7
1991-09-27 604.6 604.6 604.6 604.6
1991-09-30 598.6 598.6 598.6 598.6
1991-10-03 592.6 592.6 592.6 592.6
1991-10-04 598.5 598.5 586.7 586.7
1991-10-09 592.5 592.5 592.5 592.5
1991-10-15 614.6 614.6 608.5 608.5
1991-10-18 633.2 633.2 633.2 633.2
1991-10-21 639.5 639.5 639.5 639.5
1991-10-22 645.9 645.9 645.9 645.9
1991-10-23 652.4 652.4 652.4 652.4
1991-10-28 653.5 653.5 652.95 652.95
1991-10-29 660.0 660.0 660.0 660.0
1991-10-30 666.6 666.6 666.6 666.6
1991-10-31 673.3 673.3 673.3 673.3
1991-11-04 686.8 686.8 686.8 686.8
1991-11-05 693.7 693.7 693.7 693.7
1991-11-06 700.6 700.6 700.6 700.6
1991-11-07 707.6 707.6 707.6 707.6
1991-11-11 721.8 721.8 721.8 721.8
1991-11-12 729.0 729.0 729.0 729.0
1991-11-13 736.3 736.3 736.3 736.3
1991-11-14 743.7 743.7 743.7 743.7
1991-11-15 751.1 751.1 751.1 751.1
1991-11-18 758.6 758.6 758.6 758.6
1991-11-19 758.6 758.6 758.6 758.6
1991-11-20 766.2 766.2 766.2 766.2
1991-11-21 766.2 766.2 766.2 766.2
1991-11-22 766.2 766.2 766.2 766.2
1991-11-25 773.9 773.9 773.9 773.9
1991-11-26 781.6 781.6 781.6 781.6
1991-11-27 789.4 789.4 789.4 789.4
1991-11-28 797.3 797.3 797.3 797.3
1991-12-03 809.2 809.2 809.2 809.2
1991-12-04 817.3 817.3 817.3 817.3
1991-12-05 825.5 825.5 825.5 825.5
1991-12-06 833.8 833.8 833.8 833.8
1991-12-09 842.1 842.1 842.1 842.1
1991-12-10 850.5 850.5 850.5 850.5
1991-12-11 859.0 859.0 859.0 859.0
1991-12-12 859.0 859.0 859.0 859.0
1991-12-13 867.6 867.6 867.6 867.6
1991-12-16 867.6 867.6 867.6 867.6
1991-12-17 876.3 876.3 876.3 876.3
1991-12-18 885.1 885.1 885.1 885.1
1991-12-19 885.1 885.1 885.1 885.1
1991-12-20 894.0 894.0 894.0 894.0
1991-12-23 902.9 902.9 902.9 902.9
1991-12-24 902.9 902.9 902.9 902.9
1991-12-25 911.9 911.9 911.9 911.9
1991-12-26 921.0 921.0 921.0 921.0
1991-12-27 930.2 930.2 930.2 930.2
1991-12-30 930.2 930.2 930.2 930.2
1991-12-31 939.5 939.5 939.5 939.5
1992-01-02 948.9 948.9 948.9 948.9
1992-01-03 958.4 958.4 958.4 958.4
1992-01-06 968.0 968.0 968.0 968.0
1992-01-07 977.7 977.7 977.7 977.7
1992-01-08 987.5 987.5 987.5 987.5
1992-01-09 997.4 997.4 997.4 997.4
1992-01-10 1007.4 1007.4 1007.4 1007.4
1992-01-13 1017.5 1017.5 1017.5 1017.5
1992-01-14 1017.5 1017.5 1017.5 1017.5
1992-01-15 1027.7 1027.7 1027.7 1027.7
1992-01-17 1027.7 1027.7 1027.7 1027.7
1992-01-20 1027.7 1027.7 1027.7 1027.7
1992-01-21 1038.0 1038.0 1038.0 1038.0
1992-01-22 1038.0 1038.0 1038.0 1038.0
1992-01-23 1038.0 1038.0 1038.0 1038.0
1992-01-24 1048.4 1048.4 1048.4 1048.4
1992-01-27 1058.9 1058.9 1058.9 1058.9
1992-01-28 1058.9 1058.9 1058.9 1058.9
1992-01-29 1069.5 1069.5 1069.5 1069.5
1992-01-30 1080.2 1080.2 1080.2 1080.2
1992-01-31 1091.0 1091.0 1091.0 1091.0
1992-02-03 1091.0 1091.0 1091.0 1091.0
1992-02-07 1091.0 1091.0 1091.0 1091.0
1992-02-10 1101.9 1101.9 1101.9 1101.9
1992-02-11 1101.9 1101.9 1101.9 1101.9
1992-02-12 1101.9 1101.9 1101.9 1101.9
1992-02-14 1091.6 1091.6 1091.6 1091.6
1992-02-17 1091.6 1091.6 1091.6 1091.6
1992-02-18 1599.9 1652.25 1103.8 1103.8
1992-02-19 1774.0 1774.2 1600.3 1600.3
1992-02-20 1913.6 1914.3 1774.8 1774.8
1992-02-24 1991.3 1991.3 1986.7 1986.7
1992-02-25 2003.5 2003.5 1991.5 1991.5
1992-02-26 2013.1 2013.1 2003.9 2003.9
1992-02-27 2022.2 2022.2 2013.2 2013.2
1992-02-28 2029.1 2029.25 2022.5 2022.5
1992-03-02 2039.6 2039.7 2030.0 2030.0
1992-03-03 2051.1 2051.1 2041.4 2041.4
1992-03-04 2055.75 2056.0 2048.8 2048.8
1992-03-05 2062.0 2062.0 2058.9 2058.9
1992-03-06 2068.8 2068.8 2064.0 2064.0
1992-03-09 2076.4 2076.6 2069.0 2069.0
1992-03-10 2084.8 2084.8 2077.0 2077.0
1992-03-11 2091.4 2091.4 2085.2 2085.2
1992-03-12 2097.5 2097.6 2093.4 2093.4
1992-03-13 2106.7 2106.7 2098.0 2098.0
1992-03-16 2117.4 2117.4 2109.5 2109.5
1992-03-17 2133.0 2133.0 2118.2 2118.2
1992-03-18 2144.8 2144.8 2133.4 2133.4
1992-03-19 2168.5 2168.5 2145.6 2145.6
1992-03-20 2193.0 2193.0 2169.1 2169.1
1992-03-23 2221.4 2221.4 2193.6 2193.6
1992-03-24 2254.3 2255.05 2221.6 2221.6
1992-03-27 2281.4 2281.4 2271.1 2271.1
1992-03-30 2285.4 2285.4 2284.6 2284.6
1992-03-31 2290.6 2290.6 2287.4 2287.4
1992-04-01 2300.5 2300.5 2293.4 2293.4
1992-04-02 2308.5 2308.5 2300.9 2300.9
1992-04-03 2320.6 2320.6 2309.1 2309.1
1992-04-06 2328.0 2328.0 2321.6 2321.6
1992-04-07 2336.9 2337.0 2328.8 2328.8
1992-04-08 2347.3 2347.3 2337.05 2337.05
1992-04-09 2357.8 2357.9 2348.5 2348.5
1992-04-13 2437.0 2437.0 2359.5 2359.5
1992-04-14 2641.0 2641.0 2438.5 2438.5
1992-05-21 2412.5 2510.0 2225.0 2225.0
1992-06-17 161.5 164.0 160.0 160.0
1992-07-24 151.0 153.5 140.0 140.0
1992-07-27 156.6 159.75 152.1 152.1
1992-10-16 94.4 95.0 92.0 92.0
1992-11-25 84.0 84.5 66.1 66.1
1992-12-02 104.8 106.0 98.0 98.0
1992-12-17 11.85 11.85 11.3 11.3
1993-01-05 11.94 11.99 11.55 11.55
1993-01-13 13.61 13.8 13.12 13.12
1993-01-20 13.75 13.86 12.8 12.8
1993-01-27 14.9 15.1 14.68 14.68
1993-04-06 12.4 12.68 11.05 11.05
1993-04-08 15.5 15.9 13.1 13.1
1993-04-22 15.32 15.32 14.8 14.8
1993-04-28 17.91 18.16 17.11 17.11
1993-06-25 10.71 11.35 10.48 10.48
1993-07-02 11.24 11.5 10.78 10.78
1993-08-11 10.28 10.3 10.0 10.0
1993-09-03 10.15 10.2 9.92 9.92
1993-11-16 12.49 13.4 11.71 11.71
1994-04-06 13.11 13.35 13.0 13.0
1994-05-04 11.82 11.94 11.5 11.5
1994-05-10 11.19 11.19 11.0 11.0
1994-06-02 10.81 10.95 10.7 10.7
1994-07-13 4.74 4.75 4.64 4.64
1994-09-21 12.5 12.58 11.56 11.56
1994-09-28 11.73 11.85 11.2 11.2
1994-10-19 8.21 8.25 7.85 7.85
1995-01-26 6.32 6.4 6.27 6.27
1995-01-27 6.4 6.48 6.3 6.3
1995-02-08 6.05 6.13 6.0 6.0
1995-02-13 6.24 6.27 6.08 6.08
1995-04-14 6.95 7.0 6.9 6.9
1995-04-20 7.05 7.1 6.9 6.9
1995-05-12 6.3 6.45 6.12 6.12
1995-06-07 7.88 7.88 7.45 7.45
1995-06-08 7.89 8.32 7.8 7.8
1995-06-13 7.76 7.83 7.7 7.7
1995-06-21 7.13 7.18 7.0 7.0
1995-08-07 7.38 7.38 7.2 7.2
1995-10-04 6.7 6.75 6.68 6.68
1995-10-05 6.75 6.78 6.65 6.65
1995-10-17 6.47 6.55 6.41 6.41
1995-10-18 6.52 6.6 6.41 6.41
1995-12-05 6.4 6.4 6.35 6.35
1995-12-07 6.3 6.36 6.3 6.3
1995-12-22 6.14 6.25 6.13 6.13
1996-01-04 5.8 5.8 5.6 5.6
1996-01-09 5.72 5.75 5.5 5.5
1996-01-10 5.6 5.64 5.57 5.57
1996-01-11 5.59 5.65 5.58 5.58
1996-01-31 5.31 5.38 5.25 5.25
1996-02-06 5.21 5.22 5.18 5.18
1996-02-09 5.22 5.28 5.15 5.15
1996-02-16 5.45 5.54 5.35 5.35
1996-04-12 5.77 5.85 5.73 5.73
1996-04-19 6.15 6.15 5.93 5.93
1996-04-26 6.95 7.1 6.43 6.43
1996-06-07 7.01 7.2 6.85 6.85
1996-08-27 6.45 6.48 6.1 6.1
1996-08-30 6.57 6.64 6.38 6.38
1996-09-04 6.65 6.71 6.51 6.51
1996-09-11 6.2 6.25 6.1 6.1
1996-12-17 7.74 7.74 7.74 7.74
1997-01-13 7.28 7.4 7.13 7.13
1997-01-20 7.28 7.28 7.15 7.15
1997-02-20 7.7 7.77 6.8 6.8
1997-03-21 14.22 14.59 13.7 13.7
1997-03-28 14.1 14.74 13.41 13.41
1997-05-12 23.74 23.74 22.58 22.58
1997-05-15 18.39 19.2 18.39 18.39
1997-05-16 16.55 16.55 16.55 16.55
1997-05-19 15.0 16.48 14.9 14.9
1997-05-22 11.34 11.78 11.34 11.34
1997-06-13 12.91 13.0 10.92 10.92
1998-03-27 9.56 9.67 8.81 8.81
1998-04-01 9.6 9.6 9.25 9.25
1998-09-14 11.82 11.92 11.02 11.02
1999-01-18 7.1 7.1 6.51 6.51
1999-03-11 7.5 7.68 7.28 7.28
1999-03-19 7.45 7.64 7.35 7.35
1999-06-28 11.72 11.72 11.4 11.4
1999-06-29 12.89 12.89 12.89 12.89
1999-08-13 11.45 11.78 11.2 11.2
1999-09-09 12.37 12.38 11.51 11.51
1999-09-17 11.74 11.95 11.68 11.68
1999-10-22 10.31 10.65 9.98 9.98
2000-02-28 10.58 10.7 10.18 10.18
2000-03-21 10.65 10.82 10.35 10.35
2000-12-22 13.51 13.8 13.39 13.39
2000-12-29 13.4 13.52 13.0 13.0
2001-01-05 13.95 14.16 13.7 13.7
2001-01-11 14.0 14.24 13.95 13.95
2001-01-19 12.89 12.96 12.75 12.75
2001-02-12 12.0 12.06 11.75 11.75
2001-06-25 13.16 13.3 12.92 12.92
2001-08-09 10.08 10.08 9.9 9.9
2001-08-10 10.34 10.37 10.15 10.15
2001-09-18 9.07 9.18 8.95 8.95
2001-10-29 8.72 8.8 8.44 8.44
2001-11-28 8.76 8.86 8.72 8.72
2001-11-30 9.11 9.18 8.66 8.66
2002-02-07 7.6 7.69 7.4 7.4
2002-02-25 7.75 7.95 7.68 7.68
2002-04-03 8.05 8.3 8.03 8.03
2002-04-10 8.84 9.08 8.69 8.69
2002-04-12 8.65 8.75 8.6 8.6
2002-04-26 8.69 8.75 8.38 8.38
2002-04-29 8.76 8.84 8.5 8.5
2002-08-05 8.41 8.48 8.37 8.37
2002-08-06 8.51 8.55 8.4 8.4
2002-08-13 7.56 7.6 7.55 7.55
2002-08-20 7.58 7.62 7.48 7.48
2002-10-22 6.84 6.91 6.7 6.7
2002-10-23 6.92 6.96 6.85 6.85
2002-10-29 6.65 6.67 6.5 6.5
2003-01-13 5.95 6.03 5.82 5.82
2003-01-14 6.31 6.35 5.9 5.9
2003-02-14 6.36 6.45 6.33 6.33
2003-02-19 6.76 6.78 6.48 6.48
2003-05-22 5.66 5.7 5.58 5.58
2003-05-27 6.25 6.25 6.0 6.0
2003-08-22 6.09 6.13 6.06 6.06
2003-11-19 4.86 4.88 4.66 4.66
2004-01-29 5.82 5.84 5.61 5.61
2004-03-10 6.15 6.15 6.02 6.02
2004-04-22 6.18 6.19 6.07 6.07
2004-04-26 6.14 6.15 6.03 6.03
2004-04-27 6.2 6.29 6.18 6.18
2004-09-15 3.76 3.8 3.55 3.55
2004-09-16 3.82 3.87 3.78 3.78
2004-09-23 4.19 4.22 4.07 4.07
2005-01-05 3.67 3.74 3.53 3.53
2005-01-13 3.8 3.85 3.7 3.7
2005-01-18 3.68 3.69 3.59 3.59
2005-04-19 3.5 3.5 3.43 3.43
2006-12-11 2.39 2.4 2.33 2.33
2007-07-30 6.22 6.24 6.01 6.01
2007-12-20 5.77 5.85 5.68 5.68
2007-12-26 6.19 6.2 6.08 6.08
2008-11-05 2.25 2.28 2.08 2.08
2008-12-10 2.96 3.09 2.85 2.85
2009-02-06 3.1 3.12 2.98 2.98
2009-05-08 4.68 4.8 4.4 4.4
2009-07-30 7.39 7.39 6.77 6.77
2009-12-31 6.66 6.72 6.44 6.44
2010-01-21 6.68 6.82 6.57 6.57
2010-08-11 5.58 5.64 5.47 5.47
2010-09-13 5.6 5.68 5.45 5.45
2010-09-20 6.2 6.2 5.7 5.7
2010-10-08 6.3 6.45 6.21 6.21
2011-01-21 6.72 6.8 6.42 6.42
2011-01-26 6.5 6.51 6.35 6.35
2011-01-28 6.8 6.86 6.58 6.58
2011-02-09 6.81 6.98 6.72 6.72
2011-03-21 8.07 8.29 7.93 7.93
2011-03-22 8.27 8.36 8.01 8.01
2011-05-31 6.35 6.37 6.19 6.19
2011-06-03 6.4 6.46 6.26 6.26
2011-12-06 4.94 4.94 4.82 4.82
2011-12-12 4.89 4.94 4.87 4.87
2011-12-14 4.9 5.27 4.78 4.78
2011-12-16 4.99 5.0 4.76 4.76
2011-12-23 4.74 4.8 4.65 4.65
2012-01-19 4.22 4.26 4.15 4.15
2012-03-08 5.67 5.76 5.32 5.32
2012-05-29 5.42 5.52 5.31 5.31
2012-11-05 4.23 4.25 4.11 4.11
2012-12-14 4.01 4.03 3.87 3.87
2012-12-28 4.13 4.15 4.1 4.1
2013-02-28 4.25 4.29 4.16 4.16
2013-07-17 5.6 5.6 5.6 5.6
2013-07-18 6.16 6.16 6.16 6.16
2013-07-19 6.78 6.78 6.78 6.78
2013-12-17 7.82 7.9 7.79 7.79
2013-12-24 7.3 7.4 7.22 7.22
2013-12-27 7.31 7.38 7.21 7.21
2014-01-02 7.4 7.49 7.28 7.28
2014-02-19 8.17 8.17 8.17 8.17
2014-02-20 8.99 8.99 8.99 8.99
2014-04-03 8.82 8.85 8.66 8.66
2014-04-04 8.97 9.15 8.76 8.76
2014-04-30 8.42 8.43 8.25 8.25
2014-08-08 9.82 10.04 9.13 9.13
2014-09-02 10.0 10.08 9.91 9.91
2014-10-27 10.3 10.39 10.22 10.22
2014-10-28 10.41 10.45 10.27 10.27
2015-01-21 10.0 10.08 9.69 9.69
2015-04-07 12.57 12.57 12.57 12.57
2015-04-08 13.83 13.83 13.83 13.83
2015-04-09 15.21 15.21 15.21 15.21
2015-06-17 39.97 40.99 38.15 38.15
2015-11-06 35.38 35.38 32.6 32.6
2017-06-01 15.73 15.73 15.73 15.73
2017-06-02 14.94 14.94 14.94 14.94
2017-06-05 14.19 14.19 14.19 14.19
2017-06-06 13.48 13.48 13.48 13.48
