2001-03-26 13.45 13.51 13.33 13.33
2001-04-16 14.92 14.97 14.7 14.7
2001-04-20 17.6 18.4 16.73 16.73
2001-05-08 15.66 15.79 15.38 15.38
2001-05-22 16.88 16.99 16.35 16.35
2001-05-31 16.4 16.68 16.1 16.1
2001-06-05 16.69 16.75 16.32 16.32
2001-06-12 16.89 16.9 16.46 16.46
2001-06-21 16.93 17.0 16.69 16.69
2001-07-10 16.87 16.87 16.5 16.5
2001-08-09 13.58 13.6 13.32 13.32
2001-08-10 14.02 14.3 13.61 13.61
2001-08-21 13.58 13.68 13.4 13.4
2001-08-31 12.3 12.48 12.28 12.28
2001-09-18 12.04 12.37 11.9 11.9
2001-09-25 11.97 12.08 11.95 11.95
2001-11-01 10.52 10.68 10.26 10.26
2001-11-20 10.58 10.64 10.1 10.1
2001-12-28 10.25 10.28 10.01 10.01
2002-01-14 9.16 9.3 9.0 9.0
2002-03-05 8.83 8.95 8.68 8.68
2002-03-14 9.57 9.58 9.1 9.1
2002-04-03 9.12 9.24 9.03 9.03
2002-04-09 9.76 9.87 9.4 9.4
2002-04-23 9.42 9.48 9.31 9.31
2002-06-18 8.38 8.46 8.12 8.12
2002-06-25 10.01 10.6 9.85 9.85
2002-07-02 10.69 10.72 10.4 10.4
2002-07-11 10.41 10.52 10.3 10.3
2002-07-16 10.03 10.22 10.0 10.0
2002-07-18 10.04 10.2 10.0 10.0
2002-07-19 10.25 10.3 10.04 10.04
2002-08-02 9.67 9.7 9.59 9.59
2002-08-05 9.79 9.8 9.65 9.65
2002-08-06 9.96 10.07 9.72 9.72
2002-08-12 9.66 9.75 9.65 9.65
2002-08-13 9.72 9.79 9.66 9.66
2002-08-20 9.74 9.8 9.6 9.6
2002-09-02 10.19 10.2 9.98 9.98
2002-09-19 9.13 9.15 8.8 8.8
2002-09-25 9.07 9.13 8.98 8.98
2002-10-15 8.61 8.7 8.6 8.6
2002-10-16 8.66 8.85 8.6 8.6
2002-11-04 8.29 8.3 8.15 8.15
2002-11-05 8.49 8.58 8.3 8.3
2002-12-18 7.09 7.33 7.05 7.05
2003-01-03 6.26 6.37 6.17 6.17
2003-01-20 7.11 7.15 6.92 6.92
2003-01-27 7.37 7.4 7.06 7.06
2003-02-11 7.3 7.35 7.16 7.16
2003-02-25 7.41 7.41 7.16 7.16
2005-04-27 2.68 2.8 2.6 2.6
2005-05-25 2.65 2.7 2.56 2.56
2005-05-27 2.65 2.69 2.63 2.63
2005-06-07 2.63 2.68 2.57 2.57
2005-06-08 2.79 2.83 2.65 2.65
2005-06-22 2.59 2.61 2.54 2.54
2005-07-04 2.21 2.27 2.1 2.1
2005-07-19 1.85 1.85 1.67 1.67
2005-08-05 2.12 2.13 2.03 2.03
2005-09-07 2.47 2.47 2.34 2.34
2005-09-29 2.47 2.49 2.35 2.35
2005-11-22 2.4 2.45 2.34 2.34
2005-12-16 2.16 2.19 2.14 2.14
2005-12-29 2.26 2.26 2.2 2.2
2006-01-06 2.28 2.31 2.23 2.23
2006-02-06 2.19 2.19 2.14 2.14
2006-02-09 2.3 2.34 2.28 2.28
2006-02-22 2.45 2.53 2.38 2.38
2006-10-13 3.76 3.79 3.68 3.68
2006-10-24 3.88 3.89 3.8 3.8
2006-11-01 3.56 3.59 3.5 3.5
2006-11-14 3.13 3.14 3.02 3.02
2006-11-21 3.27 3.27 3.1 3.1
2006-11-30 3.37 3.41 3.35 3.35
2006-12-08 3.47 3.47 3.28 3.28
2006-12-11 3.5 3.54 3.43 3.43
2006-12-22 3.61 3.61 3.45 3.45
2007-01-09 3.79 3.79 3.79 3.79
2007-01-15 4.25 4.35 4.05 4.05
2007-02-02 4.28 4.28 4.28 4.28
2007-02-05 4.44 4.49 4.11 4.11
2007-02-07 4.89 4.89 4.72 4.72
2007-02-09 5.12 5.12 4.88 4.88
2007-03-20 8.27 8.27 7.88 7.88
2007-03-21 8.68 8.68 8.32 8.32
2007-03-27 8.25 8.58 7.86 7.86
2007-03-30 7.82 7.82 7.21 7.21
2007-04-12 8.27 8.35 8.03 8.03
2007-04-16 9.09 9.09 8.73 8.73
2007-05-21 14.38 14.39 13.1 13.1
2007-05-30 13.38 13.79 13.38 13.38
2007-05-31 12.71 13.0 12.71 12.71
2007-06-04 12.07 12.07 12.07 12.07
2007-06-05 11.47 11.47 11.47 11.47
2007-06-06 10.9 11.39 10.9 10.9
2007-06-08 11.34 11.34 10.99 10.99
2007-06-13 10.87 10.87 10.23 10.23
2007-06-18 11.4 11.4 10.89 10.89
2007-06-26 9.79 9.88 9.79 9.79
2007-07-05 8.75 9.1 8.65 8.65
2007-07-12 9.6 9.73 9.3 9.3
2007-07-18 9.35 9.55 9.01 9.01
2007-07-19 9.43 9.6 9.28 9.28
2007-07-20 9.51 9.69 9.43 9.43
2007-08-14 9.96 9.96 9.4 9.4
2007-08-27 11.96 11.96 11.37 11.37
2007-08-30 12.54 12.54 11.91 11.91
2007-11-09 11.88 11.88 11.88 11.88
2007-11-12 11.29 11.75 11.29 11.29
2007-12-24 9.11 10.1 7.2 7.2
2007-12-25 8.65 8.9 8.65 8.65
2008-01-22 9.23 9.3 9.23 9.23
2008-01-29 8.27 8.48 8.21 8.21
2008-03-20 7.29 7.34 6.79 6.79
2008-04-02 5.96 6.16 5.96 5.96
2008-04-03 5.74 5.88 5.66 5.66
2008-04-25 5.44 5.59 5.39 5.39
2008-05-05 6.36 6.36 6.17 6.17
2008-05-08 6.78 6.99 6.42 6.42
2008-05-09 7.12 7.12 6.76 6.76
2008-05-12 7.48 7.48 7.1 7.1
2008-05-14 7.67 8.18 7.46 7.46
2008-05-27 6.63 6.65 6.35 6.35
2008-06-05 6.57 6.73 6.48 6.48
2008-06-11 6.03 6.29 5.86 5.86
2008-06-24 4.98 5.02 4.8 4.8
2008-06-30 5.02 5.34 4.96 4.96
2008-07-11 5.18 5.33 5.09 5.09
2008-07-23 5.43 5.43 5.14 5.14
2008-08-01 5.31 5.4 5.15 5.15
2008-08-04 5.33 5.48 5.29 5.29
2008-08-12 4.35 4.47 4.34 4.34
2008-08-27 4.02 4.15 3.87 3.87
2008-09-04 4.1 4.11 3.98 3.98
2008-09-19 2.93 2.93 2.93 2.93
2008-09-22 3.08 3.08 3.08 3.08
2008-09-24 3.04 3.08 2.85 2.85
2008-10-08 3.33 3.33 3.02 3.02
2008-10-13 3.38 3.38 3.16 3.16
2008-10-17 2.87 3.09 2.8 2.8
2008-11-14 2.98 2.98 2.85 2.85
2008-12-11 3.38 3.38 3.24 3.24
2009-01-16 3.44 3.47 3.4 3.4
2009-01-21 3.61 3.61 3.38 3.38
2009-02-06 4.56 4.56 4.34 4.34
2009-02-09 4.79 4.79 4.72 4.72
2009-03-04 5.06 5.06 4.83 4.83
2009-03-17 5.29 5.35 5.12 5.12
2009-03-20 5.22 5.31 5.11 5.11
2009-03-23 5.23 5.28 5.03 5.03
2009-04-21 5.93 6.14 5.61 5.61
2009-05-04 5.79 5.86 5.69 5.69
2009-05-25 6.18 6.25 5.9 5.9
2009-06-05 6.62 6.62 6.32 6.32
2009-06-22 6.73 6.73 6.73 6.73
2009-06-23 7.07 7.07 7.07 7.07
2009-08-10 7.9 8.04 7.75 7.75
2009-08-18 6.65 6.87 6.55 6.55
2009-10-19 6.86 6.88 6.72 6.72
2009-10-30 6.57 6.72 6.56 6.56
2009-11-19 8.05 8.1 7.8 7.8
2009-11-30 7.85 7.85 7.65 7.65
2009-12-01 8.06 8.18 7.86 7.86
2009-12-21 7.44 7.45 7.21 7.21
2010-01-19 7.95 8.02 7.91 7.91
2010-03-11 7.13 7.19 7.06 7.06
2010-03-26 7.27 7.28 7.15 7.15
2010-04-01 7.36 7.4 7.29 7.29
2010-04-15 7.7 7.78 7.59 7.59
2010-04-28 6.41 6.62 6.39 6.39
2011-10-20 7.71 7.71 7.71 7.71
2011-10-21 7.32 7.32 7.32 7.32
2011-10-24 6.95 6.95 6.95 6.95
2011-10-25 6.82 7.04 6.62 6.62
2011-10-31 7.03 7.06 6.68 6.68
2011-11-28 8.15 8.32 8.01 8.01
2011-12-09 7.97 8.08 7.8 7.8
2011-12-23 7.0 7.08 6.8 6.8
2011-12-26 7.16 7.31 6.86 6.86
2012-01-09 6.58 6.59 6.23 6.23
2012-03-08 8.16 8.26 8.1 8.1
2012-04-09 7.58 7.7 7.5 7.5
2012-04-11 7.69 7.73 7.55 7.55
2012-04-27 7.93 7.94 7.7 7.7
2012-05-28 8.43 8.6 8.28 8.28
2012-06-12 7.91 7.96 7.83 7.83
2012-07-13 8.21 8.35 7.88 7.88
2012-08-13 7.55 7.81 7.53 7.53
2012-08-20 7.44 7.45 7.22 7.22
2012-09-07 7.35 7.47 7.25 7.25
2012-09-12 7.3 7.33 7.2 7.2
2012-09-21 6.99 7.05 6.83 6.83
2012-10-09 7.05 7.09 6.88 6.88
2012-10-18 7.06 7.18 6.96 6.96
2012-10-23 7.24 7.44 7.01 7.01
2012-10-24 7.32 7.4 7.13 7.13
2012-11-01 6.9 6.94 6.75 6.75
2012-11-14 6.6 6.61 6.52 6.52
2012-12-10 6.78 6.81 6.66 6.66
2013-01-15 7.68 7.74 7.45 7.45
2013-02-18 7.85 7.93 7.75 7.75
2013-04-19 7.68 7.71 7.56 7.56
2013-05-23 9.34 9.74 9.1 9.1
2013-05-27 10.01 10.18 9.38 9.38
2013-06-07 9.48 9.73 9.25 9.25
2013-07-02 6.87 6.88 6.68 6.68
2013-09-03 7.8 8.16 7.52 7.52
2013-11-04 7.52 7.52 7.34 7.34
2013-11-07 8.93 9.3 8.3 8.3
2014-01-22 7.77 7.78 7.46 7.46
2014-01-24 7.87 7.89 7.64 7.64
2014-03-06 8.53 8.7 8.5 8.5
2014-04-01 7.88 7.9 7.71 7.71
2014-05-06 7.31 7.35 7.18 7.18
2014-05-14 7.6 7.7 7.49 7.49
2014-05-27 7.3 7.38 7.27 7.27
2014-06-03 7.2 7.25 7.16 7.16
2014-06-23 6.83 6.92 6.7 6.7
2014-07-10 8.06 8.06 7.32 7.32
2014-07-17 8.41 8.59 8.0 8.0
2014-10-23 9.25 9.25 9.25 9.25
2014-10-24 10.18 10.18 10.18 10.18
2014-11-13 11.71 12.07 11.18 11.18
2014-12-18 12.84 12.86 12.08 12.08
2015-01-22 13.82 14.0 13.36 13.36
2015-01-27 14.96 15.1 14.08 14.08
2015-05-12 18.4 18.58 17.5 17.5
2015-06-05 23.44 23.88 22.85 22.85
2015-06-08 23.91 24.48 23.48 23.48
2015-07-13 11.62 11.62 11.62 11.62
2015-07-14 12.78 12.78 12.78 12.78
2015-07-20 15.5 15.5 14.4 14.4
2015-08-07 14.94 15.38 14.55 14.55
2015-08-14 18.34 19.17 17.86 17.86
2015-08-25 12.09 12.4 12.09 12.09
2015-09-07 10.37 10.88 10.1 10.1
2015-09-24 11.98 12.07 11.56 11.56
2015-10-08 13.12 13.12 12.55 12.55
2015-10-12 14.25 15.29 13.79 13.79
2015-10-29 14.42 14.6 14.0 14.0
2015-12-17 15.96 15.98 15.45 15.45
2016-02-02 10.96 11.07 10.39 10.39
2016-02-04 11.46 11.99 11.07 11.07
2016-05-13 12.18 12.23 11.93 11.93
2016-06-14 13.21 13.24 12.77 12.77
2016-07-21 5.39 5.41 5.33 5.33
2016-07-26 5.37 5.38 5.3 5.3
2016-08-02 5.17 5.21 5.15 5.15
2016-08-03 5.17 5.19 5.15 5.15
2016-08-15 5.3 5.33 5.24 5.24
2016-09-19 5.78 5.87 5.73 5.73
2016-10-28 6.13 6.25 6.08 6.08
2016-11-18 6.44 6.59 6.33 6.33
2016-11-28 7.02 7.2 6.81 6.81
2016-12-02 7.03 7.1 6.88 6.88
2017-01-03 6.74 6.82 6.61 6.61
2017-01-19 6.32 6.35 6.2 6.2
2017-01-20 6.39 6.44 6.34 6.34
2017-02-06 6.48 6.66 6.44 6.44
2017-03-16 5.93 5.95 5.89 5.89
2017-05-03 5.45 5.58 5.4 5.4
2017-05-24 4.33 4.49 4.14 4.14
