1998-11-06 6.45 6.75 6.4 6.4
1998-12-08 5.84 5.87 5.78 5.78
1998-12-09 5.85 5.88 5.79 5.79
1998-12-22 5.75 5.77 5.55 5.55
1998-12-24 5.72 5.75 5.62 5.62
1999-01-08 5.49 5.5 5.35 5.35
1999-01-19 5.69 5.81 5.68 5.68
1999-02-09 5.0 5.03 4.88 4.88
1999-03-08 5.45 5.45 5.36 5.36
1999-03-11 5.42 5.47 5.35 5.35
1999-03-24 5.43 5.45 5.4 5.4
1999-04-07 5.75 5.78 5.58 5.58
1999-05-04 5.27 5.38 5.22 5.22
1999-05-06 5.36 5.37 5.3 5.3
1999-05-11 5.12 5.18 5.0 5.0
1999-06-09 5.39 5.43 5.25 5.25
1999-06-16 5.89 5.91 5.53 5.53
1999-06-17 6.39 6.39 6.02 6.02
1999-06-21 6.43 6.46 6.3 6.3
1999-06-23 6.79 6.95 6.4 6.4
1999-07-12 6.48 6.7 6.3 6.3
1999-07-23 6.93 7.0 6.73 6.73
1999-07-27 6.95 7.12 6.85 6.85
1999-08-19 7.53 7.6 7.26 7.26
1999-08-23 7.64 7.65 7.4 7.4
1999-09-09 7.42 7.45 7.0 7.0
1999-10-20 6.28 6.35 6.2 6.2
1999-10-26 6.39 6.41 6.34 6.34
1999-10-27 6.68 6.7 6.47 6.47
1999-11-17 6.3 6.35 6.15 6.15
1999-11-23 6.31 6.38 6.26 6.26
1999-11-30 6.23 6.24 6.18 6.18
1999-12-09 6.3 6.34 6.26 6.26
1999-12-16 6.51 6.57 6.35 6.35
1999-12-23 6.48 6.68 6.4 6.4
2000-02-29 6.53 6.64 6.37 6.37
2000-03-31 7.19 7.28 6.99 6.99
2000-04-06 7.19 7.25 6.89 6.89
2000-05-16 6.8 6.8 6.72 6.72
2000-05-25 7.3 7.34 7.13 7.13
2000-05-29 7.27 7.32 7.21 7.21
2000-05-31 7.29 7.3 7.05 7.05
2000-06-14 8.88 9.25 8.68 8.68
2000-07-04 8.7 8.72 8.5 8.5
2000-07-14 9.07 9.19 8.74 8.74
2000-07-28 9.57 9.7 9.5 9.5
2000-08-28 9.64 9.77 9.5 9.5
2000-08-29 9.95 10.1 9.6 9.6
2000-09-07 8.55 8.69 8.36 8.36
2000-09-20 8.3 8.3 8.07 8.07
2000-09-22 8.1 8.18 8.08 8.08
2000-09-27 8.32 8.34 8.19 8.19
2000-10-13 8.6 8.7 8.38 8.38
2000-11-28 9.4 9.45 9.14 9.14
2000-12-21 9.3 9.45 9.29 9.29
2000-12-25 9.05 9.14 9.0 9.0
2000-12-26 9.11 9.2 9.05 9.05
2000-12-28 9.13 9.15 9.08 9.08
2000-12-29 9.18 9.24 9.15 9.15
2001-01-02 9.39 9.4 9.21 9.21
2001-01-10 9.7 9.74 9.53 9.53
2001-01-18 9.25 9.27 9.18 9.18
2001-02-22 8.6 8.78 8.58 8.58
2001-03-07 8.97 9.05 8.93 8.93
2001-03-20 9.2 9.23 9.15 9.15
2001-03-23 9.24 9.43 9.2 9.2
2001-04-02 9.48 9.5 9.42 9.42
2001-04-13 9.46 9.53 9.4 9.4
2001-05-14 9.27 9.28 9.1 9.1
2001-06-04 9.97 10.14 9.9 9.9
2001-06-20 9.72 9.88 9.69 9.69
2001-07-10 9.95 9.95 9.8 9.8
2001-07-19 9.79 9.82 9.68 9.68
2001-07-20 9.92 9.92 9.75 9.75
2001-08-01 8.95 8.98 8.6 8.6
2001-08-03 8.91 8.95 8.81 8.81
2001-08-07 8.81 8.86 8.58 8.58
2001-08-09 8.95 8.99 8.71 8.71
2001-08-13 8.96 9.0 8.91 8.91
2001-08-30 8.06 8.17 8.03 8.03
2001-08-31 8.17 8.28 8.06 8.06
2001-09-18 8.4 8.55 8.28 8.28
2001-10-23 7.21 7.21 6.98 6.98
2001-10-26 7.39 7.4 7.2 7.2
2001-10-29 7.51 7.52 7.39 7.39
2001-11-19 7.55 7.55 7.4 7.4
2001-12-04 8.34 8.47 8.3 8.3
2001-12-06 8.25 8.27 8.02 8.02
2001-12-18 7.81 7.85 7.65 7.65
2001-12-21 7.55 7.55 7.41 7.41
2002-01-31 6.05 6.1 5.7 5.7
2002-03-13 6.9 7.15 6.89 6.89
2002-03-14 7.14 7.15 6.85 6.85
2002-03-19 7.08 7.1 6.85 6.85
2002-03-20 7.21 7.29 7.12 7.12
2002-04-01 6.88 6.94 6.66 6.66
2002-04-03 6.8 6.88 6.66 6.66
2002-04-08 7.15 7.19 7.1 7.1
2002-04-17 7.07 7.14 7.03 7.03
2002-04-26 7.42 7.45 7.2 7.2
2002-04-29 7.66 7.74 7.46 7.46
2002-05-09 7.63 7.74 7.46 7.46
2002-05-17 7.11 7.19 7.0 7.0
2002-05-23 7.36 7.45 7.2 7.2
2002-06-18 6.88 6.93 6.71 6.71
2002-06-20 6.82 6.9 6.78 6.78
2002-06-21 7.1 7.13 6.82 6.82
2002-06-27 7.75 7.83 7.6 7.6
2002-07-02 7.66 7.68 7.39 7.39
2002-07-05 8.09 8.09 7.88 7.88
2002-07-29 7.47 7.48 7.38 7.38
2002-08-05 7.4 7.42 7.31 7.31
2002-09-03 7.22 7.3 7.2 7.2
2002-09-04 7.25 7.28 7.22 7.22
2002-09-10 7.08 7.13 7.06 7.06
2002-09-27 7.0 7.03 6.92 6.92
2002-10-15 6.71 6.8 6.6 6.6
2002-10-16 6.73 6.8 6.71 6.71
2002-12-09 5.65 5.71 5.61 5.61
2002-12-19 5.98 5.99 5.86 5.86
2002-12-20 6.07 6.1 5.98 5.98
2003-01-06 5.67 5.69 5.5 5.5
2003-01-08 5.84 5.85 5.6 5.6
2003-01-16 6.14 6.15 6.0 6.0
2003-01-27 6.15 6.16 6.06 6.06
2003-02-14 6.26 6.27 6.12 6.12
2003-02-17 6.28 6.36 6.25 6.25
2003-03-21 5.9 5.92 5.85 5.85
2003-04-01 5.9 5.92 5.85 5.85
2003-04-14 6.0 6.02 5.85 5.85
2003-04-22 5.87 5.89 5.81 5.81
2003-05-26 6.14 6.2 5.91 5.91
2003-06-04 6.09 6.26 6.0 6.0
2003-06-18 5.85 5.9 5.78 5.78
2003-07-03 5.63 5.71 5.61 5.61
2003-07-08 5.77 5.77 5.65 5.65
2003-07-16 5.78 5.85 5.77 5.77
2003-07-17 5.87 5.88 5.78 5.78
2003-08-11 5.34 5.36 5.31 5.31
2003-08-12 5.4 5.47 5.34 5.34
2003-09-18 4.96 5.0 4.9 4.9
2003-09-19 5.03 5.03 4.95 4.95
2003-09-22 5.14 5.21 5.08 5.08
2003-09-30 5.13 5.16 5.0 5.0
2003-10-10 5.29 5.31 5.2 5.2
2003-10-22 5.2 5.26 5.1 5.1
2003-11-19 5.47 5.53 5.3 5.3
2003-11-24 5.62 5.68 5.5 5.5
2004-01-02 6.18 6.3 6.13 6.13
2004-01-29 6.6 6.66 6.3 6.3
2004-02-11 6.88 7.04 6.75 6.75
2004-02-16 6.75 6.75 6.6 6.6
2004-03-05 6.75 6.85 6.7 6.7
2004-04-01 7.11 7.15 7.0 7.0
2004-04-05 7.35 7.49 7.24 7.24
2004-04-08 7.52 7.67 7.29 7.29
2004-05-31 6.01 6.09 5.95 5.95
2004-06-01 6.13 6.15 6.0 6.0
2004-06-08 5.39 5.49 5.38 5.38
2004-06-21 5.21 5.25 5.1 5.1
2004-07-01 5.18 5.23 4.95 4.95
2004-07-08 5.16 5.16 5.06 5.06
2004-07-16 5.38 5.41 5.25 5.25
2004-08-03 5.13 5.18 5.08 5.08
2004-08-04 5.28 5.33 5.11 5.11
2004-08-13 5.05 5.11 5.0 5.0
2004-08-25 4.71 4.72 4.62 4.62
2004-08-27 4.74 4.78 4.65 4.65
2004-09-01 4.69 4.76 4.65 4.65
2004-09-06 4.7 4.72 4.68 4.68
2004-09-14 4.49 4.58 4.35 4.35
2004-09-17 4.93 4.94 4.76 4.76
2004-10-08 5.45 5.45 5.02 5.02
2004-12-03 5.08 5.15 5.03 5.03
2004-12-24 4.64 4.71 4.6 4.6
2004-12-30 4.47 4.5 4.37 4.37
2005-01-11 4.46 4.48 4.3 4.3
2005-01-14 4.31 4.4 4.25 4.25
2005-01-18 4.26 4.26 4.2 4.2
2005-02-02 3.96 3.98 3.7 3.7
2005-02-18 4.03 4.12 4.0 4.0
2005-02-21 4.12 4.16 4.03 4.03
2005-03-02 4.61 4.87 4.4 4.4
2005-03-17 4.38 4.62 4.23 4.23
2005-03-24 4.0 4.01 3.85 3.85
2005-05-17 3.29 3.33 3.25 3.25
2005-05-25 3.2 3.27 3.15 3.15
2005-06-08 3.3 3.33 3.04 3.04
2005-06-27 3.16 3.18 3.07 3.07
2005-07-07 2.55 2.56 2.51 2.51
2005-07-13 2.56 2.65 2.5 2.5
2005-07-25 2.47 2.49 2.42 2.42
2005-07-26 2.58 2.64 2.47 2.47
2005-08-22 2.92 2.93 2.83 2.83
2005-10-11 3.04 3.05 2.9 2.9
2005-11-08 2.84 2.87 2.75 2.75
2005-11-14 2.71 2.74 2.68 2.68
2005-11-23 2.73 2.77 2.7 2.7
2005-11-24 2.77 2.78 2.73 2.73
2005-11-30 2.73 2.75 2.71 2.71
2005-12-08 2.66 2.68 2.6 2.6
2005-12-14 2.74 2.75 2.67 2.67
2005-12-19 2.76 2.79 2.7 2.7
2005-12-23 2.74 2.79 2.71 2.71
2006-01-05 2.82 2.83 2.76 2.76
2006-02-08 3.1 3.1 3.01 3.01
2006-02-10 3.13 3.17 2.98 2.98
2006-02-24 3.08 3.13 3.02 3.02
2006-03-10 2.77 2.81 2.77 2.77
2006-04-26 2.72 2.72 2.63 2.63
2006-05-08 2.85 2.87 2.74 2.74
2006-05-09 2.96 2.98 2.82 2.82
2006-05-10 3.04 3.18 2.97 2.97
2006-05-31 4.28 4.28 4.28 4.28
2006-11-15 2.91 2.93 2.85 2.85
2006-12-01 3.23 3.28 3.16 3.16
2007-02-05 3.8 3.83 3.65 3.65
2007-02-15 4.34 4.37 4.18 4.18
2007-02-26 4.68 4.72 4.4 4.4
2007-03-02 4.5 4.59 4.36 4.36
2007-03-13 5.29 5.29 4.8 4.8
2007-03-26 6.51 6.52 5.95 5.95
2007-04-09 7.18 7.18 6.53 6.53
2007-04-16 7.14 7.18 7.03 7.03
2007-04-17 7.42 7.46 7.14 7.14
2007-04-18 7.86 8.08 7.45 7.45
2007-04-20 7.53 7.6 7.2 7.2
2007-04-26 8.67 9.1 8.65 8.65
2007-05-08 8.7 8.79 8.35 8.35
2007-05-17 10.39 10.56 9.64 9.64
2007-05-22 10.7 11.1 10.61 10.61
2007-06-05 6.94 7.05 6.62 6.62
2007-06-13 7.82 7.82 7.2 7.2
2007-07-06 5.75 5.75 5.33 5.33
2007-07-19 5.61 5.7 5.54 5.54
2007-07-25 6.9 6.9 6.18 6.18
2007-08-08 7.62 7.79 7.39 7.39
2007-08-31 8.64 8.64 8.18 8.18
2007-11-19 7.29 7.38 7.09 7.09
2007-11-20 7.36 7.48 7.26 7.26
2008-02-04 8.2 8.2 7.65 7.65
2008-03-26 9.3 9.72 9.16 9.16
2008-04-08 7.19 7.39 7.05 7.05
2008-07-02 7.69 8.0 7.54 7.54
2008-07-28 7.87 7.95 7.8 7.8
2008-09-02 5.19 5.26 4.91 4.91
2009-01-14 4.07 4.08 3.9 3.9
2009-02-06 4.91 4.99 4.64 4.64
2009-03-04 5.61 5.65 5.31 5.31
2009-04-01 6.09 6.18 5.93 5.93
2009-05-12 6.26 6.28 6.0 6.0
2009-08-03 7.35 7.48 7.08 7.08
2009-09-02 5.5 5.75 5.35 5.35
2009-09-11 6.26 6.45 6.2 6.2
2009-09-17 6.39 6.42 6.22 6.22
2009-10-14 5.94 6.1 5.86 5.86
2009-10-19 6.05 6.05 5.9 5.9
2009-10-22 6.39 6.44 6.02 6.02
2009-12-21 6.77 6.8 6.57 6.57
2009-12-23 6.48 6.54 6.38 6.38
2009-12-24 6.71 6.72 6.49 6.49
2010-01-05 7.23 7.3 6.8 6.8
2010-01-14 6.89 6.92 6.77 6.77
2010-01-15 7.04 7.07 6.86 6.86
2010-01-18 7.12 7.15 7.0 7.0
2010-03-29 7.16 7.17 6.95 6.95
2010-04-01 7.22 7.26 7.16 7.16
2010-04-16 6.68 6.68 6.68 6.68
2010-04-19 6.35 6.35 6.35 6.35
2010-04-20 6.03 6.18 6.03 6.03
2010-05-21 4.93 4.97 4.71 4.71
2010-06-08 5.05 5.05 4.75 4.75
2010-07-12 4.7 4.73 4.66 4.66
2010-07-20 4.82 4.84 4.71 4.71
2010-12-31 5.46 5.46 5.46 5.46
2011-01-04 5.73 5.73 5.73 5.73
2011-01-05 6.02 6.02 6.02 6.02
2011-01-06 6.32 6.32 6.32 6.32
2011-01-07 6.64 6.64 6.64 6.64
2011-01-10 6.97 6.97 6.97 6.97
2011-01-11 7.32 7.32 7.32 7.32
2011-01-12 7.69 7.69 7.69 7.69
2011-01-13 8.07 8.07 8.07 8.07
2011-01-14 8.47 8.47 8.47 8.47
2011-01-17 8.89 8.89 8.89 8.89
2011-01-18 9.33 9.33 9.33 9.33
2011-01-20 9.8 9.8 9.8 9.8
2011-01-21 10.29 10.29 10.29 10.29
2011-01-24 10.8 10.8 10.8 10.8
2011-02-09 9.93 9.93 9.37 9.37
2011-03-07 14.07 14.07 13.25 13.25
2011-03-16 13.31 13.4 12.9 12.9
2011-03-23 12.94 13.18 12.87 12.87
2011-03-31 12.13 12.23 11.52 11.52
2011-06-23 10.64 10.8 10.23 10.23
2011-07-22 11.81 12.08 11.66 11.66
2011-08-23 11.4 11.43 11.2 11.2
2011-09-07 11.76 11.76 11.5 11.5
2011-09-19 11.0 11.09 10.92 10.92
2011-10-13 10.51 10.65 10.38 10.38
2011-10-24 8.62 8.68 8.39 8.39
2011-10-27 8.57 8.62 8.45 8.45
2011-11-08 9.53 9.67 9.13 9.13
2011-11-29 8.71 8.8 8.63 8.63
2011-12-14 6.41 6.56 6.41 6.41
2011-12-15 6.09 6.1 6.09 6.09
2011-12-16 5.95 5.96 5.79 5.79
2011-12-21 5.41 5.42 5.41 5.41
2011-12-22 5.14 5.14 5.14 5.14
2011-12-23 4.94 5.28 4.88 4.88
2011-12-28 4.24 4.3 4.24 4.24
2012-01-17 4.18 4.18 3.94 3.94
2012-02-06 5.8 5.8 5.8 5.8
2012-03-23 5.75 5.98 5.56 5.56
2012-04-06 5.05 5.05 5.05 5.05
2012-04-09 5.3 5.3 5.3 5.3
2012-05-02 5.14 5.19 4.76 4.76
2012-05-07 5.0 5.05 4.9 4.9
2012-05-17 4.84 4.87 4.73 4.73
2012-06-01 4.55 4.61 4.52 4.52
2012-06-05 4.49 4.54 4.3 4.3
2012-06-08 5.01 5.01 5.01 5.01
2012-06-18 4.92 5.0 4.81 4.81
2012-06-26 4.58 4.64 4.5 4.5
2012-07-11 4.35 4.36 4.28 4.28
2012-07-17 4.33 4.36 4.23 4.23
2012-07-30 4.05 4.05 4.05 4.05
2012-07-31 3.85 3.85 3.85 3.85
2012-08-01 3.66 3.66 3.66 3.66
2012-08-03 3.78 3.84 3.48 3.48
2012-08-06 3.74 3.8 3.6 3.6
2012-08-27 4.46 4.46 4.46 4.46
2012-09-04 6.53 6.53 5.98 5.98
2012-10-23 7.34 7.47 6.8 6.8
2013-01-15 7.07 7.14 6.82 6.82
2013-02-20 6.94 6.96 6.83 6.83
2013-02-22 6.7 6.79 6.68 6.68
2013-02-25 6.8 6.82 6.71 6.71
2013-03-05 6.24 6.26 6.12 6.12
2013-03-12 7.57 7.6 6.81 6.81
2013-04-24 5.99 6.02 5.8 5.8
2013-05-03 5.74 5.78 5.62 5.62
2013-06-14 5.41 5.45 5.36 5.36
2013-07-02 4.71 4.75 4.52 4.52
2013-07-30 4.82 4.83 4.68 4.68
2013-08-19 5.42 5.43 5.24 5.24
2013-08-26 5.44 5.57 5.29 5.29
2013-08-28 5.52 5.58 5.42 5.42
2013-09-03 5.38 5.38 5.28 5.28
2013-09-12 5.65 5.77 5.5 5.5
2013-10-09 5.52 5.53 5.36 5.36
2013-10-11 5.7 5.74 5.6 5.6
2013-10-17 5.48 5.6 5.38 5.38
2013-11-06 5.13 5.24 5.02 5.02
2013-12-09 5.62 5.65 5.52 5.52
2013-12-18 5.23 5.3 5.19 5.19
2013-12-31 5.16 5.22 5.07 5.07
2014-01-03 5.27 5.29 5.15 5.15
2014-01-22 4.78 4.79 4.67 4.67
2014-01-29 5.15 5.23 4.96 4.96
2014-02-19 5.27 5.37 5.22 5.22
2014-02-20 5.8 5.8 5.29 5.29
2014-03-21 5.06 5.1 4.81 4.81
2014-04-08 5.12 5.15 4.97 4.97
2014-05-12 4.91 5.04 4.71 4.71
2014-05-30 4.71 4.76 4.68 4.68
2014-06-05 4.64 4.64 4.58 4.58
2014-06-13 4.56 4.62 4.53 4.53
2014-06-26 4.51 4.54 4.5 4.5
2014-07-02 4.69 4.8 4.62 4.62
2014-07-22 4.98 5.0 4.91 4.91
2014-08-13 5.36 5.39 5.2 5.2
2014-09-12 6.18 6.22 5.96 5.96
2015-05-11 9.24 9.24 9.24 9.24
2015-05-12 10.16 10.16 10.16 10.16
2015-05-13 11.18 11.18 11.18 11.18
2015-05-14 12.3 12.3 12.3 12.3
2015-05-15 13.53 13.53 13.53 13.53
2015-06-03 25.32 26.0 22.6 22.6
2015-07-13 11.26 11.26 11.26 11.26
2015-07-14 12.39 12.39 12.39 12.39
2015-07-23 16.7 17.55 16.25 16.25
2015-07-24 17.76 18.37 17.0 17.0
2015-07-28 14.42 15.88 14.38 14.38
2015-08-07 15.53 15.8 15.05 15.05
2015-08-25 10.16 10.53 10.16 10.16
2015-08-28 10.54 10.54 9.66 9.66
2015-09-21 9.74 9.95 9.05 9.05
2015-11-09 14.0 14.15 13.32 13.32
2015-11-12 15.95 16.27 14.45 14.45
2015-11-25 15.93 16.03 15.7 15.7
2015-12-30 17.21 17.41 16.71 16.71
2015-12-31 17.11 17.6 17.08 17.08
2016-01-05 14.74 15.0 13.86 13.86
2016-01-14 12.16 12.32 10.8 10.8
2016-01-19 12.77 12.77 11.73 11.73
2016-02-24 14.21 14.45 13.67 13.67
2016-03-07 13.98 14.3 13.39 13.39
2016-03-11 13.78 13.78 13.78 13.78
2016-03-14 13.09 13.09 13.09 13.09
2016-03-15 13.69 13.74 12.44 12.44
2016-05-03 13.06 13.27 12.81 12.81
2016-05-10 12.14 12.19 11.77 11.77
2016-06-02 10.48 10.48 10.48 10.48
2016-06-03 10.55 10.75 9.96 9.96
2016-07-04 10.89 10.95 10.65 10.65
2016-07-07 12.27 12.27 11.56 11.56
2016-07-26 13.2 13.3 13.0 13.0
2016-08-22 12.89 13.05 12.8 12.8
2016-09-07 12.89 12.94 12.8 12.8
2016-09-14 12.83 12.85 12.69 12.69
2016-09-26 14.08 14.56 13.96 13.96
2016-09-28 14.78 14.88 14.31 14.31
2016-09-29 14.97 15.38 14.8 14.8
2016-10-14 15.18 15.38 14.95 14.95
2016-10-17 15.26 15.46 15.05 15.05
2016-11-30 15.44 15.62 15.05 15.05
2016-12-27 14.82 14.92 14.7 14.7
2017-01-04 15.19 15.3 14.95 14.95
2017-03-07 16.69 16.8 16.03 16.03
2017-03-13 17.13 17.65 16.21 16.21
2017-03-16 17.11 17.48 16.87 16.87
2017-03-24 17.06 17.13 16.65 16.65
2017-03-28 17.47 17.58 16.99 16.99
2017-04-21 17.31 17.8 16.67 16.67
2017-05-10 15.48 16.03 13.99 13.99
2017-05-12 15.49 15.73 14.8 14.8
2017-05-19 16.65 16.66 16.02 16.02
2017-05-25 17.28 17.32 16.26 16.26
2017-06-22 17.98 18.1 17.79 17.79
2017-07-07 17.47 17.66 17.41 17.41
2017-07-10 17.58 17.69 17.47 17.47
2017-07-13 16.92 17.02 16.5 16.5
2017-07-28 17.22 17.26 17.0 17.0
