2002-05-28 11.28 11.46 11.26 11.26
2002-06-17 10.67 10.72 10.5 10.5
2002-06-18 10.89 10.98 10.67 10.67
2002-06-21 11.26 11.32 10.88 10.88
2002-06-27 12.82 12.88 12.54 12.54
2002-07-24 12.55 12.65 12.49 12.49
2002-09-10 11.45 11.47 11.32 11.32
2002-10-08 11.34 11.4 11.2 11.2
2002-10-16 10.87 11.04 10.78 10.78
2002-10-31 10.66 10.75 10.54 10.54
2002-11-15 10.1 10.3 10.01 10.01
2002-12-12 9.58 9.79 9.51 9.51
2002-12-13 9.63 9.75 9.4 9.4
2002-12-19 9.87 9.88 9.75 9.75
2003-01-08 9.03 9.06 8.7 8.7
2003-01-13 9.13 9.21 9.0 9.0
2003-01-29 9.97 10.1 9.55 9.55
2003-02-11 9.88 9.89 9.66 9.66
2003-02-14 9.89 9.96 9.5 9.5
2003-02-19 9.79 9.8 9.68 9.68
2003-02-20 9.83 9.95 9.8 9.8
2003-03-03 10.01 10.03 9.85 9.85
2003-03-14 9.37 9.45 9.35 9.35
2003-03-24 9.43 9.44 9.29 9.29
2003-04-11 9.35 9.43 9.25 9.25
2003-04-14 9.75 9.8 9.4 9.4
2003-04-18 9.85 10.15 9.66 9.66
2003-04-30 8.61 8.75 8.51 8.51
2003-06-10 8.49 8.52 8.42 8.42
2003-06-18 8.62 8.85 8.55 8.55
2003-07-04 8.17 8.28 8.07 8.07
2003-07-10 8.38 8.56 8.09 8.09
2003-07-29 8.51 8.54 8.45 8.45
2003-08-12 8.51 8.59 8.39 8.39
2003-08-26 7.98 8.04 7.9 7.9
2003-10-31 7.69 7.86 7.61 7.61
2003-11-03 7.8 7.82 7.51 7.51
2003-11-13 7.8 7.91 7.78 7.78
2003-11-24 8.32 8.35 8.05 8.05
2003-11-28 8.45 8.46 8.28 8.28
2003-12-01 8.58 8.62 8.46 8.46
2004-01-12 10.06 10.2 9.37 9.37
2004-02-04 10.2 10.27 9.95 9.95
2004-02-16 10.5 10.51 10.19 10.19
2004-02-25 10.78 11.1 10.72 10.72
2004-03-05 11.62 11.93 11.38 11.38
2004-03-10 12.05 12.16 11.7 11.7
2004-04-02 14.7 14.71 14.47 14.47
2004-04-08 16.6 16.98 15.45 15.45
2004-04-26 14.56 14.6 13.8 13.8
2004-05-27 12.9 12.98 12.1 12.1
2004-06-29 11.84 11.85 11.0 11.0
2004-09-01 10.4 10.47 10.2 10.2
2004-09-14 10.29 10.31 9.98 9.98
2004-09-15 10.74 10.89 10.15 10.15
2004-10-27 12.59 12.6 12.0 12.0
2004-11-10 12.2 12.26 11.66 11.66
2005-01-12 10.19 10.2 9.95 9.95
2005-01-31 10.4 10.48 10.11 10.11
2005-03-04 12.38 12.46 12.08 12.08
2005-03-07 12.64 12.67 12.16 12.16
2005-03-09 13.71 14.2 13.5 13.5
2005-04-05 15.59 16.08 15.3 15.3
2005-04-06 16.4 16.65 15.57 15.57
2005-04-08 16.34 16.55 16.08 16.08
2005-04-27 15.33 15.48 15.22 15.22
2005-05-13 13.43 13.68 13.27 13.27
2005-06-27 8.57 8.64 8.29 8.29
2005-07-12 7.62 7.66 7.25 7.25
2005-07-26 7.49 7.55 7.22 7.22
2005-08-01 8.05 8.06 7.84 7.84
2005-08-17 9.05 9.15 8.92 8.92
2005-08-22 8.89 8.95 8.64 8.64
2005-09-06 9.12 9.4 9.0 9.0
2005-10-18 8.24 8.3 8.1 8.1
2005-10-20 8.2 8.23 8.02 8.02
2006-10-30 7.51 7.66 7.36 7.36
2006-10-31 8.0 8.04 7.53 7.53
2006-11-07 8.77 8.99 8.38 8.38
2006-12-05 10.69 10.99 10.51 10.51
2006-12-14 10.1 10.2 9.98 9.98
2006-12-27 10.21 10.31 9.95 9.95
2007-01-29 16.95 17.12 16.7 16.7
2007-02-06 14.2 14.56 13.57 13.57
2007-02-07 14.8 15.5 14.51 14.51
2007-03-13 18.49 18.69 17.6 17.6
2007-03-15 18.6 18.73 18.2 18.2
2007-03-21 17.98 18.2 17.8 17.8
2007-04-05 18.35 18.51 18.05 18.05
2007-04-23 21.99 22.0 21.0 21.0
2007-05-18 22.88 23.63 22.7 22.7
2007-05-23 25.63 25.99 24.73 24.73
2007-06-11 23.93 24.19 22.76 22.76
2007-06-21 26.58 27.25 25.15 25.15
2007-06-27 24.44 24.98 23.4 23.4
2007-07-09 22.57 22.85 22.0 22.0
2007-08-02 25.26 25.3 24.19 24.19
2007-08-06 28.29 28.49 26.3 26.3
2007-08-30 32.13 32.32 30.67 30.67
2007-09-28 37.08 37.98 35.5 35.5
2007-10-30 39.49 39.85 38.01 38.01
2007-12-05 32.27 32.39 31.4 31.4
2007-12-07 33.01 33.3 32.0 32.0
2007-12-18 33.39 33.7 32.21 32.21
2007-12-20 35.2 35.23 34.0 34.0
2008-01-04 38.03 39.53 37.95 37.95
2008-01-07 38.95 39.39 37.92 37.92
2008-01-21 37.01 38.95 37.0 37.0
2008-01-29 39.8 41.68 37.62 37.62
2008-02-04 39.71 39.76 37.3 37.3
2008-02-18 42.01 42.85 41.1 41.1
2008-03-27 31.0 31.9 30.61 30.61
2008-05-13 39.38 40.0 37.6 37.6
2008-06-24 25.63 25.89 24.61 24.61
2008-06-25 26.62 27.15 25.01 25.01
2008-08-12 21.77 22.38 21.12 21.12
2008-10-23 5.84 5.87 5.57 5.57
2008-11-05 5.48 5.68 5.35 5.35
2008-12-08 7.4 7.4 6.76 6.76
2008-12-19 7.1 7.25 7.01 7.01
2009-01-09 7.3 7.39 7.05 7.05
2009-01-14 7.21 7.33 6.78 6.78
2009-02-03 9.03 9.05 8.24 8.24
2009-02-09 10.16 10.28 9.55 9.55
2009-03-26 9.98 10.2 9.55 9.55
2009-04-01 9.94 10.0 9.66 9.66
2009-05-04 10.57 10.69 9.98 9.98
2009-05-15 11.07 11.27 10.88 10.88
2009-08-20 11.07 11.26 10.6 10.6
2009-09-17 11.08 11.13 10.78 10.78
2009-11-30 11.07 11.08 10.7 10.7
2010-01-12 11.61 11.86 10.8 10.8
2010-01-25 10.68 10.99 10.6 10.6
2010-02-08 9.7 9.79 9.61 9.61
2010-03-16 10.36 10.37 10.15 10.15
2010-03-29 10.68 10.75 10.5 10.5
2010-05-26 7.76 7.85 7.55 7.55
2010-07-06 6.64 6.67 6.31 6.31
2010-07-08 7.06 7.18 6.75 6.75
2010-07-29 7.69 7.87 7.55 7.55
2010-08-13 7.54 7.57 7.3 7.3
2010-09-29 7.51 7.66 7.45 7.45
2010-10-11 8.38 8.69 7.99 7.99
2010-11-01 9.2 9.3 8.85 8.85
2010-12-01 7.65 7.72 7.57 7.57
2010-12-16 8.09 8.17 8.08 8.08
2010-12-29 8.71 8.73 8.34 8.34
2011-01-28 8.25 8.4 8.11 8.11
2011-02-28 8.62 8.67 8.15 8.15
2011-03-04 8.65 8.68 8.35 8.35
2011-04-22 8.13 8.19 7.99 7.99
2011-06-24 7.18 7.25 7.0 7.0
2011-10-10 5.38 5.44 5.37 5.37
2011-10-13 5.74 5.83 5.55 5.55
2011-12-20 4.38 4.45 4.36 4.36
2011-12-28 4.08 4.09 4.01 4.01
2012-02-13 4.48 4.51 4.41 4.41
2012-02-23 4.8 4.99 4.74 4.74
2012-02-28 5.06 5.22 4.98 4.98
2012-03-01 5.1 5.24 4.91 4.91
2012-03-07 4.93 5.02 4.9 4.9
2012-03-08 5.1 5.18 4.93 4.93
2012-04-05 4.75 4.87 4.41 4.41
2012-04-10 4.86 4.88 4.61 4.61
2012-06-13 4.41 4.52 4.34 4.34
2012-08-01 3.7 3.78 3.66 3.66
2012-09-26 3.35 3.45 3.33 3.33
2012-10-09 3.59 3.65 3.48 3.48
2012-10-18 3.72 3.77 3.6 3.6
2012-10-25 3.69 3.8 3.66 3.66
2012-11-01 3.59 3.61 3.53 3.53
2012-11-23 3.48 3.59 3.4 3.4
2012-12-21 3.8 3.91 3.75 3.75
2013-01-04 4.16 4.32 4.0 4.0
2013-01-24 4.53 4.75 4.46 4.46
2013-03-07 4.0 4.16 3.98 3.98
2013-05-06 3.47 3.51 3.44 3.44
2013-05-24 3.63 3.65 3.6 3.6
2013-05-30 3.58 3.6 3.53 3.53
2013-06-14 3.3 3.32 3.22 3.22
2013-07-15 2.97 3.0 2.94 2.94
2013-08-01 2.79 2.79 2.72 2.72
2013-08-19 2.98 2.99 2.93 2.93
2013-08-26 3.17 3.21 2.95 2.95
2013-09-06 3.62 3.62 3.32 3.32
2013-09-16 4.02 4.11 4.01 4.01
2013-09-23 3.84 3.93 3.8 3.8
2013-10-11 3.72 3.82 3.7 3.7
2013-10-18 3.73 3.82 3.66 3.66
2013-11-25 3.7 3.82 3.65 3.65
2013-11-29 3.82 3.85 3.7 3.7
2013-12-06 4.08 4.2 4.02 4.02
2013-12-09 4.17 4.3 4.08 4.08
2013-12-27 3.52 3.57 3.43 3.43
2014-01-21 2.95 2.96 2.9 2.9
2014-01-27 3.06 3.08 3.03 3.03
2014-02-18 3.33 3.4 3.29 3.29
2014-02-19 3.4 3.43 3.31 3.31
2014-03-04 3.2 3.23 3.15 3.15
2014-03-25 3.22 3.24 3.18 3.18
2014-04-17 3.19 3.21 3.17 3.17
2014-04-30 3.03 3.05 2.97 2.97
2014-05-14 3.11 3.14 3.06 3.06
2014-06-03 2.97 3.0 2.96 2.96
2014-06-10 2.97 2.97 2.93 2.93
2014-06-12 2.99 3.01 2.97 2.97
2014-06-26 2.91 2.91 2.87 2.87
2014-07-02 3.05 3.06 2.94 2.94
2014-07-10 3.03 3.08 3.02 3.02
2014-07-11 3.12 3.16 3.03 3.03
2014-07-15 3.15 3.16 3.12 3.12
2014-07-22 3.18 3.18 3.13 3.13
2014-08-25 3.88 4.0 3.7 3.7
2014-09-29 3.93 3.96 3.9 3.9
2014-10-28 4.02 4.03 3.89 3.89
2014-12-04 5.61 5.65 5.47 5.47
2015-01-21 6.87 7.04 6.4 6.4
2015-02-16 6.31 6.32 6.21 6.21
2015-02-17 6.46 6.5 6.32 6.32
2015-03-30 8.2 8.33 7.98 7.98
2015-04-17 10.04 10.04 9.29 9.29
2015-06-08 12.96 13.6 12.61 12.61
2015-06-15 14.03 14.03 12.9 12.9
2015-07-08 8.78 9.46 8.78 8.78
2015-07-09 9.66 9.66 7.94 7.94
2015-07-17 11.2 11.28 10.51 10.51
2015-07-22 12.5 12.6 11.75 11.75
2015-07-28 10.72 11.78 10.49 10.49
2015-07-31 11.69 12.13 11.57 11.57
2015-08-04 13.16 13.16 12.08 12.08
2015-08-07 14.25 14.25 13.3 13.3
2015-12-15 12.83 12.83 12.83 12.83
2015-12-16 11.55 11.55 11.55 11.55
2016-01-18 6.97 7.24 6.52 6.52
2016-02-02 6.05 6.07 5.89 5.89
2016-02-16 6.41 6.41 5.92 5.92
2016-03-07 6.58 6.82 6.5 6.5
2016-03-21 6.85 6.89 6.67 6.67
2016-03-30 6.51 6.52 6.35 6.35
2016-04-13 7.95 8.01 7.38 7.38
2016-06-17 5.7 5.78 5.68 5.68
2016-08-26 5.77 5.81 5.75 5.75
2016-09-19 5.72 5.76 5.67 5.67
2016-09-21 5.76 5.79 5.71 5.71
2016-10-11 5.81 5.89 5.73 5.73
2016-10-21 6.07 6.18 5.95 5.95
2016-11-11 6.38 6.56 5.96 5.96
2016-11-14 6.9 7.02 6.4 6.4
2016-12-21 6.41 6.43 6.18 6.18
2017-01-20 6.41 6.49 6.28 6.28
2017-01-26 6.5 6.58 6.38 6.38
2017-03-02 7.73 7.98 7.52 7.52
2017-03-13 6.95 7.04 6.94 6.94
2017-04-25 6.6 6.7 6.47 6.47
2017-06-29 6.26 6.26 6.11 6.11
2017-08-17 7.23 7.32 7.08 7.08
