1994-08-22 7.08 7.38 6.93 6.93
1994-10-19 6.15 6.29 6.0 6.0
1994-10-27 6.24 6.36 6.08 6.08
1994-11-03 6.52 6.53 6.0 6.0
1994-11-24 6.03 6.1 6.0 6.0
1994-11-29 6.1 6.1 6.0 6.0
1994-12-06 5.85 5.98 5.8 5.8
1994-12-21 5.62 5.82 5.6 5.6
1994-12-22 5.54 5.69 5.5 5.5
1995-01-24 4.84 4.85 4.81 4.81
1995-01-26 4.9 4.9 4.8 4.8
1995-01-27 5.01 5.04 4.9 4.9
1995-02-20 4.8 4.89 4.56 4.56
1995-02-21 4.8 4.9 4.73 4.73
1995-02-22 5.14 5.2 4.82 4.82
1995-03-22 5.07 5.09 4.92 4.92
1995-03-27 5.21 5.28 5.0 5.0
1995-03-31 5.2 5.2 5.13 5.13
1995-05-05 4.61 4.66 4.58 4.58
1995-05-09 4.68 4.8 4.6 4.6
1995-05-12 4.75 4.8 4.66 4.66
1995-06-01 5.32 5.37 5.28 5.28
1995-06-02 5.49 5.6 5.32 5.32
1995-06-23 5.21 5.23 5.2 5.2
1995-11-01 5.68 5.75 5.6 5.6
1995-11-03 5.72 5.73 5.63 5.63
1995-11-06 6.0 6.0 5.7 5.7
1995-11-14 5.61 5.78 5.54 5.54
1995-12-26 5.08 5.16 5.06 5.06
1996-01-15 4.92 4.95 4.86 4.86
1996-01-19 4.66 4.67 4.54 4.54
1996-02-06 4.66 4.75 4.65 4.65
1996-02-07 4.77 4.85 4.65 4.65
1996-02-09 4.76 4.76 4.7 4.7
1996-02-13 4.82 4.84 4.8 4.8
1996-02-16 5.04 5.05 4.92 4.92
1996-03-07 5.12 5.15 5.05 5.05
1996-03-15 5.08 5.12 5.0 5.0
1996-03-18 5.09 5.11 5.02 5.02
1996-03-25 5.07 5.15 5.06 5.06
1996-03-27 5.02 5.03 4.98 4.98
1996-03-29 4.94 4.95 4.9 4.9
1996-04-03 5.07 5.08 4.92 4.92
1996-04-04 5.22 5.26 5.1 5.1
1996-04-17 5.27 5.3 5.24 5.24
1996-04-24 6.19 6.19 5.81 5.81
1996-04-26 6.96 7.07 6.28 6.28
1996-05-06 6.34 6.47 6.1 6.1
1996-05-28 6.6 6.6 6.36 6.36
1996-06-03 6.31 6.64 6.26 6.26
1996-06-07 7.1 7.26 6.81 6.81
1996-07-09 7.46 7.79 7.28 7.28
1996-10-17 8.3 8.3 8.08 8.08
1996-12-17 8.39 9.0 8.39 8.39
1996-12-18 9.23 9.23 8.2 8.2
1997-01-10 8.25 8.33 7.88 7.88
1997-02-19 8.39 8.4 8.05 8.05
1997-02-20 8.25 8.3 7.55 7.55
1997-02-24 9.2 9.57 9.05 9.05
1997-02-26 9.8 9.83 9.21 9.21
1997-03-05 10.85 10.97 10.03 10.03
1997-04-14 12.53 12.85 12.3 12.3
1997-06-02 11.56 11.65 11.29 11.29
1997-07-16 9.33 9.55 9.1 9.1
1997-08-21 9.9 10.15 9.88 9.88
1997-10-16 9.25 9.28 9.1 9.1
1997-10-17 9.52 9.6 9.35 9.35
1997-10-27 9.97 9.99 9.6 9.6
1997-12-25 9.53 9.55 9.0 9.0
1998-01-05 9.6 9.83 9.5 9.5
1998-03-17 9.57 9.65 9.55 9.55
1998-04-22 9.92 9.99 9.62 9.62
1998-04-28 9.82 9.99 9.58 9.58
1998-07-08 12.31 12.53 12.03 12.03
1998-07-13 13.5 13.6 12.86 12.86
1998-08-04 14.1 14.22 13.89 13.89
1998-08-06 14.8 14.88 14.47 14.47
1998-11-09 11.95 12.1 11.82 11.82
1999-01-14 9.31 9.35 9.06 9.06
1999-05-25 9.7 10.03 9.27 9.27
1999-06-28 14.03 14.03 14.03 14.03
1999-06-29 15.3 15.3 15.3 15.3
1999-08-25 13.72 14.01 13.68 13.68
1999-10-22 13.69 13.98 13.0 13.0
1999-10-26 13.39 13.66 13.1 13.1
1999-11-23 13.59 13.7 13.51 13.51
2000-01-24 10.65 10.8 9.98 9.98
2000-04-21 11.21 11.49 11.1 11.1
2000-07-25 11.02 11.08 10.86 10.86
2000-07-27 11.27 11.43 11.05 11.05
2000-08-01 12.27 12.88 12.2 12.2
2000-08-09 11.92 12.0 11.88 11.88
2000-11-09 10.77 10.8 10.6 10.6
2000-11-13 10.94 11.06 10.88 10.88
2000-12-21 10.85 11.04 10.7 10.7
2001-02-20 10.66 10.7 10.6 10.6
2001-02-26 10.93 10.95 10.81 10.81
2001-05-08 11.09 11.19 11.02 11.02
2001-05-11 11.12 11.2 11.06 11.06
2001-05-30 10.98 11.04 10.78 10.78
2001-06-07 10.93 11.0 10.9 10.9
2001-06-15 10.97 11.07 10.81 10.81
2001-06-22 11.6 11.75 11.48 11.48
2001-07-09 11.72 11.75 11.34 11.34
2001-11-27 9.14 9.14 9.0 9.0
2001-12-03 9.15 9.19 9.06 9.06
2001-12-28 8.45 8.52 8.36 8.36
2002-01-07 8.29 8.3 8.1 8.1
2002-02-08 7.8 7.86 7.72 7.72
2002-04-26 8.75 8.8 8.6 8.6
2002-07-08 9.02 9.06 8.9 8.9
2002-07-12 8.8 8.85 8.73 8.73
2002-07-15 8.74 8.94 8.68 8.68
2002-07-17 9.02 9.02 8.85 8.85
2002-08-08 8.8 8.9 8.8 8.8
2002-10-08 8.37 8.48 8.11 8.11
2003-02-13 7.47 7.76 7.41 7.41
2003-06-27 6.48 6.6 6.46 6.46
2003-07-01 6.35 6.43 6.34 6.34
2003-07-03 6.39 6.42 6.34 6.34
2003-08-04 6.11 6.15 6.0 6.0
2003-09-01 5.8 5.8 5.6 5.6
2003-11-20 5.62 5.7 5.18 5.18
2003-12-15 5.76 5.78 5.67 5.67
2004-01-29 5.63 5.64 5.51 5.51
2004-06-11 5.24 5.35 5.22 5.22
2004-06-18 5.07 5.09 5.0 5.0
2004-09-15 4.92 4.99 4.68 4.68
2004-09-23 5.29 5.29 5.12 5.12
2005-01-10 4.29 4.3 4.23 4.23
2005-03-21 4.28 4.32 4.22 4.22
2005-03-23 4.09 4.16 4.03 4.03
2005-03-29 3.93 3.99 3.93 3.93
2005-05-27 3.75 3.82 3.73 3.73
2005-07-19 3.44 3.5 3.4 3.4
2005-07-20 3.55 3.59 3.45 3.45
2005-07-26 3.86 3.89 3.82 3.82
2005-08-26 3.88 3.88 3.8 3.8
2005-08-29 3.88 3.93 3.83 3.83
2005-09-01 4.05 4.08 4.0 4.0
2005-09-29 3.96 3.96 3.87 3.87
2005-10-11 3.97 3.97 3.87 3.87
2005-10-18 3.89 3.92 3.8 3.8
2005-11-08 3.71 3.71 3.62 3.62
2005-11-24 3.79 3.82 3.75 3.75
2005-12-26 3.8 3.83 3.75 3.75
2006-01-05 3.86 3.87 3.81 3.81
2006-02-15 4.71 4.77 4.46 4.46
2006-02-17 4.8 5.0 4.54 4.54
2006-11-09 6.87 6.97 6.6 6.6
2007-02-13 11.56 11.64 11.4 11.4
2007-03-07 10.96 11.1 10.86 10.86
2007-06-05 15.13 15.26 13.99 13.99
2007-06-11 16.57 16.85 15.34 15.34
2007-07-25 15.0 15.29 14.83 14.83
2007-07-30 15.45 15.71 15.1 15.1
2007-08-02 15.69 15.75 15.05 15.05
2007-12-07 12.81 13.0 12.72 12.72
2008-05-14 16.28 16.49 15.77 15.77
2008-05-30 13.84 14.07 13.41 13.41
2008-06-02 13.89 14.11 13.76 13.76
2008-06-06 16.36 16.78 15.59 15.59
2008-08-13 9.15 9.68 8.96 8.96
2009-03-04 7.47 7.6 6.99 6.99
2010-07-28 9.28 9.32 9.12 9.12
2010-08-02 9.43 9.44 9.28 9.28
2010-08-06 9.95 10.0 9.62 9.62
2010-08-10 10.25 10.56 10.02 10.02
2010-12-08 10.39 10.5 10.32 10.32
2010-12-13 11.04 11.35 10.44 10.44
2011-05-20 10.56 10.62 10.46 10.46
2011-08-12 9.57 9.68 9.38 9.38
2011-09-15 9.42 9.49 9.3 9.3
2011-09-21 9.69 9.71 9.5 9.5
2011-11-14 9.38 9.45 9.25 9.25
2011-11-28 8.82 8.85 8.73 8.73
2012-02-29 7.51 7.59 7.47 7.47
2012-03-01 7.5 7.55 7.45 7.45
2012-03-02 7.72 7.83 7.5 7.5
2012-07-19 6.56 6.62 6.42 6.42
2012-08-03 6.51 6.62 6.29 6.29
2012-08-21 6.56 6.58 6.37 6.37
2012-09-27 6.11 6.13 6.0 6.0
2012-11-30 5.62 5.66 5.56 5.56
2012-12-05 5.77 5.85 5.55 5.55
2012-12-07 5.88 5.89 5.74 5.74
2012-12-14 6.06 6.1 5.78 5.78
2012-12-19 6.05 6.07 5.98 5.98
2013-03-21 6.22 6.28 6.19 6.19
2013-05-06 6.17 6.18 6.11 6.11
2013-09-03 6.83 6.84 6.75 6.75
2013-09-11 6.98 7.07 6.83 6.83
2013-09-16 7.3 7.38 7.15 7.15
2013-09-23 7.65 7.77 7.35 7.35
2013-11-28 7.56 7.6 7.5 7.5
2013-12-03 7.5 7.57 7.21 7.21
2014-01-21 7.57 7.57 7.4 7.4
2014-01-23 7.68 7.82 7.64 7.64
2014-01-24 7.75 7.77 7.66 7.66
2014-03-12 9.03 9.14 8.71 8.71
2014-04-02 9.24 9.3 8.97 8.97
2014-04-30 8.75 8.91 8.63 8.63
2014-05-12 8.16 8.18 7.94 7.94
2014-05-13 8.23 8.35 8.13 8.13
2014-06-11 7.97 8.0 7.85 7.85
2014-09-04 9.44 9.68 9.36 9.36
2014-12-08 10.22 10.38 10.07 10.07
2014-12-10 10.41 10.48 10.06 10.06
2015-02-16 10.17 10.25 9.92 9.92
2015-04-27 14.4 14.66 14.18 14.18
2015-04-29 14.79 14.8 14.0 14.0
2015-05-22 18.29 18.29 17.35 17.35
2015-08-28 12.54 12.54 11.47 11.47
2015-09-07 10.78 11.49 10.65 10.65
2015-09-22 12.47 12.84 12.26 12.26
2015-12-03 17.64 17.64 15.62 15.62
2016-02-04 13.84 13.98 13.36 13.36
2016-03-28 13.45 13.83 13.36 13.36
2016-04-05 14.82 14.92 14.05 14.05
2016-04-11 14.53 14.84 14.35 14.35
2016-07-25 14.48 14.53 14.12 14.12
2016-09-23 14.88 15.19 14.8 14.8
2016-10-19 16.0 16.1 15.66 15.66
2016-11-24 16.73 17.13 16.36 16.36
2017-01-03 15.72 15.76 15.49 15.49
2017-06-15 12.89 12.9 12.71 12.71
2017-06-20 12.99 13.06 12.95 12.95
2017-08-18 12.33 12.36 12.03 12.03
