2006-12-18 5.91 6.05 5.8 5.8
2006-12-21 5.9 6.14 5.86 5.86
2007-02-13 8.1 8.13 7.81 7.81
2007-02-15 8.4 8.54 8.16 8.16
2007-04-20 15.55 15.65 15.0 15.0
2007-05-22 14.37 14.54 13.7 13.7
2007-05-29 17.37 17.37 15.8 15.8
2007-05-30 17.31 18.71 16.0 16.0
2007-05-31 16.6 17.31 15.58 15.58
2007-06-08 15.98 16.39 15.22 15.22
2007-06-11 16.78 17.16 16.01 16.01
2007-06-29 14.81 15.48 14.81 14.81
2007-07-23 14.88 15.36 14.52 14.52
2007-07-31 16.12 16.2 15.73 15.73
2007-11-02 14.5 14.89 14.1 14.1
2008-01-07 16.25 16.45 15.67 15.67
2008-01-09 15.64 15.78 15.2 15.2
2008-01-15 17.1 17.5 16.81 16.81
2008-02-18 16.49 16.9 15.4 15.4
2008-02-21 17.2 17.39 15.63 15.63
2008-05-14 13.38 13.45 12.71 12.71
2008-07-04 8.69 8.82 8.45 8.45
2008-07-07 9.21 9.3 8.71 8.71
2009-01-15 3.59 3.68 3.44 3.44
2009-03-26 5.85 5.97 5.54 5.54
2009-05-04 5.55 5.63 5.41 5.41
2009-05-12 5.71 5.74 5.47 5.47
2009-06-17 7.71 7.84 7.16 7.16
2009-06-19 8.43 8.43 7.68 7.68
2009-09-01 8.05 8.25 7.61 7.61
2009-09-02 8.65 8.75 8.12 8.12
2009-09-10 8.75 9.05 8.7 8.7
2010-05-21 6.58 6.62 6.11 6.11
2010-06-09 6.51 6.53 6.28 6.28
2011-02-16 5.39 5.39 4.86 4.86
2011-06-30 4.98 5.0 4.92 4.92
2011-07-04 5.07 5.08 5.0 5.0
2011-08-12 4.33 4.36 4.29 4.29
2011-09-07 4.3 4.31 4.22 4.22
2012-03-02 4.15 4.18 4.0 4.0
2012-03-08 4.04 4.06 4.0 4.0
2012-04-25 4.43 4.5 4.22 4.22
2012-07-09 3.7 3.84 3.69 3.69
2012-09-21 3.24 3.3 3.21 3.21
2012-12-05 2.88 2.91 2.79 2.79
2012-12-07 2.96 2.97 2.86 2.86
2012-12-14 3.19 3.2 3.0 3.0
2013-04-19 2.94 2.94 2.88 2.88
2013-04-25 2.98 3.13 2.94 2.94
2013-05-03 2.73 2.73 2.73 2.73
2013-05-06 2.59 2.59 2.59 2.59
2013-05-07 2.49 2.53 2.46 2.46
2013-05-14 2.42 2.45 2.4 2.4
2013-05-16 2.46 2.47 2.43 2.43
2013-07-09 2.24 2.25 2.21 2.21
2013-07-12 2.35 2.36 2.32 2.32
2013-07-15 2.38 2.39 2.34 2.34
2013-08-02 2.53 2.54 2.48 2.48
2013-08-07 2.66 2.69 2.55 2.55
2013-10-18 4.1 4.14 3.91 3.91
2013-10-28 3.66 3.69 3.58 3.58
2013-11-29 3.41 3.41 3.35 3.35
2013-12-02 3.24 3.34 3.24 3.24
2013-12-04 3.16 3.23 3.13 3.13
2013-12-05 3.29 3.31 3.23 3.23
2014-02-07 3.23 3.23 3.05 3.05
2014-02-14 3.34 3.35 3.28 3.28
2014-03-07 3.22 3.26 3.19 3.19
2014-05-13 3.18 3.21 3.15 3.15
2014-05-16 3.05 3.07 3.02 3.02
2014-06-23 3.18 3.18 2.89 2.89
2014-07-28 3.3 3.32 3.23 3.23
2015-11-19 12.24 12.24 12.24 12.24
2015-11-20 11.02 11.02 11.02 11.02
2015-12-29 9.03 9.08 8.9 8.9
2016-12-01 6.77 6.82 6.7 6.7
2017-01-23 5.89 5.89 5.81 5.81
2017-01-26 5.9 5.98 5.88 5.88
2017-02-06 5.91 5.94 5.89 5.89
2017-05-19 4.8 4.82 4.78 4.78
