1993-12-06 18.43 18.95 16.8 16.8
1994-01-24 13.25 13.3 13.0 13.0
1994-02-02 12.1 12.1 11.55 11.55
1994-02-04 12.5 12.6 12.25 12.25
1994-03-29 9.22 9.3 9.0 9.0
1994-03-31 9.24 9.79 9.1 9.1
1994-05-16 8.93 9.1 8.68 8.68
1994-06-08 4.66 4.78 4.55 4.55
1994-06-22 4.23 4.27 4.15 4.15
1994-07-21 3.34 3.38 3.3 3.3
1994-08-01 3.7 3.8 3.05 3.05
1994-08-05 6.8 6.88 5.8 5.8
1994-08-16 6.58 6.88 6.25 6.25
1994-09-27 8.95 9.29 8.5 8.5
1994-10-17 5.65 5.97 5.5 5.5
1994-10-27 6.3 6.35 6.0 6.0
1994-11-03 6.4 6.45 6.08 6.08
1994-11-08 6.16 6.5 6.11 6.11
1994-11-09 6.18 6.22 5.88 5.88
1994-11-24 5.77 5.95 5.71 5.71
1994-12-20 5.33 5.41 5.2 5.2
1994-12-21 5.31 5.68 5.22 5.22
1995-01-03 5.03 5.15 4.95 4.95
1995-01-27 4.24 4.25 4.13 4.13
1995-02-09 4.2 4.2 4.05 4.05
1995-02-20 4.05 4.1 4.0 4.0
1995-03-17 4.33 4.35 4.18 4.18
1995-03-21 4.3 4.34 4.2 4.2
1995-03-22 4.48 4.48 4.3 4.3
1995-03-27 4.7 4.75 4.58 4.58
1995-05-02 3.96 4.02 3.9 3.9
1995-05-03 3.99 4.08 3.98 3.98
1995-05-08 4.0 4.01 3.9 3.9
1995-05-09 4.0 4.04 4.0 4.0
1995-05-11 3.95 3.98 3.93 3.93
1995-05-17 4.1 4.1 4.0 4.0
1995-06-05 5.54 5.85 5.53 5.53
1995-06-12 5.5 5.58 5.4 5.4
1995-06-13 5.52 5.55 5.45 5.45
1995-06-16 5.06 5.13 4.8 4.8
1995-07-20 4.51 4.65 4.5 4.5
1995-07-24 4.68 4.77 4.56 4.56
1995-08-03 4.72 4.75 4.7 4.7
1995-08-07 4.76 4.78 4.6 4.6
1995-08-08 4.73 4.8 4.65 4.65
1995-09-13 5.57 5.62 5.5 5.5
1995-09-22 5.3 5.4 5.18 5.18
1995-11-01 6.19 6.25 6.05 6.05
1995-11-20 5.22 5.3 5.1 5.1
1995-12-04 5.15 5.19 5.09 5.09
1995-12-05 5.25 5.28 5.15 5.15
1995-12-19 5.11 5.18 5.01 5.01
1995-12-20 5.18 5.18 5.11 5.11
1995-12-26 5.07 5.08 5.0 5.0
1995-12-27 5.11 5.18 5.04 5.04
1996-01-03 5.13 5.15 5.0 5.0
1996-02-15 4.6 4.62 4.53 4.53
1996-03-08 4.76 4.79 4.7 4.7
1996-03-14 4.78 4.85 4.7 4.7
1996-03-20 4.84 4.85 4.71 4.71
1996-03-22 4.85 4.93 4.71 4.71
1996-04-03 4.63 4.69 4.58 4.58
1996-04-04 4.61 4.65 4.55 4.55
1996-04-08 4.79 4.88 4.73 4.73
1996-04-09 4.7 4.76 4.63 4.63
1996-04-12 4.78 4.86 4.78 4.78
1996-04-16 4.8 4.82 4.76 4.76
1996-04-19 5.04 5.05 4.87 4.87
1996-04-24 5.58 5.58 5.25 5.25
1996-04-26 5.7 6.0 5.32 5.32
1996-05-28 5.2 5.2 4.71 4.71
1996-05-31 5.2 5.39 4.83 4.83
1996-06-04 4.96 5.05 4.92 4.92
1996-06-14 6.84 7.0 6.1 6.1
1996-06-24 6.73 6.8 6.43 6.43
1996-06-26 6.99 7.01 6.54 6.54
1996-07-03 7.46 7.47 6.8 6.8
1996-08-12 7.8 7.98 7.73 7.73
1996-09-05 6.07 6.33 6.05 6.05
1996-09-17 5.25 5.31 5.12 5.12
1996-09-26 6.09 6.15 5.7 5.7
1996-10-23 6.76 6.8 6.36 6.36
1996-11-25 6.25 6.28 6.02 6.02
1996-12-16 6.21 6.21 6.21 6.21
1996-12-17 5.59 5.59 5.59 5.59
1997-01-15 5.43 5.55 5.4 5.4
1997-01-20 5.55 5.55 5.48 5.48
1997-02-19 5.95 6.09 5.65 5.65
1997-02-20 5.88 5.95 5.36 5.36
1997-03-03 7.04 7.1 6.78 6.78
1997-03-21 7.2 7.25 6.9 6.9
1997-04-14 7.99 8.2 7.62 7.62
1997-04-15 8.25 8.35 8.0 8.0
1997-04-21 8.65 8.9 8.5 8.5
1997-05-12 7.98 8.0 7.45 7.45
1997-05-15 7.28 7.4 7.01 7.01
1997-05-19 6.82 6.87 6.66 6.66
1997-05-27 5.9 6.05 5.76 5.76
1997-06-09 5.73 5.75 5.61 5.61
1997-06-19 5.98 6.21 5.8 5.8
1997-08-14 5.46 5.46 5.25 5.25
1997-08-27 5.5 5.56 5.32 5.32
1997-09-30 4.91 4.99 4.87 4.87
1997-11-07 5.05 5.05 4.86 4.86
1997-12-02 4.63 4.66 4.6 4.6
1997-12-10 4.58 4.6 4.52 4.52
1997-12-26 5.15 5.22 4.95 4.95
1998-01-06 4.92 4.97 4.81 4.81
1998-01-15 5.05 5.17 4.82 4.82
1998-02-17 5.28 5.29 5.11 5.11
1998-03-17 4.86 4.89 4.8 4.8
1998-03-18 4.93 5.0 4.85 4.85
1998-03-24 5.08 5.08 4.87 4.87
1998-04-02 5.28 5.4 5.23 5.23
1998-04-22 6.39 6.39 5.83 5.83
1998-04-28 5.72 5.82 5.59 5.59
1998-05-13 6.09 6.18 5.9 5.9
1998-05-19 5.82 5.98 5.76 5.76
1998-05-21 6.13 6.15 5.77 5.77
1998-05-26 6.53 6.75 6.3 6.3
1998-06-10 5.77 5.89 5.7 5.7
1998-06-18 5.75 5.76 5.6 5.6
1998-07-03 5.48 5.55 5.38 5.38
1998-07-08 5.33 5.46 5.3 5.3
1998-07-15 5.38 5.42 5.29 5.29
1998-07-21 5.31 5.34 5.18 5.18
1998-07-31 5.74 5.75 5.53 5.53
1998-08-03 5.82 5.97 5.75 5.75
1998-08-07 5.68 5.86 5.6 5.6
1998-09-01 6.02 6.42 6.0 6.0
1998-09-16 6.37 6.38 6.04 6.04
1998-09-21 6.42 6.49 6.2 6.2
1998-09-25 6.1 6.2 5.94 5.94
1998-09-30 6.08 6.12 5.95 5.95
1998-10-27 5.8 5.95 5.66 5.66
1998-11-02 5.7 5.77 5.6 5.6
1998-11-10 6.0 6.05 5.8 5.8
1998-11-23 5.67 5.68 5.59 5.59
1998-12-03 5.27 5.38 5.25 5.25
1998-12-09 5.26 5.3 5.2 5.2
1998-12-11 5.2 5.25 5.1 5.1
1998-12-22 5.02 5.02 4.89 4.89
1999-01-28 4.61 4.65 4.46 4.46
1999-02-08 4.18 4.3 4.13 4.13
1999-02-09 4.28 4.4 4.2 4.2
1999-03-01 4.71 4.71 4.3 4.3
1999-03-02 5.12 5.18 4.76 4.76
1999-03-23 5.22 5.25 5.11 5.11
1999-03-24 5.25 5.38 5.22 5.22
1999-03-26 5.14 5.19 5.12 5.12
1999-03-29 5.36 5.4 5.15 5.15
1999-04-20 5.32 5.32 5.18 5.18
1999-04-29 4.8 4.82 4.66 4.66
1999-05-04 4.86 4.93 4.82 4.82
1999-05-07 5.15 5.17 5.07 5.07
1999-05-11 5.05 5.14 4.85 4.85
1999-05-18 4.93 5.0 4.84 4.84
1999-05-21 5.67 5.69 5.41 5.41
1999-06-23 6.88 6.88 6.3 6.3
1999-07-14 5.99 6.04 5.61 5.61
1999-07-20 5.96 5.99 5.66 5.66
1999-07-23 5.76 5.85 5.7 5.7
1999-08-02 6.25 6.48 6.1 6.1
1999-08-17 6.46 6.48 6.2 6.2
1999-08-26 6.72 6.75 6.5 6.5
1999-09-07 6.28 6.38 6.25 6.25
1999-09-08 6.37 6.4 6.29 6.29
1999-09-09 6.65 6.65 6.4 6.4
1999-09-13 6.95 6.95 6.48 6.48
1999-09-17 6.76 6.9 6.73 6.73
1999-10-22 5.95 6.13 5.8 5.8
1999-11-23 5.77 5.8 5.65 5.65
1999-12-10 5.75 5.78 5.7 5.7
1999-12-15 5.73 5.79 5.65 5.65
1999-12-24 5.6 5.79 5.55 5.55
1999-12-30 5.2 5.3 5.19 5.19
2000-01-28 4.84 4.99 4.6 4.6
2000-03-27 6.2 6.22 5.8 5.8
2000-03-30 6.15 6.25 6.04 6.04
2000-04-21 7.17 7.33 6.85 6.85
2000-05-09 6.33 6.33 6.33 6.33
2000-05-10 6.01 6.3 6.01 6.01
2000-06-02 7.04 7.14 6.82 6.82
2000-06-05 7.15 7.39 7.05 7.05
2000-06-09 7.25 7.35 7.02 7.02
2000-06-12 7.61 7.61 7.3 7.3
2000-06-19 6.95 7.2 6.95 6.95
2000-06-20 6.96 6.98 6.7 6.7
2000-06-21 7.12 7.25 7.0 7.0
2000-06-27 6.93 6.98 6.8 6.8
2000-06-28 7.03 7.1 6.89 6.89
2000-06-30 6.75 6.9 6.69 6.69
2000-07-04 6.7 6.73 6.55 6.55
2000-07-05 6.8 6.88 6.7 6.7
2000-07-18 7.36 7.36 7.1 7.1
2000-07-28 8.31 8.31 7.94 7.94
2000-08-01 8.6 9.1 8.35 8.35
2000-08-03 9.14 9.35 8.91 8.91
2000-08-24 9.15 9.26 8.86 8.86
2000-09-07 9.06 9.19 9.0 9.0
2000-09-22 8.96 9.05 8.9 8.9
2000-09-27 9.03 9.04 8.72 8.72
2000-10-17 10.18 10.38 10.05 10.05
2000-10-27 9.83 9.97 9.6 9.6
2000-10-30 10.02 10.1 9.87 9.87
2000-11-07 10.05 10.07 9.8 9.8
2000-11-13 10.5 10.5 10.1 10.1
2000-11-28 10.28 10.29 10.03 10.03
2000-12-01 10.4 10.53 10.2 10.2
2000-12-12 10.54 10.54 10.2 10.2
2001-01-02 10.06 10.06 9.6 9.6
2001-01-03 10.29 10.35 10.15 10.15
2001-01-11 10.31 10.5 10.24 10.24
2001-01-12 10.41 10.49 10.31 10.31
2001-01-17 10.1 10.18 10.04 10.04
2001-01-18 10.22 10.24 10.0 10.0
2001-01-19 10.3 10.35 10.15 10.15
2001-02-23 9.88 9.95 9.68 9.68
2001-03-14 9.9 9.9 9.7 9.7
2001-04-30 12.6 12.75 12.25 12.25
2001-05-08 12.84 13.0 12.6 12.6
2001-05-25 12.8 13.01 12.72 12.72
2001-06-29 11.95 12.15 11.8 11.8
2001-07-17 11.65 11.65 11.45 11.45
2001-07-20 11.83 11.85 11.62 11.62
2001-08-09 12.13 12.15 11.78 11.78
2001-09-04 11.0 11.05 10.86 10.86
2001-09-18 9.92 10.1 9.8 9.8
2001-09-19 10.1 10.12 9.9 9.9
2001-10-23 8.77 8.77 8.5 8.5
2001-10-29 8.85 8.9 8.65 8.65
2001-11-08 8.2 8.2 7.75 7.75
2001-11-19 8.75 8.8 8.59 8.59
2001-12-06 9.39 9.45 9.31 9.31
2001-12-10 9.85 10.02 9.5 9.5
2001-12-11 9.68 9.88 9.22 9.22
2001-12-21 8.95 8.96 8.78 8.78
2002-01-29 6.32 6.34 5.85 5.85
2002-02-07 6.97 7.13 6.88 6.88
2002-03-04 7.32 7.33 7.1 7.1
2002-03-05 7.5 7.65 7.29 7.29
2002-03-07 7.93 7.96 7.53 7.53
2002-03-14 8.2 8.2 7.81 7.81
2002-03-19 8.23 8.25 8.1 8.1
2002-03-22 8.38 8.61 8.22 8.22
2002-04-17 9.14 9.17 9.01 9.01
2002-04-24 8.77 8.86 8.71 8.71
2002-04-25 9.02 9.07 8.5 8.5
2002-05-10 9.52 9.64 9.21 9.21
2002-05-17 9.05 9.08 8.88 8.88
2002-05-21 9.37 9.5 9.0 9.0
2002-05-23 9.4 9.42 9.3 9.3
2002-05-28 9.38 9.42 9.3 9.3
2002-06-20 9.21 9.28 9.0 9.0
2002-07-02 9.97 10.1 9.76 9.76
2002-07-03 10.04 10.08 9.95 9.95
2002-07-05 10.0 10.05 9.85 9.85
2002-08-20 9.29 9.37 9.25 9.25
2002-08-22 9.35 9.42 9.23 9.23
2002-09-02 9.24 9.24 9.12 9.12
2002-10-15 8.42 8.5 8.4 8.4
2002-10-18 8.49 8.5 8.27 8.27
2002-10-22 8.72 8.75 8.55 8.55
2002-10-23 8.73 8.73 8.6 8.6
2002-10-31 8.46 8.62 8.41 8.41
2002-11-01 8.63 8.65 8.46 8.46
2002-11-05 8.75 8.84 8.6 8.6
2002-11-15 8.09 8.17 7.9 7.9
2002-11-25 8.0 8.03 7.95 7.95
2002-12-03 8.03 8.13 7.98 7.98
2002-12-06 8.23 8.25 8.1 8.1
2002-12-11 8.11 8.21 7.96 7.96
2003-01-07 7.65 7.72 7.5 7.5
2003-01-22 8.38 8.42 8.28 8.28
2003-01-24 8.49 8.51 8.33 8.33
2003-02-25 8.75 8.76 8.54 8.54
2003-03-05 9.04 9.06 8.8 8.8
2003-03-11 8.8 8.83 8.69 8.69
2003-03-18 8.94 8.96 8.75 8.75
2003-03-20 8.92 9.03 8.85 8.85
2003-03-21 8.97 8.98 8.85 8.85
2003-04-04 9.37 9.39 9.18 9.18
2003-04-16 9.45 9.8 9.21 9.21
2003-04-30 9.17 9.31 9.1 9.1
2003-05-14 8.89 8.96 8.48 8.48
2003-05-29 9.04 9.1 8.72 8.72
2003-05-30 9.06 9.2 8.98 8.98
2003-06-10 8.35 8.4 8.28 8.28
2003-07-01 7.8 7.95 7.8 7.8
2003-07-03 8.12 8.18 7.81 7.81
2003-07-08 8.18 8.19 7.91 7.91
2003-07-11 8.33 8.45 8.1 8.1
2003-07-21 7.9 7.94 7.8 7.8
2003-08-07 7.93 7.98 7.68 7.68
2003-09-04 8.06 8.18 8.03 8.03
2003-09-05 8.17 8.35 8.06 8.06
2003-09-08 8.21 8.25 8.09 8.09
2003-09-11 8.17 8.19 8.12 8.12
2003-09-16 8.12 8.15 8.0 8.0
2003-09-19 8.08 8.13 8.01 8.01
2003-10-21 8.34 8.49 7.91 7.91
2003-10-22 6.41 6.6 6.3 6.3
2003-11-28 5.18 5.2 5.02 5.02
2003-12-02 5.12 5.25 5.08 5.08
2003-12-03 5.07 5.18 5.05 5.05
2003-12-26 4.6 4.67 4.53 4.53
2003-12-29 4.7 4.71 4.5 4.5
2004-01-30 5.02 5.19 4.85 4.85
2004-02-18 5.92 5.93 5.71 5.71
2004-02-20 5.88 5.94 5.81 5.81
2004-02-27 5.49 5.55 5.39 5.39
2004-03-17 5.44 5.48 5.3 5.3
2004-04-08 5.49 5.62 5.43 5.43
2004-04-20 5.02 5.04 4.96 4.96
2004-04-26 4.96 5.05 4.92 4.92
2004-04-28 4.8 4.85 4.61 4.61
2004-04-30 4.98 5.01 4.8 4.8
2004-05-17 5.04 5.1 4.88 4.88
2004-05-27 4.9 4.94 4.76 4.76
2004-06-11 4.56 4.65 4.41 4.41
2004-06-21 4.39 4.41 4.33 4.33
2004-08-05 3.8 3.9 3.7 3.7
2004-09-02 3.49 3.49 3.36 3.36
2004-10-08 3.85 3.85 3.7 3.7
2004-11-08 3.01 3.03 2.99 2.99
2004-11-18 3.19 3.21 3.15 3.15
2004-11-26 3.27 3.41 3.06 3.06
2004-11-30 3.22 3.23 3.1 3.1
2004-12-06 3.39 3.42 3.3 3.3
2004-12-13 3.24 3.31 3.2 3.2
2004-12-20 3.08 3.1 3.02 3.02
2004-12-22 3.28 3.36 3.14 3.14
2005-01-04 2.65 2.65 2.65 2.65
2005-01-05 2.62 2.72 2.42 2.42
2005-01-18 2.79 2.8 2.62 2.62
2005-01-31 2.84 2.84 2.52 2.52
2005-03-21 2.72 2.78 2.63 2.63
2005-04-15 2.51 2.53 2.45 2.45
2005-04-19 2.4 2.44 2.36 2.36
2005-04-28 2.19 2.19 2.03 2.03
2005-05-12 2.07 2.08 2.0 2.0
2005-06-06 2.13 2.13 2.04 2.04
2005-06-08 2.31 2.33 2.11 2.11
2005-06-27 2.18 2.2 2.13 2.13
2005-06-29 2.25 2.3 2.2 2.2
2005-07-12 1.82 1.83 1.75 1.75
2005-07-25 1.83 1.88 1.82 1.82
2005-07-26 1.89 1.9 1.83 1.83
2005-08-01 1.89 1.93 1.88 1.88
2005-08-05 2.0 2.0 1.94 1.94
2005-08-12 2.32 2.44 2.28 2.28
2005-08-24 2.15 2.17 2.11 2.11
2005-09-13 2.34 2.35 2.28 2.28
2005-09-29 2.1 2.11 2.04 2.04
2005-11-02 2.02 2.03 1.95 1.95
2005-11-18 2.12 2.15 2.08 2.08
2005-11-21 2.15 2.17 2.1 2.1
2005-11-23 2.12 2.14 2.07 2.07
2005-12-07 2.01 2.01 1.94 1.94
2005-12-19 2.07 2.07 2.05 2.05
2005-12-23 2.03 2.04 2.0 2.0
2005-12-26 2.05 2.06 2.02 2.02
2005-12-29 2.06 2.07 2.03 2.03
2006-01-05 2.06 2.07 2.02 2.02
2006-01-09 2.1 2.11 2.07 2.07
2006-02-10 2.22 2.22 2.17 2.17
2006-03-03 2.26 2.27 2.22 2.22
2006-03-09 2.17 2.19 2.15 2.15
2006-03-16 2.21 2.25 2.16 2.16
2006-04-07 2.37 2.39 2.28 2.28
2006-10-18 2.91 2.92 2.81 2.81
2006-10-24 2.79 2.79 2.73 2.73
2006-11-30 2.73 2.79 2.65 2.65
2007-01-29 3.24 3.27 3.16 3.16
2007-02-28 3.94 3.94 3.55 3.55
2007-03-07 4.0 4.0 3.9 3.9
2007-03-13 4.66 4.66 4.25 4.25
2007-03-26 5.18 5.2 4.95 4.95
2007-04-02 4.98 4.99 4.84 4.84
2007-04-16 6.07 6.07 5.48 5.48
2007-04-20 6.4 6.49 6.0 6.0
2007-05-08 7.86 8.0 7.71 7.71
2007-05-17 8.02 8.07 7.82 7.82
2007-05-18 8.18 8.34 8.03 8.03
2007-06-05 5.86 5.9 5.47 5.47
2007-06-20 7.89 7.89 7.18 7.18
2007-06-26 6.75 7.15 6.59 6.59
2007-07-09 6.06 6.06 5.65 5.65
2007-07-17 6.07 6.19 5.56 5.56
2007-08-09 7.85 7.86 7.4 7.4
2007-08-14 7.46 7.55 7.29 7.29
2007-09-27 7.25 7.29 7.12 7.12
2007-11-05 6.07 6.18 5.6 5.6
2007-11-13 5.94 6.04 5.88 5.88
2007-11-23 5.87 5.88 5.7 5.7
2007-12-19 6.97 7.06 6.75 6.75
2008-02-13 6.86 6.96 6.7 6.7
2008-05-13 5.17 5.22 4.86 4.86
2008-05-19 5.42 5.44 5.27 5.27
2008-07-22 3.97 4.07 3.81 3.81
2008-07-24 4.0 4.05 3.88 3.88
2008-08-07 3.99 3.99 3.61 3.61
2008-11-19 2.96 2.98 2.66 2.66
2009-01-09 2.89 2.91 2.82 2.82
2009-01-20 3.17 3.18 3.01 3.01
2009-02-03 3.31 3.31 3.2 3.2
2009-04-14 4.94 5.12 4.72 4.72
2009-05-06 5.16 5.21 5.0 5.0
2009-05-19 5.25 5.3 5.15 5.15
2009-06-05 5.94 6.18 5.85 5.85
2009-07-14 6.75 6.81 6.61 6.61
2009-07-22 6.54 6.6 6.45 6.45
2009-08-11 6.18 6.25 6.13 6.13
2009-09-04 6.24 6.24 6.24 6.24
2009-10-09 6.08 6.08 6.08 6.08
2009-10-23 6.76 6.84 6.6 6.6
2009-11-25 7.1 7.14 6.66 6.66
2009-11-30 6.7 6.75 6.52 6.52
2009-12-18 7.14 7.2 6.8 6.8
2009-12-25 7.32 7.65 6.93 6.93
2010-01-12 7.18 7.23 7.05 7.05
2010-01-15 7.17 7.22 7.08 7.08
2010-03-18 7.2 7.37 7.05 7.05
2010-03-26 6.99 7.07 6.84 6.84
2010-05-12 5.85 5.85 5.43 5.43
2010-05-26 5.65 5.68 5.55 5.55
2010-06-04 5.63 5.66 5.4 5.4
2010-06-25 5.74 5.86 5.7 5.7
2010-07-14 5.26 5.58 5.08 5.08
2010-07-19 5.45 5.46 5.14 5.14
2010-07-26 5.6 5.65 5.51 5.51
2010-08-09 6.08 6.22 6.05 6.05
2010-08-13 5.88 5.9 5.75 5.75
2010-08-16 5.94 5.96 5.82 5.82
2010-08-25 6.17 6.5 6.16 6.16
2010-08-26 6.03 6.13 5.94 5.94
2010-10-13 6.16 6.22 6.05 6.05
2010-11-11 6.63 6.63 6.03 6.03
2011-02-11 5.82 5.84 5.7 5.7
2011-02-14 5.9 5.91 5.77 5.77
2011-02-21 6.29 6.31 6.08 6.08
2011-04-20 7.19 7.32 7.11 7.11
2011-05-05 6.9 6.99 6.75 6.75
2011-05-11 7.39 7.48 7.25 7.25
2011-07-01 6.79 6.79 6.18 6.18
2011-07-08 7.68 7.93 7.24 7.24
2011-07-18 10.05 10.05 9.13 9.13
2011-08-01 11.39 11.78 11.25 11.25
2011-08-03 12.21 12.79 11.52 11.52
2011-11-14 9.36 9.44 9.2 9.2
2011-12-15 9.58 9.58 9.58 9.58
2011-12-16 8.62 8.62 8.62 8.62
2011-12-19 7.76 8.06 7.76 7.76
2011-12-23 6.4 6.6 6.2 6.2
2012-01-09 5.72 5.72 5.13 5.13
2012-03-02 8.58 8.66 8.42 8.42
2012-03-08 8.45 8.53 8.32 8.32
2012-05-16 7.72 7.87 7.49 7.49
2012-07-02 8.59 8.68 8.0 8.0
2012-07-06 8.3 8.44 8.15 8.15
2012-07-25 7.32 7.85 7.24 7.24
2012-09-19 6.07 6.12 5.97 5.97
2012-10-18 6.27 6.35 6.1 6.1
2012-11-29 5.86 6.05 5.84 5.84
2012-12-28 6.98 7.16 6.48 6.48
2013-01-14 6.76 6.86 6.51 6.51
2013-02-18 6.92 6.95 6.85 6.85
2013-03-06 6.45 6.56 6.35 6.35
2013-03-20 6.34 6.37 6.22 6.22
2013-03-21 6.37 6.54 6.31 6.31
2013-03-22 6.38 6.48 6.3 6.3
2013-03-29 6.18 6.21 6.06 6.06
2013-04-09 6.32 6.33 6.2 6.2
2013-04-10 6.38 6.41 6.32 6.32
2013-04-24 6.28 6.3 6.17 6.17
2013-05-03 6.25 6.29 6.21 6.21
2013-05-22 6.9 6.94 6.69 6.69
2013-06-27 5.46 5.66 5.2 5.2
2013-07-11 5.17 5.25 5.02 5.02
2013-07-15 5.13 5.21 5.04 5.04
2013-08-07 5.41 5.48 5.34 5.34
2013-08-26 5.64 5.68 5.41 5.41
2013-09-03 5.84 5.92 5.72 5.72
2013-11-14 5.5 5.56 5.4 5.4
2013-11-22 5.85 5.91 5.68 5.68
2013-12-09 5.74 5.82 5.63 5.63
2014-03-25 6.35 6.42 6.25 6.25
2014-04-11 6.4 6.52 6.35 6.35
2014-04-29 6.37 6.38 6.12 6.12
2014-05-13 6.65 6.89 6.52 6.52
2014-05-27 6.67 6.71 6.58 6.58
2014-06-20 6.74 6.79 6.65 6.65
2014-07-11 6.89 6.93 6.81 6.81
2014-07-25 6.88 6.93 6.82 6.82
2014-08-26 9.02 9.49 8.66 8.66
2014-09-01 8.85 8.91 8.55 8.55
2014-09-24 8.8 9.0 8.74 8.74
2014-11-24 9.08 9.19 8.91 8.91
2014-11-26 9.29 9.34 9.03 9.03
2014-11-27 9.71 9.86 9.35 9.35
2014-11-28 9.89 9.98 9.72 9.72
2015-01-20 8.1 8.1 7.95 7.95
2015-01-28 9.09 9.26 8.99 8.99
2015-02-13 9.42 9.58 9.26 9.26
2015-02-17 9.59 9.73 9.47 9.47
2015-03-04 10.45 10.45 9.45 9.45
2015-03-10 11.22 11.97 11.05 11.05
2015-03-25 12.28 12.66 12.1 12.1
2015-03-30 11.9 12.1 11.73 11.73
2015-04-13 13.18 13.59 12.6 12.6
2015-04-29 12.64 13.0 12.1 12.1
2015-05-11 12.06 12.06 12.06 12.06
2015-05-12 13.27 13.27 13.27 13.27
2015-05-28 14.6 14.6 14.6 14.6
2015-06-01 17.67 17.67 17.67 17.67
2015-06-19 20.35 20.35 20.35 20.35
2015-06-23 18.32 18.32 18.32 18.32
2015-07-13 8.92 8.92 8.92 8.92
2015-07-14 9.81 9.81 9.81 9.81
2015-08-10 14.26 14.6 13.61 13.61
2015-09-08 10.16 10.16 10.16 10.16
2015-09-09 10.07 10.6 9.14 9.14
2015-09-11 9.72 9.8 9.4 9.4
2015-10-20 11.06 11.27 10.6 10.6
2015-11-24 11.95 11.95 11.95 11.95
2016-01-22 18.04 18.04 18.04 18.04
2016-01-25 16.24 16.24 16.24 16.24
2016-01-26 14.62 15.58 14.62 14.62
2016-02-04 13.09 13.09 11.75 11.75
2016-03-02 16.98 17.99 15.33 15.33
2016-03-30 15.45 15.54 15.1 15.1
2016-04-13 14.6 14.8 14.45 14.45
2016-05-20 15.21 15.21 15.21 15.21
2016-05-23 14.01 14.56 13.69 13.69
2016-06-13 13.64 14.45 13.61 13.61
2016-06-28 13.45 13.73 13.14 13.14
2016-08-04 11.66 11.77 11.4 11.4
2016-08-12 12.91 13.13 12.47 12.47
2016-08-30 12.47 12.53 12.28 12.28
2016-09-05 12.31 12.43 12.14 12.14
2016-10-18 13.01 13.14 12.61 12.61
2016-10-26 12.86 13.05 12.75 12.75
2016-11-01 12.73 12.78 12.52 12.52
2016-12-14 11.0 11.27 10.83 10.83
2017-01-13 12.29 12.29 11.17 11.17
2017-03-20 9.88 9.88 9.88 9.88
2017-03-21 10.02 10.46 9.49 9.49
2017-03-30 8.37 8.43 8.37 8.37
2017-03-31 7.95 7.95 7.95 7.95
2017-04-13 8.49 8.66 8.21 8.21
2017-04-26 8.25 8.5 8.11 8.11
2017-04-28 8.43 8.55 8.25 8.25
2017-05-09 7.98 8.09 7.98 7.98
2017-06-06 6.71 6.77 6.4 6.4
2017-06-13 6.74 6.77 6.5 6.5
2017-07-31 6.99 6.99 6.75 6.75
2017-08-23 7.0 7.0 6.67 6.67
