2002-12-13 17.22 17.25 16.6 16.6
2002-12-20 17.51 17.6 17.32 17.32
2003-03-20 16.05 16.3 16.04 16.04
2003-04-14 16.6 16.6 15.8 15.8
2003-05-21 14.11 14.25 14.01 14.01
2003-07-03 14.25 14.35 14.2 14.2
2003-07-08 14.11 14.2 13.88 13.88
2003-08-11 13.99 14.0 13.66 13.66
2003-08-12 13.98 14.06 13.71 13.71
2003-08-18 13.75 13.85 13.55 13.55
2003-08-21 13.68 13.86 13.61 13.61
2003-10-16 12.78 13.03 12.0 12.0
2003-11-20 11.53 11.68 11.01 11.01
2003-11-24 11.5 11.6 11.15 11.15
2003-11-28 11.41 11.49 11.23 11.23
2004-02-16 14.8 15.18 14.12 14.12
2004-02-19 15.32 15.5 14.9 14.9
2004-03-09 14.72 15.2 14.32 14.32
2004-04-01 15.09 15.29 15.0 15.0
2004-04-05 15.88 16.2 15.48 15.48
2004-06-24 8.74 8.79 8.6 8.6
2004-08-03 6.62 6.65 6.32 6.32
2004-08-09 6.74 6.79 6.62 6.62
2004-09-02 5.78 5.83 5.6 5.6
2004-11-18 6.25 6.26 6.08 6.08
2004-12-21 5.8 5.88 5.77 5.77
2004-12-24 6.15 6.24 6.0 6.0
2005-01-04 5.75 5.83 5.6 5.6
2005-01-05 5.9 5.96 5.65 5.65
2005-04-07 5.24 5.35 5.15 5.15
2005-04-13 5.51 5.52 5.3 5.3
2005-04-28 5.08 5.15 4.7 4.7
2005-06-27 5.55 5.57 5.25 5.25
2005-06-29 5.49 5.58 5.41 5.41
2005-08-31 5.61 5.65 5.4 5.4
2005-09-02 5.84 5.91 5.7 5.7
2005-09-07 6.36 6.37 5.85 5.85
2005-11-11 5.35 5.47 5.1 5.1
2005-12-09 5.26 5.26 5.03 5.03
2005-12-19 5.33 5.4 5.26 5.26
2005-12-26 5.33 5.37 5.26 5.26
2005-12-29 5.37 5.43 5.35 5.35
2006-02-06 6.05 6.08 5.88 5.88
2006-03-17 5.39 5.41 5.35 5.35
2006-11-17 6.55 6.56 6.35 6.35
2006-12-15 7.41 7.5 7.19 7.19
2006-12-18 7.88 7.89 7.42 7.42
2007-03-12 13.85 14.15 13.21 13.21
2007-04-16 14.74 14.88 14.42 14.42
2007-04-17 15.4 15.48 14.77 14.77
2007-05-17 18.15 18.2 17.02 17.02
2007-05-21 19.6 19.96 18.55 18.55
2007-05-28 19.67 20.17 19.25 19.25
2007-06-13 16.18 16.2 14.93 14.93
2007-06-18 15.45 15.9 15.16 15.16
2007-07-25 13.3 13.33 13.01 13.01
2007-09-17 15.79 15.92 15.35 15.35
2007-09-20 16.12 16.24 15.4 15.4
2007-09-28 15.55 15.98 15.31 15.31
2007-11-05 12.35 12.38 11.8 11.8
2008-01-08 17.16 17.16 16.41 16.41
2008-04-25 11.05 11.5 10.88 10.88
2008-07-04 10.06 10.17 9.93 9.93
2008-07-10 10.61 10.94 10.59 10.59
2008-07-24 11.32 11.59 11.0 11.0
2008-11-13 6.89 6.95 6.51 6.51
2008-11-19 7.25 7.27 6.66 6.66
2009-04-29 11.46 11.47 11.01 11.01
2009-07-27 13.42 13.44 13.22 13.22
2009-11-13 13.65 13.66 13.3 13.3
2009-11-17 13.97 14.0 13.79 13.79
2009-11-25 15.04 15.21 13.91 13.91
2009-11-30 14.17 14.2 13.7 13.7
2009-12-07 15.75 15.82 14.97 14.97
2009-12-28 14.81 14.84 14.63 14.63
2009-12-31 15.1 15.16 14.75 14.75
2010-01-14 15.98 16.1 15.38 15.38
2010-01-18 16.83 16.88 16.32 16.32
2010-02-24 16.53 16.66 16.22 16.22
2010-04-12 20.01 20.01 18.32 18.32
2010-05-25 16.65 17.05 16.5 16.5
2010-05-26 16.79 16.92 16.5 16.5
2010-07-19 15.93 15.95 15.46 15.46
2010-09-30 17.59 17.69 17.3 17.3
2010-10-22 18.24 18.49 17.68 17.68
2010-11-09 22.9 22.9 21.05 21.05
2010-11-15 23.78 23.78 21.86 21.86
2011-01-24 19.34 19.61 19.2 19.2
2011-01-26 19.94 19.96 19.4 19.4
2011-01-31 20.08 20.18 19.8 19.8
2011-02-09 20.1 20.26 19.87 19.87
2011-02-10 20.89 20.93 20.0 20.0
2011-02-24 21.41 21.59 21.2 21.2
2011-06-30 12.37 12.5 12.23 12.23
2011-08-17 13.73 14.04 13.1 13.1
2011-08-19 14.11 14.52 13.39 13.39
2011-08-26 14.87 15.06 14.09 14.09
2011-11-03 13.25 13.68 13.18 13.18
2011-12-29 11.28 11.4 10.8 10.8
2012-04-19 12.84 13.0 12.68 12.68
2013-01-07 7.22 7.24 7.08 7.08
2013-03-01 8.44 8.48 8.13 8.13
2013-03-05 8.33 8.36 8.01 8.01
2013-05-24 8.58 8.65 8.35 8.35
2013-07-17 7.79 7.95 7.6 7.6
2013-08-05 8.32 8.56 8.05 8.05
2013-08-09 8.32 8.44 8.01 8.01
2013-08-19 8.77 8.77 8.22 8.22
2013-10-25 8.3 8.46 8.08 8.08
2013-10-30 7.61 7.62 7.45 7.45
2013-11-04 7.53 7.57 7.45 7.45
2013-11-29 8.08 8.17 8.02 8.02
2013-12-03 7.82 7.83 7.53 7.53
2013-12-04 8.09 8.16 7.82 7.82
2014-05-26 8.28 8.35 8.14 8.14
2014-06-26 9.1 9.2 8.85 8.85
2014-07-18 9.31 9.58 9.23 9.23
2014-08-08 9.91 10.14 9.88 9.88
2014-11-19 12.79 12.87 12.53 12.53
2014-11-21 12.71 12.73 12.61 12.61
2015-01-26 12.06 12.07 11.65 11.65
2015-02-13 11.83 11.95 11.61 11.61
2015-02-26 12.17 12.19 11.95 11.95
2015-02-27 12.52 12.66 12.19 12.19
2015-03-04 12.96 12.97 12.77 12.77
2015-04-22 15.94 16.14 15.3 15.3
2015-04-27 19.16 19.18 18.15 18.15
2015-04-30 21.1 21.35 20.0 20.0
2015-07-09 13.44 13.44 11.0 11.0
2015-07-10 14.78 14.78 13.56 13.56
2015-07-17 15.02 15.25 13.91 13.91
2015-10-15 14.73 14.82 13.77 13.77
2015-11-19 19.52 19.85 18.94 18.94
2015-11-24 19.33 19.76 19.02 19.02
2016-02-16 13.95 13.99 13.26 13.26
2016-02-24 15.25 15.54 14.73 14.73
2016-03-02 13.56 13.68 12.63 12.63
2016-03-23 17.07 18.05 16.11 16.11
2017-01-06 17.4 17.98 17.17 17.17
2017-06-16 12.4 12.47 12.32 12.32
