1997-12-09 13.49 13.67 13.41 13.41
1997-12-16 13.83 14.08 13.6 13.6
1997-12-31 13.07 13.35 13.03 13.03
1998-01-14 13.3 13.5 13.1 13.1
1998-04-28 14.2 14.33 13.9 13.9
1998-06-22 14.25 14.58 14.05 14.05
1998-07-07 13.9 14.1 13.78 13.78
1998-07-08 14.14 14.35 13.9 13.9
1998-07-17 14.86 15.05 14.55 14.55
1998-09-03 13.38 13.59 13.3 13.3
1998-09-04 13.63 13.7 13.42 13.42
1998-09-09 13.65 13.72 13.5 13.5
1998-09-16 10.51 10.78 9.9 9.9
1998-11-16 10.43 10.44 10.23 10.23
1998-11-17 10.78 10.98 10.51 10.51
1998-11-20 10.85 11.03 10.65 10.65
1998-12-08 10.54 10.63 10.44 10.44
1999-01-08 9.95 10.03 9.85 9.85
1999-01-15 10.02 10.12 9.8 9.8
1999-01-27 10.5 10.59 10.1 10.1
1999-02-09 9.89 9.92 9.7 9.7
1999-03-22 10.3 10.47 10.1 10.1
1999-04-05 10.54 10.7 10.26 10.26
1999-04-14 10.4 10.59 10.06 10.06
1999-04-20 10.18 10.38 10.1 10.1
1999-04-27 9.73 9.85 9.7 9.7
1999-05-11 9.18 9.3 9.05 9.05
1999-05-26 10.05 10.2 9.56 9.56
1999-05-27 10.94 11.0 10.08 10.08
1999-06-14 12.84 13.16 12.1 12.1
1999-06-16 13.52 13.8 12.89 12.89
1999-07-26 14.04 14.15 13.8 13.8
1999-08-24 13.17 13.4 13.0 13.0
1999-08-26 13.18 13.3 13.0 13.0
1999-08-31 13.65 13.78 13.21 13.21
1999-09-08 13.4 13.58 13.2 13.2
1999-09-09 14.09 14.18 13.5 13.5
1999-09-24 13.11 13.44 13.05 13.05
1999-10-22 12.17 12.6 12.04 12.04
1999-11-25 10.28 10.34 10.13 10.13
1999-12-15 10.04 10.13 9.75 9.75
2000-01-07 10.73 11.05 10.49 10.49
2000-02-14 11.65 11.65 11.0 11.0
2000-03-17 10.1 10.13 10.0 10.0
2000-04-10 11.89 12.1 11.08 11.08
2000-04-20 12.48 12.77 12.3 12.3
2000-04-26 12.61 12.68 11.85 11.85
2000-05-16 11.96 12.03 11.63 11.63
2000-06-13 13.8 14.07 12.88 12.88
2000-06-30 13.49 13.69 13.25 13.25
2000-07-07 13.59 13.69 13.0 13.0
2000-07-27 13.45 13.68 13.4 13.4
2000-09-07 12.24 12.28 11.81 11.81
2000-09-29 11.59 11.66 11.53 11.53
2000-10-18 11.38 11.49 11.22 11.22
2000-10-25 12.0 12.5 11.85 11.85
2000-10-31 11.66 11.85 11.6 11.6
2000-11-08 11.99 12.04 11.82 11.82
2000-12-21 11.99 12.13 11.63 11.63
2001-01-05 12.9 12.95 12.58 12.58
2001-01-10 12.98 13.05 12.95 12.95
2001-01-19 12.7 12.8 12.6 12.6
2001-02-22 11.25 11.31 11.05 11.05
2001-03-01 12.43 12.48 12.01 12.01
2001-03-06 12.77 12.95 12.3 12.3
2001-03-09 12.94 13.13 12.76 12.76
2001-03-26 12.94 13.02 12.83 12.83
2001-03-30 13.27 13.4 12.98 12.98
2001-05-11 13.73 13.84 13.58 13.58
2001-05-14 13.88 13.94 13.73 13.73
2001-06-20 9.49 9.79 9.28 9.28
2001-07-18 9.44 9.58 9.26 9.26
2001-08-01 8.9 9.09 8.29 8.29
2001-08-20 8.36 8.43 8.3 8.3
2001-08-29 8.1 8.19 8.01 8.01
2001-09-04 8.26 8.27 8.1 8.1
2001-09-28 8.27 8.27 8.1 8.1
2001-10-18 8.04 8.24 7.89 7.89
2001-11-27 7.34 7.42 7.2 7.2
2001-12-31 7.34 7.42 7.2 7.2
2002-01-31 6.57 6.7 6.3 6.3
2002-02-07 6.64 6.7 6.56 6.56
2002-03-25 7.29 7.34 7.2 7.2
2002-04-01 6.81 6.94 6.75 6.75
2002-04-10 7.04 7.09 6.95 6.95
2002-06-11 6.42 6.5 6.32 6.32
2002-06-21 6.54 6.56 6.34 6.34
2002-08-12 7.15 7.19 7.1 7.1
2002-08-13 7.18 7.21 7.13 7.13
2002-08-23 7.46 7.48 7.35 7.35
2002-10-11 6.65 6.7 6.6 6.6
2002-10-16 6.77 6.87 6.68 6.68
2002-10-22 6.81 6.86 6.7 6.7
2002-11-12 7.18 7.36 7.08 7.08
2003-01-13 7.02 7.08 6.9 6.9
2003-01-14 7.43 7.72 7.01 7.01
2003-02-18 7.78 7.82 7.7 7.7
2003-02-25 7.8 7.86 7.65 7.65
2003-03-11 8.14 8.17 8.05 8.05
2003-03-17 8.64 8.65 8.4 8.4
2003-03-31 9.36 9.37 9.01 9.01
2003-06-10 12.09 12.15 11.88 11.88
2003-06-11 12.31 12.38 12.09 12.09
2003-07-01 12.23 12.5 11.89 11.89
2003-07-15 12.89 12.98 12.65 12.65
2003-07-30 12.79 12.83 12.65 12.65
2003-08-04 12.94 12.95 12.62 12.62
2003-08-07 13.02 13.13 12.93 12.93
2003-09-26 11.43 11.5 11.4 11.4
2003-09-30 11.69 11.72 11.39 11.39
2003-10-20 11.64 11.75 11.6 11.6
2003-10-22 12.47 12.71 11.81 11.81
2003-12-10 13.72 13.85 13.52 13.52
2003-12-15 13.79 13.8 13.4 13.4
2003-12-18 13.54 13.64 13.45 13.45
2004-01-12 16.28 16.35 15.55 15.55
2004-02-16 14.48 14.55 14.17 14.17
2004-04-22 14.59 14.65 14.11 14.11
2004-04-26 14.69 14.75 14.46 14.46
2004-07-01 8.69 8.8 8.45 8.45
2004-08-09 8.18 8.23 7.93 7.93
2004-08-26 8.24 8.32 8.2 8.2
2004-11-15 6.09 6.12 5.85 5.85
2005-01-07 4.78 4.88 4.61 4.61
2005-01-14 4.85 4.99 4.76 4.76
2005-02-02 5.65 5.65 5.15 5.15
2005-02-21 5.67 5.7 5.57 5.57
2005-05-31 4.29 4.38 4.26 4.26
2005-06-16 4.55 4.57 4.43 4.43
2005-08-02 5.11 5.15 5.0 5.0
2005-09-07 5.03 5.05 4.84 4.84
2005-09-08 5.2 5.27 5.08 5.08
2005-09-27 5.14 5.15 5.09 5.09
2006-10-24 5.38 5.4 5.23 5.23
2006-11-30 6.54 6.78 6.25 6.25
2006-12-01 6.59 6.8 6.55 6.55
2006-12-11 7.14 7.22 6.66 6.66
2006-12-29 8.17 8.31 7.78 7.78
2007-01-15 9.54 9.54 8.71 8.71
2007-02-13 10.14 10.31 10.05 10.05
2007-02-15 11.66 11.66 10.62 10.62
2007-02-16 12.83 12.83 11.76 11.76
2007-03-15 12.98 13.1 12.58 12.58
2007-04-02 12.96 13.1 12.46 12.46
2007-04-12 14.17 14.4 14.08 14.08
2007-04-20 14.09 14.25 13.55 13.55
2007-05-29 16.47 16.55 15.65 15.65
2007-06-01 15.71 16.38 15.2 15.2
2007-06-12 16.39 16.39 14.98 14.98
2007-06-15 16.99 17.3 16.13 16.13
2007-07-23 22.09 22.5 21.25 21.25
2007-09-03 25.84 26.15 24.7 24.7
2007-09-06 25.19 25.73 24.62 24.62
2007-09-28 29.54 29.95 28.75 28.75
2007-12-14 25.4 25.55 24.03 24.03
2008-04-11 14.79 15.1 14.64 14.64
2008-07-02 7.79 7.91 7.63 7.63
2008-07-09 8.84 8.87 8.56 8.56
2008-07-28 8.57 8.65 8.47 8.47
2008-08-19 6.25 6.3 6.07 6.07
2008-09-25 6.68 6.77 6.25 6.25
2008-11-05 4.98 5.07 4.87 4.87
2008-11-10 5.51 5.53 5.09 5.09
2008-12-04 6.37 6.7 6.3 6.3
2009-01-12 5.91 6.0 5.57 5.57
2009-01-16 6.0 6.14 5.99 5.99
2009-02-04 7.1 7.3 6.83 6.83
2009-02-06 7.52 7.65 7.15 7.15
2009-04-24 11.15 11.65 11.01 11.01
2009-04-28 10.7 11.0 10.31 10.31
2009-04-29 11.47 11.49 10.7 10.7
2009-06-15 13.96 14.03 13.75 13.75
2009-06-24 15.58 15.6 14.54 14.54
2009-07-14 18.96 19.11 18.49 18.49
2009-07-15 19.55 20.05 19.0 19.0
2009-08-20 15.78 15.79 14.51 14.51
2009-09-30 19.75 19.98 19.36 19.36
2009-10-09 20.41 20.8 20.2 20.2
2009-10-23 21.22 21.55 20.82 20.82
2009-10-30 23.22 23.35 22.55 22.55
2009-11-30 25.37 25.42 24.06 24.06
2009-12-23 25.9 25.98 25.22 25.22
2010-02-23 21.25 21.38 20.51 20.51
2010-02-25 21.47 21.75 21.32 21.32
2010-03-09 21.95 22.29 21.85 21.85
2010-03-29 20.45 20.56 19.78 19.78
2010-04-01 21.1 21.15 20.35 20.35
2010-05-24 17.46 17.55 16.89 16.89
2010-06-17 12.53 12.68 12.49 12.49
2010-07-14 13.77 14.25 13.65 13.65
2010-08-18 16.12 16.29 15.6 15.6
2010-09-02 17.5 17.68 16.26 16.26
2010-10-12 18.95 18.95 17.67 17.67
2010-10-19 20.64 20.64 18.82 18.82
2011-01-07 15.45 15.81 15.01 15.01
2011-01-24 15.94 16.3 15.81 15.81
2011-04-20 18.1 18.43 17.73 17.73
2011-04-29 18.22 18.4 17.73 17.73
2011-06-03 17.44 17.88 16.89 16.89
2011-06-14 17.71 17.76 16.94 16.94
2011-06-20 16.85 17.11 16.45 16.45
2011-07-04 19.2 19.63 18.92 18.92
2011-09-07 15.28 15.4 14.77 14.77
2011-11-03 16.68 17.02 16.5 16.5
2011-12-06 13.0 13.15 12.87 12.87
2012-01-12 15.29 15.4 14.98 14.98
2012-01-17 15.33 15.35 14.4 14.4
2012-01-19 15.46 15.52 15.2 15.2
2012-02-22 15.9 16.0 15.3 15.3
2012-03-29 14.23 14.41 14.0 14.0
2012-04-13 15.19 15.4 15.11 15.11
2012-04-16 15.45 15.59 15.12 15.12
2012-05-17 15.47 15.66 15.2 15.2
2012-07-06 13.29 13.55 12.87 12.87
2012-07-10 13.09 13.19 12.99 12.99
2012-07-19 12.82 13.13 12.45 12.45
2012-07-24 12.51 12.65 12.3 12.3
2012-07-27 12.83 13.05 12.75 12.75
2012-08-01 12.93 13.05 12.84 12.84
2012-09-06 11.92 11.99 11.77 11.77
2012-11-01 13.46 13.48 12.99 12.99
2012-11-07 13.84 13.99 13.5 13.5
2012-12-24 16.63 16.99 16.32 16.32
2013-01-18 17.09 17.38 16.42 16.42
2013-01-25 16.67 16.88 16.32 16.32
2013-02-07 17.19 17.24 17.03 17.03
2013-05-03 15.26 15.39 14.95 14.95
2013-05-08 16.39 16.41 15.67 15.67
2013-05-29 15.9 16.25 15.61 15.61
2013-07-15 13.14 13.32 12.99 12.99
2013-07-31 12.24 12.38 12.11 12.11
2013-09-17 14.07 14.67 13.96 13.96
2013-10-14 14.63 14.88 14.37 14.37
2013-10-24 14.33 14.68 13.6 13.6
2013-11-25 15.35 15.55 15.07 15.07
2013-12-03 15.46 15.52 15.05 15.05
2013-12-31 14.14 14.2 13.81 13.81
2014-02-10 13.48 13.57 13.03 13.03
2014-04-23 14.37 14.49 14.21 14.21
2014-06-16 15.8 15.86 15.44 15.44
2014-07-18 15.85 15.99 15.52 15.52
2014-08-27 16.72 16.93 16.53 16.53
2014-09-03 17.68 17.95 17.28 17.28
2014-09-05 18.69 18.7 18.09 18.09
2014-09-24 18.28 18.36 17.8 17.8
2014-10-08 18.2 18.35 18.1 18.1
2014-10-31 17.86 18.18 17.79 17.79
2014-12-03 20.57 21.21 19.85 19.85
2015-03-11 23.58 23.6 22.96 22.96
2015-05-20 25.09 25.5 24.7 24.7
2015-05-25 26.38 26.5 25.79 25.79
2015-07-10 26.11 27.36 24.4 24.4
2015-07-16 23.77 24.07 23.7 23.7
2015-07-28 19.29 19.58 18.81 18.81
2015-10-08 17.77 18.07 17.55 17.55
2015-11-06 19.55 19.55 19.55 19.55
2015-12-09 20.98 21.12 20.2 20.2
2015-12-17 20.65 20.85 20.5 20.5
2016-03-23 19.87 20.02 19.8 19.8
2016-04-05 20.35 20.5 20.15 20.15
2016-04-11 20.42 20.63 20.18 20.18
2016-05-10 19.97 20.12 19.63 19.63
2016-05-19 19.81 20.05 19.76 19.76
2016-05-31 20.29 20.4 19.85 19.85
2016-06-14 20.18 20.25 20.03 20.03
2016-06-15 20.35 20.36 20.01 20.01
2016-06-17 20.18 20.36 20.13 20.13
2016-06-27 20.15 20.19 19.94 19.94
2016-07-01 20.38 20.54 20.35 20.35
2016-07-04 21.16 21.2 20.53 20.53
2016-07-20 21.79 21.99 21.52 21.52
2016-08-15 24.1 24.34 23.4 23.4
2016-09-29 21.79 21.86 21.73 21.73
2016-09-30 21.85 21.97 21.69 21.69
2016-10-14 22.38 22.46 22.23 22.23
2016-10-18 22.58 22.65 22.14 22.14
2016-10-21 23.58 23.68 23.18 23.18
2016-10-28 23.38 23.49 23.03 23.03
2016-10-31 23.68 23.97 23.32 23.32
2016-11-16 23.48 23.73 23.35 23.35
2016-11-18 23.68 23.85 23.46 23.46
2016-12-30 23.45 23.51 22.92 22.92
2017-01-03 23.89 24.3 23.57 23.57
2017-01-19 25.19 25.22 24.89 24.89
2017-03-23 24.97 24.99 24.47 24.47
2017-03-31 25.38 25.45 24.77 24.77
2017-06-26 31.13 31.31 30.35 30.35
2017-07-06 32.31 32.45 31.55 31.55
2017-08-11 29.72 29.8 29.26 29.26
