1999-04-14 23.8 23.88 23.28 23.28
1999-04-20 23.65 23.85 23.5 23.5
1999-04-27 22.06 22.38 21.9 21.9
1999-04-28 22.29 22.85 22.0 22.0
1999-05-11 21.96 22.49 21.7 21.7
1999-05-13 21.95 22.35 21.7 21.7
1999-05-14 21.4 22.17 21.2 21.2
1999-05-18 22.48 23.3 22.32 22.32
1999-05-19 23.52 23.7 22.4 22.4
1999-06-08 25.41 26.4 24.7 24.7
1999-06-14 25.72 26.13 25.0 25.0
1999-06-16 26.48 26.68 25.5 25.5
1999-06-24 29.53 30.2 28.4 28.4
1999-06-28 33.88 33.88 31.5 31.5
1999-07-19 26.87 26.87 26.87 26.87
1999-08-12 25.96 26.25 25.7 25.7
1999-08-13 26.4 26.59 25.98 25.98
1999-08-24 27.01 27.5 26.45 26.45
1999-08-30 27.23 27.7 26.35 26.35
1999-09-09 29.12 29.88 27.65 27.65
1999-09-13 30.0 30.5 29.5 29.5
1999-09-17 29.3 29.88 29.0 29.0
1999-09-24 30.0 30.09 28.88 28.88
1999-10-26 29.19 29.2 28.75 28.75
1999-11-08 30.35 30.38 29.6 29.6
1999-11-12 31.85 32.4 31.26 31.26
1999-11-16 32.05 32.21 31.5 31.5
1999-11-18 33.8 34.15 33.51 33.51
1999-12-01 31.21 32.18 30.88 30.88
1999-12-14 31.1 31.8 31.1 31.1
1999-12-22 30.01 30.3 30.0 30.0
1999-12-23 30.1 30.2 29.9 29.9
1999-12-28 29.09 29.4 29.0 29.0
1999-12-30 29.65 29.95 29.26 29.26
2000-01-06 31.89 32.1 30.29 30.29
2000-01-18 30.58 30.91 30.19 30.19
2000-01-19 30.82 31.05 30.6 30.6
2000-01-21 31.0 31.5 31.0 31.0
2000-02-24 37.99 38.02 36.5 36.5
2000-02-25 39.15 39.6 38.0 38.0
2000-02-28 39.88 40.5 38.9 38.9
2000-03-10 40.9 41.43 40.18 40.18
2000-03-15 42.0 42.52 41.1 41.1
2000-03-17 41.52 41.98 40.8 40.8
2000-03-24 47.11 48.35 44.8 44.8
2000-04-03 49.7 51.39 47.5 47.5
2000-04-05 49.8 50.79 48.8 48.8
2000-04-25 52.8 54.0 52.0 52.0
2000-04-26 53.0 53.47 52.61 52.61
2000-04-27 53.68 53.99 53.0 53.0
2000-05-11 54.2 54.84 53.9 53.9
2000-05-24 54.6 55.0 54.3 54.3
2000-05-31 61.9 62.0 58.67 58.67
2000-06-20 29.0 29.47 28.9 28.9
2000-06-23 30.3 30.55 29.7 29.7
2000-07-07 26.36 26.7 25.6 25.6
2000-07-14 27.21 27.9 26.7 26.7
2000-07-28 26.25 26.5 26.0 26.0
2000-08-22 26.0 26.38 26.0 26.0
2000-09-15 25.34 25.65 24.38 24.38
2000-09-22 24.51 24.83 24.0 24.0
2000-09-27 25.1 25.2 24.2 24.2
2000-10-13 25.65 26.0 25.4 25.4
2000-11-01 24.38 24.75 24.3 24.3
2000-11-02 24.68 24.85 24.38 24.38
2000-11-10 24.33 24.46 24.0 24.0
2000-11-22 24.05 24.22 23.83 23.83
2000-12-08 23.15 23.36 23.0 23.0
2000-12-27 23.78 24.1 23.73 23.73
2000-12-28 23.95 24.09 23.85 23.85
2001-01-10 23.18 23.2 23.06 23.06
2001-01-19 21.61 21.8 21.0 21.0
2001-02-26 17.55 17.63 17.28 17.28
2001-03-09 19.79 20.24 19.2 19.2
2001-03-20 19.13 19.28 19.02 19.02
2001-03-22 19.7 20.05 19.2 19.2
2001-03-27 20.1 20.2 20.0 20.0
2001-04-17 21.3 21.5 20.19 20.19
2001-04-20 20.58 21.1 20.51 20.51
2001-05-14 20.85 20.9 20.62 20.62
2001-05-15 21.44 21.45 20.88 20.88
2001-05-18 21.13 21.19 20.88 20.88
2001-05-21 21.4 21.6 21.05 21.05
2001-06-13 23.14 23.49 23.0 23.0
2001-06-20 22.09 22.3 22.03 22.03
2001-06-22 22.55 22.64 22.38 22.38
2001-06-26 22.99 23.0 22.8 22.8
2001-06-27 22.95 23.2 22.85 22.85
2001-07-12 21.22 21.47 20.5 20.5
2001-07-19 20.27 20.29 19.58 19.58
2001-07-25 20.25 20.3 19.93 19.93
2001-08-09 18.45 18.45 17.95 17.95
2001-08-21 18.2 18.3 18.1 18.1
2001-08-31 17.63 17.75 17.38 17.38
2001-09-24 16.63 16.68 16.55 16.55
2001-10-09 15.0 15.16 14.75 14.75
2001-10-29 14.2 14.4 14.06 14.06
2001-11-02 14.1 14.28 13.95 13.95
2001-11-13 13.45 13.6 13.21 13.21
2001-11-20 14.39 14.48 14.27 14.27
2001-11-27 15.11 15.15 14.85 14.85
2001-11-28 15.13 15.32 15.1 15.1
2001-12-06 14.99 15.11 14.66 14.66
2001-12-18 14.25 14.35 13.95 13.95
2001-12-26 13.8 13.86 13.43 13.43
2001-12-28 13.61 13.62 13.5 13.5
2001-12-31 13.77 13.83 13.65 13.65
2002-01-17 10.55 11.52 10.39 10.39
2002-01-29 10.13 10.19 9.5 9.5
2002-02-07 11.35 11.55 11.0 11.0
2002-03-06 12.0 12.3 11.78 11.78
2002-03-07 12.4 12.4 12.01 12.01
2002-03-25 13.04 14.0 12.85 12.85
2002-04-23 11.99 12.03 11.82 11.82
2002-06-06 11.21 11.5 10.68 10.68
2002-06-18 11.21 11.25 10.92 10.92
2002-07-02 12.16 12.2 12.0 12.0
2002-07-03 12.44 12.55 12.21 12.21
2002-07-12 12.2 12.3 12.1 12.1
2002-07-16 12.15 12.28 12.05 12.05
2002-07-30 11.82 11.99 10.9 10.9
2002-08-05 11.57 11.72 11.43 11.43
2002-08-07 11.6 11.7 11.51 11.51
2002-09-06 12.36 12.52 12.3 12.3
2002-09-09 12.52 12.58 12.25 12.25
2002-11-05 11.7 11.8 11.5 11.5
2002-11-07 11.67 11.77 11.55 11.55
2002-11-19 10.4 10.45 10.14 10.14
2002-12-03 9.92 9.92 9.72 9.72
2002-12-13 10.05 10.06 9.62 9.62
2003-01-08 9.47 9.53 9.15 9.15
2003-01-13 9.67 9.68 9.5 9.5
2003-03-11 10.08 10.1 10.01 10.01
2003-04-30 8.88 9.19 8.88 8.88
2003-05-14 8.2 8.2 7.95 7.95
2003-06-03 9.03 9.04 8.93 8.93
2003-06-11 8.78 8.8 8.61 8.61
2003-06-20 9.58 9.58 8.69 8.69
2003-07-04 9.06 9.35 8.71 8.71
2003-07-25 9.12 9.23 9.0 9.0
2003-08-06 9.43 9.44 9.09 9.09
2003-08-18 8.82 8.87 8.73 8.73
2003-08-22 8.94 9.07 8.86 8.86
2003-09-01 8.61 8.62 8.43 8.43
2003-09-23 8.09 8.1 7.95 7.95
2003-09-24 8.15 8.25 8.1 8.1
2003-11-07 6.18 6.35 6.12 6.12
2003-11-28 6.78 6.82 6.7 6.7
2003-12-23 6.28 6.35 6.22 6.22
2004-01-30 6.61 6.75 6.58 6.58
2004-02-03 7.17 7.19 6.87 6.87
2004-02-20 8.28 8.5 8.05 8.05
2004-03-16 7.89 7.89 7.72 7.72
2004-03-19 7.8 7.84 7.64 7.64
2004-03-22 8.07 8.17 7.8 7.8
2004-05-12 7.14 7.15 7.01 7.01
2004-07-05 6.2 6.22 6.1 6.1
2004-07-07 6.28 6.44 6.21 6.21
2004-07-09 6.26 6.34 6.23 6.23
2004-08-25 4.7 4.79 4.68 4.68
2004-08-26 4.63 4.7 4.6 4.6
2004-09-15 5.14 5.26 4.85 4.85
2004-10-11 5.27 5.4 5.12 5.12
2004-10-18 5.02 5.19 4.81 4.81
2004-10-25 4.56 4.75 4.5 4.5
2004-11-09 4.69 4.79 4.63 4.63
2004-11-15 5.03 5.03 4.81 4.81
2004-11-18 4.99 4.99 4.85 4.85
2004-12-03 5.13 5.15 5.06 5.06
2004-12-24 4.8 4.81 4.73 4.73
2005-01-05 4.68 4.7 4.6 4.6
2005-01-18 4.79 4.8 4.6 4.6
2005-02-02 4.8 4.87 4.55 4.55
2005-02-21 5.18 5.19 4.98 4.98
2005-02-25 5.26 5.27 5.09 5.09
2005-03-03 5.09 5.09 5.0 5.0
2005-03-14 4.93 4.95 4.81 4.81
2005-03-31 4.42 4.48 4.3 4.3
2005-04-06 4.51 4.53 4.4 4.4
2005-04-08 4.61 4.66 4.51 4.51
2005-04-13 4.64 4.68 4.52 4.52
2005-04-26 3.97 3.99 3.86 3.86
2005-05-24 4.43 4.45 4.3 4.3
2005-06-22 4.38 4.48 4.37 4.37
2005-06-23 4.47 4.48 4.38 4.38
2005-07-12 4.14 4.15 3.93 3.93
2005-08-01 3.45 3.49 3.42 3.42
2005-08-15 3.7 3.71 3.6 3.6
2005-08-22 3.63 3.66 3.52 3.52
2005-08-31 4.28 4.28 3.9 3.9
2005-09-09 4.87 4.97 4.58 4.58
2005-09-23 4.28 4.36 4.18 4.18
2005-10-18 4.23 4.25 4.11 4.11
2005-12-01 3.92 4.01 3.84 3.84
2006-10-17 4.18 4.2 4.08 4.08
2006-10-24 4.01 4.02 3.88 3.88
2006-10-31 4.0 4.02 3.91 3.91
2006-11-17 3.71 3.72 3.6 3.6
2006-11-22 3.73 3.79 3.69 3.69
2006-12-11 4.1 4.11 3.96 3.96
2006-12-14 4.16 4.18 4.05 4.05
2006-12-27 4.4 4.59 4.15 4.15
2007-01-05 4.11 4.11 4.02 4.02
2007-01-08 4.25 4.28 4.07 4.07
2007-01-19 5.5 5.52 5.14 5.14
2007-01-26 6.26 6.44 5.86 5.86
2007-02-16 6.47 6.78 6.26 6.26
2007-03-02 6.04 6.11 5.87 5.87
2007-03-12 7.19 7.55 7.12 7.12
2007-03-15 7.27 7.5 7.06 7.06
2007-04-06 9.24 9.5 9.03 9.03
2007-04-09 10.16 10.16 9.4 9.4
2007-04-12 13.53 13.53 13.53 13.53
2007-04-16 14.87 14.87 13.95 13.95
2007-04-23 16.95 16.95 15.76 15.76
2007-07-17 17.34 17.34 15.72 15.72
2007-07-20 19.19 19.48 17.55 17.55
2007-07-23 19.71 20.96 19.3 19.3
2007-08-02 21.34 21.45 19.81 19.81
2007-09-12 18.21 18.33 16.51 16.51
2007-09-27 15.55 15.99 14.35 14.35
2007-11-19 15.77 16.0 15.11 15.11
2008-01-10 17.38 17.6 17.07 17.07
2008-02-18 14.75 14.8 14.41 14.41
2008-05-14 10.97 10.97 10.4 10.4
2008-06-12 5.61 5.61 5.1 5.1
2008-06-26 5.22 5.35 5.1 5.1
2008-07-21 5.11 5.14 4.76 4.76
2008-07-24 5.37 5.44 5.16 5.16
2008-07-30 6.32 6.38 5.88 5.88
2008-09-11 3.68 3.75 3.66 3.66
2008-10-15 3.33 3.36 3.15 3.15
2008-11-07 2.77 2.83 2.66 2.66
2008-12-05 3.78 3.8 3.53 3.53
2008-12-19 3.82 3.95 3.77 3.77
2009-01-06 3.41 3.45 3.28 3.28
2009-01-07 3.75 3.75 3.62 3.62
2009-01-16 3.65 3.73 3.63 3.63
2009-02-06 4.26 4.31 3.91 3.91
2009-02-13 4.93 4.93 4.46 4.46
2009-03-02 4.26 4.35 4.15 4.15
2009-03-19 5.13 5.15 4.96 4.96
2009-04-20 6.48 6.55 6.2 6.2
2009-04-23 6.26 6.32 5.86 5.86
2009-04-24 6.58 6.89 6.38 6.38
2009-05-08 7.69 7.73 7.1 7.1
2009-05-15 7.86 7.99 7.55 7.55
2009-06-10 7.87 8.03 7.8 7.8
2009-06-15 7.49 7.5 7.25 7.25
2009-06-17 7.8 7.85 7.44 7.44
2009-06-23 7.51 7.67 7.3 7.3
2009-06-25 7.6 7.68 7.48 7.48
2009-07-01 8.27 8.56 7.81 7.81
2009-07-10 8.98 9.03 8.66 8.66
2009-08-20 6.67 6.67 6.21 6.21
2009-09-14 8.34 8.36 7.99 7.99
2009-10-19 8.02 8.14 7.75 7.75
2009-11-13 8.8 8.85 8.64 8.64
2009-11-19 10.18 10.18 9.28 9.28
2009-11-23 11.2 11.37 10.58 10.58
2009-11-25 11.5 11.67 10.75 10.75
2009-12-02 11.8 11.97 11.08 11.08
2010-01-05 13.4 13.75 13.2 13.2
2010-03-05 11.5 11.56 11.11 11.11
2010-03-08 11.98 12.2 11.6 11.6
2010-03-15 11.4 11.59 11.16 11.16
2010-03-18 12.22 12.35 11.86 11.86
2010-03-31 15.08 15.38 14.45 14.45
2010-06-17 4.55 4.55 4.55 4.55
2010-07-01 3.8 3.8 3.47 3.47
2010-08-24 6.67 6.87 6.39 6.39
2010-09-09 7.67 7.9 7.28 7.28
2010-11-08 7.09 7.1 6.82 6.82
2010-12-13 5.31 5.32 5.19 5.19
2011-02-18 5.25 5.45 5.11 5.11
2011-02-28 5.4 5.44 5.18 5.18
2011-03-07 5.43 5.5 5.33 5.33
2011-03-21 5.36 5.54 5.29 5.29
2011-05-24 5.05 5.06 4.87 4.87
2011-06-20 4.02 4.07 4.0 4.0
2011-07-13 4.16 4.17 4.12 4.12
2011-07-26 4.16 4.19 4.12 4.12
2011-08-16 3.9 3.96 3.87 3.87
2011-09-07 3.75 3.75 3.69 3.69
2011-10-19 3.43 3.48 3.41 3.41
2011-11-14 3.59 3.6 3.55 3.55
2011-11-22 3.38 3.42 3.35 3.35
2011-12-01 3.27 3.33 3.26 3.26
2011-12-23 2.76 2.81 2.72 2.72
2012-03-08 3.17 3.21 3.15 3.15
2012-03-13 3.22 3.22 3.18 3.18
2012-04-05 2.82 2.83 2.75 2.75
2012-06-01 3.35 3.36 3.3 3.3
2012-06-18 2.95 2.97 2.94 2.94
2012-07-02 2.77 2.81 2.75 2.75
2012-08-09 2.7 2.71 2.64 2.64
2012-09-03 2.62 2.63 2.56 2.56
2012-09-07 2.72 2.74 2.64 2.64
2012-09-12 2.72 2.72 2.68 2.68
2012-10-09 2.63 2.65 2.56 2.56
2012-10-16 2.66 2.69 2.64 2.64
2012-10-18 2.75 2.89 2.66 2.66
2012-11-12 2.78 2.78 2.7 2.7
2012-12-24 2.68 2.69 2.66 2.66
2012-12-28 2.86 2.95 2.76 2.76
2013-01-15 2.87 2.88 2.84 2.84
2013-01-28 2.86 2.87 2.77 2.77
2013-02-08 2.89 2.9 2.87 2.87
2013-03-11 2.65 2.67 2.63 2.63
2013-04-01 2.62 2.64 2.6 2.6
2013-04-02 2.62 2.65 2.61 2.61
2013-04-09 2.6 2.6 2.57 2.57
2013-04-19 2.65 2.65 2.61 2.61
2013-04-26 2.58 2.6 2.57 2.57
2013-05-08 2.65 2.65 2.63 2.63
2013-05-17 2.77 2.79 2.73 2.73
2013-07-12 3.06 3.06 3.06 3.06
2013-07-15 3.37 3.37 3.37 3.37
2013-07-16 3.71 3.71 3.71 3.71
2013-07-17 4.08 4.08 4.08 4.08
2013-07-23 4.04 4.12 3.97 3.97
2013-09-02 5.3 5.3 4.8 4.8
2013-10-15 5.39 5.46 5.23 5.23
2013-11-08 5.11 5.12 4.93 4.93
2013-11-11 5.62 5.62 5.22 5.22
2014-02-17 5.9 5.95 5.55 5.55
2014-04-22 6.48 6.64 6.28 6.28
2014-05-06 6.0 6.02 5.82 5.82
2014-06-11 6.05 6.09 5.96 5.96
2014-07-09 5.89 6.08 5.77 5.77
2014-07-17 5.79 5.86 5.72 5.72
2014-07-30 6.17 6.24 5.92 5.92
2014-08-08 6.83 6.86 6.42 6.42
2014-08-18 6.81 6.94 6.7 6.7
2014-10-24 5.68 5.69 5.53 5.53
2014-12-24 5.26 5.31 5.15 5.15
2015-01-07 5.3 5.31 5.24 5.24
2015-01-14 5.14 5.23 5.06 5.06
2015-01-20 5.25 5.35 5.1 5.1
2015-02-13 5.29 5.34 5.23 5.23
2015-03-04 5.77 5.84 5.6 5.6
2015-04-02 7.36 7.36 6.74 6.74
2015-04-07 7.63 7.98 7.42 7.42
2015-04-16 7.36 7.48 7.25 7.25
2015-04-17 7.58 7.69 7.4 7.4
2015-06-17 11.23 11.23 10.22 10.22
2015-07-20 9.58 9.58 9.58 9.58
2015-07-21 9.87 10.1 8.62 8.62
2015-07-31 7.51 7.68 7.06 7.06
2015-08-10 7.8 7.85 7.5 7.5
2015-08-14 8.06 8.27 7.87 7.87
2015-08-25 5.34 5.47 5.34 5.34
2015-09-02 4.66 5.02 4.52 4.52
2015-09-16 4.58 4.58 4.16 4.16
2015-10-19 5.64 5.79 5.43 5.43
2015-11-11 6.05 6.18 5.96 5.96
2015-12-14 6.05 6.06 5.75 5.75
2016-01-05 7.35 7.35 6.55 6.55
2016-02-15 5.04 5.09 4.9 4.9
2016-03-02 5.2 5.24 4.95 4.95
2016-03-23 5.31 5.33 5.22 5.22
2016-04-21 5.19 5.29 5.12 5.12
2016-05-31 4.76 4.76 4.61 4.61
2016-08-15 5.59 5.59 5.59 5.59
2016-09-05 5.26 5.32 5.21 5.21
2016-09-09 5.39 5.49 5.33 5.33
2016-09-20 5.39 5.42 5.33 5.33
2016-11-10 5.23 5.24 5.2 5.2
2017-01-25 4.92 4.95 4.89 4.89
2017-01-26 4.95 4.95 4.92 4.92
2017-02-21 5.09 5.11 5.07 5.07
2017-04-05 4.75 4.76 4.67 4.67
2017-05-17 4.25 4.28 4.22 4.22
2017-05-19 4.31 4.39 4.21 4.21
