2001-04-16 17.12 17.25 16.96 16.96
2001-05-21 17.4 17.59 17.26 17.26
2001-05-29 16.89 17.07 16.82 16.82
2001-06-21 18.46 18.51 18.2 18.2
2001-07-10 18.18 18.18 17.75 17.75
2001-07-20 18.32 18.38 17.95 17.95
2001-08-03 17.19 17.32 17.11 17.11
2001-08-17 17.4 17.5 17.22 17.22
2001-08-21 17.75 17.94 17.7 17.7
2001-08-28 17.75 17.8 17.0 17.0
2001-09-04 17.6 17.75 17.24 17.24
2001-09-05 17.7 18.0 17.65 17.65
2001-09-17 17.93 18.06 17.8 17.8
2001-10-09 17.11 17.26 16.61 16.61
2001-10-23 14.8 14.8 14.8 14.8
2001-11-14 14.79 15.18 14.7 14.7
2001-11-19 15.68 15.75 15.2 15.2
2001-11-28 16.5 16.62 16.03 16.03
2001-12-12 16.23 16.38 16.2 16.2
2001-12-14 15.86 16.0 15.8 15.8
2001-12-25 15.21 15.41 15.12 15.12
2002-01-25 13.13 13.3 13.05 13.05
2002-01-29 12.47 12.65 12.0 12.0
2002-03-05 14.18 14.38 13.8 13.8
2002-03-19 15.1 15.18 14.19 14.19
2002-04-08 14.15 14.18 14.01 14.01
2002-04-24 13.9 14.06 13.8 13.8
2002-04-25 14.01 14.05 13.88 13.88
2002-04-29 14.47 14.58 14.31 14.31
2002-05-09 14.37 14.48 14.2 14.2
2002-05-21 13.75 14.12 13.52 13.52
2002-06-06 13.18 13.36 12.66 12.66
2002-06-11 13.3 13.36 13.06 13.06
2002-06-20 13.09 13.14 13.01 13.01
2002-06-21 13.76 14.2 13.09 13.09
2002-07-08 14.88 14.98 14.75 14.75
2002-07-17 14.4 14.4 14.21 14.21
2002-07-19 14.42 14.5 14.36 14.36
2002-08-02 14.17 14.17 14.1 14.1
2002-08-20 14.56 14.6 14.41 14.41
2002-09-12 14.15 14.18 13.86 13.86
2002-09-13 14.24 14.25 14.16 14.16
2002-10-21 13.09 13.15 13.05 13.05
2002-11-05 13.19 13.46 12.9 12.9
2002-11-15 12.78 12.89 12.65 12.65
2002-12-03 11.93 12.0 11.81 11.81
2002-12-06 12.09 12.2 11.88 11.88
2002-12-16 12.12 12.2 12.03 12.03
2002-12-20 12.01 12.05 11.95 11.95
2003-01-14 11.81 12.15 11.41 11.41
2003-01-22 11.78 11.9 11.65 11.65
2003-01-24 11.79 11.9 11.5 11.5
2003-03-03 12.07 12.09 11.88 11.88
2003-03-11 11.34 11.45 11.2 11.2
2003-04-25 11.6 11.93 11.21 11.21
2003-06-02 12.2 12.3 12.1 12.1
2003-06-10 11.57 11.6 11.42 11.42
2003-06-11 11.68 11.7 11.57 11.57
2003-06-26 11.07 11.1 9.99 9.99
2003-07-09 10.34 10.46 10.27 10.27
2003-07-17 10.27 10.3 10.18 10.18
2003-08-22 9.71 9.81 9.7 9.7
2003-09-04 9.81 9.95 9.7 9.7
2003-09-10 9.64 9.95 9.45 9.45
2003-10-10 9.11 9.18 8.84 8.84
2003-10-17 8.6 8.65 8.4 8.4
2003-10-30 8.57 8.72 8.55 8.55
2003-11-20 9.15 9.29 9.0 9.0
2003-11-24 9.19 9.2 8.75 8.75
2003-12-26 8.84 8.86 8.73 8.73
2004-01-14 9.45 9.49 9.22 9.22
2004-01-16 9.68 9.72 9.5 9.5
2004-02-09 10.15 10.23 10.0 10.0
2004-02-11 10.48 10.5 10.2 10.2
2004-03-18 10.01 10.21 10.0 10.0
2004-04-06 10.12 10.2 10.06 10.06
2004-04-26 10.24 10.5 10.2 10.2
2004-05-21 9.38 9.41 9.29 9.29
2004-06-21 8.3 8.35 8.11 8.11
2004-07-09 7.95 8.02 7.93 7.93
2004-07-20 7.8 7.98 7.72 7.72
2004-08-06 7.58 7.59 7.5 7.5
2004-09-10 6.69 6.69 6.57 6.57
2004-09-14 6.6 6.66 6.47 6.47
2004-10-18 6.67 6.8 6.67 6.67
2004-10-26 7.08 7.08 6.83 6.83
2004-11-09 6.76 6.77 6.66 6.66
2004-11-29 7.15 7.17 7.05 7.05
2004-12-21 6.8 6.84 6.72 6.72
2004-12-22 6.97 6.98 6.8 6.8
2005-01-11 6.87 6.93 6.7 6.7
2005-01-13 6.77 6.87 6.76 6.76
2005-03-08 6.3 6.31 6.18 6.18
2005-03-09 6.48 6.53 6.3 6.3
2005-03-11 6.54 6.55 6.36 6.36
2005-03-29 5.32 5.38 5.29 5.29
2005-03-31 5.2 5.22 5.01 5.01
2005-04-13 5.5 5.54 5.34 5.34
2005-05-24 4.78 4.78 4.6 4.6
2005-06-08 5.11 5.17 4.79 4.79
2005-06-21 5.11 5.22 5.03 5.03
2005-07-05 4.78 4.86 4.72 4.72
2005-07-07 4.8 4.8 4.72 4.72
2005-07-20 4.44 4.47 4.4 4.4
2005-08-05 5.25 5.27 4.9 4.9
2005-08-10 5.55 5.61 5.41 5.41
2005-08-15 5.66 5.76 5.55 5.55
2005-08-24 5.56 5.6 5.48 5.48
2005-08-25 6.08 6.12 5.5 5.5
2005-09-07 6.19 6.23 6.02 6.02
2005-09-19 6.27 6.28 6.13 6.13
2005-09-26 5.66 5.74 5.6 5.6
2005-09-29 5.6 5.65 5.45 5.45
2005-10-11 5.53 5.6 5.4 5.4
2005-10-12 5.65 5.65 5.5 5.5
2005-10-14 5.53 5.6 5.5 5.5
2005-10-21 6.08 6.14 5.71 5.71
2005-11-07 6.48 6.66 6.35 6.35
2005-11-23 6.1 6.1 6.01 6.01
2005-11-30 6.01 6.03 5.89 5.89
2005-12-06 5.92 5.93 5.8 5.8
2005-12-08 6.09 6.16 6.0 6.0
2005-12-09 6.16 6.18 6.08 6.08
2005-12-22 6.26 6.28 6.12 6.12
2005-12-23 6.31 6.31 6.17 6.17
2006-01-09 6.54 6.65 6.45 6.45
2006-01-13 6.65 6.74 6.45 6.45
2006-01-23 7.1 7.15 6.86 6.86
2006-02-10 7.17 7.2 7.0 7.0
2006-02-22 7.63 7.75 7.4 7.4
2006-02-23 7.81 7.92 7.63 7.63
2006-02-24 7.75 7.99 7.66 7.66
2006-02-27 8.16 8.38 7.75 7.75
2006-03-09 7.21 7.53 7.2 7.2
2006-03-13 7.38 7.45 7.24 7.24
2006-03-20 8.28 8.38 8.05 8.05
2006-03-27 9.05 9.05 8.77 8.77
2006-04-03 9.28 9.37 9.2 9.2
2006-04-18 11.75 12.02 11.29 11.29
2006-05-12 15.27 15.27 13.6 13.6
2006-10-09 16.84 16.86 16.15 16.15
2006-10-10 16.82 17.18 16.67 16.67
2006-10-13 17.99 18.24 17.0 17.0
2006-11-09 15.86 16.0 15.5 15.5
2006-11-14 15.02 15.4 14.8 14.8
2006-11-28 16.24 16.47 15.59 15.59
2006-12-11 18.01 18.65 17.34 17.34
2006-12-12 18.42 18.45 17.87 17.87
2006-12-28 18.37 18.9 18.35 18.35
2007-01-15 23.55 23.55 21.41 21.41
2007-01-16 25.17 25.91 24.0 24.0
2007-02-01 31.18 31.3 29.99 29.99
2007-03-27 26.19 27.0 25.81 25.81
2007-04-02 25.97 26.37 25.6 25.6
2007-04-05 27.23 27.8 25.25 25.25
2007-04-11 28.7 29.21 27.2 27.2
2007-05-22 37.8 39.82 35.71 35.71
2007-07-20 38.08 38.4 36.8 36.8
2007-07-30 40.75 41.1 37.41 37.41
2007-07-31 40.15 41.5 38.38 38.38
2007-08-14 40.48 40.8 39.5 39.5
2007-08-20 42.03 42.3 40.1 40.1
2007-08-28 42.97 43.1 41.58 41.58
2007-08-30 42.95 43.0 41.68 41.68
2007-09-05 44.51 44.8 43.4 43.4
2007-09-14 45.5 47.52 44.0 44.0
2007-09-20 44.64 45.85 43.79 43.79
2007-10-26 39.39 39.74 36.5 36.5
2007-11-05 35.16 37.0 35.0 35.0
2007-11-28 37.35 37.37 36.5 36.5
2007-12-04 36.35 36.66 34.18 34.18
2007-12-07 35.17 35.31 34.68 34.68
2007-12-14 42.59 42.88 40.08 40.08
2007-12-17 44.0 44.19 42.59 42.59
2007-12-25 45.36 45.38 43.95 43.95
2008-01-22 47.5 49.4 45.02 45.02
2008-01-31 45.67 47.8 45.55 45.55
2008-02-04 49.56 50.45 47.06 47.06
2008-03-19 37.65 38.0 35.0 35.0
2008-03-26 38.25 38.62 37.58 37.58
2008-04-11 33.35 34.79 31.02 31.02
2008-04-15 33.98 35.47 33.22 33.22
2008-04-24 37.36 37.55 35.1 35.1
2008-05-06 40.37 40.5 39.95 39.95
2008-05-08 39.55 39.6 38.0 38.0
2008-05-19 38.05 38.53 37.65 37.65
2008-05-22 38.6 39.1 37.5 37.5
2008-05-29 31.6 32.0 31.21 31.21
2008-06-10 29.32 31.0 29.02 29.02
2008-06-23 27.95 28.32 27.1 27.1
2008-07-02 29.0 29.32 28.49 28.49
2008-07-03 29.66 30.2 28.5 28.5
2008-07-07 30.58 30.7 29.25 29.25
2008-07-10 30.5 31.34 30.0 30.0
2008-07-11 30.46 30.88 30.05 30.05
2008-07-14 30.3 30.65 30.0 30.0
2008-07-21 30.0 30.56 28.45 28.45
2008-07-22 30.07 30.15 29.01 29.01
2008-08-05 31.56 32.49 30.8 30.8
2008-08-06 32.44 32.88 31.58 31.58
2008-08-13 31.63 31.75 30.65 30.65
2008-09-01 31.9 32.5 31.5 31.5
2008-09-26 26.99 27.15 26.66 26.66
2008-10-22 26.2 26.6 26.13 26.13
2008-10-28 26.61 26.9 26.36 26.36
2008-12-04 27.57 28.08 27.2 27.2
2008-12-16 28.85 28.97 27.7 27.7
2009-01-05 28.8 28.85 27.65 27.65
2009-02-27 29.99 30.4 28.55 28.55
2009-03-26 29.79 30.18 29.05 29.05
2009-04-13 30.59 30.85 30.46 30.46
2009-04-27 32.88 33.14 32.11 32.11
2009-06-12 23.27 23.75 22.98 22.98
2009-06-17 23.26 23.5 22.7 22.7
2009-07-01 21.55 21.77 21.43 21.43
2009-07-02 22.17 22.2 21.7 21.7
2009-07-09 23.35 23.49 23.11 23.11
2009-07-22 24.22 24.5 23.51 23.51
2009-08-10 24.09 24.5 23.73 23.73
2009-09-11 26.77 27.0 26.58 26.58
2009-09-28 27.26 27.85 26.9 26.9
2009-10-09 28.71 29.8 27.5 27.5
2009-10-20 27.04 27.25 26.07 26.07
2009-10-29 26.21 26.77 26.05 26.05
2009-10-30 27.12 27.2 26.25 26.25
2009-11-19 29.87 30.0 29.35 29.35
2009-11-30 30.03 30.58 28.5 28.5
2009-12-22 31.71 32.6 31.02 31.02
2010-02-10 32.53 32.6 31.78 31.78
2010-02-24 33.5 35.0 32.0 32.0
2010-03-04 33.66 33.75 33.33 33.33
2010-03-05 33.7 33.86 33.41 33.41
2010-03-12 34.71 35.39 33.79 33.79
2010-03-24 37.46 38.3 36.2 36.2
2010-03-25 37.78 37.85 37.15 37.15
2010-03-30 37.94 38.21 36.95 36.95
2010-04-06 39.99 41.39 38.88 38.88
2010-04-28 34.59 35.3 32.89 32.89
2010-05-13 32.84 33.2 31.06 31.06
2010-06-02 35.79 35.85 34.56 34.56
2010-06-23 34.15 35.1 33.51 33.51
2010-07-23 32.44 32.49 31.58 31.58
2010-07-28 34.23 34.6 33.46 33.46
2010-08-11 36.7 37.49 36.3 36.3
2010-08-12 36.44 37.08 36.0 36.0
2010-09-13 36.13 36.6 35.77 35.77
2010-09-20 38.57 39.09 36.28 36.28
2010-09-27 40.1 40.82 39.31 39.31
2010-10-20 36.19 37.05 35.05 35.05
2010-11-04 35.68 36.05 35.2 35.2
2010-11-09 38.02 38.56 37.42 37.42
2011-09-09 34.67 35.87 33.8 33.8
2011-09-26 31.79 32.18 31.55 31.55
2011-10-10 30.73 31.4 30.5 30.5
2011-10-17 32.75 32.86 32.06 32.06
2011-11-24 36.9 37.2 35.2 35.2
2011-12-12 35.61 35.77 35.02 35.02
2011-12-14 34.82 35.1 34.5 34.5
2012-02-06 32.92 33.54 32.1 32.1
2012-02-22 33.0 33.2 32.66 32.66
2012-03-22 32.8 33.38 32.75 32.75
2012-03-30 31.91 32.0 30.92 30.92
2012-04-11 31.65 31.78 30.9 30.9
2012-05-22 35.0 35.14 34.4 34.4
2012-06-13 38.47 39.3 38.05 38.05
2012-06-14 39.27 39.5 38.3 38.3
2012-06-15 39.02 39.66 38.85 38.85
2012-07-05 41.95 42.14 39.83 39.83
2012-07-09 44.64 45.38 43.25 43.25
2012-07-11 44.73 45.2 43.63 43.63
2012-07-13 45.7 46.48 43.5 43.5
2012-07-25 44.05 44.3 42.91 42.91
2012-07-31 42.76 42.9 42.0 42.0
2012-09-13 47.41 47.59 46.53 46.53
2012-09-28 46.65 46.88 44.85 44.85
2012-10-22 51.05 51.1 48.16 48.16
2012-11-07 51.56 51.98 51.1 51.1
2012-11-14 48.61 48.85 48.01 48.01
2012-11-23 48.0 48.17 47.22 47.22
2013-01-08 49.76 50.5 48.51 48.51
2013-02-05 61.25 61.25 58.33 58.33
2013-02-07 62.23 62.8 61.03 61.03
2013-03-18 65.67 66.75 65.0 65.0
2013-03-27 70.06 71.27 68.96 68.96
2013-04-26 70.65 73.79 69.63 69.63
2013-05-02 74.9 75.3 70.0 70.0
2013-05-15 62.99 62.99 62.99 62.99
2013-05-22 63.15 63.74 60.0 60.0
2013-07-22 47.46 47.53 45.5 45.5
2013-08-05 52.25 52.5 49.9 49.9
2013-08-06 52.91 53.35 52.3 52.3
2013-08-19 54.32 54.4 52.1 52.1
2013-08-22 55.49 55.5 54.65 54.65
2013-08-23 56.93 57.12 55.18 55.18
2013-09-03 54.75 55.39 54.13 54.13
2013-09-18 48.35 48.35 48.35 48.35
2013-10-15 45.64 45.7 43.2 43.2
2013-10-21 48.73 49.48 46.31 46.31
2013-11-15 43.28 43.92 42.2 42.2
2013-11-29 40.96 41.3 40.6 40.6
2013-12-06 40.2 40.72 39.91 39.91
2013-12-12 42.15 42.35 40.43 40.43
2013-12-31 42.23 43.2 41.46 41.46
2014-01-14 44.26 44.53 43.5 43.5
2014-01-24 38.25 38.68 37.85 37.85
2014-02-14 36.56 36.9 36.3 36.3
2014-03-13 36.46 36.95 35.0 35.0
2014-04-01 34.61 34.96 33.7 33.7
2014-04-11 37.07 37.98 35.99 35.99
2014-05-21 33.13 33.25 32.7 32.7
2014-05-28 31.47 31.63 31.05 31.05
2014-06-12 33.92 34.0 32.32 32.32
2014-06-24 34.65 34.89 33.03 33.03
2014-06-30 36.65 36.75 35.41 35.41
2014-09-18 35.44 35.48 35.01 35.01
2014-09-23 35.3 35.45 34.84 34.84
2014-11-10 35.92 36.08 35.5 35.5
2015-01-13 37.6 37.88 36.7 36.7
2015-02-17 38.39 38.88 38.06 38.06
2015-03-10 41.41 41.78 39.08 39.08
2015-05-25 48.6 48.84 46.52 46.52
2015-11-02 37.91 37.91 37.91 37.91
2015-11-06 39.68 39.73 39.55 39.55
2015-12-02 40.41 40.59 40.0 40.0
2015-12-09 39.09 39.59 38.6 38.6
2016-01-18 32.67 33.04 32.0 32.0
2016-03-16 29.49 29.74 29.42 29.42
2016-03-25 30.1 30.16 29.62 29.62
2016-03-30 30.73 30.75 30.15 30.15
2016-04-13 30.82 30.95 30.17 30.17
2016-05-13 27.39 27.88 27.2 27.2
2016-05-31 27.79 27.82 27.0 27.0
2016-07-28 30.52 30.74 29.14 29.14
2016-08-02 29.36 29.39 28.9 28.9
2016-08-03 29.32 29.36 29.06 29.06
2016-10-18 28.02 28.05 27.66 27.66
2016-10-24 28.04 28.11 27.8 27.8
2016-12-09 27.43 27.68 27.32 27.32
2016-12-14 26.6 26.85 26.53 26.53
2016-12-30 27.11 27.44 26.92 26.92
2017-01-26 27.21 27.22 26.88 26.88
2017-03-06 28.59 28.71 28.25 28.25
2017-03-17 28.88 28.95 28.7 28.7
2017-03-21 29.95 30.25 29.53 29.53
2017-04-25 29.83 29.85 29.34 29.34
2017-05-19 29.38 29.48 28.52 28.52
2017-08-14 30.06 30.26 29.78 29.78
