1994-01-26 7.27 7.45 7.22 7.22
1994-02-02 6.98 6.98 6.85 6.85
1994-02-15 6.97 7.06 6.88 6.88
1994-02-22 7.02 7.26 6.9 6.9
1994-04-12 4.59 4.65 4.55 4.55
1994-05-12 4.0 4.13 4.0 4.0
1994-05-17 4.11 4.13 4.05 4.05
1994-06-02 3.58 3.65 3.58 3.58
1994-06-03 3.58 3.65 3.57 3.57
1994-06-22 3.11 3.16 3.05 3.05
1994-07-05 3.03 3.03 2.92 2.92
1994-07-07 2.92 2.98 2.92 2.92
1994-07-13 2.98 3.0 2.94 2.94
1994-07-25 2.79 2.79 2.58 2.58
1994-08-16 4.84 5.05 4.51 4.51
1994-08-22 4.55 4.7 4.5 4.5
1994-08-25 4.74 4.8 4.7 4.7
1994-08-29 4.65 4.75 4.2 4.2
1994-08-30 6.37 6.48 4.7 4.7
1994-09-28 7.4 7.52 7.2 7.2
1994-11-07 5.6 5.67 5.44 5.44
1994-11-18 5.47 5.65 5.3 5.3
1994-11-21 5.5 5.55 5.38 5.38
1994-11-28 5.26 5.27 5.2 5.2
1994-11-29 5.25 5.25 5.11 5.11
1994-12-26 4.92 4.92 4.8 4.8
1994-12-27 5.98 6.14 5.01 5.01
1995-01-04 5.03 5.1 4.9 4.9
1995-01-25 4.1 4.23 4.0 4.0
1995-01-27 4.13 4.15 4.0 4.0
1995-02-09 4.02 4.05 3.95 3.95
1995-03-06 4.39 4.45 4.22 4.22
1995-03-08 4.75 4.95 4.6 4.6
1995-03-17 4.34 4.38 4.25 4.25
1995-04-10 4.59 4.75 4.55 4.55
1995-05-02 3.88 3.94 3.85 3.85
1995-05-05 3.84 3.85 3.8 3.8
1995-05-12 3.86 3.94 3.85 3.85
1995-05-15 3.86 3.9 3.8 3.8
1995-06-09 5.15 5.25 5.02 5.02
1995-06-13 4.98 5.08 4.9 4.9
1995-06-21 4.51 4.59 4.35 4.35
1995-06-28 4.6 4.63 4.5 4.5
1995-07-07 4.67 4.69 4.4 4.4
1995-07-12 4.72 4.84 4.6 4.6
1995-07-13 4.78 4.78 4.66 4.66
1995-07-17 4.85 4.88 4.61 4.61
1995-07-31 4.8 4.88 4.75 4.75
1995-08-02 4.91 5.3 4.9 4.9
1995-08-07 5.09 5.15 5.0 5.0
1995-08-21 5.0 5.1 4.9 4.9
1995-08-29 4.62 4.8 4.6 4.6
1995-09-04 4.79 4.8 4.65 4.65
1995-09-06 5.08 5.08 4.68 4.68
1995-09-18 4.69 4.71 4.66 4.66
1995-09-21 4.69 4.73 4.65 4.65
1995-09-27 4.55 4.67 4.5 4.5
1995-09-28 4.55 4.6 4.5 4.5
1995-10-11 4.75 4.8 4.52 4.52
1995-10-23 4.91 4.98 4.83 4.83
1995-11-03 5.2 5.21 5.08 5.08
1995-11-16 4.78 4.99 4.75 4.75
1995-11-21 4.78 4.78 4.7 4.7
1995-12-04 4.44 4.45 4.4 4.4
1995-12-08 4.48 4.54 4.45 4.45
1995-12-18 4.16 4.23 4.1 4.1
1996-01-04 3.94 3.95 3.7 3.7
1996-01-09 3.93 3.95 3.74 3.74
1996-01-23 3.71 3.78 3.55 3.55
1996-02-06 3.73 3.78 3.66 3.66
1996-03-13 4.05 4.08 4.03 4.03
1996-03-18 4.01 4.03 3.96 3.96
1996-03-19 4.0 4.07 3.99 3.99
1996-04-04 3.92 3.95 3.91 3.91
1996-04-05 4.05 4.08 3.9 3.9
1996-04-10 4.01 4.04 3.98 3.98
1996-04-15 4.1 4.13 4.05 4.05
1996-04-19 4.38 4.38 4.2 4.2
1996-05-03 5.67 5.75 5.55 5.55
1996-05-13 5.7 5.78 5.65 5.65
1996-05-14 5.74 5.82 5.66 5.66
1996-05-22 5.62 5.65 5.5 5.5
1996-06-05 5.47 5.5 5.25 5.25
1996-06-21 5.44 5.5 5.4 5.4
1996-07-10 7.06 7.07 6.52 6.52
1996-07-30 6.25 6.25 5.81 5.81
1996-08-30 4.46 4.58 4.16 4.16
1996-09-23 4.66 4.68 4.3 4.3
1996-09-26 4.61 4.66 4.4 4.4
1996-10-23 5.8 5.8 5.3 5.3
1996-11-04 5.01 5.04 4.93 4.93
1996-11-11 5.04 5.05 4.85 4.85
1996-11-19 5.56 5.77 5.4 5.4
1996-12-16 5.57 5.57 5.57 5.57
1996-12-17 5.01 5.01 5.01 5.01
1996-12-18 5.15 5.36 4.51 4.51
1997-01-09 4.36 4.44 4.32 4.32
1997-01-21 4.44 4.57 4.4 4.4
1997-02-19 4.57 4.57 4.31 4.31
1997-02-20 4.74 4.8 4.11 4.11
1997-03-21 6.07 6.07 5.55 5.55
1997-04-28 6.33 6.53 6.3 6.3
1997-04-29 6.63 6.75 6.02 6.02
1997-05-22 7.99 8.5 7.99 7.99
1997-05-23 8.1 8.25 7.3 7.3
1997-06-03 8.52 8.79 8.2 8.2
1997-06-04 8.64 8.79 8.5 8.5
1997-06-10 7.87 8.1 7.8 7.8
1997-06-13 7.98 8.09 7.48 7.48
1997-06-16 8.23 8.36 8.1 8.1
1997-07-17 10.27 10.3 9.9 9.9
1997-07-30 9.6 9.89 9.5 9.5
1997-11-07 6.37 6.42 6.21 6.21
1997-11-14 6.37 6.5 6.3 6.3
1997-11-19 6.8 6.85 6.5 6.5
1997-12-08 7.19 7.2 6.86 6.86
1997-12-25 6.5 6.55 6.4 6.4
1998-03-03 6.88 6.88 6.62 6.62
1998-03-12 6.92 7.06 6.88 6.88
1998-03-19 6.71 6.82 6.68 6.68
1998-03-26 6.66 6.8 6.5 6.5
1998-05-13 11.79 11.79 10.7 10.7
1998-05-27 13.1 13.37 12.2 12.2
1998-07-02 8.9 8.97 8.6 8.6
1998-08-05 10.41 10.6 10.17 10.17
1998-08-19 8.19 8.28 7.8 7.8
1998-09-08 9.46 9.46 8.7 8.7
1998-09-30 11.14 11.44 10.9 10.9
1998-10-08 10.91 10.95 10.65 10.65
1998-11-02 9.74 9.85 9.63 9.63
1998-11-17 9.9 10.08 9.75 9.75
1998-12-01 9.04 9.3 8.97 8.97
1999-01-18 8.85 8.85 8.1 8.1
1999-02-01 8.7 8.88 8.65 8.65
1999-02-02 8.98 8.99 8.65 8.65
1999-02-09 8.49 8.55 8.32 8.32
1999-03-03 9.18 9.35 8.88 8.88
1999-03-15 9.93 10.3 9.42 9.42
1999-03-26 9.5 9.6 9.4 9.4
1999-03-29 9.87 9.95 9.5 9.5
1999-04-20 9.37 9.49 9.2 9.2
1999-04-26 9.14 9.71 8.96 8.96
1999-04-29 9.1 9.1 8.9 8.9
1999-05-11 8.83 8.85 8.55 8.55
1999-06-01 10.34 10.34 9.5 9.5
1999-06-16 8.39 8.45 7.85 7.85
1999-06-23 9.48 9.85 9.35 9.35
1999-06-25 10.3 10.56 9.9 9.9
1999-06-28 11.33 11.33 11.33 11.33
1999-06-29 12.46 12.46 12.46 12.46
1999-08-19 10.11 10.2 9.6 9.6
1999-09-09 10.84 10.95 10.35 10.35
1999-09-17 11.09 11.28 10.8 10.8
1999-10-15 9.9 9.95 9.6 9.6
1999-10-22 9.38 9.58 9.04 9.04
1999-10-26 9.18 9.36 9.12 9.12
1999-11-17 9.03 9.05 8.7 8.7
1999-11-22 9.2 9.29 9.15 9.15
1999-11-23 9.3 9.5 9.22 9.22
1999-11-30 9.28 9.3 9.04 9.04
1999-12-15 9.15 9.3 8.98 8.98
1999-12-22 8.54 8.77 8.48 8.48
2000-01-06 9.57 9.57 8.55 8.55
2000-01-10 10.55 10.8 10.2 10.2
2000-03-10 13.98 14.67 13.7 13.7
2000-03-17 13.28 13.3 12.4 12.4
2000-03-31 15.51 15.51 13.98 13.98
2000-04-06 16.06 16.06 14.8 14.8
2000-04-19 15.36 15.8 15.3 15.3
2000-06-06 15.43 15.49 14.87 14.87
2000-07-13 14.6 14.69 13.8 13.8
2000-07-26 13.8 13.95 13.65 13.65
2000-07-28 14.1 14.24 13.75 13.75
2000-08-04 13.88 14.1 13.65 13.65
2000-08-07 14.5 14.75 13.9 13.9
2000-09-04 15.2 15.25 14.6 14.6
2000-09-06 15.4 15.65 14.65 14.65
2000-09-07 15.74 16.0 15.55 15.55
2000-09-11 16.2 16.4 15.61 15.61
2000-09-13 15.75 16.2 15.4 15.4
2000-09-14 16.28 16.37 15.7 15.7
2000-09-15 16.28 16.42 15.58 15.58
2000-09-21 16.21 16.65 16.11 16.11
2000-09-28 18.21 18.92 17.17 17.17
2000-10-25 21.7 22.47 21.05 21.05
2000-10-26 22.48 22.5 21.71 21.71
2000-11-16 22.2 22.7 22.0 22.0
2000-11-20 24.5 25.1 22.9 22.9
2000-11-22 24.0 24.06 23.18 23.18
2000-12-25 20.54 21.0 20.48 20.48
2001-01-19 20.9 20.95 20.3 20.3
2001-02-14 19.48 19.58 19.0 19.0
2001-02-26 20.0 20.14 19.6 19.6
2001-03-01 19.95 20.1 19.75 19.75
2001-03-07 20.1 20.38 20.0 20.0
2001-03-19 22.95 23.2 22.5 22.5
2001-03-22 22.9 23.1 22.4 22.4
2001-03-26 22.64 22.8 22.31 22.31
2001-04-02 24.41 24.8 23.0 23.0
2001-04-24 22.55 22.6 21.9 21.9
2001-05-08 22.98 23.45 22.1 22.1
2001-06-08 23.29 23.29 22.6 22.6
2001-07-13 20.45 20.6 20.15 20.15
2001-07-25 19.95 19.95 19.6 19.6
2001-08-09 17.07 17.18 16.2 16.2
2001-08-10 17.22 17.54 17.08 17.08
2001-08-14 17.98 18.3 17.13 17.13
2001-08-17 17.78 17.78 16.3 16.3
2001-09-12 17.1 17.15 16.2 16.2
2001-09-19 16.48 16.49 15.6 15.6
2001-09-21 15.99 16.38 15.7 15.7
2001-10-23 13.37 13.37 12.51 12.51
2001-12-13 14.12 14.5 13.95 13.95
2001-12-18 14.16 14.2 13.35 13.35
2002-01-31 9.64 9.79 8.92 8.92
2002-03-05 10.83 10.95 10.2 10.2
2002-03-19 11.34 11.37 10.95 10.95
2002-05-27 10.46 11.15 10.46 10.46
2002-05-28 10.64 10.78 10.21 10.21
2002-06-11 10.15 10.27 9.89 9.89
2002-06-17 9.3 9.5 8.57 8.57
2002-06-18 9.82 9.93 9.24 9.24
2002-06-20 9.73 9.94 9.59 9.59
2002-07-17 11.88 11.89 11.6 11.6
2002-07-18 12.07 12.24 11.83 11.83
2002-08-06 11.77 11.9 11.55 11.55
2002-08-09 12.05 12.24 11.86 11.86
2002-08-21 12.08 12.23 11.85 11.85
2002-10-16 10.32 10.49 10.22 10.22
2002-10-31 9.73 9.99 9.62 9.62
2002-11-07 10.09 10.22 10.05 10.05
2002-12-03 8.04 8.06 7.8 7.8
2002-12-23 8.54 9.06 8.3 8.3
2003-02-11 9.32 9.45 9.0 9.0
2003-02-25 9.13 9.15 8.91 8.91
2003-04-23 6.61 6.96 6.61 6.61
2006-11-14 3.76 3.77 3.59 3.59
2006-11-17 3.76 3.77 3.66 3.66
2006-11-24 3.53 3.53 3.36 3.36
2006-11-29 3.94 4.06 3.9 3.9
2006-12-06 4.34 4.34 4.26 4.26
2006-12-14 4.4 4.4 4.2 4.2
2007-02-01 5.35 5.43 5.2 5.2
2007-02-05 5.67 5.67 5.44 5.44
2007-02-07 5.67 5.78 5.64 5.64
2007-02-09 6.2 6.2 5.95 5.95
2007-02-15 6.76 6.78 6.57 6.57
2007-02-16 6.93 7.06 6.81 6.81
2007-02-28 6.88 6.9 6.4 6.4
2007-03-15 7.9 8.03 7.68 7.68
2007-03-20 7.89 7.96 7.65 7.65
2007-04-02 9.27 9.27 8.85 8.85
2007-04-20 12.97 12.97 12.36 12.36
2007-04-26 12.68 13.0 12.4 12.4
2007-05-09 12.78 12.78 12.12 12.12
2007-05-15 12.84 13.1 12.71 12.71
2007-05-17 13.76 13.76 13.21 13.21
2007-05-28 15.64 15.64 15.64 15.64
2007-07-02 9.95 10.2 9.5 9.5
2007-07-20 11.3 11.6 10.81 10.81
2007-07-27 12.35 12.62 11.8 11.8
2007-08-02 13.96 13.96 12.73 12.73
2007-08-09 13.29 13.45 13.06 13.06
2007-08-20 12.95 13.26 12.56 12.56
2007-08-21 13.2 13.4 13.01 13.01
2007-08-23 13.46 13.56 12.98 12.98
2007-08-28 12.95 13.49 12.8 12.8
2007-08-31 13.94 13.94 12.79 12.79
2007-09-25 13.42 13.6 13.0 13.0
2007-09-28 13.42 13.6 13.2 13.2
2007-10-08 13.7 13.99 13.6 13.6
2007-11-26 11.84 11.84 11.84 11.84
2007-11-27 10.71 11.47 10.66 10.66
2007-12-19 10.97 11.02 10.8 10.8
2007-12-20 11.24 11.39 10.91 10.91
2007-12-26 12.03 12.08 11.48 11.48
2008-01-09 13.0 13.06 12.74 12.74
2008-02-04 11.05 11.09 10.36 10.36
2008-03-06 12.14 12.28 11.96 11.96
2008-03-28 10.31 10.38 9.56 9.56
2008-04-07 10.0 10.0 8.99 8.99
2008-05-08 7.95 7.97 7.6 7.6
2008-06-25 6.04 6.08 5.62 5.62
2008-07-08 6.06 6.07 5.62 5.62
2008-09-25 3.88 3.95 3.73 3.73
2008-10-20 3.22 3.28 3.1 3.1
2008-11-05 2.74 2.76 2.64 2.64
2008-11-26 3.39 3.56 3.31 3.31
2008-12-03 3.56 3.61 3.39 3.39
2009-02-06 4.54 4.57 4.31 4.31
2009-02-23 5.09 5.15 4.93 4.93
2009-03-31 5.93 5.95 5.61 5.61
2009-05-05 5.99 6.1 5.84 5.84
2009-06-15 6.78 6.84 6.59 6.59
2009-06-24 6.89 6.93 6.83 6.83
2009-07-01 7.51 7.78 7.35 7.35
2009-07-06 8.39 8.88 8.2 8.2
2009-08-21 14.65 14.65 14.65 14.65
2009-08-24 16.12 16.12 15.86 15.86
2009-09-15 17.88 18.48 17.66 17.66
2009-09-30 14.86 15.5 14.5 14.5
2009-11-03 17.17 17.59 16.83 16.83
2009-11-06 17.28 17.39 17.02 17.02
2009-12-08 19.57 20.03 19.11 19.11
2009-12-24 18.8 19.0 18.12 18.12
2010-01-04 18.62 19.0 18.41 18.41
2010-03-10 13.85 13.9 13.67 13.67
2010-04-09 15.66 15.77 14.98 14.98
2010-04-21 12.94 12.95 12.6 12.6
2010-04-26 13.84 13.84 13.6 13.6
2010-05-04 16.75 16.75 14.8 14.8
2010-06-08 16.03 16.45 15.25 15.25
2010-07-07 14.22 14.43 13.72 13.72
2010-07-20 14.38 14.39 14.12 14.12
2010-07-28 16.05 16.07 15.39 15.39
2010-08-11 15.91 15.99 15.55 15.55
2010-08-19 17.68 17.68 16.11 16.11
2010-09-15 16.67 17.19 16.43 16.43
2010-09-27 15.45 15.6 15.0 15.0
2010-09-28 15.94 16.24 15.25 15.25
2010-09-30 15.61 15.82 15.0 15.0
2010-11-10 17.72 17.72 16.48 16.48
2010-11-25 15.29 15.3 14.8 14.8
2010-12-31 13.84 14.0 13.54 13.54
2011-01-31 13.63 13.73 13.45 13.45
2011-02-01 13.83 13.84 13.6 13.6
2011-03-07 14.91 15.0 14.75 14.75
2011-03-14 14.51 14.75 14.43 14.43
2011-04-06 15.72 15.89 15.58 15.58
2011-04-08 16.39 16.66 15.8 15.8
2011-04-22 19.42 19.48 17.82 17.82
2011-06-07 8.14 8.14 7.6 7.6
2011-06-09 9.85 9.85 8.96 8.96
2011-07-07 10.13 10.44 10.11 10.11
2011-07-26 8.54 8.65 8.4 8.4
2011-08-15 11.92 12.56 11.68 11.68
2011-08-18 12.82 13.48 12.65 12.65
2011-08-19 12.95 13.43 12.42 12.42
2011-09-20 10.2 10.43 10.0 10.0
2011-11-21 10.6 10.62 10.17 10.17
2011-12-14 8.23 8.54 8.1 8.1
2012-01-05 7.22 7.68 7.12 7.12
2012-01-17 7.3 7.38 6.85 6.85
2012-04-05 7.54 7.56 7.29 7.29
2012-08-01 5.44 5.49 5.3 5.3
2012-08-13 5.85 6.15 5.77 5.77
2012-08-28 5.43 5.48 5.33 5.33
2012-09-12 6.24 6.24 6.24 6.24
2012-09-13 6.86 6.86 6.86 6.86
2012-09-14 7.55 7.55 7.55 7.55
2012-10-23 7.46 7.68 7.42 7.42
2012-10-29 6.81 7.02 6.7 6.7
2012-11-07 7.49 7.49 6.9 6.9
2012-12-05 6.11 6.25 5.8 5.8
2012-12-20 6.93 7.01 6.73 6.73
2012-12-28 6.97 7.07 6.84 6.84
2012-12-31 7.16 7.38 6.91 6.91
2013-07-17 7.73 7.73 7.73 7.73
2013-07-26 6.85 6.95 6.71 6.71
2013-08-26 6.69 6.72 6.55 6.55
2013-09-18 7.59 7.73 7.21 7.21
2013-12-09 7.06 7.09 6.91 6.91
2013-12-25 6.85 6.91 6.81 6.81
2013-12-26 6.9 7.0 6.82 6.82
2014-01-14 6.83 6.9 6.71 6.71
2014-02-07 7.3 7.4 7.11 7.11
2014-02-10 7.44 7.45 7.26 7.26
2014-02-11 7.55 7.69 7.42 7.42
2014-02-14 8.14 8.29 7.82 7.82
2014-03-03 7.75 7.76 7.63 7.63
2014-03-11 7.52 7.59 7.41 7.41
2014-04-01 8.4 8.45 7.9 7.9
2014-04-08 8.54 8.67 8.3 8.3
2014-04-18 8.58 8.6 8.34 8.34
2014-04-30 8.69 8.76 8.32 8.32
2014-05-09 8.81 8.9 8.62 8.62
2014-05-30 8.67 8.8 8.41 8.41
2014-06-05 8.98 9.06 8.75 8.75
2014-06-17 8.97 9.02 8.9 8.9
2014-07-25 8.89 9.03 8.88 8.88
2014-08-04 9.11 9.25 9.03 9.03
2014-09-23 10.4 10.48 10.31 10.31
2014-09-29 10.46 10.57 10.21 10.21
2014-10-08 11.53 11.8 10.91 10.91
2014-10-31 10.54 10.62 10.36 10.36
2014-11-17 9.85 9.96 9.58 9.58
2014-11-24 10.05 10.14 9.85 9.85
2014-12-24 8.23 8.24 8.13 8.13
2014-12-25 8.34 8.38 8.23 8.23
2014-12-30 9.03 9.03 8.22 8.22
2015-02-02 8.85 8.92 8.64 8.64
2015-02-12 8.63 8.67 8.53 8.53
2015-02-26 10.09 10.21 9.29 9.29
2015-03-25 12.2 12.38 12.08 12.08
2015-04-10 14.15 14.67 14.12 14.12
2015-04-15 16.31 16.32 14.85 14.85
2015-04-30 21.62 21.62 19.85 19.85
2015-05-11 17.6 18.0 17.42 17.42
2015-05-19 22.93 23.2 21.37 21.37
2015-05-27 25.69 25.74 23.46 23.46
2015-06-05 32.97 33.55 30.5 30.5
2015-08-14 19.18 19.18 19.18 19.18
2015-08-17 21.1 21.1 17.26 17.26
2015-09-24 10.87 11.06 10.25 10.25
2015-10-15 12.56 12.65 11.62 11.62
2015-11-04 13.18 13.2 12.44 12.44
2016-01-18 13.19 13.68 12.51 12.51
2016-04-13 12.29 12.5 12.02 12.02
2016-04-27 13.93 13.93 13.93 13.93
2016-07-11 14.46 14.95 13.86 13.86
2016-08-26 14.26 14.56 14.05 14.05
2016-09-13 12.17 12.25 12.0 12.0
2016-10-18 12.43 12.46 12.11 12.11
2016-11-04 13.72 13.93 13.23 13.23
2017-05-12 12.36 12.36 12.36 12.36
2017-05-15 11.12 11.12 11.12 11.12
2017-06-13 9.06 9.09 8.87 8.87
