1994-03-01 10.37 10.78 10.34 10.34
1994-03-08 9.22 9.65 9.2 9.2
1994-04-21 9.4 9.4 8.58 8.58
1994-05-03 9.68 9.76 9.5 9.5
1994-05-27 6.3 6.49 6.21 6.21
1994-06-15 5.14 5.4 5.0 5.0
1994-06-22 5.7 5.71 5.4 5.4
1994-06-23 6.03 6.1 5.82 5.82
1994-08-03 5.67 5.8 4.8 4.8
1994-08-25 7.68 7.8 7.65 7.65
1994-09-09 12.22 13.2 11.6 11.6
1994-09-13 11.25 11.74 10.5 10.5
1994-10-19 6.5 6.5 6.3 6.3
1994-10-20 7.18 7.28 6.6 6.6
1994-10-27 6.9 6.98 6.5 6.5
1994-11-03 6.95 7.6 6.3 6.3
1994-11-21 6.5 6.6 6.45 6.45
1994-11-30 6.42 6.45 6.37 6.37
1994-12-15 6.39 6.48 5.95 5.95
1995-01-03 6.0 6.05 5.9 5.9
1995-01-06 6.05 6.05 5.9 5.9
1995-01-18 5.43 5.45 5.35 5.35
1995-01-25 5.21 5.25 5.15 5.15
1995-02-09 5.18 5.23 5.1 5.1
1995-02-20 4.98 5.05 4.95 4.95
1995-02-22 5.38 5.45 5.04 5.04
1995-03-03 5.13 5.2 5.12 5.12
1995-03-21 5.36 5.38 5.28 5.28
1995-04-20 5.64 5.68 5.57 5.57
1995-05-17 4.84 4.92 4.83 4.83
1995-05-22 8.9 9.99 8.5 8.5
1995-06-01 6.45 6.68 6.3 6.3
1995-06-16 5.9 5.94 5.71 5.71
1995-06-19 5.72 5.8 5.72 5.72
1995-06-21 5.83 5.85 5.66 5.66
1995-06-23 5.79 5.8 5.75 5.75
1995-06-26 5.82 5.86 5.71 5.71
1995-07-03 5.33 5.5 5.3 5.3
1995-07-04 5.44 5.5 5.35 5.35
1995-07-07 5.89 5.89 5.5 5.5
1995-07-13 5.65 5.7 5.6 5.6
1995-07-17 6.05 6.12 5.7 5.7
1995-07-27 5.83 5.93 5.75 5.75
1995-08-16 6.31 6.4 6.21 6.21
1995-08-28 6.05 6.15 6.03 6.03
1995-09-06 6.57 6.8 6.3 6.3
1995-09-21 6.14 6.21 6.1 6.1
1995-10-09 5.6 5.65 5.6 5.6
1995-10-10 5.62 5.68 5.55 5.55
1995-11-03 5.77 5.78 5.73 5.73
1995-11-28 5.45 5.45 5.38 5.38
1995-12-08 5.35 5.38 5.34 5.34
1995-12-15 5.11 5.16 5.0 5.0
1995-12-26 5.03 5.05 5.0 5.0
1996-01-09 4.97 5.0 4.8 4.8
1996-01-24 4.62 4.68 4.58 4.58
1996-01-25 4.62 4.82 4.6 4.6
1996-01-26 4.69 4.74 4.58 4.58
1996-01-29 4.8 4.87 4.7 4.7
1996-02-07 4.69 4.69 4.65 4.65
1996-02-13 4.79 4.8 4.75 4.75
1996-02-16 5.04 5.05 4.87 4.87
1996-03-07 5.1 5.11 5.0 5.0
1996-03-11 5.17 5.2 5.11 5.11
1996-03-20 5.15 5.2 5.1 5.1
1996-03-21 5.17 5.19 5.15 5.15
1996-03-27 5.1 5.11 5.02 5.02
1996-03-28 5.04 5.1 5.04 5.04
1996-04-01 5.06 5.21 5.05 5.05
1996-04-04 5.08 5.09 5.01 5.01
1996-04-05 5.17 5.18 5.07 5.07
1996-04-15 5.2 5.2 5.16 5.16
1996-04-23 6.08 6.1 5.46 5.46
1996-04-26 6.36 6.65 6.04 6.04
1996-05-20 5.9 6.1 5.85 5.85
1996-05-28 5.37 5.48 5.32 5.32
1996-05-29 5.4 5.45 5.37 5.37
1996-06-04 5.25 5.65 5.2 5.2
1996-06-07 5.8 6.03 5.5 5.5
1996-06-10 7.35 7.41 6.16 6.16
1996-06-18 7.35 7.4 7.0 7.0
1996-07-03 8.31 8.35 7.81 7.81
1996-07-08 9.17 9.2 8.58 8.58
1996-07-18 10.05 10.19 9.95 9.95
1996-07-22 10.25 10.5 10.1 10.1
1996-07-29 10.05 10.17 9.9 9.9
1996-08-21 8.92 9.1 8.7 8.7
1996-09-23 9.6 9.77 9.1 9.1
1996-10-10 9.4 9.5 9.25 9.25
1996-10-14 9.55 9.55 9.25 9.25
1996-10-17 9.54 9.54 9.29 9.29
1996-11-06 8.24 8.63 7.5 7.5
1996-11-25 8.52 8.53 8.21 8.21
1996-11-29 9.97 10.1 9.6 9.6
1996-12-02 10.68 10.69 10.05 10.05
1996-12-09 11.46 11.7 11.3 11.3
1996-12-16 9.09 9.09 9.09 9.09
1996-12-17 8.18 8.99 8.18 8.18
1996-12-18 8.99 9.0 8.1 8.1
1997-01-02 8.49 8.52 8.31 8.31
1997-01-13 8.71 8.85 8.62 8.62
1997-02-19 8.56 8.7 8.2 8.2
1997-02-20 8.37 8.4 7.7 7.7
1997-02-21 8.9 8.95 8.4 8.4
1997-03-03 9.44 9.48 9.12 9.12
1997-03-13 9.78 10.0 9.65 9.65
1997-03-18 10.05 10.32 9.9 9.9
1997-04-09 10.96 11.0 10.71 10.71
1997-05-22 9.18 9.79 9.18 9.18
1997-06-13 7.92 7.95 7.1 7.1
1997-07-14 6.98 7.05 6.6 6.6
1997-07-17 7.01 7.06 6.85 6.85
1997-07-21 7.1 7.31 7.08 7.08
1997-07-24 7.4 7.6 7.2 7.2
1997-08-14 7.8 7.9 7.27 7.27
1997-09-04 7.82 7.88 7.67 7.67
1997-09-24 6.31 6.35 6.15 6.15
1997-10-10 6.39 6.5 6.28 6.28
1997-10-16 6.5 6.55 6.38 6.38
1997-11-04 6.31 6.4 6.3 6.3
1997-12-19 5.86 5.9 5.75 5.75
1997-12-23 5.98 6.14 5.78 5.78
1997-12-31 6.39 6.46 6.04 6.04
1998-01-14 6.13 6.3 6.0 6.0
1998-02-10 6.29 6.33 6.2 6.2
1998-02-17 6.28 6.28 6.18 6.18
1998-03-06 6.16 6.2 6.1 6.1
1998-04-02 6.41 6.58 6.35 6.35
1998-04-08 6.78 6.78 6.61 6.61
1998-04-27 6.66 6.75 6.6 6.6
1998-04-30 6.71 6.78 6.65 6.65
1998-05-11 7.04 7.16 7.0 7.0
1998-05-18 7.19 7.29 7.02 7.02
1998-05-29 7.35 7.46 7.25 7.25
1998-06-12 7.01 7.06 6.89 6.89
1998-07-28 6.8 6.94 6.7 6.7
1998-08-05 7.07 7.13 6.88 6.88
1998-08-19 5.88 6.0 5.66 5.66
1998-09-07 6.32 6.34 6.16 6.16
1998-09-09 6.35 6.44 6.1 6.1
1998-09-11 6.43 6.57 6.35 6.35
1998-09-30 7.08 7.16 6.98 6.98
1998-10-12 7.26 7.35 7.1 7.1
1998-10-28 7.1 7.15 6.78 6.78
1998-12-08 6.38 6.39 6.27 6.27
1998-12-11 6.33 6.34 6.2 6.2
1998-12-22 6.3 6.34 6.1 6.1
1999-01-06 5.89 5.9 5.79 5.79
1999-01-08 6.06 6.07 5.77 5.77
1999-01-28 5.95 6.06 5.88 5.88
1999-02-05 5.85 5.93 5.75 5.75
1999-03-11 6.56 6.65 6.25 6.25
1999-03-29 6.48 6.5 6.36 6.36
1999-05-04 7.47 7.82 7.21 7.21
1999-05-11 7.88 8.05 7.5 7.5
1999-05-26 8.29 8.29 7.55 7.55
1999-06-14 8.56 8.8 8.4 8.4
1999-07-29 9.66 9.78 9.47 9.47
1999-08-05 9.68 9.98 9.38 9.38
1999-08-09 10.26 10.6 9.7 9.7
1999-08-17 9.45 9.9 9.33 9.33
1999-08-19 9.9 9.95 9.53 9.53
1999-09-09 9.96 9.98 9.65 9.65
1999-09-22 9.02 9.14 8.9 8.9
1999-10-22 7.88 8.02 7.68 7.68
1999-10-26 7.81 7.9 7.75 7.75
1999-11-05 7.82 7.92 7.7 7.7
1999-11-08 8.12 8.13 7.77 7.77
1999-11-17 7.7 7.81 7.42 7.42
1999-11-26 7.71 7.89 7.7 7.7
1999-11-30 7.94 8.0 7.7 7.7
1999-12-01 8.05 8.1 7.88 7.88
2000-01-07 7.8 7.98 7.38 7.38
2000-03-01 8.65 8.85 8.5 8.5
2000-03-13 8.7 8.75 8.6 8.6
2000-03-23 10.32 10.37 9.5 9.5
2000-03-27 11.02 11.17 10.28 10.28
2000-03-30 11.68 11.96 11.25 11.25
2000-04-03 13.09 13.12 12.5 12.5
2000-04-18 12.08 12.4 12.0 12.0
2000-04-24 12.99 13.25 12.8 12.8
2000-05-16 11.78 11.99 11.59 11.59
2000-05-26 8.71 8.8 8.45 8.45
2000-06-07 8.73 8.8 8.6 8.6
2000-07-19 9.52 9.58 9.2 9.2
2000-07-24 10.16 10.3 10.03 10.03
2000-08-07 10.06 10.08 9.81 9.81
2000-08-17 10.76 10.83 10.25 10.25
2000-08-21 10.92 11.0 10.6 10.6
2000-09-11 9.64 9.7 9.45 9.45
2000-09-15 9.59 9.7 9.5 9.5
2000-09-27 8.95 8.96 8.82 8.82
2000-09-29 8.82 8.85 8.72 8.72
2000-10-17 8.98 9.08 8.89 8.89
2000-11-14 10.04 10.2 9.94 9.94
2000-11-21 9.85 10.05 9.75 9.75
2000-11-28 9.67 9.7 9.49 9.49
2000-12-06 9.73 9.73 9.61 9.61
2000-12-20 9.33 9.45 9.22 9.22
2001-01-02 9.82 9.88 9.73 9.73
2001-01-18 9.55 9.65 9.53 9.53
2001-01-19 9.72 9.76 9.65 9.65
2001-02-09 9.39 9.45 9.3 9.3
2001-03-02 9.44 9.5 9.41 9.41
2001-03-20 9.58 9.59 9.46 9.46
2001-03-26 9.56 9.6 9.4 9.4
2001-04-02 9.7 9.8 9.67 9.67
2001-04-11 9.73 9.77 9.62 9.62
2001-05-29 10.0 10.08 9.85 9.85
2001-06-05 10.05 10.1 9.9 9.9
2001-06-21 10.0 10.01 9.81 9.81
2001-06-29 9.98 10.07 9.97 9.97
2001-08-24 8.21 8.3 8.2 8.2
2001-09-04 8.14 8.16 7.94 7.94
2001-09-17 8.07 8.19 8.0 8.0
2001-10-09 7.95 8.03 7.87 7.87
2001-11-13 7.08 7.1 6.82 6.82
2001-11-14 7.04 7.15 7.02 7.02
2001-11-19 7.35 7.36 7.21 7.21
2001-11-20 7.5 7.56 7.31 7.31
2001-11-30 7.78 7.79 7.68 7.68
2001-12-04 8.2 8.45 8.1 8.1
2001-12-17 7.67 7.7 7.61 7.61
2002-01-08 7.01 7.13 7.01 7.01
2002-02-07 6.2 6.27 6.05 6.05
2002-04-09 7.33 7.49 7.16 7.16
2002-04-12 7.25 7.35 7.11 7.11
2002-04-17 7.45 7.64 7.38 7.38
2002-04-30 7.71 7.78 7.6 7.6
2002-05-15 7.46 7.59 7.45 7.45
2002-05-23 7.65 7.65 7.35 7.35
2002-06-18 7.04 7.12 6.9 6.9
2002-07-15 7.74 7.78 7.69 7.69
2002-08-06 7.6 7.61 7.36 7.36
2002-09-04 7.44 7.47 7.4 7.4
2002-09-12 7.18 7.23 7.16 7.16
2002-09-19 7.15 7.16 6.92 6.92
2002-09-20 7.0 7.1 6.97 6.97
2002-10-16 6.62 6.69 6.53 6.53
2002-10-22 6.62 6.65 6.48 6.48
2002-11-21 5.6 5.72 5.6 5.6
2002-11-28 5.86 5.87 5.53 5.53
2002-12-09 5.71 5.78 5.7 5.7
2002-12-12 5.61 5.75 5.6 5.6
2003-01-07 5.67 5.74 5.58 5.58
2003-01-14 6.03 6.15 5.75 5.75
2003-01-22 6.56 6.56 5.91 5.91
2003-04-14 6.35 6.44 6.0 6.0
2003-04-30 5.52 5.62 5.5 5.5
2003-05-23 5.48 5.49 5.31 5.31
2003-06-11 5.42 5.45 5.28 5.28
2003-06-16 5.75 5.99 5.71 5.71
2003-06-20 5.58 5.68 5.58 5.58
2003-07-08 5.39 5.4 5.33 5.33
2003-07-09 5.41 5.42 5.36 5.36
2003-07-16 5.29 5.29 5.25 5.25
2003-07-29 5.08 5.09 5.06 5.06
2003-07-31 5.03 5.09 5.01 5.01
2003-08-22 5.05 5.11 5.01 5.01
2003-09-18 5.04 5.1 5.0 5.0
2003-10-22 5.02 5.06 4.93 4.93
2003-11-11 4.13 4.22 4.06 4.06
2003-11-14 4.15 4.16 4.06 4.06
2003-11-17 4.17 4.22 4.1 4.1
2003-11-19 4.2 4.21 4.1 4.1
2003-11-20 4.37 4.42 4.1 4.1
2003-11-24 4.42 4.43 4.2 4.2
2003-11-25 4.43 4.57 4.38 4.38
2003-12-24 4.42 4.42 4.3 4.3
2004-01-29 4.5 4.5 4.36 4.36
2004-02-02 4.61 4.64 4.5 4.5
2004-02-09 4.98 5.02 4.81 4.81
2004-02-20 5.17 5.18 5.08 5.08
2004-03-19 5.01 5.02 4.9 4.9
2004-03-24 5.26 5.32 5.16 5.16
2004-04-02 5.24 5.28 5.2 5.2
2004-05-11 4.65 4.78 4.61 4.61
2004-05-12 4.75 4.76 4.65 4.65
2004-06-16 4.26 4.31 4.22 4.22
2004-06-21 4.22 4.23 4.15 4.15
2004-07-01 4.1 4.12 4.01 4.01
2004-07-08 4.11 4.11 4.08 4.08
2004-07-16 4.13 4.13 3.98 3.98
2004-08-04 4.0 4.04 3.91 3.91
2004-08-10 3.92 3.93 3.88 3.88
2004-08-24 3.92 3.93 3.8 3.8
2004-09-07 4.08 4.1 3.93 3.93
2004-09-10 3.95 3.99 3.88 3.88
2004-09-14 4.05 4.07 3.9 3.9
2004-09-17 4.25 4.25 4.11 4.11
2004-11-01 3.41 3.46 3.38 3.38
2004-11-29 4.0 4.04 3.95 3.95
2004-12-22 3.88 3.9 3.78 3.78
2005-01-07 3.82 3.87 3.61 3.61
2005-01-10 3.84 3.84 3.72 3.72
2005-04-13 3.58 3.61 3.48 3.48
2005-04-25 3.21 3.24 3.16 3.16
2005-04-27 3.37 3.48 3.32 3.32
2005-05-10 3.35 3.37 3.23 3.23
2005-06-13 3.75 3.79 3.63 3.63
2005-06-20 3.55 3.55 3.45 3.45
2005-07-05 3.28 3.29 3.24 3.24
2005-07-12 3.22 3.24 3.08 3.08
2005-07-26 3.32 3.34 3.23 3.23
2005-07-27 3.35 3.35 3.27 3.27
2005-08-05 3.41 3.43 3.31 3.31
2005-08-30 3.57 3.7 3.5 3.5
2005-08-31 3.93 3.93 3.53 3.53
2005-09-07 4.14 4.15 3.96 3.96
2005-09-12 4.02 4.08 3.92 3.92
2005-09-30 3.88 3.96 3.87 3.87
2005-11-02 3.51 3.54 3.44 3.44
2005-11-23 3.57 3.61 3.51 3.51
2005-12-22 4.03 4.08 3.94 3.94
2006-01-06 4.12 4.17 4.11 4.11
2006-01-10 4.17 4.2 4.12 4.12
2006-01-13 4.39 4.56 4.36 4.36
2006-02-22 5.13 5.3 5.1 5.1
2006-03-08 5.0 5.03 4.8 4.8
2006-03-09 5.11 5.2 5.0 5.0
2006-04-10 5.78 5.95 5.64 5.64
2006-05-11 6.97 6.97 6.97 6.97
2006-05-15 7.67 7.67 7.67 7.67
2006-10-13 5.19 5.28 4.99 4.99
2006-11-22 4.76 4.82 4.59 4.59
2006-12-15 5.23 5.26 5.12 5.12
2006-12-29 5.11 5.12 5.0 5.0
2007-01-15 5.84 5.87 5.43 5.43
2007-02-15 7.0 7.05 6.88 6.88
2007-02-16 7.09 7.54 7.01 7.01
2007-03-02 6.55 6.67 6.35 6.35
2007-04-04 8.85 9.11 8.67 8.67
2007-04-11 9.31 9.5 8.91 8.91
2007-08-14 11.09 11.18 10.85 10.85
2007-08-22 12.31 12.52 11.5 11.5
2007-11-19 9.23 9.25 9.01 9.01
2007-11-20 9.2 9.34 9.16 9.16
2007-12-10 9.26 9.28 8.73 8.73
2007-12-24 9.97 10.19 9.85 9.85
2008-01-09 10.56 10.6 10.24 10.24
2008-01-15 10.99 11.2 10.8 10.8
2008-01-29 8.66 8.74 8.42 8.42
2008-02-14 9.1 9.2 9.03 9.03
2008-04-11 8.79 8.84 8.5 8.5
2008-05-30 8.34 8.45 8.2 8.2
2008-06-24 6.44 6.52 6.23 6.23
2008-07-07 7.18 7.23 6.79 6.79
2008-07-11 7.16 7.39 7.02 7.02
2008-07-25 7.12 7.23 7.05 7.05
2008-08-20 6.47 6.52 5.85 5.85
2008-09-10 5.8 6.0 5.73 5.73
2008-09-12 5.81 5.87 5.65 5.65
2008-10-17 4.57 4.57 4.44 4.44
2008-11-19 4.78 4.8 4.46 4.46
2009-01-06 4.81 4.83 4.61 4.61
2009-01-09 4.82 4.85 4.7 4.7
2009-01-15 5.04 5.05 4.89 4.89
2009-02-19 5.69 5.75 5.6 5.6
2009-03-04 5.81 5.84 5.5 5.5
2009-03-17 6.19 6.25 5.88 5.88
2009-04-20 6.67 6.68 6.5 6.5
2009-07-22 7.25 7.28 7.12 7.12
2009-09-17 7.59 7.63 7.51 7.51
2009-10-23 7.5 7.54 7.35 7.35
2009-12-24 9.05 9.31 8.95 8.95
2010-02-24 9.0 9.05 8.76 8.76
2010-03-15 8.79 8.83 8.68 8.68
2010-04-01 9.59 9.63 9.4 9.4
2010-04-12 9.87 9.9 9.45 9.45
2010-04-21 9.5 9.55 9.26 9.26
2010-04-29 9.55 9.88 9.48 9.48
2010-06-09 8.52 8.57 8.3 8.3
2010-07-19 7.91 7.92 7.7 7.7
2010-07-20 8.07 8.14 7.86 7.86
2010-07-28 8.15 8.2 7.95 7.95
2010-08-17 9.01 9.09 8.64 8.64
2010-11-04 8.98 9.05 8.85 8.85
2010-11-22 8.69 8.83 8.28 8.28
2010-12-17 8.59 8.6 8.38 8.38
2010-12-31 8.46 8.48 8.28 8.28
2011-01-11 8.59 8.67 8.08 8.08
2011-02-10 8.21 8.39 7.92 7.92
2011-04-20 8.62 8.68 8.5 8.5
2011-05-17 8.46 8.55 8.26 8.26
2011-07-18 7.95 7.96 7.81 7.81
2011-10-28 7.0 7.04 6.91 6.91
2012-01-10 6.03 6.05 5.79 5.79
2012-01-17 6.04 6.08 5.76 5.76
2012-02-03 6.03 6.06 5.96 5.96
2012-03-08 6.62 6.64 6.49 6.49
2012-05-10 6.47 6.49 6.41 6.41
2012-05-21 6.24 6.3 6.19 6.19
2012-07-24 5.77 5.81 5.67 5.67
2013-01-30 6.75 6.75 6.75 6.75
2013-01-31 7.43 7.43 7.43 7.43
2013-02-20 7.25 7.27 7.15 7.15
2013-02-28 7.3 7.37 7.13 7.13
2013-05-20 6.95 7.01 6.76 6.76
2013-05-22 6.94 7.05 6.9 6.9
2013-05-28 6.79 6.82 6.72 6.72
2013-07-11 6.34 6.44 6.16 6.16
2013-07-24 6.83 7.04 6.43 6.43
2013-08-13 6.71 6.83 6.67 6.67
2013-08-27 6.93 7.0 6.85 6.85
2013-09-03 6.89 6.93 6.77 6.77
2013-09-13 7.66 7.66 7.06 7.06
2013-11-27 6.73 6.76 6.65 6.65
2013-12-03 6.48 6.54 6.39 6.39
2013-12-04 6.58 6.61 6.45 6.45
2013-12-09 6.64 6.65 6.6 6.6
2013-12-16 7.02 7.15 6.87 6.87
2013-12-27 6.92 6.95 6.74 6.74
2014-01-14 6.5 6.52 6.38 6.38
2014-02-14 6.93 6.94 6.81 6.81
2014-02-28 7.15 7.15 7.03 7.03
2014-03-03 7.34 7.37 7.16 7.16
2014-04-02 7.02 7.03 6.92 6.92
2014-04-29 6.89 6.94 6.64 6.64
2014-05-28 7.04 7.05 7.0 7.0
2014-05-30 6.98 7.03 6.97 6.97
2014-06-12 6.96 6.98 6.92 6.92
2014-06-13 7.0 7.03 6.95 6.95
2014-06-20 6.91 7.0 6.83 6.83
2014-06-24 6.91 6.95 6.87 6.87
2014-07-22 6.91 6.95 6.8 6.8
2014-07-28 7.07 7.09 6.9 6.9
2014-08-04 7.14 7.15 7.06 7.06
2014-08-11 7.3 7.3 7.15 7.15
2014-09-01 7.47 7.51 7.35 7.35
2014-09-05 7.7 7.77 7.6 7.6
2014-09-26 7.87 7.89 7.73 7.73
2014-09-29 8.01 8.08 7.87 7.87
2014-10-28 7.53 7.53 7.39 7.39
2014-12-10 7.75 7.78 7.52 7.52
2014-12-23 8.57 8.57 7.79 7.79
2015-02-13 8.69 8.8 8.6 8.6
2015-03-02 9.19 9.28 9.04 9.04
2015-03-13 10.12 10.12 10.12 10.12
2015-04-07 11.7 12.0 11.41 11.41
2015-04-27 12.92 13.1 12.71 12.71
2015-04-29 13.05 13.09 12.39 12.39
2015-06-02 18.69 18.9 18.08 18.08
2015-06-04 19.2 19.86 18.5 18.5
2015-07-07 10.6 10.8 10.6 10.6
2015-07-08 9.54 9.54 9.54 9.54
2015-07-09 10.49 10.49 8.59 8.59
2015-07-10 11.54 11.54 10.65 10.65
2015-07-17 11.26 11.32 10.2 10.2
2015-08-04 10.21 10.23 9.38 9.38
2015-08-07 10.42 10.52 10.09 10.09
2015-08-10 11.46 11.46 10.51 10.51
2015-09-07 8.09 8.4 7.91 7.91
2015-09-15 8.36 8.99 7.75 7.75
2015-10-29 10.52 10.59 9.81 9.81
2015-11-26 12.24 12.3 11.9 11.9
2015-12-09 11.26 11.65 10.55 10.55
2015-12-16 11.0 11.06 10.87 10.87
2015-12-17 11.3 11.32 11.01 11.01
2015-12-28 11.62 11.98 11.46 11.46
2016-02-04 8.85 8.86 8.56 8.56
2016-02-16 8.89 8.98 8.55 8.55
2016-02-17 9.07 9.18 8.82 8.82
2016-03-02 8.5 8.57 8.0 8.0
2016-03-17 8.86 8.98 8.6 8.6
2016-03-21 9.44 9.62 9.21 9.21
2016-03-28 9.82 10.14 9.62 9.62
2016-03-31 9.81 10.01 9.76 9.76
2016-04-15 11.43 11.63 10.91 10.91
2016-06-22 10.17 10.25 9.95 9.95
2016-11-03 9.79 9.81 9.6 9.6
2017-02-07 13.23 13.5 12.67 12.67
2017-03-16 11.84 11.84 11.56 11.56
2017-05-12 8.85 8.95 8.7 8.7
2017-06-19 9.2 9.23 9.08 9.08
2017-07-11 10.02 10.02 9.05 9.05
