1996-12-17 13.69 14.9 13.69 13.69
1996-12-18 15.06 15.06 13.88 13.88
1997-02-27 12.3 12.47 12.0 12.0
1997-03-31 14.32 14.35 14.05 14.05
1997-04-02 14.65 14.85 14.3 14.3
1997-04-09 15.99 16.06 14.71 14.71
1997-05-20 14.15 14.35 13.9 13.9
1997-05-22 12.35 13.3 12.29 12.29
1997-05-23 12.66 12.81 12.5 12.5
1997-06-23 11.94 11.94 11.22 11.22
1997-08-01 14.86 14.86 14.03 14.03
1998-02-16 10.98 11.19 10.43 10.43
1998-05-07 9.8 10.12 9.36 9.36
1998-07-10 9.48 9.55 9.1 9.1
1998-09-11 7.27 7.37 7.03 7.03
1998-09-14 7.8 7.95 7.3 7.3
1998-11-09 8.07 8.09 7.7 7.7
1999-01-27 5.6 5.63 5.36 5.36
1999-02-01 5.81 5.93 5.7 5.7
1999-02-04 5.49 5.6 5.4 5.4
1999-02-09 5.37 5.4 5.2 5.2
1999-03-02 5.98 6.08 5.66 5.66
1999-03-10 6.47 6.62 6.09 6.09
1999-03-23 6.23 6.28 6.1 6.1
1999-04-08 6.77 6.85 6.61 6.61
1999-05-26 5.54 5.54 5.4 5.4
1999-06-03 6.08 6.37 6.08 6.08
1999-06-11 6.02 6.1 5.87 5.87
1999-06-14 6.08 6.18 6.0 6.0
1999-08-18 5.95 5.98 5.8 5.8
1999-11-30 5.44 5.52 5.23 5.23
1999-12-17 5.29 5.31 5.16 5.16
2000-07-17 5.34 5.36 5.16 5.16
2000-07-20 5.43 5.45 5.34 5.34
2000-07-27 5.97 5.97 5.7 5.7
2000-08-14 6.69 6.69 6.37 6.37
2000-09-11 7.74 7.74 7.47 7.47
2000-10-09 7.54 7.54 7.2 7.2
2000-10-10 7.87 7.92 7.62 7.62
2001-01-02 7.26 7.3 7.06 7.06
2001-02-22 5.51 5.51 5.51 5.51
2001-02-23 5.57 5.63 5.23 5.23
2001-02-26 5.29 5.47 5.29 5.29
2001-03-02 6.21 6.21 6.21 6.21
2001-03-06 6.85 6.85 6.85 6.85
2001-03-08 6.56 6.8 6.56 6.56
2001-03-16 6.92 6.92 6.59 6.59
2001-04-19 6.05 6.05 6.05 6.05
2001-04-20 5.81 6.05 5.75 5.75
2001-04-23 5.86 6.04 5.56 5.56
2001-04-24 5.92 6.0 5.87 5.87
2001-04-25 6.22 6.22 5.93 5.93
2001-05-25 6.12 6.12 6.12 6.12
2001-06-01 6.42 6.42 6.42 6.42
2001-06-08 6.7 6.7 6.7 6.7
2001-06-15 6.8 6.8 6.8 6.8
2001-06-22 6.8 6.8 6.8 6.8
2001-08-03 7.14 7.14 7.14 7.14
2001-08-10 7.5 7.5 7.5 7.5
2001-08-17 7.88 7.88 7.88 7.88
2001-08-24 8.17 8.17 8.17 8.17
2001-08-31 7.8 7.8 7.8 7.8
2001-09-07 7.5 7.5 7.5 7.5
2001-09-14 7.0 7.0 7.0 7.0
2001-09-21 6.5 6.5 6.5 6.5
2001-09-28 6.0 6.0 6.0 6.0
2001-10-12 5.4 5.4 5.4 5.4
2001-10-19 5.67 5.67 5.67 5.67
2001-10-26 5.95 5.95 5.95 5.95
2001-11-02 6.25 6.25 6.25 6.25
2001-11-09 6.56 6.56 6.56 6.56
2001-11-16 6.56 6.56 6.56 6.56
2001-11-23 6.56 6.56 6.56 6.56
2001-11-30 6.79 6.79 6.79 6.79
2001-12-07 6.0 6.0 6.0 6.0
2001-12-14 5.1 5.1 5.1 5.1
2001-12-21 5.1 5.1 5.1 5.1
2001-12-28 5.35 5.35 5.35 5.35
2002-01-04 5.61 5.61 5.61 5.61
2002-01-11 5.88 5.88 5.88 5.88
2002-01-18 4.8 4.8 4.8 4.8
2002-01-25 4.51 4.51 4.51 4.51
2002-02-01 4.5 4.5 4.5 4.5
2002-02-08 4.73 4.73 4.73 4.73
2002-03-01 4.97 4.97 4.97 4.97
2002-03-08 5.22 5.22 5.22 5.22
2002-03-15 5.48 5.48 5.48 5.48
2002-04-05 4.41 4.41 4.41 4.41
2002-04-12 4.63 4.63 4.63 4.63
2002-04-19 4.86 4.86 4.86 4.86
2002-04-26 5.1 5.1 5.1 5.1
2003-08-12 4.58 4.59 4.46 4.46
2003-08-19 4.41 4.45 4.28 4.28
2003-08-21 4.58 4.63 4.4 4.4
2003-08-27 4.44 4.5 4.35 4.35
2003-09-16 4.4 4.43 4.33 4.33
2003-09-18 4.55 4.57 4.35 4.35
2003-09-23 4.61 4.67 4.56 4.56
2003-12-01 3.56 3.57 3.42 3.42
2003-12-04 3.58 3.68 3.54 3.54
2004-01-07 3.33 3.33 3.33 3.33
2004-01-09 3.35 3.46 3.3 3.3
2004-02-20 4.22 4.25 4.13 4.13
2004-03-19 4.03 4.14 3.9 3.9
2004-03-26 4.1 4.13 4.03 4.03
2004-04-01 4.06 4.1 4.01 4.01
2004-04-05 4.07 4.08 3.86 3.86
2004-04-22 3.69 3.7 3.6 3.6
2004-09-14 2.51 2.53 2.4 2.4
2004-10-19 2.06 2.07 2.06 2.06
2004-10-22 1.8 1.8 1.8 1.8
2004-10-25 1.71 1.79 1.71 1.71
2004-11-18 1.8 1.82 1.74 1.74
2004-12-21 1.71 1.74 1.65 1.65
2004-12-24 1.74 1.75 1.7 1.7
2005-01-19 1.9 1.9 1.83 1.83
2005-02-01 1.67 1.7 1.62 1.62
2005-02-16 1.76 1.76 1.7 1.7
2005-04-05 1.75 1.81 1.73 1.73
2005-04-06 1.78 1.81 1.74 1.74
2005-04-25 1.38 1.38 1.38 1.38
2005-04-26 1.43 1.44 1.31 1.31
2005-04-28 1.41 1.45 1.34 1.34
2005-05-11 1.4 1.44 1.34 1.34
2005-05-25 1.38 1.43 1.34 1.34
2005-05-27 1.37 1.39 1.35 1.35
2005-05-30 1.4 1.4 1.37 1.37
2005-06-07 1.35 1.38 1.34 1.34
2005-06-08 1.42 1.42 1.35 1.35
2005-06-21 1.37 1.38 1.35 1.35
2005-06-22 1.39 1.4 1.37 1.37
2005-06-27 1.37 1.39 1.36 1.36
2005-07-04 1.17 1.17 1.17 1.17
2005-07-05 1.21 1.23 1.11 1.11
2005-07-11 1.06 1.1 1.05 1.05
2005-07-19 1.02 1.05 1.02 1.02
2005-08-02 1.1 1.1 1.06 1.06
2005-08-04 1.12 1.16 1.11 1.11
2005-08-09 1.18 1.19 1.15 1.15
2005-08-30 1.42 1.45 1.42 1.42
2005-08-31 1.41 1.42 1.35 1.35
2005-09-19 1.84 1.84 1.75 1.75
2005-09-26 1.58 1.62 1.58 1.58
2005-09-29 1.5 1.5 1.42 1.42
2005-11-24 1.44 1.44 1.4 1.4
2005-12-23 1.34 1.34 1.3 1.3
2005-12-29 1.36 1.36 1.34 1.34
2006-01-04 1.34 1.36 1.32 1.32
2006-02-23 1.37 1.37 1.3 1.3
2006-02-27 1.39 1.41 1.36 1.36
2006-03-28 1.35 1.36 1.3 1.3
2006-04-12 1.34 1.36 1.32 1.32
2006-04-17 1.32 1.32 1.3 1.3
2006-12-22 1.95 1.95 1.89 1.89
2006-12-25 2.05 2.05 1.96 1.96
2007-05-22 2.14 2.14 2.14 2.14
2007-05-23 2.25 2.25 2.25 2.25
2008-01-23 8.01 8.03 7.51 7.51
2008-01-29 7.38 7.56 7.34 7.34
2008-02-26 10.99 10.99 10.2 10.2
2008-07-08 4.45 4.49 4.23 4.23
2009-07-03 5.87 5.87 5.41 5.41
2009-07-13 5.85 5.96 5.82 5.82
2009-07-14 6.04 6.08 5.81 5.81
2009-07-16 5.98 6.14 5.92 5.92
2010-07-16 7.15 7.25 6.73 6.73
2010-08-17 6.63 6.63 6.25 6.25
2010-12-13 5.52 5.53 5.4 5.4
2010-12-15 5.58 5.66 5.55 5.55
2010-12-16 5.73 5.79 5.58 5.58
2011-01-26 5.18 5.19 5.08 5.08
2011-05-16 5.84 5.89 5.8 5.8
2011-05-18 5.86 5.97 5.84 5.84
2011-07-01 5.45 5.61 5.3 5.3
2012-03-16 8.06 8.08 7.55 7.55
2012-09-04 4.5 4.6 4.48 4.48
2012-09-05 4.53 4.57 4.46 4.46
2012-12-11 4.21 4.3 4.17 4.17
2012-12-14 4.6 4.6 4.6 4.6
2012-12-17 5.06 5.06 5.06 5.06
2013-01-21 5.28 5.36 5.18 5.18
2013-01-28 4.93 4.95 4.81 4.81
2013-02-05 5.0 5.02 4.85 4.85
2013-04-01 4.68 4.74 4.58 4.58
2013-05-03 4.58 4.63 4.5 4.5
2013-07-05 4.51 4.51 4.12 4.12
2013-07-11 4.46 4.55 4.31 4.31
2013-08-07 4.79 4.95 4.7 4.7
2013-09-09 4.68 4.69 4.61 4.61
2013-09-13 4.7 4.71 4.64 4.64
2013-09-23 4.61 4.66 4.56 4.56
2013-12-05 5.58 5.58 5.58 5.58
2013-12-06 6.14 6.14 6.14 6.14
2013-12-10 6.75 6.75 6.75 6.75
2014-01-13 8.61 8.65 8.23 8.23
2014-04-29 10.18 10.5 9.98 9.98
2014-05-06 10.48 10.58 10.46 10.46
2014-05-27 10.98 11.18 10.6 10.6
2014-05-29 11.19 11.28 10.8 10.8
2014-07-28 10.0 10.07 9.9 9.9
2014-07-30 10.19 10.34 10.01 10.01
2014-08-04 10.31 10.4 10.04 10.04
2015-04-08 11.98 11.98 11.98 11.98
2015-04-09 13.18 13.18 13.18 13.18
2015-08-10 10.65 10.74 10.25 10.25
2015-08-11 10.94 11.37 10.57 10.57
2016-04-07 9.47 9.6 8.85 8.85
2016-05-23 7.98 8.12 7.86 7.86
2016-05-31 8.29 8.31 8.04 8.04
2016-06-06 8.23 8.26 8.11 8.11
2016-08-09 8.23 8.27 8.14 8.14
2016-08-26 7.94 8.0 7.92 7.92
2016-11-23 9.02 9.47 8.79 8.79
2016-11-28 9.2 9.37 8.91 8.91
2016-12-06 9.31 9.47 8.88 8.88
2017-01-26 9.07 9.08 8.88 8.88
2017-07-28 4.91 4.93 4.8 4.8
