2001-03-29 31.13 31.6 30.8 30.8
2001-05-14 36.48 36.5 35.8 35.8
2001-05-22 36.26 36.86 36.2 36.2
2001-05-30 36.0 36.1 34.7 34.7
2001-06-21 35.35 35.5 34.51 34.51
2001-06-22 35.45 35.85 35.3 35.3
2001-06-25 36.15 36.5 35.5 35.5
2001-06-26 36.31 36.85 36.25 36.25
2001-06-29 35.85 36.2 35.6 35.6
2001-07-06 35.53 35.8 35.3 35.3
2001-07-09 36.28 36.48 35.55 35.55
2001-08-01 35.89 36.8 34.18 34.18
2001-08-09 30.13 30.5 29.4 29.4
2001-08-10 30.52 31.0 30.13 30.13
2001-08-17 29.0 29.6 26.8 26.8
2001-08-31 28.1 28.16 27.86 27.86
2001-09-04 28.58 28.6 28.0 28.0
2001-12-03 24.31 25.5 23.4 23.4
2001-12-04 24.9 24.94 24.2 24.2
2001-12-10 24.1 24.3 23.8 23.8
2001-12-18 23.02 23.5 21.45 21.45
2001-12-21 22.41 22.95 21.6 21.6
2001-12-25 22.3 22.42 22.0 22.0
2001-12-31 23.54 23.98 22.99 22.99
2002-02-07 20.8 20.98 20.34 20.34
2002-02-27 21.72 21.9 21.3 21.3
2002-03-18 24.49 25.08 24.01 24.01
2002-03-19 25.39 25.4 24.5 24.5
2002-04-29 28.45 28.8 28.0 28.0
2002-06-26 15.8 16.3 15.67 15.67
2002-07-03 15.4 15.63 15.05 15.05
2002-07-08 15.63 15.82 15.57 15.57
2002-08-01 14.35 14.48 14.22 14.22
2002-08-07 14.52 14.96 14.38 14.38
2002-08-08 14.35 14.57 13.88 13.88
2002-08-13 14.4 14.47 14.3 14.3
2002-08-14 14.65 14.86 14.5 14.5
2002-08-19 14.71 14.78 14.61 14.61
2002-08-20 14.73 14.85 14.29 14.29
2002-08-27 15.05 15.24 14.66 14.66
2002-08-29 15.09 15.53 15.0 15.0
2002-09-13 14.36 14.4 14.3 14.3
2002-10-21 12.94 13.05 12.9 12.9
2002-11-05 12.86 13.0 12.48 12.48
2002-11-06 12.69 12.88 12.5 12.5
2002-12-03 10.05 10.07 9.82 9.82
2003-01-16 11.52 11.66 11.19 11.19
2003-02-12 11.86 11.86 11.6 11.6
2003-02-13 13.05 13.05 12.0 12.0
2003-03-03 12.8 12.84 12.56 12.56
2003-04-30 12.89 13.09 12.86 12.86
2003-06-11 12.65 12.79 12.52 12.52
2003-06-13 12.62 12.68 12.52 12.52
2003-06-18 12.42 12.54 12.32 12.32
2003-06-19 13.16 13.58 12.4 12.4
2003-07-03 12.08 12.19 11.8 11.8
2003-07-08 12.08 12.11 11.9 11.9
2003-07-29 11.12 11.18 11.1 11.1
2003-08-04 11.32 11.38 11.1 11.1
2003-08-05 11.62 12.0 11.3 11.3
2003-09-04 11.8 11.81 11.6 11.6
2003-09-22 11.43 11.45 11.19 11.19
2003-10-10 11.24 11.35 10.8 10.8
2003-10-13 11.27 11.33 11.01 11.01
2003-10-15 11.2 11.32 11.06 11.06
2003-10-22 10.37 10.5 10.19 10.19
2003-11-20 9.25 9.26 9.0 9.0
2003-12-25 7.66 8.0 7.33 7.33
2004-02-12 9.17 9.3 9.0 9.0
2004-03-22 9.2 9.25 8.86 8.86
2004-03-29 10.25 10.35 9.72 9.72
2004-06-21 7.21 7.25 7.12 7.12
2004-08-25 7.17 7.5 6.93 6.93
2004-08-31 7.01 7.28 6.9 6.9
2004-09-02 6.91 6.96 6.72 6.72
2004-09-06 6.86 6.9 6.8 6.8
2004-09-10 6.66 6.78 6.58 6.58
2004-09-14 6.3 6.39 6.08 6.08
2004-10-28 7.16 7.36 6.7 6.7
2004-11-18 6.41 6.47 6.35 6.35
2004-11-24 6.66 6.83 6.61 6.61
2004-11-30 6.36 6.4 6.33 6.33
2004-12-08 6.36 6.4 6.32 6.32
2004-12-24 6.12 6.18 6.05 6.05
2005-01-11 5.86 5.98 5.82 5.82
2005-01-17 5.65 5.78 5.6 5.6
2005-02-02 5.88 5.98 5.58 5.58
2005-02-04 6.16 6.24 5.83 5.83
2005-05-19 5.68 5.68 5.68 5.68
2005-05-27 5.23 5.29 5.16 5.16
2005-05-30 5.32 5.35 5.22 5.22
2005-10-11 6.06 6.07 5.95 5.95
2005-10-17 5.91 6.0 5.86 5.86
2005-12-07 5.43 5.46 5.4 5.4
2007-06-13 17.58 17.58 17.58 17.58
2007-06-14 19.34 19.34 19.34 19.34
2007-06-15 21.27 21.27 21.27 21.27
2007-06-18 23.4 23.4 23.4 23.4
2007-06-19 25.74 25.74 25.74 25.74
2007-06-20 28.31 28.31 28.31 28.31
2007-08-02 50.35 51.44 47.5 47.5
2007-08-03 50.19 51.39 48.8 48.8
2007-08-23 51.02 52.36 47.7 47.7
2008-01-18 39.6 39.98 38.5 38.5
2008-01-23 37.28 37.36 34.2 34.2
2008-01-29 41.31 42.0 39.26 39.26
2008-02-04 38.96 39.95 37.5 37.5
2008-04-11 29.86 30.39 29.25 29.25
2008-08-01 14.13 14.18 13.02 13.02
2008-08-07 12.49 12.65 12.02 12.02
2008-11-11 5.51 5.86 5.43 5.43
2008-11-13 5.89 5.96 5.47 5.47
2009-04-01 13.56 13.9 13.04 13.04
2009-04-02 13.81 14.24 13.5 13.5
2009-04-30 15.08 15.6 14.4 14.4
2009-10-14 21.96 22.78 21.0 21.0
2009-11-11 25.1 26.0 23.47 23.47
2009-11-16 25.31 25.51 24.6 24.6
2010-07-06 15.28 15.69 14.71 14.71
2010-11-18 15.38 15.62 15.12 15.12
2011-01-11 18.69 18.87 17.8 17.8
2011-01-12 19.0 19.6 18.6 18.6
2011-06-21 12.78 12.88 12.31 12.31
2011-06-28 13.35 13.4 12.51 12.51
2011-06-30 13.21 13.35 12.93 12.93
2011-12-22 8.73 8.98 8.39 8.39
2011-12-23 9.14 9.31 8.68 8.68
2011-12-26 9.19 9.46 9.01 9.01
2012-03-26 11.0 11.15 10.8 10.8
2012-08-09 10.67 10.71 10.38 10.38
2012-11-01 10.63 10.8 10.21 10.21
2012-11-09 10.29 10.35 10.15 10.15
2012-11-12 10.49 10.53 10.22 10.22
2013-04-09 9.52 9.65 9.41 9.41
2013-12-13 5.1 5.14 5.09 5.09
2013-12-18 4.95 4.99 4.94 4.94
2014-07-16 4.58 4.65 4.54 4.54
2014-07-24 5.44 5.59 5.08 5.08
2014-07-31 5.27 5.29 5.15 5.15
2014-09-03 5.28 5.32 5.21 5.21
2014-09-29 5.42 5.43 5.36 5.36
2014-11-06 5.76 5.86 5.72 5.72
2015-04-30 14.6 14.7 13.5 13.5
2015-07-10 15.29 15.29 14.25 14.25
2015-10-29 11.85 12.08 11.76 11.76
2016-03-21 10.61 10.78 10.47 10.47
2016-06-02 10.61 10.81 10.56 10.56
2016-06-06 10.68 10.81 10.51 10.51
2016-09-22 12.66 12.87 12.35 12.35
2016-12-01 13.84 14.28 13.1 13.1
2017-02-21 12.21 12.41 12.0 12.0
2017-02-22 12.41 12.48 12.17 12.17
