2003-12-01 9.4 9.47 9.25 9.25
2004-02-27 10.58 10.67 10.48 10.48
2004-03-04 10.48 10.56 10.37 10.37
2004-03-09 10.36 10.55 10.33 10.33
2004-03-10 10.66 10.66 10.36 10.36
2004-07-21 8.9 9.03 8.76 8.76
2004-08-20 7.28 7.32 7.11 7.11
2005-04-06 5.68 5.69 5.5 5.5
2005-04-13 5.59 5.64 5.46 5.46
2005-05-26 4.97 5.0 4.95 4.95
2005-06-27 5.4 5.46 5.27 5.27
2005-07-26 4.98 5.02 4.86 4.86
2005-08-08 5.74 5.84 5.33 5.33
2005-08-25 5.95 6.0 5.8 5.8
2005-11-02 5.08 5.1 5.01 5.01
2006-11-01 4.4 4.4 4.3 4.3
2007-01-29 5.51 5.53 5.36 5.36
2007-02-06 5.41 5.42 5.27 5.27
2007-04-09 8.1 8.19 7.88 7.88
2007-04-12 8.29 8.3 8.06 8.06
2007-04-18 9.05 9.08 8.52 8.52
2007-04-20 9.29 9.39 8.56 8.56
2007-04-23 9.6 9.69 9.3 9.3
2007-04-26 9.52 9.62 9.35 9.35
2007-05-08 10.4 10.4 9.61 9.61
2007-05-29 12.34 12.56 11.5 11.5
2007-06-05 9.69 9.71 8.74 8.74
2007-07-13 8.34 8.49 8.27 8.27
2007-07-31 10.24 10.31 9.68 9.68
2008-05-21 6.36 6.38 6.11 6.11
2008-11-10 3.0 3.0 2.81 2.81
2008-11-13 3.1 3.14 2.96 2.96
2008-11-17 3.5 3.51 3.2 3.2
2009-01-14 3.18 3.18 3.1 3.1
2009-01-22 3.25 3.27 3.22 3.22
2009-02-02 3.3 3.3 3.23 3.23
2009-02-06 3.53 3.54 3.38 3.38
2009-02-16 4.36 4.36 3.96 3.96
2009-04-30 4.48 4.55 4.41 4.41
2009-05-04 4.59 4.63 4.49 4.49
2009-06-24 5.12 5.24 5.02 5.02
2009-07-07 5.75 5.88 5.36 5.36
2010-03-08 5.85 5.88 5.81 5.81
2010-03-22 5.91 5.91 5.8 5.8
2010-08-02 4.55 4.56 4.41 4.41
2011-02-16 4.12 4.14 4.07 4.07
2011-04-21 5.2 5.27 4.92 4.92
2011-05-30 5.76 5.85 5.35 5.35
2011-09-26 4.53 4.6 4.51 4.51
2011-11-23 5.25 5.32 5.11 5.11
2012-03-02 4.97 5.0 4.94 4.94
2012-06-13 5.44 5.57 5.22 5.22
2012-06-14 5.52 5.64 5.42 5.42
2012-06-25 5.4 5.53 5.35 5.35
2012-08-16 5.07 5.11 5.02 5.02
2012-08-21 5.15 5.21 5.08 5.08
2012-10-11 4.74 4.83 4.68 4.68
2013-01-28 4.67 4.68 4.6 4.6
2013-04-01 4.57 4.58 4.52 4.52
2013-05-07 4.51 4.52 4.47 4.47
2013-05-08 4.57 4.58 4.52 4.52
2014-01-23 4.7 4.86 4.58 4.58
2014-06-30 4.37 4.37 4.34 4.34
2014-08-18 4.62 4.63 4.59 4.59
2014-09-25 5.0 5.09 4.96 4.96
2014-09-26 5.05 5.12 4.99 4.99
2015-05-12 28.06 28.06 25.84 25.84
2015-07-09 17.15 17.15 15.59 15.59
2016-02-02 9.89 10.02 9.51 9.51
2016-02-16 10.31 10.46 9.92 9.92
2016-05-03 11.14 11.18 10.77 10.77
