2002-10-22 12.01 12.07 11.7 11.7
2003-05-26 9.78 9.87 9.72 9.72
2003-09-01 8.12 8.15 7.82 7.82
2003-09-04 8.09 8.12 8.03 8.03
2003-10-22 7.28 7.38 7.06 7.06
2003-11-24 7.03 7.08 6.75 6.75
2004-01-02 7.58 7.65 7.39 7.39
2004-01-05 7.85 7.89 7.5 7.5
2004-02-17 8.88 8.98 8.78 8.78
2004-03-12 8.13 8.2 8.07 8.07
2004-03-30 8.3 8.3 8.16 8.16
2004-04-02 8.58 8.63 8.3 8.3
2004-04-12 8.63 8.67 8.18 8.18
2004-06-15 6.8 6.83 6.57 6.57
2004-07-06 6.95 7.07 6.95 6.95
2004-07-29 6.98 6.99 6.82 6.82
2004-08-17 6.69 6.78 6.52 6.52
2004-08-18 6.68 6.74 6.66 6.66
2004-08-31 6.45 6.6 6.31 6.31
2004-09-02 6.38 6.38 6.23 6.23
2004-09-09 6.23 6.33 6.21 6.21
2004-09-14 6.09 6.15 5.9 5.9
2004-11-08 7.04 7.04 6.8 6.8
2004-11-30 6.91 6.95 6.85 6.85
2004-12-01 6.88 6.97 6.85 6.85
2004-12-08 7.13 7.2 6.98 6.98
2004-12-14 6.8 6.9 6.8 6.8
2004-12-29 6.64 6.72 6.61 6.61
2005-01-05 6.38 6.43 6.26 6.26
2005-01-10 6.43 6.46 6.35 6.35
2005-01-13 6.38 6.44 6.35 6.35
2005-03-11 6.65 6.73 6.58 6.58
2005-03-21 6.14 6.18 6.03 6.03
2005-05-13 4.58 4.63 4.53 4.53
2005-05-17 4.65 4.69 4.51 4.51
2005-05-25 4.63 4.67 4.52 4.52
2005-05-26 4.64 4.7 4.58 4.58
2005-05-30 4.65 4.65 4.52 4.52
2005-07-26 4.38 4.41 4.23 4.23
2005-07-28 4.41 4.52 4.4 4.4
2007-02-12 20.98 21.55 20.45 20.45
2007-04-20 23.09 23.34 21.67 21.67
2007-07-20 34.09 34.6 31.48 31.48
2007-07-26 34.66 35.61 34.36 34.36
2007-11-23 25.01 25.2 24.3 24.3
2007-12-03 25.05 25.1 23.6 23.6
2008-10-08 6.82 6.98 6.73 6.73
2008-11-07 6.21 6.3 5.7 5.7
2008-11-12 6.77 6.78 6.36 6.36
2009-10-14 20.12 20.4 19.95 19.95
2009-10-19 20.95 21.0 20.64 20.64
2009-10-23 20.76 20.97 20.59 20.59
2009-12-24 23.26 23.3 22.0 22.0
2010-04-28 27.65 28.38 27.16 27.16
2010-06-01 26.77 27.86 25.45 25.45
2010-06-09 27.77 28.15 27.45 27.45
2011-02-17 28.3 28.66 27.98 27.98
2011-03-18 34.19 34.68 33.57 33.57
2011-03-28 32.15 32.36 31.29 31.29
2011-04-01 30.26 30.28 29.05 29.05
2012-10-19 5.79 5.81 5.71 5.71
2012-10-25 5.73 5.91 5.69 5.69
2012-11-01 5.48 5.52 5.39 5.39
2013-05-10 5.66 5.75 5.35 5.35
2013-07-16 5.45 5.48 5.2 5.2
2014-02-17 8.76 9.1 8.55 8.55
2014-06-26 9.39 9.48 9.34 9.34
2014-08-15 11.48 11.53 11.11 11.11
2014-09-11 12.46 12.82 12.31 12.31
2014-09-12 13.15 13.17 12.5 12.5
2015-01-20 12.19 12.3 11.87 11.87
2015-03-19 17.84 17.9 17.15 17.15
2015-05-18 22.01 22.36 20.4 20.4
2015-07-22 22.9 22.9 21.2 21.2
2015-09-30 13.23 13.43 13.0 13.0
2015-10-08 14.27 14.4 13.65 13.65
2015-10-12 15.94 15.97 14.59 14.59
2015-12-03 18.67 18.69 17.93 17.93
2016-02-16 12.46 12.55 11.72 11.72
2016-04-13 12.78 13.05 12.71 12.71
2016-04-29 11.95 11.98 11.77 11.77
2016-05-23 10.76 10.84 10.66 10.66
2017-01-04 16.32 16.32 14.77 14.77
2017-03-07 17.36 17.67 17.16 17.16
