1993-06-25 25.9 27.4 25.3 25.3
1993-07-13 19.79 20.5 19.2 19.2
1993-08-19 21.49 22.0 21.0 21.0
1993-09-15 18.68 18.9 18.6 18.6
1993-09-21 19.15 19.3 18.75 18.75
1993-10-13 16.95 18.8 16.85 16.85
1993-10-15 16.95 16.99 16.9 16.9
1993-10-19 16.4 16.6 16.25 16.25
1993-11-12 17.65 18.4 17.21 17.21
1993-11-25 18.18 18.72 17.85 17.85
1993-12-06 18.19 18.75 17.8 17.8
1994-01-13 18.4 18.49 18.09 18.09
1994-02-02 16.04 16.1 15.5 15.5
1994-02-16 16.3 16.5 16.3 16.3
1994-02-18 15.98 16.24 15.9 15.9
1994-03-08 15.02 16.0 14.85 14.85
1994-03-31 14.55 14.74 14.5 14.5
1994-04-07 14.3 14.5 14.25 14.25
1994-04-21 11.2 11.33 10.03 10.03
1994-05-12 8.54 8.8 8.51 8.51
1994-05-24 8.38 8.55 8.34 8.34
1994-06-16 6.7 6.7 6.38 6.38
1994-06-22 6.72 6.87 6.53 6.53
1994-07-05 6.08 6.1 5.85 5.85
1994-07-07 6.0 6.04 5.85 5.85
1994-07-25 5.19 5.19 4.85 4.85
1994-08-05 11.0 11.5 8.1 8.1
1994-08-18 11.7 12.48 11.5 11.5
1994-08-31 13.58 13.8 12.6 12.6
1994-09-05 19.87 20.07 17.6 17.6
1994-10-12 16.48 16.96 16.22 16.22
1994-10-20 16.7 16.8 15.01 15.01
1994-10-27 15.95 15.99 15.45 15.45
1994-12-15 15.3 15.57 14.08 14.08
1995-01-25 12.7 12.85 12.6 12.6
1995-02-09 12.1 12.18 11.65 11.65
1995-02-22 12.95 13.09 11.77 11.77
1995-03-21 13.2 13.25 13.0 13.0
1995-03-30 14.0 14.49 13.1 13.1
1995-04-06 14.2 14.27 13.87 13.87
1995-05-17 12.6 12.62 12.25 12.25
1995-06-09 16.55 16.87 16.55 16.55
1995-06-13 16.4 16.8 16.3 16.3
1995-06-26 15.19 15.23 15.01 15.01
1995-07-04 14.21 14.3 14.11 14.11
1995-07-05 14.6 14.6 14.25 14.25
1995-07-17 15.68 15.8 14.51 14.51
1995-08-22 15.07 15.3 15.0 15.0
1995-09-04 14.19 14.28 14.01 14.01
1995-09-11 14.57 14.6 14.31 14.31
1995-09-29 13.28 13.45 13.2 13.2
1995-10-04 13.35 13.4 13.33 13.33
1995-10-13 12.8 13.88 12.4 12.4
1995-10-18 13.05 13.2 12.96 12.96
1995-11-06 13.35 13.4 13.12 13.12
1995-11-10 13.08 13.28 12.52 12.52
1995-11-17 12.75 12.8 12.56 12.56
1995-11-20 12.79 12.8 12.68 12.68
1995-11-22 12.63 12.87 12.55 12.55
1995-11-24 12.7 12.88 12.66 12.66
1995-12-01 12.62 12.77 12.48 12.48
1995-12-05 12.7 12.78 12.51 12.51
1995-12-11 12.35 12.65 12.05 12.05
1995-12-18 12.0 12.15 11.5 11.5
1995-12-19 12.01 12.17 11.98 11.98
1996-01-22 9.96 10.0 9.8 9.8
1996-01-25 9.93 10.2 9.92 9.92
1996-01-31 10.0 10.1 9.9 9.9
1996-02-01 10.1 10.15 9.9 9.9
1996-02-02 10.05 10.07 9.97 9.97
1996-02-07 10.0 10.1 9.9 9.9
1996-02-15 10.02 10.14 9.99 9.99
1996-02-16 10.43 10.5 10.1 10.1
1996-03-12 10.71 10.9 10.6 10.6
1996-03-13 10.63 11.0 10.6 10.6
1996-03-20 10.63 10.66 10.5 10.5
1996-03-21 10.66 10.74 10.66 10.66
1996-03-27 10.55 10.7 10.41 10.41
1996-03-28 10.53 10.6 10.45 10.45
1996-04-16 11.22 11.25 11.18 11.18
1996-04-22 11.52 11.98 11.18 11.18
1996-04-24 12.39 12.4 11.6 11.6
1996-04-26 13.9 14.1 12.5 12.5
1996-05-06 12.2 12.45 12.1 12.1
1996-05-28 11.6 11.7 11.35 11.35
1996-06-04 11.4 11.58 11.1 11.1
1996-06-12 11.7 12.1 11.2 11.2
1996-06-14 11.88 12.3 11.88 11.88
1996-06-27 12.6 14.0 12.2 12.2
1996-07-16 10.5 10.88 10.1 10.1
1996-07-19 11.55 11.55 10.42 10.42
1996-08-08 11.57 11.68 11.15 11.15
1996-08-27 9.73 9.79 9.49 9.49
1996-08-29 9.63 9.78 9.61 9.61
1996-08-30 10.06 10.1 9.51 9.51
1996-09-13 9.08 9.1 8.93 8.93
1996-09-17 9.12 9.16 9.0 9.0
1996-12-16 9.18 10.2 9.18 9.18
1996-12-26 8.66 8.74 8.43 8.43
1997-01-02 8.65 8.78 8.6 8.6
1997-01-07 8.49 8.68 8.2 8.2
1997-01-10 8.59 8.65 8.46 8.46
1997-01-15 8.49 8.5 8.39 8.39
1997-01-16 8.52 8.59 8.4 8.4
1997-01-29 8.65 8.65 8.51 8.51
1997-01-31 8.71 8.75 8.6 8.6
1997-02-19 9.2 9.2 8.55 8.55
1997-02-20 9.4 9.88 8.28 8.28
1997-03-10 10.04 10.15 9.84 9.84
1997-03-24 11.3 11.3 10.55 10.55
1997-03-28 10.78 11.18 10.7 10.7
1997-04-14 12.05 12.39 11.8 11.8
1997-05-27 10.1 10.65 9.9 9.9
1997-06-16 9.33 9.5 9.3 9.3
1997-06-20 9.5 9.5 9.22 9.22
1997-06-24 9.42 9.5 8.67 8.67
1997-06-25 9.6 9.75 9.4 9.4
1997-07-10 8.47 8.74 8.0 8.0
1997-07-18 7.44 7.5 7.15 7.15
1997-07-21 8.08 8.18 7.51 7.51
1997-08-18 7.68 7.87 7.38 7.38
1997-08-21 7.68 7.7 7.58 7.58
1997-09-24 7.2 7.2 6.81 6.81
1997-09-30 7.08 7.12 7.0 7.0
1997-10-08 7.5 7.57 7.29 7.29
1997-10-16 7.26 7.4 7.15 7.15
1997-11-05 7.21 7.25 7.1 7.1
1997-11-10 7.31 7.48 7.15 7.15
1997-12-01 7.0 7.07 7.0 7.0
1997-12-03 6.9 7.06 6.81 6.81
1997-12-26 7.03 7.06 6.9 6.9
1998-01-05 7.21 7.26 7.11 7.11
1998-01-23 7.98 7.98 7.69 7.69
1998-02-19 8.43 8.43 7.5 7.5
1998-03-04 8.25 8.3 8.12 8.12
1998-03-13 7.7 7.7 7.51 7.51
1998-03-17 7.61 7.7 7.56 7.56
1998-03-19 7.88 8.0 7.68 7.68
1998-04-02 8.43 8.78 8.28 8.28
1998-05-07 8.14 8.39 8.08 8.08
1998-05-11 8.4 8.7 8.35 8.35
1998-05-18 8.24 8.46 8.19 8.19
1998-05-27 8.7 8.94 8.6 8.6
1998-06-16 8.38 8.4 8.1 8.1
1998-06-19 8.65 8.65 8.33 8.33
1998-07-02 8.3 8.36 8.1 8.1
1998-07-08 8.15 8.29 8.12 8.12
1998-07-09 8.2 8.25 8.15 8.15
1998-07-15 8.07 8.18 8.0 8.0
1998-07-23 7.75 7.78 7.58 7.58
1998-07-30 8.17 8.18 7.9 7.9
1998-08-19 7.12 7.2 6.8 6.8
1998-08-27 7.72 7.86 7.38 7.38
1998-09-03 7.3 7.42 7.16 7.16
1998-09-04 7.35 7.45 7.28 7.28
1998-09-28 8.25 8.35 8.2 8.2
1998-09-30 8.6 8.8 8.4 8.4
1998-11-09 8.58 8.62 8.5 8.5
1998-11-13 8.7 8.85 8.57 8.57
1998-11-24 8.31 8.38 8.2 8.2
1998-11-30 8.32 8.38 8.15 8.15
1998-12-18 7.6 7.74 7.6 7.6
1999-01-06 7.2 7.23 7.07 7.07
1999-01-08 7.69 7.73 7.29 7.29
1999-02-01 7.23 7.37 7.08 7.08
1999-02-09 6.84 6.93 6.65 6.65
1999-04-14 8.09 8.2 7.75 7.75
1999-04-30 7.3 7.36 7.24 7.24
1999-05-06 7.31 7.45 7.2 7.2
1999-05-11 7.12 7.12 6.92 6.92
1999-05-18 6.84 7.02 6.78 6.78
1999-05-20 7.55 7.68 7.2 7.2
1999-06-14 8.58 8.6 8.31 8.31
1999-06-21 9.66 9.66 8.82 8.82
1999-07-14 8.58 8.58 7.82 7.82
1999-07-27 8.56 8.86 8.35 8.35
1999-07-29 8.59 8.78 8.45 8.45
1999-08-02 9.43 9.47 9.0 9.0
1999-08-17 8.72 8.99 8.6 8.6
1999-09-14 9.78 10.02 9.75 9.75
1999-09-20 9.53 9.72 9.4 9.4
1999-09-24 10.0 10.05 9.68 9.68
1999-11-08 8.43 8.57 8.3 8.3
1999-11-12 8.25 8.38 8.07 8.07
1999-11-17 8.58 8.64 8.18 8.18
1999-11-30 8.79 8.88 8.58 8.58
1999-12-02 8.94 9.07 8.85 8.85
1999-12-14 8.45 8.51 8.4 8.4
1999-12-15 8.64 8.8 8.4 8.4
1999-12-30 7.95 7.95 7.85 7.85
2000-01-06 8.35 8.38 8.04 8.04
2000-01-07 8.7 8.7 8.35 8.35
2000-02-18 8.8 8.87 8.5 8.5
2000-02-21 9.15 9.3 8.81 8.81
2000-03-03 9.78 10.15 9.4 9.4
2000-03-15 9.78 9.88 9.49 9.49
2000-03-17 9.52 9.55 9.12 9.12
2000-03-20 9.98 10.0 9.52 9.52
2000-03-27 11.44 11.9 11.21 11.21
2000-04-11 11.25 11.25 11.01 11.01
2000-04-21 12.12 12.43 11.35 11.35
2000-05-08 11.9 12.15 11.35 11.35
2000-05-18 10.83 10.85 10.38 10.38
2000-06-12 11.7 11.75 11.28 11.28
2000-06-16 11.98 12.3 11.6 11.6
2000-07-07 11.25 11.5 11.03 11.03
2000-07-19 11.18 11.2 11.0 11.0
2000-08-17 13.64 13.64 12.3 12.3
2000-09-07 12.56 12.8 12.41 12.41
2000-10-12 13.51 13.51 12.25 12.25
2000-10-27 13.06 13.3 13.03 13.03
2000-11-28 13.77 13.85 13.52 13.52
2000-12-01 13.96 14.08 13.65 13.65
2000-12-21 14.24 14.58 14.1 14.1
2000-12-22 14.73 14.95 14.35 14.35
2001-01-18 13.52 13.7 13.5 13.5
2001-01-19 13.64 13.7 13.6 13.6
2001-02-08 12.51 12.78 12.48 12.48
2001-02-09 12.7 12.82 12.58 12.58
2001-02-27 12.7 12.72 12.25 12.25
2001-03-02 12.45 12.54 12.3 12.3
2001-04-03 13.78 13.94 13.69 13.69
2001-04-05 13.7 13.7 13.5 13.5
2001-04-13 13.58 13.8 13.55 13.55
2001-04-27 14.54 15.05 14.4 14.4
2001-05-08 14.65 14.9 14.5 14.5
2001-05-14 15.72 16.0 15.5 15.5
2001-05-29 15.3 15.55 15.18 15.18
2001-05-30 15.68 15.68 15.3 15.3
2001-06-04 16.95 17.5 16.16 16.16
2001-06-06 17.32 17.98 17.2 17.2
2001-06-19 15.56 15.71 15.2 15.2
2001-07-12 15.35 15.42 15.32 15.32
2001-08-01 14.09 14.12 13.5 13.5
2001-08-07 14.52 14.6 13.98 13.98
2001-08-09 14.7 14.75 14.5 14.5
2001-08-15 14.93 14.96 14.67 14.67
2001-08-30 14.08 14.17 14.0 14.0
2001-08-31 14.03 14.2 14.0 14.0
2001-09-04 14.46 14.46 13.9 13.9
2001-09-10 14.47 14.5 13.8 13.8
2001-09-20 13.96 14.32 13.78 13.78
2001-09-28 13.17 13.5 13.1 13.1
2001-10-29 12.51 12.7 12.28 12.28
2001-11-01 12.61 12.7 12.48 12.48
2001-11-27 12.66 12.7 12.5 12.5
2001-12-06 12.79 12.92 12.72 12.72
2001-12-07 13.0 13.24 12.9 12.9
2001-12-31 11.88 11.98 11.77 11.77
2002-06-11 12.11 12.4 11.9 11.9
2004-02-02 7.62 7.68 7.43 7.43
2004-02-09 8.42 8.42 8.18 8.18
2004-02-27 8.38 8.48 8.28 8.28
2004-03-10 8.08 8.19 7.85 7.85
2004-03-19 8.38 8.42 8.19 8.19
2004-05-10 7.51 7.59 7.5 7.5
2004-06-02 7.82 7.98 7.63 7.63
2004-06-25 6.84 7.01 6.81 6.81
2004-07-05 7.12 7.13 6.96 6.96
2004-07-30 6.96 7.03 6.68 6.68
2004-08-04 7.02 7.15 6.8 6.8
2004-08-09 7.31 7.6 6.99 6.99
2004-08-16 6.78 6.9 6.72 6.72
2004-08-17 6.95 6.98 6.77 6.77
2004-08-18 7.04 7.26 6.93 6.93
2004-08-24 6.86 6.92 6.7 6.7
2004-08-26 6.86 6.96 6.83 6.83
2004-09-14 7.15 7.15 6.9 6.9
2004-10-13 7.69 7.77 7.5 7.5
2004-11-01 6.89 7.0 6.88 6.88
2004-11-03 6.99 7.02 6.89 6.89
2004-11-10 7.25 7.28 7.07 7.07
2004-11-19 7.73 7.8 7.53 7.53
2004-12-02 7.57 7.6 7.52 7.52
2004-12-09 7.64 7.7 7.56 7.56
2004-12-13 7.56 7.62 7.41 7.41
2004-12-17 7.49 7.65 7.48 7.48
2005-01-07 7.57 7.61 7.45 7.45
2005-01-17 7.99 8.0 7.76 7.76
2005-01-21 8.1 8.1 7.7 7.7
2005-01-26 8.01 8.08 8.0 8.0
2005-01-28 8.03 8.07 7.95 7.95
2005-02-04 8.49 8.5 8.21 8.21
2005-02-21 8.78 8.8 8.55 8.55
2005-03-03 8.4 8.4 8.26 8.26
2005-04-07 8.12 8.28 7.91 7.91
2005-04-13 8.14 8.42 7.95 7.95
2005-04-19 7.94 7.99 7.82 7.82
2005-04-26 7.8 7.81 7.6 7.6
2005-04-29 8.03 8.18 8.01 8.01
2005-05-24 7.9 7.93 7.75 7.75
2005-05-25 7.86 7.95 7.8 7.8
2005-06-08 7.57 7.6 7.0 7.0
2005-06-24 7.7 7.8 7.35 7.35
2005-07-06 7.18 7.5 7.16 7.16
2005-07-19 6.87 6.89 6.77 6.77
2005-07-26 7.09 7.1 6.93 6.93
2005-08-03 7.17 7.22 7.05 7.05
2005-08-05 7.3 7.31 7.08 7.08
2005-08-08 7.41 7.48 7.31 7.31
2005-08-16 8.84 9.18 8.33 8.33
2005-08-24 9.03 9.1 8.55 8.55
2005-09-05 9.11 9.15 8.9 8.9
2005-09-15 8.82 8.87 8.67 8.67
2005-09-16 8.9 9.08 8.85 8.85
2005-09-28 8.04 8.25 7.98 7.98
2005-09-29 8.49 8.53 8.06 8.06
2005-10-12 8.65 8.81 8.4 8.4
2005-10-17 8.26 8.43 8.2 8.2
2005-11-02 8.34 8.38 8.21 8.21
2005-11-14 8.11 8.15 7.95 7.95
2005-11-30 8.1 8.15 8.05 8.05
2005-12-14 7.88 8.39 7.75 7.75
2005-12-29 8.5 8.65 8.18 8.18
2006-01-04 8.72 8.73 8.35 8.35
2006-10-31 7.86 7.91 7.53 7.53
2006-11-27 8.69 8.84 8.21 8.21
2006-12-04 8.75 8.9 8.55 8.55
2006-12-11 8.24 8.25 7.86 7.86
2006-12-27 8.45 8.5 8.36 8.36
2007-01-05 8.74 8.81 8.3 8.3
2007-01-08 9.06 9.1 8.74 8.74
2007-01-15 9.31 9.32 8.87 8.87
2007-02-14 12.32 12.32 11.0 11.0
2007-02-28 11.99 12.17 11.25 11.25
2007-04-05 14.1 14.1 12.97 12.97
2007-04-10 15.72 16.0 14.61 14.61
2007-04-20 16.31 16.54 15.79 15.79
2007-05-22 18.29 18.59 18.06 18.06
2007-06-07 15.91 15.92 14.5 14.5
2007-06-12 17.47 17.57 16.5 16.5
2007-07-20 15.08 15.15 14.55 14.55
2007-07-23 15.7 16.0 15.12 15.12
2007-07-25 16.19 16.25 15.77 15.77
2007-08-30 17.08 17.18 16.31 16.31
2007-09-03 17.95 17.99 17.11 17.11
2007-11-07 14.47 14.62 14.29 14.29
2007-11-09 14.82 15.28 14.2 14.2
2007-11-19 16.01 16.14 15.75 15.75
2007-11-23 15.69 15.7 15.1 15.1
2007-11-28 15.73 15.83 15.39 15.39
2007-12-07 16.76 16.9 16.45 16.45
2007-12-20 17.19 17.4 16.9 16.9
2007-12-21 17.45 17.48 17.0 17.0
2008-01-29 14.65 14.76 14.23 14.23
2008-02-04 15.55 15.59 14.56 14.56
2008-02-13 15.49 15.5 15.0 15.0
2008-03-20 13.46 13.67 12.0 12.0
2008-04-11 12.07 12.23 12.0 12.0
2008-04-30 12.77 12.84 12.36 12.36
2008-05-27 11.1 11.21 10.95 10.95
2008-05-28 11.51 11.6 11.11 11.11
2008-06-05 11.64 11.84 11.37 11.37
2008-06-11 11.04 11.24 10.7 10.7
2008-06-24 8.24 8.29 7.98 7.98
2008-06-25 8.6 8.65 8.21 8.21
2008-06-30 8.39 8.57 8.15 8.15
2008-07-04 8.8 8.81 8.48 8.48
2008-07-18 9.17 9.18 8.55 8.55
2008-08-01 9.75 9.78 9.27 9.27
2008-08-29 10.62 10.95 10.0 10.0
2008-09-04 10.28 10.47 9.75 9.75
2008-11-19 8.67 8.76 7.82 7.82
2008-12-01 8.59 8.63 7.98 7.98
2009-01-14 9.05 9.09 8.73 8.73
2009-02-06 10.08 10.15 9.72 9.72
2009-02-13 11.8 12.08 11.6 11.6
2009-03-04 10.54 10.6 9.9 9.9
2009-03-26 11.97 12.25 11.62 11.62
2009-05-25 13.01 13.18 12.5 12.5
2009-06-18 13.66 13.81 13.49 13.49
2009-07-10 13.71 13.88 13.63 13.63
2009-07-22 13.74 13.84 13.63 13.63
2009-07-24 14.6 14.6 13.83 13.83
2009-08-20 11.94 12.0 11.63 11.63
2009-09-10 12.22 12.51 12.2 12.2
2009-09-16 13.36 13.56 13.18 13.18
2009-12-07 15.02 15.09 14.86 14.86
2009-12-16 15.46 15.59 15.21 15.21
2009-12-21 14.56 14.68 14.19 14.19
2009-12-28 14.94 15.05 14.75 14.75
2010-03-08 17.36 17.43 16.83 16.83
2010-03-15 16.69 16.85 16.43 16.43
2010-04-26 17.06 17.15 16.42 16.42
2010-05-26 12.24 12.4 11.88 11.88
2010-07-20 10.98 11.02 10.57 10.57
2010-08-26 11.71 11.82 11.61 11.61
2010-09-13 12.19 12.23 11.87 11.87
2010-10-08 11.32 11.36 11.07 11.07
2010-10-19 12.09 12.2 11.68 11.68
2010-11-18 11.68 11.78 11.5 11.5
2010-11-25 11.93 11.98 11.45 11.45
2010-12-13 12.31 12.32 11.91 11.91
2011-01-06 11.38 11.51 11.3 11.3
2011-02-01 11.32 11.35 10.7 10.7
2011-02-23 11.49 11.7 11.3 11.3
2011-03-07 12.04 12.09 11.86 11.86
2011-03-14 11.79 11.85 11.58 11.58
2011-04-13 12.57 12.68 11.9 11.9
2011-06-03 10.17 10.2 10.08 10.08
2011-07-04 10.32 10.33 10.15 10.15
2011-07-05 10.45 10.47 10.38 10.38
2011-11-11 9.54 9.64 9.22 9.22
2011-11-28 9.77 9.8 9.46 9.46
2011-11-29 9.9 9.97 9.84 9.84
2011-12-26 8.54 8.59 8.5 8.5
2011-12-29 8.31 8.36 8.23 8.23
2012-01-10 8.05 8.16 7.7 7.7
2012-01-12 8.0 8.13 7.9 7.9
2012-02-27 8.48 8.65 8.45 8.45
2012-03-13 8.64 8.68 8.51 8.51
2012-04-05 7.62 7.64 7.44 7.44
2012-04-10 7.7 7.72 7.51 7.51
2012-04-12 7.92 7.95 7.69 7.69
2012-05-28 8.18 8.2 7.9 7.9
2012-06-11 7.88 7.9 7.76 7.76
2012-06-18 7.93 7.97 7.87 7.87
2012-07-04 7.9 7.91 7.81 7.81
2012-07-17 6.84 6.9 6.72 6.72
2012-08-01 6.74 6.86 6.61 6.61
2012-08-20 6.72 6.74 6.64 6.64
2012-08-21 6.77 6.8 6.7 6.7
2012-09-11 6.93 6.93 6.73 6.73
2012-09-28 6.38 6.41 6.26 6.26
2012-10-09 6.48 6.49 6.32 6.32
2012-10-30 6.61 6.64 6.5 6.5
2012-11-07 6.61 6.69 6.58 6.58
2012-12-05 6.02 6.08 5.81 5.81
2012-12-13 6.73 6.73 6.3 6.3
2012-12-25 6.68 6.69 6.45 6.45
2013-01-14 6.83 6.83 6.61 6.61
2013-01-28 6.95 6.95 6.82 6.82
2013-01-29 7.05 7.13 6.97 6.97
2013-03-05 6.83 6.84 6.68 6.68
2013-03-08 7.0 7.12 6.96 6.96
2013-03-18 6.72 6.78 6.69 6.69
2013-03-19 6.91 6.92 6.68 6.68
2013-03-25 7.33 7.41 7.21 7.21
2013-04-09 6.73 6.75 6.65 6.65
2013-05-15 6.7 6.7 6.61 6.61
2013-06-05 7.15 7.36 7.1 7.1
2013-06-14 6.87 6.98 6.8 6.8
2013-07-08 6.4 6.67 6.35 6.35
2013-08-23 7.39 7.39 7.06 7.06
2013-08-27 8.94 8.94 8.94 8.94
2013-08-28 9.83 9.83 9.83 9.83
2013-08-29 10.81 10.81 10.81 10.81
2013-08-30 11.89 11.89 11.89 11.89
2013-10-11 12.49 12.49 11.35 11.35
2013-11-12 9.76 9.78 9.5 9.5
2013-12-06 10.54 10.68 10.44 10.44
2013-12-09 10.67 10.77 10.57 10.57
2013-12-20 9.85 10.1 9.75 9.75
2014-01-09 8.86 9.25 8.78 8.78
2014-01-14 8.9 8.91 8.72 8.72
2014-01-21 8.66 8.68 8.47 8.47
2014-02-12 11.5 11.78 10.93 10.93
2014-02-17 11.3 11.61 11.23 11.23
2014-03-21 10.61 10.64 9.9 9.9
2014-03-27 11.02 11.3 10.85 10.85
2014-04-10 10.66 10.79 10.39 10.39
2014-06-26 8.89 8.94 8.71 8.71
2014-07-14 9.22 9.23 9.11 9.11
2014-08-22 9.99 10.01 9.73 9.73
2014-09-04 10.25 10.33 9.99 9.99
2014-09-12 10.3 10.32 10.12 10.12
2014-09-23 11.03 11.09 10.87 10.87
2014-10-16 10.9 11.02 10.79 10.79
2014-10-22 10.67 10.73 10.59 10.59
2014-10-29 12.24 12.45 11.2 11.2
2014-12-15 18.17 18.19 16.81 16.81
2015-01-15 16.18 16.35 15.94 15.94
2015-01-21 16.15 16.35 15.55 15.55
2015-01-23 16.99 17.45 16.86 16.86
2015-02-27 16.96 17.13 16.73 16.73
2015-04-02 19.0 19.15 18.4 18.4
2015-04-10 18.67 18.73 18.38 18.38
2015-04-29 21.48 21.72 20.8 20.8
2015-05-22 27.49 27.49 27.49 27.49
2015-07-08 11.28 11.28 11.28 11.28
2015-07-09 12.41 12.41 10.3 10.3
2015-08-07 18.59 18.7 17.45 17.45
2015-08-27 18.55 18.55 17.45 17.45
2015-09-02 21.23 21.27 17.81 17.81
2016-01-05 42.98 44.89 38.0 38.0
2016-02-02 28.71 28.87 27.5 27.5
2016-02-05 31.98 32.57 29.01 29.01
2016-02-23 35.39 35.78 34.13 34.13
2016-03-07 34.0 35.23 33.59 33.59
2016-03-14 35.29 35.72 34.35 34.35
2016-03-21 39.5 41.4 38.39 38.39
2016-04-28 35.27 35.96 35.0 35.0
2016-05-04 36.96 37.59 35.96 35.96
2016-05-31 32.55 32.65 31.2 31.2
2016-06-08 34.33 34.5 33.15 33.15
2016-07-21 31.0 31.98 29.6 29.6
2016-07-25 29.97 30.3 29.8 29.8
2016-09-19 25.72 25.88 25.45 25.45
2016-10-25 26.73 27.4 24.95 24.95
2016-11-14 26.22 26.49 25.68 25.68
2016-12-21 22.97 23.36 22.83 22.83
2017-01-23 21.62 21.84 21.47 21.47
2017-01-25 21.44 21.54 21.3 21.3
2017-01-26 21.53 21.68 21.46 21.46
2017-02-06 21.85 21.88 21.4 21.4
2017-02-15 24.52 24.52 22.39 22.39
2017-03-16 22.91 23.08 22.67 22.67
2017-03-27 22.91 23.38 22.48 22.48
2017-05-09 18.51 18.59 18.12 18.12
2017-06-15 18.68 19.26 17.9 17.9
2017-06-29 17.75 17.92 17.6 17.6
2017-07-18 15.98 16.02 15.67 15.67
2017-08-01 17.49 17.81 16.75 16.75
2017-08-14 16.67 16.72 16.4 16.4
2017-08-15 16.74 16.86 16.63 16.63
