1996-11-28 13.25 13.47 12.93 12.93
1996-12-02 15.0 15.3 14.3 14.3
1996-12-04 15.98 16.1 15.0 15.0
1996-12-16 13.32 13.32 13.32 13.32
1996-12-17 11.99 12.87 11.99 11.99
1996-12-18 13.19 13.19 11.1 11.1
1996-12-25 13.3 13.55 11.86 11.86
1997-01-06 14.03 14.34 13.88 13.88
1997-01-31 16.13 16.19 15.9 15.9
1997-02-20 14.88 15.05 13.69 13.69
1997-02-25 15.69 15.99 15.2 15.2
1997-02-26 16.0 16.23 15.4 15.4
1997-03-06 16.55 16.82 16.0 16.0
1997-03-17 18.79 19.2 18.0 18.0
1997-04-03 20.8 20.9 20.1 20.1
1997-05-15 14.59 14.79 14.0 14.0
1997-05-20 13.58 13.7 13.01 13.01
1997-05-22 11.88 12.39 11.88 11.88
1997-05-27 12.47 12.5 12.25 12.25
1997-05-30 12.4 12.45 12.15 12.15
1997-06-02 13.15 13.15 12.5 12.5
1997-06-04 13.35 13.53 13.0 13.0
1997-06-12 11.59 11.8 11.3 11.3
1997-06-13 12.51 12.63 10.61 10.61
1997-06-20 12.5 12.54 12.15 12.15
1997-07-10 10.39 10.59 10.1 10.1
1997-07-11 10.64 10.8 10.3 10.3
1997-07-29 11.3 11.56 11.1 11.1
1997-08-14 12.2 12.2 11.8 11.8
1997-08-19 10.87 10.98 10.7 10.7
1997-08-20 10.2 10.29 9.78 9.78
1997-08-28 10.87 10.95 10.8 10.8
1997-09-02 10.88 10.98 10.85 10.85
1997-09-04 11.81 11.9 11.18 11.18
1997-09-08 12.51 12.78 12.45 12.45
1997-09-10 12.19 12.3 11.88 11.88
1997-09-16 12.25 12.5 11.6 11.6
1997-09-25 12.17 12.49 12.0 12.0
1997-10-15 12.0 12.15 11.8 11.8
1997-11-03 13.7 13.85 13.45 13.45
1997-11-25 11.65 11.78 11.3 11.3
1997-11-28 11.87 11.9 11.4 11.4
1997-12-03 11.62 11.88 11.6 11.6
1997-12-04 11.98 12.2 11.6 11.6
1998-01-14 11.52 11.79 11.2 11.2
1998-01-22 11.32 11.44 11.3 11.3
1998-02-10 11.68 11.86 11.5 11.5
1998-02-24 11.15 11.3 11.06 11.06
1998-03-04 10.9 10.94 10.6 10.6
1998-03-16 10.79 10.98 10.3 10.3
1998-03-18 10.63 10.8 10.61 10.61
1998-03-20 10.43 10.44 10.3 10.3
1998-04-06 12.05 12.45 11.6 11.6
1998-04-22 12.1 12.51 12.0 12.0
1998-05-05 12.85 13.1 12.8 12.8
1998-05-08 12.78 12.78 12.2 12.2
1998-05-12 12.8 12.85 12.48 12.48
1998-05-18 13.65 13.67 13.13 13.13
1998-06-05 14.88 14.96 14.6 14.6
1998-06-09 14.78 15.0 14.53 14.53
1998-06-24 16.38 16.4 16.0 16.0
1998-08-06 14.73 14.73 14.15 14.15
1998-08-13 12.65 12.7 12.48 12.48
1998-08-18 11.99 12.08 10.8 10.8
1998-08-25 13.44 13.44 13.1 13.1
1998-09-02 12.4 12.5 12.22 12.22
1998-09-04 12.64 12.75 12.6 12.6
1998-10-08 13.11 13.29 12.8 12.8
1998-12-04 11.92 12.09 11.69 11.69
1998-12-22 11.81 11.82 11.56 11.56
1998-12-24 11.8 11.9 11.66 11.66
1998-12-25 11.8 11.95 11.72 11.72
1999-01-08 11.62 11.62 11.4 11.4
1999-01-21 11.62 11.68 11.02 11.02
1999-02-08 11.0 11.0 10.59 10.59
1999-03-08 11.36 11.48 11.32 11.32
1999-03-29 11.02 11.27 10.95 10.95
1999-04-13 11.11 11.27 10.88 10.88
1999-04-29 10.26 10.28 10.1 10.1
1999-05-11 10.16 10.18 9.9 9.9
1999-05-19 9.5 9.54 9.11 9.11
1999-06-02 10.85 11.18 10.41 10.41
1999-06-04 10.75 10.96 10.4 10.4
1999-06-21 13.65 13.85 13.01 13.01
1999-07-14 12.72 12.75 12.3 12.3
1999-07-20 12.71 12.73 12.0 12.0
1999-09-07 9.36 9.46 9.28 9.28
1999-09-09 9.8 9.85 9.45 9.45
1999-09-14 10.18 10.23 9.9 9.9
1999-09-24 9.55 9.7 9.48 9.48
1999-09-29 9.45 9.58 9.41 9.41
1999-10-15 9.32 9.34 9.05 9.05
1999-10-20 8.62 8.7 8.4 8.4
1999-11-23 8.7 8.77 8.56 8.56
1999-12-09 8.83 8.87 8.81 8.81
2000-01-05 8.85 9.1 8.68 8.68
2000-01-18 8.77 8.9 8.62 8.62
2000-02-14 9.5 9.5 8.91 8.91
2000-02-18 9.5 9.68 9.08 9.08
2000-02-24 9.8 9.83 9.2 9.2
2000-03-03 11.78 11.99 11.25 11.25
2000-03-08 11.65 11.7 11.35 11.35
2000-03-15 10.7 10.9 10.5 10.5
2000-03-27 11.64 11.64 11.08 11.08
2000-04-03 12.75 12.75 12.0 12.0
2000-04-28 11.86 11.88 11.7 11.7
2000-05-16 10.81 10.85 10.45 10.45
2000-05-24 11.34 11.4 11.2 11.2
2000-05-25 11.58 11.63 11.33 11.33
2000-06-13 11.5 11.5 11.32 11.32
2000-06-21 11.55 11.6 11.4 11.4
2000-06-26 11.81 11.86 11.68 11.68
2000-07-07 11.6 11.8 11.37 11.37
2000-07-11 11.9 11.99 11.68 11.68
2000-07-25 12.1 12.2 12.0 12.0
2000-08-01 11.95 12.0 11.85 11.85
2000-08-14 12.76 12.79 12.5 12.5
2000-08-21 13.46 13.85 13.3 13.3
2000-09-07 12.28 12.45 12.01 12.01
2000-09-26 11.33 11.35 11.2 11.2
2000-09-27 11.41 11.45 11.33 11.33
2000-10-12 12.09 12.19 11.81 11.81
2000-10-18 12.23 12.35 12.05 12.05
2000-10-20 12.27 12.3 12.13 12.13
2000-10-30 12.45 12.5 12.28 12.28
2000-11-01 12.22 12.25 12.12 12.12
2000-11-02 12.24 12.45 12.14 12.14
2000-11-28 13.3 13.6 13.22 13.22
2000-12-21 13.39 13.5 13.2 13.2
2000-12-25 13.53 13.58 13.28 13.28
2000-12-29 13.43 13.5 13.2 13.2
2001-02-14 12.96 13.04 12.82 12.82
2001-02-27 13.16 13.23 12.92 12.92
2001-03-02 13.3 13.36 13.21 13.21
2001-03-06 13.6 13.65 13.3 13.3
2001-03-14 13.69 13.72 13.5 13.5
2001-03-26 13.68 13.7 13.45 13.45
2001-05-08 14.17 14.18 13.91 13.91
2001-05-16 14.62 14.76 14.52 14.52
2001-05-18 14.52 14.52 14.38 14.38
2001-06-12 14.95 14.98 14.76 14.76
2001-06-21 14.55 14.57 14.26 14.26
2001-07-09 15.08 15.1 14.9 14.9
2001-07-10 15.27 15.28 15.09 15.09
2001-08-01 14.15 14.18 13.59 13.59
2001-08-10 14.01 14.1 13.85 13.85
2001-08-21 14.03 14.1 13.94 13.94
2001-09-05 12.86 13.03 12.7 12.7
2001-09-18 12.58 12.7 12.48 12.48
2001-10-29 11.29 11.36 11.14 11.14
2001-10-30 11.4 11.45 11.22 11.22
2001-11-14 10.41 10.55 10.4 10.4
2001-11-20 11.21 11.24 10.98 10.98
2001-11-27 11.43 11.55 11.21 11.21
2001-11-28 11.57 11.62 11.4 11.4
2001-11-29 11.59 11.68 11.54 11.54
2001-12-03 11.93 12.01 11.71 11.71
2001-12-04 12.0 12.08 11.95 11.95
2001-12-18 12.04 12.05 11.7 11.7
2001-12-21 11.85 11.85 11.62 11.62
2002-01-31 11.56 11.59 10.67 10.67
2002-02-25 12.0 12.03 11.7 11.7
2002-03-05 12.44 12.61 12.16 12.16
2002-03-07 12.76 12.77 12.44 12.44
2002-03-19 12.61 12.68 12.4 12.4
2002-04-05 14.24 14.3 13.9 13.9
2002-04-08 14.54 14.69 14.26 14.26
2002-04-17 14.4 14.4 14.13 14.13
2002-04-23 14.8 14.88 14.46 14.46
2002-04-25 14.76 14.85 14.65 14.65
2002-05-27 14.95 15.1 14.3 14.3
2002-05-31 14.76 14.89 14.65 14.65
2002-06-04 15.03 15.05 14.6 14.6
2002-06-13 15.1 15.28 14.95 14.95
2002-06-18 15.72 15.95 15.7 15.7
2002-06-21 15.93 16.05 15.67 15.67
2002-07-05 16.39 16.5 16.22 16.22
2002-07-08 16.74 16.88 15.99 15.99
2002-07-11 16.84 16.98 16.8 16.8
2002-07-12 17.24 17.66 16.95 16.95
2002-07-26 14.87 15.05 14.68 14.68
2002-08-07 14.91 15.0 14.71 14.71
2002-08-19 14.39 14.55 13.93 13.93
2002-08-20 14.51 14.65 14.26 14.26
2002-08-21 14.94 15.08 14.6 14.6
2002-08-22 15.48 15.5 14.95 14.95
2002-08-29 15.02 15.13 14.95 14.95
2002-09-03 15.05 15.25 14.98 14.98
2002-09-13 14.88 14.92 14.61 14.61
2002-10-11 14.09 14.2 13.9 13.9
2002-10-15 13.97 14.06 13.82 13.82
2002-10-30 13.5 13.59 13.15 13.15
2002-11-05 13.93 14.01 13.51 13.51
2002-11-07 13.96 14.26 13.7 13.7
2002-12-18 11.53 11.8 11.46 11.46
2002-12-26 11.24 11.44 11.15 11.15
2003-02-10 12.78 13.05 12.65 12.65
2003-03-20 12.9 13.22 12.6 12.6
2003-03-21 13.25 13.28 12.9 12.9
2003-03-31 13.53 13.8 13.41 13.41
2003-04-03 13.88 14.07 13.68 13.68
2003-04-08 13.88 13.92 13.65 13.65
2003-04-15 14.78 15.1 14.1 14.1
2003-05-15 13.68 13.73 13.05 13.05
2003-05-19 13.84 13.95 13.6 13.6
2003-06-03 13.42 13.6 13.4 13.4
2003-06-10 13.1 13.22 13.01 13.01
2003-07-15 12.54 12.65 12.46 12.46
2003-07-21 11.67 12.09 11.59 11.59
2003-08-08 11.95 12.0 11.85 11.85
2003-08-18 6.24 6.28 6.1 6.1
2003-08-19 6.3 6.32 6.24 6.24
2003-08-27 6.05 6.11 6.0 6.0
2003-10-31 4.61 4.75 4.55 4.55
2003-11-04 5.08 5.08 4.62 4.62
2003-12-01 6.12 6.15 5.92 5.92
2003-12-02 6.2 6.45 6.15 6.15
2004-01-08 6.02 6.08 5.69 5.69
2004-01-12 6.41 6.41 5.85 5.85
2004-02-09 9.08 9.08 8.21 8.21
2004-03-09 8.15 8.49 7.99 7.99
2004-03-12 8.47 8.59 8.36 8.36
2004-03-19 9.01 9.05 8.43 8.43
2004-03-30 8.67 8.68 8.5 8.5
2004-04-06 9.6 9.6 8.78 8.78
2004-04-16 8.4 8.85 8.18 8.18
2004-07-12 7.14 7.16 6.78 6.78
2004-08-31 5.48 5.56 5.35 5.35
2004-09-14 5.36 5.45 5.21 5.21
2004-09-17 6.1 6.14 5.92 5.92
2004-11-05 5.68 5.92 5.5 5.5
2004-12-01 6.23 6.48 6.09 6.09
2005-02-02 5.61 5.62 5.3 5.3
2005-02-25 5.9 6.05 5.8 5.8
2005-03-03 5.99 5.99 5.82 5.82
2005-04-13 5.5 5.55 5.4 5.4
2005-05-24 4.13 4.19 3.98 3.98
2005-05-25 4.12 4.18 4.1 4.1
2005-06-02 3.94 4.0 3.91 3.91
2005-06-07 3.68 3.92 3.6 3.6
2005-06-08 4.01 4.03 3.61 3.61
2005-07-14 3.01 3.09 2.98 2.98
2005-07-22 2.84 2.9 2.75 2.75
2005-07-29 3.18 3.19 3.02 3.02
2005-08-30 3.73 3.92 3.57 3.57
2005-08-31 4.08 4.1 3.75 3.75
2005-09-12 3.91 3.94 3.83 3.83
2005-09-16 4.24 4.35 4.2 4.2
2005-11-15 3.97 4.02 3.88 3.88
2005-11-24 4.12 4.2 4.03 4.03
2005-12-06 3.7 3.77 3.68 3.68
2005-12-20 3.92 3.94 3.82 3.82
2005-12-26 3.89 3.91 3.85 3.85
2005-12-28 3.88 3.89 3.84 3.84
2006-11-09 4.82 4.85 4.69 4.69
2006-12-11 4.7 4.74 4.49 4.49
2007-01-15 5.34 5.35 5.08 5.08
2007-01-22 6.03 6.05 5.75 5.75
2007-02-12 6.1 6.2 6.02 6.02
2007-03-07 7.01 7.04 6.36 6.36
2007-03-12 7.12 7.24 6.83 6.83
2007-04-20 9.07 9.18 8.6 8.6
2007-04-23 9.98 9.98 9.23 9.23
2007-05-25 15.05 15.16 14.22 14.22
2007-06-05 12.38 12.38 12.38 12.38
2007-06-21 16.23 16.5 15.5 15.5
2007-07-23 9.96 9.96 9.07 9.07
2007-07-25 10.24 10.3 9.75 9.75
2007-08-14 11.29 11.49 10.85 10.85
2007-09-03 12.03 12.09 11.66 11.66
2007-10-15 10.17 10.39 10.0 10.0
2007-10-26 7.99 8.1 7.65 7.65
2007-11-23 8.58 8.59 8.23 8.23
2007-12-19 9.78 9.94 9.51 9.51
2008-01-02 11.91 11.91 10.93 10.93
2008-02-19 10.41 10.67 10.25 10.25
2008-03-06 11.0 11.2 10.85 10.85
2008-03-31 8.41 8.55 8.0 8.0
2008-04-30 7.06 7.08 6.77 6.77
2008-05-08 7.2 7.25 6.71 6.71
2008-07-23 5.69 5.83 5.61 5.61
2008-07-28 6.01 6.05 5.74 5.74
2008-08-29 4.01 4.05 3.77 3.77
2008-09-01 4.41 4.41 4.41 4.41
2008-11-05 2.87 2.92 2.73 2.73
2008-11-10 3.03 3.04 2.86 2.86
2008-11-19 3.56 3.56 3.31 3.31
2008-12-03 3.75 3.8 3.6 3.6
2008-12-10 4.03 4.12 3.83 3.83
2009-02-06 4.53 4.59 4.34 4.34
2009-02-12 5.09 5.15 4.78 4.78
2009-02-23 5.1 5.18 4.78 4.78
2009-03-23 5.15 5.33 5.02 5.02
2009-04-15 6.69 6.69 6.1 6.1
2009-07-10 6.37 6.53 6.36 6.36
2009-08-03 6.65 6.66 6.47 6.47
2009-08-18 5.8 5.9 5.6 5.6
2009-08-26 6.11 6.22 5.7 5.7
2009-09-03 6.48 6.5 6.1 6.1
2009-10-09 6.4 6.45 6.21 6.21
2009-10-19 6.53 6.58 6.36 6.36
2009-10-30 6.64 6.73 6.62 6.62
2009-12-23 7.62 7.72 7.15 7.15
2009-12-28 8.1 8.13 7.8 7.8
2010-01-25 8.64 8.86 8.5 8.5
2010-01-28 8.3 8.33 8.03 8.03
2010-02-11 8.11 8.35 8.02 8.02
2010-03-10 9.81 9.81 9.11 9.11
2010-03-16 9.07 9.13 8.77 8.77
2010-03-19 10.27 10.27 9.25 9.25
2010-03-26 10.04 10.11 9.7 9.7
2010-04-09 10.26 10.35 10.07 10.07
2010-05-05 8.28 8.29 7.88 7.88
2010-05-14 7.6 7.71 7.51 7.51
2010-06-08 7.85 7.85 7.82 7.82
2010-07-06 6.89 6.91 6.66 6.66
2010-07-16 7.0 7.05 6.85 6.85
2010-08-17 7.91 8.04 7.82 7.82
2010-08-23 8.58 8.58 8.45 8.45
2010-09-13 8.39 8.45 8.23 8.23
2010-10-08 8.3 8.44 7.98 7.98
2010-10-19 7.86 7.87 7.56 7.56
2010-11-04 8.77 8.85 8.45 8.45
2010-11-18 8.07 8.08 7.91 7.91
2010-12-01 8.73 8.8 8.33 8.33
2011-01-25 8.07 8.1 7.8 7.8
2011-02-09 8.07 8.14 7.91 7.91
2011-02-10 8.24 8.27 8.08 8.08
2011-02-25 8.48 8.49 8.29 8.29
2011-03-14 8.89 9.05 8.75 8.75
2011-04-18 11.1 11.5 10.58 10.58
2011-05-09 11.98 12.21 10.99 10.99
2011-05-24 10.28 10.32 10.09 10.09
2011-06-21 8.64 8.64 8.4 8.4
2011-07-04 9.32 9.47 9.1 9.1
2011-07-13 9.58 9.6 9.28 9.28
2011-08-01 8.13 8.21 7.97 7.97
2011-08-23 7.9 7.91 7.68 7.68
2011-09-07 7.5 7.54 7.28 7.28
2011-10-13 7.34 7.36 7.16 7.16
2012-03-15 7.06 7.37 6.79 6.79
2012-04-18 7.11 7.11 6.61 6.61
2012-05-11 6.97 7.12 6.85 6.85
2012-07-02 5.9 5.93 5.84 5.84
2012-07-24 5.53 5.7 5.45 5.45
2012-08-06 5.48 5.53 5.32 5.32
2012-08-09 5.59 5.64 5.52 5.52
2012-08-21 5.72 5.79 5.55 5.55
2012-08-29 5.7 5.86 5.55 5.55
2012-09-19 6.16 6.24 5.88 5.88
2012-09-27 5.6 5.67 5.42 5.42
2012-12-07 4.92 4.94 4.8 4.8
2012-12-14 5.07 5.09 4.83 4.83
2013-01-15 5.53 5.59 5.4 5.4
2013-01-29 5.67 5.83 5.61 5.61
2013-02-20 5.83 5.84 5.7 5.7
2013-03-05 5.9 5.9 5.69 5.69
2013-04-09 5.6 5.61 5.42 5.42
2013-04-19 5.64 5.68 5.56 5.56
2013-05-03 5.65 5.72 5.52 5.52
2013-05-24 7.75 7.98 7.66 7.66
2013-06-07 7.92 8.14 7.77 7.77
2013-07-09 7.26 7.46 7.18 7.18
2013-07-23 8.02 8.05 7.85 7.85
2013-10-30 8.22 8.3 8.1 8.1
2013-11-11 8.26 8.34 8.04 8.04
2013-11-12 8.27 8.4 8.22 8.22
2013-11-15 8.23 8.36 8.1 8.1
2013-11-18 8.79 9.0 8.26 8.26
2013-11-20 9.01 9.08 8.65 8.65
2013-11-25 8.95 9.17 8.7 8.7
2013-12-27 8.23 8.29 8.03 8.03
2014-01-02 8.21 8.28 8.03 8.03
2014-01-23 7.23 7.33 7.21 7.21
2014-02-17 8.16 8.19 7.9 7.9
2014-03-03 8.16 8.28 7.93 7.93
2014-04-03 8.79 9.05 8.76 8.76
2014-10-22 8.35 8.35 8.35 8.35
2014-10-31 9.77 10.24 9.26 9.26
2014-11-05 9.81 10.18 9.67 9.67
2014-11-25 11.78 12.12 11.06 11.06
2014-12-24 9.43 9.5 9.2 9.2
2015-01-20 10.65 10.65 9.66 9.66
2015-01-22 11.1 11.28 10.68 10.68
2015-01-26 11.13 11.26 10.84 10.84
2015-02-12 13.75 13.77 12.9 12.9
2015-03-10 14.75 14.96 14.29 14.29
2015-04-27 22.2 22.2 20.23 20.23
2015-05-08 23.9 24.08 22.82 22.82
2015-05-21 27.48 27.56 25.92 25.92
2015-06-30 23.1 24.25 21.17 21.17
2015-07-07 13.64 13.64 13.64 13.64
2015-07-08 12.28 12.28 12.28 12.28
2015-07-09 13.51 13.51 11.05 11.05
2015-07-13 16.35 16.35 15.5 15.5
2015-08-04 20.22 20.22 17.95 17.95
2015-08-13 24.76 24.76 22.05 22.05
2015-08-25 15.71 16.15 15.71 15.71
2015-09-07 12.3 12.69 11.75 11.75
2015-09-11 14.49 14.58 13.83 13.83
2015-11-04 17.19 17.35 16.04 16.04
2015-11-16 18.31 18.42 17.28 17.28
2015-12-16 18.21 18.5 18.0 18.0
2015-12-17 18.64 18.71 18.2 18.2
2015-12-24 20.86 20.96 19.28 19.28
2016-01-18 14.4 14.82 13.8 13.8
2016-01-19 15.16 15.2 14.21 14.21
2016-02-02 12.98 13.12 12.1 12.1
2016-03-09 14.03 14.5 13.7 13.7
2016-05-30 18.76 18.76 18.76 18.76
2016-06-02 21.56 21.68 20.53 20.53
2016-06-07 22.3 22.35 21.62 21.62
2016-06-17 26.89 26.92 24.63 24.63
2016-12-28 28.73 28.87 28.51 28.51
2017-01-04 28.84 29.0 28.3 28.3
2017-03-20 32.86 33.18 32.57 32.57
2017-05-15 29.38 29.85 29.04 29.04
2017-05-18 30.28 30.7 29.85 29.85
2017-05-25 30.61 30.63 29.74 29.74
2017-05-31 31.04 31.2 30.46 30.46
2017-06-13 33.51 33.53 31.37 31.37
2017-07-14 31.51 31.6 31.07 31.07
2017-07-19 30.88 30.89 30.5 30.5
2017-07-26 30.99 31.0 30.5 30.5
2017-08-03 33.65 34.28 33.4 33.4
2017-08-23 34.14 34.47 33.63 33.63
