2004-06-11 11.75 12.24 11.7 11.7
2004-06-29 10.22 10.32 9.8 9.8
2004-07-01 10.44 10.51 9.93 9.93
2004-08-10 9.52 9.55 9.31 9.31
2004-08-13 9.4 9.44 9.2 9.2
2004-09-02 9.83 9.87 9.63 9.63
2004-09-06 9.88 9.96 9.72 9.72
2004-09-14 9.38 9.48 9.1 9.1
2004-09-20 10.66 10.8 10.44 10.44
2004-10-20 9.72 9.91 9.62 9.62
2004-10-26 10.58 10.59 10.0 10.0
2004-10-29 10.61 10.75 10.28 10.28
2004-11-03 10.8 10.93 10.65 10.65
2004-12-09 11.79 11.94 11.6 11.6
2004-12-13 11.52 11.59 11.4 11.4
2004-12-15 11.82 11.84 11.63 11.63
2004-12-24 11.0 11.17 10.91 10.91
2005-01-05 11.09 11.1 10.89 10.89
2005-01-10 11.22 11.3 11.0 11.0
2005-02-04 10.07 10.1 9.66 9.66
2005-03-09 9.58 9.61 9.28 9.28
2005-03-29 8.51 8.54 8.35 8.35
2005-04-07 7.81 7.96 7.56 7.56
2005-06-08 7.94 8.02 7.25 7.25
2005-06-27 8.15 8.23 7.92 7.92
2005-06-29 7.95 8.11 7.91 7.91
2005-07-14 6.07 6.25 6.0 6.0
2005-07-15 6.11 6.18 6.02 6.02
2005-08-22 6.84 6.85 6.7 6.7
2005-09-07 6.74 6.78 6.5 6.5
2005-09-30 7.04 7.07 6.91 6.91
2006-10-24 5.41 5.42 5.3 5.3
2006-10-30 5.4 5.4 5.27 5.27
2006-11-30 5.85 5.9 5.68 5.68
2006-12-11 5.9 5.92 5.68 5.68
2006-12-29 6.02 6.12 5.93 5.93
2007-01-19 7.42 7.5 7.03 7.03
2007-01-29 7.67 7.69 7.31 7.31
2007-02-06 7.45 7.47 7.2 7.2
2007-02-14 8.31 8.41 7.98 7.98
2007-02-28 8.54 8.6 7.91 7.91
2007-03-26 9.28 9.35 8.95 8.95
2007-04-09 9.84 10.02 9.66 9.66
2007-04-20 10.5 10.56 10.12 10.12
2007-05-22 12.47 13.2 12.2 12.2
2007-06-13 12.21 12.22 11.3 11.3
2007-07-17 9.06 9.16 8.81 8.81
2007-07-20 9.47 9.55 9.0 9.0
2007-07-23 9.86 9.95 9.48 9.48
2007-07-26 10.96 11.15 10.75 10.75
2007-08-13 10.42 10.54 10.21 10.21
2007-08-22 13.04 13.04 11.92 11.92
2007-08-27 16.54 16.54 15.5 15.5
2007-10-11 19.83 20.29 19.5 19.5
2007-11-14 16.1 16.3 15.35 15.35
2007-11-23 16.71 16.79 15.66 15.66
2007-12-21 22.49 22.76 20.8 20.8
2007-12-28 22.43 22.95 22.25 22.25
2008-01-03 24.65 25.1 23.5 23.5
2008-01-23 24.05 24.2 22.1 22.1
2008-02-14 24.59 25.14 23.52 23.52
2008-02-27 23.91 24.15 22.31 22.31
2008-03-06 27.19 27.54 25.2 25.2
2008-03-28 22.05 22.07 20.2 20.2
2008-08-29 7.4 7.53 7.18 7.18
2008-09-02 7.15 7.3 7.0 7.0
2008-10-30 4.36 4.46 4.32 4.32
2008-11-10 4.47 4.48 4.16 4.16
2008-12-03 5.31 5.32 5.05 5.05
2009-01-09 5.57 5.58 5.37 5.37
2009-01-16 5.71 5.83 5.62 5.62
2009-02-04 7.0 7.01 6.52 6.52
2009-03-04 6.68 6.74 6.28 6.28
2009-04-02 8.21 8.21 7.64 7.64
2009-06-10 8.06 8.15 7.93 7.93
2009-07-06 7.98 8.03 7.72 7.72
2009-07-14 8.69 8.74 8.38 8.38
2009-07-22 9.05 9.24 8.73 8.73
2009-08-03 10.75 10.75 9.96 9.96
2009-08-04 11.4 11.83 11.02 11.02
2009-10-13 8.95 8.96 8.76 8.76
2009-10-19 9.47 9.49 9.17 9.17
2010-02-09 9.0 9.05 8.9 8.9
2010-03-22 9.9 9.94 9.78 9.78
2010-04-08 10.39 10.42 10.08 10.08
2010-05-24 7.79 7.81 7.5 7.5
2010-06-10 7.65 7.75 7.62 7.62
2010-06-22 7.91 7.98 7.75 7.75
2010-09-07 8.55 8.79 8.29 8.29
2010-09-13 9.43 9.55 9.1 9.1
2010-12-02 8.35 8.41 8.24 8.24
2011-02-09 7.38 7.47 7.36 7.36
2011-02-21 8.03 8.07 7.71 7.71
2011-03-07 8.13 8.14 8.06 8.06
2011-03-25 8.12 8.15 8.03 8.03
2011-04-22 8.6 9.04 8.54 8.54
2011-04-27 8.33 8.52 8.25 8.25
2011-06-24 7.45 7.5 7.26 7.26
2011-07-13 7.62 7.63 7.47 7.47
2011-08-11 6.97 6.97 6.61 6.61
2011-08-12 7.07 7.12 6.98 6.98
2011-08-22 6.78 6.85 6.74 6.74
2011-08-25 7.03 7.04 6.85 6.85
2011-11-14 6.77 6.79 6.68 6.68
2011-12-07 6.03 6.1 5.99 5.99
2012-03-01 6.07 6.11 6.01 6.01
2012-03-16 6.39 6.44 6.1 6.1
2012-03-19 6.64 6.66 6.32 6.32
2012-04-05 6.52 6.67 6.02 6.02
2012-04-18 6.27 6.29 6.16 6.16
2012-04-26 6.3 6.31 6.19 6.19
2012-05-29 5.64 5.65 5.54 5.54
2012-08-01 4.79 4.81 4.73 4.73
2012-08-23 4.89 4.95 4.81 4.81
2012-10-09 4.59 4.6 4.49 4.49
2012-10-22 4.68 4.7 4.64 4.64
2012-11-14 4.5 4.55 4.45 4.45
2012-12-17 4.6 4.65 4.54 4.54
2013-01-15 4.76 4.78 4.71 4.71
2013-03-22 4.59 4.67 4.52 4.52
2013-04-24 4.4 4.41 4.35 4.35
2013-05-20 4.48 4.5 4.45 4.45
2013-07-02 4.71 4.73 4.57 4.57
2013-08-12 4.88 4.9 4.83 4.83
2013-09-18 4.82 4.83 4.76 4.76
2013-09-25 4.75 4.78 4.74 4.74
2013-10-17 4.86 4.96 4.78 4.78
2013-11-12 4.84 4.84 4.71 4.71
2013-11-25 4.96 4.97 4.92 4.92
2013-11-28 5.01 5.08 4.96 4.96
2014-01-14 4.45 4.45 4.37 4.37
2014-01-17 4.42 4.46 4.41 4.41
2014-01-22 4.54 4.56 4.48 4.48
2014-02-10 4.68 4.69 4.63 4.63
2014-02-11 4.7 4.73 4.66 4.66
2014-03-21 5.39 5.52 5.0 5.0
2014-04-03 5.75 5.76 5.61 5.61
2014-04-18 5.46 5.52 5.35 5.35
2014-04-25 5.37 5.45 5.21 5.21
2014-06-30 5.26 5.3 4.83 4.83
2014-07-15 5.57 5.62 5.47 5.47
2014-07-30 6.07 6.11 5.96 5.96
2014-08-04 6.4 6.42 6.04 6.04
2014-08-18 6.64 6.66 6.49 6.49
2014-08-27 6.01 6.07 5.98 5.98
2014-10-08 6.39 6.4 6.31 6.31
2014-12-26 5.63 5.65 5.58 5.58
2015-01-06 6.0 6.08 5.92 5.92
2015-02-11 7.76 7.83 7.43 7.43
2015-04-21 10.94 10.99 10.5 10.5
2015-04-27 11.19 11.25 11.06 11.06
2015-05-11 11.65 11.66 11.05 11.05
2015-05-19 5.69 5.7 5.47 5.47
2015-07-13 5.09 5.09 5.09 5.09
2015-08-07 5.4 5.46 5.31 5.31
2015-08-25 3.9 4.0 3.9 3.9
2015-09-07 3.4 3.47 3.35 3.35
2015-10-15 3.77 3.78 3.61 3.61
2015-11-04 3.72 3.73 3.57 3.57
2015-11-09 3.95 3.98 3.85 3.85
2015-11-23 4.17 4.3 4.03 4.03
2015-12-17 4.01 4.02 3.84 3.84
2016-01-14 4.54 4.56 4.0 4.0
2016-01-29 3.16 3.2 3.02 3.02
2016-03-07 3.42 3.43 3.26 3.26
2016-05-19 3.19 3.23 3.17 3.17
2016-05-23 3.24 3.24 3.2 3.2
2016-05-31 3.28 3.3 3.18 3.18
2016-06-17 3.25 3.29 3.19 3.19
2016-07-04 3.3 3.3 3.22 3.22
2016-08-02 3.25 3.26 3.21 3.21
2016-08-09 3.38 3.38 3.31 3.31
2016-09-19 3.44 3.44 3.39 3.39
2016-10-10 3.51 3.51 3.47 3.47
2016-10-12 3.53 3.53 3.5 3.5
2016-10-18 3.54 3.55 3.47 3.47
2016-12-06 3.63 3.64 3.58 3.58
2016-12-15 3.62 3.64 3.55 3.55
2017-01-09 4.21 4.21 3.95 3.95
2017-01-12 4.13 4.34 4.1 4.1
2017-01-20 4.5 4.55 4.35 4.35
2017-02-06 4.63 4.64 4.42 4.42
2017-03-16 4.83 4.86 4.7 4.7
2017-03-20 4.86 4.91 4.75 4.75
2017-03-31 5.13 5.15 4.91 4.91
2017-04-18 5.13 5.24 5.06 5.06
2017-06-26 5.14 5.16 4.98 4.98
2017-07-03 5.39 5.4 5.19 5.19
2017-07-31 6.32 6.5 6.04 6.04
