1997-10-06 10.02 10.08 9.81 9.81
1997-10-09 10.4 10.44 10.25 10.25
1997-10-27 11.42 11.43 10.98 10.98
1998-03-19 11.1 11.22 11.01 11.01
1998-04-06 11.18 11.44 11.0 11.0
1998-04-09 12.13 12.4 11.4 11.4
1998-06-22 10.2 10.29 9.88 9.88
1998-07-28 8.73 8.87 8.65 8.65
1998-08-05 8.65 8.69 8.56 8.56
1998-09-04 7.46 7.53 7.22 7.22
1998-10-12 8.72 8.75 8.38 8.38
1998-11-03 8.0 8.03 7.82 7.82
1998-11-27 8.66 8.83 8.51 8.51
1999-01-08 7.66 7.73 7.3 7.3
1999-01-14 7.36 7.38 7.3 7.3
1999-01-22 7.4 7.44 7.34 7.34
1999-01-25 7.5 7.55 7.41 7.41
1999-03-08 7.76 7.76 7.54 7.54
1999-03-12 7.86 7.89 7.7 7.7
1999-03-30 7.56 7.61 7.42 7.42
1999-05-19 7.75 7.8 7.56 7.56
1999-07-29 8.95 9.29 8.95 8.95
1999-08-05 9.62 9.8 9.55 9.55
1999-08-09 9.74 9.82 9.48 9.48
1999-08-10 9.51 9.88 9.45 9.45
1999-08-26 11.99 11.99 10.9 10.9
1999-09-01 12.1 12.55 12.02 12.02
1999-09-09 13.6 13.6 12.25 12.25
1999-09-27 13.6 13.9 12.71 12.71
1999-12-02 14.43 14.5 14.2 14.2
2000-03-17 15.99 16.27 15.8 15.8
2000-05-31 19.25 19.59 18.58 18.58
2000-09-13 12.57 12.75 12.15 12.15
2000-09-14 13.06 13.2 12.6 12.6
2000-09-29 11.44 11.54 11.33 11.33
2001-01-19 11.99 12.0 11.9 11.9
2001-02-09 11.34 11.54 11.2 11.2
2001-02-19 11.65 11.67 11.25 11.25
2001-02-27 11.05 11.06 10.68 10.68
2001-03-27 11.69 11.73 11.35 11.35
2001-04-10 11.75 11.77 11.51 11.51
2001-04-25 12.26 13.08 12.2 12.2
2001-05-10 12.3 12.39 12.1 12.1
2001-09-04 11.15 11.2 10.88 10.88
2001-10-29 8.43 8.58 8.28 8.28
2001-12-31 8.72 8.84 8.58 8.58
2002-01-31 7.29 7.36 6.72 6.72
2002-02-07 7.23 7.28 7.05 7.05
2002-02-27 7.47 7.5 7.3 7.3
2002-03-05 7.56 7.57 7.35 7.35
2002-04-08 8.02 8.07 7.91 7.91
2002-04-10 8.46 8.53 8.35 8.35
2002-08-14 8.36 8.36 8.3 8.3
2002-08-16 8.45 8.48 8.3 8.3
2002-09-13 7.94 7.97 7.91 7.91
2002-10-22 7.62 7.63 7.31 7.31
2002-10-23 7.85 7.92 7.63 7.63
2002-10-29 7.65 7.68 7.41 7.41
2002-11-04 7.74 7.78 7.65 7.65
2002-12-03 6.41 6.44 6.35 6.35
2002-12-04 6.48 6.62 6.41 6.41
2002-12-12 6.25 6.35 6.22 6.22
2002-12-16 6.45 6.48 6.37 6.37
2002-12-18 6.73 6.95 6.72 6.72
2003-01-14 6.67 6.78 6.4 6.4
2003-01-22 6.62 6.65 6.53 6.53
2003-01-28 6.87 6.94 6.81 6.81
2003-02-11 6.74 6.75 6.66 6.66
2003-02-13 6.97 6.98 6.81 6.81
2003-04-22 6.83 6.85 6.65 6.65
2003-06-24 7.45 7.48 7.35 7.35
2003-10-10 5.95 5.99 5.7 5.7
2003-11-14 4.95 4.96 4.83 4.83
2003-11-19 5.0 5.05 4.89 4.89
2004-03-15 5.84 5.86 5.72 5.72
2004-03-22 6.1 6.13 6.04 6.04
2004-05-27 5.35 5.38 5.23 5.23
2004-08-04 5.13 5.22 5.03 5.03
2004-09-14 4.56 4.59 4.43 4.43
2004-09-15 4.74 4.83 4.52 4.52
2004-10-27 4.05 4.05 3.67 3.67
2004-11-02 3.86 3.88 3.8 3.8
2004-11-05 4.07 4.12 3.99 3.99
2004-12-08 4.2 4.28 4.12 4.12
2004-12-30 3.83 3.86 3.82 3.82
2005-04-07 3.3 3.37 3.2 3.2
2005-04-08 3.37 3.37 3.26 3.26
2005-07-12 2.67 2.68 2.5 2.5
2005-07-19 2.44 2.47 2.41 2.41
2005-07-20 2.48 2.49 2.44 2.44
2005-07-25 2.5 2.5 2.45 2.45
2005-07-26 2.55 2.56 2.5 2.5
2005-08-01 2.6 2.64 2.52 2.52
2005-08-04 2.65 2.67 2.6 2.6
2005-08-11 3.08 3.1 2.93 2.93
2005-09-29 2.9 2.92 2.85 2.85
2005-10-11 2.88 2.88 2.78 2.78
2005-10-18 2.88 2.91 2.81 2.81
2005-10-20 2.85 2.9 2.8 2.8
2005-10-21 2.85 2.88 2.83 2.83
2005-10-27 2.64 2.64 2.54 2.54
2005-11-02 2.6 2.61 2.54 2.54
2005-11-18 2.98 3.06 2.95 2.95
2005-11-28 2.99 3.07 2.89 2.89
2005-12-14 2.77 2.83 2.73 2.73
2005-12-19 2.72 2.74 2.7 2.7
2005-12-26 2.74 2.77 2.7 2.7
2005-12-28 2.72 2.73 2.7 2.7
2006-02-13 3.03 3.05 2.83 2.83
2006-03-06 3.11 3.14 3.07 3.07
2006-03-10 2.95 2.96 2.88 2.88
2006-05-15 3.45 3.45 3.45 3.45
2006-05-18 4.24 4.24 3.86 3.86
2006-05-26 4.61 4.88 4.5 4.5
2006-05-29 5.07 5.07 4.65 4.65
2006-05-30 5.58 5.58 5.1 5.1
2006-08-08 3.67 3.68 3.3 3.3
2006-08-09 3.72 3.85 3.41 3.41
2006-08-25 4.02 4.1 3.83 3.83
2006-08-29 4.07 4.24 4.0 4.0
2006-09-04 4.28 4.36 4.05 4.05
2007-05-09 6.6 6.6 5.98 5.98
2007-05-15 7.14 7.14 6.9 6.9
2007-05-17 7.53 7.53 7.32 7.32
2007-05-18 7.91 7.91 7.91 7.91
2007-05-31 7.83 7.83 7.83 7.83
2007-06-01 7.44 7.44 7.44 7.44
2007-06-04 7.07 7.07 7.07 7.07
2007-06-05 6.72 6.72 6.72 6.72
2007-06-06 6.38 6.72 6.38 6.38
2007-06-26 5.0 5.0 5.0 5.0
2007-06-27 4.75 4.95 4.75 4.75
2007-07-02 4.07 4.19 4.07 4.07
2007-07-09 4.66 4.66 4.66 4.66
2007-07-10 4.89 4.89 4.89 4.89
2007-08-14 5.12 5.17 4.94 4.94
2007-10-19 6.47 6.47 6.02 6.02
2007-10-25 5.82 5.82 5.82 5.82
2007-10-26 5.53 5.53 5.53 5.53
2007-10-29 5.25 5.25 5.25 5.25
2007-10-30 5.38 5.51 4.99 4.99
2007-11-02 5.45 5.49 5.17 5.17
2007-12-27 7.0 7.0 6.75 6.75
2008-01-25 8.37 8.37 8.02 8.02
2008-01-31 7.4 7.4 7.4 7.4
2008-02-01 7.03 7.03 7.03 7.03
2008-02-04 7.04 7.32 6.68 6.68
2008-02-05 6.69 6.93 6.69 6.69
2008-03-18 5.61 5.7 5.61 5.61
2008-03-19 5.33 5.82 5.33 5.33
2011-10-13 7.01 7.45 6.93 6.93
2011-12-23 3.93 3.93 3.74 3.74
2011-12-29 3.95 3.97 3.8 3.8
2011-12-30 4.15 4.15 3.93 3.93
2012-01-04 4.36 4.36 4.36 4.36
2012-01-09 4.76 4.76 4.54 4.54
2012-01-12 4.86 4.95 4.79 4.79
2012-01-16 4.91 5.04 4.75 4.75
2012-10-09 5.26 5.27 5.11 5.11
2012-10-12 5.11 5.16 5.08 5.08
2012-10-18 5.28 5.33 5.04 5.04
2012-10-23 5.31 5.66 5.22 5.22
2012-11-02 5.39 5.5 5.2 5.2
2013-03-05 5.61 5.65 5.5 5.5
2013-04-09 5.75 5.76 5.58 5.58
2013-09-06 6.06 6.17 5.97 5.97
2013-11-12 5.34 5.36 5.18 5.18
2013-12-30 5.05 5.1 5.01 5.01
2014-04-17 6.33 6.59 6.0 6.0
2014-06-13 6.07 6.08 5.86 5.86
2014-06-17 6.11 6.13 6.04 6.04
2014-06-18 6.22 6.35 6.08 6.08
2014-08-04 7.3 7.31 7.21 7.21
2014-12-03 7.79 8.1 7.75 7.75
2014-12-23 8.28 8.44 8.04 8.04
2014-12-24 8.4 8.65 8.23 8.23
2015-01-05 8.02 8.18 7.99 7.99
2015-02-13 9.56 9.85 9.2 9.2
2015-02-16 9.95 10.31 9.56 9.56
2015-03-05 12.33 12.38 12.1 12.1
2015-03-10 12.0 12.26 11.94 11.94
2015-08-06 16.41 16.41 16.41 16.41
2015-08-07 15.95 16.69 14.77 14.77
2015-10-23 10.56 10.56 9.64 9.64
2016-02-19 7.45 7.65 7.36 7.36
2016-06-22 9.93 9.94 9.59 9.59
2017-05-25 7.7 7.71 7.55 7.55
2017-08-16 7.45 7.46 7.37 7.37
