1995-03-22 13.23 13.28 12.51 12.51
1995-03-28 13.04 13.4 12.98 12.98
1995-06-19 11.4 11.56 11.12 11.12
1995-07-25 11.07 11.28 10.93 10.93
1995-07-31 10.89 11.0 10.85 10.85
1995-08-03 11.02 11.2 11.0 11.0
1995-11-24 10.44 10.5 10.3 10.3
1995-12-19 8.99 9.09 8.6 8.6
1995-12-20 9.1 9.1 8.85 8.85
1995-12-28 8.93 9.24 8.91 8.91
1996-01-02 8.88 9.0 8.68 8.68
1996-01-09 9.25 9.26 8.98 8.98
1996-01-16 9.62 9.62 9.3 9.3
1996-01-23 9.07 9.1 8.78 8.78
1996-01-26 9.1 9.19 8.91 8.91
1996-01-29 9.08 9.13 8.9 8.9
1996-02-06 8.84 9.0 8.7 8.7
1996-02-09 9.04 9.08 8.82 8.82
1996-03-20 9.1 9.14 9.07 9.07
1996-03-21 9.1 9.17 9.08 9.08
1996-03-22 9.09 9.16 9.0 9.0
1996-04-24 10.61 10.9 10.2 10.2
1996-04-26 12.08 12.08 10.45 10.45
1996-05-06 12.5 12.58 12.1 12.1
1996-07-16 10.74 10.8 10.4 10.4
1996-07-18 10.88 11.16 10.6 10.6
1996-07-24 12.75 12.98 12.2 12.2
1996-08-08 11.9 11.97 11.3 11.3
1996-08-15 11.3 11.4 11.25 11.25
1996-08-21 10.37 10.6 10.01 10.01
1996-12-17 6.56 7.25 6.56 6.56
1997-01-06 6.8 6.95 6.75 6.75
1997-01-07 6.96 7.0 6.8 6.8
1997-01-09 7.0 7.09 6.92 6.92
1997-01-17 7.05 7.1 6.95 6.95
1997-01-20 7.1 7.14 7.0 7.0
1997-05-19 14.68 14.86 14.31 14.31
1997-05-22 13.12 14.0 13.12 13.12
1997-05-28 13.2 13.3 12.8 12.8
1997-05-29 13.0 13.3 13.0 13.0
1997-06-16 13.14 13.29 13.1 13.1
1997-06-19 12.7 12.92 12.68 12.68
1997-09-16 9.58 9.65 9.1 9.1
1997-11-07 9.42 10.57 9.18 9.18
1997-11-14 9.46 9.65 9.0 9.0
1997-12-04 8.6 8.65 8.4 8.4
1997-12-16 9.21 9.25 8.9 8.9
1998-01-19 10.35 10.38 10.0 10.0
1998-01-21 10.0 10.3 9.8 9.8
1998-02-11 11.3 11.36 11.09 11.09
1998-02-19 11.5 11.53 11.28 11.28
1998-02-20 11.48 11.54 11.2 11.2
1998-02-26 11.67 11.67 11.4 11.4
1998-04-10 13.3 13.5 12.98 12.98
1998-04-20 14.27 14.6 13.49 13.49
1998-08-07 19.7 19.97 19.36 19.36
1998-10-23 13.62 13.65 13.29 13.29
1998-12-31 11.37 11.43 11.1 11.1
1999-01-08 10.76 10.78 10.3 10.3
1999-01-11 11.16 11.2 10.7 10.7
1999-01-12 11.37 11.47 11.18 11.18
1999-01-19 11.19 11.39 10.78 10.78
1999-01-27 10.75 10.9 10.58 10.58
1999-02-02 10.66 11.1 10.35 10.35
1999-03-10 10.78 10.95 10.5 10.5
1999-03-15 11.46 11.48 11.0 11.0
1999-04-02 11.66 11.66 10.38 10.38
1999-04-05 12.19 12.55 11.78 11.78
1999-04-13 12.98 13.2 12.0 12.0
1999-04-14 13.39 13.42 12.8 12.8
1999-05-11 13.45 13.47 12.7 12.7
1999-05-24 14.89 15.09 14.3 14.3
1999-06-28 18.28 18.34 17.33 17.33
1999-08-24 16.7 16.8 16.4 16.4
1999-09-14 19.39 19.4 19.01 19.01
2000-03-24 20.91 21.15 20.2 20.2
2000-07-03 15.53 15.8 15.38 15.38
2000-07-20 15.0 15.18 14.75 14.75
2000-10-16 12.43 12.73 12.25 12.25
2000-11-10 13.6 13.65 13.15 13.15
2001-06-25 10.37 10.46 10.23 10.23
2001-07-10 10.2 10.29 10.13 10.13
2001-07-25 10.12 10.23 10.06 10.06
2001-08-20 8.74 8.8 8.52 8.52
2001-08-21 8.98 9.02 8.65 8.65
2001-09-18 8.98 9.0 8.78 8.78
2001-11-09 7.88 8.02 7.5 7.5
2001-11-14 7.91 8.06 7.83 7.83
2001-11-20 8.28 8.29 8.05 8.05
2002-04-12 7.86 7.97 7.8 7.8
2004-07-09 5.45 5.6 5.35 5.35
2004-07-15 5.72 5.85 5.48 5.48
2004-08-13 5.54 5.58 5.47 5.47
2004-08-17 5.41 5.46 5.32 5.32
2004-09-17 5.1 5.1 4.92 4.92
2005-01-18 4.28 4.3 4.02 4.02
2005-01-26 4.38 4.42 4.31 4.31
2005-07-20 3.46 3.48 3.35 3.35
2005-07-27 3.51 3.51 3.43 3.43
2005-07-28 3.53 3.64 3.5 3.5
2005-08-01 3.61 3.62 3.52 3.52
2005-08-09 3.96 3.98 3.8 3.8
2005-10-13 3.88 3.93 3.85 3.85
2005-11-02 3.68 3.77 3.58 3.58
2005-11-04 3.65 3.7 3.6 3.6
2007-01-08 5.17 5.21 4.88 4.88
2007-01-30 5.25 5.5 5.25 5.25
2007-02-28 5.88 5.95 5.32 5.32
2007-04-20 8.5 8.55 8.05 8.05
2007-04-26 9.15 9.33 8.88 8.88
2007-12-24 6.24 6.3 6.15 6.15
2008-01-14 7.04 7.1 6.78 6.78
2008-01-15 7.24 7.34 7.04 7.04
2008-01-23 7.0 7.0 6.4 6.4
2008-02-29 7.65 7.82 7.52 7.52
2008-05-28 4.12 4.16 4.05 4.05
2008-06-12 3.48 3.58 3.46 3.46
2008-06-20 2.78 2.97 2.77 2.77
2008-06-24 2.91 2.93 2.8 2.8
2008-09-12 1.73 1.73 1.6 1.6
2008-09-19 1.83 1.83 1.82 1.82
2008-09-24 1.73 1.74 1.7 1.7
2008-11-04 1.12 1.12 1.05 1.05
2008-12-10 1.58 1.58 1.58 1.58
2008-12-11 1.66 1.66 1.66 1.66
2008-12-25 1.65 1.72 1.62 1.62
2009-02-02 1.82 1.82 1.73 1.73
2009-02-03 1.91 1.91 1.9 1.9
2009-02-09 2.24 2.24 2.14 2.14
2009-02-16 2.58 2.58 2.46 2.46
2009-02-18 2.52 2.64 2.52 2.52
2009-02-19 2.42 2.52 2.39 2.39
2009-02-27 2.16 2.25 2.16 2.16
2009-03-02 2.16 2.19 2.05 2.05
2009-04-14 2.72 2.72 2.72 2.72
2009-04-15 2.86 2.86 2.86 2.86
2009-04-16 3.0 3.0 3.0 3.0
2009-04-17 3.15 3.15 3.15 3.15
2010-12-13 5.51 5.55 5.4 5.4
2010-12-14 5.58 5.64 5.49 5.49
2010-12-17 5.53 5.61 5.48 5.48
2011-04-01 9.19 9.19 8.8 8.8
2011-04-25 8.25 8.4 8.17 8.17
2011-04-26 8.27 8.4 8.2 8.2
2011-05-03 7.81 7.83 7.6 7.6
2011-07-29 5.42 5.53 5.35 5.35
2011-08-03 5.58 5.61 5.41 5.41
2011-12-15 4.59 4.69 4.38 4.38
2012-07-27 4.06 4.07 4.03 4.03
2012-07-30 3.86 3.92 3.86 3.86
2012-07-31 3.68 3.76 3.67 3.67
2013-01-14 3.94 3.97 3.88 3.88
2013-02-04 4.68 4.77 4.57 4.57
2013-02-05 4.75 4.76 4.63 4.63
2013-03-19 4.16 4.28 4.08 4.08
2013-03-26 5.05 5.05 4.57 4.57
2013-07-05 3.09 3.16 3.04 3.04
2013-11-27 3.74 3.74 3.74 3.74
2013-11-28 4.11 4.11 4.11 4.11
2014-04-04 5.9 6.0 5.76 5.76
2014-04-14 7.11 7.11 6.58 6.58
2014-04-29 7.8 8.15 6.99 6.99
2014-05-09 9.18 9.43 8.63 8.63
2014-06-03 7.9 8.18 7.75 7.75
2014-07-25 8.41 8.56 8.27 8.27
2014-07-28 8.42 8.56 8.3 8.3
2014-08-04 8.47 8.48 8.31 8.31
2014-08-12 8.72 8.78 8.42 8.42
2014-09-05 9.99 10.58 9.8 9.8
2014-10-15 10.0 10.12 9.8 9.8
2014-12-31 7.46 7.48 7.3 7.3
2015-09-22 6.74 6.74 6.74 6.74
2015-09-23 6.4 6.4 6.4 6.4
2015-09-24 6.08 6.08 6.08 6.08
2015-09-25 5.78 6.0 5.78 5.78
2015-09-30 5.66 5.75 5.45 5.45
2015-10-12 5.78 5.84 5.65 5.65
2015-10-14 5.84 5.93 5.8 5.8
2015-10-15 5.92 5.94 5.79 5.79
2015-10-20 6.11 6.15 5.97 5.97
2015-12-09 8.08 8.18 7.9 7.9
2016-01-05 8.18 8.18 8.18 8.18
2016-01-06 7.77 7.93 7.77 7.77
2016-01-12 6.33 6.33 6.33 6.33
2016-01-15 5.95 6.18 5.87 5.87
2016-02-05 6.22 6.34 6.16 6.16
2016-02-22 7.38 7.45 7.12 7.12
2016-06-01 9.63 9.63 9.63 9.63
2016-10-10 10.81 11.22 10.22 10.22
2016-10-11 10.94 11.16 10.72 10.72
2016-10-12 11.04 11.22 10.82 10.82
2017-02-22 9.58 9.66 9.46 9.46
2017-05-10 7.79 7.98 7.63 7.63
2017-05-16 7.71 7.72 7.55 7.55
2017-05-17 7.93 7.97 7.67 7.67
