2001-08-09 27.37 27.4 26.88 26.88
2001-08-10 27.7 27.91 27.4 27.4
2002-01-25 17.11 17.58 16.82 16.82
2002-01-29 16.33 16.5 15.89 15.89
2002-01-31 17.62 17.8 16.48 16.48
2002-03-05 18.18 18.3 17.66 17.66
2002-03-08 19.09 19.3 18.68 18.68
2002-04-22 17.7 17.88 17.5 17.5
2002-04-25 17.58 17.7 17.5 17.5
2002-04-29 18.33 18.49 17.9 17.9
2002-05-27 16.98 17.15 16.7 16.7
2002-05-28 17.09 17.23 16.98 16.98
2002-08-05 16.95 17.0 16.82 16.82
2002-08-06 17.08 17.12 16.9 16.9
2002-08-14 16.91 16.91 16.76 16.76
2002-08-19 16.8 16.88 16.8 16.8
2002-08-27 17.86 18.0 17.3 17.3
2002-09-03 17.73 17.78 17.63 17.63
2002-09-10 17.1 17.2 17.06 17.06
2002-09-13 17.24 17.34 17.11 17.11
2002-10-22 15.99 16.07 15.85 15.85
2002-12-23 14.35 14.52 14.2 14.2
2003-01-20 14.6 14.68 14.3 14.3
2003-02-12 14.48 14.56 14.12 14.12
2003-02-14 14.55 14.62 14.42 14.42
2003-02-24 14.09 14.23 14.07 14.07
2003-06-11 14.03 14.16 13.85 13.85
2003-06-17 13.96 14.0 13.85 13.85
2003-07-08 13.13 13.24 12.9 12.9
2003-07-09 13.22 13.5 13.1 13.1
2003-07-29 12.35 12.39 12.3 12.3
2003-08-04 12.35 12.37 12.16 12.16
2003-08-12 12.36 12.4 12.25 12.25
2003-09-09 11.44 11.49 11.25 11.25
2003-09-25 10.75 10.94 10.53 10.53
2003-10-10 10.85 10.92 10.51 10.51
2003-11-24 9.41 9.62 9.01 9.01
2003-12-01 9.51 9.55 9.2 9.2
2004-02-12 10.85 10.89 10.5 10.5
2004-03-15 10.72 10.88 10.52 10.52
2004-03-16 10.86 10.89 10.74 10.74
2004-03-19 10.88 10.92 10.6 10.6
2004-03-22 11.58 11.89 11.05 11.05
2004-03-30 11.9 11.98 11.37 11.37
2004-04-28 11.06 11.43 10.93 10.93
2004-05-12 11.23 11.24 10.95 10.95
2004-05-17 8.62 8.72 8.6 8.6
2004-05-21 8.7 8.75 8.61 8.61
2004-05-26 8.4 8.47 8.27 8.27
2004-07-06 7.52 7.65 7.5 7.5
2004-07-16 7.28 7.39 7.04 7.04
2004-07-21 7.29 7.34 7.24 7.24
2004-07-29 7.21 7.21 7.0 7.0
2004-08-03 7.13 7.2 7.07 7.07
2004-09-06 6.54 6.56 6.52 6.52
2004-09-14 6.39 6.44 6.22 6.22
2004-11-04 6.62 6.97 6.57 6.57
2004-11-22 7.69 7.69 7.69 7.69
2004-12-21 6.78 6.9 6.76 6.76
2005-02-04 6.47 6.5 6.3 6.3
2005-02-21 6.57 6.58 6.46 6.46
2005-02-22 6.71 6.75 6.58 6.58
2005-02-25 6.8 6.9 6.77 6.77
2005-04-07 5.77 5.94 5.66 5.66
2005-04-13 6.15 6.3 6.05 6.05
2005-05-27 5.28 5.33 5.25 5.25
2005-05-30 5.33 5.35 5.22 5.22
2005-08-15 5.4 5.48 5.22 5.22
2005-11-07 5.95 6.05 5.81 5.81
2005-11-14 6.12 6.2 6.0 6.0
2006-11-09 5.18 5.19 5.11 5.11
2006-12-18 5.62 5.62 5.62 5.62
2007-03-07 7.41 7.45 7.25 7.25
2007-04-30 13.83 13.83 12.9 12.9
2007-05-22 13.27 13.6 13.12 13.12
2007-07-23 9.29 9.31 8.88 8.88
2007-07-26 9.7 9.85 9.52 9.52
2007-08-14 10.57 10.69 10.23 10.23
2007-09-20 11.23 11.45 11.05 11.05
2007-09-24 11.71 11.96 11.3 11.3
2007-11-13 9.83 9.88 9.49 9.49
2007-11-19 10.96 11.09 10.5 10.5
2007-12-24 11.14 11.35 10.96 10.96
2007-12-27 11.6 11.8 11.46 11.46
2008-01-24 14.36 15.0 13.79 13.79
2008-07-01 7.32 7.63 7.1 7.1
2008-07-07 7.74 7.75 7.35 7.35
2008-09-04 4.71 4.75 4.51 4.51
2008-11-12 3.47 3.56 3.32 3.32
2009-06-16 9.02 9.02 8.45 8.45
2009-06-17 9.92 9.92 9.9 9.9
2009-09-11 9.39 9.55 8.75 8.75
2010-01-14 10.46 10.52 9.96 9.96
2010-01-18 10.59 10.6 10.21 10.21
2010-01-25 10.38 10.55 10.16 10.16
2010-01-29 9.23 9.29 9.06 9.06
2010-02-08 9.02 9.15 8.9 8.9
2010-03-16 10.38 10.38 9.88 9.88
2011-05-19 11.37 11.58 11.33 11.33
2011-05-20 11.47 11.55 11.35 11.35
2011-06-30 9.71 9.78 9.55 9.55
2012-04-09 7.61 7.76 7.59 7.59
2012-07-20 7.05 7.15 7.0 7.0
2012-09-07 6.97 7.03 6.77 6.77
2013-01-18 7.63 7.86 7.22 7.22
2013-05-02 7.8 7.82 7.61 7.61
2013-05-06 8.05 8.13 7.95 7.95
2013-12-12 8.35 8.52 8.3 8.3
2013-12-30 7.83 7.86 7.75 7.75
2014-01-16 7.76 7.81 7.58 7.58
2014-01-21 7.69 7.75 7.63 7.63
2014-01-22 7.78 7.82 7.68 7.68
2014-02-25 8.73 9.25 8.47 8.47
2014-04-01 8.4 8.4 8.16 8.16
2014-05-06 7.8 7.85 7.74 7.74
2014-05-08 7.66 7.72 7.6 7.6
2014-05-14 7.84 7.95 7.8 7.8
2014-07-11 8.15 8.16 7.97 7.97
2014-07-28 8.31 8.34 8.19 8.19
2014-08-11 8.61 8.62 8.44 8.44
2014-08-12 8.68 8.69 8.57 8.57
2014-12-10 12.28 12.51 11.99 11.99
2014-12-12 12.66 12.85 12.38 12.38
2015-02-11 12.89 12.9 12.45 12.45
2015-02-16 13.24 13.37 13.15 13.15
2015-02-26 13.61 13.69 13.28 13.28
2015-05-18 25.36 25.5 22.86 22.86
2015-05-21 28.0 28.08 26.36 26.36
2015-07-14 27.61 27.61 27.61 27.61
2015-07-28 25.51 28.49 25.47 25.47
2016-07-18 9.75 9.78 9.26 9.26
2016-07-21 9.57 10.1 9.47 9.47
2017-01-25 6.96 6.98 6.91 6.91
2017-02-06 7.12 7.12 7.0 7.0
2017-02-28 7.31 7.35 7.27 7.27
2017-06-06 5.52 5.8 5.31 5.31
2017-06-13 5.59 5.64 5.47 5.47
