1993-02-09 19.08 19.35 17.6 17.6
1993-03-18 12.4 12.77 12.1 12.1
1993-03-26 10.68 10.69 9.8 9.8
1993-03-30 9.96 10.28 9.68 9.68
1993-04-08 13.78 14.6 11.51 11.51
1993-04-12 13.0 14.2 12.8 12.8
1993-05-07 12.8 12.85 11.9 11.9
1993-05-12 12.7 13.0 12.5 12.5
1993-05-13 13.5 13.5 12.8 12.8
1993-05-17 12.94 13.0 12.12 12.12
1993-05-20 13.4 13.7 13.13 13.13
1993-07-13 10.75 10.79 10.31 10.31
1993-07-27 9.8 10.08 9.47 9.47
1993-08-03 10.03 10.4 9.99 9.99
1993-08-24 7.73 7.75 7.42 7.42
1993-09-08 7.65 7.85 7.6 7.6
1993-09-21 7.25 7.5 7.2 7.2
1993-09-24 7.09 7.96 6.52 6.52
1993-09-28 7.6 7.6 7.25 7.25
1993-10-18 7.85 7.85 7.35 7.35
1993-10-28 7.85 7.85 6.8 6.8
1993-11-25 7.98 8.3 7.8 7.8
1994-01-06 5.76 5.98 5.56 5.56
1994-01-07 6.01 6.1 5.88 5.88
1994-01-21 5.25 5.29 5.18 5.18
1994-01-27 5.36 5.38 5.3 5.3
1994-01-31 5.05 5.2 5.0 5.0
1994-02-03 5.15 5.25 5.1 5.1
1994-02-15 5.1 5.18 5.02 5.02
1994-02-18 5.06 5.12 5.02 5.02
1994-02-22 5.03 5.11 4.99 4.99
1994-03-28 5.05 5.08 4.7 4.7
1994-04-06 5.1 5.12 5.03 5.03
1994-04-21 4.5 4.6 3.91 3.91
1994-05-24 3.33 3.35 3.31 3.31
1994-06-08 2.84 2.88 2.8 2.8
1994-06-28 2.34 2.39 2.32 2.32
1994-07-13 2.32 2.32 2.24 2.24
1994-07-14 2.28 2.31 2.25 2.25
1994-09-28 9.08 9.3 8.65 8.65
1994-10-20 7.49 7.49 6.5 6.5
1994-10-27 7.4 7.4 7.08 7.08
1994-11-03 7.62 7.68 7.11 7.11
1994-11-07 7.1 7.24 6.7 6.7
1994-11-21 7.2 7.3 7.15 7.15
1994-12-05 6.77 6.94 6.54 6.54
1995-01-06 6.54 6.56 6.4 6.4
1995-01-10 6.15 6.26 6.1 6.1
1995-01-13 5.98 6.01 5.91 5.91
1995-01-18 5.99 6.0 5.8 5.8
1995-02-08 5.05 5.12 5.0 5.0
1995-03-14 5.97 6.1 5.9 5.9
1995-03-17 5.92 5.96 5.74 5.74
1995-04-12 6.17 6.2 6.09 6.09
1995-04-14 6.13 6.13 6.0 6.0
1995-04-18 6.05 6.08 6.0 6.0
1995-04-19 6.12 6.18 6.06 6.06
1995-04-20 6.22 6.22 6.12 6.12
1995-04-24 5.97 6.08 5.9 5.9
1995-04-25 5.99 6.06 5.7 5.7
1995-05-02 5.7 5.78 5.68 5.68
1995-05-12 5.85 5.91 5.68 5.68
1995-06-20 5.8 6.0 5.65 5.65
1995-06-22 5.82 5.91 5.81 5.81
1995-06-23 5.83 5.85 5.75 5.75
1995-06-26 5.88 5.98 5.85 5.85
1995-07-10 5.89 6.13 5.8 5.8
1995-07-17 6.13 6.2 5.76 5.76
1995-07-20 5.89 6.0 5.8 5.8
1995-07-24 5.88 6.0 5.82 5.82
1995-08-03 5.96 6.0 5.91 5.91
1995-08-07 5.95 6.01 5.95 5.95
1995-09-04 5.98 5.98 5.81 5.81
1995-09-07 6.2 6.36 6.1 6.1
1995-09-14 5.93 6.1 5.85 5.85
1995-09-27 5.65 5.76 5.58 5.58
1995-09-28 5.64 5.65 5.5 5.5
1995-10-04 5.64 5.65 5.6 5.6
1995-10-10 5.6 5.8 5.55 5.55
1995-10-11 5.65 5.7 5.39 5.39
1995-12-26 5.0 5.18 5.0 5.0
1995-12-27 5.01 5.17 4.96 4.96
1996-01-04 4.9 4.9 4.55 4.55
1996-01-09 4.81 4.81 4.65 4.65
1996-01-11 4.63 4.7 4.6 4.6
1996-01-15 4.63 4.7 4.55 4.55
1996-01-16 4.61 4.69 4.59 4.59
1996-01-19 4.31 4.31 4.21 4.21
1996-01-23 4.26 4.28 4.2 4.2
1996-01-29 4.31 4.35 4.25 4.25
1996-01-30 4.35 4.38 4.3 4.3
1996-01-31 4.38 4.4 4.25 4.25
1996-02-01 4.41 4.43 4.3 4.3
1996-02-13 4.38 4.43 4.38 4.38
1996-03-07 4.88 4.88 4.65 4.65
1996-03-13 4.75 4.85 4.75 4.75
1996-03-15 4.7 4.76 4.65 4.65
1996-03-18 4.82 4.88 4.75 4.75
1996-04-03 4.95 4.95 4.79 4.79
1996-04-05 5.08 5.1 4.85 4.85
1996-04-10 5.04 5.1 5.0 5.0
1996-04-17 5.18 5.22 5.13 5.13
1996-04-26 6.5 6.58 5.86 5.86
1996-05-06 5.62 5.68 5.5 5.5
1996-06-14 6.25 6.35 6.2 6.2
1996-06-18 6.85 6.85 6.08 6.08
1996-07-03 6.56 7.25 6.48 6.48
1996-07-24 7.9 7.99 7.55 7.55
1996-08-12 7.94 7.99 7.18 7.18
1996-09-03 7.0 7.0 6.76 6.76
1996-10-22 8.43 8.43 7.99 7.99
1996-11-27 7.68 7.7 7.48 7.48
1996-12-16 6.93 6.93 6.93 6.93
1996-12-17 6.24 6.24 6.24 6.24
1996-12-18 6.36 6.8 5.62 5.62
1996-12-20 5.15 5.35 5.15 5.15
1997-01-07 4.7 4.81 4.6 4.6
1997-01-20 4.89 5.02 4.81 4.81
1997-01-31 5.11 5.16 5.0 5.0
1997-02-19 5.43 5.43 5.01 5.01
1997-02-20 5.97 5.97 4.89 4.89
1997-02-28 6.39 6.48 6.0 6.0
1997-03-19 6.66 6.8 6.6 6.6
1997-03-25 8.11 8.11 7.28 7.28
1997-04-01 8.8 8.8 8.35 8.35
1997-05-06 7.4 7.5 7.16 7.16
1997-05-12 8.12 8.12 7.6 7.6
1997-05-16 7.07 7.68 7.07 7.07
1997-05-20 7.18 7.3 7.05 7.05
1997-06-02 6.59 6.59 6.25 6.25
1997-06-12 5.98 6.09 5.78 5.78
1997-06-13 6.01 6.05 5.58 5.58
1997-07-15 5.03 5.1 4.8 4.8
1997-07-16 5.1 5.5 5.03 5.03
1997-07-18 5.03 5.06 4.98 4.98
1997-07-23 5.13 5.45 5.0 5.0
1997-08-07 5.19 5.23 5.0 5.0
1997-08-27 5.39 5.43 5.11 5.11
1997-09-10 6.1 6.1 5.72 5.72
1997-09-24 6.35 6.35 5.91 5.91
1997-11-11 5.58 5.68 5.48 5.48
1997-11-21 5.2 5.35 5.2 5.2
1997-11-25 5.05 5.15 5.0 5.0
1997-11-28 5.15 5.15 5.0 5.0
1997-12-29 5.32 5.45 5.23 5.23
1998-01-14 5.52 5.67 5.3 5.3
1998-01-22 5.57 5.68 5.45 5.45
1998-01-23 5.63 5.65 5.45 5.45
1998-02-17 6.6 6.6 6.06 6.06
1998-02-20 7.15 7.38 6.85 6.85
1998-03-11 6.6 6.75 6.6 6.6
1998-04-06 10.66 10.66 9.75 9.75
1998-04-14 10.35 10.36 9.38 9.38
1998-04-30 11.19 11.65 10.45 10.45
1998-05-05 12.5 12.78 11.55 11.55
1998-07-21 7.68 7.84 7.42 7.42
1998-07-24 7.96 8.16 7.65 7.65
1998-09-08 7.13 7.35 7.01 7.01
1998-09-16 8.0 8.01 7.45 7.45
1998-09-29 7.33 7.56 7.2 7.2
1998-12-02 6.4 6.41 6.3 6.3
1999-01-08 6.2 6.22 6.06 6.06
1999-01-27 6.42 6.48 6.22 6.22
1999-03-12 6.36 6.43 6.24 6.24
1999-03-30 6.46 6.65 6.45 6.45
1999-05-11 7.0 7.15 6.8 6.8
1999-05-27 7.62 7.77 7.35 7.35
1999-06-16 8.92 8.92 8.3 8.3
1999-06-18 9.79 9.79 8.99 8.99
1999-07-08 9.4 9.77 9.38 9.38
1999-07-23 9.59 9.72 9.3 9.3
1999-08-13 9.62 10.0 9.6 9.6
1999-08-23 11.7 12.17 11.5 11.5
1999-08-26 11.69 11.87 11.15 11.15
1999-09-08 11.52 11.62 11.23 11.23
1999-09-21 11.25 11.4 10.99 10.99
1999-09-28 10.78 11.0 10.75 10.75
1999-10-14 10.15 10.4 10.0 10.0
1999-10-26 10.0 10.05 9.55 9.55
1999-11-01 9.83 10.09 9.75 9.75
2000-03-07 12.85 13.68 12.5 12.5
2000-03-17 14.85 14.85 13.5 13.5
2000-03-29 16.1 16.6 15.58 15.58
2000-04-18 14.8 15.38 13.98 13.98
2000-06-15 15.21 15.38 15.1 15.1
2000-06-20 14.9 15.19 14.6 14.6
2000-06-28 15.15 15.45 15.1 15.1
2000-07-07 14.52 14.7 14.38 14.38
2000-07-14 14.85 15.25 14.75 14.75
2000-08-10 15.2 15.26 14.82 14.82
2000-09-07 14.62 14.84 14.52 14.52
2000-09-14 15.54 15.7 15.2 15.2
2000-09-26 14.44 14.58 14.29 14.29
2000-09-29 14.9 14.95 14.21 14.21
2000-11-01 14.07 14.2 14.01 14.01
2000-11-14 14.49 14.53 14.2 14.2
2000-12-06 14.31 14.6 14.2 14.2
2000-12-22 14.17 14.2 14.0 14.0
2001-01-03 14.65 14.76 14.3 14.3
2001-01-18 13.75 13.84 13.75 13.75
2001-01-19 13.99 14.08 13.9 13.9
2001-02-26 12.05 12.1 11.68 11.68
2001-03-01 12.24 12.35 12.05 12.05
2001-03-02 11.64 11.7 11.55 11.55
2001-03-06 11.81 11.82 11.76 11.76
2001-03-14 11.78 11.79 11.6 11.6
2001-03-16 12.04 12.15 11.87 11.87
2001-03-21 12.96 13.2 12.42 12.42
2001-03-26 12.9 12.98 12.75 12.75
2001-04-09 12.79 12.87 12.4 12.4
2001-04-19 13.1 13.11 12.8 12.8
2001-05-08 12.56 12.66 12.52 12.52
2001-05-11 13.15 13.15 12.88 12.88
2001-06-01 13.2 13.4 12.94 12.94
2001-06-11 13.18 13.4 13.1 13.1
2001-06-19 12.68 12.76 12.57 12.57
2001-06-21 12.66 12.75 12.6 12.6
2001-07-20 13.93 14.1 13.5 13.5
2001-07-26 13.83 13.95 13.7 13.7
2001-08-09 13.05 13.13 12.75 12.75
2001-09-14 11.86 12.3 11.65 11.65
2001-09-25 11.39 11.62 11.35 11.35
2001-10-09 10.94 11.1 10.8 10.8
2001-11-19 10.23 10.25 10.01 10.01
2001-11-20 10.4 10.58 10.1 10.1
2001-11-30 10.7 10.8 10.51 10.51
2002-01-29 7.49 7.59 7.01 7.01
2002-01-31 8.33 8.33 7.67 7.67
2002-03-14 9.64 9.68 9.3 9.3
2002-03-25 9.77 9.82 9.65 9.65
2002-03-28 9.66 9.85 9.6 9.6
2002-04-08 9.23 9.29 9.11 9.11
2002-04-12 9.48 9.61 9.43 9.43
2002-04-26 9.22 9.27 9.01 9.01
2002-04-29 9.42 9.49 9.22 9.22
2002-06-20 8.1 8.24 8.07 8.07
2002-06-21 8.46 8.54 8.1 8.1
2002-07-02 9.67 9.69 9.28 9.28
2002-07-12 9.3 9.33 9.2 9.2
2002-07-19 9.29 9.32 9.16 9.16
2002-07-29 9.06 9.08 9.0 9.0
2002-08-02 9.02 9.1 8.92 8.92
2002-08-06 9.07 9.1 8.9 8.9
2002-08-20 8.97 9.02 8.8 8.8
2002-09-03 9.12 9.16 9.0 9.0
2002-10-16 7.99 8.15 7.95 7.95
2002-11-05 8.09 8.12 7.96 7.96
2002-12-09 7.04 7.12 7.0 7.0
2002-12-12 6.9 7.0 6.88 6.88
2002-12-23 7.19 7.37 7.12 7.12
2003-01-06 6.4 6.44 6.33 6.33
2003-01-24 6.94 6.97 6.8 6.8
2003-01-28 7.1 7.12 7.03 7.03
2003-02-14 7.2 7.25 7.1 7.1
2003-02-25 7.24 7.28 7.05 7.05
2003-03-07 7.04 7.11 7.02 7.02
2003-05-15 6.39 6.39 6.19 6.19
2003-05-26 6.35 6.37 6.29 6.29
2003-06-11 6.46 6.47 6.35 6.35
2003-06-13 6.46 6.47 6.38 6.38
2003-06-24 6.22 6.26 6.18 6.18
2003-07-16 5.89 5.89 5.82 5.82
2003-07-29 5.45 5.47 5.4 5.4
2003-08-15 5.67 5.76 5.65 5.65
2003-08-28 5.47 5.5 5.43 5.43
2003-09-08 6.16 6.27 6.05 6.05
2003-10-24 5.35 5.43 5.26 5.26
2003-11-10 4.75 4.76 4.69 4.69
2003-11-13 4.73 4.75 4.68 4.68
2003-11-14 4.85 4.87 4.75 4.75
2003-11-19 4.9 4.96 4.72 4.72
2003-11-24 5.12 5.15 4.91 4.91
2003-11-28 5.08 5.13 5.02 5.02
2003-12-01 5.2 5.21 5.07 5.07
2003-12-26 5.05 5.15 5.01 5.01
2004-03-12 6.06 6.13 5.99 5.99
2004-06-03 6.31 6.43 6.13 6.13
2004-06-18 5.5 5.58 5.18 5.18
2004-07-07 5.17 5.22 5.11 5.11
2004-08-18 4.31 4.39 4.31 4.31
2004-08-27 4.12 4.19 4.1 4.1
2004-09-14 4.63 4.7 4.48 4.48
2005-01-05 4.12 4.26 3.92 3.92
2005-01-19 4.12 4.18 4.03 4.03
2005-01-31 3.49 3.49 3.49 3.49
2005-02-01 3.15 3.3 3.14 3.14
2005-03-25 2.96 2.97 2.92 2.92
2005-04-07 2.92 2.99 2.83 2.83
2005-04-18 2.81 2.86 2.76 2.76
2005-04-25 2.7 2.7 2.47 2.47
2005-05-27 2.53 2.62 2.51 2.51
2005-06-08 2.82 2.87 2.62 2.62
2005-07-06 2.4 2.44 2.38 2.38
2005-07-12 2.4 2.4 2.28 2.28
2005-07-26 2.26 2.29 2.17 2.17
2005-07-27 2.4 2.45 2.33 2.33
2005-08-11 2.75 2.78 2.69 2.69
2005-08-17 3.05 3.1 2.93 2.93
2005-10-12 2.79 2.82 2.75 2.75
2005-11-02 2.46 2.48 2.35 2.35
2005-11-04 2.47 2.49 2.42 2.42
2005-12-09 2.53 2.54 2.44 2.44
2005-12-21 2.75 2.75 2.67 2.67
2006-10-09 3.52 3.6 3.36 3.36
2006-11-22 3.19 3.22 3.14 3.14
2007-03-08 5.54 5.54 5.05 5.05
2007-03-20 5.91 5.94 5.64 5.64
2007-03-26 6.47 6.5 6.08 6.08
2007-04-17 7.15 7.2 6.8 6.8
2007-04-20 8.04 8.05 7.36 7.36
2007-04-30 8.97 9.18 8.4 8.4
2007-07-17 6.41 6.53 6.25 6.25
2007-07-30 7.25 7.39 7.2 7.2
2007-10-26 5.92 5.99 5.72 5.72
2007-11-27 6.22 6.26 6.03 6.03
2007-12-19 6.91 7.05 6.84 6.84
2008-03-05 16.89 17.02 14.88 14.88
2008-05-22 13.12 13.87 13.01 13.01
2008-07-07 10.46 10.78 9.96 9.96
2008-07-11 10.72 11.05 10.4 10.4
2008-10-22 5.04 5.28 4.98 4.98
2008-12-02 6.51 6.51 6.51 6.51
2009-02-06 8.63 8.79 8.41 8.41
2009-02-20 9.97 10.2 9.67 9.67
2009-03-02 8.26 8.38 8.04 8.04
2009-04-20 9.36 9.39 9.15 9.15
2009-05-12 9.69 9.78 9.23 9.23
2009-05-19 9.63 9.69 9.52 9.52
2009-05-21 10.03 10.3 9.91 9.91
2009-06-19 9.43 9.54 9.36 9.36
2009-07-20 10.01 10.18 9.84 9.84
2009-09-11 9.48 9.48 8.55 8.55
2009-10-09 8.25 8.31 7.92 7.92
2009-11-02 9.58 9.58 8.87 8.87
2009-11-09 12.17 12.17 11.21 11.21
2009-12-07 10.81 10.98 10.46 10.46
2009-12-24 9.86 9.9 9.5 9.5
2010-01-15 10.73 10.76 10.45 10.45
2010-02-25 9.86 9.9 9.69 9.69
2010-04-14 10.27 10.34 10.12 10.12
2010-05-24 7.26 7.34 6.94 6.94
2010-07-14 7.12 7.5 6.87 6.87
2010-10-15 8.46 8.57 8.1 8.1
2010-11-01 8.8 8.86 8.56 8.56
2010-12-14 9.06 9.28 8.53 8.53
2011-02-10 7.67 7.69 7.48 7.48
2011-03-04 8.44 8.5 8.33 8.33
2011-03-14 8.78 8.8 8.57 8.57
2011-04-12 8.45 8.53 8.32 8.32
2011-04-20 8.79 8.84 8.64 8.64
2011-05-05 8.06 8.38 7.86 7.86
2011-06-21 7.49 7.6 7.19 7.19
2011-08-04 7.27 7.33 7.22 7.22
2011-08-09 6.48 6.54 6.22 6.22
2011-08-25 6.75 6.77 6.6 6.6
2011-09-27 6.41 6.51 6.36 6.36
2011-10-13 6.49 6.5 6.26 6.26
2012-02-09 5.28 5.33 5.23 5.23
2012-03-02 5.65 5.66 5.53 5.53
2012-03-08 5.74 5.82 5.59 5.59
2012-03-16 5.58 5.61 5.42 5.42
2012-04-05 5.19 5.21 5.05 5.05
2012-04-11 5.7 5.88 5.38 5.38
2012-04-12 5.71 5.78 5.62 5.62
2012-05-29 5.73 5.78 5.6 5.6
2012-06-15 5.41 5.41 5.34 5.34
2012-06-26 5.13 5.15 5.06 5.06
2012-07-11 5.0 5.03 4.95 4.95
2012-07-24 6.35 6.35 5.92 5.92
2012-08-17 5.64 5.68 5.55 5.55
2012-08-29 5.24 5.27 5.18 5.18
2012-10-09 5.25 5.26 5.15 5.15
2012-10-12 5.24 5.31 5.21 5.21
2012-10-19 5.39 5.48 5.35 5.35
2012-12-18 4.98 5.06 4.93 4.93
2012-12-19 4.97 4.99 4.94 4.94
2012-12-24 4.96 4.99 4.93 4.93
2012-12-28 5.54 5.58 5.12 5.12
2013-01-09 5.33 5.37 5.28 5.28
2013-01-14 5.67 5.67 5.67 5.67
2013-01-15 6.24 6.24 6.24 6.24
2013-02-20 5.88 5.93 5.7 5.7
2013-02-25 5.79 5.82 5.7 5.7
2013-04-19 5.83 5.87 5.72 5.72
2013-05-20 5.73 5.79 5.7 5.7
2013-07-23 5.76 5.78 5.58 5.58
2013-08-08 5.59 5.64 5.52 5.52
2013-08-12 5.8 5.82 5.6 5.6
2013-08-13 5.8 5.86 5.75 5.75
2013-08-14 5.82 5.95 5.77 5.77
2013-09-06 7.93 8.2 7.52 7.52
2013-09-18 7.69 7.84 7.49 7.49
2013-10-11 7.49 7.55 7.1 7.1
2013-11-01 6.97 7.05 6.72 6.72
2013-12-04 8.78 8.93 8.18 8.18
2014-01-20 9.42 9.68 9.19 9.19
2014-03-21 11.0 11.19 10.1 10.1
2014-04-01 9.34 9.48 9.17 9.17
2014-04-29 8.34 8.35 8.12 8.12
2014-04-30 8.48 8.58 8.34 8.34
2014-05-08 8.51 8.74 8.45 8.45
2014-05-22 8.32 8.44 8.31 8.31
2014-06-30 8.51 8.59 8.36 8.36
2014-07-04 9.13 9.39 9.01 9.01
2014-07-10 8.59 8.67 8.51 8.51
2014-07-18 9.06 9.13 9.02 9.02
2014-08-27 9.99 10.03 9.88 9.88
2014-09-02 10.25 10.33 10.03 10.03
2014-10-28 10.71 10.78 10.43 10.43
2014-12-02 12.4 12.62 12.28 12.28
2015-01-08 11.78 12.39 11.55 11.55
2015-01-26 13.89 13.89 12.7 12.7
2015-05-11 17.94 18.02 17.0 17.0
2015-06-02 21.12 21.2 20.02 20.02
2015-07-08 8.37 8.77 8.37 8.37
2015-07-28 15.62 15.89 13.68 13.68
2015-08-10 17.48 17.69 16.5 16.5
2015-08-25 12.96 13.75 12.96 12.96
2015-09-10 19.44 21.47 19.39 19.39
2015-10-22 27.98 27.98 25.9 25.9
2015-11-06 26.98 27.25 26.54 26.54
2015-12-18 27.58 28.5 26.73 26.73
2016-01-05 31.3 31.33 27.07 27.07
2016-02-15 19.81 20.21 19.05 19.05
2016-02-17 20.98 21.18 20.35 20.35
2016-03-25 23.36 23.36 21.7 21.7
2016-05-04 20.8 21.43 19.95 19.95
2016-06-06 18.89 19.43 18.67 18.67
2016-07-15 17.16 17.33 16.93 16.93
2016-07-21 18.22 18.59 16.91 16.91
2016-07-22 18.63 19.18 18.06 18.06
2016-09-19 15.76 15.77 15.56 15.56
2016-12-16 15.91 16.37 15.86 15.86
2016-12-29 15.61 15.75 15.5 15.5
2017-02-06 14.74 14.84 14.5 14.5
2017-02-15 16.46 16.46 15.08 15.08
2017-03-10 15.09 15.26 15.05 15.05
2017-03-16 15.36 15.37 15.16 15.16
2017-04-05 14.76 15.0 14.43 14.43
2017-06-15 11.94 11.98 11.55 11.55
2017-07-13 11.95 12.04 11.82 11.82
2017-07-20 11.13 11.38 10.83 10.83
2017-07-26 10.95 11.05 10.82 10.82
2017-08-01 11.62 12.12 11.2 11.2
2017-08-29 12.26 12.32 11.96 11.96
