1994-02-02 9.9 9.95 9.59 9.59
1994-03-01 9.0 9.28 8.61 8.61
1994-03-29 10.16 10.3 9.9 9.9
1994-04-21 8.78 8.85 7.6 7.6
1994-04-26 9.25 9.4 8.68 8.68
1994-05-04 9.6 9.68 9.25 9.25
1994-05-27 9.3 9.5 9.18 9.18
1994-06-01 9.2 9.35 9.1 9.1
1994-06-02 9.15 9.3 9.01 9.01
1994-06-06 9.34 9.48 9.24 9.24
1994-07-08 6.8 6.85 6.51 6.51
1994-08-10 9.7 9.8 8.1 8.1
1994-08-16 9.06 9.44 8.7 8.7
1994-08-22 8.4 8.6 8.18 8.18
1994-09-21 12.2 12.2 11.2 11.2
1994-09-26 10.8 10.92 10.2 10.2
1994-09-28 11.05 11.06 10.62 10.62
1994-10-20 8.28 8.36 7.6 7.6
1994-10-27 8.36 8.38 8.0 8.0
1994-11-08 8.97 8.97 8.36 8.36
1994-11-21 8.44 8.52 8.3 8.3
1994-12-16 8.35 8.55 7.89 7.89
1994-12-21 8.25 8.6 8.05 8.05
1995-01-06 7.56 7.65 7.5 7.5
1995-01-10 7.32 7.4 7.25 7.25
1995-01-16 6.9 7.0 6.89 6.89
1995-01-26 6.48 6.51 6.39 6.39
1995-02-20 6.31 6.5 6.26 6.26
1995-03-16 6.68 6.68 6.5 6.5
1995-03-17 6.87 6.9 6.65 6.65
1995-03-31 7.24 7.28 7.05 7.05
1995-04-06 7.15 7.16 6.61 6.61
1995-04-12 6.95 6.97 6.85 6.85
1995-05-02 6.21 6.3 6.16 6.16
1995-05-03 6.27 6.31 6.26 6.26
1995-05-09 6.29 6.35 6.25 6.25
1995-05-12 6.3 6.47 6.08 6.08
1995-05-19 9.6 9.85 8.5 8.5
1995-06-02 7.76 7.87 7.6 7.6
1995-06-09 7.45 7.5 7.25 7.25
1995-06-12 7.35 7.39 7.2 7.2
1995-06-13 7.39 7.48 7.35 7.35
1995-06-19 6.75 6.88 6.7 6.7
1995-06-26 7.0 7.18 6.75 6.75
1995-07-05 7.28 7.35 6.8 6.8
1995-07-12 7.09 7.5 7.0 7.0
1995-07-17 7.36 7.46 7.0 7.0
1995-07-31 7.21 7.23 7.15 7.15
1995-08-01 7.4 7.43 7.16 7.16
1995-08-14 7.9 8.3 7.35 7.35
1995-08-30 7.1 7.18 6.9 6.9
1995-09-05 7.2 7.42 7.18 7.18
1995-10-05 7.1 7.21 6.95 6.95
1995-10-06 7.18 7.25 6.6 6.6
1995-10-16 7.14 7.25 7.05 7.05
1995-10-17 7.14 7.25 7.05 7.05
1995-10-25 7.47 7.78 7.3 7.3
1995-10-31 7.08 7.24 7.05 7.05
1995-11-02 7.11 7.18 7.05 7.05
1995-11-14 6.9 6.92 6.82 6.82
1995-11-16 6.86 6.95 6.85 6.85
1995-11-28 6.7 6.74 6.62 6.62
1995-12-01 6.72 6.97 6.51 6.51
1995-12-05 6.74 6.74 6.56 6.56
1995-12-15 6.43 6.5 6.38 6.38
1996-01-08 5.2 5.26 5.0 5.0
1996-01-09 5.35 5.38 5.21 5.21
1996-01-15 5.21 5.25 5.08 5.08
1996-01-26 5.09 5.12 4.95 4.95
1996-01-29 5.08 5.12 5.03 5.03
1996-01-31 5.16 5.22 5.05 5.05
1996-02-09 5.15 5.16 5.09 5.09
1996-02-13 5.18 5.2 5.11 5.11
1996-02-16 5.4 5.45 5.2 5.2
1996-03-07 5.42 5.46 5.32 5.32
1996-03-08 5.85 5.85 5.31 5.31
1996-03-14 5.5 5.55 5.5 5.5
1996-03-25 5.5 5.55 5.48 5.48
1996-03-27 5.58 5.58 5.4 5.4
1996-03-28 5.42 5.49 5.38 5.38
1996-04-02 5.79 5.94 5.7 5.7
1996-04-03 5.92 5.92 5.7 5.7
1996-04-04 5.86 5.92 5.8 5.8
1996-04-16 5.97 6.03 5.87 5.87
1996-04-24 6.59 6.77 6.2 6.2
1996-04-26 6.82 6.99 6.4 6.4
1996-05-08 5.95 6.0 5.9 5.9
1996-05-14 5.96 5.99 5.94 5.94
1996-05-31 5.51 5.6 5.46 5.46
1996-06-04 5.48 5.8 5.42 5.42
1996-06-07 5.79 5.85 5.45 5.45
1996-06-27 5.6 5.74 5.6 5.6
1996-07-02 5.25 5.32 5.2 5.2
1996-07-16 5.35 5.35 5.09 5.09
1996-07-22 6.41 6.6 6.2 6.2
1996-07-24 6.15 6.55 6.08 6.08
1996-08-01 5.8 5.98 5.6 5.6
1996-08-27 5.05 5.07 4.8 4.8
1996-08-30 5.18 5.2 5.1 5.1
1996-09-05 5.21 5.32 5.16 5.16
1996-09-13 5.21 5.24 4.95 4.95
1996-09-20 5.09 5.1 4.92 4.92
1996-09-26 5.12 5.19 5.05 5.05
1996-10-28 6.81 6.9 6.41 6.41
1996-11-05 6.0 6.31 5.71 5.71
1996-12-16 6.13 7.47 6.13 6.13
1996-12-18 6.05 6.05 5.26 5.26
1997-01-07 5.26 5.29 5.11 5.11
1997-01-09 5.22 5.3 5.19 5.19
1997-01-16 5.28 5.32 5.22 5.22
1997-01-21 5.49 5.53 5.3 5.3
1997-01-31 5.6 5.6 5.49 5.49
1997-02-19 6.0 6.0 5.55 5.55
1997-02-20 6.6 6.6 5.4 5.4
1997-02-25 6.6 6.83 6.55 6.55
1997-02-27 6.4 6.71 6.0 6.0
1997-03-17 7.81 7.81 7.18 7.18
1997-03-21 8.0 8.01 7.0 7.0
1997-03-28 9.77 9.77 8.88 8.88
1997-04-10 11.2 11.5 10.95 10.95
1997-04-14 11.4 11.65 10.91 10.91
1997-04-16 11.8 12.48 11.45 11.45
1997-04-23 11.84 12.1 10.9 10.9
1997-05-16 13.01 14.25 13.01 13.01
1997-05-19 12.6 13.0 12.0 12.0
1997-05-21 12.35 13.2 12.0 12.0
1997-06-04 13.27 13.38 12.7 12.7
1997-06-13 14.18 14.25 13.3 13.3
1997-06-19 14.78 15.3 14.4 14.4
1997-06-24 15.5 15.7 15.18 15.18
1997-07-04 13.56 13.9 13.0 13.0
1997-07-09 12.6 12.6 11.7 11.7
1997-07-10 13.4 13.86 12.9 12.9
1997-07-11 13.88 14.0 13.65 13.65
1997-07-18 12.04 12.39 11.5 11.5
1997-08-20 8.2 8.42 8.1 8.1
1997-08-27 8.75 8.78 7.78 7.78
1997-09-01 8.96 9.0 8.65 8.65
1997-09-05 9.29 9.35 8.7 8.7
1997-09-10 9.56 9.75 9.38 9.38
1997-09-18 8.4 8.45 8.25 8.25
1997-09-19 8.64 8.8 8.4 8.4
1997-09-24 7.5 7.51 7.1 7.1
1997-10-24 7.36 7.44 7.31 7.31
1997-10-29 7.46 7.65 7.35 7.35
1997-11-21 7.39 7.45 7.2 7.2
1997-12-05 7.13 7.25 7.1 7.1
1997-12-31 6.48 6.56 6.35 6.35
1998-01-06 6.6 6.66 6.38 6.38
1998-01-14 6.36 6.5 6.05 6.05
1998-01-15 6.44 6.49 6.2 6.2
1998-02-18 7.0 7.0 6.86 6.86
1998-03-04 7.09 7.18 6.81 6.81
1998-03-26 6.83 6.9 6.46 6.46
1998-04-07 8.45 8.75 8.0 8.0
1998-04-15 7.68 7.84 7.47 7.47
1998-04-17 7.6 7.8 7.4 7.4
1998-04-20 8.1 8.1 7.53 7.53
1998-04-30 7.4 7.45 7.25 7.25
1998-05-06 7.74 7.75 7.43 7.43
1998-05-22 10.98 11.27 10.4 10.4
1998-05-29 11.72 12.3 11.22 11.22
1998-07-23 9.28 9.28 8.95 8.95
1998-07-24 9.69 9.8 9.3 9.3
1998-08-13 8.81 8.86 8.4 8.4
1998-08-21 8.38 8.4 8.1 8.1
1998-08-31 8.4 8.4 7.68 7.68
1998-09-03 8.36 8.48 8.3 8.3
1998-09-07 8.88 9.0 8.63 8.63
1998-09-14 9.94 10.08 9.53 9.53
1998-09-16 10.98 10.98 9.94 9.94
1998-10-15 11.85 12.3 11.7 11.7
1998-10-19 11.58 11.76 11.39 11.39
1998-10-23 12.06 12.3 11.85 11.85
1998-11-12 10.63 10.98 10.6 10.6
1998-11-20 10.44 10.8 10.1 10.1
1998-12-08 9.42 9.5 9.2 9.2
1999-01-06 8.25 8.34 8.0 8.0
1999-01-22 8.0 8.16 8.0 8.0
1999-01-27 8.1 8.2 7.68 7.68
1999-01-28 8.24 8.55 8.16 8.16
1999-02-02 8.1 8.14 7.99 7.99
1999-02-03 8.03 8.09 8.01 8.01
1999-03-02 8.91 8.91 8.1 8.1
1999-03-10 9.31 9.57 8.8 8.8
1999-03-11 9.48 9.6 9.2 9.2
1999-03-12 9.62 10.0 9.55 9.55
1999-03-18 9.13 9.28 9.13 9.13
1999-03-23 9.24 9.25 9.1 9.1
1999-03-26 9.03 9.18 8.89 8.89
1999-03-29 9.33 9.42 9.05 9.05
1999-04-01 9.42 9.45 9.12 9.12
1999-04-09 10.35 10.35 9.4 9.4
1999-04-23 8.52 8.61 8.45 8.45
1999-04-29 7.79 8.02 7.41 7.41
1999-05-06 7.77 7.84 7.7 7.7
1999-05-18 6.68 6.88 6.55 6.55
1999-05-19 7.0 7.0 6.69 6.69
1999-05-20 7.35 7.35 7.05 7.05
1999-06-01 7.43 7.43 7.08 7.08
1999-06-09 7.88 8.1 7.8 7.8
1999-06-17 7.41 7.74 7.41 7.41
1999-07-07 8.15 8.3 7.92 7.92
1999-08-18 9.35 9.35 8.85 8.85
1999-08-19 9.82 9.82 9.6 9.6
1999-09-13 9.28 9.48 9.2 9.2
1999-09-16 9.48 9.7 9.45 9.45
1999-09-20 9.74 9.86 9.72 9.72
1999-09-24 9.25 9.52 9.09 9.09
1999-10-15 8.51 8.58 8.18 8.18
1999-10-29 8.5 8.73 8.3 8.3
1999-11-04 8.59 8.72 8.33 8.33
1999-11-12 8.75 8.75 8.38 8.38
1999-11-17 8.86 8.92 8.61 8.61
1999-11-29 8.91 8.94 8.68 8.68
1999-12-03 9.26 9.3 9.03 9.03
1999-12-28 7.4 7.47 7.26 7.26
2000-01-12 7.19 7.19 7.19 7.19
2000-01-13 6.84 7.08 6.83 6.83
2000-02-23 7.14 7.14 7.14 7.14
2000-02-25 6.78 7.25 6.78 6.78
2000-03-06 7.62 7.62 7.3 7.3
2000-03-08 7.68 7.72 7.4 7.4
2000-03-21 10.04 10.04 10.0 10.0
2000-03-22 10.54 10.54 10.54 10.54
2000-03-23 11.07 11.07 11.07 11.07
2000-03-24 11.62 11.62 11.62 11.62
2000-03-27 12.2 12.2 12.2 12.2
2000-03-28 12.81 12.81 12.81 12.81
2000-04-04 13.39 13.39 13.39 13.39
2000-04-05 12.72 12.72 12.72 12.72
2000-04-06 13.36 13.36 12.08 12.08
2000-04-17 13.0 13.1 12.3 12.3
2000-04-20 11.77 11.77 11.77 11.77
2000-04-21 11.68 12.09 11.18 11.18
2000-04-25 11.1 11.45 11.1 11.1
2000-04-28 11.63 11.63 10.53 10.53
2000-05-10 11.73 12.05 11.5 11.5
2000-05-16 11.42 11.55 11.01 11.01
2000-06-02 11.35 11.35 10.86 10.86
2000-06-07 11.45 11.5 11.15 11.15
2000-06-08 12.02 12.02 11.5 11.5
2000-06-15 12.02 12.02 12.02 12.02
2000-06-19 10.85 10.85 10.85 10.85
2000-06-20 10.31 10.31 10.31 10.31
2000-07-20 10.5 10.5 10.11 10.11
2000-07-26 10.88 11.25 10.81 10.81
2000-08-21 13.05 13.25 12.7 12.7
2000-09-08 11.38 11.39 10.96 10.96
2000-09-29 11.77 11.9 11.55 11.55
2000-10-09 12.25 12.35 11.8 11.8
2000-10-25 12.9 12.95 12.59 12.59
2000-11-14 12.77 12.8 12.26 12.26
2000-11-17 13.26 13.38 13.06 13.06
2000-11-22 13.95 13.95 13.25 13.25
2000-12-06 14.71 15.03 14.5 14.5
2000-12-20 15.5 15.65 14.9 14.9
2000-12-25 17.01 17.01 17.01 17.01
2000-12-26 17.86 17.86 17.86 17.86
2001-01-09 15.14 15.2 15.14 15.14
2001-01-10 15.17 15.8 14.38 14.38
2001-01-18 13.94 13.99 13.4 13.4
2001-02-09 12.5 12.75 11.96 11.96
2001-02-12 13.13 13.13 12.38 12.38
2001-02-13 13.79 13.79 13.3 13.3
2001-02-15 13.16 13.69 13.01 13.01
2001-02-21 12.36 12.36 12.36 12.36
2001-02-22 11.74 11.74 11.74 11.74
2001-02-27 11.8 11.9 11.18 11.18
2001-03-09 12.88 13.1 12.8 12.8
2001-03-12 13.2 13.25 12.9 12.9
2001-03-15 14.02 14.02 13.3 13.3
2001-04-06 13.13 13.46 13.0 13.0
2001-04-11 13.35 13.77 13.35 13.35
2001-04-13 12.34 12.85 12.34 12.34
2001-04-16 11.72 12.0 11.72 11.72
2001-04-18 11.47 11.87 11.45 11.45
2001-05-18 11.35 11.35 11.35 11.35
2001-05-25 11.15 11.15 11.15 11.15
2001-06-01 11.71 11.71 11.71 11.71
2001-06-08 12.3 12.3 12.3 12.3
2001-06-15 12.92 12.92 12.92 12.92
2001-06-22 13.57 13.57 13.57 13.57
2001-08-03 14.25 14.25 14.25 14.25
2001-08-10 14.23 14.23 14.23 14.23
2001-08-17 13.6 13.6 13.6 13.6
2001-08-24 13.1 13.1 13.1 13.1
2001-08-31 13.1 13.1 13.1 13.1
2001-09-07 13.36 13.36 13.36 13.36
2001-09-14 13.2 13.2 13.2 13.2
2001-09-21 13.05 13.05 13.05 13.05
2001-09-28 12.85 12.85 12.85 12.85
2001-10-12 12.39 12.39 12.39 12.39
2001-10-19 11.8 11.8 11.8 11.8
2001-10-26 12.0 12.0 12.0 12.0
2001-11-02 12.0 12.0 12.0 12.0
2001-11-09 12.0 12.0 12.0 12.0
2001-11-16 11.99 11.99 11.99 11.99
2001-11-23 11.8 11.8 11.8 11.8
2001-11-30 11.8 11.8 11.8 11.8
2001-12-07 11.8 11.8 11.8 11.8
2001-12-14 11.8 11.8 11.8 11.8
2001-12-21 11.5 11.5 11.5 11.5
2001-12-28 11.79 11.79 11.79 11.79
2005-03-23 5.45 5.58 5.38 5.38
2005-03-29 5.76 5.95 5.48 5.48
2005-04-13 6.42 6.6 6.22 6.22
2005-04-20 6.06 6.2 5.9 5.9
2005-04-26 5.84 5.87 5.6 5.6
2005-05-18 5.31 5.32 5.2 5.2
2005-05-27 5.64 5.64 5.64 5.64
2005-06-16 5.9 5.98 5.66 5.66
2005-06-20 6.0 6.05 5.7 5.7
2005-06-24 6.01 6.02 5.85 5.85
2005-07-06 5.28 5.37 5.21 5.21
2005-07-07 5.33 5.36 5.28 5.28
2005-07-20 5.11 5.18 5.01 5.01
2005-08-02 5.33 5.34 5.22 5.22
2005-08-03 5.39 5.6 5.33 5.33
2005-08-08 5.58 5.67 5.5 5.5
2005-08-12 7.14 7.14 6.65 6.65
2005-09-13 7.37 7.37 7.1 7.1
2005-09-15 7.5 7.61 7.33 7.33
2005-09-16 7.42 7.52 7.35 7.35
2005-09-19 7.53 7.55 7.38 7.38
2005-09-28 7.48 7.59 7.19 7.19
2005-09-29 7.97 8.04 7.44 7.44
2005-10-24 8.31 8.4 8.18 8.18
2005-10-31 7.4 7.65 7.02 7.02
2005-11-03 7.82 7.98 7.78 7.78
2006-10-16 8.31 8.45 7.88 7.88
2006-11-23 6.93 7.14 6.67 6.67
2006-11-24 6.92 6.99 6.78 6.78
2006-12-04 7.19 7.3 7.1 7.1
2006-12-11 6.75 6.8 6.51 6.51
2007-01-08 6.82 6.83 6.54 6.54
2007-02-05 7.78 7.9 7.7 7.7
2007-02-12 7.95 8.06 7.9 7.9
2007-02-28 8.67 8.75 8.01 8.01
2007-03-20 10.68 11.08 10.2 10.2
2007-03-26 10.71 10.86 10.55 10.55
2007-04-02 10.68 10.85 10.51 10.51
2007-04-05 11.11 11.3 10.61 10.61
2007-04-20 12.46 12.55 11.91 11.91
2007-04-23 12.7 12.96 12.52 12.52
2007-04-26 12.81 12.88 12.2 12.2
2007-05-08 16.15 16.18 15.06 15.06
2007-05-16 16.16 16.28 15.33 15.33
2007-05-21 17.21 17.57 15.5 15.5
2007-05-22 18.5 18.6 17.5 17.5
2007-05-28 18.34 19.19 18.1 18.1
2007-06-08 14.2 14.69 13.54 13.54
2007-06-11 15.17 15.28 14.36 14.36
2007-09-03 16.98 17.2 16.05 16.05
2007-09-24 15.47 15.86 15.2 15.2
2007-12-06 12.53 12.75 12.25 12.25
2007-12-19 12.69 12.75 12.35 12.35
2007-12-21 12.99 13.18 12.76 12.76
2007-12-24 13.25 13.37 13.02 13.02
2008-01-18 16.09 16.19 15.5 15.5
2008-01-29 13.4 13.94 13.16 13.16
2008-02-04 12.96 12.96 12.0 12.0
2008-02-25 14.98 15.51 14.02 14.02
2008-02-28 15.69 16.1 14.7 14.7
2008-02-29 16.14 16.3 15.7 15.7
2008-03-03 17.37 17.7 16.33 16.33
2008-03-07 17.12 17.8 16.88 16.88
2008-03-19 15.13 15.5 14.52 14.52
2008-03-20 16.64 16.64 14.7 14.7
2008-05-09 12.21 12.55 11.37 11.37
2008-05-30 13.68 13.79 13.06 13.06
2008-06-17 10.92 11.08 10.61 10.61
2008-06-24 12.9 13.16 11.85 11.85
2008-06-30 13.97 13.97 13.5 13.5
2008-07-11 13.95 14.12 13.01 13.01
2008-08-07 11.41 11.65 11.2 11.2
2008-08-29 9.13 9.34 8.92 8.92
2008-09-04 8.43 8.55 8.18 8.18
2008-09-10 9.39 9.75 8.95 8.95
2008-10-07 7.33 7.41 7.03 7.03
2008-11-07 4.7 4.86 4.48 4.48
2008-11-13 5.48 5.68 5.09 5.09
2008-11-17 6.11 6.2 5.69 5.69
2008-11-19 6.05 6.05 5.4 5.4
2009-01-14 16.73 16.73 15.21 15.21
2009-03-09 15.17 15.7 14.65 14.65
2009-03-16 15.2 15.6 14.1 14.1
2009-03-26 16.84 17.35 16.6 16.6
2009-04-28 14.71 14.77 14.06 14.06
2009-04-29 15.23 15.51 14.69 14.69
2009-05-04 15.59 15.94 15.01 15.01
2009-05-12 16.98 16.98 15.03 15.03
2009-06-25 15.14 15.32 15.1 15.1
2009-07-01 16.15 16.15 14.89 14.89
2009-07-07 16.3 16.57 16.0 16.0
2009-08-11 25.77 25.77 22.91 22.91
2009-10-09 18.5 18.63 17.58 17.58
2009-10-14 20.54 21.45 19.5 19.5
2009-11-13 23.56 23.6 23.0 23.0
2009-11-30 21.1 21.1 20.4 20.4
2009-12-15 20.54 20.78 20.45 20.45
2009-12-28 18.94 19.14 18.86 18.86
2009-12-29 20.52 20.6 18.95 18.95
2010-01-14 19.19 19.28 18.72 18.72
2010-01-18 20.33 20.5 19.82 19.82
2010-02-08 16.97 17.1 16.67 16.67
2010-02-11 17.83 18.4 17.55 17.55
2010-02-25 18.0 18.2 17.58 17.58
2010-03-17 18.3 18.3 17.89 17.89
2010-03-30 18.92 19.18 18.37 18.37
2010-04-29 14.99 15.48 14.97 14.97
2010-05-14 13.79 13.98 13.18 13.18
2010-05-24 12.56 12.65 12.01 12.01
2010-07-06 12.4 12.4 11.55 11.55
2010-07-07 13.64 13.64 13.64 13.64
2010-07-08 14.28 14.47 13.64 13.64
2010-09-10 15.73 15.78 15.35 15.35
2010-10-15 20.6 20.6 18.74 18.74
2010-11-03 23.62 23.9 22.3 22.3
2010-12-07 17.24 17.3 16.8 16.8
2010-12-31 15.93 16.05 15.3 15.3
2011-01-05 16.51 17.16 16.3 16.3
2011-03-04 16.58 16.72 15.85 15.85
2011-03-08 18.26 18.41 17.08 17.08
2011-04-20 15.96 16.18 15.82 15.82
2011-06-15 13.74 13.8 13.46 13.46
2011-06-24 13.28 13.38 12.88 12.88
2011-06-30 13.61 13.74 13.44 13.44
2011-08-23 12.78 12.8 12.15 12.15
2011-08-25 13.17 13.3 12.9 12.9
2011-09-07 12.43 12.47 12.1 12.1
2011-09-13 12.24 12.4 12.1 12.1
2011-10-13 11.82 11.85 11.66 11.66
2011-11-01 11.41 11.97 11.36 11.36
2011-11-11 11.32 11.55 11.25 11.25
2011-11-14 11.58 11.62 11.32 11.32
2011-11-21 10.95 11.02 10.7 10.7
2011-11-24 10.68 10.82 10.61 10.61
2012-02-09 9.81 9.89 9.7 9.7
2012-04-10 13.27 13.5 12.68 12.68
2012-05-08 14.8 14.82 14.0 14.0
2012-05-11 13.89 14.3 13.81 13.81
2012-05-17 14.12 14.32 13.87 13.87
2012-07-03 11.96 12.0 11.63 11.63
2012-08-01 11.91 12.5 11.3 11.3
2012-08-06 12.52 12.98 12.15 12.15
2012-08-07 12.83 13.18 12.43 12.43
2012-08-21 13.01 13.19 12.85 12.85
2012-08-28 12.88 13.35 12.53 12.53
2012-09-06 12.6 12.86 12.4 12.4
2012-09-07 12.93 13.13 12.56 12.56
2012-10-09 12.73 12.92 12.31 12.31
2012-10-22 12.45 12.48 12.1 12.1
2012-11-09 11.73 11.9 11.61 11.61
2012-12-28 11.55 11.65 11.42 11.42
2013-01-16 12.0 12.32 11.8 11.8
2013-01-18 12.13 12.3 11.88 11.88
2013-02-18 12.35 12.41 12.29 12.29
2013-02-28 12.77 12.85 12.55 12.55
2013-03-05 12.55 12.78 12.18 12.18
2013-04-24 12.81 12.88 12.61 12.61
2013-05-21 13.79 13.95 13.44 13.44
2013-08-12 13.82 14.15 13.77 13.77
2013-09-04 13.7 13.98 13.61 13.61
2013-09-06 14.09 14.24 13.51 13.51
2013-09-16 14.31 14.46 14.07 14.07
2013-09-18 14.19 14.47 13.85 13.85
2013-09-23 14.34 14.55 14.12 14.12
2013-09-24 14.99 15.49 14.38 14.38
2013-10-17 14.85 15.14 14.19 14.19
2013-10-28 13.6 13.62 13.31 13.31
2013-11-13 12.39 12.67 12.35 12.35
2013-11-15 12.6 12.75 12.39 12.39
2013-11-27 12.85 12.93 12.75 12.75
2013-12-10 13.82 14.18 13.64 13.64
2014-01-02 12.66 12.78 12.45 12.45
2014-01-21 12.02 12.16 11.97 11.97
2014-01-22 12.26 12.27 12.01 12.01
2014-02-11 13.01 13.14 12.92 12.92
2014-02-14 13.42 13.55 13.15 13.15
2014-03-14 14.81 14.95 14.13 14.13
2014-04-01 18.25 18.43 17.84 17.84
2014-05-08 17.72 17.77 16.97 16.97
2014-06-05 17.74 17.79 17.53 17.53
2014-06-12 19.99 20.03 18.33 18.33
2014-07-11 17.04 17.2 16.7 16.7
2014-08-04 16.41 16.43 16.21 16.21
2014-08-27 17.28 17.3 16.12 16.12
2014-09-18 20.86 20.98 19.5 19.5
2014-10-10 24.22 24.43 21.77 21.77
2014-11-12 22.35 22.88 21.15 21.15
2014-12-05 27.32 27.32 27.32 27.32
2014-12-11 23.89 24.47 23.22 23.22
2014-12-31 23.73 24.01 23.0 23.0
2015-01-05 25.08 25.22 23.88 23.88
2015-01-13 24.11 24.2 23.72 23.72
2015-01-22 25.76 26.07 25.11 25.11
2015-03-16 29.75 29.88 28.59 28.59
2015-04-01 29.59 29.85 28.81 28.81
2015-05-08 43.68 44.11 40.18 40.18
2015-05-18 59.29 61.55 58.0 58.0
2015-05-22 59.78 62.3 59.05 59.05
2015-05-26 65.31 65.31 59.5 59.5
2015-06-01 61.79 64.97 60.11 60.11
2015-06-23 54.6 54.6 50.51 50.51
2015-06-24 60.06 60.06 60.06 60.06
2015-07-03 58.32 58.4 58.32 58.32
2015-07-07 47.24 47.24 47.24 47.24
2015-07-14 51.96 51.96 51.96 51.96
2015-08-07 53.83 54.45 51.89 51.89
2015-08-10 59.02 59.09 54.2 54.2
2015-08-25 49.59 51.0 45.6 45.6
2015-09-11 56.8 57.2 52.9 52.9
2015-09-16 58.79 59.55 55.0 55.0
2015-09-21 57.41 58.03 54.81 54.81
2015-10-28 52.98 54.7 52.5 52.5
2015-11-18 73.4 73.4 68.68 68.68
2015-12-03 62.53 62.69 59.3 59.3
2016-02-15 40.27 41.44 39.0 39.0
2016-04-11 38.57 38.98 38.03 38.03
2016-05-20 31.65 31.67 30.27 30.27
2016-06-02 33.83 33.99 33.46 33.46
2016-06-28 30.48 30.6 29.23 29.23
2016-07-05 31.18 31.42 31.01 31.01
2016-07-15 30.72 31.48 30.42 30.42
2016-07-21 30.88 31.39 30.2 30.2
2016-08-22 28.69 29.2 28.36 28.36
2016-08-24 28.42 28.82 28.31 28.31
2016-08-26 27.79 28.14 27.67 27.67
2016-09-06 28.92 29.29 28.66 28.66
2016-10-10 25.9 25.96 25.5 25.5
2016-11-03 26.04 26.19 25.61 25.61
2016-11-17 28.0 29.36 26.81 26.81
2016-12-15 28.37 28.37 25.3 25.3
2016-12-21 32.76 32.76 30.01 30.01
2017-01-09 33.31 33.5 32.21 32.21
2017-01-17 29.31 29.49 28.23 28.23
2017-01-23 29.89 30.32 29.76 29.76
2017-02-21 30.5 30.65 30.11 30.11
2017-02-23 30.11 30.15 29.6 29.6
2017-03-16 30.6 30.78 30.23 30.23
2017-04-07 28.9 29.8 28.62 28.62
2017-04-26 23.85 24.14 23.63 23.63
2017-05-04 24.67 25.0 24.45 24.45
2017-06-05 20.71 21.08 20.57 20.57
2017-06-13 21.08 21.23 20.61 20.61
2017-07-03 21.86 21.93 21.17 21.17
2017-07-05 21.71 21.82 21.53 21.53
2017-08-21 22.23 22.37 22.19 22.19
