1994-03-11 14.4 15.0 10.3 10.3
1994-03-15 19.95 19.99 16.8 16.8
1994-04-08 12.15 12.29 12.1 12.1
1994-05-17 10.3 10.45 10.0 10.0
1994-06-03 8.95 9.17 8.9 8.9
1994-06-15 7.7 7.8 7.6 7.6
1994-06-22 7.9 8.05 7.78 7.78
1994-07-05 6.89 6.89 6.6 6.6
1994-07-13 6.7 6.73 6.6 6.6
1994-08-02 7.4 10.0 6.4 6.4
1994-08-03 9.35 9.5 7.78 7.78
1994-08-16 9.85 10.3 9.3 9.3
1994-10-12 10.9 11.18 10.68 10.68
1994-10-17 9.18 9.54 9.0 9.0
1994-10-19 9.86 9.86 9.38 9.38
1994-10-27 12.5 12.58 11.44 11.44
1994-11-08 12.5 13.1 12.07 12.07
1994-11-21 12.11 12.24 11.9 11.9
1994-12-14 10.68 10.8 10.6 10.6
1994-12-15 11.5 11.7 10.6 10.6
1995-01-10 10.56 10.75 10.48 10.48
1995-01-18 10.13 10.15 10.0 10.0
1995-01-27 9.5 9.59 9.42 9.42
1995-02-13 8.96 9.0 8.62 8.62
1995-02-21 8.72 8.96 8.66 8.66
1995-03-01 9.93 9.98 9.5 9.5
1995-03-03 10.4 10.5 9.95 9.95
1995-03-14 10.3 10.6 10.12 10.12
1995-03-21 10.63 10.7 10.21 10.21
1995-04-04 11.61 11.68 11.18 11.18
1995-04-12 10.7 10.8 10.46 10.46
1995-04-14 10.56 10.57 10.3 10.3
1995-04-25 10.35 10.4 10.2 10.2
1995-05-08 9.15 9.28 9.0 9.0
1995-05-15 8.73 8.84 8.6 8.6
1995-05-30 11.58 11.8 11.41 11.41
1995-06-02 11.83 11.99 11.6 11.6
1995-06-09 11.41 11.6 11.01 11.01
1995-06-23 10.25 10.3 10.2 10.2
1995-07-05 10.18 10.25 9.96 9.96
1995-07-10 10.35 10.59 10.35 10.35
1995-07-28 10.42 10.5 10.4 10.4
1995-07-31 10.5 10.76 10.42 10.42
1995-08-03 10.59 10.65 10.48 10.48
1995-08-07 10.7 10.7 10.55 10.55
1995-08-09 10.52 10.62 10.5 10.5
1995-08-24 10.25 10.5 10.0 10.0
1995-08-25 10.28 10.45 10.2 10.2
1995-09-01 9.77 9.8 9.7 9.7
1995-09-06 9.88 9.9 9.75 9.75
1995-09-11 9.72 9.9 9.7 9.7
1995-09-21 9.02 9.02 8.88 8.88
1995-09-25 8.97 9.02 8.92 8.92
1995-09-26 9.03 9.15 9.0 9.0
1995-10-05 8.8 8.84 8.68 8.68
1995-10-18 8.54 8.65 8.4 8.4
1995-10-25 9.7 10.0 9.1 9.1
1995-11-20 8.68 8.7 8.5 8.5
1995-11-21 8.72 8.85 8.55 8.55
1995-11-22 8.55 8.7 8.55 8.55
1995-12-04 8.41 8.5 8.4 8.4
1995-12-05 8.45 8.5 8.42 8.42
1995-12-07 8.4 8.5 8.35 8.35
1995-12-08 8.44 8.6 8.42 8.42
1995-12-19 8.0 8.06 7.98 7.98
1995-12-20 8.07 8.1 8.0 8.0
1996-01-03 7.08 7.2 7.07 7.07
1996-01-04 7.15 7.28 7.12 7.12
1996-01-08 6.75 6.86 6.6 6.6
1996-01-15 6.97 6.98 6.81 6.81
1996-01-31 6.68 6.75 6.6 6.6
1996-02-02 6.69 6.7 6.55 6.55
1996-02-08 6.61 6.68 6.6 6.6
1996-02-09 6.67 6.69 6.6 6.6
1996-02-12 6.56 6.68 6.56 6.56
1996-03-13 6.96 7.1 6.87 6.87
1996-03-14 6.95 7.03 6.85 6.85
1996-03-15 6.9 7.0 6.88 6.88
1996-04-04 6.95 6.96 6.9 6.9
1996-04-11 7.2 7.29 7.13 7.13
1996-04-19 7.8 7.8 7.45 7.45
1996-05-07 7.08 7.41 7.0 7.0
1996-05-17 7.2 7.4 6.9 6.9
1996-06-11 6.15 6.4 5.97 5.97
1996-06-14 6.15 6.56 5.88 5.88
1996-06-21 6.1 6.12 6.01 6.01
1996-07-10 5.32 5.34 5.18 5.18
1996-07-19 7.18 7.18 5.54 5.54
1996-08-01 6.31 6.58 6.0 6.0
1996-08-21 5.9 6.08 5.78 5.78
1996-09-02 5.88 6.07 5.7 5.7
1996-09-13 5.56 5.6 5.38 5.38
1996-09-19 5.34 5.34 5.25 5.25
1996-11-19 6.77 6.99 6.71 6.71
1996-11-25 6.31 6.35 6.2 6.2
1996-12-11 8.28 8.6 8.21 8.21
1996-12-16 6.48 7.14 6.48 6.48
1997-01-07 6.15 6.15 5.8 5.8
1997-01-13 6.55 6.7 6.5 6.5
1997-01-15 6.65 6.65 6.5 6.5
1997-01-24 6.79 6.85 6.55 6.55
1997-01-28 6.72 6.75 6.56 6.56
1997-02-20 6.9 6.94 5.99 5.99
1997-03-06 7.99 7.99 7.21 7.21
1997-04-03 8.28 8.4 8.0 8.0
1997-04-09 8.12 8.2 7.92 7.92
1997-04-14 8.54 8.57 8.0 8.0
1997-04-21 8.7 9.05 8.68 8.68
1997-04-25 8.55 8.87 8.35 8.35
1997-05-07 7.8 7.99 7.71 7.71
1997-05-16 6.65 7.07 6.6 6.6
1997-05-20 6.95 6.95 6.79 6.79
1997-06-03 6.18 6.25 5.92 5.92
1997-06-04 6.5 6.58 6.1 6.1
1997-06-10 5.81 5.98 5.8 5.8
1997-06-20 5.89 5.9 5.65 5.65
1997-06-25 5.91 6.1 5.75 5.75
1997-07-24 5.13 5.28 5.1 5.1
1997-07-29 5.41 5.43 5.21 5.21
1997-08-13 6.2 6.26 5.99 5.99
1997-09-10 6.97 7.05 6.7 6.7
1997-09-15 7.18 7.18 6.7 6.7
1997-11-04 6.1 6.16 6.06 6.06
1997-11-14 6.25 6.28 6.07 6.07
1997-11-19 6.23 6.38 6.2 6.2
1997-11-20 6.2 6.28 6.2 6.2
1997-11-26 6.29 6.49 6.18 6.18
1997-11-28 6.42 6.42 6.08 6.08
1997-12-05 6.06 6.18 6.06 6.06
1997-12-09 6.07 6.18 5.82 5.82
1997-12-12 5.98 6.05 5.81 5.81
1997-12-19 5.9 5.94 5.7 5.7
1997-12-25 5.96 5.96 5.75 5.75
1998-01-14 6.15 6.16 5.8 5.8
1998-01-15 6.54 6.75 5.7 5.7
1998-02-10 6.2 6.24 6.05 6.05
1998-02-19 6.3 6.3 6.18 6.18
1998-02-24 6.16 6.23 6.1 6.1
1998-02-25 6.23 6.28 6.17 6.17
1998-02-26 6.2 6.24 6.05 6.05
1998-03-03 6.37 6.48 6.16 6.16
1998-03-09 6.37 6.44 6.13 6.13
1998-03-23 6.07 6.1 6.05 6.05
1998-03-26 6.26 6.4 6.12 6.12
1998-03-27 6.89 6.89 6.2 6.2
1998-04-08 7.85 7.95 7.45 7.45
1998-06-03 8.6 8.78 8.12 8.12
1998-06-05 9.03 9.13 8.5 8.5
1998-06-19 8.23 8.3 8.0 8.0
1998-06-29 7.89 8.34 7.8 7.8
1998-07-16 7.22 7.25 7.15 7.15
1998-07-31 7.46 7.58 7.4 7.4
1998-08-10 8.08 8.47 7.85 7.85
1998-08-19 6.64 6.68 6.25 6.25
1998-08-24 7.1 7.18 6.74 6.74
1998-09-07 7.87 7.87 7.6 7.6
1998-09-14 8.48 8.58 8.1 8.1
1998-10-07 8.88 8.88 8.32 8.32
1998-10-12 9.51 9.51 9.0 9.0
1998-11-02 8.23 8.48 8.1 8.1
1998-11-11 8.6 8.67 8.32 8.32
1998-11-25 7.88 8.0 7.8 7.8
1998-11-30 7.76 7.88 7.6 7.6
1998-12-03 7.63 7.72 7.6 7.6
1998-12-11 7.56 7.77 7.0 7.0
1998-12-22 7.23 7.24 6.92 6.92
1998-12-24 7.17 7.23 7.01 7.01
1999-01-13 7.11 7.36 7.0 7.0
1999-01-26 6.38 6.51 6.3 6.3
1999-03-01 6.33 6.4 6.1 6.1
1999-03-02 6.8 6.89 6.36 6.36
1999-03-12 8.0 8.0 7.48 7.48
1999-03-29 8.15 8.4 8.0 8.0
1999-04-05 8.12 8.26 8.01 8.01
1999-04-08 7.89 7.95 7.73 7.73
1999-04-13 7.8 7.95 7.76 7.76
1999-04-14 7.83 8.0 7.76 7.76
1999-05-05 8.05 8.2 7.7 7.7
1999-06-07 8.95 9.12 8.7 8.7
1999-06-21 10.2 10.5 10.01 10.01
1999-07-16 8.28 8.48 8.19 8.19
1999-07-20 8.54 8.55 8.1 8.1
1999-07-30 9.22 9.35 8.53 8.53
1999-08-03 9.5 9.6 9.25 9.25
1999-08-23 11.63 11.63 10.7 10.7
1999-08-24 11.35 11.52 10.98 10.98
1999-08-31 11.59 12.18 11.28 11.28
1999-09-02 11.86 12.35 11.41 11.41
1999-10-26 11.54 11.55 11.11 11.11
1999-11-12 10.9 11.1 10.3 10.3
1999-11-19 11.74 12.16 11.59 11.59
1999-12-17 12.75 13.1 12.2 12.2
2000-02-28 11.2 11.48 11.0 11.0
2000-03-20 11.62 11.92 11.4 11.4
2000-03-30 12.21 12.5 11.88 11.88
2000-04-18 11.53 11.72 11.32 11.32
2000-04-24 12.08 12.3 11.8 11.8
2000-04-26 13.37 13.37 12.5 12.5
2000-04-28 12.7 12.7 12.7 12.7
2000-05-08 12.07 12.07 12.07 12.07
2000-05-09 11.47 11.47 11.47 11.47
2000-06-21 10.42 10.48 10.2 10.2
2000-06-23 10.36 10.56 10.3 10.3
2000-07-11 9.81 9.9 9.6 9.6
2000-07-21 10.8 11.0 10.6 10.6
2000-07-25 10.8 10.93 10.62 10.62
2000-08-03 11.44 11.66 11.1 11.1
2000-08-04 12.01 12.01 11.45 11.45
2000-08-14 12.7 12.8 12.5 12.5
2000-08-16 12.88 13.21 12.65 12.65
2000-08-17 12.95 13.19 12.78 12.78
2000-08-22 14.99 14.99 14.99 14.99
2000-08-28 15.96 15.96 15.25 15.25
2000-09-07 15.4 15.49 15.15 15.15
2000-09-08 16.17 16.17 15.5 15.5
2000-09-28 17.75 17.75 17.02 17.02
2000-10-09 16.9 17.15 16.51 16.51
2000-10-23 14.2 14.58 13.7 13.7
2000-11-02 14.86 15.18 14.46 14.46
2000-11-08 15.42 15.42 15.0 15.0
2000-11-28 17.79 17.8 17.06 17.06
2000-12-05 17.9 18.07 17.75 17.75
2000-12-11 20.2 20.2 20.2 20.2
2000-12-12 21.21 21.21 21.21 21.21
2000-12-13 22.27 22.27 22.27 22.27
2000-12-14 23.38 23.38 23.38 23.38
2000-12-25 23.62 23.8 23.4 23.4
2000-12-28 20.94 21.78 20.94 20.94
2001-01-04 21.6 22.1 21.26 21.26
2001-01-18 20.32 20.32 19.7 19.7
2001-02-13 20.86 21.35 20.45 20.45
2001-02-19 21.42 21.42 20.6 20.6
2001-02-21 21.0 22.48 20.41 20.41
2001-03-14 18.7 18.75 18.46 18.46
2001-03-15 19.0 19.37 18.7 18.7
2001-03-20 20.73 20.73 20.73 20.73
2001-04-19 20.6 20.75 19.81 19.81
2001-04-27 21.12 21.29 20.33 20.33
2001-05-18 22.16 22.16 22.16 22.16
2001-05-25 23.16 23.16 23.16 23.16
2001-06-01 23.98 23.98 23.98 23.98
2001-06-08 23.58 23.58 23.58 23.58
2001-06-15 22.58 22.58 22.58 22.58
2001-06-29 23.5 23.5 23.5 23.5
2001-07-06 22.98 22.98 22.98 22.98
2001-07-13 22.18 22.18 22.18 22.18
2001-07-20 22.18 22.18 22.18 22.18
2001-07-27 20.5 20.5 20.5 20.5
2001-08-03 18.96 18.96 18.96 18.96
2001-08-10 19.0 19.0 19.0 19.0
2001-08-17 19.0 19.0 19.0 19.0
2001-08-24 18.78 18.78 18.78 18.78
2001-08-31 18.39 18.39 18.39 18.39
2001-09-07 17.99 17.99 17.99 17.99
2001-09-14 17.0 17.0 17.0 17.0
2001-09-21 16.0 16.0 16.0 16.0
2001-09-28 15.5 15.5 15.5 15.5
2001-10-12 15.55 15.55 15.55 15.55
2001-10-19 15.5 15.5 15.5 15.5
2001-10-26 16.28 16.28 16.28 16.28
2001-11-02 17.09 17.09 17.09 17.09
2001-11-09 16.8 16.8 16.8 16.8
2001-11-16 15.8 15.8 15.8 15.8
2001-11-23 16.4 16.4 16.4 16.4
2001-11-30 17.2 17.2 17.2 17.2
2001-12-07 17.0 17.0 17.0 17.0
2001-12-14 16.5 16.5 16.5 16.5
2001-12-21 15.8 15.8 15.8 15.8
2001-12-28 16.0 16.0 16.0 16.0
2002-05-22 17.6 17.6 17.6 17.6
2002-05-23 19.36 19.36 19.36 19.36
2002-05-24 21.3 21.3 21.3 21.3
2002-05-27 23.43 23.43 23.43 23.43
2002-05-30 20.71 20.71 20.71 20.71
2002-07-16 17.67 17.78 17.3 17.3
2002-07-25 17.45 17.73 17.32 17.32
2002-07-31 17.28 17.48 17.23 17.23
2002-08-01 17.6 17.8 17.25 17.25
2002-08-15 16.75 17.0 16.51 16.51
2002-08-20 16.88 16.92 16.55 16.55
2002-08-22 18.64 18.69 17.0 17.0
2002-08-26 18.69 18.99 18.14 18.14
2002-09-02 19.08 19.4 18.23 18.23
2002-09-17 18.0 18.3 17.85 17.85
2002-09-19 18.56 18.9 18.25 18.25
2002-10-16 17.09 17.27 17.08 17.08
2002-10-22 17.29 17.48 16.75 16.75
2002-11-25 14.39 14.45 14.1 14.1
2002-12-09 14.85 14.95 14.72 14.72
2002-12-13 14.85 14.89 14.4 14.4
2002-12-18 15.14 15.45 15.1 15.1
2002-12-20 15.28 15.39 15.08 15.08
2003-01-08 15.05 15.09 14.71 14.71
2003-01-14 15.41 15.65 14.99 14.99
2003-01-24 15.4 15.4 15.14 15.14
2003-01-27 15.52 15.54 15.41 15.41
2003-02-12 15.58 15.6 15.3 15.3
2003-03-04 15.89 16.1 15.74 15.74
2003-03-14 15.26 15.5 15.25 15.25
2003-04-14 15.08 15.15 14.6 14.6
2003-04-22 15.0 15.36 14.72 14.72
2003-05-28 13.48 13.49 13.3 13.3
2003-06-02 13.8 13.86 13.6 13.6
2003-06-10 13.1 13.15 12.9 12.9
2003-06-11 13.4 13.7 13.08 13.08
2003-06-17 13.92 13.96 13.6 13.6
2003-07-08 13.08 13.2 12.89 12.89
2003-08-04 12.48 12.66 12.11 12.11
2003-08-18 12.37 12.5 12.27 12.27
2003-09-01 13.86 14.17 13.7 13.7
2003-09-19 12.75 12.88 12.52 12.52
2003-10-10 12.59 12.61 12.18 12.18
2003-10-13 12.74 13.5 12.61 12.61
2003-10-14 12.68 12.85 12.59 12.59
2003-10-17 12.4 12.4 12.3 12.3
2003-10-21 12.27 12.3 12.17 12.17
2003-10-24 12.27 12.53 11.8 11.8
2003-11-12 10.5 10.74 10.41 10.41
2003-11-14 10.72 10.73 10.5 10.5
2003-11-18 10.68 10.72 10.5 10.5
2003-11-19 11.0 11.16 10.68 10.68
2003-11-20 11.69 11.75 11.05 11.05
2003-11-26 12.0 12.75 11.66 11.66
2003-12-12 11.63 11.77 11.49 11.49
2004-01-29 11.94 11.97 11.51 11.51
2004-02-09 12.67 12.78 12.5 12.5
2004-02-18 13.95 14.35 13.49 13.49
2004-02-25 14.81 15.38 14.78 14.78
2004-04-30 12.5 12.65 12.12 12.12
2004-05-17 11.9 11.94 11.72 11.72
2004-05-19 12.68 13.33 12.21 12.21
2004-05-21 12.5 12.64 12.35 12.35
2004-05-26 12.2 12.48 11.92 11.92
2004-05-31 12.66 12.8 12.37 12.37
2004-06-01 12.9 12.99 12.55 12.55
2004-06-11 11.91 12.17 11.89 11.89
2004-06-15 11.38 11.4 11.11 11.11
2004-06-24 11.95 12.2 11.63 11.63
2004-07-06 11.45 11.68 11.3 11.3
2004-07-16 10.89 10.9 10.55 10.55
2004-07-19 10.95 11.02 10.88 10.88
2004-07-30 12.16 12.85 12.1 12.1
2004-08-17 12.14 12.43 11.95 11.95
2004-08-23 10.94 11.35 10.9 10.9
2004-08-25 11.19 11.29 10.86 10.86
2004-09-14 11.77 12.0 11.0 11.0
2004-09-17 12.5 12.52 12.2 12.2
2004-11-22 13.21 13.48 12.76 12.76
2004-12-09 12.9 12.98 12.65 12.65
2004-12-14 12.37 12.44 12.21 12.21
2004-12-21 11.83 12.0 11.7 11.7
2004-12-24 12.77 13.1 11.9 11.9
2004-12-29 12.52 12.63 12.39 12.39
2005-01-18 12.38 12.39 12.15 12.15
2005-01-26 12.67 12.84 12.6 12.6
2005-01-28 12.28 12.32 12.13 12.13
2005-02-03 11.8 11.98 11.67 11.67
2005-02-04 11.77 11.85 11.6 11.6
2005-02-16 11.9 11.97 11.8 11.8
2005-02-21 12.54 12.6 12.3 12.3
2005-02-22 12.85 13.22 12.68 12.68
2005-03-08 12.98 13.0 12.64 12.64
2005-03-21 11.94 11.97 11.68 11.68
2005-03-23 11.8 11.93 11.6 11.6
2005-03-31 11.41 11.53 11.33 11.33
2005-04-18 11.5 11.5 11.35 11.35
2005-04-26 10.14 10.25 9.74 9.74
2005-05-24 9.54 9.54 9.21 9.21
2005-05-31 9.37 9.48 9.35 9.35
2005-06-07 9.35 9.8 8.98 8.98
2005-06-27 9.98 10.18 9.75 9.75
2005-07-06 9.16 9.22 9.0 9.0
2005-07-14 9.79 10.0 9.11 9.11
2005-07-19 8.5 8.6 8.48 8.48
2005-07-20 8.46 8.56 8.3 8.3
2005-07-22 8.77 8.9 8.52 8.52
2005-07-25 8.56 8.69 8.47 8.47
2005-07-26 8.73 8.81 8.5 8.5
2005-07-27 9.03 9.12 8.73 8.73
2005-08-05 9.16 9.2 8.9 8.9
2005-08-12 10.89 11.35 10.62 10.62
2005-08-16 11.01 11.32 10.8 10.8
2005-08-24 10.64 10.75 10.2 10.2
2005-08-30 10.45 10.63 10.38 10.38
2005-09-05 11.17 11.28 10.8 10.8
2005-09-08 11.32 11.7 11.0 11.0
2005-10-17 10.25 10.35 10.2 10.2
2005-10-18 11.28 11.28 10.22 10.22
2005-10-27 11.15 11.44 11.02 11.02
2005-10-31 10.71 10.89 10.4 10.4
2005-11-03 11.8 12.2 11.48 11.48
2005-11-23 11.11 11.27 11.02 11.02
2005-11-24 11.36 11.5 11.12 11.12
2005-12-07 10.66 10.8 10.41 10.41
2005-12-09 10.52 10.6 10.4 10.4
2005-12-12 10.7 10.86 10.59 10.59
2005-12-22 10.57 10.63 10.5 10.5
2006-02-15 11.36 11.38 11.23 11.23
2006-02-20 11.07 11.16 11.06 11.06
2006-03-01 11.55 11.87 11.26 11.26
2006-03-28 10.95 11.03 10.9 10.9
2006-04-05 11.28 11.34 11.09 11.09
2006-04-20 12.03 12.4 11.76 11.76
2006-05-18 15.31 15.31 15.31 15.31
2006-05-24 17.46 17.46 15.87 15.87
2006-10-11 11.31 11.35 10.89 10.89
2006-10-17 10.84 10.92 10.76 10.76
2006-10-19 10.92 11.05 10.87 10.87
2006-10-20 11.12 11.21 10.93 10.93
2006-11-02 12.13 12.55 11.89 11.89
2006-12-14 11.25 11.39 10.96 10.96
2006-12-15 11.63 12.0 11.3 11.3
2006-12-25 11.85 12.15 11.8 11.8
2006-12-27 11.94 12.16 11.62 11.62
2007-01-05 11.68 11.7 11.5 11.5
2007-01-19 13.77 14.49 13.41 13.41
2007-01-22 14.45 14.68 13.9 13.9
2007-01-29 13.65 13.74 13.2 13.2
2007-01-30 15.02 15.02 14.0 14.0
2007-02-12 14.84 14.85 14.41 14.41
2007-02-13 14.98 15.35 14.81 14.81
2007-03-06 15.08 15.3 15.0 15.0
2007-03-14 16.75 16.75 16.75 16.75
2007-03-16 18.92 20.27 18.43 18.43
2007-03-23 18.13 18.57 17.88 17.88
2007-04-02 19.55 19.79 19.3 19.3
2007-04-09 22.76 22.99 21.51 21.51
2007-04-10 23.08 24.98 22.79 22.79
2007-05-08 21.42 21.6 20.8 20.8
2007-05-10 21.42 21.49 20.7 20.7
2007-05-14 24.4 24.4 22.5 22.5
2007-07-09 25.32 25.5 24.21 24.21
2007-07-11 24.95 25.8 24.0 24.0
2007-07-18 26.46 26.88 26.39 26.39
2007-07-20 27.82 28.19 26.92 26.92
2007-07-23 28.76 28.89 27.6 27.6
2007-07-26 30.1 30.4 28.8 28.8
2007-07-30 30.0 30.69 29.78 29.78
2007-08-01 32.64 32.64 29.73 29.73
2007-08-09 38.5 38.5 35.3 35.3
2007-08-10 42.35 42.35 40.11 40.11
2007-08-30 35.72 36.25 35.38 35.38
2007-09-13 35.48 36.5 34.55 34.55
2007-09-24 35.96 36.19 31.6 31.6
2007-10-31 35.25 35.88 33.1 33.1
2007-11-06 33.2 33.55 32.57 32.57
2007-11-07 33.58 33.88 33.1 33.1
2007-11-12 32.24 32.46 31.49 31.49
2007-11-14 32.55 32.97 31.94 31.94
2007-11-27 28.44 29.15 28.28 28.28
2007-11-30 29.63 29.75 28.3 28.3
2007-12-05 29.1 29.18 28.57 28.57
2007-12-07 29.57 30.15 28.1 28.1
2008-01-02 37.01 37.41 34.3 34.3
2008-01-14 37.99 38.18 36.1 36.1
2008-01-23 31.3 32.62 30.51 30.51
2008-01-29 30.43 30.45 29.38 29.38
2008-02-04 31.99 31.99 30.08 30.08
2008-02-14 35.79 36.91 33.6 33.6
2008-02-29 33.93 34.34 33.65 33.65
2008-03-19 27.35 27.57 26.61 26.61
2008-05-19 25.98 26.45 24.33 24.33
2008-07-04 17.01 17.47 16.8 16.8
2008-07-11 20.08 20.08 19.11 19.11
2008-07-14 21.2 21.29 20.08 20.08
2008-07-21 19.75 19.97 19.25 19.25
2008-07-25 21.0 21.56 19.35 19.35
2008-08-05 20.6 21.35 20.0 20.0
2008-08-07 20.45 20.73 20.26 20.26
2008-08-21 17.82 18.3 17.7 17.7
2008-08-25 17.78 17.99 17.35 17.35
2008-09-02 18.03 18.17 17.32 17.32
2008-10-30 11.29 11.38 10.88 10.88
2008-10-31 11.11 11.36 11.01 11.01
2008-11-03 10.95 11.15 10.59 10.59
2008-11-14 13.37 13.5 12.9 12.9
2008-11-26 12.97 13.44 12.69 12.69
2008-12-03 14.95 15.21 14.5 14.5
2009-01-20 16.08 16.23 15.82 15.82
2009-01-21 16.17 16.3 15.88 15.88
2009-02-03 17.2 17.28 16.3 16.3
2009-03-19 18.85 18.95 18.45 18.45
2009-04-15 25.78 25.78 23.57 23.57
2009-04-28 23.0 23.49 22.19 22.19
2009-05-20 24.64 25.73 23.5 23.5
2009-06-04 25.82 25.82 23.65 23.65
2009-06-24 24.07 24.2 23.66 23.66
2009-07-01 23.92 24.09 23.66 23.66
2009-07-03 24.29 24.77 23.91 23.91
2009-07-08 24.66 24.98 24.35 24.35
2009-07-23 25.22 25.28 25.0 25.0
2009-08-05 28.17 29.0 27.6 27.6
2009-08-20 24.25 24.29 23.11 23.11
2009-09-03 22.61 22.68 21.6 21.6
2009-09-09 23.52 23.7 23.01 23.01
2009-09-17 27.81 28.15 25.34 25.34
2009-10-16 25.64 25.78 25.13 25.13
2009-12-22 30.45 31.45 30.16 30.16
2009-12-24 31.75 32.0 31.16 31.16
2010-01-14 36.17 36.45 33.2 33.2
2010-01-28 34.85 34.95 32.5 32.5
2010-02-08 32.0 32.59 31.46 31.46
2010-02-10 32.9 32.91 32.03 32.03
2010-02-12 33.11 33.58 32.7 32.7
2010-02-24 34.18 34.56 33.35 33.35
2010-03-18 31.36 31.67 31.1 31.1
2010-04-12 33.46 33.47 31.8 31.8
2010-05-18 26.79 27.17 25.55 25.55
2010-05-21 26.44 26.52 25.6 25.6
2010-05-26 26.95 27.35 26.47 26.47
2010-06-04 27.14 28.23 26.84 26.84
2010-06-21 28.97 29.3 28.31 28.31
2010-07-06 25.73 25.74 25.11 25.11
2010-07-20 27.62 27.64 26.85 26.85
2010-08-02 28.35 28.5 27.77 27.77
2010-09-13 28.67 29.1 27.79 27.79
2010-10-20 27.13 27.16 26.21 26.21
2010-11-25 29.66 30.2 29.28 29.28
2010-12-14 28.97 29.66 28.28 28.28
2010-12-16 29.04 29.2 28.55 28.55
2010-12-29 26.3 26.35 25.51 25.51
2011-02-01 24.59 24.73 24.21 24.21
2011-03-18 26.65 26.68 25.61 25.61
2011-04-01 25.45 25.45 25.2 25.2
2011-04-12 26.14 26.65 25.8 25.8
2011-04-29 24.41 24.45 24.01 24.01
2011-05-03 24.55 24.67 24.26 24.26
2011-06-21 15.91 16.19 15.75 15.75
2011-06-29 17.43 18.47 16.97 16.97
2011-07-06 17.3 17.31 17.11 17.11
2011-07-22 16.82 16.97 16.8 16.8
2011-07-29 16.56 16.7 16.36 16.36
2011-08-12 15.44 15.97 15.12 15.12
2011-08-15 15.56 15.7 15.4 15.4
2011-09-06 14.37 14.6 14.3 14.3
2011-09-09 14.85 14.97 14.65 14.65
2011-09-20 14.5 14.65 14.34 14.34
2011-10-28 14.79 14.87 14.58 14.58
2011-10-31 15.09 15.17 14.71 14.71
2011-11-02 17.33 17.33 15.62 15.62
2011-11-03 19.06 19.06 19.06 19.06
2011-11-11 18.44 18.73 18.0 18.0
2011-12-06 16.92 16.93 16.16 16.16
2011-12-23 15.75 16.05 15.5 15.5
2012-02-09 16.44 16.6 16.01 16.01
2012-04-27 17.29 17.42 17.0 17.0
2012-05-29 16.38 16.6 16.17 16.17
2012-06-14 16.31 16.48 15.82 15.82
2012-06-29 15.65 15.67 15.21 15.21
2012-08-01 14.29 14.4 14.17 14.17
2012-08-17 14.64 14.66 14.44 14.44
2012-08-21 14.76 14.88 14.45 14.45
2012-08-29 14.34 14.51 14.26 14.26
2012-09-07 15.46 15.73 15.3 15.3
2012-09-19 14.72 14.84 14.6 14.6
2012-09-21 14.08 14.28 14.0 14.0
2012-10-09 14.1 14.11 13.85 13.85
2012-10-10 14.17 14.19 14.02 14.02
2012-10-22 14.89 14.96 14.39 14.39
2012-11-28 13.25 13.4 13.08 13.08
2012-11-29 13.25 13.36 13.18 13.18
2012-12-04 13.01 13.04 12.6 12.6
2013-03-05 14.52 14.54 14.23 14.23
2013-04-01 13.76 13.86 13.71 13.71
2013-04-10 13.43 13.54 13.35 13.35
2013-05-10 14.37 14.45 14.06 14.06
2013-05-20 15.83 16.12 14.76 14.76
2013-05-24 16.21 16.3 15.56 15.56
2013-06-21 16.88 16.98 16.1 16.1
2013-07-01 16.72 16.77 16.31 16.31
2013-07-12 18.19 18.49 17.45 17.45
2013-07-15 18.88 19.48 18.4 18.4
2013-07-19 19.16 19.65 18.79 18.79
2013-07-22 20.87 20.99 19.09 19.09
2013-08-19 29.12 29.16 26.61 26.61
2013-09-17 26.49 27.2 25.82 25.82
2013-10-08 28.01 28.37 26.25 26.25
2013-10-14 30.5 31.28 28.46 28.46
2013-10-21 33.18 33.18 33.18 33.18
2013-10-30 26.96 27.38 26.67 26.67
2013-11-18 25.47 25.88 25.0 25.0
2013-12-12 24.01 24.02 23.53 23.53
2013-12-24 22.47 22.7 21.96 21.96
2013-12-25 24.72 24.72 23.25 23.25
2014-01-03 25.39 25.58 25.06 25.06
2014-01-06 25.8 26.73 25.5 25.5
2014-01-17 27.29 27.46 26.61 26.61
2014-01-20 27.81 28.78 27.55 27.55
2014-01-21 28.24 28.5 27.68 27.68
2014-01-23 29.35 29.45 28.2 28.2
2014-01-29 31.13 31.28 29.8 29.8
2014-02-27 32.02 32.78 31.2 31.2
2014-03-17 30.12 30.26 29.41 29.41
2014-03-31 27.99 28.05 27.67 27.67
2014-04-08 28.27 28.55 27.85 27.85
2014-04-14 28.74 29.08 28.14 28.14
2014-04-24 29.29 29.33 28.52 28.52
2014-04-30 28.39 28.5 27.99 27.99
2014-05-20 26.9 27.46 26.39 26.39
2014-05-21 27.7 27.74 26.55 26.55
2014-05-23 28.3 28.34 27.12 27.12
2014-05-28 29.35 30.66 27.9 27.9
2014-06-10 33.77 33.9 31.81 31.81
2014-06-16 31.78 32.6 31.5 31.5
2014-06-23 30.14 30.6 29.32 29.32
2014-06-26 30.24 30.5 29.69 29.69
2014-07-29 30.54 31.17 30.37 30.37
2014-10-20 30.89 30.9 29.33 29.33
2014-10-28 30.6 30.9 29.89 29.89
2014-10-30 31.51 32.1 31.15 31.15
2014-11-03 35.34 36.36 33.39 33.39
2014-11-14 33.87 33.96 33.36 33.36
2014-11-19 36.18 36.98 35.01 35.01
2014-12-26 33.5 34.63 32.89 32.89
2015-02-02 37.3 37.88 36.0 36.0
2015-02-12 47.06 48.63 43.7 43.7
2015-03-13 48.21 48.55 47.03 47.03
2015-04-22 57.87 58.95 57.1 57.1
2015-04-30 59.68 60.0 56.02 56.02
2015-05-21 75.19 76.44 70.2 70.2
2015-05-26 76.11 77.13 73.46 73.46
2015-06-01 83.34 83.86 77.88 77.88
2015-06-02 85.52 90.74 83.55 83.55
2015-06-05 87.9 90.7 84.5 84.5
2015-07-03 63.41 66.39 56.43 56.43
2015-07-14 66.91 66.91 62.52 62.52
2015-07-16 61.09 62.0 54.22 54.22
2015-07-28 60.95 64.93 56.8 56.8
2015-08-04 58.19 58.47 53.4 53.4
2015-08-06 56.38 57.58 55.5 55.5
2015-08-07 58.78 59.2 56.68 56.68
2015-08-10 62.42 63.0 59.06 59.06
2015-09-07 45.73 46.3 42.68 42.68
2015-09-21 45.47 45.58 42.01 42.01
2015-09-30 49.45 50.59 48.5 48.5
2015-10-08 52.13 52.8 50.15 50.15
2015-10-28 61.79 65.0 59.8 59.8
2015-11-09 68.68 71.0 67.0 67.0
2015-12-15 62.94 63.8 62.21 62.21
2016-02-02 41.15 41.62 39.09 39.09
2016-02-16 44.27 44.48 42.69 42.69
2016-03-07 34.67 35.68 34.22 34.22
2016-03-14 36.3 36.38 34.06 34.06
2016-05-03 40.9 41.01 39.1 39.1
2016-05-13 17.46 17.95 17.18 17.18
2016-05-19 17.16 17.96 16.94 16.94
2016-05-23 17.6 17.9 17.51 17.51
2016-05-31 18.91 19.24 17.53 17.53
2016-06-27 19.7 19.7 18.62 18.62
2016-08-12 22.01 22.1 21.53 21.53
2016-08-26 24.01 24.15 23.14 23.14
2016-09-19 22.82 23.48 22.7 22.7
2016-09-20 23.3 23.32 22.71 22.71
2016-09-28 22.25 22.5 22.2 22.2
2016-10-10 23.09 23.33 22.75 22.75
2016-11-25 21.16 21.17 20.14 20.14
2016-12-06 20.21 20.35 20.15 20.15
2017-01-03 18.18 18.2 17.63 17.63
2017-01-20 17.34 17.49 16.98 16.98
2017-01-26 17.52 17.57 17.38 17.38
2017-03-10 18.62 18.77 18.45 18.45
2017-03-16 18.95 19.02 18.77 18.77
2017-08-07 15.97 15.98 15.55 15.55
