1998-11-09 9.32 9.45 8.8 8.8
1998-11-23 9.48 9.59 9.2 9.2
1998-12-22 8.44 8.48 8.1 8.1
1999-01-08 8.09 8.14 7.8 7.8
1999-02-09 7.07 7.09 6.84 6.84
1999-03-12 7.75 7.93 7.5 7.5
1999-03-19 7.7 7.7 7.51 7.51
1999-04-07 7.93 8.08 7.6 7.6
1999-04-09 7.55 7.75 7.5 7.5
1999-04-20 7.16 7.23 7.08 7.08
1999-04-27 6.67 6.75 6.6 6.6
1999-04-28 6.78 7.19 6.63 6.63
1999-04-29 6.93 6.93 6.76 6.76
1999-04-30 7.08 7.1 6.9 6.9
1999-06-08 7.94 8.18 7.8 7.8
1999-06-09 8.2 8.5 7.94 7.94
1999-06-14 8.49 8.8 8.05 8.05
1999-06-16 8.86 8.86 8.23 8.23
1999-06-28 10.75 10.88 10.1 10.1
1999-07-28 9.74 9.75 9.33 9.33
1999-08-13 10.7 11.05 10.42 10.42
1999-08-17 11.5 11.8 10.95 10.95
1999-09-09 13.97 13.97 12.88 12.88
1999-09-15 14.72 14.78 14.22 14.22
1999-09-24 14.8 14.8 14.24 14.24
1999-10-27 13.48 13.49 12.35 12.35
1999-11-22 14.29 14.38 14.05 14.05
2000-01-07 14.8 15.0 14.05 14.05
2000-02-28 19.92 20.0 18.39 18.39
2000-03-02 20.79 21.1 19.75 19.75
2000-04-26 20.28 20.36 20.0 20.0
2000-05-16 12.38 12.38 12.15 12.15
2000-05-18 12.54 12.68 12.3 12.3
2000-06-05 15.37 15.37 14.0 14.0
2000-06-13 18.35 18.38 17.5 17.5
2000-06-23 19.04 19.1 18.18 18.18
2000-07-05 20.88 21.2 20.0 20.0
2000-09-05 25.59 25.95 24.58 24.58
2000-09-06 25.86 26.1 25.28 25.28
2000-09-15 24.4 24.69 22.88 22.88
2000-09-26 23.28 23.44 22.8 22.8
2000-09-28 23.19 23.68 22.88 22.88
2000-10-09 23.16 23.52 22.81 22.81
2000-11-03 19.69 19.92 19.28 19.28
2000-11-23 24.89 25.2 23.88 23.88
2000-12-08 25.0 25.07 23.68 23.68
2000-12-18 26.0 26.32 25.55 25.55
2000-12-29 25.43 25.51 24.06 24.06
2001-01-04 25.1 25.45 24.5 24.5
2001-01-12 19.6 19.6 19.6 19.6
2001-01-15 17.64 17.64 17.64 17.64
2001-01-16 16.7 18.0 15.88 15.88
2001-02-26 15.78 15.8 15.1 15.1
2001-03-30 17.52 17.55 17.1 17.1
2001-04-27 17.12 17.29 16.8 16.8
2001-05-18 17.95 18.51 17.8 17.8
2001-05-25 17.47 17.71 17.2 17.2
2001-05-30 17.14 17.2 16.85 16.85
2001-06-21 15.33 16.2 15.0 15.0
2001-07-19 13.29 13.29 13.08 13.08
2001-08-01 11.5 11.5 11.2 11.2
2001-08-03 11.29 11.39 11.1 11.1
2001-08-10 11.54 11.55 10.95 10.95
2001-08-21 11.2 11.4 11.1 11.1
2001-08-30 10.84 11.0 10.68 10.68
2001-09-04 11.32 11.36 10.65 10.65
2001-09-13 11.21 11.49 10.85 10.85
2001-10-23 8.82 8.82 8.6 8.6
2001-11-14 8.25 8.3 8.12 8.12
2001-11-19 8.59 8.7 8.36 8.36
2001-12-03 10.04 10.08 9.62 9.62
2001-12-12 9.93 10.08 9.9 9.9
2001-12-17 9.38 9.45 9.3 9.3
2002-03-08 9.49 9.65 8.8 8.8
2002-03-20 9.44 9.5 9.3 9.3
2002-03-28 9.36 9.54 9.25 9.25
2002-04-23 10.11 10.39 10.1 10.1
2002-04-26 10.0 10.05 9.8 9.8
2002-05-28 9.63 9.68 9.46 9.46
2002-07-03 11.42 11.46 11.18 11.18
2002-07-08 11.63 11.65 11.3 11.3
2002-08-13 8.05 8.11 8.0 8.0
2002-08-15 8.0 8.08 7.8 7.8
2002-08-22 8.25 8.38 8.08 8.08
2002-09-06 7.92 8.06 7.9 7.9
2002-10-16 7.18 7.23 7.0 7.0
2002-10-21 7.21 7.22 7.12 7.12
2002-11-05 7.43 7.56 7.35 7.35
2002-11-12 7.18 7.32 7.08 7.08
2002-12-12 6.4 6.45 6.35 6.35
2002-12-23 6.85 6.86 6.76 6.76
2003-01-08 6.36 6.37 6.18 6.18
2003-01-13 6.83 6.98 6.43 6.43
2003-01-15 7.3 7.55 7.09 7.09
2003-01-20 7.31 7.33 7.01 7.01
2003-02-25 7.39 7.42 7.29 7.29
2003-03-18 7.11 7.2 7.1 7.1
2003-03-20 7.26 7.32 7.13 7.13
2003-03-28 7.49 7.58 7.41 7.41
2003-04-04 7.51 7.55 7.44 7.44
2003-04-11 8.03 8.08 7.9 7.9
2003-04-14 8.4 8.6 8.06 8.06
2003-05-14 8.24 8.28 7.7 7.7
2003-05-23 9.33 9.56 8.87 8.87
2003-05-29 9.54 9.6 9.05 9.05
2003-06-11 9.27 9.28 9.04 9.04
2003-08-04 9.12 9.13 8.85 8.85
2003-08-26 8.07 8.14 8.0 8.0
2003-09-02 8.4 8.59 8.33 8.33
2003-09-11 8.24 8.27 8.15 8.15
2003-09-16 8.06 8.19 7.8 7.8
2003-09-19 8.08 8.13 8.01 8.01
2003-09-24 8.26 8.26 8.09 8.09
2003-09-26 8.3 8.33 8.23 8.23
2003-10-08 8.31 8.35 8.0 8.0
2003-10-10 8.49 8.5 8.25 8.25
2003-10-17 8.29 8.34 8.14 8.14
2003-11-19 7.34 7.48 7.16 7.16
2003-12-30 8.15 8.32 7.9 7.9
2004-01-02 8.7 8.8 8.08 8.08
2004-01-08 9.6 9.73 9.3 9.3
2004-01-13 10.03 10.42 9.55 9.55
2004-01-16 10.75 10.83 10.18 10.18
2004-02-09 10.82 10.87 10.47 10.47
2004-02-12 10.65 10.9 10.59 10.59
2004-02-16 11.2 11.27 10.75 10.75
2004-03-26 10.3 10.4 10.24 10.24
2004-04-06 10.62 10.65 10.1 10.1
2004-04-22 9.53 9.55 9.2 9.2
2004-06-01 9.41 9.44 9.18 9.18
2004-06-22 8.6 8.71 8.42 8.42
2004-07-02 8.75 8.76 8.42 8.42
2004-07-06 9.07 9.23 8.97 8.97
2004-07-16 9.7 9.99 9.52 9.52
2004-08-10 9.32 9.38 9.08 9.08
2004-08-12 9.26 9.27 9.13 9.13
2004-09-09 8.62 8.8 8.21 8.21
2004-09-14 8.32 8.58 8.1 8.1
2004-09-15 8.82 8.94 8.3 8.3
2004-10-19 9.51 9.88 9.5 9.5
2004-11-04 9.72 9.95 9.7 9.7
2005-01-26 7.28 7.38 7.2 7.2
2005-02-02 7.68 7.75 7.2 7.2
2005-03-08 7.68 7.8 7.49 7.49
2005-03-21 7.12 7.15 7.0 7.0
2005-04-25 5.35 5.37 5.14 5.14
2005-04-28 5.81 5.96 5.4 5.4
2005-05-17 5.19 5.28 5.01 5.01
2005-05-18 5.37 5.38 5.16 5.16
2005-06-03 5.05 5.09 4.95 4.95
2005-06-22 4.87 5.0 4.65 4.65
2005-07-07 4.04 4.1 4.0 4.0
2005-07-26 4.17 4.17 3.73 3.73
2005-08-01 4.46 4.55 4.35 4.35
2005-08-15 4.87 4.9 4.65 4.65
2005-08-17 4.95 4.96 4.72 4.72
2005-08-26 4.81 4.83 4.63 4.63
2005-10-11 4.47 4.48 4.3 4.3
2005-10-21 4.93 4.98 4.58 4.58
2005-11-09 5.57 5.68 5.51 5.51
2005-11-29 5.99 6.14 5.88 5.88
2005-12-07 5.82 5.86 5.75 5.75
2006-10-18 7.21 7.25 7.07 7.07
2006-11-20 7.2 7.23 6.96 6.96
2006-11-27 8.0 8.11 7.52 7.52
2006-12-14 8.04 8.04 7.75 7.75
2006-12-25 7.8 7.94 7.73 7.73
2007-01-04 8.4 8.76 8.23 8.23
2007-01-22 11.27 11.45 11.0 11.0
2007-04-20 12.21 12.35 11.88 11.88
2007-04-23 12.77 12.92 12.25 12.25
2007-04-26 13.4 13.65 13.08 13.08
2007-05-29 17.31 17.54 15.99 15.99
2007-06-07 14.11 14.24 13.65 13.65
2007-06-26 13.43 13.52 12.61 12.61
2007-07-17 12.72 12.79 12.4 12.4
2007-07-20 13.48 13.51 12.85 12.85
2007-07-23 14.05 14.2 13.6 13.6
2007-08-06 15.31 15.35 14.61 14.61
2007-08-09 15.12 15.76 14.97 14.97
2007-09-17 15.7 15.96 15.6 15.6
2007-11-23 13.91 13.93 13.43 13.43
2007-11-28 13.8 14.1 13.66 13.66
2007-12-17 15.27 15.75 15.04 15.04
2007-12-21 15.83 15.94 15.35 15.35
2007-12-26 16.05 16.19 15.91 15.91
2008-02-18 13.84 14.0 13.55 13.55
2008-05-08 9.47 9.48 9.11 9.11
2008-05-13 9.03 9.26 8.92 8.92
2008-05-14 9.48 9.5 9.03 9.03
2008-07-04 6.36 6.5 6.15 6.15
2008-08-19 5.01 5.1 4.9 4.9
2008-10-20 4.58 4.63 4.43 4.43
2008-11-05 3.87 3.89 3.76 3.76
2008-11-06 3.75 3.79 3.74 3.74
2008-11-10 4.07 4.08 3.84 3.84
2008-11-17 4.63 4.67 4.3 4.3
2008-12-05 4.78 4.81 4.61 4.61
2008-12-10 4.95 4.96 4.68 4.68
2009-01-16 4.89 4.99 4.83 4.83
2009-02-02 5.89 5.89 5.51 5.51
2009-03-18 6.4 6.4 5.89 5.89
2009-05-22 6.83 6.92 6.65 6.65
2009-07-01 6.9 6.91 6.73 6.73
2009-07-20 7.74 7.83 7.66 7.66
2009-07-27 7.86 7.91 7.61 7.61
2009-07-28 8.65 8.65 7.93 7.93
2009-08-03 9.44 9.6 8.97 8.97
2009-08-20 8.55 8.56 8.05 8.05
2009-09-01 8.42 8.64 8.01 8.01
2009-09-30 8.4 8.62 8.3 8.3
2009-10-13 9.49 9.58 9.05 9.05
2009-11-30 9.76 9.79 9.49 9.49
2009-12-21 9.43 9.43 9.25 9.25
2010-01-25 11.59 12.08 11.18 11.18
2010-01-28 11.84 11.95 11.47 11.47
2010-03-01 11.49 11.55 11.28 11.28
2010-04-09 13.19 13.2 12.83 12.83
2010-07-06 7.72 7.77 7.41 7.41
2010-08-11 9.3 9.37 9.2 9.2
2010-09-21 10.2 10.35 10.06 10.06
2010-10-25 11.51 11.63 11.27 11.27
2010-11-22 11.9 12.09 11.26 11.26
2011-01-05 11.86 12.02 11.56 11.56
2011-02-01 10.46 10.59 10.36 10.36
2011-02-14 11.01 11.13 10.68 10.68
2011-02-16 11.28 11.31 10.88 10.88
2011-03-16 11.78 11.98 11.33 11.33
2011-04-21 11.38 11.46 11.17 11.17
2011-05-13 10.15 10.15 10.0 10.0
2011-06-03 9.29 9.38 9.17 9.17
2011-06-30 9.18 9.19 9.01 9.01
2011-07-13 9.69 9.72 9.53 9.53
2011-07-18 9.93 9.96 9.8 9.8
2011-07-22 10.03 10.04 9.91 9.91
2011-08-03 9.31 9.4 9.16 9.16
2011-09-06 8.59 8.74 8.58 8.58
2012-01-17 7.58 7.6 7.2 7.2
2012-02-02 7.74 7.82 7.62 7.62
2012-03-02 8.13 8.15 8.01 8.01
2012-03-09 8.47 8.49 8.13 8.13
2012-04-06 8.17 8.21 7.72 7.72
2012-04-20 8.77 8.84 8.62 8.62
2012-04-23 8.84 9.07 8.78 8.78
2012-05-28 7.96 7.97 7.72 7.72
2012-06-18 5.47 5.53 5.39 5.39
2012-07-03 5.15 5.22 5.1 5.1
2012-07-23 4.45 4.48 4.42 4.42
2012-07-24 4.49 4.5 4.44 4.44
2012-08-10 4.76 4.86 4.6 4.6
2012-08-16 4.6 4.65 4.56 4.56
2012-09-07 4.65 4.71 4.5 4.5
2012-09-27 4.31 4.39 4.22 4.22
2012-11-07 4.38 4.4 4.34 4.34
2012-11-19 4.09 4.1 3.97 3.97
2013-01-15 4.49 4.52 4.38 4.38
2013-01-18 4.47 4.52 4.4 4.4
2013-02-08 4.78 4.82 4.69 4.69
2013-02-18 4.96 4.98 4.78 4.78
2013-02-22 4.74 4.78 4.66 4.66
2013-03-21 4.57 4.61 4.52 4.52
2013-04-01 4.54 4.58 4.5 4.5
2013-04-03 4.49 4.51 4.44 4.44
2013-04-24 4.12 4.15 4.02 4.02
2013-05-24 5.26 5.35 5.14 5.14
2013-07-15 4.81 4.84 4.66 4.66
2014-01-16 4.84 4.85 4.7 4.7
2014-01-21 4.85 4.87 4.78 4.78
2014-01-24 4.96 4.97 4.87 4.87
2014-02-10 5.22 5.28 5.08 5.08
2014-04-14 5.89 5.9 5.82 5.82
2014-05-20 5.55 5.64 5.48 5.48
2014-06-24 5.99 6.03 5.81 5.81
2014-07-24 6.18 6.2 5.99 5.99
2014-07-31 6.76 6.92 6.42 6.42
2014-10-28 7.21 7.23 7.06 7.06
2014-11-25 7.03 7.03 6.88 6.88
2014-12-09 7.36 7.56 7.25 7.25
2014-12-19 7.55 7.73 7.51 7.51
2014-12-24 7.43 7.48 7.32 7.32
2015-01-20 7.5 7.54 7.22 7.22
2015-02-13 7.47 7.54 7.39 7.39
2015-04-10 9.94 10.07 9.61 9.61
2015-04-22 10.0 10.08 9.77 9.77
2015-05-08 9.71 9.99 9.4 9.4
2015-07-08 6.25 6.74 6.07 6.07
2015-07-09 6.88 6.88 6.17 6.17
2015-07-17 8.88 9.06 8.33 8.33
2015-07-31 8.15 8.25 7.97 7.97
2015-08-04 8.61 8.63 8.02 8.02
2015-08-07 8.82 8.96 8.63 8.63
2015-10-12 8.1 8.16 7.78 7.78
2015-10-15 8.2 8.25 7.86 7.86
2015-11-04 8.46 8.53 8.13 8.13
2015-11-19 9.47 9.49 8.93 8.93
2015-12-07 9.97 10.25 9.5 9.5
2015-12-17 9.8 9.9 9.39 9.39
2016-02-16 8.24 8.31 7.96 7.96
2016-03-02 8.2 8.26 7.73 7.73
2016-03-07 8.05 8.12 7.91 7.91
2016-03-11 7.7 7.77 7.6 7.6
2016-03-14 7.85 7.99 7.77 7.77
2016-03-25 8.25 8.26 8.1 8.1
2016-04-13 8.61 8.69 8.5 8.5
2016-05-19 9.26 9.34 8.78 8.78
2016-05-31 9.59 9.62 9.25 9.25
2016-07-12 9.4 9.47 9.12 9.12
2016-07-21 9.26 9.34 9.17 9.17
2016-08-03 9.84 9.95 9.46 9.46
2016-09-19 12.44 12.65 12.13 12.13
2016-09-20 13.11 13.13 12.35 12.35
2016-11-18 12.16 12.18 12.0 12.0
2016-12-07 11.66 11.76 11.3 11.3
2016-12-22 11.12 11.13 10.9 10.9
2017-01-04 12.07 12.07 11.05 11.05
2017-01-09 11.74 11.87 11.62 11.62
2017-01-20 11.25 11.33 10.88 10.88
2017-01-24 11.35 11.47 11.27 11.27
2017-02-07 12.03 12.27 11.84 11.84
2017-03-01 12.48 12.74 12.43 12.43
2017-03-10 13.05 13.23 12.86 12.86
2017-03-13 13.6 13.68 13.01 13.01
2017-06-20 11.36 11.44 11.2 11.2
2017-06-29 12.3 12.35 11.98 11.98
2017-08-14 14.08 14.22 13.39 13.39
