2002-11-04 13.11 13.18 12.61 12.61
2002-12-11 12.62 12.7 12.4 12.4
2003-02-18 12.91 12.98 12.81 12.81
2003-02-24 12.82 12.98 12.67 12.67
2003-02-25 13.22 13.3 12.82 12.82
2003-03-11 12.76 12.82 12.68 12.68
2003-03-14 12.78 12.93 12.71 12.71
2003-03-25 12.74 12.74 12.45 12.45
2003-04-14 12.56 12.66 12.3 12.3
2003-05-30 10.93 11.09 10.7 10.7
2003-06-24 10.4 10.45 10.28 10.28
2003-06-26 10.45 10.5 10.25 10.25
2003-07-08 9.94 9.99 9.82 9.82
2003-08-04 9.43 9.43 9.25 9.25
2003-08-12 9.36 9.45 9.18 9.18
2003-08-15 9.23 9.36 9.0 9.0
2003-08-19 9.27 9.33 9.16 9.16
2003-09-01 9.13 9.16 8.86 8.86
2003-09-16 9.34 9.37 9.05 9.05
2003-09-23 9.0 9.04 8.8 8.8
2003-10-09 8.52 8.65 8.45 8.45
2003-10-30 7.72 7.88 7.61 7.61
2003-11-20 7.99 8.09 7.35 7.35
2003-11-28 7.81 7.87 7.65 7.65
2003-12-15 8.37 8.49 8.33 8.33
2003-12-22 7.8 7.9 7.4 7.4
2004-01-02 7.9 8.02 7.8 7.8
2004-01-05 8.1 8.15 7.82 7.82
2004-01-16 8.57 8.65 8.3 8.3
2004-02-10 9.0 9.14 8.9 8.9
2004-02-11 9.21 9.34 9.02 9.02
2004-02-12 9.36 9.39 9.21 9.21
2004-02-16 9.62 9.69 9.35 9.35
2004-03-19 9.16 9.17 8.96 8.96
2004-03-22 9.3 9.31 9.16 9.16
2004-04-01 9.8 9.88 9.7 9.7
2004-04-28 8.94 9.05 8.7 8.7
2004-05-12 8.92 8.93 8.7 8.7
2004-05-18 8.9 8.9 8.7 8.7
2004-06-21 8.14 8.15 7.8 7.8
2004-06-24 8.21 8.26 8.1 8.1
2004-07-01 7.77 7.79 7.55 7.55
2004-07-06 7.76 7.83 7.65 7.65
2004-07-13 7.32 7.37 7.23 7.23
2004-07-15 7.29 7.33 7.21 7.21
2004-08-04 5.25 5.3 5.12 5.12
2004-08-10 5.15 5.2 5.05 5.05
2004-09-06 5.26 5.33 5.25 5.25
2004-10-08 5.8 5.81 5.52 5.52
2004-11-03 5.22 5.25 5.03 5.03
2004-11-05 5.22 5.3 5.11 5.11
2004-11-15 5.43 5.44 5.32 5.32
2004-11-18 5.41 5.42 5.31 5.31
2004-11-23 5.87 6.08 5.78 5.78
2004-12-03 5.67 5.78 5.61 5.61
2004-12-08 5.54 5.63 5.52 5.52
2005-01-12 5.1 5.1 5.05 5.05
2005-01-13 5.08 5.14 5.03 5.03
2005-02-16 4.57 4.63 4.52 4.52
2005-02-17 4.63 4.64 4.53 4.53
2005-02-21 4.61 4.62 4.5 4.5
2005-02-24 4.85 4.92 4.8 4.8
2005-02-25 4.89 4.97 4.85 4.85
2005-03-07 4.85 4.86 4.81 4.81
2005-03-09 5.87 5.87 5.55 5.55
2005-04-13 4.76 4.78 4.65 4.65
2005-05-13 3.88 3.89 3.8 3.8
2005-05-24 3.81 3.85 3.7 3.7
2005-05-30 3.97 4.0 3.88 3.88
2005-06-02 3.91 3.99 3.86 3.86
2005-06-08 4.19 4.25 3.92 3.92
2005-06-13 4.12 4.17 4.06 4.06
2005-06-27 4.11 4.14 4.0 4.0
2005-07-12 3.74 3.78 3.58 3.58
2005-08-25 4.15 4.19 3.8 3.8
2005-09-13 4.35 4.38 4.23 4.23
2005-09-29 4.03 4.05 3.91 3.91
2005-10-10 4.03 4.08 3.96 3.96
2005-12-06 3.73 3.74 3.61 3.61
2006-01-04 3.84 3.85 3.76 3.76
2006-01-12 4.06 4.07 3.93 3.93
2006-02-06 4.07 4.07 3.97 3.97
2006-02-07 4.15 4.16 4.05 4.05
2006-02-08 4.18 4.2 4.08 4.08
2006-03-10 3.91 3.92 3.81 3.81
2006-10-18 4.0 4.0 3.93 3.93
2006-11-09 3.85 3.86 3.8 3.8
2006-11-17 3.62 3.67 3.57 3.57
2006-12-11 3.74 3.79 3.63 3.63
2006-12-13 3.85 4.03 3.75 3.75
2007-01-15 4.22 4.25 4.04 4.04
2007-01-29 4.66 4.67 4.43 4.43
2007-05-10 9.77 9.88 9.5 9.5
2007-06-07 8.24 8.29 7.85 7.85
2007-07-06 6.53 6.58 6.02 6.02
2007-07-25 7.1 7.12 6.79 6.79
2007-08-16 7.49 7.52 7.19 7.19
2007-08-24 8.31 8.67 8.22 8.22
2007-08-30 8.38 8.57 8.09 8.09
2007-09-03 8.64 8.78 8.48 8.48
2007-09-06 8.69 8.76 8.59 8.59
2007-11-13 7.69 7.69 7.11 7.11
2007-11-27 7.29 7.44 7.22 7.22
2007-11-29 7.75 7.78 7.31 7.31
2007-12-05 8.13 8.3 7.96 7.96
2008-01-02 10.5 10.8 10.31 10.31
2008-03-03 11.27 11.4 10.61 10.61
2008-04-11 7.49 7.65 7.33 7.33
2008-05-13 8.76 8.87 8.0 8.0
2008-06-06 8.25 8.25 7.6 7.6
2008-06-25 6.04 6.07 5.61 5.61
2008-06-30 5.69 5.79 5.54 5.54
2008-07-03 5.94 6.06 5.53 5.53
2008-07-07 6.23 6.28 6.06 6.06
2008-07-09 6.69 6.75 6.33 6.33
2008-07-28 5.2 5.25 5.1 5.1
2008-09-02 4.34 4.49 4.2 4.2
2008-10-20 3.1 3.13 3.0 3.0
2008-11-05 2.59 2.59 2.35 2.35
2008-11-07 2.84 2.84 2.34 2.34
2009-02-02 4.79 4.79 4.37 4.37
2009-03-16 6.09 6.18 5.91 5.91
2009-04-28 6.41 6.45 6.12 6.12
2009-04-29 6.56 6.61 6.31 6.31
2009-05-07 7.93 7.93 7.12 7.12
2009-07-27 9.18 9.24 8.82 8.82
2009-08-20 7.26 7.33 7.0 7.0
2009-09-09 7.66 7.78 7.28 7.28
2009-09-14 7.69 7.72 7.53 7.53
2009-10-09 7.15 7.32 6.81 6.81
2009-10-12 7.19 7.33 7.11 7.11
2009-10-14 7.54 7.57 7.26 7.26
2009-11-16 8.85 8.85 8.68 8.68
2009-11-19 9.02 9.03 8.8 8.8
2009-12-23 8.14 8.2 7.98 7.98
2009-12-25 8.39 8.48 8.3 8.3
2009-12-30 8.88 9.34 8.74 8.74
2010-01-25 9.28 9.68 9.05 9.05
2010-01-28 8.28 8.42 8.12 8.12
2010-02-23 9.15 9.18 8.85 8.85
2010-03-01 9.51 9.57 9.22 9.22
2010-04-14 9.66 9.69 9.52 9.52
2010-04-15 10.1 10.49 9.99 9.99
2010-04-30 8.94 9.07 8.58 8.58
2010-06-04 7.14 7.18 7.0 7.0
2010-06-11 7.46 7.55 7.31 7.31
2010-08-02 7.98 7.99 7.77 7.77
2010-08-06 8.04 8.07 7.86 7.86
2010-08-09 8.2 8.3 8.04 8.04
2010-08-23 8.07 8.16 7.89 7.89
2010-08-31 8.1 8.18 8.03 8.03
2010-09-03 8.21 8.3 8.04 8.04
2010-09-09 9.43 9.43 9.43 9.43
2010-09-10 10.37 10.37 10.37 10.37
2010-09-13 11.41 11.41 11.41 11.41
2010-12-13 9.42 9.43 9.24 9.24
2010-12-21 9.53 9.56 9.31 9.31
2010-12-29 8.71 8.74 8.44 8.44
2011-01-12 9.18 9.23 9.1 9.1
2011-04-29 10.77 10.77 10.77 10.77
2011-05-03 11.85 11.85 11.85 11.85
2011-05-04 13.04 13.04 13.04 13.04
2011-05-05 14.34 14.34 14.34 14.34
2011-05-06 15.77 15.77 15.77 15.77
2011-05-09 17.35 17.35 17.35 17.35
2011-05-31 14.13 14.25 13.43 13.43
2011-06-08 15.47 15.47 14.33 14.33
2011-06-30 14.31 14.59 13.8 13.8
2011-07-13 14.33 14.34 13.91 13.91
2011-07-27 13.41 13.7 13.35 13.35
2011-09-20 14.29 14.39 13.85 13.85
2011-11-07 11.97 12.03 11.82 11.82
2012-01-06 7.32 7.39 7.05 7.05
2012-02-13 9.4 9.56 8.96 8.96
2012-02-22 10.75 10.83 10.3 10.3
2012-03-07 10.73 10.86 10.09 10.09
2012-03-16 9.63 9.72 9.34 9.34
2012-03-30 7.65 7.65 7.65 7.65
2012-04-05 7.49 7.55 7.27 7.27
2012-04-25 8.18 8.22 7.75 7.75
2012-05-03 8.8 8.8 8.26 8.26
2012-05-10 8.54 8.64 8.33 8.33
2012-05-31 7.92 8.0 7.88 7.88
2012-06-13 8.22 8.32 8.08 8.08
2012-07-24 8.62 8.81 8.35 8.35
2012-07-27 8.75 8.88 8.58 8.58
2012-07-30 8.31 8.31 8.31 8.31
2012-07-31 7.89 7.89 7.89 7.89
2012-08-01 7.5 7.66 7.5 7.5
2012-08-27 8.48 8.54 8.37 8.37
2012-08-28 8.72 8.72 8.44 8.44
2012-09-10 8.81 8.9 8.72 8.72
2012-09-12 9.11 9.3 8.91 8.91
2012-10-19 8.84 8.87 8.64 8.64
2012-11-21 8.53 8.6 8.38 8.38
2012-12-19 10.42 10.81 9.77 9.77
2012-12-25 10.27 10.59 10.03 10.03
2012-12-31 11.08 11.08 10.2 10.2
2013-01-04 12.19 12.19 12.19 12.19
2013-01-31 12.7 13.05 12.6 12.6
2013-02-08 13.0 13.06 12.72 12.72
2013-03-06 11.29 11.36 11.15 11.15
2013-04-09 10.9 11.05 10.75 10.75
2013-06-05 9.89 9.89 9.75 9.75
2013-08-19 8.53 8.57 8.32 8.32
2013-08-21 8.46 8.48 8.34 8.34
2013-12-09 8.11 8.21 8.0 8.0
2013-12-30 7.47 7.53 7.41 7.41
2014-01-20 6.81 6.97 6.7 6.7
2014-02-10 7.19 7.22 7.0 7.0
2014-02-28 7.04 7.05 6.85 6.85
2014-03-04 7.28 7.34 7.07 7.07
2014-03-07 7.21 7.28 7.15 7.15
2014-03-13 7.16 7.21 7.0 7.0
2014-03-26 8.16 8.17 7.6 7.6
2014-03-27 7.85 8.05 7.8 7.8
2014-04-08 7.64 7.75 7.45 7.45
2014-04-22 7.35 7.38 7.26 7.26
2014-05-12 7.29 7.45 6.93 6.93
2014-06-13 7.02 7.05 6.96 6.96
2014-06-23 7.02 7.15 6.86 6.86
2014-06-26 7.02 7.1 6.94 6.94
2014-07-03 7.29 7.33 7.21 7.21
2014-07-09 7.34 7.45 7.19 7.19
2014-08-04 8.26 8.28 8.01 8.01
2014-10-08 9.75 9.78 9.46 9.46
2014-11-19 11.23 11.35 10.81 10.81
2014-11-26 11.03 11.23 10.84 10.84
2014-12-02 10.74 10.91 10.58 10.58
2015-01-13 9.1 9.17 9.01 9.01
2015-01-20 9.07 9.09 8.92 8.92
2015-01-29 9.46 9.58 9.35 9.35
2015-03-16 10.42 10.42 10.17 10.17
2015-05-06 17.34 17.98 16.89 16.89
2015-05-12 19.23 19.26 17.32 17.32
2015-06-09 25.82 25.98 24.8 24.8
2015-06-12 28.32 29.1 26.5 26.5
2015-07-13 12.8 12.8 12.8 12.8
2015-07-14 14.08 14.08 14.08 14.08
2015-07-16 12.51 13.2 11.4 11.4
2015-08-13 19.39 19.74 18.6 18.6
2015-11-26 16.03 16.03 16.03 16.03
2015-12-03 15.33 15.33 14.14 14.14
2015-12-18 21.34 22.99 21.16 21.16
2015-12-29 19.92 20.1 19.65 19.65
2016-01-05 17.12 17.97 15.85 15.85
2016-01-25 14.44 14.44 12.96 12.96
2016-02-15 14.01 14.12 13.27 13.27
2016-02-16 14.41 14.61 14.02 14.02
2016-02-22 16.82 17.1 15.78 15.78
2016-02-26 16.6 17.2 16.1 16.1
2016-03-17 16.24 16.46 15.8 15.8
2016-03-18 17.06 17.37 16.33 16.33
2016-04-11 16.79 16.93 16.52 16.52
2016-04-21 16.42 16.89 16.39 16.39
2016-05-31 16.01 16.15 15.4 15.4
2016-06-16 15.71 15.75 15.49 15.49
2016-06-17 16.47 16.98 16.04 16.04
2016-07-01 16.87 17.0 16.6 16.6
2016-08-09 18.33 18.42 18.15 18.15
2016-10-12 17.84 18.1 17.7 17.7
2016-11-18 17.37 17.42 17.26 17.26
2016-11-24 17.32 17.43 17.22 17.22
2016-12-28 16.59 16.82 15.83 15.83
2016-12-29 16.71 16.82 16.42 16.42
2017-01-17 16.41 16.55 15.25 15.25
2017-03-13 15.0 15.2 14.75 14.75
2017-03-27 14.67 14.74 13.79 13.79
2017-03-29 14.75 14.97 14.51 14.51
2017-05-09 13.26 13.69 13.02 13.02
2017-05-19 12.46 12.54 12.36 12.36
2017-06-13 11.88 12.01 11.58 11.58
2017-06-19 11.92 11.97 11.87 11.87
2017-08-14 12.29 12.38 12.04 12.04
2017-08-25 11.82 11.93 11.61 11.61
