1994-05-10 9.15 9.15 8.7 8.7
1994-09-02 12.0 12.38 11.0 11.0
1994-11-03 12.34 12.35 11.25 11.25
1994-11-08 12.35 13.5 11.98 11.98
1994-11-09 12.67 12.68 11.8 11.8
1994-11-17 12.15 12.47 12.08 12.08
1994-11-30 11.95 12.1 11.81 11.81
1995-01-04 11.4 11.46 11.0 11.0
1995-01-17 10.1 10.25 10.07 10.07
1995-01-25 9.48 9.6 9.36 9.36
1995-01-26 9.5 9.5 9.38 9.38
1995-01-27 9.58 9.69 9.5 9.5
1995-02-09 9.18 9.3 8.88 8.88
1995-02-23 10.2 10.65 9.8 9.8
1995-03-02 9.7 9.8 9.4 9.4
1995-03-17 10.37 10.4 10.0 10.0
1995-03-22 10.75 10.76 10.4 10.4
1995-04-25 12.52 12.63 12.28 12.28
1995-05-02 12.35 12.38 12.05 12.05
1995-05-05 12.2 12.29 12.05 12.05
1995-05-09 9.3 9.34 9.1 9.1
1995-05-17 9.36 9.4 9.23 9.23
1995-06-19 10.52 10.53 10.3 10.3
1995-06-23 10.8 10.8 10.4 10.4
1995-08-01 10.93 10.95 10.5 10.5
1995-09-01 10.16 10.25 10.07 10.07
1995-09-06 10.16 10.4 10.0 10.0
1995-09-07 10.22 10.5 10.2 10.2
1995-09-11 10.22 10.36 10.05 10.05
1995-09-28 9.08 9.15 9.0 9.0
1995-09-29 9.18 9.44 9.0 9.0
1995-11-01 9.18 9.25 9.0 9.0
1995-12-14 8.44 8.6 8.4 8.4
1995-12-18 8.26 8.4 8.18 8.18
1995-12-19 8.39 8.39 8.2 8.2
1995-12-20 8.32 8.32 8.2 8.2
1996-01-04 7.6 7.65 7.45 7.45
1996-01-08 7.24 7.24 7.0 7.0
1996-01-11 7.2 7.3 7.15 7.15
1996-01-15 7.2 7.3 7.19 7.19
1996-01-16 7.2 7.28 7.2 7.2
1996-01-26 6.75 6.75 6.7 6.7
1996-01-29 6.85 6.97 6.76 6.76
1996-02-02 6.99 6.99 6.8 6.8
1996-02-05 6.85 7.0 6.82 6.82
1996-02-13 6.85 6.95 6.85 6.85
1996-02-16 7.4 7.48 7.15 7.15
1996-03-04 7.99 8.0 7.6 7.6
1996-03-07 7.41 7.48 7.25 7.25
1996-03-11 7.5 7.65 7.41 7.41
1996-04-03 7.41 7.5 7.4 7.4
1996-04-05 7.75 7.79 7.32 7.32
1996-04-10 7.75 7.8 7.7 7.7
1996-04-11 7.75 7.75 7.7 7.7
1996-04-12 7.9 7.98 7.8 7.8
1996-04-15 8.01 8.28 7.8 7.8
1996-04-16 8.28 8.35 8.0 8.0
1996-04-23 9.18 9.18 8.75 8.75
1996-04-26 10.0 10.2 9.3 9.3
1996-05-06 9.46 9.5 8.8 8.8
1996-05-08 9.44 9.5 9.2 9.2
1996-05-15 10.05 10.05 9.8 9.8
1996-05-22 9.9 9.95 9.53 9.53
1996-05-28 9.59 9.78 9.48 9.48
1996-05-31 9.69 9.97 9.3 9.3
1996-06-05 9.7 9.75 9.4 9.4
1996-06-10 9.9 10.04 9.8 9.8
1996-06-27 10.45 10.68 10.3 10.3
1996-08-02 11.15 11.25 10.0 10.0
1996-08-08 10.7 10.85 10.6 10.6
1996-08-12 11.38 11.38 11.01 11.01
1996-08-19 15.18 15.18 13.5 13.5
1996-08-26 15.68 16.11 15.01 15.01
1996-09-13 17.6 18.0 17.0 17.0
1996-10-16 16.01 16.25 15.99 15.99
1996-10-17 16.02 16.38 15.9 15.9
1996-10-24 15.2 15.9 15.1 15.1
1996-10-30 17.18 18.01 17.18 17.18
1996-12-17 10.58 11.0 10.58 10.58
1996-12-18 11.4 11.4 10.0 10.0
1997-01-06 9.9 10.1 9.9 9.9
1997-01-14 10.85 11.14 10.25 10.25
1997-01-17 11.01 11.3 10.73 10.73
1997-01-22 11.86 12.13 11.6 11.6
1997-02-17 11.85 11.9 11.55 11.55
1997-02-20 11.25 11.3 10.32 10.32
1997-02-25 11.9 12.12 11.75 11.75
1997-03-13 12.79 12.85 12.5 12.5
1997-04-09 14.17 14.3 13.9 13.9
1997-04-14 14.13 14.18 13.78 13.78
1997-05-22 11.43 12.25 11.43 11.43
1997-06-19 12.33 12.44 12.0 12.0
1997-07-21 10.75 10.88 10.3 10.3
1997-09-05 9.9 10.0 8.96 8.96
1997-09-25 8.3 8.45 8.22 8.22
1997-11-14 8.61 8.74 8.38 8.38
1997-12-04 8.59 8.65 8.28 8.28
1998-04-03 9.33 9.6 9.0 9.0
1998-04-28 8.81 8.88 8.65 8.65
1998-05-04 9.32 9.48 8.93 8.93
1998-07-20 11.06 11.58 11.0 11.0
1998-07-21 11.98 11.98 11.1 11.1
1998-09-16 11.49 11.52 11.0 11.0
1998-09-21 11.55 11.6 11.21 11.21
1998-11-24 10.9 11.01 10.75 10.75
1998-11-26 11.16 11.32 10.8 10.8
1998-11-30 11.35 11.35 11.03 11.03
1998-12-22 10.52 10.54 10.15 10.15
1998-12-29 10.25 10.39 10.2 10.2
1999-01-22 8.75 9.0 8.38 8.38
1999-02-01 8.33 8.42 8.3 8.3
1999-02-09 7.88 7.96 7.68 7.68
1999-03-02 8.15 8.2 8.0 8.0
1999-03-04 8.53 8.65 8.35 8.35
1999-03-12 8.6 9.06 8.6 8.6
1999-04-30 8.95 9.08 8.8 8.8
1999-05-11 8.6 8.6 8.31 8.31
1999-05-17 8.29 8.5 8.2 8.2
1999-05-20 9.24 9.39 8.7 8.7
1999-05-26 9.9 10.0 9.22 9.22
1999-05-27 10.89 10.89 10.2 10.2
1999-07-01 13.49 13.6 13.49 13.49
1999-08-17 15.7 16.49 15.2 15.2
1999-08-18 15.85 16.3 15.0 15.0
1999-08-20 16.6 17.0 16.2 16.2
1999-10-20 12.7 12.85 12.39 12.39
1999-11-17 12.6 12.7 11.7 11.7
1999-11-19 12.6 12.98 12.31 12.31
1999-11-26 12.77 12.98 12.61 12.61
1999-12-15 12.98 13.1 12.7 12.7
1999-12-24 11.9 12.14 11.82 11.82
2000-02-21 13.13 13.13 11.98 11.98
2000-03-30 13.68 14.1 13.4 13.4
2000-04-05 13.8 14.0 13.2 13.2
2000-04-24 15.12 15.59 15.0 15.0
2000-07-06 12.53 12.65 12.5 12.5
2000-10-10 13.25 13.28 12.98 12.98
2000-10-18 13.2 13.24 13.06 13.06
2000-10-20 13.22 13.23 13.06 13.06
2000-10-25 13.56 13.65 13.46 13.46
2000-11-06 15.54 15.54 14.41 14.41
2000-12-21 16.67 16.9 15.7 15.7
2000-12-28 16.3 16.5 16.21 16.21
2001-01-04 17.49 17.75 16.45 16.45
2001-02-23 14.48 14.8 13.81 13.81
2001-03-19 16.84 17.2 15.8 15.8
2001-03-22 19.03 19.03 17.38 17.38
2001-03-26 20.9 20.9 19.0 19.0
2001-03-30 19.89 20.65 19.65 19.65
2001-04-24 20.42 20.5 19.47 19.47
2001-05-15 19.93 20.18 19.15 19.15
2001-08-09 17.21 17.21 16.86 16.86
2001-11-12 15.84 16.28 15.75 15.75
2001-11-29 17.27 18.18 16.77 16.77
2001-12-03 17.46 17.79 17.38 17.38
2001-12-04 17.49 17.59 17.12 17.12
2001-12-12 16.53 16.88 16.5 16.5
2001-12-18 16.66 16.88 16.1 16.1
2002-01-15 14.0 14.24 13.8 13.8
2002-01-21 13.3 13.5 13.0 13.0
2002-01-22 13.49 13.69 13.2 13.2
2002-01-29 13.7 13.91 13.51 13.51
2002-01-31 15.0 15.2 14.35 14.35
2002-02-05 14.89 15.2 14.78 14.78
2002-02-07 14.49 14.7 14.4 14.4
2002-02-28 14.36 14.56 14.3 14.3
2002-03-06 14.81 15.36 14.7 14.7
2002-04-05 17.03 17.28 16.69 16.69
2002-08-05 14.94 14.98 14.85 14.85
2002-08-20 14.84 14.86 14.62 14.62
2002-09-04 15.58 16.4 15.35 15.35
2002-09-09 15.19 15.3 15.02 15.02
2002-09-10 15.37 15.38 15.15 15.15
2002-09-12 15.5 15.55 15.3 15.3
2002-10-18 14.05 14.17 14.02 14.02
2002-10-22 14.25 14.33 13.95 13.95
2002-10-23 14.24 14.3 14.11 14.11
2002-11-05 14.07 14.17 13.84 13.84
2002-11-19 12.45 12.85 12.2 12.2
2002-11-25 12.05 12.37 11.7 11.7
2002-11-28 12.06 12.2 11.58 11.58
2002-12-03 12.04 12.09 11.62 11.62
2002-12-06 11.79 11.98 11.66 11.66
2002-12-09 11.75 11.89 11.7 11.7
2002-12-12 11.55 11.78 11.45 11.45
2002-12-13 11.66 11.73 11.29 11.29
2003-02-14 13.0 13.04 12.8 12.8
2003-02-19 13.13 13.16 12.89 12.89
2003-06-24 9.27 9.36 9.11 9.11
2003-08-18 7.67 7.8 7.6 7.6
2003-08-19 7.7 7.79 7.62 7.62
2003-08-22 7.65 7.78 7.55 7.55
2003-08-27 8.87 8.87 7.99 7.99
2003-08-29 8.73 8.95 8.55 8.55
2003-11-10 6.3 6.37 6.17 6.17
2003-12-05 7.1 7.2 7.01 7.01
2004-02-02 6.07 6.1 5.75 5.75
2004-03-16 7.14 7.18 7.0 7.0
2004-04-05 7.41 7.41 7.25 7.25
2006-10-24 6.99 7.21 6.88 6.88
2006-11-01 6.37 6.53 6.36 6.36
2006-11-03 6.23 6.26 6.14 6.14
2006-11-06 6.45 6.45 6.22 6.22
2006-11-08 7.11 7.11 6.81 6.81
2006-11-14 6.76 6.97 6.55 6.55
2006-11-20 6.43 6.43 6.15 6.15
2006-11-24 6.48 6.48 6.2 6.2
2006-12-04 6.48 6.55 6.4 6.4
2006-12-18 6.73 6.88 6.5 6.5
2006-12-21 7.59 7.59 7.26 7.26
2006-12-22 7.97 7.97 7.65 7.65
2006-12-27 7.65 7.8 7.3 7.3
2006-12-29 7.79 7.84 7.55 7.55
2007-01-19 8.26 8.4 7.6 7.6
2007-01-29 8.51 8.51 8.11 8.11
2007-04-30 17.06 17.06 17.06 17.06
2007-05-08 16.21 16.21 16.21 16.21
2007-05-09 15.61 16.49 15.4 15.4
2007-05-14 16.76 16.76 16.44 16.44
2007-05-15 17.6 17.6 17.6 17.6
2007-05-23 23.39 23.39 22.29 22.29
2007-05-30 22.52 23.4 22.52 22.52
2007-05-31 21.39 21.39 21.39 21.39
2007-06-01 20.32 20.32 20.32 20.32
2007-06-04 19.3 19.3 19.3 19.3
2007-06-05 18.34 18.34 18.34 18.34
2007-06-06 17.59 18.58 17.42 17.42
2007-06-07 18.47 18.47 16.78 16.78
2007-06-08 19.39 19.39 19.39 19.39
2007-07-12 14.17 14.37 13.7 13.7
2007-07-25 15.99 16.17 15.8 15.8
2007-08-20 15.78 15.78 15.25 15.25
2007-08-21 16.57 16.57 16.57 16.57
2007-08-22 17.4 17.4 17.4 17.4
2007-08-23 18.27 18.27 18.27 18.27
2007-09-24 17.85 18.09 17.7 17.7
2007-09-25 17.84 18.15 17.7 17.7
2007-09-28 18.98 19.2 18.75 18.75
2007-10-09 18.67 18.83 18.3 18.3
2007-10-17 17.44 17.79 17.28 17.28
2007-10-19 17.99 17.99 17.13 17.13
2007-10-26 17.89 18.2 17.72 17.72
2007-11-09 17.27 17.48 17.08 17.08
2007-11-14 16.96 17.25 16.77 16.77
2007-11-28 16.81 17.19 16.65 16.65
2007-12-03 18.32 19.06 18.15 18.15
2007-12-04 18.15 18.58 17.88 17.88
2007-12-11 21.21 21.21 21.21 21.21
2008-02-21 24.62 24.99 24.11 24.11
2008-02-27 24.9 25.2 24.62 24.62
2008-03-06 24.56 24.88 24.32 24.32
2008-05-07 25.65 25.65 25.65 25.65
2008-05-09 30.55 31.0 28.35 28.35
2008-05-14 30.99 31.85 30.05 30.05
2008-05-19 30.49 30.99 29.53 29.53
2008-06-12 24.95 25.18 23.4 23.4
2008-09-10 12.29 12.58 11.7 11.7
2008-09-11 13.52 13.52 12.29 12.29
2008-11-14 13.36 13.56 12.52 12.52
2009-01-23 13.05 13.88 12.87 12.87
2009-02-02 13.59 13.67 13.0 13.0
2009-02-09 15.3 15.88 15.15 15.15
2009-02-13 16.43 17.0 15.81 15.81
2009-03-17 17.85 17.92 17.25 17.25
2009-06-09 18.89 19.5 18.4 18.4
2009-10-23 26.79 26.95 26.05 26.05
2010-02-08 31.13 31.8 29.96 29.96
2010-02-23 32.28 32.56 30.39 30.39
2010-03-01 33.67 34.23 32.72 32.72
2010-03-08 39.28 39.9 36.85 36.85
2010-03-15 37.99 39.03 37.0 37.0
2010-04-12 26.2 27.01 25.1 25.1
2010-04-15 26.42 27.01 25.62 25.62
2010-05-21 17.43 17.9 16.08 16.08
2010-06-28 15.99 16.49 15.72 15.72
2010-09-28 21.43 22.15 20.65 20.65
2010-11-25 17.74 17.95 17.16 17.16
2010-12-01 16.72 16.89 16.5 16.5
2010-12-06 17.08 17.47 16.6 16.6
2011-07-04 18.47 18.59 17.66 17.66
2011-09-20 20.49 20.6 20.22 20.22
2011-10-31 20.59 21.16 20.32 20.32
2011-12-29 11.8 12.78 11.55 11.55
2012-04-26 14.45 14.7 14.43 14.43
2012-09-10 12.1 12.24 11.8 11.8
2012-09-28 10.87 10.94 10.42 10.42
2012-10-08 10.92 11.07 10.81 10.81
2012-12-10 10.61 10.63 10.12 10.12
2013-01-25 13.71 14.03 13.18 13.18
2013-03-14 10.95 11.1 10.82 10.82
2013-08-22 7.94 7.96 7.59 7.59
2013-08-26 7.96 7.97 7.68 7.68
2014-01-24 7.22 7.28 7.16 7.16
2014-05-26 5.77 5.79 5.7 5.7
2014-07-03 5.94 6.01 5.91 5.91
2014-10-28 6.84 6.85 6.7 6.7
2015-03-13 8.26 8.3 8.12 8.12
2015-04-10 10.3 10.5 9.74 9.74
2015-07-14 9.16 9.16 9.16 9.16
2015-08-06 8.5 8.65 8.11 8.11
2015-08-07 8.75 8.76 8.4 8.4
2015-11-24 8.87 8.95 8.7 8.7
2016-03-07 6.69 6.75 6.41 6.41
2016-06-14 5.84 5.9 5.8 5.8
2016-06-28 6.5 6.58 6.39 6.39
2016-07-04 6.59 6.64 6.4 6.4
2016-07-11 6.96 7.13 6.85 6.85
2016-08-30 8.02 8.24 7.94 7.94
2016-09-07 8.02 8.1 7.92 7.92
2017-01-03 8.13 8.22 7.88 7.88
2017-05-03 6.55 6.75 6.11 6.11
2017-05-19 7.21 7.25 6.99 6.99
2017-07-11 6.66 6.69 6.62 6.62
2017-07-12 6.73 6.78 6.63 6.63
2017-07-20 6.75 6.83 6.72 6.72
2017-07-21 6.87 6.93 6.77 6.77
2017-07-24 6.88 6.93 6.82 6.82
5537
