2004-05-17 10.87 10.99 10.63 10.63
2004-06-07 11.12 11.31 11.05 11.05
2004-07-16 8.5 8.66 8.09 8.09
2004-07-21 8.54 8.97 8.39 8.39
2004-07-23 8.36 8.37 8.08 8.08
2004-08-03 8.18 8.24 8.13 8.13
2004-08-18 6.78 6.97 6.66 6.66
2004-09-29 7.46 7.66 7.33 7.33
2004-10-18 6.77 6.85 6.64 6.64
2004-11-09 6.73 6.74 6.61 6.61
2004-11-18 7.25 7.25 7.12 7.12
2004-11-22 7.3 7.37 7.24 7.24
2004-12-17 6.55 6.63 6.51 6.51
2004-12-28 6.62 6.67 6.61 6.61
2005-01-05 6.46 6.5 6.37 6.37
2005-01-07 6.38 6.5 6.35 6.35
2005-03-01 5.95 5.95 5.76 5.76
2005-03-29 4.87 4.97 4.84 4.84
2005-04-06 5.11 5.15 4.85 4.85
2005-05-10 4.53 4.56 4.4 4.4
2005-05-24 4.55 4.58 4.42 4.42
2005-06-08 4.79 4.84 4.5 4.5
2005-08-04 3.94 3.96 3.91 3.91
2005-08-22 4.26 4.27 4.1 4.1
2005-08-24 4.19 4.21 4.15 4.15
2005-09-07 4.7 4.78 4.4 4.4
2005-09-29 4.43 4.47 4.35 4.35
2005-11-04 4.05 4.07 3.96 3.96
2005-11-07 4.46 4.46 4.46 4.46
2005-11-10 5.15 5.15 4.55 4.55
2005-12-09 4.28 4.3 4.2 4.2
2006-10-18 4.68 4.7 4.5 4.5
2006-11-16 4.35 4.47 4.3 4.3
2006-11-23 4.31 4.33 4.22 4.22
2006-11-30 4.45 4.47 4.4 4.4
2006-12-04 4.81 4.88 4.6 4.6
2006-12-14 4.5 4.51 4.4 4.4
2006-12-25 4.53 4.58 4.46 4.46
2007-01-19 5.52 5.59 5.2 5.2
2007-02-06 5.8 5.81 5.6 5.6
2007-03-02 6.1 6.16 5.99 5.99
2007-04-05 9.15 9.48 8.8 8.8
2007-04-16 9.6 9.78 9.2 9.2
2007-04-20 10.35 10.55 9.88 9.88
2007-05-14 10.74 10.9 10.6 10.6
2007-06-05 8.4 8.74 8.0 8.0
2007-07-11 7.31 7.39 7.0 7.0
2007-07-25 8.71 8.71 7.88 7.88
2007-08-02 8.63 8.72 8.3 8.3
2007-08-10 9.11 9.11 8.34 8.34
2007-10-24 9.53 10.0 9.44 9.44
2007-10-26 8.66 8.8 8.3 8.3
2007-11-13 8.89 8.95 8.67 8.67
2007-12-05 9.46 9.56 9.27 9.27
2007-12-12 10.37 10.48 10.02 10.02
2007-12-17 10.07 10.3 9.94 9.94
2007-12-18 10.19 10.38 10.07 10.07
2008-01-23 9.65 9.77 9.16 9.16
2008-03-06 10.91 11.08 10.71 10.71
2008-05-14 7.03 7.26 6.79 6.79
2008-05-21 7.26 7.26 6.55 6.55
2008-06-02 7.21 7.39 6.88 6.88
2008-06-23 5.38 5.6 5.3 5.3
2008-06-25 5.68 5.7 5.45 5.45
2008-06-30 5.25 5.35 5.02 5.02
2008-07-30 5.85 5.93 5.76 5.76
2008-09-10 3.96 4.07 3.88 3.88
2008-09-12 4.33 4.33 4.17 4.17
2008-11-03 3.72 3.75 3.65 3.65
2008-11-07 3.85 3.88 3.7 3.7
2008-11-12 4.1 4.1 3.95 3.95
2008-11-14 4.34 4.37 4.2 4.2
2008-11-28 4.33 4.5 4.25 4.25
2008-12-10 4.91 4.93 4.68 4.68
2008-12-19 4.87 4.98 4.82 4.82
2009-03-04 5.69 5.72 5.4 5.4
2009-03-06 5.86 5.88 5.62 5.62
2009-03-10 5.86 5.88 5.5 5.5
2009-03-19 6.25 6.29 6.0 6.0
2009-05-08 6.9 7.05 6.7 6.7
2009-06-15 7.26 7.28 7.07 7.07
2009-06-23 8.25 8.58 7.6 7.6
2009-07-01 7.76 7.88 7.62 7.62
2009-07-02 8.08 8.1 7.8 7.8
2009-07-27 8.59 8.87 8.5 8.5
2009-08-10 9.54 9.58 8.9 8.9
2009-08-11 10.49 10.49 9.72 9.72
2009-09-14 10.07 10.26 9.44 9.44
2009-10-09 8.16 8.16 7.8 7.8
2009-10-30 8.19 8.37 8.17 8.17
2009-11-03 8.69 8.77 8.42 8.42
2009-11-12 9.15 9.2 9.07 9.07
2009-11-27 9.18 9.35 9.01 9.01
2009-12-07 10.0 10.1 9.5 9.5
2010-01-08 9.82 9.83 9.59 9.59
2010-01-14 10.09 10.14 9.87 9.87
2010-02-05 9.12 9.2 8.85 8.85
2010-02-09 9.19 9.4 9.07 9.07
2010-03-16 10.05 10.08 9.85 9.85
2010-04-23 13.19 13.56 12.7 12.7
2010-05-24 13.16 13.16 12.1 12.1
2010-05-26 13.74 14.01 13.3 13.3
2010-07-01 10.63 10.73 10.4 10.4
2010-07-28 13.1 13.27 12.7 12.7
2010-07-30 13.31 13.55 13.01 13.01
2010-08-09 13.92 14.25 13.5 13.5
2010-08-27 13.14 13.21 12.86 12.86
2010-09-06 16.77 18.08 16.25 16.25
2010-09-28 16.54 16.89 16.26 16.26
2010-10-08 16.61 16.98 16.3 16.3
2010-10-22 16.41 16.75 15.55 15.55
2010-10-26 17.1 17.91 16.91 16.91
2010-11-04 17.77 17.95 17.15 17.15
2010-11-25 17.26 17.53 16.69 16.69
2010-12-13 16.48 16.6 16.15 16.15
2010-12-14 16.5 16.72 16.28 16.28
2011-01-06 14.64 15.3 14.39 14.39
2011-02-10 13.05 13.19 12.6 12.6
2011-04-01 13.32 13.67 13.21 13.21
2011-04-11 13.9 14.18 13.41 13.41
2011-04-22 13.77 14.0 13.3 13.3
2011-05-19 13.81 13.93 13.65 13.65
2011-06-01 12.27 12.27 11.5 11.5
2011-07-07 13.68 13.9 13.51 13.51
2011-07-13 13.4 13.5 13.12 13.12
2011-07-20 14.31 14.48 13.98 13.98
2011-07-27 13.29 13.3 13.0 13.0
2011-08-05 12.51 12.76 12.06 12.06
2011-08-25 12.04 12.08 11.63 11.63
2011-10-26 10.55 10.73 10.37 10.37
2011-10-31 10.97 11.15 10.86 10.86
2011-11-08 11.29 11.47 11.22 11.22
2011-11-15 11.78 11.93 11.46 11.46
2011-11-23 11.28 11.36 11.01 11.01
2011-12-14 10.03 10.28 10.0 10.0
2011-12-20 10.38 10.55 10.22 10.22
2012-02-08 8.63 8.64 8.43 8.43
2012-02-13 9.09 9.26 8.88 8.88
2012-03-02 9.47 9.48 9.35 9.35
2012-03-08 9.26 9.3 9.17 9.17
2012-03-09 9.48 9.8 9.3 9.3
2012-03-23 9.35 9.65 9.11 9.11
2012-04-13 8.88 8.92 8.63 8.63
2012-04-20 9.17 9.29 9.08 9.08
2012-05-14 8.53 8.63 8.46 8.46
2012-05-29 8.4 8.45 8.17 8.17
2012-05-30 8.59 8.65 8.4 8.4
2012-06-05 8.36 8.78 8.26 8.26
2012-06-07 8.52 8.64 8.39 8.39
2012-06-13 10.2 10.66 9.82 9.82
2012-07-04 9.11 9.12 8.52 8.52
2012-07-24 8.12 8.18 7.95 7.95
2012-09-07 8.46 8.58 8.23 8.23
2012-09-19 8.16 8.2 8.06 8.06
2012-10-09 8.13 8.17 7.99 7.99
2012-11-05 8.77 8.98 8.36 8.36
2012-12-26 8.44 8.72 8.2 8.2
2012-12-27 9.28 9.28 8.41 8.41
2013-02-25 8.67 8.7 8.5 8.5
2013-04-12 8.02 8.14 8.01 8.01
2013-05-03 8.09 8.14 7.99 7.99
2013-05-20 8.47 8.48 8.36 8.36
2013-05-29 8.62 8.62 8.52 8.52
2013-06-05 8.3 8.32 8.22 8.22
2013-06-28 7.09 7.12 6.84 6.84
2013-07-11 7.36 7.46 7.2 7.2
2013-08-06 7.43 7.45 7.29 7.29
2013-08-26 7.69 7.74 7.57 7.57
2013-09-06 7.71 7.75 7.68 7.68
2013-10-11 7.89 7.94 7.82 7.82
2013-10-28 7.97 7.99 7.88 7.88
2013-10-30 8.28 8.49 7.78 7.78
2013-11-15 7.94 8.03 7.82 7.82
2013-12-03 8.24 8.29 8.0 8.0
2013-12-04 8.37 8.42 8.24 8.24
2013-12-13 8.55 8.55 8.39 8.39
2014-01-07 7.69 7.74 7.61 7.61
2014-01-10 7.78 7.9 7.7 7.7
2014-01-13 7.89 7.99 7.78 7.78
2014-01-16 8.22 8.31 8.12 8.12
2014-01-21 8.49 8.62 8.45 8.45
2014-02-14 9.41 9.46 9.36 9.36
2014-03-13 11.41 11.56 11.01 11.01
2014-03-25 11.44 11.63 11.22 11.22
2014-04-15 12.09 12.16 12.04 12.04
2014-05-08 8.75 8.88 8.63 8.63
2014-06-06 8.82 8.85 8.74 8.74
2014-06-20 8.8 8.83 8.71 8.71
2014-07-04 10.46 10.7 10.07 10.07
2014-07-16 10.86 11.15 10.75 10.75
2014-07-25 11.03 11.05 10.85 10.85
2014-08-04 11.22 11.23 11.0 11.0
2014-08-06 11.3 11.32 11.16 11.16
2014-08-08 11.65 11.97 11.34 11.34
2014-08-15 11.53 11.67 11.46 11.46
2014-09-09 15.0 15.36 14.11 14.11
2014-09-12 14.58 14.65 13.72 13.72
2014-09-29 14.45 14.7 14.07 14.07
2014-11-13 14.23 14.26 13.75 13.75
2014-11-17 14.48 14.52 14.2 14.2
2014-11-21 15.76 15.98 15.26 15.26
2014-12-01 15.82 16.5 15.7 15.7
2014-12-11 15.69 15.7 14.95 14.95
2014-12-19 17.68 17.8 16.09 16.09
2015-02-03 15.81 15.97 15.5 15.5
2015-02-11 15.46 15.48 15.15 15.15
2015-02-17 16.09 16.1 15.8 15.8
2015-03-18 19.49 19.93 19.17 19.17
2015-03-27 21.09 21.09 19.18 19.18
2015-04-10 21.29 21.45 20.46 20.46
2015-05-22 25.47 25.66 24.45 24.45
2015-05-25 28.02 28.02 25.51 25.51
2015-05-27 33.36 33.85 30.82 30.82
2015-07-08 14.82 14.82 14.82 14.82
2015-07-09 16.3 16.3 13.34 13.34
2015-08-04 21.38 21.5 19.67 19.67
2015-08-13 25.76 25.76 23.2 23.2
2015-08-25 19.83 20.6 19.83 19.83
2015-08-28 21.18 21.49 19.86 19.86
2015-09-23 19.13 19.36 17.8 17.8
2015-09-30 19.15 19.53 18.9 18.9
2015-10-15 22.13 22.16 21.05 21.05
2015-10-22 22.36 22.39 20.71 20.71
2015-11-04 26.67 26.85 25.0 25.0
2015-11-09 26.74 27.26 26.55 26.55
2015-12-01 26.89 27.8 26.69 26.69
2015-12-15 32.51 33.35 31.39 31.39
2015-12-24 31.85 31.86 30.38 30.38
2015-12-25 31.5 32.0 31.45 31.45
2015-12-29 32.89 32.89 29.91 29.91
2016-03-10 29.6 29.6 29.6 29.6
2016-03-11 26.64 26.64 26.64 26.64
2016-03-14 25.51 26.58 23.98 23.98
2016-03-17 29.29 29.5 27.5 27.5
2016-03-31 30.62 31.66 30.01 30.01
2016-04-27 34.82 35.68 34.31 34.31
2016-06-13 32.76 34.6 32.23 32.23
2016-08-09 33.01 33.3 32.3 32.3
2016-08-16 34.91 35.6 33.35 33.35
2016-09-06 37.28 37.4 36.25 36.25
2016-09-09 38.06 38.5 37.59 37.59
2016-12-07 42.48 43.15 41.86 41.86
2017-01-19 41.1 41.35 40.78 40.78
2017-02-14 43.42 44.17 43.2 43.2
2017-02-17 43.51 43.95 42.8 42.8
2017-03-01 45.5 45.98 44.8 44.8
2017-03-07 45.47 46.16 45.16 45.16
2017-03-13 45.15 45.4 44.14 44.14
2017-03-22 46.28 46.88 45.77 45.77
2017-03-27 47.69 49.37 47.17 47.17
2017-05-09 50.5 50.72 48.99 48.99
2017-05-19 47.27 47.88 47.0 47.0
2017-06-07 44.17 44.5 43.02 43.02
2017-07-18 44.26 44.5 42.21 42.21
2017-07-28 43.17 43.52 41.97 41.97
