2004-07-21 8.54 8.97 8.39 8.39
2004-07-23 8.36 8.37 8.08 8.08
2004-11-22 7.3 7.37 7.24 7.24
2005-01-05 6.46 6.5 6.37 6.37
2005-01-07 6.38 6.5 6.35 6.35
2005-04-06 5.11 5.15 4.85 4.85
2005-08-24 4.19 4.21 4.15 4.15
2005-11-07 4.46 4.46 4.46 4.46
2005-11-10 5.15 5.15 4.55 4.55
2006-11-23 4.31 4.33 4.22 4.22
2006-11-30 4.45 4.47 4.4 4.4
2006-12-04 4.81 4.88 4.6 4.6
2007-04-20 10.35 10.55 9.88 9.88
2007-08-02 8.63 8.72 8.3 8.3
2007-08-10 9.11 9.11 8.34 8.34
2007-10-26 8.66 8.8 8.3 8.3
2007-12-12 10.37 10.48 10.02 10.02
2007-12-17 10.07 10.3 9.94 9.94
2007-12-18 10.19 10.38 10.07 10.07
2008-05-21 7.26 7.26 6.55 6.55
2008-06-25 5.68 5.7 5.45 5.45
2008-06-30 5.25 5.35 5.02 5.02
2008-09-12 4.33 4.33 4.17 4.17
2008-11-07 3.85 3.88 3.7 3.7
2008-11-12 4.1 4.1 3.95 3.95
2008-11-14 4.34 4.37 4.2 4.2
2009-03-06 5.86 5.88 5.62 5.62
2009-03-10 5.86 5.88 5.5 5.5
2009-06-23 8.25 8.58 7.6 7.6
2009-07-01 7.76 7.88 7.62 7.62
2009-07-02 8.08 8.1 7.8 7.8
2009-08-11 10.49 10.49 9.72 9.72
2009-11-03 8.69 8.77 8.42 8.42
2009-12-07 10.0 10.1 9.5 9.5
2010-01-14 10.09 10.14 9.87 9.87
2010-02-09 9.19 9.4 9.07 9.07
2010-05-26 13.74 14.01 13.3 13.3
2010-07-30 13.31 13.55 13.01 13.01
2010-08-09 13.92 14.25 13.5 13.5
2010-09-06 16.77 18.08 16.25 16.25
2010-10-08 16.61 16.98 16.3 16.3
2010-10-26 17.1 17.91 16.91 16.91
2010-12-14 16.5 16.72 16.28 16.28
2011-04-11 13.9 14.18 13.41 13.41
2011-07-13 13.4 13.5 13.12 13.12
2011-07-20 14.31 14.48 13.98 13.98
2011-07-27 13.29 13.3 13.0 13.0
2011-10-31 10.97 11.15 10.86 10.86
2011-11-08 11.29 11.47 11.22 11.22
2011-11-15 11.78 11.93 11.46 11.46
2011-11-23 11.28 11.36 11.01 11.01
2011-12-20 10.38 10.55 10.22 10.22
2012-02-13 9.09 9.26 8.88 8.88
2012-03-08 9.26 9.3 9.17 9.17
2012-03-09 9.48 9.8 9.3 9.3
2012-04-20 9.17 9.29 9.08 9.08
2012-05-30 8.59 8.65 8.4 8.4
2012-06-05 8.36 8.78 8.26 8.26
2012-06-07 8.52 8.64 8.39 8.39
2012-06-13 10.2 10.66 9.82 9.82
2012-12-27 9.28 9.28 8.41 8.41
2013-06-05 8.3 8.32 8.22 8.22
2013-10-30 8.28 8.49 7.78 7.78
2013-12-04 8.37 8.42 8.24 8.24
2014-01-10 7.78 7.9 7.7 7.7
2014-01-13 7.89 7.99 7.78 7.78
2014-01-16 8.22 8.31 8.12 8.12
2014-01-21 8.49 8.62 8.45 8.45
2014-08-04 11.22 11.23 11.0 11.0
2014-08-06 11.3 11.32 11.16 11.16
2014-08-08 11.65 11.97 11.34 11.34
2014-08-15 11.53 11.67 11.46 11.46
2014-09-12 14.58 14.65 13.72 13.72
2014-11-17 14.48 14.52 14.2 14.2
2014-11-21 15.76 15.98 15.26 15.26
2014-12-01 15.82 16.5 15.7 15.7
2014-12-19 17.68 17.8 16.09 16.09
2015-02-11 15.46 15.48 15.15 15.15
2015-02-17 16.09 16.1 15.8 15.8
2015-05-25 28.02 28.02 25.51 25.51
2015-05-27 33.36 33.85 30.82 30.82
2015-07-09 16.3 16.3 13.34 13.34
2015-08-28 21.18 21.49 19.86 19.86
2015-09-30 19.15 19.53 18.9 18.9
2015-10-15 22.13 22.16 21.05 21.05
2015-10-22 22.36 22.39 20.71 20.71
2015-11-09 26.74 27.26 26.55 26.55
2015-12-25 31.5 32.0 31.45 31.45
2015-12-29 32.89 32.89 29.91 29.91
2016-03-11 26.64 26.64 26.64 26.64
2016-03-14 25.51 26.58 23.98 23.98
2016-03-17 29.29 29.5 27.5 27.5
2016-08-16 34.91 35.6 33.35 33.35
2016-09-09 38.06 38.5 37.59 37.59
2017-02-17 43.51 43.95 42.8 42.8
2017-03-07 45.47 46.16 45.16 45.16
2017-03-13 45.15 45.4 44.14 44.14
2017-03-27 47.69 49.37 47.17 47.17
