2001-05-14 38.28 38.38 37.68 37.68
2001-05-17 40.07 40.44 38.05 38.05
2001-05-23 40.6 41.18 40.01 40.01
2001-05-28 39.36 39.88 38.7 38.7
2001-06-01 40.36 40.98 40.2 40.2
2001-06-21 39.11 39.39 38.8 38.8
2001-06-22 39.33 39.41 39.0 39.0
2001-08-15 33.28 33.29 32.7 32.7
2001-08-21 33.45 33.7 33.33 33.33
2001-08-23 32.8 32.81 32.3 32.3
2001-08-24 33.3 36.05 32.78 32.78
2001-09-21 32.88 33.2 32.8 32.8
2001-09-24 32.95 33.28 32.81 32.81
2001-10-23 26.31 26.31 26.31 26.31
2001-10-29 28.17 28.38 27.96 27.96
2001-11-02 27.4 28.27 27.35 27.35
2001-11-28 28.28 28.47 28.07 28.07
2002-01-23 26.6 26.88 24.6 24.6
2002-02-07 26.73 26.89 26.11 26.11
2002-03-19 29.17 29.2 28.25 28.25
2002-04-26 28.03 28.28 27.8 27.8
2002-05-10 28.3 28.3 28.0 28.0
2002-05-31 25.96 26.3 25.91 25.91
2002-06-18 26.61 26.78 26.2 26.2
2002-06-20 26.58 26.87 26.4 26.4
2002-07-02 28.2 28.45 27.51 27.51
2002-07-04 28.15 28.15 28.0 28.0
2002-07-05 28.28 28.31 28.1 28.1
2002-07-09 29.08 29.3 28.63 28.63
2002-07-10 29.77 29.78 28.7 28.7
2002-07-24 29.8 29.8 29.36 29.36
2002-07-30 29.99 30.0 29.8 29.8
2002-08-01 29.48 29.78 29.34 29.34
2002-12-12 26.68 26.89 26.5 26.5
2002-12-18 27.3 27.4 27.1 27.1
2002-12-20 28.45 28.48 27.65 27.65
2003-02-11 29.3 29.49 28.81 28.81
2003-02-18 30.0 30.15 29.65 29.65
2003-02-21 30.78 31.09 30.07 30.07
2003-03-14 31.37 32.0 30.4 30.4
2003-03-17 31.29 31.57 31.04 31.04
2003-03-31 28.3 28.37 27.7 27.7
2003-04-02 28.52 28.66 28.5 28.5
2003-06-24 28.61 28.61 28.18 28.18
2003-06-26 29.5 29.5 28.15 28.15
2003-08-22 25.29 25.6 25.2 25.2
2003-10-10 23.69 23.69 23.12 23.12
2003-12-01 19.8 19.96 19.5 19.5
2003-12-04 20.22 20.34 20.0 20.0
2003-12-05 20.26 20.35 20.11 20.11
2003-12-11 19.9 20.35 19.68 19.68
2003-12-15 19.87 20.54 19.82 19.82
2003-12-17 19.84 20.14 19.7 19.7
2003-12-18 19.53 19.84 19.5 19.5
2003-12-31 25.38 25.78 23.51 23.51
2004-06-17 13.3 13.51 13.2 13.2
2004-06-22 14.89 15.09 14.16 14.16
2004-06-29 13.53 13.7 13.0 13.0
2004-07-01 13.92 13.92 13.45 13.45
2004-07-06 14.28 14.28 13.95 13.95
2004-07-08 14.4 14.46 13.8 13.8
2004-07-09 14.11 14.2 14.0 14.0
2004-08-30 10.0 10.0 9.8 9.8
2004-09-03 10.12 10.25 9.98 9.98
2004-09-08 10.2 10.21 10.01 10.01
2004-09-14 10.13 10.25 9.9 9.9
2004-09-17 11.08 11.17 10.81 10.81
2004-09-20 11.8 11.8 11.2 11.2
2004-10-08 11.35 11.49 10.77 10.77
2004-10-11 11.55 11.88 11.35 11.35
2004-11-23 12.76 12.99 12.7 12.7
2004-12-13 11.9 11.96 11.9 11.9
2005-03-03 11.21 11.33 11.01 11.01
2005-03-31 10.19 10.25 10.05 10.05
2005-05-17 9.39 9.48 9.35 9.35
2005-05-27 8.86 9.18 8.81 8.81
2005-06-24 9.2 9.21 9.11 9.11
2005-06-28 9.37 9.46 9.3 9.3
2005-07-19 8.48 8.51 8.0 8.0
2005-07-20 8.6 8.72 8.48 8.48
2005-07-26 8.91 8.98 8.78 8.78
2005-07-28 9.06 9.14 9.02 9.02
2005-08-03 9.51 9.58 9.4 9.4
2005-08-05 10.25 10.25 9.85 9.85
2005-08-08 10.82 10.98 10.29 10.29
2005-08-15 11.29 11.35 10.7 10.7
2005-09-07 12.05 12.14 11.5 11.5
2005-09-27 11.61 11.75 11.56 11.56
2005-09-28 11.78 11.82 11.0 11.0
2005-09-29 12.3 12.35 11.78 11.78
2006-10-24 11.5 11.59 10.91 10.91
2006-12-04 11.93 11.98 11.31 11.31
2006-12-27 11.18 11.36 11.1 11.1
2007-01-05 11.55 11.68 11.1 11.1
2007-01-11 12.72 13.26 12.46 12.46
2007-01-15 13.62 13.62 12.31 12.31
2007-01-16 14.18 14.51 13.82 13.82
2007-02-05 15.02 15.08 14.3 14.3
2007-03-08 17.63 17.63 16.2 16.2
2007-03-15 17.03 17.68 16.97 16.97
2007-07-09 12.49 12.63 12.18 12.18
2007-07-30 14.35 14.65 14.16 14.16
2007-08-06 13.97 14.19 13.6 13.6
2007-08-14 14.66 14.7 14.15 14.15
2007-08-20 15.47 15.73 15.12 15.12
2007-12-17 13.46 13.74 13.12 13.12
2007-12-20 13.65 13.99 13.38 13.38
2008-01-24 15.14 15.49 14.52 14.52
2008-01-30 15.22 15.45 14.86 14.86
2008-11-05 6.49 6.65 6.33 6.33
2008-12-15 8.58 8.65 8.32 8.32
2008-12-16 8.78 8.79 8.48 8.48
2009-01-14 9.9 9.98 9.31 9.31
2009-03-10 11.11 11.13 10.62 10.62
2009-03-16 12.14 12.26 11.87 11.87
2010-01-14 10.56 10.6 10.21 10.21
2010-05-31 14.39 14.98 14.29 14.29
2010-07-30 13.73 13.86 13.47 13.47
2010-08-02 14.23 14.3 13.78 13.78
2010-09-13 17.06 17.11 16.2 16.2
2010-09-16 16.97 17.23 16.51 16.51
2010-11-08 21.39 21.55 20.37 20.37
2010-11-15 22.09 22.22 20.42 20.42
2010-12-02 22.85 23.4 22.66 22.66
2010-12-08 22.99 23.2 22.4 22.4
2012-03-15 13.42 13.55 12.89 12.89
2012-06-15 14.08 14.3 13.8 13.8
2012-07-03 15.55 16.08 15.49 15.49
2012-08-01 15.25 15.47 14.86 14.86
2013-01-17 15.03 15.4 14.85 14.85
2013-07-31 20.38 20.76 20.27 20.27
2013-12-17 18.16 18.27 18.11 18.11
2013-12-23 18.25 18.28 17.6 17.6
2013-12-31 18.0 18.01 17.6 17.6
2014-02-14 19.24 19.35 18.73 18.73
2014-08-04 14.95 15.06 14.67 14.67
2014-08-15 15.19 15.23 15.0 15.0
2014-10-13 15.99 16.04 15.8 15.8
2014-10-20 16.47 16.64 16.26 16.26
2014-10-24 15.59 15.7 15.44 15.44
2015-07-10 16.74 16.74 16.74 16.74
2015-07-13 18.41 18.41 18.41 18.41
2015-09-02 14.31 14.58 13.65 13.65
2015-11-09 17.5 17.85 16.99 16.99
2015-12-21 17.49 17.7 16.94 16.94
2016-03-30 15.63 15.75 15.29 15.29
2016-04-13 15.36 15.62 15.32 15.32
2016-05-03 15.26 15.34 14.82 14.82
2016-06-30 15.19 15.33 15.13 15.13
2016-08-26 16.17 16.27 15.99 15.99
2016-08-29 16.46 16.55 16.2 16.2
2016-12-06 17.49 17.59 17.4 17.4
