1993-11-24 16.6 16.8 13.81 13.81
1993-12-29 11.52 12.0 10.5 10.5
1993-12-30 11.88 12.28 11.2 11.2
1994-01-03 11.85 12.0 11.8 11.8
1994-01-17 12.2 12.29 12.12 12.12
1994-01-21 11.7 11.78 11.3 11.3
1994-01-27 11.82 11.88 11.69 11.69
1994-02-03 11.45 11.68 11.3 11.3
1994-02-16 11.4 11.43 11.28 11.28
1994-03-10 12.0 12.0 9.82 9.82
1994-03-11 15.82 15.89 12.3 12.3
1994-04-12 11.9 12.26 10.05 10.05
1994-04-25 9.8 10.2 9.7 9.7
1994-05-10 10.49 10.49 10.15 10.15
1994-05-12 10.36 10.96 10.2 10.2
1994-05-24 10.37 10.45 10.2 10.2
1994-05-31 9.8 9.98 9.3 9.3
1994-06-22 8.7 8.8 8.6 8.6
1994-06-24 8.32 8.84 8.28 8.28
1994-07-05 7.33 7.38 7.15 7.15
1994-07-25 5.55 5.6 5.12 5.12
1994-08-16 9.86 10.4 9.5 9.5
1994-08-25 10.6 10.69 10.3 10.3
1994-08-30 11.8 12.5 10.75 10.75
1994-09-21 16.55 16.55 15.6 15.6
1994-11-07 12.7 12.75 12.0 12.0
1994-11-09 13.96 14.0 13.1 13.1
1994-11-29 12.98 12.98 12.6 12.6
1994-12-15 12.9 13.09 12.05 12.05
1995-01-04 13.7 13.8 13.2 13.2
1995-02-09 11.34 11.34 10.78 10.78
1995-02-22 12.42 12.45 11.0 11.0
1995-03-14 12.25 12.6 12.2 12.2
1995-03-16 12.2 12.2 11.89 11.89
1995-03-17 12.55 12.57 12.2 12.2
1995-03-28 13.18 13.37 12.38 12.38
1995-04-19 13.7 13.7 13.5 13.5
1995-04-20 14.1 14.1 13.75 13.75
1995-05-02 12.19 12.25 12.12 12.12
1995-05-09 12.09 12.14 11.88 11.88
1995-05-12 12.3 12.45 12.0 12.0
1995-06-09 13.29 13.44 13.0 13.0
1995-06-19 12.0 12.1 11.85 11.85
1995-06-23 12.2 12.26 11.99 11.99
1995-07-04 11.44 11.45 11.22 11.22
1995-07-07 12.05 12.15 11.5 11.5
1995-07-17 12.75 13.5 11.8 11.8
1995-07-31 12.1 12.18 11.85 11.85
1995-08-17 12.48 12.5 12.1 12.1
1995-09-11 11.5 11.5 11.2 11.2
1995-09-26 10.5 10.75 10.18 10.18
1995-10-06 10.38 10.64 10.38 10.38
1995-10-10 10.0 10.56 9.75 9.75
1995-11-03 10.3 10.3 10.12 10.12
1995-11-20 9.85 9.9 9.75 9.75
1995-11-21 9.9 9.98 9.8 9.8
1995-11-24 9.85 10.09 9.78 9.78
1995-11-27 9.75 9.8 9.7 9.7
1995-11-30 9.76 10.0 9.52 9.52
1995-12-06 9.51 9.7 9.45 9.45
1995-12-27 8.55 8.65 8.5 8.5
1996-01-02 8.1 8.2 8.05 8.05
1996-01-19 7.71 7.78 7.6 7.6
1996-02-06 7.5 7.7 7.41 7.41
1996-02-09 7.65 7.65 7.5 7.5
1996-02-13 7.6 7.67 7.6 7.6
1996-03-04 8.73 8.8 8.38 8.38
1996-03-15 7.95 8.0 7.8 7.8
1996-03-25 8.12 8.2 8.1 8.1
1996-03-26 7.99 8.15 7.96 7.96
1996-03-27 8.0 8.05 7.85 7.85
1996-04-01 8.24 8.49 8.0 8.0
1996-04-19 9.26 9.29 9.08 9.08
1996-04-26 11.29 11.6 10.81 10.81
1996-05-08 10.45 10.57 10.28 10.28
1996-05-15 10.78 10.8 10.4 10.4
1996-06-07 11.2 11.5 10.5 10.5
1996-06-26 10.72 10.9 10.52 10.52
1996-07-19 10.2 10.2 9.22 9.22
1996-07-31 9.3 9.78 9.25 9.25
1996-08-30 8.87 8.87 8.65 8.65
1996-09-17 8.18 8.25 8.15 8.15
1996-09-19 8.09 8.13 8.0 8.0
1996-09-20 8.35 8.38 8.1 8.1
1996-10-23 10.45 10.64 10.1 10.1
1996-11-29 9.72 9.8 9.26 9.26
1996-12-02 10.55 10.66 9.8 9.8
1996-12-16 9.0 9.0 9.0 9.0
1996-12-17 8.1 8.78 8.1 8.1
1996-12-18 8.89 8.91 7.95 7.95
1997-01-22 8.2 8.28 8.1 8.1
1997-01-23 8.3 8.4 8.25 8.25
1997-01-31 8.4 8.43 8.36 8.36
1997-02-20 8.75 8.82 7.67 7.67
1997-02-26 8.99 9.04 8.82 8.82
1997-03-03 9.2 9.25 8.9 8.9
1997-03-06 9.43 9.46 8.98 8.98
1997-04-14 11.22 11.48 10.75 10.75
1997-04-15 11.04 11.07 10.68 10.68
1997-04-16 11.32 11.45 11.11 11.11
1997-05-19 9.92 10.3 9.8 9.8
1997-06-02 9.28 9.35 9.02 9.02
1997-06-06 7.7 7.89 7.45 7.45
1997-06-09 8.0 8.0 7.6 7.6
1997-06-19 7.78 7.88 7.65 7.65
1997-06-26 7.98 8.08 7.73 7.73
1997-07-21 9.4 9.75 9.3 9.3
1997-08-14 7.41 7.44 7.18 7.18
1997-08-27 7.52 7.63 7.3 7.3
1997-09-03 7.86 7.95 7.8 7.8
1997-09-08 8.12 8.15 7.95 7.95
1997-10-06 6.89 6.95 6.6 6.6
1997-10-27 7.3 7.35 6.93 6.93
1997-11-04 6.93 7.0 6.88 6.88
1997-11-10 7.14 7.14 6.86 6.86
1997-11-28 6.74 6.95 6.52 6.52
1997-12-19 6.9 6.95 6.58 6.58
1997-12-25 7.1 7.13 6.82 6.82
1997-12-31 7.07 7.19 7.01 7.01
1998-01-21 7.8 7.87 7.8 7.8
1998-02-10 7.88 8.0 7.75 7.75
1998-02-11 8.1 8.1 7.88 7.88
1998-02-17 7.93 7.94 7.8 7.8
1998-03-05 7.87 7.9 7.75 7.75
1998-04-13 9.98 10.11 9.62 9.62
1998-04-15 10.5 10.51 10.3 10.3
1998-04-28 10.93 11.2 10.84 10.84
1998-04-29 11.0 11.05 10.65 10.65
1998-05-07 11.17 11.66 10.89 10.89
1998-05-08 11.21 11.21 10.9 10.9
1998-06-02 12.52 12.7 12.04 12.04
1998-06-03 12.88 13.0 12.2 12.2
1998-06-04 13.09 13.3 12.38 12.38
1998-06-12 13.9 13.97 12.87 12.87
1998-08-20 10.7 11.0 9.61 9.61
1998-10-14 12.38 12.49 12.2 12.2
1998-11-05 11.3 11.47 11.15 11.15
1998-12-03 10.05 10.3 9.92 9.92
1998-12-21 9.5 9.58 9.35 9.35
1999-01-11 9.08 9.25 8.95 8.95
1999-01-12 8.6 9.06 8.5 8.5
1999-01-13 7.74 8.0 7.74 7.74
1999-01-20 7.56 7.65 7.4 7.4
1999-03-02 8.18 8.18 7.46 7.46
1999-03-08 8.7 8.7 8.31 8.31
1999-03-11 8.52 8.66 8.25 8.25
1999-03-12 8.98 9.08 8.6 8.6
1999-03-19 8.44 8.52 8.25 8.25
1999-03-26 8.37 8.39 8.13 8.13
1999-04-01 8.54 8.59 8.35 8.35
1999-04-14 8.18 8.24 8.16 8.16
1999-04-30 7.6 7.61 7.5 7.5
1999-05-05 7.5 7.58 7.4 7.4
1999-05-06 7.52 7.6 7.38 7.38
1999-05-11 7.03 7.1 6.89 6.89
1999-05-17 6.63 6.79 6.32 6.32
1999-05-19 7.22 7.22 6.58 6.58
1999-06-21 9.59 9.8 9.01 9.01
1999-07-14 8.63 8.68 8.39 8.39
1999-08-16 10.58 10.76 10.3 10.3
1999-09-02 11.19 11.2 11.0 11.0
1999-09-16 10.55 10.76 10.5 10.5
1999-10-14 9.33 9.6 9.3 9.3
1999-10-29 9.48 9.74 9.45 9.45
1999-11-26 9.15 9.15 9.06 9.06
2000-01-11 10.0 10.35 9.5 9.5
2000-01-13 9.72 9.82 9.4 9.4
2000-02-18 9.0 9.19 8.84 8.84
2000-02-28 9.96 9.96 8.97 8.97
2000-03-03 10.1 10.29 9.77 9.77
2000-03-08 10.3 10.56 8.88 8.88
2000-03-15 9.92 10.28 9.8 9.8
2000-03-20 10.65 10.68 10.11 10.11
2000-03-30 11.08 11.45 11.0 11.0
2000-03-31 11.58 11.82 11.13 11.13
2000-04-21 13.13 13.13 12.22 12.22
2000-05-16 11.18 11.38 11.1 11.1
2000-06-09 13.3 13.32 12.73 12.73
2000-06-12 13.7 14.5 13.6 13.6
2000-06-28 12.86 12.9 12.6 12.6
2000-06-30 13.1 13.3 12.74 12.74
2000-07-13 12.27 12.32 12.05 12.05
2000-07-19 12.32 12.35 12.0 12.0
2000-07-21 12.75 12.85 12.5 12.5
2000-07-25 12.55 12.6 12.41 12.41
2000-08-01 12.79 12.85 12.4 12.4
2000-08-07 12.8 12.9 12.63 12.63
2000-08-17 13.94 14.0 13.5 13.5
2000-08-21 14.04 14.39 13.9 13.9
2000-09-21 12.02 12.17 12.0 12.0
2000-10-13 12.6 12.8 12.4 12.4
2000-10-16 12.79 13.07 12.6 12.6
2000-10-25 13.18 13.35 13.0 13.0
2000-11-03 12.86 13.07 12.71 12.71
2000-11-06 13.45 13.48 12.9 12.9
2000-11-10 13.5 13.56 13.25 13.25
2000-11-22 13.92 13.98 13.72 13.72
2000-11-28 13.42 13.45 13.13 13.13
2000-11-30 13.75 13.78 13.25 13.25
2000-12-01 13.94 14.24 13.8 13.8
2001-01-04 16.0 16.29 15.3 15.3
2001-01-09 16.1 16.18 15.5 15.5
2001-03-13 13.26 13.5 13.1 13.1
2001-03-14 13.5 13.51 13.26 13.26
2001-03-19 13.78 13.95 13.25 13.25
2001-04-18 14.92 15.15 14.3 14.3
2001-04-19 15.1 15.12 14.6 14.6
2001-04-20 15.15 15.88 15.1 15.1
2001-04-23 15.79 15.85 15.25 15.25
2001-04-27 15.5 15.83 15.3 15.3
2001-05-09 15.98 16.3 15.68 15.68
2001-05-31 17.4 17.7 17.08 17.08
2001-07-06 16.29 16.58 16.2 16.2
2001-07-20 15.85 15.9 15.61 15.61
2001-08-21 15.2 15.3 15.05 15.05
2001-08-31 14.56 14.56 14.32 14.32
2001-09-17 14.32 14.6 14.3 14.3
2001-10-23 12.0 12.0 11.7 11.7
2001-10-26 12.26 12.44 12.0 12.0
2001-11-06 12.66 12.96 12.6 12.6
2001-11-08 12.14 12.5 11.3 11.3
2001-11-14 12.88 13.28 12.74 12.74
2001-11-19 13.22 13.25 12.8 12.8
2001-11-22 13.25 13.33 13.2 13.2
2001-11-30 13.84 13.88 13.66 13.66
2001-12-31 12.29 12.35 12.12 12.12
2002-01-08 11.9 12.2 11.83 11.83
2002-01-10 9.91 10.15 9.64 9.64
2002-01-15 8.93 9.16 8.67 8.67
2002-01-30 7.97 8.25 7.8 7.8
2002-01-31 8.5 8.67 8.02 8.02
2002-02-04 8.76 8.86 8.3 8.3
2002-03-04 8.97 8.98 8.5 8.5
2002-03-14 11.19 11.28 10.48 10.48
2002-04-03 10.49 10.55 10.3 10.3
2002-04-26 12.28 12.42 11.28 11.28
2002-04-29 13.51 13.51 12.28 12.28
2002-05-15 12.43 12.68 12.3 12.3
2002-05-23 12.48 12.49 12.1 12.1
2002-05-27 12.62 12.79 12.4 12.4
2002-06-18 11.11 11.25 10.81 10.81
2002-06-20 11.04 11.25 10.98 10.98
2002-07-04 12.25 12.35 12.14 12.14
2002-07-19 13.72 14.08 12.79 12.79
2002-08-02 12.34 12.48 12.25 12.25
2002-08-06 12.44 12.48 12.1 12.1
2002-08-14 11.96 11.96 11.82 11.82
2002-08-15 11.98 12.06 11.9 11.9
2002-08-19 12.13 12.22 11.96 11.96
2002-08-20 12.3 12.3 12.14 12.14
2002-08-27 12.58 12.68 12.37 12.37
2002-09-10 12.08 12.46 11.86 11.86
2002-09-12 12.09 12.18 11.93 11.93
2002-10-09 11.33 11.6 11.28 11.28
2002-10-16 11.29 11.4 11.1 11.1
2002-10-24 11.36 11.7 11.35 11.35
2002-11-06 11.18 11.36 11.17 11.17
2002-12-12 8.97 9.2 8.86 8.86
2002-12-17 9.39 9.39 9.15 9.15
2003-01-03 8.52 8.6 8.4 8.4
2003-01-06 8.75 8.77 8.46 8.46
2003-01-07 8.81 8.94 8.75 8.75
2003-01-14 9.53 9.58 9.01 9.01
2003-01-16 9.8 9.85 9.55 9.55
2003-01-27 9.79 9.83 9.64 9.64
2003-02-19 10.0 10.0 9.85 9.85
2003-02-24 9.64 9.72 9.6 9.6
2003-02-25 9.88 9.93 9.63 9.63
2003-02-27 9.84 9.99 9.77 9.77
2003-04-15 8.47 8.63 8.2 8.2
2003-04-22 8.08 8.14 8.06 8.06
2006-09-22 4.3 4.47 4.28 4.28
2006-11-22 3.65 3.65 3.45 3.45
2006-11-27 4.0 4.0 3.9 3.9
2006-11-28 4.2 4.2 4.2 4.2
2006-12-20 4.1 4.1 3.94 3.94
2007-01-17 4.84 4.84 4.84 4.84
2007-01-18 5.08 5.08 5.08 5.08
2007-01-22 5.6 5.6 5.6 5.6
2007-01-26 4.79 4.83 4.61 4.61
2007-01-31 5.2 5.2 4.86 4.86
2007-02-06 4.82 4.82 4.6 4.6
2007-02-12 5.01 5.07 4.82 4.82
2007-03-22 6.3 6.36 6.13 6.13
2007-04-02 6.08 6.09 5.78 5.78
2007-04-12 6.51 6.51 6.21 6.21
2007-04-20 7.27 7.34 7.05 7.05
2007-04-26 8.33 8.33 8.33 8.33
2007-04-27 8.75 8.75 8.75 8.75
2007-05-30 10.54 10.98 10.54 10.54
2007-05-31 10.01 10.01 10.01 10.01
2007-06-01 9.51 9.51 9.51 9.51
2007-06-04 9.03 9.03 9.03 9.03
2007-06-05 8.58 8.58 8.58 8.58
2007-06-06 8.16 8.99 8.15 8.15
2007-06-08 8.69 8.69 8.3 8.3
2007-06-26 7.47 7.47 7.47 7.47
2007-06-27 7.19 7.47 7.1 7.1
2007-06-29 6.49 6.49 6.49 6.49
2007-07-02 6.17 6.2 6.17 6.17
2007-07-03 6.48 6.48 6.48 6.48
2007-07-04 6.8 6.8 6.8 6.8
2007-07-17 6.5 6.64 6.26 6.26
2007-07-18 6.56 6.77 6.5 6.5
2007-07-20 7.08 7.16 6.85 6.85
2007-07-23 7.32 7.35 7.0 7.0
2007-08-02 8.26 8.29 7.95 7.95
2007-08-21 10.14 10.14 10.14 10.14
2007-08-22 10.65 10.65 10.65 10.65
2007-08-23 11.18 11.18 11.18 11.18
2007-08-27 10.09 10.41 10.09 10.09
2007-10-26 6.87 6.87 6.87 6.87
2007-10-31 7.23 7.25 6.98 6.98
2007-11-05 7.01 7.01 6.6 6.6
2007-12-10 8.1 8.1 7.6 7.6
2007-12-12 8.46 8.46 8.04 8.04
2007-12-14 8.33 8.5 8.01 8.01
2007-12-18 8.59 8.59 8.1 8.1
2008-01-16 9.41 9.68 9.11 9.11
2008-01-23 7.93 7.95 7.64 7.64
2008-01-29 7.44 7.5 7.28 7.28
2008-02-04 7.32 7.32 7.08 7.08
2008-02-15 7.87 8.06 7.83 7.83
2008-02-18 8.26 8.26 7.88 7.88
2008-02-21 8.89 8.89 8.32 8.32
2008-03-24 8.1 8.1 7.61 7.61
2008-04-23 5.12 5.21 4.9 4.9
2008-04-24 5.38 5.38 5.38 5.38
2008-05-06 6.8 6.93 6.66 6.66
2008-05-15 7.6 7.6 7.24 7.24
2008-06-23 7.34 7.34 7.34 7.34
2008-06-24 6.61 6.61 6.61 6.61
2008-06-25 6.61 7.0 6.0 6.0
2008-06-26 6.8 6.98 6.25 6.25
2008-07-02 5.54 5.72 5.31 5.31
2008-08-07 7.15 7.2 6.64 6.64
2008-09-02 5.13 5.16 5.02 5.02
2008-09-04 5.02 5.1 4.95 4.95
2008-09-09 5.39 5.39 4.93 4.93
2008-10-30 3.72 3.73 3.31 3.31
2008-11-05 3.68 3.8 3.46 3.46
2008-11-07 3.93 3.93 3.58 3.58
2008-11-10 4.21 4.3 3.95 3.95
2008-12-26 4.48 4.54 4.41 4.41
2009-01-07 4.85 4.86 4.55 4.55
2009-01-14 4.81 4.86 4.51 4.51
2009-03-03 5.17 5.23 5.0 5.0
2009-03-23 5.98 5.99 5.7 5.7
2009-04-09 6.71 6.76 6.35 6.35
2009-05-12 6.33 6.35 6.01 6.01
2009-05-25 6.48 6.53 5.98 5.98
2009-06-29 7.25 7.25 6.98 6.98
2009-08-26 6.92 6.92 6.92 6.92
2009-08-27 7.61 7.61 7.61 7.61
2009-09-04 8.32 8.78 8.0 8.0
2009-11-03 7.38 7.45 7.04 7.04
2009-12-28 7.38 7.4 7.24 7.24
2010-01-04 7.51 7.7 7.46 7.46
2010-01-14 7.64 7.65 7.4 7.4
2010-02-08 8.04 8.04 7.68 7.68
2010-02-12 7.55 7.57 7.42 7.42
2010-03-01 8.01 8.06 7.78 7.78
2010-04-01 8.11 8.14 7.94 7.94
2010-06-08 5.63 5.66 5.51 5.51
2010-07-14 5.17 5.45 5.01 5.01
2010-08-06 6.18 6.35 5.75 5.75
2010-08-11 5.98 6.07 5.84 5.84
2010-08-23 5.81 5.88 5.75 5.75
2010-09-30 5.91 5.92 5.78 5.78
2010-10-11 6.14 6.33 6.04 6.04
2010-10-28 6.11 6.23 6.08 6.08
2010-11-01 6.04 6.1 5.97 5.97
2010-11-03 6.16 6.24 6.08 6.08
2010-11-22 5.72 5.75 5.62 5.62
2010-11-24 5.64 5.65 5.5 5.5
2010-11-25 5.71 5.75 5.62 5.62
2010-12-14 5.74 5.76 5.65 5.65
2011-01-04 5.42 5.43 5.33 5.33
2011-01-06 5.94 5.94 5.53 5.53
2011-01-21 5.54 5.6 5.41 5.41
2011-01-26 5.35 5.4 5.29 5.29
2011-02-09 5.61 5.79 5.52 5.52
2011-03-24 6.77 6.77 6.77 6.77
2011-06-15 8.84 9.03 8.24 8.24
2011-06-27 8.6 8.9 8.3 8.3
2011-06-29 8.54 8.87 8.51 8.51
2011-06-30 8.67 8.82 8.55 8.55
2011-07-27 8.46 8.6 8.23 8.23
2011-08-04 8.28 8.45 8.24 8.24
2011-08-25 7.49 7.7 7.21 7.21
2011-09-23 6.84 6.85 6.65 6.65
2011-10-10 6.32 6.41 6.27 6.27
2011-10-27 6.72 6.85 6.67 6.67
2011-11-28 6.68 6.73 6.56 6.56
2011-12-01 7.07 7.25 6.9 6.9
2011-12-06 6.24 6.29 6.14 6.14
2011-12-26 5.29 5.37 5.17 5.17
2012-01-12 5.33 5.45 5.32 5.32
2012-02-09 5.48 5.59 5.43 5.43
2012-05-11 5.61 5.65 5.56 5.56
2012-06-13 5.09 5.11 5.0 5.0
2012-07-20 4.68 4.79 4.65 4.65
2012-07-25 4.82 4.96 4.68 4.68
2012-08-06 4.68 4.76 4.51 4.51
2012-08-28 4.62 4.68 4.55 4.55
2012-09-07 4.79 4.84 4.68 4.68
2012-09-18 4.64 4.74 4.56 4.56
2012-09-27 4.3 4.38 4.26 4.26
2012-10-09 4.45 4.46 4.36 4.36
2012-11-23 4.08 4.12 4.05 4.05
2012-12-10 4.08 4.24 3.85 3.85
2012-12-26 4.11 4.13 4.05 4.05
2013-01-18 4.37 4.39 4.23 4.23
2013-02-08 4.26 4.28 4.23 4.23
2013-03-06 4.46 4.47 4.38 4.38
2013-03-20 4.2 4.22 4.09 4.09
2013-05-08 4.04 4.07 4.02 4.02
2013-05-09 4.05 4.09 4.02 4.02
2013-05-16 4.09 4.12 4.05 4.05
2013-05-29 4.35 4.42 4.31 4.31
2013-07-05 3.66 3.72 3.66 3.66
2013-07-10 3.7 3.71 3.55 3.55
2013-07-15 3.78 3.8 3.74 3.74
2013-07-31 3.59 3.62 3.56 3.56
2013-08-05 3.92 4.03 3.87 3.87
2013-08-27 4.69 4.69 4.22 4.22
2013-09-06 5.59 5.59 5.59 5.59
2013-10-22 5.76 5.85 5.6 5.6
2013-10-31 5.67 5.67 5.67 5.67
2013-11-11 5.39 5.44 5.27 5.27
2013-11-18 5.62 5.69 5.46 5.46
2013-11-21 6.14 6.38 5.7 5.7
2013-11-29 6.02 6.05 5.9 5.9
2014-01-07 5.46 5.53 5.32 5.32
2014-01-21 5.39 5.42 5.3 5.3
2014-01-22 5.57 5.6 5.39 5.39
2014-01-29 5.77 5.78 5.58 5.58
2014-04-29 5.9 6.17 5.9 5.9
2014-06-12 5.5 5.57 5.49 5.49
2014-06-20 5.39 5.42 5.33 5.33
2014-06-24 5.48 5.57 5.37 5.37
2014-06-26 5.49 5.54 5.44 5.44
2014-06-27 5.58 5.6 5.49 5.49
2014-07-17 6.27 6.49 5.95 5.95
2014-08-12 6.78 6.81 6.7 6.7
2014-09-23 6.86 6.91 6.79 6.79
2014-09-26 7.11 7.14 6.81 6.81
2014-11-18 6.64 6.68 6.56 6.56
2014-11-21 6.94 7.03 6.89 6.89
2014-11-28 7.28 7.68 7.15 7.15
2014-12-03 8.05 8.05 7.6 7.6
2015-01-20 7.27 7.28 6.91 6.91
2015-02-10 7.4 7.41 7.3 7.3
2015-02-13 7.56 7.63 7.51 7.51
2015-04-01 9.91 9.92 9.35 9.35
2015-04-03 10.41 10.8 10.26 10.26
2015-04-22 12.56 12.76 12.11 12.11
2015-05-12 11.89 12.08 11.52 11.52
2015-05-22 13.19 13.53 12.8 12.8
2015-06-01 12.73 12.75 12.1 12.1
2015-06-12 15.66 16.1 15.3 15.3
2015-07-15 6.94 6.94 6.94 6.94
2015-08-07 8.33 8.34 7.96 7.96
2015-08-25 6.56 6.81 6.56 6.56
2015-10-22 7.77 7.78 7.1 7.1
2015-11-06 8.95 8.98 8.56 8.56
2015-11-10 9.81 10.39 9.63 9.63
2015-11-20 11.59 11.6 11.1 11.1
2015-12-09 11.95 12.2 11.82 11.82
2015-12-17 13.91 13.98 12.91 12.91
2015-12-21 15.73 15.76 14.15 14.15
2015-12-29 14.47 14.58 14.02 14.02
2015-12-30 14.82 15.06 14.5 14.5
2016-02-16 9.82 9.88 9.46 9.46
2016-03-07 8.33 8.39 8.13 8.13
2016-03-11 8.13 8.21 8.06 8.06
2016-03-21 9.84 10.09 9.59 9.59
2016-03-25 9.97 9.99 9.68 9.68
2016-03-28 10.29 10.66 10.08 10.08
2016-04-11 10.16 10.17 9.88 9.88
2016-04-13 10.16 10.3 10.05 10.05
2016-06-14 8.04 8.08 7.92 7.92
2016-06-27 8.19 8.19 8.0 8.0
2016-08-08 8.48 8.53 8.31 8.31
2016-08-15 8.82 8.82 8.46 8.46
2016-08-18 9.03 9.08 8.72 8.72
2016-09-27 8.51 8.52 8.38 8.38
2016-10-20 9.07 9.08 8.86 8.86
2016-11-03 9.12 9.17 9.08 9.08
2016-11-15 10.08 10.34 9.45 9.45
2016-12-01 9.34 9.39 9.28 9.28
2016-12-21 9.68 9.78 9.39 9.39
2016-12-29 9.64 9.66 9.53 9.53
2017-01-19 8.9 9.09 8.8 8.8
2017-01-24 9.03 9.1 9.02 9.02
2017-01-26 9.17 9.2 9.12 9.12
2017-02-09 9.33 9.36 9.26 9.26
2017-02-13 9.47 9.51 9.28 9.28
2017-03-13 9.7 9.8 9.65 9.65
2017-03-14 9.83 9.98 9.68 9.68
2017-03-22 9.99 10.08 9.69 9.69
2017-03-27 9.84 9.94 9.74 9.74
2017-04-05 9.54 9.67 9.43 9.43
2017-05-02 8.14 8.24 7.91 7.91
2017-05-10 7.73 7.96 7.63 7.63
2017-05-19 7.53 7.6 7.5 7.5
2017-06-06 6.31 6.38 6.25 6.25
2017-06-08 6.55 6.68 6.51 6.51
2017-06-13 6.46 6.48 6.21 6.21
2017-06-26 6.78 6.78 6.57 6.57
2017-08-14 6.65 6.67 6.52 6.52
