1994-02-28 14.8 15.8 14.35 14.35
1994-06-16 8.45 8.45 8.1 8.1
1994-06-21 8.23 8.31 8.14 8.14
1994-06-22 8.33 8.49 8.3 8.3
1994-07-08 7.16 7.35 6.82 6.82
1994-10-17 10.02 10.48 10.0 10.0
1994-10-20 11.78 11.9 10.71 10.71
1994-10-27 11.79 11.8 11.38 11.38
1995-03-17 9.68 9.75 9.45 9.45
1995-03-27 10.24 10.3 10.14 10.14
1995-03-29 10.6 10.66 10.25 10.25
1995-03-31 10.5 10.52 10.2 10.2
1995-05-03 8.76 8.86 8.71 8.71
1995-06-02 10.8 11.0 10.55 10.55
1995-06-06 10.25 10.35 10.01 10.01
1995-06-13 10.22 10.3 10.18 10.18
1995-06-20 9.19 9.28 9.16 9.16
1995-06-23 9.28 9.38 9.15 9.15
1995-08-01 9.63 9.75 9.3 9.3
1995-10-20 9.2 9.28 8.8 8.8
1995-10-30 8.9 8.96 8.88 8.88
1995-11-06 9.2 9.2 9.14 9.14
1995-11-14 8.87 8.95 8.79 8.79
1995-11-15 8.83 8.9 8.8 8.8
1995-11-23 8.74 8.8 8.7 8.7
1995-12-25 7.35 7.5 7.3 7.3
1995-12-28 7.41 7.68 7.4 7.4
1996-01-03 7.2 7.2 7.0 7.0
1996-01-08 6.98 7.05 6.78 6.78
1996-01-09 7.19 7.27 7.01 7.01
1996-01-17 6.92 7.0 6.9 6.9
1996-01-19 6.8 6.88 6.68 6.68
1996-01-22 6.7 6.78 6.58 6.58
1996-02-14 6.91 6.98 6.9 6.9
1996-04-03 7.25 7.26 7.2 7.2
1996-04-05 7.53 7.53 7.21 7.21
1996-04-12 7.75 7.88 7.7 7.7
1996-04-16 7.71 7.78 7.65 7.65
1996-04-19 8.14 8.15 7.94 7.94
1996-05-13 10.52 10.7 10.35 10.35
1996-05-17 11.15 11.18 10.6 10.6
1996-06-10 12.25 12.45 11.5 11.5
1996-06-12 12.58 12.99 12.45 12.45
1996-07-03 11.55 11.64 10.82 10.82
1996-07-08 12.58 12.68 11.9 11.9
1996-07-16 13.46 13.78 12.7 12.7
1996-07-19 14.35 14.39 13.58 13.58
1996-08-27 14.2 14.2 13.0 13.0
1996-08-28 14.61 14.76 14.3 14.3
1996-11-07 15.21 15.48 15.1 15.1
1996-12-17 9.8 10.58 9.8 9.8
1996-12-20 10.68 10.7 10.0 10.0
1996-12-25 10.25 10.45 10.0 10.0
1997-02-19 10.5 10.5 10.0 10.0
1997-02-20 10.3 10.34 9.45 9.45
1997-02-28 11.7 11.7 10.8 10.8
1997-04-23 13.27 13.49 13.15 13.15
1997-04-29 13.35 13.37 12.28 12.28
1997-06-20 11.9 11.9 11.4 11.4
1997-06-24 12.0 12.1 11.7 11.7
1997-11-21 11.42 11.75 11.4 11.4
1997-12-09 11.92 12.16 11.51 11.51
1998-02-26 11.68 11.68 11.4 11.4
1998-06-08 11.4 11.52 11.1 11.1
1998-07-21 9.98 10.08 9.69 9.69
1998-07-23 9.8 9.88 9.7 9.7
1998-07-24 9.95 10.0 9.73 9.73
1998-07-30 9.62 9.71 9.6 9.6
1998-08-19 8.42 8.46 8.15 8.15
1998-09-29 8.68 8.74 8.55 8.55
1998-10-07 8.85 8.96 8.7 8.7
1998-12-08 8.64 8.64 8.55 8.55
1998-12-25 8.25 8.3 8.24 8.24
1999-01-29 8.01 8.05 7.85 7.85
1999-03-25 7.9 8.0 7.9 7.9
1999-03-29 8.09 8.11 7.91 7.91
1999-04-01 7.92 8.0 7.9 7.9
1999-04-23 7.9 7.9 7.65 7.65
1999-04-29 7.5 7.55 7.36 7.36
1999-06-28 12.45 12.6 11.82 11.82
1999-08-04 13.09 13.1 12.81 12.81
1999-10-20 11.55 11.66 11.4 11.4
1999-12-15 11.34 11.4 11.05 11.05
2000-05-08 12.92 13.1 12.82 12.82
2000-05-16 12.29 12.5 12.25 12.25
2000-05-22 13.22 13.4 13.0 13.0
2000-05-30 13.2 13.4 13.06 13.06
2000-07-10 13.3 13.37 13.01 13.01
2000-07-18 13.9 13.98 13.58 13.58
2000-09-07 15.65 15.96 15.51 15.51
2000-09-12 15.7 16.08 15.2 15.2
2000-09-20 15.15 15.2 14.5 14.5
2000-12-01 15.62 15.79 15.38 15.38
2001-01-18 14.78 14.98 14.73 14.73
2001-02-09 13.81 13.98 13.56 13.56
2001-03-02 13.78 13.86 13.62 13.62
2001-03-07 13.63 13.73 13.55 13.55
2001-03-21 14.44 14.69 14.28 14.28
2001-04-16 14.2 14.24 14.0 14.0
2001-06-04 14.75 14.88 14.58 14.58
2001-06-27 14.93 15.16 14.9 14.9
2001-07-03 14.75 14.75 14.52 14.52
2001-07-09 14.55 14.6 14.3 14.3
2001-07-10 14.75 14.76 14.55 14.55
2001-08-13 12.69 12.93 12.55 12.55
2001-08-15 12.62 12.65 12.47 12.47
2001-08-21 12.45 12.62 12.4 12.4
2001-08-29 11.66 11.9 11.6 11.6
2001-09-04 11.84 11.84 11.46 11.46
2001-09-06 11.81 11.91 11.75 11.75
2001-09-13 11.52 11.78 11.45 11.45
2001-11-14 9.77 9.9 9.6 9.6
2001-11-22 10.4 10.41 10.2 10.2
2001-11-28 10.48 10.57 10.32 10.32
2001-12-03 10.75 10.86 10.68 10.68
2001-12-31 9.72 9.8 9.7 9.7
2002-01-04 9.87 10.0 9.78 9.78
2002-02-25 8.78 8.9 8.7 8.7
2002-03-05 8.98 9.05 8.77 8.77
2002-03-06 9.03 9.3 8.98 8.98
2002-03-07 9.33 9.35 9.04 9.04
2002-03-14 10.47 10.52 9.8 9.8
2002-06-21 9.26 9.35 8.88 8.88
2002-07-11 9.81 10.0 9.7 9.7
2002-07-18 9.88 9.97 9.68 9.68
2002-07-19 10.09 10.1 9.88 9.88
2002-08-19 9.68 9.75 9.65 9.65
2002-12-03 7.93 7.97 7.78 7.78
2002-12-06 7.97 8.1 7.91 7.91
2002-12-16 7.93 7.98 7.88 7.88
2002-12-20 8.08 8.1 7.93 7.93
2003-02-12 8.21 8.22 7.99 7.99
2003-02-18 8.32 8.33 8.22 8.22
2003-02-24 8.05 8.13 8.02 8.02
2003-02-25 8.19 8.2 8.05 8.05
2003-03-03 8.32 8.32 8.12 8.12
2003-03-07 8.04 8.1 8.02 8.02
2003-03-20 7.55 7.61 7.5 7.5
2003-03-21 7.66 7.66 7.55 7.55
2003-03-26 7.6 7.65 7.53 7.53
2003-06-10 6.62 6.7 6.55 6.55
2003-06-11 6.89 7.0 6.62 6.62
2003-06-13 6.89 6.94 6.81 6.81
2003-06-16 6.98 7.0 6.9 6.9
2003-06-24 6.67 6.7 6.64 6.64
2003-06-27 6.62 6.75 6.6 6.6
2003-07-03 6.54 6.56 6.51 6.51
2003-07-08 6.43 6.45 6.37 6.37
2003-07-15 6.33 6.38 6.3 6.3
2003-09-08 6.4 6.48 6.31 6.31
2003-10-21 4.8 4.8 4.61 4.61
2003-11-19 4.85 4.91 4.55 4.55
2004-01-29 4.44 4.45 4.25 4.25
2004-02-04 5.45 5.45 4.98 4.98
2004-03-15 5.24 5.24 5.05 5.05
2004-04-13 5.17 5.32 4.99 4.99
2004-06-02 4.71 4.72 4.63 4.63
2004-06-21 4.21 4.25 4.08 4.08
2004-06-22 4.22 4.28 4.18 4.18
2004-06-24 4.25 4.29 4.2 4.2
2004-07-01 4.4 4.42 4.29 4.29
2004-07-06 4.36 4.36 4.22 4.22
2004-11-19 4.64 4.64 4.64 4.64
2004-11-22 5.1 5.1 5.1 5.1
2004-12-28 4.55 4.8 4.39 4.39
2005-01-05 4.61 4.66 4.41 4.41
2005-01-07 4.57 4.61 4.46 4.46
2005-03-17 5.24 5.31 4.85 4.85
2005-03-18 4.72 4.72 4.72 4.72
2005-03-21 4.25 4.25 4.25 4.25
2005-04-13 4.27 4.27 4.03 4.03
2005-05-10 3.46 3.48 3.32 3.32
2005-05-12 3.41 3.45 3.35 3.35
2005-05-13 3.44 3.48 3.31 3.31
2005-06-27 3.66 3.74 3.59 3.59
2005-06-29 3.64 3.65 3.52 3.52
2005-08-09 3.52 3.54 3.41 3.41
2005-08-17 4.45 4.57 4.21 4.21
2005-09-07 4.01 4.02 3.82 3.82
2005-10-13 3.77 3.84 3.75 3.75
2005-10-20 3.94 3.95 3.78 3.78
2006-12-26 9.84 9.85 9.27 9.27
2007-01-08 10.34 10.5 10.2 10.2
2007-02-15 12.95 13.0 12.62 12.62
2007-02-16 13.35 13.56 13.0 13.0
2007-04-09 15.32 15.5 14.85 14.85
2007-04-16 16.32 16.32 14.9 14.9
2007-04-20 19.12 19.33 17.7 17.7
2007-12-05 14.23 14.38 13.79 13.79
2008-10-22 6.88 7.07 6.81 6.81
2008-10-30 6.41 6.53 6.25 6.25
2008-11-05 5.44 5.55 5.18 5.18
2008-11-12 5.8 5.81 5.58 5.58
2008-12-08 7.2 7.26 6.94 6.94
2009-01-16 8.45 8.45 7.65 7.65
2009-02-04 10.07 10.36 9.6 9.6
2009-05-04 15.57 15.89 14.66 14.66
2009-05-06 15.78 15.98 15.36 15.36
2009-07-27 17.26 17.44 17.0 17.0
2009-11-05 15.42 15.46 15.07 15.07
2009-12-28 16.51 16.76 16.27 16.27
2010-02-09 18.55 18.93 18.04 18.04
2010-02-12 18.83 18.95 18.51 18.51
2010-02-25 19.28 19.3 18.52 18.52
2010-03-01 19.47 19.65 18.91 18.91
2010-07-20 15.9 16.16 15.32 15.32
2010-07-26 16.84 16.89 15.81 15.81
2011-02-21 18.67 18.77 18.03 18.03
2011-03-01 18.88 19.15 18.53 18.53
2011-05-13 18.0 18.01 17.62 17.62
2011-05-18 17.93 18.02 17.76 17.76
2011-06-08 11.75 11.85 11.5 11.5
2011-06-14 11.2 11.55 11.09 11.09
2011-07-04 10.65 10.68 10.43 10.43
2011-07-05 10.95 10.95 10.6 10.6
2011-07-08 11.46 11.72 11.33 11.33
2011-07-14 11.79 12.12 11.45 11.45
2011-07-15 12.49 12.65 11.71 11.71
2011-07-20 12.44 13.05 12.03 12.03
2011-11-15 12.28 12.48 11.75 11.75
2011-11-17 12.19 12.48 11.85 11.85
2011-11-24 12.34 12.65 11.85 11.85
2012-02-01 9.89 10.16 9.78 9.78
2012-02-02 10.13 10.15 9.9 9.9
2012-02-27 12.09 12.45 12.06 12.06
2012-03-09 12.91 13.07 12.69 12.69
2012-05-28 14.41 14.49 13.65 13.65
2012-10-24 12.01 12.16 11.92 11.92
2012-12-14 10.13 10.25 9.65 9.65
2012-12-17 10.19 10.45 10.04 10.04
2013-02-27 12.07 12.3 11.9 11.9
2013-05-10 12.76 12.96 12.06 12.06
2014-02-10 14.62 14.66 13.93 13.93
2014-02-17 15.21 15.4 15.03 15.03
2014-04-08 14.83 14.84 14.61 14.61
2014-05-30 15.55 15.86 14.85 14.85
2014-06-05 15.53 15.56 14.92 14.92
2014-08-15 17.61 17.85 17.11 17.11
2014-08-18 18.63 18.8 17.65 17.65
2014-09-26 18.37 18.55 18.05 18.05
2014-12-02 19.89 19.96 19.35 19.35
2015-01-20 20.77 20.87 19.67 19.67
2015-03-03 23.5 24.43 22.5 22.5
2015-03-05 24.79 25.29 23.9 23.9
2015-03-12 24.97 25.5 24.31 24.31
2015-07-09 22.58 22.58 18.97 18.97
2015-10-15 28.38 28.5 27.0 27.0
2015-12-14 31.72 31.8 30.13 30.13
2016-04-13 28.78 29.69 28.23 28.23
2016-07-21 29.36 30.12 27.36 27.36
2016-07-22 30.97 31.28 29.65 29.65
2016-07-26 31.29 31.99 30.07 30.07
2016-08-02 33.86 33.93 30.82 30.82
2016-11-01 29.11 29.24 28.62 28.62
2016-11-03 28.95 29.14 28.51 28.51
2016-12-16 28.73 28.91 28.0 28.0
2017-01-23 27.14 27.27 26.75 26.75
2017-01-26 27.09 27.15 26.92 26.92
