1993-10-12 11.2 11.2 10.4 10.4
1993-11-25 14.0 14.58 12.8 12.8
1993-11-29 13.79 13.8 12.8 12.8
1994-01-10 7.77 7.84 7.6 7.6
1994-01-27 7.28 7.3 7.2 7.2
1994-02-03 7.13 7.28 7.04 7.04
1994-03-04 6.63 6.72 6.5 6.5
1994-04-01 6.8 6.93 6.71 6.71
1994-04-08 6.76 6.77 6.71 6.71
1994-04-21 5.65 5.88 5.08 5.08
1994-04-26 5.3 5.3 5.15 5.15
1994-05-10 5.03 5.15 4.85 4.85
1994-05-17 5.16 5.17 4.88 4.88
1994-05-27 4.79 4.9 4.65 4.65
1994-05-31 4.65 4.8 4.35 4.35
1994-06-15 3.82 3.88 3.81 3.81
1994-06-16 4.04 4.05 3.85 3.85
1994-07-05 3.58 3.59 3.48 3.48
1994-07-21 2.91 2.97 2.85 2.85
1994-08-03 4.4 4.68 3.26 3.26
1994-08-16 5.68 5.98 5.45 5.45
1994-09-21 8.38 8.4 7.95 7.95
1994-10-10 5.31 5.53 5.02 5.02
1994-10-20 5.44 5.45 4.91 4.91
1994-11-03 5.37 5.42 5.07 5.07
1994-11-29 4.95 5.0 4.81 4.81
1994-12-01 4.93 4.99 4.9 4.9
1994-12-07 4.72 4.83 4.7 4.7
1995-01-11 4.3 4.4 4.2 4.2
1995-01-23 3.85 3.97 3.8 3.8
1995-01-27 4.03 4.08 4.0 4.0
1995-02-20 3.82 3.9 3.8 3.8
1995-02-21 3.82 3.85 3.8 3.8
1995-02-22 4.14 4.18 3.88 3.88
1995-02-28 3.85 3.9 3.81 3.81
1995-03-17 4.08 4.15 3.93 3.93
1995-03-28 4.25 4.3 4.01 4.01
1995-04-18 4.23 4.3 4.2 4.2
1995-05-03 3.95 4.05 3.94 3.94
1995-05-09 3.97 3.99 3.96 3.96
1995-05-12 4.0 4.1 3.9 3.9
1995-05-22 6.95 7.25 6.5 6.5
1995-06-07 5.5 5.5 4.98 4.98
1995-06-23 4.9 4.95 4.85 4.85
1995-07-04 4.71 4.72 4.61 4.61
1995-07-12 5.02 5.15 4.93 4.93
1995-07-17 5.3 5.38 5.08 5.08
1995-07-27 5.15 5.15 5.06 5.06
1995-07-31 5.2 5.28 5.16 5.16
1995-08-31 6.15 6.18 6.04 6.04
1995-09-06 7.18 7.25 6.81 6.81
1995-09-28 7.1 7.1 6.92 6.92
1995-10-05 7.15 7.15 7.06 7.06
1995-10-10 7.27 7.35 7.0 7.0
1995-10-16 7.55 7.58 7.3 7.3
1995-10-17 7.55 7.58 7.3 7.3
1995-10-23 7.98 8.0 7.7 7.7
1995-10-24 8.85 8.92 8.1 8.1
1995-12-08 6.92 6.96 6.69 6.69
1996-01-23 5.15 5.2 5.09 5.09
1996-02-07 5.4 5.43 5.34 5.34
1996-02-09 5.4 5.42 5.36 5.36
1996-02-13 5.53 5.58 5.45 5.45
1996-02-16 5.74 5.75 5.59 5.59
1996-03-07 5.86 5.91 5.72 5.72
1996-03-21 6.14 6.19 6.11 6.11
1996-04-03 6.0 6.14 5.95 5.95
1996-04-05 6.29 6.33 5.98 5.98
1996-06-11 8.05 8.17 6.95 6.95
1996-06-21 7.36 7.5 7.34 7.34
1996-06-26 7.82 8.0 7.71 7.71
1996-07-01 7.88 7.99 7.78 7.78
1996-07-24 11.3 11.45 11.0 11.0
1996-08-28 6.98 7.16 6.78 6.78
1996-08-30 7.36 7.46 6.78 6.78
1996-09-05 7.72 7.98 7.36 7.36
1996-09-17 7.3 7.43 7.16 7.16
1996-09-20 7.58 7.6 7.08 7.08
1996-09-26 7.88 7.96 7.68 7.68
1996-10-10 8.3 8.38 7.48 7.48
1996-10-11 8.56 8.75 8.38 8.38
1996-10-14 8.96 10.3 8.6 8.6
1996-10-16 8.29 8.68 8.05 8.05
1996-10-23 8.54 8.6 8.2 8.2
1996-11-19 8.28 8.48 8.15 8.15
1996-12-02 9.5 9.65 8.8 8.8
1996-12-16 7.83 7.83 7.83 7.83
1996-12-17 7.05 7.05 7.05 7.05
1997-01-02 6.6 6.7 6.3 6.3
1997-02-19 6.69 6.7 6.35 6.35
1997-02-20 6.64 6.7 6.02 6.02
1997-02-21 7.28 7.28 6.6 6.6
1997-02-27 7.55 7.8 7.25 7.25
1997-03-21 7.79 7.8 7.35 7.35
1997-04-14 8.29 8.47 8.0 8.0
1997-04-24 8.1 8.3 8.0 8.0
1997-05-15 7.36 7.46 7.2 7.2
1997-05-19 6.87 7.05 6.8 6.8
1997-05-22 6.07 6.47 6.07 6.07
1997-05-27 6.09 6.15 6.0 6.0
1997-06-13 5.84 5.86 5.48 5.48
1997-06-18 5.88 5.96 5.73 5.73
1997-06-20 6.0 6.0 5.8 5.8
1997-07-11 4.89 4.9 4.7 4.7
1997-08-04 5.43 5.55 5.3 5.3
1997-08-07 5.44 5.48 5.12 5.12
1997-08-21 5.3 5.3 5.2 5.2
1997-09-03 5.7 5.72 5.6 5.6
1997-09-08 6.18 6.24 5.93 5.93
1997-09-24 5.29 5.3 5.01 5.01
1997-10-08 5.34 5.38 5.21 5.21
1997-11-07 5.2 5.28 5.12 5.12
1997-11-11 5.15 5.21 5.08 5.08
1997-12-01 5.06 5.1 4.9 4.9
1997-12-02 5.23 5.27 5.06 5.06
1997-12-19 4.95 4.95 4.87 4.87
1997-12-25 5.05 5.05 4.92 4.92
1998-01-20 5.33 5.34 5.25 5.25
1998-01-23 5.32 5.4 5.2 5.2
1998-02-11 5.55 5.6 5.46 5.46
1998-02-17 5.5 5.57 5.31 5.31
1998-03-26 5.35 5.41 5.23 5.23
1998-04-02 5.9 5.94 5.7 5.7
1998-04-15 5.54 5.65 5.35 5.35
1998-04-20 6.26 6.26 5.81 5.81
1998-05-22 6.65 6.85 6.6 6.6
1998-05-25 7.16 7.28 6.7 6.7
1998-06-22 7.75 7.98 7.44 7.44
1998-07-08 6.54 6.57 6.33 6.33
1998-08-03 6.73 6.74 6.45 6.45
1998-08-05 6.83 6.88 6.62 6.62
1998-09-02 5.38 5.45 5.3 5.3
1998-09-03 5.41 5.5 5.37 5.37
1998-09-09 5.62 5.66 5.41 5.41
1998-09-15 6.27 6.54 6.14 6.14
1998-11-19 6.6 6.78 6.6 6.6
1998-12-22 5.72 5.8 5.63 5.63
1999-01-07 5.44 5.44 5.27 5.27
1999-01-14 5.3 5.35 5.28 5.28
1999-01-27 5.61 5.68 5.3 5.3
1999-03-01 5.52 5.53 5.3 5.3
1999-03-11 5.81 5.9 5.68 5.68
1999-03-29 6.07 6.09 6.01 6.01
1999-04-12 6.35 6.54 6.2 6.2
1999-05-24 7.18 7.38 7.05 7.05
1999-05-27 6.85 7.04 6.62 6.62
1999-06-09 7.68 7.79 7.51 7.51
1999-06-23 8.26 8.4 7.85 7.85
1999-07-20 7.29 7.31 6.65 6.65
1999-08-02 7.9 7.92 7.4 7.4
1999-08-17 7.65 7.77 7.5 7.5
1999-08-23 8.34 8.5 8.08 8.08
1999-08-26 8.31 8.45 8.0 8.0
1999-08-30 8.48 8.69 8.41 8.41
1999-09-09 8.74 8.78 8.5 8.5
1999-09-13 9.25 9.25 8.51 8.51
1999-10-26 8.56 8.62 8.4 8.4
1999-10-27 8.98 9.09 8.6 8.6
1999-10-29 9.46 9.58 9.1 9.1
1999-11-09 9.37 9.58 9.25 9.25
1999-11-22 9.4 9.48 9.26 9.26
1999-11-26 9.12 9.28 9.05 9.05
1999-12-02 8.84 8.9 8.75 8.75
1999-12-07 9.01 9.14 8.8 8.8
1999-12-08 9.16 9.25 9.02 9.02
1999-12-22 9.4 9.45 9.16 9.16
1999-12-24 8.94 9.38 8.51 8.51
2000-01-14 9.92 10.32 9.86 9.86
2000-01-17 10.91 10.91 9.9 9.9
2000-01-20 11.74 11.88 10.98 10.98
2000-02-14 13.0 13.37 12.5 12.5
2000-02-23 11.3 11.6 11.05 11.05
2000-03-03 12.46 12.8 12.41 12.41
2000-03-15 12.45 12.7 12.13 12.13
2000-03-17 12.69 12.72 12.33 12.33
2000-04-10 13.04 13.15 12.3 12.3
2000-04-19 12.83 13.06 12.5 12.5
2000-04-21 13.88 13.88 12.68 12.68
2000-04-27 17.02 17.26 16.2 16.2
2000-05-15 19.66 20.19 18.45 18.45
2000-05-18 22.11 22.11 20.31 20.31
2000-05-31 23.69 24.0 23.1 23.1
2000-06-08 24.48 24.74 24.38 24.38
2000-06-21 24.8 24.81 24.43 24.43
2000-06-29 27.68 28.0 27.4 27.4
2000-07-04 27.5 27.71 27.0 27.0
2000-07-05 28.18 28.59 27.48 27.48
2000-07-10 28.9 28.98 28.1 28.1
2000-07-11 29.04 29.24 28.7 28.7
2000-07-14 30.25 30.8 29.96 29.96
2000-07-20 31.19 31.19 30.55 30.55
2000-07-28 31.51 31.58 29.6 29.6
2000-07-31 32.68 32.75 32.0 32.0
2000-08-09 31.98 32.1 31.62 31.62
2000-08-14 34.56 34.56 33.35 33.35
2000-08-16 36.0 36.2 35.8 35.8
2000-08-21 36.68 39.58 36.0 36.0
2000-08-25 36.18 36.18 34.52 34.52
2000-09-01 36.98 37.5 36.0 36.0
2000-09-26 28.55 29.98 28.3 28.3
2000-10-31 25.65 25.78 25.3 25.3
2000-11-13 24.2 24.55 24.0 24.0
2000-11-28 18.38 18.75 18.1 18.1
2000-12-01 18.78 19.18 18.51 18.51
2000-12-20 18.5 18.54 17.99 17.99
2001-01-05 18.29 18.39 17.6 17.6
2001-01-19 16.7 16.88 16.5 16.5
2001-03-08 15.16 15.2 14.78 14.78
2001-03-14 15.28 15.28 15.08 15.08
2001-03-21 16.27 16.45 15.89 15.89
2001-04-06 15.96 16.24 15.78 15.78
2001-05-10 16.6 16.72 16.38 16.38
2001-07-06 16.13 16.25 16.0 16.0
2001-07-10 16.57 16.58 16.25 16.25
2001-07-13 16.49 16.55 16.05 16.05
2001-07-19 16.42 16.52 16.1 16.1
2001-07-23 16.75 16.85 16.32 16.32
2001-08-01 16.19 16.38 15.8 15.8
2001-09-06 12.7 13.0 12.4 12.4
2001-09-20 12.5 12.5 12.03 12.03
2001-10-15 10.56 10.95 10.11 10.11
2001-11-06 8.67 8.67 8.67 8.67
2001-11-07 7.8 7.8 7.8 7.8
2001-11-08 7.46 7.75 7.02 7.02
2001-12-04 9.16 9.28 8.61 8.61
2001-12-07 9.32 9.7 9.3 9.3
2001-12-17 8.69 8.84 8.58 8.58
2001-12-21 8.92 8.98 8.7 8.7
2001-12-25 9.05 9.06 8.6 8.6
2002-01-10 7.87 7.9 7.4 7.4
2002-03-05 9.05 9.25 8.88 8.88
2002-03-07 9.77 9.81 9.18 9.18
2002-03-19 9.51 9.56 9.2 9.2
2002-03-22 9.7 9.93 9.53 9.53
2002-03-25 9.92 10.09 9.24 9.24
2002-03-28 9.67 9.85 9.6 9.6
2002-04-22 8.52 8.75 8.4 8.4
2002-04-29 8.82 8.84 8.5 8.5
2002-05-10 8.83 9.1 8.82 8.82
2002-05-21 8.38 8.5 8.25 8.25
2002-05-27 8.2 8.2 8.03 8.03
2002-05-28 8.25 8.37 8.2 8.2
2002-06-18 8.39 8.47 8.25 8.25
2002-08-20 8.0 8.05 7.9 7.9
2002-09-03 8.05 8.12 8.02 8.02
2002-09-06 7.82 7.89 7.8 7.8
2002-10-21 7.43 7.53 7.28 7.28
2002-10-22 7.6 7.66 7.47 7.47
2002-11-05 7.56 7.63 7.45 7.45
2002-12-03 6.7 6.71 6.46 6.46
2003-01-08 6.72 6.73 6.43 6.43
2003-01-13 6.91 6.93 6.72 6.72
2003-01-22 6.99 7.02 6.82 6.82
2003-02-12 7.81 8.09 7.4 7.4
2003-02-18 7.9 8.08 7.61 7.61
2003-02-25 7.88 7.9 7.65 7.65
2003-03-11 7.4 7.5 7.3 7.3
2003-04-10 7.19 7.24 7.01 7.01
2003-04-11 7.37 7.4 7.19 7.19
2003-05-21 6.68 6.78 6.56 6.56
2003-06-10 6.71 6.78 6.69 6.69
2003-06-11 6.88 6.89 6.71 6.71
2003-08-18 6.18 6.2 6.07 6.07
2003-08-19 6.21 6.24 6.13 6.13
2003-08-22 6.22 6.28 6.18 6.18
2003-09-01 6.29 6.3 6.18 6.18
2003-09-18 5.99 6.06 5.96 5.96
2003-10-10 6.29 6.3 6.12 6.12
2003-11-19 4.87 4.98 4.53 4.53
2003-12-10 5.41 5.48 5.22 5.22
2004-01-02 4.69 4.85 4.65 4.65
2004-01-06 5.33 5.4 5.2 5.2
2004-02-16 6.83 6.85 6.38 6.38
2004-02-27 6.27 6.27 6.1 6.1
2004-03-04 6.36 6.39 6.13 6.13
2004-03-26 6.58 6.63 6.43 6.43
2004-06-01 6.1 6.12 6.01 6.01
2004-06-08 6.15 6.18 6.02 6.02
2004-07-16 5.43 5.47 5.36 5.36
2004-07-19 5.47 5.56 5.4 5.4
2004-08-13 4.8 4.86 4.78 4.78
2004-08-17 4.82 4.9 4.78 4.78
2004-08-24 4.66 4.69 4.52 4.52
2004-09-14 4.43 4.5 4.32 4.32
2004-10-13 4.56 4.63 4.46 4.46
2004-10-18 4.32 4.44 4.28 4.28
2004-10-27 4.57 4.57 4.3 4.3
2004-11-01 4.35 4.6 4.33 4.33
2004-11-18 4.57 4.58 4.4 4.4
2004-12-17 4.16 4.22 4.15 4.15
2005-01-05 4.02 4.07 3.92 3.92
2005-01-07 4.04 4.06 3.95 3.95
2005-02-04 3.94 4.01 3.85 3.85
2005-04-13 3.61 3.65 3.56 3.56
2005-04-22 2.87 2.96 2.83 2.83
2005-05-13 2.96 3.03 2.83 2.83
2005-05-20 2.86 2.93 2.81 2.81
2005-05-27 2.92 3.02 2.86 2.86
2005-05-30 3.01 3.01 2.88 2.88
2005-06-27 3.17 3.2 3.04 3.04
2005-07-07 2.64 2.67 2.61 2.61
2005-07-14 2.38 2.39 2.31 2.31
2005-09-05 3.16 3.29 3.14 3.14
2005-09-07 3.18 3.19 3.03 3.03
2005-11-02 3.41 3.49 3.3 3.3
2005-11-18 3.47 3.49 3.28 3.28
2005-12-07 3.2 3.21 3.07 3.07
2005-12-09 3.19 3.21 3.15 3.15
2005-12-28 3.16 3.21 3.13 3.13
2005-12-29 3.22 3.24 3.16 3.16
2006-01-04 3.26 3.27 3.16 3.16
2006-01-09 3.44 3.44 3.34 3.34
2006-01-20 3.74 3.84 3.6 3.6
2006-02-17 3.44 3.53 3.4 3.4
2006-03-14 3.88 3.97 3.76 3.76
2006-04-07 4.37 4.46 4.21 4.21
2006-05-10 4.63 4.63 4.63 4.63
2006-05-11 5.09 5.09 5.09 5.09
2006-05-12 5.6 5.6 5.6 5.6
2006-05-15 6.16 6.16 6.16 6.16
2007-01-08 7.56 8.0 7.36 7.36
2007-02-07 7.18 7.3 6.91 6.91
2007-02-28 9.44 9.44 8.75 8.75
2007-03-20 11.09 11.38 10.91 10.91
2007-04-02 12.49 12.49 12.49 12.49
2007-04-20 14.07 14.2 13.5 13.5
2007-04-23 14.65 15.0 14.26 14.26
2007-05-08 19.27 19.27 17.52 17.52
2007-05-15 21.81 23.51 21.6 21.6
2007-05-30 24.41 26.4 24.41 24.41
2007-06-19 26.54 26.54 24.25 24.25
2007-07-23 18.67 18.7 17.55 17.55
2007-08-02 20.42 20.95 19.5 19.5
2007-08-07 21.37 22.06 20.2 20.2
2007-10-22 33.95 34.72 32.65 32.65
2007-11-16 21.67 21.99 20.65 20.65
2007-12-24 26.73 27.2 26.41 26.41
2007-12-26 27.69 27.75 27.1 27.1
2008-01-07 31.57 31.99 29.82 29.82
2008-02-29 26.34 26.75 25.9 25.9
2008-04-08 19.97 20.37 19.41 19.41
2008-04-22 15.31 16.95 15.3 15.3
2008-04-25 18.57 19.28 17.1 17.1
2008-07-07 11.92 12.01 11.18 11.18
2008-08-04 11.39 11.75 11.22 11.22
2008-10-23 4.65 4.66 4.43 4.43
2008-10-28 5.27 5.28 5.02 5.02
2008-11-10 4.55 4.59 4.26 4.26
2008-12-15 5.95 6.2 5.84 5.84
2009-01-14 6.34 6.5 5.92 5.92
2009-03-04 8.08 8.1 7.65 7.65
2009-03-17 8.01 8.02 7.61 7.61
2009-04-01 9.1 9.14 8.71 8.71
2009-04-28 8.78 8.78 8.5 8.5
2009-05-19 9.66 9.75 9.46 9.46
2009-05-21 9.9 10.1 9.58 9.58
2009-06-30 10.22 10.27 10.12 10.12
2009-07-13 11.13 11.3 10.63 10.63
2009-08-26 12.25 12.65 11.02 11.02
2009-10-20 10.6 10.74 10.28 10.28
2009-11-03 10.26 10.35 9.95 9.95
2009-11-05 10.43 10.5 10.23 10.23
2009-11-09 10.6 10.68 10.42 10.42
2009-11-30 11.14 11.22 10.79 10.79
2009-12-10 11.72 11.94 11.55 11.55
2010-02-25 10.57 10.64 10.5 10.5
2010-03-03 11.19 11.3 10.85 10.85
2010-04-14 12.34 12.34 11.15 11.15
2010-05-26 8.95 9.08 8.68 8.68
2010-06-08 8.74 8.88 8.55 8.55
2010-06-11 8.91 9.15 8.89 8.89
2010-11-02 14.19 14.19 13.0 13.0
2010-11-04 14.51 14.51 13.19 13.19
2010-11-24 13.44 13.7 13.06 13.06
2010-12-10 12.31 12.44 12.0 12.0
2010-12-13 12.74 12.91 12.34 12.34
2011-01-11 11.48 11.62 11.09 11.09
2011-01-24 11.0 11.58 10.8 10.8
2011-01-26 10.85 10.95 10.55 10.55
2011-02-10 11.72 11.95 11.29 11.29
2011-02-25 12.73 12.89 12.47 12.47
2011-02-28 13.02 13.09 12.65 12.65
2011-04-21 13.44 13.56 13.08 13.08
2011-05-03 12.29 12.33 12.01 12.01
2011-05-31 10.45 10.47 10.08 10.08
2011-06-03 11.0 11.16 10.59 10.59
2011-07-04 12.0 12.07 11.78 11.78
2011-08-03 11.24 11.31 11.01 11.01
2011-11-03 9.72 9.95 9.69 9.69
2011-11-09 9.9 9.92 9.54 9.54
2011-12-07 8.67 8.72 8.53 8.53
2011-12-14 7.73 7.92 7.7 7.7
2011-12-29 7.18 7.22 7.02 7.02
2011-12-30 7.32 7.36 7.2 7.2
2012-01-10 7.61 7.66 7.29 7.29
2012-01-12 7.75 7.86 7.67 7.67
2012-02-08 8.13 8.15 7.93 7.93
2012-03-27 9.27 9.49 8.98 8.98
2012-04-16 9.41 9.6 9.16 9.16
2012-05-04 9.42 9.5 9.33 9.33
2012-05-17 9.26 9.27 9.08 9.08
2012-05-21 8.94 9.07 8.87 8.87
2012-06-11 9.15 9.2 8.78 8.78
2012-08-06 7.57 7.58 7.3 7.3
2012-08-16 7.7 7.83 7.62 7.62
2012-09-28 8.08 8.1 7.84 7.84
2012-11-23 7.14 7.17 7.09 7.09
2013-01-11 8.5 8.69 7.82 7.82
2013-02-06 8.68 8.75 8.59 8.59
2013-03-11 9.03 9.11 8.91 8.91
2013-03-27 8.77 8.89 8.6 8.6
2013-04-19 8.37 8.41 8.21 8.21
2013-04-24 8.19 8.25 8.06 8.06
2013-05-08 8.14 8.15 8.0 8.0
2013-05-20 8.64 8.67 8.46 8.46
2013-06-28 7.22 7.38 7.07 7.07
2013-07-11 7.56 7.61 7.3 7.3
2013-07-15 7.74 7.74 7.45 7.45
2013-07-31 8.02 8.05 7.68 7.68
2013-09-23 8.72 8.73 8.58 8.58
2013-10-21 9.29 9.32 8.91 8.91
2013-10-25 9.04 9.28 8.88 8.88
2014-02-10 13.9 14.14 13.43 13.43
2014-02-17 14.54 14.54 13.51 13.51
2014-03-26 11.34 11.45 11.27 11.27
2014-06-09 11.42 11.65 11.32 11.32
2014-06-24 12.02 12.02 10.88 10.88
2014-08-07 15.3 15.92 15.13 15.13
2014-08-27 14.78 15.09 14.42 14.42
2014-08-29 14.54 14.55 14.16 14.16
2014-09-01 15.22 15.43 14.78 14.78
2014-12-08 19.47 19.79 18.26 18.26
2014-12-15 17.65 17.98 16.31 16.31
2015-05-25 19.82 19.82 19.82 19.82
2015-05-26 21.8 21.8 21.8 21.8
2015-05-27 23.98 23.98 23.98 23.98
2015-05-28 26.38 26.38 26.38 26.38
2015-05-29 29.02 29.02 29.02 29.02
2015-06-01 31.92 31.92 31.92 31.92
2015-06-02 35.11 35.11 35.11 35.11
2015-06-03 38.62 38.62 38.62 38.62
2015-07-08 17.37 17.37 17.37 17.37
2015-07-13 19.11 19.11 19.11 19.11
2015-07-14 21.02 21.02 21.02 21.02
2015-08-04 28.09 28.09 25.02 25.02
2015-08-25 20.16 20.16 20.16 20.16
2015-10-26 19.67 19.67 19.67 19.67
2015-11-06 22.29 23.1 21.0 21.0
2015-11-19 24.86 24.86 22.7 22.7
2015-12-17 23.03 23.4 22.48 22.48
2015-12-25 21.9 22.15 21.75 21.75
2016-02-16 20.06 20.45 19.22 19.22
2016-03-02 18.42 18.49 17.13 17.13
2016-03-18 18.69 18.83 17.8 17.8
2016-04-22 19.3 19.45 18.85 18.85
2016-08-12 18.8 18.82 18.52 18.52
2016-10-27 18.8 18.93 18.7 18.7
2016-11-07 18.57 18.64 18.45 18.45
2017-01-03 17.94 18.22 17.21 17.21
2017-01-17 17.91 17.93 17.3 17.3
2017-01-19 17.69 17.87 17.55 17.55
2017-02-24 18.56 18.61 18.32 18.32
2017-03-16 18.44 18.48 18.22 18.22
2017-04-07 17.99 18.12 17.82 17.82
2017-06-15 13.36 13.46 13.16 13.16
