1996-06-04 11.44 11.65 11.3 11.3
1996-08-06 8.89 8.94 8.78 8.78
1996-08-14 8.98 9.17 8.95 8.95
1996-08-16 8.74 8.88 8.52 8.52
1996-09-04 7.03 7.15 6.98 6.98
1996-09-05 7.25 7.45 7.05 7.05
1996-09-11 6.56 6.86 6.47 6.47
1996-09-24 7.15 7.35 6.4 6.4
1996-10-08 6.95 7.0 6.65 6.65
1996-10-09 7.56 7.67 7.0 7.0
1996-10-11 7.61 7.74 7.52 7.52
1996-10-18 9.2 9.2 8.1 8.1
1996-10-23 9.6 9.63 8.88 8.88
1996-11-27 8.78 8.88 8.3 8.3
1996-12-11 11.26 11.87 10.92 10.92
1996-12-16 8.15 8.15 8.15 8.15
1996-12-17 7.34 7.34 7.34 7.34
1996-12-18 7.9 8.06 6.61 6.61
1997-01-07 6.55 6.75 6.21 6.21
1997-01-09 6.54 6.67 6.43 6.43
1997-01-29 7.15 7.18 7.0 7.0
1997-02-19 7.5 7.6 7.15 7.15
1997-02-20 7.38 7.47 6.75 6.75
1997-03-03 8.28 8.3 8.0 8.0
1997-03-06 8.45 8.45 8.1 8.1
1997-03-07 8.81 9.17 8.55 8.55
1997-03-10 9.28 9.6 9.0 9.0
1997-03-17 9.92 10.15 9.6 9.6
1997-04-03 9.58 9.63 9.2 9.2
1997-05-15 12.21 12.4 11.61 11.61
1997-06-13 9.1 9.1 8.2 8.2
1997-06-20 9.16 9.2 8.58 8.58
1997-06-27 9.09 9.55 8.82 8.82
1997-07-07 9.89 10.28 8.9 8.9
1997-07-08 10.86 10.88 9.98 9.98
1997-07-11 10.88 11.25 10.52 10.52
1997-07-14 11.45 11.6 11.1 11.1
1997-08-13 8.99 9.2 8.79 8.79
1997-08-18 7.92 7.92 7.92 7.92
1997-08-29 8.65 8.8 8.06 8.06
1997-09-03 9.1 9.35 8.68 8.68
1997-09-10 9.2 9.2 8.9 8.9
1997-09-16 8.43 8.5 8.3 8.3
1997-09-26 7.92 8.02 7.75 7.75
1997-10-07 8.25 8.25 7.16 7.16
1997-10-10 8.69 8.85 8.62 8.62
1997-10-16 8.85 9.2 8.6 8.6
1997-11-10 8.28 8.38 7.75 7.75
1997-11-17 8.42 8.7 8.41 8.41
1997-12-02 7.78 8.0 7.7 7.7
1997-12-03 7.84 7.96 7.7 7.7
1997-12-09 8.06 8.16 7.88 7.88
1997-12-16 8.31 8.38 7.95 7.95
1997-12-19 8.4 8.44 7.95 7.95
1997-12-25 9.2 9.2 8.75 8.75
1997-12-30 8.8 9.1 8.7 8.7
1998-01-20 8.9 9.1 8.68 8.68
1998-02-20 9.14 9.32 9.09 9.09
1998-02-27 8.63 8.98 8.6 8.6
1998-03-06 8.47 8.56 8.41 8.41
1998-03-12 8.68 8.84 8.4 8.4
1998-03-20 9.02 9.15 8.85 8.85
1998-03-24 9.78 10.09 9.18 9.18
1998-04-08 13.92 13.92 12.8 12.8
1998-04-20 13.45 13.82 12.7 12.7
1998-04-21 14.28 14.75 13.51 13.51
1998-05-13 14.48 14.88 13.98 13.98
1998-05-22 14.28 14.68 14.18 14.18
1998-06-10 13.95 14.2 13.35 13.35
1998-06-18 13.5 13.67 13.38 13.38
1998-06-22 14.47 14.65 14.1 14.1
1998-09-04 10.52 10.7 10.1 10.1
1998-09-07 11.2 11.29 10.72 10.72
1998-10-27 11.77 11.88 11.12 11.12
1998-11-11 13.28 13.5 13.08 13.08
1998-12-03 12.42 12.67 12.19 12.19
1998-12-11 12.36 12.6 11.9 11.9
1998-12-22 12.15 12.2 11.7 11.7
1999-01-19 11.52 11.64 11.49 11.49
1999-02-09 10.3 10.67 9.91 9.91
1999-03-01 10.41 10.61 10.0 10.0
1999-03-05 11.05 11.16 10.75 10.75
1999-03-11 11.17 11.37 11.0 11.0
1999-03-26 11.6 11.65 11.5 11.5
1999-03-30 11.45 11.8 11.44 11.44
1999-04-28 10.12 10.12 9.2 9.2
1999-05-21 14.28 14.28 13.0 13.0
1999-06-22 15.45 15.7 15.1 15.1
1999-06-28 17.82 17.82 16.31 16.31
1999-07-22 12.78 13.6 12.78 12.78
1999-08-03 12.71 12.88 12.52 12.52
1999-09-06 12.68 12.88 12.45 12.45
1999-09-09 14.55 14.58 13.3 13.3
1999-09-21 13.88 13.99 13.55 13.55
1999-10-14 12.77 13.1 12.6 12.6
1999-11-08 13.17 13.38 13.0 13.0
1999-11-12 13.41 13.49 13.25 13.25
1999-11-15 13.9 13.98 13.5 13.5
1999-11-22 13.87 13.93 13.55 13.55
1999-12-01 13.32 13.42 13.15 13.15
1999-12-15 13.52 13.85 13.1 13.1
1999-12-29 12.22 12.38 12.2 12.2
2000-01-26 12.29 12.5 11.39 11.39
2000-02-14 13.94 13.94 13.18 13.18
2000-02-24 13.29 13.3 13.0 13.0
2000-03-01 13.88 14.15 13.49 13.49
2000-03-17 13.46 13.59 13.09 13.09
2000-03-29 15.95 15.95 14.51 14.51
2000-04-06 14.75 15.1 13.7 13.7
2000-04-11 14.6 14.69 14.14 14.14
2000-05-12 15.02 15.15 14.8 14.8
2000-05-16 15.3 15.38 14.85 14.85
2000-05-18 15.93 16.1 15.3 15.3
2000-05-29 16.41 16.95 16.28 16.28
2000-05-31 16.0 16.2 15.7 15.7
2000-07-04 14.25 14.48 13.78 13.78
2000-07-27 14.7 15.0 14.55 14.55
2000-07-31 15.8 15.8 14.8 14.8
2000-08-02 15.8 16.34 15.8 15.8
2000-08-09 16.64 16.8 15.78 15.78
2000-08-14 16.51 16.6 16.21 16.21
2000-09-07 17.84 17.99 17.18 17.18
2000-09-14 17.8 18.1 17.62 17.62
2000-09-22 16.4 16.58 16.0 16.0
2000-09-25 16.4 16.59 16.3 16.3
2000-09-28 16.9 17.09 16.58 16.58
2000-11-17 20.09 20.5 19.2 19.2
2000-11-22 19.83 20.0 19.6 19.6
2000-11-28 19.95 20.09 19.49 19.49
2000-12-11 19.8 20.37 19.68 19.68
2000-12-13 20.32 20.4 19.89 19.89
2000-12-27 18.5 18.76 18.2 18.2
2000-12-28 19.18 19.2 18.4 18.4
2001-01-10 18.8 19.05 18.5 18.5
2001-01-16 18.25 18.38 17.62 17.62
2001-01-17 18.02 18.3 18.0 18.0
2001-02-09 17.62 17.74 17.4 17.4
2001-03-05 16.8 17.0 16.5 16.5
2001-03-07 16.81 16.95 16.55 16.55
2001-03-08 16.96 16.96 16.81 16.81
2001-03-09 17.25 17.38 16.96 16.96
2001-03-14 17.05 17.1 16.91 16.91
2001-03-15 17.13 17.27 17.0 17.0
2001-03-29 18.12 18.15 17.9 17.9
2001-04-05 17.6 17.9 17.26 17.26
2001-04-09 17.69 17.8 17.5 17.5
2001-04-11 17.8 17.94 17.66 17.66
2001-04-17 18.16 18.25 18.01 18.01
2001-04-18 19.98 19.98 18.7 18.7
2001-04-19 20.52 21.5 20.3 20.3
2001-06-05 21.88 21.9 21.53 21.53
2001-06-12 21.0 21.12 20.85 20.85
2001-07-17 20.73 21.13 20.16 20.16
2001-07-23 21.18 21.2 20.92 20.92
2001-08-22 21.4 21.45 21.0 21.0
2001-09-18 19.86 19.97 19.6 19.6
2001-09-19 19.9 19.9 19.62 19.62
2001-10-09 19.3 19.3 17.5 17.5
2001-10-17 18.6 18.7 18.01 18.01
2001-10-29 18.35 18.48 18.0 18.0
2001-11-06 17.98 17.98 17.51 17.51
2001-11-19 17.33 17.6 17.18 17.18
2001-12-03 18.17 18.3 18.0 18.0
2001-12-04 18.2 18.29 18.0 18.0
2001-12-11 17.62 17.68 17.5 17.5
2001-12-12 17.67 17.87 17.5 17.5
2001-12-25 16.85 16.85 16.55 16.55
2001-12-26 16.79 16.79 16.51 16.51
2002-01-07 16.2 16.49 16.1 16.1
2002-01-09 15.8 16.39 15.53 15.53
2002-01-17 15.49 15.51 15.06 15.06
2002-01-22 15.04 15.16 14.75 14.75
2002-01-30 16.4 16.58 16.01 16.01
2002-02-27 17.03 17.08 16.85 16.85
2002-03-01 16.87 16.99 16.55 16.55
2002-03-05 17.26 17.38 16.94 16.94
2002-03-19 17.45 17.47 17.01 17.01
2002-03-22 17.81 18.08 17.4 17.4
2002-04-04 17.05 17.1 16.58 16.58
2002-04-08 17.1 17.18 16.82 16.82
2002-04-16 16.92 17.28 16.88 16.88
2002-04-29 18.78 19.2 18.5 18.5
2002-05-20 16.77 17.1 16.68 16.68
2002-06-04 16.1 16.3 16.0 16.0
2002-06-10 16.25 16.33 16.06 16.06
2002-06-13 16.24 16.36 15.9 15.9
2002-06-14 16.02 16.25 15.9 15.9
2002-06-17 16.14 16.24 16.0 16.0
2002-06-20 16.5 16.55 16.35 16.35
2002-06-21 16.71 16.8 16.5 16.5
2002-06-25 18.13 18.7 17.26 17.26
2002-07-17 17.55 17.58 17.4 17.4
2002-07-23 17.84 17.97 17.72 17.72
2002-07-30 17.63 17.7 17.45 17.45
2002-08-07 17.33 17.41 17.25 17.25
2002-08-14 17.3 17.41 17.27 17.27
2002-09-04 17.68 18.0 17.41 17.41
2002-09-24 17.68 17.74 17.38 17.38
2002-09-25 18.0 18.08 17.43 17.43
2002-09-26 18.14 18.24 18.0 18.0
2002-10-09 17.76 17.9 17.71 17.71
2002-10-22 16.94 17.1 16.61 16.61
2002-10-23 17.1 17.3 16.9 16.9
2002-11-05 16.87 17.05 16.63 16.63
2002-11-25 14.6 15.18 14.49 14.49
2002-12-10 14.3 14.69 14.14 14.14
2002-12-11 14.45 14.55 14.3 14.3
2002-12-12 14.95 15.15 14.3 14.3
2003-01-03 14.26 14.3 14.0 14.0
2003-01-08 14.6 14.6 14.31 14.31
2003-01-13 15.08 15.69 14.7 14.7
2003-01-22 14.63 14.66 14.38 14.38
2003-02-17 15.4 15.5 15.07 15.07
2003-02-26 16.89 17.78 15.75 15.75
2003-02-27 17.28 17.91 16.88 16.88
2003-03-03 16.79 17.2 16.53 16.53
2003-03-05 16.75 16.99 16.6 16.6
2003-03-11 16.35 16.66 16.05 16.05
2003-03-14 16.46 16.73 16.25 16.25
2003-03-20 17.0 17.38 16.55 16.55
2003-04-01 17.04 17.23 16.32 16.32
2003-04-15 17.9 18.38 17.6 17.6
2003-04-28 17.05 17.1 16.3 16.3
2003-05-29 17.09 17.2 16.0 16.0
2003-06-26 14.08 14.25 13.99 13.99
2003-07-03 13.68 13.8 13.41 13.41
2003-07-04 13.65 13.8 13.52 13.52
2003-07-07 13.65 13.79 13.55 13.55
2003-07-10 14.18 14.2 13.56 13.56
2003-07-22 13.85 14.2 13.15 13.15
2003-07-23 14.0 14.2 13.85 13.85
2003-07-29 13.89 13.98 13.45 13.45
2003-07-30 13.99 14.3 13.77 13.77
2003-08-04 13.86 13.99 13.3 13.3
2003-08-06 14.44 14.6 13.95 13.95
2003-08-15 13.61 13.85 13.55 13.55
2003-08-19 13.53 13.7 13.4 13.4
2003-08-21 13.6 14.28 11.94 11.94
2003-09-02 13.74 13.95 13.45 13.45
2003-09-11 13.17 13.54 13.15 13.15
2003-09-17 13.13 13.45 13.09 13.09
2003-09-18 13.15 13.44 13.13 13.13
2003-10-09 13.26 13.4 12.96 12.96
2003-10-15 13.18 13.38 12.95 12.95
2003-12-15 11.86 11.94 11.78 11.78
2003-12-17 11.73 11.9 11.7 11.7
2003-12-26 11.74 11.75 11.55 11.55
2004-01-06 10.78 10.8 10.5 10.5
2004-01-08 11.64 11.64 10.5 10.5
2004-01-29 12.46 12.6 11.99 11.99
2004-02-06 12.97 13.25 12.8 12.8
2004-03-17 14.32 14.34 13.63 13.63
2004-03-30 14.49 14.6 14.12 14.12
2004-05-18 14.26 14.4 14.18 14.18
2004-06-11 14.05 14.3 13.9 13.9
2004-06-17 14.0 14.19 13.8 13.8
2004-07-26 14.36 14.45 13.46 13.46
2004-08-06 13.85 13.9 13.65 13.65
2004-09-14 9.87 10.12 9.6 9.6
2004-11-01 10.04 10.2 9.91 9.91
2004-11-22 10.1 10.18 9.96 9.96
2004-12-03 9.78 9.95 9.7 9.7
2004-12-24 9.19 9.35 9.09 9.09
2004-12-27 9.22 9.25 9.13 9.13
2004-12-28 9.09 9.2 9.0 9.0
2005-03-24 7.63 7.64 7.32 7.32
2005-04-13 7.82 7.93 7.58 7.58
2005-05-13 5.05 5.06 4.78 4.78
2005-05-24 4.99 5.1 4.71 4.71
2005-06-07 5.17 5.55 5.1 5.1
2005-06-08 5.62 5.65 5.14 5.14
2005-06-23 5.44 5.52 5.3 5.3
2005-07-26 3.84 3.88 3.72 3.72
2005-08-26 5.38 5.38 4.99 4.99
2005-09-13 5.44 5.45 5.18 5.18
2005-10-19 4.79 4.97 4.77 4.77
2005-11-09 4.53 4.62 4.5 4.5
2005-12-01 4.5 4.55 4.46 4.46
2005-12-07 4.16 4.18 4.08 4.08
2006-01-24 4.84 4.96 4.82 4.82
2006-03-29 4.7 4.77 4.66 4.66
2006-03-30 4.8 4.89 4.7 4.7
2006-10-19 4.69 4.87 4.33 4.33
2006-11-22 4.07 4.14 3.91 3.91
2006-12-07 4.17 4.38 4.15 4.15
2006-12-14 3.9 3.92 3.84 3.84
2006-12-25 4.09 4.18 4.0 4.0
2006-12-27 4.46 4.46 4.05 4.05
2007-01-29 5.19 5.35 4.8 4.8
2007-02-28 5.61 5.64 5.09 5.09
2007-03-02 5.92 5.92 5.37 5.37
2007-03-12 6.49 6.49 5.9 5.9
2007-03-20 6.57 6.78 6.31 6.31
2007-04-04 8.21 8.55 7.93 7.93
2007-04-20 8.29 8.35 8.1 8.1
2007-04-25 8.26 8.26 8.26 8.26
2007-04-26 7.85 7.85 7.85 7.85
2007-04-27 7.94 8.14 7.51 7.51
2007-05-23 10.31 10.31 10.31 10.31
2007-05-30 8.7 8.9 8.7 8.7
2007-05-31 8.27 8.35 8.27 8.27
2007-06-01 7.86 7.86 7.86 7.86
2007-06-04 7.47 7.47 7.47 7.47
2007-06-05 7.1 7.1 7.1 7.1
2007-06-06 6.75 7.06 6.75 6.75
2007-06-07 6.55 6.7 6.41 6.41
2007-06-25 5.61 5.78 5.61 5.61
2007-06-26 5.33 5.33 5.33 5.33
2007-06-27 5.41 5.44 5.07 5.07
2007-06-29 4.88 5.06 4.88 4.88
2007-07-13 4.87 5.03 4.71 4.71
2007-07-26 5.65 5.68 5.48 5.48
2007-08-14 6.72 6.78 6.45 6.45
2007-08-24 9.24 9.24 9.24 9.24
2007-08-28 8.34 8.59 8.34 8.34
2007-09-11 8.66 9.09 8.61 8.61
2007-09-12 9.09 9.09 8.79 8.79
2007-09-13 9.54 9.54 9.54 9.54
2007-09-27 11.48 11.48 11.48 11.48
2007-09-28 11.03 11.8 10.91 10.91
2007-10-31 8.55 8.55 8.06 8.06
2007-11-12 9.29 9.29 8.85 8.85
2007-11-21 10.07 10.08 9.6 9.6
2007-11-29 8.5 8.65 8.13 8.13
2007-12-10 9.13 9.2 8.95 8.95
2007-12-11 9.27 9.28 9.1 9.1
2007-12-26 9.57 9.58 9.14 9.14
2008-01-09 10.25 10.38 9.8 9.8
2008-01-23 8.71 8.9 8.64 8.64
2008-01-31 8.79 9.1 8.5 8.5
2008-02-04 8.86 8.86 8.55 8.55
2008-03-19 7.76 8.09 7.63 7.63
2008-03-20 7.85 7.87 7.37 7.37
2008-03-24 7.9 8.03 7.85 7.85
2008-04-07 6.26 6.26 6.0 6.0
2008-04-11 6.48 6.6 6.3 6.3
2008-04-16 6.26 6.42 6.21 6.21
2008-05-06 6.77 6.97 6.6 6.6
2008-07-14 6.55 6.56 6.12 6.12
2008-08-04 6.31 6.44 6.24 6.24
2008-09-17 3.26 3.32 3.15 3.15
2008-10-13 3.42 3.5 3.26 3.26
2008-10-16 3.42 3.46 3.26 3.26
2008-10-17 3.43 3.54 3.36 3.36
2008-11-27 3.46 3.62 3.45 3.45
2008-12-03 3.62 3.64 3.47 3.47
2008-12-08 3.77 3.77 3.58 3.58
2008-12-26 3.56 3.6 3.44 3.44
2009-02-02 4.21 4.23 4.0 4.0
2009-03-12 5.41 5.41 5.14 5.14
2009-03-30 6.08 6.14 5.84 5.84
2009-04-20 6.55 6.55 6.25 6.25
2009-05-04 6.37 6.45 6.11 6.11
2009-05-25 7.36 7.54 7.36 7.36
2009-06-12 10.16 10.32 9.85 9.85
2009-07-20 9.02 9.08 8.88 8.88
2009-07-27 9.53 9.75 9.3 9.3
2009-08-28 8.93 8.93 8.52 8.52
2009-09-01 8.81 9.34 8.75 8.75
2009-09-03 9.13 9.27 8.81 8.81
2009-09-08 8.99 9.1 8.71 8.71
2009-09-23 9.98 9.98 9.55 9.55
2009-11-23 9.85 9.96 9.59 9.59
2009-12-01 8.88 8.94 8.68 8.68
2009-12-10 9.05 9.11 8.97 8.97
2009-12-24 8.86 8.9 8.5 8.5
2010-02-11 8.65 8.77 8.6 8.6
2010-02-12 9.08 9.08 8.65 8.65
2010-03-16 9.28 9.29 9.12 9.12
2010-04-12 10.91 10.91 10.62 10.62
2010-05-13 10.36 10.36 10.36 10.36
2010-05-14 9.84 9.84 9.84 9.84
2010-05-17 9.35 9.35 9.35 9.35
2010-05-18 8.88 8.88 8.88 8.88
2010-05-19 8.44 8.44 8.44 8.44
2010-05-20 8.02 8.02 8.02 8.02
2010-05-21 7.81 7.9 7.62 7.62
2010-06-23 8.61 8.64 8.46 8.46
2010-06-24 8.58 8.68 8.55 8.55
2010-07-06 8.21 8.23 7.91 7.91
2010-07-14 8.42 8.58 8.39 8.39
2010-08-05 9.03 9.1 8.87 8.87
2010-08-11 9.4 9.7 9.17 9.17
2010-08-23 9.27 9.29 9.11 9.11
2010-08-25 9.46 9.52 9.2 9.2
2010-08-26 9.93 9.93 9.5 9.5
2010-09-14 10.94 10.94 10.4 10.4
2010-09-15 11.49 11.49 11.49 11.49
2010-11-08 12.06 12.06 12.06 12.06
2010-11-09 12.66 12.66 12.66 12.66
2010-11-10 13.29 13.29 13.29 13.29
2010-11-11 13.95 13.95 13.95 13.95
2010-11-16 14.6 15.3 14.6 14.6
2010-11-17 13.87 14.79 13.87 13.87
2010-12-01 16.28 16.28 15.2 15.2
2011-01-21 17.01 17.47 16.8 16.8
2011-03-18 16.6 16.82 16.55 16.55
2011-03-21 16.75 16.85 16.51 16.51
2011-04-01 15.77 15.79 15.38 15.38
2011-04-29 14.87 14.91 14.53 14.53
2011-05-06 14.68 14.76 14.44 14.44
2011-05-09 14.78 14.84 14.57 14.57
2011-05-10 15.34 15.44 14.7 14.7
2011-05-26 13.87 14.09 13.76 13.76
2011-06-02 14.21 14.21 13.66 13.66
2011-07-14 14.85 14.9 14.77 14.77
2011-07-15 15.59 15.59 14.8 14.8
2011-07-28 14.06 14.08 13.72 13.72
2011-08-08 14.66 15.1 14.2 14.2
2011-08-22 14.42 14.6 14.3 14.3
2011-08-29 15.84 15.84 15.06 15.06
2011-09-26 15.68 16.05 15.5 15.5
2011-10-13 14.44 14.73 14.21 14.21
2011-11-10 14.4 14.65 14.32 14.32
2011-12-12 13.41 13.46 13.25 13.25
2011-12-16 12.07 12.18 11.65 11.65
2011-12-23 12.01 12.14 11.61 11.61
2011-12-30 11.2 11.27 11.11 11.11
2012-01-12 11.15 11.33 11.06 11.06
2012-02-07 11.32 11.48 11.13 11.13
2012-02-08 11.58 11.78 11.37 11.37
2012-02-15 12.26 12.29 11.79 11.79
2012-02-24 12.2 12.25 12.03 12.03
2012-03-13 12.79 12.79 12.1 12.1
2012-03-29 12.07 12.28 12.07 12.07
2012-04-12 11.98 12.01 11.66 11.66
2012-04-18 12.13 12.13 11.82 11.82
2012-05-04 11.07 11.1 10.61 10.61
2012-05-14 11.76 11.89 11.52 11.52
2012-05-16 12.36 12.38 11.79 11.79
2012-05-18 12.41 12.55 12.21 12.21
2012-05-25 12.39 12.58 12.11 12.11
2012-05-28 12.86 13.01 12.39 12.39
2012-07-17 10.91 10.96 10.79 10.79
2012-07-30 10.65 10.95 10.59 10.59
2012-07-31 10.83 10.9 10.61 10.61
2012-08-01 11.08 11.19 10.8 10.8
2012-08-14 12.36 12.4 11.71 11.71
2012-09-13 13.2 13.56 13.13 13.13
2012-09-18 12.69 12.75 12.35 12.35
2012-10-19 12.01 12.29 11.98 11.98
2012-11-30 9.72 9.8 9.51 9.51
2012-12-28 11.26 11.33 10.88 10.88
2012-12-31 11.48 11.54 11.16 11.16
2013-01-28 11.21 11.25 10.83 10.83
2013-02-08 11.73 11.77 11.55 11.55
2013-03-13 11.59 11.87 11.45 11.45
2013-04-09 10.72 10.77 10.52 10.52
2013-05-03 9.96 10.05 9.8 9.8
2013-05-29 10.94 10.98 10.75 10.75
2013-06-20 10.36 10.79 10.05 10.05
2013-07-10 9.28 9.29 8.97 8.97
2013-07-12 9.61 9.69 9.41 9.41
2013-08-12 10.21 10.29 10.07 10.07
2013-08-19 10.01 10.04 9.79 9.79
2013-08-22 9.99 10.0 9.86 9.86
2013-09-02 10.62 10.73 10.18 10.18
2013-11-11 11.45 11.6 11.32 11.32
2013-11-15 11.8 12.31 11.28 11.28
2013-12-04 12.8 12.96 12.57 12.57
2013-12-06 12.75 13.06 12.61 12.61
2013-12-27 11.53 11.55 11.27 11.27
2014-01-10 12.0 12.11 11.4 11.4
2014-01-21 11.61 11.61 11.4 11.4
2014-01-22 12.08 12.16 11.6 11.6
2014-02-10 12.7 12.78 12.53 12.53
2014-02-14 13.56 13.59 12.66 12.66
2014-03-11 11.76 12.08 11.48 11.48
2014-03-17 12.02 12.02 11.73 11.73
2014-03-31 12.46 12.81 11.66 11.66
2014-06-05 11.22 11.28 11.1 11.1
2014-06-10 11.23 11.38 11.11 11.11
2014-06-30 12.19 12.4 11.85 11.85
2014-08-11 12.42 12.46 12.33 12.33
2014-09-01 13.08 13.17 12.82 12.82
2014-10-24 13.54 13.6 13.41 13.41
2014-11-05 14.81 15.19 14.6 14.6
2014-11-10 15.21 15.95 14.82 14.82
2014-11-12 14.9 14.99 14.38 14.38
2014-11-20 14.89 15.22 14.82 14.82
2014-11-24 16.15 16.57 15.3 15.3
2014-12-11 16.61 16.95 15.55 15.55
2014-12-25 15.25 15.39 14.89 14.89
2014-12-26 15.86 16.48 15.27 15.27
2015-01-12 15.22 15.35 14.81 14.81
2015-01-15 15.46 15.5 15.3 15.3
2015-01-20 15.09 15.14 14.65 14.65
2015-03-17 18.84 19.06 18.39 18.39
2015-04-01 19.68 19.75 19.1 19.1
2015-05-08 19.39 19.59 19.08 19.08
2015-07-07 13.33 14.5 13.33 13.33
2015-07-14 14.66 14.66 14.66 14.66
2015-07-17 16.99 17.25 15.55 15.55
2015-07-21 19.04 19.97 18.01 18.01
2015-08-07 16.57 16.62 15.81 15.81
2015-09-07 13.03 13.32 12.55 12.55
2015-11-25 20.77 20.83 19.78 19.78
2015-12-24 24.06 25.03 22.86 22.86
2016-01-11 21.48 23.69 20.62 20.62
2016-01-12 21.63 22.54 21.3 21.3
2016-01-14 18.82 19.99 17.52 17.52
2016-02-16 16.23 16.35 15.62 15.62
2016-03-07 19.69 19.69 17.95 17.95
2016-03-18 17.38 17.56 16.61 16.61
2016-04-11 19.34 19.71 18.69 18.69
2016-05-10 16.71 16.82 16.44 16.44
2016-05-16 17.05 17.09 16.5 16.5
2016-06-22 17.81 17.82 17.46 17.46
2016-07-04 18.23 18.26 17.74 17.74
2016-07-13 18.88 19.02 18.42 18.42
2016-07-25 18.9 19.48 18.49 18.49
2016-09-07 19.66 19.95 19.21 19.21
2016-09-22 20.3 20.7 19.88 19.88
2016-11-07 20.25 20.44 19.92 19.92
2016-11-10 20.3 20.45 20.08 20.08
2016-11-14 20.42 20.55 20.26 20.26
2016-11-22 21.39 21.61 20.93 20.93
2017-01-26 19.16 19.2 18.92 18.92
2017-02-06 19.7 19.75 19.04 19.04
2017-03-03 19.69 19.81 19.43 19.43
2017-03-06 19.88 19.98 19.63 19.63
2017-03-16 19.76 19.82 19.61 19.61
2017-03-20 20.63 20.74 20.05 20.05
2017-04-21 19.08 19.37 18.8 18.8
2017-07-03 21.87 21.87 21.87 21.87
2017-08-15 19.76 19.94 19.01 19.01
2017-08-28 19.94 20.15 19.66 19.66
