1996-05-09 9.55 9.84 9.4 9.4
1996-07-03 11.7 11.79 11.12 11.12
1996-07-04 12.66 12.7 11.8 11.8
1996-07-18 11.85 12.03 11.55 11.55
1996-07-24 12.7 12.8 12.2 12.2
1996-07-29 13.07 13.27 12.7 12.7
1996-07-30 13.33 14.13 13.15 13.15
1996-07-31 13.64 13.9 13.4 13.4
1996-10-16 12.48 12.5 11.75 11.75
1996-10-21 12.45 13.0 12.3 12.3
1996-10-23 13.3 13.5 12.15 12.15
1996-12-02 14.95 15.35 13.8 13.8
1996-12-10 16.1 16.5 14.59 14.59
1996-12-11 19.2 19.5 16.2 16.2
1996-12-16 13.68 13.68 13.68 13.68
1996-12-17 12.31 12.31 12.31 12.31
1997-02-20 12.78 13.1 11.84 11.84
1997-02-25 13.39 13.58 13.25 13.25
1997-05-22 13.86 14.78 13.86 13.86
1997-05-23 14.27 14.48 13.86 13.86
1997-06-13 13.22 13.22 12.5 12.5
1997-06-20 14.77 14.85 14.0 14.0
1997-07-15 15.19 15.39 14.8 14.8
1997-10-08 10.93 11.18 10.78 10.78
1997-10-15 11.1 11.18 11.0 11.0
1997-10-17 11.78 11.95 11.35 11.35
1997-12-09 10.8 10.95 10.63 10.63
1998-01-14 11.45 11.45 10.46 10.46
1998-05-19 11.4 11.56 10.38 10.38
1998-07-29 9.1 9.24 9.08 9.08
1998-08-03 9.1 9.35 9.02 9.02
1998-09-03 7.1 7.24 7.01 7.01
1998-09-04 7.16 7.3 7.15 7.15
1998-09-07 7.55 7.58 7.2 7.2
1998-09-14 7.89 8.02 7.67 7.67
1998-09-21 8.54 8.64 7.88 7.88
1998-10-30 8.17 8.2 8.1 8.1
1998-12-08 8.02 8.02 7.8 7.8
1998-12-09 7.96 8.02 7.95 7.95
1998-12-25 7.78 7.95 7.7 7.7
1999-01-05 7.25 7.26 7.1 7.1
1999-02-02 6.53 6.53 6.2 6.2
1999-02-09 6.05 6.06 5.81 5.81
1999-03-01 6.18 6.24 6.05 6.05
1999-03-02 6.33 6.48 6.2 6.2
1999-03-05 6.56 6.58 6.33 6.33
1999-05-06 6.25 6.28 6.13 6.13
1999-07-23 6.26 6.3 6.09 6.09
1999-09-09 7.7 7.8 7.41 7.41
1999-10-26 6.6 6.65 6.5 6.5
1999-11-01 6.63 6.69 6.6 6.6
1999-11-05 6.94 7.04 6.8 6.8
1999-11-30 6.8 6.8 6.7 6.7
1999-12-06 7.0 7.04 6.9 6.9
1999-12-28 6.08 6.25 6.03 6.03
1999-12-30 6.2 6.25 6.13 6.13
2000-01-07 6.66 6.68 6.4 6.4
2000-04-03 7.11 7.26 7.1 7.1
2000-04-06 7.06 7.07 6.96 6.96
2000-04-07 7.2 7.23 7.1 7.1
2000-04-10 7.32 7.45 7.25 7.25
2000-04-13 7.31 7.4 7.11 7.11
2000-04-14 7.09 7.25 7.0 7.0
2000-09-11 8.19 8.19 8.07 8.07
2000-09-27 7.69 7.7 7.5 7.5
2000-09-29 7.69 7.7 7.52 7.52
2000-10-13 8.21 8.39 7.85 7.85
2000-10-16 8.27 8.37 8.11 8.11
2000-10-23 8.31 8.34 8.12 8.12
2000-10-24 8.44 8.55 8.3 8.3
2000-11-22 9.89 10.2 9.48 9.48
2001-05-09 9.18 9.2 9.0 9.0
2001-05-15 9.65 9.65 9.34 9.34
2001-05-21 10.04 10.06 9.6 9.6
2001-08-10 8.5 8.62 8.39 8.39
2001-08-13 8.5 8.6 8.4 8.4
2001-09-10 8.04 8.05 7.65 7.65
2001-09-12 7.85 7.9 7.66 7.66
2001-11-14 7.91 8.11 7.74 7.74
2001-11-20 8.21 8.34 8.15 8.15
2001-12-10 7.89 7.93 7.74 7.74
2001-12-12 8.0 8.15 7.91 7.91
2004-05-27 5.38 5.45 5.26 5.26
2004-06-15 5.59 5.6 5.4 5.4
2004-06-22 5.72 5.8 5.58 5.58
2004-06-28 6.26 6.32 5.99 5.99
2004-07-05 6.34 6.36 6.12 6.12
2004-08-23 5.79 5.84 5.75 5.75
2004-09-10 5.46 5.48 5.28 5.28
2004-09-14 5.52 5.55 5.4 5.4
2004-09-15 5.7 6.07 5.52 5.52
2005-02-02 3.55 3.55 3.33 3.33
2005-02-18 3.85 4.06 3.71 3.71
2005-02-25 4.02 4.2 4.01 4.01
2005-03-03 3.95 3.95 3.85 3.85
2005-06-21 3.41 3.47 3.33 3.33
2005-06-29 3.32 3.38 3.28 3.28
2005-09-28 4.2 4.3 4.18 4.18
2005-09-30 4.63 4.78 4.28 4.28
2005-12-09 4.4 4.41 4.31 4.31
2005-12-12 4.59 4.65 4.42 4.42
2006-08-24 6.21 6.24 6.12 6.12
2006-08-30 6.49 6.55 6.3 6.3
2006-09-27 7.04 7.12 6.91 6.91
2007-04-30 7.35 7.35 7.35 7.35
2007-05-08 7.72 7.72 7.72 7.72
2007-05-09 8.11 8.11 8.11 8.11
2007-05-10 8.52 8.52 8.52 8.52
2007-05-11 8.95 8.95 8.95 8.95
2007-05-14 9.4 9.4 9.4 9.4
2007-05-15 9.87 9.87 9.87 9.87
2007-05-16 10.36 10.36 10.36 10.36
2007-05-17 10.88 10.88 10.88 10.88
2007-05-18 11.42 11.42 11.42 11.42
2007-05-21 11.99 11.99 11.99 11.99
2007-05-22 12.59 12.59 12.59 12.59
2007-05-23 13.22 13.22 13.22 13.22
2007-05-24 13.88 13.88 13.88 13.88
2007-05-25 14.57 14.57 14.57 14.57
2007-05-28 15.3 15.3 15.3 15.3
2009-01-07 11.34 11.43 10.67 10.67
2009-01-09 11.61 11.74 11.3 11.3
2009-02-06 14.99 15.35 14.66 14.66
2009-02-09 16.49 16.49 15.01 15.01
2009-04-01 16.49 16.8 15.99 15.99
2009-11-09 24.29 24.9 22.7 22.7
2009-11-16 24.86 25.08 24.01 24.01
2009-12-15 27.42 27.88 27.05 27.05
2009-12-21 25.58 25.88 25.0 25.0
2010-06-02 26.15 26.2 25.21 25.21
2010-06-04 26.87 27.2 26.31 26.31
2011-03-10 35.93 36.6 34.44 34.44
2011-03-18 34.53 35.19 34.23 34.23
2011-07-18 19.35 19.5 18.71 18.71
2011-11-14 13.85 13.95 13.4 13.4
2013-01-10 13.99 14.38 13.8 13.8
2013-06-19 17.13 17.13 17.13 17.13
2013-09-04 18.26 18.5 17.61 17.61
2014-02-17 25.93 25.93 24.1 24.1
2014-08-15 25.25 25.56 24.83 24.83
2014-08-29 28.72 28.88 27.48 27.48
2014-11-17 27.81 28.01 27.1 27.1
2014-12-08 34.05 35.25 33.0 33.0
2015-02-09 30.1 30.79 29.7 29.7
2015-02-11 30.82 30.9 30.43 30.43
2015-07-09 31.17 31.17 28.4 28.4
2015-07-13 37.72 37.72 37.72 37.72
2015-07-14 41.49 41.49 41.49 41.49
2015-07-17 50.8 50.8 46.55 46.55
2015-09-02 41.39 44.52 39.25 39.25
2015-10-20 49.0 49.69 47.64 47.64
2016-08-12 35.14 35.5 34.52 34.52
2017-04-11 37.53 37.53 34.0 34.0
