1997-07-29 13.49 13.5 13.0 13.0
1997-08-14 12.49 12.5 12.01 12.01
1997-08-20 11.8 11.95 11.61 11.61
1997-08-25 11.7 11.8 11.55 11.55
1997-10-13 11.44 11.6 11.4 11.4
1997-11-07 12.6 12.77 12.2 12.2
1997-11-13 12.43 12.45 12.1 12.1
1997-11-26 11.84 11.85 11.7 11.7
1997-12-26 13.71 13.87 13.52 13.52
1998-01-19 16.99 17.1 16.4 16.4
1998-03-10 8.15 8.35 8.04 8.04
1998-03-17 8.0 8.04 7.91 7.91
1998-03-31 8.77 9.22 8.5 8.5
1998-04-24 9.7 10.03 9.3 9.3
1998-05-13 10.39 10.5 9.8 9.8
1998-06-18 9.9 9.9 9.52 9.52
1998-07-23 8.71 8.8 8.55 8.55
1998-07-30 8.69 8.72 8.6 8.6
1998-08-19 7.86 7.86 7.15 7.15
1998-09-03 8.38 8.42 8.25 8.25
1998-09-30 8.97 9.05 8.9 8.9
1998-10-05 9.35 9.37 9.06 9.06
1998-10-08 9.14 9.14 8.88 8.88
1998-10-12 9.68 9.75 9.42 9.42
1998-11-03 8.92 8.98 8.7 8.7
1998-11-05 9.15 9.24 8.85 8.85
1998-12-08 8.26 8.26 8.15 8.15
1998-12-14 8.35 8.49 8.3 8.3
1999-01-04 7.76 7.9 7.7 7.7
1999-01-13 8.02 8.12 7.9 7.9
1999-01-19 8.31 8.38 8.02 8.02
1999-01-21 8.5 8.55 8.18 8.18
1999-01-27 8.5 8.58 8.4 8.4
1999-02-02 8.33 8.34 8.21 8.21
1999-02-09 8.04 8.1 7.69 7.69
1999-03-03 8.4 8.43 8.15 8.15
1999-03-11 8.94 9.06 8.62 8.62
1999-03-24 9.0 9.11 8.9 8.9
1999-04-05 8.91 9.09 8.76 8.76
1999-04-29 8.07 8.09 7.95 7.95
1999-05-11 7.94 8.03 7.8 7.8
1999-06-09 8.87 8.89 8.68 8.68
1999-06-14 9.6 9.7 9.25 9.25
1999-06-21 11.09 11.28 10.51 10.51
1999-06-23 11.19 11.36 11.0 11.0
1999-07-08 10.06 10.2 9.93 9.93
1999-08-04 11.08 11.2 10.6 10.6
1999-08-24 10.8 10.96 10.71 10.71
1999-08-27 11.1 11.4 10.74 10.74
1999-09-07 10.9 10.93 10.6 10.6
1999-09-15 12.61 12.75 12.23 12.23
1999-10-11 11.1 11.15 10.8 10.8
1999-11-23 9.7 9.88 9.62 9.62
1999-12-27 9.69 9.73 9.5 9.5
2000-01-10 11.3 11.3 10.41 10.41
2000-01-20 10.02 10.08 9.7 9.7
2000-02-14 10.88 10.88 10.1 10.1
2000-02-24 9.67 9.85 9.55 9.55
2000-03-07 10.09 10.1 9.81 9.81
2000-03-17 9.81 9.9 9.6 9.6
2000-03-27 11.0 11.01 10.55 10.55
2000-05-16 10.5 10.56 10.42 10.42
2000-05-18 10.67 10.7 10.46 10.46
2000-07-04 11.6 11.6 11.31 11.31
2000-07-18 12.15 12.16 11.85 11.85
2000-07-31 12.98 13.35 12.52 12.52
2000-08-10 12.7 12.77 12.56 12.56
2000-08-17 13.06 13.28 12.94 12.94
2000-08-21 13.5 13.55 13.01 13.01
2000-09-20 12.2 12.25 12.05 12.05
2000-09-25 11.57 11.82 11.39 11.39
2000-09-29 11.59 11.68 11.44 11.44
2000-10-09 11.85 11.86 11.5 11.5
2000-10-10 12.2 12.21 11.86 11.86
2000-10-12 12.15 12.2 11.9 11.9
2000-10-23 12.52 12.57 12.28 12.28
2000-10-30 12.78 12.8 12.5 12.5
2000-11-01 12.52 12.67 12.4 12.4
2000-11-07 13.15 13.3 12.99 12.99
2000-11-08 13.16 13.37 12.5 12.5
2000-11-28 13.5 13.6 13.2 13.2
2000-12-04 14.04 14.15 12.51 12.51
2000-12-21 14.65 14.95 14.45 14.45
2000-12-25 14.9 14.9 14.4 14.4
2001-01-19 13.84 13.9 13.72 13.72
2001-03-19 13.53 13.58 13.38 13.38
2001-03-21 13.71 13.75 13.61 13.61
2001-03-22 13.84 13.88 13.72 13.72
2001-03-30 13.95 13.96 13.8 13.8
2001-04-05 13.96 13.97 13.8 13.8
2001-04-13 14.8 15.3 14.35 14.35
2001-04-27 14.66 14.75 14.43 14.43
2001-05-08 15.17 15.2 14.72 14.72
2001-05-10 15.51 15.59 15.2 15.2
2001-05-15 15.69 15.85 15.44 15.44
2001-05-16 15.78 15.9 15.73 15.73
2001-05-24 15.71 15.9 15.6 15.6
2001-05-30 16.87 16.95 16.67 16.67
2001-06-04 18.01 18.08 17.35 17.35
2001-06-11 17.75 18.0 17.4 17.4
2001-06-20 16.5 16.85 16.45 16.45
2001-06-21 16.85 17.0 16.5 16.5
2001-07-04 16.31 16.35 15.99 15.99
2001-07-11 15.93 16.22 15.75 15.75
2001-07-13 16.36 16.49 16.3 16.3
2001-07-26 16.61 16.63 16.25 16.25
2001-08-01 15.9 15.96 15.5 15.5
2001-08-03 16.65 16.66 16.08 16.08
2001-08-07 16.93 17.2 16.0 16.0
2001-08-10 18.23 18.35 17.4 17.4
2001-08-15 17.81 18.16 17.65 17.65
2001-08-17 17.65 17.8 17.38 17.38
2001-09-25 20.15 20.18 19.5 19.5
2001-10-08 20.3 20.4 19.88 19.88
2001-10-23 13.96 13.96 13.2 13.2
2001-10-29 13.85 13.85 13.5 13.5
2001-11-12 13.17 13.25 13.0 13.0
2001-11-27 12.9 12.95 12.75 12.75
2001-11-29 13.59 13.68 13.2 13.2
2001-12-14 11.86 11.98 11.5 11.5
2002-01-15 8.69 8.7 8.3 8.3
2002-01-22 8.81 8.99 8.66 8.66
2002-03-11 10.75 11.0 10.24 10.24
2002-03-14 10.88 11.14 10.65 10.65
2002-04-04 10.41 10.6 10.0 10.0
2002-05-14 11.17 11.2 10.95 10.95
2002-06-04 10.26 10.3 10.06 10.06
2002-06-18 10.79 10.85 10.58 10.58
2002-07-01 11.87 12.0 11.78 11.78
2002-07-25 12.85 12.9 12.65 12.65
2002-08-02 12.45 12.58 12.36 12.36
2002-08-19 12.28 12.33 11.9 11.9
2002-08-22 12.27 12.35 12.09 12.09
2002-08-27 12.21 12.31 12.05 12.05
2002-09-06 12.22 12.27 12.15 12.15
2002-09-09 12.15 12.49 12.08 12.08
2002-10-09 11.67 11.83 11.55 11.55
2002-10-14 11.74 11.77 11.56 11.56
2002-10-21 11.63 11.65 11.28 11.28
2002-10-25 11.91 12.0 11.85 11.85
2002-10-31 11.68 11.75 11.6 11.6
2002-11-28 10.38 10.4 10.12 10.12
2002-12-18 9.94 9.99 9.74 9.74
2002-12-23 9.81 9.9 9.8 9.8
2003-01-08 10.27 10.34 9.53 9.53
2003-01-23 10.38 10.5 10.23 10.23
2003-02-13 10.53 10.58 10.3 10.3
2003-03-18 10.15 10.16 10.03 10.03
2003-04-14 11.95 11.99 11.33 11.33
2003-06-02 7.23 7.24 7.16 7.16
2003-06-10 7.19 7.2 7.1 7.1
2003-06-17 7.19 7.25 7.15 7.15
2003-06-26 7.24 7.3 7.0 7.0
2003-07-31 5.77 5.8 5.66 5.66
2003-10-17 4.56 4.6 4.51 4.51
2003-11-06 5.45 5.7 5.4 5.4
2004-01-08 4.19 4.28 4.0 4.0
2004-02-09 5.12 5.15 4.93 4.93
2004-03-01 5.42 5.48 5.12 5.12
2004-03-10 5.63 5.63 5.31 5.31
2004-03-31 5.49 5.49 5.3 5.3
2004-04-09 5.51 5.65 5.41 5.41
2004-04-12 5.8 5.82 5.52 5.52
2004-04-27 4.84 4.97 4.8 4.8
2004-05-17 4.7 4.72 4.58 4.58
2004-05-18 4.84 4.85 4.66 4.66
2004-07-15 3.98 4.03 3.93 3.93
2004-07-16 4.1 4.12 4.0 4.0
2004-08-24 3.59 3.63 3.46 3.46
2004-08-27 3.52 3.8 3.48 3.48
2004-09-28 3.98 4.03 3.94 3.94
2004-10-13 4.04 4.06 3.94 3.94
2004-10-15 4.12 4.13 3.86 3.86
2004-11-01 3.46 3.52 3.45 3.45
2004-11-05 3.48 3.52 3.46 3.46
2004-11-09 3.47 3.48 3.42 3.42
2004-11-12 3.6 3.63 3.55 3.55
2004-11-26 3.68 3.75 3.62 3.62
2004-12-02 3.78 3.8 3.64 3.64
2004-12-21 3.52 3.55 3.45 3.45
2005-01-05 3.33 3.4 3.25 3.25
2005-01-18 3.37 3.37 3.28 3.28
2005-02-16 3.14 3.2 3.09 3.09
2005-02-22 3.23 3.27 3.15 3.15
2005-03-03 3.4 3.46 3.36 3.36
2005-03-17 3.06 3.1 3.05 3.05
2005-03-24 2.87 2.87 2.78 2.78
2005-05-30 2.26 2.28 2.2 2.2
2005-06-02 2.22 2.25 2.2 2.2
2005-06-16 2.18 2.18 2.12 2.12
2005-06-27 2.23 2.23 2.16 2.16
2005-07-12 1.96 1.96 1.81 1.81
2005-07-19 1.83 1.84 1.77 1.77
2005-07-26 1.92 1.94 1.82 1.82
2005-08-01 1.94 1.95 1.89 1.89
2005-08-05 2.06 2.06 2.0 2.0
2005-08-26 2.24 2.25 2.16 2.16
2005-10-10 2.28 2.33 2.2 2.2
2005-10-25 2.29 2.36 2.25 2.25
2005-11-14 2.06 2.07 2.0 2.0
2005-11-30 2.04 2.04 2.0 2.0
2005-12-09 1.98 2.0 1.94 1.94
2005-12-19 1.99 1.99 1.95 1.95
2005-12-30 1.98 1.99 1.96 1.96
2006-02-22 2.02 2.05 1.97 1.97
2006-03-14 1.93 1.95 1.89 1.89
2006-10-10 2.44 2.44 2.34 2.34
2006-10-12 2.58 2.58 2.51 2.51
2006-10-18 2.58 2.58 2.48 2.48
2006-10-19 2.59 2.61 2.55 2.55
2006-10-23 2.68 2.68 2.6 2.6
2006-12-08 2.2 2.23 2.12 2.12
2006-12-14 2.23 2.26 2.2 2.2
2007-02-26 3.15 3.15 3.0 3.0
2007-02-28 3.16 3.16 3.02 3.02
2007-03-15 4.39 4.39 4.3 4.3
2007-03-22 4.92 4.92 4.92 4.92
2007-03-30 4.64 4.65 4.38 4.38
2007-04-06 5.02 5.06 4.85 4.85
2007-05-15 7.35 7.35 7.35 7.35
2007-05-22 8.68 8.68 8.68 8.68
2007-05-23 9.11 9.11 9.11 9.11
2007-05-30 8.48 8.8 8.48 8.48
2007-05-31 8.06 8.06 8.06 8.06
2007-06-01 7.66 7.99 7.66 7.66
2007-06-04 7.28 7.28 7.28 7.28
2007-06-05 6.92 6.92 6.92 6.92
2007-06-06 6.75 7.27 6.57 6.57
2007-06-13 8.09 8.09 8.08 8.08
2007-06-26 6.96 6.96 6.96 6.96
2007-06-27 6.68 6.95 6.61 6.61
2007-07-05 5.7 5.7 5.7 5.7
2007-07-06 5.61 5.87 5.42 5.42
2007-08-01 6.95 6.95 6.95 6.95
2007-08-02 7.3 7.3 7.3 7.3
2007-08-03 7.67 7.67 7.67 7.67
2007-08-20 7.46 7.46 7.1 7.1
2007-08-24 8.65 8.65 8.65 8.65
2007-10-26 5.58 5.69 5.2 5.2
2007-11-09 6.01 6.19 5.64 5.64
2007-11-16 5.77 5.8 5.61 5.61
2007-12-24 7.05 7.14 6.86 6.86
2008-01-03 7.55 7.64 7.29 7.29
2008-01-11 8.75 8.9 8.5 8.5
2008-02-04 7.87 7.89 7.31 7.31
2008-02-18 9.08 9.08 8.33 8.33
2008-02-28 10.41 10.9 10.02 10.02
2008-05-16 10.58 10.95 10.3 10.3
2008-05-22 9.39 9.88 9.3 9.3
2008-06-24 5.12 5.24 4.85 4.85
2008-06-26 5.63 5.63 5.63 5.63
2008-08-25 7.36 7.69 7.14 7.14
2008-09-11 5.81 5.93 5.7 5.7
2008-09-17 5.88 6.06 5.76 5.76
2008-11-10 4.61 4.65 4.35 4.35
2009-01-05 5.5 5.6 5.2 5.2
2009-01-09 5.47 5.55 5.3 5.3
2009-02-03 6.04 6.2 5.65 5.65
2009-04-23 7.01 7.28 6.89 6.89
2009-05-18 6.54 6.57 6.33 6.33
2009-07-14 7.24 7.38 6.87 6.87
2009-10-19 6.4 6.4 6.25 6.25
2009-12-07 8.08 8.25 7.93 7.93
2009-12-28 7.53 7.55 7.37 7.37
2010-03-01 9.3 9.54 8.88 8.88
2010-03-23 8.91 9.17 8.76 8.76
2010-03-26 8.44 8.5 8.29 8.29
2010-05-24 6.29 6.34 6.0 6.0
2010-07-07 5.57 5.62 5.37 5.37
2010-07-16 5.66 5.7 5.49 5.49
2010-07-20 5.93 5.95 5.76 5.76
2010-08-02 6.45 6.49 6.23 6.23
2010-08-23 6.38 6.46 6.33 6.33
2010-08-27 6.55 6.59 6.44 6.44
2010-10-27 7.13 7.24 7.07 7.07
2010-11-01 7.35 7.38 7.2 7.2
2010-11-24 7.25 7.26 7.05 7.05
2010-12-13 6.79 6.8 6.69 6.69
2010-12-31 6.39 6.4 6.28 6.28
2011-01-31 6.31 6.34 6.18 6.18
2011-02-21 7.28 7.35 7.1 7.1
2011-03-23 7.29 7.32 7.18 7.18
2011-06-14 6.56 6.7 6.36 6.36
2011-07-04 7.44 7.49 6.75 6.75
2011-10-19 5.83 5.85 5.71 5.71
2011-11-28 5.88 5.94 5.78 5.78
2011-12-30 4.44 4.46 4.33 4.33
2012-01-19 4.47 4.56 4.4 4.4
2012-02-02 5.01 5.02 4.8 4.8
2012-03-02 5.19 5.19 5.1 5.1
2012-03-08 5.1 5.12 5.05 5.05
2012-04-12 5.0 5.05 4.9 4.9
2012-05-29 4.83 4.85 4.71 4.71
2012-06-26 5.14 5.14 5.14 5.14
2012-06-28 5.54 5.69 5.09 5.09
2012-09-12 5.48 5.56 5.39 5.39
2012-10-09 5.0 5.01 4.89 4.89
2012-11-01 4.95 4.99 4.8 4.8
2012-11-30 4.45 4.48 4.34 4.34
2012-12-07 4.59 4.65 4.47 4.47
2012-12-24 4.75 4.8 4.67 4.67
2012-12-25 4.89 4.93 4.71 4.71
2012-12-28 5.22 5.38 5.06 5.06
2013-01-18 5.26 5.28 5.15 5.15
2013-03-15 5.27 5.36 5.25 5.25
2013-03-20 5.43 5.45 5.33 5.33
2013-03-22 5.64 5.85 5.54 5.54
2013-03-27 5.56 5.64 5.52 5.52
2013-04-25 6.42 6.57 6.12 6.12
2013-06-03 6.52 6.66 6.48 6.48
2013-06-14 6.48 6.69 6.24 6.24
2013-07-31 5.79 5.88 5.76 5.76
2013-08-26 5.97 5.98 5.89 5.89
2013-08-28 6.14 6.17 5.95 5.95
2013-09-03 6.49 6.58 6.36 6.36
2013-09-16 6.61 6.63 6.31 6.31
2013-09-30 6.53 6.58 6.31 6.31
2013-10-31 6.4 6.7 6.35 6.35
2013-11-15 6.19 6.25 6.1 6.1
2013-12-06 6.01 6.04 5.99 5.99
2013-12-20 5.8 6.14 5.71 5.71
2014-01-02 5.89 5.9 5.83 5.83
2014-01-29 5.87 5.88 5.76 5.76
2014-02-14 6.05 6.05 5.95 5.95
2014-02-24 6.71 6.84 6.53 6.53
2014-04-03 6.19 6.24 6.14 6.14
2014-05-28 6.17 6.21 6.1 6.1
2014-06-18 6.03 6.07 6.0 6.0
2014-06-23 5.97 6.0 5.92 5.92
2014-06-26 6.02 6.03 5.95 5.95
2014-06-27 6.04 6.08 5.98 5.98
2014-07-10 6.12 6.15 6.09 6.09
2014-07-14 6.34 6.4 6.2 6.2
2014-08-20 7.03 7.1 6.9 6.9
2014-09-25 7.65 7.65 7.65 7.65
2014-09-26 8.42 8.42 8.42 8.42
2014-09-29 9.26 9.26 9.26 9.26
2014-09-30 10.19 10.19 10.19 10.19
2014-10-08 11.21 11.21 11.21 11.21
2014-10-09 12.33 12.33 12.33 12.33
2014-11-17 10.42 10.85 10.29 10.29
2014-12-02 10.85 10.95 10.77 10.77
2015-04-02 16.26 16.81 15.96 15.96
2015-04-10 18.97 19.56 17.38 17.38
2015-04-30 17.54 18.35 17.32 17.32
2015-07-13 11.89 11.89 11.89 11.89
2015-07-14 13.08 13.08 13.08 13.08
2015-08-14 15.79 15.97 15.07 15.07
2015-08-25 10.76 11.17 10.76 10.76
2015-09-07 11.6 12.03 11.31 11.31
2015-10-22 16.31 16.31 14.91 14.91
2015-11-03 16.41 16.83 15.92 15.92
2015-11-11 21.31 21.9 19.91 19.91
2015-11-19 19.59 19.66 18.39 18.39
2015-12-03 17.09 17.14 16.58 16.58
2016-01-27 13.3 13.3 12.48 12.48
2016-02-15 13.17 13.25 12.43 12.43
2016-02-16 13.76 13.82 13.2 13.2
2016-03-11 11.5 11.61 11.25 11.25
2016-03-17 12.17 12.27 11.79 11.79
2016-05-31 13.02 13.04 12.53 12.53
2016-06-28 12.47 12.49 12.21 12.21
2016-08-29 13.53 13.63 13.29 13.29
2016-08-30 13.92 13.95 13.47 13.47
2016-10-18 14.37 14.5 14.1 14.1
2016-11-28 15.38 15.55 15.15 15.15
2016-12-15 13.49 13.55 13.31 13.31
2016-12-21 13.83 13.94 13.64 13.64
2017-01-13 13.79 13.86 13.55 13.55
2017-01-20 12.82 12.85 12.58 12.58
2017-01-24 13.02 13.15 12.97 12.97
2017-02-16 13.31 13.33 13.12 13.12
2017-02-21 13.52 13.54 13.25 13.25
2017-03-16 14.09 14.22 13.83 13.83
2017-04-06 13.92 13.99 13.83 13.83
2017-05-04 13.24 13.28 13.01 13.01
2017-05-15 12.84 13.02 12.81 12.81
2017-07-24 13.03 13.1 12.73 12.73
2017-08-09 12.74 12.74 12.63 12.63
2017-08-25 13.06 13.07 12.86 12.86
2017-08-30 12.97 13.04 12.91 12.91
