1997-08-20 11.8 11.95 11.61 11.61
1997-08-25 11.7 11.8 11.55 11.55
1997-11-13 12.43 12.45 12.1 12.1
1998-03-17 8.0 8.04 7.91 7.91
1998-07-30 8.69 8.72 8.6 8.6
1998-10-05 9.35 9.37 9.06 9.06
1998-10-08 9.14 9.14 8.88 8.88
1998-10-12 9.68 9.75 9.42 9.42
1998-11-05 9.15 9.24 8.85 8.85
1998-12-14 8.35 8.49 8.3 8.3
1999-01-19 8.31 8.38 8.02 8.02
1999-01-21 8.5 8.55 8.18 8.18
1999-01-27 8.5 8.58 8.4 8.4
1999-02-02 8.33 8.34 8.21 8.21
1999-02-09 8.04 8.1 7.69 7.69
1999-03-03 8.4 8.43 8.15 8.15
1999-03-11 8.94 9.06 8.62 8.62
1999-06-14 9.6 9.7 9.25 9.25
1999-06-21 11.09 11.28 10.51 10.51
1999-06-23 11.19 11.36 11.0 11.0
1999-08-27 11.1 11.4 10.74 10.74
1999-09-15 12.61 12.75 12.23 12.23
2000-03-27 11.0 11.01 10.55 10.55
2000-05-18 10.67 10.7 10.46 10.46
2000-08-17 13.06 13.28 12.94 12.94
2000-08-21 13.5 13.55 13.01 13.01
2000-09-25 11.57 11.82 11.39 11.39
2000-09-29 11.59 11.68 11.44 11.44
2000-10-09 11.85 11.86 11.5 11.5
2000-10-10 12.2 12.21 11.86 11.86
2000-10-12 12.15 12.2 11.9 11.9
2000-10-30 12.78 12.8 12.5 12.5
2000-11-01 12.52 12.67 12.4 12.4
2000-11-07 13.15 13.3 12.99 12.99
2000-11-08 13.16 13.37 12.5 12.5
2000-12-04 14.04 14.15 12.51 12.51
2000-12-25 14.9 14.9 14.4 14.4
2001-03-21 13.71 13.75 13.61 13.61
2001-03-22 13.84 13.88 13.72 13.72
2001-03-30 13.95 13.96 13.8 13.8
2001-04-05 13.96 13.97 13.8 13.8
2001-04-13 14.8 15.3 14.35 14.35
2001-05-08 15.17 15.2 14.72 14.72
2001-05-10 15.51 15.59 15.2 15.2
2001-05-15 15.69 15.85 15.44 15.44
2001-05-16 15.78 15.9 15.73 15.73
2001-05-24 15.71 15.9 15.6 15.6
2001-05-30 16.87 16.95 16.67 16.67
2001-06-04 18.01 18.08 17.35 17.35
2001-06-11 17.75 18.0 17.4 17.4
2001-06-21 16.85 17.0 16.5 16.5
2001-07-11 15.93 16.22 15.75 15.75
2001-07-13 16.36 16.49 16.3 16.3
2001-08-01 15.9 15.96 15.5 15.5
2001-08-03 16.65 16.66 16.08 16.08
2001-08-07 16.93 17.2 16.0 16.0
2001-08-10 18.23 18.35 17.4 17.4
2001-08-15 17.81 18.16 17.65 17.65
2001-08-17 17.65 17.8 17.38 17.38
2001-10-08 20.3 20.4 19.88 19.88
2001-10-29 13.85 13.85 13.5 13.5
2001-11-29 13.59 13.68 13.2 13.2
2002-01-22 8.81 8.99 8.66 8.66
2002-03-14 10.88 11.14 10.65 10.65
2002-08-02 12.45 12.58 12.36 12.36
2002-08-22 12.27 12.35 12.09 12.09
2002-08-27 12.21 12.31 12.05 12.05
2002-09-09 12.15 12.49 12.08 12.08
2002-10-14 11.74 11.77 11.56 11.56
2002-10-21 11.63 11.65 11.28 11.28
2002-10-25 11.91 12.0 11.85 11.85
2002-10-31 11.68 11.75 11.6 11.6
2002-12-23 9.81 9.9 9.8 9.8
2003-06-10 7.19 7.2 7.1 7.1
2003-06-17 7.19 7.25 7.15 7.15
2004-04-12 5.8 5.82 5.52 5.52
2004-05-18 4.84 4.85 4.66 4.66
2004-07-16 4.1 4.12 4.0 4.0
2004-08-27 3.52 3.8 3.48 3.48
2004-10-13 4.04 4.06 3.94 3.94
2004-10-15 4.12 4.13 3.86 3.86
2004-11-05 3.48 3.52 3.46 3.46
2004-11-09 3.47 3.48 3.42 3.42
2004-11-12 3.6 3.63 3.55 3.55
2004-12-02 3.78 3.8 3.64 3.64
2005-02-22 3.23 3.27 3.15 3.15
2005-03-24 2.87 2.87 2.78 2.78
2005-06-02 2.22 2.25 2.2 2.2
2005-07-19 1.83 1.84 1.77 1.77
2005-07-26 1.92 1.94 1.82 1.82
2005-08-01 1.94 1.95 1.89 1.89
2005-08-05 2.06 2.06 2.0 2.0
2005-12-19 1.99 1.99 1.95 1.95
2006-10-12 2.58 2.58 2.51 2.51
2006-10-18 2.58 2.58 2.48 2.48
2006-10-19 2.59 2.61 2.55 2.55
2006-10-23 2.68 2.68 2.6 2.6
2006-12-14 2.23 2.26 2.2 2.2
2007-02-28 3.16 3.16 3.02 3.02
2007-03-22 4.92 4.92 4.92 4.92
2007-03-30 4.64 4.65 4.38 4.38
2007-04-06 5.02 5.06 4.85 4.85
2007-05-22 8.68 8.68 8.68 8.68
2007-05-23 9.11 9.11 9.11 9.11
2007-05-30 8.48 8.8 8.48 8.48
2007-05-31 8.06 8.06 8.06 8.06
2007-06-01 7.66 7.99 7.66 7.66
2007-06-04 7.28 7.28 7.28 7.28
2007-06-05 6.92 6.92 6.92 6.92
2007-06-06 6.75 7.27 6.57 6.57
2007-06-13 8.09 8.09 8.08 8.08
2007-06-27 6.68 6.95 6.61 6.61
2007-07-05 5.7 5.7 5.7 5.7
2007-07-06 5.61 5.87 5.42 5.42
2007-08-02 7.3 7.3 7.3 7.3
2007-08-03 7.67 7.67 7.67 7.67
2007-08-24 8.65 8.65 8.65 8.65
2007-11-16 5.77 5.8 5.61 5.61
2008-01-03 7.55 7.64 7.29 7.29
2008-01-11 8.75 8.9 8.5 8.5
2008-02-18 9.08 9.08 8.33 8.33
2008-05-22 9.39 9.88 9.3 9.3
2008-06-26 5.63 5.63 5.63 5.63
2008-09-17 5.88 6.06 5.76 5.76
2009-01-09 5.47 5.55 5.3 5.3
2010-03-26 8.44 8.5 8.29 8.29
2010-07-20 5.93 5.95 5.76 5.76
2010-08-27 6.55 6.59 6.44 6.44
2010-11-01 7.35 7.38 7.2 7.2
2012-02-02 5.01 5.02 4.8 4.8
2012-03-08 5.1 5.12 5.05 5.05
2012-06-28 5.54 5.69 5.09 5.09
2012-12-07 4.59 4.65 4.47 4.47
2012-12-25 4.89 4.93 4.71 4.71
2012-12-28 5.22 5.38 5.06 5.06
2013-03-20 5.43 5.45 5.33 5.33
2013-03-22 5.64 5.85 5.54 5.54
2013-03-27 5.56 5.64 5.52 5.52
2013-06-14 6.48 6.69 6.24 6.24
2013-08-28 6.14 6.17 5.95 5.95
2013-09-03 6.49 6.58 6.36 6.36
2014-02-24 6.71 6.84 6.53 6.53
2014-06-23 5.97 6.0 5.92 5.92
2014-06-26 6.02 6.03 5.95 5.95
2014-06-27 6.04 6.08 5.98 5.98
2014-07-14 6.34 6.4 6.2 6.2
2014-09-26 8.42 8.42 8.42 8.42
2014-09-29 9.26 9.26 9.26 9.26
2014-09-30 10.19 10.19 10.19 10.19
2014-10-08 11.21 11.21 11.21 11.21
2014-10-09 12.33 12.33 12.33 12.33
2015-04-10 18.97 19.56 17.38 17.38
2015-07-14 13.08 13.08 13.08 13.08
2015-11-11 21.31 21.9 19.91 19.91
2015-11-19 19.59 19.66 18.39 18.39
2016-02-16 13.76 13.82 13.2 13.2
2016-03-17 12.17 12.27 11.79 11.79
2016-08-30 13.92 13.95 13.47 13.47
2016-12-21 13.83 13.94 13.64 13.64
2017-01-20 12.82 12.85 12.58 12.58
2017-01-24 13.02 13.15 12.97 12.97
2017-02-21 13.52 13.54 13.25 13.25
2017-08-30 12.97 13.04 12.91 12.91
