2000-07-11 17.81 17.95 17.6 17.6
2000-07-13 18.68 18.88 18.0 18.0
2000-07-19 18.2 18.29 18.06 18.06
2000-09-11 18.78 18.95 18.45 18.45
2000-09-15 18.78 18.84 18.5 18.5
2000-09-22 18.56 18.63 18.21 18.21
2000-09-25 18.95 19.05 18.49 18.49
2000-09-29 19.15 19.28 18.78 18.78
2000-10-09 19.88 19.88 19.15 19.15
2000-11-06 21.83 22.0 21.65 21.65
2001-03-21 19.94 19.98 19.8 19.8
2001-07-13 22.82 23.0 22.73 22.73
2001-07-20 22.52 22.58 22.1 22.1
2001-08-24 19.57 19.8 19.2 19.2
2001-12-03 17.31 17.35 17.1 17.1
2001-12-06 16.92 17.17 16.71 16.71
2001-12-28 16.09 16.18 15.74 15.74
2002-02-07 13.94 13.96 13.5 13.5
2002-03-05 14.24 14.38 13.86 13.86
2002-03-07 14.68 14.7 14.23 14.23
2002-03-08 15.09 15.3 14.8 14.8
2002-04-29 17.48 17.49 16.99 16.99
2002-06-21 15.92 15.97 15.5 15.5
2002-08-06 10.68 10.75 10.5 10.5
2002-08-07 10.63 10.7 10.58 10.58
2002-08-12 10.39 10.45 10.3 10.3
2002-11-28 8.05 8.06 7.72 7.72
2002-12-03 7.84 7.97 7.75 7.75
2003-01-14 8.13 8.21 7.7 7.7
2003-04-18 8.15 8.23 8.11 8.11
2003-06-13 6.76 6.79 6.65 6.65
2003-07-03 6.3 6.4 6.24 6.24
2003-08-06 6.21 6.25 6.08 6.08
2003-08-14 6.16 6.24 6.11 6.11
2003-08-21 6.04 6.05 6.0 6.0
2003-11-10 4.72 4.73 4.62 4.62
2003-11-26 5.49 5.68 5.43 5.43
2004-01-29 5.56 5.56 5.03 5.03
2004-03-22 6.01 6.03 5.9 5.9
2004-03-24 5.98 6.04 5.93 5.93
2004-03-26 6.02 6.06 5.91 5.91
2004-03-31 6.19 6.2 6.0 6.0
2004-07-09 5.19 5.2 5.05 5.05
2004-07-15 4.99 5.18 4.9 4.9
2004-10-26 4.11 4.12 4.02 4.02
2005-02-01 4.04 4.23 4.0 4.0
2005-02-04 4.17 4.21 4.1 4.1
2005-03-28 4.1 4.11 4.03 4.03
2005-04-01 4.07 4.1 3.86 3.86
2005-04-08 4.1 4.1 3.98 3.98
2005-04-20 3.94 4.06 3.9 3.9
2005-05-18 3.68 3.69 3.57 3.57
2005-05-24 3.44 3.48 3.34 3.34
2005-07-14 3.24 3.27 3.13 3.13
2005-09-09 3.61 3.68 3.5 3.5
2005-09-13 3.66 3.66 3.56 3.56
2005-10-17 3.86 3.88 3.8 3.8
2006-12-05 3.87 4.04 3.8 3.8
2007-02-08 5.14 5.18 5.03 5.03
2007-02-28 5.79 5.83 5.34 5.34
2007-03-02 5.8 5.89 5.65 5.65
2007-03-07 6.12 6.13 5.93 5.93
2007-03-15 7.45 7.45 6.78 6.78
2007-03-20 7.79 8.07 7.65 7.65
2007-03-26 8.06 8.08 7.69 7.69
2007-04-20 9.98 10.1 9.41 9.41
2007-04-23 10.39 10.42 10.05 10.05
2007-07-26 11.29 11.49 10.71 10.71
2007-07-30 12.12 12.3 11.4 11.4
2007-08-02 11.71 11.77 11.13 11.13
2007-09-03 12.68 12.79 12.41 12.41
2007-10-22 12.39 12.68 11.9 11.9
2008-01-02 14.78 15.0 14.03 14.03
2008-06-25 5.94 5.96 5.63 5.63
2008-06-26 5.99 6.06 5.82 5.82
2008-07-02 5.43 5.53 5.34 5.34
2008-07-29 7.62 7.83 7.31 7.31
2008-12-03 4.47 4.6 4.38 4.38
2008-12-05 4.44 4.45 4.31 4.31
2008-12-22 4.98 5.13 4.7 4.7
2009-01-14 4.44 4.46 4.27 4.27
2009-01-15 4.52 4.59 4.38 4.38
2009-01-19 4.82 4.85 4.58 4.58
2009-04-23 7.81 7.81 7.1 7.1
2009-08-24 8.61 8.77 8.38 8.38
2010-03-10 17.63 18.0 17.32 17.32
2010-04-08 17.68 17.96 17.41 17.41
2010-04-12 17.92 18.41 17.7 17.7
2010-05-05 16.43 16.45 15.5 15.5
2010-08-02 16.29 16.4 16.0 16.0
2011-03-18 15.41 15.64 15.15 15.15
2011-03-22 17.39 17.39 16.55 16.55
2011-03-23 19.13 19.13 18.0 18.0
2011-07-19 18.46 19.78 18.13 18.13
2012-10-09 8.58 8.74 8.33 8.33
2013-09-30 10.03 10.05 9.77 9.77
2013-10-09 10.18 10.19 10.02 10.02
2013-10-11 10.22 10.26 10.02 10.02
2014-02-10 8.77 8.78 8.56 8.56
2014-02-14 8.95 8.96 8.73 8.73
2014-05-12 8.81 8.86 8.55 8.55
2014-06-24 8.91 8.96 8.6 8.6
2014-06-27 8.88 8.97 8.77 8.77
2014-06-30 9.2 9.41 8.88 8.88
2014-07-07 9.22 9.24 9.04 9.04
2014-07-10 9.24 9.25 9.11 9.11
2014-07-31 9.56 9.61 9.41 9.41
2014-08-04 9.57 9.58 9.41 9.41
2014-08-11 9.77 9.83 9.68 9.68
2014-09-01 10.6 10.64 10.27 10.27
2014-09-04 12.67 12.9 11.7 11.7
2014-09-29 12.87 12.96 12.52 12.52
2014-10-28 12.46 12.67 11.94 11.94
2015-07-13 13.74 13.74 13.74 13.74
2015-09-02 12.83 14.09 12.49 12.49
2015-10-13 16.46 16.76 15.9 15.9
2016-04-12 30.4 30.4 30.4 30.4
2016-04-13 33.44 33.44 33.44 33.44
2016-06-16 17.89 18.09 17.02 17.02
2016-12-06 30.81 30.81 30.81 30.81
2016-12-07 32.1 33.78 29.31 29.31
