2000-06-16 18.16 18.48 17.98 17.98
2000-07-03 17.59 17.79 17.5 17.5
2000-07-11 17.81 17.95 17.6 17.6
2000-07-13 18.68 18.88 18.0 18.0
2000-07-19 18.2 18.29 18.06 18.06
2000-08-02 17.81 17.9 17.6 17.6
2000-08-14 18.5 18.6 18.3 18.3
2000-08-28 19.46 19.5 19.22 19.22
2000-09-07 18.3 18.33 18.05 18.05
2000-09-11 18.78 18.95 18.45 18.45
2000-09-15 18.78 18.84 18.5 18.5
2000-09-22 18.56 18.63 18.21 18.21
2000-09-25 18.95 19.05 18.49 18.49
2000-09-29 19.15 19.28 18.78 18.78
2000-10-09 19.88 19.88 19.15 19.15
2000-10-23 20.95 21.0 20.0 20.0
2000-11-03 21.5 21.6 21.1 21.1
2000-11-06 21.83 22.0 21.65 21.65
2000-12-04 20.82 21.2 20.6 20.6
2001-03-13 19.45 19.65 19.2 19.2
2001-03-21 19.94 19.98 19.8 19.8
2001-05-08 19.98 20.29 19.6 19.6
2001-05-17 20.57 20.75 20.45 20.45
2001-05-29 20.72 20.9 20.6 20.6
2001-06-13 22.43 22.85 21.59 21.59
2001-06-26 23.28 23.8 23.0 23.0
2001-07-10 23.02 23.05 22.58 22.58
2001-07-13 22.82 23.0 22.73 22.73
2001-07-20 22.52 22.58 22.1 22.1
2001-08-09 19.9 19.92 19.53 19.53
2001-08-20 19.9 20.1 19.7 19.7
2001-08-24 19.57 19.8 19.2 19.2
2001-09-18 18.79 19.01 18.5 18.5
2001-10-24 16.98 17.23 16.0 16.0
2001-11-26 16.7 16.7 16.57 16.57
2001-12-03 17.31 17.35 17.1 17.1
2001-12-06 16.92 17.17 16.71 16.71
2001-12-25 15.74 15.78 15.5 15.5
2001-12-28 16.09 16.18 15.74 15.74
2002-01-31 13.69 13.89 12.95 12.95
2002-02-07 13.94 13.96 13.5 13.5
2002-03-04 13.86 13.87 13.5 13.5
2002-03-05 14.24 14.38 13.86 13.86
2002-03-07 14.68 14.7 14.23 14.23
2002-03-08 15.09 15.3 14.8 14.8
2002-03-19 15.37 15.38 14.5 14.5
2002-03-28 15.34 15.57 15.15 15.15
2002-04-09 17.33 17.5 16.84 16.84
2002-04-26 17.0 17.08 16.66 16.66
2002-04-29 17.48 17.49 16.99 16.99
2002-05-31 15.8 15.85 15.69 15.69
2002-06-20 15.44 15.61 15.26 15.26
2002-06-21 15.92 15.97 15.5 15.5
2002-07-16 16.36 16.54 16.26 16.26
2002-08-02 10.69 10.72 10.37 10.37
2002-08-06 10.68 10.75 10.5 10.5
2002-08-07 10.63 10.7 10.58 10.58
2002-08-12 10.39 10.45 10.3 10.3
2002-08-23 10.57 10.66 10.5 10.5
2002-09-09 10.04 10.1 10.0 10.0
2002-10-16 9.06 9.16 8.9 8.9
2002-10-29 8.85 8.95 8.03 8.03
2002-11-12 8.28 8.6 8.16 8.16
2002-11-22 7.88 8.16 7.75 7.75
2002-11-28 8.05 8.06 7.72 7.72
2002-12-03 7.84 7.97 7.75 7.75
2002-12-16 8.24 8.35 8.08 8.08
2003-01-06 7.64 7.78 7.25 7.25
2003-01-14 8.13 8.21 7.7 7.7
2003-02-25 8.41 8.41 8.26 8.26
2003-04-14 8.38 8.48 8.14 8.14
2003-04-18 8.15 8.23 8.11 8.11
2003-05-14 6.4 6.54 6.17 6.17
2003-05-28 6.8 6.89 6.7 6.7
2003-06-10 6.6 6.65 6.55 6.55
2003-06-13 6.76 6.79 6.65 6.65
2003-06-30 6.23 6.35 6.21 6.21
2003-07-03 6.3 6.4 6.24 6.24
2003-07-29 6.16 6.22 6.11 6.11
2003-08-06 6.21 6.25 6.08 6.08
2003-08-14 6.16 6.24 6.11 6.11
2003-08-21 6.04 6.05 6.0 6.0
2003-09-08 5.89 6.17 5.77 5.77
2003-11-04 5.11 5.21 5.06 5.06
2003-11-10 4.72 4.73 4.62 4.62
2003-11-20 4.96 4.98 4.71 4.71
2003-11-26 5.49 5.68 5.43 5.43
2003-12-05 5.45 5.51 5.35 5.35
2004-01-07 4.9 4.91 4.8 4.8
2004-01-16 5.05 5.05 4.98 4.98
2004-01-29 5.56 5.56 5.03 5.03
2004-02-12 5.99 6.07 5.83 5.83
2004-03-15 5.97 6.08 5.9 5.9
2004-03-22 6.01 6.03 5.9 5.9
2004-03-24 5.98 6.04 5.93 5.93
2004-03-26 6.02 6.06 5.91 5.91
2004-03-31 6.19 6.2 6.0 6.0
2004-04-13 6.21 6.3 6.06 6.06
2004-06-04 6.09 6.23 6.05 6.05
2004-06-15 5.65 5.67 5.48 5.48
2004-07-01 5.19 5.23 5.06 5.06
2004-07-09 5.19 5.2 5.05 5.05
2004-07-15 4.99 5.18 4.9 4.9
2004-07-27 4.41 4.58 4.25 4.25
2004-08-05 4.43 4.52 4.4 4.4
2004-08-31 4.15 4.2 4.1 4.1
2004-09-14 4.25 4.28 4.1 4.1
2004-10-22 4.12 4.13 4.0 4.0
2004-10-26 4.11 4.12 4.02 4.02
2004-11-08 4.19 4.24 4.13 4.13
2004-12-03 4.48 4.53 4.45 4.45
2004-12-16 4.31 4.32 4.19 4.19
2005-01-17 4.15 4.22 4.11 4.11
2005-01-28 4.27 4.28 4.19 4.19
2005-02-01 4.04 4.23 4.0 4.0
2005-02-04 4.17 4.21 4.1 4.1
2005-02-24 4.46 4.59 4.3 4.3
2005-03-24 4.11 4.12 4.01 4.01
2005-03-28 4.1 4.11 4.03 4.03
2005-04-01 4.07 4.1 3.86 3.86
2005-04-08 4.1 4.1 3.98 3.98
2005-04-19 3.91 3.93 3.9 3.9
2005-04-20 3.94 4.06 3.9 3.9
2005-05-17 3.58 3.63 3.54 3.54
2005-05-18 3.68 3.69 3.57 3.57
2005-05-24 3.44 3.48 3.34 3.34
2005-06-08 3.66 3.73 3.44 3.44
2005-06-27 3.52 3.56 3.47 3.47
2005-07-11 3.03 3.06 2.98 2.98
2005-07-14 3.24 3.27 3.13 3.13
2005-07-26 2.98 2.99 2.91 2.91
2005-08-04 3.43 3.48 3.3 3.3
2005-09-07 3.52 3.54 3.42 3.42
2005-09-09 3.61 3.68 3.5 3.5
2005-09-13 3.66 3.66 3.56 3.56
2005-10-13 3.86 3.92 3.71 3.71
2005-10-17 3.86 3.88 3.8 3.8
2006-10-24 4.02 4.04 3.78 3.78
2006-11-30 3.68 3.7 3.61 3.61
2006-12-05 3.87 4.04 3.8 3.8
2006-12-14 3.67 3.69 3.62 3.62
2007-01-22 5.06 5.14 4.72 4.72
2007-02-05 4.86 4.89 4.76 4.76
2007-02-08 5.14 5.18 5.03 5.03
2007-02-26 6.11 6.13 5.82 5.82
2007-02-28 5.79 5.83 5.34 5.34
2007-03-02 5.8 5.89 5.65 5.65
2007-03-07 6.12 6.13 5.93 5.93
2007-03-15 7.45 7.45 6.78 6.78
2007-03-20 7.79 8.07 7.65 7.65
2007-03-26 8.06 8.08 7.69 7.69
2007-04-12 9.06 9.24 8.85 8.85
2007-04-20 9.98 10.1 9.41 9.41
2007-04-23 10.39 10.42 10.05 10.05
2007-07-23 10.41 10.5 9.96 9.96
2007-07-26 11.29 11.49 10.71 10.71
2007-07-30 12.12 12.3 11.4 11.4
2007-08-02 11.71 11.77 11.13 11.13
2007-08-30 12.29 12.36 11.84 11.84
2007-09-03 12.68 12.79 12.41 12.41
2007-10-16 12.0 12.39 11.61 11.61
2007-10-22 12.39 12.68 11.9 11.9
2007-11-09 10.49 10.68 10.36 10.36
2007-12-28 13.8 13.98 13.5 13.5
2008-01-02 14.78 15.0 14.03 14.03
2008-01-15 15.09 15.19 14.46 14.46
2008-02-04 12.75 12.75 11.9 11.9
2008-06-23 5.43 5.55 5.2 5.2
2008-06-25 5.94 5.96 5.63 5.63
2008-06-26 5.99 6.06 5.82 5.82
2008-07-02 5.43 5.53 5.34 5.34
2008-07-21 7.65 7.65 7.11 7.11
2008-07-29 7.62 7.83 7.31 7.31
2008-08-20 4.93 4.95 4.33 4.33
2008-09-09 4.17 4.2 4.04 4.04
2008-10-07 3.73 3.78 3.62 3.62
2008-12-01 4.12 4.14 3.9 3.9
2008-12-03 4.47 4.6 4.38 4.38
2008-12-05 4.44 4.45 4.31 4.31
2008-12-19 4.78 4.81 4.4 4.4
2008-12-22 4.98 5.13 4.7 4.7
2009-01-06 4.41 4.45 4.19 4.19
2009-01-14 4.44 4.46 4.27 4.27
2009-01-15 4.52 4.59 4.38 4.38
2009-01-19 4.82 4.85 4.58 4.58
2009-02-06 5.27 5.34 4.92 4.92
2009-04-01 6.34 6.45 6.22 6.22
2009-04-21 7.36 7.48 6.96 6.96
2009-04-23 7.81 7.81 7.1 7.1
2009-05-15 8.02 8.18 7.89 7.89
2009-06-26 8.74 8.83 8.64 8.64
2009-08-20 7.8 7.89 7.43 7.43
2009-08-24 8.61 8.77 8.38 8.38
2009-09-15 12.13 12.13 12.13 12.13
2009-12-24 16.13 16.29 15.32 15.32
2010-03-08 17.0 17.19 16.81 16.81
2010-03-10 17.63 18.0 17.32 17.32
2010-04-01 16.9 16.94 16.5 16.5
2010-04-08 17.68 17.96 17.41 17.41
2010-04-12 17.92 18.41 17.7 17.7
2010-04-29 18.11 18.79 17.81 17.81
2010-05-05 16.43 16.45 15.5 15.5
2010-05-24 13.43 13.5 12.66 12.66
2010-07-01 12.79 13.33 12.33 12.33
2010-07-26 16.27 16.35 15.88 15.88
2010-08-02 16.29 16.4 16.0 16.0
2010-08-13 16.63 16.7 16.02 16.02
2010-09-13 18.25 18.65 17.33 17.33
2010-10-08 16.84 16.98 16.6 16.6
2010-11-01 16.92 17.23 16.0 16.0
2010-12-24 15.01 15.06 14.54 14.54
2011-01-10 14.42 14.66 14.3 14.3
2011-01-31 14.0 14.09 13.4 13.4
2011-03-14 15.18 15.27 14.72 14.72
2011-03-18 15.41 15.64 15.15 15.15
2011-03-22 17.39 17.39 16.55 16.55
2011-03-23 19.13 19.13 18.0 18.0
2011-05-18 15.0 15.05 14.71 14.71
2011-06-14 16.53 17.35 16.28 16.28
2011-07-18 18.48 18.5 17.6 17.6
2011-07-19 18.46 19.78 18.13 18.13
2011-10-25 12.41 12.88 12.16 12.16
2012-03-02 11.42 11.6 11.0 11.0
2012-06-13 11.6 11.9 11.25 11.25
2012-07-20 11.29 11.43 11.14 11.14
2012-09-06 9.09 9.1 8.95 8.95
2012-09-19 9.06 9.08 8.97 8.97
2012-09-28 8.29 8.35 8.16 8.16
2012-10-09 8.58 8.74 8.33 8.33
2012-11-12 8.32 8.38 8.19 8.19
2012-12-07 7.54 7.58 7.36 7.36
2012-12-24 7.99 8.07 7.82 7.82
2013-03-05 9.04 9.08 8.76 8.76
2013-03-25 10.0 10.0 9.49 9.49
2013-06-27 8.92 9.47 8.82 8.82
2013-07-10 8.77 8.78 8.43 8.43
2013-08-07 9.57 9.97 9.5 9.5
2013-08-27 10.44 10.44 9.7 9.7
2013-09-18 9.84 9.85 9.64 9.64
2013-09-30 10.03 10.05 9.77 9.77
2013-10-09 10.18 10.19 10.02 10.02
2013-10-11 10.22 10.26 10.02 10.02
2014-01-21 8.27 8.31 8.16 8.16
2014-01-30 8.65 8.67 8.55 8.55
2014-02-10 8.77 8.78 8.56 8.56
2014-02-14 8.95 8.96 8.73 8.73
2014-03-11 8.57 8.63 8.41 8.41
2014-04-30 8.46 8.5 8.3 8.3
2014-05-12 8.81 8.86 8.55 8.55
2014-06-23 8.64 8.65 8.55 8.55
2014-06-24 8.91 8.96 8.6 8.6
2014-06-27 8.88 8.97 8.77 8.77
2014-06-30 9.2 9.41 8.88 8.88
2014-07-07 9.22 9.24 9.04 9.04
2014-07-10 9.24 9.25 9.11 9.11
2014-07-28 9.41 9.47 9.33 9.33
2014-07-31 9.56 9.61 9.41 9.41
2014-08-04 9.57 9.58 9.41 9.41
2014-08-11 9.77 9.83 9.68 9.68
2014-08-28 10.21 10.27 10.02 10.02
2014-09-01 10.6 10.64 10.27 10.27
2014-09-04 12.67 12.9 11.7 11.7
2014-09-23 12.18 12.2 11.75 11.75
2014-09-29 12.87 12.96 12.52 12.52
2014-10-27 11.99 12.0 11.8 11.8
2014-10-28 12.46 12.67 11.94 11.94
2014-11-20 13.41 13.44 13.01 13.01
2015-01-20 11.41 11.43 11.1 11.1
2015-03-04 13.08 13.15 12.6 12.6
2015-06-15 27.56 28.91 27.28 27.28
2015-07-10 12.49 12.49 12.19 12.19
2015-07-13 13.74 13.74 13.74 13.74
2015-08-28 15.58 15.63 14.6 14.6
2015-09-02 12.83 14.09 12.49 12.49
2015-09-16 14.86 14.86 13.55 13.55
2015-10-12 16.18 16.35 15.61 15.61
2015-10-13 16.46 16.76 15.9 15.9
2015-11-20 21.87 22.18 20.76 20.76
2015-12-03 20.67 20.89 19.6 19.6
2016-04-11 27.64 27.64 27.64 27.64
2016-04-12 30.4 30.4 30.4 30.4
2016-04-13 33.44 33.44 33.44 33.44
2016-05-19 15.13 15.54 15.0 15.0
2016-06-01 17.78 17.87 17.1 17.1
2016-06-15 17.15 17.32 16.34 16.34
2016-06-16 17.89 18.09 17.02 17.02
2016-06-28 17.86 18.16 17.61 17.61
2016-08-15 20.35 20.4 19.85 19.85
2016-08-26 23.72 23.98 22.4 22.4
2016-09-19 23.68 24.4 23.05 23.05
2016-10-10 31.25 31.25 28.65 28.65
2016-12-05 34.23 34.23 34.23 34.23
2016-12-06 30.81 30.81 30.81 30.81
2016-12-07 32.1 33.78 29.31 29.31
2017-01-03 25.99 26.49 25.69 25.69
2017-02-22 25.01 25.46 24.5 24.5
2017-03-06 25.41 25.77 25.0 25.0
2017-03-16 24.92 25.19 24.74 24.74
2017-04-25 20.4 20.85 20.3 20.3
2017-05-31 19.87 20.2 19.8 19.8
2017-06-19 20.13 20.37 19.76 19.76
2017-07-20 18.38 18.65 18.32 18.32
2017-08-03 18.11 18.16 18.01 18.01
