1993-11-12 9.27 9.3 9.15 9.15
1993-12-17 11.84 12.1 11.7 11.7
1994-01-12 10.0 10.21 10.0 10.0
1994-01-13 10.2 10.28 10.05 10.05
1994-02-04 9.48 9.49 8.9 8.9
1994-03-03 9.75 9.95 9.4 9.4
1994-03-07 9.45 9.46 9.45 9.45
1994-04-19 9.06 9.68 8.5 8.5
1994-05-09 8.8 9.18 8.7 8.7
1994-05-10 9.28 9.3 8.84 8.84
1994-05-31 5.79 5.88 5.45 5.45
1994-06-15 4.83 4.86 4.78 4.78
1994-07-12 4.12 4.17 4.1 4.1
1994-08-03 5.12 5.38 4.22 4.22
1994-10-12 5.08 5.13 4.7 4.7
1994-10-24 5.52 5.59 5.13 5.13
1994-11-07 5.08 5.15 4.8 4.8
1994-11-21 5.23 5.25 5.1 5.1
1994-12-14 4.57 4.65 4.54 4.54
1995-01-06 4.4 4.44 4.3 4.3
1995-01-25 3.83 3.9 3.72 3.72
1995-01-27 3.93 3.94 3.83 3.83
1995-02-07 3.76 3.78 3.7 3.7
1995-02-09 3.9 3.9 3.8 3.8
1995-02-13 3.8 3.82 3.75 3.75
1995-02-15 3.81 3.82 3.8 3.8
1995-02-17 3.75 3.76 3.71 3.71
1995-02-22 4.07 4.08 3.74 3.74
1995-03-06 4.05 4.06 3.85 3.85
1995-03-14 3.85 3.9 3.82 3.82
1995-03-17 3.9 3.91 3.76 3.76
1995-03-22 4.03 4.05 3.9 3.9
1995-03-27 4.21 4.26 4.15 4.15
1995-04-18 3.94 3.95 3.9 3.9
1995-04-20 4.08 4.1 4.0 4.0
1995-05-05 3.6 3.65 3.55 3.55
1995-05-12 3.65 3.68 3.55 3.55
1995-05-17 3.62 3.64 3.6 3.6
1995-05-22 6.31 6.7 5.65 5.65
1995-06-02 4.65 4.66 4.51 4.51
1995-06-13 4.7 4.77 4.6 4.6
1995-06-20 3.89 3.97 3.8 3.8
1995-06-23 4.07 4.07 3.9 3.9
1995-07-17 4.38 4.47 4.18 4.18
1995-09-26 5.08 5.14 5.02 5.02
1995-10-05 5.53 5.65 5.42 5.42
1995-10-10 5.4 5.64 5.1 5.1
1995-10-12 6.05 6.39 6.0 6.0
1995-10-24 6.25 6.25 6.01 6.01
1995-12-05 4.55 4.58 4.53 4.53
1995-12-08 4.59 4.74 4.49 4.49
1995-12-20 4.19 4.19 4.01 4.01
1995-12-22 4.21 4.3 4.08 4.08
1995-12-27 4.21 4.27 4.1 4.1
1996-01-15 4.2 4.24 4.08 4.08
1996-01-26 3.82 3.85 3.7 3.7
1996-01-29 3.88 3.88 3.82 3.82
1996-02-01 4.11 4.21 4.05 4.05
1996-02-07 3.81 3.85 3.74 3.74
1996-02-09 3.81 3.81 3.76 3.76
1996-02-12 3.8 3.8 3.78 3.78
1996-02-16 3.94 3.96 3.85 3.85
1996-03-13 4.03 4.06 3.99 3.99
1996-03-18 4.05 4.05 4.0 4.0
1996-03-20 4.04 4.05 4.02 4.02
1996-03-21 4.05 4.09 4.04 4.04
1996-03-28 3.91 4.0 3.88 3.88
1996-03-29 3.98 3.99 3.88 3.88
1996-04-05 4.03 4.03 3.9 3.9
1996-04-16 4.07 4.08 4.02 4.02
1996-04-24 4.65 4.68 4.35 4.35
1996-04-26 4.8 4.98 4.44 4.44
1996-05-06 4.38 4.41 4.25 4.25
1996-05-13 4.34 4.34 4.25 4.25
1996-05-15 4.34 4.34 4.25 4.25
1996-05-17 4.46 4.5 4.3 4.3
1996-05-22 4.15 4.18 4.01 4.01
1996-05-29 3.97 4.0 3.95 3.95
1996-05-31 3.86 4.0 3.81 3.81
1996-06-20 4.06 4.1 4.02 4.02
1996-06-25 3.9 3.98 3.8 3.8
1996-06-26 4.07 4.1 3.95 3.95
1996-07-02 3.75 3.8 3.72 3.72
1996-07-03 3.76 3.8 3.73 3.73
1996-07-10 3.65 3.72 3.55 3.55
1996-07-16 3.83 3.85 3.65 3.65
1996-08-21 4.2 4.26 4.1 4.1
1996-08-30 4.1 4.12 3.91 3.91
1996-09-03 4.2 4.48 4.18 4.18
1996-09-13 3.98 3.98 3.87 3.87
1996-10-11 4.8 4.85 4.59 4.59
1996-10-17 5.18 5.18 4.5 4.5
1996-10-21 5.79 5.84 5.45 5.45
1996-10-28 6.0 6.05 5.7 5.7
1996-12-02 7.12 7.2 6.4 6.4
1996-12-05 8.45 9.0 8.12 8.12
1996-12-16 6.06 6.06 6.06 6.06
1996-12-17 5.45 5.45 5.45 5.45
1996-12-18 5.68 5.98 4.91 4.91
1997-01-09 4.77 4.85 4.62 4.62
1997-01-15 4.88 4.89 4.78 4.78
1997-01-22 4.92 4.96 4.85 4.85
1997-01-24 5.16 5.18 4.92 4.92
1997-02-19 5.13 5.14 4.8 4.8
1997-02-20 5.3 5.46 4.62 4.62
1997-02-26 5.69 5.74 5.55 5.55
1997-02-27 5.7 5.86 5.6 5.6
1997-03-06 6.43 6.49 6.05 6.05
1997-03-21 6.4 6.46 6.2 6.2
1997-03-26 6.57 6.7 6.4 6.4
1997-04-21 8.81 8.85 8.42 8.42
1997-05-16 7.56 8.17 7.56 7.56
1997-05-22 6.66 6.99 6.66 6.66
1997-05-27 6.58 6.64 6.35 6.35
1997-06-18 8.2 8.47 8.08 8.08
1997-06-26 8.25 8.5 8.25 8.25
1997-08-04 9.3 9.48 9.13 9.13
1997-08-14 9.56 9.59 8.9 8.9
1997-09-18 8.45 8.6 8.3 8.3
1997-09-19 8.71 8.96 8.42 8.42
1997-10-06 7.64 7.78 7.5 7.5
1997-10-08 8.13 8.2 7.9 7.9
1997-11-03 8.23 8.23 8.1 8.1
1997-11-14 8.5 8.78 8.25 8.25
1997-12-31 9.33 9.48 9.24 9.24
1998-01-14 10.16 10.35 9.83 9.83
1998-01-21 11.21 11.5 11.1 11.1
1998-01-23 11.09 11.35 10.2 10.2
1998-02-18 11.0 11.18 10.94 10.94
1998-02-20 11.2 11.34 10.9 10.9
1998-02-26 11.4 11.53 11.1 11.1
1998-03-18 11.47 11.65 11.28 11.28
1998-04-08 12.76 12.76 11.65 11.65
1998-04-23 12.9 13.18 12.56 12.56
1998-04-29 12.58 12.86 12.2 12.2
1998-07-17 10.2 10.34 10.0 10.0
1998-07-21 10.45 10.5 10.02 10.02
1998-08-19 9.37 9.44 9.0 9.0
1998-08-21 9.78 9.93 9.3 9.3
1998-09-01 9.49 9.72 9.34 9.34
1998-09-04 9.85 9.95 9.75 9.75
1998-09-09 9.75 9.8 9.51 9.51
1998-09-28 11.0 11.33 10.86 10.86
1998-10-05 11.23 11.3 11.0 11.0
1998-10-12 11.77 11.8 11.12 11.12
1998-11-03 10.78 10.8 10.45 10.45
1998-11-26 10.08 10.25 10.01 10.01
1998-12-14 9.14 9.42 9.1 9.1
1999-01-29 8.5 8.5 8.3 8.3
1999-02-09 8.15 8.45 7.72 7.72
1999-03-02 8.94 8.94 8.17 8.17
1999-04-01 10.29 10.32 9.85 9.85
1999-04-06 10.28 10.49 10.04 10.04
1999-05-11 8.9 9.05 8.8 8.8
1999-06-01 10.12 10.12 9.23 9.23
1999-06-11 9.68 9.95 9.46 9.46
1999-06-16 9.9 10.0 9.57 9.57
1999-06-17 10.89 10.89 9.99 9.99
1999-07-13 10.28 10.55 10.1 10.1
1999-07-23 11.21 11.45 11.0 11.0
1999-08-19 13.76 13.76 12.55 12.55
1999-09-06 12.7 12.99 12.48 12.48
1999-09-07 13.1 13.2 12.65 12.65
1999-09-08 13.56 13.67 13.1 13.1
1999-09-24 13.33 13.38 13.08 13.08
1999-10-12 13.11 13.18 12.9 12.9
1999-10-26 13.59 13.64 12.95 12.95
1999-10-27 13.9 13.96 13.6 13.6
1999-11-24 12.1 12.33 11.73 11.73
2000-01-04 11.0 11.11 10.25 10.25
2000-01-27 24.1 24.97 22.99 22.99
2000-02-14 26.39 26.39 24.7 24.7
2000-02-15 29.03 29.03 29.03 29.03
2000-02-24 28.3 28.9 26.6 26.6
2000-02-28 31.3 31.35 28.5 28.5
2000-03-08 32.24 32.25 29.0 29.0
2000-04-20 24.49 25.0 22.8 22.8
2000-05-16 22.46 22.54 21.0 21.0
2000-05-24 25.19 25.74 23.4 23.4
2000-06-21 14.4 14.62 13.96 13.96
2000-07-25 14.33 14.45 14.28 14.28
2000-07-27 16.21 16.58 15.1 15.1
2001-01-02 12.5 12.55 12.25 12.25
2001-01-17 11.98 12.09 11.97 11.97
2001-02-09 11.78 11.9 11.4 11.4
2001-02-14 11.9 11.91 11.77 11.77
2001-02-15 11.9 12.05 11.85 11.85
2001-02-22 11.57 11.8 11.4 11.4
2001-03-02 11.6 11.68 11.48 11.48
2001-03-07 11.8 11.81 11.65 11.65
2001-03-14 11.92 11.96 11.6 11.6
2001-03-26 12.1 12.14 11.96 11.96
2001-03-28 12.61 12.86 12.5 12.5
2001-04-16 12.65 12.72 12.35 12.35
2001-04-23 12.79 12.88 12.45 12.45
2001-05-30 12.7 12.75 12.5 12.5
2001-06-15 12.3 12.43 12.25 12.25
2001-07-09 12.58 12.65 12.49 12.49
2001-07-26 12.07 12.11 12.0 12.0
2001-08-01 10.9 10.9 10.61 10.61
2001-08-08 10.1 10.16 10.02 10.02
2001-08-21 10.13 10.28 10.1 10.1
2001-09-04 10.28 10.3 9.72 9.72
2001-09-20 10.75 11.15 10.3 10.3
2001-10-29 9.05 9.05 8.92 8.92
2001-11-27 10.14 10.17 10.0 10.0
2001-12-18 9.37 9.37 9.2 9.2
2002-01-31 7.66 7.75 7.2 7.2
2002-03-01 7.9 8.02 7.61 7.61
2002-04-04 8.33 8.37 8.01 8.01
2002-04-12 8.39 8.54 8.36 8.36
2002-04-16 8.31 8.48 8.25 8.25
2002-04-26 8.3 8.32 8.1 8.1
2002-04-29 8.5 8.55 8.3 8.3
2002-04-30 8.43 8.55 8.21 8.21
2002-05-13 9.27 9.65 8.88 8.88
2002-05-15 9.76 9.95 9.11 9.11
2002-06-11 9.86 10.05 9.75 9.75
2002-06-21 9.99 10.14 9.66 9.66
2002-07-02 10.24 10.29 9.99 9.99
2002-08-05 10.33 10.39 10.24 10.24
2002-08-07 10.42 10.58 10.3 10.3
2002-08-20 9.75 9.8 9.55 9.55
2002-08-22 9.89 10.04 9.8 9.8
2002-09-24 8.91 8.94 8.8 8.8
2002-10-15 8.71 8.88 8.68 8.68
2002-10-22 8.98 9.16 8.68 8.68
2002-10-28 8.47 8.78 8.41 8.41
2002-10-31 8.55 8.64 8.49 8.49
2002-11-04 8.84 8.87 8.4 8.4
2002-12-03 7.09 7.12 6.94 6.94
2003-01-14 8.56 8.6 8.2 8.2
2003-02-11 9.13 9.2 8.88 8.88
2003-02-18 9.3 9.53 9.1 9.1
2003-02-25 9.18 9.25 8.85 8.85
2003-03-18 8.35 8.8 8.25 8.25
2003-03-21 8.44 8.55 8.31 8.31
2003-04-08 9.3 9.33 8.91 8.91
2003-04-17 9.35 9.49 9.0 9.0
2003-06-10 6.91 6.92 6.8 6.8
2003-06-11 7.1 7.1 6.9 6.9
2003-06-12 7.18 7.2 7.1 7.1
2003-06-30 6.8 6.91 6.76 6.76
2003-07-03 6.7 6.77 6.68 6.68
2003-07-08 6.72 6.8 6.6 6.6
2003-08-18 6.72 6.8 6.7 6.7
2003-08-19 6.76 6.79 6.73 6.73
2003-08-22 6.58 6.68 6.56 6.56
2003-08-27 6.58 6.68 6.48 6.48
2003-09-11 5.71 5.79 5.7 5.7
2003-09-26 4.68 5.0 4.68 4.68
2003-10-17 4.45 4.52 4.42 4.42
2003-11-04 4.08 4.15 3.95 3.95
2003-12-01 4.5 4.53 4.3 4.3
2004-01-13 4.28 4.32 3.95 3.95
2004-02-02 5.02 5.02 4.61 4.61
2004-03-10 5.13 5.13 4.98 4.98
2004-03-18 5.22 5.43 5.15 5.15
2004-03-19 5.32 5.4 5.2 5.2
2004-03-22 5.52 5.55 5.35 5.35
2004-03-30 5.22 5.23 5.12 5.12
2004-04-12 5.28 5.3 5.13 5.13
2004-04-21 4.33 4.43 4.29 4.29
2006-10-31 1.92 1.92 1.82 1.82
2006-11-03 1.93 1.96 1.85 1.85
2006-12-28 1.65 1.72 1.64 1.64
2007-02-08 1.69 1.69 1.69 1.69
2007-02-09 1.77 1.77 1.77 1.77
2007-02-12 1.86 1.86 1.86 1.86
2007-02-13 1.95 1.95 1.95 1.95
2007-02-14 2.05 2.05 2.05 2.05
2007-02-15 2.15 2.15 2.15 2.15
2007-02-16 2.26 2.26 2.26 2.26
2007-02-28 2.6 2.6 2.48 2.48
2007-03-01 2.73 2.73 2.73 2.73
2007-03-02 2.87 2.87 2.87 2.87
2007-03-05 3.01 3.01 3.01 3.01
2007-03-08 3.15 3.15 2.85 2.85
2007-03-20 4.39 4.39 4.39 4.39
2007-03-21 4.61 4.61 4.61 4.61
2007-03-22 4.84 4.84 4.84 4.84
2007-03-30 4.28 4.42 4.09 4.09
2007-04-11 4.87 4.87 4.74 4.74
2007-04-26 6.45 6.46 6.15 6.15
2007-05-08 6.2 6.39 5.93 5.93
2007-05-22 8.66 8.66 8.66 8.66
2007-05-30 8.44 8.75 8.44 8.44
2007-05-31 8.02 8.02 8.02 8.02
2007-06-01 7.62 7.62 7.62 7.62
2007-06-04 7.24 7.24 7.24 7.24
2007-06-05 6.88 6.88 6.88 6.88
2007-06-06 6.54 6.96 6.54 6.54
2007-06-07 6.36 6.43 6.21 6.21
2007-06-26 4.65 4.65 4.65 4.65
2007-06-29 4.51 4.75 4.51 4.51
2007-08-06 5.09 5.09 4.96 4.96
2007-08-14 5.64 5.64 5.29 5.29
2007-08-30 6.31 6.44 6.05 6.05
2007-08-31 6.58 6.63 6.35 6.35
2007-09-05 6.83 6.83 6.41 6.41
2007-09-20 6.97 6.97 6.65 6.65
2007-09-26 7.17 7.38 7.05 7.05
2007-10-26 5.05 5.23 5.05 5.05
2007-11-09 5.23 5.45 5.14 5.14
2007-12-28 6.49 6.59 6.32 6.32
2008-01-15 7.39 7.49 7.13 7.13
2008-01-23 6.19 6.35 6.05 6.05
2008-01-29 5.87 5.87 5.55 5.55
2008-03-18 5.35 5.44 5.35 5.35
2008-03-20 5.21 5.3 4.95 4.95
2011-09-13 5.94 6.08 5.94 5.94
2011-09-22 6.73 6.73 6.3 6.3
2011-09-26 6.49 6.67 6.49 6.49
2011-09-29 5.59 5.69 5.59 5.59
2011-11-15 5.52 5.54 5.22 5.22
2012-01-17 3.38 3.38 3.17 3.17
2012-01-31 3.65 3.65 3.48 3.48
2012-02-09 3.95 4.01 3.92 3.92
2012-02-10 4.01 4.13 3.91 3.91
2012-02-14 4.22 4.22 4.0 4.0
2012-03-02 4.28 4.28 4.15 4.15
2012-04-05 3.74 3.76 3.64 3.64
2012-04-16 4.06 4.07 3.94 3.94
2012-04-18 4.03 4.05 3.94 3.94
2012-05-22 3.8 3.82 3.77 3.77
2012-05-29 3.72 3.73 3.62 3.62
2012-06-01 3.79 3.82 3.71 3.71
2012-06-05 3.68 3.73 3.65 3.65
2012-07-23 3.53 3.57 3.5 3.5
2012-07-24 3.54 3.55 3.46 3.46
2012-07-30 3.19 3.19 3.19 3.19
2012-07-31 3.03 3.03 3.03 3.03
2012-08-01 2.88 2.96 2.88 2.88
2012-08-06 3.08 3.08 2.89 2.89
2012-08-08 3.15 3.18 3.1 3.1
2012-08-16 3.04 3.08 3.02 3.02
2012-08-21 3.39 3.39 3.39 3.39
2012-08-22 3.56 3.56 3.56 3.56
2012-08-23 3.74 3.74 3.74 3.74
2012-08-24 3.55 3.74 3.55 3.55
2012-09-10 3.64 3.67 3.53 3.53
2012-09-12 3.75 3.79 3.7 3.7
2012-11-01 3.77 3.78 3.64 3.64
2012-11-05 3.85 3.93 3.81 3.81
2012-11-20 3.75 3.79 3.73 3.73
2012-12-03 3.31 3.38 3.26 3.26
2012-12-13 3.52 3.58 3.51 3.51
2012-12-21 3.58 3.62 3.52 3.52
2012-12-28 3.99 3.99 3.78 3.78
2013-01-07 4.37 4.37 4.1 4.1
2013-01-11 4.31 4.45 4.25 4.25
2013-01-16 4.65 4.65 4.41 4.41
2013-01-21 4.64 4.77 4.57 4.57
2013-01-22 4.87 4.87 4.69 4.69
2013-01-31 4.91 4.91 4.91 4.91
2013-02-18 4.81 4.84 4.7 4.7
2013-03-05 4.3 4.33 4.2 4.2
2013-03-06 4.52 4.57 4.28 4.28
2013-03-21 4.74 5.0 4.65 4.65
2013-04-09 4.35 4.41 4.25 4.25
2013-04-19 4.38 4.4 4.32 4.32
2013-05-03 4.28 4.3 4.19 4.19
2013-05-28 4.97 5.07 4.9 4.9
2013-07-10 3.82 3.84 3.68 3.68
2013-07-16 3.99 4.03 3.9 3.9
2013-08-01 4.04 4.06 3.83 3.83
2013-08-15 4.35 4.54 4.32 4.32
2013-08-30 4.6 4.64 4.49 4.49
2013-09-16 4.95 5.03 4.73 4.73
2013-09-25 5.29 5.39 5.17 5.17
2013-11-08 4.68 4.73 4.63 4.63
2013-11-15 4.87 4.97 4.85 4.85
2013-11-26 4.88 4.95 4.83 4.83
2013-12-04 4.8 4.86 4.7 4.7
2013-12-06 4.8 4.89 4.73 4.73
2013-12-12 4.71 4.76 4.69 4.69
2014-01-14 3.89 3.9 3.75 3.75
2014-01-17 3.86 3.94 3.86 3.86
2014-01-21 3.92 3.92 3.86 3.86
2014-01-29 4.04 4.04 3.95 3.95
2014-01-30 4.09 4.14 4.0 4.0
2014-02-10 4.22 4.23 4.11 4.11
2014-03-24 4.62 4.75 4.58 4.58
2014-06-27 4.61 4.73 4.6 4.6
2014-07-18 4.94 4.98 4.82 4.82
2014-07-28 4.93 4.97 4.88 4.88
2014-08-29 5.8 5.83 5.7 5.7
2014-09-01 6.05 6.07 5.8 5.8
2014-10-28 7.13 7.19 6.75 6.75
2014-11-17 7.15 7.2 7.03 7.03
2015-01-22 7.76 7.76 7.76 7.76
2015-02-03 7.98 8.04 7.89 7.89
2015-08-10 12.01 12.3 11.62 11.62
2015-08-14 13.98 13.98 12.57 12.57
2015-09-18 10.89 11.0 10.59 10.59
2015-10-09 12.65 12.85 11.85 11.85
2015-10-12 13.49 13.5 12.66 12.66
2015-10-22 12.45 12.96 11.66 11.66
2015-11-04 11.55 11.59 11.15 11.15
2015-12-10 12.83 13.12 12.19 12.19
2015-12-21 13.75 13.91 13.5 13.5
2016-01-12 11.01 11.09 10.61 10.61
2016-01-29 9.98 10.49 9.89 9.89
2016-03-02 11.44 11.63 10.86 10.86
2016-03-28 10.56 10.75 10.49 10.49
2016-04-11 11.5 11.7 11.28 11.28
2016-04-13 11.3 11.48 11.24 11.24
2016-05-10 9.9 10.05 9.5 9.5
2016-05-16 9.88 10.03 9.61 9.61
2016-06-14 9.4 9.42 9.12 9.12
2016-06-24 10.54 10.55 10.0 10.0
2016-07-18 10.78 10.89 10.71 10.71
2016-08-02 11.42 11.5 11.15 11.15
2016-08-29 11.83 11.92 11.62 11.62
2016-10-17 13.16 13.63 13.07 13.07
2016-10-18 13.45 13.64 13.19 13.19
2016-10-19 14.4 14.63 13.43 13.43
2016-10-27 13.4 13.69 13.36 13.36
2016-10-31 14.36 14.97 13.52 13.52
2016-11-03 14.71 15.02 14.54 14.54
2016-11-21 14.94 14.96 14.36 14.36
2016-12-29 15.49 15.6 15.33 15.33
2017-04-27 17.85 18.38 16.83 16.83
2017-06-08 14.11 14.41 13.88 13.88
2017-07-14 14.28 14.4 14.05 14.05
2017-08-04 15.83 16.3 15.59 15.59
2017-08-07 16.42 16.76 15.86 15.86
2017-08-24 16.02 16.38 15.81 15.81
