2002-10-23 14.1 14.17 13.83 13.83
2002-11-18 13.59 13.98 13.43 13.43
2002-12-16 13.5 13.63 13.2 13.2
2002-12-24 14.16 14.19 13.81 13.81
2003-01-07 13.32 13.45 13.29 13.29
2003-01-22 13.72 13.89 13.65 13.65
2003-03-28 13.17 13.32 13.09 13.09
2003-04-18 13.37 13.88 13.33 13.33
2003-04-21 13.62 13.8 13.4 13.4
2003-04-28 14.21 14.6 13.84 13.84
2003-05-21 12.69 12.73 12.65 12.65
2003-05-28 13.33 13.5 13.14 13.14
2003-05-29 13.83 13.95 13.02 13.02
2003-08-27 11.18 11.54 11.1 11.1
2003-09-01 11.35 11.45 10.9 10.9
2003-09-08 11.28 11.36 11.2 11.2
2003-09-10 11.49 11.49 11.22 11.22
2003-09-11 11.42 11.75 11.28 11.28
2004-06-24 6.89 6.95 6.8 6.8
2004-08-10 7.0 7.08 6.95 6.95
2004-08-12 6.95 7.06 6.72 6.72
2004-08-13 7.0 7.06 6.99 6.99
2004-08-20 6.96 7.02 6.76 6.76
2004-08-23 6.95 6.99 6.75 6.75
2004-08-26 7.01 7.02 6.81 6.81
2004-09-01 7.39 7.45 7.24 7.24
2004-09-15 7.39 7.5 7.16 7.16
2004-11-26 6.85 7.4 6.59 6.59
2004-12-01 7.14 7.21 7.0 7.0
2004-12-08 7.09 7.19 6.98 6.98
2004-12-16 7.05 7.17 7.02 7.02
2004-12-21 7.0 7.22 7.0 7.0
2004-12-22 7.07 7.12 7.0 7.0
2005-01-26 6.39 6.51 6.25 6.25
2005-02-21 6.29 6.32 6.14 6.14
2005-02-24 6.89 6.9 6.28 6.28
2005-04-15 5.84 6.15 5.69 5.69
2005-06-21 4.96 5.05 4.87 4.87
2005-09-30 4.01 4.09 4.0 4.0
2005-10-24 4.22 4.28 4.18 4.18
2006-10-24 4.74 4.76 4.63 4.63
2007-02-28 6.9 6.96 6.46 6.46
2007-03-07 7.02 7.08 6.81 6.81
2007-04-20 10.24 10.72 10.07 10.07
2007-06-21 10.38 10.65 10.07 10.07
2007-07-20 8.79 8.82 8.2 8.2
2007-07-23 9.39 9.43 9.01 9.01
2007-07-25 9.53 9.54 9.18 9.18
2007-09-20 11.75 11.88 11.25 11.25
2007-09-21 12.35 12.71 11.8 11.8
2007-10-18 13.75 13.75 12.65 12.65
2007-12-24 15.23 15.88 14.98 14.98
2007-12-28 17.1 17.2 16.46 16.46
2008-01-02 17.67 18.5 17.21 17.21
2008-02-14 15.1 15.37 14.48 14.48
2008-03-11 16.0 16.0 15.5 15.5
2008-07-14 13.95 14.04 13.5 13.5
2008-07-21 14.01 14.05 13.37 13.37
2008-07-24 14.29 14.35 14.02 14.02
2008-10-15 9.96 10.18 9.62 9.62
2009-01-05 13.0 13.1 12.61 12.61
2009-05-04 11.13 11.2 10.81 10.81
2010-01-05 18.02 18.19 17.5 17.5
2010-01-08 17.25 17.3 16.9 16.9
2010-01-14 18.99 19.0 18.3 18.3
2010-09-10 10.17 10.21 9.41 9.41
2010-10-25 10.21 10.3 9.88 9.88
2010-11-08 10.44 10.5 10.17 10.17
2010-11-09 10.99 11.0 10.5 10.5
2010-11-10 12.09 12.09 11.01 11.01
2011-02-01 8.84 8.87 8.67 8.67
2011-06-22 7.08 7.13 6.98 6.98
2011-06-24 7.32 7.36 7.13 7.13
2011-08-23 6.78 6.78 6.66 6.66
2011-10-13 7.16 7.19 6.5 6.5
2011-11-25 6.61 6.73 6.57 6.57
2011-11-28 6.94 6.95 6.63 6.63
2011-11-29 7.12 7.26 6.99 6.99
2012-01-17 6.08 6.1 5.72 5.72
2012-01-19 5.98 6.06 5.86 5.86
2012-03-08 6.79 6.85 6.71 6.71
2012-06-11 6.03 6.04 5.94 5.94
2012-06-13 6.1 6.11 6.0 6.0
2012-06-15 6.17 6.23 6.1 6.1
2012-06-18 6.79 6.79 6.27 6.27
2012-07-20 6.54 6.62 6.51 6.51
2012-08-09 6.7 6.73 6.42 6.42
2012-08-29 6.43 6.47 6.38 6.38
2012-10-09 6.73 6.76 6.6 6.6
2012-12-14 4.88 4.89 4.64 4.64
2013-01-08 5.45 5.48 5.36 5.36
2013-01-15 5.49 5.52 5.34 5.34
2013-05-03 5.57 5.58 5.44 5.44
2013-07-23 6.25 6.26 6.13 6.13
2013-07-24 6.44 6.51 6.22 6.22
2013-07-26 6.43 6.5 6.3 6.3
2013-10-15 6.89 6.93 6.81 6.81
2013-10-21 6.85 6.85 6.73 6.73
2013-11-18 6.22 6.36 6.12 6.12
2013-11-28 6.15 6.18 6.1 6.1
2014-01-30 7.09 7.25 6.92 6.92
2014-04-04 7.66 7.69 7.55 7.55
2014-05-23 8.72 8.8 8.5 8.5
2014-05-26 9.28 9.52 8.7 8.7
2014-05-29 9.48 9.65 9.3 9.3
2014-06-05 9.32 9.33 9.12 9.12
2014-06-11 9.3 9.5 9.19 9.19
2014-07-03 9.65 9.85 9.19 9.19
2014-07-22 9.6 9.61 9.32 9.32
2015-03-24 11.73 11.73 11.73 11.73
2015-07-13 11.75 11.75 11.75 11.75
2015-07-14 12.93 12.93 12.93 12.93
2016-07-01 10.34 10.6 10.15 10.15
2016-07-04 10.41 10.57 10.34 10.34
2016-07-12 11.25 11.45 10.59 10.59
2016-12-07 10.12 10.12 9.99 9.99
2017-03-06 9.23 9.23 9.15 9.15
2017-03-10 9.08 9.11 9.07 9.07
2017-04-11 8.86 8.87 8.72 8.72
2017-04-13 8.9 8.91 8.8 8.8
2017-07-20 7.93 8.04 7.85 7.85
