2002-10-16 13.79 14.18 13.75 13.75
2002-10-23 14.1 14.17 13.83 13.83
2002-11-15 13.43 13.6 13.01 13.01
2002-11-18 13.59 13.98 13.43 13.43
2002-12-12 13.18 13.3 12.8 12.8
2002-12-16 13.5 13.63 13.2 13.2
2002-12-24 14.16 14.19 13.81 13.81
2003-01-06 13.4 13.4 12.99 12.99
2003-01-07 13.32 13.45 13.29 13.29
2003-01-16 14.28 14.45 13.7 13.7
2003-01-22 13.72 13.89 13.65 13.65
2003-02-11 14.1 14.17 13.95 13.95
2003-02-24 13.35 13.43 13.26 13.26
2003-03-11 13.02 13.1 12.93 12.93
2003-03-24 13.13 13.13 13.02 13.02
2003-03-28 13.17 13.32 13.09 13.09
2003-04-14 13.25 13.3 13.1 13.1
2003-04-18 13.37 13.88 13.33 13.33
2003-04-21 13.62 13.8 13.4 13.4
2003-04-28 14.21 14.6 13.84 13.84
2003-05-19 12.75 12.89 12.58 12.58
2003-05-21 12.69 12.73 12.65 12.65
2003-05-28 13.33 13.5 13.14 13.14
2003-05-29 13.83 13.95 13.02 13.02
2003-06-10 13.48 13.51 13.36 13.36
2003-06-25 13.91 13.95 13.49 13.49
2003-07-29 12.66 12.68 12.5 12.5
2003-08-19 11.76 11.87 11.65 11.65
2003-08-27 11.18 11.54 11.1 11.1
2003-09-01 11.35 11.45 10.9 10.9
2003-09-08 11.28 11.36 11.2 11.2
2003-09-10 11.49 11.49 11.22 11.22
2003-09-11 11.42 11.75 11.28 11.28
2003-10-13 10.43 10.48 10.35 10.35
2003-11-24 9.21 9.21 8.41 8.41
2003-12-11 9.17 9.3 9.1 9.1
2004-02-16 11.37 11.49 10.98 10.98
2004-03-11 12.13 12.36 12.04 12.04
2004-04-08 12.74 12.86 12.5 12.5
2004-04-21 12.4 12.56 12.05 12.05
2004-05-19 11.51 11.67 11.22 11.22
2004-05-31 7.32 7.38 7.24 7.24
2004-06-11 6.91 7.14 6.81 6.81
2004-06-22 6.93 6.95 6.74 6.74
2004-06-24 6.89 6.95 6.8 6.8
2004-07-06 6.86 6.95 6.8 6.8
2004-08-03 7.08 7.1 6.95 6.95
2004-08-10 7.0 7.08 6.95 6.95
2004-08-12 6.95 7.06 6.72 6.72
2004-08-13 7.0 7.06 6.99 6.99
2004-08-20 6.96 7.02 6.76 6.76
2004-08-23 6.95 6.99 6.75 6.75
2004-08-26 7.01 7.02 6.81 6.81
2004-09-01 7.39 7.45 7.24 7.24
2004-09-14 7.15 7.35 7.11 7.11
2004-09-15 7.39 7.5 7.16 7.16
2004-11-19 6.54 6.7 6.32 6.32
2004-11-26 6.85 7.4 6.59 6.59
2004-12-01 7.14 7.21 7.0 7.0
2004-12-08 7.09 7.19 6.98 6.98
2004-12-16 7.05 7.17 7.02 7.02
2004-12-21 7.0 7.22 7.0 7.0
2004-12-22 7.07 7.12 7.0 7.0
2005-01-04 6.96 7.05 6.68 6.68
2005-01-20 6.54 6.61 6.41 6.41
2005-01-26 6.39 6.51 6.25 6.25
2005-02-04 6.35 6.38 6.14 6.14
2005-02-21 6.29 6.32 6.14 6.14
2005-02-24 6.89 6.9 6.28 6.28
2005-04-11 5.82 5.85 5.58 5.58
2005-04-15 5.84 6.15 5.69 5.69
2005-06-16 4.88 4.9 4.48 4.48
2005-06-21 4.96 5.05 4.87 4.87
2005-09-29 3.98 4.0 3.82 3.82
2005-09-30 4.01 4.09 4.0 4.0
2005-10-21 4.18 4.24 4.1 4.1
2005-10-24 4.22 4.28 4.18 4.18
2005-11-23 4.54 4.6 4.4 4.4
2005-12-09 4.26 4.29 4.16 4.16
2006-10-09 4.77 4.78 4.64 4.64
2006-10-19 4.95 5.03 4.82 4.82
2006-10-24 4.74 4.76 4.63 4.63
2006-12-11 4.44 4.45 4.33 4.33
2006-12-25 5.1 5.1 5.1 5.1
2007-02-15 6.57 6.75 6.31 6.31
2007-02-28 6.9 6.96 6.46 6.46
2007-03-07 7.02 7.08 6.81 6.81
2007-03-20 7.29 7.37 7.2 7.2
2007-04-13 8.71 8.88 8.48 8.48
2007-04-20 10.24 10.72 10.07 10.07
2007-05-08 11.03 11.17 10.6 10.6
2007-05-23 12.71 12.8 12.2 12.2
2007-06-07 9.84 9.88 8.98 8.98
2007-06-18 10.08 10.25 9.81 9.81
2007-06-21 10.38 10.65 10.07 10.07
2007-07-17 8.2 8.27 7.96 7.96
2007-07-20 8.79 8.82 8.2 8.2
2007-07-23 9.39 9.43 9.01 9.01
2007-07-25 9.53 9.54 9.18 9.18
2007-08-14 10.73 10.78 10.44 10.44
2007-09-18 11.76 11.8 11.4 11.4
2007-09-20 11.75 11.88 11.25 11.25
2007-09-21 12.35 12.71 11.8 11.8
2007-10-15 12.29 12.5 11.8 11.8
2007-10-18 13.75 13.75 12.65 12.65
2007-11-05 11.83 11.98 11.5 11.5
2007-11-27 12.45 12.48 11.81 11.81
2007-12-20 14.7 15.1 14.6 14.6
2007-12-24 15.23 15.88 14.98 14.98
2007-12-28 17.1 17.2 16.46 16.46
2008-01-02 17.67 18.5 17.21 17.21
2008-02-04 14.48 14.49 13.61 13.61
2008-02-14 15.1 15.37 14.48 14.48
2008-03-06 16.97 17.3 16.5 16.5
2008-03-11 16.0 16.0 15.5 15.5
2008-03-24 15.67 16.2 14.98 14.98
2008-05-08 15.85 15.88 15.18 15.18
2008-06-25 13.1 13.16 12.41 12.41
2008-07-07 13.75 13.8 13.31 13.31
2008-07-14 13.95 14.04 13.5 13.5
2008-07-21 14.01 14.05 13.37 13.37
2008-07-24 14.29 14.35 14.02 14.02
2008-10-07 9.95 10.19 9.08 9.08
2008-10-15 9.96 10.18 9.62 9.62
2008-11-20 11.15 11.55 10.51 10.51
2008-12-30 12.35 12.55 12.16 12.16
2009-01-05 13.0 13.1 12.61 12.61
2009-02-13 15.8 15.92 15.24 15.24
2009-04-01 19.74 19.9 18.76 18.76
2009-04-28 11.45 11.49 10.37 10.37
2009-05-04 11.13 11.2 10.81 10.81
2009-05-14 10.77 10.87 10.56 10.56
2009-06-03 10.69 10.78 10.3 10.3
2009-06-19 10.68 10.98 10.57 10.57
2009-07-07 11.02 11.2 10.8 10.8
2009-07-31 12.71 12.86 11.8 11.8
2009-08-18 11.51 11.53 10.8 10.8
2009-08-27 14.29 14.32 13.18 13.18
2009-09-17 13.49 13.64 13.15 13.15
2009-10-09 12.88 12.95 12.5 12.5
2009-10-26 13.65 13.7 13.3 13.3
2009-11-11 18.9 18.9 18.9 18.9
2009-12-30 17.08 17.13 16.54 16.54
2010-01-05 18.02 18.19 17.5 17.5
2010-01-08 17.25 17.3 16.9 16.9
2010-01-14 18.99 19.0 18.3 18.3
2010-01-27 17.82 17.94 16.9 16.9
2010-06-09 10.26 10.29 10.05 10.05
2010-08-16 9.61 9.69 9.26 9.26
2010-08-31 9.42 9.43 9.3 9.3
2010-09-09 9.39 9.58 9.24 9.24
2010-09-10 10.17 10.21 9.41 9.41
2010-10-19 9.62 9.63 9.15 9.15
2010-10-25 10.21 10.3 9.88 9.88
2010-11-04 9.92 9.98 9.76 9.76
2010-11-08 10.44 10.5 10.17 10.17
2010-11-09 10.99 11.0 10.5 10.5
2010-11-10 12.09 12.09 11.01 11.01
2010-11-29 12.33 12.43 11.85 11.85
2010-12-13 10.99 11.0 10.73 10.73
2011-01-26 8.31 8.35 8.21 8.21
2011-02-01 8.84 8.87 8.67 8.67
2011-04-01 8.93 8.93 8.75 8.75
2011-05-03 8.81 8.83 8.72 8.72
2011-06-21 7.0 7.0 6.9 6.9
2011-06-22 7.08 7.13 6.98 6.98
2011-06-24 7.32 7.36 7.13 7.13
2011-07-22 7.61 7.62 7.42 7.42
2011-08-22 6.67 6.76 6.65 6.65
2011-08-23 6.78 6.78 6.66 6.66
2011-10-10 6.28 6.3 6.23 6.23
2011-10-13 7.16 7.19 6.5 6.5
2011-11-17 6.94 7.04 6.91 6.91
2011-11-25 6.61 6.73 6.57 6.57
2011-11-28 6.94 6.95 6.63 6.63
2011-11-29 7.12 7.26 6.99 6.99
2011-12-16 6.75 6.77 6.4 6.4
2012-01-12 6.11 6.17 6.01 6.01
2012-01-17 6.08 6.1 5.72 5.72
2012-01-19 5.98 6.06 5.86 5.86
2012-02-16 6.62 6.86 6.52 6.52
2012-03-02 6.67 6.69 6.6 6.6
2012-03-08 6.79 6.85 6.71 6.71
2012-05-10 6.59 6.66 6.53 6.53
2012-05-22 6.26 6.29 6.2 6.2
2012-06-05 6.05 6.11 5.98 5.98
2012-06-11 6.03 6.04 5.94 5.94
2012-06-13 6.1 6.11 6.0 6.0
2012-06-15 6.17 6.23 6.1 6.1
2012-06-18 6.79 6.79 6.27 6.27
2012-07-16 6.57 6.89 6.55 6.55
2012-07-20 6.54 6.62 6.51 6.51
2012-08-03 6.47 6.5 6.38 6.38
2012-08-09 6.7 6.73 6.42 6.42
2012-08-23 6.66 6.72 6.6 6.6
2012-08-29 6.43 6.47 6.38 6.38
2012-09-27 6.58 6.64 6.39 6.39
2012-10-09 6.73 6.76 6.6 6.6
2012-12-10 4.92 4.97 4.75 4.75
2012-12-14 4.88 4.89 4.64 4.64
2013-01-07 5.37 5.45 5.32 5.32
2013-01-08 5.45 5.48 5.36 5.36
2013-01-15 5.49 5.52 5.34 5.34
2013-01-28 5.35 5.36 5.25 5.25
2013-02-26 5.62 5.73 5.61 5.61
2013-04-24 5.52 5.58 5.43 5.43
2013-05-03 5.57 5.58 5.44 5.44
2013-05-24 6.28 6.28 6.05 6.05
2013-06-14 6.4 6.46 6.28 6.28
2013-07-02 6.46 6.54 6.22 6.22
2013-07-18 6.2 6.27 6.15 6.15
2013-07-23 6.25 6.26 6.13 6.13
2013-07-24 6.44 6.51 6.22 6.22
2013-07-26 6.43 6.5 6.3 6.3
2013-08-09 7.15 7.16 6.84 6.84
2013-09-02 6.44 6.45 6.29 6.29
2013-10-09 6.79 6.96 6.77 6.77
2013-10-15 6.89 6.93 6.81 6.81
2013-10-21 6.85 6.85 6.73 6.73
2013-11-15 6.06 6.09 5.96 5.96
2013-11-18 6.22 6.36 6.12 6.12
2013-11-27 6.09 6.11 6.01 6.01
2013-11-28 6.15 6.18 6.1 6.1
2014-01-07 6.98 7.25 6.45 6.45
2014-01-28 6.83 6.84 6.71 6.71
2014-01-30 7.09 7.25 6.92 6.92
2014-02-19 8.0 8.4 7.7 7.7
2014-03-17 8.07 8.13 7.79 7.79
2014-04-01 7.57 7.6 7.38 7.38
2014-04-04 7.66 7.69 7.55 7.55
2014-05-09 7.99 8.16 7.89 7.89
2014-05-20 8.5 8.65 8.27 8.27
2014-05-23 8.72 8.8 8.5 8.5
2014-05-26 9.28 9.52 8.7 8.7
2014-05-29 9.48 9.65 9.3 9.3
2014-06-05 9.32 9.33 9.12 9.12
2014-06-11 9.3 9.5 9.19 9.19
2014-06-26 9.11 9.18 8.66 8.66
2014-07-03 9.65 9.85 9.19 9.19
2014-07-14 9.73 9.82 9.46 9.46
2014-07-22 9.6 9.61 9.32 9.32
2014-08-25 9.97 10.05 9.85 9.85
2014-10-27 10.33 10.35 9.95 9.95
2014-12-10 9.41 9.47 9.13 9.13
2014-12-24 8.93 8.99 8.68 8.68
2015-01-16 9.06 9.14 8.99 8.99
2015-03-23 10.66 10.66 10.66 10.66
2015-03-24 11.73 11.73 11.73 11.73
2015-04-21 13.3 13.31 12.65 12.65
2015-05-18 13.48 13.76 13.25 13.25
2015-06-01 18.13 18.13 16.86 16.86
2015-07-08 10.68 11.2 10.17 10.17
2015-07-13 11.75 11.75 11.75 11.75
2015-07-14 12.93 12.93 12.93 12.93
2015-08-07 13.63 13.67 13.13 13.13
2015-09-22 11.54 11.79 11.19 11.19
2015-12-01 12.96 13.06 12.39 12.39
2015-12-29 14.97 15.16 14.62 14.62
2016-01-18 11.98 12.4 11.52 11.52
2016-03-07 10.92 11.06 10.71 10.71
2016-03-18 11.32 11.44 10.98 10.98
2016-04-14 11.79 11.85 11.41 11.41
2016-05-23 9.98 10.02 9.92 9.92
2016-06-02 10.14 10.2 10.07 10.07
2016-06-15 9.84 9.88 9.52 9.52
2016-06-27 9.9 9.91 9.67 9.67
2016-07-01 10.34 10.6 10.15 10.15
2016-07-04 10.41 10.57 10.34 10.34
2016-07-12 11.25 11.45 10.59 10.59
2016-08-15 10.6 10.64 10.34 10.34
2016-09-30 10.13 10.19 10.06 10.06
2016-10-18 10.04 10.04 9.92 9.92
2016-10-28 10.0 10.04 9.94 9.94
2016-11-22 10.33 10.47 10.26 10.26
2016-12-05 10.01 10.09 9.9 9.9
2016-12-07 10.12 10.12 9.99 9.99
2016-12-27 9.87 9.89 9.68 9.68
2017-01-23 9.18 9.26 9.15 9.15
2017-02-16 9.26 9.27 9.18 9.18
2017-02-28 9.24 9.24 9.18 9.18
2017-03-06 9.23 9.23 9.15 9.15
2017-03-10 9.08 9.11 9.07 9.07
2017-04-05 8.84 8.85 8.7 8.7
2017-04-11 8.86 8.87 8.72 8.72
2017-04-13 8.9 8.91 8.8 8.8
2017-06-05 7.24 7.3 7.18 7.18
2017-06-15 7.57 7.62 7.48 7.48
2017-07-12 8.34 8.37 8.26 8.26
2017-07-20 7.93 8.04 7.85 7.85
2017-08-21 8.18 8.19 8.03 8.03
2017-08-25 8.08 8.1 8.0 8.0
