1994-05-16 9.55 10.0 9.34 9.34
1994-08-02 6.18 7.6 6.08 6.08
1994-09-02 10.29 10.29 9.6 9.6
1994-09-05 12.0 12.4 11.0 11.0
1994-10-10 8.85 9.5 8.5 8.5
1994-11-08 10.07 11.2 9.5 9.5
1994-11-09 10.5 10.5 9.6 9.6
1995-01-10 9.0 9.1 8.8 8.8
1995-02-09 7.84 7.9 7.39 7.39
1995-02-16 7.43 7.6 7.3 7.3
1995-02-22 8.65 8.8 7.48 7.48
1995-04-25 8.68 8.8 8.57 8.57
1995-04-26 8.36 8.68 8.08 8.08
1995-04-28 8.07 8.15 7.9 7.9
1995-05-02 8.08 8.09 7.99 7.99
1995-05-15 8.1 8.15 8.0 8.0
1995-05-16 8.08 8.18 8.01 8.01
1995-06-12 8.95 9.15 8.95 8.95
1995-06-16 8.43 8.57 8.2 8.2
1995-06-23 8.44 8.45 8.28 8.28
1995-07-13 8.25 8.29 8.11 8.11
1995-10-05 7.7 7.74 7.55 7.55
1995-10-13 7.35 7.46 7.18 7.18
1995-10-18 7.45 7.45 7.25 7.25
1995-11-07 7.76 7.9 7.48 7.48
1995-11-24 7.42 7.5 7.38 7.38
1995-12-01 7.35 7.38 7.24 7.24
1996-01-11 6.08 6.15 6.05 6.05
1996-01-12 6.05 6.15 6.0 6.0
1996-01-15 6.1 6.15 6.0 6.0
1996-01-17 6.0 6.1 6.0 6.0
1996-01-24 5.73 5.75 5.7 5.7
1996-01-25 5.73 6.07 5.73 5.73
1996-01-26 5.78 5.96 5.71 5.71
1996-01-31 5.85 5.9 5.8 5.8
1996-02-07 5.62 5.72 5.6 5.6
1996-02-08 5.67 5.7 5.65 5.65
1996-02-09 5.76 5.76 5.64 5.64
1996-02-15 5.88 5.9 5.51 5.51
1996-02-16 6.1 6.15 5.82 5.82
1996-03-19 6.15 6.16 6.1 6.1
1996-04-03 6.5 6.58 6.25 6.25
1996-04-10 6.77 6.82 6.7 6.7
1996-04-12 6.9 7.04 6.81 6.81
1996-05-14 7.24 7.32 7.22 7.22
1996-06-04 6.8 6.92 6.7 6.7
1996-06-07 7.3 7.35 7.05 7.05
1996-06-17 7.1 7.2 7.0 7.0
1996-07-19 6.97 6.97 6.1 6.1
1996-10-14 6.46 6.5 6.31 6.31
1996-10-28 7.8 7.85 7.0 7.0
1996-12-18 6.58 6.58 5.99 5.99
1997-01-13 6.06 6.15 5.95 5.95
1997-01-15 5.9 5.95 5.82 5.82
1997-02-20 6.85 6.85 5.61 5.61
1997-02-21 7.35 7.52 7.1 7.1
1997-03-24 7.9 7.9 7.5 7.5
1997-04-10 8.85 9.22 8.66 8.66
1997-04-18 9.21 9.57 9.0 9.0
1997-04-21 9.6 9.95 9.47 9.47
1997-06-19 6.39 6.46 6.38 6.38
1997-07-24 5.29 5.4 5.21 5.21
1997-07-29 5.39 5.44 5.3 5.3
1997-08-08 5.8 5.97 5.69 5.69
1997-08-14 5.82 5.86 5.6 5.6
1997-08-22 5.6 5.6 5.5 5.5
1997-09-01 6.31 6.45 6.15 6.15
1997-12-04 5.28 5.35 5.18 5.18
1997-12-29 6.0 6.3 6.0 6.0
1998-01-19 7.25 7.28 6.8 6.8
1998-01-23 6.78 6.9 6.67 6.67
1998-03-24 7.0 7.06 6.81 6.81
1998-03-26 7.34 7.38 6.93 6.93
1998-11-03 8.59 8.7 8.41 8.41
1998-11-05 8.73 8.8 8.58 8.58
1999-03-02 6.89 6.91 6.3 6.3
1999-03-12 7.54 7.58 7.25 7.25
1999-03-29 7.47 7.48 7.2 7.2
1999-05-19 6.7 6.74 6.2 6.2
1999-06-07 7.83 8.05 7.55 7.55
1999-07-14 7.86 7.98 7.64 7.64
1999-07-20 7.97 7.98 7.51 7.51
1999-07-23 8.1 8.3 7.88 7.88
1999-08-18 9.48 9.48 8.95 8.95
1999-08-20 10.51 10.51 9.53 9.53
1999-09-13 12.1 12.63 11.55 11.55
1999-11-08 10.2 10.35 10.16 10.16
1999-11-09 10.25 10.4 10.21 10.21
1999-11-15 10.65 10.7 10.4 10.4
1999-11-17 11.18 11.3 10.44 10.44
1999-12-28 9.42 9.7 9.35 9.35
2000-06-15 11.17 11.48 11.05 11.05
2000-07-20 10.51 10.6 10.2 10.2
2000-07-25 10.55 10.65 10.35 10.35
2000-11-08 13.24 13.4 12.8 12.8
2000-11-14 13.58 13.7 13.15 13.15
2000-11-16 14.13 14.18 13.61 13.61
2000-11-30 13.42 13.5 13.2 13.2
2000-12-01 13.82 14.13 13.48 13.48
2000-12-06 14.14 14.4 13.75 13.75
2001-03-08 11.85 12.0 11.6 11.6
2001-03-13 12.02 12.25 11.9 11.9
2001-03-14 12.17 12.2 11.95 11.95
2001-04-23 13.04 13.17 12.5 12.5
2001-04-24 14.34 14.34 13.05 13.05
2001-05-08 13.2 13.65 12.78 12.78
2001-06-28 14.46 14.75 14.25 14.25
2001-07-02 14.26 14.44 14.2 14.2
2001-07-09 14.05 14.14 13.7 13.7
2001-07-10 14.2 14.34 14.05 14.05
2001-07-18 14.8 14.85 14.55 14.55
2001-08-23 13.38 13.6 13.03 13.03
2001-09-20 10.87 11.18 10.5 10.5
2001-09-21 10.95 11.14 10.61 10.61
2001-10-24 8.98 8.98 8.98 8.98
2006-11-03 2.94 2.96 2.86 2.86
2007-01-11 3.01 3.01 2.85 2.85
2007-02-06 3.69 3.7 3.61 3.61
2007-02-09 4.08 4.08 4.08 4.08
2007-02-12 4.28 4.28 4.28 4.28
2007-02-13 4.49 4.49 4.49 4.49
2007-02-14 4.71 4.71 4.71 4.71
2007-02-16 4.95 4.95 4.95 4.95
2007-03-05 5.17 5.17 4.88 4.88
2007-03-07 5.7 5.7 5.7 5.7
2007-03-08 5.99 5.99 5.99 5.99
2007-04-18 8.48 8.48 8.08 8.08
2007-05-14 10.0 10.0 10.0 10.0
2007-05-15 11.0 11.0 11.0 11.0
2007-05-18 14.64 14.64 14.3 14.3
2007-05-21 16.1 16.1 16.1 16.1
2007-07-19 11.67 11.7 11.24 11.24
2007-07-23 13.09 13.09 12.01 12.01
2007-07-25 13.65 13.99 12.85 12.85
2007-08-02 13.11 13.4 12.55 12.55
2007-08-31 14.45 15.11 14.3 14.3
2007-10-19 14.41 14.9 14.27 14.27
2007-10-29 11.76 12.11 11.5 11.5
2008-05-08 8.99 9.09 8.53 8.53
2008-05-09 9.89 9.89 9.27 9.27
2008-06-30 6.53 6.76 6.37 6.37
2008-07-04 6.69 7.0 6.57 6.57
2008-11-10 3.52 3.53 3.28 3.28
2008-11-13 4.05 4.05 4.05 4.05
2008-11-14 4.46 4.46 4.46 4.46
2008-11-17 4.91 4.91 4.91 4.91
2009-01-15 7.0 7.23 6.71 6.71
2009-02-16 8.81 9.09 8.34 8.34
2009-04-15 9.83 9.89 9.05 9.05
2009-05-04 9.9 9.98 9.6 9.6
2009-06-16 10.8 11.49 10.6 10.6
2009-07-07 10.35 10.6 10.02 10.02
2009-08-11 10.1 10.2 9.95 9.95
2010-04-01 12.96 12.99 12.75 12.75
2010-04-09 12.8 12.85 12.51 12.51
2010-05-04 11.02 11.28 10.51 10.51
2010-05-26 10.52 10.52 9.8 9.8
2011-01-26 10.88 10.99 10.8 10.8
2011-01-28 11.37 11.46 11.15 11.15
2011-02-10 11.93 11.94 11.65 11.65
2011-05-09 11.43 11.92 11.1 11.1
2011-05-26 10.31 10.65 10.3 10.3
2011-06-03 11.61 12.05 11.18 11.18
2011-06-14 10.58 10.67 10.45 10.45
2011-06-16 10.1 10.22 10.02 10.02
2011-06-20 10.08 10.18 9.85 9.85
2011-07-13 10.71 10.72 10.47 10.47
2011-08-29 10.95 11.05 10.65 10.65
2011-11-14 9.17 9.18 8.95 8.95
2011-12-30 6.8 6.84 6.72 6.72
2012-01-11 7.06 7.38 6.88 6.88
2012-03-05 8.1 8.18 8.09 8.09
2012-04-05 7.73 7.78 7.46 7.46
2012-07-02 7.47 7.55 7.41 7.41
2012-07-10 7.09 7.23 7.02 7.02
2012-07-11 7.1 7.15 7.06 7.06
2012-09-27 6.65 6.7 6.36 6.36
2012-09-28 6.67 6.71 6.53 6.53
2012-12-17 5.71 5.74 5.63 5.63
2013-03-22 6.65 6.69 6.46 6.46
2013-03-27 6.66 6.76 6.6 6.6
2013-04-01 6.62 6.65 6.41 6.41
2013-05-13 6.59 6.65 6.54 6.54
2013-06-05 6.84 6.98 6.65 6.65
2013-07-10 5.41 5.48 5.28 5.28
2013-07-15 5.5 5.52 5.4 5.4
2013-11-25 7.02 7.16 6.52 6.52
2013-12-09 7.34 7.49 7.12 7.12
2013-12-10 8.07 8.07 7.81 7.81
2013-12-12 8.02 8.47 7.67 7.67
2014-01-07 6.21 6.29 6.1 6.1
2014-01-24 6.48 6.56 6.42 6.42
2014-12-09 9.58 9.58 9.58 9.58
2014-12-10 10.54 10.54 10.54 10.54
2014-12-11 11.59 11.59 11.59 11.59
2014-12-16 12.68 12.88 12.22 12.22
2015-03-03 12.7 13.06 12.52 12.52
2015-03-30 16.42 16.63 15.99 15.99
2015-04-02 16.44 16.5 16.21 16.21
2015-04-08 18.42 18.53 17.6 17.6
2015-04-14 23.24 23.24 21.45 21.45
2015-04-30 22.49 22.8 22.2 22.2
2015-05-08 20.0 20.18 19.1 19.1
2015-06-05 28.19 28.35 27.37 27.37
2015-06-08 30.31 30.9 28.4 28.4
2015-06-09 33.34 33.34 30.46 30.46
2015-08-10 19.55 19.65 18.22 18.22
2015-08-14 21.94 22.83 21.61 21.61
2015-09-02 12.4 14.11 12.3 12.3
2015-09-09 14.64 14.88 13.95 13.95
2015-10-22 20.39 20.39 18.65 18.65
2015-11-10 24.79 24.79 23.5 23.5
2015-11-13 24.96 26.35 24.1 24.1
2015-12-03 21.17 21.32 20.66 20.66
2016-01-05 19.87 21.15 19.0 19.0
2016-02-05 15.3 15.9 15.02 15.02
2016-03-03 16.11 16.71 15.1 15.1
2016-03-07 15.47 15.75 15.17 15.17
2016-03-14 15.24 15.55 15.02 15.02
2016-07-18 18.31 18.52 18.0 18.0
2016-09-05 22.76 23.48 22.57 22.57
2016-09-06 22.99 24.07 22.74 22.74
2016-10-27 24.04 24.28 23.89 23.89
2017-03-01 22.08 22.48 21.61 21.61
2017-04-07 21.91 22.36 20.81 20.81
2017-04-12 21.41 22.66 20.26 20.26
2017-06-13 19.12 19.35 18.25 18.25
2017-06-15 20.21 20.35 19.33 19.33
2017-06-16 20.8 21.78 20.41 20.41
2017-07-18 21.26 21.58 20.63 20.63
2017-07-21 23.2 23.98 22.75 22.75
