2000-12-13 19.4 19.58 19.26 19.26
2001-01-10 21.68 21.98 21.5 21.5
2001-02-09 19.53 19.7 19.2 19.2
2001-03-06 19.37 19.46 19.0 19.0
2001-03-12 19.69 19.8 19.49 19.49
2001-04-30 20.3 20.4 20.2 20.2
2001-05-09 20.45 20.58 20.3 20.3
2001-05-17 21.59 21.85 21.0 21.0
2001-05-24 22.68 23.0 22.2 22.2
2001-05-30 23.73 23.8 22.38 22.38
2001-06-25 23.48 23.53 22.95 22.95
2001-08-01 20.02 20.02 19.5 19.5
2001-08-20 20.06 20.06 19.72 19.72
2001-09-05 19.2 19.55 19.2 19.2
2001-09-11 18.95 19.2 18.86 18.86
2001-09-13 18.7 19.08 18.66 18.66
2001-09-18 18.5 18.7 18.31 18.31
2001-11-14 15.11 15.25 15.0 15.0
2001-12-18 16.63 16.7 16.28 16.28
2002-03-07 16.33 16.35 15.6 15.6
2002-03-14 16.29 16.3 15.71 15.71
2002-03-19 16.54 16.6 15.81 15.81
2002-04-16 16.11 16.2 16.0 16.0
2002-05-27 15.92 16.05 15.82 15.82
2002-05-28 16.1 16.28 15.92 15.92
2002-06-20 15.13 15.47 15.05 15.05
2002-07-10 16.22 16.4 16.2 16.2
2002-07-15 16.11 16.2 16.05 16.05
2002-07-16 16.17 16.3 16.08 16.08
2002-07-17 16.53 16.58 16.12 16.12
2002-09-06 15.59 15.79 15.52 15.52
2002-09-10 15.68 15.7 15.5 15.5
2002-10-10 14.64 14.84 14.51 14.51
2002-10-16 14.53 14.68 14.45 14.45
2003-02-26 12.69 12.71 12.58 12.58
2003-03-03 12.98 13.01 12.8 12.8
2003-05-28 12.42 12.65 12.4 12.4
2003-06-30 11.3 11.56 11.18 11.18
2003-07-03 11.5 11.54 11.38 11.38
2003-07-29 10.05 10.17 9.99 9.99
2003-08-19 9.59 9.72 9.51 9.51
2003-08-22 9.8 9.88 9.65 9.65
2003-08-26 9.54 9.7 9.51 9.51
2003-09-01 9.64 9.65 9.3 9.3
2003-09-19 9.69 9.7 9.66 9.66
2003-09-23 9.81 9.82 9.58 9.58
2003-09-24 9.89 9.94 9.8 9.8
2003-09-30 9.58 9.62 9.4 9.4
2004-02-09 9.86 9.95 9.54 9.54
2004-02-12 9.82 9.95 9.68 9.68
2004-02-16 9.92 9.92 9.62 9.62
2004-04-02 9.84 9.88 9.65 9.65
2004-04-05 10.01 10.02 9.85 9.85
2004-04-08 10.51 10.6 10.18 10.18
2004-04-15 9.8 9.9 9.74 9.74
2004-05-12 8.73 8.75 8.52 8.52
2004-08-04 6.82 6.88 6.64 6.64
2004-09-17 7.09 7.1 6.8 6.8
2004-12-22 6.82 6.82 6.63 6.63
2004-12-27 6.64 6.7 6.6 6.6
2005-01-04 6.67 6.75 6.55 6.55
2005-01-19 6.32 6.36 6.25 6.25
2005-01-25 6.3 6.34 6.24 6.24
2005-02-02 6.0 6.1 5.7 5.7
2005-02-16 6.07 6.15 6.07 6.07
2005-02-21 6.12 6.14 6.0 6.0
2005-02-22 6.28 6.28 6.12 6.12
2005-03-08 6.35 6.36 6.17 6.17
2005-03-23 5.63 5.71 5.6 5.6
2005-03-24 5.7 5.72 5.6 5.6
2005-04-11 5.74 5.86 5.7 5.7
2005-06-16 4.92 4.93 4.77 4.77
2005-06-24 5.11 5.12 4.9 4.9
2005-06-27 5.36 5.39 5.09 5.09
2005-07-27 4.29 4.29 4.18 4.18
2005-08-01 4.39 4.4 4.18 4.18
2005-08-05 4.4 4.4 4.26 4.26
2005-08-15 4.72 4.73 4.55 4.55
2005-08-22 4.97 4.97 4.8 4.8
2005-08-24 4.96 4.96 4.86 4.86
2005-09-01 5.46 5.7 5.35 5.35
2005-10-18 5.3 5.36 5.16 5.16
2005-10-21 5.44 5.45 5.32 5.32
2005-10-24 5.5 5.56 5.44 5.44
2005-11-07 5.14 5.15 5.03 5.03
2005-11-08 5.2 5.2 5.09 5.09
2005-11-21 5.13 5.22 5.08 5.08
2005-12-26 5.31 5.32 5.15 5.15
2006-12-18 5.53 5.57 5.48 5.48
2007-01-08 6.07 6.15 5.79 5.79
2007-03-20 10.18 10.43 10.15 10.15
2007-03-22 10.77 10.8 10.16 10.16
2007-04-16 13.58 13.79 13.41 13.41
2007-04-20 14.64 14.64 13.5 13.5
2007-04-23 15.95 16.1 14.98 14.98
2007-04-30 13.96 14.36 13.96 13.96
2007-06-05 13.89 13.9 12.94 12.94
2007-07-25 24.8 24.97 23.85 23.85
2007-08-20 31.64 31.64 29.65 29.65
2007-10-08 30.13 30.86 30.01 30.01
2007-12-04 11.38 11.5 11.2 11.2
2007-12-11 14.43 14.95 13.89 13.89
2008-02-19 15.34 15.35 14.65 14.65
2008-07-02 5.51 5.65 5.37 5.37
2008-09-11 4.57 4.6 4.22 4.22
2009-01-09 6.46 6.47 6.27 6.27
2009-01-14 6.39 6.42 6.19 6.19
2009-04-28 7.44 7.48 7.03 7.03
2009-05-04 7.71 7.77 7.57 7.57
2009-05-26 7.43 7.53 7.38 7.38
2009-08-18 9.37 9.5 8.83 8.83
2009-09-04 9.24 9.45 9.06 9.06
2009-09-07 9.89 9.99 9.21 9.21
2009-10-23 9.49 9.54 9.37 9.37
2009-12-22 12.15 12.17 11.5 11.5
2010-03-01 13.91 14.04 13.06 13.06
2010-08-02 10.92 11.05 10.55 10.55
2010-11-15 14.9 14.97 13.95 13.95
2010-11-25 14.33 14.7 14.23 14.23
2010-11-29 15.5 15.72 14.68 14.68
2011-02-24 11.75 11.8 11.52 11.52
2011-07-14 13.32 13.47 13.2 13.2
2012-01-20 8.49 8.52 8.34 8.34
2012-01-31 8.48 8.49 8.36 8.36
2012-03-02 9.76 9.77 9.63 9.63
2012-03-06 10.28 10.34 10.0 10.0
2012-04-05 8.9 8.95 8.8 8.8
2012-05-30 9.24 9.27 9.12 9.12
2012-05-31 9.39 9.45 9.16 9.16
2012-06-15 10.12 10.2 9.77 9.77
2012-10-18 11.56 11.76 11.31 11.31
2013-02-20 12.49 12.5 11.84 11.84
2013-02-25 12.12 12.17 11.85 11.85
2013-02-28 12.25 12.34 11.95 11.95
2013-03-06 12.4 12.54 12.12 12.12
2013-05-03 11.54 11.6 11.13 11.13
2013-05-06 12.47 12.69 11.63 11.63
2013-05-08 12.58 12.67 12.28 12.28
2013-08-05 10.84 11.05 10.68 10.68
2013-08-21 10.07 10.08 9.82 9.82
2013-08-26 10.2 10.22 9.89 9.89
2014-01-23 9.13 9.22 9.06 9.06
2014-01-27 9.47 9.6 9.38 9.38
2014-02-10 9.71 9.71 9.48 9.48
2014-02-12 9.94 9.96 9.74 9.74
2014-02-14 10.18 10.2 9.62 9.62
2014-03-18 9.44 9.52 9.38 9.38
2014-04-01 9.33 9.34 9.21 9.21
2014-04-04 9.27 9.3 9.21 9.21
2014-08-11 7.71 7.72 7.53 7.53
2014-12-08 8.64 8.66 8.42 8.42
2015-01-20 8.55 8.57 8.27 8.27
2015-04-27 11.97 11.97 11.97 11.97
2015-05-19 15.21 15.43 14.2 14.2
2015-07-14 11.1 11.1 11.1 11.1
2015-09-02 9.62 10.84 9.3 9.3
2015-09-07 10.18 10.5 9.84 9.84
2015-09-09 11.5 11.74 11.0 11.0
2015-09-16 11.09 11.09 10.21 10.21
2015-09-17 11.35 11.79 11.11 11.11
2015-12-09 11.85 12.06 11.78 11.78
2015-12-25 12.86 13.0 12.75 12.75
2015-12-29 12.89 12.94 12.6 12.6
2016-04-07 10.46 10.65 10.33 10.33
2016-04-11 10.74 10.8 10.41 10.41
2016-07-12 12.0 12.36 11.79 11.79
2016-11-02 12.99 13.18 12.72 12.72
2017-03-16 12.23 12.23 12.07 12.07
2017-07-20 10.96 11.0 10.84 10.84
2017-08-15 11.0 11.1 10.8 10.8
2017-08-16 11.06 11.13 10.95 10.95
