2002-11-04 12.02 12.08 11.62 11.62
2002-12-20 10.84 10.88 10.66 10.66
2003-01-24 10.76 10.83 10.5 10.5
2003-02-25 10.92 10.97 10.66 10.66
2003-03-14 10.52 10.59 10.45 10.45
2003-04-01 10.35 10.41 10.26 10.26
2003-04-04 10.27 10.3 10.2 10.2
2003-05-21 8.9 8.99 8.65 8.65
2003-06-24 8.68 8.74 8.6 8.6
2003-07-09 8.52 8.54 8.46 8.46
2003-07-17 8.6 8.64 8.56 8.56
2003-07-23 8.41 8.45 8.25 8.25
2003-07-24 8.43 8.48 8.4 8.4
2003-07-28 8.27 8.35 8.22 8.22
2003-07-30 8.5 8.55 8.32 8.32
2003-08-12 8.31 8.33 8.18 8.18
2003-10-09 7.07 7.14 7.04 7.04
2003-10-22 7.15 7.22 6.96 6.96
2003-11-19 6.01 6.05 5.86 5.86
2003-11-24 6.4 6.43 6.11 6.11
2003-11-28 6.67 6.69 6.5 6.5
2003-12-15 6.74 6.79 6.7 6.7
2004-01-02 6.2 6.21 6.15 6.15
2004-02-09 7.36 7.38 7.11 7.11
2004-02-12 7.7 7.72 7.52 7.52
2004-03-31 7.59 7.62 7.46 7.46
2004-04-20 7.47 7.57 7.45 7.45
2004-04-28 6.93 6.99 6.8 6.8
2004-05-20 7.06 7.09 6.85 6.85
2004-05-24 7.15 7.16 7.0 7.0
2004-06-22 6.92 6.97 6.8 6.8
2004-07-01 6.55 6.65 6.38 6.38
2004-07-02 6.8 7.18 6.6 6.6
2004-07-16 6.53 6.6 6.3 6.3
2004-07-21 6.51 6.59 6.38 6.38
2004-07-29 6.13 6.15 6.0 6.0
2004-08-04 6.17 6.19 5.95 5.95
2004-08-23 5.45 5.46 5.4 5.4
2004-08-24 5.57 5.62 5.45 5.45
2004-09-03 5.6 5.73 5.5 5.5
2004-09-06 5.58 5.62 5.52 5.52
2004-09-10 5.75 5.89 5.59 5.59
2004-09-14 5.81 5.9 5.72 5.72
2004-09-28 6.0 6.03 5.92 5.92
2004-10-19 5.46 5.55 5.44 5.44
2004-10-28 5.18 5.28 5.1 5.1
2004-12-02 5.41 5.45 5.28 5.28
2004-12-16 5.12 5.2 5.11 5.11
2004-12-22 5.24 5.24 5.08 5.08
2005-03-07 4.94 4.98 4.9 4.9
2005-03-17 4.56 4.64 4.55 4.55
2005-03-29 4.5 4.63 4.48 4.48
2005-04-13 5.02 5.07 4.91 4.91
2005-05-13 3.94 3.96 3.88 3.88
2005-05-16 3.97 3.97 3.89 3.89
2005-05-17 4.04 4.07 3.92 3.92
2005-05-20 4.01 4.09 4.01 4.01
2005-06-03 4.04 4.04 3.95 3.95
2005-06-08 4.31 4.38 4.05 4.05
2005-06-24 4.01 4.03 3.91 3.91
2005-06-27 4.11 4.13 4.05 4.05
2005-06-29 4.06 4.1 4.02 4.02
2005-07-14 3.5 3.51 3.41 3.41
2005-07-22 3.3 3.33 3.22 3.22
2005-08-05 3.58 3.59 3.44 3.44
2005-08-09 3.68 3.71 3.56 3.56
2005-09-07 4.1 4.11 3.93 3.93
2005-09-29 4.03 4.04 3.95 3.95
2005-10-31 3.7 3.75 3.6 3.6
2005-11-11 3.66 3.71 3.6 3.6
2005-11-14 3.75 3.76 3.62 3.62
2005-11-18 3.85 3.87 3.75 3.75
2005-11-23 3.84 3.85 3.76 3.76
2005-12-01 3.78 3.81 3.75 3.75
2005-12-06 3.7 3.72 3.61 3.61
2005-12-08 3.72 3.77 3.7 3.7
2005-12-26 3.9 3.96 3.85 3.85
2005-12-29 3.94 3.95 3.9 3.9
2006-01-04 3.92 3.92 3.85 3.85
2006-02-07 4.29 4.3 4.17 4.17
2006-03-10 4.05 4.06 3.88 3.88
2006-03-15 4.12 4.15 4.07 4.07
2006-03-28 4.14 4.14 4.06 4.06
2006-04-03 4.17 4.18 4.1 4.1
2006-05-09 4.23 4.29 3.97 3.97
2006-05-12 4.59 4.7 4.27 4.27
2006-06-05 6.66 6.66 6.66 6.66
2006-06-16 6.13 6.13 5.58 5.58
2006-06-23 6.13 6.22 5.94 5.94
2006-11-22 3.9 3.93 3.8 3.8
2006-11-23 3.98 4.01 3.9 3.9
2006-12-11 4.02 4.03 3.89 3.89
2006-12-12 4.08 4.09 3.98 3.98
2006-12-25 4.61 4.65 4.5 4.5
2007-01-11 4.99 5.13 4.82 4.82
2007-02-05 5.16 5.23 5.08 5.08
2007-02-06 5.31 5.34 5.16 5.16
2007-02-28 6.11 6.14 5.63 5.63
2007-03-02 6.85 6.86 6.32 6.32
2007-03-13 6.63 6.74 6.48 6.48
2007-03-15 6.53 6.65 6.4 6.4
2007-04-16 10.84 11.07 10.55 10.55
2007-05-08 11.33 11.33 10.35 10.35
2007-06-18 11.26 11.44 10.86 10.86
2007-07-03 9.2 9.29 8.92 8.92
2007-07-20 9.98 10.07 9.68 9.68
2007-07-23 10.62 10.85 9.98 9.98
2007-08-02 12.86 12.88 12.18 12.18
2007-09-05 12.09 12.19 11.75 11.75
2007-09-12 11.41 11.49 10.91 10.91
2007-09-27 18.14 18.14 17.21 17.21
2007-10-08 19.51 20.33 18.91 18.91
2007-10-09 20.12 20.49 19.3 19.3
2007-10-23 18.71 19.22 18.04 18.04
2007-10-30 19.9 20.05 18.51 18.51
2007-11-23 18.25 18.5 18.0 18.0
2007-12-07 18.28 18.34 18.0 18.0
2007-12-14 19.69 19.78 18.1 18.1
2007-12-21 19.7 19.9 19.4 19.4
2008-01-23 19.81 20.12 18.7 18.7
2008-02-29 20.13 20.18 19.72 19.72
2008-03-12 22.19 22.5 21.4 21.4
2008-03-17 22.49 27.49 22.49 22.49
2008-04-15 15.96 15.96 14.52 14.52
2008-05-19 18.83 19.2 18.5 18.5
2008-06-03 16.71 16.89 16.26 16.26
2008-06-24 12.2 12.2 11.37 11.37
2008-07-21 14.74 14.8 14.02 14.02
2008-08-28 9.02 9.17 8.7 8.7
2008-09-01 9.54 9.86 9.27 9.27
2008-09-24 6.52 6.54 6.09 6.09
2008-09-25 6.74 6.85 6.43 6.43
2008-10-15 5.19 5.39 5.07 5.07
2008-10-17 4.87 4.96 4.69 4.69
2008-11-10 7.11 7.15 6.58 6.58
2008-11-12 6.78 6.83 6.54 6.54
2008-11-19 8.36 8.4 7.5 7.5
2009-01-05 8.38 8.39 8.08 8.08
2009-01-09 9.21 9.26 8.66 8.66
2009-01-16 9.68 10.05 9.21 9.21
2009-03-02 8.65 8.75 8.39 8.39
2009-03-04 9.44 9.48 8.91 8.91
2009-03-06 9.77 10.0 8.87 8.87
2009-05-15 11.86 11.95 11.68 11.68
2009-06-01 11.45 11.55 11.24 11.24
2009-07-21 18.91 18.91 17.36 17.36
2009-07-30 21.57 21.98 20.1 20.1
2009-08-03 25.08 25.08 23.3 23.3
2009-09-11 24.27 24.56 23.55 23.55
2009-10-09 21.73 21.8 20.8 20.8
2009-10-19 21.5 21.55 21.19 21.19
2009-10-23 22.14 22.49 21.94 21.94
2009-11-03 22.64 23.5 21.4 21.4
2009-11-11 23.9 23.96 22.5 22.5
2009-11-27 24.24 24.5 23.85 23.85
2009-11-30 25.68 26.0 24.05 24.05
2010-01-14 24.84 25.0 23.5 23.5
2010-02-02 24.55 25.0 24.34 24.34
2010-02-22 24.85 25.06 24.0 24.0
2010-02-23 27.34 27.34 24.5 24.5
2010-03-16 25.0 25.38 24.36 24.36
2010-04-19 27.41 28.65 26.81 26.81
2010-04-20 29.37 29.98 27.41 27.41
2010-04-21 31.25 31.98 29.0 29.0
2010-05-19 25.12 25.68 24.03 24.03
2010-05-20 25.23 25.58 25.02 25.02
2010-07-13 25.49 25.76 25.3 25.3
2010-07-19 25.82 26.1 24.91 24.91
2010-07-20 26.41 26.45 25.7 25.7
2010-08-16 29.87 30.58 28.65 28.65
2010-08-30 31.08 31.08 28.41 28.41
2010-09-03 35.73 36.28 34.5 34.5
2010-09-09 36.74 37.48 36.18 36.18
2010-09-17 37.94 38.0 36.5 36.5
2010-09-21 37.55 37.79 36.87 36.87
2010-09-30 39.31 39.4 38.12 38.12
2010-10-08 43.24 43.24 39.4 39.4
2010-10-25 42.64 43.12 39.2 39.2
2010-10-26 41.26 42.64 41.05 41.05
2010-11-01 40.6 41.2 39.75 39.75
2010-11-02 41.92 42.8 40.7 40.7
2010-11-15 45.11 45.5 42.9 42.9
2010-12-31 37.65 37.9 36.5 36.5
2011-01-12 33.71 33.9 33.25 33.25
2011-01-13 34.75 35.2 33.59 33.59
2011-01-31 33.43 33.7 33.0 33.0
2011-02-01 33.44 33.77 33.05 33.05
2011-02-18 35.81 36.58 34.36 34.36
2011-03-31 30.5 31.4 30.3 30.3
2011-05-05 30.72 30.85 29.43 29.43
2011-05-20 32.8 33.2 32.5 32.5
2011-06-07 30.35 30.48 30.0 30.0
2011-06-21 27.6 28.13 27.5 27.5
2011-07-20 33.34 33.5 32.6 32.6
2011-07-29 34.15 35.06 33.68 33.68
2011-08-25 32.88 33.2 32.09 32.09
2011-09-07 32.28 32.38 31.47 31.47
2011-10-17 26.77 26.79 25.85 25.85
2011-10-19 26.57 27.17 26.42 26.42
2011-10-21 24.81 25.2 24.78 24.78
2011-11-04 27.35 27.51 27.12 27.12
2011-11-09 28.09 28.1 26.26 26.26
2011-11-14 28.3 28.78 27.77 27.77
2011-12-29 20.39 20.65 20.0 20.0
2011-12-30 20.83 20.9 20.39 20.39
2012-01-06 18.99 19.15 18.55 18.55
2012-01-31 22.55 22.8 20.9 20.9
2012-02-08 25.26 25.29 23.4 23.4
2012-02-09 25.78 26.42 25.01 25.01
2012-02-24 28.49 28.7 26.85 26.85
2012-03-01 28.99 29.9 28.12 28.12
2012-03-09 30.21 30.21 27.55 27.55
2012-04-05 30.07 30.23 27.14 27.14
2012-04-16 29.46 30.1 29.03 29.03
2012-05-09 27.7 28.34 27.4 27.4
2012-05-10 28.59 28.93 27.6 27.6
2012-06-27 27.14 27.25 26.61 26.61
2012-08-21 30.4 30.68 29.85 29.85
2012-09-06 28.45 28.75 28.03 28.03
2012-09-07 29.29 29.65 28.5 28.5
2012-09-25 28.0 28.62 27.85 27.85
2012-09-27 27.66 27.79 27.07 27.07
2012-10-18 31.94 32.65 30.73 30.73
2012-10-26 34.27 34.27 34.0 34.0
2012-11-20 32.13 32.88 31.4 31.4
2012-12-05 30.03 30.98 28.9 28.9
2013-01-08 38.5 39.9 37.0 37.0
2013-03-05 42.1 43.19 41.35 41.35
2013-04-19 31.34 31.6 30.75 30.75
2013-05-06 27.51 27.55 26.03 26.03
2013-07-02 27.66 28.09 26.03 26.03
2013-07-10 27.19 27.3 25.73 25.73
2013-08-30 26.19 26.4 26.11 26.11
2013-10-08 22.9 23.01 22.58 22.58
2013-10-29 21.97 22.41 21.41 21.41
2013-11-22 23.66 23.96 23.51 23.51
2013-12-09 25.77 26.16 24.32 24.32
2014-01-07 25.28 25.32 24.01 24.01
2014-01-20 25.43 25.48 24.55 24.55
2014-01-24 25.62 26.0 25.36 25.36
2014-02-14 22.83 22.98 22.35 22.35
2014-03-07 21.03 21.17 20.67 20.67
2014-03-13 22.3 22.63 20.71 20.71
2014-04-02 22.36 22.93 21.63 21.63
2014-04-14 23.43 23.58 22.92 22.92
2014-04-23 22.46 22.78 22.21 22.21
2014-06-20 20.12 20.25 19.98 19.98
2014-06-24 20.65 21.19 20.03 20.03
2014-07-07 20.9 21.05 20.77 20.77
2014-08-04 24.75 24.83 24.11 24.11
2014-08-08 24.46 24.99 24.28 24.28
2014-09-19 26.61 26.95 26.3 26.3
2014-10-08 26.17 26.28 25.85 25.85
2014-12-02 28.82 28.82 28.82 28.82
2014-12-03 31.7 31.7 31.7 31.7
2015-01-13 43.99 45.35 43.25 43.25
2015-01-15 43.75 44.01 42.7 42.7
2015-01-20 45.7 46.18 43.5 43.5
2015-01-30 44.99 46.68 44.45 44.45
2015-06-05 69.58 70.71 68.5 68.5
2015-06-09 67.67 69.98 66.9 66.9
2015-06-12 78.25 78.25 70.9 70.9
2015-06-15 82.0 86.08 77.0 77.0
2015-07-08 50.66 52.9 44.39 44.39
2015-07-20 67.3 70.0 64.06 64.06
2015-08-04 60.0 60.0 54.02 54.02
2015-08-12 68.98 70.99 66.03 66.03
2015-09-09 53.46 53.85 50.05 50.05
2015-09-16 52.11 52.75 47.13 47.13
2015-09-30 58.92 60.7 56.3 56.3
2015-10-12 64.0 64.87 62.15 62.15
2015-11-16 64.0 64.94 62.0 62.0
2015-12-15 56.43 57.0 55.5 55.5
2015-12-23 58.76 59.59 57.75 57.75
2015-12-28 61.17 62.65 57.53 57.53
2016-02-23 50.22 50.22 45.52 45.52
2016-02-26 48.86 49.8 46.8 46.8
2016-04-13 51.92 52.39 51.16 51.16
2016-05-03 52.2 53.57 48.1 48.1
2016-06-22 56.16 56.89 54.61 54.61
2016-07-28 25.93 26.3 25.51 25.51
2016-09-30 22.61 22.75 22.06 22.06
2016-10-18 23.39 23.42 22.4 22.4
2016-11-08 25.3 25.8 24.9 24.9
2016-12-06 23.4 23.5 23.21 23.21
