2001-02-23 13.7 13.8 13.4 13.4
2001-03-19 14.28 14.4 14.23 14.23
2001-07-17 15.31 15.33 15.08 15.08
2001-07-20 15.58 15.6 15.35 15.35
2001-08-01 14.38 14.4 13.85 13.85
2001-08-09 14.24 14.3 13.85 13.85
2001-08-15 14.2 14.2 14.0 14.0
2001-08-21 14.39 14.48 14.25 14.25
2001-08-29 13.76 13.98 13.73 13.73
2001-09-04 13.8 13.85 13.43 13.43
2001-09-25 13.31 13.4 13.3 13.3
2001-11-29 12.32 12.45 12.3 12.3
2001-12-03 12.6 12.71 12.49 12.49
2001-12-10 12.29 12.3 12.11 12.11
2001-12-28 11.56 11.58 11.37 11.37
2001-12-31 11.65 11.7 11.59 11.59
2002-01-11 10.64 10.88 10.61 10.61
2002-01-16 10.51 10.65 10.21 10.21
2002-01-22 10.24 10.47 10.1 10.1
2002-05-16 11.23 11.65 11.0 11.0
2002-05-23 11.3 11.58 11.25 11.25
2002-08-06 11.7 11.75 11.53 11.53
2002-08-13 11.54 11.63 11.5 11.5
2002-08-14 11.58 11.6 11.55 11.55
2002-08-20 12.22 12.28 11.99 11.99
2002-09-03 12.1 12.13 12.02 12.02
2002-09-10 11.67 11.7 11.53 11.53
2002-09-13 11.7 11.75 11.64 11.64
2002-09-23 11.55 11.64 11.45 11.45
2002-10-22 10.94 11.02 10.83 10.83
2002-10-28 10.38 10.92 10.25 10.25
2002-11-19 10.43 10.45 10.25 10.25
2002-12-12 9.03 9.15 9.0 9.0
2003-01-14 9.15 9.32 8.7 8.7
2003-02-14 9.8 9.89 9.73 9.73
2003-02-19 9.78 9.9 9.41 9.41
2003-02-24 9.36 9.5 9.31 9.31
2003-02-25 9.55 9.58 9.4 9.4
2003-03-03 9.64 9.65 9.53 9.53
2003-04-10 9.8 9.97 9.1 9.1
2003-04-15 10.6 11.0 10.16 10.16
2003-08-18 8.18 8.41 7.9 7.9
2003-09-04 7.8 7.96 7.74 7.74
2003-09-09 7.81 7.92 7.69 7.69
2003-09-15 7.5 7.58 7.47 7.47
2003-09-18 7.55 7.65 7.44 7.44
2003-10-17 7.72 7.82 7.69 7.69
2003-11-06 6.62 6.87 6.6 6.6
2003-11-11 6.57 6.66 6.52 6.52
2003-11-13 6.37 6.44 6.3 6.3
2004-01-06 6.67 6.78 6.55 6.55
2004-02-05 7.64 7.76 7.54 7.54
2004-02-09 8.01 8.08 7.5 7.5
2004-02-16 7.96 7.98 7.82 7.82
2004-02-17 8.18 8.25 7.98 7.98
2004-08-04 5.04 5.08 4.86 4.86
2004-08-24 4.64 4.75 4.51 4.51
2004-11-09 4.54 4.57 4.31 4.31
2004-11-26 4.95 4.98 4.88 4.88
2004-12-03 5.49 5.49 5.0 5.0
2004-12-21 4.74 4.88 4.65 4.65
2005-04-14 4.32 4.33 4.18 4.18
2005-04-18 4.46 4.52 4.3 4.3
2005-04-22 4.68 4.71 4.41 4.41
2005-06-13 5.4 5.45 5.3 5.3
2005-06-14 5.45 5.69 5.4 5.4
2005-07-12 5.18 5.2 4.85 4.85
2005-07-14 5.16 5.22 5.13 5.13
2005-07-22 4.87 4.98 4.76 4.76
2005-08-16 6.1 6.24 5.7 5.7
2005-08-19 6.3 6.38 5.95 5.95
2005-09-13 6.61 6.62 6.32 6.32
2005-09-29 6.64 6.64 6.45 6.45
2005-10-14 6.74 6.86 6.6 6.6
2005-10-18 7.01 7.04 6.85 6.85
2005-12-01 6.15 6.25 5.64 5.64
2006-03-01 6.87 6.94 6.8 6.8
2006-11-17 7.12 7.28 6.83 6.83
2006-11-27 7.35 7.36 7.15 7.15
2006-12-25 7.96 8.18 7.86 7.86
2006-12-27 7.8 8.0 7.76 7.76
2006-12-29 7.71 7.82 7.65 7.65
2007-04-18 14.35 14.59 13.57 13.57
2007-05-22 14.73 14.79 14.15 14.15
2007-05-28 15.04 15.22 14.45 14.45
2007-07-30 14.0 14.21 13.58 13.58
2007-08-03 13.76 13.98 13.61 13.61
2007-08-23 15.28 15.5 14.36 14.36
2009-01-22 6.87 7.14 6.8 6.8
2009-02-06 7.13 7.17 6.84 6.84
2009-10-19 7.81 7.87 7.66 7.66
2010-04-01 12.28 12.31 12.15 12.15
2010-08-23 11.5 11.58 11.26 11.26
2011-01-05 24.1 24.1 21.33 21.33
2011-06-30 15.73 15.85 15.53 15.53
2012-04-19 13.13 13.33 12.99 12.99
2012-04-27 13.16 13.39 13.05 13.05
2012-05-07 15.59 16.22 14.63 14.63
2012-05-10 17.28 17.84 16.33 16.33
2012-05-14 20.91 20.91 20.91 20.91
2012-07-13 30.69 30.69 27.55 27.55
2012-09-06 23.37 23.5 23.0 23.0
2012-09-13 25.02 25.55 24.02 24.02
2012-09-19 23.23 23.65 22.85 22.85
2013-01-14 22.56 22.85 21.3 21.3
2013-04-22 35.04 35.35 34.38 34.38
2013-05-03 37.42 38.17 35.33 35.33
2013-12-04 29.06 29.84 28.74 28.74
2014-01-28 27.1 27.39 25.8 25.8
2014-02-10 28.32 28.97 27.2 27.2
2014-03-26 26.7 27.03 26.51 26.51
2014-05-08 23.83 24.12 23.52 23.52
2014-07-18 23.25 23.3 23.06 23.06
2014-07-24 23.36 23.5 23.16 23.16
2014-07-28 24.74 24.78 23.63 23.63
2014-08-18 26.2 26.37 26.08 26.08
2014-08-22 27.68 28.06 25.8 25.8
2014-08-28 26.73 27.2 26.52 26.52
2015-04-21 38.98 39.17 36.78 36.78
2015-07-10 31.41 31.41 29.88 29.88
2015-08-17 35.84 35.84 35.84 35.84
2016-02-16 22.46 22.58 21.76 21.76
2016-05-16 24.11 24.44 23.74 23.74
2016-07-12 27.76 27.83 26.4 26.4
2016-11-01 26.9 27.19 24.85 24.85
2017-03-16 28.14 28.69 27.87 27.87
2017-03-20 28.2 28.48 27.8 27.8
2017-03-21 29.39 29.98 28.22 28.22
2017-04-10 28.6 28.86 28.08 28.08
