1996-08-30 9.06 9.17 8.95 8.95
1996-09-09 8.44 8.56 8.41 8.41
1996-10-28 12.11 12.5 10.5 10.5
1996-11-12 14.26 14.61 13.46 13.46
1996-12-06 15.0 15.5 14.6 14.6
1996-12-09 14.9 15.3 14.62 14.62
1996-12-16 11.88 11.88 11.88 11.88
1996-12-17 10.69 11.38 10.69 10.69
1996-12-31 10.85 11.25 10.68 10.68
1997-01-09 11.05 11.14 10.77 10.77
1997-01-10 11.4 11.5 10.55 10.55
1997-02-20 12.7 12.98 11.97 11.97
1997-03-10 14.0 14.6 13.53 13.53
1997-03-19 14.83 15.2 14.65 14.65
1997-03-21 15.41 15.6 14.3 14.3
1997-04-09 10.0 10.1 9.9 9.9
1997-04-23 10.46 10.6 10.2 10.2
1997-05-05 10.13 10.2 10.06 10.06
1997-05-22 8.09 8.75 8.09 8.09
1997-06-02 8.49 8.61 8.18 8.18
1997-07-24 7.95 7.96 7.7 7.7
1997-08-28 8.85 8.98 8.72 8.72
1997-09-02 8.67 8.72 8.56 8.56
1997-09-10 8.63 8.63 8.32 8.32
1997-09-18 8.0 8.1 7.82 7.82
1997-10-08 7.5 7.59 7.35 7.35
1997-10-14 7.32 7.34 7.23 7.23
1997-10-15 7.41 7.5 7.29 7.29
1997-10-16 7.53 7.55 7.45 7.45
1997-11-05 7.6 7.82 7.5 7.5
1997-11-07 7.89 8.1 7.75 7.75
1997-11-13 7.7 7.7 7.5 7.5
1997-12-01 7.41 7.5 7.29 7.29
1997-12-02 7.4 7.49 7.32 7.32
1997-12-15 7.35 7.36 7.25 7.25
1997-12-18 7.24 7.3 7.2 7.2
1998-01-23 7.95 8.01 7.85 7.85
1998-02-24 8.2 8.25 8.0 8.0
1998-03-17 8.54 8.59 8.33 8.33
1998-03-23 8.11 8.15 8.05 8.05
1998-03-26 8.3 8.34 8.15 8.15
1998-03-27 8.49 8.53 8.24 8.24
1998-04-02 9.2 9.4 8.85 8.85
1998-04-21 10.16 10.25 9.25 9.25
1998-05-04 10.29 10.5 10.0 10.0
1998-06-03 11.36 11.48 11.1 11.1
1998-06-05 11.17 11.25 10.98 10.98
1998-06-18 9.85 9.99 9.7 9.7
1998-07-03 9.8 9.89 9.6 9.6
1998-07-07 9.93 10.06 9.8 9.8
1998-07-21 7.7 7.85 7.63 7.63
1998-07-22 7.8 7.9 7.65 7.65
1998-08-18 6.85 7.05 6.3 6.3
1998-08-19 7.09 7.2 6.85 6.85
1998-08-21 7.25 7.36 7.15 7.15
1998-09-02 7.17 7.25 7.03 7.03
1998-09-03 7.2 7.27 7.05 7.05
1998-09-04 7.42 7.55 7.12 7.12
1998-09-08 7.57 7.68 7.41 7.41
1998-09-09 7.95 7.96 7.5 7.5
1998-09-18 8.52 8.6 8.09 8.09
1998-09-30 8.54 8.58 8.18 8.18
1998-10-12 9.49 9.5 9.11 9.11
1998-11-12 9.64 9.99 9.48 9.48
1998-11-20 9.38 9.48 9.08 9.08
1998-11-24 9.45 9.6 9.09 9.09
1998-11-25 9.28 9.5 9.12 9.12
1998-12-03 9.09 9.14 8.88 8.88
1998-12-21 8.46 8.46 8.16 8.16
1998-12-25 8.4 8.55 8.3 8.3
1999-01-07 7.87 7.88 7.69 7.69
1999-02-03 7.82 7.86 7.73 7.73
1999-02-09 8.25 8.36 8.04 8.04
1999-03-05 8.14 8.17 8.0 8.0
1999-03-08 8.43 8.45 8.18 8.18
1999-04-14 7.2 7.26 7.11 7.11
1999-04-16 7.2 7.29 7.01 7.01
1999-04-29 7.91 8.0 7.73 7.73
1999-05-11 8.54 8.63 8.19 8.19
1999-05-28 9.98 10.01 9.1 9.1
1999-06-01 11.1 11.2 9.7 9.7
1999-06-10 11.2 11.75 11.1 11.1
1999-06-29 15.91 15.91 14.53 14.53
1999-08-18 14.31 14.41 14.03 14.03
1999-09-07 12.76 12.98 12.2 12.2
1999-09-09 13.0 13.17 12.55 12.55
1999-11-05 10.36 10.82 10.28 10.28
2000-01-18 10.45 10.71 10.25 10.25
2000-01-21 11.94 11.98 10.71 10.71
2000-02-21 14.84 14.84 13.79 13.79
2000-03-15 13.37 14.4 13.0 13.0
2000-03-29 13.86 13.98 13.07 13.07
2000-03-30 14.37 14.58 13.91 13.91
2000-04-10 14.18 14.67 14.04 14.04
2000-05-08 15.5 15.9 15.28 15.28
2000-05-18 13.71 13.98 13.3 13.3
2000-06-07 14.22 14.7 14.0 14.0
2000-06-08 13.95 14.25 12.81 12.81
2000-07-12 15.15 15.38 14.98 14.98
2000-07-18 14.9 15.05 14.58 14.58
2000-07-26 15.01 15.14 14.78 14.78
2000-08-02 15.4 15.5 15.13 15.13
2000-08-28 16.72 16.88 16.22 16.22
2000-09-07 16.85 17.65 16.5 16.5
2000-09-11 17.1 17.3 16.61 16.61
2000-09-15 17.42 17.5 16.5 16.5
2000-09-27 17.95 18.12 17.71 17.71
2000-10-10 19.66 19.75 19.1 19.1
2000-10-31 19.95 20.2 19.8 19.8
2000-11-10 19.4 19.79 19.0 19.0
2000-11-16 19.1 19.2 18.75 18.75
2000-11-27 19.68 19.9 18.8 18.8
2000-12-04 20.12 20.33 19.9 19.9
2000-12-06 20.58 20.59 20.01 20.01
2000-12-08 20.57 20.87 20.35 20.35
2000-12-14 20.79 20.8 20.0 20.0
2000-12-18 21.06 21.1 20.56 20.56
2000-12-20 21.28 21.4 20.81 20.81
2000-12-22 21.07 21.5 20.8 20.8
2000-12-29 20.7 20.78 20.45 20.45
2001-01-18 19.91 20.15 19.9 19.9
2001-01-19 20.78 20.78 20.18 20.18
2001-02-05 20.66 21.0 20.0 20.0
2001-02-09 20.5 20.89 20.23 20.23
2001-03-05 20.88 20.97 20.4 20.4
2001-03-07 22.18 22.18 21.2 21.2
2001-04-02 22.12 22.38 21.85 21.85
2001-04-05 22.64 22.65 22.12 22.12
2001-04-11 22.76 22.8 22.58 22.58
2001-04-30 12.04 12.09 11.8 11.8
2001-05-08 12.29 12.29 12.04 12.04
2001-05-17 12.6 12.79 12.3 12.3
2001-05-24 12.19 12.3 12.06 12.06
2001-06-08 13.3 13.44 13.01 13.01
2001-06-21 12.34 12.4 12.18 12.18
2001-07-10 12.36 12.48 12.3 12.3
2001-07-25 11.95 12.09 11.85 11.85
2001-08-09 11.08 11.1 10.5 10.5
2001-08-15 11.23 11.42 11.0 11.0
2001-08-16 11.48 11.6 11.2 11.2
2001-08-24 11.8 12.0 11.71 11.71
2001-08-31 11.93 11.99 11.8 11.8
2001-09-18 11.56 11.63 11.28 11.28
2001-11-15 8.09 8.1 8.0 8.0
2001-12-25 7.79 7.8 7.68 7.68
2002-01-10 6.93 6.98 6.31 6.31
2002-01-31 6.88 7.13 6.6 6.6
2002-03-04 7.34 7.35 7.0 7.0
2002-03-07 8.01 8.03 7.65 7.65
2002-04-08 9.1 9.17 8.95 8.95
2002-06-14 8.56 8.69 8.5 8.5
2002-07-11 8.67 8.85 8.6 8.6
2002-07-15 8.95 8.95 8.74 8.74
2002-07-19 9.35 9.37 9.16 9.16
2002-07-24 9.32 9.47 9.28 9.28
2002-07-30 10.03 10.03 9.12 9.12
2002-08-14 9.82 9.97 9.6 9.6
2002-08-16 10.1 10.17 9.84 9.84
2002-09-03 9.83 10.01 9.8 9.8
2002-09-26 9.17 9.3 9.13 9.13
2002-10-21 8.96 9.03 8.9 8.9
2002-11-05 8.9 9.11 8.86 8.86
2002-11-06 9.2 9.58 8.9 8.9
2002-11-19 6.9 6.9 6.9 6.9
2002-11-20 6.21 6.21 6.21 6.21
2002-11-21 5.59 5.59 5.59 5.59
2002-11-22 5.26 5.39 5.03 5.03
2002-11-26 4.98 5.23 4.86 4.86
2002-12-12 5.18 5.26 5.05 5.05
2002-12-23 5.8 5.95 5.68 5.68
2003-01-08 5.28 5.29 5.06 5.06
2003-01-27 6.21 6.38 6.1 6.1
2005-04-12 2.64 2.69 2.6 2.6
2005-05-18 2.2 2.23 2.17 2.17
2005-05-24 2.15 2.16 2.04 2.04
2005-06-08 2.28 2.32 2.15 2.15
2005-06-13 2.29 2.31 2.25 2.25
2005-06-22 2.16 2.17 2.14 2.14
2005-07-07 2.08 2.09 2.03 2.03
2005-08-05 2.28 2.28 2.19 2.19
2005-10-14 2.4 2.43 2.39 2.39
2005-11-02 2.22 2.26 2.16 2.16
2005-11-18 2.21 2.23 2.14 2.14
2005-12-08 2.21 2.22 2.11 2.11
2006-01-04 2.27 2.27 2.22 2.22
2006-01-12 2.32 2.33 2.28 2.28
2006-01-18 2.35 2.35 2.31 2.31
2006-02-27 2.35 2.36 2.31 2.31
2006-03-27 2.36 2.39 2.26 2.26
2006-05-11 2.68 2.68 2.68 2.68
2006-11-15 3.33 3.37 3.27 3.27
2006-11-27 3.51 3.53 3.45 3.45
2006-12-20 3.62 3.66 3.5 3.5
2007-01-08 3.72 3.76 3.56 3.56
2007-01-09 3.81 3.9 3.75 3.75
2007-01-11 4.28 4.28 3.89 3.89
2007-05-17 9.39 9.65 9.1 9.1
2007-05-23 11.28 11.28 10.25 10.25
2007-06-12 9.6 9.7 8.81 8.81
2007-07-12 9.55 9.55 8.75 8.75
2007-07-23 10.16 10.28 9.45 9.45
2007-07-24 10.11 10.74 10.02 10.02
2007-08-02 13.66 13.66 12.4 12.4
2007-08-20 12.49 12.96 12.32 12.32
2007-08-30 13.48 14.11 13.0 13.0
2007-10-30 8.63 8.7 8.0 8.0
2007-11-14 8.83 8.96 8.46 8.46
2007-11-20 9.09 9.39 9.06 9.06
2007-12-06 9.09 9.09 8.58 8.58
2008-02-04 8.15 8.15 7.57 7.57
2008-02-18 8.52 8.57 8.31 8.31
2008-04-18 6.27 6.49 6.12 6.12
2008-05-07 7.49 7.86 7.4 7.4
2008-05-09 7.99 8.14 7.52 7.52
2008-05-14 7.99 8.08 7.59 7.59
2008-05-23 6.73 6.86 6.6 6.6
2008-05-28 6.81 6.87 6.53 6.53
2008-07-02 4.36 4.38 4.25 4.25
2008-07-09 5.2 5.28 5.03 5.03
2008-08-07 5.13 5.26 4.85 4.85
2008-08-14 4.12 4.18 4.0 4.0
2008-08-29 3.75 3.81 3.6 3.6
2008-09-10 3.38 3.55 3.26 3.26
2008-11-19 3.15 3.17 2.91 2.91
2009-01-06 3.42 3.45 3.25 3.25
2009-01-09 3.33 3.35 3.24 3.24
2009-01-16 3.55 3.62 3.47 3.47
2009-02-24 5.17 5.53 4.97 4.97
2009-03-26 6.14 6.18 5.7 5.7
2009-04-01 6.59 6.75 6.44 6.44
2009-04-24 7.76 7.98 7.55 7.55
2009-05-04 8.15 8.25 7.8 7.8
2009-05-15 7.88 8.11 7.8 7.8
2009-05-26 7.76 7.98 7.41 7.41
2009-06-10 7.89 8.0 7.72 7.72
2009-07-08 7.4 7.45 7.27 7.27
2009-07-16 8.5 8.5 7.73 7.73
2009-08-20 6.28 6.3 6.06 6.06
2009-10-19 6.88 6.89 6.81 6.81
2009-10-30 7.03 7.19 6.76 6.76
2009-11-16 7.87 8.05 7.72 7.72
2009-11-17 8.21 8.34 7.87 7.87
2009-11-25 8.5 8.58 8.15 8.15
2009-12-02 9.16 9.16 8.29 8.29
2010-01-14 9.55 9.61 9.15 9.15
2010-02-22 8.99 9.11 8.3 8.3
2010-02-24 9.14 9.32 9.0 9.0
2010-02-25 9.7 10.05 9.08 9.08
2010-03-03 10.75 11.05 10.1 10.1
2010-03-10 10.25 10.32 10.05 10.05
2010-04-22 11.65 11.68 11.12 11.12
2010-05-05 11.3 11.34 10.61 10.61
2010-05-24 9.33 9.34 8.81 8.81
2010-07-06 8.78 8.8 8.61 8.61
2010-07-29 9.89 10.05 9.71 9.71
2010-07-30 10.37 10.52 9.9 9.9
2010-08-05 10.3 10.5 9.86 9.86
2010-09-13 11.09 11.3 10.69 10.69
2010-10-08 10.05 10.24 9.91 9.91
2010-11-04 9.63 9.7 9.45 9.45
2010-11-25 9.33 9.34 9.11 9.11
2011-01-24 10.0 10.1 9.34 9.34
2011-02-10 9.93 9.94 9.45 9.45
2011-03-21 9.38 9.41 9.26 9.26
2011-04-29 9.71 9.72 9.51 9.51
2011-06-21 9.0 9.05 8.87 8.87
2011-06-24 9.25 9.36 9.0 9.0
2011-06-30 9.17 9.18 8.93 8.93
2011-08-01 9.04 9.11 9.01 9.01
2011-08-24 8.12 8.3 7.95 7.95
2011-09-09 8.61 8.67 8.2 8.2
2011-11-14 8.25 8.3 8.15 8.15
2011-12-16 6.35 6.4 6.02 6.02
2012-04-11 6.15 6.15 6.15 6.15
2012-04-12 6.77 6.77 6.77 6.77
2012-04-13 7.45 7.45 7.45 7.45
2012-04-18 7.83 7.93 7.7 7.7
2012-06-20 6.75 6.99 6.57 6.57
2012-08-16 6.95 7.15 6.33 6.33
2012-10-09 6.26 6.27 6.11 6.11
2012-11-05 6.08 6.15 6.05 6.05
2012-11-07 6.11 6.14 5.97 5.97
2013-01-07 5.96 5.98 5.78 5.78
2013-01-15 6.3 6.38 6.18 6.18
2013-01-18 6.58 6.61 6.33 6.33
2013-03-05 5.98 6.0 5.9 5.9
2013-04-09 5.89 5.9 5.75 5.75
2013-04-19 6.14 6.22 5.77 5.77
2013-04-22 6.22 6.24 6.1 6.1
2013-05-17 6.89 6.96 6.42 6.42
2013-07-05 5.11 5.15 5.07 5.07
2013-07-10 5.12 5.14 4.95 4.95
2013-07-15 5.22 5.23 5.12 5.12
2013-08-12 5.58 5.67 5.4 5.4
2013-08-26 5.52 5.53 5.4 5.4
2013-08-29 5.71 5.75 5.56 5.56
2013-10-18 6.04 6.08 5.98 5.98
2013-11-11 5.31 5.32 5.22 5.22
2013-11-12 5.36 5.37 5.3 5.3
2013-11-27 6.03 6.07 5.93 5.93
2013-11-29 6.79 6.98 6.53 6.53
2014-01-13 5.49 5.52 5.37 5.37
2014-03-17 5.89 5.89 5.77 5.77
2014-06-20 5.55 5.57 5.49 5.49
2014-06-23 5.58 5.63 5.55 5.55
2014-06-27 5.7 5.72 5.66 5.66
2014-07-14 5.79 5.8 5.74 5.74
2014-07-31 6.03 6.05 5.95 5.95
2014-08-18 6.26 6.26 6.18 6.18
2014-08-27 6.16 6.17 6.07 6.07
2014-11-03 7.1 7.17 6.95 6.95
2014-11-19 6.94 6.95 6.82 6.82
2014-12-24 6.76 6.76 6.58 6.58
2014-12-26 7.08 7.26 6.81 6.81
2015-01-20 6.78 6.79 6.59 6.59
2015-02-02 8.27 8.42 7.72 7.72
2015-02-13 7.85 8.04 7.73 7.73
2015-03-09 7.98 8.02 7.8 7.8
2015-03-13 8.25 8.27 7.97 7.97
2015-04-15 10.2 10.7 10.06 10.06
2015-07-08 6.22 6.35 6.22 6.22
2015-07-09 6.84 6.84 5.9 5.9
2015-07-17 8.64 8.79 8.03 8.03
2015-08-07 9.24 9.28 8.78 8.78
2015-08-25 7.01 7.3 7.01 7.01
2015-10-15 8.4 8.5 7.74 7.74
2015-11-06 9.2 9.35 8.95 8.95
2015-12-03 9.86 9.88 9.66 9.66
2016-01-05 10.11 10.28 9.28 9.28
2016-01-29 8.02 8.15 7.43 7.43
2016-02-15 8.01 8.06 7.8 7.8
2016-02-16 8.37 8.42 8.05 8.05
2016-08-02 8.2 8.21 8.14 8.14
2016-08-16 8.47 8.52 8.39 8.39
2016-08-18 9.01 9.19 8.67 8.67
2016-09-08 9.78 9.82 9.56 9.56
2016-09-27 8.95 8.97 8.81 8.81
2016-12-09 10.33 10.75 9.91 9.91
2016-12-21 9.64 9.9 9.5 9.5
2016-12-27 9.56 9.59 9.46 9.46
2017-01-20 8.94 9.04 8.75 8.75
2017-01-23 9.18 9.19 8.95 8.95
2017-02-20 9.94 10.18 9.71 9.71
2017-03-14 9.83 10.0 9.81 9.81
2017-04-05 9.49 9.49 9.25 9.25
2017-05-15 7.88 7.97 7.86 7.86
2017-05-17 8.07 8.15 8.01 8.01
2017-05-31 8.27 8.42 8.23 8.23
2017-06-01 8.45 8.65 8.27 8.27
2017-06-13 8.59 8.65 8.36 8.36
2017-07-28 8.27 8.32 8.01 8.01
2017-08-01 8.42 8.48 8.26 8.26
2017-08-24 8.57 8.72 8.56 8.56
