1994-06-22 7.08 7.17 7.0 7.0
1994-06-27 6.51 6.6 6.5 6.5
1994-09-28 15.6 15.74 15.1 15.1
1994-09-30 13.3 14.2 13.18 13.18
1994-10-12 12.1 12.5 11.8 11.8
1994-10-19 11.2 11.2 10.53 10.53
1994-10-24 14.2 14.2 13.0 13.0
1994-11-29 13.1 13.1 12.71 12.71
1994-11-30 13.1 13.17 12.98 12.98
1994-12-16 13.01 13.48 12.52 12.52
1994-12-20 13.05 13.19 12.5 12.5
1995-01-13 12.35 12.5 12.2 12.2
1995-01-26 11.38 11.44 11.2 11.2
1995-01-27 11.49 11.65 11.31 11.31
1995-02-13 10.8 10.8 10.43 10.43
1995-02-15 10.62 10.75 10.55 10.55
1995-02-21 10.6 10.6 10.39 10.39
1995-02-22 12.0 12.35 10.65 10.65
1995-03-02 11.85 11.98 11.5 11.5
1995-03-21 12.34 12.4 12.03 12.03
1995-03-22 12.9 12.92 12.5 12.5
1995-05-19 18.5 18.5 15.5 15.5
1995-07-20 13.49 13.59 13.2 13.2
1995-09-29 11.87 12.3 11.59 11.59
1995-10-05 11.74 11.75 11.52 11.52
1995-10-13 11.15 11.4 10.81 10.81
1995-10-18 11.5 11.62 11.4 11.4
1995-10-25 12.7 13.1 12.51 12.51
1996-01-15 7.65 7.7 7.56 7.56
1996-01-16 8.01 8.15 7.62 7.62
1996-02-13 7.5 7.56 7.5 7.5
1996-02-15 7.64 7.65 7.53 7.53
1996-02-16 7.85 7.92 7.7 7.7
1996-03-07 7.83 7.83 7.78 7.78
1996-04-05 8.19 8.27 7.76 7.76
1996-04-10 8.19 8.25 8.18 8.18
1996-04-15 8.25 8.31 8.2 8.2
1996-04-17 8.38 8.49 8.35 8.35
1996-04-18 8.41 8.5 8.1 8.1
1996-04-19 8.88 8.88 8.45 8.45
1996-04-23 8.5 8.5 8.22 8.22
1996-04-24 9.06 9.08 8.6 8.6
1996-04-26 10.0 11.0 8.85 8.85
1996-05-06 9.0 9.24 8.85 8.85
1996-05-17 9.25 9.25 8.68 8.68
1996-06-26 7.94 8.01 7.8 7.8
1996-07-18 7.38 7.4 7.2 7.2
1996-07-22 8.7 9.22 8.3 8.3
1996-07-25 8.4 8.69 8.35 8.35
1996-08-12 8.65 8.8 8.42 8.42
1996-08-14 8.5 8.7 8.35 8.35
1996-08-21 7.8 8.16 7.6 7.6
1996-09-26 6.56 6.59 6.44 6.44
1996-10-07 6.8 6.8 6.7 6.7
1996-10-14 7.24 7.3 6.9 6.9
1996-10-17 7.1 7.12 6.85 6.85
1996-11-11 6.92 6.98 6.8 6.8
1996-12-02 8.64 8.64 7.79 7.79
1996-12-09 9.43 9.88 9.35 9.35
1996-12-16 7.16 7.75 7.16 7.16
1996-12-17 6.44 6.89 6.44 6.44
1996-12-20 6.15 6.38 5.71 5.71
1996-12-25 6.24 6.33 6.0 6.0
1997-02-20 7.1 7.25 6.02 6.02
1997-03-28 8.4 8.64 8.2 8.2
1997-03-31 9.24 9.24 8.81 8.81
1997-04-28 8.77 9.01 8.77 8.77
1997-05-05 9.5 9.78 9.3 9.3
1997-05-06 10.06 10.2 9.55 9.55
1997-07-18 6.98 7.0 6.82 6.82
1997-07-30 7.38 7.4 7.1 7.1
1997-07-31 7.88 7.92 7.38 7.38
1997-08-05 8.4 8.5 8.1 8.1
1997-08-08 8.46 8.48 7.91 7.91
1997-08-11 8.53 8.82 8.42 8.42
1997-08-14 9.0 9.05 8.41 8.41
1997-08-19 8.53 8.61 8.42 8.42
1997-08-22 8.71 8.8 8.46 8.46
1997-08-25 8.94 8.97 8.68 8.68
1997-09-08 9.39 9.46 9.1 9.1
1997-09-19 8.79 8.85 8.5 8.5
1997-12-25 10.34 10.38 9.9 9.9
1998-02-25 11.44 11.75 11.39 11.39
1998-09-04 10.88 10.97 10.55 10.55
1998-11-04 15.6 15.68 14.88 14.88
1998-11-10 15.95 16.4 15.65 15.65
1998-11-13 16.1 16.18 15.82 15.82
1998-11-16 17.28 17.4 16.18 16.18
1998-12-30 10.28 11.8 10.28 10.28
1998-12-31 10.03 10.46 9.3 9.3
1999-01-27 9.33 9.38 9.1 9.1
1999-01-29 9.3 9.38 9.1 9.1
1999-03-26 10.31 10.48 10.2 10.2
1999-04-05 11.52 11.65 11.12 11.12
1999-05-06 9.3 9.38 8.96 8.96
1999-05-12 8.96 8.96 8.7 8.7
1999-05-20 9.76 9.79 9.06 9.06
1999-06-09 10.92 11.1 10.35 10.35
1999-09-16 12.75 12.85 12.5 12.5
1999-09-24 12.29 12.39 12.05 12.05
1999-09-28 11.88 12.09 11.82 11.82
1999-10-11 11.41 11.63 11.19 11.19
1999-10-15 11.74 12.03 11.12 11.12
1999-12-02 15.25 15.4 14.0 14.0
1999-12-28 14.98 15.0 14.16 14.16
2000-01-07 19.5 20.6 19.0 19.0
2000-02-25 15.85 16.2 15.68 15.68
2000-04-21 17.83 18.6 17.4 17.4
2000-04-26 18.29 18.6 17.63 17.63
2000-05-08 18.8 19.0 18.15 18.15
2000-05-16 16.91 16.98 16.47 16.47
2000-05-18 16.95 17.0 16.75 16.75
2000-05-24 17.7 17.9 17.28 17.28
2000-07-12 16.56 16.56 16.25 16.25
2000-08-08 17.8 17.92 17.19 17.19
2000-08-10 19.11 19.3 17.99 17.99
2000-08-31 22.5 23.32 22.3 22.3
2000-09-04 23.52 23.97 22.4 22.4
2000-09-06 23.48 23.88 22.85 22.85
2000-09-07 24.95 24.95 23.48 23.48
2000-09-13 24.89 24.96 24.75 24.75
2000-11-15 26.4 26.5 26.17 26.17
2000-11-16 26.6 26.65 26.23 26.23
2000-11-24 25.08 25.8 25.06 25.06
2000-11-28 25.5 25.5 25.3 25.3
2000-12-01 25.98 26.48 25.4 25.4
2001-01-19 27.39 27.46 26.86 26.86
2001-03-13 28.0 28.3 27.1 27.1
2001-04-03 28.19 28.29 27.8 27.8
2001-04-04 28.29 28.38 27.38 27.38
2001-04-11 28.88 28.88 28.31 28.31
2001-04-13 29.29 29.5 28.88 28.88
2001-04-16 29.31 29.98 29.25 29.25
2001-05-18 29.5 29.6 29.0 29.0
2001-09-05 15.05 15.05 13.88 13.88
2001-09-28 12.88 12.95 12.73 12.73
2001-11-14 12.25 12.47 12.15 12.15
2002-01-31 12.91 12.95 12.3 12.3
2002-02-04 13.26 13.5 12.65 12.65
2002-02-07 13.24 13.35 12.8 12.8
2002-03-28 14.27 14.47 14.0 14.0
2002-04-05 13.88 14.14 13.69 13.69
2002-06-17 12.8 12.85 12.65 12.65
2002-06-21 13.15 13.29 12.4 12.4
2002-07-11 14.91 15.25 14.51 14.51
2002-08-08 15.58 15.92 15.0 15.0
2002-08-13 15.55 15.62 15.2 15.2
2002-09-18 15.19 15.34 15.02 15.02
2002-09-26 15.35 15.36 15.14 15.14
2002-12-03 13.3 13.31 13.03 13.03
2002-12-06 13.03 13.38 13.0 13.0
2002-12-13 12.28 12.29 12.0 12.0
2002-12-16 12.37 12.43 12.11 12.11
2003-01-14 13.0 13.72 12.3 12.3
2003-01-22 13.0 13.11 12.54 12.54
2003-01-29 12.56 13.05 11.7 11.7
2003-02-25 12.85 13.74 12.7 12.7
2003-02-27 12.78 12.86 12.51 12.51
2003-03-07 13.06 13.08 12.71 12.71
2003-03-11 12.94 12.97 12.78 12.78
2003-03-13 13.19 13.25 12.95 12.95
2003-03-18 12.89 13.03 12.88 12.88
2003-05-29 12.61 12.7 12.36 12.36
2003-06-06 12.23 12.46 12.12 12.12
2003-06-12 12.31 12.38 12.18 12.18
2003-06-13 12.35 12.55 12.3 12.3
2003-07-14 10.98 11.13 10.85 10.85
2003-08-14 9.74 9.83 9.6 9.6
2003-08-22 10.09 10.19 9.75 9.75
2003-09-15 9.79 9.85 9.75 9.75
2003-09-19 10.4 10.45 10.21 10.21
2003-09-26 10.91 11.0 10.8 10.8
2003-09-30 10.6 10.65 10.44 10.44
2003-10-15 11.29 11.6 11.0 11.0
2003-10-17 11.15 11.43 11.05 11.05
2003-10-22 10.99 11.3 10.65 10.65
2003-10-28 10.47 10.67 10.43 10.43
2003-10-31 10.71 10.77 10.05 10.05
2003-11-03 10.7 10.73 10.48 10.48
2003-11-04 10.93 11.03 10.6 10.6
2003-11-10 10.15 10.25 9.85 9.85
2003-11-17 9.58 9.7 9.49 9.49
2004-05-26 12.09 12.15 11.82 11.82
2004-06-14 10.83 11.01 10.5 10.5
2004-07-23 9.67 9.7 9.4 9.4
2004-07-26 9.62 9.73 9.55 9.55
2004-08-03 9.73 9.75 9.6 9.6
2004-08-04 9.72 10.05 9.61 9.61
2004-08-24 9.2 9.25 9.1 9.1
2004-10-18 9.2 9.3 9.06 9.06
2004-11-15 9.2 9.5 8.55 8.55
2004-12-09 8.96 9.15 8.7 8.7
2004-12-10 9.0 9.0 8.9 8.9
2004-12-15 8.76 8.9 8.5 8.5
2005-01-20 6.76 6.85 6.68 6.68
2005-05-11 4.81 4.91 4.78 4.78
2005-05-13 5.08 5.16 4.8 4.8
2005-06-27 5.56 5.67 5.48 5.48
2005-12-27 4.06 4.08 4.04 4.04
2006-01-23 4.31 4.42 4.25 4.25
2006-01-25 4.4 4.47 4.23 4.23
2006-07-13 12.54 13.01 11.88 11.88
2006-11-08 11.05 11.3 10.95 10.95
2007-01-16 14.29 14.67 14.02 14.02
2007-01-19 14.9 15.2 14.08 14.08
2007-03-02 18.21 18.21 16.57 16.57
2007-04-25 22.03 22.03 22.03 22.03
2007-04-26 24.23 24.23 24.23 24.23
2007-04-27 26.65 26.65 26.65 26.65
2007-04-30 29.32 29.32 29.32 29.32
2007-05-08 32.25 32.25 32.25 32.25
2007-09-17 57.37 59.88 55.3 55.3
2007-11-14 44.49 44.78 43.2 43.2
2007-12-21 49.02 49.97 47.32 47.32
2008-01-09 50.78 51.5 50.02 50.02
2008-01-14 49.96 50.5 49.05 49.05
2008-01-29 42.72 44.58 42.39 42.39
2008-04-30 29.58 30.48 28.25 28.25
2008-05-28 29.04 29.2 28.1 28.1
2008-09-17 11.73 11.8 11.52 11.52
2008-09-25 12.8 13.35 12.5 12.5
2008-11-20 12.01 12.26 11.69 11.69
2009-02-12 16.35 16.38 15.7 15.7
2009-03-19 15.6 15.8 15.21 15.21
2009-07-23 13.49 13.81 13.18 13.18
2010-12-01 8.56 8.68 8.5 8.5
2012-05-08 6.91 7.02 6.86 6.86
2012-09-27 5.19 5.25 5.05 5.05
2012-12-17 4.72 4.75 4.61 4.61
2013-04-12 4.67 4.72 4.64 4.64
2013-04-19 4.86 4.89 4.82 4.82
2013-09-12 7.35 7.35 7.3 7.3
2014-04-16 8.9 8.98 8.86 8.86
2014-11-10 11.87 11.96 11.36 11.36
2015-04-24 15.37 15.78 15.15 15.15
2015-12-25 12.17 12.27 12.05 12.05
2016-05-10 7.86 7.94 7.83 7.83
2016-08-03 8.4 8.54 8.14 8.14
2016-08-08 8.86 8.95 8.4 8.4
2017-03-06 8.94 9.01 8.8 8.8
