1994-02-04 12.32 13.0 11.8 11.8
1994-03-16 12.79 12.88 11.51 11.51
1994-04-21 8.1 8.49 7.1 7.1
1994-06-15 6.72 6.78 6.65 6.65
1994-06-22 7.08 7.17 7.0 7.0
1994-06-27 6.51 6.6 6.5 6.5
1994-08-16 8.65 9.0 8.2 8.2
1994-09-09 16.2 16.8 15.49 15.49
1994-09-21 15.6 15.91 14.9 14.9
1994-09-28 15.6 15.74 15.1 15.1
1994-09-30 13.3 14.2 13.18 13.18
1994-10-12 12.1 12.5 11.8 11.8
1994-10-19 11.2 11.2 10.53 10.53
1994-10-24 14.2 14.2 13.0 13.0
1994-11-03 13.15 13.47 12.01 12.01
1994-11-28 12.94 13.0 12.8 12.8
1994-11-29 13.1 13.1 12.71 12.71
1994-11-30 13.1 13.17 12.98 12.98
1994-12-15 12.88 13.08 11.99 11.99
1994-12-16 13.01 13.48 12.52 12.52
1994-12-20 13.05 13.19 12.5 12.5
1994-12-30 12.84 12.98 12.5 12.5
1995-01-11 12.65 12.9 12.35 12.35
1995-01-13 12.35 12.5 12.2 12.2
1995-01-25 11.3 11.55 11.15 11.15
1995-01-26 11.38 11.44 11.2 11.2
1995-01-27 11.49 11.65 11.31 11.31
1995-02-13 10.8 10.8 10.43 10.43
1995-02-15 10.62 10.75 10.55 10.55
1995-02-21 10.6 10.6 10.39 10.39
1995-02-22 12.0 12.35 10.65 10.65
1995-03-02 11.85 11.98 11.5 11.5
1995-03-17 12.48 12.55 12.01 12.01
1995-03-21 12.34 12.4 12.03 12.03
1995-03-22 12.9 12.92 12.5 12.5
1995-03-31 12.95 12.99 12.61 12.61
1995-05-11 11.8 11.8 11.5 11.5
1995-05-19 18.5 18.5 15.5 15.5
1995-06-13 14.42 14.5 14.2 14.2
1995-07-04 12.98 12.99 12.85 12.85
1995-07-17 13.99 14.05 13.25 13.25
1995-07-20 13.49 13.59 13.2 13.2
1995-08-03 13.45 13.55 13.3 13.3
1995-08-29 13.12 13.3 13.1 13.1
1995-09-08 13.3 13.51 13.25 13.25
1995-09-25 12.07 12.18 11.81 11.81
1995-09-29 11.87 12.3 11.59 11.59
1995-10-05 11.74 11.75 11.52 11.52
1995-10-13 11.15 11.4 10.81 10.81
1995-10-18 11.5 11.62 11.4 11.4
1995-10-25 12.7 13.1 12.51 12.51
1995-11-10 12.0 12.08 11.71 11.71
1995-11-24 11.99 12.2 11.88 11.88
1996-01-08 7.65 7.7 7.5 7.5
1996-01-15 7.65 7.7 7.56 7.56
1996-01-16 8.01 8.15 7.62 7.62
1996-01-26 7.68 7.68 7.4 7.4
1996-02-06 7.42 7.5 7.38 7.38
1996-02-13 7.5 7.56 7.5 7.5
1996-02-15 7.64 7.65 7.53 7.53
1996-02-16 7.85 7.92 7.7 7.7
1996-03-07 7.83 7.83 7.78 7.78
1996-04-04 7.8 7.8 7.7 7.7
1996-04-05 8.19 8.27 7.76 7.76
1996-04-10 8.19 8.25 8.18 8.18
1996-04-15 8.25 8.31 8.2 8.2
1996-04-17 8.38 8.49 8.35 8.35
1996-04-18 8.41 8.5 8.1 8.1
1996-04-19 8.88 8.88 8.45 8.45
1996-04-23 8.5 8.5 8.22 8.22
1996-04-24 9.06 9.08 8.6 8.6
1996-04-26 10.0 11.0 8.85 8.85
1996-05-06 9.0 9.24 8.85 8.85
1996-05-15 8.75 8.75 8.56 8.56
1996-05-17 9.25 9.25 8.68 8.68
1996-05-29 8.26 8.42 8.2 8.2
1996-06-12 7.91 8.1 7.89 7.89
1996-06-21 8.48 8.5 8.2 8.2
1996-06-26 7.94 8.01 7.8 7.8
1996-07-16 7.36 7.38 7.05 7.05
1996-07-18 7.38 7.4 7.2 7.2
1996-07-22 8.7 9.22 8.3 8.3
1996-07-25 8.4 8.69 8.35 8.35
1996-08-08 8.38 8.38 8.25 8.25
1996-08-12 8.65 8.8 8.42 8.42
1996-08-14 8.5 8.7 8.35 8.35
1996-08-21 7.8 8.16 7.6 7.6
1996-09-20 6.46 6.46 6.25 6.25
1996-09-26 6.56 6.59 6.44 6.44
1996-10-07 6.8 6.8 6.7 6.7
1996-10-14 7.24 7.3 6.9 6.9
1996-10-17 7.1 7.12 6.85 6.85
1996-11-04 7.03 7.1 6.79 6.79
1996-11-11 6.92 6.98 6.8 6.8
1996-11-28 7.3 7.35 7.03 7.03
1996-12-02 8.64 8.64 7.79 7.79
1996-12-09 9.43 9.88 9.35 9.35
1996-12-16 7.16 7.75 7.16 7.16
1996-12-17 6.44 6.89 6.44 6.44
1996-12-20 6.15 6.38 5.71 5.71
1996-12-25 6.24 6.33 6.0 6.0
1997-01-17 6.25 6.3 6.15 6.15
1997-01-30 6.46 6.46 6.26 6.26
1997-02-20 7.1 7.25 6.02 6.02
1997-03-21 7.9 7.97 7.41 7.41
1997-03-28 8.4 8.64 8.2 8.2
1997-03-31 9.24 9.24 8.81 8.81
1997-04-24 10.35 10.6 9.81 9.81
1997-04-28 8.77 9.01 8.77 8.77
1997-05-05 9.5 9.78 9.3 9.3
1997-05-06 10.06 10.2 9.55 9.55
1997-05-16 8.54 9.0 8.54 8.54
1997-05-29 8.18 8.5 8.0 8.0
1997-06-16 7.8 8.0 7.6 7.6
1997-06-26 8.0 8.3 7.85 7.85
1997-07-11 6.8 6.98 6.46 6.46
1997-07-18 6.98 7.0 6.82 6.82
1997-07-29 7.02 7.1 6.8 6.8
1997-07-30 7.38 7.4 7.1 7.1
1997-07-31 7.88 7.92 7.38 7.38
1997-08-05 8.4 8.5 8.1 8.1
1997-08-08 8.46 8.48 7.91 7.91
1997-08-11 8.53 8.82 8.42 8.42
1997-08-14 9.0 9.05 8.41 8.41
1997-08-19 8.53 8.61 8.42 8.42
1997-08-22 8.71 8.8 8.46 8.46
1997-08-25 8.94 8.97 8.68 8.68
1997-09-05 9.1 9.13 8.7 8.7
1997-09-08 9.39 9.46 9.1 9.1
1997-09-17 8.52 8.66 8.38 8.38
1997-09-19 8.79 8.85 8.5 8.5
1997-10-22 7.88 7.98 7.6 7.6
1997-11-10 7.92 7.97 7.6 7.6
1997-11-21 7.6 7.65 7.3 7.3
1997-12-04 8.65 8.68 8.4 8.4
1997-12-17 9.5 9.6 9.25 9.25
1997-12-25 10.34 10.38 9.9 9.9
1998-02-24 11.34 11.5 10.9 10.9
1998-02-25 11.44 11.75 11.39 11.39
1998-03-09 11.95 12.15 11.75 11.75
1998-04-08 13.92 13.95 13.5 13.5
1998-04-20 15.15 15.88 15.0 15.0
1998-05-04 15.2 15.67 15.0 15.0
1998-05-25 9.03 9.1 8.65 8.65
1998-06-03 10.05 10.09 9.1 9.1
1998-06-18 11.59 11.8 11.01 11.01
1998-07-09 10.9 11.18 10.6 10.6
1998-08-19 9.25 9.25 8.77 8.77
1998-09-03 10.6 10.7 10.0 10.0
1998-09-04 10.88 10.97 10.55 10.55
1998-09-17 13.1 13.38 12.47 12.47
1998-11-03 14.88 14.88 13.8 13.8
1998-11-04 15.6 15.68 14.88 14.88
1998-11-10 15.95 16.4 15.65 15.65
1998-11-13 16.1 16.18 15.82 15.82
1998-11-16 17.28 17.4 16.18 16.18
1998-12-29 11.42 11.42 11.42 11.42
1998-12-30 10.28 11.8 10.28 10.28
1998-12-31 10.03 10.46 9.3 9.3
1999-01-15 9.48 9.57 8.65 8.65
1999-01-26 9.21 9.34 9.1 9.1
1999-01-27 9.33 9.38 9.1 9.1
1999-01-29 9.3 9.38 9.1 9.1
1999-02-09 9.17 9.35 9.0 9.0
1999-03-09 10.95 11.44 10.6 10.6
1999-03-19 10.72 10.72 10.2 10.2
1999-03-26 10.31 10.48 10.2 10.2
1999-04-05 11.52 11.65 11.12 11.12
1999-04-14 10.3 10.41 10.11 10.11
1999-04-28 8.84 9.08 8.7 8.7
1999-05-06 9.3 9.38 8.96 8.96
1999-05-12 8.96 8.96 8.7 8.7
1999-05-20 9.76 9.79 9.06 9.06
1999-06-01 10.3 10.38 9.9 9.9
1999-06-09 10.92 11.1 10.35 10.35
1999-06-21 12.41 12.75 11.85 11.85
1999-07-29 11.55 11.8 11.0 11.0
1999-08-17 11.15 11.25 10.76 10.76
1999-09-09 12.63 12.79 12.18 12.18
1999-09-16 12.75 12.85 12.5 12.5
1999-09-24 12.29 12.39 12.05 12.05
1999-09-28 11.88 12.09 11.82 11.82
1999-10-11 11.41 11.63 11.19 11.19
1999-10-15 11.74 12.03 11.12 11.12
1999-10-27 11.58 11.71 11.44 11.44
1999-12-01 14.0 14.25 12.95 12.95
1999-12-02 15.25 15.4 14.0 14.0
1999-12-24 15.0 15.31 14.9 14.9
1999-12-28 14.98 15.0 14.16 14.16
2000-01-07 19.5 20.6 19.0 19.0
2000-02-14 16.83 16.83 15.48 15.48
2000-02-23 16.03 16.3 14.62 14.62
2000-02-25 15.85 16.2 15.68 15.68
2000-03-13 16.5 16.75 16.1 16.1
2000-04-10 18.29 18.5 17.5 17.5
2000-04-19 17.55 17.7 17.2 17.2
2000-04-21 17.83 18.6 17.4 17.4
2000-04-26 18.29 18.6 17.63 17.63
2000-05-08 18.8 19.0 18.15 18.15
2000-05-16 16.91 16.98 16.47 16.47
2000-05-18 16.95 17.0 16.75 16.75
2000-05-24 17.7 17.9 17.28 17.28
2000-07-07 16.58 16.79 16.22 16.22
2000-07-12 16.56 16.56 16.25 16.25
2000-07-31 17.8 17.92 17.3 17.3
2000-08-08 17.8 17.92 17.19 17.19
2000-08-10 19.11 19.3 17.99 17.99
2000-08-24 21.16 21.3 20.63 20.63
2000-08-31 22.5 23.32 22.3 22.3
2000-09-04 23.52 23.97 22.4 22.4
2000-09-06 23.48 23.88 22.85 22.85
2000-09-07 24.95 24.95 23.48 23.48
2000-09-13 24.89 24.96 24.75 24.75
2000-09-26 23.6 24.08 23.4 23.4
2000-11-01 23.79 23.83 23.3 23.3
2000-11-10 26.18 26.2 25.0 25.0
2000-11-15 26.4 26.5 26.17 26.17
2000-11-16 26.6 26.65 26.23 26.23
2000-11-24 25.08 25.8 25.06 25.06
2000-11-28 25.5 25.5 25.3 25.3
2000-12-01 25.98 26.48 25.4 25.4
2000-12-19 28.4 28.45 28.1 28.1
2001-01-18 26.82 28.76 26.52 26.52
2001-01-19 27.39 27.46 26.86 26.86
2001-02-28 27.7 28.1 26.8 26.8
2001-03-09 27.9 28.0 27.67 27.67
2001-03-13 28.0 28.3 27.1 27.1
2001-03-29 28.1 28.3 27.8 27.8
2001-04-03 28.19 28.29 27.8 27.8
2001-04-04 28.29 28.38 27.38 27.38
2001-04-11 28.88 28.88 28.31 28.31
2001-04-13 29.29 29.5 28.88 28.88
2001-04-16 29.31 29.98 29.25 29.25
2001-04-26 28.21 28.7 27.8 27.8
2001-05-17 29.29 29.5 29.0 29.0
2001-05-18 29.5 29.6 29.0 29.0
2001-05-31 20.8 20.96 20.17 20.17
2001-07-31 18.97 19.05 18.0 18.0
2001-08-09 17.65 17.79 17.2 17.2
2001-09-04 13.68 13.72 13.4 13.4
2001-09-05 15.05 15.05 13.88 13.88
2001-09-18 12.99 13.15 12.75 12.75
2001-09-27 12.82 13.05 12.7 12.7
2001-09-28 12.88 12.95 12.73 12.73
2001-10-16 12.41 12.68 11.8 11.8
2001-11-13 12.08 12.33 11.8 11.8
2001-11-14 12.25 12.47 12.15 12.15
2001-11-27 14.46 14.46 14.02 14.02
2001-12-31 13.43 13.48 13.08 13.08
2002-01-15 11.38 11.77 11.3 11.3
2002-01-25 12.45 12.6 12.35 12.35
2002-01-31 12.91 12.95 12.3 12.3
2002-02-04 13.26 13.5 12.65 12.65
2002-02-07 13.24 13.35 12.8 12.8
2002-03-25 14.07 14.1 13.74 13.74
2002-03-28 14.27 14.47 14.0 14.0
2002-04-05 13.88 14.14 13.69 13.69
2002-05-13 13.91 14.1 13.74 13.74
2002-06-11 12.72 12.85 12.48 12.48
2002-06-17 12.8 12.85 12.65 12.65
2002-06-21 13.15 13.29 12.4 12.4
2002-07-03 14.58 14.86 14.05 14.05
2002-07-11 14.91 15.25 14.51 14.51
2002-07-23 16.44 16.47 16.14 16.14
2002-08-06 16.01 16.17 15.9 15.9
2002-08-08 15.58 15.92 15.0 15.0
2002-08-13 15.55 15.62 15.2 15.2
2002-09-13 15.56 15.6 15.35 15.35
2002-09-18 15.19 15.34 15.02 15.02
2002-09-26 15.35 15.36 15.14 15.14
2002-11-26 13.08 13.39 13.01 13.01
2002-12-03 13.3 13.31 13.03 13.03
2002-12-06 13.03 13.38 13.0 13.0
2002-12-13 12.28 12.29 12.0 12.0
2002-12-16 12.37 12.43 12.11 12.11
2003-01-06 11.9 11.9 11.53 11.53
2003-01-14 13.0 13.72 12.3 12.3
2003-01-22 13.0 13.11 12.54 12.54
2003-01-29 12.56 13.05 11.7 11.7
2003-02-18 12.36 12.38 12.21 12.21
2003-02-25 12.85 13.74 12.7 12.7
2003-02-27 12.78 12.86 12.51 12.51
2003-03-07 13.06 13.08 12.71 12.71
2003-03-11 12.94 12.97 12.78 12.78
2003-03-13 13.19 13.25 12.95 12.95
2003-03-18 12.89 13.03 12.88 12.88
2003-04-04 13.62 13.75 13.53 13.53
2003-04-30 12.75 13.01 12.67 12.67
2003-05-22 12.24 12.3 12.0 12.0
2003-05-29 12.61 12.7 12.36 12.36
2003-06-06 12.23 12.46 12.12 12.12
2003-06-12 12.31 12.38 12.18 12.18
2003-06-13 12.35 12.55 12.3 12.3
2003-06-25 11.23 11.23 11.04 11.04
2003-07-07 10.76 10.85 10.67 10.67
2003-07-14 10.98 11.13 10.85 10.85
2003-07-23 10.17 10.4 9.97 9.97
2003-08-11 9.44 9.45 9.3 9.3
2003-08-14 9.74 9.83 9.6 9.6
2003-08-22 10.09 10.19 9.75 9.75
2003-09-10 9.85 9.92 9.5 9.5
2003-09-15 9.79 9.85 9.75 9.75
2003-09-19 10.4 10.45 10.21 10.21
2003-09-26 10.91 11.0 10.8 10.8
2003-09-30 10.6 10.65 10.44 10.44
2003-10-15 11.29 11.6 11.0 11.0
2003-10-17 11.15 11.43 11.05 11.05
2003-10-22 10.99 11.3 10.65 10.65
2003-10-28 10.47 10.67 10.43 10.43
2003-10-31 10.71 10.77 10.05 10.05
2003-11-03 10.7 10.73 10.48 10.48
2003-11-04 10.93 11.03 10.6 10.6
2003-11-10 10.15 10.25 9.85 9.85
2003-11-17 9.58 9.7 9.49 9.49
2003-12-08 10.0 10.1 9.84 9.84
2004-01-16 9.66 9.68 9.48 9.48
2004-02-09 11.49 11.9 11.15 11.15
2004-02-18 11.47 11.5 11.03 11.03
2004-03-10 11.48 11.55 11.3 11.3
2004-03-19 11.9 11.94 11.3 11.3
2004-04-14 13.67 13.93 13.45 13.45
2004-05-24 12.25 12.33 12.03 12.03
2004-05-26 12.09 12.15 11.82 11.82
2004-06-08 11.32 11.4 11.28 11.28
2004-06-14 10.83 11.01 10.5 10.5
2004-07-06 9.72 9.88 9.57 9.57
2004-07-15 9.29 9.39 8.96 8.96
2004-07-23 9.67 9.7 9.4 9.4
2004-07-26 9.62 9.73 9.55 9.55
2004-08-03 9.73 9.75 9.6 9.6
2004-08-04 9.72 10.05 9.61 9.61
2004-08-20 9.3 9.32 9.2 9.2
2004-08-24 9.2 9.25 9.1 9.1
2004-09-14 8.32 8.32 8.1 8.1
2004-10-13 9.26 9.4 9.11 9.11
2004-10-18 9.2 9.3 9.06 9.06
2004-11-05 9.37 9.52 9.32 9.32
2004-11-15 9.2 9.5 8.55 8.55
2004-12-02 9.13 9.18 9.0 9.0
2004-12-09 8.96 9.15 8.7 8.7
2004-12-10 9.0 9.0 8.9 8.9
2004-12-15 8.76 8.9 8.5 8.5
2004-12-27 8.23 8.53 8.05 8.05
2005-01-17 6.79 6.92 6.72 6.72
2005-01-20 6.76 6.85 6.68 6.68
2005-02-04 6.56 6.67 6.23 6.23
2005-03-11 6.28 6.32 6.2 6.2
2005-03-23 5.42 5.54 5.04 5.04
2005-05-09 4.73 5.02 4.68 4.68
2005-05-11 4.81 4.91 4.78 4.78
2005-05-13 5.08 5.16 4.8 4.8
2005-06-08 5.5 5.53 5.02 5.02
2005-06-22 5.53 5.54 5.26 5.26
2005-06-27 5.56 5.67 5.48 5.48
2005-07-11 4.8 4.95 4.64 4.64
2005-07-20 4.05 4.1 3.9 3.9
2005-08-31 4.62 4.65 4.52 4.52
2005-10-12 4.3 4.43 4.15 4.15
2005-11-03 3.56 3.58 3.5 3.5
2005-11-21 3.68 3.73 3.66 3.66
2005-12-20 3.99 4.02 3.96 3.96
2005-12-27 4.06 4.08 4.04 4.04
2006-01-18 4.24 4.27 4.12 4.12
2006-01-23 4.31 4.42 4.25 4.25
2006-01-25 4.4 4.47 4.23 4.23
2006-04-12 6.79 6.81 6.19 6.19
2006-07-03 11.05 11.19 10.62 10.62
2006-07-12 11.83 12.2 11.72 11.72
2006-07-13 12.54 13.01 11.88 11.88
2006-08-14 12.59 12.88 12.2 12.2
2006-10-19 13.28 13.89 13.03 13.03
2006-10-31 11.39 11.8 10.88 10.88
2006-11-08 11.05 11.3 10.95 10.95
2006-11-27 10.6 10.63 10.3 10.3
2006-12-19 13.17 13.3 12.5 12.5
2007-01-09 12.9 13.1 12.52 12.52
2007-01-16 14.29 14.67 14.02 14.02
2007-01-19 14.9 15.2 14.08 14.08
2007-02-26 18.04 18.15 17.7 17.7
2007-03-02 18.21 18.21 16.57 16.57
2007-04-24 20.03 20.03 20.03 20.03
2007-04-25 22.03 22.03 22.03 22.03
2007-04-26 24.23 24.23 24.23 24.23
2007-04-27 26.65 26.65 26.65 26.65
2007-04-30 29.32 29.32 29.32 29.32
2007-05-08 32.25 32.25 32.25 32.25
2007-06-18 40.9 41.59 40.2 40.2
2007-07-06 34.99 35.28 33.22 33.22
2007-07-20 36.4 36.5 35.26 35.26
2007-09-12 55.32 55.7 50.0 50.0
2007-09-17 57.37 59.88 55.3 55.3
2007-09-27 53.32 53.53 51.0 51.0
2007-10-31 43.9 45.97 42.0 42.0
2007-11-09 42.72 43.7 42.1 42.1
2007-11-14 44.49 44.78 43.2 43.2
2007-12-19 47.89 48.86 45.05 45.05
2007-12-21 49.02 49.97 47.32 47.32
2008-01-03 53.95 54.74 51.66 51.66
2008-01-09 50.78 51.5 50.02 50.02
2008-01-14 49.96 50.5 49.05 49.05
2008-01-24 42.5 43.3 42.3 42.3
2008-01-29 42.72 44.58 42.39 42.39
2008-02-21 44.92 45.26 44.65 44.65
2008-03-06 44.99 45.86 43.0 43.0
2008-03-19 36.1 36.5 35.2 35.2
2008-04-15 27.18 27.78 26.01 26.01
2008-04-29 28.17 28.17 25.11 25.11
2008-04-30 29.58 30.48 28.25 28.25
2008-05-13 32.32 33.81 31.53 31.53
2008-05-27 28.33 28.76 27.88 27.88
2008-05-28 29.04 29.2 28.1 28.1
2008-07-02 16.8 17.28 16.5 16.5
2008-08-01 18.97 19.2 18.0 18.0
2008-09-16 11.74 11.8 11.2 11.2
2008-09-17 11.73 11.8 11.52 11.52
2008-09-25 12.8 13.35 12.5 12.5
2008-10-23 10.34 10.35 10.0 10.0
2008-11-10 10.54 10.56 10.08 10.08
2008-11-19 11.97 12.02 11.03 11.03
2008-11-20 12.01 12.26 11.69 11.69
2008-12-08 12.96 13.02 12.07 12.07
2009-02-06 15.3 15.39 14.85 14.85
2009-02-12 16.35 16.38 15.7 15.7
2009-03-13 14.97 15.25 14.7 14.7
2009-03-19 15.6 15.8 15.21 15.21
2009-05-12 17.08 17.12 16.58 16.58
2009-07-17 13.15 13.5 12.82 12.82
2009-07-23 13.49 13.81 13.18 13.18
2009-08-26 11.08 11.1 10.66 10.66
2009-11-12 11.64 11.91 11.4 11.4
2009-11-30 11.52 11.56 11.07 11.07
2010-01-14 13.32 13.68 13.1 13.1
2010-04-01 13.51 13.52 13.2 13.2
2010-04-28 15.16 15.2 14.55 14.55
2010-05-20 10.26 10.46 10.07 10.07
2010-07-01 9.58 9.8 9.28 9.28
2010-07-14 8.01 8.28 7.81 7.81
2010-08-02 9.04 9.25 8.78 8.78
2010-08-30 9.06 9.13 8.76 8.76
2010-09-20 10.61 11.12 10.38 10.38
2010-11-24 8.87 8.89 8.63 8.63
2010-12-01 8.56 8.68 8.5 8.5
2010-12-31 7.76 7.78 7.64 7.64
2011-01-12 8.06 8.1 7.67 7.67
2011-03-22 7.85 7.87 7.56 7.56
2011-07-13 6.87 6.89 6.74 6.74
2011-07-27 7.52 7.66 7.05 7.05
2011-09-07 6.59 6.67 6.38 6.38
2011-09-21 6.93 7.12 6.51 6.51
2011-10-10 6.51 6.53 6.28 6.28
2011-11-02 8.56 8.58 7.59 7.59
2011-12-16 6.62 6.64 6.34 6.34
2011-12-30 5.74 5.9 5.65 5.65
2012-03-02 6.38 6.39 6.26 6.26
2012-05-04 6.84 6.85 6.72 6.72
2012-05-08 6.91 7.02 6.86 6.86
2012-05-17 6.89 6.89 6.26 6.26
2012-06-11 6.43 6.47 6.33 6.33
2012-08-08 5.65 5.69 5.56 5.56
2012-08-21 5.57 5.6 5.46 5.46
2012-09-06 5.21 5.25 5.15 5.15
2012-09-19 5.27 5.32 5.2 5.2
2012-09-27 5.19 5.25 5.05 5.05
2012-12-14 4.65 4.68 4.46 4.46
2012-12-17 4.72 4.75 4.61 4.61
2013-01-14 5.29 5.38 4.94 4.94
2013-02-05 5.27 5.31 5.15 5.15
2013-04-11 4.67 4.76 4.65 4.65
2013-04-12 4.67 4.72 4.64 4.64
2013-04-19 4.86 4.89 4.82 4.82
2013-05-03 4.81 4.81 4.71 4.71
2013-05-24 5.59 5.65 5.14 5.14
2013-09-05 6.27 6.4 6.1 6.1
2013-09-12 7.35 7.35 7.3 7.3
2013-10-09 9.34 9.34 8.9 8.9
2013-11-19 10.3 10.5 9.81 9.81
2013-12-27 8.67 8.7 8.42 8.42
2014-01-21 8.27 8.3 7.52 7.52
2014-04-09 9.22 9.32 9.05 9.05
2014-04-16 8.9 8.98 8.86 8.86
2014-05-12 8.17 8.19 8.01 8.01
2014-06-23 7.71 7.75 7.61 7.61
2014-07-11 8.31 8.31 7.72 7.72
2014-07-28 8.17 8.23 7.9 7.9
2014-08-11 8.4 8.42 8.24 8.24
2014-09-23 10.68 10.83 10.47 10.47
2014-10-24 10.67 10.9 10.44 10.44
2014-11-07 11.46 11.74 11.3 11.3
2014-11-10 11.87 11.96 11.36 11.36
2014-12-10 12.89 12.93 12.11 12.11
2015-02-26 12.14 12.22 11.93 11.93
2015-04-10 15.18 15.78 15.01 15.01
2015-04-21 14.71 14.75 14.23 14.23
2015-04-24 15.37 15.78 15.15 15.15
2015-07-13 13.72 13.72 12.73 12.73
2015-08-10 14.4 14.52 13.7 13.7
2015-08-25 9.85 10.08 9.85 9.85
2015-09-11 10.01 10.07 9.35 9.35
2015-10-15 10.6 10.63 10.11 10.11
2015-11-16 12.87 12.9 11.85 11.85
2015-12-17 12.04 12.09 11.73 11.73
2015-12-25 12.17 12.27 12.05 12.05
2016-01-14 8.48 8.55 7.81 7.81
2016-04-22 8.23 8.26 8.07 8.07
2016-05-05 8.74 8.86 8.5 8.5
2016-05-10 7.86 7.94 7.83 7.83
2016-08-02 8.22 8.23 7.86 7.86
2016-08-03 8.4 8.54 8.14 8.14
2016-08-08 8.86 8.95 8.4 8.4
2016-09-13 8.78 8.84 8.7 8.7
2016-09-27 8.68 8.69 8.5 8.5
2016-10-18 9.31 9.32 9.13 9.13
2017-02-13 8.88 9.02 8.77 8.77
2017-02-24 9.15 9.32 9.05 9.05
2017-03-06 8.94 9.01 8.8 8.8
2017-06-13 7.01 7.04 6.93 6.93
2017-06-29 7.08 7.2 7.08 7.08
