2003-10-31 11.23 11.39 11.01 11.01
2003-11-19 10.25 10.32 9.95 9.95
2003-11-24 10.77 10.95 10.3 10.3
2003-11-28 10.96 11.2 10.86 10.86
2003-12-02 11.11 11.22 11.0 11.0
2003-12-08 10.89 10.93 10.8 10.8
2003-12-15 11.22 11.26 11.09 11.09
2003-12-25 10.55 10.58 10.26 10.26
2003-12-30 11.15 11.16 10.85 10.85
2004-01-02 11.29 11.53 11.16 11.16
2004-01-12 12.41 12.48 12.08 12.08
2004-02-03 12.34 12.34 11.9 11.9
2004-02-04 12.77 12.9 12.36 12.36
2004-02-19 14.57 14.8 13.91 13.91
2004-03-10 14.32 14.32 14.04 14.04
2004-03-15 14.67 14.78 14.53 14.53
2004-03-22 15.28 15.28 14.4 14.4
2004-03-31 15.47 15.55 14.99 14.99
2004-04-01 15.41 15.52 15.01 15.01
2004-04-02 16.0 16.35 15.4 15.4
2004-04-05 16.49 16.71 15.96 15.96
2004-04-19 16.9 17.28 16.58 16.58
2004-04-30 16.66 16.71 16.34 16.34
2004-05-11 16.94 17.0 16.5 16.5
2004-05-18 16.88 16.97 16.8 16.8
2004-05-27 15.43 15.58 15.13 15.13
2004-05-28 15.72 15.72 15.39 15.39
2004-06-04 8.05 8.09 7.97 7.97
2004-06-21 7.37 7.38 7.25 7.25
2004-06-30 7.55 7.68 7.5 7.5
2004-07-01 7.69 7.72 7.53 7.53
2004-07-06 7.62 7.7 7.5 7.5
2004-07-19 7.75 7.86 7.66 7.66
2004-07-28 7.5 7.6 7.37 7.37
2004-08-18 6.94 6.98 6.91 6.91
2004-08-25 7.01 7.03 6.86 6.86
2004-09-03 7.12 7.13 7.07 7.07
2004-09-15 7.59 7.69 7.01 7.01
2004-09-20 8.23 8.37 7.3 7.3
2004-09-23 8.49 8.68 8.13 8.13
2004-09-24 8.53 9.03 8.45 8.45
2004-11-03 7.31 7.38 7.05 7.05
2004-11-09 7.21 7.33 7.15 7.15
2004-11-11 7.45 7.75 7.34 7.34
2004-11-15 7.69 7.87 7.55 7.55
2004-11-18 7.58 7.68 7.34 7.34
2004-12-06 7.1 7.29 7.07 7.07
2004-12-16 7.09 7.28 7.07 7.07
2005-01-24 6.82 6.84 6.65 6.65
2005-02-04 7.19 7.29 7.06 7.06
2005-02-16 7.25 7.27 7.21 7.21
2005-02-21 7.46 7.5 7.2 7.2
2005-03-01 7.66 7.69 7.47 7.47
2005-04-01 7.09 7.33 6.77 6.77
2005-04-07 7.12 7.15 7.0 7.0
2005-04-11 7.29 7.36 7.18 7.18
2005-04-13 7.25 7.52 7.15 7.15
2005-05-11 6.93 6.95 6.82 6.82
2005-05-13 6.72 6.75 6.68 6.68
2005-05-16 6.89 7.2 6.7 6.7
2005-05-17 7.0 7.18 6.85 6.85
2005-05-18 7.35 7.52 6.95 6.95
2005-05-31 6.39 7.08 6.35 6.35
2005-06-10 7.1 7.23 6.81 6.81
2005-06-14 6.98 7.29 6.92 6.92
2005-07-14 3.58 3.7 3.53 3.53
2005-07-26 3.44 3.45 3.4 3.4
2005-08-09 3.87 3.89 3.67 3.67
2005-08-10 3.9 3.97 3.78 3.78
2005-08-17 3.68 3.73 3.6 3.6
2005-08-22 3.47 3.48 3.42 3.42
2005-08-26 3.56 3.58 3.54 3.54
2005-08-31 3.46 3.52 3.44 3.44
2005-09-01 3.65 3.72 3.48 3.48
2005-09-02 3.66 3.74 3.62 3.62
2005-09-07 3.6 3.62 3.5 3.5
2005-09-13 3.61 3.62 3.55 3.55
2005-09-14 3.73 3.74 3.6 3.6
2005-09-21 4.07 4.07 3.7 3.7
2005-11-01 3.56 3.64 3.45 3.45
2005-11-02 3.53 3.63 3.5 3.5
2006-10-20 3.67 3.82 3.58 3.58
2006-11-27 3.34 3.36 3.19 3.19
2006-12-25 3.4 3.48 3.33 3.33
2007-01-15 4.13 4.17 3.84 3.84
2007-02-28 5.22 5.27 4.76 4.76
2007-03-20 6.24 6.3 6.05 6.05
2007-04-10 8.17 8.17 7.46 7.46
2007-04-20 8.98 8.98 8.42 8.42
2007-04-30 9.46 9.88 8.08 8.08
2007-05-30 9.87 10.58 9.87 9.87
2007-06-05 6.62 6.87 6.47 6.47
2007-07-06 5.26 5.32 4.82 4.82
2007-07-11 5.33 5.39 5.1 5.1
2007-07-20 5.46 5.55 5.18 5.18
2007-07-26 6.2 6.35 6.02 6.02
2007-08-09 6.03 6.14 5.96 5.96
2007-12-21 8.75 9.1 8.49 8.49
2008-01-02 8.76 8.91 8.52 8.52
2008-01-24 8.37 8.37 7.63 7.63
2008-04-07 6.04 6.05 5.5 5.5
2008-04-29 5.05 5.1 4.78 4.78
2008-05-12 5.56 5.69 5.38 5.38
2008-05-27 5.08 5.14 4.9 4.9
2008-06-11 4.45 4.51 4.44 4.44
2008-06-16 4.4 4.41 4.14 4.14
2008-06-26 3.83 3.83 3.83 3.83
2008-06-30 4.1 4.1 3.71 3.71
2008-07-02 4.04 4.1 3.96 3.96
2008-07-23 4.3 4.4 4.27 4.27
2008-08-19 3.4 3.44 3.16 3.16
2008-09-08 2.93 3.01 2.93 2.93
2008-09-24 2.21 2.28 2.2 2.2
2008-10-16 2.42 2.55 2.35 2.35
2008-11-26 2.76 2.76 2.76 2.76
2008-11-27 2.9 2.9 2.9 2.9
2008-12-08 2.93 2.93 2.75 2.75
2008-12-15 2.87 2.93 2.87 2.87
2008-12-16 2.74 2.79 2.73 2.73
2008-12-26 2.42 2.54 2.42 2.42
2009-01-15 2.32 2.32 2.24 2.24
2009-01-19 2.47 2.47 2.34 2.34
2009-02-02 2.43 2.47 2.31 2.31
2009-02-13 3.01 3.06 2.91 2.91
2009-02-26 2.96 2.96 2.81 2.81
2009-03-04 3.17 3.23 2.95 2.95
2009-03-06 3.02 3.2 2.96 2.96
2009-03-09 2.87 3.02 2.87 2.87
2012-02-22 11.7 11.7 11.23 11.23
2012-03-07 10.92 10.93 10.23 10.23
2012-03-19 9.98 10.05 9.78 9.78
2012-04-26 7.43 7.63 7.37 7.37
2012-05-17 8.09 8.3 7.9 7.9
2012-06-06 7.62 7.66 7.47 7.47
2012-07-04 9.42 9.42 8.72 8.72
2012-08-01 6.22 6.28 6.1 6.1
2012-09-05 5.95 6.1 5.81 5.81
2012-10-09 6.04 6.11 5.87 5.87
2012-11-01 6.34 6.4 6.1 6.1
2013-07-02 5.84 5.96 5.72 5.72
2013-08-26 6.26 6.29 6.1 6.1
2013-08-28 6.34 6.75 6.28 6.28
2013-08-29 6.52 6.59 6.32 6.32
2013-10-22 9.28 9.28 8.85 8.85
2013-12-27 7.72 7.89 7.22 7.22
2013-12-31 7.84 8.0 7.66 7.66
2014-01-15 7.88 7.89 7.64 7.64
2014-01-23 8.6 8.78 8.3 8.3
2014-03-03 9.94 10.12 9.35 9.35
2014-04-03 8.48 8.55 7.76 7.76
2014-04-24 7.93 8.04 7.86 7.86
2014-05-12 7.51 7.52 7.29 7.29
2014-06-03 7.59 7.72 7.56 7.56
2014-06-26 7.71 8.07 7.47 7.47
2014-07-07 8.2 8.55 8.13 8.13
2014-07-25 8.02 8.23 7.96 7.96
2014-08-04 8.9 9.0 8.74 8.74
2014-08-06 9.1 9.17 8.84 8.84
2014-09-18 9.64 9.86 9.6 9.6
2014-09-23 9.31 9.39 9.16 9.16
2014-10-20 8.85 8.87 8.64 8.64
2014-11-26 8.91 8.97 8.7 8.7
2015-01-14 7.7 7.96 7.25 7.25
2015-02-16 7.72 7.89 7.46 7.46
2015-03-18 8.99 9.14 8.83 8.83
2015-04-24 11.34 11.34 11.34 11.34
2015-04-27 10.89 11.55 10.82 10.82
2015-04-30 11.41 11.41 11.41 11.41
2015-05-06 11.38 11.73 11.19 11.19
2015-05-14 12.29 12.29 12.29 12.29
2015-05-15 12.9 12.9 12.9 12.9
2015-05-22 13.59 13.59 13.59 13.59
2015-05-26 14.98 14.98 14.98 14.98
2015-05-29 5.23 5.44 5.23 5.23
2015-06-08 4.99 4.99 4.91 4.91
2015-06-09 5.24 5.24 5.24 5.24
2015-06-10 5.5 5.5 5.5 5.5
2015-07-03 3.57 3.64 3.57 3.57
2015-07-07 3.22 3.22 3.22 3.22
2015-07-09 3.24 3.37 3.06 3.06
2015-07-16 2.88 2.98 2.86 2.86
2015-07-28 3.03 3.1 3.03 3.03
2015-08-25 2.69 2.69 2.69 2.69
2015-09-07 2.44 2.49 2.4 2.4
2015-09-14 2.45 2.5 2.45 2.45
2015-09-15 2.33 2.33 2.33 2.33
2015-09-30 2.24 2.26 2.21 2.21
2015-10-14 2.54 2.54 2.54 2.54
2015-10-15 2.67 2.67 2.67 2.67
2015-11-04 2.76 2.76 2.69 2.69
2015-11-06 2.8 2.83 2.74 2.74
2016-01-19 2.85 2.85 2.85 2.85
2016-01-20 2.71 2.71 2.71 2.71
2016-01-21 2.57 2.65 2.57 2.57
2016-01-29 2.38 2.39 2.27 2.27
2016-03-07 2.23 2.23 2.18 2.18
2016-03-14 2.24 2.25 2.19 2.19
2016-03-16 2.27 2.34 2.23 2.23
2016-03-25 2.42 2.42 2.35 2.35
2016-03-30 2.47 2.48 2.44 2.44
2016-04-05 2.68 2.68 2.63 2.63
2016-06-14 2.38 2.4 2.33 2.33
2016-06-17 2.43 2.48 2.39 2.39
2016-06-27 2.37 2.37 2.31 2.31
2016-07-13 2.46 2.49 2.42 2.42
2016-07-20 2.41 2.43 2.4 2.4
2016-08-09 2.4 2.42 2.35 2.35
2016-08-12 2.39 2.4 2.36 2.36
2016-08-26 2.38 2.4 2.37 2.37
2016-09-07 2.37 2.39 2.37 2.37
2016-09-08 2.38 2.38 2.37 2.37
2016-09-28 2.3 2.32 2.27 2.27
2016-11-03 2.35 2.36 2.33 2.33
2016-11-10 2.38 2.38 2.36 2.36
2016-11-15 2.42 2.46 2.4 2.4
2016-11-21 2.44 2.46 2.42 2.42
2016-11-22 2.45 2.46 2.43 2.43
2016-11-29 2.43 2.46 2.43 2.43
2016-12-01 2.44 2.44 2.41 2.41
2017-01-03 2.34 2.34 2.31 2.31
2017-01-05 2.36 2.38 2.34 2.34
2017-01-20 2.29 2.29 2.26 2.26
2017-02-06 2.28 2.28 2.26 2.26
2017-02-09 2.3 2.3 2.27 2.27
2017-02-16 2.35 2.39 2.31 2.31
2017-03-07 2.35 2.36 2.34 2.34
2017-03-16 2.3 2.3 2.28 2.28
2017-03-23 2.34 2.35 2.32 2.32
2017-04-25 2.23 2.24 2.22 2.22
2017-05-03 2.0 2.0 2.0 2.0
2017-05-04 1.9 1.9 1.9 1.9
2017-05-05 1.81 1.81 1.81 1.81
2017-05-08 1.72 1.72 1.72 1.72
2017-05-09 1.63 1.63 1.63 1.63
2017-05-19 1.62 1.65 1.6 1.6
2017-06-07 1.42 1.43 1.4 1.4
2017-06-08 1.44 1.47 1.42 1.42
2017-06-27 1.43 1.45 1.4 1.4
2017-07-25 1.41 1.41 1.35 1.35
2017-08-07 1.41 1.43 1.37 1.37
2017-08-28 1.58 1.58 1.58 1.58
2017-08-29 1.66 1.66 1.66 1.66
2017-09-06 1.53 1.54 1.51 1.51
