2004-10-12 8.64 8.85 8.59 8.59
2004-10-13 8.82 8.84 8.61 8.61
2004-11-26 8.27 8.33 8.21 8.21
2004-12-03 8.06 8.15 8.03 8.03
2005-04-08 6.5 6.51 6.22 6.22
2005-04-13 6.56 6.64 6.36 6.36
2005-07-06 5.98 5.98 5.83 5.83
2007-01-15 14.81 14.81 13.48 13.48
2007-02-28 16.44 16.87 16.05 16.05
2007-04-25 28.54 28.79 27.0 27.0
2007-04-30 26.88 27.19 26.0 26.0
2007-07-06 30.04 30.6 28.4 28.4
2007-08-13 35.87 36.65 33.92 33.92
2007-08-16 37.48 39.5 35.9 35.9
2007-08-22 39.93 40.58 39.15 39.15
2007-12-21 36.7 36.9 35.77 35.77
2008-03-03 34.77 35.4 33.25 33.25
2008-07-02 14.03 14.3 13.7 13.7
2008-07-07 15.54 15.76 14.6 14.6
2008-11-17 8.43 8.43 7.76 7.76
2008-12-01 8.91 8.94 8.02 8.02
2009-01-09 8.58 8.6 8.29 8.29
2009-01-22 10.77 10.77 9.9 9.9
2009-02-04 13.77 14.4 13.55 13.55
2009-03-23 16.21 17.09 15.6 15.6
2009-07-13 18.51 19.16 17.46 17.46
2009-09-03 16.0 16.22 15.22 15.22
2009-12-02 21.49 21.51 20.41 20.41
2010-07-13 15.7 16.09 14.82 14.82
2010-07-26 16.5 16.58 15.89 15.89
2010-10-08 18.89 19.0 18.58 18.58
2010-10-25 19.4 19.7 19.15 19.15
2011-07-01 15.87 16.05 15.79 15.79
2011-07-15 16.14 16.15 15.62 15.62
2011-08-15 15.61 15.7 15.21 15.21
2011-08-23 15.61 15.65 15.3 15.3
2011-10-27 13.08 13.55 13.0 13.0
2011-12-30 11.17 11.34 10.68 10.68
2012-01-05 11.07 11.25 11.01 11.01
2012-02-20 13.08 13.18 12.95 12.95
2012-03-08 13.71 13.85 13.63 13.63
2012-03-16 14.66 14.66 13.4 13.4
2012-05-07 13.28 13.35 12.8 12.8
2012-06-13 7.45 7.48 7.3 7.3
2012-06-19 7.41 7.46 7.36 7.36
2012-10-19 7.67 7.79 7.6 7.6
2013-04-22 8.03 8.15 7.93 7.93
2013-12-25 7.18 7.19 7.06 7.06
2013-12-27 7.27 7.28 7.1 7.1
2014-01-10 8.28 8.28 7.44 7.44
2014-03-31 8.08 8.18 8.0 8.0
2014-10-08 9.8 9.8 9.8 9.8
2014-10-09 10.78 10.78 10.78 10.78
2014-11-19 11.34 11.44 11.12 11.12
2014-11-21 11.31 11.35 11.22 11.22
2015-01-16 10.81 11.08 10.7 10.7
2015-01-20 10.81 10.86 10.37 10.37
2015-03-18 13.8 14.1 13.11 13.11
2015-03-20 13.91 14.23 13.78 13.78
2015-04-21 15.75 15.82 15.2 15.2
2015-04-22 16.15 16.25 15.8 15.8
2015-05-21 16.94 17.09 16.28 16.28
2015-07-09 8.91 8.91 7.65 7.65
2015-09-30 11.22 11.34 10.7 10.7
2015-10-08 12.05 12.3 11.7 11.7
2016-03-14 10.44 10.52 10.18 10.18
2016-09-19 7.95 7.95 7.82 7.82
2016-10-10 7.76 7.78 7.63 7.63
2016-10-12 7.84 7.89 7.71 7.71
2016-10-20 8.01 8.1 7.92 7.92
2017-03-16 8.9 8.94 8.77 8.77
2017-03-20 9.1 9.27 8.9 8.9
2017-06-15 5.51 5.53 5.36 5.36
2017-07-04 5.73 5.76 5.58 5.58
2017-07-20 5.34 5.42 5.21 5.21
2017-08-25 5.45 5.47 5.38 5.38
2017-08-28 5.54 5.58 5.45 5.45
2017-09-05 5.53 5.58 5.5 5.5
