1997-12-02 9.17 9.26 9.1 9.1
1997-12-08 9.4 9.48 9.11 9.11
1997-12-19 9.45 9.48 9.22 9.22
1997-12-25 10.15 10.18 9.7 9.7
1998-05-27 11.41 11.5 11.26 11.26
1998-05-28 11.61 11.88 11.4 11.4
1998-05-29 12.25 12.39 11.45 11.45
1998-06-08 12.38 12.38 11.95 11.95
1998-08-11 11.28 11.45 11.15 11.15
1998-09-03 11.83 11.96 11.68 11.68
1998-10-12 14.22 14.3 13.72 13.72
1998-10-19 13.9 14.18 13.8 13.8
1998-10-22 13.55 13.55 13.1 13.1
1998-10-27 13.66 13.92 13.3 13.3
1998-11-02 13.68 13.8 13.41 13.41
1998-11-05 14.38 14.45 14.0 14.0
1998-11-13 13.86 14.15 13.62 13.62
1998-11-16 14.13 14.35 13.91 13.91
1998-12-09 14.28 14.28 13.98 13.98
1998-12-11 14.07 14.16 13.8 13.8
1998-12-24 13.58 13.78 13.5 13.5
1998-12-29 13.45 13.8 13.4 13.4
1999-01-06 13.55 13.72 13.31 13.31
1999-01-11 13.3 13.45 12.53 12.53
1999-02-08 12.65 12.65 12.22 12.22
1999-03-01 12.9 12.9 12.4 12.4
1999-05-19 15.09 15.17 14.5 14.5
1999-05-25 16.91 16.91 15.07 15.07
1999-06-09 20.8 21.0 20.55 20.55
1999-06-16 24.2 24.2 22.3 22.3
1999-07-23 24.66 24.99 23.5 23.5
2000-06-28 19.25 19.4 18.7 18.7
2000-09-11 17.3 17.49 17.0 17.0
2000-09-15 17.6 17.73 17.44 17.44
2000-09-27 17.53 17.61 17.35 17.35
2000-10-12 17.67 17.88 17.47 17.47
2000-10-31 17.58 17.8 17.52 17.52
2000-12-18 17.41 17.66 16.8 16.8
2001-01-03 17.95 18.6 17.35 17.35
2001-05-29 17.24 17.27 17.05 17.05
2001-05-30 17.41 17.59 17.2 17.2
2001-05-31 17.73 17.94 17.45 17.45
2001-06-07 18.29 18.69 17.95 17.95
2001-06-13 19.69 19.83 19.27 19.27
2001-06-21 18.65 18.7 18.2 18.2
2001-06-29 19.15 19.3 18.85 18.85
2001-08-03 20.08 20.5 19.1 19.1
2001-09-13 20.3 20.31 19.8 19.8
2001-09-14 20.32 21.12 20.3 20.3
2001-11-12 16.68 16.93 16.6 16.6
2001-11-27 18.08 18.1 17.89 17.89
2001-11-29 18.23 18.29 18.0 18.0
2001-11-30 18.42 18.55 18.04 18.04
2001-12-03 18.85 19.03 18.5 18.5
2001-12-06 19.35 19.35 18.71 18.71
2001-12-14 18.8 19.18 18.78 18.78
2001-12-17 18.96 19.11 18.9 18.9
2001-12-19 19.78 19.98 19.13 19.13
2002-01-08 19.34 19.68 19.2 19.2
2002-01-16 16.78 16.78 15.88 15.88
2002-01-22 16.1 16.64 15.88 15.88
2002-01-23 17.39 17.46 16.11 16.11
2002-03-12 19.33 19.4 18.08 18.08
2002-03-15 20.2 20.64 19.9 19.9
2002-03-18 20.82 21.1 20.0 20.0
2002-03-19 22.18 22.3 20.86 20.86
2002-03-21 23.79 24.6 22.6 22.6
2002-03-26 23.8 24.0 23.52 23.52
2002-04-02 22.93 23.21 22.5 22.5
2002-06-05 22.99 23.15 22.69 22.69
2002-06-06 24.0 24.44 22.81 22.81
2002-06-13 24.0 24.45 23.5 23.5
2002-06-19 23.93 24.0 23.35 23.35
2002-06-20 24.0 24.1 23.7 23.7
2002-06-21 24.7 24.9 23.8 23.8
2002-07-08 22.85 23.09 22.0 22.0
2002-07-15 21.84 22.0 21.61 21.61
2002-07-25 21.7 21.88 21.52 21.52
2002-07-30 21.69 21.71 21.46 21.46
2002-08-01 21.73 21.92 21.55 21.55
2002-08-02 21.73 21.99 21.61 21.61
2002-08-06 21.64 21.88 21.4 21.4
2002-08-07 21.78 21.85 21.6 21.6
2002-08-09 22.24 22.45 21.63 21.63
2002-08-12 22.95 22.96 22.11 22.11
2002-08-13 22.85 23.12 22.4 22.4
2002-08-21 22.98 23.01 22.73 22.73
2002-08-26 23.43 23.48 23.15 23.15
2002-08-27 23.73 23.97 23.34 23.34
2002-08-30 23.63 23.97 23.25 23.25
2002-09-03 23.77 23.93 23.7 23.7
2002-10-23 20.14 20.18 19.8 19.8
2002-10-25 19.79 20.0 19.79 19.79
2002-12-17 20.66 20.76 19.55 19.55
2002-12-20 21.23 21.29 20.3 20.3
2003-01-07 19.55 19.8 19.2 19.2
2003-01-08 19.85 19.9 19.3 19.3
2003-01-16 20.16 20.2 19.58 19.58
2003-01-22 19.39 19.5 18.95 18.95
2003-01-23 19.41 19.65 19.3 19.3
2003-02-11 20.87 21.3 20.79 20.79
2003-02-14 21.64 21.7 20.8 20.8
2003-02-17 21.86 22.18 21.64 21.64
2003-02-18 22.17 22.22 21.82 21.82
2003-02-21 21.97 22.26 21.8 21.8
2003-02-25 22.23 22.38 21.9 21.9
2003-03-03 22.41 22.43 21.84 21.84
2003-03-05 22.1 22.29 21.8 21.8
2003-03-11 21.0 21.15 20.89 20.89
2003-03-13 21.2 21.5 21.0 21.0
2003-03-19 21.78 21.8 20.81 20.81
2003-03-20 22.19 22.24 21.48 21.48
2003-06-16 15.05 15.22 13.98 13.98
2003-06-17 15.58 15.9 14.81 14.81
2003-07-31 12.48 12.62 12.36 12.36
2004-02-05 14.16 15.0 14.0 14.0
2004-02-10 14.3 14.55 13.9 13.9
2004-02-18 15.63 15.63 14.11 14.11
2004-02-23 16.61 17.16 16.18 16.18
2004-02-26 16.17 16.28 15.5 15.5
2004-02-27 16.75 16.89 16.28 16.28
2004-04-06 17.82 18.07 17.6 17.6
2004-06-04 15.76 15.87 15.0 15.0
2004-06-11 13.01 13.64 12.64 12.64
2004-08-03 11.79 11.85 11.65 11.65
2004-09-03 10.09 10.09 9.2 9.2
2005-04-13 10.07 10.19 9.59 9.59
2005-04-19 9.92 10.0 9.61 9.61
2005-04-22 9.48 9.65 9.33 9.33
2005-06-16 7.84 7.84 7.52 7.52
2005-06-21 8.3 8.5 8.11 8.11
2005-08-02 9.51 9.61 9.25 9.25
2005-08-30 10.9 10.9 9.86 9.86
2005-09-02 11.44 11.9 11.18 11.18
2005-09-07 11.57 11.58 11.35 11.35
2005-10-11 10.6 10.79 10.2 10.2
2006-01-13 12.2 12.5 12.01 12.01
2006-02-16 15.19 15.99 15.1 15.1
2006-02-24 15.17 15.3 14.68 14.68
2006-03-16 15.09 15.2 14.88 14.88
2006-11-13 22.79 23.6 21.41 21.41
2007-06-01 41.87 42.91 39.9 39.9
2007-06-07 42.64 44.24 41.58 41.58
2007-06-11 47.8 48.3 45.6 45.6
2007-06-27 49.79 50.85 49.16 49.16
2007-08-15 40.9 41.3 39.6 39.6
2007-12-24 28.78 29.59 28.41 28.41
2008-01-03 34.2 34.68 31.72 31.72
2009-06-22 20.5 21.53 20.07 20.07
2009-07-15 21.88 22.35 21.41 21.41
2010-01-14 23.34 23.36 22.7 22.7
2010-02-08 23.45 23.66 22.5 22.5
2010-02-25 24.0 24.18 23.4 23.4
2010-09-06 46.9 46.9 42.12 42.12
2010-09-13 45.24 45.81 44.01 44.01
2010-11-01 66.09 67.6 64.08 64.08
2011-01-26 48.89 48.9 46.83 46.83
2011-01-31 54.97 58.55 53.55 53.55
2011-07-04 59.15 59.55 58.37 58.37
2011-07-28 69.97 73.95 67.99 67.99
2011-09-15 68.81 69.2 68.0 68.0
2011-12-09 65.66 65.66 65.66 65.66
2011-12-12 59.09 59.09 59.09 59.09
2011-12-13 53.18 53.18 53.18 53.18
2011-12-14 47.86 47.86 47.86 47.86
2011-12-15 43.07 43.07 43.07 43.07
2011-12-16 38.76 38.76 38.76 38.76
2011-12-19 34.88 34.88 34.88 34.88
2011-12-21 31.61 34.5 28.25 28.25
2012-02-27 37.0 38.84 35.85 35.85
2012-06-05 23.14 23.64 22.74 22.74
2012-10-30 16.68 16.9 16.66 16.66
2012-11-01 17.19 17.29 16.75 16.75
2013-03-06 19.28 19.28 19.28 19.28
2013-05-30 18.32 18.44 17.88 17.88
2013-06-06 17.41 17.73 17.3 17.3
2013-08-29 16.98 17.7 16.37 16.37
2013-12-09 17.33 17.5 17.0 17.0
2013-12-17 16.51 16.63 16.33 16.33
2014-02-10 15.42 15.42 15.02 15.02
2014-11-14 16.11 16.19 15.9 15.9
2015-02-03 16.39 16.45 16.18 16.18
2015-02-10 15.92 15.94 15.76 15.76
2015-02-12 16.06 16.08 15.92 15.92
2015-05-14 26.1 26.49 25.16 25.16
2015-07-10 16.61 16.61 15.7 15.7
2015-07-16 17.24 17.58 16.3 16.3
2015-07-17 18.32 18.5 17.24 17.24
2015-11-06 16.54 16.63 16.23 16.23
2016-02-16 12.57 12.7 12.14 12.14
2016-03-14 13.01 13.27 12.85 12.85
2016-06-28 15.6 15.62 15.3 15.3
2016-07-01 15.34 15.46 15.16 15.16
2016-08-08 15.47 15.57 14.78 14.78
2016-10-19 18.7 19.27 17.45 17.45
2016-11-25 18.13 18.18 17.63 17.63
2017-03-31 21.68 21.75 21.19 21.19
2017-04-28 22.43 22.84 22.26 22.26
