1997-07-11 10.7 10.84 9.82 9.82
1997-07-16 11.3 11.78 11.1 11.1
1997-07-17 11.52 11.68 11.3 11.3
1997-08-15 10.79 11.24 10.5 10.5
1997-11-13 11.38 11.38 10.51 10.51
1997-12-15 12.88 13.01 11.88 11.88
1998-01-15 13.55 13.64 13.0 13.0
1998-01-23 14.86 14.95 14.08 14.08
1998-02-13 14.98 15.25 14.6 14.6
1998-02-16 15.61 15.65 15.0 15.0
1998-07-15 11.98 12.02 11.9 11.9
1998-09-09 8.98 8.98 8.32 8.32
1998-10-05 9.67 9.75 9.5 9.5
1998-10-28 9.98 10.0 9.5 9.5
1998-12-22 9.26 9.27 8.89 8.89
1999-01-11 9.33 9.36 9.25 9.25
1999-01-14 8.93 8.98 8.9 8.9
1999-03-03 8.6 8.6 8.35 8.35
1999-03-10 8.51 8.6 8.46 8.46
1999-04-28 8.28 8.42 8.25 8.25
1999-07-15 11.71 11.91 11.05 11.05
1999-08-25 13.49 13.8 13.4 13.4
1999-10-21 10.5 10.64 10.35 10.35
1999-10-26 10.75 10.89 10.33 10.33
1999-11-09 11.67 11.88 11.46 11.46
1999-11-17 11.42 11.51 11.2 11.2
1999-12-02 11.26 11.43 11.12 11.12
1999-12-10 11.48 11.6 11.28 11.28
1999-12-30 10.7 10.7 10.01 10.01
2000-01-04 10.76 10.88 10.22 10.22
2000-01-07 11.48 11.53 10.9 10.9
2000-02-15 12.3 12.98 11.87 11.87
2000-02-21 12.21 12.7 11.81 11.81
2000-03-02 12.85 13.19 12.0 12.0
2000-03-17 13.51 13.6 12.8 12.8
2000-03-27 15.18 15.18 13.85 13.85
2000-03-28 15.99 16.6 15.5 15.5
2000-04-10 15.27 15.67 15.1 15.1
2000-07-07 14.51 14.7 14.2 14.2
2000-08-02 15.98 16.12 15.75 15.75
2000-09-21 21.48 21.98 20.0 20.0
2000-11-09 21.88 22.19 21.1 21.1
2000-12-15 24.49 24.62 24.3 24.3
2001-01-08 23.91 24.5 23.86 23.86
2001-01-10 24.97 24.97 24.4 24.4
2001-02-28 23.43 23.43 23.05 23.05
2001-03-01 23.5 23.55 23.4 23.4
2001-03-29 27.08 27.2 26.36 26.36
2001-05-17 22.4 22.5 21.78 21.78
2001-07-16 26.42 26.49 26.08 26.08
2001-08-21 23.39 23.75 22.85 22.85
2001-08-29 22.48 23.0 22.3 22.3
2001-10-31 11.02 11.02 11.02 11.02
2001-11-01 9.92 9.92 9.92 9.92
2001-11-05 8.04 8.04 8.04 8.04
2001-11-06 7.67 8.21 7.24 7.24
2001-12-03 8.07 8.19 8.0 8.0
2001-12-04 8.3 8.44 8.09 8.09
2002-04-17 9.15 9.3 8.75 8.75
2002-06-11 7.45 7.5 7.3 7.3
2002-06-18 7.7 7.83 7.33 7.33
2002-06-20 7.79 8.16 7.52 7.52
2002-09-02 8.15 8.21 8.09 8.09
2002-10-16 7.49 7.65 7.25 7.25
2003-01-16 6.79 6.85 6.62 6.62
2003-02-14 6.85 6.99 6.8 6.8
2003-02-19 7.01 7.17 6.83 6.83
2003-02-20 7.04 7.15 6.98 6.98
2003-02-25 6.98 7.0 6.8 6.8
2003-11-24 5.26 5.28 5.1 5.1
2004-07-06 6.74 6.87 6.55 6.55
2004-11-26 5.49 5.57 5.45 5.45
2004-12-28 5.11 5.18 5.09 5.09
2005-01-20 5.21 5.25 5.15 5.15
2005-02-16 5.16 5.2 5.1 5.1
2005-03-07 5.13 5.18 5.1 5.1
2005-03-09 5.33 5.37 5.22 5.22
2006-01-06 3.48 3.53 3.31 3.31
2006-01-12 3.57 3.59 3.49 3.49
2006-01-19 3.66 3.68 3.51 3.51
2006-03-13 3.27 3.29 3.2 3.2
2006-12-29 5.3 5.38 5.26 5.26
2007-01-04 5.32 5.45 5.25 5.25
2007-01-22 8.04 8.05 7.5 7.5
2007-02-12 7.59 7.68 7.36 7.36
2007-02-14 8.03 8.18 7.82 7.82
2007-02-28 8.29 8.31 7.61 7.61
2007-04-26 10.23 10.38 10.0 10.0
2007-04-30 10.44 10.65 9.84 9.84
2007-07-26 10.89 11.06 10.6 10.6
2007-12-18 8.74 8.9 8.64 8.64
2007-12-20 9.04 9.05 8.8 8.8
2007-12-21 9.25 9.27 8.98 8.98
2007-12-26 9.45 9.48 9.28 9.28
2008-02-13 8.94 9.17 8.86 8.86
2008-02-14 9.16 9.19 9.01 9.01
2008-02-18 9.34 9.44 9.08 9.08
2008-05-08 6.67 6.7 6.35 6.35
2008-05-14 7.28 7.38 7.06 7.06
2008-06-25 4.91 4.93 4.6 4.6
2008-09-05 3.83 3.95 3.81 3.81
2008-09-12 3.63 3.68 3.59 3.59
2008-10-28 2.66 2.68 2.51 2.51
2008-10-30 2.59 2.62 2.54 2.54
2008-10-31 2.62 2.66 2.59 2.59
2009-03-02 4.17 4.22 3.95 3.95
2009-03-27 4.83 4.92 4.77 4.77
2009-05-20 5.65 5.86 5.6 5.6
2009-08-26 5.9 6.0 5.58 5.58
2009-09-03 6.45 6.6 6.01 6.01
2009-10-20 6.35 6.38 6.24 6.24
2010-06-09 9.94 10.0 9.6 9.6
2010-07-07 9.13 9.22 9.01 9.01
2011-02-23 15.08 15.08 13.68 13.68
2011-09-16 9.66 9.75 9.47 9.47
2011-11-17 9.04 9.23 9.0 9.0
2012-02-02 6.48 6.49 6.33 6.33
2012-03-02 7.45 7.46 7.31 7.31
2012-05-24 7.69 7.82 7.63 7.63
2012-08-23 5.9 5.96 5.83 5.83
2012-12-14 5.94 6.11 5.7 5.7
2013-01-15 6.28 6.3 6.15 6.15
2013-01-18 6.91 7.1 6.5 6.5
2013-02-28 7.24 7.24 6.62 6.62
2013-03-04 7.79 8.29 7.55 7.55
2013-05-06 6.69 6.76 6.55 6.55
2013-05-07 6.69 6.81 6.65 6.65
2013-09-12 6.63 6.7 6.6 6.6
2013-10-08 6.38 6.4 6.3 6.3
2013-10-11 6.54 6.58 6.45 6.45
2013-10-21 6.45 6.47 6.32 6.32
2013-11-22 6.32 6.4 6.27 6.27
2013-11-26 6.45 6.48 6.34 6.34
2014-01-21 5.87 5.95 5.8 5.8
2014-02-25 7.69 8.03 7.25 7.25
2014-10-28 14.47 14.54 14.15 14.15
2015-05-05 21.12 22.0 21.12 21.12
2015-05-07 21.0 21.51 20.63 20.63
2015-05-22 22.26 22.26 21.36 21.36
2015-05-25 23.37 23.37 23.37 23.37
2015-05-26 24.54 24.54 24.54 24.54
2015-05-28 27.06 27.06 27.06 27.06
2015-06-02 30.28 30.46 28.33 28.33
2015-07-03 20.59 20.59 20.59 20.59
2015-07-07 18.58 18.58 18.58 18.58
2015-07-08 17.65 17.65 17.65 17.65
2015-07-09 18.01 18.53 16.77 16.77
2015-07-16 18.04 19.07 17.84 17.84
2015-07-22 20.27 20.27 19.13 19.13
2015-07-28 20.06 20.99 20.06 20.06
2015-08-24 16.75 16.75 16.75 16.75
2015-08-25 15.91 15.91 15.91 15.91
2015-08-26 15.11 15.48 15.11 15.11
2015-11-20 22.23 23.09 21.41 21.41
2015-11-24 23.04 23.23 22.05 22.05
2016-02-03 18.33 18.38 17.7 17.7
2016-02-24 23.4 23.48 22.6 22.6
2016-02-26 21.12 21.77 21.12 21.12
2016-06-20 27.71 27.71 25.19 25.19
2016-06-23 28.21 28.72 27.51 27.51
2016-06-30 29.67 30.93 29.55 29.55
2017-07-27 19.8 19.96 19.4 19.4
2017-08-01 20.07 20.22 19.82 19.82
2017-08-08 21.06 21.47 20.86 20.86
2017-08-11 21.18 21.42 20.22 20.22
