1997-06-13 12.48 12.51 11.2 11.2
1997-07-04 10.52 10.69 10.1 10.1
1997-07-11 10.7 10.84 9.82 9.82
1997-07-16 11.3 11.78 11.1 11.1
1997-07-17 11.52 11.68 11.3 11.3
1997-08-14 10.7 10.7 10.35 10.35
1997-08-15 10.79 11.24 10.5 10.5
1997-10-29 10.18 10.21 9.9 9.9
1997-11-10 11.0 11.5 10.68 10.68
1997-11-13 11.38 11.38 10.51 10.51
1997-12-08 11.73 11.75 11.44 11.44
1997-12-15 12.88 13.01 11.88 11.88
1997-12-31 13.58 13.78 13.32 13.32
1998-01-14 13.0 13.13 12.58 12.58
1998-01-15 13.55 13.64 13.0 13.0
1998-01-23 14.86 14.95 14.08 14.08
1998-02-13 14.98 15.25 14.6 14.6
1998-02-16 15.61 15.65 15.0 15.0
1998-03-06 15.9 16.1 15.61 15.61
1998-04-02 17.9 18.05 17.45 17.45
1998-04-21 19.49 19.92 19.1 19.1
1998-05-13 11.82 12.0 11.7 11.7
1998-05-27 12.38 12.5 11.9 11.9
1998-06-18 12.5 12.59 12.21 12.21
1998-07-10 12.32 12.33 12.07 12.07
1998-07-15 11.98 12.02 11.9 11.9
1998-08-04 10.84 10.9 10.45 10.45
1998-09-04 8.55 8.59 8.4 8.4
1998-09-09 8.98 8.98 8.32 8.32
1998-09-23 9.9 9.9 9.18 9.18
1998-10-05 9.67 9.75 9.5 9.5
1998-10-20 9.98 10.02 9.82 9.82
1998-10-28 9.98 10.0 9.5 9.5
1998-11-18 10.9 11.2 10.7 10.7
1998-12-08 9.59 9.6 9.37 9.37
1998-12-21 8.9 8.98 8.75 8.75
1998-12-22 9.26 9.27 8.89 8.89
1999-01-08 9.25 9.28 8.99 8.99
1999-01-11 9.33 9.36 9.25 9.25
1999-01-14 8.93 8.98 8.9 8.9
1999-01-26 9.04 9.24 9.0 9.0
1999-02-09 8.21 8.24 8.06 8.06
1999-03-03 8.6 8.6 8.35 8.35
1999-03-10 8.51 8.6 8.46 8.46
1999-03-19 8.8 8.8 8.52 8.52
1999-04-02 9.05 9.09 8.68 8.68
1999-04-21 8.5 8.79 8.5 8.5
1999-04-28 8.28 8.42 8.25 8.25
1999-06-14 9.7 9.7 9.18 9.18
1999-07-07 11.31 11.45 10.6 10.6
1999-07-15 11.71 11.91 11.05 11.05
1999-07-30 11.4 11.5 11.2 11.2
1999-08-19 13.05 13.35 12.4 12.4
1999-08-25 13.49 13.8 13.4 13.4
1999-09-24 11.8 11.98 11.77 11.77
1999-10-20 10.35 10.49 10.2 10.2
1999-10-21 10.5 10.64 10.35 10.35
1999-10-26 10.75 10.89 10.33 10.33
1999-11-05 11.12 11.19 10.9 10.9
1999-11-09 11.67 11.88 11.46 11.46
1999-11-17 11.42 11.51 11.2 11.2
1999-11-29 11.26 11.46 11.22 11.22
1999-12-02 11.26 11.43 11.12 11.12
1999-12-10 11.48 11.6 11.28 11.28
1999-12-28 10.03 10.27 9.95 9.95
1999-12-30 10.7 10.7 10.01 10.01
2000-01-04 10.76 10.88 10.22 10.22
2000-01-07 11.48 11.53 10.9 10.9
2000-01-27 10.62 10.73 10.4 10.4
2000-02-15 12.3 12.98 11.87 11.87
2000-02-21 12.21 12.7 11.81 11.81
2000-03-01 12.0 12.35 11.68 11.68
2000-03-02 12.85 13.19 12.0 12.0
2000-03-15 13.5 14.01 12.81 12.81
2000-03-17 13.51 13.6 12.8 12.8
2000-03-27 15.18 15.18 13.85 13.85
2000-03-28 15.99 16.6 15.5 15.5
2000-04-06 15.27 15.49 15.0 15.0
2000-04-10 15.27 15.67 15.1 15.1
2000-04-28 13.81 13.99 13.63 13.63
2000-05-25 14.55 14.6 14.06 14.06
2000-07-04 14.3 14.39 14.02 14.02
2000-07-07 14.51 14.7 14.2 14.2
2000-08-01 15.61 15.99 15.3 15.3
2000-08-02 15.98 16.12 15.75 15.75
2000-08-22 18.2 18.98 17.88 17.88
2000-09-08 18.44 18.8 18.16 18.16
2000-09-20 20.19 20.34 19.4 19.4
2000-09-21 21.48 21.98 20.0 20.0
2000-11-03 22.4 22.4 21.9 21.9
2000-11-09 21.88 22.19 21.1 21.1
2000-12-12 24.56 24.78 23.99 23.99
2000-12-15 24.49 24.62 24.3 24.3
2001-01-02 24.65 25.08 24.5 24.5
2001-01-08 23.91 24.5 23.86 23.86
2001-01-10 24.97 24.97 24.4 24.4
2001-02-23 23.18 23.3 22.8 22.8
2001-02-28 23.43 23.43 23.05 23.05
2001-03-01 23.5 23.55 23.4 23.4
2001-03-26 26.07 26.19 25.3 25.3
2001-03-29 27.08 27.2 26.36 26.36
2001-04-09 28.48 28.5 27.45 27.45
2001-05-09 19.93 19.98 19.3 19.3
2001-05-17 22.4 22.5 21.78 21.78
2001-06-27 25.6 25.7 24.76 24.76
2001-07-11 26.08 26.29 25.78 25.78
2001-07-16 26.42 26.49 26.08 26.08
2001-08-01 24.42 24.6 23.2 23.2
2001-08-17 22.15 22.3 22.0 22.0
2001-08-21 23.39 23.75 22.85 22.85
2001-08-29 22.48 23.0 22.3 22.3
2001-09-11 22.29 22.4 22.1 22.1
2001-09-20 22.1 22.45 22.0 22.0
2001-10-23 15.8 15.81 14.59 14.59
2001-10-31 11.02 11.02 11.02 11.02
2001-11-01 9.92 9.92 9.92 9.92
2001-11-05 8.04 8.04 8.04 8.04
2001-11-06 7.67 8.21 7.24 7.24
2001-11-28 8.05 8.13 8.0 8.0
2001-12-03 8.07 8.19 8.0 8.0
2001-12-04 8.3 8.44 8.09 8.09
2002-02-04 6.79 6.79 6.18 6.18
2002-03-08 8.09 8.15 7.62 7.62
2002-04-15 8.77 8.85 8.5 8.5
2002-04-17 9.15 9.3 8.75 8.75
2002-04-26 8.38 8.45 8.2 8.2
2002-06-06 7.38 7.55 6.71 6.71
2002-06-11 7.45 7.5 7.3 7.3
2002-06-18 7.7 7.83 7.33 7.33
2002-06-20 7.79 8.16 7.52 7.52
2002-07-24 8.72 8.78 8.67 8.67
2002-08-13 8.1 8.17 8.01 8.01
2002-08-27 8.31 8.36 8.22 8.22
2002-09-02 8.15 8.21 8.09 8.09
2002-10-14 7.22 7.24 7.08 7.08
2002-10-16 7.49 7.65 7.25 7.25
2003-01-14 6.69 6.75 6.38 6.38
2003-01-16 6.79 6.85 6.62 6.62
2003-01-29 6.69 6.75 6.68 6.68
2003-02-14 6.85 6.99 6.8 6.8
2003-02-19 7.01 7.17 6.83 6.83
2003-02-20 7.04 7.15 6.98 6.98
2003-02-25 6.98 7.0 6.8 6.8
2003-03-21 6.55 6.55 6.45 6.45
2003-06-10 5.75 5.79 5.7 5.7
2003-06-24 5.68 5.71 5.66 5.66
2003-07-10 5.71 5.72 5.55 5.55
2003-09-08 5.62 5.65 5.56 5.56
2003-09-18 5.36 5.42 5.35 5.35
2003-10-31 4.88 5.06 4.84 4.84
2003-11-19 5.02 5.08 4.85 4.85
2003-11-24 5.26 5.28 5.1 5.1
2003-12-09 5.34 5.34 5.23 5.23
2003-12-23 5.01 5.05 4.92 4.92
2004-02-16 6.4 6.42 6.15 6.15
2004-03-01 7.15 7.19 6.78 6.78
2004-05-17 6.95 7.08 6.75 6.75
2004-05-26 7.0 7.1 6.91 6.91
2004-07-01 6.5 6.55 6.15 6.15
2004-07-06 6.74 6.87 6.55 6.55
2004-08-12 6.1 6.15 5.81 5.81
2004-09-10 5.36 5.38 5.25 5.25
2004-10-18 5.5 5.58 5.39 5.39
2004-11-01 5.04 5.2 5.02 5.02
2004-11-18 5.46 5.46 5.3 5.3
2004-11-26 5.49 5.57 5.45 5.45
2004-12-22 5.29 5.32 5.12 5.12
2004-12-28 5.11 5.18 5.09 5.09
2005-01-13 5.33 5.34 5.21 5.21
2005-01-20 5.21 5.25 5.15 5.15
2005-02-02 5.13 5.15 4.85 4.85
2005-02-16 5.16 5.2 5.1 5.1
2005-03-01 5.33 5.38 5.21 5.21
2005-03-07 5.13 5.18 5.1 5.1
2005-03-09 5.33 5.37 5.22 5.22
2005-05-26 3.54 3.6 3.49 3.49
2005-06-08 3.82 3.85 3.53 3.53
2005-06-27 3.72 3.78 3.68 3.68
2005-07-07 2.95 2.98 2.89 2.89
2005-07-26 2.95 2.97 2.71 2.71
2005-11-02 3.01 3.07 2.93 2.93
2005-11-18 3.14 3.16 3.04 3.04
2005-12-28 3.21 3.36 3.17 3.17
2006-01-06 3.48 3.53 3.31 3.31
2006-01-12 3.57 3.59 3.49 3.49
2006-01-19 3.66 3.68 3.51 3.51
2006-03-10 3.21 3.24 3.2 3.2
2006-03-13 3.27 3.29 3.2 3.2
2006-05-09 4.3 4.45 4.2 4.2
2006-10-24 5.64 5.7 5.38 5.38
2006-12-14 5.4 5.41 5.18 5.18
2006-12-25 5.74 5.88 5.47 5.47
2006-12-29 5.3 5.38 5.26 5.26
2007-01-04 5.32 5.45 5.25 5.25
2007-01-15 6.75 6.76 6.27 6.27
2007-01-22 8.04 8.05 7.5 7.5
2007-02-05 7.39 7.5 7.06 7.06
2007-02-12 7.59 7.68 7.36 7.36
2007-02-14 8.03 8.18 7.82 7.82
2007-02-28 8.29 8.31 7.61 7.61
2007-04-20 9.57 9.65 9.2 9.2
2007-04-26 10.23 10.38 10.0 10.0
2007-04-30 10.44 10.65 9.84 9.84
2007-06-19 10.16 10.16 9.1 9.1
2007-07-23 10.4 10.49 9.78 9.78
2007-07-26 10.89 11.06 10.6 10.6
2007-09-28 10.86 11.0 10.79 10.79
2007-11-23 7.84 7.88 7.63 7.63
2007-12-14 8.75 8.79 8.28 8.28
2007-12-18 8.74 8.9 8.64 8.64
2007-12-20 9.04 9.05 8.8 8.8
2007-12-21 9.25 9.27 8.98 8.98
2007-12-26 9.45 9.48 9.28 9.28
2008-01-23 9.62 9.81 8.8 8.8
2008-02-04 9.25 9.32 8.78 8.78
2008-02-13 8.94 9.17 8.86 8.86
2008-02-14 9.16 9.19 9.01 9.01
2008-02-18 9.34 9.44 9.08 9.08
2008-02-29 10.37 10.45 9.71 9.71
2008-04-08 7.02 7.08 6.76 6.76
2008-04-30 6.85 6.9 6.65 6.65
2008-05-08 6.67 6.7 6.35 6.35
2008-05-14 7.28 7.38 7.06 7.06
2008-06-23 4.49 4.62 4.32 4.32
2008-06-25 4.91 4.93 4.6 4.6
2008-07-24 5.17 5.18 4.98 4.98
2008-08-05 5.5 5.5 5.27 5.27
2008-09-04 4.06 4.12 3.95 3.95
2008-09-05 3.83 3.95 3.81 3.81
2008-09-12 3.63 3.68 3.59 3.59
2008-10-23 2.91 2.92 2.8 2.8
2008-10-28 2.66 2.68 2.51 2.51
2008-10-30 2.59 2.62 2.54 2.54
2008-10-31 2.62 2.66 2.59 2.59
2008-12-03 3.46 3.51 3.3 3.3
2009-01-16 3.6 3.71 3.55 3.55
2009-02-20 5.28 5.57 4.83 4.83
2009-03-02 4.17 4.22 3.95 3.95
2009-03-23 4.76 4.77 4.61 4.61
2009-03-27 4.83 4.92 4.77 4.77
2009-04-10 5.13 5.15 4.91 4.91
2009-05-04 5.66 5.75 5.4 5.4
2009-05-15 5.55 5.67 5.5 5.5
2009-05-20 5.65 5.86 5.6 5.6
2009-08-20 5.75 5.9 5.25 5.25
2009-08-26 5.9 6.0 5.58 5.58
2009-09-03 6.45 6.6 6.01 6.01
2009-10-13 6.14 6.17 5.91 5.91
2009-10-20 6.35 6.38 6.24 6.24
2009-11-12 7.51 7.68 7.37 7.37
2009-11-23 8.01 8.04 7.68 7.68
2009-12-10 7.66 7.75 7.54 7.54
2009-12-31 7.68 7.72 7.55 7.55
2010-01-14 8.93 9.28 8.62 8.62
2010-01-25 8.11 8.17 8.0 8.0
2010-03-03 9.26 9.43 9.01 9.01
2010-04-26 11.14 11.35 10.71 10.71
2010-06-04 9.73 9.75 9.54 9.54
2010-06-09 9.94 10.0 9.6 9.6
2010-07-01 8.52 8.75 8.5 8.5
2010-07-07 9.13 9.22 9.01 9.01
2010-07-28 9.17 9.21 8.93 8.93
2010-08-16 10.22 10.35 9.9 9.9
2010-11-17 11.85 12.28 11.56 11.56
2010-12-29 11.52 11.68 11.23 11.23
2011-02-21 14.34 14.57 13.82 13.82
2011-02-23 15.08 15.08 13.68 13.68
2011-03-14 14.45 14.47 13.8 13.8
2011-04-21 13.13 13.4 12.87 12.87
2011-05-18 12.5 12.58 12.05 12.05
2011-07-04 11.15 11.18 10.91 10.91
2011-07-13 11.99 12.28 11.27 11.27
2011-07-26 11.17 11.27 10.88 10.88
2011-09-15 9.5 9.58 9.29 9.29
2011-09-16 9.66 9.75 9.47 9.47
2011-10-17 10.31 10.32 10.01 10.01
2011-11-14 9.45 9.56 8.75 8.75
2011-11-17 9.04 9.23 9.0 9.0
2011-12-16 6.47 6.49 6.22 6.22
2012-01-20 6.45 6.51 6.38 6.38
2012-02-02 6.48 6.49 6.33 6.33
2012-02-16 7.37 7.6 7.09 7.09
2012-03-01 7.31 7.37 7.22 7.22
2012-03-02 7.45 7.46 7.31 7.31
2012-03-19 7.75 7.81 7.56 7.56
2012-05-10 8.13 8.29 7.65 7.65
2012-05-22 7.75 7.8 7.66 7.66
2012-05-24 7.69 7.82 7.63 7.63
2012-06-26 6.62 6.65 6.43 6.43
2012-08-01 5.59 5.65 5.5 5.5
2012-08-21 5.86 5.9 5.68 5.68
2012-08-23 5.9 5.96 5.83 5.83
2012-09-17 6.44 6.7 6.24 6.24
2012-11-05 6.37 6.46 6.3 6.3
2012-12-07 5.65 5.65 5.65 5.65
2012-12-14 5.94 6.11 5.7 5.7
2013-01-14 6.17 6.18 5.94 5.94
2013-01-15 6.28 6.3 6.15 6.15
2013-01-18 6.91 7.1 6.5 6.5
2013-02-25 6.67 6.74 6.3 6.3
2013-02-28 7.24 7.24 6.62 6.62
2013-03-04 7.79 8.29 7.55 7.55
2013-03-20 7.33 7.38 7.13 7.13
2013-03-29 7.89 7.99 7.26 7.26
2013-04-19 7.04 7.13 6.86 6.86
2013-05-03 6.56 6.63 6.43 6.43
2013-05-06 6.69 6.76 6.55 6.55
2013-05-07 6.69 6.81 6.65 6.65
2013-07-18 5.95 6.1 5.86 5.86
2013-08-12 6.52 6.56 6.41 6.41
2013-09-10 6.81 6.97 6.64 6.64
2013-09-12 6.63 6.7 6.6 6.6
2013-09-30 6.33 6.39 6.29 6.29
2013-10-08 6.38 6.4 6.3 6.3
2013-10-11 6.54 6.58 6.45 6.45
2013-10-21 6.45 6.47 6.32 6.32
2013-11-20 6.42 6.45 6.35 6.35
2013-11-22 6.32 6.4 6.27 6.27
2013-11-26 6.45 6.48 6.34 6.34
2014-01-14 5.76 5.77 5.67 5.67
2014-01-21 5.87 5.95 5.8 5.8
2014-02-10 6.34 6.36 6.13 6.13
2014-02-20 7.36 7.67 7.09 7.09
2014-02-25 7.69 8.03 7.25 7.25
2014-07-14 16.79 16.79 16.08 16.08
2014-09-10 16.92 16.92 15.31 15.31
2014-09-23 16.02 16.33 15.43 15.43
2014-10-20 15.58 15.96 14.68 14.68
2014-10-28 14.47 14.54 14.15 14.15
2014-11-19 14.31 14.59 13.75 13.75
2014-12-08 13.85 14.25 13.15 13.15
2014-12-24 12.81 13.4 12.51 12.51
2015-01-15 12.07 12.27 11.86 11.86
2015-02-26 17.97 18.4 16.92 16.92
2015-03-13 17.84 18.05 17.25 17.25
2015-03-30 19.61 19.61 17.72 17.72
2015-04-13 24.11 24.11 21.95 21.95
2015-05-04 22.23 22.23 22.23 22.23
2015-05-05 21.12 22.0 21.12 21.12
2015-05-07 21.0 21.51 20.63 20.63
2015-05-21 21.2 21.4 20.95 20.95
2015-05-22 22.26 22.26 21.36 21.36
2015-05-25 23.37 23.37 23.37 23.37
2015-05-26 24.54 24.54 24.54 24.54
2015-05-28 27.06 27.06 27.06 27.06
2015-06-02 30.28 30.46 28.33 28.33
2015-06-12 34.25 34.25 33.08 33.08
2015-06-30 24.01 25.27 24.01 24.01
2015-07-03 20.59 20.59 20.59 20.59
2015-07-07 18.58 18.58 18.58 18.58
2015-07-08 17.65 17.65 17.65 17.65
2015-07-09 18.01 18.53 16.77 16.77
2015-07-16 18.04 19.07 17.84 17.84
2015-07-22 20.27 20.27 19.13 19.13
2015-07-28 20.06 20.99 20.06 20.06
2015-08-07 19.5 19.5 18.6 18.6
2015-08-19 19.54 19.97 19.4 19.4
2015-08-24 16.75 16.75 16.75 16.75
2015-08-25 15.91 15.91 15.91 15.91
2015-08-26 15.11 15.48 15.11 15.11
2015-09-22 15.49 15.49 14.75 14.75
2015-11-16 21.91 21.91 20.38 20.38
2015-11-20 22.23 23.09 21.41 21.41
2015-11-24 23.04 23.23 22.05 22.05
2015-12-23 26.48 26.71 25.08 25.08
2016-01-05 23.33 23.99 23.33 23.33
2016-02-02 18.04 18.11 17.48 17.48
2016-02-03 18.33 18.38 17.7 17.7
2016-02-22 22.9 23.11 22.26 22.26
2016-02-24 23.4 23.48 22.6 22.6
2016-02-26 21.12 21.77 21.12 21.12
2016-03-18 24.71 25.7 23.19 23.19
2016-04-15 26.43 26.63 24.24 24.24
2016-05-04 25.3 25.65 24.58 24.58
2016-05-25 22.78 23.38 22.48 22.48
2016-06-15 25.5 25.8 24.0 24.0
2016-06-20 27.71 27.71 25.19 25.19
2016-06-23 28.21 28.72 27.51 27.51
2016-06-30 29.67 30.93 29.55 29.55
2016-07-11 30.29 31.1 29.59 29.59
2017-02-06 22.18 22.23 21.5 21.5
2017-04-05 20.89 20.96 20.57 20.57
2017-05-05 17.22 17.25 17.1 17.1
2017-07-20 20.01 20.34 19.38 19.38
2017-07-27 19.8 19.96 19.4 19.4
2017-08-01 20.07 20.22 19.82 19.82
2017-08-08 21.06 21.47 20.86 20.86
2017-08-11 21.18 21.42 20.22 20.22
