1993-11-11 24.1 24.38 23.61 23.61
1993-11-12 25.09 25.45 24.5 24.5
1993-11-15 25.19 25.49 25.1 25.1
1993-11-30 25.05 25.5 24.8 24.8
1993-12-21 22.0 22.0 19.51 19.51
1994-02-04 9.95 10.0 9.63 9.63
1994-02-22 9.35 9.6 9.2 9.2
1994-02-28 9.04 9.28 9.01 9.01
1994-03-04 9.04 9.24 9.0 9.0
1994-03-07 9.1 9.24 9.0 9.0
1994-03-22 9.04 9.04 8.82 8.82
1994-03-31 9.12 9.3 8.88 8.88
1994-05-26 6.81 6.84 6.6 6.6
1994-06-02 6.62 6.75 6.5 6.5
1994-06-14 6.46 6.7 6.37 6.37
1994-06-22 6.62 6.68 6.56 6.56
1994-06-24 6.66 6.83 6.45 6.45
1994-07-05 6.42 6.42 6.32 6.32
1994-08-03 9.5 9.5 7.3 7.3
1994-08-30 6.58 6.72 6.3 6.3
1994-09-28 7.37 7.49 7.21 7.21
1994-10-17 5.12 5.27 5.01 5.01
1994-10-20 5.7 5.75 5.38 5.38
1994-11-29 5.35 5.35 5.28 5.28
1994-12-01 5.32 5.36 5.3 5.3
1994-12-26 5.03 5.11 5.0 5.0
1994-12-30 4.94 5.0 4.9 4.9
1995-01-16 4.96 4.99 4.9 4.9
1995-01-20 4.92 5.0 4.88 4.88
1995-01-26 4.87 4.9 4.83 4.83
1995-02-09 4.97 4.98 4.9 4.9
1995-02-20 4.91 4.95 4.85 4.85
1995-02-21 4.93 4.93 4.91 4.91
1995-02-24 4.91 5.1 4.9 4.9
1995-03-06 5.12 5.13 5.0 5.0
1995-03-16 4.96 4.98 4.9 4.9
1995-03-22 5.11 5.15 5.02 5.02
1995-03-31 5.17 5.22 5.1 5.1
1995-04-20 5.08 5.08 4.98 4.98
1995-05-05 4.51 4.59 4.45 4.45
1995-05-09 4.56 4.59 4.5 4.5
1995-05-12 4.65 4.68 4.55 4.55
1995-06-09 5.02 5.1 4.9 4.9
1995-06-21 4.75 4.76 4.62 4.62
1995-06-30 4.72 4.8 4.62 4.62
1995-07-07 4.85 4.88 4.65 4.65
1995-07-20 5.14 5.2 5.01 5.01
1995-08-03 5.25 5.3 5.2 5.2
1995-08-10 5.47 5.59 5.34 5.34
1995-08-22 6.0 6.1 5.85 5.85
1995-08-28 6.02 6.15 5.67 5.67
1995-09-06 6.05 6.09 5.9 5.9
1995-09-08 6.15 6.44 6.09 6.09
1995-09-21 5.86 5.9 5.8 5.8
1995-09-26 5.79 5.82 5.7 5.7
1995-10-10 5.8 6.05 5.68 5.68
1995-10-18 5.82 5.82 5.65 5.65
1995-11-06 5.76 5.76 5.64 5.64
1995-11-10 5.6 5.7 5.58 5.58
1995-11-21 5.24 5.3 5.16 5.16
1995-11-23 5.05 5.15 5.02 5.02
1995-12-04 4.82 4.86 4.8 4.8
1995-12-07 4.82 4.82 4.78 4.78
1995-12-08 4.82 4.98 4.8 4.8
1996-01-03 4.08 4.09 4.01 4.01
1996-01-04 4.18 4.2 4.03 4.03
1996-01-24 3.88 3.92 3.87 3.87
1996-02-01 4.07 4.07 4.02 4.02
1996-02-07 3.93 3.97 3.9 3.9
1996-02-08 3.93 3.95 3.91 3.91
1996-02-12 3.94 3.95 3.92 3.92
1996-02-13 3.99 4.0 3.94 3.94
1996-03-04 4.46 4.52 4.2 4.2
1996-04-03 4.08 4.1 4.05 4.05
1996-04-04 4.09 4.1 4.08 4.08
1996-04-12 4.22 4.29 4.18 4.18
1996-04-16 4.23 4.23 4.19 4.19
1996-04-19 4.42 4.46 4.3 4.3
1996-04-23 4.52 4.54 4.4 4.4
1996-04-24 4.98 4.98 4.6 4.6
1996-05-14 4.5 4.58 4.45 4.45
1996-05-29 4.22 4.3 4.2 4.2
1996-05-31 4.17 4.21 4.1 4.1
1996-06-26 4.7 4.73 4.55 4.55
1996-07-15 4.68 4.73 4.5 4.5
1996-07-16 5.0 5.05 4.69 4.69
1996-07-19 5.69 5.7 5.3 5.3
1996-07-29 5.65 5.69 5.4 5.4
1996-08-27 5.91 5.94 5.49 5.49
1996-08-30 6.75 6.85 6.35 6.35
1996-09-26 6.98 7.1 6.45 6.45
1996-11-18 7.32 7.35 6.9 6.9
1996-11-25 6.8 6.88 6.58 6.58
1996-11-27 6.78 6.82 6.57 6.57
1996-11-29 7.36 7.5 6.95 6.95
1996-12-02 8.31 8.4 7.65 7.65
1996-12-16 6.91 6.91 6.91 6.91
1996-12-17 6.22 6.22 6.22 6.22
1996-12-18 6.47 6.55 5.6 5.6
1997-01-31 7.09 7.12 6.98 6.98
1997-02-19 7.03 7.05 6.7 6.7
1997-02-20 6.85 7.03 6.33 6.33
1997-03-07 7.7 8.1 7.55 7.55
1997-03-24 8.0 8.2 7.85 7.85
1997-03-27 8.06 8.2 7.9 7.9
1997-04-01 8.48 8.73 8.4 8.4
1997-04-09 8.18 8.19 7.88 7.88
1997-04-14 8.35 8.73 8.21 8.21
1997-05-16 11.36 12.28 11.36 11.36
1997-05-20 11.8 11.95 10.96 10.96
1997-05-22 10.28 10.9 10.28 10.28
1997-06-16 10.03 10.15 9.6 9.6
1997-06-20 10.3 10.31 9.8 9.8
1997-08-19 7.66 7.98 7.5 7.5
1997-08-29 7.82 7.84 7.5 7.5
1997-09-24 6.95 7.1 6.69 6.69
1997-10-15 7.1 7.18 7.08 7.08
1997-10-23 7.15 7.2 7.0 7.0
1997-10-27 8.06 8.08 7.75 7.75
1997-11-20 6.76 6.99 6.7 6.7
1997-12-02 6.2 6.25 6.15 6.15
1997-12-10 6.18 6.2 6.05 6.05
1997-12-12 6.23 6.26 6.1 6.1
1997-12-26 5.89 5.91 5.75 5.75
1998-01-14 6.17 6.21 5.81 5.81
1998-01-15 6.31 6.45 6.14 6.14
1998-01-20 6.0 6.05 5.93 5.93
1998-02-19 6.54 6.66 6.5 6.5
1998-02-24 6.29 6.37 6.28 6.28
1998-03-03 6.16 6.19 6.02 6.02
1998-03-06 6.43 6.52 6.34 6.34
1998-03-09 6.66 6.72 6.45 6.45
1998-03-27 7.17 7.22 6.9 6.9
1998-04-15 7.4 7.57 7.11 7.11
1998-05-20 7.05 7.19 6.87 6.87
1998-06-19 7.88 7.95 7.7 7.7
1998-06-25 7.65 7.98 7.5 7.5
1998-07-24 7.19 7.39 7.18 7.18
1998-08-05 7.31 7.39 7.01 7.01
1998-09-02 6.7 6.85 6.61 6.61
1998-09-04 6.81 6.93 6.76 6.76
1998-09-23 7.48 7.48 7.05 7.05
1998-10-08 6.84 6.88 6.78 6.78
1998-10-13 6.95 7.18 6.92 6.92
1998-10-15 6.84 6.99 6.8 6.8
1998-10-28 6.6 6.69 6.5 6.5
1998-10-29 6.98 7.1 6.61 6.61
1998-10-30 7.18 7.33 7.0 7.0
1998-11-06 7.32 7.5 6.91 6.91
1998-12-09 7.13 7.27 7.05 7.05
1998-12-22 6.71 6.79 6.53 6.53
1998-12-28 6.71 6.97 6.65 6.65
1999-01-27 6.13 6.15 6.05 6.05
1999-02-09 5.82 5.91 5.74 5.74
1999-03-01 6.02 6.04 5.82 5.82
1999-03-03 6.25 6.38 6.1 6.1
1999-03-17 6.35 6.38 6.28 6.28
1999-04-02 6.32 6.34 6.18 6.18
1999-04-08 6.58 6.58 6.35 6.35
1999-05-06 5.76 5.78 5.68 5.68
1999-05-11 5.6 5.63 5.48 5.48
1999-05-17 5.08 5.2 5.01 5.01
1999-05-18 5.12 5.25 5.09 5.09
1999-05-19 5.36 5.36 5.08 5.08
1999-05-27 5.88 5.88 5.65 5.65
1999-06-16 6.47 6.5 6.12 6.12
1999-06-21 6.81 6.9 6.5 6.5
1999-07-05 6.67 6.84 6.55 6.55
1999-07-23 6.57 6.68 6.5 6.5
1999-07-29 7.15 7.17 6.81 6.81
1999-08-12 6.84 6.95 6.8 6.8
1999-08-17 6.81 6.95 6.71 6.71
1999-08-19 7.06 7.1 6.9 6.9
1999-09-09 7.01 7.04 6.76 6.76
1999-09-14 7.04 7.05 6.92 6.92
1999-10-15 6.36 6.37 6.2 6.2
1999-10-22 6.07 6.19 5.9 5.9
1999-10-25 5.95 6.03 5.95 5.95
1999-10-26 6.0 6.06 5.9 5.9
1999-10-27 6.2 6.28 6.07 6.07
1999-11-05 6.0 6.03 5.96 5.96
1999-11-12 6.05 6.1 6.0 6.0
1999-11-22 6.28 6.28 6.1 6.1
1999-11-30 6.15 6.15 6.03 6.03
2000-01-07 6.02 6.03 5.84 5.84
2000-02-14 6.14 6.15 5.69 5.69
2000-02-17 6.05 6.25 5.81 5.81
2000-03-03 7.19 7.19 6.8 6.8
2000-03-13 6.8 6.81 6.72 6.72
2000-03-17 6.58 6.66 6.4 6.4
2000-03-27 7.17 7.19 6.9 6.9
2000-04-13 7.63 7.67 7.5 7.5
2000-04-24 7.47 7.67 7.25 7.25
2000-05-22 7.15 7.15 6.86 6.86
2000-06-02 7.9 7.97 7.58 7.58
2000-07-07 7.49 7.5 7.35 7.35
2000-07-10 7.66 7.7 7.5 7.5
2000-07-26 8.76 8.99 8.28 8.28
2000-07-28 8.91 9.25 8.78 8.78
2000-07-31 9.3 9.39 9.0 9.0
2000-08-10 9.07 9.12 8.76 8.76
2000-08-14 8.98 9.05 8.9 8.9
2000-08-21 9.58 9.61 9.1 9.1
2000-09-07 8.09 8.3 8.0 8.0
2000-09-08 8.55 8.56 8.1 8.1
2000-09-11 9.07 9.23 8.75 8.75
2000-09-20 8.7 8.72 8.3 8.3
2000-09-29 8.53 8.6 8.31 8.31
2000-10-12 9.19 9.2 8.89 8.89
2000-10-17 9.29 9.4 8.96 8.96
2000-10-27 10.1 10.2 9.75 9.75
2000-10-30 10.27 10.6 10.2 10.2
2000-12-05 10.1 10.25 10.08 10.08
2000-12-21 9.56 9.66 9.5 9.5
2000-12-26 9.52 9.59 9.34 9.34
2000-12-29 9.51 9.58 9.38 9.38
2001-01-03 10.02 10.18 9.83 9.83
2001-01-11 10.11 10.3 10.1 10.1
2001-01-18 9.62 9.7 9.6 9.6
2001-02-09 9.2 9.23 9.05 9.05
2001-03-02 9.06 9.1 8.9 8.9
2001-03-19 9.35 9.39 9.24 9.24
2001-03-22 9.52 9.55 9.41 9.41
2001-04-02 9.95 9.99 9.88 9.88
2001-05-09 10.23 10.3 9.79 9.79
2001-05-24 11.75 11.98 10.9 10.9
2001-06-12 12.5 12.56 12.26 12.26
2001-06-13 12.77 13.09 12.53 12.53
2001-07-20 12.42 12.48 12.1 12.1
2001-08-01 11.1 11.15 10.42 10.42
2001-08-31 10.3 10.36 10.25 10.25
2001-11-27 8.91 8.94 8.79 8.79
2001-11-29 9.16 9.19 8.92 8.92
2002-01-31 6.35 6.39 5.99 5.99
2002-02-04 6.65 6.77 6.17 6.17
2002-02-07 6.57 6.75 6.51 6.51
2002-03-14 7.9 7.9 7.5 7.5
2002-04-01 6.93 7.0 6.8 6.8
2002-04-10 7.6 7.63 7.38 7.38
2002-04-16 7.6 7.65 7.4 7.4
2002-05-28 8.15 8.27 8.06 8.06
2002-06-06 7.91 8.1 7.4 7.4
2002-06-17 7.79 7.85 7.5 7.5
2002-07-08 9.18 9.18 9.1 9.1
2002-07-12 8.87 8.93 8.8 8.8
2002-07-16 8.72 8.83 8.7 8.7
2002-08-02 8.62 8.62 8.52 8.52
2002-08-12 8.46 8.57 8.3 8.3
2002-08-28 8.35 8.45 8.33 8.33
2002-09-18 7.56 7.65 7.52 7.52
2002-10-09 7.2 7.32 7.1 7.1
2002-10-11 7.27 7.28 7.11 7.11
2002-10-15 7.19 7.3 7.1 7.1
2002-10-31 6.9 6.96 6.87 6.87
2002-12-24 6.5 6.5 6.41 6.41
2003-01-03 6.03 6.12 5.96 5.96
2003-01-14 6.69 6.8 6.33 6.33
2003-01-16 6.88 6.89 6.7 6.7
2003-01-22 6.69 6.74 6.52 6.52
2003-02-28 7.15 7.16 7.05 7.05
2003-04-04 6.6 6.66 6.53 6.53
2003-04-21 7.0 7.06 6.69 6.69
2003-04-23 7.0 7.18 6.93 6.93
2003-05-29 7.08 7.09 6.92 6.92
2003-05-30 7.15 7.15 7.0 7.0
2003-06-10 6.67 6.7 6.61 6.61
2003-06-11 6.79 6.8 6.63 6.63
2003-06-20 6.95 7.0 6.8 6.8
2003-07-03 6.77 6.78 6.74 6.74
2003-07-08 6.94 7.0 6.93 6.93
2003-07-10 6.93 6.97 6.82 6.82
2003-07-25 6.96 7.15 6.9 6.9
2003-08-07 6.9 6.99 6.82 6.82
2003-08-18 6.7 6.7 6.58 6.58
2003-08-22 6.75 6.81 6.7 6.7
2003-08-26 6.77 6.8 6.49 6.49
2003-09-30 5.99 6.0 5.9 5.9
2003-10-14 5.95 6.01 5.91 5.91
2003-11-14 4.59 4.62 4.48 4.48
2003-11-17 4.59 4.63 4.48 4.48
2003-11-26 5.05 5.13 4.95 4.95
2003-12-10 5.31 5.35 5.24 5.24
2003-12-15 5.36 5.64 5.3 5.3
2004-01-07 4.73 4.88 4.68 4.68
2004-02-19 6.0 6.05 5.94 5.94
2004-03-05 5.93 5.97 5.8 5.8
2004-03-29 5.87 6.07 5.8 5.8
2004-04-21 5.55 5.87 5.5 5.5
2004-05-11 5.08 5.13 5.03 5.03
2004-05-21 5.27 5.4 5.19 5.19
2004-06-14 4.69 4.75 4.49 4.49
2004-06-21 4.79 4.81 4.73 4.73
2004-07-29 4.46 4.46 4.37 4.37
2004-08-03 4.29 4.32 4.28 4.28
2004-08-06 4.42 4.43 4.31 4.31
2004-08-25 4.18 4.2 4.08 4.08
2004-09-02 4.17 4.18 4.07 4.07
2004-09-08 4.1 4.13 4.1 4.1
2004-09-17 4.39 4.39 4.2 4.2
2004-09-20 4.71 4.77 4.4 4.4
2004-09-23 4.59 4.59 4.41 4.41
2004-11-15 3.88 3.89 3.81 3.81
2004-11-18 3.9 3.9 3.8 3.8
2004-11-26 4.05 4.17 4.0 4.0
2004-12-03 4.08 4.14 4.03 4.03
2004-12-09 4.0 4.04 3.96 3.96
2004-12-10 4.0 4.06 4.0 4.0
2004-12-17 4.05 4.1 4.0 4.0
2005-02-16 3.29 3.38 3.25 3.25
2005-02-17 3.33 3.35 3.29 3.29
2005-03-25 3.15 3.32 2.99 2.99
2005-04-07 3.04 3.07 2.93 2.93
2005-04-13 3.05 3.08 2.97 2.97
2005-04-14 3.14 3.21 3.02 3.02
2005-05-20 2.8 2.94 2.68 2.68
2005-06-02 2.64 2.7 2.62 2.62
2005-06-08 2.87 2.89 2.65 2.65
2005-06-22 2.65 2.65 2.61 2.61
2005-07-06 2.23 2.26 2.2 2.2
2005-07-14 2.24 2.26 2.21 2.21
2005-07-22 1.98 2.03 1.93 1.93
2005-08-02 2.14 2.18 2.08 2.08
2005-08-04 2.22 2.3 2.18 2.18
2005-09-26 2.53 2.54 2.43 2.43
2005-10-19 2.81 2.81 2.55 2.55
2005-11-18 2.62 2.64 2.51 2.51
2005-12-23 2.4 2.51 2.34 2.34
2005-12-28 2.4 2.42 2.37 2.37
2005-12-29 2.4 2.41 2.38 2.38
2006-01-04 2.37 2.39 2.33 2.33
2006-01-05 2.42 2.44 2.37 2.37
2006-02-07 2.68 2.68 2.57 2.57
2006-02-10 2.78 2.8 2.67 2.67
2006-02-23 2.75 2.76 2.64 2.64
2006-03-06 2.84 2.9 2.77 2.77
2006-03-13 2.65 2.68 2.6 2.6
2006-03-21 2.7 2.74 2.65 2.65
2006-05-10 2.72 2.78 2.7 2.7
2006-05-11 2.74 2.85 2.71 2.71
2006-05-15 3.11 3.17 2.89 2.89
2006-05-17 3.2 3.2 2.91 2.91
2006-05-25 3.15 3.17 3.0 3.0
2006-06-29 3.75 3.79 3.68 3.68
2006-07-24 3.63 3.68 3.57 3.57
2006-10-09 2.9 2.9 2.82 2.82
2006-10-13 2.9 2.93 2.85 2.85
2006-11-22 2.71 2.8 2.57 2.57
2006-11-23 2.71 2.75 2.67 2.67
2006-12-14 2.83 2.85 2.76 2.76
2006-12-22 2.97 3.02 2.85 2.85
2006-12-29 2.78 2.83 2.77 2.77
2007-01-10 3.2 3.2 3.06 3.06
2007-01-15 3.33 3.34 3.17 3.17
2007-02-14 3.91 3.95 3.8 3.8
2007-02-15 4.03 4.08 3.91 3.91
2007-02-16 4.11 4.2 4.03 4.03
2007-02-26 4.52 4.52 4.12 4.12
2007-04-09 6.49 6.53 6.0 6.0
2007-04-17 8.1 8.1 8.1 8.1
2007-05-09 10.81 10.81 10.0 10.0
2007-05-30 12.33 13.12 10.8 10.8
2007-06-05 8.55 8.55 8.55 8.55
2007-06-13 13.23 13.23 13.23 13.23
2007-07-19 8.89 9.1 8.81 8.81
2007-07-20 9.23 9.35 8.89 8.89
2007-07-24 9.83 10.33 9.74 9.74
2007-11-29 7.55 7.61 7.36 7.36
2007-12-18 8.84 9.3 8.71 8.71
2007-12-25 9.38 9.39 9.12 9.12
2007-12-26 9.57 9.6 9.32 9.32
2008-01-10 9.94 10.06 9.7 9.7
2008-03-25 7.25 7.5 6.81 6.81
2008-04-11 6.54 6.67 6.46 6.46
2008-05-14 7.56 7.56 7.56 7.56
2008-05-15 8.32 8.32 8.32 8.32
2008-05-16 9.15 9.15 9.15 9.15
2008-12-31 5.13 5.18 5.07 5.07
2009-01-05 5.64 5.64 5.21 5.21
2009-01-09 5.65 5.67 5.51 5.51
2009-01-14 5.75 5.85 5.36 5.36
2009-02-19 6.84 7.04 6.57 6.57
2009-04-09 6.67 6.74 6.5 6.5
2009-04-21 7.16 7.34 7.0 7.0
2009-05-05 6.73 6.82 6.61 6.61
2009-05-06 7.04 7.1 6.75 6.75
2009-06-30 5.8 5.92 5.8 5.8
2009-08-26 5.93 6.02 5.75 5.75
2009-10-20 6.29 6.33 6.22 6.22
2009-11-02 6.66 6.75 6.38 6.38
2009-11-12 6.8 6.98 6.7 6.7
2009-12-02 7.06 7.24 6.93 6.93
2009-12-23 6.19 6.2 5.98 5.98
2009-12-28 6.43 6.48 6.23 6.23
2010-03-02 8.21 8.21 7.77 7.77
2010-03-12 8.21 8.44 8.11 8.11
2010-04-09 8.01 8.08 7.83 7.83
2010-05-24 6.59 6.59 6.59 6.59
2010-05-25 6.92 6.92 6.92 6.92
2010-06-02 6.23 6.24 6.08 6.08
2010-06-18 6.53 6.53 6.53 6.53
2010-07-01 5.38 5.5 5.35 5.35
2010-07-20 5.15 5.17 4.98 4.98
2010-08-23 5.42 5.44 5.34 5.34
2010-08-26 5.28 5.35 5.19 5.19
2010-09-07 5.68 5.78 5.54 5.54
2010-09-20 5.62 5.62 5.32 5.32
2010-10-13 5.73 5.89 5.67 5.67
2010-11-01 5.68 5.74 5.44 5.44
2010-11-17 5.61 5.77 5.6 5.6
2010-11-18 5.7 5.8 5.63 5.63
2010-12-30 6.12 6.19 5.99 5.99
2011-01-19 6.17 6.18 6.05 6.05
2011-02-10 5.87 5.9 5.72 5.72
2011-02-28 6.19 6.28 6.14 6.14
2011-04-20 7.06 7.15 6.88 6.88
2011-06-21 5.36 5.45 5.2 5.2
2011-06-23 5.55 5.55 5.22 5.22
2011-06-27 5.61 5.65 5.51 5.51
2011-07-11 5.94 5.97 5.79 5.79
2011-08-23 5.18 5.23 5.1 5.1
2011-08-29 5.35 5.47 5.23 5.23
2011-09-27 6.15 6.15 6.15 6.15
2011-10-18 6.32 6.46 6.21 6.21
2012-11-19 6.07 6.07 6.07 6.07
2012-11-20 5.77 5.77 5.77 5.77
2012-11-21 5.48 5.48 5.48 5.48
2012-11-22 5.21 5.4 5.21 5.21
2012-12-17 4.53 4.62 4.45 4.45
2012-12-28 5.19 5.19 4.88 4.88
2013-01-07 5.44 5.44 5.05 5.05
2013-01-11 5.58 5.78 5.5 5.5
2013-01-21 6.79 6.79 6.45 6.45
2013-03-14 6.67 6.67 6.01 6.01
2013-04-22 9.17 9.17 9.17 9.17
2013-05-03 8.06 8.19 7.91 7.91
2013-05-28 7.71 7.76 7.58 7.58
2013-06-17 6.6 6.78 6.48 6.48
2013-08-01 5.65 5.69 5.54 5.54
2013-08-13 6.97 6.97 6.35 6.35
2013-09-02 6.3 6.35 6.16 6.16
2013-09-18 6.39 6.47 6.29 6.29
2013-09-23 6.46 6.47 6.37 6.37
2013-09-30 6.09 6.14 6.02 6.02
2013-10-11 6.19 6.28 6.12 6.12
2013-10-14 6.28 6.33 6.16 6.16
2013-11-25 5.96 6.05 5.89 5.89
2013-12-24 5.75 5.84 5.6 5.6
2013-12-26 5.64 5.75 5.6 5.6
2014-01-21 4.81 4.84 4.73 4.73
2014-03-21 5.18 5.24 5.01 5.01
2014-04-10 5.4 5.45 5.29 5.29
2014-04-16 5.81 6.0 5.44 5.44
2014-04-22 5.89 6.0 5.45 5.45
2014-06-24 5.21 5.24 5.04 5.04
2014-12-01 6.06 6.06 6.06 6.06
2014-12-02 6.67 6.67 6.67 6.67
2014-12-03 7.34 7.34 7.34 7.34
2014-12-04 8.07 8.07 8.07 8.07
2014-12-05 8.88 8.88 8.88 8.88
2014-12-08 9.77 9.77 9.77 9.77
2015-01-05 10.42 10.54 10.0 10.0
2015-01-15 11.26 11.5 11.0 11.0
2015-01-27 12.46 13.0 12.33 12.33
2015-02-12 11.4 11.57 11.11 11.11
2015-02-13 11.76 11.94 11.57 11.57
2015-03-10 14.13 14.21 13.75 13.75
2015-03-11 14.54 14.97 14.13 14.13
2015-03-13 15.23 15.51 14.01 14.01
2015-04-27 20.7 20.79 19.62 19.62
2015-04-28 21.57 21.69 20.48 20.48
2015-05-08 23.38 23.38 21.56 21.56
2015-05-11 25.45 25.72 24.0 24.0
2015-05-14 28.17 28.17 25.5 25.5
2015-06-01 28.38 28.75 26.66 26.66
2015-06-02 30.0 30.08 28.76 28.76
2015-07-07 11.2 11.59 11.2 11.2
2015-07-08 10.08 10.69 10.08 10.08
2015-07-09 11.09 11.09 9.21 9.21
2015-08-07 13.94 14.1 13.41 13.41
2015-08-25 12.13 12.55 12.13 12.13
2015-09-16 10.0 10.0 9.14 9.14
2015-11-02 14.11 14.73 14.11 14.11
2015-11-04 14.74 14.86 14.0 14.0
2015-11-11 19.37 19.75 18.3 18.3
2015-11-12 21.31 21.31 19.39 19.39
2015-12-01 17.15 17.79 16.55 16.55
2015-12-07 18.55 18.67 17.62 17.62
2015-12-10 22.41 22.41 20.46 20.46
2015-12-25 25.81 26.55 24.72 24.72
2016-01-14 20.52 20.52 20.52 20.52
2016-01-15 18.47 18.47 18.47 18.47
2016-01-18 16.62 16.62 16.62 16.62
2016-01-19 16.16 16.99 14.96 14.96
2016-01-29 11.54 11.75 11.03 11.03
2016-03-02 11.07 11.2 10.21 10.21
2016-03-07 10.98 11.07 10.65 10.65
2016-03-30 13.46 13.48 12.93 12.93
2016-04-26 16.19 16.5 14.9 14.9
2016-05-05 16.54 16.75 15.61 15.61
2016-05-19 11.83 12.22 11.62 11.62
2016-08-26 12.13 12.29 12.06 12.06
2016-09-06 12.23 12.28 11.96 11.96
2017-01-12 16.14 16.48 15.42 15.42
2017-03-16 14.7 14.81 14.41 14.41
2017-04-25 12.54 12.75 12.46 12.46
2017-04-26 12.69 12.83 12.55 12.55
2017-05-19 11.84 11.98 11.8 11.8
2017-07-05 12.4 12.41 12.3 12.3
2017-07-06 12.62 12.65 12.34 12.34
2017-07-13 13.55 13.76 12.87 12.87
2017-07-18 12.43 12.5 12.24 12.24
2017-07-19 12.76 12.88 12.33 12.33
