1994-03-07 12.85 12.88 12.61 12.61
1994-03-28 13.36 13.6 13.28 13.28
1994-04-21 10.26 10.47 9.42 9.42
1994-04-26 10.17 10.2 9.75 9.75
1994-05-03 10.23 10.28 9.88 9.88
1994-05-24 9.95 10.07 9.9 9.9
1994-06-02 9.0 9.1 8.9 8.9
1994-06-13 9.16 9.19 8.75 8.75
1994-06-14 9.34 9.39 9.2 9.2
1994-06-16 9.42 9.45 9.2 9.2
1994-06-22 9.26 9.5 8.95 8.95
1994-06-28 8.62 8.65 8.58 8.58
1994-07-05 8.07 8.14 8.0 8.0
1994-07-13 7.9 7.96 7.8 7.8
1994-08-03 11.8 12.49 10.16 10.16
1994-08-16 10.89 11.28 10.55 10.55
1994-08-31 13.29 13.39 12.7 12.7
1994-10-20 14.3 14.38 13.0 13.0
1994-11-01 13.4 13.5 13.0 13.0
1994-11-03 14.4 14.6 13.3 13.3
1995-01-03 13.3 13.7 12.82 12.82
1995-01-04 13.66 13.68 13.3 13.3
1995-01-24 11.7 12.2 11.55 11.55
1995-01-25 11.9 12.05 11.8 11.8
1995-01-27 11.98 12.02 11.78 11.78
1995-02-10 11.15 11.55 11.0 11.0
1995-02-22 12.36 12.6 11.2 11.2
1995-03-03 12.23 12.38 11.8 11.8
1995-03-22 12.55 12.56 12.2 12.2
1995-03-27 12.73 12.85 12.51 12.51
1995-03-28 12.9 13.0 12.6 12.6
1995-04-14 12.5 12.5 12.31 12.31
1995-04-19 12.48 12.65 12.25 12.25
1995-04-20 12.68 12.7 12.48 12.48
1995-05-05 11.5 11.55 11.35 11.35
1995-05-12 11.3 11.58 11.05 11.05
1995-06-02 13.4 13.43 13.25 13.25
1995-06-09 13.0 13.11 12.8 12.8
1995-06-13 12.96 13.18 12.9 12.9
1995-06-16 12.15 12.28 11.8 11.8
1995-06-19 11.75 11.98 11.0 11.0
1995-06-21 12.0 12.08 11.8 11.8
1995-07-04 11.5 11.56 11.32 11.32
1995-07-17 12.7 12.8 11.8 11.8
1995-08-07 13.0 13.0 12.58 12.58
1995-09-06 12.55 12.66 12.38 12.38
1995-09-08 12.42 12.56 12.41 12.41
1995-09-29 12.2 12.2 11.99 11.99
1995-10-05 12.1 12.16 12.0 12.0
1995-11-03 12.26 12.4 12.01 12.01
1995-11-06 12.1 12.35 12.05 12.05
1995-11-21 11.39 11.4 11.31 11.31
1995-11-24 11.0 11.0 10.9 10.9
1995-12-05 10.78 10.8 10.71 10.71
1995-12-07 10.79 10.98 10.75 10.75
1995-12-08 10.8 10.94 9.8 9.8
1995-12-13 10.49 10.79 10.33 10.33
1995-12-15 10.5 10.88 10.28 10.28
1995-12-22 10.24 10.28 10.12 10.12
1995-12-27 9.8 9.9 9.6 9.6
1996-01-15 9.12 9.5 9.05 9.05
1996-01-24 8.92 8.98 8.9 8.9
1996-02-02 9.0 9.0 8.8 8.8
1996-02-07 8.71 8.84 8.7 8.7
1996-02-12 8.82 8.9 8.6 8.6
1996-02-15 9.0 9.06 8.8 8.8
1996-02-16 9.35 9.38 9.04 9.04
1996-03-14 9.47 9.79 9.35 9.35
1996-03-18 9.46 9.6 9.39 9.39
1996-03-19 9.52 9.68 9.5 9.5
1996-03-21 9.55 9.68 9.5 9.5
1996-04-05 9.65 9.7 9.32 9.32
1996-04-10 9.74 9.79 9.7 9.7
1996-04-19 10.58 10.62 10.22 10.22
1996-04-26 12.03 12.27 11.0 11.0
1996-05-06 11.38 11.54 11.2 11.2
1996-05-09 11.41 11.5 11.3 11.3
1996-05-15 11.54 11.58 11.4 11.4
1996-05-17 12.35 12.35 11.76 11.76
1996-05-22 11.9 12.05 11.8 11.8
1996-06-04 11.42 11.47 11.1 11.1
1996-06-05 12.12 12.15 11.45 11.45
1996-06-14 11.4 11.8 11.01 11.01
1996-06-20 12.5 12.8 11.9 11.9
1996-06-26 11.85 11.85 11.6 11.6
1996-07-16 13.1 13.15 12.5 12.5
1996-07-18 12.69 12.88 12.48 12.48
1996-07-22 13.15 13.3 13.0 13.0
1996-08-15 12.3 12.6 12.3 12.3
1996-09-11 7.9 7.99 7.78 7.78
1996-09-19 8.38 8.45 8.0 8.0
1996-10-10 8.22 8.29 7.9 7.9
1996-10-16 8.57 8.9 8.5 8.5
1996-10-21 8.95 8.98 8.7 8.7
1996-10-25 9.28 9.45 9.08 9.08
1996-11-15 8.46 8.65 8.45 8.45
1996-12-16 8.66 8.66 8.66 8.66
1996-12-17 7.79 8.47 7.79 7.79
1996-12-18 8.44 8.55 7.53 7.53
1997-01-17 7.85 7.9 7.8 7.8
1997-01-31 8.1 8.15 8.01 8.01
1997-02-19 8.1 8.1 7.5 7.5
1997-02-20 8.05 8.12 7.29 7.29
1997-03-21 9.0 9.08 8.69 8.69
1997-03-31 9.75 9.8 9.18 9.18
1997-04-10 9.62 9.95 9.55 9.55
1997-04-14 10.06 10.3 9.6 9.6
1997-05-12 9.58 9.6 9.0 9.0
1997-05-19 8.38 8.54 8.2 8.2
1997-05-28 7.72 7.89 7.65 7.65
1997-06-02 8.03 8.1 7.8 7.8
1997-06-20 7.7 7.7 7.4 7.4
1997-07-31 6.82 6.88 6.68 6.68
1997-09-08 7.58 7.66 7.3 7.3
1997-12-19 6.19 6.24 6.02 6.02
1998-01-08 6.35 6.46 6.3 6.3
1998-01-12 6.55 6.65 6.27 6.27
1998-01-14 6.49 6.5 6.2 6.2
1998-03-13 6.14 6.2 6.1 6.1
1998-03-19 6.19 6.3 6.08 6.08
1998-03-24 6.2 6.2 6.0 6.0
1998-04-02 6.8 7.14 6.54 6.54
1998-04-03 7.0 7.14 6.8 6.8
1998-04-13 6.8 7.14 6.7 6.7
1998-06-02 8.25 8.38 7.98 7.98
1998-07-15 6.99 7.0 6.9 6.9
1998-07-30 7.78 7.78 7.46 7.46
1998-09-09 6.57 6.6 6.39 6.39
1998-09-10 6.6 6.78 6.58 6.58
1998-09-25 6.86 6.92 6.5 6.5
1998-09-29 6.96 7.03 6.88 6.88
1998-11-09 7.74 7.98 7.65 7.65
1998-11-13 7.68 7.8 7.5 7.5
1998-11-27 7.1 7.18 7.05 7.05
1998-12-08 7.0 7.1 6.8 6.8
1999-01-08 6.38 6.38 6.08 6.08
1999-01-11 6.38 6.42 6.25 6.25
1999-01-27 6.11 6.2 6.0 6.0
1999-03-03 6.19 6.33 6.1 6.1
1999-03-10 6.39 6.4 6.23 6.23
1999-03-11 6.62 6.67 6.39 6.39
1999-03-12 6.8 6.96 6.63 6.63
1999-03-25 6.52 6.55 6.43 6.43
1999-03-29 6.95 6.95 6.52 6.52
1999-04-23 6.86 6.98 6.5 6.5
1999-04-29 6.38 6.41 6.2 6.2
1999-05-07 6.38 6.56 6.26 6.26
1999-05-11 6.19 6.29 6.08 6.08
1999-05-18 5.85 6.08 5.85 5.85
1999-05-26 6.7 6.79 6.51 6.51
1999-06-04 7.71 7.8 7.3 7.3
1999-06-21 9.9 9.9 9.2 9.2
1999-06-25 9.78 10.15 9.78 9.78
1999-07-05 10.38 10.85 10.25 10.25
1999-07-21 11.29 11.5 10.89 10.89
1999-07-23 11.53 11.55 10.31 10.31
1999-07-27 13.4 13.4 12.0 12.0
1999-08-17 11.7 11.78 11.53 11.53
1999-08-18 11.86 11.9 11.7 11.7
1999-08-23 12.58 12.63 12.28 12.28
1999-09-01 10.4 10.68 10.3 10.3
1999-09-09 10.82 10.98 10.56 10.56
1999-09-21 11.4 11.5 11.05 11.05
1999-10-08 13.0 13.5 12.82 12.82
1999-10-15 13.9 13.97 12.95 12.95
1999-10-19 14.5 14.5 13.49 13.49
1999-11-02 14.7 14.88 14.38 14.38
1999-11-05 14.78 14.85 14.35 14.35
1999-11-25 13.85 14.18 13.8 13.8
1999-11-29 14.01 14.09 13.8 13.8
1999-12-08 13.8 13.81 13.8 13.8
1999-12-14 13.91 14.0 13.82 13.82
1999-12-29 14.04 14.04 13.78 13.78
2000-01-04 15.1 15.15 14.4 14.4
2000-01-06 15.9 15.9 14.85 14.85
2000-01-14 17.87 17.93 16.8 16.8
2000-01-21 18.95 18.98 18.15 18.15
2000-02-17 20.43 20.45 19.05 19.05
2000-03-08 17.02 17.86 17.01 17.01
2000-03-28 17.79 17.99 17.2 17.2
2000-04-07 17.3 17.3 16.5 16.5
2000-04-20 20.74 20.74 19.2 19.2
2000-04-27 20.84 21.0 20.0 20.0
2000-05-12 20.5 20.5 19.6 19.6
2000-06-06 15.51 15.52 15.3 15.3
2000-06-22 15.75 15.75 15.15 15.15
2000-07-07 13.72 13.79 13.54 13.54
2000-07-19 13.75 14.0 13.56 13.56
2000-08-10 14.47 14.48 14.25 14.25
2000-08-24 17.5 17.54 16.45 16.45
2000-09-13 14.9 15.09 14.8 14.8
2000-09-29 14.04 14.12 13.9 13.9
2000-10-10 14.28 14.3 13.98 13.98
2000-10-17 13.82 14.0 13.7 13.7
2000-10-18 13.96 14.0 13.81 13.81
2000-10-23 14.59 14.6 14.25 14.25
2000-10-31 14.24 14.45 14.05 14.05
2000-11-07 14.43 14.6 14.35 14.35
2000-11-13 15.02 15.11 14.72 14.72
2000-11-28 15.09 15.12 14.82 14.82
2000-12-20 15.22 15.3 15.14 15.14
2000-12-21 15.4 15.49 15.0 15.0
2000-12-25 15.81 15.98 15.53 15.53
2001-01-19 14.98 15.01 14.88 14.88
2001-02-07 14.63 14.72 14.5 14.5
2001-02-09 14.3 14.5 14.1 14.1
2001-02-14 14.43 14.48 14.22 14.22
2001-03-07 13.89 13.95 13.75 13.75
2001-03-08 14.01 14.17 13.85 13.85
2001-03-09 14.15 14.36 14.0 14.0
2001-03-14 14.52 14.78 14.4 14.4
2001-03-15 14.7 14.78 14.55 14.55
2001-03-27 15.03 15.09 15.0 15.0
2001-04-05 14.72 14.72 14.55 14.55
2001-04-06 14.81 14.95 14.74 14.74
2001-04-13 14.82 14.88 14.79 14.79
2001-04-19 15.4 15.48 15.0 15.0
2001-04-24 15.84 15.87 15.42 15.42
2001-05-08 15.52 15.52 14.9 14.9
2001-05-10 15.85 15.95 15.33 15.33
2001-07-09 15.19 15.32 15.1 15.1
2001-07-10 15.45 15.68 15.19 15.19
2001-07-18 15.4 15.42 15.26 15.26
2001-07-20 15.62 15.65 15.38 15.38
2001-08-15 14.48 14.57 14.28 14.28
2001-08-17 14.23 14.4 14.0 14.0
2001-08-21 14.5 14.59 14.37 14.37
2001-08-31 13.85 13.88 13.76 13.76
2001-09-05 14.15 14.28 14.0 14.0
2001-09-10 14.01 14.25 13.35 13.35
2001-09-18 13.49 13.96 13.38 13.38
2001-10-18 11.77 11.97 11.75 11.75
2001-10-29 12.28 12.59 12.01 12.01
2001-11-01 12.36 12.4 12.24 12.24
2001-11-06 12.01 12.1 12.0 12.0
2001-11-12 12.03 12.28 11.6 11.6
2001-11-20 13.39 13.67 13.0 13.0
2001-11-27 13.46 13.46 13.1 13.1
2001-12-06 13.4 13.58 13.35 13.35
2001-12-10 13.3 13.3 13.1 13.1
2001-12-21 12.83 12.91 12.71 12.71
2001-12-28 12.59 12.6 12.38 12.38
2001-12-31 12.68 12.74 12.6 12.6
2002-01-07 12.27 12.4 12.22 12.22
2002-01-25 10.26 10.48 10.11 10.11
2002-01-31 11.12 11.25 10.48 10.48
2002-02-07 11.06 11.15 10.79 10.79
2002-03-04 11.05 11.05 10.75 10.75
2002-03-07 11.87 11.9 11.55 11.55
2002-03-11 12.19 12.2 11.76 11.76
2002-03-19 12.15 12.18 11.85 11.85
2002-03-22 12.17 12.36 12.02 12.02
2002-03-25 12.36 12.48 12.3 12.3
2002-04-04 11.85 11.85 11.45 11.45
2002-04-08 11.9 11.95 11.8 11.8
2002-04-12 12.27 12.38 12.2 12.2
2002-04-23 12.15 12.25 12.15 12.15
2002-04-24 12.3 12.38 12.17 12.17
2002-04-25 12.39 12.4 12.22 12.22
2002-04-29 13.39 13.58 12.75 12.75
2002-05-17 12.1 12.2 11.9 11.9
2002-05-23 12.18 12.3 12.05 12.05
2002-05-31 11.31 11.49 11.28 11.28
2002-06-18 11.41 11.49 11.34 11.34
2002-06-20 11.38 11.49 11.2 11.2
2002-06-21 11.86 11.97 11.46 11.46
2002-07-05 12.69 13.08 12.4 12.4
2002-07-09 13.09 13.58 12.9 12.9
2002-07-12 12.89 13.1 12.81 12.81
2002-07-19 13.19 13.29 12.8 12.8
2002-07-24 13.57 14.65 13.38 13.38
2002-08-05 12.84 13.35 11.98 11.98
2002-08-19 13.55 13.65 13.43 13.43
2002-08-23 13.54 13.6 13.39 13.39
2002-09-06 13.98 14.38 13.75 13.75
2002-09-10 14.5 14.55 14.1 14.1
2002-10-21 14.56 14.6 14.0 14.0
2002-10-22 14.64 14.7 14.38 14.38
2002-11-25 14.3 14.44 14.05 14.05
2002-12-16 13.4 13.45 13.08 13.08
2002-12-20 14.5 14.82 14.2 14.2
2003-01-08 12.67 12.96 12.5 12.5
2003-01-14 13.48 13.49 12.5 12.5
2003-01-20 13.68 13.95 13.18 13.18
2003-02-26 13.39 13.59 13.31 13.31
2003-03-04 13.83 13.98 13.53 13.53
2003-03-07 14.09 14.18 13.5 13.5
2003-03-11 13.78 13.89 13.61 13.61
2003-03-17 13.66 13.85 13.33 13.33
2003-03-18 13.74 13.83 13.66 13.66
2003-03-25 13.88 13.88 13.71 13.71
2003-03-26 14.1 14.51 13.9 13.9
2003-04-01 14.15 14.38 14.1 14.1
2003-04-11 14.24 14.25 13.5 13.5
2003-04-15 14.82 14.83 14.3 14.3
2003-05-14 15.34 15.5 15.01 15.01
2003-05-23 15.55 15.65 15.3 15.3
2003-06-06 14.84 14.95 14.82 14.82
2003-06-09 14.3 14.9 14.2 14.2
2003-06-30 14.91 15.0 14.63 14.63
2003-07-08 14.48 14.5 14.18 14.18
2003-07-10 14.84 14.85 14.37 14.37
2003-07-11 14.75 14.81 14.58 14.58
2003-07-14 14.68 14.74 14.35 14.35
2003-07-15 14.4 14.65 14.39 14.39
2003-07-17 14.25 14.4 14.17 14.17
2003-08-19 13.86 13.96 13.6 13.6
2003-08-20 13.95 14.0 13.42 13.42
2003-08-26 14.21 14.3 13.71 13.71
2003-09-02 14.0 14.0 13.81 13.81
2003-09-04 13.79 13.91 13.69 13.69
2003-10-14 13.33 13.57 13.29 13.29
2003-10-23 13.18 13.66 12.56 12.56
2003-11-11 11.2 11.25 10.68 10.68
2003-11-20 11.13 11.2 10.65 10.65
2003-11-25 11.3 11.48 11.0 11.0
2003-12-01 12.17 12.56 11.45 11.45
2003-12-09 12.57 12.65 11.9 11.9
2003-12-18 13.02 13.02 12.86 12.86
2003-12-30 13.71 13.78 13.12 13.12
2003-12-31 13.82 13.99 13.28 13.28
2004-01-02 13.59 13.73 13.28 13.28
2004-01-08 12.95 12.95 12.4 12.4
2004-01-09 12.76 13.2 12.7 12.7
2004-01-13 12.71 13.0 12.4 12.4
2004-01-14 12.74 12.85 12.51 12.51
2004-02-02 12.65 12.8 11.72 11.72
2004-02-05 13.0 13.3 12.7 12.7
2004-02-16 12.7 12.7 12.51 12.51
2004-02-27 12.1 12.36 11.66 11.66
2004-03-03 11.92 12.1 11.9 11.9
2004-03-05 11.77 11.9 11.68 11.68
2004-03-22 12.33 12.83 12.02 12.02
2004-03-29 11.82 11.95 11.71 11.71
2004-03-30 11.7 11.8 11.61 11.61
2004-03-31 11.97 11.98 11.7 11.7
2004-04-01 12.08 12.13 11.68 11.68
2004-04-02 12.11 12.28 11.7 11.7
2004-04-07 12.39 12.53 12.2 12.2
2004-04-15 11.71 11.95 11.7 11.7
2004-04-16 11.86 11.89 11.7 11.7
2004-04-19 12.34 12.48 12.18 12.18
2004-04-20 12.63 12.69 12.34 12.34
2004-04-22 12.32 12.34 12.08 12.08
2004-05-11 12.1 12.24 11.9 11.9
2004-05-17 11.56 11.84 11.4 11.4
2004-05-20 11.52 11.53 11.45 11.45
2004-05-27 11.01 11.18 10.87 10.87
2004-05-31 11.35 11.5 10.88 10.88
2004-06-07 11.15 11.19 11.0 11.0
2004-06-15 10.95 10.95 10.31 10.31
2004-06-16 10.66 10.95 10.6 10.6
2004-06-18 10.56 10.93 10.31 10.31
2004-06-21 10.44 10.48 10.1 10.1
2004-06-22 10.67 10.94 10.43 10.43
2004-06-30 10.38 10.43 10.23 10.23
2004-07-05 10.46 10.54 10.25 10.25
2004-07-15 6.67 6.74 6.45 6.45
2004-07-16 6.8 6.89 6.45 6.45
2004-07-20 6.66 6.75 6.58 6.58
2004-07-21 6.67 6.77 6.48 6.48
2004-07-26 6.6 6.71 6.51 6.51
2004-08-02 6.62 6.63 6.43 6.43
2004-08-19 6.16 6.21 6.06 6.06
2004-08-23 6.17 6.21 6.07 6.07
2004-08-24 6.15 6.19 6.1 6.1
2004-08-25 6.15 6.2 6.11 6.11
2004-08-26 6.17 6.19 6.11 6.11
2004-09-01 6.12 6.28 6.1 6.1
2004-09-03 6.17 6.28 6.11 6.11
2004-09-06 6.21 6.26 6.17 6.17
2004-09-07 6.23 6.29 6.16 6.16
2004-09-08 6.18 6.23 6.16 6.16
2004-09-09 6.18 6.26 6.06 6.06
2004-09-15 6.23 6.44 6.13 6.13
2004-09-28 6.45 6.53 6.35 6.35
2004-10-13 6.27 6.3 6.14 6.14
2004-10-22 5.93 5.94 5.78 5.78
2004-10-28 6.12 6.5 5.82 5.82
2004-11-03 6.01 6.04 5.84 5.84
2004-11-15 6.07 6.08 5.98 5.98
2004-11-19 6.18 6.19 6.09 6.09
2004-12-07 6.14 6.26 6.1 6.1
2004-12-13 5.95 6.08 5.88 5.88
2005-01-04 5.64 5.79 5.6 5.6
2005-01-17 5.59 5.66 5.43 5.43
2005-02-01 5.66 5.72 5.37 5.37
2005-02-03 5.7 5.8 5.7 5.7
2005-02-21 5.67 5.69 5.61 5.61
2005-03-07 5.75 5.75 5.65 5.65
2005-04-06 5.89 5.89 5.8 5.8
2005-04-13 5.87 5.94 5.84 5.84
2005-04-22 5.74 5.76 5.6 5.6
2005-05-31 5.62 5.64 5.51 5.51
2005-06-27 4.25 4.3 4.11 4.11
2005-07-05 3.92 4.0 3.85 3.85
2005-07-22 3.26 3.31 3.21 3.21
2005-08-08 3.74 3.82 3.65 3.65
2005-08-10 4.17 4.2 3.92 3.92
2005-08-11 4.54 4.59 4.3 4.3
2005-08-24 4.43 4.48 4.18 4.18
2005-08-25 4.87 4.87 4.5 4.5
2005-09-13 4.75 4.75 4.63 4.63
2005-09-15 4.89 4.94 4.8 4.8
2005-09-29 4.59 4.63 4.32 4.32
2005-11-02 3.82 3.84 3.68 3.68
2005-11-11 3.67 3.71 3.6 3.6
2005-11-16 3.85 3.88 3.78 3.78
2005-11-17 3.91 3.98 3.88 3.88
2005-12-07 3.71 3.76 3.65 3.65
2006-10-09 4.1 4.11 4.0 4.0
2006-10-13 4.16 4.27 4.05 4.05
2006-11-01 3.82 3.9 3.78 3.78
2006-12-18 3.92 3.93 3.87 3.87
2006-12-25 3.93 4.0 3.92 3.92
2006-12-29 3.95 4.07 3.94 3.94
2007-01-22 4.71 4.73 4.49 4.49
2007-02-02 4.97 4.97 4.76 4.76
2007-02-12 5.03 5.16 4.96 4.96
2007-03-12 6.6 6.78 6.09 6.09
2007-03-15 7.14 7.38 6.71 6.71
2007-03-20 6.98 7.09 6.8 6.8
2007-04-05 9.48 9.48 8.64 8.64
2007-04-17 10.99 11.24 10.51 10.51
2007-04-20 10.32 10.36 9.98 9.98
2007-04-26 11.22 11.22 10.2 10.2
2007-04-27 11.55 12.2 11.46 11.46
2007-04-30 12.71 12.71 11.56 11.56
2007-05-16 14.82 14.88 14.08 14.08
2007-05-21 17.75 18.65 16.95 16.95
2007-05-28 19.23 19.23 19.23 19.23
2007-05-30 17.33 18.88 17.33 17.33
2007-06-05 12.58 12.68 11.76 11.76
2007-06-13 14.59 14.59 13.26 13.26
2007-06-19 15.26 15.5 14.9 14.9
2007-07-16 10.41 10.41 10.41 10.41
2007-09-17 12.21 12.39 11.91 11.91
2007-09-20 11.97 12.2 11.94 11.94
2007-11-29 11.25 11.32 10.92 10.92
2007-12-03 10.92 11.2 10.85 10.85
2007-12-13 11.76 12.18 11.44 11.44
2007-12-24 12.57 12.98 12.29 12.29
2008-01-03 13.56 13.9 12.69 12.69
2008-01-29 12.2 12.48 11.8 11.8
2008-02-04 12.75 12.8 12.0 12.0
2008-02-05 12.89 13.09 12.5 12.5
2008-02-29 14.19 14.28 13.55 13.55
2008-04-30 8.21 8.27 7.91 7.91
2008-05-28 8.5 8.6 8.11 8.11
2008-07-07 6.63 6.85 6.35 6.35
2008-07-28 7.5 7.5 6.91 6.91
2008-08-07 7.72 8.01 7.62 7.62
2008-08-27 6.06 6.06 5.51 5.51
2008-09-24 5.51 5.53 5.1 5.1
2008-10-07 5.31 5.4 5.11 5.11
2008-10-17 4.06 4.12 3.99 3.99
2008-10-21 4.6 4.62 4.17 4.17
2008-11-10 4.46 4.46 4.08 4.08
2008-11-11 4.58 4.77 4.5 4.5
2008-11-28 4.75 4.78 4.45 4.45
2008-12-10 5.34 5.36 5.15 5.15
2009-01-14 5.5 5.57 4.97 4.97
2009-01-20 5.32 5.34 5.02 5.02
2009-02-06 5.96 6.06 5.69 5.69
2009-03-27 6.82 7.13 6.73 6.73
2009-04-10 6.9 6.97 6.6 6.6
2009-04-13 7.19 7.46 6.83 6.83
2009-05-18 8.67 9.1 8.36 8.36
2009-06-05 8.94 9.18 8.76 8.76
2009-06-24 8.3 8.31 8.12 8.12
2009-07-14 8.75 8.8 8.62 8.62
2009-07-22 8.79 9.0 8.62 8.62
2009-08-20 6.78 6.78 6.47 6.47
2009-09-28 6.7 6.79 6.56 6.56
2009-11-12 7.79 7.94 7.74 7.74
2009-11-16 8.15 8.15 7.96 7.96
2010-01-15 8.47 8.52 8.28 8.28
2010-02-22 7.38 7.43 7.31 7.31
2010-03-09 8.13 8.2 7.9 7.9
2010-04-01 8.33 8.34 8.13 8.13
2010-05-14 7.2 7.24 7.07 7.07
2010-05-24 6.73 6.75 6.47 6.47
2010-06-03 6.61 6.76 6.45 6.45
2010-06-04 6.73 6.75 6.55 6.55
2010-06-08 6.66 6.67 6.57 6.57
2010-06-09 6.85 6.86 6.66 6.66
2010-06-21 6.54 6.64 6.33 6.33
2010-06-22 6.88 6.94 6.5 6.5
2010-07-19 6.78 7.0 6.75 6.75
2010-07-22 7.23 7.42 7.15 7.15
2010-07-23 7.22 7.32 7.12 7.12
2010-08-13 8.49 8.5 8.22 8.22
2010-08-25 8.7 8.8 8.4 8.4
2010-09-08 9.15 9.15 8.9 8.9
2010-09-30 8.19 8.48 8.15 8.15
2010-10-08 8.41 8.48 8.3 8.3
2010-10-19 8.41 8.44 7.9 7.9
2010-10-28 9.48 9.63 9.08 9.08
2010-11-15 12.55 12.55 11.55 11.55
2010-12-06 12.11 12.82 11.81 11.81
2010-12-13 12.62 12.78 12.32 12.32
2011-01-12 15.11 15.11 13.83 13.83
2011-01-26 13.29 13.58 13.15 13.15
2011-03-23 16.76 16.85 16.11 16.11
2011-04-07 16.68 17.14 16.56 16.56
2011-04-19 16.91 17.15 15.37 15.37
2011-06-08 13.73 13.85 13.41 13.41
2011-06-30 13.01 13.17 12.8 12.8
2011-07-27 12.43 12.88 12.0 12.0
2011-08-01 12.13 12.28 12.0 12.0
2011-09-16 11.9 12.05 11.8 11.8
2011-10-26 11.29 11.48 11.01 11.01
2011-10-28 11.72 11.96 11.5 11.5
2011-11-04 11.75 11.96 11.64 11.64
2011-11-14 11.39 11.45 11.21 11.21
2011-11-25 12.23 12.34 12.04 12.04
2011-12-07 10.83 10.84 10.7 10.7
2011-12-23 9.93 9.95 9.62 9.62
2011-12-26 10.11 10.18 9.81 9.81
2012-01-09 8.89 8.91 8.51 8.51
2012-01-31 8.7 8.71 8.59 8.59
2012-02-01 8.65 8.76 8.65 8.65
2012-02-06 9.27 9.49 8.89 8.89
2012-02-09 9.27 9.6 9.2 9.2
2012-03-02 9.79 9.83 9.7 9.7
2012-03-27 8.84 8.87 8.78 8.78
2012-05-18 7.95 8.08 7.81 7.81
2012-08-31 5.64 5.7 5.57 5.57
2012-09-06 5.6 5.63 5.5 5.5
2012-09-07 5.91 5.94 5.6 5.6
2012-09-27 5.49 5.54 5.29 5.29
2012-10-18 5.82 5.84 5.69 5.69
2012-10-24 6.07 6.38 5.88 5.88
2012-11-01 5.83 5.86 5.7 5.7
2012-11-07 6.17 6.24 5.95 5.95
2012-12-06 5.23 5.36 5.19 5.19
2012-12-10 5.41 5.46 5.33 5.33
2012-12-14 5.42 5.49 5.23 5.23
2013-01-21 6.43 6.59 6.41 6.41
2013-01-28 6.17 6.19 5.93 5.93
2013-02-08 6.32 6.33 6.21 6.21
2013-02-20 6.31 6.33 6.22 6.22
2013-02-28 6.06 6.08 5.94 5.94
2013-04-11 5.41 5.42 5.32 5.32
2013-04-16 5.39 5.4 5.21 5.21
2013-04-19 5.49 5.5 5.42 5.42
2013-04-24 5.38 5.4 5.3 5.3
2013-05-03 5.63 5.67 5.46 5.46
2013-07-10 5.12 5.12 4.95 4.95
2013-07-15 5.32 5.38 5.2 5.2
2013-08-13 5.55 5.6 5.45 5.45
2013-09-04 6.05 6.28 5.98 5.98
2013-09-12 6.66 6.83 6.5 6.5
2013-10-08 6.05 6.06 5.89 5.89
2013-10-17 6.34 6.46 6.23 6.23
2013-11-11 5.61 5.62 5.49 5.49
2013-11-14 5.55 5.61 5.5 5.5
2013-11-15 5.68 5.73 5.55 5.55
2013-12-03 6.07 6.09 5.86 5.86
2013-12-10 6.56 6.83 6.43 6.43
2014-01-13 5.6 5.63 5.5 5.5
2014-01-14 5.76 5.78 5.6 5.6
2014-01-20 5.72 5.74 5.57 5.57
2014-02-14 6.2 6.23 6.05 6.05
2014-02-19 6.5 6.52 6.24 6.24
2014-03-25 8.44 8.68 7.8 7.8
2014-10-13 9.07 9.1 8.83 8.83
2014-10-20 8.3 8.32 8.21 8.21
2014-11-25 9.75 9.75 8.96 8.96
2014-12-11 9.2 9.28 8.88 8.88
2014-12-18 9.16 9.23 9.0 9.0
2014-12-31 8.67 8.68 8.35 8.35
2015-01-05 8.79 8.9 8.67 8.67
2015-01-16 7.92 8.03 7.82 7.82
2015-02-10 8.26 8.3 7.61 7.61
2015-03-27 9.75 9.8 9.37 9.37
2015-07-08 5.54 5.8 5.54 5.54
2015-07-09 6.09 6.09 5.3 5.3
2015-08-04 7.21 7.22 6.66 6.66
2015-09-11 6.63 6.72 6.17 6.17
2015-09-16 6.22 6.26 5.68 5.68
2015-11-20 7.72 7.77 7.59 7.59
2015-12-17 7.75 7.76 7.56 7.56
2015-12-25 8.1 8.19 7.9 7.9
2016-02-02 6.87 6.98 6.72 6.72
2016-02-04 6.73 6.75 6.58 6.58
2016-02-17 6.51 6.54 6.36 6.36
2016-03-18 6.55 6.58 6.34 6.34
2016-03-25 6.51 6.51 6.4 6.4
2016-03-30 6.61 6.64 6.4 6.4
2016-04-11 6.77 6.8 6.68 6.68
2016-05-23 6.2 6.23 6.17 6.17
2016-05-31 6.33 6.38 6.17 6.17
2016-07-04 6.35 6.37 6.21 6.21
2016-07-05 6.38 6.42 6.33 6.33
2016-07-06 6.44 6.45 6.34 6.34
2016-08-22 8.19 8.34 8.09 8.09
2016-10-10 7.58 7.63 7.45 7.45
2016-11-03 7.75 7.85 7.69 7.69
2016-11-07 8.02 8.14 7.88 7.88
2016-11-10 7.9 7.98 7.81 7.81
2016-11-21 7.9 7.93 7.81 7.81
2017-01-18 7.71 7.82 7.58 7.58
2017-01-23 8.11 8.17 7.93 7.93
2017-02-20 9.38 9.39 9.15 9.15
2017-03-06 8.86 8.89 8.75 8.75
2017-03-07 8.86 8.91 8.81 8.81
2017-03-10 8.62 8.71 8.56 8.56
2017-03-14 8.88 8.94 8.7 8.7
2017-03-24 8.58 8.58 8.29 8.29
2017-06-05 6.3 6.31 6.23 6.23
2017-06-19 6.74 6.8 6.67 6.67
2017-07-05 6.81 6.88 6.72 6.72
2017-08-09 7.33 7.45 7.26 7.26
2017-08-14 7.01 7.03 6.9 6.9
2017-08-17 7.08 7.08 6.94 6.94
