1997-06-06 15.6 15.6 15.6 15.6
1997-06-09 14.8 15.0 14.05 14.05
1997-06-24 12.81 13.1 12.6 12.6
1997-07-03 10.92 11.15 10.4 10.4
1997-07-08 10.97 11.08 10.42 10.42
1997-07-28 12.1 12.27 11.6 11.6
1997-09-16 12.13 12.3 12.12 12.12
1997-10-14 11.45 11.45 11.2 11.2
1997-10-27 13.51 13.51 12.32 12.32
1997-11-07 15.52 15.84 14.88 14.88
1997-12-04 14.55 14.65 14.15 14.15
1997-12-18 15.3 15.45 15.03 15.03
1998-03-23 15.39 15.68 15.0 15.0
1998-03-27 15.17 15.6 14.98 14.98
1998-03-31 15.35 15.6 15.0 15.0
1998-04-01 15.86 16.1 15.4 15.4
1998-04-07 16.19 16.35 16.0 16.0
1998-05-11 17.39 17.85 17.2 17.2
1998-05-25 22.3 23.08 21.1 21.1
1998-06-01 24.02 24.02 23.3 23.3
1998-06-08 25.13 25.55 24.0 24.0
1998-06-12 25.93 26.28 25.0 25.0
1998-06-15 27.2 27.6 26.0 26.0
1998-06-17 30.11 30.16 28.1 28.1
1998-06-19 31.8 31.98 31.0 31.0
1998-06-24 32.1 32.1 30.5 30.5
1998-06-26 32.3 32.58 31.5 31.5
1998-08-27 19.09 19.52 18.6 18.6
1998-09-02 17.93 18.05 17.75 17.75
1998-09-04 18.28 18.35 18.07 18.07
1998-09-11 19.48 19.85 19.1 19.1
1998-09-14 19.65 20.0 19.5 19.5
1998-09-22 19.25 19.69 18.62 18.62
1998-09-25 19.15 19.16 18.8 18.8
1998-09-30 20.4 20.4 19.52 19.52
1998-10-05 22.44 22.44 20.5 20.5
1998-10-13 22.6 23.17 22.1 22.1
1998-10-14 23.3 23.8 22.6 22.6
1998-10-29 27.08 27.15 26.38 26.38
1998-11-26 28.3 28.66 28.0 28.0
1998-11-27 28.4 29.4 28.1 28.1
1998-12-14 27.18 27.25 26.4 26.4
1998-12-16 27.83 27.93 26.9 26.9
1999-01-14 26.76 27.1 26.3 26.3
1999-01-20 25.73 25.73 24.05 24.05
1999-01-21 26.63 26.63 25.28 25.28
1999-01-22 26.99 27.0 26.15 26.15
1999-01-29 24.4 24.89 24.0 24.0
1999-03-05 25.95 26.5 25.1 25.1
1999-03-09 24.76 25.63 24.7 24.7
1999-03-11 25.3 25.8 24.8 24.8
1999-05-27 25.99 26.7 25.2 25.2
1999-06-04 24.0 24.5 23.95 23.95
1999-06-08 25.69 26.2 24.3 24.3
1999-06-28 36.41 36.41 33.5 33.5
1999-08-06 34.5 34.68 33.5 33.5
1999-08-16 32.1 32.3 27.78 27.78
1999-08-24 33.1 33.55 32.1 32.1
1999-08-25 34.0 34.1 32.95 32.95
1999-09-24 17.56 17.6 17.0 17.0
1999-12-10 13.35 13.45 13.01 13.01
1999-12-14 13.35 13.6 13.28 13.28
2000-01-07 14.94 14.94 13.75 13.75
2000-02-18 14.18 14.91 12.28 12.28
2000-04-21 13.69 14.07 13.65 13.65
2000-04-28 13.45 13.47 13.28 13.28
2000-05-12 12.79 12.8 12.6 12.6
2000-10-13 10.5 10.6 10.49 10.49
2001-05-10 9.1 9.1 9.01 9.01
2001-06-01 9.62 9.68 9.54 9.54
2001-06-21 9.42 9.46 9.3 9.3
2001-07-09 9.16 9.27 9.1 9.1
2001-07-10 9.2 9.22 9.15 9.15
2001-07-11 9.29 9.32 9.2 9.2
2001-07-13 9.21 9.35 9.18 9.18
2001-07-17 9.06 9.16 8.8 8.8
2001-07-19 9.05 9.1 9.02 9.02
2001-07-27 8.8 8.93 8.77 8.77
2001-12-07 7.3 7.35 7.23 7.23
2002-02-07 8.78 8.99 8.58 8.58
2002-04-10 10.17 10.41 10.05 10.05
2002-04-16 11.28 11.43 10.9 10.9
2003-06-02 14.26 14.47 14.01 14.01
2003-09-10 11.86 11.93 11.68 11.68
2003-09-30 11.89 11.99 11.6 11.6
2004-01-06 12.72 13.2 12.04 12.04
2004-01-09 14.2 15.0 14.0 14.0
2004-01-29 16.53 16.53 15.05 15.05
2004-03-05 15.52 15.65 15.18 15.18
2004-03-15 15.68 15.8 15.3 15.3
2004-03-17 16.49 16.73 16.3 16.3
2004-03-31 14.41 14.53 14.22 14.22
2004-05-13 11.0 11.18 10.6 10.6
2004-08-05 8.29 8.75 8.29 8.29
2004-08-10 7.95 8.06 7.93 7.93
2005-10-27 3.14 3.21 3.0 3.0
2005-10-31 3.18 3.19 3.08 3.08
2007-01-15 4.3 4.33 4.07 4.07
2007-05-22 9.65 9.79 9.4 9.4
2007-05-28 10.56 10.79 10.35 10.35
2007-09-03 7.04 7.17 6.76 6.76
2008-06-11 3.61 3.61 3.61 3.61
2008-06-16 3.26 3.3 3.26 3.26
2008-06-18 3.1 3.16 2.95 2.95
2008-06-20 2.8 2.98 2.8 2.8
2008-06-24 3.09 3.09 3.09 3.09
2008-08-12 2.47 2.47 2.47 2.47
2008-12-09 1.63 1.63 1.55 1.55
2008-12-11 1.8 1.8 1.77 1.77
2009-01-09 2.11 2.11 2.11 2.11
2009-04-01 3.06 3.06 2.91 2.91
2009-04-02 3.01 3.11 3.01 3.01
2009-04-13 3.17 3.17 3.03 3.03
2009-04-16 3.68 3.68 3.4 3.4
2009-04-20 4.05 4.05 4.05 4.05
2009-04-28 3.79 4.07 3.79 3.79
2009-04-29 3.98 3.98 3.65 3.65
2012-04-05 5.78 5.81 5.6 5.6
2012-08-29 4.81 4.87 4.76 4.76
2012-11-02 4.57 4.57 4.19 4.19
2013-05-06 3.99 4.0 3.94 3.94
2013-08-23 4.68 4.78 4.44 4.44
2014-01-30 5.84 5.91 5.77 5.77
2014-02-10 6.48 6.48 5.9 5.9
2014-02-14 6.84 6.93 6.63 6.63
2014-02-17 6.88 6.98 6.78 6.78
2015-02-11 11.68 11.8 11.3 11.3
2015-02-17 12.29 12.39 12.0 12.0
2015-04-20 17.38 17.38 16.05 16.05
2015-05-20 16.36 16.79 15.96 15.96
2015-05-21 17.79 17.8 16.36 16.36
2015-06-08 19.44 19.96 18.39 18.39
2015-06-11 21.22 21.22 19.15 19.15
2015-07-13 8.33 8.33 8.33 8.33
2015-07-14 9.16 9.16 9.16 9.16
2015-12-29 13.3 13.36 13.0 13.0
2016-01-05 11.81 12.03 11.25 11.25
2016-02-04 10.17 10.55 10.15 10.15
2016-03-07 9.84 9.93 9.61 9.61
2016-09-30 10.77 10.82 10.49 10.49
2016-10-31 11.33 11.34 10.95 10.95
2016-11-03 11.32 11.4 11.0 11.0
2016-12-07 11.48 11.51 11.06 11.06
2016-12-09 11.83 11.93 11.44 11.44
2016-12-12 12.17 12.9 11.88 11.88
2017-01-26 11.1 11.23 10.9 10.9
2017-02-06 11.31 11.44 11.11 11.11
2017-02-13 11.38 11.46 11.32 11.32
2017-02-16 11.2 11.28 11.06 11.06
2017-05-15 9.76 9.85 9.74 9.74
2017-06-06 9.76 9.8 9.69 9.69
