1996-09-25 11.38 11.5 10.2 10.2
1996-09-27 13.4 13.5 12.05 12.05
1996-10-23 13.2 13.4 12.28 12.28
1996-10-24 14.19 14.68 13.51 13.51
1996-10-28 14.7 14.8 13.7 13.7
1996-11-04 12.77 12.77 12.5 12.5
1996-11-27 12.55 12.7 12.3 12.3
1996-11-28 12.68 13.0 12.46 12.46
1996-11-29 13.25 13.38 12.8 12.8
1996-12-02 14.06 14.25 13.5 13.5
1996-12-16 12.6 12.6 12.6 12.6
1996-12-17 11.34 12.39 11.34 11.34
1997-01-07 11.36 11.51 11.2 11.2
1997-01-10 11.8 11.86 11.6 11.6
1997-01-20 11.75 11.85 11.68 11.68
1997-02-19 12.39 12.39 11.75 11.75
1997-02-20 12.74 13.1 11.15 11.15
1997-02-25 13.06 13.4 12.9 12.9
1997-03-21 13.25 13.25 12.86 12.86
1997-03-26 13.38 13.47 12.95 12.95
1997-05-19 12.7 12.8 12.35 12.35
1997-05-30 12.01 12.19 11.4 11.4
1997-06-06 11.48 11.8 11.18 11.18
1997-06-20 11.45 11.5 10.8 10.8
1997-07-11 9.52 9.68 9.1 9.1
1997-07-30 9.88 9.95 9.7 9.7
1997-07-31 10.2 10.4 9.96 9.96
1997-08-08 10.4 10.45 10.2 10.2
1997-08-13 10.06 10.28 10.0 10.0
1997-08-27 11.48 11.6 11.31 11.31
1997-09-01 12.07 12.18 11.85 11.85
1997-09-04 12.09 12.39 12.0 12.0
1997-10-10 10.18 10.22 10.08 10.08
1997-10-17 10.56 10.65 10.25 10.25
1997-10-22 10.48 10.96 10.35 10.35
1997-10-27 10.96 10.98 10.32 10.32
1997-11-21 9.45 9.65 9.38 9.38
1997-12-10 9.55 9.61 9.45 9.45
1997-12-12 9.48 9.6 9.4 9.4
1998-01-20 9.32 9.4 9.3 9.3
1998-01-23 9.7 9.79 9.55 9.55
1998-02-13 9.88 9.91 9.81 9.81
1998-03-04 9.56 9.63 9.5 9.5
1998-04-02 9.73 10.18 9.28 9.28
1998-04-08 9.88 9.99 9.7 9.7
1998-04-21 9.43 9.52 9.3 9.3
1998-04-24 9.6 9.97 9.6 9.6
1998-04-28 9.57 9.63 9.43 9.43
1998-04-29 9.83 9.89 9.6 9.6
1998-05-05 9.8 9.94 9.72 9.72
1998-05-28 10.3 10.39 10.05 10.05
1998-05-29 10.58 10.65 10.34 10.34
1998-06-08 10.52 10.69 10.32 10.32
1998-06-15 10.85 11.23 10.6 10.6
1998-06-19 10.96 11.1 10.84 10.84
1998-06-22 11.33 11.4 11.03 11.03
1998-07-08 10.25 10.3 10.2 10.2
1998-07-10 10.3 10.37 10.1 10.1
1998-07-15 10.25 10.32 10.1 10.1
1998-07-23 9.6 9.68 9.48 9.48
1998-08-19 7.0 7.0 6.43 6.43
1998-09-03 7.02 7.15 6.95 6.95
1998-09-04 7.08 7.17 6.98 6.98
1998-10-27 7.15 7.17 7.02 7.02
1998-11-04 7.29 7.34 7.25 7.25
1998-11-30 7.79 7.86 7.68 7.68
1998-12-02 7.85 7.85 7.55 7.55
1998-12-03 8.01 8.05 7.88 7.88
1999-01-06 7.02 7.18 6.9 6.9
1999-01-12 7.03 7.1 7.03 7.03
1999-01-13 7.12 7.25 7.03 7.03
1999-01-22 7.28 7.31 6.8 6.8
1999-02-09 7.1 7.1 6.9 6.9
1999-03-01 7.55 7.56 7.1 7.1
1999-03-23 8.18 8.35 8.03 8.03
1999-03-24 8.3 8.45 8.21 8.21
1999-04-09 8.82 8.98 8.38 8.38
1999-04-14 8.39 8.48 8.34 8.34
1999-04-19 8.49 8.58 8.4 8.4
1999-04-20 8.58 8.7 8.5 8.5
1999-04-28 7.92 8.17 7.9 7.9
1999-05-04 8.1 8.22 8.02 8.02
1999-05-11 7.8 7.88 7.55 7.55
1999-06-01 8.26 8.28 8.08 8.08
1999-06-07 8.5 8.51 8.1 8.1
1999-06-16 10.09 10.1 9.5 9.5
1999-06-17 11.05 11.06 10.4 10.4
1999-07-09 6.62 6.78 6.55 6.55
1999-09-01 6.7 6.85 6.66 6.66
1999-09-07 6.4 6.48 6.37 6.37
1999-09-08 6.41 6.47 6.39 6.39
1999-09-14 7.19 7.28 6.66 6.66
1999-09-16 7.15 7.35 7.03 7.03
1999-09-24 6.83 6.92 6.78 6.78
1999-10-15 6.58 6.65 6.4 6.4
1999-11-30 6.05 6.09 6.04 6.04
1999-12-01 6.08 6.1 6.05 6.05
1999-12-22 5.44 5.54 5.38 5.38
1999-12-28 5.16 5.28 5.14 5.14
1999-12-30 5.21 5.24 5.17 5.17
2000-01-04 5.34 5.35 5.18 5.18
2000-01-07 5.89 5.9 5.58 5.58
2000-01-14 5.98 6.08 5.87 5.87
2000-01-17 6.24 6.29 6.0 6.0
2000-01-26 5.69 5.78 5.65 5.65
2000-03-01 5.86 5.98 5.61 5.61
2000-03-08 5.84 5.9 5.8 5.8
2000-03-27 6.33 6.35 6.0 6.0
2000-03-28 6.96 6.96 6.53 6.53
2000-04-10 7.26 7.47 7.06 7.06
2000-04-18 7.99 8.24 7.53 7.53
2000-05-12 7.66 7.85 7.5 7.5
2000-05-22 8.16 8.25 7.85 7.85
2000-06-20 9.28 9.49 9.01 9.01
2000-06-27 9.3 9.5 9.15 9.15
2000-08-11 10.1 10.65 9.92 9.92
2000-08-21 10.42 10.49 10.12 10.12
2000-08-30 9.64 9.9 9.56 9.56
2000-09-07 8.78 8.89 8.46 8.46
2000-09-26 8.1 8.17 8.0 8.0
2000-10-10 8.4 8.42 8.2 8.2
2000-10-25 8.48 8.5 8.28 8.28
2000-11-09 8.98 9.06 8.5 8.5
2000-11-10 9.22 9.4 8.72 8.72
2001-01-19 8.56 8.58 8.5 8.5
2001-02-09 8.16 8.25 8.08 8.08
2001-03-15 8.21 8.32 8.19 8.19
2001-03-20 8.31 8.34 8.21 8.21
2001-03-27 8.69 8.69 8.38 8.38
2001-04-09 8.55 8.56 8.37 8.37
2001-06-06 9.12 9.18 9.04 9.04
2001-06-13 9.27 9.31 9.05 9.05
2001-06-20 8.88 8.93 8.75 8.75
2001-06-26 9.06 9.1 9.04 9.04
2001-06-29 9.19 9.27 9.1 9.1
2001-07-02 9.22 9.29 9.2 9.2
2001-07-18 9.7 9.7 9.42 9.42
2001-08-01 9.25 9.3 8.85 8.85
2001-08-09 9.77 9.78 9.3 9.3
2001-08-15 9.71 9.85 9.65 9.65
2001-08-23 9.44 9.5 9.31 9.31
2001-09-10 9.19 9.3 8.81 8.81
2001-09-18 8.71 8.98 8.48 8.48
2001-09-21 8.6 8.8 8.5 8.5
2001-09-24 8.69 8.73 8.58 8.58
2001-10-09 8.55 8.56 8.19 8.19
2001-12-03 11.98 11.98 10.85 10.85
2001-12-17 10.89 11.14 10.8 10.8
2001-12-18 11.33 11.4 10.86 10.86
2002-02-25 10.96 11.14 10.7 10.7
2002-03-12 12.16 12.57 11.88 11.88
2002-04-04 12.55 12.55 11.33 11.33
2002-05-23 10.44 10.75 10.42 10.42
2002-06-18 10.41 10.55 10.18 10.18
2002-07-12 11.66 11.85 11.48 11.48
2002-07-16 11.8 11.94 11.71 11.71
2002-08-02 10.72 10.82 10.6 10.6
2002-08-06 11.02 11.1 10.69 10.69
2002-08-13 10.75 10.88 10.65 10.65
2002-08-20 10.88 10.92 10.66 10.66
2002-08-22 11.01 11.19 10.86 10.86
2002-09-10 10.14 10.2 10.1 10.1
2002-09-24 10.47 10.58 10.29 10.29
2002-12-20 9.61 9.75 9.44 9.44
2002-12-23 9.9 10.07 9.63 9.63
2003-01-03 8.25 8.3 8.17 8.17
2003-01-15 9.51 10.04 9.2 9.2
2003-01-29 9.41 9.63 9.4 9.4
2003-04-08 9.04 9.14 8.91 8.91
2003-05-14 8.09 8.11 7.8 7.8
2003-07-29 8.25 8.3 8.12 8.12
2003-08-05 8.36 8.4 8.3 8.3
2003-08-07 8.34 8.37 8.26 8.26
2003-08-29 7.86 7.87 7.76 7.76
2003-09-08 7.95 7.98 7.82 7.82
2003-09-11 7.86 7.95 7.8 7.8
2003-09-24 7.32 7.38 7.26 7.26
2003-10-09 6.75 6.78 6.7 6.7
2003-12-12 6.81 6.95 6.68 6.68
2004-01-12 7.1 7.2 6.85 6.85
2004-01-29 7.51 7.55 7.16 7.16
2004-02-02 7.68 7.85 7.25 7.25
2004-02-03 7.96 8.14 7.83 7.83
2004-02-04 8.06 8.26 8.0 8.0
2004-02-10 8.43 8.75 8.28 8.28
2004-02-12 8.93 9.07 8.6 8.6
2004-03-15 8.67 8.68 8.31 8.31
2004-03-25 8.62 8.66 8.51 8.51
2004-04-23 7.08 7.18 7.01 7.01
2004-04-29 6.61 6.74 6.5 6.5
2004-04-30 6.72 6.8 6.6 6.6
2004-06-01 6.73 6.75 6.59 6.59
2004-06-28 5.62 5.72 5.61 5.61
2004-07-15 5.62 5.62 5.4 5.4
2004-07-23 5.44 5.49 5.35 5.35
2004-08-24 5.05 5.12 4.9 4.9
2004-08-25 5.23 5.34 5.08 5.08
2004-10-13 5.23 5.27 5.12 5.12
2004-10-19 5.07 5.27 5.01 5.01
2004-10-28 4.91 5.0 4.88 4.88
2004-11-15 4.7 4.7 4.59 4.59
2005-01-18 4.62 4.65 4.5 4.5
2005-02-02 4.47 4.49 4.17 4.17
2005-04-06 3.84 3.87 3.75 3.75
2005-06-27 4.07 4.08 3.92 3.92
2005-07-25 3.73 3.79 3.68 3.68
2005-08-01 3.76 3.78 3.7 3.7
2005-08-30 4.2 4.23 4.11 4.11
2005-09-13 4.66 4.67 4.51 4.51
2005-09-29 4.37 4.39 4.23 4.23
2005-10-18 4.38 4.38 4.15 4.15
2005-11-02 4.01 4.09 3.95 3.95
2005-11-28 4.24 4.26 4.18 4.18
2006-11-01 9.25 9.29 8.78 8.78
2006-11-03 9.6 9.62 9.18 9.18
2006-11-09 9.5 9.62 9.12 9.12
2006-11-17 10.76 10.85 10.1 10.1
2006-11-23 11.43 11.56 10.75 10.75
2006-12-18 12.79 12.79 11.75 11.75
2007-01-04 11.9 12.39 11.8 11.8
2007-01-11 15.24 15.75 14.05 14.05
2007-02-15 12.03 12.09 11.7 11.7
2007-03-08 13.98 14.2 13.21 13.21
2007-03-15 15.57 15.57 14.35 14.35
2007-04-30 17.01 17.4 16.6 16.6
2007-05-08 17.82 18.17 17.16 17.16
2007-05-28 22.86 23.75 22.63 22.63
2007-05-30 25.92 27.6 23.5 23.5
2007-07-03 19.64 19.9 19.05 19.05
2007-08-15 30.13 30.13 30.13 30.13
2007-08-16 33.14 33.14 33.14 33.14
2007-08-23 40.78 40.78 37.08 37.08
2007-09-11 43.89 46.98 43.33 43.33
2007-09-28 48.0 50.21 47.12 47.12
2007-10-23 44.26 44.48 43.0 43.0
2007-10-24 45.88 47.15 44.37 44.37
2007-10-26 49.48 49.58 45.01 45.01
2007-11-23 46.28 47.2 44.8 44.8
2007-11-29 41.09 41.8 39.0 39.0
2007-12-03 43.57 45.0 41.5 41.5
2007-12-28 46.4 47.59 43.0 43.0
2008-01-23 52.17 52.17 47.56 47.56
2008-01-29 56.06 57.9 54.8 54.8
2008-03-19 37.69 38.4 35.45 35.45
2008-04-30 25.98 25.98 23.9 23.9
2008-05-08 26.75 27.1 24.2 24.2
2008-05-28 15.2 15.34 13.92 13.92
2008-06-24 10.24 10.6 9.67 9.67
2008-07-09 12.77 12.77 11.63 11.63
2008-08-27 10.91 11.17 10.38 10.38
2008-11-05 5.6 5.75 5.5 5.5
2008-11-12 6.19 6.2 5.85 5.85
2008-11-19 6.91 6.99 6.46 6.46
2008-12-03 7.67 7.68 7.32 7.32
2009-01-16 6.97 7.19 6.88 6.88
2009-01-19 7.18 7.25 7.05 7.05
2009-02-04 8.1 8.4 8.01 8.01
2009-02-06 8.61 8.65 8.0 8.0
2009-02-23 10.66 10.85 10.04 10.04
2009-03-04 9.37 9.44 8.83 8.83
2009-03-09 9.89 10.47 9.73 9.73
2009-03-19 10.86 11.08 10.67 10.67
2009-03-24 11.1 11.53 10.97 10.97
2009-04-30 15.06 15.06 13.73 13.73
2009-05-25 14.89 15.0 14.02 14.02
2009-06-01 15.35 15.6 14.48 14.48
2009-06-12 14.78 15.27 14.62 14.62
2009-09-02 13.39 13.6 13.05 13.05
2009-09-03 14.63 14.7 13.2 13.2
2010-01-21 14.4 14.4 13.03 13.03
2010-03-01 13.26 13.4 13.08 13.08
2010-03-19 13.35 13.57 13.16 13.16
2010-06-02 8.25 8.29 7.91 7.91
2010-08-17 8.94 8.94 8.94 8.94
2010-08-18 9.83 9.83 9.83 9.83
2010-09-06 9.32 9.35 9.18 9.18
2010-11-08 10.17 10.49 9.88 9.88
2011-01-28 7.76 7.97 7.71 7.71
2011-03-14 8.19 8.21 8.08 8.08
2011-04-29 8.19 8.2 8.09 8.09
2011-06-27 7.31 7.37 7.24 7.24
2011-07-27 7.0 7.01 6.9 6.9
2011-08-09 6.63 6.65 6.33 6.33
2011-08-17 6.93 7.08 6.77 6.77
2011-09-30 6.03 6.05 5.96 5.96
2011-10-27 6.07 6.08 6.0 6.0
2011-11-03 6.22 6.3 6.21 6.21
2011-11-14 6.14 6.14 6.03 6.03
2011-11-22 5.89 5.92 5.83 5.83
2011-12-16 5.5 5.53 5.33 5.33
2012-02-24 6.56 6.56 5.93 5.93
2012-03-13 6.43 6.44 6.31 6.31
2012-04-12 6.23 6.25 6.0 6.0
2012-07-03 6.08 6.17 5.97 5.97
2012-08-28 5.12 5.14 5.02 5.02
2012-09-05 5.26 5.28 5.17 5.17
2012-09-27 5.13 5.15 4.96 4.96
2012-10-09 5.3 5.33 5.16 5.16
2012-10-16 5.31 5.37 5.24 5.24
2012-11-08 6.24 6.5 6.18 6.18
2012-11-21 7.49 7.49 6.64 6.64
2012-12-06 7.19 7.37 6.78 6.78
2012-12-28 8.22 8.38 7.91 7.91
2013-01-28 9.18 9.22 8.79 8.79
2013-03-19 7.52 7.57 7.19 7.19
2013-03-29 7.2 7.3 6.94 6.94
2013-04-19 8.14 8.21 7.94 7.94
2013-07-05 5.82 6.07 5.75 5.75
2013-07-11 6.05 6.26 5.82 5.82
2013-07-22 5.72 5.9 5.48 5.48
2013-07-23 5.86 5.95 5.71 5.71
2013-08-01 6.09 6.15 5.94 5.94
2013-09-03 7.67 7.67 7.0 7.0
2013-10-11 9.93 9.99 9.28 9.28
2013-12-09 8.68 8.74 8.54 8.54
2013-12-10 8.92 9.13 8.7 8.7
2014-01-21 6.74 6.78 6.6 6.6
2014-02-10 7.2 7.22 6.95 6.95
2014-03-11 6.89 6.97 6.79 6.79
2014-06-05 7.06 7.07 6.96 6.96
2014-06-23 6.99 7.0 6.76 6.76
2014-06-30 7.43 7.66 7.42 7.42
2014-07-11 7.57 7.63 7.5 7.5
2014-07-14 7.71 7.75 7.57 7.57
2014-08-04 8.16 8.18 7.91 7.91
2014-08-11 8.17 8.26 8.03 8.03
2014-08-18 8.16 8.21 8.11 8.11
2014-09-01 8.1 8.11 7.99 7.99
2014-09-17 8.8 8.85 8.47 8.47
2014-09-23 8.52 8.63 8.4 8.4
2014-11-19 9.55 9.86 9.45 9.45
2015-01-20 10.82 10.84 10.5 10.5
2015-01-21 11.68 11.69 11.13 11.13
2015-03-16 14.0 14.48 13.48 13.48
2015-04-29 16.63 16.63 16.63 16.63
2015-05-25 17.51 17.94 17.0 17.0
2015-06-01 19.6 20.35 18.6 18.6
2015-07-08 9.56 10.12 9.31 9.31
2015-07-09 10.52 10.52 9.21 9.21
2015-07-10 11.57 11.57 11.02 11.02
2015-08-07 13.26 13.5 13.0 13.0
2015-08-13 14.47 14.78 13.63 13.63
2015-08-17 16.15 16.15 14.58 14.58
2015-09-11 11.57 11.57 10.4 10.4
2015-09-22 10.81 11.0 10.55 10.55
2015-11-10 13.16 13.36 13.01 13.01
2016-02-04 9.61 9.75 9.52 9.52
2016-02-16 9.66 9.73 9.35 9.35
2016-03-17 10.51 10.55 10.23 10.23
2016-05-04 10.45 10.56 10.4 10.4
2016-05-23 9.76 9.83 9.62 9.62
2016-06-15 9.56 9.58 9.3 9.3
2016-06-27 9.51 9.53 9.31 9.31
2016-06-28 9.58 9.59 9.42 9.42
2016-06-29 9.64 9.76 9.6 9.6
2016-07-20 10.97 11.1 10.82 10.82
2016-08-08 11.58 11.76 11.22 11.22
2016-08-15 12.1 12.48 11.78 11.78
2016-09-22 11.38 11.58 11.1 11.1
2016-10-18 11.08 11.09 10.84 10.84
2016-10-20 8.52 8.58 8.5 8.5
2016-11-10 8.28 8.36 8.23 8.23
2016-11-18 8.54 8.67 8.5 8.5
2016-11-22 8.6 8.69 8.52 8.52
2017-01-03 8.35 8.37 8.19 8.19
2017-01-26 7.94 7.99 7.92 7.92
2017-03-01 8.58 8.7 8.48 8.48
2017-03-31 7.92 7.96 7.88 7.88
2017-04-05 8.06 8.09 7.88 7.88
2017-04-13 8.32 8.34 8.08 8.08
2017-06-02 6.96 6.98 6.81 6.81
2017-06-15 7.11 7.12 7.0 7.0
2017-06-21 7.08 7.13 7.0 7.0
2017-06-27 7.18 7.22 7.13 7.13
2017-07-13 7.38 7.44 7.18 7.18
2017-08-07 7.03 7.05 6.98 6.98
2017-08-21 7.01 7.05 6.98 6.98
2017-08-28 7.05 7.09 7.0 7.0
2017-09-07 7.07 7.15 7.05 7.05
