2006-10-30 4.72 4.74 4.57 4.57
2006-12-29 5.93 6.1 5.7 5.7
2007-04-23 9.97 10.09 9.65 9.65
2007-07-23 9.6 9.6 9.08 9.08
2007-07-25 9.96 10.04 9.46 9.46
2007-08-21 11.54 11.99 11.5 11.5
2007-09-17 13.77 14.28 13.46 13.46
2007-12-07 12.79 12.98 12.22 12.22
2007-12-12 13.82 13.97 13.1 13.1
2007-12-19 13.84 13.97 13.5 13.5
2007-12-25 15.32 15.55 14.56 14.56
2008-01-02 16.39 16.66 15.27 15.27
2009-04-07 14.49 14.69 14.2 14.2
2009-11-09 14.32 14.48 13.8 13.8
2009-12-11 15.15 15.65 14.99 14.99
2009-12-28 14.66 14.68 14.35 14.35
2010-03-01 14.14 14.27 14.01 14.01
2010-07-21 12.15 12.26 11.85 11.85
2010-08-06 13.8 14.14 13.35 13.35
2010-08-11 14.08 14.4 13.96 13.96
2010-10-08 13.81 13.96 13.54 13.54
2010-10-11 15.19 15.19 14.28 14.28
2011-01-11 13.64 13.76 13.31 13.31
2011-02-09 14.7 14.93 13.55 13.55
2011-05-13 13.99 14.04 13.7 13.7
2012-02-08 8.75 8.76 8.52 8.52
2012-03-13 9.67 9.72 9.51 9.51
2012-04-12 8.44 8.45 8.28 8.28
2012-07-04 7.78 7.83 7.65 7.65
2013-05-03 7.06 7.14 7.0 7.0
2013-05-06 7.17 7.24 7.08 7.08
2013-09-30 11.84 11.84 10.67 10.67
2014-03-31 6.97 6.97 6.97 6.97
2014-04-01 6.65 6.8 6.62 6.62
2014-04-03 7.02 7.06 6.72 6.72
2014-04-14 7.36 7.37 7.18 7.18
2014-10-29 10.09 10.16 9.87 9.87
2015-03-16 14.23 14.28 13.66 13.66
2015-03-30 14.83 15.23 14.7 14.7
2015-04-01 16.35 16.35 15.7 15.7
2015-07-09 10.23 10.23 8.61 8.61
2015-07-17 13.53 13.74 12.62 12.62
2015-07-23 15.85 16.5 15.6 15.6
2015-08-26 15.9 15.9 15.9 15.9
2015-08-27 14.31 14.31 14.31 14.31
2015-08-28 15.32 15.5 13.6 13.6
2015-09-07 11.97 12.3 11.58 11.58
2015-09-30 14.32 14.6 13.56 13.56
2015-10-08 15.75 15.75 15.24 15.24
2016-02-15 9.88 10.0 9.64 9.64
2016-04-11 11.06 11.13 10.93 10.93
2016-05-10 10.3 10.35 10.22 10.22
2016-05-11 10.88 11.25 10.55 10.55
2016-08-31 11.15 11.29 11.04 11.04
2016-11-21 11.26 11.33 11.07 11.07
2017-08-01 11.44 11.51 11.06 11.06
