2007-02-05 11.72 11.89 10.95 10.95
2007-02-07 11.87 11.88 11.27 11.27
2007-04-02 14.25 14.44 13.9 13.9
2007-08-21 16.62 16.62 16.62 16.62
2007-08-23 18.56 19.8 18.28 18.28
2007-10-09 18.14 18.35 17.88 17.88
2007-12-07 15.48 15.57 15.19 15.19
2007-12-14 15.67 15.68 15.21 15.21
2007-12-19 16.0 16.35 15.58 15.58
2008-04-29 12.37 12.49 12.05 12.05
2008-06-25 10.67 10.7 10.16 10.16
2008-12-03 7.26 7.27 6.93 6.93
2008-12-08 7.68 7.7 7.42 7.42
2009-03-19 8.32 8.35 8.11 8.11
2009-08-11 15.0 15.0 14.08 14.08
2010-09-21 6.19 6.23 6.15 6.15
2011-05-13 6.48 6.52 6.3 6.3
2011-07-01 5.81 5.86 5.78 5.78
2011-07-04 5.9 5.91 5.81 5.81
2011-08-25 4.95 4.96 4.84 4.84
2011-10-26 4.5 4.65 4.35 4.35
2011-10-28 4.5 4.54 4.45 4.45
2011-11-21 4.3 4.31 4.25 4.25
2011-12-14 3.93 3.98 3.91 3.91
2011-12-30 3.82 3.84 3.69 3.69
2012-01-09 4.04 4.05 3.88 3.88
2012-02-09 4.13 4.17 4.09 4.09
2012-03-22 4.17 4.23 4.12 4.12
2012-05-02 4.23 4.3 4.21 4.21
2012-07-25 3.78 3.79 3.74 3.74
2012-10-24 3.76 3.77 3.7 3.7
2012-12-24 3.57 3.59 3.56 3.56
2013-02-08 3.85 3.86 3.81 3.81
2013-03-06 3.81 3.86 3.72 3.72
2013-03-25 3.77 3.78 3.73 3.73
2013-04-17 3.54 3.55 3.52 3.52
2013-04-19 3.6 3.6 3.54 3.54
2013-07-18 3.23 3.36 3.17 3.17
2013-11-15 3.38 3.4 3.32 3.32
2013-12-06 3.62 3.68 3.6 3.6
2014-01-21 3.24 3.26 3.2 3.2
2014-02-14 3.5 3.5 3.45 3.45
2014-03-14 3.24 3.26 3.22 3.22
2014-04-25 4.24 4.24 4.24 4.24
2014-04-28 4.66 4.66 4.66 4.66
2014-06-10 6.49 6.49 6.15 6.15
2014-12-25 5.0 5.08 4.88 4.88
2015-01-05 4.87 4.9 4.75 4.75
2015-02-16 4.7 4.73 4.66 4.66
2015-03-03 5.44 5.51 4.92 4.92
2015-03-27 5.58 5.7 5.53 5.53
2015-03-30 5.75 5.85 5.62 5.62
2015-07-09 5.35 5.35 4.86 4.86
2015-11-11 5.19 5.21 5.12 5.12
2015-11-19 5.1 5.13 5.03 5.03
2016-02-04 3.38 3.39 3.35 3.35
2016-02-16 3.48 3.5 3.37 3.37
2016-03-17 3.46 3.48 3.41 3.41
2016-03-18 3.54 3.54 3.45 3.45
2016-03-25 3.65 3.67 3.55 3.55
2016-11-07 3.49 3.5 3.46 3.46
2016-11-10 3.52 3.54 3.49 3.49
2017-01-03 3.5 3.51 3.47 3.47
2017-01-25 3.44 3.45 3.42 3.42
2017-02-08 3.49 3.5 3.44 3.44
2017-02-09 3.5 3.51 3.47 3.47
2017-03-21 3.5 3.54 3.47 3.47
2017-03-29 3.93 3.93 3.56 3.56
2017-04-05 3.79 3.83 3.73 3.73
2017-07-20 3.44 3.45 3.41 3.41
2017-07-27 3.5 3.53 3.45 3.45
