2006-10-17 10.11 10.16 9.23 9.23
2007-03-19 21.73 22.46 21.11 21.11
2007-03-22 22.86 23.15 22.35 22.35
2007-04-03 25.76 26.2 24.41 24.41
2007-04-05 27.75 28.86 26.86 26.86
2007-05-29 41.92 41.92 38.16 38.16
2007-06-06 33.81 34.14 32.92 32.92
2007-06-07 37.19 37.19 33.9 33.9
2007-06-08 40.91 40.91 38.15 38.15
2007-06-18 45.6 48.3 44.58 44.58
2007-09-24 47.65 48.49 47.0 47.0
2007-10-19 38.6 39.4 36.39 36.39
2008-02-29 42.31 42.45 39.4 39.4
2008-03-03 42.91 43.41 41.78 41.78
2008-04-03 21.99 22.38 20.1 20.1
2008-05-05 30.78 30.84 28.82 28.82
2008-05-08 30.61 30.89 28.5 28.5
2008-05-14 30.29 30.5 29.5 29.5
2008-08-19 12.96 13.07 12.25 12.25
2008-11-13 7.1 7.1 6.58 6.58
2008-11-21 8.48 8.95 7.93 7.93
2008-11-26 8.09 8.38 7.9 7.9
2009-02-06 14.73 14.96 14.29 14.29
2009-05-19 16.81 17.3 16.45 16.45
2009-06-24 16.79 16.84 16.23 16.23
2009-06-29 16.61 16.95 16.5 16.5
2009-08-26 15.29 15.29 13.61 13.61
2009-09-17 15.91 16.45 15.65 15.65
2010-04-23 16.32 16.73 16.12 16.12
2010-04-29 16.64 17.37 16.05 16.05
2010-05-07 17.99 18.3 17.05 17.05
2010-07-19 12.25 12.33 11.88 11.88
2010-07-22 12.62 12.71 12.4 12.4
2010-11-01 15.94 16.18 15.7 15.7
2010-12-31 14.96 15.07 14.68 14.68
2011-01-20 15.78 16.29 15.52 15.52
2011-01-26 14.66 14.82 14.3 14.3
2011-03-10 20.2 21.0 19.63 19.63
2011-04-21 22.95 23.25 22.2 22.2
2011-05-05 22.9 23.12 22.12 22.12
2011-08-12 10.83 10.99 10.66 10.66
2011-08-17 11.34 11.46 11.16 11.16
2012-02-16 8.05 8.18 7.73 7.73
2012-06-18 6.96 7.02 6.89 6.89
2012-10-25 5.65 6.0 5.48 5.48
2012-11-12 5.58 5.58 5.39 5.39
2012-12-17 4.91 4.95 4.86 4.86
2013-05-06 4.78 4.79 4.71 4.71
2013-05-10 5.02 5.17 4.81 4.81
2013-06-03 5.28 5.3 5.11 5.11
2013-08-26 5.09 5.1 4.86 4.86
2013-08-27 5.1 5.13 5.04 5.04
2013-09-23 6.02 6.02 5.45 5.45
2013-09-30 5.96 6.02 5.86 5.86
2014-03-13 9.75 9.87 9.44 9.44
2014-03-17 10.1 10.13 9.72 9.72
2014-03-18 10.35 10.6 10.14 10.14
2014-10-08 11.13 11.16 10.91 10.91
2014-10-28 10.14 10.18 9.8 9.8
2015-01-23 10.06 10.16 10.0 10.0
2015-04-07 13.72 14.0 13.69 13.69
2015-04-22 13.41 13.57 13.29 13.29
2015-07-21 11.86 11.86 11.86 11.86
2015-08-07 12.4 12.56 11.8 11.8
2015-08-10 13.26 13.47 12.44 12.44
2015-08-13 13.28 13.3 12.71 12.71
2015-09-30 11.0 11.25 10.51 10.51
2015-11-11 14.7 14.9 14.42 14.42
2016-01-19 10.3 10.4 9.91 9.91
2016-02-16 9.88 9.93 9.21 9.21
2016-11-10 13.36 13.38 12.63 12.63
2016-11-18 13.56 13.62 13.04 13.04
2016-11-21 13.78 13.88 13.4 13.4
2016-11-28 14.09 14.12 13.27 13.27
2016-11-30 14.29 14.35 13.72 13.72
2016-12-06 14.0 14.16 13.88 13.88
2017-05-10 11.06 11.17 10.91 10.91
2017-08-23 12.22 12.33 12.1 12.1
2017-08-24 12.22 12.27 12.15 12.15
2017-08-25 12.29 12.4 12.2 12.2
2017-08-28 12.48 12.53 12.31 12.31
2017-09-07 12.8 12.99 12.71 12.71
