2006-10-09 9.53 9.9 9.3 9.3
2006-10-17 10.11 10.16 9.23 9.23
2006-11-01 10.97 11.07 10.83 10.83
2006-11-15 12.72 12.75 12.38 12.38
2006-12-14 15.47 15.8 14.5 14.5
2007-02-15 25.85 26.9 25.1 25.1
2007-03-16 22.49 23.5 21.85 21.85
2007-03-19 21.73 22.46 21.11 21.11
2007-03-22 22.86 23.15 22.35 22.35
2007-04-02 24.32 24.32 22.0 22.0
2007-04-03 25.76 26.2 24.41 24.41
2007-04-05 27.75 28.86 26.86 26.86
2007-04-17 33.67 33.67 30.7 30.7
2007-05-25 36.15 38.0 35.83 35.83
2007-05-29 41.92 41.92 38.16 38.16
2007-06-06 33.81 34.14 32.92 32.92
2007-06-07 37.19 37.19 33.9 33.9
2007-06-08 40.91 40.91 38.15 38.15
2007-06-18 45.6 48.3 44.58 44.58
2007-07-12 46.59 46.99 44.5 44.5
2007-08-20 53.92 54.89 52.51 52.51
2007-08-29 53.33 54.38 52.92 52.92
2007-09-19 50.05 50.95 48.9 48.9
2007-09-24 47.65 48.49 47.0 47.0
2007-10-17 36.25 36.6 34.25 34.25
2007-10-19 38.6 39.4 36.39 36.39
2007-11-19 30.44 30.44 28.2 28.2
2007-12-04 35.63 35.74 32.54 32.54
2007-12-27 39.49 40.68 38.43 38.43
2008-01-23 37.62 37.62 34.2 34.2
2008-02-04 39.0 39.29 36.65 36.65
2008-02-27 40.04 40.1 38.65 38.65
2008-02-29 42.31 42.45 39.4 39.4
2008-03-03 42.91 43.41 41.78 41.78
2008-03-28 28.94 29.2 27.31 27.31
2008-04-03 21.99 22.38 20.1 20.1
2008-04-30 28.79 28.8 26.55 26.55
2008-05-05 30.78 30.84 28.82 28.82
2008-05-08 30.61 30.89 28.5 28.5
2008-05-14 30.29 30.5 29.5 29.5
2008-08-12 13.49 13.8 13.31 13.31
2008-08-19 12.96 13.07 12.25 12.25
2008-11-10 5.67 5.67 5.22 5.22
2008-11-13 7.1 7.1 6.58 6.58
2008-11-21 8.48 8.95 7.93 7.93
2008-11-26 8.09 8.38 7.9 7.9
2009-01-14 11.96 11.96 10.87 10.87
2009-02-04 14.52 14.52 13.5 13.5
2009-02-06 14.73 14.96 14.29 14.29
2009-03-04 15.65 15.85 14.95 14.95
2009-05-04 15.56 15.64 15.15 15.15
2009-05-15 15.74 16.09 15.58 15.58
2009-05-19 16.81 17.3 16.45 16.45
2009-06-23 16.33 16.48 16.0 16.0
2009-06-24 16.79 16.84 16.23 16.23
2009-06-29 16.61 16.95 16.5 16.5
2009-07-17 19.73 20.27 18.7 18.7
2009-08-20 13.92 14.0 13.42 13.42
2009-08-26 15.29 15.29 13.61 13.61
2009-09-15 15.4 15.68 14.8 14.8
2009-09-17 15.91 16.45 15.65 15.65
2009-10-23 15.12 15.24 14.98 14.98
2009-11-09 15.8 15.96 15.41 15.41
2009-12-28 15.92 16.09 15.66 15.66
2010-04-22 16.14 16.38 16.0 16.0
2010-04-23 16.32 16.73 16.12 16.12
2010-04-29 16.64 17.37 16.05 16.05
2010-05-07 17.99 18.3 17.05 17.05
2010-05-26 13.61 13.74 13.31 13.31
2010-06-07 13.3 13.4 13.01 13.01
2010-07-01 10.89 11.11 10.73 10.73
2010-07-12 12.19 12.35 11.56 11.56
2010-07-19 12.25 12.33 11.88 11.88
2010-07-22 12.62 12.71 12.4 12.4
2010-08-02 13.32 13.35 12.9 12.9
2010-10-28 15.39 15.76 15.18 15.18
2010-11-01 15.94 16.18 15.7 15.7
2010-11-22 14.94 15.11 14.61 14.61
2010-12-29 14.41 14.42 14.14 14.14
2010-12-31 14.96 15.07 14.68 14.68
2011-01-12 16.24 16.33 15.53 15.53
2011-01-20 15.78 16.29 15.52 15.52
2011-01-26 14.66 14.82 14.3 14.3
2011-03-08 19.63 19.9 18.31 18.31
2011-03-10 20.2 21.0 19.63 19.63
2011-04-20 22.31 22.49 21.6 21.6
2011-04-21 22.95 23.25 22.2 22.2
2011-05-03 22.03 22.2 20.85 20.85
2011-05-05 22.9 23.12 22.12 22.12
2011-05-16 17.47 18.22 16.6 16.6
2011-06-23 14.89 15.02 14.23 14.23
2011-08-04 12.25 12.36 12.12 12.12
2011-08-12 10.83 10.99 10.66 10.66
2011-08-17 11.34 11.46 11.16 11.16
2011-09-07 10.24 10.25 10.04 10.04
2011-12-01 8.42 8.6 8.38 8.38
2011-12-29 7.27 7.32 7.11 7.11
2012-01-20 7.14 7.18 7.08 7.08
2012-02-08 7.47 7.49 7.21 7.21
2012-02-16 8.05 8.18 7.73 7.73
2012-03-06 9.38 9.38 8.46 8.46
2012-05-29 7.56 7.64 7.36 7.36
2012-06-13 6.92 6.94 6.79 6.79
2012-06-18 6.96 7.02 6.89 6.89
2012-07-13 6.35 6.42 6.32 6.32
2012-08-28 5.65 5.7 5.52 5.52
2012-09-27 5.34 5.4 5.24 5.24
2012-10-18 5.54 5.63 5.4 5.4
2012-10-25 5.65 6.0 5.48 5.48
2012-11-05 5.54 5.57 5.47 5.47
2012-11-12 5.58 5.58 5.39 5.39
2012-12-14 4.86 4.91 4.61 4.61
2012-12-17 4.91 4.95 4.86 4.86
2013-01-07 5.13 5.14 5.01 5.01
2013-01-18 5.41 5.44 5.26 5.26
2013-02-20 5.56 5.57 5.4 5.4
2013-03-06 6.08 6.24 5.94 5.94
2013-03-29 5.15 5.2 5.1 5.1
2013-05-03 4.71 4.74 4.63 4.63
2013-05-06 4.78 4.79 4.71 4.71
2013-05-10 5.02 5.17 4.81 4.81
2013-05-27 5.24 5.27 5.12 5.12
2013-06-03 5.28 5.3 5.11 5.11
2013-07-11 4.14 4.18 4.03 4.03
2013-07-23 4.11 4.12 3.97 3.97
2013-08-08 4.74 4.92 4.61 4.61
2013-08-19 5.03 5.05 4.97 4.97
2013-08-26 5.09 5.1 4.86 4.86
2013-08-27 5.1 5.13 5.04 5.04
2013-09-16 5.29 5.44 5.2 5.2
2013-09-23 6.02 6.02 5.45 5.45
2013-09-30 5.96 6.02 5.86 5.86
2013-10-21 6.2 6.24 6.04 6.04
2013-12-12 7.74 7.87 7.67 7.67
2014-02-14 8.12 8.19 7.86 7.86
2014-02-27 9.68 10.2 9.56 9.56
2014-03-12 9.43 9.66 9.1 9.1
2014-03-13 9.75 9.87 9.44 9.44
2014-03-17 10.1 10.13 9.72 9.72
2014-03-18 10.35 10.6 10.14 10.14
2014-04-02 9.35 9.4 9.03 9.03
2014-04-18 9.5 9.51 9.13 9.13
2014-06-05 9.0 9.05 8.95 8.95
2014-08-18 11.1 11.2 10.78 10.78
2014-09-18 11.34 11.36 11.1 11.1
2014-09-29 11.04 11.1 10.92 10.92
2014-10-08 11.13 11.16 10.91 10.91
2014-10-23 10.07 10.17 10.0 10.0
2014-10-28 10.14 10.18 9.8 9.8
2014-12-08 10.91 10.91 10.91 10.91
2015-01-08 9.97 10.1 9.73 9.73
2015-01-20 9.62 9.63 9.4 9.4
2015-01-23 10.06 10.16 10.0 10.0
2015-02-09 9.5 9.64 9.47 9.47
2015-03-17 12.22 12.35 11.89 11.89
2015-03-30 12.62 12.8 12.24 12.24
2015-04-07 13.72 14.0 13.69 13.69
2015-04-21 13.26 13.28 12.74 12.74
2015-04-22 13.41 13.57 13.29 13.29
2015-05-08 13.39 13.58 13.03 13.03
2015-05-22 16.68 17.2 16.3 16.3
2015-07-20 10.78 10.78 10.78 10.78
2015-07-21 11.86 11.86 11.86 11.86
2015-08-04 11.44 11.48 10.5 10.5
2015-08-07 12.4 12.56 11.8 11.8
2015-08-10 13.26 13.47 12.44 12.44
2015-08-13 13.28 13.3 12.71 12.71
2015-08-25 9.83 10.22 9.83 9.83
2015-09-09 10.53 10.53 9.63 9.63
2015-09-28 10.35 10.44 9.89 9.89
2015-09-30 11.0 11.25 10.51 10.51
2015-11-06 13.7 13.98 13.01 13.01
2015-11-11 14.7 14.9 14.42 14.42
2015-11-24 15.1 15.2 14.75 14.75
2016-01-06 13.66 13.8 13.31 13.31
2016-01-18 9.9 10.45 9.44 9.44
2016-01-19 10.3 10.4 9.91 9.91
2016-02-04 9.4 9.56 9.2 9.2
2016-02-16 9.88 9.93 9.21 9.21
2016-03-30 10.94 11.28 10.37 10.37
2016-04-29 9.28 9.35 9.13 9.13
2016-07-04 9.87 9.99 9.69 9.69
2016-07-28 9.56 9.58 9.26 9.26
2016-08-09 9.83 9.86 9.75 9.75
2016-08-23 10.09 10.12 9.99 9.99
2016-10-25 12.01 12.13 11.59 11.59
2016-11-04 12.3 12.31 12.07 12.07
2016-11-10 13.36 13.38 12.63 12.63
2016-11-18 13.56 13.62 13.04 13.04
2016-11-21 13.78 13.88 13.4 13.4
2016-11-28 14.09 14.12 13.27 13.27
2016-11-30 14.29 14.35 13.72 13.72
2016-12-06 14.0 14.16 13.88 13.88
2017-01-17 10.74 10.9 9.35 9.35
2017-02-23 11.24 11.33 11.11 11.11
2017-04-06 11.86 12.04 11.7 11.7
2017-05-04 11.48 11.61 11.18 11.18
2017-05-10 11.06 11.17 10.91 10.91
2017-05-25 11.72 11.8 11.58 11.58
2017-06-09 12.95 13.01 12.78 12.78
2017-07-05 11.94 11.99 11.83 11.83
2017-07-24 12.06 12.09 11.9 11.9
2017-08-18 12.22 12.27 12.05 12.05
2017-08-23 12.22 12.33 12.1 12.1
2017-08-24 12.22 12.27 12.15 12.15
2017-08-25 12.29 12.4 12.2 12.2
2017-08-28 12.48 12.53 12.31 12.31
2017-09-06 12.81 12.92 12.68 12.68
2017-09-07 12.8 12.99 12.71 12.71
