1999-03-31 13.1 13.25 13.0 13.0
1999-04-15 13.36 13.47 13.0 13.0
1999-04-28 13.6 14.07 13.55 13.55
1999-05-04 14.1 14.48 14.0 14.0
1999-05-11 13.58 13.62 13.45 13.45
1999-06-03 14.7 15.09 14.31 14.31
1999-06-07 15.58 15.9 15.18 15.18
1999-06-28 21.26 22.0 20.4 20.4
1999-09-27 12.44 12.46 11.9 11.9
1999-09-29 12.0 12.25 11.95 11.95
2000-01-07 10.6 10.6 9.78 9.78
2000-02-17 14.76 14.76 14.76 14.76
2000-05-18 12.22 12.22 12.0 12.0
2000-07-04 13.0 13.05 12.75 12.75
2000-07-07 12.91 12.91 12.7 12.7
2000-09-11 12.98 13.0 12.35 12.35
2000-09-26 12.14 12.16 12.04 12.04
2000-09-27 12.12 12.25 11.8 11.8
2000-10-23 12.12 12.2 12.08 12.08
2000-11-06 12.42 12.53 12.28 12.28
2000-11-07 12.5 12.52 12.42 12.42
2000-11-10 12.67 12.77 12.56 12.56
2000-11-13 12.82 12.85 12.73 12.73
2000-12-01 12.78 12.86 12.68 12.68
2000-12-05 12.9 12.97 12.72 12.72
2000-12-12 12.32 12.4 12.18 12.18
2001-02-12 12.27 12.3 12.2 12.2
2001-06-15 13.37 13.45 13.11 13.11
2001-06-27 13.84 13.99 13.5 13.5
2001-07-02 13.77 13.89 13.63 13.63
2001-07-10 13.52 13.57 13.4 13.4
2001-07-13 13.3 13.5 13.25 13.25
2001-07-20 13.73 13.8 13.57 13.57
2001-08-01 12.79 12.95 12.45 12.45
2001-08-07 12.3 12.5 12.0 12.0
2001-08-24 12.75 13.0 12.7 12.7
2001-08-30 12.72 12.84 12.61 12.61
2001-09-04 13.02 13.08 12.6 12.6
2001-10-26 11.6 11.6 11.0 11.0
2001-11-20 11.96 12.05 11.6 11.6
2001-11-21 12.07 12.1 11.8 11.8
2001-12-28 11.94 11.95 11.6 11.6
2002-03-04 9.83 9.84 9.55 9.55
2002-06-04 10.02 10.29 9.83 9.83
2002-06-10 10.1 10.14 10.0 10.0
2002-06-18 9.9 9.99 9.72 9.72
2002-06-20 9.78 9.83 9.68 9.68
2002-06-21 10.09 10.15 9.77 9.77
2002-09-10 10.14 10.28 10.1 10.1
2003-03-03 8.61 8.62 8.5 8.5
2003-04-22 8.27 8.46 8.22 8.22
2004-01-06 5.48 5.59 5.15 5.15
2004-04-28 6.12 6.18 6.03 6.03
2004-05-12 5.93 5.93 5.72 5.72
2004-06-29 4.95 4.95 4.83 4.83
2004-07-01 5.07 5.08 4.87 4.87
2004-07-06 5.2 5.31 5.2 5.2
2004-07-13 5.05 5.08 4.93 4.93
2004-08-17 4.85 4.92 4.78 4.78
2004-08-24 4.87 4.88 4.7 4.7
2004-08-31 5.0 5.02 4.9 4.9
2004-09-03 4.94 4.98 4.9 4.9
2004-09-10 4.77 4.79 4.68 4.68
2004-09-14 4.82 4.85 4.75 4.75
2004-10-19 5.13 5.14 5.02 5.02
2005-01-13 5.6 5.61 5.03 5.03
2005-05-19 3.98 3.98 3.83 3.83
2005-05-24 3.95 3.97 3.85 3.85
2005-05-30 4.13 4.19 3.88 3.88
2005-07-22 3.34 3.39 3.25 3.25
2005-07-25 3.41 3.42 3.32 3.32
2005-07-26 3.46 3.48 3.4 3.4
2005-08-22 4.41 4.62 4.32 4.32
2005-08-24 4.49 4.56 4.36 4.36
2005-08-30 4.4 4.4 4.34 4.34
2006-11-02 4.99 5.05 4.92 4.92
2007-07-25 7.79 7.84 7.4 7.4
2007-07-30 8.02 8.15 7.91 7.91
2007-11-05 7.04 7.1 6.76 6.76
2007-11-06 7.14 7.22 7.05 7.05
2007-12-06 8.34 8.58 8.18 8.18
2008-02-14 8.53 8.68 8.37 8.37
2008-03-14 8.41 8.53 8.29 8.29
2009-01-09 4.46 4.51 4.31 4.31
2009-03-04 5.08 5.08 4.74 4.74
2009-07-22 7.7 7.74 7.46 7.46
2009-07-27 7.92 7.94 7.58 7.58
2009-07-28 8.31 8.68 8.03 8.03
2009-09-15 7.41 7.59 7.22 7.22
2009-12-02 8.77 8.92 8.55 8.55
2009-12-16 8.26 8.43 8.2 8.2
2009-12-24 8.2 8.26 7.79 7.79
2009-12-28 8.77 8.87 8.56 8.56
2010-03-03 9.04 9.14 8.73 8.73
2010-03-11 9.22 9.78 8.92 8.92
2010-08-19 8.5 8.95 8.21 8.21
2010-08-23 8.29 8.37 8.18 8.18
2010-08-26 8.78 9.0 8.59 8.59
2010-09-02 10.4 10.4 9.45 9.45
2010-10-08 9.84 10.05 9.81 9.81
2010-10-25 11.51 11.51 10.54 10.54
2010-12-13 14.82 14.82 13.8 13.8
2011-02-01 12.83 13.05 12.58 12.58
2011-03-04 14.42 14.54 14.2 14.2
2011-07-22 17.51 17.89 17.4 17.4
2011-11-11 14.26 14.42 14.05 14.05
2011-11-17 14.39 14.56 14.3 14.3
2012-01-31 11.2 11.26 10.91 10.91
2012-02-02 11.2 11.21 10.8 10.8
2012-03-08 14.06 14.25 13.87 13.87
2012-10-09 7.93 7.97 7.65 7.65
2012-11-01 7.31 7.34 7.2 7.2
2012-11-30 6.11 6.24 6.03 6.03
2012-12-28 6.76 6.84 6.75 6.75
2013-01-08 7.01 7.1 6.76 6.76
2013-05-20 7.68 7.75 7.45 7.45
2014-06-10 6.34 6.37 6.27 6.27
2014-06-18 6.31 6.42 6.26 6.26
2014-06-23 6.27 6.28 6.12 6.12
2014-07-25 6.66 6.69 6.58 6.58
2014-11-21 7.99 8.08 7.74 7.74
2014-12-25 7.88 7.93 7.81 7.81
2015-01-20 7.96 7.96 7.74 7.74
2015-03-13 10.52 10.64 10.16 10.16
2015-03-16 10.94 11.23 10.53 10.53
2015-03-23 11.57 11.8 11.18 11.18
2015-05-22 14.63 14.63 14.63 14.63
2015-05-25 16.09 16.09 16.09 16.09
2015-05-26 17.7 17.7 17.7 17.7
2015-05-27 19.47 19.47 19.47 19.47
2015-05-28 21.42 21.42 21.42 21.42
2015-07-14 18.38 18.38 18.38 18.38
2015-07-20 20.98 21.1 19.7 19.7
2015-12-17 24.64 25.19 24.37 24.37
2016-04-13 17.66 18.2 17.37 17.37
2016-09-27 20.6 20.77 20.34 20.34
2017-04-10 16.88 17.13 16.81 16.81
2017-08-14 8.13 8.16 8.0 8.0
