1996-10-22 26.75 27.97 26.1 26.1
1996-10-28 26.75 26.99 26.58 26.58
1996-11-27 25.2 25.3 25.0 25.0
1996-11-28 25.6 25.78 25.2 25.2
1996-11-29 26.27 26.8 25.8 25.8
1996-12-09 28.2 28.2 27.35 27.35
1996-12-16 25.71 27.34 25.71 25.71
1996-12-25 26.35 26.5 25.48 25.48
1996-12-30 26.66 27.0 26.5 26.5
1997-01-03 26.6 27.25 26.0 26.0
1997-01-29 27.7 27.88 27.41 27.41
1997-02-19 27.8 27.8 26.5 26.5
1997-02-20 26.9 27.7 25.02 25.02
1997-02-21 27.58 27.6 27.0 27.0
1997-02-24 27.88 28.2 27.8 27.8
1997-02-25 27.85 28.14 27.25 27.25
1997-02-27 28.3 29.17 27.25 27.25
1997-02-28 28.4 28.5 28.0 28.0
1997-03-05 30.0 30.65 28.51 28.51
1997-03-06 31.6 31.78 29.5 29.5
1997-03-17 37.76 39.5 37.31 37.31
1997-03-31 39.3 39.88 38.8 38.8
1997-04-02 38.95 39.4 38.8 38.8
1997-04-03 40.13 40.48 39.0 39.0
1997-04-09 45.8 46.49 43.74 43.74
1997-04-15 45.88 46.0 45.02 45.02
1997-04-25 54.1 54.89 50.0 50.0
1997-04-28 55.35 56.38 54.1 54.1
1997-05-06 56.65 57.49 54.58 54.58
1997-05-22 48.2 51.08 48.05 48.05
1997-05-28 50.5 51.8 50.0 50.0
1997-06-13 27.25 27.25 25.0 25.0
1997-06-20 28.15 28.2 26.65 26.65
1997-06-26 29.36 29.82 29.0 29.0
1997-07-17 26.9 27.47 26.6 26.6
1997-07-22 26.82 27.0 26.0 26.0
1997-07-30 25.1 25.2 24.95 24.95
1997-08-01 26.9 27.6 26.0 26.0
1997-08-05 26.71 27.0 26.6 26.6
1997-08-14 25.64 25.68 24.5 24.5
1997-08-21 25.05 25.2 24.85 24.85
1997-09-03 26.1 26.38 25.65 25.65
1997-09-16 25.12 25.25 25.0 25.0
1997-09-18 25.0 25.25 24.9 24.9
1997-10-16 24.05 24.12 23.1 23.1
1997-10-27 26.72 26.72 25.8 25.8
1997-11-26 24.4 24.48 23.8 23.8
1997-12-09 25.45 25.58 24.65 24.65
1997-12-10 25.98 26.7 25.55 25.55
1997-12-18 25.33 25.6 24.8 24.8
1997-12-19 25.65 25.65 25.2 25.2
1997-12-25 26.47 26.58 26.4 26.4
1998-01-05 28.93 28.93 26.5 26.5
1998-01-06 29.55 30.38 29.3 29.3
1998-01-19 30.7 30.88 29.83 29.83
1998-02-10 31.92 32.6 30.8 30.8
1998-03-03 30.0 30.0 28.61 28.61
1998-04-01 30.8 31.46 30.75 30.75
1998-04-13 33.91 35.0 33.0 33.0
1998-04-23 31.3 31.99 31.0 31.0
1998-04-27 31.47 31.8 31.0 31.0
1998-04-29 32.8 33.28 32.1 32.1
1998-05-14 30.93 31.19 30.85 30.85
1998-05-15 31.2 31.8 30.93 30.93
1998-05-29 31.05 31.68 30.15 30.15
1998-06-18 18.98 19.1 17.6 17.6
1998-07-28 14.95 15.2 14.5 14.5
1998-07-30 14.98 15.05 14.8 14.8
1998-08-13 13.29 13.38 12.85 12.85
1998-09-03 12.18 12.34 12.0 12.0
1998-09-04 12.4 12.5 12.2 12.2
1998-09-10 13.99 14.25 12.96 12.96
1998-09-11 14.16 14.65 14.0 14.0
1998-09-16 13.79 13.88 13.5 13.5
1998-09-22 13.18 13.45 13.06 13.06
1998-09-29 13.31 13.48 13.11 13.11
1998-10-07 12.91 13.1 12.88 12.88
1998-10-09 13.16 13.45 12.95 12.95
1998-10-13 13.25 13.41 13.07 13.07
1998-10-19 13.98 14.22 13.7 13.7
1998-11-03 14.1 14.1 13.7 13.7
1998-11-05 14.1 14.16 13.91 13.91
1998-11-20 14.7 14.9 14.6 14.6
1998-12-01 13.72 13.95 13.5 13.5
1998-12-22 13.29 13.3 12.85 12.85
1999-01-06 12.51 12.56 12.35 12.35
1999-01-08 12.9 12.92 12.5 12.5
1999-01-12 12.81 13.0 12.79 12.79
1999-02-09 11.53 11.6 11.3 11.3
1999-03-04 12.76 12.76 11.62 11.62
1999-03-08 12.7 12.93 12.48 12.48
1999-03-11 12.67 13.2 12.38 12.38
1999-03-30 11.39 11.6 11.25 11.25
1999-04-02 11.44 11.48 11.32 11.32
1999-04-05 11.46 11.6 11.44 11.44
1999-04-21 10.38 10.68 10.32 10.32
1999-05-11 8.92 9.0 8.8 8.8
1999-05-14 8.88 9.0 8.84 8.84
1999-05-20 9.43 9.48 8.8 8.8
1999-05-25 10.3 10.99 10.15 10.15
1999-06-14 11.48 11.6 10.7 10.7
1999-06-17 12.3 12.3 11.3 11.3
1999-06-23 13.57 13.9 13.18 13.18
1999-07-23 11.1 11.3 11.0 11.0
1999-07-29 10.88 10.91 10.56 10.56
1999-08-17 11.16 11.35 10.96 10.96
1999-08-19 11.49 11.55 11.05 11.05
1999-09-09 11.07 11.08 10.4 10.4
1999-10-15 9.92 10.01 9.72 9.72
1999-10-20 9.43 9.5 9.29 9.29
1999-10-22 9.39 9.55 9.1 9.1
1999-10-26 9.22 9.31 9.1 9.1
1999-10-27 9.55 9.58 9.36 9.36
1999-11-05 9.2 9.34 9.2 9.2
1999-11-09 9.27 9.4 9.2 9.2
1999-11-12 9.15 9.16 9.12 9.12
1999-12-03 8.54 8.56 8.5 8.5
1999-12-09 8.53 8.69 8.41 8.41
1999-12-27 7.78 7.94 7.75 7.75
2000-01-07 8.65 8.65 8.22 8.22
2000-01-18 8.13 8.3 7.81 7.81
2000-02-17 8.02 8.2 7.65 7.65
2000-03-03 8.94 9.1 8.4 8.4
2000-03-06 9.4 9.83 9.2 9.2
2000-03-28 9.05 9.15 8.66 8.66
2000-04-06 8.84 8.85 8.68 8.68
2000-04-13 9.03 9.1 8.97 8.97
2000-05-16 8.1 8.11 8.0 8.0
2000-05-22 8.5 8.5 8.15 8.15
2000-05-25 8.69 8.75 8.52 8.52
2000-06-13 9.16 9.2 9.0 9.0
2000-06-15 9.69 9.79 9.08 9.08
2000-06-30 10.92 10.92 10.0 10.0
2000-07-05 11.1 11.53 11.01 11.01
2000-07-25 10.67 11.0 10.58 10.58
2000-08-01 10.73 10.8 10.35 10.35
2000-08-09 11.79 12.08 11.23 11.23
2000-09-27 9.33 9.35 9.21 9.21
2000-09-29 9.18 9.25 9.07 9.07
2000-10-12 9.65 9.78 9.41 9.41
2000-10-20 10.2 10.25 10.0 10.0
2000-10-25 10.69 10.79 10.5 10.5
2000-11-06 10.29 10.35 10.15 10.15
2000-11-17 10.75 10.8 10.58 10.58
2000-12-20 10.44 10.48 10.2 10.2
2000-12-26 10.2 10.25 10.15 10.15
2001-01-03 10.56 10.61 10.4 10.4
2001-01-10 10.8 10.8 10.6 10.6
2001-01-11 10.91 11.18 10.85 10.85
2001-01-12 11.14 11.4 10.92 10.92
2001-01-18 10.86 11.0 10.76 10.76
2001-02-09 10.45 10.5 10.28 10.28
2001-02-13 10.71 10.84 10.64 10.64
2001-03-22 11.41 11.5 11.13 11.13
2001-03-26 11.47 11.53 11.22 11.22
2001-04-10 11.1 11.17 11.0 11.0
2001-04-24 10.58 10.65 10.54 10.54
2001-04-26 10.64 10.71 10.6 10.6
2001-05-09 10.94 10.95 10.75 10.75
2001-05-24 10.42 10.55 10.4 10.4
2001-06-21 10.26 10.35 10.19 10.19
2001-08-09 8.85 8.85 8.62 8.62
2001-08-20 8.68 8.75 8.65 8.65
2001-08-24 8.48 8.54 8.35 8.35
2001-09-03 8.56 8.58 8.45 8.45
2001-09-11 8.73 8.74 8.57 8.57
2001-09-13 8.51 8.56 8.5 8.5
2001-09-25 8.17 8.25 8.16 8.16
2001-10-29 8.42 8.52 8.33 8.33
2001-11-13 8.2 8.25 7.84 7.84
2001-11-14 8.27 8.45 8.2 8.2
2001-11-15 8.36 8.42 8.2 8.2
2001-11-29 8.6 8.71 8.56 8.56
2001-11-30 8.74 8.75 8.6 8.6
2001-12-07 8.86 9.1 8.81 8.81
2001-12-18 8.3 8.36 8.15 8.15
2001-12-21 7.99 8.06 7.92 7.92
2001-12-28 7.81 7.9 7.77 7.77
2001-12-31 7.89 7.94 7.85 7.85
2002-01-08 7.54 7.79 7.53 7.53
2002-02-27 6.38 6.45 6.31 6.31
2002-03-04 6.25 6.27 6.0 6.0
2002-03-05 6.4 6.47 6.2 6.2
2002-03-07 6.79 6.8 6.55 6.55
2002-03-21 7.39 7.4 6.96 6.96
2002-03-27 7.27 7.3 7.05 7.05
2002-04-04 6.77 6.79 6.5 6.5
2002-04-12 7.02 7.11 6.9 6.9
2002-05-14 6.95 7.0 6.88 6.88
2002-07-16 8.91 9.12 8.89 8.89
2002-08-06 8.32 8.4 8.1 8.1
2002-08-13 7.82 7.89 7.78 7.78
2002-08-14 7.93 7.95 7.8 7.8
2002-08-19 8.0 8.04 7.85 7.85
2002-08-22 8.08 8.17 8.01 8.01
2002-09-10 7.51 7.55 7.42 7.42
2002-09-27 7.54 7.55 7.33 7.33
2002-10-16 6.95 7.05 6.87 6.87
2002-10-22 7.01 7.08 6.81 6.81
2002-11-04 6.98 6.98 6.8 6.8
2002-11-07 7.09 7.15 7.03 7.03
2002-11-22 5.6 5.79 5.4 5.4
2002-12-04 5.84 5.94 5.81 5.81
2002-12-12 5.62 5.69 5.6 5.6
2002-12-23 6.18 6.51 5.9 5.9
2003-01-14 6.14 6.2 5.81 5.81
2003-01-16 6.19 6.2 6.05 6.05
2003-01-24 6.39 6.39 6.26 6.26
2003-02-11 6.4 6.43 6.23 6.23
2003-02-25 6.38 6.42 6.28 6.28
2006-10-13 2.2 2.23 2.1 2.1
2006-10-18 2.17 2.18 2.13 2.13
2006-10-31 2.0 2.01 1.96 1.96
2006-11-23 1.9 1.93 1.89 1.89
2006-12-08 2.14 2.14 2.07 2.07
2007-01-18 2.22 2.22 2.16 2.16
2007-02-06 2.35 2.37 2.29 2.29
2007-02-26 3.03 3.03 2.9 2.9
2007-02-28 3.07 3.07 2.9 2.9
2007-03-08 3.34 3.36 3.26 3.26
2007-03-15 3.8 3.8 3.72 3.72
2007-03-21 4.08 4.08 4.08 4.08
2007-03-30 4.13 4.17 3.84 3.84
2007-04-18 5.2 5.2 5.06 5.06
2007-05-08 5.18 5.19 5.01 5.01
2007-05-15 6.36 6.36 6.0 6.0
2007-05-16 6.68 6.68 6.42 6.42
2007-05-17 7.01 7.01 7.01 7.01
2007-05-18 7.36 7.36 7.36 7.36
2007-05-21 7.73 7.73 7.73 7.73
2007-05-22 8.12 8.12 8.12 8.12
2007-05-23 8.53 8.53 8.53 8.53
2007-05-28 8.51 8.51 7.7 7.7
2007-05-30 8.69 9.39 8.49 8.49
2007-06-01 7.85 7.85 7.85 7.85
2007-06-04 7.46 7.46 7.46 7.46
2007-06-05 7.09 7.09 7.09 7.09
2007-06-06 6.74 7.35 6.74 6.74
2007-06-13 6.36 6.36 5.76 5.76
2007-06-26 4.97 4.97 4.97 4.97
2007-06-27 4.93 5.05 4.72 4.72
2007-06-29 4.45 4.55 4.45 4.45
2007-07-17 4.06 4.14 3.9 3.9
2007-07-20 4.47 4.47 4.47 4.47
2007-07-26 4.9 4.9 4.7 4.7
2007-08-06 4.99 5.05 4.9 4.9
2007-08-24 6.37 6.39 6.05 6.05
2007-08-30 6.04 6.04 5.8 5.8
2007-09-04 6.99 6.99 6.99 6.99
2007-09-28 6.8 6.86 6.61 6.61
2007-10-25 4.93 5.04 4.93 4.93
2007-10-26 5.15 5.18 4.69 4.69
2007-11-09 5.65 5.82 5.55 5.55
2007-11-21 5.52 5.68 5.5 5.5
2007-12-19 5.84 5.86 5.69 5.69
2007-12-24 5.96 6.07 5.85 5.85
2008-01-22 7.13 7.13 7.13 7.13
2008-01-23 7.03 7.09 6.77 6.77
2008-01-25 6.85 7.06 6.8 6.8
2008-02-05 6.34 6.42 6.12 6.12
2008-03-06 8.43 8.43 8.04 8.04
2008-03-18 6.61 6.75 6.61 6.61
2008-04-02 5.88 6.14 5.88 5.88
2008-04-03 5.61 5.7 5.59 5.59
2008-05-08 5.68 5.69 5.31 5.31
2008-06-10 5.53 5.54 5.53 5.53
2008-07-02 3.71 3.76 3.51 3.51
2008-07-07 4.01 4.07 3.74 3.74
2008-07-14 4.11 4.12 3.93 3.93
2008-07-28 4.37 4.48 4.33 4.33
2008-10-28 2.83 2.83 2.52 2.52
2008-12-10 4.13 4.15 3.89 3.89
2009-01-09 3.59 3.63 3.36 3.36
2009-01-13 3.86 3.92 3.74 3.74
2009-06-11 6.75 6.75 6.28 6.28
2009-06-30 6.97 7.33 6.76 6.76
2009-07-08 6.74 6.86 6.6 6.6
2009-07-20 7.0 7.07 6.87 6.87
2009-07-22 7.02 7.08 6.69 6.69
2009-08-20 5.58 5.6 5.3 5.3
2009-09-01 6.22 6.22 6.03 6.03
2009-09-15 7.68 7.68 6.91 6.91
2009-10-09 6.67 6.68 6.36 6.36
2009-10-15 8.09 8.15 7.4 7.4
2009-11-30 8.24 8.25 8.02 8.02
2009-12-03 9.11 9.52 8.75 8.75
2009-12-21 8.19 8.2 8.08 8.08
2009-12-24 8.35 8.38 8.07 8.07
2009-12-28 8.44 8.5 8.34 8.34
2010-01-14 8.36 8.38 8.14 8.14
2010-01-15 8.58 8.64 8.34 8.34
2010-01-28 7.5 7.57 7.39 7.39
2010-02-10 7.5 7.52 7.43 7.43
2010-03-03 8.53 8.6 8.28 8.28
2010-04-01 8.83 8.97 8.75 8.75
2010-04-09 9.18 9.28 8.78 8.78
2010-05-24 7.69 7.8 7.42 7.42
2010-06-17 8.16 8.25 7.96 7.96
2010-06-22 8.18 8.27 7.99 7.99
2010-07-06 7.02 7.03 6.73 6.73
2010-07-14 7.4 7.55 7.32 7.32
2010-07-23 7.99 8.19 7.94 7.94
2010-07-26 8.18 8.29 7.94 7.94
2010-07-27 8.29 8.35 8.14 8.14
2010-08-02 9.13 9.21 8.3 8.3
2010-08-04 8.88 8.93 8.63 8.63
2010-08-11 8.82 8.85 8.66 8.66
2010-08-30 9.35 9.45 8.92 8.92
2010-10-22 13.9 13.9 13.35 13.35
2011-01-06 14.28 14.56 13.79 13.79
2011-01-18 12.89 13.29 12.8 12.8
2011-01-20 13.62 14.45 13.26 13.26
2011-01-26 13.86 13.99 12.84 12.84
2011-03-04 15.7 15.75 15.2 15.2
2011-03-07 16.4 16.5 15.75 15.75
2011-03-11 16.6 17.16 16.16 16.16
2011-03-18 16.25 16.4 15.82 15.82
2011-04-14 15.47 15.58 15.18 15.18
2011-04-15 15.54 15.65 15.08 15.08
2011-04-18 15.51 16.0 15.31 15.31
2011-04-19 16.01 16.19 15.43 15.43
2011-06-08 12.9 12.99 12.52 12.52
2011-06-14 13.09 13.29 13.03 13.03
2011-06-15 13.18 13.5 13.08 13.08
2011-06-20 13.38 13.59 13.01 13.01
2011-06-21 13.52 13.55 13.18 13.18
2011-06-30 12.87 12.95 12.76 12.76
2011-07-01 13.35 13.38 12.87 12.87
2011-07-22 14.29 14.45 13.9 13.9
2011-08-11 11.04 11.09 10.52 10.52
2011-11-09 9.98 9.98 9.98 9.98
2012-03-01 8.55 8.66 8.46 8.46
2012-03-02 8.77 8.77 8.56 8.56
2012-03-16 9.34 9.39 8.76 8.76
2012-05-03 10.36 10.36 9.35 9.35
2012-07-24 6.55 6.61 6.4 6.4
2012-08-29 6.05 6.15 5.95 5.95
2012-10-19 5.78 5.81 5.72 5.72
2012-11-01 5.53 5.55 5.4 5.4
2012-11-30 4.82 4.97 4.71 4.71
2012-12-17 5.18 5.23 5.08 5.08
2012-12-24 5.17 5.23 5.03 5.03
2012-12-31 5.5 5.55 5.36 5.36
2013-01-18 6.22 6.33 6.12 6.12
2013-02-06 5.95 5.97 5.75 5.75
2013-02-22 5.8 5.97 5.65 5.65
2013-02-27 6.27 6.38 5.9 5.9
2013-03-01 6.31 6.38 6.14 6.14
2013-03-20 5.35 5.4 5.21 5.21
2013-04-02 5.06 5.19 5.06 5.06
2013-04-08 5.11 5.11 4.75 4.75
2013-04-10 5.25 5.26 5.1 5.1
2013-04-18 5.34 5.46 5.28 5.28
2013-04-24 5.51 5.53 5.4 5.4
2013-05-02 5.4 5.45 5.22 5.22
2013-06-14 5.43 5.55 5.39 5.39
2013-06-18 5.75 5.79 5.66 5.66
2013-07-03 5.17 5.2 4.91 4.91
2013-08-01 4.96 4.99 4.89 4.89
2013-08-02 4.98 5.01 4.94 4.94
2013-08-14 5.51 5.63 5.37 5.37
2013-08-22 5.7 5.77 5.53 5.53
2013-09-03 5.72 5.72 5.45 5.45
2013-09-16 5.63 5.72 5.56 5.56
2013-09-17 5.67 5.82 5.59 5.59
2013-09-23 5.84 5.89 5.73 5.73
2013-12-03 5.05 5.09 4.97 4.97
2013-12-27 4.89 4.89 4.82 4.82
2013-12-30 5.04 5.13 4.93 4.93
2014-01-02 5.07 5.15 5.03 5.03
2014-01-21 4.91 4.92 4.78 4.78
2014-01-27 4.88 4.91 4.85 4.85
2014-01-28 4.93 4.95 4.87 4.87
2014-02-14 5.17 5.19 5.1 5.1
2014-03-07 5.5 5.5 5.5 5.5
2014-03-10 6.05 6.05 6.05 6.05
2014-03-17 6.31 6.31 5.6 5.6
2014-03-20 6.88 7.39 6.75 6.75
2014-04-14 6.05 6.06 5.83 5.83
2014-04-23 5.76 5.84 5.69 5.69
2014-04-24 6.34 6.34 5.9 5.9
2014-04-30 6.26 6.39 5.8 5.8
2014-06-23 7.32 7.56 7.3 7.3
2014-07-02 8.29 8.53 8.01 8.01
2014-08-27 8.56 8.75 8.35 8.35
2014-10-29 12.5 12.51 11.86 11.86
2014-11-17 12.21 12.41 11.53 11.53
2014-12-08 12.95 12.95 12.95 12.95
2014-12-12 13.59 13.97 13.55 13.55
2014-12-16 13.23 13.6 13.07 13.07
2014-12-24 11.27 11.37 10.65 10.65
2015-01-13 10.57 10.85 10.45 10.45
2015-01-20 10.88 10.93 10.6 10.6
2015-02-12 10.89 10.98 10.85 10.85
2015-02-27 11.95 12.29 11.72 11.72
2015-03-16 12.19 12.24 11.97 11.97
2015-04-17 13.58 13.94 13.3 13.3
2015-05-26 21.04 21.31 19.72 19.72
2015-07-03 16.99 18.05 16.99 16.99
2015-07-07 13.76 13.76 13.76 13.76
2015-07-08 12.38 12.38 12.38 12.38
2015-07-09 13.62 13.62 11.14 11.14
2015-07-17 18.45 18.45 16.9 16.9
2015-08-04 18.07 18.07 16.16 16.16
2015-08-10 19.37 19.37 17.8 17.8
2015-08-25 15.49 15.99 15.49 15.49
2015-09-02 12.86 14.73 12.86 12.86
2015-10-12 16.59 17.0 16.05 16.05
2015-12-11 15.19 15.33 15.01 15.01
2015-12-15 15.9 16.26 15.5 15.5
2015-12-30 15.8 15.95 15.5 15.5
2016-02-19 11.16 11.32 10.88 10.88
2016-05-05 10.49 10.63 10.37 10.37
2016-06-20 8.34 8.43 8.34 8.34
2016-07-04 8.98 9.0 8.63 8.63
2016-08-03 8.95 8.95 8.81 8.81
2016-08-04 9.32 9.4 8.94 8.94
2016-08-15 9.27 9.3 9.11 9.11
2016-08-24 9.32 9.49 9.25 9.25
2016-12-13 10.23 10.23 10.23 10.23
2016-12-14 10.74 10.74 10.74 10.74
2016-12-15 11.28 11.28 11.28 11.28
2016-12-16 11.84 11.84 11.84 11.84
2016-12-19 12.43 12.43 12.43 12.43
2016-12-20 13.05 13.05 13.05 13.05
2016-12-21 13.7 13.7 13.7 13.7
2016-12-22 14.39 14.39 14.39 14.39
2016-12-23 15.11 15.11 15.11 15.11
2016-12-26 15.87 15.87 15.87 15.87
2016-12-27 16.66 16.66 16.66 16.66
2016-12-28 17.49 17.49 17.49 17.49
2016-12-29 18.36 18.36 18.36 18.36
2016-12-30 19.28 19.28 19.28 19.28
2017-01-03 20.24 20.24 20.24 20.24
2017-01-04 21.25 21.25 21.25 21.25
2017-01-11 22.31 22.31 22.31 22.31
2017-01-12 23.43 23.43 23.43 23.43
2017-01-17 22.75 22.75 21.74 21.74
2017-01-19 25.08 25.08 25.08 25.08
2017-03-06 31.29 31.29 30.0 30.0
2017-05-09 27.57 27.99 26.6 26.6
2017-06-06 29.87 30.3 28.67 28.67
2017-07-10 33.83 34.62 33.51 33.51
2017-08-04 31.52 31.52 28.98 28.98
