2001-08-21 14.3 14.45 14.0 14.0
2002-01-31 8.63 8.78 8.1 8.1
2002-02-08 8.76 9.15 8.62 8.62
2002-03-07 9.42 9.45 9.1 9.1
2002-03-14 9.61 9.65 9.27 9.27
2002-04-26 10.47 10.48 10.3 10.3
2002-04-29 10.63 10.77 10.47 10.47
2002-04-30 10.78 10.88 10.65 10.65
2002-07-05 10.4 10.41 10.3 10.3
2002-08-14 9.87 9.89 9.7 9.7
2002-08-19 10.0 10.03 9.9 9.9
2002-08-23 10.15 10.16 10.08 10.08
2002-09-24 10.1 10.16 10.06 10.06
2002-09-27 10.13 10.15 10.0 10.0
2002-10-08 10.02 10.05 10.0 10.0
2002-10-14 9.91 10.05 9.12 9.12
2002-10-28 9.99 10.03 9.9 9.9
2002-10-30 9.91 9.98 9.82 9.82
2002-10-31 9.91 9.94 9.84 9.84
2003-01-14 9.6 9.8 9.2 9.2
2003-02-10 9.8 9.9 9.41 9.41
2003-02-25 10.36 10.38 10.2 10.2
2003-03-05 10.84 10.85 10.65 10.65
2003-04-15 11.02 11.18 10.78 10.78
2003-04-16 11.03 11.44 10.96 10.96
2003-05-12 10.49 10.76 9.78 9.78
2003-05-16 10.32 10.45 10.28 10.28
2003-05-21 9.89 10.18 9.8 9.8
2003-05-22 10.27 10.28 9.8 9.8
2003-05-26 10.66 10.93 10.28 10.28
2003-06-11 10.09 10.1 9.9 9.9
2003-06-13 10.03 10.15 9.95 9.95
2003-06-18 9.77 10.03 9.73 9.73
2003-06-20 9.72 10.0 9.6 9.6
2003-06-24 9.67 9.85 9.64 9.64
2003-09-01 7.87 7.88 7.42 7.42
2003-09-02 7.95 8.13 7.9 7.9
2003-09-09 7.75 7.75 7.64 7.64
2003-09-10 7.8 7.88 7.77 7.77
2003-11-27 6.75 7.04 6.71 6.71
2003-12-04 7.18 7.27 6.97 6.97
2004-01-12 8.29 8.39 7.9 7.9
2004-02-16 8.81 8.88 8.55 8.55
2004-04-26 6.95 7.03 6.77 6.77
2004-07-09 6.13 6.17 6.06 6.06
2004-07-16 6.25 6.35 6.2 6.2
2004-07-21 6.13 6.28 5.97 5.97
2004-08-09 5.72 5.74 5.67 5.67
2004-08-10 5.75 5.78 5.69 5.69
2004-08-24 5.67 5.69 5.56 5.56
2004-09-15 5.87 6.0 5.59 5.59
2004-09-17 6.11 6.12 5.82 5.82
2005-04-13 2.97 3.01 2.86 2.86
2005-04-29 2.67 2.7 2.61 2.61
2005-07-19 2.23 2.24 2.17 2.17
2005-09-01 2.72 2.72 2.6 2.6
2005-10-31 2.42 2.49 2.31 2.31
2005-11-18 2.43 2.44 2.38 2.38
2005-11-24 2.42 2.45 2.4 2.4
2005-11-25 2.49 2.53 2.45 2.45
2006-01-05 2.43 2.46 2.35 2.35
2006-01-10 2.54 2.58 2.47 2.47
2006-01-13 2.69 2.73 2.55 2.55
2006-03-03 2.98 3.03 2.94 2.94
2006-03-08 2.83 2.89 2.81 2.81
2006-03-09 2.86 2.91 2.83 2.83
2006-03-13 2.89 2.91 2.82 2.82
2007-05-24 13.67 13.8 12.72 12.72
2007-06-11 9.17 9.65 9.07 9.07
2007-07-31 8.64 8.8 8.0 8.0
2007-08-02 8.18 8.38 7.85 7.85
2007-08-09 7.75 7.9 7.56 7.56
2007-11-19 6.9 7.0 6.68 6.68
2008-01-03 9.55 9.98 9.35 9.35
2008-01-08 10.39 10.73 9.9 9.9
2008-04-16 4.96 4.96 4.96 4.96
2008-04-17 4.71 4.71 4.71 4.71
2008-04-18 4.47 4.47 4.47 4.47
2008-04-22 4.04 4.04 4.04 4.04
2008-04-23 4.07 4.18 3.84 3.84
2008-04-28 4.48 4.48 4.16 4.16
2008-07-21 5.93 5.93 5.93 5.93
2008-07-22 6.23 6.23 6.23 6.23
2008-07-23 6.54 6.54 6.54 6.54
2008-07-24 6.87 6.87 6.87 6.87
2008-07-25 7.21 7.21 7.21 7.21
2008-09-23 6.26 6.26 6.26 6.26
2008-09-24 5.95 5.95 5.95 5.95
2008-09-25 5.65 5.65 5.65 5.65
2008-09-26 5.37 5.56 5.37 5.37
2008-10-06 5.1 5.16 5.1 5.1
2008-10-07 4.85 4.98 4.85 4.85
2008-10-17 4.01 4.08 3.96 3.96
2008-10-24 3.83 3.9 3.72 3.72
2008-10-28 3.48 3.56 3.46 3.46
2008-11-21 3.66 3.73 3.39 3.39
2008-12-01 3.92 3.92 3.82 3.82
2008-12-08 4.24 4.27 4.12 4.12
2009-02-20 6.38 6.4 6.11 6.11
2010-09-28 25.96 25.96 25.96 25.96
2010-09-29 27.26 27.26 27.26 27.26
2010-11-05 37.22 37.22 35.55 35.55
2010-11-11 36.48 37.2 36.48 36.48
2010-11-12 34.66 35.93 34.66 34.66
2010-12-06 32.77 32.77 31.4 31.4
2011-02-10 31.74 31.74 29.6 29.6
2011-03-01 34.73 35.4 34.25 34.25
2011-03-08 38.09 38.16 36.6 36.6
2011-04-01 43.44 43.44 39.3 39.3
2011-07-22 43.01 43.42 42.2 42.2
2011-08-18 42.71 44.44 41.31 41.31
2011-10-17 30.38 30.52 29.43 29.43
2011-10-18 31.3 32.42 30.14 30.14
2011-12-08 26.7 27.09 26.3 26.3
2011-12-29 23.66 23.8 22.89 22.89
2011-12-30 24.24 24.76 23.49 23.49
2012-01-11 25.3 25.38 24.5 24.5
2012-02-14 26.79 26.93 25.64 25.64
2012-07-27 17.47 17.5 17.2 17.2
2012-08-01 17.1 17.41 16.9 16.9
2012-09-04 19.66 19.85 19.1 19.1
2013-01-23 20.55 20.55 18.6 18.6
2013-01-28 20.92 21.18 20.13 20.13
2013-03-15 21.24 21.66 20.71 20.71
2013-05-10 22.41 22.48 21.9 21.9
2013-05-17 26.4 26.79 25.23 25.23
2013-08-28 18.62 19.21 17.95 17.95
2013-09-02 18.33 18.65 18.21 18.21
2013-09-04 19.27 19.8 18.8 18.8
2013-11-18 22.81 22.91 21.3 21.3
2014-01-24 24.39 24.8 24.01 24.01
2014-05-08 20.18 20.85 20.09 20.09
2014-05-13 20.62 20.78 20.32 20.32
2014-06-13 20.48 20.54 19.9 19.9
2014-06-18 20.46 20.98 20.31 20.31
2014-07-02 23.1 23.6 22.5 22.5
2014-11-18 25.86 26.18 25.65 25.65
2015-08-06 30.91 32.34 30.2 30.2
2015-08-25 23.92 24.19 23.92 23.92
2016-03-25 20.41 20.77 19.31 19.31
2016-04-13 19.81 20.11 19.65 19.65
2016-06-21 18.14 18.35 18.0 18.0
2016-06-27 18.62 18.78 18.0 18.0
2016-06-29 19.31 19.95 19.1 19.1
2016-07-01 20.17 21.27 19.32 19.32
2016-09-30 19.04 19.1 18.81 18.81
2016-11-10 18.89 18.93 18.8 18.8
2016-11-29 19.5 19.7 19.3 19.3
2017-03-16 20.14 20.17 20.02 20.02
2017-03-20 19.89 20.0 19.72 19.72
2017-04-07 19.66 19.79 19.51 19.51
