2004-04-01 13.16 13.59 12.51 12.51
2004-06-11 9.15 9.55 8.9 8.9
2004-06-21 9.22 9.23 8.8 8.8
2004-08-10 7.26 7.3 7.18 7.18
2004-08-17 6.64 6.67 6.41 6.41
2004-11-24 6.84 6.95 6.83 6.83
2004-11-29 6.71 6.78 6.65 6.65
2004-11-30 6.89 6.94 6.71 6.71
2004-12-02 7.13 7.14 6.88 6.88
2005-01-18 7.47 7.48 7.17 7.17
2005-03-08 8.51 8.55 8.28 8.28
2005-04-06 7.05 7.15 6.8 6.8
2005-07-28 7.88 7.99 7.81 7.81
2005-08-04 8.83 8.92 8.3 8.3
2006-12-18 13.9 13.92 13.34 13.34
2006-12-19 14.29 14.43 13.91 13.91
2007-01-09 13.91 14.25 13.7 13.7
2007-01-10 14.89 15.0 13.82 13.82
2007-05-17 31.61 32.69 30.2 30.2
2007-07-02 31.55 31.75 30.3 30.3
2007-10-24 54.5 55.8 52.5 52.5
2007-10-26 55.91 56.5 50.86 50.86
2007-12-05 41.59 42.08 38.85 38.85
2008-01-17 48.55 49.16 45.3 45.3
2008-01-18 51.42 51.46 48.08 48.08
2008-08-27 11.47 11.5 10.86 10.86
2008-11-10 8.26 8.33 7.79 7.79
2008-12-05 12.0 12.25 11.35 11.35
2009-05-04 17.78 18.07 17.1 17.1
2009-11-16 20.59 20.7 20.0 20.0
2009-11-17 21.13 21.53 20.86 20.86
2009-12-08 23.23 23.74 23.0 23.0
2010-04-01 17.35 17.5 16.71 16.71
2010-11-08 12.14 12.29 12.0 12.0
2011-06-21 10.51 10.57 10.22 10.22
2012-08-01 7.62 7.74 7.49 7.49
2013-07-05 5.93 6.09 5.9 5.9
2013-08-22 6.27 6.4 6.23 6.23
2013-08-29 6.45 6.58 6.27 6.27
2013-09-03 6.74 6.76 6.51 6.51
2013-09-09 7.07 7.24 6.58 6.58
2014-11-18 9.57 9.8 8.9 8.9
2015-01-13 11.83 11.87 11.63 11.63
2015-06-05 19.0 20.08 18.67 18.67
2015-06-11 21.11 21.68 20.69 20.69
2015-07-09 13.01 13.01 10.65 10.65
2015-07-13 14.31 14.31 14.31 14.31
2015-07-17 15.58 15.69 14.61 14.61
2016-03-18 13.6 13.78 13.12 13.12
2016-09-05 13.47 13.63 13.23 13.23
2016-09-21 14.41 14.62 13.91 13.91
2016-09-22 14.62 15.17 14.55 14.55
2016-11-15 13.31 13.5 13.15 13.15
2017-01-03 13.12 13.18 12.79 12.79
2017-01-26 13.4 13.56 13.33 13.33
2017-02-09 13.44 13.65 13.42 13.42
2017-03-08 13.39 13.59 13.36 13.36
2017-03-13 13.72 13.78 13.3 13.3
