2004-03-26 12.56 12.64 12.45 12.45
2004-04-01 13.16 13.59 12.51 12.51
2004-05-18 10.02 10.03 9.65 9.65
2004-06-07 9.88 9.94 9.7 9.7
2004-06-11 9.15 9.55 8.9 8.9
2004-06-21 9.22 9.23 8.8 8.8
2004-07-01 8.52 8.6 8.3 8.3
2004-08-04 7.33 7.42 7.05 7.05
2004-08-10 7.26 7.3 7.18 7.18
2004-08-17 6.64 6.67 6.41 6.41
2004-08-30 6.64 6.77 6.6 6.6
2004-09-14 6.65 6.7 6.51 6.51
2004-11-18 6.7 6.72 6.63 6.63
2004-11-24 6.84 6.95 6.83 6.83
2004-11-29 6.71 6.78 6.65 6.65
2004-11-30 6.89 6.94 6.71 6.71
2004-12-02 7.13 7.14 6.88 6.88
2004-12-14 6.96 7.02 6.84 6.84
2004-12-27 7.32 7.33 7.15 7.15
2005-01-10 7.43 7.48 7.1 7.1
2005-01-18 7.47 7.48 7.17 7.17
2005-02-02 7.56 7.65 7.12 7.12
2005-03-07 8.28 8.29 8.08 8.08
2005-03-08 8.51 8.55 8.28 8.28
2005-04-05 6.85 7.08 6.74 6.74
2005-04-06 7.05 7.15 6.8 6.8
2005-04-26 6.86 6.88 6.58 6.58
2005-06-03 5.98 6.05 5.92 5.92
2005-06-16 6.57 6.6 6.36 6.36
2005-07-22 7.57 7.75 7.35 7.35
2005-07-28 7.88 7.99 7.81 7.81
2005-08-04 8.83 8.92 8.3 8.3
2006-11-20 12.94 13.5 12.43 12.43
2006-11-30 13.8 13.9 13.08 13.08
2006-12-11 12.95 13.2 11.96 11.96
2006-12-18 13.9 13.92 13.34 13.34
2006-12-19 14.29 14.43 13.91 13.91
2006-12-29 13.78 14.25 13.6 13.6
2007-01-09 13.91 14.25 13.7 13.7
2007-01-10 14.89 15.0 13.82 13.82
2007-02-28 15.61 15.61 14.35 14.35
2007-03-15 19.18 19.6 18.63 18.63
2007-03-27 20.44 20.44 18.4 18.4
2007-04-20 24.6 24.99 23.75 23.75
2007-05-15 29.03 29.95 28.55 28.55
2007-05-17 31.61 32.69 30.2 30.2
2007-06-13 33.83 33.99 31.25 31.25
2007-06-26 31.93 32.5 30.0 30.0
2007-07-02 31.55 31.75 30.3 30.3
2007-08-02 47.02 47.1 43.9 43.9
2007-08-20 48.55 48.55 44.61 44.61
2007-09-12 48.84 48.9 46.4 46.4
2007-09-28 54.56 55.1 52.21 52.21
2007-10-19 51.81 52.55 48.7 48.7
2007-10-24 54.5 55.8 52.5 52.5
2007-10-26 55.91 56.5 50.86 50.86
2007-11-29 37.95 37.95 34.7 34.7
2007-12-05 41.59 42.08 38.85 38.85
2008-01-10 44.91 44.95 41.76 41.76
2008-01-17 48.55 49.16 45.3 45.3
2008-01-18 51.42 51.46 48.08 48.08
2008-02-18 53.64 56.25 53.48 53.48
2008-06-24 10.98 11.17 10.19 10.19
2008-07-24 13.45 13.45 12.23 12.23
2008-08-20 12.29 12.32 11.01 11.01
2008-08-27 11.47 11.5 10.86 10.86
2008-10-07 10.18 10.25 8.78 8.78
2008-11-03 7.85 8.1 7.76 7.76
2008-11-10 8.26 8.33 7.79 7.79
2008-12-03 11.3 11.41 10.89 10.89
2008-12-05 12.0 12.25 11.35 11.35
2009-01-12 11.09 11.3 10.43 10.43
2009-02-23 15.1 15.25 14.59 14.59
2009-03-04 14.61 14.91 13.9 13.9
2009-03-19 15.88 16.19 15.68 15.68
2009-04-30 17.03 17.32 16.55 16.55
2009-05-04 17.78 18.07 17.1 17.1
2009-05-19 19.61 19.99 19.29 19.29
2009-09-03 17.6 17.8 16.19 16.19
2009-09-17 18.82 18.95 18.62 18.62
2009-09-30 17.14 17.3 16.76 16.76
2009-10-19 19.81 19.98 18.63 18.63
2009-11-06 19.7 19.99 19.55 19.55
2009-11-16 20.59 20.7 20.0 20.0
2009-11-17 21.13 21.53 20.86 20.86
2009-11-30 22.0 22.13 21.6 21.6
2009-12-08 23.23 23.74 23.0 23.0
2010-03-31 16.68 16.96 16.41 16.41
2010-04-01 17.35 17.5 16.71 16.71
2010-05-24 11.8 12.16 11.56 11.56
2010-06-08 10.6 10.66 10.48 10.48
2010-07-05 10.69 10.8 10.25 10.25
2010-07-14 11.75 11.94 11.4 11.4
2010-11-03 11.56 11.77 11.49 11.49
2010-11-08 12.14 12.29 12.0 12.0
2010-11-24 10.23 10.27 10.02 10.02
2011-02-01 10.05 10.07 9.91 9.91
2011-03-14 11.28 11.44 11.15 11.15
2011-04-01 12.26 12.39 12.02 12.02
2011-04-29 11.09 11.2 10.95 10.95
2011-05-13 11.14 11.15 10.87 10.87
2011-06-14 10.4 10.62 10.1 10.1
2011-06-21 10.51 10.57 10.22 10.22
2011-07-04 11.45 11.55 11.3 11.3
2011-10-28 8.31 8.75 8.18 8.18
2011-11-11 7.84 7.92 7.81 7.81
2011-12-23 7.03 7.1 6.84 6.84
2012-01-19 7.51 7.54 7.3 7.3
2012-02-10 7.79 7.99 7.55 7.55
2012-03-02 9.56 9.64 8.75 8.75
2012-03-16 8.62 8.66 8.41 8.41
2012-03-30 8.53 8.63 8.31 8.31
2012-04-13 9.22 9.59 9.2 9.2
2012-05-04 9.48 9.55 9.42 9.42
2012-07-12 8.2 8.28 8.02 8.02
2012-07-24 7.72 7.75 7.51 7.51
2012-08-01 7.62 7.74 7.49 7.49
2012-11-02 7.52 7.65 7.37 7.37
2012-11-23 7.22 7.29 7.11 7.11
2012-12-14 7.94 7.95 7.51 7.51
2012-12-31 8.5 8.75 8.28 8.28
2013-01-18 8.63 8.73 8.3 8.3
2013-03-25 7.23 7.26 7.2 7.2
2013-04-09 7.34 7.38 7.19 7.19
2013-04-19 7.32 7.36 7.19 7.19
2013-06-28 6.08 6.3 5.81 5.81
2013-07-05 5.93 6.09 5.9 5.9
2013-08-19 6.33 6.37 6.15 6.15
2013-08-22 6.27 6.4 6.23 6.23
2013-08-29 6.45 6.58 6.27 6.27
2013-09-03 6.74 6.76 6.51 6.51
2013-09-09 7.07 7.24 6.58 6.58
2013-09-23 6.89 6.9 6.78 6.78
2013-10-25 7.07 7.17 6.9 6.9
2013-11-28 7.28 7.36 7.23 7.23
2014-01-21 6.64 6.69 6.51 6.51
2014-04-02 7.04 7.16 6.88 6.88
2014-04-24 6.99 7.15 6.65 6.65
2014-06-13 6.26 6.28 6.2 6.2
2014-06-24 6.08 6.13 6.02 6.02
2014-07-03 6.22 6.24 6.17 6.17
2014-08-12 6.98 7.05 6.91 6.91
2014-11-10 8.21 8.35 8.15 8.15
2014-11-18 9.57 9.8 8.9 8.9
2014-12-08 15.4 15.4 14.6 14.6
2015-01-05 12.55 13.2 12.36 12.36
2015-01-13 11.83 11.87 11.63 11.63
2015-02-17 12.91 12.95 12.56 12.56
2015-03-11 14.36 14.38 13.1 13.1
2015-03-27 14.99 15.0 14.59 14.59
2015-04-22 16.18 16.24 15.62 15.62
2015-05-19 14.8 14.96 14.3 14.3
2015-06-01 15.69 15.77 14.88 14.88
2015-06-05 19.0 20.08 18.67 18.67
2015-06-11 21.11 21.68 20.69 20.69
2015-07-08 11.83 12.38 11.83 11.83
2015-07-09 13.01 13.01 10.65 10.65
2015-07-13 14.31 14.31 14.31 14.31
2015-07-17 15.58 15.69 14.61 14.61
2015-08-27 11.85 11.98 11.1 11.1
2015-10-12 13.57 13.76 13.15 13.15
2015-12-17 15.9 16.19 15.4 15.4
2016-02-22 11.2 11.35 11.11 11.11
2016-03-17 13.19 13.35 12.93 12.93
2016-03-18 13.6 13.78 13.12 13.12
2016-05-31 10.94 10.98 10.32 10.32
2016-07-01 11.55 11.63 11.23 11.23
2016-07-13 12.03 12.29 11.81 11.81
2016-08-15 14.06 14.06 12.9 12.9
2016-08-31 13.65 13.81 13.24 13.24
2016-09-05 13.47 13.63 13.23 13.23
2016-09-19 14.06 14.28 13.82 13.82
2016-09-21 14.41 14.62 13.91 13.91
2016-09-22 14.62 15.17 14.55 14.55
2016-10-18 13.54 13.58 13.25 13.25
2016-11-07 13.14 13.29 12.87 12.87
2016-11-15 13.31 13.5 13.15 13.15
2016-12-09 14.4 14.42 14.02 14.02
2016-12-30 12.8 12.83 12.67 12.67
2017-01-03 13.12 13.18 12.79 12.79
2017-01-25 13.27 13.35 13.22 13.22
2017-01-26 13.4 13.56 13.33 13.33
2017-02-09 13.44 13.65 13.42 13.42
2017-02-28 13.19 13.22 13.05 13.05
2017-03-08 13.39 13.59 13.36 13.36
2017-03-13 13.72 13.78 13.3 13.3
2017-04-13 16.41 16.41 16.41 16.41
2017-05-25 15.26 15.35 14.44 14.44
2017-06-19 8.44 8.57 8.39 8.39
2017-07-05 8.3 8.31 8.22 8.22
2017-09-04 7.83 7.83 7.78 7.78
