2004-03-30 11.29 11.3 11.07 11.07
2004-04-30 9.13 9.23 9.02 9.02
2004-06-11 8.45 8.68 8.3 8.3
2004-06-21 8.6 8.6 8.25 8.25
2004-07-01 7.6 7.65 7.31 7.31
2004-07-13 7.22 7.27 6.82 6.82
2004-07-16 7.52 7.61 7.25 7.25
2004-07-20 7.7 7.82 7.48 7.48
2004-08-31 6.13 6.26 6.0 6.0
2004-10-28 6.86 7.12 6.7 6.7
2004-11-03 7.03 7.09 6.61 6.61
2004-11-18 7.28 7.35 7.2 7.2
2004-12-21 5.95 6.01 5.86 5.86
2004-12-22 6.15 6.2 5.94 5.94
2005-02-02 5.03 5.05 4.74 4.74
2005-02-21 5.05 5.09 4.9 4.9
2005-02-22 5.24 5.27 5.05 5.05
2005-03-07 5.29 5.29 5.15 5.15
2005-03-17 4.93 5.04 4.93 4.93
2005-03-24 5.08 5.09 4.86 4.86
2005-04-07 4.53 4.63 4.45 4.45
2005-04-21 4.41 4.44 4.31 4.31
2005-04-29 4.64 4.73 4.54 4.54
2005-06-02 4.11 4.12 4.03 4.03
2005-06-16 4.25 4.3 4.13 4.13
2005-06-27 4.36 4.4 4.26 4.26
2005-07-07 3.75 3.78 3.7 3.7
2005-07-14 3.43 3.51 3.41 3.41
2005-07-19 3.07 3.11 3.0 3.0
2005-07-26 3.42 3.45 3.25 3.25
2005-08-15 3.84 3.84 3.67 3.67
2005-08-24 4.27 4.28 3.97 3.97
2005-10-31 3.69 3.7 3.6 3.6
2005-11-02 3.72 3.76 3.58 3.58
2005-11-15 3.82 3.82 3.75 3.75
2005-11-18 3.89 3.93 3.77 3.77
2005-11-23 3.83 3.87 3.8 3.8
2005-12-01 3.75 3.8 3.75 3.75
2005-12-12 3.68 3.71 3.64 3.64
2006-01-12 4.12 4.12 4.01 4.01
2006-01-16 4.28 4.42 4.17 4.17
2006-01-17 4.34 4.37 4.24 4.24
2006-02-06 4.56 4.59 4.43 4.43
2006-02-10 4.5 4.53 4.35 4.35
2006-02-14 4.49 4.5 4.41 4.41
2006-06-16 5.83 5.84 5.7 5.7
2006-07-14 6.54 6.74 6.3 6.3
2006-08-08 6.06 6.19 6.06 6.06
2006-10-24 5.14 5.16 4.95 4.95
2006-12-27 5.68 5.78 5.58 5.58
2007-01-19 6.59 6.64 6.46 6.46
2007-02-28 7.35 7.45 6.96 6.96
2007-03-15 7.98 8.09 7.92 7.92
2007-04-03 8.98 9.13 8.8 8.8
2007-04-11 10.37 10.37 9.4 9.4
2007-04-16 10.86 10.95 10.55 10.55
2007-04-20 11.75 11.75 10.83 10.83
2007-04-23 12.93 12.93 12.4 12.4
2007-05-17 16.51 16.89 16.2 16.2
2007-06-18 11.33 11.69 11.22 11.22
2007-06-20 12.87 12.98 11.86 11.86
2007-07-11 8.83 8.83 8.2 8.2
2007-07-17 8.39 8.6 8.03 8.03
2007-07-23 9.42 9.51 8.94 8.94
2007-07-24 9.99 10.36 9.5 9.5
2007-08-02 10.74 10.95 9.73 9.73
2007-08-14 11.2 11.2 10.62 10.62
2007-08-20 12.22 12.26 11.8 11.8
2007-08-21 12.85 13.44 12.4 12.4
2007-08-23 13.51 13.9 13.3 13.3
2007-09-28 16.83 16.98 16.3 16.3
2007-10-10 18.0 18.2 17.1 17.1
2007-10-17 16.46 16.95 16.15 16.15
2007-11-23 14.07 14.1 13.7 13.7
2007-12-28 17.44 18.18 17.2 17.2
2008-04-11 11.57 11.89 11.22 11.22
2008-04-15 11.34 11.35 10.8 10.8
2008-04-30 11.89 12.04 11.8 11.8
2008-05-30 10.34 10.4 10.07 10.07
2008-06-02 10.95 10.98 10.2 10.2
2008-06-25 8.64 8.67 7.72 7.72
2008-07-24 8.98 9.23 8.79 8.79
2008-07-30 8.91 9.15 8.6 8.6
2008-08-05 9.32 9.75 9.03 9.03
2008-08-15 7.88 7.98 7.82 7.82
2008-08-22 7.41 7.76 7.1 7.1
2008-09-02 6.85 6.95 6.66 6.66
2008-10-17 4.16 4.21 3.79 3.79
2008-10-23 4.19 4.2 3.9 3.9
2008-10-24 4.32 4.45 4.22 4.22
2008-11-05 4.16 4.2 4.05 4.05
2008-12-01 4.83 4.89 4.55 4.55
2008-12-30 4.73 4.82 4.66 4.66
2009-01-09 5.15 5.18 4.9 4.9
2009-01-12 5.23 5.33 5.13 5.13
2009-01-16 5.4 5.62 5.35 5.35
2009-02-20 6.53 6.62 6.38 6.38
2009-03-10 5.77 5.77 5.45 5.45
2009-03-12 5.64 5.65 5.45 5.45
2009-03-16 5.73 5.8 5.66 5.66
2009-04-07 6.55 6.64 6.48 6.48
2009-04-10 6.62 6.64 6.43 6.43
2009-04-20 7.07 7.15 6.69 6.69
2009-04-23 7.22 7.3 6.77 6.77
2009-04-29 7.93 7.93 7.25 7.25
2009-05-06 10.87 10.87 10.08 10.08
2009-05-12 10.99 11.22 10.62 10.62
2009-05-27 11.02 11.16 10.61 10.61
2009-06-08 10.8 10.96 10.51 10.51
2009-07-21 13.28 13.57 12.91 12.91
2009-07-27 14.12 14.48 13.98 13.98
2009-08-03 13.65 13.97 13.45 13.45
2009-08-20 10.93 11.0 10.3 10.3
2009-09-11 13.03 13.44 12.32 12.32
2009-09-14 13.77 14.19 13.2 13.2
2009-09-30 11.74 12.03 11.53 11.53
2009-10-23 13.43 13.64 13.26 13.26
2009-11-19 16.08 16.08 14.8 14.8
2009-12-02 14.9 15.1 14.77 14.77
2009-12-11 15.15 15.27 14.93 14.93
2009-12-24 14.15 14.16 13.74 13.74
2010-03-18 14.63 14.95 14.36 14.36
2010-04-21 14.57 14.8 14.19 14.19
2010-05-05 13.54 13.64 13.01 13.01
2010-05-24 10.65 10.7 10.19 10.19
2010-05-26 10.45 10.58 10.28 10.28
2010-06-24 8.23 8.31 7.99 7.99
2010-07-06 7.27 7.4 6.95 6.95
2010-09-03 9.7 9.85 9.48 9.48
2010-09-21 9.56 9.62 9.45 9.45
2010-09-27 9.86 9.9 9.62 9.62
2010-10-08 9.95 10.22 9.73 9.73
2010-12-13 10.65 10.69 10.35 10.35
2010-12-17 10.67 10.75 10.58 10.58
2011-01-21 8.8 8.87 8.61 8.61
2011-01-26 9.11 9.25 8.9 8.9
2011-02-16 10.06 10.15 9.89 9.89
2011-03-09 11.72 12.08 11.62 11.62
2011-03-10 11.69 11.85 11.55 11.55
2011-04-01 12.42 12.67 12.12 12.12
2011-06-27 13.11 13.23 12.9 12.9
2011-06-30 13.26 13.34 12.85 12.85
2011-07-04 13.6 13.75 13.38 13.38
2011-08-09 14.72 14.8 13.56 13.56
2011-08-22 15.5 16.08 15.45 15.45
2011-09-23 12.43 12.9 12.4 12.4
2011-10-25 11.35 11.41 10.71 10.71
2011-11-03 12.49 12.51 12.09 12.09
2011-11-29 11.46 11.48 11.05 11.05
2011-12-16 9.37 9.38 9.02 9.02
2012-02-08 9.55 9.65 9.2 9.2
2012-03-02 10.08 10.12 9.8 9.8
2012-04-12 9.17 9.25 9.0 9.0
2012-05-22 9.12 9.16 8.99 8.99
2012-05-29 9.25 9.28 9.08 9.08
2012-06-06 9.0 9.11 8.89 8.89
2012-06-11 9.09 9.1 8.91 8.91
2012-07-11 9.5 9.51 9.29 9.29
2012-07-24 9.1 9.17 8.9 8.9
2012-08-01 8.79 8.87 8.63 8.63
2012-08-10 10.26 10.26 9.21 9.21
2012-08-14 10.49 10.76 9.74 9.74
2012-09-06 9.53 9.69 9.31 9.31
2012-10-09 9.64 9.65 9.3 9.3
2012-10-19 10.82 11.06 10.0 10.0
2012-11-12 9.11 9.12 9.0 9.0
2012-12-19 8.2 8.28 8.09 8.09
2013-01-17 10.85 10.85 10.52 10.52
2013-02-08 13.69 13.8 12.6 12.6
2013-02-28 12.41 12.44 12.03 12.03
2013-03-22 12.22 12.32 12.05 12.05
2013-03-27 12.18 12.59 11.79 11.79
2013-04-19 12.16 12.26 11.75 11.75
2013-04-23 12.34 12.56 12.03 12.03
2013-06-14 15.58 15.59 14.76 14.76
2013-07-09 14.75 14.9 14.48 14.48
2013-07-22 15.58 15.65 14.82 14.82
2013-08-12 14.34 14.5 14.08 14.08
2013-08-13 14.79 14.82 14.35 14.35
2013-08-30 14.94 15.25 14.36 14.36
2013-10-21 17.61 17.62 16.42 16.42
2013-11-04 16.98 17.12 16.7 16.7
2013-11-27 19.01 19.14 18.17 18.17
2013-12-03 19.31 19.35 18.42 18.42
2013-12-09 20.31 20.66 20.0 20.0
2014-03-17 17.71 17.85 17.31 17.31
2014-03-24 17.99 18.18 17.62 17.62
2014-04-09 17.8 18.06 17.67 17.67
2014-05-06 14.85 15.05 14.7 14.7
2014-06-13 14.87 15.08 14.49 14.49
2014-07-03 15.02 15.04 14.72 14.72
2014-07-07 15.38 15.41 15.15 15.15
2014-07-29 15.82 16.05 15.33 15.33
2014-08-04 16.1 16.25 15.89 15.89
2014-10-08 17.05 17.15 16.31 16.31
2014-10-09 17.18 17.45 16.96 16.96
2014-12-24 13.2 13.22 13.04 13.04
2015-01-20 14.19 14.29 13.9 13.9
2015-01-23 15.1 15.65 14.98 14.98
2015-02-03 15.0 15.15 14.66 14.66
2015-02-11 14.36 14.68 14.3 14.3
2015-03-05 16.87 17.33 16.58 16.58
2015-03-13 16.04 16.19 15.83 15.83
2015-03-16 16.43 16.65 16.3 16.3
2015-03-18 16.83 16.94 16.46 16.46
2015-04-27 22.87 23.31 21.5 21.5
2015-06-01 28.36 28.36 26.39 26.39
2015-06-30 25.52 25.52 25.52 25.52
2015-07-01 22.97 22.97 22.97 22.97
2015-07-02 20.67 20.67 20.67 20.67
2015-07-03 18.6 18.6 18.6 18.6
2015-07-07 15.07 15.49 15.07 15.07
2015-07-23 17.39 17.62 16.61 16.61
2015-07-31 14.72 14.84 14.23 14.23
2015-08-07 15.44 15.71 15.17 15.17
2015-08-10 16.03 16.34 15.53 15.53
2015-10-12 14.38 14.49 13.8 13.8
2015-10-15 14.34 14.47 13.76 13.76
2015-12-22 18.46 18.5 18.16 18.16
2016-02-15 11.23 11.38 10.7 10.7
2016-02-26 12.44 12.44 11.45 11.45
2016-03-03 13.32 13.69 13.0 13.0
2016-03-11 11.8 11.98 11.5 11.5
2016-03-23 13.63 13.82 13.25 13.25
2016-03-25 13.15 13.21 12.92 12.92
2016-04-13 14.35 14.59 14.05 14.05
2016-05-23 12.24 12.26 11.97 11.97
2016-08-15 12.42 12.47 12.21 12.21
2016-08-30 12.38 12.54 12.33 12.33
2016-10-10 12.11 12.13 11.98 11.98
2016-11-10 13.09 13.1 12.95 12.95
2016-12-01 13.58 13.76 13.46 13.46
2016-12-05 13.04 13.24 12.88 12.88
2016-12-06 13.12 13.17 12.91 12.91
2016-12-08 13.94 14.6 13.32 13.32
2016-12-09 14.18 14.4 13.95 13.95
2016-12-13 14.25 14.26 13.71 13.71
2017-01-23 15.9 15.93 15.08 15.08
2017-06-16 16.15 16.15 16.15 16.15
2017-06-19 14.54 15.1 14.54 14.54
2017-07-18 11.33 11.39 11.16 11.16
2017-07-19 11.52 11.71 11.32 11.32
2017-08-08 12.62 12.77 12.01 12.01
2017-08-14 12.66 12.68 12.43 12.43
