1998-04-22 30.04 30.04 30.04 30.04
1998-05-20 29.4 30.98 28.8 28.8
1998-05-22 29.58 30.08 29.2 29.2
1998-05-27 28.96 29.66 28.81 28.81
1998-06-23 29.42 29.78 29.01 29.01
1998-07-02 26.49 26.78 25.8 25.8
1998-07-16 25.41 25.78 25.3 25.3
1998-07-21 24.61 25.5 23.35 23.35
1998-07-24 24.68 25.3 24.0 24.0
1998-07-27 24.73 25.18 24.4 24.4
1998-08-07 23.34 23.65 23.0 23.0
1998-08-19 19.8 19.88 18.7 18.7
1998-09-03 18.85 19.0 18.3 18.3
1998-09-04 20.05 20.55 19.0 19.0
1998-09-08 21.13 21.99 21.1 21.1
1998-10-27 21.0 21.3 20.6 20.6
1998-10-30 20.95 21.49 20.6 20.6
1998-11-02 22.87 22.88 20.7 20.7
1998-11-24 24.47 24.5 24.15 24.15
1998-12-11 22.48 22.48 20.0 20.0
1998-12-25 22.38 22.4 21.79 21.79
1999-01-08 21.55 21.65 20.8 20.8
1999-01-18 21.03 21.2 20.5 20.5
1999-02-03 18.77 19.0 18.65 18.65
1999-02-09 18.31 18.5 17.8 17.8
1999-04-14 20.7 20.89 20.5 20.5
1999-04-28 19.5 20.35 18.7 18.7
1999-05-11 19.2 19.22 18.78 18.78
1999-05-19 19.78 19.9 18.62 18.62
1999-06-04 15.6 15.73 15.1 15.1
1999-06-28 21.85 21.85 20.0 20.0
1999-07-07 17.5 17.6 16.66 16.66
1999-07-14 16.55 16.7 16.15 16.15
1999-08-02 19.04 19.51 18.0 18.0
1999-08-13 17.5 17.7 17.45 17.45
1999-08-16 16.4 17.08 16.0 16.0
1999-08-24 17.51 17.9 17.32 17.32
1999-08-26 17.6 17.75 17.3 17.3
1999-09-07 17.08 17.25 17.0 17.0
1999-09-14 18.7 19.2 18.5 18.5
1999-09-21 18.03 18.15 17.8 17.8
1999-11-02 17.18 17.25 17.0 17.0
1999-11-23 16.11 16.37 16.08 16.08
1999-12-15 16.0 16.3 15.56 15.56
1999-12-21 15.82 15.86 15.5 15.5
2000-01-17 16.34 16.38 16.0 16.0
2000-02-24 17.58 17.58 16.86 16.86
2000-03-01 17.82 18.29 17.6 17.6
2000-03-15 16.8 17.26 16.7 16.7
2000-03-17 16.7 16.82 16.3 16.3
2000-03-22 17.11 17.39 16.88 16.88
2000-04-06 17.37 17.5 17.0 17.0
2000-04-11 18.05 18.2 17.05 17.05
2000-04-28 19.99 20.2 19.4 19.4
2000-05-15 18.38 18.61 18.01 18.01
2000-05-29 19.39 19.78 19.23 19.23
2000-06-21 20.88 21.7 19.76 19.76
2000-07-11 21.38 21.5 21.0 21.0
2000-08-01 21.3 21.5 20.75 20.75
2000-08-29 23.8 24.08 23.45 23.45
2000-10-09 16.44 16.48 16.22 16.22
2000-10-17 16.5 16.58 16.21 16.21
2000-11-28 17.15 17.2 16.91 16.91
2001-01-02 17.78 17.85 17.42 17.42
2001-02-14 14.48 14.6 14.4 14.4
2001-02-23 14.49 14.49 14.06 14.06
2001-02-26 14.56 14.74 14.4 14.4
2001-03-21 15.1 15.44 14.6 14.6
2001-04-05 15.48 15.62 15.08 15.08
2001-05-08 14.85 15.05 14.7 14.7
2001-05-31 15.89 17.0 15.7 15.7
2001-06-04 16.06 16.28 15.86 15.86
2001-06-21 15.18 15.3 15.06 15.06
2001-06-29 15.14 15.51 15.0 15.0
2001-07-13 14.35 14.43 14.3 14.3
2001-07-18 14.27 14.33 14.15 14.15
2001-07-20 14.35 14.48 14.21 14.21
2001-08-01 11.9 11.98 11.3 11.3
2001-08-09 11.64 11.65 11.48 11.48
2001-09-04 10.44 10.45 9.9 9.9
2001-10-09 10.4 10.48 10.2 10.2
2001-11-14 12.08 12.46 12.0 12.0
2001-11-20 12.5 12.85 12.42 12.42
2001-11-22 12.34 12.6 12.21 12.21
2001-12-21 10.95 11.1 10.85 10.85
2002-01-31 8.58 8.63 7.96 7.96
2002-03-08 10.12 10.4 9.7 9.7
2002-04-10 9.95 10.15 9.7 9.7
2002-04-29 9.8 9.87 9.5 9.5
2002-05-17 9.28 9.3 9.05 9.05
2002-06-13 8.53 8.71 8.5 8.5
2002-06-18 8.57 8.62 8.35 8.35
2002-06-20 8.48 8.62 8.34 8.34
2002-06-21 8.84 8.88 8.55 8.55
2002-07-16 9.65 9.78 9.6 9.6
2002-08-20 9.25 9.29 9.1 9.1
2002-08-22 9.5 9.65 9.35 9.35
2002-09-23 8.96 9.04 8.9 8.9
2002-10-08 8.65 8.7 8.58 8.58
2002-10-22 8.61 8.65 8.41 8.41
2003-01-16 7.89 7.96 7.68 7.68
2003-01-22 7.67 7.73 7.6 7.6
2003-02-14 7.86 7.9 7.78 7.78
2003-02-20 8.19 8.5 8.18 8.18
2003-02-25 8.01 8.04 7.85 7.85
2003-03-14 7.42 7.5 7.36 7.36
2003-04-02 7.56 7.57 7.49 7.49
2003-04-18 7.73 7.83 7.63 7.63
2003-05-19 6.76 6.86 6.66 6.66
2003-05-21 6.59 6.78 6.23 6.23
2003-05-26 7.06 7.09 6.79 6.79
2003-06-04 7.67 7.8 7.48 7.48
2003-06-10 7.07 7.14 7.0 7.0
2003-07-08 6.65 6.78 6.46 6.46
2003-07-09 6.68 6.79 6.66 6.66
2003-07-17 6.64 6.67 6.56 6.56
2003-07-21 6.81 6.84 6.56 6.56
2003-07-23 7.08 7.13 6.85 6.85
2003-07-31 6.9 7.01 6.86 6.86
2003-08-15 6.76 6.85 6.73 6.73
2003-08-19 6.72 6.77 6.67 6.67
2003-09-16 6.36 6.39 6.18 6.18
2003-09-24 6.26 6.29 6.2 6.2
2003-09-30 6.1 6.1 6.0 6.0
2003-11-20 5.6 5.6 5.09 5.09
2003-12-26 5.44 5.45 5.2 5.2
2004-01-02 5.35 5.5 5.25 5.25
2004-01-07 5.73 5.77 5.51 5.51
2004-03-10 6.51 6.55 6.31 6.31
2004-03-17 7.08 7.39 6.83 6.83
2004-03-30 6.9 6.9 6.75 6.75
2004-03-31 7.1 7.1 6.91 6.91
2004-05-11 6.24 6.26 6.1 6.1
2004-05-17 6.2 6.3 6.1 6.1
2004-05-31 6.5 6.58 6.35 6.35
2004-06-11 6.08 6.15 5.88 5.88
2004-07-15 5.46 5.6 5.32 5.32
2004-08-10 6.06 6.09 5.8 5.8
2004-08-16 5.95 6.05 5.82 5.82
2004-08-25 6.17 6.18 6.05 6.05
2004-09-14 5.85 5.86 5.7 5.7
2004-09-17 6.3 6.33 6.1 6.1
2004-11-18 5.48 5.49 5.38 5.38
2004-12-03 5.55 5.57 5.38 5.38
2004-12-21 5.08 5.11 5.05 5.05
2004-12-24 5.23 5.26 5.05 5.05
2004-12-27 5.22 5.29 5.15 5.15
2004-12-29 5.28 5.3 5.15 5.15
2005-05-19 3.9 3.94 3.83 3.83
2005-05-25 3.87 3.95 3.82 3.82
2005-06-02 3.86 3.93 3.77 3.77
2005-07-14 3.79 3.88 3.73 3.73
2005-08-22 4.17 4.2 4.05 4.05
2005-08-24 4.08 4.17 4.03 4.03
2005-09-05 4.44 4.45 4.32 4.32
2005-10-27 4.56 4.6 4.38 4.38
2005-12-16 4.11 4.19 4.07 4.07
2005-12-29 4.1 4.16 4.07 4.07
2006-01-12 4.3 4.31 4.18 4.18
2006-03-13 4.13 4.14 4.1 4.1
2006-03-21 4.2 4.24 4.18 4.18
2006-04-03 4.26 4.33 4.2 4.2
2006-05-12 4.57 4.6 4.41 4.41
2006-05-25 5.1 5.1 4.62 4.62
2006-06-23 5.86 6.0 5.55 5.55
2006-11-06 7.0 7.03 6.8 6.8
2006-12-05 7.33 7.44 6.76 6.76
2006-12-13 7.6 7.6 7.05 7.05
2006-12-22 8.14 8.15 7.8 7.8
2007-04-09 13.37 13.59 13.16 13.16
2007-04-13 13.91 14.36 13.31 13.31
2007-04-16 14.95 15.3 13.97 13.97
2007-04-23 15.85 16.2 15.12 15.12
2007-04-30 18.5 18.61 16.98 16.98
2007-05-08 19.99 20.35 18.92 18.92
2007-05-23 18.8 18.82 18.01 18.01
2007-05-30 17.82 18.78 17.82 17.82
2007-06-18 15.8 16.3 15.6 15.6
2007-07-20 13.24 13.42 12.62 12.62
2007-07-23 13.92 14.11 13.5 13.5
2007-07-25 14.29 14.4 13.76 13.76
2007-07-26 14.78 15.09 14.49 14.49
2007-08-06 15.28 15.39 14.77 14.77
2007-08-13 15.24 15.9 15.09 15.09
2007-08-17 15.95 16.45 15.59 15.59
2007-09-17 15.6 15.72 14.81 14.81
2007-12-03 19.6 19.6 16.04 16.04
2007-12-17 24.86 25.49 24.5 24.5
2008-04-30 19.85 20.28 18.63 18.63
2008-05-15 20.76 21.65 20.2 20.2
2008-07-07 16.22 16.28 15.1 15.1
2008-07-10 16.87 17.6 16.31 16.31
2008-11-05 7.7 7.77 7.38 7.38
2008-11-10 8.15 8.19 7.65 7.65
2008-11-19 9.27 9.3 8.53 8.53
2008-12-24 8.94 9.1 8.63 8.63
2009-02-06 11.68 11.78 11.28 11.28
2009-02-13 12.4 12.68 11.96 11.96
2009-03-19 10.91 10.97 10.55 10.55
2009-04-20 13.39 13.62 12.61 12.61
2009-05-04 12.39 12.4 11.96 11.96
2009-06-08 12.22 12.59 12.12 12.12
2009-07-09 15.28 15.49 14.53 14.53
2009-07-13 15.1 15.58 14.86 14.86
2009-07-27 15.27 15.43 14.81 14.81
2009-09-11 12.99 13.25 12.73 12.73
2009-09-17 14.27 14.44 13.32 13.32
2009-09-30 12.41 12.48 12.07 12.07
2009-10-21 14.26 14.57 13.88 13.88
2009-10-22 14.72 14.88 14.01 14.01
2009-11-18 18.13 18.54 17.95 17.95
2009-12-16 16.67 16.89 16.42 16.42
2010-01-21 17.65 18.06 17.5 17.5
2010-03-22 16.55 16.65 16.35 16.35
2010-06-22 13.33 13.55 13.21 13.21
2010-07-06 11.25 11.26 10.8 10.8
2010-07-20 12.19 12.25 11.91 11.91
2010-09-13 14.27 14.29 13.76 13.76
2010-09-14 14.24 14.48 14.18 14.18
2010-11-11 15.2 15.66 15.12 15.12
2010-11-22 14.14 14.42 13.5 13.5
2010-12-13 14.74 14.84 14.28 14.28
2011-01-26 12.11 12.25 11.88 11.88
2011-02-21 15.29 15.35 14.55 14.55
2011-02-23 15.48 15.67 14.92 14.92
2011-05-09 8.28 8.46 8.18 8.18
2011-06-24 6.27 6.43 6.0 6.0
2011-07-07 6.72 6.94 6.48 6.48
2011-07-13 6.51 6.55 6.37 6.37
2011-08-23 5.7 5.74 5.57 5.57
2011-09-09 5.44 5.54 5.36 5.36
2011-10-27 5.13 5.19 5.11 5.11
2011-12-23 4.1 4.15 4.03 4.03
2012-02-09 4.43 4.47 4.37 4.37
2012-03-30 4.29 4.35 4.24 4.24
2012-04-18 4.65 4.78 4.47 4.47
2012-05-17 4.61 4.67 4.52 4.52
2012-08-16 4.07 4.1 4.06 4.06
2012-09-19 3.92 3.95 3.89 3.89
2012-10-09 3.9 3.91 3.83 3.83
2012-10-18 3.92 3.93 3.85 3.85
2012-11-30 3.62 3.66 3.58 3.58
2012-12-05 3.73 3.76 3.62 3.62
2012-12-14 3.91 3.93 3.77 3.77
2013-01-09 4.06 4.16 4.01 4.01
2013-01-28 4.07 4.09 4.0 4.0
2013-02-06 4.49 4.56 4.33 4.33
2013-02-28 4.22 4.24 4.14 4.14
2013-04-01 3.96 3.99 3.95 3.95
2013-05-20 3.95 3.97 3.9 3.9
2013-05-24 4.12 4.14 4.05 4.05
2013-07-05 3.39 3.42 3.34 3.34
2013-07-09 3.3 3.31 3.26 3.26
2013-07-15 3.48 3.52 3.4 3.4
2013-09-12 4.29 4.48 4.06 4.06
2013-09-27 4.45 4.48 4.22 4.22
2013-11-01 4.25 4.26 4.16 4.16
2013-12-10 4.23 4.26 4.19 4.19
2013-12-27 3.95 3.97 3.89 3.89
2014-01-21 3.77 3.79 3.72 3.72
2014-03-21 4.98 5.03 4.66 4.66
2014-04-25 5.2 5.29 5.11 5.11
2014-04-29 5.17 5.2 5.07 5.07
2014-05-12 5.18 5.21 5.12 5.12
2014-05-30 5.12 5.14 5.04 5.04
2014-06-17 5.07 5.11 5.03 5.03
2014-07-01 4.99 5.05 4.95 4.95
2014-07-28 5.02 5.04 4.94 4.94
2014-07-29 5.14 5.23 5.02 5.02
2014-09-02 5.45 5.45 5.35 5.35
2014-09-23 5.57 5.61 5.51 5.51
2014-09-29 5.9 5.93 5.83 5.83
2014-10-24 6.49 6.61 6.1 6.1
2014-10-27 6.49 6.6 6.28 6.28
2014-11-05 6.5 6.58 6.31 6.31
2014-12-15 7.38 7.41 7.05 7.05
2015-01-20 6.65 6.66 6.4 6.4
2015-02-13 6.87 6.96 6.74 6.74
2015-02-27 7.56 7.56 7.56 7.56
2015-03-16 8.44 8.48 8.15 8.15
2015-05-06 15.28 16.1 15.04 15.04
2015-05-08 15.63 15.88 15.17 15.17
2015-06-01 18.3 18.49 17.75 17.75
2015-06-02 19.85 19.95 18.48 18.48
2015-06-12 23.24 24.36 23.1 23.1
2015-08-25 10.57 10.65 10.57 10.57
2015-09-24 10.36 10.38 9.52 9.52
2015-11-04 11.59 11.62 10.94 10.94
2015-11-19 15.79 15.79 14.7 14.7
2015-11-25 17.46 18.2 16.65 16.65
2015-12-18 19.62 20.33 19.5 19.5
2016-06-14 17.44 17.44 17.44 17.44
2016-06-15 15.7 15.7 15.7 15.7
2016-06-16 14.19 14.88 14.13 14.13
2016-07-01 13.43 13.74 13.38 13.38
2016-09-05 12.0 12.08 11.88 11.88
2016-12-16 11.75 11.87 11.45 11.45
2016-12-30 12.22 12.38 12.05 12.05
2017-02-22 13.36 13.49 12.8 12.8
2017-03-10 12.72 12.75 12.56 12.56
2017-03-17 12.99 13.1 12.76 12.76
2017-03-22 13.01 13.02 12.82 12.82
2017-06-20 11.25 11.36 11.02 11.02
2017-08-14 10.23 10.32 10.04 10.04
