1993-12-03 13.35 13.42 13.0 13.0
1994-01-07 10.99 11.38 10.6 10.6
1994-02-04 9.6 9.66 9.35 9.35
1994-07-05 5.5 5.5 5.21 5.21
1994-07-11 5.2 5.42 5.18 5.18
1994-07-12 5.2 5.27 5.16 5.16
1994-08-01 4.95 5.0 4.13 4.13
1994-08-05 8.5 8.7 7.0 7.0
1994-09-28 13.5 13.69 13.2 13.2
1994-10-14 9.6 9.78 8.5 8.5
1994-10-19 9.4 9.49 9.0 9.0
1994-11-29 10.25 10.25 10.0 10.0
1995-01-03 9.95 10.12 9.7 9.7
1995-01-09 9.58 9.8 9.5 9.5
1995-01-27 8.45 8.52 8.3 8.3
1995-02-09 8.09 8.29 7.75 7.75
1995-03-28 9.6 9.8 9.3 9.3
1995-05-08 8.55 8.7 8.48 8.48
1995-05-12 8.6 8.7 8.3 8.3
1995-05-17 8.58 8.58 8.46 8.46
1995-05-22 13.6 15.0 13.27 13.27
1995-06-09 10.06 10.2 10.0 10.0
1995-06-13 9.92 10.04 9.81 9.81
1995-06-16 9.18 9.28 8.95 8.95
1995-06-21 9.05 9.08 8.9 8.9
1995-06-28 9.05 9.1 9.0 9.0
1995-07-04 8.75 8.97 8.5 8.5
1995-07-07 9.2 9.2 8.88 8.88
1995-07-12 8.95 9.1 8.88 8.88
1995-09-04 8.92 8.95 8.8 8.8
1995-09-05 9.0 9.4 8.9 8.9
1995-10-09 8.05 8.15 8.02 8.02
1995-10-12 7.8 7.9 7.5 7.5
1995-10-13 7.98 8.3 7.75 7.75
1995-10-18 8.18 8.29 8.0 8.0
1995-10-20 8.5 8.5 8.1 8.1
1995-11-10 8.11 8.2 8.03 8.03
1995-11-14 8.04 8.1 8.0 8.0
1995-11-16 7.93 8.05 7.9 7.9
1995-11-17 7.95 8.0 7.92 7.92
1995-11-30 8.0 8.06 7.9 7.9
1995-12-25 7.01 7.14 6.82 6.82
1996-01-02 6.6 6.66 6.6 6.6
1996-01-03 6.68 6.8 6.6 6.6
1996-01-04 6.76 6.96 6.65 6.65
1996-01-18 6.3 6.48 6.3 6.3
1996-01-19 6.4 6.41 6.2 6.2
1996-01-25 6.35 6.95 5.91 5.91
1996-01-26 6.3 6.4 6.3 6.3
1996-01-30 6.4 6.4 6.32 6.32
1996-02-07 6.3 6.3 6.25 6.25
1996-02-13 6.65 6.7 6.6 6.6
1996-02-14 6.6 6.7 6.52 6.52
1996-02-16 6.8 6.84 6.7 6.7
1996-03-05 7.2 7.38 7.12 7.12
1996-03-07 6.82 6.82 6.75 6.75
1996-03-14 6.8 6.95 6.7 6.7
1996-03-15 6.8 6.8 6.71 6.71
1996-03-18 6.82 6.85 6.8 6.8
1996-03-19 6.88 6.9 6.85 6.85
1996-03-22 6.98 7.1 6.84 6.84
1996-03-26 6.84 6.86 6.76 6.76
1996-04-01 6.96 7.2 6.8 6.8
1996-04-09 7.06 7.15 7.06 7.06
1996-04-10 7.08 7.12 7.06 7.06
1996-04-12 7.21 7.25 7.12 7.12
1996-04-16 7.23 7.28 7.15 7.15
1996-04-17 7.25 7.38 7.15 7.15
1996-04-19 7.64 7.7 7.31 7.31
1996-05-09 7.3 7.55 7.2 7.2
1996-05-15 7.28 7.28 7.1 7.1
1996-05-22 7.2 7.28 7.1 7.1
1996-05-28 6.79 6.86 6.75 6.75
1996-05-29 6.81 6.85 6.8 6.8
1996-06-13 7.05 7.08 6.85 6.85
1996-07-19 7.0 7.09 6.2 6.2
1996-07-26 6.72 7.01 6.48 6.48
1996-07-30 6.75 6.96 6.75 6.75
1996-08-01 6.75 6.88 6.51 6.51
1996-08-05 6.7 6.75 6.5 6.5
1996-09-02 6.2 6.3 6.16 6.16
1996-09-06 6.1 6.28 6.06 6.06
1996-09-10 5.82 5.9 5.82 5.82
1996-10-07 6.2 6.28 6.14 6.14
1996-10-14 6.7 6.7 6.5 6.5
1996-11-11 6.68 6.78 6.5 6.5
1996-11-12 6.66 6.8 6.52 6.52
1996-11-18 7.18 7.18 6.68 6.68
1997-01-10 6.88 6.94 6.5 6.5
1997-01-16 6.68 6.78 6.6 6.6
1997-02-21 7.97 7.99 7.5 7.5
1997-04-17 9.3 9.42 9.0 9.0
1997-05-16 7.73 8.3 7.73 7.73
1997-05-19 7.95 8.08 7.81 7.81
1997-06-13 6.9 6.98 6.5 6.5
1997-06-19 6.81 7.0 6.7 6.7
1997-07-30 6.05 6.1 5.68 5.68
1997-08-06 6.5 6.8 6.36 6.36
1997-08-07 7.0 7.0 5.86 5.86
1997-08-12 7.29 7.48 7.0 7.0
1997-08-14 7.2 7.3 6.9 6.9
1997-08-19 6.9 7.19 6.8 6.8
1997-08-29 7.78 7.98 6.98 6.98
1997-09-05 7.25 7.45 7.15 7.15
1997-09-10 7.92 7.97 7.45 7.45
1997-09-24 7.19 7.2 6.8 6.8
1997-11-07 6.88 6.94 6.7 6.7
1997-11-11 6.85 6.85 6.61 6.61
1997-11-12 7.09 7.15 6.65 6.65
1997-11-19 6.52 6.65 6.5 6.5
1997-12-18 6.35 6.68 6.0 6.0
1997-12-19 6.51 6.59 6.28 6.28
1997-12-24 6.67 6.8 6.58 6.58
1997-12-30 6.76 6.88 6.6 6.6
1998-02-13 6.96 7.18 6.8 6.8
1998-03-02 6.7 7.0 6.5 6.5
1998-03-03 6.8 6.9 6.75 6.75
1998-03-04 6.85 6.93 6.8 6.8
1998-03-06 6.72 6.87 6.68 6.68
1998-03-12 6.58 6.73 6.08 6.08
1998-03-17 6.52 6.54 6.4 6.4
1998-03-23 6.55 6.82 5.96 5.96
1998-03-26 6.87 7.05 6.68 6.68
1998-04-01 7.41 7.42 7.04 7.04
1998-04-02 8.15 8.15 7.51 7.51
1998-04-08 9.38 9.95 9.0 9.0
1998-04-09 9.72 10.0 9.2 9.2
1998-04-28 9.48 9.8 9.18 9.18
1998-04-30 9.97 9.97 9.5 9.5
1998-12-08 7.54 7.55 7.2 7.2
1998-12-24 6.84 6.88 6.75 6.75
1999-03-19 6.9 6.9 6.7 6.7
1999-03-25 6.85 7.19 6.7 6.7
1999-03-26 6.92 7.04 6.81 6.81
1999-03-29 7.13 7.16 7.01 7.01
1999-03-31 7.18 7.18 6.98 6.98
1999-07-15 13.74 14.1 12.8 12.8
1999-07-23 14.9 15.23 14.21 14.21
1999-09-14 13.02 13.31 12.13 12.13
2000-03-15 13.28 13.5 13.04 13.04
2000-04-26 13.7 13.71 13.4 13.4
2000-07-07 13.48 13.49 13.34 13.34
2000-07-27 12.56 12.69 12.46 12.46
2000-09-07 12.46 12.6 12.3 12.3
2000-09-08 12.75 12.8 12.5 12.5
2000-11-22 13.75 13.96 13.37 13.37
2001-02-27 14.6 14.6 13.75 13.75
2001-06-25 16.99 17.06 16.7 16.7
2001-08-09 14.01 14.14 13.78 13.78
2001-09-20 12.96 13.35 12.9 12.9
2001-11-22 13.25 13.49 12.7 12.7
2001-11-27 13.23 13.29 13.0 13.0
2002-01-30 8.33 8.5 8.16 8.16
2002-02-04 9.29 9.33 8.8 8.8
2002-02-07 9.06 9.25 8.83 8.83
2002-04-29 11.52 11.58 11.12 11.12
2002-05-21 10.92 11.01 10.61 10.61
2002-06-18 9.79 9.85 9.65 9.65
2002-07-24 10.96 11.05 10.88 10.88
2002-08-22 11.0 11.06 10.83 10.83
2002-08-27 10.85 10.88 10.75 10.75
2002-09-02 10.71 10.8 10.66 10.66
2002-10-16 9.66 9.8 9.55 9.55
2002-10-22 9.73 9.79 9.6 9.6
2002-10-24 9.65 9.73 9.61 9.61
2002-11-18 8.5 9.0 7.78 7.78
2002-12-19 8.4 8.48 8.28 8.28
2003-01-06 7.87 7.94 7.68 7.68
2003-01-13 8.26 8.32 8.03 8.03
2003-01-14 8.61 8.69 8.22 8.22
2003-05-20 8.06 8.15 7.88 7.88
2003-05-21 8.03 8.13 8.02 8.02
2003-05-23 8.12 8.2 7.91 7.91
2003-06-11 8.43 8.45 8.1 8.1
2003-07-02 7.63 7.7 7.02 7.02
2003-07-08 7.61 7.68 7.5 7.5
2003-07-31 7.09 7.18 7.06 7.06
2003-08-01 7.22 7.27 7.1 7.1
2003-08-06 7.24 7.3 7.18 7.18
2003-08-14 7.11 7.18 7.1 7.1
2003-08-15 7.1 7.19 7.08 7.08
2003-08-18 7.12 7.19 7.1 7.1
2003-08-22 7.05 7.08 7.03 7.03
2003-08-27 6.71 6.78 6.65 6.65
2003-10-15 6.62 6.88 6.55 6.55
2004-06-18 5.35 5.43 5.16 5.16
2004-07-21 4.9 4.95 4.89 4.89
2004-08-18 4.6 4.66 4.58 4.58
2004-12-03 4.95 5.0 4.8 4.8
2004-12-06 5.07 5.15 4.93 4.93
2004-12-22 4.59 4.6 4.46 4.46
2005-01-12 4.23 4.26 4.17 4.17
2005-01-20 4.13 4.16 4.1 4.1
2005-06-13 3.04 3.04 2.83 2.83
2005-07-19 2.38 2.43 2.29 2.29
2005-07-22 2.41 2.48 2.29 2.29
2005-07-26 2.56 2.62 2.43 2.43
2005-07-28 2.85 2.85 2.59 2.59
2005-12-09 3.19 3.24 3.13 3.13
2006-01-17 3.51 3.55 3.5 3.5
2006-01-18 3.69 3.74 3.51 3.51
2006-02-23 3.57 3.61 3.51 3.51
2006-03-01 3.57 3.58 3.53 3.53
2006-03-06 3.42 3.43 3.35 3.35
2006-04-27 3.1 3.13 3.05 3.05
2006-05-08 3.14 3.14 3.05 3.05
2006-05-11 3.3 3.4 3.28 3.28
2006-10-11 3.2 3.22 3.11 3.11
2006-10-18 3.16 3.17 3.13 3.13
2006-12-28 3.7 3.7 3.37 3.37
2007-02-05 4.29 4.39 4.01 4.01
2007-03-07 5.54 5.65 5.48 5.48
2007-04-26 9.24 9.53 9.0 9.0
2007-07-06 7.56 7.66 7.1 7.1
2007-07-13 7.29 7.3 7.1 7.1
2007-07-23 8.22 8.3 7.92 7.92
2007-07-30 9.0 9.1 8.87 8.87
2007-11-09 12.2 12.26 11.01 11.01
2007-12-05 12.72 13.1 12.2 12.2
2007-12-12 14.14 14.3 13.72 13.72
2008-11-07 5.82 5.87 5.12 5.12
2009-02-03 6.71 6.95 6.47 6.47
2009-02-06 7.09 7.2 6.75 6.75
2009-03-04 7.2 7.27 6.9 6.9
2009-03-30 7.78 7.94 7.72 7.72
2009-05-14 8.84 8.95 8.7 8.7
2009-07-03 8.98 9.0 8.81 8.81
2009-11-02 9.09 9.13 8.57 8.57
2009-11-03 9.26 9.39 9.01 9.01
2010-02-23 9.88 9.92 9.52 9.52
2010-10-11 10.62 10.75 10.45 10.45
2010-11-05 10.27 10.35 9.9 9.9
2010-11-15 9.86 9.88 9.55 9.55
2010-12-10 12.1 12.35 11.72 11.72
2010-12-13 12.33 12.44 12.19 12.19
2010-12-17 13.27 13.4 12.91 12.91
2011-01-28 10.84 10.93 10.62 10.62
2011-02-11 11.14 11.23 10.81 10.81
2011-05-19 12.6 12.98 12.54 12.54
2011-06-03 11.73 11.86 11.6 11.6
2011-06-13 11.8 11.85 11.46 11.46
2011-06-14 12.01 12.1 11.85 11.85
2011-06-15 12.13 12.22 11.9 11.9
2011-06-21 11.84 11.85 11.4 11.4
2011-07-04 12.11 12.19 12.0 12.0
2011-07-18 12.89 13.21 12.13 12.13
2011-08-11 10.13 10.18 9.48 9.48
2011-09-16 10.41 10.52 10.25 10.25
2011-10-26 10.01 10.12 9.85 9.85
2011-10-31 10.12 10.25 9.83 9.83
2011-11-15 10.5 11.0 10.4 10.4
2011-12-23 7.28 7.46 7.14 7.14
2011-12-26 7.32 7.43 7.28 7.28
2012-01-20 7.04 7.06 6.77 6.77
2012-01-31 7.11 7.12 7.0 7.0
2012-02-03 7.31 7.38 7.15 7.15
2012-02-22 8.16 8.26 8.0 8.0
2012-03-08 8.27 8.36 8.02 8.02
2012-03-12 9.22 9.22 8.55 8.55
2012-05-29 8.61 8.75 8.51 8.51
2012-05-31 8.82 8.83 8.56 8.56
2012-06-01 8.83 9.03 8.7 8.7
2012-08-21 7.82 7.85 7.62 7.62
2012-08-23 7.72 7.76 7.63 7.63
2012-09-05 7.34 7.38 7.25 7.25
2012-09-10 7.9 7.96 7.56 7.56
2012-11-23 7.39 7.51 7.37 7.37
2012-12-18 7.57 7.62 7.23 7.23
2012-12-21 7.26 7.32 7.14 7.14
2012-12-24 7.28 7.29 7.15 7.15
2013-03-05 7.76 7.78 7.63 7.63
2013-03-27 7.49 7.53 7.41 7.41
2013-04-01 7.38 7.43 7.26 7.26
2013-04-09 7.22 7.32 7.08 7.08
2013-04-17 6.94 6.97 6.88 6.88
2013-04-18 7.0 7.03 6.9 6.9
2013-04-19 7.19 7.28 7.0 7.0
2013-08-08 6.21 6.27 6.06 6.06
2013-08-09 6.37 6.52 6.15 6.15
2013-08-13 6.74 6.81 6.37 6.37
2013-08-14 6.96 7.05 6.62 6.62
2013-08-16 7.99 8.43 7.57 7.57
2013-12-04 9.13 9.36 8.71 8.71
2013-12-10 9.44 9.68 9.14 9.14
2013-12-17 8.61 8.85 8.56 8.56
2014-06-16 5.98 6.05 5.93 5.93
2014-07-25 6.43 6.43 6.33 6.33
2014-07-30 6.68 6.76 6.53 6.53
2014-08-01 6.76 6.97 6.73 6.73
2014-08-06 7.18 7.3 6.92 6.92
2014-08-08 7.44 7.49 7.11 7.11
2014-08-14 7.36 7.56 7.32 7.32
2014-09-01 8.01 8.02 7.83 7.83
2014-12-10 8.38 8.73 7.89 7.89
2014-12-12 9.02 9.15 8.73 8.73
2014-12-15 8.57 8.79 8.57 8.57
2015-01-15 8.69 8.82 8.65 8.65
2015-01-20 9.08 9.08 8.65 8.65
2015-01-27 10.34 10.34 9.87 9.87
2015-02-03 10.42 10.55 10.13 10.13
2015-02-09 10.37 10.37 9.82 9.82
2015-03-06 12.95 13.4 12.1 12.1
2015-03-11 13.8 13.85 12.6 12.6
2015-03-16 13.96 14.11 13.6 13.6
2015-03-19 13.89 14.02 13.71 13.71
2015-09-18 12.32 12.32 12.32 12.32
2015-09-21 11.09 11.46 11.09 11.09
2015-10-23 15.99 15.99 15.99 15.99
2015-12-15 19.78 20.17 18.51 18.51
2015-12-16 20.58 21.44 19.75 19.75
2016-02-02 21.14 21.14 18.94 18.94
2016-02-16 19.61 20.19 19.0 19.0
2016-02-24 23.24 23.24 21.27 21.27
2016-05-23 15.69 15.75 15.26 15.26
2016-05-30 16.08 16.46 15.35 15.35
2016-06-20 14.91 15.3 14.61 14.61
2016-09-21 18.26 18.5 17.16 17.16
2016-11-01 18.31 18.32 17.9 17.9
2017-02-07 17.81 17.89 17.5 17.5
2017-03-16 17.28 17.29 17.11 17.11
2017-08-30 15.26 15.26 15.1 15.1
