2015-04-28 7.88 7.88 6.56 6.56
2015-04-29 8.67 8.67 8.67 8.67
2015-04-30 9.54 9.54 9.54 9.54
2015-05-04 10.49 10.49 10.49 10.49
2015-05-05 11.54 11.54 11.54 11.54
2015-05-06 12.69 12.69 12.69 12.69
2015-05-07 13.96 13.96 13.96 13.96
2015-05-08 15.36 15.36 15.36 15.36
2015-05-11 16.9 16.9 16.9 16.9
2015-05-12 18.59 18.59 18.59 18.59
2015-05-13 20.45 20.45 20.45 20.45
2015-05-14 22.5 22.5 22.5 22.5
2015-05-15 24.75 24.75 24.75 24.75
2015-05-18 27.23 27.23 27.23 27.23
2015-05-19 29.95 29.95 29.95 29.95
2015-05-20 32.95 32.95 32.95 32.95
2015-05-21 36.25 36.25 36.25 36.25
2015-05-22 39.88 39.88 39.88 39.88
2015-05-25 43.87 43.87 43.87 43.87
2015-05-27 53.09 53.09 53.09 53.09
2015-07-08 18.35 18.35 18.35 18.35
2015-07-09 20.19 20.19 16.52 16.52
2015-08-25 17.66 19.17 17.66 17.66
2015-09-24 17.24 17.67 16.86 16.86
2015-10-15 19.69 19.71 18.66 18.66
2015-11-04 21.58 21.66 20.26 20.26
2015-11-19 22.73 22.75 22.0 22.0
2015-12-17 22.29 22.44 21.5 21.5
2016-01-12 15.58 15.75 15.15 15.15
2016-02-02 14.59 14.6 13.95 13.95
2016-03-07 13.76 13.95 13.55 13.55
2016-03-30 14.77 14.8 14.38 14.38
2016-05-04 14.45 14.55 14.3 14.3
2016-05-19 13.31 13.53 13.28 13.28
2016-06-22 13.74 13.74 13.45 13.45
2016-08-02 10.57 10.58 10.46 10.46
2016-09-19 10.45 10.48 10.32 10.32
2016-10-10 10.48 10.5 10.2 10.2
2016-11-10 10.5 10.52 10.34 10.34
2016-11-22 10.75 10.8 10.58 10.58
2016-12-01 10.97 10.98 10.74 10.74
2017-01-20 10.78 10.79 10.65 10.65
