2001-01-02 5.59 5.59 5.45 5.45
2001-01-03 5.72 5.8 5.6 5.6
2001-01-10 5.81 5.87 5.8 5.8
2001-01-12 6.02 6.05 5.86 5.86
2001-01-18 6.4 6.45 6.2 6.2
2001-03-15 5.58 5.64 5.55 5.55
2001-03-21 5.63 5.64 5.52 5.52
2001-03-29 5.64 5.67 5.6 5.6
2001-03-30 5.7 5.71 5.64 5.64
2001-04-27 5.51 5.54 5.4 5.4
2001-05-15 5.57 5.64 5.45 5.45
2001-06-01 5.4 5.44 5.38 5.38
2001-06-22 5.46 5.49 5.36 5.36
2001-07-19 5.3 5.33 5.27 5.27
2001-08-01 4.82 4.82 4.7 4.7
2001-09-28 4.1 4.11 4.08 4.08
2001-11-01 3.98 4.01 3.93 3.93
2001-11-15 3.94 3.94 3.88 3.88
2001-11-28 4.04 4.06 4.01 4.01
2001-12-28 3.9 3.91 3.84 3.84
2002-03-05 4.15 4.17 4.11 4.11
2002-04-03 3.93 3.97 3.89 3.89
2002-04-23 3.96 3.96 3.9 3.9
2002-05-23 3.99 4.0 3.92 3.92
2002-05-27 4.01 4.05 3.99 3.99
2002-05-30 4.0 4.03 3.97 3.97
2002-06-04 3.97 4.0 3.96 3.96
2002-06-06 4.0 4.05 3.88 3.88
2002-06-13 4.03 4.06 4.03 4.03
2002-06-17 4.04 4.05 4.01 4.01
2002-06-18 4.09 4.1 4.03 4.03
2002-06-20 3.97 4.03 3.97 3.97
2002-06-21 4.06 4.08 3.99 3.99
2002-07-29 4.45 4.46 4.4 4.4
2002-08-19 4.41 4.45 4.37 4.37
2002-09-03 4.51 4.51 4.48 4.48
2002-09-10 4.37 4.4 4.36 4.36
2002-09-13 4.31 4.32 4.28 4.28
2002-09-19 4.3 4.33 4.2 4.2
2002-09-26 4.25 4.26 4.22 4.22
2002-10-10 4.11 4.14 4.08 4.08
2002-10-16 4.17 4.2 4.11 4.11
2002-11-01 4.27 4.28 4.22 4.22
2002-11-07 4.35 4.4 4.29 4.29
2002-12-03 4.16 4.17 4.1 4.1
2002-12-16 4.13 4.13 4.09 4.09
2003-01-08 4.2 4.25 4.04 4.04
2003-01-23 4.53 4.57 4.5 4.5
2003-01-24 4.64 4.73 4.54 4.54
2003-02-11 4.7 4.72 4.66 4.66
2003-03-12 4.97 4.98 4.87 4.87
2003-03-18 4.96 5.04 4.95 4.95
2003-03-31 5.16 5.18 5.06 5.06
2003-04-07 5.1 5.18 5.08 5.08
2003-06-03 5.34 5.44 5.34 5.34
2003-06-13 5.54 5.6 5.49 5.49
2003-07-02 5.22 5.24 5.13 5.13
2003-07-10 5.5 5.62 5.3 5.3
2003-07-15 5.48 5.53 5.43 5.43
2003-07-29 5.58 5.61 5.5 5.5
2003-08-19 5.43 5.45 5.4 5.4
2003-08-26 5.49 5.5 5.45 5.45
2003-09-30 5.25 5.27 5.2 5.2
2003-10-15 5.46 5.55 5.45 5.45
2003-10-17 5.54 5.57 5.45 5.45
2003-10-20 5.57 5.58 5.51 5.51
2003-11-04 6.41 6.59 6.0 6.0
2003-11-14 6.5 6.54 6.38 6.38
2003-11-28 6.83 6.86 6.74 6.74
2003-12-09 7.0 7.0 6.85 6.85
2003-12-18 7.17 7.19 7.0 7.0
2003-12-19 7.35 7.44 7.18 7.18
2004-01-02 7.25 7.42 7.1 7.1
2004-02-16 7.03 7.06 6.84 6.84
2004-03-10 7.5 7.54 7.32 7.32
2004-03-15 7.65 7.75 7.46 7.46
2004-08-06 6.83 7.0 6.65 6.65
2004-09-14 6.0 6.04 5.78 5.78
2004-12-08 6.0 6.03 5.93 5.93
2005-01-21 6.01 6.05 5.82 5.82
2005-01-24 6.14 6.17 6.06 6.06
2005-04-13 6.11 6.2 6.05 6.05
2005-05-10 5.17 5.21 5.12 5.12
2006-10-11 4.27 4.28 4.23 4.23
2006-10-18 4.29 4.31 4.25 4.25
2006-10-24 4.33 4.34 4.26 4.26
2006-10-30 4.78 4.87 4.6 4.6
2006-11-01 5.17 5.18 4.88 4.88
2006-11-06 5.7 5.7 5.2 5.2
2006-12-14 7.65 7.78 7.5 7.5
2006-12-19 7.9 8.34 7.82 7.82
2006-12-25 7.65 7.66 7.36 7.36
2006-12-29 8.66 8.8 8.2 8.2
2007-01-09 9.53 9.57 8.99 8.99
2007-01-22 9.12 9.21 8.82 8.82
2007-01-24 10.08 10.24 9.8 9.8
2007-01-29 10.35 10.4 9.95 9.95
2007-02-15 9.3 9.45 9.09 9.09
2007-02-26 10.03 10.16 9.41 9.41
2007-04-02 10.32 10.42 10.1 10.1
2007-04-09 10.55 10.6 10.18 10.18
2007-04-10 10.99 11.13 10.72 10.72
2007-04-20 10.72 10.81 10.36 10.36
2007-04-23 11.3 11.38 10.84 10.84
2007-05-10 12.7 13.08 12.01 12.01
2007-05-28 13.12 13.17 12.85 12.85
2007-07-23 12.07 12.07 10.98 10.98
2007-08-02 13.62 13.89 13.23 13.23
2007-08-03 13.97 14.08 13.67 13.67
2007-08-06 14.88 14.95 14.11 14.11
2007-08-20 16.23 16.23 15.26 15.26
2007-08-24 17.63 17.85 16.65 16.65
2007-08-27 18.2 18.51 17.85 17.85
2007-08-31 18.49 18.5 17.6 17.6
2007-09-06 19.57 20.0 19.38 19.38
2007-09-27 17.87 17.92 17.32 17.32
2007-11-19 15.65 15.88 15.31 15.31
2007-11-20 16.26 16.6 15.33 15.33
2007-12-04 15.53 15.73 14.91 14.91
2007-12-25 17.38 17.68 16.91 16.91
2008-01-10 19.37 19.8 18.89 18.89
2008-01-29 15.11 15.45 14.8 14.8
2008-02-04 17.24 17.24 16.11 16.11
2008-06-06 11.81 12.12 11.56 11.56
2008-07-07 9.09 9.23 8.43 8.43
2008-08-19 6.77 6.78 6.6 6.6
2008-09-04 6.54 6.64 6.48 6.48
2008-11-10 5.04 5.04 4.72 4.72
2009-01-05 4.99 5.0 4.75 4.75
2009-01-22 5.37 5.4 5.32 5.32
2009-02-06 5.83 5.88 5.66 5.66
2009-02-16 6.42 6.42 5.91 5.91
2009-04-13 5.97 6.02 5.76 5.76
2009-07-03 7.3 7.45 7.21 7.21
2009-07-14 8.24 8.25 7.98 7.98
2009-07-30 9.45 9.6 9.04 9.04
2009-08-03 10.1 10.12 9.69 9.69
2009-09-03 7.12 7.19 6.66 6.66
2009-09-17 7.39 7.44 7.32 7.32
2009-11-16 7.96 7.97 7.64 7.64
2009-11-25 8.93 8.96 8.1 8.1
2009-12-28 9.19 9.32 8.95 8.95
2009-12-30 9.66 9.7 9.28 9.28
2010-03-01 8.2 8.21 8.06 8.06
2010-03-08 8.41 8.45 8.18 8.18
2010-04-13 7.71 7.76 7.62 7.62
2010-05-18 6.46 6.52 6.23 6.23
2010-07-06 5.93 5.95 5.8 5.8
2010-07-19 6.11 6.14 5.91 5.91
2010-07-20 6.19 6.24 6.12 6.12
2010-07-21 6.26 6.32 6.22 6.22
2010-07-29 6.55 6.7 6.4 6.4
2010-08-13 6.42 6.45 6.3 6.3
2010-08-30 6.47 6.56 6.43 6.43
2010-10-08 6.79 6.83 6.66 6.66
2010-11-24 6.36 6.39 6.25 6.25
2010-12-13 6.68 6.71 6.43 6.43
2010-12-16 6.61 6.66 6.56 6.56
2011-02-14 7.23 7.33 6.99 6.99
2011-02-16 7.38 7.43 7.18 7.18
2011-03-04 7.07 7.15 6.94 6.94
2011-06-30 6.03 6.04 5.94 5.94
2011-07-13 5.99 5.99 5.93 5.93
2011-08-23 5.24 5.25 5.16 5.16
2011-08-25 5.43 5.44 5.25 5.25
2011-09-06 5.12 5.16 5.1 5.1
2011-09-07 5.23 5.23 5.15 5.15
2011-09-27 5.12 5.16 5.0 5.0
2011-10-19 5.13 5.16 5.11 5.11
2012-02-10 5.11 5.17 5.07 5.07
2012-02-27 5.19 5.22 5.17 5.17
2012-04-13 4.83 4.85 4.81 4.81
2012-05-07 5.09 5.1 5.05 5.05
2012-05-21 4.8 4.82 4.78 4.78
2012-06-05 4.8 4.82 4.75 4.75
2012-07-17 4.14 4.15 4.11 4.11
2012-07-24 4.11 4.14 4.08 4.08
2012-07-25 4.11 4.14 4.1 4.1
2012-07-26 4.16 4.18 4.1 4.1
2012-09-05 4.38 4.42 4.32 4.32
2012-09-07 4.5 4.61 4.47 4.47
2012-11-30 4.67 4.68 4.65 4.65
2013-02-08 5.18 5.21 5.15 5.15
2013-02-27 4.99 5.01 4.86 4.86
2013-03-14 4.88 4.91 4.87 4.87
2013-04-19 4.81 4.82 4.76 4.76
2013-05-10 4.96 4.97 4.94 4.94
2013-07-22 4.04 4.09 3.96 3.96
2013-07-30 4.02 4.07 3.97 3.97
2013-08-30 4.3 4.3 4.14 4.14
2013-09-03 4.25 4.28 4.18 4.18
2013-11-26 4.19 4.24 4.14 4.14
2013-12-24 4.08 4.11 4.02 4.02
2014-03-24 3.78 3.82 3.66 3.66
2014-04-02 3.97 4.02 3.9 3.9
2014-06-12 3.93 3.93 3.9 3.9
2014-07-16 4.17 4.18 4.08 4.08
2014-08-15 4.49 4.5 4.43 4.43
2014-09-29 4.3 4.32 4.29 4.29
2014-10-28 4.22 4.22 4.13 4.13
2014-11-10 4.7 4.71 4.5 4.5
2014-12-01 5.35 5.45 5.07 5.07
2015-03-16 6.6 6.68 6.45 6.45
2015-04-23 8.79 8.98 8.38 8.38
2015-05-04 9.87 9.87 8.99 8.99
2015-07-31 6.79 6.83 6.51 6.51
2015-08-10 7.72 7.72 7.37 7.37
2015-09-16 6.01 6.14 5.52 5.52
2015-11-17 5.88 5.92 5.83 5.83
2015-11-25 5.81 5.83 5.77 5.77
2015-12-22 5.77 5.92 5.64 5.64
2015-12-29 5.63 5.66 5.5 5.5
2016-02-02 4.95 5.04 4.88 4.88
2016-02-22 5.37 5.54 5.11 5.11
2016-04-11 5.86 6.02 5.67 5.67
2016-10-10 5.39 5.39 5.39 5.39
2016-10-25 5.69 5.79 5.67 5.67
2017-01-06 6.61 6.64 6.48 6.48
2017-03-06 6.88 6.9 6.81 6.81
2017-05-02 6.28 6.35 6.23 6.23
2017-05-22 6.15 6.18 6.02 6.02
2017-05-25 6.41 6.44 6.21 6.21
2017-06-13 6.58 6.6 6.46 6.46
2017-07-18 7.31 7.32 7.09 7.09
2017-08-04 8.1 8.45 7.8 7.8
2017-08-24 8.04 8.13 7.94 7.94
2017-08-30 8.3 8.42 7.94 7.94
