1993-12-03 14.2 14.4 14.0 14.0
1993-12-08 16.35 16.4 15.31 15.31
1994-01-27 11.96 12.09 11.8 11.8
1994-02-03 11.44 11.69 11.3 11.3
1994-02-16 11.4 11.54 11.35 11.35
1994-03-24 10.28 10.59 10.2 10.2
1994-04-12 10.27 10.4 10.18 10.18
1994-05-16 6.16 6.34 6.15 6.15
1994-07-12 4.03 4.05 4.01 4.01
1994-07-13 4.1 4.1 4.03 4.03
1994-10-19 4.34 4.38 4.2 4.2
1994-11-18 4.56 4.58 4.48 4.48
1994-11-28 4.52 4.52 4.45 4.45
1994-11-29 4.5 4.5 4.4 4.4
1994-12-02 4.5 4.52 4.48 4.48
1994-12-15 4.44 4.48 4.18 4.18
1994-12-20 4.29 4.4 4.25 4.25
1994-12-23 4.18 4.25 4.15 4.15
1994-12-26 4.2 4.26 4.14 4.14
1994-12-30 4.17 4.2 4.15 4.15
1995-01-25 3.63 3.63 3.55 3.55
1995-01-26 3.65 3.66 3.6 3.6
1995-02-09 3.7 3.74 3.62 3.62
1995-02-13 3.69 3.74 3.6 3.6
1995-02-17 3.63 3.66 3.6 3.6
1995-05-22 6.21 6.6 6.0 6.0
1995-06-02 4.55 4.68 4.46 4.46
1995-06-09 4.48 4.5 4.3 4.3
1995-06-12 4.4 4.48 4.33 4.33
1995-07-07 4.2 4.2 3.9 3.9
1995-07-14 4.25 4.4 4.2 4.2
1995-07-17 4.38 4.47 4.2 4.2
1995-07-24 4.28 4.35 4.2 4.2
1995-10-11 4.58 4.6 4.38 4.38
1995-11-02 4.82 4.86 4.76 4.76
1995-12-04 4.29 4.3 4.27 4.27
1996-01-31 3.93 3.96 3.8 3.8
1996-02-07 3.78 3.78 3.7 3.7
1996-02-08 3.74 3.77 3.74 3.74
1996-02-09 3.75 3.8 3.7 3.7
1996-03-21 4.04 4.09 4.04 4.04
1996-04-04 3.94 3.95 3.9 3.9
1996-04-10 4.02 4.05 4.0 4.0
1996-04-12 4.02 4.09 4.02 4.02
1996-04-15 4.04 4.1 4.02 4.02
1996-04-16 4.17 4.21 4.06 4.06
1996-04-24 5.05 5.1 4.85 4.85
1996-04-26 5.28 5.5 4.95 4.95
1996-05-06 5.11 5.25 4.9 4.9
1996-05-31 4.53 4.8 4.46 4.46
1996-06-10 5.0 5.28 4.8 4.8
1996-09-04 5.15 5.19 5.05 5.05
1996-10-10 5.93 5.99 5.5 5.5
1996-10-28 6.8 6.82 6.42 6.42
1996-12-04 8.9 9.0 8.4 8.4
1996-12-17 6.16 6.3 6.16 6.16
1996-12-18 6.7 6.75 5.72 5.72
1997-06-20 6.22 6.27 6.0 6.0
1997-11-10 6.05 6.18 6.02 6.02
1997-11-13 6.03 6.05 5.92 5.92
1998-07-24 7.37 7.49 7.3 7.3
1998-09-08 6.92 7.01 6.89 6.89
1999-01-14 7.58 7.6 7.4 7.4
1999-06-28 11.7 11.7 10.8 10.8
1999-07-27 11.52 11.58 11.1 11.1
2000-02-15 13.27 13.27 13.27 13.27
2000-02-16 14.6 14.6 11.94 11.94
2000-02-24 11.78 11.78 11.26 11.26
2000-05-17 9.39 9.55 9.3 9.3
2000-06-06 10.78 10.98 10.56 10.56
2000-11-15 10.25 10.47 10.1 10.1
2000-11-21 10.49 10.5 10.18 10.18
2001-02-19 10.39 10.45 10.28 10.28
2001-03-14 10.93 10.93 10.7 10.7
2001-06-11 10.96 10.99 10.86 10.86
2001-09-05 9.19 9.3 9.18 9.18
2001-10-17 8.17 8.29 8.1 8.1
2001-10-23 8.25 8.25 8.01 8.01
2001-12-28 8.41 8.45 8.34 8.34
2002-02-07 7.21 7.25 7.08 7.08
2002-02-27 7.42 7.5 7.3 7.3
2002-03-05 7.38 7.41 7.2 7.2
2002-03-07 7.72 7.72 7.48 7.48
2002-03-14 7.94 7.98 7.67 7.67
2002-05-09 8.18 8.23 8.12 8.12
2002-06-14 7.5 7.62 7.45 7.45
2002-06-18 7.5 7.56 7.33 7.33
2002-06-26 8.3 8.36 8.18 8.18
2002-07-23 8.29 8.35 8.28 8.28
2002-08-20 8.24 8.25 8.16 8.16
2002-10-22 7.32 7.39 7.25 7.25
2002-11-05 7.34 7.4 7.17 7.17
2003-02-26 6.64 6.67 6.6 6.6
2003-06-13 6.89 6.9 6.7 6.7
2003-07-16 6.32 6.35 6.31 6.31
2003-07-21 6.26 6.27 6.11 6.11
2003-07-22 6.35 6.38 6.28 6.28
2003-07-28 6.42 6.45 6.33 6.33
2003-08-04 6.48 6.5 6.43 6.43
2003-08-12 6.86 6.98 6.75 6.75
2003-12-03 8.54 8.7 8.2 8.2
2003-12-05 8.56 8.61 8.33 8.33
2004-06-15 9.06 9.18 8.9 8.9
2004-06-22 9.01 9.13 9.0 9.0
2004-09-20 8.18 8.28 7.86 7.86
2004-10-18 7.52 7.55 6.9 6.9
2004-11-10 7.43 7.45 7.25 7.25
2004-11-15 7.46 7.56 7.4 7.4
2004-11-18 7.32 7.4 7.29 7.29
2004-11-19 7.46 7.65 7.32 7.32
2004-11-22 7.67 7.7 7.53 7.53
2004-11-30 7.49 7.5 7.4 7.4
2004-12-08 7.38 7.54 7.32 7.32
2004-12-15 7.18 7.27 7.12 7.12
2004-12-16 7.23 7.23 7.15 7.15
2004-12-17 7.19 7.2 7.14 7.14
2005-01-07 7.0 7.02 6.98 6.98
2005-01-10 7.08 7.13 6.98 6.98
2005-01-13 7.17 7.17 7.02 7.02
2005-01-14 7.26 7.29 7.11 7.11
2005-03-14 7.1 7.12 6.9 6.9
2005-04-12 6.88 6.93 6.85 6.85
2005-04-13 6.88 6.93 6.85 6.85
2005-05-17 5.99 5.99 5.91 5.91
2005-05-25 5.85 5.87 5.73 5.73
2005-06-07 6.23 6.66 6.15 6.15
2005-06-14 6.3 6.33 6.18 6.18
2005-06-17 6.06 6.14 6.01 6.01
2005-06-20 6.13 6.15 5.92 5.92
2005-06-27 6.12 6.23 6.03 6.03
2005-06-28 6.44 6.72 6.15 6.15
2005-07-14 6.37 6.46 6.1 6.1
2005-09-16 6.92 7.04 6.88 6.88
2005-09-26 6.59 6.7 6.55 6.55
2005-09-29 6.67 6.69 6.61 6.61
2005-10-12 7.25 7.25 7.25 7.25
2005-12-16 7.0 7.09 6.95 6.95
2005-12-23 7.24 7.35 7.17 7.17
2005-12-28 7.18 7.33 7.14 7.14
2005-12-29 7.22 7.26 7.18 7.18
2005-12-30 7.29 7.48 7.2 7.2
2006-01-18 7.19 7.25 7.13 7.13
2006-01-19 7.45 7.59 7.19 7.19
2006-02-20 7.28 7.37 7.23 7.23
2006-02-21 7.42 7.42 7.28 7.28
2006-03-29 7.05 7.08 6.95 6.95
2006-03-31 7.02 7.14 6.9 6.9
2006-04-06 7.57 7.68 7.36 7.36
2006-06-02 9.74 10.08 9.18 9.18
2006-06-05 10.12 10.25 9.75 9.75
2006-07-18 9.56 9.75 9.41 9.41
2006-07-25 9.47 9.5 9.33 9.33
2006-08-15 8.74 8.75 8.61 8.61
2006-08-18 8.67 8.75 8.61 8.61
2006-08-21 8.64 8.68 8.25 8.25
2006-08-29 9.06 9.2 8.98 8.98
2006-12-11 10.24 10.49 10.05 10.05
2007-01-17 13.79 13.82 13.3 13.3
2007-01-22 14.97 14.97 14.3 14.3
2007-01-30 15.91 16.07 15.5 15.5
2007-02-07 13.37 13.75 13.22 13.22
2007-02-13 15.17 15.17 14.5 14.5
2007-02-15 15.45 15.61 15.3 15.3
2007-02-16 16.11 16.22 15.54 15.54
2007-02-28 15.86 15.99 15.22 15.22
2007-03-02 15.19 15.33 14.75 14.75
2007-03-07 16.24 16.24 15.42 15.42
2007-03-20 18.61 18.61 18.0 18.0
2007-03-22 20.52 20.52 20.52 20.52
2007-04-04 18.22 18.22 18.22 18.22
2007-04-05 18.81 19.13 17.31 17.31
2007-05-23 25.08 25.08 23.93 23.93
2007-05-25 26.73 26.73 25.5 25.5
2007-05-30 24.6 25.3 24.6 24.6
2007-06-05 20.35 20.88 20.33 20.33
2007-06-07 22.31 22.31 21.38 21.38
2007-06-08 22.8 23.41 22.5 22.5
2007-06-13 24.15 24.15 23.03 23.03
2007-06-18 26.31 26.31 25.38 25.38
2007-07-06 26.4 26.77 25.81 25.81
2007-07-11 29.18 29.91 28.12 28.12
2007-07-18 26.98 27.49 26.4 26.4
2007-07-23 27.92 28.39 26.98 26.98
2007-10-17 24.55 24.7 23.48 23.48
2007-11-19 19.89 19.97 19.58 19.58
2008-05-27 11.97 12.39 11.53 11.53
2008-12-03 5.05 5.08 4.91 4.91
2009-03-24 8.9 8.9 8.9 8.9
2009-06-10 9.1 9.5 8.88 8.88
2009-08-04 10.22 10.22 9.35 9.35
2009-08-27 8.31 8.54 8.2 8.2
2009-10-23 9.51 9.6 9.28 9.28
2009-11-06 9.46 9.62 9.42 9.42
2009-12-10 11.15 11.34 10.7 10.7
2010-03-08 11.24 11.33 11.19 11.19
2010-09-29 10.71 10.88 10.52 10.52
2010-11-08 10.83 10.9 10.46 10.46
2010-11-15 10.34 10.36 9.91 9.91
2011-09-14 10.08 10.1 9.69 9.69
2011-10-17 8.68 8.7 8.53 8.53
2011-10-25 8.55 8.78 7.96 7.96
2011-12-30 6.99 7.0 6.7 6.7
2012-01-10 7.2 7.25 7.03 7.03
2012-02-02 7.09 7.11 6.96 6.96
2012-02-28 8.29 8.33 8.05 8.05
2012-03-05 8.32 8.4 8.23 8.23
2012-06-18 8.74 8.87 8.6 8.6
2012-06-20 8.78 8.91 8.68 8.68
2012-09-06 7.78 7.78 7.64 7.64
2012-10-15 8.17 8.25 8.06 8.06
2012-10-18 8.22 8.23 8.12 8.12
2013-01-18 8.69 8.82 8.58 8.58
2013-01-28 8.74 8.8 8.66 8.66
2013-05-21 8.65 8.7 8.57 8.57
2013-06-03 8.58 8.67 8.55 8.55
2013-06-07 8.54 8.55 8.39 8.39
2013-06-18 8.68 8.8 8.59 8.59
2013-07-10 8.49 8.5 8.33 8.33
2013-07-17 8.85 9.03 8.62 8.62
2013-08-29 8.93 8.94 8.8 8.8
2013-10-10 11.94 11.97 11.05 11.05
2013-11-15 11.72 11.8 11.19 11.19
2013-12-04 11.68 11.76 11.58 11.58
2013-12-12 12.13 12.35 11.75 11.75
2013-12-19 12.03 12.29 11.82 11.82
2014-02-17 11.68 11.85 11.64 11.64
2014-07-10 11.95 12.15 11.87 11.87
2014-08-05 12.18 12.45 12.05 12.05
2014-08-27 12.34 12.35 11.92 11.92
2015-01-27 16.31 16.34 16.04 16.04
2015-03-24 30.67 31.65 30.0 30.0
2015-04-16 43.97 45.5 42.0 42.0
2015-04-22 46.67 46.67 42.48 42.48
2015-04-27 56.2 56.2 51.09 51.09
2015-04-29 54.68 54.99 52.5 52.5
2015-06-30 37.53 37.54 30.72 30.72
2016-01-28 30.4 30.4 30.4 30.4
2016-01-29 27.36 27.36 27.36 27.36
2016-02-15 27.02 27.35 26.04 26.04
2016-04-13 27.84 28.35 27.79 27.79
2016-06-29 28.47 28.98 27.67 27.67
2016-09-28 27.13 27.44 27.0 27.0
2016-09-30 27.88 27.9 26.91 26.91
2017-01-05 36.41 36.78 36.05 36.05
2017-03-22 36.51 36.57 35.81 35.81
2017-06-22 37.06 37.36 37.03 37.03
2017-08-07 37.37 37.54 37.09 37.09
