2003-09-18 6.53 6.58 6.41 6.41
2003-09-22 6.64 6.72 6.55 6.55
2004-03-11 6.96 7.05 6.84 6.84
2004-07-21 5.67 5.7 5.62 5.62
2005-02-02 5.07 5.1 4.82 4.82
2005-04-07 4.81 4.87 4.72 4.72
2005-04-08 4.89 4.9 4.7 4.7
2005-05-12 4.01 4.15 4.0 4.0
2005-08-16 3.62 3.69 3.55 3.55
2005-10-11 3.8 3.82 3.63 3.63
2006-01-10 3.36 3.37 3.3 3.3
2006-01-12 3.37 3.39 3.28 3.28
2006-02-06 3.24 3.26 3.18 3.18
2006-02-14 3.43 3.46 3.38 3.38
2006-02-22 3.47 3.48 3.38 3.38
2006-03-21 3.32 3.34 3.28 3.28
2006-03-28 3.29 3.33 3.22 3.22
2006-04-27 2.96 3.02 2.87 2.87
2006-04-28 3.0 3.0 2.92 2.92
2006-05-12 3.16 3.19 3.08 3.08
2006-05-19 3.45 3.52 3.36 3.36
2006-06-05 4.19 4.24 3.95 3.95
2006-06-12 3.55 3.64 3.45 3.45
2006-06-15 3.62 3.72 3.6 3.6
2006-07-24 3.92 3.92 3.82 3.82
2006-08-10 3.55 3.59 3.46 3.46
2006-08-15 3.5 3.51 3.4 3.4
2006-11-01 3.98 4.06 3.88 3.88
2006-12-25 5.04 5.1 4.91 4.91
2007-02-02 5.82 5.82 5.82 5.82
2007-02-05 6.11 6.11 6.11 6.11
2007-02-12 7.44 7.44 7.44 7.44
2007-02-13 7.81 7.81 7.81 7.81
2007-02-14 8.2 8.2 8.2 8.2
2007-04-17 12.12 12.12 11.45 11.45
2007-05-25 13.37 13.37 13.37 13.37
2007-05-28 14.04 14.04 14.04 14.04
2007-05-29 14.74 14.74 14.74 14.74
2007-05-30 15.48 15.48 15.48 15.48
2007-06-04 15.01 15.01 15.01 15.01
2007-06-05 14.26 14.26 14.26 14.26
2007-06-06 14.06 14.97 13.55 13.55
2007-06-27 5.58 5.85 5.58 5.58
2007-06-29 5.04 5.08 5.04 5.04
2007-07-02 4.79 4.9 4.79 4.79
2007-07-05 4.1 4.1 4.1 4.1
2007-07-06 4.31 4.31 3.9 3.9
2007-07-24 4.76 4.76 4.76 4.76
2007-07-25 5.0 5.0 5.0 5.0
2007-07-26 5.25 5.25 5.25 5.25
2007-07-27 5.51 5.51 5.51 5.51
2007-07-30 5.79 5.79 5.79 5.79
2007-08-06 5.42 5.42 5.42 5.42
2008-01-22 8.9 8.9 8.9 8.9
2008-01-23 8.46 8.46 8.46 8.46
2008-01-24 8.47 8.83 8.2 8.2
2008-04-28 6.36 6.6 6.11 6.11
2008-04-29 6.47 6.54 6.29 6.29
2008-05-06 6.8 6.8 6.39 6.39
2008-05-13 6.52 6.69 6.41 6.41
2008-10-16 1.95 2.09 1.9 1.9
2008-10-22 2.12 2.23 2.07 2.07
2008-11-10 2.05 2.05 1.98 1.98
2008-11-12 2.01 2.04 1.98 1.98
2008-12-05 2.36 2.37 2.25 2.25
2009-03-12 3.0 3.0 2.86 2.86
2009-04-21 4.15 4.2 3.95 3.95
2009-05-26 4.16 4.22 4.07 4.07
2009-05-27 4.19 4.21 4.12 4.12
2009-08-18 4.99 5.24 4.76 4.76
2010-07-20 3.76 3.77 3.65 3.65
2010-09-02 4.46 4.46 4.27 4.27
2010-11-29 6.23 6.37 6.23 6.23
2010-11-30 5.92 5.92 5.92 5.92
2010-12-01 5.62 5.62 5.62 5.62
2010-12-02 5.34 5.62 5.34 5.34
2011-04-08 5.92 5.95 5.83 5.83
2011-04-29 5.83 5.85 5.62 5.62
2011-06-10 6.0 6.09 5.81 5.81
2011-12-28 3.87 3.87 3.87 3.87
2011-12-29 3.94 4.0 3.68 3.68
2012-01-05 4.14 4.14 4.14 4.14
2012-01-06 4.35 4.35 4.35 4.35
2012-01-10 4.58 4.62 4.35 4.35
2012-11-22 4.54 4.54 4.32 4.32
2012-12-11 4.14 4.22 4.01 4.01
2013-01-21 4.73 4.73 4.5 4.5
2013-02-25 5.88 5.94 5.74 5.74
2013-05-24 5.14 5.15 5.08 5.08
2013-06-17 4.57 4.6 4.51 4.51
2013-07-15 3.95 3.99 3.93 3.93
2013-07-16 4.11 4.17 3.95 3.95
2013-10-21 5.47 5.58 5.31 5.31
2014-09-01 7.09 7.15 6.7 6.7
2014-09-05 7.08 7.27 6.99 6.99
2014-09-12 7.27 7.38 7.19 7.19
2014-11-20 6.48 6.62 6.45 6.45
2014-11-26 7.02 7.15 6.62 6.62
2014-12-02 6.76 6.79 6.67 6.67
2015-01-21 6.53 6.59 6.38 6.38
2015-02-17 7.42 7.45 7.1 7.1
2015-03-02 7.42 7.45 7.29 7.29
2016-01-28 10.71 10.71 10.71 10.71
2016-01-29 9.64 9.64 9.64 9.64
2016-02-01 8.68 8.68 8.68 8.68
2016-02-02 7.81 8.55 7.81 7.81
2016-08-05 7.37 7.52 7.18 7.18
2017-03-17 8.09 8.18 8.0 8.0
2017-07-20 6.6 6.6 6.6 6.6
2017-07-21 6.16 6.32 6.05 6.05
