2003-09-16 6.7 6.73 6.56 6.56
2003-09-18 6.53 6.58 6.41 6.41
2003-09-22 6.64 6.72 6.55 6.55
2003-10-22 6.82 6.92 6.65 6.65
2003-11-03 6.31 6.35 6.15 6.15
2003-12-01 6.19 6.23 6.05 6.05
2004-02-09 6.81 6.84 6.69 6.69
2004-02-20 7.46 7.53 7.26 7.26
2004-03-10 6.9 6.91 6.72 6.72
2004-03-11 6.96 7.05 6.84 6.84
2004-04-02 7.97 8.3 7.95 7.95
2004-04-20 7.6 7.8 7.45 7.45
2004-06-01 6.75 6.79 6.5 6.5
2004-07-16 5.83 5.87 5.62 5.62
2004-07-21 5.67 5.7 5.62 5.62
2004-08-30 5.13 5.16 4.99 4.99
2004-09-14 5.31 5.35 5.12 5.12
2004-09-23 5.76 5.78 5.56 5.56
2004-11-09 5.21 5.24 5.1 5.1
2004-11-18 5.43 5.45 5.36 5.36
2004-12-14 5.84 5.93 5.79 5.79
2005-01-27 5.13 5.2 5.1 5.1
2005-02-02 5.07 5.1 4.82 4.82
2005-03-21 4.92 4.94 4.83 4.83
2005-04-01 4.88 4.9 4.65 4.65
2005-04-07 4.81 4.87 4.72 4.72
2005-04-08 4.89 4.9 4.7 4.7
2005-05-11 3.96 4.02 3.75 3.75
2005-05-12 4.01 4.15 4.0 4.0
2005-06-08 4.21 4.26 3.96 3.96
2005-06-22 4.21 4.21 4.09 4.09
2005-07-22 3.13 3.19 3.01 3.01
2005-08-15 3.54 3.56 3.38 3.38
2005-08-16 3.62 3.69 3.55 3.55
2005-09-29 3.92 3.97 3.79 3.79
2005-10-11 3.8 3.82 3.63 3.63
2005-10-21 3.52 3.57 3.43 3.43
2005-11-02 3.34 3.38 3.23 3.23
2005-11-18 3.5 3.55 3.43 3.43
2005-12-09 3.09 3.12 3.02 3.02
2005-12-20 3.28 3.32 3.27 3.27
2006-01-04 3.22 3.25 3.2 3.2
2006-01-10 3.36 3.37 3.3 3.3
2006-01-12 3.37 3.39 3.28 3.28
2006-01-24 3.23 3.28 3.2 3.2
2006-02-06 3.24 3.26 3.18 3.18
2006-02-14 3.43 3.46 3.38 3.38
2006-02-22 3.47 3.48 3.38 3.38
2006-03-13 3.28 3.29 3.22 3.22
2006-03-21 3.32 3.34 3.28 3.28
2006-03-28 3.29 3.33 3.22 3.22
2006-04-07 3.25 3.25 3.2 3.2
2006-04-21 3.25 3.3 3.18 3.18
2006-04-27 2.96 3.02 2.87 2.87
2006-04-28 3.0 3.0 2.92 2.92
2006-05-12 3.16 3.19 3.08 3.08
2006-05-19 3.45 3.52 3.36 3.36
2006-06-01 3.96 4.01 3.68 3.68
2006-06-05 4.19 4.24 3.95 3.95
2006-06-12 3.55 3.64 3.45 3.45
2006-06-15 3.62 3.72 3.6 3.6
2006-07-18 3.9 3.96 3.8 3.8
2006-07-24 3.92 3.92 3.82 3.82
2006-08-08 3.5 3.52 3.43 3.43
2006-08-10 3.55 3.59 3.46 3.46
2006-08-15 3.5 3.51 3.4 3.4
2006-09-15 3.68 3.74 3.64 3.64
2006-09-26 3.95 3.97 3.81 3.81
2006-10-31 3.88 3.91 3.76 3.76
2006-11-01 3.98 4.06 3.88 3.88
2006-11-24 3.85 3.89 3.78 3.78
2006-12-11 4.4 4.44 4.2 4.2
2006-12-22 5.04 5.06 4.72 4.72
2006-12-25 5.04 5.1 4.91 4.91
2007-02-01 5.54 5.54 5.54 5.54
2007-02-02 5.82 5.82 5.82 5.82
2007-02-05 6.11 6.11 6.11 6.11
2007-02-12 7.44 7.44 7.44 7.44
2007-02-13 7.81 7.81 7.81 7.81
2007-02-14 8.2 8.2 8.2 8.2
2007-04-16 11.02 11.02 10.17 10.17
2007-04-17 12.12 12.12 11.45 11.45
2007-05-24 12.73 12.73 12.73 12.73
2007-05-25 13.37 13.37 13.37 13.37
2007-05-28 14.04 14.04 14.04 14.04
2007-05-29 14.74 14.74 14.74 14.74
2007-05-30 15.48 15.48 15.48 15.48
2007-06-04 15.01 15.01 15.01 15.01
2007-06-05 14.26 14.26 14.26 14.26
2007-06-06 14.06 14.97 13.55 13.55
2007-06-26 5.87 5.87 5.87 5.87
2007-06-27 5.58 5.85 5.58 5.58
2007-06-29 5.04 5.08 5.04 5.04
2007-07-02 4.79 4.9 4.79 4.79
2007-07-05 4.1 4.1 4.1 4.1
2007-07-06 4.31 4.31 3.9 3.9
2007-07-23 4.53 4.53 4.53 4.53
2007-07-24 4.76 4.76 4.76 4.76
2007-07-25 5.0 5.0 5.0 5.0
2007-07-26 5.25 5.25 5.25 5.25
2007-07-27 5.51 5.51 5.51 5.51
2007-07-30 5.79 5.79 5.79 5.79
2007-08-06 5.42 5.42 5.42 5.42
2007-08-23 6.56 6.56 6.27 6.27
2007-09-07 8.6 8.6 8.6 8.6
2007-10-26 6.12 6.48 6.12 6.12
2007-12-10 7.19 7.19 6.77 6.77
2008-01-14 9.31 9.51 8.87 8.87
2008-01-22 8.9 8.9 8.9 8.9
2008-01-23 8.46 8.46 8.46 8.46
2008-01-24 8.47 8.83 8.2 8.2
2008-03-04 8.45 8.45 8.45 8.45
2008-03-18 7.15 7.38 7.15 7.15
2008-04-21 6.15 6.15 6.15 6.15
2008-04-28 6.36 6.6 6.11 6.11
2008-04-29 6.47 6.54 6.29 6.29
2008-05-06 6.8 6.8 6.39 6.39
2008-05-13 6.52 6.69 6.41 6.41
2008-06-11 5.45 5.5 5.45 5.45
2008-06-25 4.24 4.24 4.04 4.04
2008-07-22 4.02 4.07 3.93 3.93
2008-08-14 3.27 3.33 3.2 3.2
2008-09-17 2.24 2.34 2.21 2.21
2008-10-13 2.0 2.02 1.96 1.96
2008-10-16 1.95 2.09 1.9 1.9
2008-10-22 2.12 2.23 2.07 2.07
2008-11-05 1.93 1.95 1.85 1.85
2008-11-10 2.05 2.05 1.98 1.98
2008-11-12 2.01 2.04 1.98 1.98
2008-12-03 2.25 2.26 2.16 2.16
2008-12-05 2.36 2.37 2.25 2.25
2009-02-12 3.43 3.43 3.29 3.29
2009-03-04 2.92 2.93 2.78 2.78
2009-03-12 3.0 3.0 2.86 2.86
2009-04-20 4.01 4.05 3.9 3.9
2009-04-21 4.15 4.2 3.95 3.95
2009-05-04 4.14 4.2 4.02 4.02
2009-05-25 4.11 4.14 4.0 4.0
2009-05-26 4.16 4.22 4.07 4.07
2009-05-27 4.19 4.21 4.12 4.12
2009-06-12 4.46 4.46 4.22 4.22
2009-08-10 6.22 6.34 6.07 6.07
2009-08-18 4.99 5.24 4.76 4.76
2009-09-01 5.53 5.77 5.35 5.35
2009-09-17 5.78 5.78 5.47 5.47
2009-11-30 5.6 5.63 5.4 5.4
2010-01-06 5.54 5.7 5.53 5.53
2010-01-29 5.03 5.13 5.0 5.0
2010-02-09 5.22 5.29 5.18 5.18
2010-03-02 5.53 5.62 5.47 5.47
2010-04-07 6.15 6.17 5.95 5.95
2010-07-19 3.67 3.69 3.56 3.56
2010-07-20 3.76 3.77 3.65 3.65
2010-08-02 4.16 4.17 4.06 4.06
2010-08-26 4.32 4.38 4.26 4.26
2010-09-02 4.46 4.46 4.27 4.27
2010-10-08 4.67 4.74 4.55 4.55
2010-11-24 6.13 6.13 5.75 5.75
2010-11-29 6.23 6.37 6.23 6.23
2010-11-30 5.92 5.92 5.92 5.92
2010-12-01 5.62 5.62 5.62 5.62
2010-12-02 5.34 5.62 5.34 5.34
2010-12-16 5.24 5.24 5.24 5.24
2011-02-23 5.57 5.64 5.46 5.46
2011-04-01 5.67 5.7 5.6 5.6
2011-04-08 5.92 5.95 5.83 5.83
2011-04-22 6.3 6.57 6.23 6.23
2011-04-29 5.83 5.85 5.62 5.62
2011-06-03 6.1 6.16 6.04 6.04
2011-06-10 6.0 6.09 5.81 5.81
2011-07-08 6.25 6.29 6.16 6.16
2011-07-26 6.16 6.18 6.06 6.06
2011-08-04 6.05 6.12 5.99 5.99
2011-08-16 5.9 5.98 5.83 5.83
2011-09-15 5.9 5.93 5.85 5.85
2011-11-17 5.74 5.84 5.71 5.71
2011-11-29 5.63 5.7 5.48 5.48
2011-12-27 4.07 4.07 4.07 4.07
2011-12-28 3.87 3.87 3.87 3.87
2011-12-29 3.94 4.0 3.68 3.68
2012-01-05 4.14 4.14 4.14 4.14
2012-01-06 4.35 4.35 4.35 4.35
2012-01-10 4.58 4.62 4.35 4.35
2012-11-19 3.91 3.91 3.91 3.91
2012-11-22 4.54 4.54 4.32 4.32
2012-12-03 4.13 4.25 4.08 4.08
2012-12-11 4.14 4.22 4.01 4.01
2012-12-28 4.41 4.48 4.32 4.32
2013-01-15 4.41 4.46 4.36 4.36
2013-01-21 4.73 4.73 4.5 4.5
2013-02-06 5.97 6.07 5.8 5.8
2013-02-22 5.76 5.79 5.69 5.69
2013-02-25 5.88 5.94 5.74 5.74
2013-03-20 6.42 6.42 6.12 6.12
2013-05-16 5.46 5.73 5.32 5.32
2013-05-24 5.14 5.15 5.08 5.08
2013-06-14 4.53 4.56 4.45 4.45
2013-06-17 4.57 4.6 4.51 4.51
2013-07-10 3.78 3.8 3.63 3.63
2013-07-15 3.95 3.99 3.93 3.93
2013-07-16 4.11 4.17 3.95 3.95
2013-08-15 4.64 4.75 4.44 4.44
2013-08-30 4.57 4.62 4.42 4.42
2013-09-11 5.31 5.33 5.07 5.07
2013-10-11 5.55 5.63 5.52 5.52
2013-10-21 5.47 5.58 5.31 5.31
2013-12-12 4.92 4.94 4.83 4.83
2013-12-31 5.02 5.05 4.98 4.98
2014-02-17 4.64 4.74 4.6 4.6
2014-03-11 4.65 4.66 4.46 4.46
2014-04-21 5.05 5.11 5.0 5.0
2014-05-08 5.9 6.09 5.78 5.78
2014-06-18 5.2 5.21 5.1 5.1
2014-07-30 6.13 6.3 6.1 6.1
2014-08-15 6.45 6.52 6.31 6.31
2014-08-29 6.81 6.93 6.64 6.64
2014-09-01 7.09 7.15 6.7 6.7
2014-09-05 7.08 7.27 6.99 6.99
2014-09-12 7.27 7.38 7.19 7.19
2014-10-28 6.75 6.8 6.53 6.53
2014-11-18 6.63 6.65 6.6 6.6
2014-11-20 6.48 6.62 6.45 6.45
2014-11-26 7.02 7.15 6.62 6.62
2014-12-02 6.76 6.79 6.67 6.67
2014-12-24 5.83 5.91 5.66 5.66
2015-01-14 5.97 6.06 5.96 5.96
2015-01-21 6.53 6.59 6.38 6.38
2015-02-10 7.24 7.26 6.83 6.83
2015-02-17 7.42 7.45 7.1 7.1
2015-03-02 7.42 7.45 7.29 7.29
2015-04-27 10.06 10.25 9.65 9.65
2016-01-27 11.9 11.9 11.9 11.9
2016-01-28 10.71 10.71 10.71 10.71
2016-01-29 9.64 9.64 9.64 9.64
2016-02-01 8.68 8.68 8.68 8.68
2016-02-02 7.81 8.55 7.81 7.81
2016-03-07 6.9 6.96 6.74 6.74
2016-06-17 7.12 7.2 7.06 7.06
2016-08-02 7.05 7.08 6.96 6.96
2016-08-05 7.37 7.52 7.18 7.18
2016-09-29 7.99 8.13 7.95 7.95
2016-10-24 8.51 8.75 8.33 8.33
2016-12-23 8.25 8.8 8.1 8.1
2017-01-09 8.99 9.08 8.73 8.73
2017-01-23 8.12 8.2 8.06 8.06
2017-03-16 8.02 8.07 7.98 7.98
2017-03-17 8.09 8.18 8.0 8.0
2017-07-19 7.33 7.33 7.33 7.33
2017-07-20 6.6 6.6 6.6 6.6
2017-07-21 6.16 6.32 6.05 6.05
