1996-07-18 20.78 20.78 19.48 19.48
1996-07-23 23.47 23.5 21.52 21.52
1996-08-05 24.68 24.73 23.9 23.9
1996-08-26 26.0 26.45 25.8 25.8
1996-08-27 27.2 27.2 26.0 26.0
1996-09-16 18.26 18.29 17.21 17.21
1996-09-17 19.18 19.38 18.3 18.3
1996-09-23 20.63 20.7 19.63 19.63
1996-11-08 16.1 16.34 16.0 16.0
1996-11-14 16.3 16.45 16.22 16.22
1996-11-29 17.7 17.9 17.03 17.03
1996-12-16 15.84 15.84 15.84 15.84
1996-12-17 14.26 15.28 14.26 14.26
1996-12-18 15.69 15.69 13.8 13.8
1997-01-15 15.1 15.38 15.01 15.01
1997-02-20 14.8 15.0 13.78 13.78
1997-02-21 15.34 15.35 14.6 14.6
1997-02-25 15.95 16.15 15.62 15.62
1997-03-04 16.94 17.3 16.85 16.85
1997-03-18 18.58 19.2 17.65 17.65
1997-03-19 18.85 19.2 18.58 18.58
1997-04-10 17.38 17.85 17.1 17.1
1997-04-21 18.65 19.2 18.5 18.5
1997-05-07 22.45 22.45 22.0 22.0
1997-05-22 19.1 20.1 18.88 18.88
1997-05-23 19.9 20.08 19.15 19.15
1997-05-29 20.15 20.5 20.0 20.0
1997-06-13 18.49 18.5 17.26 17.26
1997-06-16 18.61 18.85 18.5 18.5
1997-08-05 17.64 17.9 17.5 17.5
1997-08-08 17.48 17.75 17.3 17.3
1997-08-21 15.45 15.52 15.36 15.36
1997-08-25 16.68 16.81 15.88 15.88
1997-09-04 15.25 15.25 15.0 15.0
1997-09-11 14.88 15.15 14.8 14.8
1997-09-19 14.02 14.2 14.0 14.0
1997-09-24 12.95 12.95 12.21 12.21
1997-10-16 13.16 13.2 12.68 12.68
1997-10-17 14.34 14.4 13.2 13.2
1997-10-23 14.6 14.84 14.35 14.35
1997-10-27 15.25 15.47 14.85 14.85
1997-11-04 14.03 14.1 14.0 14.0
1997-11-05 14.33 14.49 14.03 14.03
1997-11-20 13.42 13.88 13.35 13.35
1997-11-26 13.0 13.0 12.8 12.8
1997-12-25 13.19 13.6 13.0 13.0
1998-01-23 13.64 13.7 13.41 13.41
1998-02-11 13.6 13.78 13.35 13.35
1998-03-04 12.74 12.9 12.68 12.68
1998-03-30 11.4 11.75 11.21 11.21
1998-04-01 11.32 11.59 11.2 11.2
1998-04-13 12.89 13.47 12.38 12.38
1998-05-15 12.14 12.33 12.1 12.1
1998-05-20 11.89 12.0 11.86 11.86
1998-05-22 11.92 12.0 11.8 11.8
1998-06-01 12.74 12.74 12.3 12.3
1998-06-26 11.7 11.78 11.58 11.58
1998-07-14 11.42 11.59 11.08 11.08
1998-07-21 10.95 11.0 10.8 10.8
1998-07-23 10.97 10.97 10.79 10.79
1998-08-06 10.19 10.22 10.15 10.15
1998-08-19 7.35 7.39 7.0 7.0
1998-08-25 8.2 8.36 7.9 7.9
1998-09-03 7.8 7.87 7.6 7.6
1998-09-07 8.13 8.18 7.85 7.85
1998-09-29 8.93 9.07 8.8 8.8
1998-09-30 9.18 9.26 8.93 8.93
1998-10-12 9.42 9.45 9.06 9.06
1998-10-27 8.17 8.19 8.02 8.02
1998-11-11 8.75 8.88 8.68 8.68
1998-11-12 8.75 8.88 8.7 8.7
1998-12-08 8.19 8.29 8.13 8.13
1998-12-21 7.59 7.68 7.58 7.58
1998-12-22 7.89 7.92 7.56 7.56
1998-12-24 7.68 7.82 7.65 7.65
1999-01-08 8.45 8.46 8.2 8.2
1999-01-19 7.86 7.93 7.8 7.8
1999-01-20 8.04 8.04 7.85 7.85
1999-01-21 8.13 8.15 7.98 7.98
1999-01-28 7.98 8.24 7.9 7.9
1999-01-29 8.08 8.08 7.9 7.9
1999-02-01 7.96 8.13 7.95 7.95
1999-03-03 8.37 8.42 8.13 8.13
1999-03-05 8.68 8.85 8.3 8.3
1999-04-16 8.05 8.14 8.0 8.0
1999-04-20 8.13 8.15 8.03 8.03
1999-05-11 7.25 7.35 7.18 7.18
1999-05-19 7.23 7.24 6.9 6.9
1999-05-27 8.0 8.1 7.78 7.78
1999-06-01 7.75 7.77 7.6 7.6
1999-06-02 7.88 8.08 7.76 7.76
1999-06-07 8.13 8.18 7.83 7.83
1999-06-28 9.37 9.37 8.91 8.91
1999-07-16 9.05 9.2 8.78 8.78
1999-10-13 12.37 12.65 12.11 12.11
1999-11-08 15.7 15.85 15.0 15.0
1999-11-26 15.55 15.78 15.35 15.35
1999-12-15 15.3 15.76 14.9 14.9
1999-12-16 15.45 15.6 15.25 15.25
1999-12-29 15.18 15.18 14.28 14.28
2000-01-04 15.68 15.78 14.86 14.86
2000-01-21 18.5 18.7 17.1 17.1
2000-01-28 20.0 20.88 19.0 19.0
2000-02-14 22.0 22.0 21.0 21.0
2000-02-24 20.5 20.5 19.48 19.48
2000-03-13 22.83 22.83 20.3 20.3
2000-03-14 23.88 24.45 20.55 20.55
2000-03-17 23.65 23.65 21.38 21.38
2000-03-20 24.01 24.8 22.65 22.65
2000-03-24 24.7 26.2 23.99 23.99
2000-04-06 25.0 25.29 24.29 24.29
2000-04-13 27.08 27.2 25.81 25.81
2000-05-29 22.78 23.24 22.52 22.52
2000-06-01 22.0 22.25 21.55 21.55
2000-06-21 22.7 22.96 22.0 22.0
2000-07-17 22.88 23.4 22.8 22.8
2000-08-03 24.6 24.95 24.5 24.5
2000-08-09 27.45 27.45 24.98 24.98
2000-08-17 27.08 27.22 25.6 25.6
2000-09-26 24.31 24.65 24.21 24.21
2000-10-12 24.16 24.5 24.1 24.1
2000-11-09 24.83 24.9 23.92 23.92
2000-11-20 24.81 25.38 24.6 24.6
2000-12-14 21.09 21.79 21.0 21.0
2000-12-22 22.51 22.9 22.3 22.3
2000-12-26 22.35 22.5 22.25 22.25
2000-12-27 22.41 22.49 22.35 22.35
2001-03-07 17.04 17.16 16.65 16.65
2001-03-26 19.58 19.58 18.02 18.02
2001-04-02 19.49 19.99 19.24 19.24
2001-04-12 19.77 19.93 19.18 19.18
2001-04-24 20.63 20.65 20.25 20.25
2001-05-08 20.16 20.46 19.82 19.82
2001-05-29 18.68 19.17 18.0 18.0
2001-06-12 18.81 18.99 18.5 18.5
2001-06-15 19.3 19.45 18.71 18.71
2001-06-18 19.39 19.67 19.3 19.3
2001-06-19 20.12 20.25 19.4 19.4
2001-06-28 19.84 19.99 19.65 19.65
2001-07-10 18.94 19.15 18.82 18.82
2001-07-13 18.82 18.98 18.8 18.8
2001-08-03 15.8 15.97 15.5 15.5
2001-08-14 14.88 15.07 14.4 14.4
2001-08-31 14.58 14.8 14.42 14.42
2001-09-04 15.45 15.45 14.63 14.63
2001-10-09 14.5 14.74 14.35 14.35
2001-10-26 12.22 12.4 12.1 12.1
2001-10-29 12.5 12.52 12.23 12.23
2001-11-20 12.1 12.28 11.32 11.32
2001-11-28 12.81 13.05 12.48 12.48
2001-12-18 12.49 12.5 12.12 12.12
2001-12-26 12.25 12.26 11.82 11.82
2002-01-23 10.04 10.04 9.1 9.1
2002-01-25 10.16 10.33 10.02 10.02
2002-02-07 10.7 10.98 10.2 10.2
2002-03-07 11.83 11.83 10.98 10.98
2002-03-19 12.59 12.6 12.1 12.1
2002-04-01 11.84 11.93 11.65 11.65
2002-04-04 11.72 11.78 11.19 11.19
2002-04-09 11.88 11.94 11.47 11.47
2002-04-15 12.5 12.68 12.0 12.0
2002-04-22 12.56 12.86 12.45 12.45
2002-04-25 12.19 12.32 12.05 12.05
2002-04-26 12.64 12.79 12.1 12.1
2002-05-30 11.8 11.95 11.75 11.75
2002-07-09 12.58 12.65 12.43 12.43
2002-07-11 12.38 12.48 12.3 12.3
2002-07-15 12.63 12.98 12.46 12.46
2002-07-23 12.62 12.69 12.55 12.55
2002-08-06 12.41 12.53 12.14 12.14
2002-08-14 12.3 12.4 12.15 12.15
2002-09-02 12.62 12.7 12.42 12.42
2002-09-25 12.81 12.95 12.6 12.6
2002-10-21 11.37 11.38 11.15 11.15
2002-11-28 9.75 9.79 8.88 8.88
2002-12-09 9.39 9.49 9.22 9.22
2002-12-11 9.3 9.39 9.2 9.2
2002-12-20 10.02 10.11 9.78 9.78
2003-01-03 9.08 9.17 8.92 8.92
2003-01-16 11.19 11.35 10.8 10.8
2003-01-24 10.72 10.72 10.32 10.32
2003-02-11 10.58 10.62 10.48 10.48
2003-02-25 10.54 10.57 10.34 10.34
2003-03-03 10.45 10.46 10.23 10.23
2003-03-17 9.62 9.65 9.49 9.49
2003-03-21 9.7 9.75 9.52 9.52
2003-04-01 9.78 9.89 9.55 9.55
2003-04-11 9.57 9.69 9.43 9.43
2003-04-14 10.1 10.15 9.47 9.47
2003-04-18 11.85 12.14 11.5 11.5
2003-05-29 12.17 12.26 11.6 11.6
2003-06-11 11.08 11.08 10.8 10.8
2003-06-24 10.15 10.28 10.06 10.06
2003-06-26 10.6 10.85 10.0 10.0
2003-07-08 10.19 10.38 10.06 10.06
2003-07-23 9.76 9.85 9.37 9.37
2003-08-06 9.78 9.88 9.71 9.71
2003-09-02 9.37 9.68 9.2 9.2
2003-09-10 9.01 9.1 8.95 8.95
2003-10-08 7.68 7.68 7.56 7.56
2003-10-09 7.62 7.82 7.61 7.61
2003-10-23 7.91 8.34 7.8 7.8
2003-10-31 7.2 7.38 7.15 7.15
2003-11-04 7.26 7.41 7.17 7.17
2003-11-19 6.78 6.98 6.41 6.41
2003-12-01 7.52 7.58 7.2 7.2
2004-01-02 6.83 6.98 6.68 6.68
2004-02-16 8.72 8.75 8.4 8.4
2004-03-10 8.4 8.45 8.1 8.1
2004-04-05 9.01 9.19 8.86 8.86
2004-04-22 8.3 8.37 8.19 8.19
2004-05-26 7.27 7.35 7.21 7.21
2004-05-28 7.76 7.94 7.41 7.41
2004-06-21 6.88 6.88 6.7 6.7
2004-07-09 6.56 6.7 6.53 6.53
2004-07-23 6.57 6.65 6.36 6.36
2004-07-29 6.69 6.72 6.45 6.45
2004-08-04 6.82 6.86 6.62 6.62
2004-08-23 5.76 5.89 5.7 5.7
2004-08-24 5.9 5.99 5.76 5.76
2004-09-14 5.9 6.03 5.7 5.7
2004-09-21 6.92 7.24 6.81 6.81
2004-10-27 6.89 7.2 6.7 6.7
2004-10-29 6.36 6.65 6.32 6.32
2004-11-26 6.88 7.0 6.83 6.83
2004-12-22 6.62 6.62 6.25 6.25
2005-01-13 5.86 6.03 5.75 5.75
2005-01-18 5.91 5.94 5.69 5.69
2005-02-17 4.71 4.71 4.71 4.71
2005-02-18 4.54 4.68 4.37 4.37
2005-02-28 4.99 5.1 4.94 4.94
2005-03-03 4.92 4.92 4.8 4.8
2005-03-15 4.16 4.47 4.03 4.03
2005-03-23 3.94 3.94 3.55 3.55
2005-04-13 3.84 3.9 3.71 3.71
2005-04-22 2.78 2.78 2.78 2.78
2005-04-25 2.5 2.5 2.5 2.5
2005-04-26 2.4 2.48 2.25 2.25
2005-04-28 2.3 2.4 2.11 2.11
2005-05-24 2.4 2.4 2.15 2.15
2005-05-25 2.64 2.64 2.5 2.5
2005-06-08 3.05 3.1 2.79 2.79
2005-06-27 2.69 2.72 2.59 2.59
2005-07-27 2.62 2.68 2.53 2.53
2005-10-18 3.27 3.27 3.02 3.02
2005-11-02 2.69 2.73 2.59 2.59
2005-11-18 2.88 2.9 2.76 2.76
2005-11-25 2.98 3.03 2.93 2.93
2005-12-06 2.62 2.64 2.53 2.53
2005-12-12 2.72 2.75 2.68 2.68
2006-02-06 2.69 2.72 2.65 2.65
2006-03-17 3.19 3.22 3.15 3.15
2006-03-21 3.21 3.28 3.13 3.13
2007-01-15 3.42 3.42 3.26 3.26
2007-02-05 4.1 4.1 3.92 3.92
2007-02-13 5.12 5.12 5.12 5.12
2007-02-28 5.13 5.26 4.97 4.97
2007-03-08 5.73 5.73 5.5 5.5
2007-03-09 6.02 6.02 5.95 5.95
2007-03-15 6.82 6.88 6.5 6.5
2007-03-19 7.46 7.52 6.81 6.81
2007-03-27 7.79 8.03 7.63 7.63
2007-04-03 8.14 8.14 8.14 8.14
2007-04-16 8.81 8.81 8.5 8.5
2007-04-17 9.25 9.25 9.0 9.0
2007-04-20 9.44 9.6 8.81 8.81
2007-04-25 8.94 8.95 8.09 8.09
2007-05-10 9.67 9.68 9.21 9.21
2007-05-29 12.6 12.6 12.6 12.6
2007-06-04 10.77 10.77 10.77 10.77
2007-06-05 10.23 10.23 10.23 10.23
2007-06-06 9.96 10.68 9.72 9.72
2007-06-25 8.32 8.75 8.32 8.32
2007-06-26 7.91 8.18 7.9 7.9
2007-07-13 9.35 9.35 8.92 8.92
2007-07-23 9.99 10.19 9.42 9.42
2007-07-24 10.07 10.39 9.99 9.99
2007-08-17 12.89 12.9 12.12 12.12
2007-09-17 12.5 12.9 12.37 12.37
2007-09-28 12.42 12.42 11.95 11.95
2007-10-09 13.04 13.04 13.04 13.04
2007-10-23 12.39 12.39 12.39 12.39
2007-10-24 11.77 11.77 11.77 11.77
2007-10-25 11.18 11.18 11.18 11.18
2007-10-26 10.62 10.62 10.62 10.62
2007-10-29 10.1 11.1 10.09 10.09
2007-11-01 11.7 11.7 11.7 11.7
2007-11-08 13.73 13.82 13.05 13.05
2007-11-15 13.27 13.44 12.71 12.71
2007-11-16 13.19 13.51 13.0 13.0
2007-11-23 13.59 13.8 13.24 13.24
2007-12-11 14.92 14.92 14.92 14.92
2007-12-28 15.48 15.75 15.13 15.13
2008-02-04 13.75 13.94 12.88 12.88
2008-03-11 12.49 12.6 12.26 12.26
2008-04-07 8.77 8.77 7.94 7.94
2008-05-07 11.45 11.45 11.45 11.45
2008-05-12 11.67 12.02 10.88 10.88
2008-05-14 10.86 11.09 10.56 10.56
2008-05-16 11.25 11.39 11.11 11.11
2008-06-11 9.16 9.16 9.16 9.16
2008-06-12 8.7 9.09 8.7 8.7
2008-06-23 6.63 6.93 6.63 6.63
2008-06-30 6.23 6.44 6.22 6.22
2008-07-23 6.45 6.47 6.35 6.35
2008-07-24 6.53 6.56 6.37 6.37
2008-08-07 6.49 6.49 6.18 6.18
2008-08-29 5.01 5.1 4.82 4.82
2008-09-03 4.84 4.97 4.71 4.71
2008-09-18 3.48 3.55 3.48 3.48
2008-09-24 3.42 3.46 3.38 3.38
2008-10-28 2.69 2.75 2.68 2.68
2008-11-05 2.74 2.77 2.68 2.68
2008-11-10 2.83 2.84 2.68 2.68
2008-11-14 3.34 3.34 3.19 3.19
2008-11-17 3.51 3.51 3.38 3.38
2008-11-19 3.44 3.49 3.17 3.17
2008-12-04 3.84 3.93 3.74 3.74
2008-12-05 4.03 4.03 3.77 3.77
2008-12-11 4.49 4.5 4.26 4.26
2008-12-22 4.68 4.68 4.43 4.43
2008-12-30 4.7 4.73 4.57 4.57
2009-01-07 4.73 4.74 4.54 4.54
2009-01-21 4.52 4.67 4.47 4.47
2009-01-22 4.75 4.75 4.56 4.56
2009-02-04 5.09 5.12 5.01 5.01
2009-02-20 6.84 6.84 6.43 6.43
2009-02-23 7.18 7.18 6.98 6.98
2009-03-04 6.46 6.46 6.1 6.1
2009-03-10 6.91 6.99 6.77 6.77
2009-03-17 6.98 7.07 6.39 6.39
2009-03-26 7.26 7.26 7.03 7.03
2009-03-27 7.62 7.62 7.62 7.62
2009-11-27 9.57 9.57 9.57 9.57
2009-11-30 10.05 10.05 10.05 10.05
2009-12-01 10.55 10.55 10.55 10.55
2009-12-02 11.08 11.08 11.08 11.08
2009-12-03 11.63 11.63 11.63 11.63
2009-12-04 12.21 12.21 12.21 12.21
2009-12-07 12.82 12.82 12.82 12.82
2009-12-08 13.46 13.46 13.46 13.46
2009-12-09 14.13 14.13 14.13 14.13
2009-12-10 14.84 14.84 14.84 14.84
2009-12-11 15.58 15.58 15.58 15.58
2009-12-21 14.8 16.35 14.8 14.8
2009-12-22 15.54 15.54 14.53 14.53
2009-12-29 18.56 18.59 17.87 17.87
2010-01-12 18.49 18.49 17.5 17.5
2010-01-20 19.37 20.3 19.25 19.25
2010-02-01 20.04 20.04 20.04 20.04
2010-06-10 10.32 10.32 10.32 10.32
2010-06-11 10.06 10.77 9.8 9.8
2010-07-28 8.46 8.49 8.3 8.3
2010-08-27 10.15 10.23 9.8 9.8
2010-09-08 11.35 11.35 11.35 11.35
2010-09-13 11.92 11.92 11.92 11.92
2010-09-14 12.52 12.52 12.52 12.52
2010-12-13 12.11 12.11 11.56 11.56
2010-12-17 12.44 12.52 12.29 12.29
2011-01-17 12.46 12.46 12.46 12.46
2011-01-26 11.08 11.15 10.8 10.8
2011-01-31 11.57 11.67 11.26 11.26
2011-02-28 12.84 12.96 12.44 12.44
2011-03-02 13.3 13.57 13.11 13.11
2011-04-01 13.56 13.67 13.08 13.08
2011-04-07 13.83 13.88 13.45 13.45
2011-04-13 14.67 14.91 14.52 14.52
2011-06-08 12.09 12.16 11.74 11.74
2011-07-08 13.5 13.68 13.21 13.21
2011-07-20 13.84 13.9 13.55 13.55
2011-09-14 10.41 10.59 9.75 9.75
2011-09-20 10.37 10.39 9.75 9.75
2011-12-16 7.43 7.44 7.19 7.19
2011-12-26 7.45 7.45 6.8 6.8
2012-01-31 7.51 7.53 7.35 7.35
2012-02-16 9.63 9.63 9.4 9.4
2012-04-06 9.12 9.22 8.74 8.74
2012-04-10 9.15 9.18 8.85 8.85
2012-05-22 9.18 9.18 9.0 9.0
2012-05-29 9.18 9.25 9.0 9.0
2012-06-11 9.09 9.11 8.8 8.8
2012-06-14 9.58 9.66 9.45 9.45
2012-06-29 9.62 9.63 9.3 9.3
2012-07-20 8.41 8.51 8.32 8.32
2012-08-01 8.34 8.49 7.95 7.95
2012-08-06 8.63 8.64 8.38 8.38
2012-08-15 8.46 8.58 8.18 8.18
2012-08-29 9.59 9.68 9.07 9.07
2012-09-06 9.91 10.33 9.5 9.5
2012-09-28 9.39 9.47 9.15 9.15
2012-10-17 9.3 9.33 9.18 9.18
2012-10-23 9.41 9.46 9.34 9.34
2012-10-29 9.19 9.21 9.12 9.12
2012-11-01 9.26 9.33 9.05 9.05
2012-11-05 9.41 9.43 9.36 9.36
2012-11-07 9.52 9.58 9.35 9.35
2012-11-09 9.51 9.55 9.24 9.24
2012-11-29 8.59 8.7 8.33 8.33
2012-12-05 8.68 8.77 8.22 8.22
2013-03-21 9.48 9.48 9.48 9.48
2013-03-22 10.43 10.43 10.43 10.43
2013-03-25 11.47 11.47 11.47 11.47
2013-04-12 10.68 11.06 10.55 10.55
2013-05-03 11.15 11.2 10.5 10.5
2013-05-27 14.6 14.88 14.17 14.17
2013-07-01 13.09 13.11 12.02 12.02
2013-07-15 14.4 14.58 14.1 14.1
2013-08-01 14.18 14.25 13.4 13.4
2013-08-22 14.28 14.87 13.82 13.82
2013-08-29 14.7 14.83 14.31 14.31
2013-11-15 13.95 14.13 13.36 13.36
2013-12-09 14.52 14.54 14.06 14.06
2013-12-12 14.54 14.66 14.43 14.43
2013-12-24 14.19 14.35 14.06 14.06
2013-12-25 14.23 14.34 14.1 14.1
2014-01-03 15.68 15.95 15.6 15.6
2014-01-15 15.91 16.01 15.53 15.53
2014-02-07 15.44 15.47 14.92 14.92
2014-03-17 14.46 14.64 14.19 14.19
2014-03-20 14.27 14.62 14.1 14.1
2014-04-09 14.06 14.14 13.78 13.78
2014-04-10 14.14 14.54 14.05 14.05
2014-05-19 12.51 12.54 12.31 12.31
2014-06-13 13.74 13.88 13.41 13.41
2014-06-20 13.37 13.49 13.25 13.25
2014-07-08 13.79 13.9 13.5 13.5
2014-07-11 13.76 13.91 13.67 13.67
2014-08-08 13.28 13.3 13.13 13.13
2014-09-12 14.69 14.78 14.42 14.42
2015-01-09 13.6 13.92 13.51 13.51
2015-01-20 14.15 14.16 13.85 13.85
2015-02-16 16.4 16.61 15.48 15.48
2015-03-13 17.16 17.22 16.3 16.3
2015-03-16 17.72 18.09 17.3 17.3
2015-05-06 33.09 34.66 32.75 32.75
2015-05-18 39.23 39.23 35.7 35.7
2015-06-02 55.19 55.19 55.19 55.19
2015-07-13 27.6 27.6 27.6 27.6
2015-07-14 30.36 30.36 30.36 30.36
2015-07-23 30.05 30.05 30.05 30.05
2015-07-24 33.06 33.06 33.06 33.06
2015-08-10 32.27 32.5 30.0 30.0
2015-08-25 20.62 21.0 20.62 20.62
2015-10-08 24.39 24.39 23.03 23.03
2015-10-22 33.07 33.07 30.0 30.0
2016-02-15 24.51 24.75 23.2 23.2
2016-02-16 26.16 26.46 24.66 24.66
2016-04-14 22.9 22.9 22.9 22.9
2016-04-15 25.19 25.19 25.19 25.19
2016-07-04 9.73 9.84 9.49 9.49
2016-07-11 9.65 9.83 9.51 9.51
2016-07-21 9.48 9.62 9.46 9.46
2016-07-26 10.0 10.1 9.87 9.87
2016-08-17 9.33 9.36 9.2 9.2
2016-10-31 9.6 9.64 9.37 9.37
2016-12-09 8.93 8.98 8.9 8.9
2016-12-20 8.89 8.98 8.8 8.8
2016-12-30 8.47 8.53 8.41 8.41
2017-01-12 8.62 8.68 8.5 8.5
2017-02-13 8.67 8.69 8.6 8.6
2017-02-14 8.74 8.79 8.68 8.68
2017-02-27 8.76 8.9 8.59 8.59
2017-03-06 8.62 8.74 8.56 8.56
2017-03-16 9.25 9.45 9.09 9.09
2017-05-15 7.61 7.64 7.42 7.42
2017-05-26 7.38 7.5 7.29 7.29
2017-05-31 7.39 7.57 7.38 7.38
2017-06-15 7.3 7.33 7.24 7.24
2017-06-29 7.53 7.63 7.41 7.41
2017-07-05 8.2 8.22 7.76 7.76
2017-08-10 8.8 9.05 8.62 8.62
2017-08-16 9.3 9.47 8.72 8.72
