1996-07-23 23.47 23.5 21.52 21.52
1996-08-27 27.2 27.2 26.0 26.0
1996-09-17 19.18 19.38 18.3 18.3
1996-09-23 20.63 20.7 19.63 19.63
1996-11-14 16.3 16.45 16.22 16.22
1996-12-17 14.26 15.28 14.26 14.26
1996-12-18 15.69 15.69 13.8 13.8
1997-02-21 15.34 15.35 14.6 14.6
1997-02-25 15.95 16.15 15.62 15.62
1997-03-04 16.94 17.3 16.85 16.85
1997-03-19 18.85 19.2 18.58 18.58
1997-05-23 19.9 20.08 19.15 19.15
1997-05-29 20.15 20.5 20.0 20.0
1997-06-16 18.61 18.85 18.5 18.5
1997-08-08 17.48 17.75 17.3 17.3
1997-08-25 16.68 16.81 15.88 15.88
1997-09-11 14.88 15.15 14.8 14.8
1997-09-19 14.02 14.2 14.0 14.0
1997-09-24 12.95 12.95 12.21 12.21
1997-10-17 14.34 14.4 13.2 13.2
1997-10-23 14.6 14.84 14.35 14.35
1997-10-27 15.25 15.47 14.85 14.85
1997-11-04 14.03 14.1 14.0 14.0
1997-11-05 14.33 14.49 14.03 14.03
1997-11-26 13.0 13.0 12.8 12.8
1998-02-11 13.6 13.78 13.35 13.35
1998-04-01 11.32 11.59 11.2 11.2
1998-05-20 11.89 12.0 11.86 11.86
1998-05-22 11.92 12.0 11.8 11.8
1998-06-01 12.74 12.74 12.3 12.3
1998-07-21 10.95 11.0 10.8 10.8
1998-07-23 10.97 10.97 10.79 10.79
1998-08-25 8.2 8.36 7.9 7.9
1998-09-07 8.13 8.18 7.85 7.85
1998-09-30 9.18 9.26 8.93 8.93
1998-10-12 9.42 9.45 9.06 9.06
1998-11-12 8.75 8.88 8.7 8.7
1998-12-22 7.89 7.92 7.56 7.56
1998-12-24 7.68 7.82 7.65 7.65
1999-01-20 8.04 8.04 7.85 7.85
1999-01-21 8.13 8.15 7.98 7.98
1999-01-28 7.98 8.24 7.9 7.9
1999-01-29 8.08 8.08 7.9 7.9
1999-02-01 7.96 8.13 7.95 7.95
1999-03-05 8.68 8.85 8.3 8.3
1999-04-20 8.13 8.15 8.03 8.03
1999-05-19 7.23 7.24 6.9 6.9
1999-05-27 8.0 8.1 7.78 7.78
1999-06-01 7.75 7.77 7.6 7.6
1999-06-02 7.88 8.08 7.76 7.76
1999-06-07 8.13 8.18 7.83 7.83
1999-12-16 15.45 15.6 15.25 15.25
2000-01-04 15.68 15.78 14.86 14.86
2000-01-28 20.0 20.88 19.0 19.0
2000-02-14 22.0 22.0 21.0 21.0
2000-03-14 23.88 24.45 20.55 20.55
2000-03-17 23.65 23.65 21.38 21.38
2000-03-20 24.01 24.8 22.65 22.65
2000-03-24 24.7 26.2 23.99 23.99
2000-04-13 27.08 27.2 25.81 25.81
2000-06-01 22.0 22.25 21.55 21.55
2000-08-09 27.45 27.45 24.98 24.98
2000-08-17 27.08 27.22 25.6 25.6
2000-12-22 22.51 22.9 22.3 22.3
2000-12-26 22.35 22.5 22.25 22.25
2000-12-27 22.41 22.49 22.35 22.35
2001-04-02 19.49 19.99 19.24 19.24
2001-05-08 20.16 20.46 19.82 19.82
2001-06-15 19.3 19.45 18.71 18.71
2001-06-18 19.39 19.67 19.3 19.3
2001-06-19 20.12 20.25 19.4 19.4
2001-07-13 18.82 18.98 18.8 18.8
2001-09-04 15.45 15.45 14.63 14.63
2001-10-29 12.5 12.52 12.23 12.23
2001-11-28 12.81 13.05 12.48 12.48
2001-12-26 12.25 12.26 11.82 11.82
2002-01-25 10.16 10.33 10.02 10.02
2002-04-04 11.72 11.78 11.19 11.19
2002-04-09 11.88 11.94 11.47 11.47
2002-04-15 12.5 12.68 12.0 12.0
2002-04-22 12.56 12.86 12.45 12.45
2002-04-25 12.19 12.32 12.05 12.05
2002-04-26 12.64 12.79 12.1 12.1
2002-07-11 12.38 12.48 12.3 12.3
2002-07-15 12.63 12.98 12.46 12.46
2002-07-23 12.62 12.69 12.55 12.55
2002-08-14 12.3 12.4 12.15 12.15
2002-12-11 9.3 9.39 9.2 9.2
2003-01-24 10.72 10.72 10.32 10.32
2003-02-11 10.58 10.62 10.48 10.48
2003-03-03 10.45 10.46 10.23 10.23
2003-03-21 9.7 9.75 9.52 9.52
2003-04-14 10.1 10.15 9.47 9.47
2003-04-18 11.85 12.14 11.5 11.5
2003-06-26 10.6 10.85 10.0 10.0
2003-09-10 9.01 9.1 8.95 8.95
2003-10-09 7.62 7.82 7.61 7.61
2003-10-31 7.2 7.38 7.15 7.15
2003-11-04 7.26 7.41 7.17 7.17
2004-05-28 7.76 7.94 7.41 7.41
2004-07-29 6.69 6.72 6.45 6.45
2004-08-04 6.82 6.86 6.62 6.62
2004-08-24 5.9 5.99 5.76 5.76
2004-09-21 6.92 7.24 6.81 6.81
2004-10-29 6.36 6.65 6.32 6.32
2005-01-18 5.91 5.94 5.69 5.69
2005-02-18 4.54 4.68 4.37 4.37
2005-02-28 4.99 5.1 4.94 4.94
2005-03-03 4.92 4.92 4.8 4.8
2005-03-23 3.94 3.94 3.55 3.55
2005-04-25 2.5 2.5 2.5 2.5
2005-04-26 2.4 2.48 2.25 2.25
2005-04-28 2.3 2.4 2.11 2.11
2005-05-25 2.64 2.64 2.5 2.5
2005-11-25 2.98 3.03 2.93 2.93
2005-12-12 2.72 2.75 2.68 2.68
2006-03-21 3.21 3.28 3.13 3.13
2007-02-13 5.12 5.12 5.12 5.12
2007-02-28 5.13 5.26 4.97 4.97
2007-03-08 5.73 5.73 5.5 5.5
2007-03-09 6.02 6.02 5.95 5.95
2007-03-15 6.82 6.88 6.5 6.5
2007-03-19 7.46 7.52 6.81 6.81
2007-03-27 7.79 8.03 7.63 7.63
2007-04-03 8.14 8.14 8.14 8.14
2007-04-17 9.25 9.25 9.0 9.0
2007-04-20 9.44 9.6 8.81 8.81
2007-04-25 8.94 8.95 8.09 8.09
2007-05-10 9.67 9.68 9.21 9.21
2007-06-04 10.77 10.77 10.77 10.77
2007-06-05 10.23 10.23 10.23 10.23
2007-06-06 9.96 10.68 9.72 9.72
2007-06-26 7.91 8.18 7.9 7.9
2007-07-23 9.99 10.19 9.42 9.42
2007-07-24 10.07 10.39 9.99 9.99
2007-10-09 13.04 13.04 13.04 13.04
2007-10-24 11.77 11.77 11.77 11.77
2007-10-25 11.18 11.18 11.18 11.18
2007-10-26 10.62 10.62 10.62 10.62
2007-10-29 10.1 11.1 10.09 10.09
2007-11-01 11.7 11.7 11.7 11.7
2007-11-08 13.73 13.82 13.05 13.05
2007-11-15 13.27 13.44 12.71 12.71
2007-11-16 13.19 13.51 13.0 13.0
2007-11-23 13.59 13.8 13.24 13.24
2008-05-12 11.67 12.02 10.88 10.88
2008-05-14 10.86 11.09 10.56 10.56
2008-05-16 11.25 11.39 11.11 11.11
2008-06-12 8.7 9.09 8.7 8.7
2008-06-30 6.23 6.44 6.22 6.22
2008-07-24 6.53 6.56 6.37 6.37
2008-09-03 4.84 4.97 4.71 4.71
2008-09-24 3.42 3.46 3.38 3.38
2008-11-05 2.74 2.77 2.68 2.68
2008-11-10 2.83 2.84 2.68 2.68
2008-11-14 3.34 3.34 3.19 3.19
2008-11-17 3.51 3.51 3.38 3.38
2008-11-19 3.44 3.49 3.17 3.17
2008-12-05 4.03 4.03 3.77 3.77
2008-12-11 4.49 4.5 4.26 4.26
2008-12-30 4.7 4.73 4.57 4.57
2009-01-07 4.73 4.74 4.54 4.54
2009-01-22 4.75 4.75 4.56 4.56
2009-02-04 5.09 5.12 5.01 5.01
2009-02-23 7.18 7.18 6.98 6.98
2009-03-10 6.91 6.99 6.77 6.77
2009-03-17 6.98 7.07 6.39 6.39
2009-03-27 7.62 7.62 7.62 7.62
2009-11-30 10.05 10.05 10.05 10.05
2009-12-01 10.55 10.55 10.55 10.55
2009-12-02 11.08 11.08 11.08 11.08
2009-12-03 11.63 11.63 11.63 11.63
2009-12-04 12.21 12.21 12.21 12.21
2009-12-07 12.82 12.82 12.82 12.82
2009-12-08 13.46 13.46 13.46 13.46
2009-12-09 14.13 14.13 14.13 14.13
2009-12-10 14.84 14.84 14.84 14.84
2009-12-11 15.58 15.58 15.58 15.58
2009-12-21 14.8 16.35 14.8 14.8
2009-12-22 15.54 15.54 14.53 14.53
2009-12-29 18.56 18.59 17.87 17.87
2010-01-20 19.37 20.3 19.25 19.25
2010-06-11 10.06 10.77 9.8 9.8
2010-09-13 11.92 11.92 11.92 11.92
2010-09-14 12.52 12.52 12.52 12.52
2010-12-17 12.44 12.52 12.29 12.29
2011-01-31 11.57 11.67 11.26 11.26
2011-03-02 13.3 13.57 13.11 13.11
2011-04-07 13.83 13.88 13.45 13.45
2011-04-13 14.67 14.91 14.52 14.52
2011-09-20 10.37 10.39 9.75 9.75
2011-12-26 7.45 7.45 6.8 6.8
2012-04-10 9.15 9.18 8.85 8.85
2012-05-29 9.18 9.25 9.0 9.0
2012-06-14 9.58 9.66 9.45 9.45
2012-08-06 8.63 8.64 8.38 8.38
2012-09-06 9.91 10.33 9.5 9.5
2012-10-23 9.41 9.46 9.34 9.34
2012-10-29 9.19 9.21 9.12 9.12
2012-11-01 9.26 9.33 9.05 9.05
2012-11-05 9.41 9.43 9.36 9.36
2012-11-07 9.52 9.58 9.35 9.35
2012-11-09 9.51 9.55 9.24 9.24
2012-12-05 8.68 8.77 8.22 8.22
2013-03-22 10.43 10.43 10.43 10.43
2013-03-25 11.47 11.47 11.47 11.47
2013-08-29 14.7 14.83 14.31 14.31
2013-12-12 14.54 14.66 14.43 14.43
2013-12-25 14.23 14.34 14.1 14.1
2014-01-03 15.68 15.95 15.6 15.6
2014-03-20 14.27 14.62 14.1 14.1
2014-04-10 14.14 14.54 14.05 14.05
2014-06-20 13.37 13.49 13.25 13.25
2014-07-11 13.76 13.91 13.67 13.67
2015-03-16 17.72 18.09 17.3 17.3
2015-07-14 30.36 30.36 30.36 30.36
2015-07-24 33.06 33.06 33.06 33.06
2016-02-16 26.16 26.46 24.66 24.66
2016-04-15 25.19 25.19 25.19 25.19
2016-07-11 9.65 9.83 9.51 9.51
2016-07-26 10.0 10.1 9.87 9.87
2017-02-14 8.74 8.79 8.68 8.68
2017-03-06 8.62 8.74 8.56 8.56
2017-05-31 7.39 7.57 7.38 7.38
2017-07-05 8.2 8.22 7.76 7.76
2017-08-16 9.3 9.47 8.72 8.72
