2001-08-09 31.79 32.0 31.22 31.22
2001-08-31 28.0 28.33 27.89 27.89
2001-09-18 28.56 29.05 28.2 28.2
2001-11-19 11.92 12.0 11.05 11.05
2001-11-20 12.42 12.65 12.05 12.05
2001-11-22 13.43 13.68 12.7 12.7
2001-11-30 14.06 14.6 13.39 13.39
2001-12-03 14.3 14.58 14.1 14.1
2002-01-31 11.09 11.09 10.11 10.11
2002-03-07 12.97 12.98 12.6 12.6
2002-03-14 13.47 13.78 12.6 12.6
2002-03-19 14.19 14.28 13.45 13.45
2002-04-09 13.95 14.05 13.61 13.61
2002-04-12 13.44 13.65 13.35 13.35
2002-04-23 13.24 13.26 13.1 13.1
2002-04-26 13.36 13.45 13.0 13.0
2002-05-09 13.53 13.79 13.5 13.5
2002-05-28 12.13 12.3 12.0 12.0
2002-06-18 11.3 11.4 10.9 10.9
2002-06-20 11.08 11.27 10.98 10.98
2002-07-02 12.5 12.5 12.16 12.16
2002-07-05 12.37 12.4 12.18 12.18
2002-07-11 12.3 12.4 12.19 12.19
2002-08-06 11.56 11.63 11.34 11.34
2002-08-20 11.51 11.59 11.32 11.32
2002-08-22 11.64 11.85 11.5 11.5
2002-08-28 11.81 12.05 11.71 11.71
2002-09-23 11.55 11.59 11.42 11.42
2002-10-10 10.77 10.81 10.7 10.7
2002-10-16 10.56 10.77 10.53 10.53
2002-12-03 8.95 8.97 8.71 8.71
2002-12-09 9.38 9.45 9.25 9.25
2003-01-16 9.08 9.16 8.85 8.85
2003-02-28 9.36 9.38 9.2 9.2
2003-03-20 8.43 8.56 8.38 8.38
2003-03-31 8.48 8.5 8.36 8.36
2003-04-01 8.59 8.62 8.48 8.48
2003-04-10 7.4 7.4 7.4 7.4
2006-10-11 2.44 2.48 2.37 2.37
2006-10-30 2.08 2.15 2.08 2.08
2006-12-04 2.42 2.42 2.33 2.33
2006-12-11 2.41 2.43 2.3 2.3
2007-01-05 2.29 2.29 2.25 2.25
2007-01-08 2.4 2.4 2.4 2.4
2007-01-09 2.52 2.52 2.52 2.52
2007-01-18 2.88 2.95 2.86 2.86
2007-02-15 3.36 3.4 3.08 3.08
2007-02-28 3.42 3.42 3.16 3.16
2007-07-09 4.16 4.16 4.16 4.16
2007-07-10 4.37 4.37 4.37 4.37
2007-07-11 4.59 4.59 4.59 4.59
2007-07-12 4.82 4.82 4.82 4.82
2007-07-13 5.06 5.06 5.06 5.06
2007-07-16 5.31 5.31 5.31 5.31
2007-07-17 5.58 5.58 5.58 5.58
2007-07-18 5.86 5.86 5.86 5.86
2007-07-19 6.15 6.15 6.15 6.15
2007-07-23 6.46 6.46 6.46 6.46
2007-07-24 6.78 6.78 6.78 6.78
2007-07-25 7.12 7.12 7.12 7.12
2007-07-26 7.48 7.48 7.48 7.48
2007-07-27 7.85 7.85 7.85 7.85
2007-07-30 8.24 8.24 8.24 8.24
2007-07-31 8.65 8.65 8.65 8.65
2007-08-01 9.08 9.08 9.08 9.08
2007-08-02 9.53 9.53 9.53 9.53
2007-08-03 10.01 10.01 10.01 10.01
2007-08-06 10.51 10.51 10.51 10.51
2007-08-07 11.04 11.04 11.04 11.04
2007-08-08 11.59 11.59 11.59 11.59
2007-08-09 12.17 12.17 12.17 12.17
2007-08-10 12.78 12.78 12.78 12.78
2007-08-13 13.42 13.42 13.42 13.42
2007-08-14 14.09 14.09 14.09 14.09
2007-08-15 14.79 14.79 14.79 14.79
2007-08-16 15.53 15.53 15.53 15.53
2007-08-21 17.99 17.99 17.99 17.99
2007-08-24 20.82 20.82 20.82 20.82
2007-08-27 21.86 21.86 21.86 21.86
2007-08-28 22.95 22.95 22.95 22.95
2007-08-29 24.1 24.1 24.1 24.1
2007-08-30 25.31 25.31 25.31 25.31
2007-09-03 22.84 22.84 22.84 22.84
2007-09-04 21.7 21.7 21.7 21.7
2007-09-05 20.62 20.62 20.62 20.62
2007-09-06 19.59 19.59 19.59 19.59
2007-09-07 18.61 18.61 18.61 18.61
2007-09-10 17.68 17.68 17.68 17.68
2007-09-12 17.06 18.56 16.8 16.8
2007-09-13 17.91 17.91 16.21 16.21
2008-02-19 17.01 17.01 17.01 17.01
2008-02-20 16.16 16.16 16.16 16.16
2008-02-21 15.35 15.9 15.35 15.35
2008-02-22 14.58 14.88 14.58 14.58
2008-03-28 9.48 9.59 9.46 9.46
2008-04-01 8.56 8.79 8.56 8.56
2008-04-02 8.13 8.29 8.13 8.13
2008-04-03 7.72 7.9 7.72 7.72
2008-04-23 8.59 8.86 8.44 8.44
2008-04-30 8.74 8.94 8.48 8.48
2008-05-05 9.18 9.18 8.8 8.8
2008-05-21 8.28 8.5 8.23 8.23
2008-06-02 6.92 6.92 6.51 6.51
2008-06-10 6.56 6.66 6.56 6.56
2008-06-12 6.23 6.36 6.23 6.23
2008-06-18 5.29 5.47 5.07 5.07
2008-06-20 4.84 5.12 4.78 4.78
2008-06-30 4.56 4.64 4.56 4.56
2008-07-14 5.38 5.38 5.15 5.15
2008-08-01 5.49 5.49 5.04 5.04
2008-08-11 4.58 4.65 4.58 4.58
2008-08-12 4.35 4.35 4.35 4.35
2008-08-13 4.14 4.21 4.13 4.13
2008-08-14 4.2 4.26 4.03 4.03
2008-08-19 3.67 3.79 3.67 3.67
2008-08-28 3.61 3.67 3.54 3.54
2008-09-16 2.74 2.86 2.74 2.74
2008-09-17 2.78 2.86 2.7 2.7
2008-10-06 2.8 2.85 2.8 2.8
2008-10-07 2.75 2.82 2.66 2.66
2008-10-14 2.9 2.92 2.71 2.71
2008-10-15 2.93 2.96 2.81 2.81
2008-10-22 2.74 2.93 2.74 2.74
2008-10-23 2.76 2.79 2.61 2.61
2008-11-13 2.25 2.27 2.09 2.09
2008-11-17 2.47 2.48 2.3 2.3
2008-11-19 2.43 2.44 2.23 2.23
2008-11-21 2.31 2.39 2.23 2.23
2008-12-03 2.43 2.43 2.19 2.19
2009-02-20 3.39 3.4 3.24 3.24
2009-02-27 2.93 2.98 2.93 2.93
2009-04-23 4.3 4.45 4.28 4.28
2009-04-28 4.01 4.04 3.9 3.9
2009-06-09 4.59 4.59 4.37 4.37
2009-06-26 5.06 5.14 4.88 4.88
2009-07-01 4.83 4.86 4.73 4.73
2009-07-22 5.32 5.37 5.2 5.2
2009-07-31 5.22 5.25 5.09 5.09
2009-09-30 4.11 4.2 4.05 4.05
2009-10-09 4.27 4.27 4.16 4.16
2009-10-23 4.64 4.74 4.53 4.53
2009-11-12 5.42 5.42 5.15 5.15
2009-11-19 6.91 6.91 6.91 6.91
2009-11-20 7.26 7.26 7.26 7.26
2009-11-27 6.26 6.43 6.26 6.26
2009-12-02 7.05 7.05 7.05 7.05
2009-12-10 7.52 7.52 7.2 7.2
2009-12-16 7.3 7.47 7.15 7.15
2009-12-30 6.61 6.72 6.53 6.53
2010-01-15 6.51 6.59 6.33 6.33
2010-01-19 6.9 6.9 6.57 6.57
2010-03-05 6.69 6.74 6.63 6.63
2010-03-15 6.76 6.95 6.68 6.68
2010-03-16 6.98 7.0 6.74 6.74
2010-04-08 7.72 7.92 7.52 7.52
2010-05-21 5.3 5.31 5.12 5.12
2010-06-02 5.5 5.55 5.23 5.23
2010-06-30 5.11 5.11 5.11 5.11
2010-07-06 4.81 4.84 4.61 4.61
2010-07-07 4.86 4.9 4.77 4.77
2010-07-14 5.07 5.08 4.88 4.88
2010-07-19 5.04 5.05 4.91 4.91
2010-07-20 5.17 5.22 5.03 5.03
2010-07-28 5.39 5.47 5.27 5.27
2010-08-09 5.76 5.81 5.67 5.67
2010-08-26 5.95 5.95 5.67 5.67
2010-09-17 5.99 6.09 5.93 5.93
2010-09-27 6.28 6.33 6.03 6.03
2010-10-08 6.24 6.31 6.15 6.15
2010-10-25 5.99 6.03 5.86 5.86
2010-12-02 6.68 6.69 6.49 6.49
2010-12-13 6.46 6.5 6.36 6.36
2010-12-16 6.55 6.6 6.5 6.5
2011-01-05 6.06 6.08 6.01 6.01
2011-01-07 6.01 6.08 5.98 5.98
2011-01-12 5.94 5.97 5.85 5.85
2011-01-28 5.6 5.73 5.49 5.49
2011-02-11 5.86 5.9 5.82 5.82
2011-02-21 6.01 6.02 5.95 5.95
2011-02-24 5.92 5.93 5.84 5.84
2011-03-01 6.12 6.18 6.09 6.09
2011-03-04 6.22 6.25 6.13 6.13
2011-05-10 6.55 6.62 6.4 6.4
2011-05-13 6.74 6.75 6.59 6.59
2011-06-20 5.65 5.75 5.52 5.52
2011-06-21 5.69 5.72 5.59 5.59
2011-07-29 6.13 6.15 6.05 6.05
2011-08-01 6.15 6.17 6.1 6.1
2011-08-10 5.75 5.85 5.72 5.72
2011-08-12 5.9 5.96 5.84 5.84
2011-08-23 5.93 5.96 5.72 5.72
2011-08-29 6.09 6.21 6.0 6.0
2011-09-07 6.9 6.9 6.9 6.9
2011-09-21 6.95 6.95 6.59 6.59
2011-10-28 6.09 6.16 5.9 5.9
2011-11-17 6.39 6.56 6.33 6.33
2011-12-09 4.79 4.8 4.7 4.7
2011-12-15 3.9 4.02 3.9 3.9
2011-12-16 4.02 4.03 3.81 3.81
2011-12-23 3.91 3.98 3.8 3.8
2011-12-30 3.7 3.75 3.65 3.65
2012-01-17 3.78 3.78 3.6 3.6
2012-02-09 4.25 4.32 4.2 4.2
2012-03-02 4.59 4.59 4.46 4.46
2012-03-07 4.51 4.59 4.47 4.47
2012-04-13 4.33 4.38 4.27 4.27
2012-04-16 4.44 4.45 4.3 4.3
2012-04-20 4.53 4.53 4.27 4.27
2012-05-02 3.69 3.69 3.69 3.69
2012-05-03 3.51 3.51 3.51 3.51
2012-05-08 3.66 3.66 3.5 3.5
2012-06-01 3.65 3.65 3.65 3.65
2012-06-05 4.02 4.02 4.02 4.02
2012-06-07 4.43 4.43 4.43 4.43
2012-06-08 4.65 4.65 4.65 4.65
2012-06-12 5.12 5.12 5.12 5.12
2012-06-13 5.38 5.38 5.38 5.38
2012-06-14 5.65 5.65 5.65 5.65
2012-06-15 5.93 5.93 5.93 5.93
2012-06-18 6.23 6.23 6.23 6.23
2012-06-26 5.92 6.54 5.92 5.92
2012-06-27 5.62 5.62 5.62 5.62
2012-06-28 5.34 5.34 5.34 5.34
2012-06-29 5.07 5.07 5.07 5.07
2012-07-02 4.82 4.82 4.82 4.82
2012-07-03 5.06 5.06 4.58 4.58
2012-07-25 4.88 4.88 4.88 4.88
2012-07-26 5.12 5.12 5.12 5.12
2012-07-30 4.63 4.63 4.63 4.63
2012-07-31 4.4 4.4 4.4 4.4
2012-08-01 4.18 4.32 4.18 4.18
2012-08-02 4.29 4.39 3.98 3.98
2012-09-24 4.85 4.99 4.75 4.75
2012-11-01 5.06 5.1 5.0 5.0
2012-11-16 4.81 4.87 4.8 4.8
2012-11-22 4.82 4.97 4.72 4.72
2012-11-23 4.79 4.81 4.74 4.74
2012-12-07 4.47 4.52 4.37 4.37
2012-12-14 5.15 5.15 5.15 5.15
2012-12-24 4.87 4.93 4.76 4.76
2013-02-25 5.25 5.29 5.17 5.17
2013-03-27 6.2 6.2 6.2 6.2
2013-03-28 6.51 6.51 6.51 6.51
2013-03-29 6.84 6.84 6.84 6.84
2013-04-19 7.54 7.6 7.22 7.22
2014-08-06 16.53 19.99 13.75 13.75
2014-08-07 15.7 16.33 15.7 15.7
2014-08-08 14.92 14.92 14.92 14.92
2014-08-11 14.17 14.47 14.17 14.17
2014-08-21 15.48 15.72 14.85 14.85
2014-09-24 14.13 14.24 14.03 14.03
2014-09-30 15.59 15.65 14.81 14.81
2014-10-29 14.44 14.92 14.17 14.17
2014-11-05 14.68 14.94 14.4 14.4
2014-11-10 14.56 14.69 14.4 14.4
2014-11-12 14.06 14.12 13.86 13.86
2014-11-25 14.0 14.13 13.89 13.89
2014-12-12 13.39 13.4 13.15 13.15
2014-12-26 12.56 12.56 12.13 12.13
2015-01-22 12.76 12.91 12.52 12.52
2015-01-26 12.75 12.79 12.54 12.54
2015-02-09 11.82 11.93 11.7 11.7
2015-02-13 12.23 12.31 11.91 11.91
2015-03-06 13.8 13.89 13.29 13.29
2015-03-18 14.82 14.98 14.62 14.62
2015-03-20 16.34 16.34 15.56 15.56
2015-03-23 17.16 17.16 17.16 17.16
2015-03-27 16.91 16.99 16.22 16.22
2015-03-30 17.76 17.76 16.92 16.92
2015-04-17 17.24 17.24 16.51 16.51
2015-05-21 21.62 21.78 20.56 20.56
2015-06-02 24.93 24.93 22.68 22.68
2015-06-03 27.42 27.42 25.15 25.15
2015-06-05 28.16 28.16 26.01 26.01
2015-06-12 31.46 32.0 29.8 29.8
2015-06-15 34.61 34.61 34.2 34.2
2015-06-30 23.12 23.99 21.43 21.43
2015-07-07 13.65 13.7 13.65 13.65
2015-07-08 12.29 12.29 12.29 12.29
2015-07-09 13.52 13.52 11.06 11.06
2015-07-31 18.07 18.67 16.55 16.55
2015-08-25 13.49 13.8 13.49 13.49
2015-09-18 14.37 14.37 12.95 12.95
2015-10-12 16.42 16.68 15.42 15.42
2015-10-14 16.3 17.0 16.12 16.12
2015-10-22 17.74 18.0 16.7 16.7
2015-11-16 21.74 21.98 20.9 20.9
2016-03-30 20.21 20.44 19.59 19.59
2016-04-13 22.76 23.39 22.61 22.61
2016-04-25 22.84 23.19 22.27 22.27
2016-08-05 20.56 20.58 20.56 20.56
2016-09-07 20.58 20.99 20.0 20.0
2016-09-20 20.03 20.21 19.74 19.74
2016-10-10 21.33 21.38 20.51 20.51
2016-12-15 22.4 22.86 21.92 21.92
2017-02-09 21.87 22.49 21.15 21.15
2017-02-22 20.64 20.71 20.45 20.45
2017-02-28 20.93 21.02 20.73 20.73
2017-03-16 21.27 21.35 20.77 20.77
2017-05-24 13.45 13.6 13.01 13.01
2017-06-13 13.85 13.94 13.41 13.41
2017-07-03 13.9 14.02 13.75 13.75
2017-07-20 13.72 13.92 13.3 13.3
2017-07-21 15.09 15.09 14.18 14.18
2017-07-31 14.78 14.88 14.59 14.59
2017-08-03 14.15 14.4 13.95 13.95
2017-08-09 14.99 15.3 14.2 14.2
