1999-09-17 11.24 11.4 11.21 11.21
1999-09-21 10.9 10.95 10.8 10.8
1999-10-15 11.37 11.38 10.8 10.8
1999-10-20 10.76 10.89 10.65 10.65
1999-10-26 10.43 10.68 10.35 10.35
1999-12-10 8.72 8.8 8.61 8.61
1999-12-30 8.11 8.2 8.08 8.08
2000-03-15 10.04 10.29 9.58 9.58
2000-03-17 9.8 9.85 9.5 9.5
2000-03-27 10.63 10.65 10.16 10.16
2000-03-30 11.29 11.38 11.0 11.0
2000-04-06 10.93 10.93 10.72 10.72
2000-04-10 11.17 11.48 11.14 11.14
2000-05-19 9.86 9.9 9.6 9.6
2000-05-25 10.18 10.2 10.0 10.0
2000-06-19 12.53 12.53 12.52 12.52
2000-06-26 12.18 12.5 11.91 11.91
2000-08-16 12.54 12.6 12.25 12.25
2000-08-21 13.39 13.77 13.28 13.28
2000-08-28 13.23 13.3 12.9 12.9
2000-09-11 12.32 12.4 12.0 12.0
2000-10-30 12.18 12.2 11.72 11.72
2001-01-05 13.8 13.96 13.5 13.5
2001-01-10 14.27 14.38 13.95 13.95
2001-02-12 12.94 12.96 12.62 12.62
2001-02-26 12.77 12.77 12.55 12.55
2001-05-08 13.25 13.3 13.1 13.1
2001-05-10 13.74 13.75 13.1 13.1
2001-11-14 9.97 10.07 9.77 9.77
2001-11-20 10.65 10.68 10.35 10.35
2002-04-12 9.05 9.15 9.01 9.01
2002-06-20 7.67 7.78 7.5 7.5
2002-06-21 8.09 8.11 7.7 7.7
2002-08-14 8.11 8.11 8.03 8.03
2002-08-16 8.05 8.09 7.86 7.86
2002-09-12 7.79 7.83 7.75 7.75
2002-10-11 7.23 7.35 7.2 7.2
2002-10-16 7.34 7.48 7.25 7.25
2002-11-04 7.43 7.46 7.34 7.34
2002-12-10 6.39 6.45 6.35 6.35
2003-02-12 7.2 7.36 7.0 7.0
2003-02-17 7.4 7.52 7.3 7.3
2003-02-20 7.63 7.85 7.55 7.55
2003-03-04 7.65 7.67 7.52 7.52
2003-03-05 7.85 7.86 7.61 7.61
2003-03-26 7.72 7.75 7.61 7.61
2003-04-01 7.87 7.98 7.81 7.81
2003-06-11 7.49 7.5 7.38 7.38
2003-07-07 7.04 7.1 7.0 7.0
2003-07-08 7.12 7.13 7.02 7.02
2003-10-14 6.94 7.02 6.77 6.77
2003-10-20 6.81 6.98 6.78 6.78
2003-10-27 7.07 7.29 6.91 6.91
2003-11-04 7.3 7.4 7.07 7.07
2003-11-10 7.26 7.28 7.0 7.0
2004-03-11 8.33 8.34 8.19 8.19
2004-07-08 6.16 6.3 6.01 6.01
2004-07-15 6.04 6.06 5.93 5.93
2004-12-09 5.3 5.35 5.21 5.21
2004-12-17 5.0 5.1 4.92 4.92
2005-01-05 4.81 4.84 4.72 4.72
2005-01-07 4.76 4.82 4.72 4.72
2005-01-10 4.86 4.86 4.72 4.72
2005-03-29 4.77 4.83 4.72 4.72
2005-06-17 3.8 3.87 3.79 3.79
2005-06-22 3.9 3.95 3.86 3.86
2005-06-27 3.96 3.99 3.88 3.88
2005-10-10 3.91 4.04 3.71 3.71
2005-11-04 3.27 3.28 3.2 3.2
2007-01-30 4.95 4.95 4.66 4.66
2007-05-23 10.19 10.35 9.83 9.83
2007-07-06 5.83 5.86 5.36 5.36
2007-12-20 9.2 9.36 8.88 8.88
2007-12-25 9.85 9.87 9.35 9.35
2008-02-14 13.96 14.41 13.45 13.45
2008-03-11 17.7 18.0 17.08 17.08
2008-06-25 8.31 8.31 7.83 7.83
2008-09-25 7.79 8.06 7.35 7.35
2008-10-08 8.53 8.58 8.11 8.11
2009-07-01 8.87 9.0 8.76 8.76
2009-12-03 23.98 23.98 21.85 21.85
2010-01-27 18.31 18.69 18.02 18.02
2010-02-01 19.49 19.55 18.2 18.2
2010-04-20 18.33 18.55 18.04 18.04
2010-06-10 15.72 15.98 15.52 15.52
2010-07-14 13.34 13.6 12.75 12.75
2011-01-04 16.44 16.5 16.05 16.05
2011-02-09 15.27 15.94 14.68 14.68
2011-02-10 16.28 16.42 15.5 15.5
2011-05-30 13.57 14.0 13.29 13.29
2011-06-07 13.88 13.93 13.73 13.73
2011-06-15 14.0 14.5 13.61 13.61
2011-11-28 9.72 9.8 9.44 9.44
2012-01-16 7.78 8.11 7.63 7.63
2012-01-20 8.05 8.25 7.9 7.9
2012-05-04 7.32 7.32 7.32 7.32
2012-05-07 6.95 6.95 6.95 6.95
2012-05-08 6.77 6.9 6.6 6.6
2012-07-31 5.09 5.09 5.09 5.09
2012-08-01 4.84 4.84 4.84 4.84
2012-08-08 4.71 4.87 4.64 4.64
2012-08-31 4.71 4.77 4.54 4.54
2012-10-23 5.61 5.61 5.61 5.61
2012-11-09 5.37 5.47 5.2 5.2
2012-12-06 4.69 4.76 4.68 4.68
2012-12-07 4.9 4.91 4.69 4.69
2013-03-25 6.73 6.73 6.4 6.4
2013-07-12 4.96 5.1 4.94 4.94
2013-12-09 8.73 8.75 8.48 8.48
2013-12-16 8.73 9.04 8.61 8.61
2013-12-20 8.29 8.35 8.13 8.13
2013-12-30 7.61 7.68 7.58 7.58
2014-02-10 7.52 7.53 7.23 7.23
2014-08-08 8.2 8.29 8.18 8.18
2014-08-11 8.43 8.47 8.21 8.21
2014-11-11 11.28 11.57 10.52 10.52
2015-01-20 11.1 11.11 10.72 10.72
2015-02-13 10.71 10.75 10.6 10.6
2015-02-26 10.95 10.95 10.72 10.72
2015-03-02 11.4 11.47 11.09 11.09
2015-03-04 11.54 11.55 10.47 10.47
2015-03-06 11.56 11.77 11.44 11.44
2015-07-07 12.84 12.84 12.84 12.84
2015-07-08 11.56 11.56 11.56 11.56
2015-07-13 12.72 12.72 12.72 12.72
2015-07-16 11.96 12.86 11.33 11.33
2015-08-13 13.45 13.5 13.02 13.02
2015-08-19 14.65 14.65 12.52 12.52
2015-08-25 10.46 10.76 10.46 10.46
2015-09-09 9.88 9.99 9.4 9.4
2015-09-16 10.18 10.18 9.05 9.05
2015-10-29 11.8 11.96 11.1 11.1
2016-02-16 8.4 8.41 8.04 8.04
2016-03-21 8.72 8.82 8.53 8.53
2016-05-31 9.55 9.55 9.2 9.2
2016-09-05 9.58 9.75 9.46 9.46
2016-09-09 9.72 9.79 9.68 9.68
2016-09-30 9.31 9.36 9.23 9.23
2016-10-11 9.64 9.69 9.51 9.51
2016-11-10 9.75 9.79 9.63 9.63
2017-07-03 7.66 7.74 7.51 7.51
