2014-09-30 4.68 4.68 4.68 4.68
2014-10-08 5.15 5.15 5.15 5.15
2014-10-09 5.67 5.67 5.67 5.67
2014-10-10 6.24 6.24 6.24 6.24
2014-10-13 6.86 6.86 6.86 6.86
2014-10-14 7.55 7.55 7.55 7.55
2014-10-15 8.31 8.31 8.31 8.31
2014-10-16 9.14 9.14 9.14 9.14
2014-10-23 8.94 9.16 8.76 8.76
2014-10-28 8.33 8.36 8.19 8.19
2014-11-03 8.92 9.01 8.82 8.82
2014-12-15 11.7 11.85 11.5 11.5
2015-01-05 10.28 10.3 9.92 9.92
2015-01-09 10.57 10.96 10.5 10.5
2015-01-20 10.48 10.59 10.02 10.02
2015-02-16 10.38 10.43 10.2 10.2
2015-03-02 10.97 11.06 10.68 10.68
2015-04-20 13.96 14.45 13.53 13.53
2015-05-21 14.98 15.2 14.19 14.19
2015-07-08 9.57 9.78 8.61 8.61
2015-07-09 10.53 10.53 9.57 9.57
2015-08-28 11.57 11.6 10.64 10.64
2015-10-08 10.73 10.79 10.4 10.4
2015-11-04 12.9 12.97 12.29 12.29
2015-11-06 13.13 13.16 12.81 12.81
2015-11-09 13.51 14.18 13.3 13.3
2015-12-25 15.5 15.83 14.5 14.5
2016-01-05 13.33 13.8 12.75 12.75
2016-01-14 11.11 11.23 10.01 10.01
2016-01-19 10.91 10.97 10.45 10.45
2016-01-20 10.98 11.2 10.78 10.78
2016-02-04 9.43 9.6 9.17 9.17
2016-03-07 9.06 9.15 8.85 8.85
2016-03-14 9.14 9.26 8.95 8.95
2016-04-11 11.14 11.2 10.9 10.9
2016-04-13 11.05 11.23 10.96 10.96
2016-04-29 10.17 10.3 10.09 10.09
2016-05-10 9.7 9.8 9.59 9.59
2016-05-13 9.38 9.52 9.3 9.3
2016-06-27 9.63 9.65 9.36 9.36
2016-07-13 10.4 10.47 10.3 10.3
2016-08-24 10.59 10.78 10.27 10.27
2016-09-14 13.67 14.28 12.83 12.83
2016-09-19 14.3 14.34 13.56 13.56
2016-10-25 15.19 15.3 15.04 15.04
2016-11-10 17.05 17.28 15.88 15.88
2016-12-21 14.41 14.65 13.33 13.33
2017-01-03 13.49 13.53 13.24 13.24
2017-01-26 12.5 12.5 12.38 12.38
2017-02-08 13.15 13.33 12.59 12.59
2017-02-14 13.17 13.23 13.0 13.0
2017-03-06 12.94 12.95 12.76 12.76
2017-03-16 12.83 12.87 12.67 12.67
2017-06-05 9.4 9.43 9.3 9.3
2017-06-20 9.66 9.74 9.59 9.59
2017-06-29 9.42 9.49 9.38 9.38
2017-07-03 9.46 9.47 9.4 9.4
2017-07-04 9.55 9.55 9.42 9.42
2017-08-07 9.15 9.17 9.1 9.1
