2003-12-09 7.71 7.75 7.64 7.64
2003-12-30 8.48 8.51 7.9 7.9
2004-03-05 9.01 9.23 8.95 8.95
2004-07-01 6.99 7.05 6.75 6.75
2004-07-08 7.2 7.23 7.11 7.11
2004-07-29 7.55 7.6 7.43 7.43
2004-08-05 7.31 7.42 7.3 7.3
2004-08-09 7.3 7.33 7.2 7.2
2004-08-10 7.31 7.38 7.25 7.25
2004-08-13 7.2 7.3 7.01 7.01
2004-08-18 7.14 7.19 7.12 7.12
2004-08-25 6.95 6.95 6.86 6.86
2004-11-18 6.17 6.21 5.92 5.92
2004-12-03 6.11 6.19 6.04 6.04
2005-01-05 6.08 6.13 5.85 5.85
2005-01-10 6.39 6.42 6.17 6.17
2005-03-08 6.69 6.78 6.51 6.51
2005-03-11 6.8 6.83 6.5 6.5
2005-03-17 6.5 6.61 6.43 6.43
2005-04-06 6.68 6.75 6.39 6.39
2005-04-11 6.68 6.85 6.68 6.68
2005-04-13 6.49 6.65 6.41 6.41
2005-05-13 6.57 6.58 6.3 6.3
2006-10-25 5.6 5.68 5.31 5.31
2006-10-30 5.6 5.68 5.41 5.41
2006-11-03 5.86 5.93 5.66 5.66
2007-03-23 9.66 9.78 9.11 9.11
2007-04-02 9.74 9.83 9.44 9.44
2007-08-27 16.34 16.88 16.02 16.02
2007-09-03 17.25 17.78 16.88 16.88
2007-12-04 12.25 12.55 12.15 12.15
2007-12-05 12.39 12.45 12.25 12.25
2008-01-14 17.54 17.77 16.53 16.53
2008-01-21 18.16 18.77 17.59 17.59
2008-01-23 17.97 17.97 16.0 16.0
2008-06-11 11.58 11.9 11.5 11.5
2008-08-13 9.25 9.29 8.74 8.74
2008-11-03 4.7 4.79 4.43 4.43
2008-11-10 5.0 5.03 4.69 4.69
2009-02-20 8.16 8.16 7.43 7.43
2009-03-04 7.63 7.63 6.98 6.98
2009-03-05 8.2 8.31 7.8 7.8
2009-03-13 8.61 9.08 8.51 8.51
2009-03-19 9.86 10.03 9.6 9.6
2009-04-10 9.78 9.96 9.27 9.27
2009-06-17 10.07 10.18 9.85 9.85
2009-07-13 12.07 12.47 11.71 11.71
2009-11-30 16.2 16.26 15.7 15.7
2009-12-02 16.95 17.05 16.66 16.66
2009-12-07 16.85 16.89 16.58 16.58
2010-03-24 13.7 13.74 13.57 13.57
2010-03-29 13.83 13.84 13.58 13.58
2010-07-14 10.87 11.0 10.73 10.73
2010-09-17 11.58 11.79 11.51 11.51
2010-09-27 11.39 11.45 11.02 11.02
2011-03-24 12.12 12.43 11.71 11.71
2011-05-31 12.3 12.33 11.68 11.68
2011-06-30 12.03 12.28 11.57 11.57
2011-07-04 12.26 12.31 12.02 12.02
2011-07-12 12.25 12.37 12.11 12.11
2011-11-21 11.24 11.52 10.95 10.95
2012-03-27 8.74 8.86 8.7 8.7
2012-04-05 8.48 8.5 8.1 8.1
2012-04-12 8.44 8.46 8.25 8.25
2012-04-18 8.8 8.86 8.56 8.56
2012-09-18 8.7 8.85 8.63 8.63
2012-12-25 8.71 8.79 8.4 8.4
2014-01-24 7.96 7.99 7.82 7.82
2014-03-25 8.72 8.76 8.6 8.6
2014-06-13 8.88 8.89 8.76 8.76
2014-08-04 9.65 9.66 9.5 9.5
2014-08-08 9.98 10.08 9.74 9.74
2014-10-13 12.05 12.05 11.1 11.1
2014-11-03 13.55 13.61 12.72 12.72
2015-01-13 14.15 14.5 13.19 13.19
2015-03-04 15.94 16.07 15.52 15.52
2015-03-18 19.43 19.6 18.48 18.48
2015-03-24 21.51 21.51 21.51 21.51
2015-07-09 11.64 11.64 10.2 10.2
2015-07-13 14.08 14.08 14.08 14.08
2015-07-17 14.69 14.85 13.66 13.66
2015-08-05 14.88 15.29 14.49 14.49
2015-08-10 17.15 17.26 16.2 16.2
2015-10-20 14.79 14.85 14.53 14.53
2016-06-13 15.23 15.82 15.08 15.08
2016-06-15 15.65 15.67 15.15 15.15
2016-06-17 15.9 15.96 15.41 15.41
2016-10-24 10.4 10.44 10.15 10.15
2017-07-04 8.08 8.22 7.63 7.63
2017-07-07 7.93 8.0 7.91 7.91
2017-08-31 8.08 8.28 7.95 7.95
2017-09-05 7.99 8.05 7.96 7.96
