2006-10-10 4.27 4.28 4.16 4.16
2006-11-28 3.68 3.7 3.62 3.62
2006-12-21 4.25 4.25 3.88 3.88
2007-01-16 4.6 4.65 4.48 4.48
2007-01-19 4.77 4.82 4.55 4.55
2007-01-22 5.03 5.03 4.8 4.8
2007-01-29 5.15 5.15 4.94 4.94
2007-02-06 4.94 4.94 4.66 4.66
2007-03-20 6.85 6.99 6.7 6.7
2007-04-20 8.13 8.17 7.77 7.77
2007-04-23 8.49 8.52 8.15 8.15
2007-07-25 9.38 9.39 9.1 9.1
2007-07-30 9.75 9.95 9.66 9.66
2007-08-20 9.25 9.28 9.0 9.0
2007-12-14 8.35 8.45 8.08 8.08
2008-01-02 9.15 9.22 8.71 8.71
2008-01-07 10.39 10.5 9.93 9.93
2008-01-15 9.84 10.04 9.77 9.77
2008-09-12 3.37 3.42 3.35 3.35
2008-11-10 2.69 2.74 2.55 2.55
2009-01-14 3.22 3.24 3.1 3.1
2009-01-16 3.32 3.39 3.26 3.26
2009-02-06 3.61 3.62 3.47 3.47
2009-05-06 5.51 5.51 5.09 5.09
2009-08-18 5.33 5.34 5.03 5.03
2009-11-02 5.89 5.9 5.6 5.6
2009-11-03 6.11 6.16 5.9 5.9
2009-11-04 6.38 6.5 6.07 6.07
2010-07-26 5.44 5.46 5.35 5.35
2010-10-08 6.43 6.47 6.3 6.3
2011-09-06 6.56 6.64 6.49 6.49
2012-01-10 4.51 4.53 4.3 4.3
2012-02-02 4.57 4.58 4.43 4.43
2012-02-03 4.64 4.67 4.55 4.55
2012-07-11 4.07 4.09 4.03 4.03
2012-07-13 4.13 4.17 4.1 4.1
2012-08-01 3.9 3.92 3.81 3.81
2012-08-07 4.18 4.38 4.15 4.15
2012-11-12 3.96 3.96 3.89 3.89
2012-12-07 3.89 3.94 3.81 3.81
2012-12-14 4.0 4.01 3.83 3.83
2012-12-19 4.04 4.18 3.98 3.98
2013-04-19 4.51 4.52 4.29 4.29
2013-04-24 4.39 4.41 4.3 4.3
2013-05-03 4.41 4.45 4.28 4.28
2013-08-01 3.78 3.8 3.69 3.69
2013-10-08 4.26 4.3 4.16 4.16
2013-10-14 4.4 4.41 4.34 4.34
2014-03-04 5.18 5.2 4.9 4.9
2014-04-09 5.04 5.06 4.93 4.93
2014-06-26 6.18 6.23 6.15 6.15
2014-12-19 7.82 7.96 7.68 7.68
2014-12-25 7.04 7.06 6.85 6.85
2015-05-21 13.83 14.0 12.97 12.97
2015-07-08 7.53 7.53 7.53 7.53
2015-07-09 8.28 8.28 6.78 6.78
2015-08-04 9.75 9.76 8.8 8.8
2015-08-07 10.68 10.68 9.8 9.8
2015-09-11 8.49 8.81 8.12 8.12
2015-09-16 8.26 8.26 7.45 7.45
2015-09-21 8.52 8.66 7.95 7.95
2015-09-24 8.96 9.14 8.66 8.66
2016-02-04 11.38 11.67 11.23 11.23
2016-02-15 11.05 11.18 10.6 10.6
2016-05-05 16.46 16.83 15.25 15.25
2016-06-14 5.2 5.24 5.08 5.08
2016-06-22 5.11 5.13 5.05 5.05
2016-11-08 6.99 7.2 6.67 6.67
2017-01-23 6.45 6.52 6.3 6.3
