1996-11-18 10.6 10.6 10.0 10.0
1996-12-02 11.7 11.75 11.0 11.0
1996-12-17 9.43 10.02 9.43 9.43
1997-01-10 9.05 9.05 8.9 8.9
1997-01-15 8.99 9.03 8.7 8.7
1997-02-19 8.89 9.0 8.5 8.5
1997-02-20 8.7 8.85 8.0 8.0
1997-02-21 9.4 9.48 8.81 8.81
1997-03-03 9.99 10.1 9.7 9.7
1997-04-10 11.68 11.96 11.2 11.2
1997-04-11 12.6 12.65 11.9 11.9
1997-06-09 13.34 13.77 12.88 12.88
1997-07-11 12.2 12.35 11.7 11.7
1997-07-17 12.31 12.42 12.06 12.06
1997-07-18 12.4 12.48 12.3 12.3
1997-08-01 9.8 9.87 9.7 9.7
1997-08-21 9.24 9.38 9.21 9.21
1997-09-25 7.77 7.91 7.71 7.71
1997-10-16 8.07 8.12 8.0 8.0
1997-10-24 8.0 8.0 7.8 7.8
1997-10-27 8.49 8.58 8.0 8.0
1998-02-18 8.2 8.28 8.18 8.18
1998-02-19 8.4 8.4 8.2 8.2
1998-04-08 9.39 9.42 8.86 8.86
1998-04-13 9.47 9.76 9.3 9.3
1998-04-23 9.28 9.44 9.27 9.27
1998-04-28 9.05 9.17 8.96 8.96
1998-05-15 9.3 9.38 9.2 9.2
1998-05-20 9.36 9.38 9.1 9.1
1998-05-21 10.04 10.1 9.4 9.4
1998-05-27 10.24 10.51 10.01 10.01
1998-05-29 10.45 10.58 10.2 10.2
1998-08-19 6.71 6.71 6.1 6.1
1998-09-04 7.48 7.56 7.24 7.24
1998-09-30 8.9 8.97 8.2 8.2
1998-10-07 8.97 9.05 8.82 8.82
1998-12-25 7.65 7.79 7.65 7.65
1999-01-05 7.37 7.49 7.25 7.25
1999-01-06 7.55 7.64 7.25 7.25
1999-01-08 7.77 7.79 7.41 7.41
1999-01-18 7.79 7.8 7.55 7.55
1999-03-29 8.34 8.4 8.06 8.06
1999-04-29 7.4 7.48 7.19 7.19
1999-05-05 7.38 7.4 7.3 7.3
1999-05-11 7.25 7.35 7.05 7.05
1999-07-14 8.8 8.84 8.36 8.36
1999-08-02 9.13 9.29 8.86 8.86
1999-08-09 9.7 9.79 9.18 9.18
1999-08-17 8.72 8.92 8.65 8.65
1999-08-23 10.3 10.3 9.41 9.41
1999-08-26 10.15 10.39 9.7 9.7
1999-10-22 8.28 8.38 8.05 8.05
1999-10-26 8.15 8.2 8.03 8.03
1999-11-01 8.22 8.3 8.18 8.18
1999-11-05 8.02 8.14 8.0 8.0
1999-11-12 7.88 8.03 7.84 7.84
1999-11-17 8.24 8.26 7.9 7.9
1999-12-23 8.17 8.28 8.1 8.1
2000-02-28 12.82 12.82 11.7 11.7
2000-03-27 12.6 12.63 12.0 12.0
2000-05-25 11.99 12.14 11.9 11.9
2000-05-31 11.9 12.1 11.82 11.82
2000-06-07 12.66 12.69 11.98 11.98
2000-08-02 12.03 12.16 11.98 11.98
2000-08-09 11.99 12.09 11.82 11.82
2000-09-29 11.56 11.76 11.4 11.4
2000-10-09 11.69 11.7 11.58 11.58
2000-10-17 11.59 11.65 11.42 11.42
2000-11-01 12.6 12.78 11.92 11.92
2000-11-16 13.89 14.05 13.4 13.4
2000-11-30 13.5 13.51 13.1 13.1
2000-12-07 14.62 14.62 13.79 13.79
2000-12-14 13.76 13.95 13.65 13.65
2000-12-22 13.73 13.95 13.59 13.59
2001-02-09 11.26 11.28 11.11 11.11
2001-02-15 11.49 11.52 11.4 11.4
2001-03-26 12.22 12.28 12.07 12.07
2001-04-03 12.38 12.4 12.19 12.19
2001-04-05 12.91 12.98 12.6 12.6
2001-04-09 13.28 13.39 12.91 12.91
2001-05-14 13.92 13.93 13.52 13.52
2001-05-31 14.35 14.48 14.1 14.1
2001-06-21 13.0 13.02 12.85 12.85
2001-06-25 13.3 13.55 13.04 13.04
2001-07-03 13.13 13.2 12.88 12.88
2001-08-09 12.37 12.38 12.07 12.07
2001-08-15 12.27 12.35 12.09 12.09
2001-08-20 12.0 12.1 11.87 11.87
2001-09-14 11.39 11.69 11.36 11.36
2001-09-18 11.25 11.47 11.11 11.11
2001-10-29 10.19 10.3 10.03 10.03
2001-11-27 10.13 10.13 9.96 9.96
2001-12-18 10.19 10.3 10.0 10.0
2001-12-21 9.75 9.78 9.63 9.63
2001-12-26 9.68 9.68 9.48 9.48
2002-03-07 9.48 9.66 9.0 9.0
2002-06-20 9.31 9.41 9.18 9.18
2002-06-21 9.85 9.9 9.3 9.3
2002-07-17 10.99 11.07 10.8 10.8
2002-08-27 10.48 10.54 10.44 10.44
2002-08-29 10.4 10.45 10.35 10.35
2002-09-03 10.34 10.46 10.29 10.29
2002-09-10 10.02 10.08 9.97 9.97
2002-09-17 9.95 10.05 9.9 9.9
2002-09-23 10.14 10.18 10.04 10.04
2003-01-28 8.8 8.88 8.65 8.65
2003-02-14 8.83 8.84 8.73 8.73
2003-04-17 11.07 11.3 10.8 10.8
2003-04-22 10.09 10.2 10.02 10.02
2003-07-31 8.83 8.94 8.72 8.72
2003-08-18 8.52 8.53 8.48 8.48
2003-08-19 8.58 8.6 8.52 8.52
2003-09-19 7.89 7.98 7.8 7.8
2003-10-15 7.55 7.8 7.53 7.53
2003-10-22 7.44 7.45 7.31 7.31
2003-10-30 5.95 6.12 5.52 5.52
2003-11-20 6.3 6.32 5.9 5.9
2003-11-24 6.41 6.45 6.1 6.1
2004-06-01 7.01 7.03 6.88 6.88
2004-07-12 6.14 6.21 6.05 6.05
2004-07-13 6.2 6.22 6.05 6.05
2004-07-14 6.38 6.42 6.23 6.23
2004-07-15 6.46 6.55 6.35 6.35
2004-07-16 6.7 6.71 6.47 6.47
2004-07-29 6.64 6.66 6.51 6.51
2004-08-16 6.6 6.63 6.57 6.57
2004-08-17 6.7 6.74 6.55 6.55
2004-08-18 6.86 6.9 6.7 6.7
2004-09-15 7.1 7.25 6.8 6.8
2004-09-17 7.29 7.35 7.14 7.14
2004-09-23 7.6 7.62 7.22 7.22
2004-12-14 7.39 7.46 7.35 7.35
2005-01-13 7.49 7.55 7.48 7.48
2005-04-07 7.77 7.9 7.51 7.51
2005-04-13 7.82 7.87 7.58 7.58
2005-06-27 7.42 7.45 7.18 7.18
2005-07-26 7.17 7.2 6.81 6.81
2005-09-12 7.94 7.98 7.81 7.81
2005-09-19 8.17 8.18 7.96 7.96
2005-09-20 8.36 8.58 8.22 8.22
2005-10-12 8.68 8.87 8.1 8.1
2006-11-01 10.32 10.36 10.04 10.04
2006-11-17 9.79 9.83 9.52 9.52
2006-11-22 10.7 10.82 10.29 10.29
2006-11-30 11.76 12.0 11.0 11.0
2006-12-07 12.05 12.68 12.02 12.02
2006-12-14 12.04 12.09 11.45 11.45
2007-01-15 13.39 13.44 12.7 12.7
2007-04-11 17.03 17.15 16.52 16.52
2007-04-16 17.24 17.34 16.66 16.66
2007-04-20 17.58 17.74 16.18 16.18
2007-04-26 19.75 19.82 18.9 18.9
2007-05-22 20.16 20.8 20.0 20.0
2007-06-21 18.84 18.88 18.15 18.15
2007-08-02 19.16 19.18 18.34 18.34
2007-08-03 19.93 20.58 19.3 19.3
2007-12-07 19.72 20.02 18.9 18.9
2008-02-18 18.06 18.29 17.5 17.5
2008-04-30 14.98 15.09 14.55 14.55
2008-07-07 12.69 12.87 12.08 12.08
2008-09-04 11.67 11.84 11.42 11.42
2008-09-10 11.78 12.15 11.12 11.12
2008-12-30 9.14 9.25 9.01 9.01
2009-04-09 13.98 13.99 13.45 13.45
2009-04-14 15.07 15.4 14.7 14.7
2009-07-17 22.18 22.68 21.49 21.49
2009-09-01 18.46 18.46 18.46 18.46
2009-09-02 17.41 17.8 16.87 16.87
2010-03-03 27.87 27.98 27.18 27.18
2010-03-08 27.81 27.97 26.95 26.95
2010-07-12 20.21 20.68 19.88 19.88
2010-07-14 20.03 20.52 19.86 19.86
2010-08-05 22.54 22.85 22.11 22.11
2010-08-10 23.12 23.48 22.87 22.87
2010-08-13 24.53 25.1 23.92 23.92
2010-11-08 25.94 26.19 25.49 25.49
2010-11-15 25.5 25.52 24.0 24.0
2010-12-29 23.45 23.73 23.02 23.02
2011-01-28 19.9 20.18 19.69 19.69
2011-03-10 22.02 22.49 21.9 21.9
2011-06-02 17.55 17.79 17.41 17.41
2011-07-15 18.24 18.4 17.72 17.72
2011-07-29 18.34 18.49 17.91 17.91
2011-09-07 19.92 19.93 18.63 18.63
2011-09-09 20.05 20.3 19.65 19.65
2011-10-17 19.42 19.52 18.7 18.7
2011-12-16 17.43 17.45 16.83 16.83
2011-12-20 17.28 17.47 17.2 17.2
2011-12-30 17.31 17.55 17.14 17.14
2013-04-01 13.37 13.6 13.11 13.11
2013-05-02 12.01 12.05 11.93 11.93
2013-05-03 12.29 12.37 12.0 12.0
2013-06-26 12.87 12.89 12.57 12.57
2013-07-04 12.72 12.8 12.44 12.44
2013-08-23 12.68 13.3 12.25 12.25
2013-11-18 15.29 15.55 15.05 15.05
2014-01-21 14.75 14.86 14.6 14.6
2014-01-22 15.27 15.3 14.74 14.74
2014-04-09 14.93 15.1 14.8 14.8
2014-07-29 17.81 17.86 17.4 17.4
2015-03-16 27.4 27.8 26.96 26.96
2015-04-01 29.67 29.83 28.82 28.82
2015-04-23 32.61 33.72 31.45 31.45
2015-10-20 34.38 34.38 34.38 34.38
2015-10-21 37.82 37.82 37.82 37.82
2015-11-06 47.33 48.25 46.29 46.29
2015-11-13 51.85 51.85 46.67 46.67
2016-02-15 37.41 38.25 35.11 35.11
2016-08-22 34.75 35.5 34.1 34.1
2016-08-25 35.73 36.5 35.58 35.58
2017-03-24 29.4 29.53 29.32 29.32
2017-04-05 29.49 29.67 28.9 28.9
2017-07-21 27.13 27.26 26.2 26.2
2017-07-27 28.77 29.2 28.6 28.6
2017-07-28 28.73 29.21 28.7 28.7
2017-07-31 29.9 30.06 28.63 28.63
