1996-10-28 11.56 11.58 11.2 11.2
1996-11-13 10.39 10.48 10.2 10.2
1996-11-18 10.6 10.6 10.0 10.0
1996-11-29 10.75 10.83 10.2 10.2
1996-12-02 11.7 11.75 11.0 11.0
1996-12-16 10.48 10.48 10.48 10.48
1996-12-17 9.43 10.02 9.43 9.43
1997-01-03 9.06 9.35 9.0 9.0
1997-01-10 9.05 9.05 8.9 8.9
1997-01-15 8.99 9.03 8.7 8.7
1997-01-30 9.4 9.46 9.1 9.1
1997-02-19 8.89 9.0 8.5 8.5
1997-02-20 8.7 8.85 8.0 8.0
1997-02-21 9.4 9.48 8.81 8.81
1997-03-03 9.99 10.1 9.7 9.7
1997-03-28 10.86 11.2 10.65 10.65
1997-04-09 11.05 11.37 10.79 10.79
1997-04-10 11.68 11.96 11.2 11.2
1997-04-11 12.6 12.65 11.9 11.9
1997-05-22 11.02 11.77 11.01 11.01
1997-06-02 12.48 12.55 12.05 12.05
1997-06-09 13.34 13.77 12.88 12.88
1997-06-20 13.5 13.59 13.08 13.08
1997-07-04 12.25 12.48 11.88 11.88
1997-07-11 12.2 12.35 11.7 11.7
1997-07-17 12.31 12.42 12.06 12.06
1997-07-18 12.4 12.48 12.3 12.3
1997-07-30 9.69 9.8 9.47 9.47
1997-08-01 9.8 9.87 9.7 9.7
1997-08-19 9.2 9.45 9.2 9.2
1997-08-21 9.24 9.38 9.21 9.21
1997-09-08 9.65 9.77 9.47 9.47
1997-09-24 7.66 7.77 7.55 7.55
1997-09-25 7.77 7.91 7.71 7.71
1997-10-10 8.27 8.41 7.92 7.92
1997-10-16 8.07 8.12 8.0 8.0
1997-10-24 8.0 8.0 7.8 7.8
1997-10-27 8.49 8.58 8.0 8.0
1997-11-06 8.69 8.78 8.3 8.3
1997-12-11 9.58 9.62 9.28 9.28
1997-12-26 8.51 8.6 8.43 8.43
1998-02-10 8.5 8.65 8.3 8.3
1998-02-18 8.2 8.28 8.18 8.18
1998-02-19 8.4 8.4 8.2 8.2
1998-03-02 7.88 7.96 7.88 7.88
1998-03-19 8.31 8.45 8.2 8.2
1998-04-02 8.83 9.14 8.74 8.74
1998-04-08 9.39 9.42 8.86 8.86
1998-04-13 9.47 9.76 9.3 9.3
1998-04-22 9.28 9.3 9.1 9.1
1998-04-23 9.28 9.44 9.27 9.27
1998-04-28 9.05 9.17 8.96 8.96
1998-05-08 9.56 9.65 9.28 9.28
1998-05-15 9.3 9.38 9.2 9.2
1998-05-20 9.36 9.38 9.1 9.1
1998-05-21 10.04 10.1 9.4 9.4
1998-05-27 10.24 10.51 10.01 10.01
1998-05-29 10.45 10.58 10.2 10.2
1998-07-06 10.87 11.0 10.02 10.02
1998-08-13 6.75 6.88 6.5 6.5
1998-08-19 6.71 6.71 6.1 6.1
1998-09-03 7.24 7.24 7.1 7.1
1998-09-04 7.48 7.56 7.24 7.24
1998-09-18 8.47 8.78 8.38 8.38
1998-09-29 8.18 8.3 8.0 8.0
1998-09-30 8.9 8.97 8.2 8.2
1998-10-07 8.97 9.05 8.82 8.82
1998-11-11 9.28 9.4 8.88 8.88
1998-11-24 8.78 8.78 8.55 8.55
1998-12-22 7.93 7.98 7.6 7.6
1998-12-25 7.65 7.79 7.65 7.65
1999-01-05 7.37 7.49 7.25 7.25
1999-01-06 7.55 7.64 7.25 7.25
1999-01-08 7.77 7.79 7.41 7.41
1999-01-18 7.79 7.8 7.55 7.55
1999-02-02 8.0 8.0 7.75 7.75
1999-03-11 8.14 8.25 8.08 8.08
1999-03-23 8.14 8.18 8.04 8.04
1999-03-29 8.34 8.4 8.06 8.06
1999-04-07 8.5 8.54 8.11 8.11
1999-04-28 7.11 7.26 7.1 7.1
1999-04-29 7.4 7.48 7.19 7.19
1999-05-05 7.38 7.4 7.3 7.3
1999-05-11 7.25 7.35 7.05 7.05
1999-06-01 8.15 8.23 7.55 7.55
1999-06-11 8.19 8.3 8.01 8.01
1999-06-28 9.1 9.14 8.6 8.6
1999-07-09 8.58 8.6 8.25 8.25
1999-07-14 8.8 8.84 8.36 8.36
1999-07-26 9.1 9.3 8.85 8.85
1999-08-02 9.13 9.29 8.86 8.86
1999-08-09 9.7 9.79 9.18 9.18
1999-08-17 8.72 8.92 8.65 8.65
1999-08-23 10.3 10.3 9.41 9.41
1999-08-26 10.15 10.39 9.7 9.7
1999-09-24 9.17 9.3 9.08 9.08
1999-10-20 8.3 8.34 8.17 8.17
1999-10-22 8.28 8.38 8.05 8.05
1999-10-26 8.15 8.2 8.03 8.03
1999-11-01 8.22 8.3 8.18 8.18
1999-11-05 8.02 8.14 8.0 8.0
1999-11-12 7.88 8.03 7.84 7.84
1999-11-17 8.24 8.26 7.9 7.9
1999-11-30 8.48 8.65 8.4 8.4
1999-12-15 8.21 8.41 8.19 8.19
1999-12-23 8.17 8.28 8.1 8.1
2000-01-20 8.64 8.69 8.38 8.38
2000-02-15 10.15 10.15 10.15 10.15
2000-02-24 12.22 12.22 11.0 11.0
2000-02-28 12.82 12.82 11.7 11.7
2000-03-09 12.2 12.51 12.02 12.02
2000-03-20 11.67 11.85 11.5 11.5
2000-03-27 12.6 12.63 12.0 12.0
2000-05-23 11.78 11.97 11.51 11.51
2000-05-25 11.99 12.14 11.9 11.9
2000-05-31 11.9 12.1 11.82 11.82
2000-06-07 12.66 12.69 11.98 11.98
2000-06-21 12.0 12.05 11.9 11.9
2000-07-28 11.77 11.84 11.71 11.71
2000-08-02 12.03 12.16 11.98 11.98
2000-08-09 11.99 12.09 11.82 11.82
2000-08-21 13.65 13.78 13.0 13.0
2000-09-27 11.68 11.7 11.5 11.5
2000-09-29 11.56 11.76 11.4 11.4
2000-10-09 11.69 11.7 11.58 11.58
2000-10-17 11.59 11.65 11.42 11.42
2000-10-30 11.82 12.0 11.71 11.71
2000-11-01 12.6 12.78 11.92 11.92
2000-11-10 13.0 13.15 12.76 12.76
2000-11-16 13.89 14.05 13.4 13.4
2000-11-28 13.4 13.49 13.05 13.05
2000-11-30 13.5 13.51 13.1 13.1
2000-12-07 14.62 14.62 13.79 13.79
2000-12-14 13.76 13.95 13.65 13.65
2000-12-22 13.73 13.95 13.59 13.59
2001-01-03 13.04 13.09 12.39 12.39
2001-01-12 12.18 12.5 12.05 12.05
2001-02-06 11.39 11.45 11.1 11.1
2001-02-09 11.26 11.28 11.11 11.11
2001-02-15 11.49 11.52 11.4 11.4
2001-03-08 12.29 12.41 12.2 12.2
2001-03-19 12.27 12.35 11.9 11.9
2001-03-26 12.22 12.28 12.07 12.07
2001-04-03 12.38 12.4 12.19 12.19
2001-04-05 12.91 12.98 12.6 12.6
2001-04-09 13.28 13.39 12.91 12.91
2001-05-08 13.17 13.2 12.85 12.85
2001-05-14 13.92 13.93 13.52 13.52
2001-05-30 14.06 14.08 13.8 13.8
2001-05-31 14.35 14.48 14.1 14.1
2001-06-19 13.06 13.18 12.8 12.8
2001-06-21 13.0 13.02 12.85 12.85
2001-06-25 13.3 13.55 13.04 13.04
2001-07-03 13.13 13.2 12.88 12.88
2001-08-01 12.33 12.35 11.61 11.61
2001-08-09 12.37 12.38 12.07 12.07
2001-08-15 12.27 12.35 12.09 12.09
2001-08-20 12.0 12.1 11.87 11.87
2001-08-31 11.2 11.38 11.16 11.16
2001-09-12 11.2 11.35 11.0 11.0
2001-09-14 11.39 11.69 11.36 11.36
2001-09-18 11.25 11.47 11.11 11.11
2001-10-26 10.03 10.1 9.81 9.81
2001-10-29 10.19 10.3 10.03 10.03
2001-11-22 10.18 10.25 10.05 10.05
2001-11-27 10.13 10.13 9.96 9.96
2001-12-17 9.96 10.06 9.96 9.96
2001-12-18 10.19 10.3 10.0 10.0
2001-12-21 9.75 9.78 9.63 9.63
2001-12-26 9.68 9.68 9.48 9.48
2002-01-31 8.65 8.66 7.97 7.97
2002-03-06 8.95 9.28 8.84 8.84
2002-03-07 9.48 9.66 9.0 9.0
2002-04-03 10.37 10.43 10.0 10.0
2002-04-26 10.24 10.38 9.91 9.91
2002-06-18 9.28 9.35 9.1 9.1
2002-06-20 9.31 9.41 9.18 9.18
2002-06-21 9.85 9.9 9.3 9.3
2002-07-12 10.7 10.85 10.53 10.53
2002-07-17 10.99 11.07 10.8 10.8
2002-08-02 10.54 10.56 10.3 10.3
2002-08-22 10.56 10.7 10.45 10.45
2002-08-27 10.48 10.54 10.44 10.44
2002-08-29 10.4 10.45 10.35 10.35
2002-09-03 10.34 10.46 10.29 10.29
2002-09-10 10.02 10.08 9.97 9.97
2002-09-17 9.95 10.05 9.9 9.9
2002-09-23 10.14 10.18 10.04 10.04
2002-10-16 9.2 9.42 9.11 9.11
2002-11-28 8.95 8.98 8.5 8.5
2003-01-14 8.75 8.76 8.2 8.2
2003-01-24 8.52 8.53 8.4 8.4
2003-01-28 8.8 8.88 8.65 8.65
2003-02-14 8.83 8.84 8.73 8.73
2003-03-03 8.97 8.99 8.81 8.81
2003-03-31 9.71 9.88 9.6 9.6
2003-04-16 10.69 10.85 9.99 9.99
2003-04-17 11.07 11.3 10.8 10.8
2003-04-22 10.09 10.2 10.02 10.02
2003-06-10 10.22 10.68 9.85 9.85
2003-07-14 9.35 9.41 9.18 9.18
2003-07-29 8.62 8.65 8.52 8.52
2003-07-31 8.83 8.94 8.72 8.72
2003-08-11 8.64 8.66 8.6 8.6
2003-08-18 8.52 8.53 8.48 8.48
2003-08-19 8.58 8.6 8.52 8.52
2003-09-01 8.19 8.2 7.92 7.92
2003-09-18 7.89 8.0 7.85 7.85
2003-09-19 7.89 7.98 7.8 7.8
2003-10-13 7.74 7.85 7.54 7.54
2003-10-15 7.55 7.8 7.53 7.53
2003-10-22 7.44 7.45 7.31 7.31
2003-10-30 5.95 6.12 5.52 5.52
2003-11-12 5.9 6.1 5.8 5.8
2003-11-20 6.3 6.32 5.9 5.9
2003-11-24 6.41 6.45 6.1 6.1
2004-01-06 6.09 6.3 6.0 6.0
2004-02-04 6.97 7.07 6.7 6.7
2004-04-02 8.0 8.05 7.9 7.9
2004-04-30 7.0 7.16 6.96 6.96
2004-05-28 6.96 7.04 6.82 6.82
2004-06-01 7.01 7.03 6.88 6.88
2004-06-21 6.39 6.45 6.3 6.3
2004-07-06 6.3 6.38 6.28 6.28
2004-07-12 6.14 6.21 6.05 6.05
2004-07-13 6.2 6.22 6.05 6.05
2004-07-14 6.38 6.42 6.23 6.23
2004-07-15 6.46 6.55 6.35 6.35
2004-07-16 6.7 6.71 6.47 6.47
2004-07-28 6.6 6.7 6.43 6.43
2004-07-29 6.64 6.66 6.51 6.51
2004-08-13 6.6 6.65 6.46 6.46
2004-08-16 6.6 6.63 6.57 6.57
2004-08-17 6.7 6.74 6.55 6.55
2004-08-18 6.86 6.9 6.7 6.7
2004-09-14 6.79 6.85 6.61 6.61
2004-09-15 7.1 7.25 6.8 6.8
2004-09-17 7.29 7.35 7.14 7.14
2004-09-23 7.6 7.62 7.22 7.22
2004-11-12 7.22 7.26 7.15 7.15
2004-12-02 7.52 7.61 7.5 7.5
2004-12-13 7.39 7.45 7.33 7.33
2004-12-14 7.39 7.46 7.35 7.35
2005-01-05 7.19 7.34 7.15 7.15
2005-01-13 7.49 7.55 7.48 7.48
2005-03-11 7.99 8.01 7.85 7.85
2005-03-22 7.75 7.76 7.55 7.55
2005-04-05 7.3 7.35 7.05 7.05
2005-04-07 7.77 7.9 7.51 7.51
2005-04-13 7.82 7.87 7.58 7.58
2005-04-26 7.38 7.73 7.24 7.24
2005-05-30 7.5 7.5 7.3 7.3
2005-06-21 7.23 7.36 7.1 7.1
2005-06-27 7.42 7.45 7.18 7.18
2005-07-11 6.67 6.78 6.64 6.64
2005-07-20 6.59 6.63 6.45 6.45
2005-07-26 7.17 7.2 6.81 6.81
2005-08-05 7.42 7.48 7.19 7.19
2005-08-24 7.79 7.88 7.7 7.7
2005-09-07 8.03 8.04 7.85 7.85
2005-09-12 7.94 7.98 7.81 7.81
2005-09-19 8.17 8.18 7.96 7.96
2005-09-20 8.36 8.58 8.22 8.22
2005-09-29 8.29 8.3 8.03 8.03
2005-10-12 8.68 8.87 8.1 8.1
2005-11-01 7.95 8.05 7.88 7.88
2005-12-01 7.87 7.9 7.78 7.78
2006-10-16 10.4 10.52 10.0 10.0
2006-10-31 10.04 10.24 9.9 9.9
2006-11-01 10.32 10.36 10.04 10.04
2006-11-15 9.7 9.78 9.55 9.55
2006-11-17 9.79 9.83 9.52 9.52
2006-11-22 10.7 10.82 10.29 10.29
2006-11-30 11.76 12.0 11.0 11.0
2006-12-07 12.05 12.68 12.02 12.02
2006-12-14 12.04 12.09 11.45 11.45
2007-01-11 13.25 13.7 13.17 13.17
2007-01-15 13.39 13.44 12.7 12.7
2007-02-15 15.68 15.77 15.31 15.31
2007-04-06 15.99 16.3 15.51 15.51
2007-04-11 17.03 17.15 16.52 16.52
2007-04-16 17.24 17.34 16.66 16.66
2007-04-20 17.58 17.74 16.18 16.18
2007-04-26 19.75 19.82 18.9 18.9
2007-05-16 19.38 19.5 18.55 18.55
2007-05-22 20.16 20.8 20.0 20.0
2007-05-31 19.04 19.66 19.04 19.04
2007-06-18 18.15 18.29 17.85 17.85
2007-06-21 18.84 18.88 18.15 18.15
2007-07-25 17.98 18.16 17.2 17.2
2007-08-02 19.16 19.18 18.34 18.34
2007-08-03 19.93 20.58 19.3 19.3
2007-08-14 19.83 20.15 19.2 19.2
2007-09-03 20.84 21.0 20.13 20.13
2007-12-04 18.07 18.3 17.99 17.99
2007-12-07 19.72 20.02 18.9 18.9
2008-01-23 18.0 18.1 17.12 17.12
2008-02-04 17.83 17.89 16.91 16.91
2008-02-18 18.06 18.29 17.5 17.5
2008-02-27 19.27 19.5 19.04 19.04
2008-04-10 15.49 15.75 15.05 15.05
2008-04-29 14.48 14.62 14.17 14.17
2008-04-30 14.98 15.09 14.55 14.55
2008-07-02 11.2 11.32 10.95 10.95
2008-07-07 12.69 12.87 12.08 12.08
2008-08-07 13.4 13.46 12.8 12.8
2008-08-19 11.16 11.19 10.55 10.55
2008-08-29 12.69 12.85 12.09 12.09
2008-09-04 11.67 11.84 11.42 11.42
2008-09-10 11.78 12.15 11.12 11.12
2008-10-15 10.02 10.17 9.88 9.88
2008-10-28 7.83 7.95 7.51 7.51
2008-11-13 8.31 8.34 7.66 7.66
2008-12-08 10.08 10.18 9.8 9.8
2008-12-26 9.1 9.17 9.0 9.0
2008-12-30 9.14 9.25 9.01 9.01
2009-01-12 11.59 11.85 11.01 11.01
2009-03-19 13.45 13.84 13.31 13.31
2009-04-07 13.74 13.8 13.45 13.45
2009-04-09 13.98 13.99 13.45 13.45
2009-04-14 15.07 15.4 14.7 14.7
2009-04-29 15.8 16.08 15.38 15.38
2009-05-22 19.34 19.55 19.0 19.0
2009-07-10 19.36 19.84 19.32 19.32
2009-07-17 22.18 22.68 21.49 21.49
2009-08-31 20.51 20.51 20.51 20.51
2009-09-01 18.46 18.46 18.46 18.46
2009-09-02 17.41 17.8 16.87 16.87
2009-09-14 19.8 19.88 19.51 19.51
2009-11-05 22.5 22.94 21.97 21.97
2009-12-16 21.72 22.0 21.65 21.65
2009-12-29 22.94 23.49 22.33 22.33
2010-03-01 27.7 28.08 27.55 27.55
2010-03-03 27.87 27.98 27.18 27.18
2010-03-08 27.81 27.97 26.95 26.95
2010-05-28 19.94 20.4 19.83 19.83
2010-07-07 19.22 19.7 18.5 18.5
2010-07-12 20.21 20.68 19.88 19.88
2010-07-14 20.03 20.52 19.86 19.86
2010-08-03 21.49 22.03 21.29 21.29
2010-08-05 22.54 22.85 22.11 22.11
2010-08-10 23.12 23.48 22.87 22.87
2010-08-13 24.53 25.1 23.92 23.92
2010-09-13 28.06 28.5 26.8 26.8
2010-11-05 25.09 25.25 23.94 23.94
2010-11-08 25.94 26.19 25.49 25.49
2010-11-15 25.5 25.52 24.0 24.0
2010-12-28 23.02 23.06 22.5 22.5
2010-12-29 23.45 23.73 23.02 23.02
2011-01-27 19.76 19.86 19.15 19.15
2011-01-28 19.9 20.18 19.69 19.69
2011-03-07 21.72 21.74 21.31 21.31
2011-03-10 22.02 22.49 21.9 21.9
2011-03-30 19.91 20.08 19.82 19.82
2011-05-31 17.96 18.08 17.63 17.63
2011-06-02 17.55 17.79 17.41 17.41
2011-06-22 16.88 17.04 16.85 16.85
2011-07-13 17.53 17.58 17.21 17.21
2011-07-15 18.24 18.4 17.72 17.72
2011-07-26 17.64 17.67 17.45 17.45
2011-07-29 18.34 18.49 17.91 17.91
2011-08-30 19.54 19.78 18.56 18.56
2011-09-07 19.92 19.93 18.63 18.63
2011-09-09 20.05 20.3 19.65 19.65
2011-09-21 19.11 19.3 18.61 18.61
2011-10-13 18.69 18.85 18.34 18.34
2011-10-17 19.42 19.52 18.7 18.7
2011-11-08 19.75 19.95 19.45 19.45
2011-12-15 16.83 16.87 16.5 16.5
2011-12-16 17.43 17.45 16.83 16.83
2011-12-20 17.28 17.47 17.2 17.2
2011-12-29 17.1 17.37 16.81 16.81
2011-12-30 17.31 17.55 17.14 17.14
2012-02-02 16.82 16.84 16.57 16.57
2012-03-08 17.67 17.7 17.43 17.43
2012-03-26 17.05 17.06 16.88 16.88
2012-04-10 16.9 16.95 16.51 16.51
2012-07-24 15.17 15.17 15.01 15.01
2012-09-19 15.42 15.5 15.1 15.1
2012-10-18 15.39 16.0 15.03 15.03
2012-11-20 14.6 14.6 14.46 14.46
2012-12-28 13.96 13.98 13.73 13.73
2013-03-06 13.9 13.98 13.6 13.6
2013-03-25 13.51 13.51 13.42 13.42
2013-04-01 13.37 13.6 13.11 13.11
2013-04-24 12.16 12.2 11.94 11.94
2013-05-02 12.01 12.05 11.93 11.93
2013-05-03 12.29 12.37 12.0 12.0
2013-05-31 13.61 13.96 13.48 13.48
2013-06-18 12.96 13.05 12.85 12.85
2013-06-26 12.87 12.89 12.57 12.57
2013-07-04 12.72 12.8 12.44 12.44
2013-08-19 12.3 12.36 12.09 12.09
2013-08-23 12.68 13.3 12.25 12.25
2013-10-10 15.58 15.58 14.3 14.3
2013-11-14 14.39 14.42 13.8 13.8
2013-11-18 15.29 15.55 15.05 15.05
2013-12-03 17.14 17.59 16.2 16.2
2014-01-14 14.78 14.86 14.23 14.23
2014-01-21 14.75 14.86 14.6 14.6
2014-01-22 15.27 15.3 14.74 14.74
2014-03-03 15.12 15.48 14.32 14.32
2014-03-25 14.69 15.05 14.26 14.26
2014-04-08 14.74 14.77 14.41 14.41
2014-04-09 14.93 15.1 14.8 14.8
2014-05-23 15.16 15.2 14.62 14.62
2014-07-08 17.4 17.87 16.6 16.6
2014-07-28 17.41 17.47 16.94 16.94
2014-07-29 17.81 17.86 17.4 17.4
2014-10-22 20.16 20.3 19.83 19.83
2014-11-06 24.13 24.2 23.3 23.3
2015-01-20 26.61 28.68 26.2 26.2
2015-02-17 27.67 28.43 26.55 26.55
2015-03-12 26.72 26.78 26.11 26.11
2015-03-16 27.4 27.8 26.96 26.96
2015-03-30 28.63 28.78 27.27 27.27
2015-04-01 29.67 29.83 28.82 28.82
2015-04-21 31.12 31.51 30.01 30.01
2015-04-23 32.61 33.72 31.45 31.45
2015-05-12 36.39 36.39 33.78 33.78
2015-10-19 31.25 31.25 31.25 31.25
2015-10-20 34.38 34.38 34.38 34.38
2015-10-21 37.82 37.82 37.82 37.82
2015-11-02 41.6 41.6 41.6 41.6
2015-11-06 47.33 48.25 46.29 46.29
2015-11-13 51.85 51.85 46.67 46.67
2015-12-22 49.71 50.5 49.25 49.25
2016-01-05 48.34 49.99 44.5 44.5
2016-02-02 35.0 35.04 33.06 33.06
2016-02-15 37.41 38.25 35.11 35.11
2016-03-03 37.17 38.4 35.18 35.18
2016-03-21 43.0 43.86 40.65 40.65
2016-04-11 40.41 40.92 40.3 40.3
2016-04-27 39.24 39.75 39.01 39.01
2016-05-27 35.88 36.3 35.3 35.3
2016-07-11 32.7 32.98 32.53 32.53
2016-08-02 32.72 33.17 31.88 31.88
2016-08-19 34.09 34.28 33.66 33.66
2016-08-22 34.75 35.5 34.1 34.1
2016-08-25 35.73 36.5 35.58 35.58
2016-09-05 34.42 34.81 33.91 33.91
2016-09-19 32.84 32.93 31.74 31.74
2016-12-06 30.28 30.4 30.08 30.08
2016-12-16 29.88 30.25 29.31 29.31
2017-03-16 30.07 30.14 29.9 29.9
2017-03-24 29.4 29.53 29.32 29.32
2017-04-05 29.49 29.67 28.9 28.9
2017-05-31 26.29 26.39 25.88 25.88
2017-06-27 26.59 26.69 26.21 26.21
2017-07-18 24.91 24.97 24.59 24.59
2017-07-21 27.13 27.26 26.2 26.2
2017-07-27 28.77 29.2 28.6 28.6
2017-07-28 28.73 29.21 28.7 28.7
2017-07-31 29.9 30.06 28.63 28.63
2017-08-14 29.19 29.9 28.74 28.74
2017-08-25 29.3 29.32 28.77 28.77
