1997-04-22 17.48 17.98 15.5 15.5
1997-04-25 18.54 18.54 17.01 17.01
1997-05-16 16.63 17.67 16.2 16.2
1997-05-22 15.21 16.2 15.21 15.21
1997-05-27 17.1 17.4 16.68 16.68
1997-06-13 15.2 15.46 13.7 13.7
1997-07-11 14.13 14.18 13.8 13.8
1997-07-17 15.0 15.23 14.8 14.8
1997-08-21 13.95 13.98 13.75 13.75
1997-08-26 13.36 13.5 13.32 13.32
1997-08-28 13.7 13.9 13.3 13.3
1997-09-04 14.28 14.35 13.9 13.9
1997-10-16 12.8 12.9 12.48 12.48
1997-10-27 14.52 14.72 13.8 13.8
1997-11-03 13.89 14.05 13.83 13.83
1997-12-02 12.95 13.07 12.9 12.9
1997-12-08 13.29 13.4 13.0 13.0
1997-12-19 14.64 14.89 14.18 14.18
1997-12-31 15.8 15.85 15.4 15.4
1998-01-05 17.38 17.38 16.0 16.0
1998-01-14 18.84 18.98 17.78 17.78
1998-01-22 20.67 20.8 20.02 20.02
1998-02-19 19.2 19.3 18.92 18.92
1998-03-05 17.28 17.69 17.15 17.15
1998-03-23 19.06 19.36 18.43 18.43
1998-04-10 19.98 20.35 19.01 19.01
1998-05-08 23.55 23.7 22.8 22.8
1998-05-12 23.29 23.6 22.8 22.8
1998-05-13 23.95 24.48 23.25 23.25
1998-05-25 23.88 24.29 23.58 23.58
1998-06-10 23.1 23.3 22.4 22.4
1998-06-19 22.65 22.65 21.8 21.8
1998-06-24 22.5 22.65 22.05 22.05
1998-07-08 18.2 18.45 18.0 18.0
1998-07-17 17.96 18.08 17.93 17.93
1998-07-23 17.93 17.95 17.65 17.65
1998-07-24 17.99 18.38 17.0 17.0
1998-08-07 16.59 16.79 16.5 16.5
1998-08-21 14.67 14.78 13.85 13.85
1998-09-04 14.88 15.0 14.5 14.5
1998-09-07 14.93 15.04 14.8 14.8
1998-10-28 14.15 14.46 12.58 12.58
1998-11-03 14.66 14.72 14.2 14.2
1998-11-16 16.08 16.18 15.47 15.47
1998-12-01 15.05 15.26 14.85 14.85
1998-12-08 15.4 15.4 15.07 15.07
1998-12-22 14.82 14.84 14.3 14.3
1999-01-07 14.39 14.55 13.9 13.9
1999-01-15 14.76 14.9 14.6 14.6
1999-01-21 15.01 15.08 14.85 14.85
1999-01-26 14.69 14.85 14.65 14.65
1999-02-02 14.41 14.7 14.1 14.1
1999-03-04 14.6 15.0 14.1 14.1
1999-03-11 14.31 14.49 14.2 14.2
1999-03-17 14.4 14.4 14.2 14.2
1999-03-19 14.27 14.3 14.0 14.0
1999-03-26 14.0 14.0 13.8 13.8
1999-03-30 13.89 14.35 13.8 13.8
1999-04-20 13.62 13.88 13.55 13.55
1999-05-12 12.88 12.96 12.5 12.5
1999-05-24 15.94 15.94 14.8 14.8
1999-06-07 12.44 12.56 11.7 11.7
1999-06-23 14.14 14.2 13.75 13.75
1999-06-24 14.74 15.1 14.2 14.2
1999-07-07 12.96 13.01 12.56 12.56
1999-07-28 12.55 12.6 12.4 12.4
1999-08-04 12.25 12.4 12.01 12.01
1999-08-05 12.57 12.75 12.3 12.3
1999-08-17 12.5 12.8 12.4 12.4
1999-09-09 12.96 13.0 12.3 12.3
1999-09-30 12.18 12.29 12.16 12.16
1999-10-12 12.05 12.17 12.0 12.0
1999-10-14 11.89 12.05 11.7 11.7
1999-10-15 12.03 12.15 11.92 11.92
1999-10-26 11.6 11.75 11.48 11.48
1999-11-12 11.39 11.6 11.3 11.3
1999-11-26 10.86 11.0 10.83 10.83
1999-12-14 10.45 10.5 10.1 10.1
2000-01-06 11.6 11.9 10.8 10.8
2000-01-07 12.05 12.16 11.7 11.7
2000-01-20 11.2 11.38 10.98 10.98
2000-01-27 11.09 11.42 10.9 10.9
2000-02-21 11.8 12.05 11.3 11.3
2000-03-03 11.86 12.2 11.6 11.6
2000-03-20 11.93 11.96 11.58 11.58
2000-03-27 12.58 12.79 12.18 12.18
2000-05-24 12.49 12.58 12.01 12.01
2000-05-29 12.68 12.94 12.54 12.54
2000-06-22 13.77 13.9 13.6 13.6
2000-07-04 13.99 14.05 13.65 13.65
2000-07-24 15.09 15.34 15.0 15.0
2000-09-22 14.98 15.2 14.6 14.6
2001-01-10 13.15 13.26 12.8 12.8
2001-01-19 12.76 12.79 12.65 12.65
2001-02-12 12.62 12.65 12.36 12.36
2001-02-22 12.2 12.29 12.18 12.18
2001-03-02 12.85 12.92 12.6 12.6
2001-03-12 12.78 12.95 12.75 12.75
2001-03-16 12.95 13.05 12.85 12.85
2001-04-30 12.66 12.8 12.55 12.55
2001-05-10 12.69 12.88 12.6 12.6
2001-05-28 12.41 12.52 12.3 12.3
2001-06-21 13.0 13.05 12.92 12.92
2001-06-25 13.22 13.3 13.02 13.02
2001-06-29 12.87 12.95 12.85 12.85
2001-07-04 12.86 12.96 12.78 12.78
2001-07-10 12.6 12.65 12.57 12.57
2001-08-01 11.09 11.1 10.71 10.71
2001-08-10 10.25 10.4 9.95 9.95
2001-09-13 9.19 9.39 9.18 9.18
2001-09-25 9.36 9.6 9.32 9.32
2001-09-28 9.19 9.27 9.1 9.1
2001-10-09 9.28 9.3 9.05 9.05
2001-10-26 9.54 9.55 9.26 9.26
2001-10-29 9.72 9.8 9.55 9.55
2002-01-31 7.37 7.5 6.86 6.86
2002-02-05 7.69 7.85 7.54 7.54
2002-03-05 8.1 8.2 8.0 8.0
2002-04-15 8.26 8.46 7.98 7.98
2002-04-16 8.14 8.39 8.01 8.01
2002-05-14 7.94 8.0 7.9 7.9
2002-05-23 7.99 8.15 7.84 7.84
2002-07-16 9.21 9.47 9.12 9.12
2002-07-26 9.06 9.35 8.5 8.5
2002-08-07 9.14 9.18 9.01 9.01
2002-08-14 9.14 9.17 9.0 9.0
2002-09-13 8.61 8.68 8.53 8.53
2002-10-16 7.96 8.02 7.9 7.9
2002-10-22 8.05 8.12 7.95 7.95
2002-12-09 6.81 6.9 6.8 6.8
2002-12-23 6.93 7.04 6.85 6.85
2003-01-06 6.3 6.31 6.2 6.2
2003-02-11 7.15 7.15 7.0 7.0
2003-02-20 7.24 7.34 7.19 7.19
2003-03-03 7.38 7.4 7.25 7.25
2003-03-21 6.59 6.6 6.49 6.49
2003-03-24 6.64 6.66 6.6 6.6
2003-04-08 7.12 7.13 6.78 6.78
2003-04-14 7.93 8.2 7.61 7.61
2003-04-25 7.27 7.52 7.2 7.2
2003-04-28 7.61 7.68 7.22 7.22
2003-05-21 7.93 8.08 7.85 7.85
2003-05-23 8.09 8.3 7.88 7.88
2003-06-02 8.55 8.75 8.48 8.48
2003-06-30 7.45 7.65 7.38 7.38
2003-08-08 8.12 8.25 8.08 8.08
2003-08-14 8.24 8.55 8.05 8.05
2003-10-09 6.97 7.15 6.9 6.9
2003-11-17 6.02 6.19 5.98 5.98
2003-11-19 6.22 6.26 5.94 5.94
2003-11-20 6.65 6.83 6.22 6.22
2004-01-02 6.15 6.28 6.1 6.1
2004-01-14 6.81 6.95 6.68 6.68
2004-02-16 7.73 7.74 7.55 7.55
2004-02-27 7.31 7.38 7.2 7.2
2004-03-22 7.37 7.5 7.3 7.3
2004-03-25 7.9 7.95 7.66 7.66
2004-04-14 7.83 7.98 7.65 7.65
2004-04-26 7.87 8.09 7.7 7.7
2004-04-27 8.06 8.2 7.89 7.89
2004-07-23 8.58 8.68 8.46 8.46
2004-07-29 8.36 8.38 8.15 8.15
2004-09-14 5.84 5.9 5.6 5.6
2004-09-15 6.42 6.42 5.9 5.9
2004-11-03 6.36 6.44 6.19 6.19
2004-11-22 6.95 7.12 6.85 6.85
2004-12-08 6.76 6.84 6.57 6.57
2004-12-22 6.49 6.59 6.2 6.2
2005-01-13 6.41 6.5 6.35 6.35
2005-02-02 5.98 6.0 5.6 5.6
2005-02-16 5.98 6.08 5.93 5.93
2005-02-17 6.1 6.12 5.92 5.92
2005-02-22 6.22 6.33 6.02 6.02
2005-03-11 6.3 6.34 6.11 6.11
2005-03-17 5.92 6.0 5.9 5.9
2005-04-13 5.07 5.18 4.88 4.88
2005-05-31 4.87 4.96 4.82 4.82
2005-06-06 4.91 4.92 4.72 4.72
2005-06-08 5.28 5.38 4.84 4.84
2005-06-27 5.61 5.61 5.38 5.38
2005-08-05 6.04 6.06 5.91 5.91
2005-08-15 6.09 6.1 5.95 5.95
2005-08-25 5.9 5.92 5.8 5.8
2005-09-12 6.05 6.13 6.01 6.01
2005-09-13 6.2 6.22 6.11 6.11
2005-10-26 5.76 5.88 5.71 5.71
2005-11-02 6.1 6.24 5.98 5.98
2005-11-04 6.25 6.31 6.0 6.0
2005-12-08 6.24 6.26 6.1 6.1
2006-01-04 6.88 7.04 6.64 6.64
2006-01-06 6.95 7.04 6.9 6.9
2006-02-10 7.6 7.65 7.44 7.44
2006-03-14 6.71 6.76 6.65 6.65
2006-03-17 6.91 7.01 6.83 6.83
2006-05-10 7.92 7.92 7.92 7.92
2006-10-31 6.14 6.21 6.1 6.1
2006-11-14 6.14 6.2 5.8 5.8
2007-01-05 6.68 6.69 6.41 6.41
2007-01-16 7.42 7.63 7.3 7.3
2007-02-05 8.19 8.32 7.95 7.95
2007-03-13 9.0 9.1 8.75 8.75
2007-03-26 9.42 9.43 9.1 9.1
2007-04-02 9.85 9.95 9.65 9.65
2007-04-16 10.79 10.87 10.42 10.42
2007-04-23 12.2 12.33 11.53 11.53
2007-05-22 12.19 12.39 12.04 12.04
2007-06-11 11.6 11.78 11.36 11.36
2007-07-09 10.25 10.38 9.96 9.96
2007-07-23 10.65 10.73 10.28 10.28
2007-07-30 11.38 11.55 11.16 11.16
2007-10-26 10.06 10.19 9.8 9.8
2007-10-30 10.62 10.68 10.35 10.35
2008-01-15 14.72 14.76 14.3 14.3
2008-02-19 13.79 13.84 13.35 13.35
2008-03-25 11.66 11.67 11.02 11.02
2008-07-07 7.49 7.6 7.15 7.15
2008-08-15 6.38 6.49 6.3 6.3
2008-10-28 5.34 5.38 5.02 5.02
2008-11-20 6.29 6.29 6.29 6.29
2008-12-05 6.83 6.9 6.63 6.63
2008-12-17 6.61 6.75 6.54 6.54
2008-12-25 6.36 6.54 6.25 6.25
2009-01-23 7.04 7.08 6.96 6.96
2009-02-04 7.54 7.66 7.36 7.36
2009-02-06 7.74 7.8 7.45 7.45
2009-02-19 9.55 9.75 9.3 9.3
2009-03-04 10.67 10.85 10.08 10.08
2009-04-02 11.5 11.76 11.02 11.02
2009-06-25 11.87 12.12 11.7 11.7
2009-07-21 13.67 13.84 13.01 13.01
2009-07-28 13.64 13.85 13.35 13.35
2009-08-20 11.34 11.38 11.0 11.0
2009-08-21 11.56 11.62 11.25 11.25
2009-09-14 13.05 13.23 12.66 12.66
2009-10-09 14.42 14.52 13.85 13.85
2009-10-12 15.85 15.86 14.85 14.85
2009-11-09 20.33 20.49 19.13 19.13
2009-11-12 21.42 22.04 20.1 20.1
2009-11-13 23.56 23.56 21.1 21.1
2009-11-30 22.89 23.18 21.19 21.19
2009-12-10 24.34 25.32 23.61 23.61
2010-01-14 25.85 25.99 23.84 23.84
2010-01-27 24.82 25.6 23.92 23.92
2010-03-29 25.87 26.24 25.6 25.6
2010-04-12 25.34 25.35 24.85 24.85
2010-05-13 21.05 21.12 19.48 19.48
2010-05-21 13.7 13.8 12.6 12.6
2010-05-24 14.44 14.6 13.85 13.85
2010-07-07 12.65 12.79 12.25 12.25
2011-02-10 11.99 12.08 11.38 11.38
2011-02-14 12.13 12.31 12.03 12.03
2011-02-28 13.98 14.1 13.46 13.46
2011-03-07 14.43 14.5 13.95 13.95
2011-03-28 14.28 14.54 14.09 14.09
2011-04-07 14.11 14.23 13.68 13.68
2011-04-11 14.94 15.44 14.8 14.8
2011-06-14 12.87 12.88 12.35 12.35
2011-06-30 13.42 13.61 13.18 13.18
2011-07-04 13.79 13.79 13.56 13.56
2011-07-13 14.23 14.25 13.68 13.68
2011-11-14 13.07 13.1 12.86 12.86
2011-12-30 11.88 11.92 11.55 11.55
2012-01-13 13.49 13.49 13.49 13.49
2012-02-13 14.88 15.05 14.75 14.75
2012-02-17 15.24 15.26 14.47 14.47
2012-02-20 16.24 16.5 15.4 15.4
2012-02-27 19.66 19.68 17.91 17.91
2012-05-02 17.92 18.29 17.75 17.75
2012-05-21 18.0 18.28 17.71 17.71
2012-05-29 18.88 19.2 18.07 18.07
2012-06-11 17.67 17.8 17.23 17.23
2012-08-28 7.99 8.1 7.86 7.86
2012-09-12 9.12 9.22 8.98 8.98
2012-09-19 9.7 9.97 9.07 9.07
2012-10-09 10.06 10.1 9.73 9.73
2012-11-12 8.11 8.12 8.0 8.0
2012-11-21 8.33 8.34 8.04 8.04
2012-12-14 9.14 9.15 8.61 8.61
2013-03-05 11.85 11.94 11.35 11.35
2013-03-06 12.48 12.76 11.87 11.87
2013-03-08 12.53 12.91 12.43 12.43
2013-03-27 13.15 13.22 12.7 12.7
2013-04-03 12.94 13.12 12.68 12.68
2013-04-09 13.68 13.76 12.96 12.96
2013-05-28 13.28 13.29 12.81 12.81
2013-07-03 11.17 11.21 10.6 10.6
2013-07-23 11.33 11.35 10.47 10.47
2013-11-12 11.37 11.44 11.18 11.18
2014-04-16 12.54 12.56 11.75 11.75
2014-04-29 10.63 10.64 10.46 10.46
2014-06-24 9.59 9.66 9.48 9.48
2014-06-26 9.63 9.69 9.57 9.57
2014-08-04 10.25 10.26 10.04 10.04
2014-09-11 11.43 11.43 10.65 10.65
2014-09-15 12.5 12.5 11.23 11.23
2014-11-24 11.35 11.44 11.15 11.15
2015-03-10 20.66 21.12 19.6 19.6
2015-03-23 23.09 24.39 22.61 22.61
2015-04-21 23.99 24.0 22.02 22.02
2015-04-22 24.79 25.57 24.19 24.19
2015-05-12 30.35 30.5 28.7 28.7
2015-06-08 34.48 35.0 33.02 33.02
2015-07-08 16.07 16.8 16.07 16.07
2015-07-10 17.68 17.68 17.68 17.68
2015-07-13 19.45 19.45 19.45 19.45
2015-10-12 15.14 15.37 14.35 14.35
2015-11-06 17.75 18.12 17.4 17.4
2015-12-15 19.32 19.8 19.1 19.1
2016-02-02 14.08 14.17 13.65 13.65
2016-02-04 14.44 14.59 14.21 14.21
2016-03-07 14.2 14.57 14.08 14.08
2016-03-28 15.97 16.55 15.56 15.56
2016-04-11 16.52 16.8 16.3 16.3
2016-04-22 17.91 17.96 17.36 17.36
2016-05-23 16.14 16.24 15.95 15.95
2016-06-17 18.1 18.1 16.71 16.71
2016-07-11 17.27 17.51 17.14 17.14
2016-08-02 17.61 17.63 17.28 17.28
2016-08-17 18.25 18.32 18.11 18.11
2016-08-18 18.3 18.63 18.2 18.2
2016-09-08 17.45 17.56 17.23 17.23
2016-09-22 16.87 17.15 16.77 16.77
2016-11-07 17.33 17.35 16.71 16.71
2016-12-28 17.15 17.23 16.91 16.91
2017-01-09 17.44 17.45 17.2 17.2
2017-01-19 16.97 17.05 16.9 16.9
2017-02-20 18.65 18.72 17.9 17.9
2017-02-21 18.92 19.34 18.73 18.73
2017-05-02 15.44 15.79 15.44 15.44
2017-05-31 14.15 14.27 14.08 14.08
2017-06-21 15.13 15.17 14.72 14.72
2017-08-09 14.29 14.4 14.04 14.04
