1997-04-25 18.54 18.54 17.01 17.01
1997-05-22 15.21 16.2 15.21 15.21
1997-05-27 17.1 17.4 16.68 16.68
1997-07-17 15.0 15.23 14.8 14.8
1997-08-26 13.36 13.5 13.32 13.32
1997-08-28 13.7 13.9 13.3 13.3
1997-09-04 14.28 14.35 13.9 13.9
1997-11-03 13.89 14.05 13.83 13.83
1997-12-08 13.29 13.4 13.0 13.0
1998-01-05 17.38 17.38 16.0 16.0
1998-01-22 20.67 20.8 20.02 20.02
1998-05-12 23.29 23.6 22.8 22.8
1998-05-13 23.95 24.48 23.25 23.25
1998-06-24 22.5 22.65 22.05 22.05
1998-07-23 17.93 17.95 17.65 17.65
1998-07-24 17.99 18.38 17.0 17.0
1998-09-07 14.93 15.04 14.8 14.8
1998-11-03 14.66 14.72 14.2 14.2
1998-12-08 15.4 15.4 15.07 15.07
1999-01-15 14.76 14.9 14.6 14.6
1999-01-21 15.01 15.08 14.85 14.85
1999-01-26 14.69 14.85 14.65 14.65
1999-02-02 14.41 14.7 14.1 14.1
1999-03-11 14.31 14.49 14.2 14.2
1999-03-17 14.4 14.4 14.2 14.2
1999-03-19 14.27 14.3 14.0 14.0
1999-03-26 14.0 14.0 13.8 13.8
1999-03-30 13.89 14.35 13.8 13.8
1999-06-24 14.74 15.1 14.2 14.2
1999-08-04 12.25 12.4 12.01 12.01
1999-08-05 12.57 12.75 12.3 12.3
1999-10-12 12.05 12.17 12.0 12.0
1999-10-14 11.89 12.05 11.7 11.7
1999-10-15 12.03 12.15 11.92 11.92
2000-01-07 12.05 12.16 11.7 11.7
2000-01-27 11.09 11.42 10.9 10.9
2000-03-27 12.58 12.79 12.18 12.18
2000-05-29 12.68 12.94 12.54 12.54
2001-02-12 12.62 12.65 12.36 12.36
2001-03-02 12.85 12.92 12.6 12.6
2001-03-12 12.78 12.95 12.75 12.75
2001-03-16 12.95 13.05 12.85 12.85
2001-05-10 12.69 12.88 12.6 12.6
2001-06-25 13.22 13.3 13.02 13.02
2001-06-29 12.87 12.95 12.85 12.85
2001-07-04 12.86 12.96 12.78 12.78
2001-07-10 12.6 12.65 12.57 12.57
2001-09-28 9.19 9.27 9.1 9.1
2001-10-09 9.28 9.3 9.05 9.05
2001-10-29 9.72 9.8 9.55 9.55
2002-02-05 7.69 7.85 7.54 7.54
2002-04-16 8.14 8.39 8.01 8.01
2002-08-14 9.14 9.17 9.0 9.0
2002-10-22 8.05 8.12 7.95 7.95
2003-03-24 6.64 6.66 6.6 6.6
2003-04-14 7.93 8.2 7.61 7.61
2003-04-28 7.61 7.68 7.22 7.22
2003-05-23 8.09 8.3 7.88 7.88
2003-06-02 8.55 8.75 8.48 8.48
2003-08-14 8.24 8.55 8.05 8.05
2003-11-19 6.22 6.26 5.94 5.94
2003-11-20 6.65 6.83 6.22 6.22
2004-03-25 7.9 7.95 7.66 7.66
2004-04-27 8.06 8.2 7.89 7.89
2004-07-29 8.36 8.38 8.15 8.15
2004-09-15 6.42 6.42 5.9 5.9
2005-02-16 5.98 6.08 5.93 5.93
2005-02-17 6.1 6.12 5.92 5.92
2005-02-22 6.22 6.33 6.02 6.02
2005-03-17 5.92 6.0 5.9 5.9
2005-06-06 4.91 4.92 4.72 4.72
2005-06-08 5.28 5.38 4.84 4.84
2005-08-15 6.09 6.1 5.95 5.95
2005-09-13 6.2 6.22 6.11 6.11
2005-11-02 6.1 6.24 5.98 5.98
2005-11-04 6.25 6.31 6.0 6.0
2006-01-06 6.95 7.04 6.9 6.9
2006-03-17 6.91 7.01 6.83 6.83
2007-04-02 9.85 9.95 9.65 9.65
2007-04-23 12.2 12.33 11.53 11.53
2007-07-30 11.38 11.55 11.16 11.16
2007-10-30 10.62 10.68 10.35 10.35
2008-12-25 6.36 6.54 6.25 6.25
2009-02-04 7.54 7.66 7.36 7.36
2009-02-06 7.74 7.8 7.45 7.45
2009-07-28 13.64 13.85 13.35 13.35
2009-08-21 11.56 11.62 11.25 11.25
2009-10-12 15.85 15.86 14.85 14.85
2009-11-12 21.42 22.04 20.1 20.1
2009-11-13 23.56 23.56 21.1 21.1
2010-05-21 13.7 13.8 12.6 12.6
2010-05-24 14.44 14.6 13.85 13.85
2011-02-14 12.13 12.31 12.03 12.03
2011-03-07 14.43 14.5 13.95 13.95
2011-04-07 14.11 14.23 13.68 13.68
2011-04-11 14.94 15.44 14.8 14.8
2011-07-04 13.79 13.79 13.56 13.56
2012-02-17 15.24 15.26 14.47 14.47
2012-02-20 16.24 16.5 15.4 15.4
2012-02-27 19.66 19.68 17.91 17.91
2012-05-29 18.88 19.2 18.07 18.07
2012-09-19 9.7 9.97 9.07 9.07
2013-03-06 12.48 12.76 11.87 11.87
2013-03-08 12.53 12.91 12.43 12.43
2013-04-03 12.94 13.12 12.68 12.68
2013-04-09 13.68 13.76 12.96 12.96
2014-06-26 9.63 9.69 9.57 9.57
2014-09-15 12.5 12.5 11.23 11.23
2015-04-22 24.79 25.57 24.19 24.19
2015-07-10 17.68 17.68 17.68 17.68
2015-07-13 19.45 19.45 19.45 19.45
2016-02-04 14.44 14.59 14.21 14.21
2016-08-18 18.3 18.63 18.2 18.2
2017-02-21 18.92 19.34 18.73 18.73
