1994-09-19 15.01 15.77 15.0 15.0
1994-09-21 15.64 15.74 15.0 15.0
1994-09-28 14.52 14.52 14.11 14.11
1994-11-07 9.2 9.27 8.81 8.81
1994-11-08 9.99 11.16 9.5 9.5
1994-11-18 9.65 9.65 9.41 9.41
1994-11-29 9.65 9.65 9.31 9.31
1994-12-21 9.25 9.5 9.12 9.12
1995-01-16 8.4 8.45 8.01 8.01
1995-01-27 8.37 8.6 8.3 8.3
1995-02-09 8.23 8.25 8.05 8.05
1995-02-13 8.15 8.22 8.01 8.01
1995-02-21 7.79 7.79 7.71 7.71
1995-02-22 8.3 8.46 7.79 7.79
1995-02-24 7.7 7.92 7.5 7.5
1995-03-21 8.25 8.28 8.03 8.03
1995-03-22 8.7 8.71 8.25 8.25
1995-04-12 8.84 8.9 8.7 8.7
1995-04-14 8.68 8.68 8.5 8.5
1995-05-02 8.23 8.28 8.15 8.15
1995-05-05 8.11 8.2 7.99 7.99
1995-05-16 6.6 6.65 6.53 6.53
1995-06-08 10.49 10.99 10.4 10.4
1995-06-09 10.58 10.75 10.4 10.4
1995-06-13 10.39 10.99 10.15 10.15
1995-06-19 9.31 9.5 9.19 9.19
1995-06-29 9.42 9.6 9.4 9.4
1995-07-03 8.72 8.89 8.6 8.6
1995-07-04 8.84 8.84 8.61 8.61
1995-07-12 9.0 9.05 8.83 8.83
1995-07-13 9.09 9.09 8.91 8.91
1995-07-17 9.48 9.6 8.9 8.9
1995-07-26 8.9 9.3 8.9 8.9
1995-09-11 9.1 9.1 8.6 8.6
1995-09-21 8.51 8.58 8.38 8.38
1995-09-26 8.59 8.62 8.4 8.4
1995-09-28 8.29 8.33 8.2 8.2
1995-10-16 7.88 7.96 7.8 7.8
1995-10-17 7.88 7.96 7.8 7.8
1995-10-31 8.27 8.49 8.18 8.18
1995-11-01 8.51 8.55 8.15 8.15
1995-11-02 8.41 8.6 8.38 8.38
1995-11-14 8.03 8.12 8.01 8.01
1995-12-04 7.6 7.65 7.58 7.58
1995-12-07 7.72 7.72 7.65 7.65
1995-12-15 7.55 7.57 7.41 7.41
1995-12-18 7.27 7.47 7.08 7.08
1995-12-19 7.39 7.58 7.25 7.25
1995-12-20 7.5 7.5 7.3 7.3
1996-01-04 6.78 6.8 6.4 6.4
1996-01-15 6.45 6.45 6.28 6.28
1996-01-19 6.1 6.1 5.8 5.8
1996-02-07 6.01 6.06 6.0 6.0
1996-02-09 6.07 6.1 6.03 6.03
1996-02-13 6.33 6.33 6.18 6.18
1996-03-07 6.98 7.08 6.8 6.8
1996-03-19 6.85 6.93 6.8 6.8
1996-04-19 7.32 7.41 6.92 6.92
1996-04-24 8.15 8.25 7.88 7.88
1996-04-29 8.7 8.98 8.32 8.32
1996-05-06 7.5 7.57 7.3 7.3
1996-05-15 7.46 7.46 7.22 7.22
1996-05-27 7.4 7.48 7.3 7.3
1996-06-05 8.08 8.08 7.46 7.46
1996-06-12 7.75 8.1 7.48 7.48
1996-06-25 7.69 7.82 7.58 7.58
1996-06-28 8.3 8.47 8.11 8.11
1996-07-02 8.12 8.36 8.0 8.0
1996-07-18 7.67 7.67 7.45 7.45
1996-08-05 7.8 7.98 7.51 7.51
1996-08-14 7.89 7.95 7.7 7.7
1996-08-16 7.34 7.48 7.18 7.18
1996-09-05 6.66 6.91 6.58 6.58
1996-09-20 6.45 6.46 6.1 6.1
1996-09-27 6.71 6.81 6.5 6.5
1996-10-04 6.75 6.78 6.6 6.6
1996-10-10 7.0 7.19 6.0 6.0
1996-11-04 7.18 7.2 7.07 7.07
1996-11-08 7.28 7.29 6.9 6.9
1996-11-27 7.88 8.0 7.67 7.67
1996-11-29 8.26 8.34 7.87 7.87
1996-12-16 9.09 9.09 9.09 9.09
1996-12-17 8.5 8.99 8.18 8.18
1997-01-20 11.68 11.8 11.48 11.48
1997-01-31 13.0 13.25 12.71 12.71
1997-02-19 13.06 13.06 11.98 11.98
1997-03-12 15.75 15.79 15.1 15.1
1997-03-17 17.47 17.47 16.5 16.5
1997-03-20 18.0 18.5 17.89 17.89
1997-03-21 19.46 19.46 18.1 18.1
1997-04-14 13.28 13.55 13.0 13.0
1997-05-05 14.2 14.6 14.08 14.08
1997-05-06 14.75 15.0 14.3 14.3
1997-05-15 17.02 17.16 15.7 15.7
1997-05-16 16.0 17.6 15.32 15.32
1997-07-30 12.99 13.0 12.5 12.5
1997-09-04 13.59 13.6 13.1 13.1
1997-10-06 10.91 11.21 10.81 10.81
1997-10-10 11.24 11.3 10.9 10.9
1997-10-13 11.4 11.79 11.14 11.14
1997-11-04 12.5 12.58 12.0 12.0
1997-11-11 13.7 13.82 13.2 13.2
1997-11-19 13.1 13.19 13.0 13.0
1997-11-20 13.43 13.64 13.05 13.05
1997-12-01 13.83 13.9 13.58 13.58
1997-12-08 14.88 14.98 14.35 14.35
1997-12-18 14.95 15.1 14.32 14.32
1998-01-05 14.95 14.95 14.0 14.0
1998-02-20 13.9 13.98 13.6 13.6
1998-04-20 15.18 15.33 15.15 15.15
1998-04-28 16.8 17.19 16.61 16.61
1998-05-06 16.88 17.17 16.6 16.6
1998-05-13 15.98 16.24 15.81 15.81
1998-05-29 19.8 20.0 18.21 18.21
1998-06-12 15.96 16.0 13.8 13.8
1998-06-18 15.26 15.55 14.95 14.95
1998-07-24 14.62 14.75 13.92 13.92
1998-08-04 14.8 14.95 14.68 14.68
1998-10-23 12.87 13.19 12.8 12.8
1998-12-09 13.35 13.49 13.02 13.02
1998-12-22 13.0 13.0 12.7 12.7
1999-01-06 11.93 12.08 11.85 11.85
1999-01-08 12.38 12.43 12.0 12.0
1999-01-18 13.2 13.2 12.55 12.55
1999-03-02 12.12 12.12 11.8 11.8
1999-03-03 12.35 12.46 12.0 12.0
1999-04-16 10.65 10.75 10.51 10.51
1999-04-29 10.15 10.2 10.0 10.0
1999-05-06 9.9 10.0 9.7 9.7
1999-05-11 9.19 9.3 9.0 9.0
1999-05-19 9.25 9.3 8.65 8.65
1999-06-01 10.62 10.75 10.2 10.2
1999-06-09 11.05 11.35 10.4 10.4
1999-06-14 11.42 11.49 10.9 10.9
1999-06-28 14.28 14.29 13.18 13.18
1999-07-23 11.6 11.96 11.35 11.35
1999-08-03 11.32 11.46 11.15 11.15
1999-08-17 10.27 10.5 10.22 10.22
1999-08-18 10.45 10.48 10.28 10.28
1999-08-23 11.77 11.77 11.01 11.01
1999-09-06 10.66 10.8 10.6 10.6
1999-09-09 11.63 11.7 11.0 11.0
1999-09-21 11.22 11.38 11.18 11.18
1999-10-22 10.16 10.32 9.9 9.9
1999-10-26 10.06 10.1 9.94 9.94
1999-12-01 9.82 9.82 9.48 9.48
1999-12-03 9.6 9.7 9.52 9.52
1999-12-22 9.1 9.2 9.08 9.08
2000-01-06 9.55 9.6 9.24 9.24
2000-01-07 10.13 10.15 9.64 9.64
2000-01-18 9.93 10.26 9.55 9.55
2000-03-01 12.0 12.22 11.76 11.76
2000-03-03 12.6 12.78 12.2 12.2
2000-03-13 11.35 11.4 11.2 11.2
2000-03-20 11.34 11.48 10.22 10.22
2000-04-06 11.68 11.84 11.5 11.5
2000-04-07 12.13 12.28 11.75 11.75
2000-04-10 12.19 12.48 12.13 12.13
2000-05-08 13.59 13.79 13.45 13.45
2000-05-31 15.23 15.46 14.9 14.9
2000-07-26 13.19 13.25 12.85 12.85
2000-07-28 13.22 13.28 12.95 12.95
2000-08-01 14.35 14.67 13.6 13.6
2000-08-07 14.56 14.58 14.07 14.07
2000-08-08 14.83 14.98 14.7 14.7
2000-08-14 14.6 14.8 14.4 14.4
2000-08-18 14.89 14.9 14.44 14.44
2000-08-21 15.24 15.55 14.98 14.98
2000-08-24 14.9 15.06 14.1 14.1
2000-08-29 16.58 16.58 16.58 16.58
2000-09-04 17.26 17.39 16.52 16.52
2000-11-14 16.24 16.85 15.95 15.95
2000-12-01 15.45 15.67 15.4 15.4
2000-12-04 15.82 15.87 15.48 15.48
2000-12-20 16.3 16.4 16.05 16.05
2000-12-29 16.35 16.6 16.31 16.31
2001-01-03 18.3 19.3 18.2 18.2
2001-01-05 18.29 18.98 18.1 18.1
2001-01-19 16.43 16.57 16.2 16.2
2001-03-07 16.46 16.7 16.3 16.3
2001-03-14 16.44 16.5 16.24 16.24
2001-03-26 16.95 16.97 16.5 16.5
2001-04-13 17.5 17.7 17.31 17.31
2001-05-08 13.57 13.65 13.3 13.3
2001-07-17 12.0 12.04 11.7 11.7
2001-08-01 10.42 10.46 10.03 10.03
2001-08-10 10.16 10.2 9.8 9.8
2001-08-21 10.03 10.1 9.98 9.98
2001-08-29 10.02 10.36 9.75 9.75
2001-09-25 10.26 10.38 10.18 10.18
2001-10-29 8.88 8.95 8.72 8.72
2001-11-27 8.75 8.75 8.56 8.56
2001-12-10 9.09 9.1 8.88 8.88
2001-12-18 8.72 8.74 8.54 8.54
2001-12-31 8.45 8.58 8.4 8.4
2002-01-23 7.11 7.12 6.55 6.55
2002-01-29 6.89 7.0 6.58 6.58
2002-01-31 7.68 7.73 7.1 7.1
2002-02-07 7.86 8.05 7.4 7.4
2002-03-07 8.88 8.94 8.51 8.51
2002-04-03 8.73 8.8 8.63 8.63
2002-04-26 9.04 9.2 8.84 8.84
2002-04-30 9.58 9.94 9.2 9.2
2002-05-23 9.33 9.68 9.25 9.25
2002-05-28 9.41 9.55 9.35 9.35
2002-06-11 8.96 9.05 8.8 8.8
2002-06-17 8.69 8.76 8.58 8.58
2002-06-20 8.89 9.03 8.8 8.8
2002-06-21 9.18 9.26 8.89 8.89
2002-07-05 10.43 10.47 10.2 10.2
2002-07-15 10.29 10.58 10.18 10.18
2002-07-16 10.55 10.58 10.29 10.29
2002-09-03 10.45 10.48 10.3 10.3
2002-09-26 9.22 9.34 9.2 9.2
2002-10-14 9.01 9.03 8.9 8.9
2002-10-18 8.99 9.05 8.85 8.85
2002-11-15 8.5 8.68 8.4 8.4
2002-11-19 8.6 8.78 8.4 8.4
2002-11-28 8.41 8.44 8.1 8.1
2002-12-12 8.96 9.12 8.75 8.75
2002-12-23 9.42 9.47 9.36 9.36
2003-01-07 8.59 8.7 8.51 8.51
2003-01-08 8.88 8.93 8.6 8.6
2003-02-10 9.01 9.1 9.0 9.0
2003-03-20 8.49 8.51 8.38 8.38
2003-04-18 9.46 9.85 9.36 9.36
2003-04-28 9.5 9.85 9.4 9.4
2003-05-14 8.72 8.78 8.5 8.5
2003-08-07 7.27 7.35 7.21 7.21
2003-08-14 7.32 7.49 7.18 7.18
2003-08-19 7.19 7.3 7.17 7.17
2003-08-27 7.04 7.05 6.9 6.9
2003-09-19 6.91 6.92 6.85 6.85
2003-09-24 6.92 6.95 6.86 6.86
2003-09-25 6.96 6.97 6.85 6.85
2003-10-31 6.4 6.49 6.3 6.3
2003-11-19 5.94 5.99 5.8 5.8
2003-11-24 6.41 6.5 6.14 6.14
2003-12-26 6.26 6.28 6.16 6.16
2004-02-27 7.5 7.52 7.32 7.32
2004-03-01 7.86 7.88 7.5 7.5
2004-03-11 8.03 8.08 7.77 7.77
2004-03-26 8.57 8.63 8.49 8.49
2004-03-31 8.73 8.78 8.48 8.48
2004-04-05 9.06 9.11 8.8 8.8
2004-04-22 8.31 8.33 8.16 8.16
2004-05-12 7.92 7.92 7.7 7.7
2004-05-17 7.79 7.89 7.75 7.75
2004-06-01 4.73 4.75 4.5 4.5
2004-06-15 4.27 4.28 4.1 4.1
2004-07-07 4.1 4.13 4.02 4.02
2004-07-16 4.07 4.08 3.94 3.94
2004-08-17 3.88 3.95 3.83 3.83
2004-08-30 3.72 3.75 3.68 3.68
2004-12-21 3.78 3.82 3.75 3.75
2004-12-22 3.9 3.91 3.79 3.79
2005-01-05 3.76 3.81 3.7 3.7
2005-01-14 3.88 3.89 3.73 3.73
2005-02-01 3.69 3.75 3.68 3.68
2005-02-04 3.87 3.9 3.78 3.78
2005-02-21 3.88 3.89 3.82 3.82
2005-03-14 4.11 4.23 4.1 4.1
2005-03-23 3.7 3.75 3.67 3.67
2005-03-29 3.7 3.75 3.69 3.69
2005-04-13 3.46 3.51 3.3 3.3
2005-04-29 2.66 2.78 2.66 2.66
2005-05-13 2.42 2.47 2.3 2.3
2005-05-17 2.43 2.47 2.4 2.4
2005-05-25 2.43 2.45 2.34 2.34
2005-06-27 2.78 2.85 2.75 2.75
2005-07-12 2.31 2.33 2.22 2.22
2005-07-27 2.1 2.11 2.03 2.03
2005-09-15 2.8 2.85 2.74 2.74
2005-09-19 2.82 2.85 2.76 2.76
2005-10-27 2.47 2.5 2.44 2.44
2005-10-31 2.32 2.46 2.26 2.26
2005-11-01 2.36 2.39 2.29 2.29
2005-11-02 2.41 2.43 2.35 2.35
2006-10-13 2.33 2.35 2.33 2.33
2006-10-24 2.33 2.33 2.26 2.26
2006-10-31 2.29 2.29 2.26 2.26
2006-11-28 2.23 2.24 2.21 2.21
2006-12-18 2.55 2.59 2.41 2.41
2007-02-13 3.58 3.65 3.4 3.4
2007-02-28 4.07 4.07 3.7 3.7
2007-03-16 5.08 5.3 4.95 4.95
2007-03-20 5.28 5.39 5.2 5.2
2007-03-26 5.6 5.63 5.28 5.28
2007-04-02 5.59 5.65 5.33 5.33
2007-04-09 6.45 6.45 6.0 6.0
2007-04-11 7.52 7.81 7.1 7.1
2007-05-08 10.29 10.29 9.58 9.58
2007-05-23 12.15 12.68 11.68 11.68
2007-05-30 11.33 12.2 11.33 11.33
2007-05-31 10.2 10.7 10.2 10.2
2007-06-04 8.26 8.66 8.26 8.26
2007-06-05 7.79 7.88 7.43 7.43
2007-06-15 9.12 9.48 8.9 8.9
2007-07-02 6.09 6.09 5.54 5.54
2007-08-22 8.31 8.31 7.95 7.95
2007-08-30 7.79 7.9 7.55 7.55
2007-10-22 7.05 7.24 7.01 7.01
2007-11-27 5.68 5.77 5.62 5.62
2007-12-19 6.25 6.3 6.15 6.15
2007-12-21 6.44 6.5 6.29 6.29
2007-12-24 6.49 6.66 6.45 6.45
2008-01-09 7.47 8.01 7.29 7.29
2008-02-04 6.27 6.3 5.9 5.9
2008-02-14 6.36 6.4 6.25 6.25
2008-04-30 4.47 4.51 4.28 4.28
2008-05-05 4.71 4.72 4.49 4.49
2008-05-08 4.96 4.96 4.53 4.53
2008-07-02 3.94 4.01 3.85 3.85
2008-09-12 2.95 3.04 2.92 2.92
2008-10-15 2.67 2.7 2.6 2.6
2008-10-22 2.64 2.7 2.58 2.58
2008-10-23 2.67 2.69 2.54 2.54
2008-11-20 3.05 3.18 3.0 3.0
2008-11-28 3.03 3.09 2.82 2.82
2009-01-05 3.7 3.75 3.42 3.42
2009-01-12 3.74 3.85 3.61 3.61
2009-03-04 4.59 4.64 4.37 4.37
2009-03-09 4.51 4.64 4.39 4.39
2009-04-23 5.23 5.29 5.02 5.02
2009-06-01 5.87 5.93 5.74 5.74
2009-06-08 6.02 6.06 5.86 5.86
2009-06-30 6.08 6.19 6.01 6.01
2009-07-07 6.92 7.11 6.47 6.47
2009-07-31 7.52 7.58 7.19 7.19
2009-08-26 6.51 6.6 6.18 6.18
2009-10-09 9.09 9.15 8.37 8.37
2009-10-12 10.0 10.0 9.25 9.25
2009-10-30 11.51 11.77 10.89 10.89
2009-12-23 11.68 11.75 11.28 11.28
2010-01-15 13.94 14.16 12.95 12.95
2010-02-25 13.42 13.5 13.1 13.1
2010-04-06 13.56 13.68 12.6 12.6
2010-07-20 10.89 10.98 10.59 10.59
2010-07-27 11.27 11.35 11.21 11.21
2010-08-30 12.37 12.43 11.96 11.96
2010-09-15 13.73 14.07 13.3 13.3
2010-10-08 13.16 13.38 13.03 13.03
2010-11-08 15.66 15.97 14.95 14.95
2010-11-18 14.92 14.97 14.37 14.37
2010-12-29 13.39 13.5 13.3 13.3
2011-01-21 12.58 12.8 12.34 12.34
2011-01-26 12.2 12.3 11.99 11.99
2011-02-14 13.86 13.95 13.6 13.6
2011-02-16 14.2 14.3 13.68 13.68
2011-04-13 14.24 14.45 13.75 13.75
2011-04-29 12.71 12.78 12.53 12.53
2011-06-30 10.32 10.36 10.2 10.2
2011-07-13 11.27 11.29 10.82 10.82
2011-07-22 10.66 10.86 10.56 10.56
2011-08-01 10.03 10.09 10.0 10.0
2011-08-17 9.26 9.37 9.21 9.21
2011-09-23 8.84 8.85 8.62 8.62
2011-12-09 6.91 6.93 6.81 6.81
2011-12-20 5.86 5.94 5.79 5.79
2012-02-09 6.12 6.28 5.92 5.92
2012-02-15 6.43 6.54 6.15 6.15
2012-03-02 6.61 6.62 6.48 6.48
2012-03-08 7.24 7.34 6.88 6.88
2012-03-12 7.56 7.64 7.25 7.25
2012-04-05 6.86 6.88 6.55 6.55
2012-05-11 6.45 6.52 6.36 6.36
2012-05-29 6.07 6.08 5.91 5.91
2012-06-07 5.9 5.91 5.75 5.75
2012-09-06 4.4 4.42 4.33 4.33
2012-09-21 4.27 4.32 4.24 4.24
2012-09-28 4.45 4.46 4.33 4.33
2012-10-17 4.56 4.65 4.5 4.5
2012-11-12 4.41 4.45 4.29 4.29
2012-12-10 4.15 4.16 4.07 4.07
2012-12-18 4.66 4.66 4.66 4.66
2012-12-19 5.13 5.13 5.13 5.13
2013-02-06 4.81 4.89 4.76 4.76
2013-02-08 4.81 4.88 4.79 4.79
2013-04-03 4.72 4.85 4.62 4.62
2013-05-03 4.17 4.17 4.07 4.07
2013-08-07 4.15 4.15 4.15 4.15
2013-08-26 4.06 4.07 3.98 3.98
2013-09-11 4.28 4.3 4.13 4.13
2013-09-18 4.26 4.33 4.21 4.21
2013-10-11 4.71 4.73 4.62 4.62
2013-10-17 4.66 4.68 4.48 4.48
2013-10-30 4.25 4.25 4.14 4.14
2013-11-11 4.09 4.12 4.04 4.04
2013-11-12 4.14 4.15 4.07 4.07
2013-11-15 4.15 4.2 4.08 4.08
2013-11-22 4.23 4.27 4.21 4.21
2014-01-14 4.17 4.19 4.06 4.06
2014-01-16 4.18 4.22 4.14 4.14
2014-02-12 4.57 4.62 4.52 4.52
2014-02-20 5.28 5.28 4.82 4.82
2014-03-18 5.71 5.77 5.5 5.5
2014-04-09 5.28 5.31 5.22 5.22
2014-05-09 4.96 5.05 4.65 4.65
2014-06-26 5.1 5.28 4.88 4.88
2014-07-10 5.75 5.83 5.6 5.6
2014-07-28 5.78 5.8 5.59 5.59
2014-08-01 6.16 6.38 5.78 5.78
2014-08-18 7.03 7.23 6.66 6.66
2014-09-01 7.01 7.04 6.85 6.85
2014-09-16 7.11 7.5 6.95 6.95
2014-09-19 7.38 7.46 7.27 7.27
2014-09-25 7.36 7.53 7.27 7.27
2014-10-08 7.73 7.74 7.41 7.41
2014-11-03 7.0 7.07 6.86 6.86
2014-12-24 6.85 6.86 6.71 6.71
2015-01-08 7.16 7.24 6.97 6.97
2015-01-14 6.89 6.95 6.82 6.82
2015-01-15 6.9 6.92 6.82 6.82
2015-01-20 6.61 6.65 6.5 6.5
2015-01-27 7.5 7.7 7.25 7.25
2015-02-03 7.08 7.15 7.05 7.05
2015-02-09 6.87 6.95 6.7 6.7
2015-02-16 6.98 6.98 6.86 6.86
2015-03-04 7.49 7.49 7.28 7.28
2015-03-12 7.69 7.87 7.63 7.63
2015-11-03 7.58 8.74 7.49 7.49
2015-12-09 8.1 8.28 7.99 7.99
2015-12-17 8.69 8.76 8.47 8.47
2015-12-22 8.7 8.79 8.62 8.62
2016-02-02 5.29 5.32 5.07 5.07
2016-03-07 5.5 5.63 5.43 5.43
2016-03-14 5.73 5.84 5.61 5.61
2016-03-17 5.81 5.87 5.54 5.54
2016-04-27 7.07 7.07 6.75 6.75
2016-04-29 7.11 7.11 6.65 6.65
2016-05-04 7.33 7.42 7.23 7.23
2016-05-31 6.27 6.27 5.97 5.97
2016-06-20 6.12 6.24 6.12 6.12
2016-06-22 5.97 6.01 5.93 5.93
2016-07-05 6.06 6.13 6.05 6.05
2016-07-08 6.19 6.25 6.14 6.14
2016-07-13 6.04 6.1 5.97 5.97
2016-08-08 5.8 5.85 5.68 5.68
2016-08-16 5.88 5.89 5.81 5.81
2016-09-01 6.41 6.62 6.26 6.26
2016-09-21 6.1 6.14 6.06 6.06
2016-09-22 6.16 6.3 6.11 6.11
2016-09-28 6.05 6.07 5.99 5.99
2016-10-11 6.27 6.4 6.25 6.25
2016-10-13 6.35 6.42 6.29 6.29
2016-10-18 6.3 6.31 6.21 6.21
2016-11-10 7.07 7.1 6.8 6.8
2016-11-11 7.19 7.37 7.01 7.01
2016-12-06 6.76 6.77 6.66 6.66
2016-12-15 6.7 6.75 6.55 6.55
2016-12-27 6.98 6.99 6.85 6.85
2016-12-28 7.09 7.19 6.97 6.97
2016-12-30 7.08 7.09 6.99 6.99
2017-01-20 6.45 6.47 6.3 6.3
2017-01-23 6.52 6.55 6.44 6.44
2017-02-09 6.75 6.78 6.72 6.72
2017-02-16 6.87 6.88 6.73 6.73
2017-02-24 6.96 6.99 6.81 6.81
2017-03-13 7.25 7.34 7.11 7.11
2017-03-20 7.54 7.6 7.43 7.43
2017-03-31 7.08 7.13 7.0 7.0
2017-05-17 5.4 5.52 5.39 5.39
2017-06-19 5.23 5.33 5.1 5.1
2017-07-07 5.29 5.31 5.24 5.24
2017-07-13 5.12 5.15 5.06 5.06
2017-08-15 5.11 5.12 5.04 5.04
