2001-03-26 23.93 23.95 23.38 23.38
2001-03-30 24.51 24.75 23.71 23.71
2001-04-16 25.55 25.7 25.18 25.18
2001-04-19 27.3 27.9 25.82 25.82
2001-04-27 25.1 25.37 25.0 25.0
2001-05-11 25.57 25.6 25.15 25.15
2001-06-25 26.7 26.79 26.2 26.2
2001-07-10 25.71 25.78 25.61 25.61
2001-07-20 24.86 24.96 24.65 24.65
2001-08-01 21.58 21.58 20.59 20.59
2001-09-05 19.66 20.46 19.5 19.5
2001-10-29 18.56 18.67 18.18 18.18
2001-11-01 18.3 18.5 18.0 18.0
2001-11-06 17.61 17.86 17.5 17.5
2001-11-09 17.3 17.36 16.6 16.6
2001-11-15 16.95 17.0 16.6 16.6
2001-11-27 18.62 18.68 18.3 18.3
2001-12-14 18.06 18.42 18.0 18.0
2001-12-26 17.45 17.45 17.21 17.21
2002-01-31 15.28 15.4 14.1 14.1
2002-02-04 15.75 15.98 15.51 15.51
2002-02-08 15.71 15.9 15.58 15.58
2002-03-05 16.04 16.2 15.75 15.75
2002-03-07 16.46 16.48 16.2 16.2
2002-03-14 16.71 16.75 16.28 16.28
2002-03-19 17.54 17.6 16.3 16.3
2002-03-28 16.96 17.89 16.88 16.88
2002-04-22 16.45 16.9 15.58 15.58
2002-05-14 15.98 16.28 15.85 15.85
2002-06-05 14.14 14.23 14.07 14.07
2002-06-06 14.88 15.03 14.09 14.09
2002-06-21 15.65 15.69 14.75 14.75
2002-07-23 15.8 15.95 15.7 15.7
2002-08-05 15.55 15.65 15.51 15.51
2002-08-07 15.58 15.7 15.51 15.51
2002-08-16 15.02 15.1 14.75 14.75
2002-09-12 15.08 15.11 14.95 14.95
2002-09-19 14.98 15.08 14.75 14.75
2002-09-23 14.8 14.97 14.6 14.6
2002-09-25 14.69 14.78 14.65 14.65
2002-10-14 13.83 13.9 13.55 13.55
2002-10-24 13.8 13.99 13.7 13.7
2002-11-04 13.72 13.76 13.39 13.39
2002-11-11 13.31 13.48 13.3 13.3
2002-11-25 12.1 12.24 12.01 12.01
2002-12-03 11.84 11.87 11.7 11.7
2002-12-12 11.95 12.3 11.87 11.87
2002-12-31 11.68 11.92 11.65 11.65
2003-01-16 12.81 12.9 12.2 12.2
2003-02-12 13.07 13.3 12.85 12.85
2003-02-28 12.67 12.72 12.61 12.61
2003-03-04 13.2 13.47 13.1 13.1
2003-03-07 12.95 13.08 12.8 12.8
2003-03-14 12.62 12.65 12.5 12.5
2003-03-19 12.43 12.58 12.38 12.38
2003-03-21 12.43 12.45 12.28 12.28
2003-03-31 12.0 12.06 11.9 11.9
2003-04-22 11.79 11.97 11.73 11.73
2003-04-30 10.88 11.02 10.85 10.85
2003-06-10 11.29 11.36 11.2 11.2
2003-06-24 11.22 11.26 11.1 11.1
2003-07-08 11.09 11.15 11.0 11.0
2003-07-11 11.3 11.37 11.18 11.18
2003-07-22 10.59 10.73 10.5 10.5
2003-07-25 10.61 10.74 10.55 10.55
2003-07-29 10.46 10.52 10.41 10.41
2003-08-05 10.7 10.8 10.61 10.61
2003-08-12 10.93 11.0 10.63 10.63
2003-08-26 10.59 10.74 10.48 10.48
2003-09-09 10.93 11.0 10.73 10.73
2003-09-16 10.89 10.96 10.22 10.22
2003-09-18 10.55 10.63 10.5 10.5
2003-09-22 10.49 10.55 10.28 10.28
2003-10-28 9.97 10.0 9.88 9.88
2003-11-04 9.22 9.38 9.01 9.01
2003-11-13 8.78 8.95 8.5 8.5
2003-11-20 9.44 9.6 8.95 8.95
2003-11-24 9.36 9.4 9.14 9.14
2003-11-26 10.04 10.32 9.68 9.68
2003-12-01 9.9 9.92 9.57 9.57
2003-12-15 9.86 9.9 9.82 9.82
2004-01-12 10.85 10.87 10.35 10.35
2004-01-16 11.9 11.92 10.7 10.7
2004-02-12 14.23 14.87 14.12 14.12
2004-02-26 14.3 14.36 13.72 13.72
2004-03-29 14.55 15.02 14.37 14.37
2004-03-31 14.9 15.41 14.8 14.8
2004-05-12 14.09 14.09 13.48 13.48
2004-05-18 14.1 14.25 13.6 13.6
2004-07-13 12.3 12.44 12.1 12.1
2004-07-15 12.6 12.71 12.45 12.45
2004-08-10 10.92 10.95 10.61 10.61
2004-08-17 10.31 10.48 10.15 10.15
2004-08-30 9.36 9.4 9.1 9.1
2004-09-02 9.5 9.55 9.3 9.3
2004-09-10 9.25 9.35 9.2 9.2
2004-09-16 10.07 10.37 9.88 9.88
2004-11-03 11.0 11.23 10.9 10.9
2004-11-05 11.04 11.06 10.87 10.87
2004-11-08 11.03 11.04 10.8 10.8
2004-12-28 10.45 10.46 10.1 10.1
2005-01-06 10.0 10.12 9.83 9.83
2005-01-10 10.0 10.1 9.9 9.9
2005-01-12 10.05 10.07 9.95 9.95
2005-01-13 10.13 10.15 10.0 10.0
2005-01-28 8.91 9.06 8.85 8.85
2005-02-01 8.69 8.79 8.65 8.65
2005-02-02 9.4 9.42 8.73 8.73
2005-02-04 9.49 9.61 9.2 9.2
2005-04-01 9.45 9.55 9.0 9.0
2005-04-07 9.1 9.2 8.86 8.86
2005-04-21 10.06 10.09 9.7 9.7
2005-04-26 10.2 10.27 9.87 9.87
2005-04-28 10.74 10.85 10.4 10.4
2005-05-24 10.88 10.9 10.5 10.5
2005-06-02 10.0 10.13 9.91 9.91
2005-06-08 11.38 11.38 10.35 10.35
2005-06-27 11.1 11.43 10.81 10.81
2005-07-06 11.43 11.63 11.32 11.32
2005-07-14 13.09 13.17 12.33 12.33
2005-07-29 13.32 13.4 13.16 13.16
2005-08-05 13.89 13.94 13.3 13.3
2005-08-15 13.98 13.99 13.7 13.7
2005-08-23 14.5 14.56 14.05 14.05
2005-09-16 14.28 14.29 13.9 13.9
2005-09-27 15.26 15.5 14.95 14.95
2005-09-28 15.48 15.78 15.25 15.25
2005-11-01 7.65 7.74 7.54 7.54
2005-11-17 6.47 6.56 6.4 6.4
2005-11-21 7.0 7.05 6.7 6.7
2005-12-01 6.76 6.87 6.68 6.68
2005-12-09 7.02 7.15 6.91 6.91
2005-12-12 7.05 7.14 7.02 7.02
2005-12-13 7.26 7.31 7.0 7.0
2005-12-23 7.92 7.93 7.38 7.38
2006-01-18 11.12 11.28 10.37 10.37
2006-02-27 9.66 9.9 9.5 9.5
2006-05-11 11.68 11.68 11.68 11.68
2006-05-12 12.85 12.85 12.85 12.85
2006-05-15 14.14 14.14 14.14 14.14
2006-10-27 13.52 13.55 13.15 13.15
2006-11-15 12.24 12.38 12.02 12.02
2006-11-30 13.98 14.24 13.54 13.54
2007-01-09 18.04 18.61 17.4 17.4
2007-01-19 21.79 22.22 20.71 20.71
2007-02-05 18.95 19.4 18.6 18.6
2007-02-07 18.7 19.0 18.42 18.42
2007-02-08 20.0 20.0 18.7 18.7
2007-02-14 20.42 20.9 20.2 20.2
2007-02-16 21.99 22.2 21.59 21.59
2007-04-09 20.83 20.97 19.78 19.78
2007-05-08 22.92 23.7 22.35 22.35
2007-05-14 25.63 26.19 24.1 24.1
2007-05-28 25.32 25.5 24.55 24.55
2007-05-30 23.32 25.25 23.22 23.22
2007-07-18 21.14 21.28 20.7 20.7
2007-07-19 21.21 21.63 20.81 20.81
2007-08-30 25.0 25.29 24.55 24.55
2007-09-12 22.39 22.62 21.75 21.75
2007-09-13 22.4 22.49 22.15 22.15
2007-11-19 20.34 20.85 19.76 19.76
2007-12-05 19.36 19.38 18.64 18.64
2007-12-14 21.13 21.21 20.0 20.0
2007-12-17 22.0 22.61 20.92 20.92
2007-12-21 22.6 22.97 22.01 22.01
2008-02-04 22.57 22.68 21.3 21.3
2008-02-18 22.56 22.79 21.75 21.75
2008-02-29 21.9 22.08 21.15 21.15
2008-03-21 18.5 19.2 18.25 18.25
2008-04-11 19.75 19.9 19.27 19.27
2008-05-14 8.47 8.58 8.25 8.25
2008-07-24 6.33 6.47 6.12 6.12
2008-08-19 4.36 4.39 4.22 4.22
2008-09-17 4.2 4.3 4.12 4.12
2008-10-23 3.39 3.41 3.3 3.3
2008-11-05 3.19 3.22 3.09 3.09
2008-12-05 4.27 4.29 4.03 4.03
2009-01-14 3.99 4.0 3.8 3.8
2009-02-02 4.55 4.7 4.3 4.3
2009-03-04 4.83 4.85 4.56 4.56
2009-03-18 5.38 5.41 5.05 5.05
2009-05-12 5.31 5.31 5.12 5.12
2009-07-22 5.92 5.96 5.84 5.84
2009-09-17 6.6 6.74 6.15 6.15
2009-10-23 6.04 6.05 5.92 5.92
2009-11-03 6.19 6.22 5.95 5.95
2010-01-13 8.9 9.25 8.65 8.65
2010-01-14 8.96 9.3 8.9 8.9
2010-04-09 10.12 10.25 9.74 9.74
2010-04-28 10.42 10.61 10.1 10.1
2010-05-05 9.55 9.57 8.91 8.91
2010-08-11 7.6 7.64 7.41 7.41
2010-10-11 9.14 9.56 8.87 8.87
2010-10-28 10.09 10.18 9.38 9.38
2010-11-04 10.4 10.46 9.9 9.9
2010-12-29 10.23 10.24 9.82 9.82
2011-01-11 9.71 9.86 9.58 9.58
2011-01-28 9.12 9.16 9.01 9.01
2011-02-10 9.54 9.55 9.29 9.29
2011-02-25 10.43 10.48 10.07 10.07
2011-04-14 10.14 10.27 9.94 9.94
2011-06-03 6.09 6.11 5.95 5.95
2011-07-18 6.53 6.58 6.45 6.45
2011-08-23 5.61 5.63 5.53 5.53
2011-09-20 5.2 5.24 5.15 5.15
2011-10-25 4.83 4.92 4.62 4.62
2011-12-07 4.53 4.55 4.46 4.46
2011-12-16 4.16 4.18 4.0 4.0
2011-12-20 4.21 4.29 4.2 4.2
2012-01-12 4.14 4.23 4.1 4.1
2012-01-20 4.15 4.18 4.09 4.09
2012-02-08 4.42 4.48 4.23 4.23
2012-02-15 4.76 4.82 4.59 4.59
2012-04-12 4.6 4.61 4.46 4.46
2012-05-10 4.59 4.63 4.54 4.54
2012-06-11 4.22 4.24 4.13 4.13
2012-06-12 4.16 4.2 4.11 4.11
2012-06-13 4.23 4.24 4.14 4.14
2012-06-20 4.28 4.33 4.17 4.17
2012-07-03 4.0 4.03 3.96 3.96
2012-07-20 3.82 3.86 3.78 3.78
2012-08-14 3.71 3.73 3.56 3.56
2012-10-09 3.89 3.89 3.72 3.72
2012-11-19 3.59 3.59 3.53 3.53
2012-12-18 3.67 3.7 3.65 3.65
2013-01-15 3.93 4.04 3.81 3.81
2013-01-21 4.19 4.19 4.01 4.01
2013-01-23 4.16 4.3 4.1 4.1
2013-01-25 4.09 4.1 3.9 3.9
2013-01-30 4.28 4.44 4.23 4.23
2013-02-25 5.01 5.04 4.81 4.81
2013-03-05 4.75 4.78 4.57 4.57
2013-03-18 4.3 4.37 4.12 4.12
2013-04-12 4.41 4.46 4.4 4.4
2013-05-03 4.22 4.24 4.08 4.08
2013-05-23 4.82 4.99 4.61 4.61
2013-08-26 4.48 4.49 4.38 4.38
2013-09-03 4.37 4.39 4.33 4.33
2013-11-15 3.92 3.96 3.87 3.87
2014-01-07 3.96 4.01 3.88 3.88
2014-01-21 4.04 4.06 3.95 3.95
2014-02-10 4.39 4.49 4.23 4.23
2014-03-13 4.48 4.5 4.4 4.4
2014-04-02 4.45 4.47 4.43 4.43
2014-04-08 4.43 4.46 4.37 4.37
2014-05-22 4.14 4.18 4.12 4.12
2014-07-30 4.87 4.96 4.8 4.8
2014-08-27 5.09 5.15 5.05 5.05
2014-08-29 5.18 5.22 5.12 5.12
2014-09-01 5.3 5.33 5.16 5.16
2014-09-30 5.81 5.94 5.68 5.68
2014-10-28 5.39 5.4 5.26 5.26
2014-10-29 5.46 5.5 5.39 5.39
2014-12-03 5.56 5.57 5.43 5.43
2015-01-20 5.15 5.17 4.95 4.95
2015-02-03 5.24 5.26 5.1 5.1
2015-03-13 5.86 5.87 5.69 5.69
2015-03-23 6.56 6.64 6.29 6.29
2015-04-13 7.35 7.49 7.25 7.25
2015-04-21 7.28 7.29 6.98 6.98
2015-04-22 7.5 7.55 7.32 7.32
2015-05-25 10.19 10.3 9.75 9.75
2015-05-27 12.1 12.1 11.05 11.05
2015-06-02 13.53 13.53 12.35 12.35
2015-06-12 13.93 14.26 13.51 13.51
2015-06-15 14.59 15.21 14.01 14.01
2015-07-13 6.66 6.66 6.66 6.66
2015-07-14 7.33 7.33 7.33 7.33
2015-07-16 7.36 7.58 6.56 6.56
2015-07-17 8.1 8.1 7.4 7.4
2015-08-25 6.35 6.6 6.35 6.35
2015-09-24 5.99 6.01 5.86 5.86
2015-10-26 7.35 7.35 7.01 7.01
2015-11-04 8.61 8.75 8.19 8.19
2016-01-18 6.84 6.95 6.36 6.36
2016-01-20 7.21 7.35 7.01 7.01
2016-02-02 6.53 6.57 6.18 6.18
2016-02-15 6.69 6.79 6.4 6.4
2016-02-23 7.54 7.78 7.25 7.25
2016-03-18 7.33 7.42 7.18 7.18
2016-03-23 7.72 7.79 7.55 7.55
2016-03-31 8.69 8.87 8.39 8.39
2016-05-05 9.74 10.0 9.66 9.66
2016-05-19 8.34 8.55 8.08 8.08
2016-05-23 8.72 8.79 8.46 8.46
2016-05-30 9.38 9.57 8.6 8.6
2016-05-31 9.64 9.74 9.22 9.22
2016-08-01 11.12 11.54 11.02 11.02
2016-08-04 11.33 11.44 11.18 11.18
2016-08-19 12.0 12.24 11.82 11.82
2016-09-28 9.83 10.01 9.7 9.7
2016-11-03 9.73 9.79 9.68 9.68
2016-12-16 9.1 9.16 8.99 8.99
2017-01-20 8.67 8.72 8.54 8.54
2017-01-23 8.71 8.85 8.62 8.62
2017-02-28 8.96 8.96 8.8 8.8
2017-03-23 9.2 9.37 9.1 9.1
2017-03-24 9.49 9.89 9.3 9.3
2017-04-13 8.68 8.7 8.54 8.54
2017-04-14 8.59 8.65 8.51 8.51
2017-04-26 7.84 7.94 7.8 7.8
2017-05-19 7.31 7.38 7.16 7.16
2017-06-05 6.89 6.92 6.81 6.81
2017-06-06 7.3 7.58 6.83 6.83
2017-06-14 7.27 7.27 7.1 7.1
2017-06-19 7.34 7.35 7.17 7.17
2017-07-03 7.3 7.3 7.23 7.23
2017-07-18 7.05 7.08 6.9 6.9
2017-08-07 7.23 7.24 7.12 7.12
2017-08-08 7.29 7.32 7.19 7.19
2017-08-14 7.29 7.3 7.08 7.08
2017-08-25 7.45 7.49 7.34 7.34
