2001-03-30 24.51 24.75 23.71 23.71
2001-04-19 27.3 27.9 25.82 25.82
2001-04-27 25.1 25.37 25.0 25.0
2001-05-11 25.57 25.6 25.15 25.15
2001-11-01 18.3 18.5 18.0 18.0
2001-11-06 17.61 17.86 17.5 17.5
2001-11-09 17.3 17.36 16.6 16.6
2001-11-15 16.95 17.0 16.6 16.6
2002-02-04 15.75 15.98 15.51 15.51
2002-02-08 15.71 15.9 15.58 15.58
2002-03-07 16.46 16.48 16.2 16.2
2002-03-14 16.71 16.75 16.28 16.28
2002-03-19 17.54 17.6 16.3 16.3
2002-06-06 14.88 15.03 14.09 14.09
2002-08-07 15.58 15.7 15.51 15.51
2002-09-19 14.98 15.08 14.75 14.75
2002-09-23 14.8 14.97 14.6 14.6
2002-09-25 14.69 14.78 14.65 14.65
2002-11-11 13.31 13.48 13.3 13.3
2002-12-03 11.84 11.87 11.7 11.7
2003-03-04 13.2 13.47 13.1 13.1
2003-03-07 12.95 13.08 12.8 12.8
2003-03-14 12.62 12.65 12.5 12.5
2003-03-19 12.43 12.58 12.38 12.38
2003-03-21 12.43 12.45 12.28 12.28
2003-03-31 12.0 12.06 11.9 11.9
2003-04-30 10.88 11.02 10.85 10.85
2003-07-11 11.3 11.37 11.18 11.18
2003-07-25 10.61 10.74 10.55 10.55
2003-07-29 10.46 10.52 10.41 10.41
2003-08-05 10.7 10.8 10.61 10.61
2003-08-12 10.93 11.0 10.63 10.63
2003-09-16 10.89 10.96 10.22 10.22
2003-09-18 10.55 10.63 10.5 10.5
2003-09-22 10.49 10.55 10.28 10.28
2003-11-04 9.22 9.38 9.01 9.01
2003-11-20 9.44 9.6 8.95 8.95
2003-11-24 9.36 9.4 9.14 9.14
2003-11-26 10.04 10.32 9.68 9.68
2003-12-01 9.9 9.92 9.57 9.57
2004-01-16 11.9 11.92 10.7 10.7
2004-03-31 14.9 15.41 14.8 14.8
2004-05-18 14.1 14.25 13.6 13.6
2004-07-15 12.6 12.71 12.45 12.45
2004-08-17 10.31 10.48 10.15 10.15
2004-09-02 9.5 9.55 9.3 9.3
2004-09-10 9.25 9.35 9.2 9.2
2004-09-16 10.07 10.37 9.88 9.88
2004-11-05 11.04 11.06 10.87 10.87
2004-11-08 11.03 11.04 10.8 10.8
2005-01-06 10.0 10.12 9.83 9.83
2005-01-10 10.0 10.1 9.9 9.9
2005-01-12 10.05 10.07 9.95 9.95
2005-01-13 10.13 10.15 10.0 10.0
2005-02-01 8.69 8.79 8.65 8.65
2005-02-02 9.4 9.42 8.73 8.73
2005-02-04 9.49 9.61 9.2 9.2
2005-04-07 9.1 9.2 8.86 8.86
2005-04-26 10.2 10.27 9.87 9.87
2005-04-28 10.74 10.85 10.4 10.4
2005-06-08 11.38 11.38 10.35 10.35
2005-07-14 13.09 13.17 12.33 12.33
2005-08-05 13.89 13.94 13.3 13.3
2005-08-15 13.98 13.99 13.7 13.7
2005-08-23 14.5 14.56 14.05 14.05
2005-09-28 15.48 15.78 15.25 15.25
2005-11-21 7.0 7.05 6.7 6.7
2005-12-09 7.02 7.15 6.91 6.91
2005-12-12 7.05 7.14 7.02 7.02
2005-12-13 7.26 7.31 7.0 7.0
2006-05-12 12.85 12.85 12.85 12.85
2006-05-15 14.14 14.14 14.14 14.14
2007-02-07 18.7 19.0 18.42 18.42
2007-02-08 20.0 20.0 18.7 18.7
2007-02-14 20.42 20.9 20.2 20.2
2007-02-16 21.99 22.2 21.59 21.59
2007-05-14 25.63 26.19 24.1 24.1
2007-05-30 23.32 25.25 23.22 23.22
2007-07-19 21.21 21.63 20.81 20.81
2007-09-13 22.4 22.49 22.15 22.15
2007-12-17 22.0 22.61 20.92 20.92
2007-12-21 22.6 22.97 22.01 22.01
2008-02-18 22.56 22.79 21.75 21.75
2010-01-14 8.96 9.3 8.9 8.9
2010-05-05 9.55 9.57 8.91 8.91
2010-11-04 10.4 10.46 9.9 9.9
2011-02-10 9.54 9.55 9.29 9.29
2011-12-20 4.21 4.29 4.2 4.2
2012-01-20 4.15 4.18 4.09 4.09
2012-02-15 4.76 4.82 4.59 4.59
2012-06-12 4.16 4.2 4.11 4.11
2012-06-13 4.23 4.24 4.14 4.14
2012-06-20 4.28 4.33 4.17 4.17
2013-01-21 4.19 4.19 4.01 4.01
2013-01-23 4.16 4.3 4.1 4.1
2013-01-25 4.09 4.1 3.9 3.9
2013-01-30 4.28 4.44 4.23 4.23
2013-03-05 4.75 4.78 4.57 4.57
2013-09-03 4.37 4.39 4.33 4.33
2014-04-08 4.43 4.46 4.37 4.37
2014-08-29 5.18 5.22 5.12 5.12
2014-09-01 5.3 5.33 5.16 5.16
2014-10-29 5.46 5.5 5.39 5.39
2015-03-23 6.56 6.64 6.29 6.29
2015-04-21 7.28 7.29 6.98 6.98
2015-04-22 7.5 7.55 7.32 7.32
2015-05-27 12.1 12.1 11.05 11.05
2015-06-02 13.53 13.53 12.35 12.35
2015-06-15 14.59 15.21 14.01 14.01
2015-07-14 7.33 7.33 7.33 7.33
2015-07-16 7.36 7.58 6.56 6.56
2015-07-17 8.1 8.1 7.4 7.4
2016-01-20 7.21 7.35 7.01 7.01
2016-02-15 6.69 6.79 6.4 6.4
2016-02-23 7.54 7.78 7.25 7.25
2016-03-23 7.72 7.79 7.55 7.55
2016-03-31 8.69 8.87 8.39 8.39
2016-05-23 8.72 8.79 8.46 8.46
2016-05-30 9.38 9.57 8.6 8.6
2016-05-31 9.64 9.74 9.22 9.22
2016-08-04 11.33 11.44 11.18 11.18
2017-01-23 8.71 8.85 8.62 8.62
2017-03-24 9.49 9.89 9.3 9.3
2017-04-14 8.59 8.65 8.51 8.51
2017-06-06 7.3 7.58 6.83 6.83
2017-06-14 7.27 7.27 7.1 7.1
2017-06-19 7.34 7.35 7.17 7.17
2017-08-08 7.29 7.32 7.19 7.19
2017-08-14 7.29 7.3 7.08 7.08
2017-08-28 7.51 7.56 7.45 7.45
2017-08-31 7.44 7.46 7.38 7.38
