1993-08-06 21.55 21.9 21.04 21.04
1993-08-11 22.05 22.19 21.55 21.55
1993-08-13 24.0 24.0 23.0 23.0
1993-09-28 23.48 23.58 23.2 23.2
1993-09-30 23.25 23.4 23.0 23.0
1993-10-28 22.1 22.25 20.8 20.8
1993-11-01 23.0 23.15 21.2 21.2
1993-12-31 22.0 22.4 21.5 21.5
1994-01-31 23.8 23.95 23.11 23.11
1994-02-02 24.19 24.3 23.3 23.3
1994-03-24 23.2 23.45 23.0 23.0
1994-04-25 18.22 18.51 18.02 18.02
1994-07-13 8.36 8.38 8.15 8.15
1994-10-27 14.44 14.44 13.9 13.9
1994-11-03 14.9 15.1 13.8 13.8
1994-11-09 15.17 15.18 14.11 14.11
1994-12-09 13.45 13.6 13.25 13.25
1995-03-01 11.08 11.2 10.7 10.7
1995-03-09 12.6 13.0 12.5 12.5
1995-03-17 12.35 12.4 11.61 11.61
1995-04-19 13.75 13.75 13.31 13.31
1995-05-09 12.72 12.8 12.3 12.3
1995-05-12 13.05 13.15 12.5 12.5
1995-09-28 13.55 13.8 13.5 13.5
1995-10-04 9.9 10.4 9.8 9.8
1995-10-10 9.8 10.38 9.61 9.61
1995-10-30 10.25 10.27 10.0 10.0
1995-11-06 10.55 10.58 10.45 10.45
1995-12-04 9.73 9.77 9.68 9.68
1995-12-19 9.25 9.3 9.16 9.16
1995-12-20 9.3 9.36 9.23 9.23
1996-01-11 8.1 8.19 8.02 8.02
1996-02-08 7.35 7.38 7.3 7.3
1996-02-15 7.62 7.65 7.35 7.35
1996-02-16 7.95 8.0 7.65 7.65
1996-03-07 7.96 7.96 7.7 7.7
1996-04-05 9.21 9.28 8.48 8.48
1996-04-10 9.15 9.24 9.07 9.07
1996-04-12 9.38 9.68 9.35 9.35
1996-04-16 9.42 9.48 9.29 9.29
1996-04-24 9.4 9.44 9.08 9.08
1996-04-25 9.63 10.2 9.5 9.5
1996-08-27 9.7 9.8 9.2 9.2
1996-12-16 9.0 9.0 9.0 9.0
1996-12-17 8.1 8.7 8.1 8.1
1996-12-25 7.85 8.0 7.6 7.6
1997-02-19 8.45 8.45 7.9 7.9
1997-02-20 8.6 8.8 7.61 7.61
1997-02-26 8.77 8.83 8.65 8.65
1997-03-05 9.25 9.55 8.99 8.99
1997-03-06 9.55 9.6 9.08 9.08
1997-04-18 13.22 13.22 12.8 12.8
1997-05-05 14.52 14.52 13.5 13.5
1997-05-12 15.44 15.44 14.6 14.6
1997-05-16 13.31 13.98 12.87 12.87
1997-05-22 12.13 13.07 12.13 12.13
1997-05-27 13.78 13.78 13.1 13.1
1997-05-29 14.11 14.39 13.9 13.9
1997-06-02 14.6 15.0 13.98 13.98
1997-07-14 12.86 12.95 12.33 12.33
1997-08-19 13.0 13.29 10.9 10.9
1997-08-20 13.4 13.61 12.8 12.8
1997-09-01 14.64 15.0 14.3 14.3
1997-09-05 15.4 15.51 14.96 14.96
1997-11-14 17.0 17.1 16.81 16.81
1997-11-18 16.89 17.06 16.58 16.58
1997-11-20 17.25 17.3 16.82 16.82
1997-12-02 18.67 18.68 17.78 17.78
1997-12-10 18.6 18.97 17.88 17.88
1997-12-12 18.38 18.72 18.25 18.25
1997-12-22 13.4 13.63 13.2 13.2
1997-12-24 13.66 13.81 13.5 13.5
1997-12-26 14.26 14.46 14.1 14.1
1998-03-13 15.32 15.4 14.88 14.88
1998-04-10 13.8 13.88 13.4 13.4
1998-04-28 14.25 14.26 13.55 13.55
1998-07-23 15.16 15.35 14.7 14.7
1998-08-19 13.45 13.48 12.88 12.88
1998-09-07 13.98 14.13 13.75 13.75
1998-11-02 14.07 14.15 13.86 13.86
1999-01-18 13.8 13.85 13.61 13.61
1999-03-03 12.91 13.2 12.4 12.4
1999-03-11 13.12 13.2 12.9 12.9
1999-03-19 13.16 13.4 13.1 13.1
1999-04-09 13.3 13.32 13.09 13.09
1999-04-28 11.98 12.15 11.96 11.96
1999-05-06 12.28 12.3 12.15 12.15
1999-06-21 15.29 15.48 14.85 14.85
1999-06-28 16.5 16.5 15.3 15.3
1999-07-20 17.15 17.2 15.99 15.99
1999-07-23 16.8 17.28 16.7 16.7
1999-07-28 17.77 18.1 17.35 17.35
1999-08-26 17.0 17.4 16.5 16.5
1999-09-20 17.06 17.2 17.0 17.0
1999-09-22 17.03 17.12 17.0 17.0
1999-12-08 19.75 19.8 19.42 19.42
1999-12-09 19.75 19.8 19.46 19.46
1999-12-10 20.08 20.28 19.6 19.6
2000-01-20 21.45 21.45 20.55 20.55
2000-01-26 24.0 24.18 22.3 22.3
2000-02-15 27.69 29.17 26.65 26.65
2000-02-21 32.61 34.08 31.99 31.99
2000-03-08 31.3 31.45 29.88 29.88
2000-03-14 30.49 31.9 30.49 30.49
2000-06-02 27.3 27.8 26.2 26.2
2000-08-24 19.9 19.95 19.7 19.7
2000-08-25 20.2 20.25 20.0 20.0
2000-09-22 17.83 17.9 17.76 17.76
2000-12-01 19.4 19.6 18.97 18.97
2000-12-29 21.99 22.39 21.81 21.81
2001-01-05 21.6 22.0 21.49 21.49
2001-04-17 20.48 20.88 19.23 19.23
2001-05-08 19.65 19.66 19.3 19.3
2001-05-11 19.31 19.35 19.23 19.23
2001-05-15 19.58 19.93 19.38 19.38
2001-05-17 19.87 19.93 19.6 19.6
2001-09-04 15.15 15.15 14.8 14.8
2001-09-05 15.29 15.49 15.2 15.2
2001-09-13 15.11 15.21 15.0 15.0
2001-09-18 14.9 15.2 14.87 14.87
2001-11-05 16.02 16.14 16.0 16.0
2001-11-06 16.15 16.3 16.0 16.0
2001-11-09 15.63 15.63 15.27 15.27
2001-11-13 15.08 15.38 15.0 15.0
2001-11-14 15.31 15.33 15.1 15.1
2001-11-15 15.45 15.45 15.1 15.1
2001-11-22 15.9 16.03 15.9 15.9
2001-11-30 15.9 15.9 15.79 15.79
2001-12-03 16.05 16.16 15.91 15.91
2002-03-14 13.85 13.87 13.13 13.13
2002-06-04 11.61 11.69 11.3 11.3
2002-06-11 12.09 12.28 12.06 12.06
2002-06-13 11.84 12.08 11.81 11.81
2002-06-20 11.83 11.96 11.69 11.69
2002-07-16 13.3 13.47 13.28 13.28
2002-07-19 13.66 13.66 13.38 13.38
2002-08-14 12.64 12.65 12.45 12.45
2002-09-03 12.53 12.62 12.51 12.51
2003-09-03 8.24 8.34 8.0 8.0
2003-09-24 7.46 7.49 7.35 7.35
2003-10-08 7.02 7.05 6.95 6.95
2003-10-10 7.29 7.35 7.05 7.05
2003-10-15 7.33 7.51 7.05 7.05
2003-10-21 7.14 7.16 7.03 7.03
2003-11-19 6.13 6.16 5.9 5.9
2004-02-04 7.4 7.46 7.25 7.25
2004-02-05 7.62 7.67 7.41 7.41
2004-08-24 4.82 4.95 4.7 4.7
2004-11-26 4.48 4.55 4.4 4.4
2004-12-02 4.4 4.44 4.31 4.31
2004-12-28 4.17 4.21 4.16 4.16
2005-03-11 4.6 4.64 4.48 4.48
2005-03-29 4.01 4.05 3.81 3.81
2005-05-17 3.68 3.69 3.54 3.54
2005-05-18 3.82 3.86 3.69 3.69
2005-07-26 3.42 3.44 3.26 3.26
2005-08-01 3.42 3.43 3.32 3.32
2005-08-08 3.66 3.71 3.6 3.6
2005-08-31 3.6 3.6 3.47 3.47
2005-10-19 4.07 4.2 4.05 4.05
2005-10-21 4.13 4.14 3.98 3.98
2005-11-24 3.73 3.77 3.68 3.68
2005-12-21 3.76 3.78 3.69 3.69
2005-12-22 3.95 3.97 3.75 3.75
2005-12-27 4.18 4.22 4.02 4.02
2006-01-04 4.21 4.23 4.11 4.11
2006-12-18 6.49 6.54 6.35 6.35
2006-12-26 6.75 6.8 6.4 6.4
2006-12-29 6.71 6.9 6.58 6.58
2007-01-10 7.47 7.48 7.11 7.11
2007-01-15 8.08 8.09 7.35 7.35
2007-01-30 8.6 9.52 8.35 8.35
2007-02-01 8.03 8.17 7.53 7.53
2007-02-14 8.73 8.8 8.32 8.32
2007-02-28 8.63 8.75 8.2 8.2
2007-04-23 12.28 12.39 11.85 11.85
2007-04-27 12.88 13.28 12.6 12.6
2007-06-21 19.8 20.25 19.4 19.4
2007-12-21 20.54 20.59 20.11 20.11
2008-07-09 9.97 9.97 9.07 9.07
2008-08-29 7.92 8.04 7.6 7.6
2008-11-19 6.71 6.71 6.02 6.02
2009-02-09 10.47 10.47 9.54 9.54
2009-03-04 11.17 11.25 10.39 10.39
2009-09-10 9.17 9.39 9.08 9.08
2009-09-14 9.63 9.71 9.38 9.38
2009-09-17 9.63 9.67 9.4 9.4
2009-10-19 9.62 9.67 9.18 9.18
2010-01-28 8.48 8.56 8.41 8.41
2010-02-25 8.59 8.6 8.35 8.35
2010-03-18 9.05 9.09 8.86 8.86
2010-07-14 6.91 7.05 6.83 6.83
2011-05-12 7.79 7.92 7.66 7.66
2011-05-18 8.62 8.62 7.9 7.9
2011-05-20 9.65 9.65 9.01 9.01
2011-10-28 5.76 5.95 5.67 5.67
2012-03-01 5.5 5.58 5.33 5.33
2012-03-08 5.64 5.65 5.48 5.48
2012-07-24 4.33 4.37 4.28 4.28
2012-09-18 4.07 4.14 4.03 4.03
2012-12-14 3.99 4.02 3.79 3.79
2012-12-21 3.98 4.06 3.97 3.97
2013-04-09 3.77 3.8 3.74 3.74
2013-05-02 3.7 3.73 3.66 3.66
2013-05-08 3.8 3.85 3.77 3.77
2013-07-15 3.3 3.32 3.26 3.26
2013-07-22 3.29 3.3 3.2 3.2
2013-09-09 4.99 4.99 4.99 4.99
2013-09-23 5.1 5.23 4.94 4.94
2014-02-10 4.26 4.27 4.17 4.17
2014-02-14 4.49 4.55 4.41 4.41
2014-03-24 4.18 4.21 4.06 4.06
2014-04-08 4.26 4.29 4.19 4.19
2014-07-28 4.22 4.22 4.16 4.16
2014-09-29 4.75 4.78 4.68 4.68
2014-10-09 4.96 4.97 4.85 4.85
2014-12-25 5.79 5.83 5.71 5.71
2015-02-13 6.0 6.03 5.83 5.83
2015-03-18 6.93 7.03 6.65 6.65
2015-11-20 13.41 13.41 13.41 13.41
2015-11-23 14.75 14.75 14.75 14.75
2016-05-05 14.5 14.76 13.71 13.71
2016-06-01 12.82 13.37 12.63 12.63
2016-06-06 13.49 13.93 13.4 13.4
2016-08-04 12.9 13.18 12.47 12.47
2016-09-05 13.0 13.27 12.95 12.95
2016-09-22 12.96 13.03 12.86 12.86
2016-09-27 12.9 12.96 12.73 12.73
2017-03-07 12.2 12.24 11.95 11.95
2017-03-08 12.59 12.74 12.17 12.17
2017-03-16 12.97 13.1 12.69 12.69
2017-04-06 13.55 13.63 13.09 13.09
2017-04-13 12.91 12.94 12.67 12.67
2017-04-17 12.74 12.82 12.5 12.5
2017-06-09 11.26 11.35 11.22 11.22
2017-06-13 10.97 11.08 10.81 10.81
2017-06-16 11.35 11.41 11.22 11.22
