1999-12-28 8.3 8.4 8.23 8.23
2000-03-17 9.82 9.9 9.55 9.55
2000-03-27 10.62 10.65 10.15 10.15
2000-04-06 10.49 10.55 10.2 10.2
2000-06-28 11.11 11.25 11.1 11.1
2000-09-08 11.85 11.89 11.68 11.68
2000-09-13 11.9 12.01 11.81 11.81
2000-11-03 12.88 13.0 12.6 12.6
2000-11-20 13.13 13.16 12.96 12.96
2000-11-21 13.16 13.4 13.13 13.13
2000-12-13 12.41 12.48 12.3 12.3
2001-01-17 12.74 12.8 12.7 12.7
2001-03-15 12.52 12.58 12.4 12.4
2001-03-20 13.03 13.1 12.86 12.86
2001-03-26 12.88 12.89 12.71 12.71
2001-04-27 12.69 12.75 12.6 12.6
2001-05-25 13.56 13.65 13.4 13.4
2001-05-30 13.48 13.55 13.3 13.3
2001-06-01 13.84 13.95 13.72 13.72
2001-06-07 14.01 14.16 13.85 13.85
2001-06-11 14.08 14.15 13.97 13.97
2001-06-13 14.39 14.57 14.25 14.25
2001-08-09 12.49 12.49 12.28 12.28
2001-08-10 12.55 12.69 12.48 12.48
2001-10-29 10.32 10.35 10.04 10.04
2001-11-01 10.28 10.34 10.16 10.16
2001-12-21 10.29 10.4 10.15 10.15
2002-01-25 9.03 9.1 8.81 8.81
2002-01-31 9.32 9.39 8.8 8.8
2002-03-19 10.29 10.3 9.92 9.92
2002-07-24 10.71 10.8 10.61 10.61
2002-08-13 10.32 10.48 10.3 10.3
2002-08-15 10.42 10.48 10.4 10.4
2002-09-03 10.6 10.64 10.5 10.5
2002-09-10 10.21 10.3 10.14 10.14
2002-10-21 9.47 9.49 9.31 9.31
2002-10-22 9.55 9.62 9.11 9.11
2003-04-08 9.33 9.5 9.28 9.28
2003-09-19 6.68 6.87 6.38 6.38
2003-11-19 5.15 5.17 5.0 5.0
2004-04-27 5.84 5.92 5.8 5.8
2004-05-12 6.17 6.18 6.0 6.0
2004-05-13 6.49 6.68 5.57 5.57
2004-05-19 6.64 6.8 6.51 6.51
2004-06-02 6.41 6.5 6.34 6.34
2004-06-04 6.26 6.3 6.18 6.18
2004-06-24 5.37 5.57 5.36 5.36
2004-09-14 4.78 4.81 4.63 4.63
2004-09-17 5.24 5.29 5.06 5.06
2004-09-23 5.31 5.31 5.1 5.1
2004-09-28 5.12 5.15 5.06 5.06
2004-11-26 4.4 4.49 4.25 4.25
2004-12-02 4.33 4.35 4.23 4.23
2004-12-03 4.38 4.42 4.33 4.33
2004-12-27 4.1 4.13 4.08 4.08
2005-04-06 3.33 3.35 3.22 3.22
2005-04-07 3.37 3.49 3.33 3.33
2005-04-08 3.19 3.25 3.03 3.03
2007-08-22 6.91 6.95 6.62 6.62
2007-08-23 7.26 7.26 6.82 6.82
2007-08-29 6.94 7.05 6.74 6.74
2007-08-30 7.29 7.29 6.88 6.88
2007-09-06 7.95 8.06 7.7 7.7
2007-10-19 7.69 7.74 7.32 7.32
2007-10-29 6.63 6.78 6.46 6.46
2007-10-30 6.51 6.88 6.3 6.3
2007-10-31 6.84 6.84 6.47 6.47
2007-11-05 6.36 6.47 6.08 6.08
2008-01-29 7.21 7.45 7.17 7.17
2008-02-21 7.53 7.6 7.29 7.29
2008-08-15 4.03 4.18 3.9 3.9
2008-10-28 2.64 2.69 2.48 2.48
2008-11-13 2.86 2.92 2.77 2.77
2009-02-06 4.23 4.31 4.04 4.04
2009-03-10 5.19 5.2 4.81 4.81
2009-06-02 8.75 8.82 8.04 8.04
2010-01-04 8.76 8.97 8.71 8.71
2010-01-12 8.28 8.29 7.98 7.98
2010-01-14 8.39 8.47 8.1 8.1
2010-02-03 9.9 10.01 8.95 8.95
2010-02-08 9.41 9.5 9.01 9.01
2010-05-10 12.34 12.43 11.58 11.58
2010-05-14 11.82 11.91 11.33 11.33
2010-05-20 11.68 12.03 11.58 11.58
2010-09-17 13.18 13.28 12.88 12.88
2010-09-21 14.1 14.1 12.83 12.83
2010-10-22 15.23 15.59 14.81 14.81
2010-11-03 18.43 18.43 18.43 18.43
2011-02-16 19.27 19.5 18.58 18.58
2011-02-21 18.79 18.85 18.22 18.22
2011-02-23 18.43 18.48 17.85 17.85
2011-07-14 12.55 12.59 12.1 12.1
2011-08-25 10.65 10.72 10.31 10.31
2011-09-14 10.2 10.53 9.62 9.62
2011-09-15 10.2 10.26 10.02 10.02
2011-11-21 10.28 10.64 9.76 9.76
2012-02-09 7.35 7.48 7.28 7.28
2012-04-05 7.5 7.55 7.13 7.13
2012-04-11 7.47 7.49 7.29 7.29
2012-07-20 6.31 6.37 6.21 6.21
2012-09-04 5.74 5.83 5.66 5.66
2012-09-05 5.78 5.8 5.7 5.7
2012-11-29 4.71 4.84 4.7 4.7
2012-12-28 5.55 5.56 5.47 5.47
2013-01-07 5.66 5.67 5.5 5.5
2013-04-15 6.28 6.36 6.19 6.19
2013-04-16 6.35 6.38 6.24 6.24
2013-04-17 6.36 6.45 6.26 6.26
2013-04-25 6.82 7.07 6.44 6.44
2013-05-03 6.71 6.77 6.43 6.43
2013-06-06 7.16 7.24 6.93 6.93
2013-06-14 6.2 6.25 6.06 6.06
2013-06-18 6.28 6.48 6.16 6.16
2013-08-13 5.95 5.97 5.83 5.83
2013-11-15 6.22 6.39 6.13 6.13
2013-11-28 6.3 6.35 6.28 6.28
2014-01-07 5.73 5.73 5.6 5.6
2014-01-29 6.1 6.15 6.06 6.06
2014-02-07 6.29 6.32 6.05 6.05
2014-04-10 6.58 6.66 6.56 6.56
2014-04-14 6.88 6.97 6.62 6.62
2014-04-17 6.78 6.86 6.72 6.72
2014-06-11 6.09 6.11 6.01 6.01
2014-08-29 9.24 9.29 8.91 8.91
2014-09-01 9.37 9.63 9.24 9.24
2014-10-24 11.24 11.38 11.0 11.0
2014-10-27 11.63 11.65 11.17 11.17
2014-10-28 11.9 11.91 11.56 11.56
2015-02-05 16.8 17.19 16.5 16.5
2015-04-22 15.29 15.4 14.6 14.6
2015-07-09 7.84 7.84 6.8 6.8
2016-02-16 9.97 10.18 9.45 9.45
2016-02-22 10.74 11.41 10.41 10.41
2016-04-14 13.62 13.85 12.83 12.83
2016-04-15 14.52 14.58 13.41 13.41
2016-05-16 11.25 11.27 10.85 10.85
2016-05-19 10.85 10.99 10.42 10.42
2016-05-23 11.77 12.33 11.44 11.44
2016-05-31 12.23 12.31 11.47 11.47
2016-08-12 12.67 13.05 12.59 12.59
2016-09-19 16.15 16.38 15.1 15.1
2016-12-01 15.58 15.74 15.41 15.41
2017-04-05 14.79 14.92 14.61 14.61
2017-04-06 14.84 15.05 14.7 14.7
