1990-12-20 193.0 193.0 193.0 193.0
1990-12-28 204.7 204.7 204.7 204.7
1990-12-31 206.7 206.7 206.7 206.7
1991-01-02 208.8 208.8 208.8 208.8
1991-01-07 209.8 209.8 209.8 209.8
1991-01-08 210.8 210.8 210.8 210.8
1991-01-11 211.9 211.9 211.9 211.9
1991-01-14 213.0 213.0 213.0 213.0
1991-01-15 214.1 214.1 214.1 214.1
1991-01-16 215.2 215.2 215.2 215.2
1991-01-17 216.3 216.3 216.3 216.3
1991-01-18 217.4 217.4 217.4 217.4
1991-01-22 218.5 218.5 218.5 218.5
1991-01-30 219.6 219.6 219.6 219.6
1991-03-04 228.4 228.4 228.4 228.4
1991-03-11 231.8 231.8 231.8 231.8
1991-03-12 233.0 233.0 233.0 233.0
1991-03-15 235.4 235.4 235.4 235.4
1991-03-18 236.6 236.6 236.6 236.6
1991-03-20 239.0 239.0 239.0 239.0
1991-03-21 240.2 240.2 240.2 240.2
1991-03-25 241.4 241.4 241.4 241.4
1991-03-26 242.6 242.6 242.6 242.6
1991-03-28 243.8 243.8 243.8 243.8
1991-03-29 245.0 245.0 245.0 245.0
1991-04-01 246.2 246.2 246.2 246.2
1991-04-05 248.6 248.6 248.6 248.6
1991-04-08 249.8 249.8 249.8 249.8
1991-04-09 251.0 251.0 251.0 251.0
1991-04-10 252.3 252.3 252.3 252.3
1991-04-11 253.6 253.6 253.6 253.6
1991-04-19 257.5 257.5 257.5 257.5
1991-04-30 268.0 268.0 268.0 268.0
1991-05-03 273.4 273.4 273.4 273.4
1991-05-09 281.7 281.7 281.7 281.7
1991-05-10 284.5 284.5 284.5 284.5
1991-05-13 287.3 287.3 287.3 287.3
1991-05-16 293.1 293.1 293.1 293.1
1991-05-17 296.0 296.0 296.0 296.0
1991-05-20 299.0 299.0 299.0 299.0
1991-05-21 302.0 302.0 302.0 302.0
1991-05-22 305.0 305.0 305.0 305.0
1991-05-23 308.1 308.1 308.1 308.1
1991-05-24 311.2 311.2 311.2 311.2
1991-05-27 314.3 314.3 314.3 314.3
1991-05-28 317.4 317.4 317.4 317.4
1991-05-29 320.6 320.6 320.6 320.6
1991-05-30 323.8 323.8 323.8 323.8
1991-06-04 327.0 327.0 327.0 327.0
1991-06-10 336.9 336.9 336.9 336.9
1991-06-17 354.1 354.1 354.1 354.1
1991-06-18 357.6 357.6 357.6 357.6
1991-06-20 361.2 361.2 361.2 361.2
1991-06-28 379.6 379.6 379.6 379.6
1991-07-01 383.4 383.4 383.4 383.4
1991-07-02 387.2 387.2 387.2 387.2
1991-07-03 391.1 391.1 391.1 391.1
1991-07-04 395.0 395.0 395.0 395.0
1991-07-05 399.0 399.0 399.0 399.0
1991-07-08 403.0 403.0 403.0 403.0
1991-07-09 407.0 407.0 407.0 407.0
1991-07-11 415.2 415.2 415.2 415.2
1991-07-15 423.6 423.6 423.6 423.6
1991-07-16 427.8 427.8 427.8 427.8
1991-07-18 432.1 432.1 432.1 432.1
1991-07-19 436.4 436.4 436.4 436.4
1991-07-22 440.8 440.8 440.8 440.8
1991-07-23 445.2 445.2 445.2 445.2
1991-07-24 445.2 445.2 445.2 445.2
1991-07-26 449.7 449.7 449.7 449.7
1991-07-29 449.7 449.7 449.7 449.7
1991-08-02 454.2 454.2 454.2 454.2
1991-08-05 458.7 458.7 458.7 458.7
1991-08-06 463.3 463.3 463.3 463.3
1991-08-08 467.9 467.9 467.9 467.9
1991-08-14 472.6 472.6 472.6 472.6
1991-08-19 477.3 477.3 477.3 477.3
1991-08-20 477.3 477.3 477.3 477.3
1991-08-21 482.1 482.1 482.1 482.1
1991-08-22 486.9 486.9 486.9 486.9
1991-08-23 491.8 491.8 491.8 491.8
1991-09-02 64.8 64.8 64.8 64.8
1991-09-03 65.4 65.4 65.4 65.4
1991-09-05 66.1 66.1 66.1 66.1
1991-09-06 66.8 66.8 66.8 66.8
1991-09-09 67.5 67.5 67.5 67.5
1991-09-10 68.2 68.2 68.2 68.2
1991-09-11 68.9 68.9 68.9 68.9
1991-09-12 69.6 69.6 69.6 69.6
1991-09-13 70.3 70.3 70.3 70.3
1991-09-17 71.0 71.0 71.0 71.0
1991-09-19 71.7 71.7 71.7 71.7
1991-09-20 71.7 71.7 71.7 71.7
1991-09-23 72.4 72.4 72.4 72.4
1991-09-24 73.1 73.1 73.1 73.1
1991-09-25 73.8 73.8 73.8 73.8
1991-09-26 74.5 74.5 74.5 74.5
1991-09-30 75.2 75.2 75.2 75.2
1991-10-04 76.0 76.0 76.0 76.0
1991-10-08 76.8 76.8 76.8 76.8
1991-10-09 77.6 77.6 77.6 77.6
1991-10-10 78.4 78.4 78.4 78.4
1991-10-11 79.2 79.2 79.2 79.2
1991-10-14 80.0 80.0 80.0 80.0
1991-10-15 80.8 80.8 80.8 80.8
1991-10-16 81.6 81.6 81.6 81.6
1991-10-17 82.4 82.4 82.4 82.4
1991-10-18 83.2 83.2 83.2 83.2
1991-10-24 84.0 84.0 84.0 84.0
1991-10-25 84.0 84.0 84.0 84.0
1991-10-28 84.8 84.8 84.8 84.8
1991-10-29 85.6 85.6 85.6 85.6
1991-10-30 86.5 86.5 86.5 86.5
1991-10-31 87.4 87.4 87.4 87.4
1991-11-01 88.3 88.3 88.3 88.3
1991-11-04 89.2 89.2 89.2 89.2
1991-11-05 90.1 90.1 90.1 90.1
1991-11-06 90.1 90.1 90.1 90.1
1991-11-07 91.0 91.0 91.0 91.0
1991-11-08 91.9 91.9 91.9 91.9
1991-11-11 92.8 92.8 92.8 92.8
1991-11-12 93.7 93.7 93.7 93.7
1991-11-13 94.6 94.6 94.6 94.6
1991-11-19 94.6 94.6 94.6 94.6
1991-11-22 95.5 95.5 95.5 95.5
1991-11-25 96.5 96.5 96.5 96.5
1991-11-26 97.5 97.5 97.5 97.5
1991-11-27 98.5 98.5 98.5 98.5
1991-11-28 99.5 99.5 99.5 99.5
1991-11-29 100.5 100.5 100.5 100.5
1991-12-02 101.5 101.5 101.5 101.5
1991-12-03 102.5 102.5 102.5 102.5
1991-12-04 103.5 103.5 103.5 103.5
1991-12-05 104.5 104.5 104.5 104.5
1991-12-06 105.5 105.5 105.5 105.5
1991-12-09 106.6 106.6 106.6 106.6
1991-12-10 107.7 107.7 107.7 107.7
1991-12-11 108.8 108.8 108.8 108.8
1991-12-12 109.9 109.9 109.9 109.9
1991-12-13 111.0 111.0 111.0 111.0
1991-12-16 111.0 111.0 111.0 111.0
1991-12-17 112.1 112.1 112.1 112.1
1991-12-18 113.2 113.2 113.2 113.2
1991-12-19 114.3 114.3 114.3 114.3
1991-12-20 115.4 115.4 115.4 115.4
1991-12-23 116.6 116.6 116.6 116.6
1991-12-24 117.8 117.8 117.8 117.8
1991-12-25 119.0 119.0 119.0 119.0
1991-12-26 120.2 120.2 120.2 120.2
1991-12-27 121.4 121.4 121.4 121.4
1991-12-30 122.6 122.6 122.6 122.6
1991-12-31 123.8 123.8 123.8 123.8
1992-01-02 125.0 125.0 125.0 125.0
1992-01-03 126.3 126.3 126.3 126.3
1992-01-06 127.6 127.6 127.6 127.6
1992-01-07 128.9 128.9 128.9 128.9
1992-01-08 130.2 130.2 130.2 130.2
1992-01-09 131.5 131.5 131.5 131.5
1992-01-10 132.8 132.8 132.8 132.8
1992-01-13 134.1 134.1 134.1 134.1
1992-01-14 135.4 135.4 135.4 135.4
1992-01-15 136.8 136.8 136.8 136.8
1992-01-17 138.2 138.2 138.2 138.2
1992-01-20 139.6 139.6 139.6 139.6
1992-01-21 139.6 139.6 139.6 139.6
1992-01-23 139.6 139.6 139.6 139.6
1992-01-27 141.0 141.0 141.0 141.0
1992-01-29 142.4 142.4 142.4 142.4
1992-02-07 142.4 142.4 142.4 142.4
1992-02-10 143.8 143.8 143.8 143.8
1992-02-11 145.2 145.2 145.2 145.2
1992-02-12 146.7 146.7 146.7 146.7
1992-02-13 146.9 146.9 146.9 146.9
1992-02-14 148.4 148.4 148.4 148.4
1992-02-17 148.4 148.4 148.4 148.4
1992-02-18 149.9 149.9 149.9 149.9
1992-02-19 151.4 151.4 151.4 151.4
1992-02-20 151.4 151.4 151.4 151.4
1992-02-21 152.9 152.9 152.9 152.9
1992-02-24 152.9 152.9 152.9 152.9
1992-02-28 152.9 152.9 152.9 152.9
1992-03-03 152.9 152.9 152.9 152.9
1992-03-04 154.4 154.4 154.4 154.4
1992-03-05 154.4 154.4 154.4 154.4
1992-03-10 154.4 154.4 154.4 154.4
1992-03-12 154.4 154.4 154.4 154.4
1992-03-17 154.4 154.4 154.4 154.4
1992-03-19 154.4 154.4 154.4 154.4
1992-03-20 154.4 154.4 154.4 154.4
1992-03-23 155.9 155.9 155.9 155.9
1992-03-24 157.5 157.5 157.5 157.5
1992-03-30 160.7 160.7 160.7 160.7
1992-04-02 160.7 160.7 160.7 160.7
1992-04-03 160.7 160.7 160.7 160.7
1992-04-06 160.7 160.7 160.7 160.7
1992-04-07 160.7 160.7 160.7 160.7
1992-04-08 162.3 162.3 162.3 162.3
1992-04-09 162.3 162.3 162.3 162.3
1992-04-10 162.3 162.3 162.3 162.3
1992-04-13 162.3 162.3 162.3 162.3
1992-04-14 163.9 163.9 163.9 163.9
1992-04-15 165.5 165.5 165.5 165.5
1992-04-16 167.2 167.2 167.2 167.2
1992-04-17 168.9 168.9 168.9 168.9
1992-04-20 170.6 170.6 170.6 170.6
1992-04-22 167.2 167.2 167.2 167.2
1992-04-24 165.5 167.2 165.5 165.5
1992-04-27 164.65 166.75 163.8 163.8
1992-05-14 207.6 219.95 207.6 207.6
1992-05-19 240.3 240.3 240.15 240.15
1992-05-28 264.65 285.5 240.0 240.0
1992-06-04 256.0 258.0 238.0 238.0
1992-06-10 265.25 268.75 255.5 255.5
1992-06-23 334.5 338.0 330.8 330.8
1992-06-25 344.0 344.0 335.0 335.0
1992-06-26 360.0 361.0 350.0 350.0
1992-06-30 413.0 450.0 400.0 400.0
1992-07-03 443.0 450.5 435.0 435.0
1992-07-15 530.0 533.0 492.5 492.5
1992-07-20 532.0 540.0 530.0 530.0
1992-07-31 515.0 515.5 512.0 512.0
1992-08-25 384.0 402.0 352.0 352.0
1992-08-26 392.0 405.0 365.0 365.0
1992-08-28 382.0 384.5 380.0 380.0
1992-09-01 379.05 382.0 371.0 371.0
1992-09-11 350.0 361.0 334.0 334.0
1992-09-15 325.5 345.0 297.5 297.5
1992-10-15 313.0 315.23 300.0 300.0
1992-10-23 267.25 284.55 246.0 246.0
1992-10-28 195.0 215.0 189.0 189.0
1992-10-29 210.75 210.75 195.25 195.25
1992-11-06 203.0 205.5 200.0 200.0
1992-11-20 182.0 183.0 180.0 180.0
1992-11-25 253.0 260.0 221.0 221.0
1992-12-11 32.2 32.98 28.0 28.0
1992-12-17 33.0 33.0 30.6 30.6
1992-12-18 33.39 34.49 33.0 33.0
1992-12-23 35.5 35.8 35.2 35.2
1992-12-24 36.5 36.9 35.5 35.5
1992-12-25 38.0 40.5 36.89 36.89
1992-12-31 38.0 38.2 37.5 37.5
1993-01-27 51.0 51.19 48.3 48.3
1993-02-02 54.2 54.79 52.5 52.5
1993-02-03 54.49 55.4 53.2 53.2
1993-03-11 88.0 88.0 82.9 82.9
1993-03-16 24.0 24.2 21.01 21.01
1993-04-06 20.1 20.5 17.3 17.3
1993-04-08 24.21 24.51 22.3 22.3
1993-05-28 18.69 19.3 18.0 18.0
1993-06-11 20.45 20.6 19.3 19.3
1993-06-16 19.46 19.64 19.2 19.2
1993-06-18 19.35 19.4 19.01 19.01
1993-06-22 19.1 19.35 18.98 18.98
1993-06-29 20.13 20.55 19.3 19.3
1993-07-12 17.0 17.1 16.5 16.5
1993-07-19 16.48 16.58 16.05 16.05
1993-07-21 16.14 16.34 15.99 15.99
1993-07-23 16.2 16.3 16.15 16.15
1993-07-28 16.35 16.98 16.06 16.06
1993-08-03 17.16 17.8 17.08 17.08
1993-08-13 19.7 19.8 19.1 19.1
1993-08-25 19.25 20.0 18.95 18.95
1993-09-15 19.02 19.2 18.9 18.9
1993-09-27 20.14 20.37 19.5 19.5
1993-10-07 25.7 28.5 23.61 23.61
1993-10-11 24.35 24.8 22.5 22.5
1993-10-12 25.4 27.3 24.5 24.5
1993-11-01 31.6 32.27 31.0 31.0
1993-12-06 49.0 49.0 46.5 46.5
1993-12-23 38.9 40.4 38.61 38.61
1994-01-27 42.59 42.59 41.9 41.9
1994-02-01 38.68 39.48 38.08 38.08
1994-02-02 39.32 39.8 38.08 38.08
1994-02-22 39.35 39.9 38.4 38.4
1994-03-07 39.95 40.58 38.4 38.4
1994-03-16 46.1 46.48 43.64 43.64
1994-03-23 44.1 45.1 10.0 10.0
1994-03-24 44.0 44.6 43.5 43.5
1994-04-06 48.03 48.37 47.06 47.06
1994-04-21 10.3 10.5 9.21 9.21
1994-04-25 9.7 10.09 9.6 9.6
1994-05-03 10.55 10.56 10.15 10.15
1994-05-23 11.36 11.44 11.3 11.3
1994-05-24 11.59 11.65 11.38 11.38
1994-06-01 11.6 11.62 11.3 11.3
1994-06-02 11.88 12.06 11.45 11.45
1994-06-14 11.47 11.58 11.11 11.11
1994-07-08 8.99 9.05 8.68 8.68
1994-07-13 9.56 9.56 9.25 9.25
1994-08-03 10.47 10.8 9.06 9.06
1994-08-16 11.5 11.99 11.2 11.2
1994-08-22 11.46 11.65 11.02 11.02
1994-09-26 13.0 13.2 12.6 12.6
1994-10-10 9.48 10.2 9.0 9.0
1994-11-03 9.6 9.73 9.0 9.0
1994-11-09 9.58 9.65 8.9 8.9
1994-11-21 10.27 10.4 10.0 10.0
1994-12-21 9.82 10.07 9.71 9.71
1995-01-04 9.34 9.36 9.1 9.1
1995-01-23 7.81 7.9 7.8 7.8
1995-01-27 7.94 8.0 7.78 7.78
1995-02-09 7.8 7.9 7.54 7.54
1995-02-13 7.65 7.67 7.6 7.6
1995-02-16 7.55 7.68 7.5 7.5
1995-02-17 7.43 7.67 7.4 7.4
1995-03-03 7.89 7.97 7.6 7.6
1995-03-16 7.85 7.88 7.6 7.6
1995-03-27 8.35 8.42 8.2 8.2
1995-04-13 8.71 9.15 8.52 8.52
1995-04-24 9.62 9.68 9.1 9.1
1995-05-12 8.75 8.9 8.42 8.42
1995-06-13 8.74 8.79 8.6 8.6
1995-06-21 8.1 8.1 7.9 7.9
1995-07-07 8.07 8.09 7.65 7.65
1995-07-12 7.8 7.84 7.7 7.7
1995-07-17 8.23 8.35 7.7 7.7
1995-07-26 7.93 8.35 7.9 7.9
1995-07-28 7.98 8.08 7.93 7.93
1995-08-24 8.13 8.18 8.0 8.0
1995-08-30 8.03 8.11 8.01 8.01
1995-09-11 8.21 8.3 8.1 8.1
1995-09-19 7.93 8.07 7.88 7.88
1995-09-21 7.89 7.9 7.8 7.8
1995-10-05 7.64 7.75 7.53 7.53
1995-10-31 7.49 7.49 7.3 7.3
1995-11-03 7.77 7.78 7.5 7.5
1995-11-23 7.45 7.5 7.39 7.39
1995-12-05 7.28 7.3 7.25 7.25
1995-12-12 7.9 8.25 6.28 6.28
1995-12-19 7.19 7.24 7.11 7.11
1996-01-03 6.7 6.78 6.5 6.5
1996-01-25 6.26 6.45 6.1 6.1
1996-01-26 6.3 6.33 6.2 6.2
1996-01-29 6.3 6.45 6.27 6.27
1996-02-02 6.37 6.38 6.31 6.31
1996-02-06 6.21 6.25 6.2 6.2
1996-02-07 6.22 6.25 6.2 6.2
1996-02-15 6.36 6.41 6.25 6.25
1996-03-08 6.66 6.68 6.5 6.5
1996-03-18 6.7 6.7 6.55 6.55
1996-04-01 6.98 7.05 6.9 6.9
1996-04-02 6.98 6.98 6.82 6.82
1996-04-12 7.32 7.41 7.25 7.25
1996-04-15 7.46 7.47 7.28 7.28
1996-04-19 7.86 7.98 7.6 7.6
1996-04-23 8.34 8.5 7.8 7.8
1996-05-03 8.49 8.6 8.17 8.17
1996-05-06 9.15 9.24 8.39 8.39
1996-05-24 8.7 8.86 8.28 8.28
1996-05-29 8.86 8.86 8.58 8.58
1996-06-12 9.86 9.93 9.18 9.18
1996-07-09 9.03 9.18 8.5 8.5
1996-07-15 9.02 9.18 8.71 8.71
1996-07-18 9.67 9.75 9.1 9.1
1996-09-11 9.62 9.85 9.3 9.3
1996-09-20 6.0 6.0 5.86 5.86
1996-10-09 7.13 7.26 6.6 6.6
1996-10-10 7.79 8.05 7.25 7.25
1996-10-25 9.91 10.48 8.58 8.58
1996-11-11 11.2 11.2 10.55 10.55
1996-12-16 11.87 11.87 11.87 11.87
1996-12-17 10.68 10.68 10.68 10.68
1996-12-18 10.7 11.08 9.61 9.61
1996-12-20 8.67 9.0 8.67 8.67
1997-01-09 8.33 8.4 8.09 8.09
1997-01-17 8.78 8.82 8.4 8.4
1997-02-20 8.74 8.9 7.91 7.91
1997-02-21 9.47 9.5 8.8 8.8
1997-02-26 10.81 11.27 10.71 10.71
1997-03-21 12.24 12.32 11.52 11.52
1997-04-02 13.3 13.58 12.7 12.7
1997-05-05 12.98 13.28 12.4 12.4
1997-05-23 9.5 10.09 9.1 9.1
1997-05-30 10.0 10.12 9.41 9.41
1997-06-16 9.88 10.0 9.5 9.5
1997-06-20 9.83 9.89 9.3 9.3
1997-06-24 10.2 10.2 9.68 9.68
1997-07-11 8.09 8.1 7.8 7.8
1997-08-07 9.44 9.49 8.85 8.85
1997-08-21 8.96 9.06 8.7 8.7
1997-08-28 10.5 10.63 9.85 9.85
1997-09-16 10.15 10.21 9.87 9.87
1997-09-18 10.28 10.33 9.88 9.88
1997-12-16 8.51 8.55 8.2 8.2
1997-12-18 8.18 8.25 8.1 8.1
1997-12-19 8.22 8.26 8.12 8.12
1998-01-14 8.34 8.4 8.1 8.1
1998-02-12 9.1 9.25 9.0 9.0
1998-02-18 9.45 9.75 9.01 9.01
1998-03-23 11.0 11.06 10.4 10.4
1998-04-24 12.44 13.12 12.18 12.18
1998-07-06 16.8 17.17 16.5 16.5
1998-07-31 15.1 15.19 14.2 14.2
1998-08-19 12.57 12.58 11.71 11.71
1998-09-09 14.2 14.48 13.78 13.78
1998-09-22 14.5 14.76 14.25 14.25
1998-09-25 13.91 14.29 13.65 13.65
1998-09-30 13.95 14.09 13.65 13.65
1998-10-23 14.05 14.39 13.75 13.75
1999-01-05 11.36 11.78 10.7 10.7
1999-02-01 11.78 11.99 11.7 11.7
1999-03-09 11.7 11.99 11.4 11.4
1999-03-26 11.07 11.25 11.0 11.0
1999-05-19 9.31 9.34 8.85 8.85
1999-05-21 10.08 10.15 9.88 9.88
1999-05-26 11.2 11.28 10.7 10.7
1999-05-31 11.86 12.17 11.11 11.11
1999-06-01 11.88 12.17 11.85 11.85
1999-06-24 20.08 20.08 18.6 18.6
1999-07-23 15.9 16.3 15.65 15.65
1999-08-25 19.0 19.25 18.55 18.55
1999-08-31 18.66 18.79 18.1 18.1
1999-10-11 20.05 20.15 19.35 19.35
1999-10-22 12.64 13.0 12.4 12.4
1999-11-09 11.58 11.74 11.42 11.42
1999-11-30 11.18 11.35 11.1 11.1
2000-01-27 13.19 13.19 12.11 12.11
2000-02-24 13.95 14.2 13.55 13.55
2000-04-18 14.38 14.52 14.17 14.17
2000-04-21 14.7 15.23 14.55 14.55
2000-04-26 14.3 14.68 14.25 14.25
2000-05-15 13.37 13.44 13.07 13.07
2000-05-16 13.67 13.81 13.5 13.5
2000-06-01 14.93 15.5 14.52 14.52
2000-07-07 15.13 15.15 14.35 14.35
2000-07-14 17.25 17.26 15.7 15.7
2000-08-01 16.53 16.95 16.4 16.4
2000-09-06 14.9 15.29 14.8 14.8
2000-09-14 15.6 15.7 14.8 14.8
2000-09-25 14.43 14.65 14.4 14.4
2000-10-13 15.29 15.85 14.98 14.98
2000-11-15 12.2 12.47 12.1 12.1
2001-01-03 12.19 12.34 12.1 12.1
2001-01-10 12.15 12.2 11.99 11.99
2001-01-11 12.27 12.4 12.16 12.16
2001-01-18 11.66 11.8 11.64 11.64
2001-03-15 11.53 11.75 11.5 11.5
2001-03-26 12.2 12.26 11.99 11.99
2001-04-27 13.5 13.7 13.2 13.2
2001-05-24 14.1 14.41 13.95 13.95
2001-05-30 13.44 13.56 13.31 13.31
2001-06-01 13.3 13.45 13.13 13.13
2001-06-14 13.52 13.75 13.4 13.4
2001-06-25 13.98 14.2 13.86 13.86
2001-07-09 13.37 13.5 13.35 13.35
2001-08-01 11.9 11.94 11.58 11.58
2001-08-09 11.72 11.75 11.42 11.42
2001-09-04 11.5 11.5 11.16 11.16
2001-09-13 11.15 11.3 11.12 11.12
2001-09-18 11.0 11.2 10.9 10.9
2001-10-23 10.77 10.77 10.3 10.3
2001-11-22 10.73 10.8 10.5 10.5
2001-11-28 10.63 10.75 10.58 10.58
2002-03-05 8.87 9.08 8.48 8.48
2002-03-07 9.35 9.38 8.83 8.83
2002-03-11 10.6 10.6 9.9 9.9
2002-03-15 11.45 11.85 11.18 11.18
2002-03-20 12.33 12.43 11.58 11.58
2002-03-27 11.74 11.85 11.4 11.4
2002-04-03 11.7 11.89 11.61 11.61
2002-04-10 12.27 12.4 11.9 11.9
2002-05-21 11.3 11.52 11.11 11.11
2002-06-04 11.18 11.26 11.05 11.05
2002-06-12 11.49 11.5 11.35 11.35
2002-06-18 11.41 11.47 11.1 11.1
2002-06-21 11.63 11.76 11.2 11.2
2002-07-05 11.93 12.05 11.7 11.7
2002-07-08 12.15 12.34 11.88 11.88
2002-07-17 12.84 12.95 12.6 12.6
2002-07-24 12.4 12.55 12.2 12.2
2002-10-16 11.27 11.41 11.1 11.1
2002-10-17 11.07 11.26 11.01 11.01
2002-12-16 9.28 9.39 9.08 9.08
2003-01-06 8.94 8.95 8.7 8.7
2003-01-07 8.91 8.99 8.85 8.85
2003-01-24 9.66 9.69 9.41 9.41
2003-02-11 10.0 10.08 9.83 9.83
2003-02-13 10.12 10.25 10.06 10.06
2003-03-11 7.5 7.63 7.5 7.5
2003-04-14 8.34 8.4 8.05 8.05
2003-04-18 9.25 9.38 8.98 8.98
2003-05-23 8.54 8.66 8.42 8.42
2003-06-11 7.82 7.87 7.75 7.75
2003-07-08 7.85 7.95 7.6 7.6
2003-08-04 7.25 7.25 7.08 7.08
2003-08-12 7.26 7.3 7.14 7.14
2003-09-04 6.89 6.99 6.8 6.8
2003-09-23 6.42 6.48 6.36 6.36
2003-09-30 6.34 6.37 6.25 6.25
2003-10-15 6.33 6.53 6.3 6.3
2003-12-17 6.83 7.04 6.6 6.6
2003-12-22 7.03 7.04 6.42 6.42
2004-01-12 7.51 7.55 7.22 7.22
2004-03-02 7.48 7.59 7.38 7.38
2004-03-15 7.22 7.26 7.01 7.01
2004-03-31 7.48 7.55 7.37 7.37
2004-04-08 7.45 7.56 7.4 7.4
2004-06-01 6.39 6.4 6.3 6.3
2004-06-04 6.33 6.34 6.28 6.28
2004-06-10 5.96 6.17 5.95 5.95
2004-07-01 6.27 6.31 6.0 6.0
2004-08-13 5.9 5.95 5.87 5.87
2004-08-24 5.78 5.85 5.68 5.68
2004-09-14 5.4 5.4 5.19 5.19
2004-09-23 5.93 5.94 5.68 5.68
2004-11-26 6.22 6.28 5.7 5.7
2004-12-02 6.33 6.44 6.15 6.15
2004-12-22 5.63 5.65 5.38 5.38
2005-01-13 5.31 5.31 5.22 5.22
2005-01-18 5.26 5.28 5.14 5.14
2005-02-16 4.85 4.95 4.8 4.8
2005-03-11 5.18 5.21 5.15 5.15
2005-04-13 5.17 5.29 5.1 5.1
2005-05-12 4.78 4.85 4.71 4.71
2005-06-03 4.01 4.15 4.0 4.0
2005-06-27 3.99 4.04 3.95 3.95
2005-08-03 3.52 3.67 3.49 3.49
2005-08-09 3.73 3.74 3.64 3.64
2005-10-31 3.12 3.17 3.0 3.0
2005-11-23 3.41 3.48 3.35 3.35
2005-11-24 3.49 3.49 3.36 3.36
2005-12-14 3.27 3.3 3.21 3.21
2006-01-04 3.32 3.33 3.25 3.25
2006-03-01 3.61 3.61 3.51 3.51
2006-03-20 3.4 3.4 3.31 3.31
2006-04-03 3.43 3.48 3.34 3.34
2006-06-29 4.0 4.03 3.92 3.92
2006-09-27 3.87 3.87 3.53 3.53
2006-10-13 3.92 3.95 3.79 3.79
2006-10-30 4.0 4.09 3.75 3.75
2007-04-16 8.33 8.48 7.72 7.72
2007-04-20 8.64 8.74 8.21 8.21
2007-05-22 11.66 11.83 10.77 10.77
2007-06-05 8.16 8.49 7.8 7.8
2007-09-12 8.95 8.98 8.66 8.66
2007-11-13 6.94 6.98 6.73 6.73
2007-11-19 7.68 7.73 7.37 7.37
2008-02-04 8.41 8.66 8.15 8.15
2008-04-11 7.3 7.46 7.02 7.02
2008-04-15 7.2 7.25 6.84 6.84
2008-05-14 8.99 9.13 8.72 8.72
2008-06-24 5.06 5.15 4.88 4.88
2008-07-24 5.51 5.57 5.38 5.38
2008-09-04 4.05 4.13 4.02 4.02
2008-09-18 3.38 3.55 3.25 3.25
2008-11-07 3.13 3.17 3.01 3.01
2008-11-19 3.57 3.6 3.31 3.31
2008-12-10 3.97 4.08 3.84 3.84
2009-01-12 3.66 3.74 3.61 3.61
2009-01-16 3.76 3.85 3.7 3.7
2009-02-06 4.25 4.28 4.05 4.05
2009-02-12 4.87 4.97 4.64 4.64
2009-03-04 4.31 4.33 4.06 4.06
2009-03-18 4.51 4.62 4.48 4.48
2009-05-04 5.1 5.15 4.9 4.9
2009-07-02 6.92 6.93 6.43 6.43
2009-08-20 5.56 5.63 5.26 5.26
2009-10-28 6.16 6.18 5.98 5.98
2009-11-03 6.31 6.33 6.19 6.19
2009-11-05 6.42 6.46 6.31 6.31
2009-11-18 7.22 7.45 7.0 7.0
2009-12-02 7.08 7.14 7.02 7.02
2010-03-05 6.84 6.91 6.63 6.63
2010-03-29 6.92 6.96 6.81 6.81
2010-04-01 6.98 7.03 6.93 6.93
2010-05-05 6.12 6.13 5.9 5.9
2010-05-26 5.26 5.27 5.15 5.15
2010-07-14 4.9 4.98 4.78 4.78
2010-07-20 5.09 5.14 4.95 4.95
2010-12-16 6.35 6.5 6.3 6.3
2010-12-21 6.35 6.38 6.2 6.2
2010-12-31 5.97 6.0 5.79 5.79
2011-01-05 6.15 6.17 6.05 6.05
2011-01-31 5.63 5.67 5.5 5.5
2011-02-01 5.63 5.71 5.6 5.6
2011-02-24 6.0 6.03 5.91 5.91
2011-03-16 6.17 6.18 6.04 6.04
2011-03-28 6.4 6.65 6.36 6.36
2011-04-06 7.08 7.3 6.72 6.72
2011-05-09 6.17 6.22 6.11 6.11
2011-05-27 6.71 6.9 6.23 6.23
2011-11-17 6.14 6.26 6.11 6.11
2011-12-30 4.15 4.17 4.04 4.04
2012-02-06 4.97 5.09 4.88 4.88
2012-02-29 5.48 5.61 5.41 5.41
2012-03-02 5.63 5.77 5.47 5.47
2012-03-08 5.5 5.54 5.43 5.43
2012-04-12 5.32 5.32 4.87 4.87
2012-05-17 5.76 5.8 5.61 5.61
2012-05-22 5.69 5.7 5.58 5.58
2012-08-01 4.43 4.47 4.32 4.32
2012-08-31 4.38 4.43 4.33 4.33
2012-09-27 4.57 4.66 4.38 4.38
2012-10-30 4.52 4.6 4.51 4.51
2012-11-05 4.91 5.08 4.69 4.69
2012-11-09 4.59 4.61 4.52 4.52
2012-12-14 4.34 4.37 4.17 4.17
2012-12-21 4.45 4.61 4.42 4.42
2013-01-29 4.66 4.69 4.62 4.62
2013-02-25 4.65 4.66 4.6 4.6
2013-04-24 4.21 4.25 4.15 4.15
2013-05-03 4.11 4.15 4.08 4.08
2013-05-06 4.14 4.16 4.11 4.11
2013-07-04 3.51 3.57 3.39 3.39
2013-07-09 3.27 3.3 3.23 3.23
2013-07-11 3.49 3.53 3.36 3.36
2013-08-01 3.42 3.43 3.35 3.35
2013-08-02 3.47 3.49 3.4 3.4
2013-08-12 4.05 4.11 3.8 3.8
2013-08-21 3.91 4.0 3.79 3.79
2013-09-25 4.99 5.1 4.85 4.85
2013-11-14 4.36 4.37 4.28 4.28
2013-11-18 4.56 4.63 4.48 4.48
2013-12-10 4.47 4.51 4.38 4.38
2013-12-12 4.38 4.43 4.36 4.36
2013-12-27 4.01 4.01 3.9 3.9
2013-12-30 4.07 4.09 4.0 4.0
2014-04-04 4.48 4.48 4.48 4.48
2014-04-08 4.93 4.93 4.93 4.93
2014-04-09 5.42 5.42 5.42 5.42
2014-04-10 5.96 5.96 5.96 5.96
2014-04-11 6.56 6.56 6.56 6.56
2014-04-14 7.22 7.22 7.22 7.22
2014-04-15 7.94 7.94 7.94 7.94
2014-04-16 8.73 8.73 8.73 8.73
2014-05-23 6.27 6.28 6.1 6.1
2014-06-23 6.83 6.88 6.7 6.7
2014-07-14 6.87 6.89 6.81 6.81
2014-08-15 7.48 7.54 7.18 7.18
2014-11-19 7.57 7.58 7.42 7.42
2014-12-10 7.21 7.22 7.03 7.03
2015-03-04 12.23 12.23 11.12 11.12
2015-04-30 17.7 18.5 17.32 17.32
2015-06-01 23.78 23.97 22.6 22.6
2015-11-23 32.85 32.85 32.85 32.85
2015-11-24 29.57 29.57 29.57 29.57
2015-11-25 28.83 31.61 26.61 26.61
2015-12-25 22.71 22.99 22.5 22.5
2016-01-14 15.25 15.25 13.1 13.1
2016-03-11 14.84 15.12 14.54 14.54
2016-04-14 18.7 19.31 17.8 17.8
2016-05-19 13.82 14.15 13.55 13.55
2016-05-31 14.4 14.46 13.65 13.65
2016-08-02 13.94 13.97 13.72 13.72
2016-08-12 13.99 14.03 13.75 13.75
2016-09-19 13.86 13.93 13.73 13.73
2016-11-04 14.08 14.45 13.95 13.95
2016-11-14 13.97 14.0 13.64 13.64
2016-11-21 13.85 13.95 13.78 13.78
2016-12-21 13.04 13.09 12.91 12.91
2017-01-13 12.84 13.04 12.73 12.73
2017-01-25 12.19 12.37 12.08 12.08
2017-01-26 12.17 12.28 12.15 12.15
2017-02-03 11.88 12.29 11.5 11.5
2017-02-08 12.1 12.18 11.8 11.8
2017-02-20 12.5 12.53 12.26 12.26
2017-04-26 9.56 9.8 9.01 9.01
2017-06-08 9.15 9.15 9.15 9.15
2017-06-09 10.07 10.07 10.07 10.07
2017-06-15 10.8 11.2 9.99 9.99
2017-08-01 10.03 10.33 9.87 9.87
2017-08-14 9.77 9.8 9.5 9.5
2017-08-30 9.79 9.85 9.7 9.7
