1997-08-19 18.48 18.68 18.28 18.28
1997-09-03 19.1 19.18 18.88 18.88
1997-09-10 18.6 18.61 18.48 18.48
1997-09-16 18.4 18.6 18.34 18.34
1997-09-19 18.52 18.7 18.39 18.39
1997-09-24 17.76 17.99 17.27 17.27
1997-09-30 17.61 17.8 17.2 17.2
1997-10-09 18.09 18.35 17.95 17.95
1997-10-10 18.6 18.8 18.18 18.18
1997-10-16 19.59 19.98 18.8 18.8
1997-11-04 19.71 19.95 19.6 19.6
1997-11-18 21.94 22.19 21.6 21.6
1997-12-12 22.4 22.67 22.32 22.32
1997-12-19 23.78 24.0 22.01 22.01
1997-12-22 24.31 24.5 23.8 23.8
1998-04-13 22.1 22.7 21.88 21.88
1998-04-15 21.78 21.78 21.6 21.6
1998-05-25 22.27 22.64 22.13 22.13
1998-06-18 21.98 22.25 21.9 21.9
1998-06-19 22.45 22.53 22.0 22.0
1998-06-24 22.89 23.27 22.61 22.61
1998-07-10 21.4 21.45 21.1 21.1
1998-07-30 20.05 20.29 20.0 20.0
1998-08-06 19.8 20.0 19.61 19.61
1998-08-11 19.45 19.75 18.86 18.86
1998-08-19 17.16 17.25 16.5 16.5
1998-09-04 16.73 16.95 16.1 16.1
1998-09-07 16.98 17.1 16.78 16.78
1998-09-28 18.06 18.4 17.7 17.7
1998-10-14 13.66 13.66 13.33 13.33
1998-11-03 13.88 14.2 13.58 13.58
1998-11-09 14.45 14.5 14.0 14.0
1998-11-10 14.8 15.13 14.55 14.55
1998-12-28 13.95 14.39 13.9 13.9
1999-01-04 13.54 13.74 13.5 13.5
1999-01-08 14.0 14.05 13.65 13.65
1999-01-13 13.88 14.01 13.8 13.8
1999-04-21 12.48 12.73 12.26 12.26
1999-04-23 12.28 12.4 12.1 12.1
1999-04-29 11.85 11.95 11.61 11.61
1999-05-05 11.78 11.86 11.7 11.7
1999-06-09 13.0 13.0 12.75 12.75
1999-07-05 17.08 18.0 16.91 16.91
1999-08-05 15.25 15.45 14.65 14.65
1999-08-20 14.98 15.25 14.9 14.9
1999-09-09 14.8 14.98 14.3 14.3
1999-09-14 14.68 14.88 14.5 14.5
1999-09-15 14.99 15.18 14.7 14.7
1999-09-21 14.86 14.9 14.7 14.7
1999-11-11 14.38 14.47 14.14 14.14
1999-11-12 14.55 14.7 14.4 14.4
2000-01-04 15.04 15.09 14.4 14.4
2000-08-24 17.65 17.68 17.0 17.0
2000-08-28 17.66 17.66 17.0 17.0
2000-10-16 16.6 16.66 16.5 16.5
2000-11-06 15.92 16.08 15.8 15.8
2000-11-08 15.87 16.02 15.68 15.68
2001-02-26 17.38 17.53 17.24 17.24
2001-02-27 17.79 18.0 17.45 17.45
2001-03-05 18.25 18.35 17.88 17.88
2001-03-15 18.23 18.5 18.21 18.21
2001-04-05 18.17 18.2 18.0 18.0
2001-04-23 18.48 18.49 18.0 18.0
2001-06-20 17.0 17.47 16.82 16.82
2001-09-12 14.48 14.66 14.28 14.28
2001-09-14 14.63 14.82 14.5 14.5
2001-09-24 14.48 14.69 14.3 14.3
2001-10-09 13.91 13.98 13.8 13.8
2001-11-26 13.35 13.44 13.03 13.03
2002-04-23 14.16 14.33 13.58 13.58
2002-05-14 13.98 14.2 13.8 13.8
2002-06-06 13.8 14.0 13.36 13.36
2002-06-11 13.87 13.96 13.8 13.8
2002-08-09 14.44 14.48 14.31 14.31
2002-08-13 14.54 14.56 14.4 14.4
2002-08-16 14.42 14.51 14.3 14.3
2002-08-20 14.6 14.62 14.38 14.38
2002-08-21 14.7 14.7 14.58 14.58
2002-08-22 14.72 14.77 14.65 14.65
2002-08-27 14.85 14.97 14.63 14.63
2002-08-30 14.79 14.84 14.7 14.7
2002-09-20 14.25 14.42 14.11 14.11
2002-10-16 13.9 13.91 13.8 13.8
2002-10-18 13.85 13.89 13.8 13.8
2002-10-25 13.55 13.6 13.31 13.31
2002-11-04 13.65 13.79 13.45 13.45
2002-11-29 13.18 13.32 13.1 13.1
2002-12-13 13.1 13.11 12.85 12.85
2002-12-16 13.29 13.35 13.1 13.1
2002-12-17 13.24 13.37 13.0 13.0
2003-01-29 13.26 13.3 12.95 12.95
2003-02-11 13.07 13.13 12.86 12.86
2003-02-18 12.93 12.98 12.88 12.88
2003-02-20 13.17 13.29 13.0 13.0
2003-02-25 13.15 13.18 12.99 12.99
2003-03-03 13.3 13.4 13.07 13.07
2003-03-06 13.46 13.56 13.28 13.28
2003-07-30 13.57 13.57 13.37 13.37
2003-08-18 12.83 12.9 12.78 12.78
2003-10-08 11.11 11.2 11.1 11.1
2003-10-10 11.64 11.64 11.28 11.28
2003-10-24 11.35 11.46 11.25 11.25
2003-12-23 13.39 13.45 13.17 13.17
2004-06-01 10.1 10.11 9.92 9.92
2004-07-01 9.36 9.44 9.2 9.2
2004-09-06 7.56 7.57 7.51 7.51
2004-09-08 7.63 7.65 7.55 7.55
2004-09-16 8.0 8.1 7.88 7.88
2004-09-17 8.32 8.35 8.0 8.0
2004-11-19 8.61 8.65 8.48 8.48
2005-06-03 6.42 6.42 6.0 6.0
2005-06-07 6.75 6.85 6.64 6.64
2005-07-14 7.27 7.31 7.21 7.21
2005-07-18 7.19 7.28 7.03 7.03
2005-07-20 7.25 7.3 7.18 7.18
2005-07-26 7.43 7.44 7.28 7.28
2005-07-27 7.62 7.65 7.43 7.43
2005-08-01 7.74 7.83 7.61 7.61
2005-08-22 7.48 7.55 7.1 7.1
2005-09-08 7.55 7.68 7.48 7.48
2005-09-16 7.55 7.59 7.49 7.49
2005-09-19 7.65 7.68 7.56 7.56
2005-10-19 7.08 7.14 7.05 7.05
2005-10-24 6.9 6.91 6.72 6.72
2005-10-27 6.84 6.87 6.8 6.8
2005-11-14 6.59 6.62 6.55 6.55
2005-11-17 6.88 6.89 6.7 6.7
2005-11-24 6.87 6.88 6.75 6.75
2005-11-28 6.79 6.81 6.78 6.78
2005-11-30 6.77 6.86 6.75 6.75
2005-12-07 6.86 6.88 6.66 6.66
2005-12-21 7.04 7.04 6.9 6.9
2005-12-23 7.19 7.25 7.05 7.05
2005-12-29 7.28 7.49 7.19 7.19
2006-10-19 8.88 8.92 8.5 8.5
2006-12-13 12.71 12.89 12.33 12.33
2007-01-15 16.14 16.5 15.19 15.19
2007-04-23 20.43 20.97 20.16 20.16
2007-05-31 23.8 24.65 22.51 22.51
2007-06-07 23.12 23.5 22.33 22.33
2007-06-28 28.26 29.25 27.72 27.72
2007-07-30 27.08 27.43 26.62 26.62
2007-07-31 28.73 29.0 27.08 27.08
2007-08-24 28.32 28.88 28.0 28.0
2007-08-30 28.9 29.8 28.31 28.31
2007-09-03 32.1 32.1 29.5 29.5
2007-10-29 34.83 34.94 33.51 33.51
2007-11-23 28.3 28.78 27.56 27.56
2007-11-28 28.9 29.08 28.4 28.4
2007-12-14 31.5 31.67 31.01 31.01
2008-03-26 24.75 25.16 23.62 23.62
2008-03-28 25.39 25.5 23.8 23.8
2008-04-30 26.61 27.0 25.5 25.5
2008-05-05 27.45 27.82 26.7 26.7
2008-05-27 17.08 17.3 16.23 16.23
2008-06-03 16.72 16.85 16.3 16.3
2008-11-10 7.98 8.0 7.32 7.32
2008-12-08 9.83 10.2 9.7 9.7
2008-12-15 9.02 9.28 8.75 8.75
2008-12-17 9.18 9.35 9.14 9.14
2008-12-18 9.28 9.29 9.11 9.11
2008-12-19 9.65 9.89 9.4 9.4
2009-01-16 9.89 10.1 9.82 9.82
2009-01-23 10.01 10.17 9.8 9.8
2009-02-06 11.01 11.25 10.42 10.42
2009-04-09 13.74 13.76 13.25 13.25
2009-09-17 15.06 15.15 14.63 14.63
2009-09-22 15.2 15.75 14.78 14.78
2009-11-30 18.59 18.67 17.87 17.87
2009-12-24 18.96 19.06 18.17 18.17
2010-01-15 19.78 20.05 19.2 19.2
2010-03-05 19.04 19.18 18.57 18.57
2010-03-08 19.31 19.88 19.13 19.13
2010-05-24 16.11 16.18 15.48 15.48
2010-07-09 16.01 16.13 15.6 15.6
2010-09-13 21.95 22.04 20.7 20.7
2010-10-21 22.87 23.3 22.44 22.44
2011-06-21 21.41 21.66 20.65 20.65
2011-10-25 19.94 20.02 19.25 19.25
2011-10-26 20.71 20.99 19.85 19.85
2011-10-27 20.81 21.25 20.72 20.72
2011-11-14 21.87 21.89 21.4 21.4
2012-08-06 23.17 23.42 23.08 23.08
2012-08-23 23.36 23.78 23.23 23.23
2012-10-19 21.9 22.13 21.76 21.76
2013-05-15 18.71 18.85 17.15 17.15
2013-06-17 18.09 18.15 17.51 17.51
2013-09-03 18.58 18.67 18.02 18.02
2013-12-03 17.48 17.52 17.2 17.2
2013-12-04 18.07 18.26 17.48 17.48
2013-12-05 18.36 18.6 18.07 18.07
2013-12-10 18.16 18.41 18.08 18.08
2013-12-12 17.83 17.97 17.5 17.5
2013-12-13 18.19 18.23 17.6 17.6
2013-12-23 17.45 17.47 17.04 17.04
2014-01-13 17.22 17.28 16.97 16.97
2014-01-15 18.19 18.47 17.8 17.8
2014-06-27 16.23 16.32 15.58 15.58
2014-07-30 18.58 18.88 18.41 18.41
2014-08-19 19.04 19.19 18.8 18.8
2014-09-03 19.19 19.45 18.96 18.96
2014-09-09 19.36 19.61 19.21 19.21
2015-01-22 26.41 26.56 25.6 25.6
2015-02-16 27.25 27.27 26.08 26.08
2015-02-17 28.2 29.01 27.4 27.4
2015-02-26 28.14 28.44 27.4 27.4
2015-07-31 19.36 19.46 18.47 18.47
2015-08-04 21.39 21.6 20.5 20.5
2015-11-05 21.96 22.62 21.69 21.69
2015-11-06 22.47 22.62 21.96 21.96
2015-12-21 22.74 22.98 21.83 21.83
2016-07-01 19.93 20.04 19.8 19.8
2016-07-18 21.98 22.12 21.88 21.88
2016-09-09 22.21 22.74 22.2 22.2
2017-02-20 20.31 20.35 19.93 19.93
2017-03-13 20.9 20.94 20.52 20.52
2017-03-15 20.87 20.98 20.73 20.73
2017-03-23 21.4 21.6 21.1 21.1
2017-06-12 22.87 23.06 21.75 21.75
2017-06-19 21.28 21.54 21.05 21.05
2017-06-26 21.91 22.42 21.5 21.5
