2002-11-05 3.07 3.09 3.02 3.02
2003-02-11 3.16 3.16 3.1 3.1
2003-02-14 3.16 3.17 3.13 3.13
2003-02-24 3.09 3.1 3.08 3.08
2003-03-14 2.91 2.92 2.9 2.9
2003-04-09 3.21 3.3 3.01 3.01
2003-04-11 3.32 3.36 3.16 3.16
2003-04-17 3.49 3.55 3.36 3.36
2003-05-30 3.27 3.31 3.23 3.23
2003-10-28 3.35 3.36 3.25 3.25
2003-10-31 3.34 3.39 3.31 3.31
2003-11-05 3.53 3.57 3.48 3.48
2003-11-10 3.46 3.46 3.39 3.39
2003-11-13 3.4 3.43 3.35 3.35
2003-12-01 3.54 3.55 3.46 3.46
2004-03-09 4.72 4.82 4.65 4.65
2004-03-10 4.87 4.88 4.72 4.72
2004-09-15 3.29 3.35 3.18 3.18
2004-12-29 3.07 3.12 3.05 3.05
2005-02-21 3.24 3.25 3.17 3.17
2005-07-19 2.68 2.69 2.64 2.64
2005-09-01 2.74 2.75 2.71 2.71
2005-10-31 2.57 2.62 2.54 2.54
2005-12-16 2.76 2.8 2.74 2.74
2005-12-20 2.8 2.81 2.76 2.76
2006-10-18 2.69 2.7 2.62 2.62
2006-10-24 2.64 2.65 2.55 2.55
2006-12-11 3.9 3.93 3.61 3.61
2006-12-27 4.41 4.41 4.15 4.15
2007-02-28 5.25 5.3 4.88 4.88
2007-03-07 5.36 5.42 5.22 5.22
2007-03-28 5.66 5.78 5.37 5.37
2007-12-27 12.29 12.49 11.72 11.72
2008-02-15 12.72 12.95 12.25 12.25
2008-11-10 5.36 5.37 5.13 5.13
2009-04-22 6.27 6.6 6.14 6.14
2009-04-27 6.73 6.86 6.38 6.38
2009-07-20 7.28 7.37 7.16 7.16
2010-05-28 5.27 5.31 5.15 5.15
2010-07-23 5.45 5.51 5.4 5.4
2010-08-02 5.57 5.6 5.49 5.49
2011-03-16 5.89 5.98 5.84 5.84
2011-06-03 5.58 5.64 5.56 5.56
2011-09-01 4.93 5.05 4.88 4.88
2014-02-10 3.06 3.08 3.03 3.03
2014-05-13 3.36 3.48 3.24 3.24
2014-07-02 3.29 3.32 3.26 3.26
2014-07-14 3.43 3.49 3.4 3.4
2014-07-16 3.37 3.42 3.34 3.34
2014-07-18 3.36 3.38 3.33 3.33
2016-09-27 4.13 4.14 4.08 4.08
