1994-05-19 8.97 9.0 8.9 8.9
1994-05-25 8.92 9.0 8.89 8.89
1994-06-02 7.64 7.79 7.62 7.62
1994-10-14 7.92 8.09 7.2 7.2
1994-10-17 7.62 7.9 7.51 7.51
1995-01-04 4.51 4.59 4.15 4.15
1995-02-07 3.98 4.03 3.9 3.9
1995-02-20 3.95 3.97 3.9 3.9
1995-04-18 4.46 4.5 4.4 4.4
1995-04-20 4.59 4.59 4.52 4.52
1995-04-25 4.4 4.41 4.35 4.35
1995-05-19 5.4 5.5 4.75 4.75
1995-05-22 6.45 6.88 6.0 6.0
1995-10-16 4.53 4.62 4.35 4.35
1995-10-17 4.53 4.62 4.35 4.35
1995-10-24 4.64 4.75 4.58 4.58
1995-10-27 4.64 4.7 4.58 4.58
1995-12-04 4.1 4.13 4.02 4.02
1995-12-15 4.05 4.09 4.04 4.04
1995-12-20 4.04 4.04 3.93 3.93
1995-12-21 4.0 4.06 4.0 4.0
1995-12-29 3.67 3.75 3.65 3.65
1996-01-02 3.53 3.58 3.52 3.52
1996-01-24 3.36 3.39 3.31 3.31
1996-01-25 3.41 3.8 3.38 3.38
1996-01-29 3.51 3.6 3.45 3.45
1996-01-31 3.53 3.55 3.4 3.4
1996-02-02 3.5 3.52 3.45 3.45
1996-02-07 3.39 3.4 3.36 3.36
1996-02-08 3.36 3.39 3.34 3.34
1996-02-13 3.4 3.42 3.37 3.37
1996-02-15 3.43 3.45 3.38 3.38
1996-03-04 3.8 3.83 3.6 3.6
1996-03-07 3.58 3.6 3.5 3.5
1996-03-12 3.59 3.61 3.53 3.53
1996-03-18 3.7 3.7 3.59 3.59
1996-03-20 3.75 3.78 3.68 3.68
1996-04-01 3.53 3.7 3.2 3.2
1996-04-04 3.61 3.66 3.61 3.61
1996-04-12 3.71 3.76 3.69 3.69
1996-04-17 3.74 3.78 3.71 3.71
1996-04-24 4.41 4.45 4.15 4.15
1996-04-26 4.68 4.74 4.35 4.35
1996-05-15 3.9 3.93 3.84 3.84
1996-09-03 3.61 3.76 3.61 3.61
1996-09-06 3.53 3.61 3.5 3.5
1996-09-11 3.39 3.41 3.33 3.33
1996-09-19 3.28 3.35 3.25 3.25
1996-09-26 3.39 3.43 3.33 3.33
1996-10-08 3.57 3.62 3.5 3.5
1996-10-28 4.48 4.5 4.3 4.3
1996-11-19 5.24 5.47 5.0 5.0
1996-12-17 4.46 4.46 4.46 4.46
1996-12-18 4.58 4.85 4.01 4.01
1996-12-20 3.72 3.95 3.71 3.71
1996-12-23 3.78 3.92 3.73 3.73
1997-01-15 3.83 3.9 3.8 3.8
1997-02-19 4.0 4.02 3.76 3.76
1997-02-21 4.48 4.48 4.07 4.07
1997-03-21 4.9 4.9 4.8 4.8
1997-03-31 5.07 5.09 4.9 4.9
1997-04-01 5.18 5.27 5.1 5.1
1997-05-15 5.21 5.25 5.01 5.01
1997-05-19 5.13 5.15 4.8 4.8
1997-05-26 4.73 4.95 4.49 4.49
1997-05-27 4.95 4.95 4.6 4.6
1997-06-02 5.49 5.6 5.27 5.27
1997-06-03 5.65 5.68 5.18 5.18
1997-08-14 4.7 4.8 4.5 4.5
1997-08-20 4.71 4.74 4.5 4.5
1998-04-30 6.99 7.2 6.66 6.66
1998-05-08 6.42 6.5 6.23 6.23
1998-07-28 6.34 6.4 6.22 6.22
1998-07-29 6.5 6.65 6.34 6.34
1998-08-03 6.84 6.88 6.53 6.53
1998-08-18 5.19 5.45 5.19 5.19
1998-12-08 5.63 5.65 5.5 5.5
1998-12-15 5.44 5.45 5.22 5.22
1999-01-07 5.27 5.36 5.25 5.25
1999-01-14 5.14 5.3 5.06 5.06
1999-01-20 5.2 5.25 5.13 5.13
1999-01-25 5.22 5.35 5.14 5.14
1999-01-26 5.18 5.29 5.14 5.14
1999-01-27 5.39 5.41 5.15 5.15
1999-03-04 5.81 5.81 5.53 5.53
1999-03-19 6.08 6.1 6.0 6.0
1999-03-26 6.25 6.35 6.19 6.19
1999-03-31 6.59 6.65 6.45 6.45
1999-04-02 6.72 6.72 6.41 6.41
1999-04-05 7.06 7.06 6.8 6.8
1999-04-07 7.78 7.78 7.3 7.3
1999-05-19 7.38 7.58 7.12 7.12
1999-05-21 7.57 7.84 7.47 7.47
1999-08-12 8.25 8.39 8.12 8.12
1999-10-26 7.32 7.5 7.11 7.11
1999-11-23 8.03 8.1 7.79 7.79
1999-12-14 7.9 7.99 7.8 7.8
2000-01-28 9.29 9.29 8.43 8.43
2000-02-14 9.75 9.75 9.75 9.75
2000-02-15 10.24 10.24 10.24 10.24
2000-02-16 10.75 10.75 10.75 10.75
2000-02-21 12.44 12.44 12.44 12.44
2000-02-28 12.55 12.55 12.0 12.0
2000-02-29 13.18 13.18 13.18 13.18
2000-03-01 13.84 13.84 13.84 13.84
2000-03-07 14.26 14.26 13.1 13.1
2000-03-10 14.8 15.7 14.4 14.4
2000-03-20 14.33 14.33 13.65 13.65
2000-03-21 15.05 15.05 15.05 15.05
2000-03-27 15.81 15.81 15.1 15.1
2000-04-03 16.9 16.91 16.01 16.01
2000-06-13 15.12 15.12 14.52 14.52
2000-07-04 14.28 14.31 13.85 13.85
2000-07-21 13.19 13.45 13.13 13.13
2000-07-27 12.9 13.0 12.82 12.82
2000-08-08 13.91 13.97 13.25 13.25
2000-08-16 14.19 14.5 14.0 14.0
2000-08-28 14.28 14.55 14.06 14.06
2000-09-11 14.6 14.6 13.9 13.9
2000-09-14 15.06 15.06 14.4 14.4
2000-11-08 13.68 13.99 13.51 13.51
2000-11-23 15.22 15.45 14.68 14.68
2000-11-27 15.34 15.34 14.63 14.63
2001-01-03 14.54 14.54 13.9 13.9
2001-02-23 9.53 9.75 9.05 9.05
2001-05-08 12.57 12.69 12.15 12.15
2001-05-14 13.27 13.36 13.0 13.0
2001-06-20 14.95 15.23 14.55 14.55
2001-06-26 16.0 16.43 15.68 15.68
2001-07-10 20.29 20.38 19.6 19.6
2001-07-17 23.66 23.66 22.53 22.53
2001-08-03 23.12 23.18 22.45 22.45
2001-08-09 23.09 23.2 22.04 22.04
2001-08-14 23.9 24.4 23.6 23.6
2001-08-20 24.47 24.47 23.0 23.0
2001-08-28 23.0 23.26 22.5 22.5
2001-08-31 22.6 22.9 22.2 22.2
2001-09-07 21.88 22.05 21.58 21.58
2001-09-21 20.45 20.7 20.2 20.2
2001-09-26 20.9 21.43 20.62 20.62
2001-10-25 20.4 21.28 20.0 20.0
2002-01-08 18.62 18.69 18.4 18.4
2002-01-11 18.69 18.92 18.26 18.26
2002-01-18 16.01 16.01 16.01 16.01
2002-01-21 15.21 15.21 15.21 15.21
2002-01-22 14.48 15.01 14.45 14.45
2002-01-29 14.74 15.09 14.0 14.0
2002-01-31 15.6 15.6 15.1 15.1
2002-04-15 18.75 18.8 18.56 18.56
2002-04-16 18.95 18.99 18.6 18.6
2002-04-19 18.9 18.97 18.21 18.21
2002-04-24 18.35 18.82 18.03 18.03
2002-04-29 19.43 20.11 18.28 18.28
2002-05-14 19.1 19.3 18.86 18.86
2002-05-16 18.7 19.0 18.0 18.0
2002-05-21 18.49 19.5 17.8 17.8
2002-05-27 17.89 18.4 17.68 17.68
2002-06-04 16.98 17.2 16.8 16.8
2002-06-20 16.98 17.25 16.8 16.8
2002-06-21 17.62 18.0 16.98 16.98
2002-09-19 16.28 16.29 16.1 16.1
2002-12-04 14.38 14.65 14.2 14.2
2002-12-12 14.59 14.65 14.05 14.05
2004-04-02 18.12 18.19 18.0 18.0
2004-04-28 17.16 17.3 17.03 17.03
2004-08-10 10.69 11.2 10.52 10.52
2004-08-11 11.08 11.1 10.0 10.0
2004-12-24 9.55 9.83 9.31 9.31
2005-02-21 7.94 7.96 7.7 7.7
2005-02-22 8.33 8.47 7.88 7.88
2005-07-26 5.67 5.78 5.48 5.48
2005-09-13 6.97 6.98 6.8 6.8
2005-09-29 6.57 6.61 6.46 6.46
2005-11-18 8.01 8.07 7.7 7.7
2005-11-22 7.97 8.09 7.95 7.95
2005-11-25 8.01 8.03 7.85 7.85
2006-10-18 14.71 15.01 14.4 14.4
2006-11-01 14.01 14.25 13.48 13.48
2006-11-09 15.61 15.85 14.5 14.5
2006-11-17 16.02 16.4 15.39 15.39
2006-11-27 17.56 17.56 16.4 16.4
2007-04-05 24.22 24.37 23.75 23.75
2007-04-12 25.02 25.5 24.18 24.18
2007-04-20 24.82 24.95 23.5 23.5
2007-07-19 23.9 24.03 23.51 23.51
2007-08-06 28.98 30.0 28.13 28.13
2007-08-24 30.36 30.58 29.17 29.17
2007-08-30 29.21 29.4 28.7 28.7
2007-10-31 33.61 33.97 32.32 32.32
2007-11-06 31.38 31.57 28.55 28.55
2007-12-28 34.93 35.87 34.88 34.88
2008-01-02 35.8 36.2 34.9 34.9
2008-12-29 7.38 7.54 7.2 7.2
2008-12-30 7.47 7.66 7.31 7.31
2009-01-05 7.89 8.0 7.5 7.5
2009-01-12 8.39 8.58 8.21 8.21
2009-01-20 9.02 9.25 8.89 8.89
2010-01-08 9.67 9.67 8.8 8.8
2010-02-09 12.53 12.99 12.33 12.33
2010-02-10 13.28 13.6 12.78 12.78
2010-05-25 11.25 11.61 11.15 11.15
2011-08-18 10.99 11.18 10.91 10.91
2011-08-24 11.79 11.99 11.41 11.41
2011-12-26 10.55 10.91 10.45 10.45
2011-12-30 9.99 10.1 9.8 9.8
2012-02-24 10.85 11.39 10.42 10.42
2012-12-05 6.08 6.09 5.83 5.83
2013-09-16 8.13 8.2 7.89 7.89
2014-05-26 7.57 7.61 7.52 7.52
2014-06-13 7.81 7.85 7.65 7.65
2015-01-26 9.46 9.47 9.22 9.22
2015-02-17 15.11 15.11 14.43 14.43
2015-07-09 11.85 11.85 10.55 10.55
2015-07-17 16.26 16.48 15.04 15.04
2016-02-04 11.65 11.65 10.7 10.7
2016-02-15 12.28 12.47 11.01 11.01
2016-02-18 12.83 13.43 12.39 12.39
2016-03-30 12.6 12.63 12.16 12.16
2016-05-23 12.16 12.28 11.95 11.95
2016-05-31 12.54 12.56 11.97 11.97
2016-07-19 14.04 14.37 13.81 13.81
2016-08-26 15.32 15.58 15.2 15.2
2016-09-21 14.29 14.37 14.24 14.24
2017-06-15 9.72 9.78 9.53 9.53
2017-08-21 10.34 10.54 10.22 10.22
