2003-02-11 10.43 10.46 10.21 10.21
2003-02-14 10.35 10.41 10.31 10.31
2003-02-24 10.32 10.5 10.23 10.23
2003-03-03 10.69 10.75 10.5 10.5
2003-03-21 9.77 9.81 9.63 9.63
2003-04-11 10.01 10.11 9.79 9.79
2003-04-17 9.84 9.98 9.75 9.75
2003-05-21 8.56 8.72 8.32 8.32
2003-05-23 8.63 8.73 8.5 8.5
2003-06-18 8.85 8.95 8.82 8.82
2003-07-03 8.53 8.53 8.38 8.38
2003-07-11 8.62 8.79 8.52 8.52
2003-08-19 7.87 7.9 7.75 7.75
2003-08-28 7.41 7.49 7.39 7.39
2003-09-26 7.03 7.08 7.0 7.0
2003-10-13 7.39 7.54 7.25 7.25
2003-10-17 7.12 7.2 7.1 7.1
2003-10-21 7.15 7.15 7.05 7.05
2003-10-24 7.37 7.42 7.25 7.25
2003-11-13 6.24 6.29 6.12 6.12
2003-11-14 6.31 6.33 6.18 6.18
2003-11-19 6.4 6.4 6.2 6.2
2003-11-24 6.71 6.78 6.45 6.45
2003-11-26 6.75 6.83 6.68 6.68
2003-12-02 6.85 6.94 6.62 6.62
2003-12-17 6.93 7.1 6.92 6.92
2003-12-26 6.66 6.75 6.56 6.56
2004-02-27 7.96 7.96 7.8 7.8
2004-03-10 7.8 7.84 7.53 7.53
2004-03-19 8.0 8.0 7.8 7.8
2004-04-09 8.56 8.93 8.53 8.53
2004-04-22 7.84 7.86 7.75 7.75
2004-04-28 7.6 7.65 7.48 7.48
2004-05-31 7.07 7.07 7.0 7.0
2004-06-11 6.67 6.84 6.61 6.61
2004-06-21 6.57 6.6 6.41 6.41
2004-06-24 6.6 6.67 6.6 6.6
2004-07-01 6.4 6.45 6.27 6.27
2004-07-29 6.31 6.31 6.24 6.24
2004-08-09 6.07 6.1 6.01 6.01
2004-08-18 5.89 5.94 5.86 5.86
2004-08-24 5.89 5.9 5.75 5.75
2004-09-14 5.75 5.77 5.62 5.62
2004-10-25 5.54 5.64 5.5 5.5
2004-12-03 6.12 6.18 6.06 6.06
2004-12-22 5.85 5.89 5.71 5.71
2004-12-24 5.75 5.78 5.7 5.7
2004-12-27 5.77 5.82 5.73 5.73
2004-12-31 5.65 5.77 5.61 5.61
2005-01-05 5.7 5.7 5.58 5.58
2005-01-07 5.65 5.75 5.55 5.55
2005-02-16 5.43 5.59 5.41 5.41
2005-02-17 5.4 5.42 5.35 5.35
2005-02-25 5.72 5.9 5.7 5.7
2005-03-07 5.68 5.72 5.6 5.6
2005-03-11 5.91 5.92 5.62 5.62
2005-03-15 5.93 6.12 5.6 5.6
2005-04-01 5.59 5.68 5.36 5.36
2005-05-17 4.68 4.71 4.6 4.6
2005-05-19 4.65 4.68 4.56 4.56
2005-05-25 4.58 4.65 4.55 4.55
2005-05-26 4.56 4.65 4.56 4.56
2005-06-22 4.73 4.76 4.63 4.63
2005-07-26 4.32 4.32 4.24 4.24
2005-08-03 4.37 4.45 4.34 4.34
2005-08-04 4.38 4.4 4.33 4.33
2005-08-05 4.51 4.52 4.37 4.37
2005-08-08 4.55 4.65 4.52 4.52
2005-08-15 4.69 4.73 4.55 4.55
2005-08-23 4.65 4.77 4.56 4.56
2005-08-25 4.74 4.75 4.61 4.61
2005-08-29 4.76 4.97 4.71 4.71
2005-09-19 5.27 5.3 5.21 5.21
2005-09-29 4.9 4.91 4.81 4.81
2005-10-11 4.97 4.98 4.9 4.9
2005-10-17 4.82 4.85 4.76 4.76
2005-10-18 4.89 4.9 4.82 4.82
2005-11-04 4.62 4.63 4.52 4.52
2005-11-11 4.56 4.64 4.51 4.51
2005-11-14 4.6 4.61 4.56 4.56
2005-11-15 4.61 4.67 4.6 4.6
2005-11-18 4.71 4.74 4.61 4.61
2005-11-23 4.66 4.7 4.65 4.65
2005-12-06 4.54 4.58 4.5 4.5
2005-12-07 4.59 4.59 4.5 4.5
2005-12-20 4.74 4.75 4.68 4.68
2006-01-04 4.85 4.86 4.8 4.8
2006-01-09 5.0 5.04 4.92 4.92
2006-01-18 5.11 5.14 5.04 5.04
2006-01-19 5.22 5.28 5.11 5.11
2006-03-15 5.59 5.6 5.44 5.44
2006-03-21 5.85 5.85 5.8 5.8
2006-10-30 3.84 3.84 3.74 3.74
2006-11-09 3.68 3.69 3.64 3.64
2006-11-28 3.65 3.69 3.54 3.54
2006-12-01 3.73 3.75 3.61 3.61
2006-12-11 3.68 3.68 3.57 3.57
2007-01-08 3.8 3.83 3.55 3.55
2007-02-06 4.75 4.75 4.5 4.5
2007-03-12 5.79 5.9 5.43 5.43
2007-03-15 6.04 6.19 5.95 5.95
2007-03-20 6.09 6.13 5.9 5.9
2007-04-09 6.89 7.05 6.81 6.81
2007-04-20 8.66 8.66 8.05 8.05
2007-04-27 9.79 10.48 9.63 9.63
2007-05-21 10.05 10.05 9.63 9.63
2007-05-30 10.68 11.55 10.68 10.68
2007-06-13 8.59 8.59 7.82 7.82
2007-08-14 8.11 8.18 7.86 7.86
2007-08-20 8.29 8.5 8.05 8.05
2007-08-30 9.22 9.55 8.91 8.91
2007-09-28 9.3 9.42 9.2 9.2
2007-11-20 8.16 8.3 8.07 8.07
2007-11-23 8.28 8.3 7.36 7.36
2007-12-07 8.4 8.5 8.1 8.1
2008-01-07 10.68 10.8 10.31 10.31
2008-01-18 10.27 10.35 9.98 9.98
2008-01-23 9.58 9.58 8.85 8.85
2008-01-25 9.58 9.8 9.49 9.49
2008-03-14 8.69 8.89 8.6 8.6
2008-03-19 7.61 7.76 7.36 7.36
2008-05-19 6.71 6.87 6.57 6.57
2008-06-24 5.19 5.23 5.03 5.03
2008-07-14 5.33 5.37 5.23 5.23
2008-07-21 5.4 5.44 5.1 5.1
2008-08-05 5.35 5.6 5.25 5.25
2008-08-19 4.12 4.13 4.0 4.0
2008-09-04 4.29 4.33 4.17 4.17
2008-10-17 3.48 3.6 3.45 3.45
2008-10-20 3.55 3.57 3.41 3.41
2008-10-28 3.28 3.32 3.1 3.1
2008-10-30 3.16 3.21 3.13 3.13
2008-11-13 4.0 4.08 3.89 3.89
2008-11-19 4.27 4.33 4.01 4.01
2009-01-05 3.84 3.84 3.73 3.73
2009-02-06 4.68 4.74 4.45 4.45
2009-03-02 4.28 4.31 4.15 4.15
2009-03-31 4.93 4.97 4.76 4.76
2009-06-01 5.43 5.49 5.36 5.36
2009-07-07 6.05 6.12 5.94 5.94
2009-07-23 6.2 6.23 6.13 6.13
2009-07-27 6.47 6.55 6.11 6.11
2009-07-31 6.25 6.3 6.1 6.1
2009-09-01 5.06 5.19 5.01 5.01
2009-10-09 5.79 5.8 5.6 5.6
2009-11-03 5.97 5.97 5.81 5.81
2009-12-03 7.17 7.17 6.52 6.52
2009-12-29 6.65 6.75 6.54 6.54
2010-02-05 7.09 7.24 6.75 6.75
2010-02-25 7.77 7.85 7.7 7.7
2010-03-08 7.69 7.82 7.51 7.51
2010-03-26 8.57 8.67 8.25 8.25
2010-04-07 10.96 11.05 10.58 10.58
2010-04-16 10.7 10.88 10.4 10.4
2010-07-01 3.82 3.82 3.46 3.46
2010-08-02 4.65 4.65 4.3 4.3
2010-09-10 4.91 4.98 4.83 4.83
2010-09-21 4.57 4.58 4.51 4.51
2010-10-13 4.83 4.88 4.64 4.64
2010-10-25 4.77 4.81 4.7 4.7
2010-11-08 4.95 4.98 4.85 4.85
2010-12-31 4.62 4.62 4.52 4.52
2011-02-11 4.71 4.77 4.66 4.66
2011-02-21 4.87 4.89 4.77 4.77
2011-03-23 4.89 4.97 4.76 4.76
2011-06-03 4.32 4.46 4.05 4.05
2011-08-05 4.68 4.69 4.41 4.41
2011-08-19 4.49 4.54 4.33 4.33
2011-09-16 4.23 4.24 4.16 4.16
2011-10-26 3.67 3.71 3.63 3.63
2011-11-11 3.71 3.75 3.66 3.66
2011-11-14 3.77 3.79 3.71 3.71
2011-11-17 3.67 3.7 3.66 3.66
2011-12-23 3.03 3.19 2.89 2.89
2011-12-30 2.94 2.97 2.92 2.92
2012-02-08 3.06 3.07 2.99 2.99
2012-02-22 3.28 3.31 3.23 3.23
2012-03-02 3.32 3.33 3.25 3.25
2012-03-08 3.24 3.27 3.21 3.21
2012-05-21 3.18 3.22 3.15 3.15
2012-05-29 3.52 3.55 3.38 3.38
2012-07-19 2.98 3.01 2.93 2.93
2012-08-06 2.96 2.99 2.88 2.88
2012-08-14 2.9 2.9 2.85 2.85
2012-08-16 2.92 2.95 2.85 2.85
2012-08-21 2.96 2.97 2.91 2.91
2012-08-28 2.82 2.87 2.8 2.8
2012-09-07 2.98 3.09 2.88 2.88
2012-09-21 2.83 2.86 2.81 2.81
2012-09-27 2.86 2.88 2.8 2.8
2012-09-28 2.88 2.89 2.84 2.84
2012-10-18 2.96 2.97 2.88 2.88
2012-10-22 2.96 2.97 2.92 2.92
2012-10-24 3.01 3.05 2.94 2.94
2012-11-09 2.86 2.89 2.86 2.86
2012-11-23 2.81 2.83 2.79 2.79
2012-11-30 2.6 2.63 2.55 2.55
2012-12-24 3.06 3.09 3.04 3.04
2013-01-10 3.14 3.16 3.11 3.11
2013-01-14 3.11 3.12 3.02 3.02
2013-02-22 3.19 3.2 3.16 3.16
2013-03-29 2.96 3.02 2.91 2.91
2013-04-17 2.87 2.88 2.84 2.84
2013-04-26 2.87 2.89 2.85 2.85
2013-05-02 2.91 2.92 2.86 2.86
2013-05-09 2.99 3.05 2.96 2.96
2013-05-15 2.95 2.95 2.92 2.92
2013-05-16 3.02 3.06 3.0 3.0
2013-05-24 3.05 3.05 3.02 3.02
2013-05-30 3.15 3.26 3.14 3.14
2013-08-22 2.91 2.94 2.82 2.82
2013-09-09 3.03 3.06 2.97 2.97
2013-09-30 3.0 3.01 2.96 2.96
2013-10-17 3.07 3.08 3.02 3.02
2013-10-23 3.1 3.16 3.07 3.07
2013-10-28 3.05 3.06 2.98 2.98
2013-12-06 3.15 3.18 3.1 3.1
2013-12-27 3.05 3.05 3.0 3.0
2014-01-13 2.98 3.0 2.87 2.87
2014-01-16 2.98 2.99 2.95 2.95
2014-01-21 2.98 2.99 2.96 2.96
2014-01-22 3.03 3.04 2.96 2.96
2014-01-24 3.05 3.06 3.03 3.03
2014-02-07 3.07 3.07 3.0 3.0
2014-02-10 3.1 3.11 3.06 3.06
2014-03-25 3.03 3.04 3.0 3.0
2014-04-01 2.98 2.98 2.95 2.95
2014-04-16 3.02 3.03 2.99 2.99
2014-05-12 2.92 2.92 2.87 2.87
2014-06-05 2.87 2.87 2.84 2.84
2014-06-23 2.77 2.81 2.75 2.75
2014-06-27 2.78 2.8 2.73 2.73
2014-07-11 2.79 2.79 2.76 2.76
2014-07-28 2.92 2.93 2.89 2.89
2014-08-04 2.98 2.99 2.93 2.93
2014-11-18 3.72 3.73 3.67 3.67
2014-12-25 4.28 4.28 4.05 4.05
2015-01-13 3.96 3.99 3.91 3.91
2015-01-20 3.74 3.75 3.63 3.63
2015-02-09 3.85 3.92 3.78 3.78
2015-02-10 3.92 4.0 3.85 3.85
2015-02-11 3.95 4.0 3.92 3.92
2015-02-16 4.1 4.12 4.04 4.04
2015-03-17 4.67 4.75 4.53 4.53
2015-03-30 5.35 5.55 5.25 5.25
2015-04-13 6.46 6.46 5.93 5.93
2015-05-08 6.49 6.49 5.99 5.99
2015-05-11 7.14 7.14 6.65 6.65
2015-06-10 8.84 9.19 8.6 8.6
2015-07-08 3.96 4.09 3.96 3.96
2015-07-16 4.36 4.36 4.36 4.36
2015-07-17 4.8 4.8 4.8 4.8
2015-08-07 5.81 5.89 5.75 5.75
2015-09-07 4.24 4.35 4.2 4.2
2015-09-24 4.53 4.59 4.27 4.27
2015-10-12 4.85 4.91 4.59 4.59
2015-10-29 5.42 5.42 5.42 5.42
2015-12-03 5.52 5.55 5.41 5.41
2016-02-19 4.2 4.24 4.13 4.13
2016-02-22 4.53 4.62 4.22 4.22
2016-04-11 4.4 4.42 4.32 4.32
2016-04-13 4.41 4.47 4.35 4.35
2016-06-08 4.06 4.08 4.02 4.02
2016-06-15 4.02 4.02 3.91 3.91
2016-06-17 4.01 4.03 3.98 3.98
2016-07-04 4.18 4.23 4.14 4.14
2016-07-12 4.41 4.44 4.31 4.31
2016-10-10 5.43 5.44 5.23 5.23
2016-10-26 5.47 5.5 5.32 5.32
2016-11-14 5.19 5.23 5.15 5.15
2016-11-22 5.2 5.22 5.17 5.17
2016-11-28 5.3 5.32 5.21 5.21
2016-12-21 5.14 5.17 5.12 5.12
2016-12-28 5.19 5.24 5.1 5.1
2016-12-30 5.3 5.39 5.24 5.24
2017-02-20 5.46 5.48 5.41 5.41
2017-02-24 5.64 5.65 5.59 5.59
2017-03-20 5.47 5.49 5.44 5.44
2017-04-05 5.34 5.36 5.26 5.26
2017-04-13 5.43 5.44 5.33 5.33
2017-06-07 4.87 4.89 4.8 4.8
2017-06-15 5.01 5.02 4.98 4.98
2017-07-07 5.09 5.14 4.93 4.93
2017-08-01 4.76 4.77 4.72 4.72
2017-08-04 4.75 4.81 4.74 4.74
2017-09-05 4.81 4.81 4.75 4.75
