2004-09-07 4.88 4.95 4.78 4.78
2004-11-02 5.27 5.37 5.1 5.1
2004-11-15 5.44 5.44 5.31 5.31
2004-11-25 5.39 5.47 5.26 5.26
2004-12-01 5.47 5.51 5.41 5.41
2004-12-22 5.21 5.23 5.07 5.07
2004-12-27 5.13 5.15 5.08 5.08
2005-01-06 4.74 4.78 4.68 4.68
2005-01-10 4.74 4.74 4.61 4.61
2005-01-18 4.8 4.82 4.71 4.71
2005-01-21 4.9 4.93 4.66 4.66
2005-01-31 4.53 4.63 4.52 4.52
2005-02-02 4.86 4.9 4.6 4.6
2005-03-01 5.33 5.38 5.22 5.22
2005-03-24 4.65 4.66 4.56 4.56
2005-04-28 3.68 3.69 3.45 3.45
2005-04-29 3.8 3.93 3.75 3.75
2005-06-08 3.67 3.73 3.39 3.39
2005-08-02 2.81 2.81 2.72 2.72
2005-09-05 3.41 3.42 3.29 3.29
2005-09-07 3.42 3.43 3.25 3.25
2005-09-12 3.58 3.61 3.46 3.46
2005-09-30 3.62 3.63 3.5 3.5
2006-10-17 8.39 8.58 8.21 8.21
2006-11-01 8.78 9.0 8.4 8.4
2006-11-21 8.39 8.39 8.14 8.14
2006-11-27 9.03 9.37 8.91 8.91
2006-12-11 8.89 8.89 8.64 8.64
2006-12-15 9.43 9.6 9.29 9.29
2006-12-27 9.14 9.22 8.97 8.97
2007-01-08 10.21 10.27 9.45 9.45
2007-01-19 12.37 12.64 12.0 12.0
2007-02-06 11.58 11.6 11.15 11.15
2007-02-12 12.46 12.57 12.25 12.25
2007-02-13 12.84 13.0 12.46 12.46
2007-02-14 13.0 13.18 12.83 12.83
2007-02-28 14.74 14.74 13.51 13.51
2007-03-07 15.49 15.5 14.58 14.58
2007-03-20 14.95 15.1 14.62 14.62
2007-04-12 20.26 20.5 19.38 19.38
2007-04-20 19.68 19.79 18.98 18.98
2007-05-10 19.93 19.98 19.06 19.06
2007-05-22 19.61 19.79 19.02 19.02
2007-05-23 19.94 19.99 19.64 19.64
2007-05-28 21.84 22.2 21.16 21.16
2007-07-25 20.3 20.31 19.25 19.25
2007-08-06 23.68 23.68 22.18 22.18
2007-08-20 25.57 26.2 25.0 25.0
2007-08-24 30.8 31.48 29.01 29.01
2007-09-12 32.76 32.76 29.7 29.7
2007-09-17 35.51 36.0 32.32 32.32
2007-11-05 30.23 30.55 29.0 29.0
2007-12-04 22.53 22.84 22.15 22.15
2007-12-05 23.91 24.3 22.41 22.41
2007-12-26 26.85 26.88 25.7 25.7
2007-12-27 27.36 27.98 26.88 26.88
2008-01-04 28.43 28.8 27.8 27.8
2008-02-18 25.59 25.59 25.59 25.59
2008-02-19 26.07 27.83 23.03 23.03
2008-07-07 9.57 9.66 9.02 9.02
2008-07-11 10.27 10.79 9.94 9.94
2008-07-28 9.78 9.87 9.68 9.68
2008-08-29 6.5 6.59 6.23 6.23
2008-09-12 5.65 5.88 5.54 5.54
2008-09-17 5.56 5.7 5.5 5.5
2008-10-30 3.81 3.91 3.75 3.75
2008-11-14 4.77 4.77 4.42 4.42
2009-02-06 6.36 6.36 5.8 5.8
2009-04-01 8.3 8.54 8.2 8.2
2009-04-29 7.84 7.85 7.45 7.45
2009-07-09 13.99 14.46 13.91 13.91
2009-09-02 11.83 11.93 11.21 11.21
2009-09-30 11.99 12.28 11.62 11.62
2009-10-19 13.3 13.32 12.65 12.65
2009-11-03 13.69 13.95 13.5 13.5
2009-11-12 13.97 14.17 13.88 13.88
2009-11-30 14.79 14.8 14.39 14.39
2009-12-02 15.71 15.93 15.25 15.25
2009-12-10 16.72 16.85 16.2 16.2
2010-01-05 16.4 16.44 15.86 15.86
2010-03-29 14.07 14.27 13.7 13.7
2010-04-01 14.13 14.18 13.81 13.81
2010-04-09 14.55 14.58 14.34 14.34
2010-05-24 10.63 10.63 10.06 10.06
2010-05-26 10.56 10.75 10.34 10.34
2010-08-13 9.82 9.89 9.62 9.62
2010-08-23 10.45 10.58 10.22 10.22
2010-08-30 10.47 10.52 10.18 10.18
2010-09-06 11.05 11.19 10.87 10.87
2010-10-19 14.19 14.29 13.6 13.6
2010-12-17 18.13 18.49 17.5 17.5
2011-01-31 14.2 14.38 14.03 14.03
2011-02-28 16.05 16.18 15.5 15.5
2011-03-08 17.76 18.12 17.24 17.24
2011-04-08 22.58 23.0 22.02 22.02
2011-04-20 20.54 20.75 19.54 19.54
2011-04-26 18.73 19.0 18.32 18.32
2011-05-20 18.46 18.78 17.8 17.8
2011-06-20 15.98 16.34 15.71 15.71
2011-06-30 16.86 16.88 16.52 16.52
2011-07-04 17.88 18.2 17.2 17.2
2011-07-13 17.43 17.6 17.1 17.1
2011-08-04 16.62 16.88 16.37 16.37
2011-12-30 9.21 9.3 8.96 8.96
2012-01-06 8.6 8.66 8.3 8.3
2012-03-08 11.2 11.43 11.1 11.1
2012-04-20 9.9 10.09 9.45 9.45
2012-05-10 10.66 11.1 10.24 10.24
2012-06-29 9.84 9.86 9.51 9.51
2012-07-19 9.61 9.68 9.33 9.33
2012-07-20 9.79 10.0 9.52 9.52
2012-08-21 7.93 7.99 7.8 7.8
2012-10-25 8.61 9.09 8.3 8.3
2012-11-01 8.66 8.72 8.5 8.5
2012-11-14 8.92 9.0 8.6 8.6
2012-11-16 9.25 9.4 8.8 8.8
2012-12-05 10.11 10.64 9.62 9.62
2012-12-14 10.49 10.63 10.26 10.26
2012-12-26 10.09 10.24 10.0 10.0
2013-02-06 8.46 8.54 8.4 8.4
2013-02-08 8.49 8.55 8.38 8.38
2013-02-19 8.77 8.87 8.6 8.6
2013-03-05 8.23 8.25 7.72 7.72
2013-03-06 8.26 8.3 8.15 8.15
2013-03-15 7.41 7.41 7.41 7.41
2013-03-18 7.04 7.04 7.04 7.04
2013-03-19 6.69 6.69 6.69 6.69
2013-03-20 6.36 6.36 6.36 6.36
2013-04-09 5.85 5.9 5.68 5.68
2013-04-19 6.2 6.23 6.06 6.06
2013-05-21 6.73 6.74 6.54 6.54
2013-06-06 6.88 7.0 6.86 6.86
2013-06-14 6.55 6.58 6.52 6.52
2013-07-05 5.67 5.87 5.6 5.6
2013-08-09 5.25 5.28 5.15 5.15
2013-08-15 5.49 5.62 5.45 5.45
2013-08-20 5.61 5.72 5.6 5.6
2013-08-21 5.68 5.71 5.59 5.59
2013-08-22 5.79 5.84 5.63 5.63
2013-09-05 6.02 6.09 5.77 5.77
2013-09-06 6.16 6.26 5.94 5.94
2013-11-06 5.65 5.71 5.62 5.62
2013-11-12 5.69 5.7 5.6 5.6
2013-11-18 5.85 5.85 5.74 5.74
2013-11-20 6.02 6.04 5.82 5.82
2013-11-25 5.93 6.09 5.93 5.93
2013-12-04 5.78 5.85 5.67 5.67
2013-12-05 5.79 5.84 5.73 5.73
2013-12-27 5.51 5.53 5.45 5.45
2014-01-02 5.73 5.84 5.57 5.57
2014-01-22 5.14 5.15 5.08 5.08
2014-01-23 5.15 5.19 5.12 5.12
2014-02-07 5.15 5.15 5.02 5.02
2014-02-11 5.39 5.43 5.33 5.33
2014-02-13 5.48 5.53 5.42 5.42
2014-02-14 5.64 5.66 5.45 5.45
2014-02-25 5.58 5.7 5.49 5.49
2014-04-01 6.12 6.13 6.0 6.0
2014-04-04 6.3 6.31 6.15 6.15
2014-05-06 5.73 5.78 5.61 5.61
2014-05-08 5.74 5.83 5.66 5.66
2014-06-11 6.89 7.05 6.4 6.4
2014-07-04 7.98 8.19 7.92 7.92
2014-07-22 8.2 8.28 8.02 8.02
2014-08-12 9.33 9.36 9.22 9.22
2014-08-15 9.06 9.16 8.92 8.92
2014-09-02 9.43 9.55 9.29 9.29
2014-09-03 9.76 9.8 9.46 9.46
2014-09-17 9.37 9.43 9.27 9.27
2014-09-18 9.39 9.41 9.3 9.3
2014-09-30 9.68 9.76 9.65 9.65
2014-10-28 8.86 8.88 8.59 8.59
2014-11-24 9.36 9.48 9.27 9.27
2014-12-11 11.09 11.48 10.59 10.59
2015-01-22 10.17 10.25 9.72 9.72
2015-04-21 17.23 17.37 15.88 15.88
2015-04-23 18.97 19.6 17.89 17.89
2015-05-22 16.47 16.67 15.67 15.67
2015-05-25 16.91 17.16 16.49 16.49
2015-06-05 19.35 19.35 17.77 17.77
2015-07-07 8.26 8.26 8.26 8.26
2015-07-08 7.43 7.43 7.43 7.43
2015-07-13 8.17 8.17 8.17 8.17
2015-07-14 8.99 8.99 8.99 8.99
2015-07-16 8.67 8.91 7.52 7.52
2015-08-13 14.47 14.47 12.85 12.85
2015-08-25 10.03 10.6 10.03 10.03
2015-09-16 9.65 9.66 8.75 8.75
2015-09-30 9.79 9.97 9.74 9.74
2015-11-04 11.96 12.0 11.31 11.31
2015-12-29 13.25 13.26 12.89 12.89
2016-01-05 11.43 12.04 10.89 10.89
2016-01-18 9.65 9.84 9.25 9.25
2016-01-19 10.03 10.08 9.61 9.61
2016-02-03 10.04 10.1 9.72 9.72
2016-02-04 10.77 11.03 10.04 10.04
2016-02-17 11.06 11.18 10.82 10.82
2016-03-14 9.9 10.09 9.71 9.71
2016-05-13 9.61 9.72 9.35 9.35
2016-06-17 10.13 10.32 9.93 9.93
2016-06-22 10.07 10.09 9.8 9.8
2016-07-07 11.34 11.69 10.96 10.96
2016-09-19 10.13 10.21 10.01 10.01
2016-09-27 9.95 10.03 9.76 9.76
2016-10-13 10.48 10.64 10.24 10.24
2016-10-17 10.47 10.78 10.34 10.34
2016-12-01 11.59 11.69 11.4 11.4
2017-01-09 11.44 11.5 11.36 11.36
2017-02-16 11.94 12.15 11.89 11.89
2017-03-06 11.78 11.87 11.59 11.59
2017-04-19 10.69 10.73 10.52 10.52
2017-05-17 8.68 8.77 8.39 8.39
2017-06-13 8.38 8.42 8.1 8.1
2017-06-16 8.53 8.64 8.4 8.4
2017-07-24 9.72 9.77 9.49 9.49
2017-08-25 9.98 10.07 9.73 9.73
