2002-09-09 17.62 17.68 17.52 17.52
2002-10-16 17.69 17.85 17.36 17.36
2002-10-29 17.65 17.67 17.2 17.2
2002-11-04 17.68 17.79 17.48 17.48
2002-12-02 17.1 17.5 17.0 17.0
2003-01-27 18.43 18.55 18.35 18.35
2003-01-29 18.62 18.75 18.39 18.39
2003-06-13 18.79 18.96 18.43 18.43
2003-06-16 19.59 19.6 18.8 18.8
2003-07-31 11.96 12.05 11.78 11.78
2003-08-18 11.78 11.88 11.58 11.58
2003-08-19 12.04 12.08 11.75 11.75
2003-11-12 10.1 10.36 9.55 9.55
2003-11-19 9.79 9.86 9.6 9.6
2003-12-01 10.57 10.66 10.19 10.19
2003-12-24 10.24 10.25 9.53 9.53
2004-03-04 12.42 12.5 12.01 12.01
2004-03-10 12.73 12.74 12.39 12.39
2004-03-24 12.87 13.03 12.63 12.63
2004-03-31 13.29 13.41 12.95 12.95
2004-05-12 11.22 11.24 10.99 10.99
2004-05-28 11.17 11.45 10.65 10.65
2004-06-08 10.7 10.88 10.66 10.66
2004-06-11 10.49 11.06 10.28 10.28
2004-06-15 10.4 10.53 10.2 10.2
2004-06-24 10.72 10.73 10.45 10.45
2004-07-01 10.35 10.4 9.95 9.95
2004-07-05 10.16 10.2 10.04 10.04
2004-09-08 8.29 8.29 8.21 8.21
2004-09-09 8.14 8.2 8.13 8.13
2004-10-26 10.14 10.15 9.9 9.9
2004-11-22 11.58 11.65 11.39 11.39
2004-12-21 10.72 11.05 10.57 10.57
2004-12-22 11.13 11.15 10.67 10.67
2004-12-24 11.04 11.17 10.72 10.72
2004-12-29 11.1 11.17 11.0 11.0
2005-02-02 10.15 10.2 9.48 9.48
2005-02-04 10.25 10.3 9.58 9.58
2005-02-23 10.77 10.88 10.46 10.46
2005-03-11 11.01 11.18 10.9 10.9
2005-03-21 10.32 10.39 10.03 10.03
2005-04-06 9.59 9.7 9.12 9.12
2005-04-11 10.08 10.26 9.75 9.75
2005-06-27 8.62 8.74 8.38 8.38
2005-08-05 6.12 6.12 5.81 5.81
2005-08-15 6.23 6.25 6.0 6.0
2005-08-19 6.18 6.27 6.07 6.07
2005-08-24 6.3 6.3 6.18 6.18
2005-08-31 5.78 5.82 5.5 5.5
2005-09-02 5.92 5.96 5.85 5.85
2005-09-14 6.92 6.92 6.33 6.33
2005-09-19 7.38 7.48 7.12 7.12
2005-09-29 6.82 6.83 6.62 6.62
2005-10-14 7.34 7.4 7.12 7.12
2005-10-18 7.51 7.72 7.38 7.38
2006-10-17 5.58 5.61 5.5 5.5
2006-10-18 5.75 5.8 5.62 5.62
2006-11-03 5.72 5.73 5.58 5.58
2006-11-30 5.57 5.61 5.51 5.51
2006-12-15 5.4 5.45 5.33 5.33
2007-01-08 5.99 6.08 5.75 5.75
2007-01-10 6.19 6.28 6.06 6.06
2007-01-15 6.17 6.2 5.78 5.78
2007-01-22 6.96 6.99 6.75 6.75
2007-01-24 7.6 7.6 7.01 7.01
2007-03-07 9.4 9.41 8.96 8.96
2007-03-15 10.17 10.38 9.6 9.6
2007-03-20 10.0 10.18 9.78 9.78
2007-04-16 13.1 13.46 12.85 12.85
2007-04-20 13.0 13.14 12.51 12.51
2007-04-30 14.2 14.29 13.23 13.23
2007-05-11 14.59 14.8 14.21 14.21
2007-05-14 14.79 15.14 14.2 14.2
2007-05-23 15.66 15.8 15.0 15.0
2007-05-28 16.1 17.0 15.9 15.9
2007-06-07 13.59 13.9 13.0 13.0
2007-06-11 15.02 15.02 13.66 13.66
2007-06-20 18.04 18.04 16.32 16.32
2007-08-09 25.28 25.73 24.71 24.71
2007-08-17 25.56 26.3 24.5 24.5
2007-08-22 25.8 26.28 25.55 25.55
2007-09-26 30.39 31.69 29.38 29.38
2007-11-06 26.79 26.98 25.66 25.66
2007-12-04 26.31 26.4 25.6 25.6
2007-12-19 28.96 29.38 28.35 28.35
2008-02-14 37.54 38.0 35.99 35.99
2008-02-22 39.44 40.15 38.0 38.0
2008-03-14 32.62 33.17 32.11 32.11
2008-03-25 29.74 30.3 28.8 28.8
2008-03-26 30.54 31.1 29.52 29.52
2008-03-27 29.51 30.79 29.35 29.35
2008-04-23 23.16 23.22 21.3 21.3
2008-05-30 12.46 12.6 12.1 12.1
2008-06-03 13.12 13.35 12.9 12.9
2008-06-24 9.43 9.56 9.1 9.1
2008-06-26 10.27 10.64 10.05 10.05
2008-07-24 11.2 11.3 11.01 11.01
2008-09-12 5.52 5.65 5.43 5.43
2008-11-05 4.36 4.43 4.2 4.2
2008-12-03 5.73 5.77 5.49 5.49
2009-01-09 5.66 5.68 5.36 5.36
2009-01-20 6.67 6.67 6.03 6.03
2009-02-06 9.08 9.08 8.32 8.32
2009-02-12 12.2 12.51 11.48 11.48
2009-03-18 12.04 12.35 11.73 11.73
2009-03-27 14.29 14.29 13.78 13.78
2009-05-04 14.75 14.99 14.5 14.5
2009-06-02 14.04 14.28 13.99 13.99
2009-06-11 13.07 13.25 12.7 12.7
2009-06-17 12.62 12.68 12.33 12.33
2009-07-01 13.7 13.89 13.42 13.42
2009-07-13 15.03 15.4 14.05 14.05
2009-07-20 15.96 16.3 15.2 15.2
2009-07-31 15.8 15.89 15.19 15.19
2009-08-04 18.24 18.24 16.64 16.64
2009-09-03 13.62 13.71 12.75 12.75
2009-09-07 14.22 14.38 13.83 13.83
2009-09-25 14.32 14.74 14.28 14.28
2009-10-14 15.62 15.69 15.05 15.05
2009-11-06 16.59 16.87 15.92 15.92
2010-01-04 16.66 16.75 16.3 16.3
2010-01-13 15.74 16.1 15.62 15.62
2010-01-15 17.09 17.14 16.16 16.16
2010-03-03 16.2 16.68 15.63 15.63
2010-03-08 15.28 15.48 15.22 15.22
2010-04-21 15.3 15.4 14.63 14.63
2010-04-23 15.34 15.73 15.27 15.27
2010-05-24 11.4 11.5 10.84 10.84
2010-10-08 12.82 12.94 12.61 12.61
2010-10-19 12.54 12.7 12.15 12.15
2010-10-21 13.18 13.19 12.55 12.55
2010-10-25 13.72 13.75 13.3 13.3
2010-10-26 14.34 15.08 13.81 13.81
2010-10-28 15.15 15.2 14.31 14.31
2010-11-04 14.65 14.68 14.05 14.05
2010-12-13 13.38 13.39 12.88 12.88
2010-12-16 13.95 14.3 13.8 13.8
2010-12-29 12.94 13.0 12.47 12.47
2011-01-31 13.59 13.65 13.25 13.25
2011-02-10 13.97 14.0 13.31 13.31
2011-02-16 15.0 15.49 14.22 14.22
2011-03-11 15.81 15.99 15.24 15.24
2011-04-12 15.8 15.95 15.5 15.5
2011-05-18 17.51 17.91 16.15 16.15
2011-07-06 8.71 8.87 8.58 8.58
2011-07-13 8.62 8.69 8.26 8.26
2011-11-03 6.16 6.16 5.62 5.62
2012-01-17 4.89 4.93 4.56 4.56
2012-04-05 4.89 4.95 4.68 4.68
2012-04-12 5.07 5.09 4.97 4.97
2012-05-22 4.82 4.85 4.74 4.74
2012-05-29 5.05 5.1 4.75 4.75
2012-06-15 4.92 4.96 4.88 4.88
2012-07-13 4.17 4.21 4.13 4.13
2012-08-01 3.85 3.87 3.8 3.8
2012-08-07 3.85 3.86 3.77 3.77
2012-08-28 3.63 3.68 3.58 3.58
2012-11-23 3.25 3.28 3.25 3.25
2012-12-10 3.16 3.18 3.05 3.05
2012-12-14 3.33 3.33 3.02 3.02
2013-01-14 3.5 3.52 3.4 3.4
2013-03-20 4.0 4.03 3.9 3.9
2013-04-09 3.68 3.74 3.54 3.54
2013-04-11 3.67 3.74 3.65 3.65
2013-04-19 3.96 3.97 3.84 3.84
2013-04-24 3.75 3.78 3.69 3.69
2013-05-03 3.68 3.74 3.62 3.62
2013-05-06 3.81 3.84 3.7 3.7
2013-06-17 3.72 3.77 3.67 3.67
2013-06-21 3.48 3.5 3.36 3.36
2013-07-15 3.35 3.41 3.28 3.28
2013-08-15 3.54 3.61 3.53 3.53
2013-10-17 3.6 3.65 3.56 3.56
2013-11-28 3.37 3.4 3.35 3.35
2013-12-03 3.28 3.28 3.2 3.2
2013-12-13 3.37 3.37 3.32 3.32
2014-01-14 3.03 3.03 2.94 2.94
2014-01-29 3.12 3.18 3.07 3.07
2014-03-17 3.18 3.22 3.12 3.12
2014-03-24 3.27 3.28 3.23 3.23
2014-05-08 2.99 3.02 2.97 2.97
2014-06-05 2.97 2.97 2.94 2.94
2014-06-26 2.86 2.87 2.83 2.83
2014-07-28 3.12 3.14 3.09 3.09
2014-07-29 3.14 3.15 3.12 3.12
2014-08-11 3.34 3.38 3.17 3.17
2014-10-20 3.73 3.76 3.7 3.7
2015-01-20 3.74 3.77 3.63 3.63
2015-02-12 3.73 3.74 3.69 3.69
2015-02-26 3.95 4.06 3.91 3.91
2015-03-16 4.49 4.52 4.41 4.41
2015-03-23 5.19 5.22 4.89 4.89
2015-05-27 8.94 8.94 8.15 8.15
2015-06-15 10.28 10.58 9.8 9.8
2015-07-08 4.53 4.84 4.35 4.35
2015-07-09 4.98 4.98 4.34 4.34
2015-07-10 5.48 5.48 5.24 5.24
2015-08-25 4.78 4.94 4.78 4.78
2015-09-16 4.24 4.28 3.9 3.9
2015-10-22 4.61 4.64 4.34 4.34
2016-01-06 5.44 5.48 5.24 5.24
2016-03-07 4.37 4.45 4.25 4.25
2016-04-13 4.81 4.95 4.73 4.73
2016-04-27 4.43 4.49 4.41 4.41
2016-05-10 4.32 4.4 4.26 4.26
2016-05-23 4.17 4.22 4.1 4.1
2016-06-27 4.2 4.2 4.1 4.1
2016-08-02 4.22 4.24 4.18 4.18
2016-09-19 4.53 4.55 4.47 4.47
2016-09-27 4.72 4.75 4.58 4.58
2016-10-13 4.71 4.74 4.66 4.66
2016-11-07 4.68 4.74 4.65 4.65
2016-12-27 4.51 4.56 4.5 4.5
2016-12-29 4.52 4.6 4.5 4.5
2017-03-17 4.85 4.92 4.81 4.81
2017-04-26 4.96 4.98 4.89 4.89
2017-05-15 4.51 4.57 4.39 4.39
2017-06-13 4.51 4.54 4.4 4.4
2017-06-14 4.52 4.62 4.51 4.51
2017-06-15 4.65 4.66 4.52 4.52
2017-06-23 4.58 4.59 4.51 4.51
2017-07-05 5.01 5.03 4.88 4.88
2017-07-19 5.21 5.25 4.92 4.92
2017-07-24 5.18 5.35 5.15 5.15
2017-07-27 5.32 5.42 5.23 5.23
2017-08-17 5.28 5.33 5.14 5.14
