1994-06-03 8.25 8.38 8.2 8.2
1994-07-12 6.41 6.49 6.37 6.37
1994-08-30 12.22 12.35 11.2 11.2
1994-09-05 16.58 16.58 14.51 14.51
1995-01-06 13.01 13.19 12.95 12.95
1995-01-10 12.75 12.89 12.68 12.68
1995-01-16 12.08 12.38 11.75 11.75
1995-01-24 11.17 11.7 11.05 11.05
1995-02-08 10.64 10.7 10.6 10.6
1995-02-09 11.03 11.15 10.55 10.55
1995-04-20 12.4 12.47 12.1 12.1
1995-04-28 11.09 11.1 10.8 10.8
1995-05-02 11.1 11.2 11.0 11.0
1995-05-19 16.2 16.3 14.18 14.18
1995-06-06 12.26 12.28 11.9 11.9
1995-06-23 11.3 11.48 11.0 11.0
1995-06-30 11.03 11.25 10.81 10.81
1995-07-04 11.1 11.1 10.8 10.8
1995-07-05 11.3 11.33 11.1 11.1
1995-09-26 10.81 10.9 10.7 10.7
1995-09-29 10.49 10.65 10.32 10.32
1995-11-02 10.25 10.4 10.11 10.11
1995-11-03 10.36 10.45 10.25 10.25
1995-11-13 10.08 10.09 10.0 10.0
1995-11-14 10.04 10.1 10.0 10.0
1995-11-27 9.9 10.38 9.7 9.7
1995-12-05 9.68 9.75 9.55 9.55
1995-12-08 9.62 9.75 9.52 9.52
1995-12-12 9.58 9.6 9.35 9.35
1996-01-02 8.13 8.3 8.13 8.13
1996-01-03 8.1 8.13 8.0 8.0
1996-01-08 7.95 8.08 7.9 7.9
1996-01-15 7.9 7.91 7.84 7.84
1996-02-13 7.6 7.66 7.45 7.45
1996-02-15 7.75 7.78 7.63 7.63
1996-03-14 8.22 8.37 8.18 8.18
1996-03-15 8.21 8.25 8.12 8.12
1996-03-20 8.28 8.38 8.2 8.2
1996-03-21 8.28 8.39 8.28 8.28
1996-03-28 8.0 8.1 8.0 8.0
1996-04-02 8.15 8.2 8.02 8.02
1996-04-03 8.22 8.22 8.12 8.12
1996-04-04 8.24 8.32 8.23 8.23
1996-04-12 8.92 9.05 8.83 8.83
1996-04-17 9.0 9.12 9.0 9.0
1996-04-24 9.95 9.96 9.5 9.5
1996-04-26 10.84 11.3 9.68 9.68
1996-04-29 11.28 11.57 10.9 10.9
1996-05-06 10.12 10.33 9.9 9.9
1996-05-09 10.15 10.28 9.99 9.99
1996-05-17 10.85 10.98 10.2 10.2
1996-06-26 10.87 10.87 10.58 10.58
1996-07-03 11.68 11.8 11.1 11.1
1996-07-18 11.78 11.86 11.41 11.41
1996-09-05 9.42 9.78 9.4 9.4
1996-10-28 13.24 13.24 12.5 12.5
1996-11-05 11.05 11.29 10.85 10.85
1996-11-06 11.15 11.15 10.63 10.63
1996-11-08 11.2 11.61 11.08 11.08
1996-11-11 11.66 11.69 11.32 11.32
1996-12-06 13.8 13.8 12.61 12.61
1996-12-18 12.68 12.68 10.57 10.57
1996-12-23 12.13 12.3 11.6 11.6
1997-01-03 11.55 12.0 11.51 11.51
1997-01-06 11.22 11.58 11.15 11.15
1997-01-07 11.49 11.69 11.22 11.22
1997-01-08 11.78 11.78 11.3 11.3
1997-01-10 11.8 11.89 11.68 11.68
1997-01-15 12.58 12.6 11.5 11.5
1997-01-23 12.66 12.66 12.15 12.15
1997-01-27 12.45 12.6 12.2 12.2
1997-01-31 12.7 12.96 12.6 12.6
1997-02-20 12.99 12.99 11.68 11.68
1997-02-21 13.68 13.7 12.66 12.66
1997-02-24 13.6 14.1 13.4 13.4
1997-02-25 13.58 13.78 13.4 13.4
1997-03-03 13.48 13.48 13.01 13.01
1997-03-05 13.25 13.58 13.15 13.15
1997-04-14 15.38 15.44 14.6 14.6
1997-05-22 10.49 11.44 10.49 10.49
1997-06-09 10.0 10.28 9.98 9.98
1997-06-20 9.75 9.76 9.41 9.41
1997-08-19 8.45 8.8 8.4 8.4
1997-08-21 8.6 8.7 8.2 8.2
1997-09-30 7.8 7.88 7.6 7.6
1997-10-08 9.16 9.25 9.0 9.0
1997-10-09 8.82 9.18 8.6 8.6
1997-10-10 9.11 9.12 8.79 8.79
1997-10-13 9.38 9.38 9.1 9.1
1997-10-14 9.38 9.4 8.8 8.8
1997-11-21 8.51 8.96 7.88 7.88
1997-11-25 8.2 8.3 7.6 7.6
1997-11-26 8.3 8.5 8.2 8.2
1997-12-01 8.65 8.9 8.51 8.51
1997-12-02 8.62 8.79 8.62 8.62
1997-12-04 8.46 8.5 8.33 8.33
1997-12-11 8.54 8.55 8.31 8.31
1997-12-15 8.55 8.65 8.42 8.42
1997-12-18 8.39 8.56 7.7 7.7
1998-02-24 9.13 9.15 9.0 9.0
1998-03-02 9.22 9.45 9.1 9.1
1998-03-03 9.24 9.24 9.1 9.1
1998-03-04 9.3 9.6 9.15 9.15
1998-03-26 8.93 9.1 8.7 8.7
1998-03-27 9.44 9.53 9.0 9.0
1998-04-01 9.48 9.48 9.06 9.06
1998-05-28 12.13 12.42 11.7 11.7
1998-06-18 11.09 11.18 10.8 10.8
1998-06-23 11.52 11.6 11.0 11.0
1998-06-24 11.8 11.83 11.5 11.5
1998-08-24 9.96 10.22 9.52 9.52
1998-08-26 10.15 10.3 9.82 9.82
1998-08-27 10.18 10.24 9.85 9.85
1998-09-03 10.55 10.69 10.12 10.12
1998-10-09 10.46 10.59 10.3 10.3
1998-11-24 9.6 9.65 9.36 9.36
1998-11-27 9.84 9.95 9.68 9.68
1999-02-02 9.15 9.28 8.85 8.85
1999-02-04 9.19 9.3 9.0 9.0
1999-03-31 9.68 9.78 9.51 9.51
1999-05-07 9.06 9.18 8.98 8.98
1999-05-11 8.93 9.1 8.82 8.82
1999-05-19 9.15 9.25 8.75 8.75
1999-05-20 9.8 9.8 9.16 9.16
1999-06-21 11.38 11.51 10.88 10.88
1999-09-08 11.81 11.89 11.7 11.7
1999-09-29 11.34 11.5 11.32 11.32
1999-10-11 10.8 10.94 10.7 10.7
1999-12-17 11.4 11.52 11.2 11.2
2000-01-19 10.36 10.4 10.26 10.26
2000-04-10 13.39 13.6 13.25 13.25
2000-04-24 14.57 14.8 14.0 14.0
2000-05-09 13.39 13.52 13.3 13.3
2000-05-15 12.3 12.56 12.08 12.08
2000-07-10 13.15 13.22 12.95 12.95
2000-08-14 14.13 14.19 13.85 13.85
2000-09-29 12.9 13.1 12.62 12.62
2000-10-25 13.56 13.76 13.55 13.55
2000-10-30 13.73 13.86 13.41 13.41
2000-11-28 14.25 14.35 14.0 14.0
2000-11-30 14.3 14.3 13.85 13.85
2000-12-01 14.61 14.88 14.35 14.35
2000-12-04 14.88 15.02 14.71 14.71
2001-01-19 14.58 14.65 14.32 14.32
2001-02-27 13.66 13.7 13.08 13.08
2001-03-19 13.96 14.16 13.53 13.53
2001-04-19 15.36 15.48 14.79 14.79
2001-04-23 16.21 16.23 15.06 15.06
2001-04-27 15.65 16.18 15.4 15.4
2001-04-30 15.99 16.39 15.68 15.68
2001-07-13 16.72 16.87 16.59 16.59
2001-08-09 15.45 15.48 15.06 15.06
2001-08-17 15.32 15.45 15.01 15.01
2001-09-05 15.3 15.7 15.15 15.15
2001-09-24 14.35 14.6 14.23 14.23
2001-10-09 13.59 13.64 13.16 13.16
2001-10-31 14.2 14.24 13.85 13.85
2001-11-01 14.26 14.49 14.1 14.1
2001-11-09 13.8 13.9 13.4 13.4
2001-11-14 13.95 14.25 13.8 13.8
2002-01-08 12.3 12.58 12.2 12.2
2002-01-28 10.6 11.5 10.45 10.45
2002-02-26 11.58 11.78 11.41 11.41
2002-06-06 13.5 13.75 12.78 12.78
2002-06-11 13.8 13.98 13.4 13.4
2002-06-17 13.6 13.63 13.3 13.3
2002-06-20 13.84 13.95 13.6 13.6
2002-06-21 14.31 14.32 13.85 13.85
2002-07-08 14.91 14.95 14.75 14.75
2002-07-12 14.6 14.75 14.43 14.43
2002-07-19 14.89 15.0 14.55 14.55
2002-08-01 14.18 14.3 14.01 14.01
2002-08-06 14.22 14.35 14.08 14.08
2002-08-20 14.65 14.9 14.31 14.31
2002-08-26 14.65 14.97 14.61 14.61
2002-08-27 14.91 15.0 14.6 14.6
2002-08-30 14.97 15.08 14.92 14.92
2002-09-19 14.5 14.68 14.11 14.11
2002-09-27 14.84 14.9 14.73 14.73
2002-10-28 15.2 15.48 14.88 14.88
2002-10-31 14.79 15.15 14.55 14.55
2002-11-21 13.2 13.6 13.1 13.1
2002-11-22 13.58 13.81 13.3 13.3
2002-11-25 13.51 13.6 13.3 13.3
2002-11-28 13.5 13.69 13.0 13.0
2002-11-29 14.82 14.85 13.36 13.36
2002-12-05 13.95 14.2 13.64 13.64
2002-12-12 13.55 13.7 13.5 13.5
2003-01-06 13.13 13.15 12.85 12.85
2003-01-08 13.26 13.27 12.9 12.9
2003-03-31 13.79 13.82 13.1 13.1
2003-04-01 13.8 13.88 13.67 13.67
2003-05-22 12.39 12.47 12.0 12.0
2003-05-30 12.42 12.49 12.25 12.25
2003-06-11 12.34 12.7 12.1 12.1
2003-06-17 12.7 12.8 12.38 12.38
2003-09-11 10.9 10.95 10.8 10.8
2003-09-19 11.13 11.13 10.32 10.32
2003-09-29 10.93 11.1 10.2 10.2
2003-10-10 10.71 10.75 10.4 10.4
2003-10-17 10.52 10.57 10.39 10.39
2003-11-17 8.59 8.71 8.48 8.48
2003-11-19 8.6 8.65 8.32 8.32
2003-11-20 8.94 8.98 8.48 8.48
2003-11-25 9.19 9.44 9.12 9.12
2003-11-28 8.94 8.99 8.81 8.81
2003-12-01 9.18 9.26 9.01 9.01
2003-12-15 9.46 9.64 9.34 9.34
2004-02-09 10.69 10.76 10.5 10.5
2004-02-10 10.91 11.1 10.62 10.62
2004-03-19 11.45 11.49 11.3 11.3
2004-03-29 11.5 11.75 11.45 11.45
2004-04-01 12.03 12.15 11.91 11.91
2004-05-11 10.95 11.15 10.83 10.83
2004-05-17 10.88 11.02 10.86 10.86
2004-05-18 11.1 11.1 10.8 10.8
2004-05-21 11.08 11.12 11.0 11.0
2004-05-27 10.7 10.75 10.41 10.41
2004-07-27 10.88 11.07 10.6 10.6
2004-08-04 11.08 11.28 10.8 10.8
2004-12-24 10.31 10.48 10.28 10.28
2005-01-18 9.24 9.33 9.08 9.08
2005-04-01 8.43 8.51 8.06 8.06
2005-04-07 8.58 8.69 8.4 8.4
2005-04-13 8.99 9.28 8.75 8.75
2005-04-29 7.84 7.98 7.76 7.76
2005-05-12 7.26 7.34 7.2 7.2
2005-06-08 7.35 7.39 6.8 6.8
2005-06-27 7.75 7.85 7.41 7.41
2005-07-18 5.18 5.4 5.18 5.18
2005-07-25 5.28 5.28 5.08 5.08
2005-08-12 7.7 7.7 7.01 7.01
2005-08-25 8.29 8.29 7.6 7.6
2005-09-15 7.85 7.98 7.6 7.6
2005-11-02 6.23 6.44 6.05 6.05
2005-11-08 6.58 6.64 6.18 6.18
2005-11-15 7.69 7.69 7.01 7.01
2005-11-18 7.81 8.08 7.62 7.62
2006-11-15 7.15 7.16 7.05 7.05
2006-11-17 7.02 7.09 6.9 6.9
2007-05-29 18.18 18.33 17.2 17.2
2007-06-05 11.48 11.48 10.74 10.74
2007-08-06 15.02 15.28 14.83 14.83
2007-08-08 16.52 16.52 14.4 14.4
2008-06-04 17.38 17.98 16.7 16.7
2008-06-24 10.1 10.35 9.8 9.8
2008-07-25 12.81 13.39 12.51 12.51
2008-11-05 6.07 6.19 5.84 5.84
2008-11-07 5.92 5.98 5.56 5.56
2008-11-10 6.49 6.5 5.98 5.98
2008-11-12 6.47 6.48 6.3 6.3
2009-01-05 9.01 9.15 8.38 8.38
2009-01-12 9.6 9.81 9.45 9.45
2009-02-09 11.29 11.3 10.59 10.59
2009-04-29 14.34 14.5 13.84 13.84
2009-11-23 20.86 21.2 20.42 20.42
2009-11-30 18.86 18.99 17.86 17.86
2009-12-07 20.04 20.07 18.6 18.6
2010-01-20 19.78 20.49 19.16 19.16
2010-02-10 17.06 17.45 16.72 16.72
2010-02-11 17.13 17.4 17.1 17.1
2010-02-12 17.21 17.29 17.0 17.0
2010-04-08 18.95 19.52 18.5 18.5
2010-04-09 18.8 19.25 18.52 18.52
2010-05-26 14.91 15.03 14.68 14.68
2010-06-18 15.65 16.27 15.08 15.08
2010-07-20 14.43 14.59 14.13 14.13
2010-07-28 15.57 15.9 14.58 14.58
2011-01-07 15.87 15.99 15.66 15.66
2011-01-25 15.48 15.88 15.0 15.0
2011-02-15 16.38 16.57 15.92 15.92
2011-02-18 17.1 17.4 16.71 16.71
2011-04-01 17.32 17.35 17.01 17.01
2011-05-17 19.44 19.44 17.59 17.59
2011-06-01 16.47 16.76 16.01 16.01
2011-06-10 15.64 15.71 15.17 15.17
2011-07-21 15.9 16.19 15.72 15.72
2011-12-08 13.67 14.19 13.43 13.43
2012-01-31 12.7 12.83 12.55 12.55
2012-02-01 12.68 12.92 12.6 12.6
2012-08-01 11.34 11.34 10.32 10.32
2012-08-28 10.07 10.18 9.91 9.91
2012-08-31 10.13 10.14 9.76 9.76
2012-09-04 10.54 10.7 10.36 10.36
2012-09-06 10.77 11.08 10.6 10.6
2012-09-27 10.57 10.64 10.27 10.27
2012-10-08 10.72 10.8 10.51 10.51
2012-10-09 10.94 10.98 10.72 10.72
2012-10-10 11.07 11.1 10.81 10.81
2012-10-15 10.82 10.88 10.71 10.71
2012-10-22 10.83 10.9 10.71 10.71
2012-10-29 10.29 10.4 10.16 10.16
2012-11-01 10.28 10.37 10.15 10.15
2012-12-17 10.82 11.07 10.75 10.75
2012-12-24 10.75 10.76 10.44 10.44
2013-06-14 11.7 11.96 11.6 11.6
2013-11-15 11.72 12.16 11.52 11.52
2013-11-18 11.95 11.98 11.74 11.74
2013-11-26 12.42 12.9 11.73 11.73
2013-11-28 12.38 12.58 12.11 12.11
2013-12-03 11.99 12.04 11.72 11.72
2013-12-04 12.15 12.38 11.93 11.93
2013-12-12 12.3 12.6 12.25 12.25
2014-06-26 9.48 9.49 9.33 9.33
2014-08-19 10.76 10.79 10.64 10.64
2014-10-28 11.11 11.15 10.79 10.79
2015-01-21 10.75 10.78 10.5 10.5
2015-06-12 24.46 26.03 23.8 23.8
2015-08-07 12.53 12.55 12.0 12.0
2015-08-10 13.37 13.48 12.7 12.7
2015-12-01 13.16 13.42 12.84 12.84
2016-02-16 10.53 10.61 10.07 10.07
2016-02-18 12.74 12.74 12.74 12.74
2016-08-08 14.01 14.08 13.54 13.54
2016-08-15 13.81 13.94 13.58 13.58
2016-08-19 14.81 14.94 14.14 14.14
2016-10-10 13.79 13.81 13.62 13.62
2016-10-18 13.96 13.99 13.65 13.65
2016-12-08 14.65 14.75 14.1 14.1
2017-05-04 13.16 13.2 12.6 12.6
2017-05-22 14.36 14.68 14.06 14.06
2017-08-21 13.15 13.36 12.87 12.87
2017-08-24 13.24 13.38 13.07 13.07
