1992-01-13 86.4 86.4 86.4 86.4
1992-01-14 87.3 87.3 87.3 87.3
1992-01-21 87.3 87.3 87.3 87.3
1992-01-27 87.3 87.3 87.3 87.3
1992-01-28 88.2 88.2 87.3 87.3
1992-01-29 87.3 87.3 87.3 87.3
1992-02-03 88.2 88.2 88.2 88.2
1992-02-11 88.2 88.2 88.2 88.2
1992-02-12 88.2 88.2 88.2 88.2
1992-02-19 88.2 88.2 88.2 88.2
1992-02-27 88.2 88.2 88.2 88.2
1992-03-10 88.2 88.2 88.2 88.2
1992-03-11 88.2 88.2 88.2 88.2
1992-03-18 88.2 88.2 88.2 88.2
1992-03-20 88.2 88.2 88.2 88.2
1992-03-23 88.2 88.2 88.2 88.2
1992-03-24 88.2 88.2 88.2 88.2
1992-04-01 89.1 89.1 88.65 88.65
1992-04-02 89.1 89.1 89.1 89.1
1992-04-16 89.1 89.1 89.1 89.1
1992-04-23 90.0 90.0 90.0 90.0
1992-05-06 94.5 94.5 94.5 94.5
1992-05-07 99.2 99.2 99.2 99.2
1992-05-08 104.2 104.2 104.2 104.2
1992-05-11 109.4 109.4 109.4 109.4
1992-05-12 114.9 114.9 114.9 114.9
1992-05-13 120.6 120.6 120.6 120.6
1992-05-14 126.6 126.6 126.6 126.6
1992-05-15 132.9 132.9 132.9 132.9
1992-05-18 139.5 139.5 139.5 139.5
1992-05-19 146.5 146.5 146.5 146.5
1992-05-20 153.8 153.8 153.8 153.8
1992-05-29 339.95 369.5 305.5 305.5
1992-06-26 355.0 358.0 352.0 352.0
1992-07-24 395.0 397.5 375.03 375.03
1992-08-14 316.5 322.5 296.0 296.0
1992-08-26 319.0 319.0 300.0 300.0
1992-09-11 277.0 310.0 260.0 260.0
1992-10-12 270.5 291.0 262.5 262.5
1992-11-24 158.0 162.0 146.0 146.0
1992-11-25 205.0 205.0 165.0 165.0
1992-12-15 23.45 24.2 22.5 22.5
1992-12-29 25.8 26.05 24.2 24.2
1993-01-20 31.14 31.28 30.19 30.19
1993-02-04 40.9 41.0 37.8 37.8
1993-03-02 37.1 38.7 35.2 35.2
1993-04-01 25.18 25.24 23.1 23.1
1993-04-06 17.7 18.14 14.7 14.7
1993-04-07 19.0 20.8 17.7 17.7
1993-05-13 22.8 22.8 22.0 22.0
1993-05-18 21.29 21.95 21.1 21.1
1993-06-21 17.45 17.8 17.0 17.0
1993-06-22 17.56 19.0 17.4 17.4
1993-06-23 17.62 17.8 17.6 17.6
1993-06-25 17.6 18.0 17.1 17.1
1993-07-05 16.86 17.2 16.5 16.5
1993-07-13 15.0 15.15 14.5 14.5
1993-07-15 14.4 14.79 14.3 14.3
1993-08-03 14.28 14.8 14.11 14.11
1993-08-06 14.7 14.83 14.41 14.41
1993-08-16 19.0 19.0 17.38 17.38
1993-08-25 17.0 17.2 16.6 16.6
1993-09-21 17.29 17.5 17.1 17.1
1993-09-27 17.24 17.88 16.8 16.8
1993-10-07 23.5 26.99 20.02 20.02
1993-10-21 18.6 19.5 18.2 18.2
1993-10-26 22.11 22.5 17.52 17.52
1993-12-23 20.45 21.17 20.2 20.2
1994-02-16 19.0 19.28 19.0 19.0
1994-03-25 17.95 18.38 17.55 17.55
1994-03-29 17.71 17.93 17.68 17.68
1994-04-08 16.78 16.84 16.61 16.61
1994-05-03 13.6 13.74 13.3 13.3
1994-05-13 13.17 13.3 13.02 13.02
1994-05-17 13.28 13.36 13.1 13.1
1994-05-19 13.19 13.19 13.0 13.0
1994-05-24 13.14 13.2 13.02 13.02
1994-06-28 10.25 10.37 10.11 10.11
1994-06-29 10.25 10.28 10.15 10.15
1994-08-03 7.15 7.25 5.61 5.61
1994-08-30 11.3 11.8 10.69 10.69
1994-09-21 16.75 16.75 15.8 15.8
1994-10-12 12.29 12.45 12.0 12.0
1994-10-18 10.51 11.25 10.38 10.38
1994-10-27 11.85 11.88 11.41 11.41
1994-11-29 12.1 12.48 11.53 11.53
1994-12-15 11.81 11.96 11.12 11.12
1994-12-20 11.6 11.88 11.5 11.5
1994-12-21 11.7 12.15 11.5 11.5
1995-01-03 11.1 11.28 10.6 10.6
1995-01-25 9.35 9.5 9.21 9.21
1995-02-09 9.05 9.15 8.75 8.75
1995-03-03 9.44 9.54 9.16 9.16
1995-03-21 9.75 9.78 9.41 9.41
1995-03-23 10.17 10.45 10.0 10.0
1995-04-03 11.27 11.45 10.9 10.9
1995-04-21 10.59 10.79 10.5 10.5
1995-05-05 9.5 9.65 9.4 9.4
1995-05-12 9.76 9.9 9.45 9.45
1995-05-16 9.74 9.89 9.66 9.66
1995-06-02 12.46 12.59 12.4 12.4
1995-06-16 11.48 11.6 11.38 11.38
1995-06-23 11.36 11.36 11.2 11.2
1995-06-26 11.4 11.4 11.25 11.25
1995-07-07 9.32 9.35 8.99 8.99
1995-07-12 9.18 9.25 9.08 9.08
1995-07-20 9.2 9.35 9.18 9.18
1995-07-31 9.34 9.45 9.15 9.15
1995-08-03 10.03 10.08 9.6 9.6
1995-08-08 9.76 9.9 9.48 9.48
1995-08-14 10.1 10.34 9.6 9.6
1995-08-17 9.75 9.99 9.7 9.7
1995-09-11 9.55 9.58 9.22 9.22
1995-09-15 9.38 9.5 9.31 9.31
1995-09-28 9.55 9.55 9.43 9.43
1995-09-29 9.56 9.7 9.51 9.51
1995-10-20 10.48 10.54 9.85 9.85
1995-10-31 10.48 10.48 10.25 10.25
1995-11-14 10.45 10.54 10.4 10.4
1995-11-30 10.5 10.6 10.43 10.43
1995-12-11 11.5 11.97 11.02 11.02
1996-01-24 8.33 8.48 8.15 8.15
1996-01-29 8.49 8.74 8.31 8.31
1996-02-09 8.2 8.22 8.11 8.11
1996-02-13 8.28 8.32 8.2 8.2
1996-03-14 9.01 9.14 8.78 8.78
1996-03-18 9.39 9.47 9.18 9.18
1996-04-26 11.7 12.0 10.92 10.92
1996-06-07 10.8 11.1 10.6 10.6
1996-06-26 9.75 9.75 9.55 9.55
1996-07-26 10.29 10.87 9.88 9.88
1996-08-21 10.1 10.2 9.8 9.8
1996-08-30 9.88 10.05 9.6 9.6
1996-10-08 9.36 9.55 9.18 9.18
1996-11-25 12.8 12.88 11.5 11.5
1996-11-29 12.28 12.4 12.0 12.0
1996-12-02 13.2 13.28 12.3 12.3
1996-12-16 10.71 10.71 10.71 10.71
1996-12-17 9.64 10.3 9.64 9.64
1996-12-18 10.4 10.4 9.21 9.21
1997-01-09 9.72 9.85 9.6 9.6
1997-01-10 9.76 9.78 9.65 9.65
1997-01-15 9.61 9.62 9.5 9.5
1997-02-19 9.85 9.85 9.23 9.23
1997-02-20 9.88 9.98 8.87 8.87
1997-03-10 11.11 11.28 10.71 10.71
1997-03-12 11.39 11.48 11.11 11.11
1997-03-18 12.29 12.49 11.4 11.4
1997-04-07 16.47 16.52 15.71 15.71
1997-04-09 16.45 16.72 15.95 15.95
1997-04-30 18.3 18.5 17.8 17.8
1997-05-05 18.92 19.2 18.4 18.4
1997-05-23 16.02 16.3 15.81 15.81
1997-05-29 9.25 9.64 9.1 9.1
1997-06-09 11.42 11.49 11.0 11.0
1997-06-13 11.22 11.22 9.3 9.3
1997-07-11 10.6 10.6 10.0 10.0
1997-07-25 10.14 10.33 10.02 10.02
1997-07-30 10.12 10.12 9.75 9.75
1997-08-14 9.5 9.5 9.15 9.15
1997-08-19 9.16 9.47 8.88 8.88
1997-09-10 9.27 9.36 9.1 9.1
1997-09-16 8.72 8.8 8.65 8.65
1997-10-06 8.02 8.08 7.9 7.9
1997-10-10 8.38 8.45 8.31 8.31
1997-10-27 10.4 10.4 9.66 9.66
1997-11-18 9.02 9.16 9.0 9.0
1997-11-26 8.49 8.52 8.38 8.38
1997-12-31 8.71 8.78 8.2 8.2
1998-01-05 8.96 9.3 8.8 8.8
1998-03-05 9.12 9.35 9.05 9.05
1998-03-27 9.39 9.5 9.0 9.0
1998-04-01 10.06 10.08 9.35 9.35
1998-04-02 10.4 11.0 10.15 10.15
1998-04-20 10.05 10.23 9.61 9.61
1998-05-13 13.86 13.86 12.7 12.7
1998-06-03 15.48 15.78 15.11 15.11
1998-09-03 11.01 11.3 10.75 10.75
1998-09-04 11.19 11.37 11.05 11.05
1998-09-25 12.67 12.78 12.09 12.09
1998-10-19 13.72 14.11 13.45 13.45
1998-10-27 14.19 14.7 13.89 13.89
1998-11-06 13.88 14.28 13.51 13.51
1998-12-22 12.45 12.5 12.19 12.19
1999-01-22 13.29 13.38 12.8 12.8
1999-03-01 13.03 13.17 12.7 12.7
1999-03-08 13.35 13.5 13.16 13.16
1999-03-31 11.13 11.15 10.71 10.71
1999-04-14 10.15 10.25 10.08 10.08
1999-05-27 12.2 12.4 11.35 11.35
1999-06-14 12.56 12.78 12.2 12.2
1999-06-21 14.77 14.77 13.7 13.7
1999-06-29 18.63 18.63 18.63 18.63
1999-07-20 15.86 15.86 14.5 14.5
1999-07-23 14.8 15.27 14.7 14.7
1999-07-30 15.24 15.4 14.91 14.91
1999-08-24 17.26 17.55 16.91 16.91
1999-09-08 16.34 16.65 16.25 16.25
1999-09-09 17.67 17.81 16.61 16.61
1999-11-05 14.68 15.2 14.45 14.45
1999-11-29 15.41 15.63 15.28 15.28
1999-12-02 16.22 16.35 15.89 15.89
2000-01-17 14.93 15.78 14.4 14.4
2000-02-14 18.32 18.32 16.98 16.98
2000-02-21 20.34 20.34 18.96 18.96
2000-02-28 18.35 18.95 17.8 17.8
2000-02-29 20.19 20.19 18.5 18.5
2000-03-23 19.48 19.88 18.6 18.6
2000-04-06 19.17 19.28 18.58 18.58
2000-04-18 17.43 17.88 17.25 17.25
2000-06-09 17.35 17.75 17.2 17.2
2000-06-22 17.55 17.99 17.3 17.3
2000-06-29 17.79 18.77 17.6 17.6
2000-07-14 15.05 15.2 14.58 14.58
2000-08-02 14.85 14.89 14.7 14.7
2000-09-08 16.39 16.5 15.7 15.7
2000-09-29 15.26 15.26 14.9 14.9
2000-11-10 15.6 15.8 15.25 15.25
2000-11-22 15.4 15.5 15.18 15.18
2000-12-08 15.76 16.15 15.35 15.35
2000-12-25 16.63 17.08 16.3 16.3
2001-01-19 16.47 16.69 16.35 16.35
2001-02-09 15.77 15.85 15.38 15.38
2001-03-07 15.52 15.78 15.46 15.46
2001-04-05 17.07 17.2 16.51 16.51
2001-04-30 18.6 19.37 18.3 18.3
2001-05-30 17.39 17.57 17.24 17.24
2001-06-08 17.8 18.05 17.6 17.6
2001-06-28 18.5 18.65 18.06 18.06
2001-08-01 16.35 16.61 16.05 16.05
2001-08-30 13.9 14.1 13.63 13.63
2001-09-03 13.98 14.04 13.64 13.64
2001-09-12 14.83 15.15 14.01 14.01
2001-09-18 14.83 15.0 14.6 14.6
2001-10-23 12.76 12.76 12.5 12.5
2001-10-29 13.3 13.45 13.0 13.0
2001-11-20 12.92 13.05 12.31 12.31
2001-11-27 13.0 13.0 12.83 12.83
2001-11-28 13.14 13.25 13.01 13.01
2001-12-07 13.22 13.3 13.15 13.15
2001-12-26 12.11 12.31 10.94 10.94
2002-01-14 11.54 11.79 11.48 11.48
2002-06-11 9.03 9.03 8.62 8.62
1992-01-13 86.4 86.4 86.4 86.4
1992-01-14 87.3 87.3 87.3 87.3
1992-01-21 87.3 87.3 87.3 87.3
1992-01-27 87.3 87.3 87.3 87.3
1992-01-28 88.2 88.2 87.3 87.3
1992-01-29 87.3 87.3 87.3 87.3
1992-02-03 88.2 88.2 88.2 88.2
1992-02-11 88.2 88.2 88.2 88.2
1992-02-12 88.2 88.2 88.2 88.2
1992-02-19 88.2 88.2 88.2 88.2
1992-02-27 88.2 88.2 88.2 88.2
1992-03-10 88.2 88.2 88.2 88.2
1992-03-11 88.2 88.2 88.2 88.2
1992-03-18 88.2 88.2 88.2 88.2
1992-03-20 88.2 88.2 88.2 88.2
1992-03-23 88.2 88.2 88.2 88.2
1992-03-24 88.2 88.2 88.2 88.2
1992-04-01 89.1 89.1 88.65 88.65
1992-04-02 89.1 89.1 89.1 89.1
1992-04-16 89.1 89.1 89.1 89.1
1992-04-23 90.0 90.0 90.0 90.0
1992-05-06 94.5 94.5 94.5 94.5
1992-05-07 99.2 99.2 99.2 99.2
1992-05-08 104.2 104.2 104.2 104.2
1992-05-11 109.4 109.4 109.4 109.4
1992-05-12 114.9 114.9 114.9 114.9
1992-05-13 120.6 120.6 120.6 120.6
1992-05-14 126.6 126.6 126.6 126.6
1992-05-15 132.9 132.9 132.9 132.9
1992-05-18 139.5 139.5 139.5 139.5
1992-05-19 146.5 146.5 146.5 146.5
1992-05-20 153.8 153.8 153.8 153.8
1992-05-29 339.95 369.5 305.5 305.5
1992-06-26 355.0 358.0 352.0 352.0
1992-07-24 395.0 397.5 375.03 375.03
1992-08-14 316.5 322.5 296.0 296.0
1992-08-26 319.0 319.0 300.0 300.0
1992-09-11 277.0 310.0 260.0 260.0
1992-10-12 270.5 291.0 262.5 262.5
1992-11-24 158.0 162.0 146.0 146.0
1992-11-25 205.0 205.0 165.0 165.0
1992-12-15 23.45 24.2 22.5 22.5
1992-12-29 25.8 26.05 24.2 24.2
1993-01-20 31.14 31.28 30.19 30.19
1993-02-04 40.9 41.0 37.8 37.8
1993-03-02 37.1 38.7 35.2 35.2
1993-04-01 25.18 25.24 23.1 23.1
1993-04-06 17.7 18.14 14.7 14.7
1993-04-07 19.0 20.8 17.7 17.7
1993-05-13 22.8 22.8 22.0 22.0
1993-05-18 21.29 21.95 21.1 21.1
1993-06-21 17.45 17.8 17.0 17.0
1993-06-22 17.56 19.0 17.4 17.4
1993-06-23 17.62 17.8 17.6 17.6
1993-06-25 17.6 18.0 17.1 17.1
1993-07-05 16.86 17.2 16.5 16.5
1993-07-13 15.0 15.15 14.5 14.5
1993-07-15 14.4 14.79 14.3 14.3
1993-08-03 14.28 14.8 14.11 14.11
1993-08-06 14.7 14.83 14.41 14.41
1993-08-16 19.0 19.0 17.38 17.38
1993-08-25 17.0 17.2 16.6 16.6
1993-09-21 17.29 17.5 17.1 17.1
1993-09-27 17.24 17.88 16.8 16.8
1993-10-07 23.5 26.99 20.02 20.02
1993-10-21 18.6 19.5 18.2 18.2
1993-10-26 22.11 22.5 17.52 17.52
1993-12-23 20.45 21.17 20.2 20.2
1994-02-16 19.0 19.28 19.0 19.0
1994-03-25 17.95 18.38 17.55 17.55
1994-03-29 17.71 17.93 17.68 17.68
1994-04-08 16.78 16.84 16.61 16.61
1994-05-03 13.6 13.74 13.3 13.3
1994-05-13 13.17 13.3 13.02 13.02
1994-05-17 13.28 13.36 13.1 13.1
1994-05-19 13.19 13.19 13.0 13.0
1994-05-24 13.14 13.2 13.02 13.02
1994-06-28 10.25 10.37 10.11 10.11
1994-06-29 10.25 10.28 10.15 10.15
1994-08-03 7.15 7.25 5.61 5.61
1994-08-30 11.3 11.8 10.69 10.69
1994-09-21 16.75 16.75 15.8 15.8
1994-10-12 12.29 12.45 12.0 12.0
1994-10-18 10.51 11.25 10.38 10.38
1994-10-27 11.85 11.88 11.41 11.41
1994-11-29 12.1 12.48 11.53 11.53
1994-12-15 11.81 11.96 11.12 11.12
1994-12-20 11.6 11.88 11.5 11.5
1994-12-21 11.7 12.15 11.5 11.5
1995-01-03 11.1 11.28 10.6 10.6
1995-01-25 9.35 9.5 9.21 9.21
1995-02-09 9.05 9.15 8.75 8.75
1995-03-03 9.44 9.54 9.16 9.16
1995-03-21 9.75 9.78 9.41 9.41
1995-03-23 10.17 10.45 10.0 10.0
1995-04-03 11.27 11.45 10.9 10.9
1995-04-21 10.59 10.79 10.5 10.5
1995-05-05 9.5 9.65 9.4 9.4
1995-05-12 9.76 9.9 9.45 9.45
1995-05-16 9.74 9.89 9.66 9.66
1995-06-02 12.46 12.59 12.4 12.4
1995-06-16 11.48 11.6 11.38 11.38
1995-06-23 11.36 11.36 11.2 11.2
1995-06-26 11.4 11.4 11.25 11.25
1995-07-07 9.32 9.35 8.99 8.99
1995-07-12 9.18 9.25 9.08 9.08
1995-07-20 9.2 9.35 9.18 9.18
1995-07-31 9.34 9.45 9.15 9.15
1995-08-03 10.03 10.08 9.6 9.6
1995-08-08 9.76 9.9 9.48 9.48
1995-08-14 10.1 10.34 9.6 9.6
1995-08-17 9.75 9.99 9.7 9.7
1995-09-11 9.55 9.58 9.22 9.22
1995-09-15 9.38 9.5 9.31 9.31
1995-09-28 9.55 9.55 9.43 9.43
1995-09-29 9.56 9.7 9.51 9.51
1995-10-20 10.48 10.54 9.85 9.85
1995-10-31 10.48 10.48 10.25 10.25
1995-11-14 10.45 10.54 10.4 10.4
1995-11-30 10.5 10.6 10.43 10.43
1995-12-11 11.5 11.97 11.02 11.02
1996-01-24 8.33 8.48 8.15 8.15
1996-01-29 8.49 8.74 8.31 8.31
1996-02-09 8.2 8.22 8.11 8.11
1996-02-13 8.28 8.32 8.2 8.2
1996-03-14 9.01 9.14 8.78 8.78
1996-03-18 9.39 9.47 9.18 9.18
1996-04-26 11.7 12.0 10.92 10.92
1996-06-07 10.8 11.1 10.6 10.6
1996-06-26 9.75 9.75 9.55 9.55
1996-07-26 10.29 10.87 9.88 9.88
1996-08-21 10.1 10.2 9.8 9.8
1996-08-30 9.88 10.05 9.6 9.6
1996-10-08 9.36 9.55 9.18 9.18
1996-11-25 12.8 12.88 11.5 11.5
1996-11-29 12.28 12.4 12.0 12.0
1996-12-02 13.2 13.28 12.3 12.3
1996-12-16 10.71 10.71 10.71 10.71
1996-12-17 9.64 10.3 9.64 9.64
1996-12-18 10.4 10.4 9.21 9.21
1997-01-09 9.72 9.85 9.6 9.6
1997-01-10 9.76 9.78 9.65 9.65
1997-01-15 9.61 9.62 9.5 9.5
1997-02-19 9.85 9.85 9.23 9.23
1997-02-20 9.88 9.98 8.87 8.87
1997-03-10 11.11 11.28 10.71 10.71
1997-03-12 11.39 11.48 11.11 11.11
1997-03-18 12.29 12.49 11.4 11.4
1997-04-07 16.47 16.52 15.71 15.71
1997-04-09 16.45 16.72 15.95 15.95
1997-04-30 18.3 18.5 17.8 17.8
1997-05-05 18.92 19.2 18.4 18.4
1997-05-23 16.02 16.3 15.81 15.81
1997-05-29 9.25 9.64 9.1 9.1
1997-06-09 11.42 11.49 11.0 11.0
1997-06-13 11.22 11.22 9.3 9.3
1997-07-11 10.6 10.6 10.0 10.0
1997-07-25 10.14 10.33 10.02 10.02
1997-07-30 10.12 10.12 9.75 9.75
1997-08-14 9.5 9.5 9.15 9.15
1997-08-19 9.16 9.47 8.88 8.88
1997-09-10 9.27 9.36 9.1 9.1
1997-09-16 8.72 8.8 8.65 8.65
1997-10-06 8.02 8.08 7.9 7.9
1997-10-10 8.38 8.45 8.31 8.31
1997-10-27 10.4 10.4 9.66 9.66
1997-11-18 9.02 9.16 9.0 9.0
1997-11-26 8.49 8.52 8.38 8.38
1997-12-31 8.71 8.78 8.2 8.2
1998-01-05 8.96 9.3 8.8 8.8
1998-03-05 9.12 9.35 9.05 9.05
1998-03-27 9.39 9.5 9.0 9.0
1998-04-01 10.06 10.08 9.35 9.35
1998-04-02 10.4 11.0 10.15 10.15
1998-04-20 10.05 10.23 9.61 9.61
1998-05-13 13.86 13.86 12.7 12.7
1998-06-03 15.48 15.78 15.11 15.11
1998-09-03 11.01 11.3 10.75 10.75
1998-09-04 11.19 11.37 11.05 11.05
1998-09-25 12.67 12.78 12.09 12.09
1998-10-19 13.72 14.11 13.45 13.45
1998-10-27 14.19 14.7 13.89 13.89
1998-11-06 13.88 14.28 13.51 13.51
1998-12-22 12.45 12.5 12.19 12.19
1999-01-22 13.29 13.38 12.8 12.8
1999-03-01 13.03 13.17 12.7 12.7
1999-03-08 13.35 13.5 13.16 13.16
1999-03-31 11.13 11.15 10.71 10.71
1999-04-14 10.15 10.25 10.08 10.08
1999-05-27 12.2 12.4 11.35 11.35
1999-06-14 12.56 12.78 12.2 12.2
1999-06-21 14.77 14.77 13.7 13.7
1999-06-29 18.63 18.63 18.63 18.63
1999-07-20 15.86 15.86 14.5 14.5
1999-07-23 14.8 15.27 14.7 14.7
1999-07-30 15.24 15.4 14.91 14.91
1999-08-24 17.26 17.55 16.91 16.91
1999-09-08 16.34 16.65 16.25 16.25
1999-09-09 17.67 17.81 16.61 16.61
1999-11-05 14.68 15.2 14.45 14.45
1999-11-29 15.41 15.63 15.28 15.28
1999-12-02 16.22 16.35 15.89 15.89
2000-01-17 14.93 15.78 14.4 14.4
2000-02-14 18.32 18.32 16.98 16.98
2000-02-21 20.34 20.34 18.96 18.96
2000-02-28 18.35 18.95 17.8 17.8
2000-02-29 20.19 20.19 18.5 18.5
2000-03-23 19.48 19.88 18.6 18.6
2000-04-06 19.17 19.28 18.58 18.58
2000-04-18 17.43 17.88 17.25 17.25
2000-06-09 17.35 17.75 17.2 17.2
2000-06-22 17.55 17.99 17.3 17.3
2000-06-29 17.79 18.77 17.6 17.6
2000-07-14 15.05 15.2 14.58 14.58
2000-08-02 14.85 14.89 14.7 14.7
2000-09-08 16.39 16.5 15.7 15.7
2000-09-29 15.26 15.26 14.9 14.9
2000-11-10 15.6 15.8 15.25 15.25
2000-11-22 15.4 15.5 15.18 15.18
2000-12-08 15.76 16.15 15.35 15.35
2000-12-25 16.63 17.08 16.3 16.3
2001-01-19 16.47 16.69 16.35 16.35
2001-02-09 15.77 15.85 15.38 15.38
2001-03-07 15.52 15.78 15.46 15.46
2001-04-05 17.07 17.2 16.51 16.51
2001-04-30 18.6 19.37 18.3 18.3
2001-05-30 17.39 17.57 17.24 17.24
2001-06-08 17.8 18.05 17.6 17.6
2001-06-28 18.5 18.65 18.06 18.06
2001-08-01 16.35 16.61 16.05 16.05
2001-08-30 13.9 14.1 13.63 13.63
2001-09-03 13.98 14.04 13.64 13.64
2001-09-12 14.83 15.15 14.01 14.01
2001-09-18 14.83 15.0 14.6 14.6
2001-10-23 12.76 12.76 12.5 12.5
2001-10-29 13.3 13.45 13.0 13.0
2001-11-20 12.92 13.05 12.31 12.31
2001-11-27 13.0 13.0 12.83 12.83
2001-11-28 13.14 13.25 13.01 13.01
2001-12-07 13.22 13.3 13.15 13.15
2001-12-26 12.11 12.31 10.94 10.94
2002-01-14 11.54 11.79 11.48 11.48
2002-06-11 9.03 9.03 8.62 8.62
2012-05-28 8.86 8.86 8.86 8.86
2012-05-29 8.42 8.42 8.42 8.42
2012-05-30 8.0 8.0 8.0 8.0
2012-05-31 7.6 7.6 7.6 7.6
2012-06-01 7.22 7.22 7.22 7.22
2012-06-04 6.86 6.86 6.86 6.86
2012-06-05 6.52 6.52 6.52 6.52
2012-06-06 6.19 6.19 6.19 6.19
2012-06-07 5.88 5.88 5.88 5.88
2012-06-08 5.69 6.07 5.59 5.59
2012-06-12 5.76 5.76 5.4 5.4
2012-06-15 6.23 6.23 5.75 5.75
2012-06-26 5.95 6.5 5.92 5.92
2012-07-16 5.5 5.51 5.19 5.19
2012-07-25 5.22 5.26 5.18 5.18
2012-07-30 4.82 4.82 4.82 4.82
2012-07-31 4.58 4.58 4.58 4.58
2012-08-01 4.35 4.43 4.35 4.35
2012-08-21 4.11 4.15 4.0 4.0
2012-08-22 4.31 4.32 4.07 4.07
2012-09-27 3.99 4.0 3.88 3.88
2012-10-18 4.57 4.64 4.53 4.53
2012-10-31 4.49 4.59 4.38 4.38
2012-11-09 4.78 4.78 4.53 4.53
2012-12-03 3.76 3.84 3.76 3.76
2012-12-14 4.1 4.1 3.91 3.91
2013-02-22 5.11 5.18 5.05 5.05
2013-04-01 5.84 5.92 5.8 5.8
2013-04-12 5.89 6.0 5.84 5.84
2013-05-03 5.13 5.2 5.0 5.0
2013-05-06 5.26 5.33 5.11 5.11
2013-05-30 5.61 5.62 5.53 5.53
2013-06-14 5.43 5.48 5.23 5.23
2013-06-18 5.56 5.59 5.43 5.43
2013-07-01 4.85 4.86 4.65 4.65
2013-07-11 4.94 4.98 4.85 4.85
2013-08-26 5.7 5.77 5.56 5.56
2013-09-16 5.51 5.59 5.42 5.42
2014-01-16 5.0 5.07 5.0 5.0
2014-01-23 5.13 5.17 5.09 5.09
2014-01-29 5.14 5.19 5.08 5.08
2014-02-14 5.7 5.72 5.57 5.57
2014-02-17 5.87 5.9 5.71 5.71
2014-04-22 6.62 6.74 6.56 6.56
2014-04-24 6.85 7.06 6.54 6.54
2014-05-21 6.26 6.28 6.18 6.18
2014-05-22 6.3 6.36 6.22 6.22
2014-05-26 6.4 6.55 6.33 6.33
2014-07-31 7.84 7.84 7.84 7.84
2014-08-01 8.62 8.62 8.62 8.62
2014-08-08 8.19 8.29 8.11 8.11
2014-08-25 8.43 8.63 8.35 8.35
2014-09-05 8.92 9.08 8.73 8.73
2014-09-11 9.15 9.39 9.0 9.0
2014-09-15 9.54 9.65 9.18 9.18
2014-09-29 10.0 10.16 9.51 9.51
2014-10-24 9.42 9.57 9.18 9.18
2014-10-28 10.0 10.04 9.56 9.56
2014-11-18 9.45 9.63 9.26 9.26
2014-11-25 9.5 9.51 9.37 9.37
2014-12-02 9.4 9.47 9.25 9.25
2014-12-12 9.02 9.09 8.68 8.68
2015-02-16 8.64 8.67 8.43 8.43
2015-03-06 9.38 9.66 9.0 9.0
2015-03-16 10.84 11.16 10.28 10.28
2015-03-27 13.63 13.72 12.83 12.83
2015-04-01 13.78 13.88 13.5 13.5
2015-04-17 14.58 15.2 14.23 14.23
2015-04-21 14.22 14.38 13.2 13.2
2015-05-08 13.57 13.63 12.81 12.81
2015-05-11 14.5 14.82 13.7 13.7
2015-05-18 16.11 16.53 15.19 15.19
2015-06-01 20.12 20.14 18.52 18.52
2015-06-02 22.13 22.13 20.0 20.0
2015-07-03 12.31 12.98 12.31 12.31
2015-07-07 9.97 9.97 9.97 9.97
2015-07-08 8.97 8.97 8.97 8.97
2015-07-13 9.87 9.87 9.87 9.87
2015-07-14 10.86 10.86 10.86 10.86
2015-07-16 12.02 12.15 10.46 10.46
2015-07-28 12.03 13.01 11.89 11.89
2015-08-07 12.6 12.6 11.55 11.55
2015-08-17 15.53 16.28 15.25 15.25
2015-09-09 12.47 12.47 12.47 12.47
2016-01-14 13.55 13.55 13.55 13.55
2016-01-15 14.91 14.91 14.91 14.91
2016-02-15 13.8 13.8 13.8 13.8
2016-02-16 13.35 13.8 13.11 13.11
2016-03-18 12.31 12.53 12.06 12.06
2016-03-28 12.85 13.25 12.63 12.63
2016-04-27 13.4 13.72 13.27 13.27
2016-05-25 11.71 11.87 11.6 11.6
2016-06-06 12.26 12.26 12.26 12.26
2016-06-07 12.87 12.87 12.87 12.87
2016-06-15 12.08 12.17 11.72 11.72
2016-06-17 12.08 12.18 12.02 12.02
2016-07-26 12.19 12.28 12.12 12.12
2016-07-29 12.4 12.62 12.03 12.03
2016-08-04 12.62 12.7 12.45 12.45
2016-09-08 14.09 14.5 13.78 13.78
2016-09-14 14.27 14.42 13.96 13.96
2016-09-19 14.55 14.69 14.3 14.3
2016-09-23 14.79 14.85 14.65 14.65
2016-10-24 14.01 14.15 13.91 13.91
2016-11-08 14.21 14.3 14.07 14.07
2016-11-22 14.91 15.0 14.81 14.81
2017-01-10 14.7 14.74 14.65 14.65
2017-01-20 12.97 13.09 12.7 12.7
2017-01-25 13.46 13.65 13.41 13.41
2017-01-26 13.72 13.82 13.48 13.48
2017-02-10 14.32 14.43 13.97 13.97
2017-02-16 14.92 14.96 14.33 14.33
2017-03-29 18.0 19.33 17.8 17.8
2017-05-17 13.28 13.44 13.23 13.23
2017-08-03 11.72 11.74 11.22 11.22
2017-08-15 12.29 12.34 11.79 11.79
