1994-04-01 12.44 12.55 12.25 12.25
1994-05-24 10.19 10.19 10.0 10.0
1994-05-31 9.56 9.56 9.2 9.2
1994-06-08 9.02 9.06 8.75 8.75
1994-07-13 6.73 6.77 6.6 6.6
1994-10-19 15.8 15.88 15.1 15.1
1994-10-20 18.19 18.35 16.0 16.0
1994-11-07 16.7 17.0 15.8 15.8
1995-01-04 17.7 17.94 17.32 17.32
1995-01-27 15.4 15.49 15.0 15.0
1995-04-25 17.9 18.15 17.71 17.71
1995-05-03 16.62 16.9 16.5 16.5
1995-05-19 25.25 25.8 22.0 22.0
1995-06-19 17.27 17.45 16.98 16.98
1995-06-20 17.3 17.49 17.19 17.19
1995-06-21 17.56 17.6 17.18 17.18
1995-06-23 17.79 17.85 17.4 17.4
1995-06-30 17.38 17.5 17.0 17.0
1995-07-03 17.53 17.64 17.05 17.05
1995-07-07 18.5 18.5 17.8 17.8
1995-07-12 18.19 18.24 18.0 18.0
1995-07-17 18.71 19.2 18.0 18.0
1995-07-20 18.13 18.3 18.11 18.11
1995-07-26 17.8 18.38 17.8 17.8
1995-08-01 18.36 18.4 17.68 17.68
1995-08-03 18.45 18.45 18.01 18.01
1995-08-28 18.29 18.49 18.08 18.08
1995-09-27 11.35 11.7 11.3 11.3
1995-09-29 11.72 11.88 11.42 11.42
1995-10-05 11.7 11.7 11.3 11.3
1995-10-13 11.42 11.61 11.15 11.15
1995-11-03 11.98 12.0 11.81 11.81
1995-11-09 11.8 11.85 11.5 11.5
1995-12-18 10.69 10.7 10.6 10.6
1996-01-03 9.68 10.84 9.4 9.4
1996-01-04 9.82 9.95 9.7 9.7
1996-01-09 9.64 9.64 9.45 9.45
1996-01-24 8.85 8.9 8.72 8.72
1996-01-26 8.74 8.84 8.31 8.31
1996-01-29 8.74 8.88 8.47 8.47
1996-02-06 8.69 8.76 8.58 8.58
1996-02-12 8.87 8.87 8.63 8.63
1996-02-15 9.06 9.1 8.9 8.9
1996-02-16 9.5 9.5 9.09 9.09
1996-03-04 10.3 10.6 9.8 9.8
1996-03-20 9.5 9.56 9.5 9.5
1996-03-21 9.51 9.56 9.5 9.5
1996-03-29 9.23 9.28 9.1 9.1
1996-04-03 9.32 9.5 9.28 9.28
1996-04-04 9.43 9.45 9.32 9.32
1996-04-05 10.1 10.2 9.38 9.38
1996-04-11 10.22 10.25 10.1 10.1
1996-04-12 10.4 10.6 10.35 10.35
1996-04-15 10.32 10.5 10.3 10.3
1996-04-16 10.43 10.5 10.32 10.32
1996-04-19 10.72 10.8 10.53 10.53
1996-04-23 10.54 10.7 10.38 10.38
1996-04-24 11.1 11.15 10.55 10.55
1996-04-29 13.0 13.4 12.65 12.65
1996-05-06 11.29 11.45 11.02 11.02
1996-05-09 11.0 11.26 11.0 11.0
1996-05-13 11.12 11.2 11.1 11.1
1996-05-31 10.56 10.9 10.4 10.4
1996-06-04 10.5 10.75 10.28 10.28
1996-06-05 11.4 11.5 10.5 10.5
1996-07-18 10.84 11.06 10.68 10.68
1996-07-22 12.4 13.0 12.01 12.01
1996-07-29 11.58 11.59 11.36 11.36
1996-08-12 12.45 12.74 12.3 12.3
1996-08-20 11.45 11.5 11.15 11.15
1996-10-11 11.57 11.57 11.15 11.15
1996-11-18 11.37 11.38 10.7 10.7
1996-12-03 12.56 13.2 12.5 12.5
1996-12-17 9.74 10.44 9.74 9.74
1997-01-15 11.5 11.5 11.18 11.18
1997-01-29 9.44 9.44 9.3 9.3
1997-02-20 10.0 10.14 8.91 8.91
1997-02-28 10.12 10.12 9.78 9.78
1997-03-31 11.6 11.6 11.15 11.15
1997-05-16 11.43 12.3 11.43 11.43
1997-05-23 10.32 10.5 10.15 10.15
1997-09-17 8.55 8.68 8.45 8.45
1997-09-19 8.55 8.69 8.5 8.5
1997-11-04 8.22 8.32 8.15 8.15
1997-11-07 8.28 8.28 8.18 8.18
1997-11-14 8.5 8.7 8.1 8.1
1997-12-23 8.7 8.88 8.6 8.6
1997-12-31 9.38 10.16 9.21 9.21
1998-01-21 9.2 9.25 9.02 9.02
1998-03-17 10.06 10.2 9.85 9.85
1998-03-20 10.45 10.54 9.9 9.9
1998-03-26 11.6 11.94 10.95 10.95
1998-04-22 15.9 16.2 15.5 15.5
1998-05-19 17.61 17.65 17.11 17.11
1998-06-18 17.45 17.94 17.4 17.4
1998-08-24 18.03 18.04 17.68 17.68
1999-04-12 10.24 10.28 9.9 9.9
1999-04-20 10.32 10.52 10.1 10.1
1999-05-27 11.95 11.98 10.7 10.7
1999-07-23 11.35 11.59 11.08 11.08
1999-07-26 11.67 11.85 11.38 11.38
1999-08-02 11.35 11.6 11.25 11.25
1999-08-24 11.5 11.75 11.35 11.35
1999-09-08 11.02 11.24 10.8 10.8
1999-09-09 11.58 11.6 11.11 11.11
1999-09-14 11.55 11.65 11.45 11.45
1999-10-22 9.85 9.97 9.61 9.61
1999-10-26 10.3 10.57 10.15 10.15
1999-11-03 10.08 10.29 10.04 10.04
2000-01-07 9.9 10.07 9.63 9.63
2000-01-17 9.37 9.58 8.49 8.49
2000-02-14 11.21 11.21 10.6 10.6
2000-03-24 9.48 9.7 9.33 9.33
2000-03-27 9.66 9.73 9.5 9.5
2000-04-03 10.58 10.78 10.28 10.28
2000-04-24 10.99 11.1 10.8 10.8
2000-05-18 9.9 9.95 9.63 9.63
2000-05-22 10.25 10.34 9.98 9.98
2000-05-25 10.51 10.72 10.4 10.4
2000-06-15 11.17 11.29 11.09 11.09
2000-06-19 11.22 11.39 11.02 11.02
2000-07-11 11.0 11.12 10.92 10.92
2000-07-12 11.09 11.14 11.0 11.0
2000-07-17 11.51 11.8 11.2 11.2
2000-07-25 11.61 11.75 11.48 11.48
2000-07-26 11.96 11.98 11.63 11.63
2000-08-08 12.2 12.5 11.65 11.65
2000-08-14 12.71 12.92 12.55 12.55
2000-09-26 10.31 10.37 10.21 10.21
2000-09-29 10.49 10.53 10.43 10.43
2000-10-09 10.68 10.7 10.5 10.5
2000-10-17 10.48 10.48 10.28 10.28
2000-10-19 10.49 10.65 10.48 10.48
2000-11-13 11.5 11.59 11.25 11.25
2000-12-08 11.83 12.0 11.68 11.68
2000-12-12 12.2 12.28 11.8 11.8
2001-01-02 12.6 12.68 12.4 12.4
2001-01-04 13.04 13.15 12.6 12.6
2001-02-09 12.0 12.05 11.81 11.81
2001-03-21 14.21 14.35 13.61 13.61
2001-06-21 11.2 11.24 11.18 11.18
2001-11-05 10.93 11.05 10.78 10.78
2001-12-03 11.37 11.5 11.15 11.15
2001-12-06 10.63 10.65 10.45 10.45
2002-06-18 8.91 8.96 8.69 8.69
2002-06-20 9.03 9.15 8.81 8.81
2002-06-21 9.44 9.54 9.1 9.1
2002-06-27 10.32 10.47 10.18 10.18
2003-01-27 7.26 7.3 7.16 7.16
2003-02-13 7.4 7.5 7.39 7.39
2003-03-04 7.45 7.5 7.4 7.4
2003-05-14 6.79 6.82 6.65 6.65
2003-07-14 6.96 7.03 6.95 6.95
2003-11-19 5.28 5.36 5.22 5.22
2003-12-01 5.67 5.71 5.56 5.56
2004-01-13 6.25 6.26 6.05 6.05
2004-01-14 6.37 6.51 6.3 6.3
2004-01-29 6.59 6.6 6.41 6.41
2004-04-02 6.75 6.84 6.6 6.6
2004-04-21 6.28 6.34 6.25 6.25
2004-04-28 5.96 6.04 5.88 5.88
2004-05-12 5.85 5.86 5.66 5.66
2004-05-18 5.92 5.94 5.72 5.72
2004-08-04 4.66 4.71 4.55 4.55
2004-08-10 4.68 4.68 4.61 4.61
2004-09-23 5.18 5.19 4.73 4.73
2004-11-19 4.49 4.52 4.42 4.42
2004-11-24 4.53 4.6 4.5 4.5
2004-11-26 4.45 4.51 4.45 4.45
2004-11-30 4.38 4.4 4.35 4.35
2004-12-08 4.36 4.42 4.35 4.35
2005-02-18 3.96 4.08 3.88 3.88
2005-04-07 3.63 3.67 3.55 3.55
2005-04-13 3.66 3.69 3.6 3.6
2005-04-19 3.48 3.48 3.44 3.44
2005-04-26 3.28 3.29 3.2 3.2
2005-05-27 3.32 3.4 3.29 3.29
2005-08-01 2.95 2.96 2.92 2.92
2005-08-03 3.04 3.1 3.0 3.0
2005-08-05 3.1 3.1 3.0 3.0
2005-10-12 3.76 3.82 3.65 3.65
2007-01-11 5.94 6.3 5.72 5.72
2007-01-16 6.73 6.74 6.13 6.13
2007-01-19 7.2 7.45 7.01 7.01
2007-04-03 10.02 10.09 9.47 9.47
2007-04-04 10.26 10.6 10.1 10.1
2007-04-10 11.8 11.8 10.99 10.99
2007-04-16 11.61 11.7 11.26 11.26
2007-04-18 12.55 12.68 11.6 11.6
2007-04-23 12.5 12.66 11.95 11.95
2007-07-25 13.85 13.94 13.6 13.6
2007-08-16 14.96 15.51 14.8 14.8
2007-08-20 16.07 16.07 15.05 15.05
2007-12-25 15.39 15.73 15.13 15.13
2008-06-25 8.69 8.77 8.1 8.1
2008-08-20 9.23 9.26 8.37 8.37
2008-08-25 9.47 9.51 9.08 9.08
2009-06-17 11.92 11.98 11.76 11.76
2009-10-14 13.43 13.45 13.1 13.1
2010-03-08 13.01 13.11 12.84 12.84
2010-07-27 9.71 9.88 9.55 9.55
2010-08-02 10.62 10.65 10.05 10.05
2010-08-09 10.76 10.93 10.51 10.51
2010-08-11 10.4 10.46 10.2 10.2
2012-02-06 8.12 8.13 8.05 8.05
2012-03-08 8.42 8.43 8.3 8.3
2012-06-20 9.27 9.28 9.02 9.02
2012-08-03 7.81 7.81 7.65 7.65
2012-11-09 8.09 8.1 7.78 7.78
2013-05-10 8.93 8.93 8.8 8.8
2013-07-11 7.85 7.97 7.48 7.48
2013-08-15 8.44 8.58 8.42 8.42
2013-09-30 8.8 8.89 8.76 8.76
2013-10-14 9.28 9.52 9.19 9.19
2014-01-29 8.56 8.61 8.55 8.55
2014-08-18 5.6 5.64 5.46 5.46
2015-01-21 7.82 7.87 7.54 7.54
2015-01-26 8.33 8.43 7.83 7.83
2015-02-17 8.57 8.68 8.18 8.18
2015-03-16 9.89 9.95 9.58 9.58
2015-04-07 11.79 11.99 11.36 11.36
2015-04-10 13.64 13.64 12.49 12.49
2015-05-27 20.87 20.87 19.06 19.06
2015-07-09 8.93 8.93 7.31 7.31
2015-08-13 16.4 16.82 15.6 15.6
2015-12-10 10.62 10.87 10.4 10.4
2016-04-19 9.84 9.98 9.76 9.76
2016-12-14 10.22 10.32 10.11 10.11
2016-12-16 10.45 10.45 10.17 10.17
2017-02-15 11.98 12.24 11.8 11.8
2017-08-17 9.6 9.62 9.44 9.44
