1998-06-26 11.92 12.08 11.0 11.0
1998-07-08 10.56 10.73 10.31 10.31
1998-08-19 8.63 8.75 8.04 8.04
1998-09-03 9.09 9.24 8.91 8.91
1998-09-04 9.15 9.23 9.05 9.05
1998-09-07 9.47 9.49 9.29 9.29
1998-09-11 9.53 9.75 9.0 9.0
1998-10-05 9.37 9.5 9.31 9.31
1998-10-16 9.79 10.1 9.7 9.7
1998-11-05 10.11 10.15 9.72 9.72
1998-11-30 9.6 9.75 9.25 9.25
1998-12-28 9.22 9.3 9.2 9.2
1998-12-30 9.3 9.35 9.1 9.1
1999-01-08 9.18 9.3 8.9 8.9
1999-02-03 8.52 8.6 8.46 8.46
1999-02-08 8.17 8.38 8.08 8.08
1999-03-02 8.21 8.25 8.06 8.06
1999-03-05 8.39 8.42 8.3 8.3
1999-03-08 8.54 8.55 8.35 8.35
1999-03-11 8.41 8.58 8.29 8.29
1999-03-18 8.37 8.55 8.32 8.32
1999-03-19 8.58 8.58 8.35 8.35
1999-03-22 8.84 8.97 8.68 8.68
1999-04-07 8.6 8.7 8.51 8.51
1999-04-16 8.49 8.55 8.27 8.27
1999-05-11 7.7 7.89 7.65 7.65
1999-05-27 8.4 8.4 8.1 8.1
1999-06-07 8.35 8.45 8.1 8.1
1999-06-14 9.05 9.06 8.63 8.63
1999-06-16 9.04 9.05 8.65 8.65
1999-06-28 11.25 11.25 10.55 10.55
1999-07-05 11.89 11.98 10.9 10.9
1999-08-02 11.81 12.18 11.44 11.44
1999-08-17 11.15 11.4 11.1 11.1
1999-09-13 11.9 12.1 11.71 11.71
1999-10-22 10.58 10.95 10.15 10.15
1999-11-26 9.81 9.95 9.75 9.75
1999-12-10 9.45 9.5 9.28 9.28
1999-12-15 10.1 10.1 9.3 9.3
1999-12-24 10.6 10.85 10.37 10.37
1999-12-27 11.08 11.19 10.7 10.7
2000-01-04 11.85 11.9 10.81 10.81
2000-01-17 11.9 11.95 11.4 11.4
2000-01-28 14.09 14.1 13.0 13.0
2000-03-22 13.12 13.48 12.88 12.88
2000-04-18 12.94 13.11 12.79 12.79
2000-04-19 13.22 13.23 12.9 12.9
2000-04-25 12.87 12.94 12.8 12.8
2000-04-26 12.9 13.0 12.87 12.87
2000-05-22 12.69 12.8 12.31 12.31
2000-06-05 12.89 13.17 12.7 12.7
2000-06-06 13.3 13.39 13.0 13.0
2000-06-13 13.56 13.97 13.1 13.1
2000-06-21 13.22 13.41 13.14 13.14
2000-06-22 13.4 13.55 13.23 13.23
2000-07-10 13.47 13.49 13.1 13.1
2000-07-17 13.94 14.47 13.88 13.88
2000-07-28 13.5 13.6 13.46 13.46
2000-08-16 14.4 14.4 14.18 14.18
2000-09-07 12.55 12.77 12.45 12.45
2000-09-26 12.25 12.28 12.13 12.13
2000-09-27 12.36 12.45 12.25 12.25
2000-10-18 12.38 12.42 12.16 12.16
2000-10-25 12.61 12.7 12.5 12.5
2000-11-01 12.48 12.5 12.3 12.3
2000-11-02 13.16 13.7 12.61 12.61
2000-11-08 13.3 13.3 13.1 13.1
2000-11-23 13.59 13.67 13.32 13.32
2000-12-13 13.28 13.3 13.01 13.01
2000-12-15 13.42 13.45 13.25 13.25
2000-12-21 13.66 13.88 13.61 13.61
2000-12-25 13.65 13.79 13.5 13.5
2001-01-10 13.9 13.94 13.72 13.72
2001-01-11 14.1 14.31 13.92 13.92
2001-01-19 13.69 13.71 13.63 13.63
2001-02-09 13.16 13.2 13.02 13.02
2001-02-13 13.08 13.14 13.0 13.0
2001-02-23 12.87 12.87 12.58 12.58
2001-03-02 13.11 13.14 13.01 13.01
2001-03-12 13.34 13.38 13.2 13.2
2001-03-20 13.91 14.06 13.8 13.8
2001-03-26 13.75 13.76 13.4 13.4
2001-04-24 13.59 13.68 13.5 13.5
2001-04-27 13.55 13.64 13.4 13.4
2001-05-21 14.41 14.67 14.36 14.36
2001-05-25 14.85 14.96 14.26 14.26
2001-05-30 15.19 15.42 15.02 15.02
2001-06-06 15.0 15.25 14.85 14.85
2001-06-21 14.47 14.5 14.2 14.2
2001-07-02 14.42 14.6 14.4 14.4
2001-07-09 14.1 14.15 14.02 14.02
2001-07-10 14.3 14.3 14.1 14.1
2001-07-13 13.86 14.05 13.8 13.8
2001-08-10 11.98 12.0 11.8 11.8
2001-08-21 12.3 12.32 11.7 11.7
2001-09-14 11.41 11.66 11.07 11.07
2001-09-18 11.41 11.6 11.2 11.2
2001-10-29 10.22 10.25 10.0 10.0
2001-11-20 10.36 10.44 10.1 10.1
2001-11-22 10.82 11.0 10.44 10.44
2001-12-03 11.07 11.17 11.0 11.0
2001-12-19 10.45 10.68 10.38 10.38
2001-12-28 10.25 10.29 10.16 10.16
2002-01-31 8.76 8.79 8.01 8.01
2002-02-07 8.92 9.05 8.65 8.65
2002-03-07 9.58 9.6 9.28 9.28
2002-04-10 10.02 10.38 9.9 9.9
2002-06-06 8.9 9.0 8.48 8.48
2002-06-10 9.18 9.22 8.96 8.96
2002-06-20 9.09 9.21 9.02 9.02
2002-06-21 9.35 9.39 9.1 9.1
2002-07-23 9.85 9.89 9.75 9.75
2002-08-05 9.66 9.7 9.58 9.58
2002-08-08 9.67 9.7 9.66 9.66
2002-08-19 9.62 9.64 9.47 9.47
2002-09-23 9.58 9.62 9.57 9.57
2002-10-16 9.2 9.28 9.16 9.16
2002-10-21 9.09 9.15 8.71 8.71
2002-10-29 8.84 8.85 8.7 8.7
2002-10-30 8.82 8.9 8.75 8.75
2002-11-01 8.85 8.9 8.8 8.8
2002-11-15 8.38 8.42 8.25 8.25
2002-11-19 8.53 9.1 8.25 8.25
2002-11-21 8.06 8.2 7.98 7.98
2002-12-16 7.85 7.91 7.79 7.79
2002-12-23 8.13 8.21 8.1 8.1
2003-01-03 7.39 7.42 7.32 7.32
2003-01-06 7.49 7.49 7.2 7.2
2003-01-08 7.66 7.7 7.45 7.45
2003-01-24 8.03 8.04 7.88 7.88
2003-02-25 8.17 8.27 8.08 8.08
2003-03-04 8.25 8.29 8.2 8.2
2003-03-11 7.86 7.9 7.85 7.85
2003-03-13 7.87 7.9 7.85 7.85
2003-07-01 7.85 7.85 7.8 7.8
2003-07-02 7.87 7.88 7.78 7.78
2003-07-10 7.9 7.9 7.78 7.78
2003-07-16 7.81 7.82 7.77 7.77
2003-07-29 7.56 7.61 7.36 7.36
2003-08-19 7.49 7.5 7.37 7.37
2003-08-29 7.19 7.21 7.15 7.15
2003-09-01 7.28 7.29 7.2 7.2
2003-09-11 7.2 7.25 7.18 7.18
2003-09-23 6.82 6.84 6.7 6.7
2003-09-30 6.79 6.83 6.52 6.52
2003-10-27 7.03 7.05 6.82 6.82
2003-11-17 6.28 6.3 6.2 6.2
2003-11-19 6.28 6.31 6.14 6.14
2003-11-24 6.6 6.61 6.42 6.42
2003-11-28 6.78 6.84 6.5 6.5
2003-12-18 7.14 7.21 7.05 7.05
2004-01-12 7.55 7.55 7.32 7.32
2004-02-09 7.91 7.93 7.69 7.69
2004-02-16 7.81 7.82 7.62 7.62
2004-02-27 8.25 8.29 7.91 7.91
2004-03-02 8.2 8.33 8.2 8.2
2004-03-04 8.11 8.18 7.99 7.99
2004-03-26 8.09 8.1 7.92 7.92
2004-04-01 8.5 8.56 8.21 8.21
2004-04-20 8.6 8.61 8.43 8.43
2004-05-12 8.1 8.16 7.93 7.93
2004-05-17 7.98 8.1 7.93 7.93
2004-07-13 6.82 6.87 6.73 6.73
2004-08-03 7.02 7.03 6.9 6.9
2004-08-12 6.87 6.92 6.82 6.82
2004-08-25 6.93 7.0 6.89 6.89
2004-09-03 7.01 7.15 6.9 6.9
2004-09-06 7.02 7.02 6.97 6.97
2004-09-15 7.27 7.5 6.97 6.97
2004-10-25 8.04 8.16 7.9 7.9
2004-11-18 4.97 4.98 4.91 4.91
2004-11-30 4.66 4.7 4.6 4.6
2004-12-03 4.83 4.97 4.78 4.78
2004-12-15 4.8 4.8 4.64 4.64
2004-12-29 4.32 4.4 4.3 4.3
2005-01-05 4.1 4.14 4.0 4.0
2005-01-26 4.14 4.22 4.06 4.06
2005-02-02 4.1 4.11 3.86 3.86
2005-03-08 4.43 4.45 4.3 4.3
2005-03-21 4.07 4.09 4.02 4.02
2005-05-18 3.59 3.59 3.48 3.48
2005-05-24 3.29 3.32 3.2 3.2
2005-05-26 3.28 3.32 3.27 3.27
2005-06-08 3.43 3.49 3.24 3.24
2005-06-17 3.33 3.44 3.32 3.32
2005-06-24 3.34 3.35 3.25 3.25
2005-07-06 2.95 2.99 2.9 2.9
2005-07-07 2.98 2.99 2.92 2.92
2005-07-12 2.96 2.97 2.86 2.86
2005-07-14 2.93 2.96 2.9 2.9
2005-07-19 2.59 2.61 2.51 2.51
2005-07-21 2.69 2.76 2.68 2.68
2005-08-05 3.17 3.18 3.02 3.02
2005-08-22 3.33 3.33 3.24 3.24
2005-09-12 4.01 4.02 3.92 3.92
2005-09-13 4.17 4.18 3.97 3.97
2005-09-14 4.5 4.59 4.16 4.16
2005-09-20 4.56 4.59 4.46 4.46
2005-09-26 4.4 4.4 4.27 4.27
2005-09-28 4.68 4.71 4.33 4.33
2005-10-19 5.12 5.38 5.09 5.09
2005-11-02 4.6 4.69 4.5 4.5
2005-11-18 4.43 4.5 4.3 4.3
2005-12-01 4.5 4.55 4.49 4.49
2005-12-07 4.19 4.27 4.16 4.16
2005-12-08 4.3 4.34 4.19 4.19
2005-12-09 4.44 4.47 4.28 4.28
2005-12-29 4.95 4.95 4.78 4.78
2006-10-24 5.1 5.1 4.95 4.95
2006-11-08 4.84 4.89 4.84 4.84
2006-12-11 5.01 5.03 4.86 4.86
2007-01-15 5.66 5.67 5.43 5.43
2007-01-19 6.06 6.1 5.82 5.82
2007-01-22 6.3 6.35 6.11 6.11
2007-02-14 6.81 6.93 6.54 6.54
2007-02-28 7.43 7.61 6.82 6.82
2007-03-21 7.94 7.95 7.65 7.65
2007-04-02 8.06 8.08 7.77 7.77
2007-05-16 12.13 12.13 11.12 11.12
2007-05-30 12.91 13.97 12.91 12.91
2007-07-11 8.86 9.1 8.72 8.72
2007-07-23 9.51 9.54 9.08 9.08
2007-08-14 10.97 10.97 10.01 10.01
2007-12-19 12.64 12.8 12.31 12.31
2007-12-24 12.92 13.39 12.85 12.85
2007-12-27 13.42 13.68 13.33 13.33
2008-02-13 14.26 14.93 14.0 14.0
2008-03-21 13.19 13.2 12.03 12.03
2008-04-30 9.76 9.78 9.44 9.44
2008-06-25 7.2 7.28 6.73 6.73
2008-06-30 6.76 6.88 6.42 6.42
2008-08-14 5.91 5.97 5.8 5.8
2008-09-02 5.19 5.24 5.02 5.02
2008-11-10 3.75 3.78 3.49 3.49
2008-11-11 3.77 3.95 3.75 3.75
2009-01-09 4.15 4.18 4.0 4.0
2009-03-04 5.73 5.73 5.35 5.35
2009-03-23 6.25 6.28 5.88 5.88
2009-04-02 7.48 7.48 7.02 7.02
2009-04-09 7.12 7.26 6.88 6.88
2009-04-28 7.95 8.14 7.91 7.91
2009-08-20 7.87 7.95 7.51 7.51
2009-11-03 8.57 8.68 8.23 8.23
2009-11-04 8.92 8.99 8.52 8.52
2009-11-06 9.58 9.78 8.93 8.93
2009-11-13 9.54 9.55 9.15 9.15
2009-11-25 10.67 10.85 10.15 10.15
2010-02-09 8.86 9.12 8.32 8.32
2010-03-03 10.74 10.96 10.54 10.54
2010-03-08 10.69 10.75 10.12 10.12
2010-04-21 12.58 12.64 11.76 11.76
2010-05-24 10.34 10.7 9.93 9.93
2010-06-24 9.84 9.98 9.7 9.7
2010-07-14 9.63 9.84 9.51 9.51
2010-09-09 13.5 13.5 13.06 13.06
2010-09-20 13.52 13.75 13.18 13.18
2010-10-28 17.2 17.25 16.12 16.12
2010-11-01 19.97 19.97 18.26 18.26
2010-11-04 20.05 20.3 18.21 18.21
2010-11-24 19.67 19.75 18.11 18.11
2010-11-25 21.64 21.64 21.64 21.64
2010-12-10 21.08 21.38 19.77 19.77
2010-12-13 21.74 22.09 21.2 21.2
2010-12-21 20.96 21.27 20.5 20.5
2010-12-31 22.68 22.93 21.18 21.18
2011-01-26 18.07 18.29 17.6 17.6
2011-02-11 22.81 22.81 21.71 21.71
2011-02-16 24.42 24.7 23.27 23.27
2011-02-21 27.34 28.0 26.89 26.89
2011-03-07 27.65 27.87 26.45 26.45
2011-04-26 31.29 31.42 29.75 29.75
2011-06-07 28.48 28.79 27.58 27.58
2011-06-10 29.08 29.19 28.5 28.5
2011-06-30 32.46 32.9 31.25 31.25
2011-08-04 30.05 30.43 29.04 29.04
2011-08-22 25.99 26.52 25.53 25.53
2011-11-03 21.66 21.97 21.18 21.18
2012-01-12 21.09 21.93 20.61 20.61
2012-02-03 21.63 21.78 21.13 21.13
2012-02-23 22.56 22.87 21.93 21.93
2012-03-15 23.97 24.29 22.9 22.9
2012-08-01 8.64 8.71 8.5 8.5
2012-09-03 8.56 8.65 8.3 8.3
2012-09-05 8.53 8.57 8.39 8.39
2012-09-10 9.16 9.31 8.94 8.94
2012-09-25 8.8 8.88 8.11 8.11
2013-01-14 9.79 9.85 9.08 9.08
2013-01-15 9.94 9.98 9.61 9.61
2013-01-28 9.34 9.35 9.19 9.19
2013-03-05 9.91 9.91 9.5 9.5
2013-03-14 8.98 9.03 8.9 8.9
2013-03-20 8.85 8.94 8.6 8.6
2013-05-10 7.81 7.84 7.63 7.63
2013-05-16 7.82 7.86 7.65 7.65
2013-07-23 6.3 6.37 6.11 6.11
2013-08-01 6.21 6.24 6.07 6.07
2013-10-17 6.78 6.98 6.7 6.7
2013-12-05 6.6 6.61 6.46 6.46
2013-12-10 6.82 7.07 6.63 6.63
2014-02-10 4.96 5.0 4.84 4.84
2014-04-01 5.18 5.19 5.08 5.08
2014-04-17 5.21 5.29 5.2 5.2
2014-04-18 5.22 5.24 5.18 5.18
2014-05-08 4.65 4.75 4.64 4.64
2014-05-12 5.27 5.27 5.21 5.21
2014-06-23 4.71 4.74 4.68 4.68
2014-07-08 4.97 4.99 4.85 4.85
2014-07-22 5.12 5.13 4.99 4.99
2014-07-28 5.21 5.25 5.14 5.14
2014-08-11 5.4 5.41 5.3 5.3
2014-12-11 6.65 6.7 6.52 6.52
2014-12-12 6.86 7.16 6.82 6.82
2014-12-30 6.74 6.83 6.61 6.61
2015-01-06 6.95 6.96 6.66 6.66
2015-02-10 6.86 6.92 6.8 6.8
2015-02-13 6.93 6.94 6.8 6.8
2015-02-16 7.04 7.05 6.94 6.94
2015-02-17 7.25 7.44 7.04 7.04
2015-03-16 8.12 8.15 7.86 7.86
2015-03-18 8.23 8.25 8.07 8.07
2015-04-07 9.62 9.8 9.28 9.28
2015-05-19 9.57 9.75 9.28 9.28
2015-06-05 11.92 12.17 11.5 11.5
2015-06-12 13.75 14.27 13.6 13.6
2015-07-13 7.83 7.83 7.83 7.83
2015-07-14 8.61 8.61 8.61 8.61
2015-07-17 8.63 8.7 8.02 8.02
2015-08-25 15.45 15.45 15.45 15.45
2015-08-26 13.91 13.91 13.91 13.91
2015-08-27 12.52 12.88 12.52 12.52
2015-09-09 11.56 11.64 10.58 10.58
2015-09-16 12.65 12.65 11.63 11.63
2015-09-22 14.64 14.85 13.58 13.58
2015-10-20 14.51 15.19 13.6 13.6
2015-11-23 19.38 19.38 17.66 17.66
2015-12-02 19.8 19.8 17.86 17.86
2016-02-04 12.37 12.89 11.82 11.82
2016-04-13 12.2 12.55 11.74 11.74
2016-07-26 10.98 11.0 10.74 10.74
2016-08-02 10.25 10.27 10.1 10.1
2016-10-18 10.88 10.9 10.71 10.71
2016-10-20 10.97 11.05 10.79 10.79
2016-10-25 10.84 10.95 10.8 10.8
2016-12-07 10.62 10.63 10.5 10.5
2017-01-19 11.22 11.49 10.82 10.82
2017-02-22 11.86 12.27 11.25 11.25
2017-04-05 11.52 11.63 11.25 11.25
2017-06-05 11.38 11.55 11.23 11.23
2017-06-19 11.34 11.44 11.27 11.27
2017-08-17 11.83 11.91 11.69 11.69
