2000-09-29 17.02 17.58 16.68 16.68
2000-10-16 17.25 17.66 17.05 17.05
2000-11-03 19.1 19.52 18.7 18.7
2000-11-06 19.8 20.46 19.23 19.23
2000-11-30 19.25 19.5 19.01 19.01
2000-12-12 19.29 19.44 18.94 18.94
2000-12-14 19.2 19.5 19.0 19.0
2000-12-18 20.08 20.25 19.51 19.51
2001-02-19 17.92 17.98 17.5 17.5
2001-02-22 17.38 17.8 17.35 17.35
2001-02-23 17.95 17.95 17.38 17.38
2001-03-02 18.27 18.46 18.15 18.15
2001-03-07 18.02 18.2 18.0 18.0
2001-03-15 18.62 18.88 18.52 18.52
2001-03-20 18.7 18.88 18.62 18.62
2001-03-26 18.85 18.88 18.4 18.4
2001-03-30 18.81 18.85 18.5 18.5
2001-04-24 18.65 18.7 18.49 18.49
2001-04-27 18.48 18.6 18.4 18.4
2001-05-10 18.4 18.6 18.2 18.2
2001-06-05 20.46 20.68 20.3 20.3
2001-07-12 19.75 19.88 19.65 19.65
2001-07-20 19.88 19.94 19.58 19.58
2001-08-01 18.12 18.19 17.48 17.48
2001-09-04 17.8 17.8 17.5 17.5
2001-09-18 17.14 17.39 17.01 17.01
2001-10-09 15.23 15.43 15.0 15.0
2001-11-30 15.55 15.56 15.36 15.36
2001-12-03 15.65 15.71 15.57 15.57
2001-12-12 15.03 15.19 15.03 15.03
2001-12-18 14.7 14.7 14.31 14.31
2001-12-21 14.25 14.28 14.0 14.0
2001-12-28 14.82 14.86 14.4 14.4
2002-01-31 12.7 12.9 11.95 11.95
2002-03-05 13.2 13.3 12.89 12.89
2002-03-07 13.72 13.73 13.1 13.1
2002-03-25 14.57 14.63 14.24 14.24
2002-04-15 14.61 14.89 14.45 14.45
2002-04-23 14.34 14.5 14.3 14.3
2002-04-26 14.77 14.83 14.36 14.36
2002-04-29 15.01 15.15 14.8 14.8
2002-05-10 13.88 13.96 13.8 13.8
2002-05-29 12.06 12.8 11.48 11.48
2002-06-11 12.32 12.33 12.1 12.1
2002-06-12 12.32 12.33 12.25 12.25
2002-06-18 12.18 12.35 12.0 12.0
2002-06-20 12.1 12.3 11.99 11.99
2002-07-02 13.78 13.78 13.48 13.48
2002-07-12 13.85 13.95 13.7 13.7
2002-07-15 13.89 13.9 13.8 13.8
2002-07-16 14.05 14.06 13.88 13.88
2002-07-23 13.97 14.14 13.9 13.9
2002-08-06 13.45 13.58 13.18 13.18
2002-08-12 13.32 13.38 13.17 13.17
2002-08-14 13.4 13.45 13.26 13.26
2002-08-19 13.44 13.58 13.38 13.38
2002-08-20 13.64 13.7 13.4 13.4
2002-08-22 13.69 13.78 13.6 13.6
2002-09-27 13.05 13.1 13.03 13.03
2002-10-11 12.62 12.79 12.61 12.61
2002-10-16 12.42 12.66 12.4 12.4
2002-10-18 12.26 12.38 12.05 12.05
2002-11-06 12.42 12.5 12.32 12.32
2002-11-25 10.82 10.82 10.5 10.5
2002-11-28 11.1 11.2 10.5 10.5
2002-12-09 11.11 11.27 11.1 11.1
2002-12-16 11.15 11.28 10.98 10.98
2002-12-25 11.39 11.5 11.36 11.36
2003-01-13 11.17 11.18 10.91 10.91
2003-01-24 11.22 11.25 11.03 11.03
2003-01-29 11.4 11.45 11.33 11.33
2003-02-11 11.38 11.41 11.25 11.25
2003-02-25 11.54 11.56 11.35 11.35
2003-03-21 11.65 11.85 11.57 11.57
2003-03-27 11.6 11.67 11.15 11.15
2003-04-17 11.66 11.8 11.54 11.54
2003-05-14 10.49 10.55 10.01 10.01
2003-05-19 11.6 11.95 11.56 11.56
2003-05-20 11.68 11.71 11.58 11.58
2003-06-04 11.74 11.78 11.55 11.55
2003-06-09 11.4 11.48 11.37 11.37
2003-06-18 12.09 12.39 11.86 11.86
2003-06-24 11.72 11.72 11.62 11.62
2003-07-08 10.98 11.05 10.67 10.67
2003-08-04 10.29 10.35 10.11 10.11
2003-08-05 10.43 10.45 10.22 10.22
2003-08-11 10.28 10.28 10.2 10.2
2003-08-13 10.23 10.3 10.22 10.22
2003-08-25 9.95 10.03 9.8 9.8
2003-10-22 7.29 7.33 7.07 7.07
2003-10-30 6.33 6.5 6.23 6.23
2003-11-07 6.22 6.25 6.06 6.06
2003-11-24 7.08 7.15 6.62 6.62
2003-11-28 7.11 7.17 7.01 7.01
2003-12-24 7.41 7.53 7.25 7.25
2004-01-09 7.34 7.44 7.21 7.21
2004-02-02 8.18 8.19 7.81 7.81
2004-02-27 8.28 8.28 8.1 8.1
2004-04-13 8.29 8.48 8.25 8.25
2004-04-30 7.92 8.02 7.83 7.83
2004-06-21 8.12 8.15 7.83 7.83
2004-07-01 8.07 8.1 7.7 7.7
2004-07-13 8.42 8.43 8.1 8.1
2004-08-16 7.89 7.9 7.81 7.81
2004-08-31 6.81 7.27 6.72 6.72
2004-09-03 6.77 6.87 6.71 6.71
2004-09-14 6.99 7.1 6.88 6.88
2004-10-22 6.43 6.44 6.2 6.2
2004-10-26 6.6 6.61 6.36 6.36
2004-11-02 6.61 6.66 6.45 6.45
2004-11-19 7.33 7.36 7.05 7.05
2004-11-26 7.62 7.68 7.33 7.33
2004-12-01 7.98 8.22 7.85 7.85
2004-12-08 8.07 8.14 8.02 8.02
2004-12-22 7.79 7.8 7.5 7.5
2004-12-24 7.85 7.86 7.71 7.71
2005-01-05 8.07 8.08 7.93 7.93
2005-01-18 8.08 8.09 8.01 8.01
2005-02-04 8.02 8.15 7.84 7.84
2005-02-21 8.42 8.55 8.35 8.35
2005-03-03 8.4 8.42 8.18 8.18
2005-04-06 7.54 7.6 7.29 7.29
2005-04-18 7.4 7.58 7.0 7.0
2005-04-21 7.51 7.55 7.35 7.35
2005-04-25 7.69 7.7 7.37 7.37
2005-05-13 7.76 7.78 7.5 7.5
2005-05-20 8.01 8.12 7.97 7.97
2005-05-24 8.09 8.15 8.0 8.0
2005-05-31 7.58 7.6 7.45 7.45
2005-06-07 7.64 7.92 7.58 7.58
2005-06-20 8.55 8.68 8.25 8.25
2005-06-27 8.7 8.77 8.38 8.38
2005-07-11 8.43 8.5 8.22 8.22
2005-07-14 8.62 8.7 8.51 8.51
2005-07-15 8.85 9.1 8.65 8.65
2005-08-01 9.04 9.17 8.96 8.96
2005-09-01 8.17 8.21 8.1 8.1
2005-09-05 8.35 8.48 8.18 8.18
2005-09-14 8.62 8.65 8.46 8.46
2005-09-23 8.22 8.3 8.13 8.13
2005-10-20 8.69 8.75 8.53 8.53
2005-11-14 7.45 7.51 7.33 7.33
2005-11-15 7.67 7.75 7.39 7.39
2005-11-18 7.68 7.79 7.65 7.65
2005-12-22 7.78 7.85 7.74 7.74
2006-01-19 8.12 8.15 7.99 7.99
2006-01-20 8.21 8.25 8.08 8.08
2006-02-06 8.4 8.5 8.21 8.21
2006-02-14 8.21 8.27 8.12 8.12
2006-02-23 7.84 7.85 7.75 7.75
2006-03-17 8.4 8.58 8.35 8.35
2006-04-03 9.19 9.2 8.82 8.82
2006-04-06 10.13 10.13 9.21 9.21
2006-05-12 12.26 12.3 11.7 11.7
2006-05-25 11.52 11.54 10.88 10.88
2006-06-15 11.31 11.5 11.27 11.27
2006-06-16 11.57 11.7 11.3 11.3
2006-06-20 11.87 11.9 11.7 11.7
2006-10-24 8.87 8.9 8.71 8.71
2006-10-30 9.09 9.14 8.82 8.82
2006-11-22 8.12 8.21 7.95 7.95
2006-12-11 9.54 9.59 9.25 9.25
2006-12-14 10.05 10.1 9.53 9.53
2006-12-21 10.76 11.1 10.39 10.39
2006-12-27 10.78 10.88 10.45 10.45
2006-12-29 10.98 11.06 10.51 10.51
2007-01-23 15.01 15.1 14.0 14.0
2007-02-08 16.93 16.93 15.31 15.31
2007-03-13 15.8 16.11 15.52 15.52
2007-03-27 17.09 17.28 16.21 16.21
2007-04-12 16.5 16.68 15.83 15.83
2007-04-13 16.89 17.45 16.56 16.56
2007-04-16 17.22 17.6 16.89 16.89
2007-04-18 17.7 17.8 17.15 17.15
2007-05-15 19.51 20.6 19.0 19.0
2007-07-06 17.7 17.95 16.7 16.7
2007-07-23 18.9 19.0 18.23 18.23
2007-07-27 20.03 20.2 19.28 19.28
2007-08-07 21.1 21.5 20.2 20.2
2007-08-20 21.18 21.25 20.2 20.2
2007-08-30 21.15 21.3 20.37 20.37
2007-11-13 20.32 20.56 19.56 19.56
2007-12-03 19.04 19.16 18.55 18.55
2008-01-03 23.53 23.55 22.58 22.58
2008-01-07 25.36 25.36 23.11 23.11
2008-01-23 24.05 24.21 22.16 22.16
2008-01-29 23.76 24.05 22.88 22.88
2008-02-29 21.72 21.88 21.06 21.06
2008-03-03 22.15 22.36 21.22 21.22
2008-04-11 17.27 17.67 17.09 17.09
2008-05-05 18.08 18.59 17.22 17.22
2008-05-23 17.69 18.38 17.55 17.55
2008-06-04 17.51 17.69 17.4 17.4
2008-06-11 15.48 15.65 15.07 15.07
2008-06-24 13.23 13.26 12.77 12.77
2008-06-25 14.55 14.55 13.02 13.02
2008-07-04 13.94 14.13 13.38 13.38
2008-07-08 15.21 15.25 14.68 14.68
2008-07-14 14.67 14.82 14.08 14.08
2008-07-28 15.68 15.93 15.55 15.55
2008-08-01 14.61 14.87 14.21 14.21
2008-08-04 14.3 14.78 14.05 14.05
2008-08-05 14.14 14.55 14.13 14.13
2008-12-05 6.82 6.88 6.6 6.6
2008-12-08 7.34 7.45 6.85 6.85
2008-12-10 7.43 7.45 7.04 7.04
2008-12-29 6.65 6.68 6.32 6.32
2008-12-31 6.52 6.79 6.51 6.51
2009-01-09 7.29 7.3 7.03 7.03
2009-01-16 7.42 7.66 7.23 7.23
2009-02-03 7.87 7.9 7.52 7.52
2009-02-19 8.77 8.83 8.5 8.5
2009-03-04 9.03 9.08 8.49 8.49
2009-03-17 8.9 8.96 8.55 8.55
2009-03-19 9.21 9.36 8.95 8.95
2009-05-07 13.24 13.29 12.36 12.36
2009-06-09 16.47 16.49 15.2 15.2
2009-06-18 16.09 16.4 15.79 15.79
2009-07-31 16.47 16.48 15.9 15.9
2009-08-26 17.21 17.45 16.5 16.5
2009-09-22 21.52 21.52 19.99 19.99
2009-10-13 20.33 20.46 19.83 19.83
2009-10-19 20.15 20.35 19.5 19.5
2009-10-22 20.53 21.49 19.13 19.13
2009-11-02 20.82 20.99 18.6 18.6
2009-12-02 25.31 25.68 23.94 23.94
2009-12-21 22.73 22.77 22.1 22.1
2010-01-15 23.98 24.3 23.02 23.02
2010-01-28 25.01 25.1 23.0 23.0
2010-02-04 23.43 23.86 23.03 23.03
2010-02-09 22.41 22.58 22.1 22.1
2010-02-26 25.17 25.55 24.75 24.75
2010-03-08 25.64 25.93 25.25 25.25
2010-03-11 25.33 25.45 24.5 24.5
2010-04-21 27.6 27.8 25.8 25.8
2010-05-13 21.35 21.88 20.34 20.34
2010-05-18 22.0 22.0 19.85 19.85
2010-06-02 21.62 21.7 21.0 21.0
2010-06-24 21.47 21.56 21.3 21.3
2010-07-12 20.58 20.78 20.4 20.4
2010-07-15 20.67 20.68 20.07 20.07
2010-07-19 21.45 21.5 20.45 20.45
2010-07-21 21.9 22.1 21.62 21.62
2010-07-23 22.18 22.3 21.85 21.85
2010-08-02 23.56 23.58 22.75 22.75
2010-08-11 25.18 25.39 24.82 24.82
2010-08-13 25.57 25.8 24.35 24.35
2010-08-19 26.06 26.98 25.8 25.8
2010-08-23 25.8 25.98 25.49 25.49
2010-09-13 31.98 32.34 30.0 30.0
2010-10-27 29.21 29.41 28.7 28.7
2010-12-10 29.61 30.29 29.11 29.11
2011-01-04 27.23 27.84 27.01 27.01
2011-01-11 26.21 26.29 26.03 26.03
2011-01-18 25.09 25.35 24.33 24.33
2011-02-10 22.38 22.4 21.57 21.57
2011-02-11 22.98 23.17 22.39 22.39
2011-02-23 23.04 23.11 22.57 22.57
2011-03-04 24.97 25.2 23.85 23.85
2011-03-07 25.47 25.67 25.01 25.01
2011-04-01 23.57 23.87 22.08 22.08
2011-04-08 24.53 24.65 24.01 24.01
2011-04-21 25.86 26.4 25.07 25.07
2011-05-10 25.89 25.95 25.61 25.61
2011-05-23 24.61 25.14 24.34 24.34
2011-06-15 23.88 24.4 23.58 23.58
2011-06-21 23.41 23.5 23.04 23.04
2011-06-24 24.27 24.29 23.3 23.3
2011-06-27 24.95 25.65 23.83 23.83
2011-06-28 25.08 25.6 24.64 24.64
2011-06-29 25.15 25.6 24.62 24.62
2011-06-30 26.96 27.2 25.45 25.45
2011-07-11 26.78 27.03 26.52 26.52
2011-07-13 27.87 28.0 26.89 26.89
2011-07-15 27.88 28.16 26.87 26.87
2011-07-21 28.32 28.65 28.0 28.0
2011-08-01 27.63 27.87 27.41 27.41
2011-08-03 28.31 28.38 27.31 27.31
2011-08-05 28.6 28.69 25.74 25.74
2011-08-10 27.4 27.96 27.24 27.24
2011-08-23 27.07 27.3 26.49 26.49
2011-08-25 27.15 27.21 26.95 26.95
2011-08-29 27.99 28.0 27.41 27.41
2011-09-08 28.31 28.4 27.55 27.55
2011-09-22 28.63 29.01 28.35 28.35
2011-10-17 25.13 25.18 24.74 24.74
2011-10-19 25.03 25.3 25.01 25.01
2011-10-20 24.9 25.23 24.75 24.75
2011-10-24 24.4 24.6 23.12 23.12
2011-10-31 26.84 26.95 26.16 26.16
2011-11-01 26.88 26.91 26.36 26.36
2011-12-16 27.55 27.6 25.15 25.15
2012-01-20 22.63 23.0 22.05 22.05
2012-02-01 22.68 22.88 22.3 22.3
2012-02-02 23.15 23.33 22.7 22.7
2012-02-06 24.11 24.5 23.69 23.69
2012-02-13 24.31 24.64 24.05 24.05
2012-02-16 25.01 25.3 24.58 24.58
2012-03-07 28.01 28.26 27.56 27.56
2012-03-09 28.25 28.38 28.0 28.0
2012-03-20 30.21 30.68 30.0 30.0
2012-04-09 29.18 29.36 28.7 28.7
2012-05-15 28.36 28.38 28.0 28.0
2012-05-29 27.17 27.17 26.88 26.88
2012-06-01 28.0 28.2 27.1 27.1
2012-06-07 30.3 30.47 29.45 29.45
2012-06-27 31.54 32.5 31.52 31.52
2012-06-29 31.49 31.6 30.76 30.76
2012-07-03 32.03 32.1 31.21 31.21
2012-07-24 27.3 28.5 26.13 26.13
2012-09-10 31.67 31.67 29.05 29.05
2012-09-18 31.98 32.46 31.48 31.48
2012-09-19 34.46 34.96 32.36 32.36
2012-10-31 32.35 32.49 31.57 31.57
2012-11-02 32.94 32.98 32.33 32.33
2012-12-11 32.13 32.47 31.93 31.93
2012-12-21 32.82 32.83 32.03 32.03
2012-12-24 34.02 34.35 33.2 33.2
2013-01-09 34.3 34.59 33.55 33.55
2013-01-18 33.66 34.19 33.3 33.3
2013-02-08 31.93 31.95 31.48 31.48
2013-02-19 32.86 33.47 32.39 32.39
2013-02-20 33.28 33.46 32.79 32.79
2013-02-26 33.19 33.3 32.85 32.85
2013-03-01 36.05 36.5 34.2 34.2
2013-03-12 41.29 41.5 39.0 39.0
2013-03-18 42.99 43.0 39.78 39.78
2013-03-26 43.98 44.4 43.39 43.39
2013-03-27 45.14 46.49 43.75 43.75
2013-04-09 41.63 42.39 40.9 40.9
2013-04-10 41.97 42.38 41.6 41.6
2013-04-11 44.67 45.5 41.86 41.86
2013-05-13 44.36 44.36 40.39 40.39
2013-05-22 26.91 26.91 24.95 24.95
2013-06-05 27.73 28.32 27.1 27.1
2013-07-01 23.67 23.79 22.75 22.75
2013-07-02 25.31 25.35 23.8 23.8
2013-07-15 26.17 26.8 25.9 25.9
2013-07-31 23.99 24.29 23.77 23.77
2013-08-02 25.04 25.29 24.5 24.5
2013-08-14 25.48 25.52 25.2 25.2
2013-08-20 23.97 24.28 23.6 23.6
2013-08-21 24.2 24.47 23.69 23.69
2013-08-23 24.9 24.96 23.1 23.1
2013-09-25 17.08 17.08 15.59 15.59
2013-11-15 13.3 13.65 13.21 13.21
2013-12-31 12.82 12.95 12.76 12.76
2014-01-07 12.58 12.81 12.48 12.48
2014-01-23 12.62 12.62 11.93 11.93
2014-02-17 14.11 14.18 13.52 13.52
2014-04-03 10.55 10.58 10.45 10.45
2014-04-29 9.27 9.29 9.15 9.15
2014-05-12 9.3 9.35 9.03 9.03
2014-06-30 10.09 10.4 9.52 9.52
2014-07-21 10.3 10.39 10.11 10.11
2014-07-29 10.42 10.7 10.05 10.05
2014-08-04 10.88 10.88 10.4 10.4
2014-09-23 11.86 11.93 11.26 11.26
2014-09-24 11.91 11.99 11.62 11.62
2014-10-21 11.36 11.53 11.25 11.25
2014-11-10 11.23 11.27 11.11 11.11
2014-12-24 13.11 13.25 12.39 12.39
2015-01-16 13.61 13.62 13.27 13.27
2015-01-20 12.95 13.07 12.72 12.72
2015-02-11 13.04 13.06 12.85 12.85
2015-02-13 13.31 13.5 13.2 13.2
2015-03-23 19.64 20.4 18.85 18.85
2015-03-30 16.06 16.78 15.35 15.35
2015-05-12 20.76 20.76 20.76 20.76
2015-05-20 28.71 30.5 27.92 27.92
2015-05-21 30.79 31.08 28.71 28.71
2015-06-12 21.46 21.84 20.09 20.09
2015-07-21 11.78 11.78 11.78 11.78
2015-07-22 12.96 12.96 12.96 12.96
2015-07-23 14.26 14.26 14.26 14.26
2015-07-24 15.69 15.69 15.69 15.69
2015-11-02 11.79 11.79 11.79 11.79
2015-11-03 10.61 10.61 10.61 10.61
2015-11-04 10.82 11.11 9.8 9.8
2015-11-09 11.33 11.66 10.86 10.86
2015-11-19 10.95 10.97 10.71 10.71
2015-12-16 10.63 10.69 10.55 10.55
2015-12-17 11.02 11.08 10.63 10.63
2016-01-05 9.82 10.23 9.36 9.36
2016-03-07 6.65 6.83 6.46 6.46
2016-03-23 7.14 7.16 7.0 7.0
2016-04-26 7.22 7.45 6.84 6.84
2016-05-23 6.58 6.6 6.45 6.45
2016-05-31 6.62 6.65 6.32 6.32
2016-09-08 6.9 6.95 6.83 6.83
2016-09-19 6.75 6.82 6.68 6.68
2016-09-21 6.8 6.85 6.69 6.69
2016-11-01 7.02 7.07 6.87 6.87
2016-11-03 6.98 7.03 6.92 6.92
2016-11-09 7.91 7.91 7.91 7.91
2016-11-10 8.7 8.7 8.7 8.7
2016-11-11 9.57 9.57 9.57 9.57
2016-12-15 8.35 8.49 7.82 7.82
2017-01-10 8.75 8.88 8.38 8.38
2017-01-23 7.84 7.93 7.77 7.77
2017-02-06 7.79 7.81 7.68 7.68
2017-02-21 8.57 8.76 8.1 8.1
2017-03-23 8.31 8.33 8.14 8.14
2017-03-31 8.25 8.31 8.17 8.17
2017-04-13 8.58 8.61 8.47 8.47
2017-04-21 8.41 8.53 8.33 8.33
2017-06-07 7.5 7.56 7.43 7.43
2017-06-20 8.12 8.17 7.89 7.89
2017-06-26 8.0 8.04 7.91 7.91
2017-07-18 7.46 7.52 7.18 7.18
2017-08-01 7.48 7.55 7.41 7.41
2017-08-07 7.44 7.47 7.41 7.41
2017-08-08 7.73 8.04 7.45 7.45
2017-08-14 7.63 7.67 7.48 7.48
