2000-09-08 19.66 19.7 19.4 19.4
2001-03-12 20.36 20.4 20.05 20.05
2001-03-15 20.55 20.59 20.25 20.25
2001-03-21 20.47 20.58 20.22 20.22
2001-03-26 20.88 20.92 20.3 20.3
2001-04-02 21.8 21.94 21.32 21.32
2001-05-15 23.14 23.37 22.77 22.77
2001-05-21 24.35 24.6 23.65 23.65
2001-09-13 22.18 22.3 21.61 21.61
2001-10-26 20.71 20.8 19.65 19.65
2001-11-27 21.6 21.65 21.45 21.45
2001-11-29 21.5 21.7 21.45 21.45
2001-12-03 21.76 21.8 21.5 21.5
2002-01-22 18.86 19.5 18.7 18.7
2002-01-23 19.92 19.98 18.9 18.9
2002-01-25 19.91 20.09 19.68 19.68
2002-02-04 20.34 20.38 19.58 19.58
2002-02-07 19.86 20.05 19.45 19.45
2002-03-05 20.46 20.6 20.14 20.14
2002-03-25 20.0 20.13 19.7 19.7
2002-03-28 19.96 20.38 19.74 19.74
2002-04-01 19.65 19.72 19.51 19.51
2002-07-18 17.36 17.65 17.12 17.12
2002-09-24 15.91 16.08 15.85 15.85
2002-11-25 12.87 12.99 12.75 12.75
2003-02-25 13.61 13.61 13.37 13.37
2003-07-08 11.05 11.09 10.88 10.88
2003-07-24 11.18 11.22 10.9 10.9
2003-07-29 10.91 10.95 10.83 10.83
2003-08-15 11.01 11.03 10.9 10.9
2003-08-21 10.81 10.95 10.7 10.7
2003-09-30 9.84 9.99 9.6 9.6
2003-10-10 9.68 9.69 9.45 9.45
2004-01-14 10.3 10.47 10.2 10.2
2004-01-29 11.18 11.25 10.65 10.65
2004-08-02 8.13 8.35 8.1 8.1
2004-08-03 8.19 8.24 8.07 8.07
2004-08-04 8.46 8.58 8.15 8.15
2004-08-05 8.44 8.51 8.33 8.33
2004-08-10 8.36 8.44 8.31 8.31
2004-08-13 8.13 8.18 8.01 8.01
2004-09-17 8.83 9.0 8.56 8.56
2004-11-03 9.18 9.2 8.9 8.9
2005-04-14 9.04 9.14 8.96 8.96
2005-05-18 9.53 9.69 9.45 9.45
2005-06-06 9.2 9.3 8.81 8.81
2005-06-08 10.12 10.16 9.39 9.39
2005-08-24 11.36 11.48 11.0 11.0
2005-08-30 11.18 11.38 11.06 11.06
2005-10-18 13.65 13.8 13.4 13.4
2005-10-20 13.99 14.18 13.4 13.4
2006-10-13 13.3 13.37 12.8 12.8
2006-10-25 12.82 12.91 12.8 12.8
2006-11-17 11.39 11.47 11.2 11.2
2006-11-22 11.68 11.78 11.58 11.58
2006-12-29 12.7 12.97 12.47 12.47
2007-01-05 13.41 13.6 12.61 12.61
2007-01-12 15.78 16.5 15.0 15.0
2007-01-17 16.21 16.39 15.53 15.53
2007-02-16 16.45 16.85 16.36 16.36
2007-07-02 17.0 17.05 16.3 16.3
2007-07-03 17.51 17.56 16.9 16.9
2007-07-09 17.99 18.29 17.31 17.31
2007-07-17 16.7 16.85 16.3 16.3
2007-07-20 17.13 17.15 16.56 16.56
2007-07-23 17.82 18.0 17.0 17.0
2007-10-09 18.59 18.7 18.2 18.2
2007-11-27 14.58 14.78 14.2 14.2
2008-02-14 20.39 21.2 19.39 19.39
2008-09-25 8.81 9.08 8.68 8.68
2008-11-10 6.88 6.89 6.48 6.48
2008-11-26 7.44 7.7 7.22 7.22
2008-11-28 7.32 7.5 7.25 7.25
2009-01-09 8.44 8.45 8.04 8.04
2009-01-12 9.05 9.15 8.4 8.4
2009-01-14 9.44 9.58 9.01 9.01
2009-06-18 12.55 12.59 12.35 12.35
2009-06-24 12.34 12.36 12.22 12.22
2009-10-14 12.88 13.12 12.73 12.73
2009-12-16 18.61 18.65 18.0 18.0
2009-12-21 19.04 19.08 17.5 17.5
2010-02-12 19.07 19.18 18.75 18.75
2010-02-22 19.73 19.88 19.05 19.05
2010-02-25 20.03 20.98 19.92 19.92
2010-03-16 20.07 20.09 19.36 19.36
2010-05-24 23.23 23.29 22.0 22.0
2010-07-26 24.15 24.32 23.35 23.35
2010-11-09 30.48 30.7 29.29 29.29
2010-12-13 40.17 42.28 38.52 38.52
2010-12-16 41.75 42.48 41.07 41.07
2011-01-04 43.39 44.4 42.4 42.4
2011-01-27 34.67 35.0 34.23 34.23
2011-02-01 35.9 36.66 34.75 34.75
2011-02-14 37.4 37.86 36.81 36.81
2011-03-23 33.45 33.46 32.8 32.8
2011-03-31 32.08 32.55 31.41 31.41
2011-07-28 20.44 20.58 19.5 19.5
2011-08-02 20.68 20.75 20.4 20.4
2011-08-04 21.09 21.49 21.04 21.04
2011-12-16 17.96 17.97 17.4 17.4
2012-02-09 16.9 17.08 16.59 16.59
2012-04-16 18.1 18.17 17.56 17.56
2012-05-22 17.84 17.98 17.21 17.21
2012-05-28 11.96 12.1 11.75 11.75
2012-05-31 12.76 13.25 12.62 12.62
2012-07-18 11.11 11.13 10.85 10.85
2012-08-02 10.74 10.82 10.6 10.6
2012-10-09 9.34 9.34 8.5 8.5
2012-10-16 9.22 9.36 8.9 8.9
2012-10-18 9.26 9.36 9.15 9.15
2012-11-07 8.97 9.0 8.79 8.79
2012-12-26 8.47 8.55 7.82 7.82
2013-04-22 10.19 10.29 9.3 9.3
2013-04-24 10.97 11.0 9.91 9.91
2013-05-15 13.61 13.64 12.12 12.12
2013-07-15 13.14 13.16 12.31 12.31
2013-07-22 14.18 14.54 13.82 13.82
2013-11-29 12.93 13.5 12.81 12.81
2014-03-18 17.2 17.58 17.01 17.01
2014-03-25 15.89 16.14 15.7 15.7
2014-08-07 10.29 10.5 10.13 10.13
2014-08-12 10.26 10.48 10.2 10.2
2015-02-13 9.4 9.48 9.28 9.28
2015-03-16 10.49 10.59 9.9 9.9
2015-05-11 12.86 12.93 12.42 12.42
2015-07-09 7.9 7.9 6.96 6.96
2015-07-17 8.7 8.83 8.25 8.25
2015-07-23 9.08 9.15 8.72 8.72
2015-07-31 8.08 8.16 7.96 7.96
2015-11-04 8.33 8.34 7.98 7.98
2016-01-05 8.44 8.48 7.32 7.32
2016-02-16 7.64 7.68 7.35 7.35
2016-02-22 8.07 8.2 7.73 7.73
2016-03-07 7.36 7.52 7.29 7.29
2016-03-30 8.08 8.1 7.91 7.91
2016-04-21 7.27 7.35 7.25 7.25
2016-07-13 7.53 7.69 7.46 7.46
2016-08-02 7.27 7.29 7.17 7.17
2016-08-04 7.44 7.45 7.27 7.27
2016-09-30 7.7 7.77 7.64 7.64
2016-11-16 8.04 8.1 7.91 7.91
2016-11-21 8.0 8.02 7.91 7.91
2017-01-06 7.37 7.46 7.33 7.33
2017-01-23 7.55 7.61 7.41 7.41
2017-03-07 7.7 7.73 7.6 7.6
2017-07-26 6.45 6.48 6.39 6.39
