1994-03-29 23.55 23.89 23.48 23.48
1994-06-02 11.65 11.8 11.59 11.59
1994-06-08 11.6 11.68 11.3 11.3
1994-08-05 13.5 13.6 11.88 11.88
1994-10-27 15.19 15.2 14.65 14.65
1994-11-01 14.45 14.91 14.05 14.05
1994-11-03 15.5 15.78 14.4 14.4
1994-11-07 14.42 14.81 13.52 13.52
1994-11-14 15.78 15.9 15.69 15.69
1994-12-15 14.45 14.58 13.6 13.6
1994-12-20 14.46 14.98 14.3 14.3
1994-12-21 14.45 14.95 14.0 14.0
1995-02-09 11.55 11.76 10.9 10.9
1995-02-15 11.27 11.36 11.2 11.2
1995-02-20 11.05 11.25 11.0 11.0
1995-02-22 12.5 12.54 11.3 11.3
1995-03-21 12.9 12.9 12.5 12.5
1995-05-02 13.69 13.69 13.25 13.25
1995-05-04 13.42 13.5 13.4 13.4
1995-05-05 13.68 13.8 13.47 13.47
1995-05-09 13.75 13.75 13.7 13.7
1995-05-12 13.93 14.25 13.5 13.5
1995-06-23 13.4 13.5 13.2 13.2
1995-07-17 13.8 13.95 12.9 12.9
1995-07-31 13.21 13.62 13.1 13.1
1995-09-04 13.18 13.26 13.01 13.01
1995-09-21 12.47 13.0 12.4 12.4
1995-09-22 12.5 12.58 12.45 12.45
1995-09-29 11.8 12.6 11.61 11.61
1995-10-05 12.15 12.2 12.0 12.0
1995-11-03 11.75 11.95 11.58 11.58
1995-11-10 11.53 11.75 11.46 11.46
1995-11-27 11.15 11.2 11.08 11.08
1995-12-01 11.18 11.25 11.0 11.0
1995-12-04 11.2 11.2 11.06 11.06
1995-12-25 10.1 10.27 10.1 10.1
1995-12-29 9.58 9.78 9.55 9.55
1996-01-09 9.17 9.17 8.97 8.97
1996-01-25 8.35 8.75 8.35 8.35
1996-01-30 8.59 8.65 8.26 8.26
1996-01-31 8.59 8.6 8.41 8.41
1996-02-13 8.58 8.65 8.41 8.41
1996-03-04 9.9 9.95 9.18 9.18
1996-03-07 9.08 9.12 8.9 8.9
1996-03-14 9.05 9.1 9.0 9.0
1996-03-15 9.0 9.12 9.0 9.0
1996-03-22 9.04 9.1 9.0 9.0
1996-04-10 9.6 9.95 9.5 9.5
1996-04-15 9.69 9.7 9.51 9.51
1996-04-19 10.45 12.5 9.75 9.75
1996-04-24 10.88 10.88 10.5 10.5
1996-04-26 12.0 12.49 11.0 11.0
1996-05-28 10.58 11.0 10.41 10.41
1996-06-26 11.1 11.14 10.8 10.8
1996-07-01 10.32 10.7 10.2 10.2
1996-07-18 10.19 10.4 10.1 10.1
1996-12-17 8.26 8.88 8.26 8.26
1996-12-18 8.6 8.95 7.97 7.97
1997-01-15 8.15 8.19 8.01 8.01
1997-02-20 9.0 9.08 8.04 8.04
1997-02-21 9.35 9.35 9.01 9.01
1997-02-28 9.78 9.78 9.2 9.2
1997-03-06 9.98 10.2 9.8 9.8
1997-03-31 11.9 11.99 11.33 11.33
1997-04-14 13.88 14.25 13.6 13.6
1997-04-30 14.05 14.25 13.8 13.8
1997-05-27 10.43 10.5 10.07 10.07
1997-06-20 12.0 12.0 11.5 11.5
1997-08-04 9.15 9.18 8.8 8.8
1997-09-01 8.29 8.44 8.19 8.19
1997-09-03 8.59 8.66 8.38 8.38
1997-10-08 7.46 7.58 7.22 7.22
1997-10-10 7.35 7.43 7.23 7.23
1997-11-07 8.26 8.35 8.15 8.15
1998-01-15 7.92 8.06 7.77 7.77
1998-01-20 7.7 7.75 7.58 7.58
1998-05-21 12.89 12.97 12.7 12.7
1998-07-17 8.97 9.1 8.9 8.9
1998-07-23 8.78 8.87 8.6 8.6
1998-08-19 6.82 6.87 6.4 6.4
1998-09-07 8.28 8.37 7.85 7.85
1998-09-29 8.85 9.08 8.76 8.76
1998-10-08 9.55 9.55 8.91 8.91
1998-10-28 9.36 9.45 9.15 9.15
1998-11-03 9.22 9.37 9.01 9.01
1998-12-29 9.0 9.25 8.81 8.81
1999-05-19 6.6 6.7 6.2 6.2
1999-07-30 7.49 7.49 7.15 7.15
1999-08-03 8.25 8.25 8.25 8.25
1999-08-10 7.88 8.22 7.8 7.8
1999-09-14 7.93 8.06 7.84 7.84
1999-09-16 7.93 8.02 7.77 7.77
1999-09-24 7.7 7.85 7.63 7.63
1999-11-03 6.65 6.78 6.6 6.6
1999-11-05 6.71 6.81 6.7 6.7
1999-12-06 7.3 7.3 7.07 7.07
2000-01-25 5.39 5.59 5.2 5.2
2000-01-27 5.33 5.55 5.27 5.27
2000-02-25 5.61 5.7 5.5 5.5
2000-03-01 6.17 6.17 5.89 5.89
2000-04-06 6.7 6.7 6.38 6.38
2000-04-07 7.04 7.04 7.04 7.04
2000-05-19 5.8 5.8 5.8 5.8
2000-05-26 5.51 5.51 5.51 5.51
2000-06-02 5.23 5.23 5.23 5.23
2000-06-09 4.97 4.97 4.97 4.97
2000-06-16 4.72 4.72 4.72 4.72
2000-06-23 3.5 3.5 3.5 3.5
2000-06-30 3.0 3.0 3.0 3.0
2000-07-07 3.15 3.15 3.15 3.15
2000-07-14 3.31 3.31 3.31 3.31
2000-07-21 3.48 3.48 3.48 3.48
2000-07-28 3.65 3.65 3.65 3.65
2000-08-04 3.83 3.83 3.83 3.83
2000-08-11 4.02 4.02 4.02 4.02
2000-08-18 4.22 4.22 4.22 4.22
2000-08-25 4.43 4.43 4.43 4.43
2000-09-01 4.65 4.65 4.65 4.65
2000-09-08 4.88 4.88 4.88 4.88
2000-09-15 5.12 5.12 5.12 5.12
2000-09-22 5.38 5.38 5.38 5.38
2000-09-29 5.65 5.65 5.65 5.65
2000-10-13 5.93 5.93 5.93 5.93
2000-10-20 6.23 6.23 6.23 6.23
2000-10-27 6.54 6.54 6.54 6.54
2000-11-03 6.86 6.86 6.86 6.86
2000-11-10 7.19 7.19 7.19 7.19
2000-11-17 7.38 7.38 7.38 7.38
2000-11-24 7.25 7.25 7.25 7.25
2000-12-01 7.1 7.1 7.1 7.1
2000-12-08 6.79 6.79 6.79 6.79
2000-12-15 6.8 6.8 6.8 6.8
2000-12-22 7.1 7.1 7.1 7.1
2000-12-29 7.46 7.46 7.46 7.46
2001-01-05 7.83 7.83 7.83 7.83
2001-01-12 7.98 7.98 7.98 7.98
2001-01-19 6.98 6.98 6.98 6.98
2001-02-09 5.88 5.88 5.88 5.88
2001-02-16 5.29 5.29 5.29 5.29
2001-02-23 4.0 4.0 4.0 4.0
2001-03-02 4.2 4.2 4.2 4.2
2001-03-09 4.41 4.41 4.41 4.41
2001-03-16 4.63 4.63 4.63 4.63
2001-03-23 4.86 4.86 4.86 4.86
2001-03-30 5.1 5.1 5.1 5.1
2001-04-06 5.36 5.36 5.36 5.36
2001-04-13 5.36 5.36 5.36 5.36
2001-09-14 5.91 5.91 5.91 5.91
2001-09-21 6.21 6.21 6.21 6.21
2001-09-28 6.52 6.52 6.52 6.52
2001-10-12 6.85 6.85 6.85 6.85
2001-10-19 7.19 7.19 7.19 7.19
2001-10-26 7.55 7.55 7.55 7.55
2001-11-02 7.93 7.93 7.93 7.93
2001-11-09 8.33 8.33 8.33 8.33
2001-11-16 8.75 8.75 8.75 8.75
2001-11-23 9.19 9.19 9.19 9.19
2001-11-30 9.65 9.65 9.65 9.65
2001-12-07 10.0 10.0 10.0 10.0
2001-12-14 9.45 9.45 9.45 9.45
2001-12-21 8.8 8.8 8.8 8.8
2001-12-28 8.81 8.81 8.81 8.81
2002-04-30 10.88 10.88 10.88 10.88
2002-05-08 11.97 11.97 11.97 11.97
2002-05-09 13.17 13.17 13.17 13.17
2002-05-10 14.49 14.49 14.49 14.49
2002-05-13 15.94 15.94 15.94 15.94
2002-05-16 14.35 15.22 14.2 14.2
2002-05-24 12.86 13.28 12.81 12.81
2002-06-21 11.9 12.04 11.4 11.4
2002-07-08 12.49 12.5 12.25 12.25
2002-07-16 12.34 12.35 12.08 12.08
2002-09-12 11.21 11.29 11.14 11.14
2002-09-17 11.29 11.68 11.05 11.05
2003-01-14 8.98 9.1 8.58 8.58
2003-02-11 9.1 9.13 8.94 8.94
2003-03-31 8.94 8.96 8.86 8.86
2003-04-21 9.51 10.09 9.25 9.25
2003-06-13 8.68 9.3 8.48 8.48
2003-08-14 7.21 7.36 7.2 7.2
2003-08-22 7.07 7.27 7.06 7.06
2003-11-19 5.3 5.35 5.11 5.11
2003-11-24 5.95 5.95 5.4 5.4
2003-12-02 5.93 5.97 5.8 5.8
2004-02-12 6.65 6.69 6.58 6.58
2004-03-15 6.73 6.75 6.56 6.56
2004-08-23 4.47 4.5 4.4 4.4
2004-08-24 4.6 4.7 4.47 4.47
2004-09-15 4.88 4.94 4.6 4.6
2004-09-17 5.43 5.43 5.15 5.15
2004-12-02 5.19 5.25 4.9 4.9
2004-12-09 5.12 5.2 5.06 5.06
2005-02-21 4.33 4.35 4.25 4.25
2005-02-23 4.51 4.54 4.45 4.45
2005-02-25 4.5 4.57 4.49 4.49
2005-04-26 3.64 3.67 3.55 3.55
2005-05-27 3.56 3.63 3.55 3.55
2005-05-30 3.6 3.61 3.47 3.47
2005-07-26 3.05 3.07 2.92 2.92
2005-08-02 3.18 3.19 3.07 3.07
2005-08-05 3.37 3.38 3.28 3.28
2005-08-24 3.76 3.86 3.5 3.5
2005-09-29 3.96 3.98 3.79 3.79
2005-10-11 3.84 3.85 3.73 3.73
2005-10-18 3.91 3.96 3.75 3.75
2005-10-21 4.29 4.29 4.29 4.29
2005-11-29 3.73 3.82 3.73 3.73
2006-01-12 4.0 4.02 3.84 3.84
2007-01-04 4.2 4.32 4.12 4.12
2007-01-18 4.95 4.95 4.51 4.51
2007-03-05 5.98 6.1 5.72 5.72
2007-04-23 9.2 9.3 8.93 8.93
2007-04-26 9.43 9.59 9.32 9.32
2007-04-27 9.47 9.65 9.34 9.34
2007-04-30 9.99 10.12 9.48 9.48
2007-06-21 11.01 11.08 10.19 10.19
2007-07-30 8.93 9.09 8.75 8.75
2007-12-17 8.85 9.05 8.35 8.35
2007-12-24 8.81 9.0 8.71 8.71
2008-02-05 9.95 10.12 9.76 9.76
2008-06-25 6.29 6.47 5.82 5.82
2008-06-26 6.41 6.5 6.21 6.21
2008-07-04 6.2 6.27 6.02 6.02
2008-07-09 7.13 7.13 6.51 6.51
2008-11-12 4.48 4.5 4.34 4.34
2008-12-30 5.3 5.38 5.22 5.22
2009-01-07 5.6 5.78 5.52 5.52
2009-01-12 5.73 5.88 5.63 5.63
2009-07-22 8.93 8.98 8.8 8.8
2009-09-14 9.09 9.14 8.82 8.82
2009-10-16 9.81 9.81 9.1 9.1
2009-10-19 10.31 10.79 10.02 10.02
2009-10-23 9.84 9.89 9.75 9.75
2009-12-16 11.75 11.75 10.7 10.7
2009-12-23 10.9 10.95 10.51 10.51
2010-02-25 14.2 14.88 13.8 13.8
2010-03-17 14.57 14.59 14.25 14.25
2010-05-24 10.51 10.66 10.21 10.21
2010-07-07 9.53 9.56 9.28 9.28
2010-07-09 9.89 9.98 9.56 9.56
2010-07-14 9.91 10.1 9.62 9.62
2010-07-20 10.42 10.6 10.04 10.04
2010-07-22 10.5 10.51 10.21 10.21
2010-09-02 12.93 12.95 12.53 12.53
2010-09-09 13.08 13.9 12.9 12.9
2011-01-10 12.13 12.22 11.91 11.91
2011-02-23 12.69 12.87 12.4 12.4
2011-02-24 12.75 12.89 12.61 12.61
2011-06-24 12.69 12.8 12.38 12.38
2011-06-27 12.85 12.99 12.65 12.65
2012-05-03 8.44 8.59 8.3 8.3
2012-10-10 8.08 8.17 7.82 7.82
2012-10-12 7.88 8.09 7.8 7.8
2012-12-07 7.3 7.35 7.15 7.15
2013-01-14 7.87 7.88 7.6 7.6
2013-08-22 7.2 7.24 7.16 7.16
2013-09-27 8.19 8.38 7.98 7.98
2013-09-30 8.28 8.42 8.18 8.18
2013-12-12 9.17 9.42 9.08 9.08
2014-04-30 9.3 9.3 8.46 8.46
2014-08-28 11.79 11.93 11.57 11.57
2014-11-03 13.29 13.35 12.8 12.8
2014-12-24 13.74 13.98 13.45 13.45
2015-01-21 13.28 13.47 13.15 13.15
2015-05-08 23.83 24.2 22.93 22.93
2015-06-01 34.76 34.82 32.95 32.95
2015-07-09 13.44 13.44 11.0 11.0
2015-07-16 16.06 16.99 14.51 14.51
2015-07-17 17.28 17.45 15.8 15.8
2015-08-04 16.01 16.01 14.81 14.81
2015-08-07 17.38 17.45 16.13 16.13
2015-08-10 19.12 19.12 17.5 17.5
2015-10-15 18.06 18.34 16.64 16.64
2015-10-22 19.22 19.32 18.15 18.15
2016-03-28 15.78 16.3 15.59 15.59
2016-05-03 17.38 17.39 16.77 16.77
2016-06-22 15.3 15.47 15.01 15.01
2016-07-11 16.93 17.15 16.79 16.79
2016-07-15 17.14 17.2 16.89 16.89
2016-07-21 17.72 17.93 16.88 16.88
2016-08-03 19.0 19.0 17.5 17.5
2016-10-27 19.01 19.1 18.8 18.8
2016-11-01 19.74 19.8 18.7 18.7
2016-11-07 21.02 21.5 20.25 20.25
2017-06-13 17.09 17.11 16.9 16.9
