1998-08-25 23.22 23.4 22.2 22.2
1998-09-29 26.99 27.48 25.8 25.8
1998-12-08 30.18 30.48 29.59 29.59
1998-12-22 29.91 29.98 28.9 28.9
1999-01-07 28.85 28.88 28.2 28.2
1999-03-10 17.19 17.38 16.64 16.64
1999-03-19 17.89 17.99 17.15 17.15
1999-04-16 16.1 16.18 15.28 15.28
1999-06-16 20.66 20.66 19.02 19.02
1999-06-28 25.67 26.0 24.4 24.4
1999-07-02 22.7 23.2 21.7 21.7
1999-07-07 22.9 22.95 22.0 22.0
1999-07-20 24.0 24.3 22.48 22.48
1999-07-23 23.36 24.2 23.1 23.1
1999-07-26 23.8 24.2 23.36 23.36
1999-08-26 23.1 23.2 22.7 22.7
1999-09-09 23.29 23.45 22.0 22.0
1999-09-17 22.35 22.8 22.3 22.3
1999-10-22 20.4 20.6 19.5 19.5
1999-10-26 19.9 20.39 19.5 19.5
1999-11-17 19.65 19.8 19.05 19.05
1999-12-09 18.4 18.84 18.28 18.28
1999-12-10 18.8 18.82 18.3 18.3
1999-12-22 18.48 18.58 18.2 18.2
1999-12-27 18.18 18.5 17.9 17.9
2000-01-20 19.65 19.88 18.8 18.8
2000-02-22 25.63 25.63 23.38 23.38
2000-03-17 26.7 27.0 25.43 25.43
2000-04-19 21.61 22.4 21.36 21.36
2000-04-27 21.4 21.85 21.3 21.3
2000-05-18 20.65 20.7 20.0 20.0
2000-06-16 21.95 22.36 21.6 21.6
2000-08-03 23.83 23.96 23.41 23.41
2000-08-28 24.09 24.12 23.58 23.58
2000-09-18 22.3 24.2 22.0 22.0
2000-09-20 22.05 22.18 21.65 21.65
2000-09-22 21.71 22.14 21.51 21.51
2000-10-31 21.47 21.9 21.4 21.4
2000-11-22 23.52 23.6 23.33 23.33
2000-12-29 23.15 23.28 22.55 22.55
2001-02-09 21.48 21.6 21.01 21.01
2001-02-22 20.5 20.65 20.12 20.12
2001-03-02 21.22 21.35 21.0 21.0
2001-03-07 21.38 21.39 21.18 21.18
2001-03-09 21.45 21.7 21.3 21.3
2001-03-22 22.21 22.69 21.68 21.68
2001-04-09 21.89 22.1 21.5 21.5
2001-04-26 21.88 22.56 21.53 21.53
2001-05-08 22.1 22.2 21.78 21.78
2001-05-10 21.98 22.1 21.86 21.86
2001-05-11 22.2 22.48 22.1 22.1
2001-05-29 21.5 21.73 21.4 21.4
2001-05-30 21.88 21.88 21.55 21.55
2001-06-05 21.55 21.9 21.45 21.45
2001-06-06 22.15 22.18 21.6 21.6
2001-06-15 22.0 22.19 21.5 21.5
2001-06-25 22.49 22.75 21.8 21.8
2001-07-10 21.49 21.55 21.32 21.32
2001-07-25 20.22 20.47 20.2 20.2
2001-08-21 18.0 18.18 17.96 17.96
2001-08-23 17.75 17.79 17.4 17.4
2001-09-03 17.74 17.83 17.65 17.65
2001-10-09 16.8 16.99 16.52 16.52
2001-11-01 15.6 15.66 15.31 15.31
2001-11-13 14.1 14.26 14.01 14.01
2001-11-14 14.27 14.39 14.12 14.12
2001-11-15 14.51 14.56 14.3 14.3
2001-11-22 15.6 15.74 15.35 15.35
2001-12-07 16.21 16.38 16.14 16.14
2001-12-14 15.38 15.67 15.36 15.36
2001-12-21 15.09 15.1 14.77 14.77
2002-01-31 13.71 13.71 12.68 12.68
2002-03-05 14.36 14.44 14.0 14.0
2002-03-19 15.42 15.44 14.95 14.95
2002-04-12 16.18 16.35 16.02 16.02
2002-04-16 16.09 16.29 15.92 15.92
2002-04-26 16.07 16.19 15.88 15.88
2002-05-17 14.55 14.65 14.26 14.26
2002-05-23 14.75 15.08 14.7 14.7
2002-06-07 14.45 14.65 14.3 14.3
2002-08-20 12.26 12.31 11.96 11.96
2002-09-03 12.52 12.6 12.45 12.45
2002-10-16 10.76 10.9 10.65 10.65
2002-10-31 10.42 10.56 10.4 10.4
2002-11-05 10.9 10.97 10.7 10.7
2002-11-06 10.84 10.93 10.82 10.82
2003-01-03 8.87 8.92 8.8 8.8
2003-01-08 9.11 9.15 8.56 8.56
2003-01-15 9.7 10.05 9.62 9.62
2003-01-27 9.9 9.93 9.71 9.71
2003-03-12 9.43 9.44 9.35 9.35
2003-03-14 9.3 9.39 9.18 9.18
2003-03-18 9.36 9.45 9.32 9.32
2003-03-20 9.41 9.49 9.37 9.37
2003-03-28 9.56 9.64 9.4 9.4
2003-03-31 9.75 9.78 9.6 9.6
2003-04-15 11.35 11.65 11.15 11.15
2003-04-17 11.31 11.43 10.87 10.87
2003-05-19 11.84 12.08 11.52 11.52
2003-05-21 11.6 11.78 11.5 11.5
2003-05-26 12.2 12.44 11.9 11.9
2003-06-10 11.45 11.5 11.35 11.35
2003-06-17 11.29 11.34 11.09 11.09
2003-07-04 11.83 11.9 11.6 11.6
2003-11-04 9.57 9.76 9.4 9.4
2003-11-24 10.01 10.05 9.55 9.55
2003-12-10 10.08 10.11 9.95 9.95
2003-12-26 10.03 10.22 10.02 10.02
2004-01-02 9.99 10.1 9.84 9.84
2004-01-06 10.54 10.56 10.16 10.16
2004-01-08 11.03 11.5 10.55 10.55
2004-01-09 11.33 11.77 11.3 11.3
2004-01-14 11.59 11.7 11.4 11.4
2004-02-04 11.67 11.68 11.44 11.44
2004-02-16 12.18 12.19 11.75 11.75
2004-03-22 13.01 13.2 12.93 12.93
2004-04-02 13.87 13.95 13.44 13.44
2004-04-15 14.42 14.69 13.8 13.8
2004-05-19 12.31 12.59 12.29 12.29
2004-06-01 12.16 12.18 11.81 11.81
2004-08-30 4.58 4.65 4.55 4.55
2004-09-14 4.57 4.6 4.39 4.39
2004-09-17 5.03 5.05 4.88 4.88
2004-09-20 5.31 5.35 5.05 5.05
2004-11-03 4.96 4.99 4.8 4.8
2004-11-15 5.26 5.3 5.15 5.15
2004-11-30 5.08 5.1 4.96 4.96
2004-12-21 4.77 4.85 4.75 4.75
2005-02-01 4.74 4.74 4.61 4.61
2005-02-02 4.97 4.97 4.7 4.7
2005-02-04 4.99 5.02 4.8 4.8
2005-03-31 5.37 5.39 5.22 5.22
2005-04-05 5.52 5.58 5.46 5.46
2005-04-08 5.79 5.84 5.68 5.68
2005-06-08 5.18 5.24 4.75 4.75
2005-06-15 4.8 4.83 4.7 4.7
2005-06-27 4.96 5.08 4.91 4.91
2005-07-26 5.05 5.05 4.87 4.87
2005-08-05 5.08 5.13 5.01 5.01
2005-08-08 5.19 5.25 5.1 5.1
2005-08-31 5.02 5.07 4.81 4.81
2005-09-02 5.14 5.21 5.11 5.11
2005-12-06 4.43 4.47 4.4 4.4
2006-01-11 5.03 5.06 4.85 4.85
2006-02-20 4.98 5.02 4.95 4.95
2006-03-01 5.0 5.02 4.93 4.93
2006-10-16 6.01 6.08 5.82 5.82
2006-12-27 6.33 6.47 6.12 6.12
2007-01-24 8.28 8.49 8.0 8.0
2007-04-18 10.63 10.78 10.27 10.27
2007-05-17 13.51 13.67 13.15 13.15
2007-05-22 15.74 16.03 14.8 14.8
2007-05-29 17.41 17.41 16.56 16.56
2007-06-26 12.3 12.3 11.5 11.5
2007-07-11 10.14 10.39 9.71 9.71
2007-07-13 10.97 11.23 10.53 10.53
2007-07-23 11.49 11.58 10.66 10.66
2007-08-20 12.39 12.47 12.06 12.06
2007-08-30 12.64 12.78 12.33 12.33
2007-09-14 14.4 14.98 13.9 13.9
2007-11-20 12.41 12.64 11.83 11.83
2007-12-17 13.99 14.4 13.8 13.8
2008-01-15 15.56 15.76 15.15 15.15
2008-01-18 16.05 16.35 15.57 15.57
2008-01-23 15.77 15.77 14.6 14.6
2008-04-30 15.94 16.13 15.35 15.35
2008-05-12 16.39 16.8 15.17 15.17
2008-07-07 13.17 13.25 12.7 12.7
2008-08-01 13.42 13.66 13.13 13.13
2008-09-04 9.82 9.85 9.55 9.55
2008-09-12 8.7 8.85 8.56 8.56
2008-11-19 8.77 8.77 8.03 8.03
2008-12-22 10.59 10.96 10.35 10.35
2008-12-30 10.42 10.64 10.31 10.31
2008-12-31 10.61 10.94 10.37 10.37
2009-01-08 10.54 10.72 10.5 10.5
2009-01-09 10.71 10.8 10.51 10.51
2009-03-04 13.86 14.0 13.12 13.12
2009-04-28 13.28 13.4 12.52 12.52
2009-06-01 14.4 14.65 14.15 14.15
2009-07-27 14.53 14.7 14.44 14.44
2009-08-10 16.56 16.93 16.21 16.21
2009-11-12 20.66 20.98 20.02 20.02
2009-12-28 19.44 19.59 19.2 19.2
2010-01-06 20.67 21.53 20.1 20.1
2010-05-04 23.05 23.23 21.51 21.51
2010-05-24 22.11 22.38 21.33 21.33
2010-08-02 13.9 13.91 13.29 13.29
2010-08-16 14.04 14.16 13.5 13.5
2010-08-30 14.35 14.36 13.73 13.73
2010-09-10 14.7 14.9 14.15 14.15
2010-09-27 13.86 13.95 13.63 13.63
2010-10-19 13.49 13.55 13.22 13.22
2010-11-08 14.93 14.98 14.65 14.65
2010-11-15 14.43 14.5 14.0 14.0
2011-01-28 12.04 12.06 11.8 11.8
2011-02-14 12.55 12.69 12.43 12.43
2011-02-16 12.9 13.01 12.45 12.45
2011-03-01 13.01 13.19 12.9 12.9
2011-03-14 12.92 12.94 12.59 12.59
2011-04-29 11.51 11.54 11.31 11.31
2011-06-24 10.34 10.41 10.05 10.05
2011-06-30 10.88 10.96 10.42 10.42
2011-07-07 11.5 11.69 11.22 11.22
2011-07-13 11.44 11.55 11.32 11.32
2011-08-26 10.59 10.79 10.4 10.4
2011-09-07 10.33 10.35 10.1 10.1
2011-10-27 9.64 9.81 9.54 9.54
2011-12-30 8.54 8.59 8.43 8.43
2012-01-17 8.61 8.62 8.16 8.16
2012-02-03 8.76 8.81 8.6 8.6
2012-03-07 9.27 9.42 9.12 9.12
2012-03-08 9.38 9.48 9.28 9.28
2012-05-10 10.15 10.3 9.81 9.81
2012-06-12 10.02 10.09 9.92 9.92
2012-06-29 10.31 10.32 10.03 10.03
2012-07-19 11.35 11.57 11.1 11.1
2012-08-01 11.22 11.25 10.9 10.9
2012-09-03 11.1 11.16 10.83 10.83
2012-10-08 10.81 10.95 10.7 10.7
2013-01-14 10.56 10.6 10.17 10.17
2013-01-17 10.88 11.09 10.78 10.78
2013-01-25 11.2 11.26 10.88 10.88
2013-02-05 11.07 11.14 10.81 10.81
2013-02-08 11.23 11.29 11.05 11.05
2013-03-05 11.89 12.02 11.67 11.67
2013-03-06 12.5 12.66 12.0 12.0
2013-07-12 11.19 11.48 11.19 11.19
2013-07-15 11.47 11.64 11.2 11.2
2013-07-18 11.33 11.45 11.1 11.1
2013-07-23 11.31 11.35 11.08 11.08
2013-08-01 11.68 11.74 11.42 11.42
2013-08-19 11.14 11.19 10.92 10.92
2013-08-26 11.42 11.47 11.21 11.21
2013-09-18 11.89 12.12 11.79 11.79
2013-09-25 13.17 13.57 12.3 12.3
2013-09-27 13.78 14.02 13.29 13.29
2013-10-10 14.81 14.89 14.0 14.0
2013-10-15 16.91 16.91 16.54 16.54
2013-11-18 19.08 19.54 18.6 18.6
2013-12-12 17.63 18.0 17.17 17.17
2013-12-18 19.37 19.55 18.15 18.15
2014-01-28 18.24 18.46 17.66 17.66
2014-03-03 22.57 23.1 21.81 21.81
2014-03-17 22.99 23.08 21.5 21.5
2014-06-05 19.68 19.69 19.31 19.31
2014-12-04 21.43 21.58 21.17 21.17
2015-04-17 27.27 27.27 27.27 27.27
2015-04-29 27.4 28.09 27.27 27.27
2015-05-21 29.16 29.31 28.55 28.55
2015-07-08 21.87 22.53 21.87 21.87
2015-07-17 27.35 27.77 26.12 26.12
2015-09-22 24.32 24.35 23.68 23.68
2015-10-08 24.11 24.11 24.11 24.11
2015-10-22 25.29 25.38 24.3 24.3
2015-10-23 26.13 26.8 25.88 25.88
2015-11-04 25.63 25.66 24.65 24.65
2015-12-07 26.0 26.27 25.3 25.3
2015-12-21 24.54 24.88 24.17 24.17
2016-04-26 19.08 19.18 18.9 18.9
2016-05-04 19.75 19.87 19.61 19.61
2016-05-31 19.28 19.3 18.66 18.66
2016-06-17 18.66 18.83 18.55 18.55
2016-06-27 18.71 18.76 18.39 18.39
2016-06-30 19.02 19.12 18.84 18.84
2016-08-02 21.19 21.23 20.87 20.87
2016-08-17 21.9 22.05 21.56 21.56
2016-08-22 21.9 22.15 21.57 21.57
2016-08-24 22.66 22.85 21.85 21.85
2016-09-14 23.2 23.42 23.02 23.02
2016-09-23 24.24 24.35 23.81 23.81
2016-12-07 23.31 23.35 23.17 23.17
2016-12-16 22.86 22.94 22.75 22.75
2016-12-29 22.95 23.15 22.85 22.85
2017-01-20 24.86 25.0 24.33 24.33
2017-02-03 25.15 25.36 24.93 24.93
2017-02-21 25.99 26.05 25.32 25.32
2017-03-10 25.8 25.92 25.47 25.47
2017-03-14 26.49 26.54 26.01 26.01
2017-03-20 27.61 27.75 26.9 26.9
2017-05-10 29.98 30.58 29.62 29.62
2017-07-11 29.49 29.73 29.0 29.0
2017-07-24 29.15 29.68 28.93 28.93
2017-07-25 29.58 29.92 29.16 29.16
2017-08-14 29.57 30.1 29.0 29.0
