2000-08-31 33.96 34.34 33.5 33.5
2000-09-08 31.86 32.0 31.38 31.38
2000-09-26 29.46 29.8 29.04 29.04
2000-09-29 31.38 31.58 29.65 29.65
2000-10-25 32.16 32.8 30.0 30.0
2000-11-30 30.62 30.85 30.34 30.34
2001-02-09 27.45 27.65 26.88 26.88
2001-02-13 27.01 27.36 26.88 26.88
2001-02-19 27.6 27.77 27.1 27.1
2001-02-20 27.46 28.1 27.4 27.4
2001-02-23 27.48 27.68 26.98 26.98
2001-02-27 27.7 27.96 27.55 27.55
2001-03-02 27.6 27.8 27.35 27.35
2001-03-05 27.7 27.8 27.6 27.6
2001-03-20 27.28 27.64 27.18 27.18
2001-03-27 28.39 28.72 27.8 27.8
2001-04-16 28.84 28.98 28.1 28.1
2001-05-09 28.6 28.89 28.5 28.5
2001-06-12 30.64 30.8 30.3 30.3
2001-06-13 31.18 31.47 30.8 30.8
2001-07-09 29.91 30.12 29.46 29.46
2001-09-18 23.35 23.68 23.1 23.1
2001-10-29 20.9 20.98 20.6 20.6
2001-11-14 18.39 18.56 18.38 18.38
2001-11-19 19.48 19.48 19.09 19.09
2001-11-20 19.98 20.16 19.51 19.51
2002-01-31 20.49 20.86 19.01 19.01
2002-03-08 22.46 22.77 22.2 22.2
2002-06-07 20.07 20.15 19.78 19.78
2002-07-19 21.01 21.18 20.85 20.85
2002-07-26 21.05 21.25 20.79 20.79
2002-08-14 20.31 20.5 20.21 20.21
2002-08-15 20.35 20.37 20.31 20.31
2002-09-09 21.76 22.2 21.46 21.46
2002-10-21 21.35 21.49 21.0 21.0
2002-11-07 22.56 22.75 22.3 22.3
2002-11-15 22.5 22.97 22.2 22.2
2003-01-23 21.5 22.1 21.22 21.22
2003-02-25 22.55 22.63 22.28 22.28
2003-03-12 24.85 24.89 24.11 24.11
2003-06-20 19.29 19.38 19.2 19.2
2003-07-02 18.49 18.5 18.1 18.1
2003-07-07 18.9 19.0 18.75 18.75
2003-07-15 19.29 19.43 18.88 18.88
2003-07-22 18.23 18.46 18.14 18.14
2003-10-31 16.14 16.38 16.05 16.05
2003-11-19 14.86 14.97 14.62 14.62
2003-12-15 16.88 17.47 16.05 16.05
2004-01-06 17.56 17.99 17.05 17.05
2004-03-05 19.9 20.26 19.58 19.58
2004-03-09 19.38 19.7 19.31 19.31
2004-03-11 20.55 20.76 19.9 19.9
2004-03-15 20.6 20.93 20.3 20.3
2004-07-02 16.01 16.15 15.71 15.71
2004-07-06 16.14 16.26 15.97 15.97
2004-09-15 12.81 13.13 12.34 12.34
2004-09-20 14.08 14.09 13.59 13.59
2004-11-09 12.83 12.95 12.6 12.6
2004-11-10 13.39 13.43 12.8 12.8
2004-11-16 13.52 13.58 13.4 13.4
2004-11-18 13.46 13.55 13.31 13.31
2004-11-19 13.71 13.8 13.49 13.49
2005-04-05 12.39 12.52 12.05 12.05
2005-05-20 8.33 8.46 8.28 8.28
2005-05-24 8.29 8.36 8.05 8.05
2005-05-30 8.78 9.0 8.39 8.39
2005-07-22 2.89 2.95 2.8 2.8
2005-07-27 3.11 3.14 2.96 2.96
2005-08-03 3.26 3.32 3.18 3.18
2007-01-05 3.7 3.72 3.49 3.49
2007-03-07 5.32 5.37 5.23 5.23
2007-05-23 8.47 8.48 8.01 8.01
2009-02-12 3.29 3.29 3.0 3.0
2009-02-19 3.09 3.15 3.02 3.02
2009-04-16 4.96 4.96 4.55 4.55
2009-11-06 4.26 4.38 4.19 4.19
2010-07-14 4.1 4.14 4.05 4.05
2010-07-22 4.26 4.29 4.21 4.21
2010-08-09 4.56 4.59 4.51 4.51
2010-12-13 4.51 4.58 4.41 4.41
2011-02-10 4.52 4.54 4.46 4.46
2011-03-09 5.0 5.08 4.99 4.99
2011-04-07 5.32 5.35 5.24 5.24
2011-05-31 4.86 4.89 4.83 4.83
2012-03-02 3.25 3.26 3.19 3.19
2012-08-31 3.13 3.17 3.07 3.07
2012-09-07 3.25 3.32 3.17 3.17
2012-10-09 3.25 3.25 3.17 3.17
2012-10-26 3.75 3.93 3.51 3.51
2013-04-10 3.44 3.59 3.35 3.35
2013-07-23 2.95 2.97 2.89 2.89
2013-10-10 3.26 3.36 3.2 3.2
2014-05-08 4.16 4.27 4.08 4.08
2014-08-08 4.69 4.75 4.62 4.62
2014-09-01 5.39 5.45 5.32 5.32
2014-11-20 5.4 5.43 5.36 5.36
2014-11-21 5.49 5.6 5.4 5.4
2015-05-25 13.17 13.17 13.17 13.17
2015-07-08 9.99 9.99 9.99 9.99
2015-07-09 10.99 10.99 8.99 8.99
2015-07-16 9.22 10.1 9.14 9.14
2015-11-04 7.2 7.26 6.81 6.81
2015-11-06 7.6 7.76 7.3 7.3
2017-08-21 6.24 6.29 6.05 6.05
