2000-09-27 18.09 18.46 17.5 17.5
2000-09-29 18.19 18.68 17.77 17.77
2000-10-12 18.9 19.27 18.61 18.61
2000-11-06 20.95 20.98 20.4 20.4
2000-11-22 20.8 21.1 20.63 20.63
2000-12-01 20.6 20.65 20.25 20.25
2000-12-12 20.0 20.25 19.82 19.82
2000-12-20 21.38 21.5 20.12 20.12
2000-12-22 21.53 21.75 21.45 21.45
2000-12-25 22.1 22.35 21.66 21.66
2000-12-29 21.91 22.03 21.75 21.75
2001-01-02 22.36 22.5 22.01 22.01
2001-01-09 21.7 21.89 21.45 21.45
2001-01-10 21.8 21.97 21.66 21.66
2001-01-18 20.63 20.81 20.6 20.6
2001-02-27 19.58 19.59 19.33 19.33
2001-03-01 19.65 19.68 19.5 19.5
2001-03-07 19.52 19.6 19.5 19.5
2001-03-26 20.79 20.81 20.38 20.38
2001-03-27 20.97 20.97 20.75 20.75
2001-05-14 21.46 21.6 21.23 21.23
2001-05-29 21.88 22.07 21.75 21.75
2001-06-04 22.91 23.05 22.51 22.51
2001-06-13 23.92 24.08 23.3 23.3
2001-06-21 23.39 23.5 22.91 22.91
2001-06-28 23.86 24.62 23.5 23.5
2001-07-20 23.23 23.26 22.72 22.72
2001-08-01 21.13 21.2 20.35 20.35
2001-08-09 21.08 21.1 20.7 20.7
2001-08-21 21.0 21.1 20.95 20.95
2001-09-05 20.37 20.6 20.3 20.3
2001-09-21 19.75 19.8 19.6 19.6
2001-09-25 19.88 20.05 19.72 19.72
2001-11-14 19.88 20.1 19.4 19.4
2001-11-27 21.18 21.18 20.7 20.7
2001-11-30 20.8 20.94 20.56 20.56
2001-12-06 21.23 21.79 20.78 20.78
2001-12-12 21.09 21.29 20.9 20.9
2002-01-29 16.77 16.81 16.0 16.0
2002-02-04 18.36 18.4 17.88 17.88
2002-02-08 18.21 18.4 17.8 17.8
2002-02-27 19.09 19.25 18.4 18.4
2002-02-28 19.28 19.43 19.0 19.0
2002-03-01 19.31 19.38 19.0 19.0
2002-03-13 19.29 19.54 19.01 19.01
2002-03-14 20.17 20.48 19.29 19.29
2002-04-03 18.1 18.2 17.92 17.92
2002-04-05 19.12 19.39 18.5 18.5
2002-04-09 19.11 19.18 18.71 18.71
2002-04-16 18.16 18.4 18.1 18.1
2002-04-23 18.75 18.8 18.54 18.54
2002-05-08 19.57 19.9 19.1 19.1
2002-05-13 19.67 19.8 19.1 19.1
2002-05-14 19.68 19.83 19.58 19.58
2002-06-18 20.09 20.15 19.0 19.0
2002-06-20 20.14 20.49 19.85 19.85
2002-06-21 20.69 20.83 20.0 20.0
2002-07-05 20.92 21.16 20.6 20.6
2002-07-15 21.1 21.1 20.56 20.56
2002-07-23 21.03 21.1 20.89 20.89
2002-07-25 20.96 21.04 20.75 20.75
2002-07-26 21.07 21.25 20.68 20.68
2002-08-06 20.95 21.2 20.76 20.76
2002-08-14 20.35 20.5 20.25 20.25
2002-09-10 21.25 21.28 20.35 20.35
2002-10-31 20.47 20.6 20.3 20.3
2002-11-05 20.69 20.97 20.44 20.44
2002-11-21 18.22 18.25 18.08 18.08
2002-12-19 18.8 18.86 18.4 18.4
2002-12-20 19.29 19.29 18.7 18.7
2003-01-03 19.93 20.19 19.92 19.92
2003-01-08 20.25 20.28 19.5 19.5
2003-01-27 19.0 19.1 18.85 18.85
2003-02-17 20.46 20.7 20.1 20.1
2003-02-25 19.9 19.9 19.53 19.53
2003-03-11 19.3 19.45 19.29 19.29
2003-04-01 18.8 18.84 18.7 18.7
2003-04-04 18.74 18.74 18.54 18.54
2003-05-15 16.49 16.73 16.11 16.11
2003-05-27 15.97 16.03 15.6 15.6
2003-06-03 16.83 16.97 16.05 16.05
2003-06-04 17.13 17.5 16.83 16.83
2003-06-11 16.83 16.97 16.66 16.66
2003-06-16 17.28 17.35 17.0 17.0
2003-06-26 17.57 17.87 17.0 17.0
2003-08-07 15.84 16.0 15.8 15.8
2003-08-28 14.7 14.92 14.0 14.0
2003-09-11 13.55 13.69 13.52 13.52
2003-09-19 12.57 12.67 12.45 12.45
2003-10-17 11.75 11.88 11.68 11.68
2003-10-23 11.21 11.54 11.05 11.05
2003-11-20 9.17 9.3 8.94 8.94
2003-11-24 9.26 9.27 8.84 8.84
2003-12-02 9.81 10.06 9.78 9.78
2003-12-23 8.52 8.69 8.3 8.3
2004-01-02 8.9 8.96 8.79 8.79
2004-01-12 8.59 8.75 8.5 8.5
2004-02-16 11.97 11.99 11.28 11.28
2004-03-09 13.27 13.73 13.2 13.2
2004-03-10 13.66 13.68 13.1 13.1
2004-03-17 14.06 14.2 13.7 13.7
2004-03-19 13.8 13.8 13.4 13.4
2004-03-22 14.17 14.5 13.82 13.82
2004-03-23 14.25 14.45 13.66 13.66
2004-03-30 13.65 13.73 13.5 13.5
2004-04-13 13.4 13.51 13.1 13.1
2004-04-15 13.43 14.14 12.9 12.9
2004-04-22 13.5 14.05 13.3 13.3
2004-04-28 10.8 11.1 10.26 10.26
2004-04-29 10.77 11.1 10.6 10.6
2004-05-18 9.63 9.67 9.33 9.33
2004-05-21 9.5 9.72 9.28 9.28
2004-05-27 9.35 9.69 9.09 9.09
2004-06-02 10.47 10.5 9.92 9.92
2004-06-10 9.05 9.21 8.9 8.9
2004-07-01 8.68 8.77 8.3 8.3
2004-07-19 9.36 9.79 9.0 9.0
2004-08-03 8.8 8.96 8.65 8.65
2004-08-09 9.11 9.15 8.8 8.8
2004-08-18 8.76 8.78 8.65 8.65
2004-08-27 9.2 9.35 8.8 8.8
2004-09-27 11.81 12.2 11.71 11.71
2004-10-12 12.64 13.1 12.5 12.5
2004-10-18 11.37 11.5 11.18 11.18
2004-10-27 12.02 12.02 11.03 11.03
2004-11-18 10.18 10.24 10.0 10.0
2004-11-29 10.22 10.45 10.2 10.2
2004-12-14 9.9 9.96 9.8 9.8
2004-12-16 10.11 10.11 9.9 9.9
2004-12-22 10.16 10.19 9.8 9.8
2004-12-24 9.9 10.05 9.83 9.83
2005-01-12 9.67 9.72 9.52 9.52
2005-01-18 9.46 9.56 9.39 9.39
2005-02-02 9.52 9.59 8.97 8.97
2005-02-17 9.69 9.72 9.58 9.58
2005-02-21 9.69 9.74 9.48 9.48
2005-02-22 10.27 10.28 9.67 9.67
2005-02-24 10.22 10.33 10.12 10.12
2005-02-25 10.56 11.1 10.21 10.21
2005-02-28 11.24 11.45 10.56 10.56
2005-03-08 11.68 11.8 11.3 11.3
2005-03-25 8.67 8.86 8.51 8.51
2005-04-11 8.61 8.67 8.45 8.45
2005-04-13 8.59 8.6 8.32 8.32
2005-04-28 6.23 6.3 5.92 5.92
2005-05-11 6.03 6.16 6.0 6.0
2005-05-19 5.88 5.94 5.69 5.69
2005-06-09 6.36 6.56 6.13 6.13
2005-06-23 6.24 6.55 6.15 6.15
2005-07-18 5.77 5.84 5.6 5.6
2005-07-22 6.31 6.45 6.13 6.13
2005-10-21 8.4 8.46 8.3 8.3
2005-11-02 7.2 7.24 6.98 6.98
2005-11-08 7.44 7.45 7.18 7.18
2005-11-11 7.08 7.14 6.91 6.91
2005-11-18 7.47 7.55 7.25 7.25
2005-12-07 7.48 7.54 7.2 7.2
2005-12-14 7.71 7.73 7.54 7.54
2005-12-22 7.76 7.78 7.62 7.62
2005-12-29 8.16 8.19 8.02 8.02
2006-01-04 8.11 8.14 7.95 7.95
2006-01-09 8.86 9.18 8.48 8.48
2006-02-06 9.15 9.18 8.9 8.9
2006-02-14 8.97 8.98 8.7 8.7
2006-02-20 8.63 8.88 8.0 8.0
2006-03-06 9.37 9.75 8.9 8.9
2006-03-10 9.27 9.48 9.0 9.0
2006-03-15 9.45 9.54 9.0 9.0
2006-06-12 10.92 10.92 10.92 10.92
2006-06-13 12.01 12.01 12.01 12.01
2006-06-14 13.21 13.21 13.21 13.21
2006-06-27 17.6 17.64 17.22 17.22
2006-06-28 17.91 17.95 17.3 17.3
2006-07-10 19.65 19.68 19.2 19.2
2006-07-11 20.22 20.3 19.4 19.4
2006-07-12 21.21 21.98 20.23 20.23
2006-10-11 19.42 19.59 19.1 19.1
2006-10-24 18.84 18.87 18.41 18.41
2006-11-01 16.39 16.49 16.3 16.3
2006-11-22 17.37 17.47 17.0 17.0
2006-12-01 23.79 23.79 22.05 22.05
2006-12-11 25.78 25.95 23.43 23.43
2006-12-14 27.79 28.8 26.2 26.2
2007-01-16 30.89 31.15 29.6 29.6
2007-02-02 27.45 28.89 26.9 26.9
2007-02-07 29.77 30.5 28.28 28.28
2007-03-12 39.19 39.19 36.7 36.7
2007-03-26 23.83 23.95 22.61 22.61
2007-04-02 21.78 21.95 21.5 21.5
2007-04-20 21.22 21.49 20.54 20.54
2007-07-09 27.35 27.69 26.94 26.94
2007-08-01 41.05 43.18 39.5 39.5
2007-08-02 45.0 45.0 41.48 41.48
2007-08-23 40.8 41.65 38.05 38.05
2007-08-28 38.21 39.0 36.41 36.41
2007-09-17 39.02 39.79 37.1 37.1
2007-09-28 39.24 39.45 38.02 38.02
2007-10-19 37.57 38.11 36.8 36.8
2007-10-30 23.36 24.08 22.29 22.29
2007-12-28 24.17 24.17 23.01 23.01
2008-01-07 29.59 29.99 27.36 27.36
2008-01-24 25.0 25.17 23.92 23.92
2008-01-29 24.64 24.9 23.45 23.45
2008-02-19 24.41 24.47 23.58 23.58
2008-03-07 21.24 21.89 20.91 20.91
2008-04-07 18.64 18.79 17.01 17.01
2008-05-28 16.31 16.4 15.21 15.21
2008-05-30 15.64 15.7 15.2 15.2
2008-07-02 10.67 10.7 10.3 10.3
2008-07-24 13.35 13.5 12.41 12.41
2008-08-07 11.83 11.88 11.41 11.41
2008-09-24 7.21 7.23 6.72 6.72
2008-10-16 6.7 6.98 6.5 6.5
2008-11-10 7.29 7.3 6.9 6.9
2008-12-03 8.79 8.88 8.21 8.21
2009-02-06 10.93 10.93 10.0 10.0
2009-03-10 15.64 15.69 15.14 15.14
2009-04-13 22.34 22.34 20.48 20.48
2009-07-14 13.83 13.83 12.58 12.58
2009-07-23 14.77 15.09 14.03 14.03
2009-09-01 9.43 9.93 8.94 8.94
2009-10-09 9.93 9.94 9.4 9.4
2009-10-23 11.45 11.65 11.06 11.06
2009-11-30 11.24 11.27 10.96 10.96
2010-01-15 9.83 9.98 9.68 9.68
2010-01-18 10.19 10.25 9.83 9.83
2010-01-25 9.81 10.19 9.56 9.56
2010-02-25 9.58 9.64 9.29 9.29
2010-06-30 5.2 5.25 5.1 5.1
2010-07-01 5.21 5.3 5.15 5.15
2010-07-06 5.36 5.44 5.31 5.31
2010-07-14 5.57 5.63 5.5 5.5
2010-07-19 5.57 5.6 5.38 5.38
2010-07-20 5.74 5.78 5.57 5.57
2010-09-07 6.48 6.58 6.35 6.35
2010-09-21 6.0 6.04 5.9 5.9
2010-10-28 6.74 6.85 6.38 6.38
2010-11-11 6.66 6.85 6.6 6.6
2010-11-24 6.27 6.37 6.19 6.19
2011-01-21 5.77 6.0 5.66 5.66
2011-03-08 6.38 6.48 6.1 6.1
2011-03-18 5.91 5.94 5.85 5.85
2011-05-18 5.69 5.72 5.59 5.59
2011-06-10 4.99 5.02 4.9 4.9
2011-06-21 4.89 4.91 4.84 4.84
2011-07-04 5.2 5.21 5.06 5.06
2011-07-13 4.99 5.0 4.92 4.92
2011-08-04 4.62 4.68 4.59 4.59
2011-08-23 4.3 4.33 4.21 4.21
2011-08-26 4.45 4.65 4.41 4.41
2011-08-29 4.37 4.46 4.37 4.37
2011-10-12 3.88 3.89 3.73 3.73
2011-10-26 3.9 3.96 3.79 3.79
2011-10-28 4.34 4.38 4.05 4.05
2011-11-14 4.28 4.29 4.2 4.2
2011-11-24 3.92 4.02 3.79 3.79
2012-01-10 3.25 3.28 3.16 3.16
2012-01-17 3.24 3.24 3.08 3.08
2012-01-20 3.31 3.33 3.27 3.27
2012-01-31 3.28 3.31 3.21 3.21
2012-02-22 3.59 3.62 3.5 3.5
2012-04-18 3.99 4.04 3.84 3.84
2012-06-13 4.15 4.17 4.05 4.05
2012-06-18 4.06 4.07 4.0 4.0
2012-08-06 3.42 3.43 3.35 3.35
2012-11-15 3.29 3.36 3.29 3.29
2012-11-23 3.35 3.4 3.33 3.33
2012-11-30 3.16 3.23 3.08 3.08
2012-12-05 3.36 3.38 3.23 3.23
2012-12-07 3.41 3.42 3.34 3.34
2012-12-31 3.82 4.0 3.7 3.7
2013-01-18 3.82 3.84 3.72 3.72
2013-02-08 3.99 4.02 3.89 3.89
2013-02-22 3.83 3.88 3.77 3.77
2013-03-11 3.9 3.97 3.75 3.75
2013-04-01 3.57 3.67 3.55 3.55
2013-04-10 3.57 3.6 3.55 3.55
2013-04-16 3.52 3.53 3.41 3.41
2013-04-24 3.44 3.48 3.42 3.42
2013-05-08 3.49 3.52 3.46 3.46
2013-05-10 3.49 3.5 3.41 3.41
2013-05-13 3.53 3.56 3.5 3.5
2013-06-28 3.11 3.18 3.0 3.0
2013-07-09 3.05 3.08 3.03 3.03
2013-09-09 3.42 3.45 3.31 3.31
2013-09-23 3.5 3.51 3.42 3.42
2013-10-18 3.36 3.39 3.31 3.31
2013-11-15 3.16 3.18 3.11 3.11
2013-11-26 3.21 3.21 3.18 3.18
2013-12-27 2.87 2.88 2.83 2.83
2014-01-21 2.68 2.7 2.65 2.65
2014-02-07 2.77 2.78 2.73 2.73
2014-02-10 2.82 2.83 2.75 2.75
2014-02-20 2.85 2.87 2.83 2.83
2014-03-24 3.6 3.6 3.6 3.6
2014-03-25 3.96 3.96 3.96 3.96
2014-06-05 3.03 3.03 2.96 2.96
2014-06-11 3.1 3.12 3.02 3.02
2014-07-10 3.06 3.07 3.02 3.02
2014-07-14 3.15 3.16 3.11 3.11
2014-07-18 3.17 3.2 3.1 3.1
2014-07-22 3.17 3.19 3.15 3.15
2014-07-24 3.34 3.5 3.18 3.18
2014-11-03 3.74 3.74 3.74 3.74
2014-12-25 4.53 4.53 4.44 4.44
2015-01-05 5.32 5.32 4.89 4.89
2015-07-06 5.85 5.85 5.85 5.85
2015-07-08 4.74 4.74 4.74 4.74
2015-07-09 5.21 5.21 4.27 4.27
2015-07-10 5.73 5.73 5.21 5.21
2015-07-16 6.5 6.69 5.66 5.66
2015-08-07 5.94 5.99 5.74 5.74
2015-09-15 4.19 4.46 4.13 4.13
2015-09-22 4.48 4.58 4.43 4.43
2015-10-22 4.76 4.78 4.6 4.6
2015-11-04 5.25 5.3 5.03 5.03
2015-11-17 5.31 5.44 5.26 5.26
2015-12-17 6.43 6.72 6.15 6.15
2016-01-20 6.21 6.3 6.02 6.02
2016-01-29 5.07 5.18 4.92 4.92
2016-02-02 5.2 5.27 4.97 4.97
2016-03-07 5.89 5.95 5.58 5.58
2016-03-30 5.59 5.64 5.41 5.41
2016-04-11 5.48 5.48 5.33 5.33
2016-04-13 5.53 5.61 5.46 5.46
2016-05-27 5.0 5.02 4.94 4.94
2016-05-31 5.14 5.15 4.98 4.98
2016-06-20 5.0 5.03 4.95 4.95
2016-06-21 5.1 5.2 5.0 5.0
2016-06-22 5.17 5.2 5.07 5.07
2016-09-27 5.87 5.87 5.37 5.37
2016-11-02 6.5 6.9 6.3 6.3
2016-11-22 6.12 6.13 6.06 6.06
2016-11-25 6.26 6.35 6.15 6.15
2016-12-01 6.22 6.25 6.11 6.11
2016-12-13 5.85 5.85 5.71 5.71
2017-01-03 5.93 5.94 5.79 5.79
2017-01-06 5.97 5.97 5.89 5.89
2017-02-22 5.86 5.87 5.8 5.8
2017-03-08 5.84 5.86 5.76 5.76
2017-05-25 4.91 4.91 4.91 4.91
2017-06-07 5.28 5.38 5.1 5.1
2017-07-03 5.01 5.01 4.95 4.95
2017-07-27 5.01 5.03 4.81 4.81
2017-08-25 4.7 4.73 4.6 4.6
