1996-05-15 8.0 8.05 7.88 7.88
1996-06-28 7.04 7.32 6.75 6.75
1996-07-31 7.75 7.8 7.64 7.64
1996-08-27 7.2 7.25 7.0 7.0
1996-09-02 7.8 7.86 7.65 7.65
1996-09-04 8.6 8.6 7.8 7.8
1996-11-25 7.38 7.38 7.11 7.11
1996-11-29 8.6 8.86 8.0 8.0
1996-12-17 7.85 7.85 7.85 7.85
1996-12-18 8.6 8.62 7.11 7.11
1996-12-25 7.38 7.45 7.0 7.0
1997-02-20 7.62 7.75 7.04 7.04
1997-02-21 8.15 8.18 7.65 7.65
1997-05-06 9.74 10.25 9.73 9.73
1997-05-12 10.0 10.12 9.35 9.35
1997-05-30 8.7 8.7 8.4 8.4
1997-06-20 8.16 8.25 7.68 7.68
1997-06-25 8.0 8.1 7.9 7.9
1997-07-04 7.39 7.45 7.2 7.2
1997-07-14 8.03 8.03 7.61 7.61
1997-08-29 10.12 10.12 9.5 9.5
1997-09-05 10.95 11.3 10.5 10.5
1997-09-09 11.27 12.0 11.21 11.21
1998-04-13 13.07 13.4 12.6 12.6
1998-05-29 9.94 10.06 9.32 9.32
1998-06-01 10.54 10.68 10.18 10.18
1998-06-19 11.0 11.3 10.79 10.79
1998-07-30 12.37 12.4 11.83 11.83
1998-08-19 10.95 10.98 10.2 10.2
1998-12-25 9.24 9.4 9.24 9.24
1999-01-14 8.98 9.06 8.91 8.91
1999-03-26 8.47 8.52 8.44 8.44
1999-04-02 8.85 8.89 8.68 8.68
1999-05-11 7.86 7.87 7.57 7.57
1999-05-19 7.31 7.34 6.9 6.9
1999-06-08 8.3 8.45 8.01 8.01
1999-06-14 9.23 9.4 8.75 8.75
1999-06-16 9.1 9.14 8.67 8.67
1999-06-23 10.32 10.48 10.0 10.0
1999-07-28 9.0 9.22 8.86 8.86
1999-08-03 9.15 9.18 8.95 8.95
1999-08-19 8.55 8.55 8.15 8.15
1999-08-26 8.32 8.44 8.11 8.11
1999-10-26 7.4 7.44 7.35 7.35
2000-03-15 8.67 8.96 8.44 8.44
2000-08-28 12.54 12.59 12.1 12.1
2000-09-12 10.65 10.7 10.43 10.43
2000-09-20 10.0 10.0 9.72 9.72
2000-09-26 9.79 9.82 9.62 9.62
2000-09-29 9.74 9.83 9.7 9.7
2000-10-09 9.94 9.95 9.74 9.74
2000-11-01 10.48 10.55 10.31 10.31
2000-11-08 10.46 10.6 10.4 10.4
2000-11-13 10.79 10.89 10.72 10.72
2000-11-21 10.84 11.05 10.75 10.75
2000-11-28 10.49 10.58 10.35 10.35
2000-12-29 10.94 11.03 10.88 10.88
2001-01-08 11.26 11.4 11.2 11.2
2001-01-10 11.18 11.29 11.08 11.08
2001-01-11 11.47 11.6 11.2 11.2
2001-03-07 10.2 10.2 10.11 10.11
2001-03-27 10.78 10.88 10.58 10.58
2001-06-15 10.87 10.98 10.8 10.8
2001-06-21 10.58 10.6 10.51 10.51
2001-06-22 10.65 10.75 10.6 10.6
2001-10-09 9.13 9.22 9.0 9.0
2001-11-19 8.59 8.64 8.46 8.46
2001-11-20 8.79 8.83 8.6 8.6
2001-11-22 8.97 8.98 8.72 8.72
2001-11-27 8.92 8.93 8.78 8.78
2001-11-30 9.05 9.06 8.85 8.85
2001-12-03 9.2 9.3 9.05 9.05
2002-01-31 7.29 7.38 6.82 6.82
2002-04-09 8.33 8.36 8.17 8.17
2002-04-29 8.46 8.57 8.4 8.4
2002-06-21 7.96 8.0 7.69 7.69
2002-08-19 8.32 8.37 8.3 8.3
2002-08-20 8.47 8.49 8.32 8.32
2002-08-27 8.66 8.69 8.56 8.56
2002-09-23 8.11 8.14 8.08 8.08
2002-09-26 8.09 8.19 8.08 8.08
2002-11-04 7.85 7.85 7.76 7.76
2002-11-05 7.97 8.02 7.85 7.85
2002-12-16 6.82 6.87 6.74 6.74
2002-12-20 6.85 6.92 6.74 6.74
2003-02-13 7.05 7.16 7.03 7.03
2003-02-14 7.06 7.1 7.0 7.0
2003-02-24 6.88 6.94 6.85 6.85
2003-02-25 7.0 7.03 6.88 6.88
2003-03-04 7.04 7.09 7.0 7.0
2003-07-28 6.42 6.46 6.4 6.4
2003-07-29 6.48 6.53 6.43 6.43
2003-08-06 6.48 6.48 6.45 6.45
2003-08-12 6.41 6.45 6.35 6.35
2003-08-19 6.2 6.48 5.8 5.8
2003-11-04 5.75 5.85 5.61 5.61
2003-11-24 5.59 5.62 5.34 5.34
2004-03-24 6.83 6.9 6.68 6.68
2004-06-15 6.22 6.29 6.05 6.05
2004-07-06 6.14 6.22 6.02 6.02
2004-08-13 6.02 6.08 6.0 6.0
2004-09-15 5.66 5.71 5.25 5.25
2004-09-23 6.26 6.27 5.72 5.72
2005-01-14 5.22 5.31 5.21 5.21
2005-02-22 4.9 4.91 4.75 4.75
2005-04-07 4.37 4.55 4.31 4.31
2005-04-08 4.71 4.73 4.34 4.34
2005-05-30 4.24 4.25 4.19 4.19
2005-08-05 4.11 4.11 4.01 4.01
2005-08-30 4.25 4.26 4.1 4.1
2005-08-31 4.3 4.31 4.2 4.2
2005-11-23 4.11 4.13 4.07 4.07
2006-01-09 4.32 4.33 4.28 4.28
2006-01-20 4.95 5.08 4.87 4.87
2006-03-31 5.37 5.49 4.99 4.99
2006-10-24 3.8 3.81 3.71 3.71
2006-11-30 4.11 4.2 3.83 3.83
2007-02-09 7.24 7.24 7.24 7.24
2007-04-23 13.07 13.2 12.48 12.48
2007-04-27 13.83 14.1 13.28 13.28
2007-04-30 15.21 15.21 14.21 14.21
2007-07-23 14.8 14.85 14.02 14.02
2008-01-02 18.88 18.94 18.16 18.16
2008-05-19 19.48 19.74 18.88 18.88
2008-11-10 4.58 4.59 4.25 4.25
2009-03-30 7.31 7.46 7.09 7.09
2009-07-08 11.1 11.1 10.2 10.2
2009-10-14 9.14 9.45 8.75 8.75
2010-01-07 9.49 9.94 9.08 9.08
2010-05-26 6.59 6.67 6.51 6.51
2010-08-13 6.56 6.58 6.44 6.44
2010-08-19 6.86 6.93 6.78 6.78
2011-01-04 6.72 6.73 6.61 6.61
2011-06-24 5.75 5.81 5.61 5.61
2011-08-12 6.01 6.1 5.58 5.58
2011-12-26 3.98 4.05 3.98 3.98
2011-12-30 3.98 4.0 3.93 3.93
2012-01-10 3.96 3.97 3.8 3.8
2012-01-17 4.21 4.21 3.83 3.83
2012-01-20 4.1 4.13 4.07 4.07
2012-02-23 4.35 4.41 4.32 4.32
2012-04-11 4.05 4.09 3.88 3.88
2012-04-13 4.26 4.35 4.18 4.18
2012-05-17 4.41 4.5 4.2 4.2
2012-06-26 4.59 4.59 4.59 4.59
2012-09-05 3.91 3.98 3.88 3.88
2012-11-12 3.75 3.79 3.7 3.7
2013-01-18 3.87 3.87 3.82 3.82
2013-01-21 3.93 3.98 3.85 3.85
2013-01-29 3.87 3.95 3.78 3.78
2013-04-02 3.99 4.01 3.76 3.76
2013-05-03 3.51 3.53 3.46 3.46
2013-05-30 3.62 3.63 3.6 3.6
2013-07-11 3.17 3.2 3.08 3.08
2013-07-15 3.14 3.18 3.07 3.07
2013-07-22 2.98 3.0 2.95 2.95
2013-07-23 3.04 3.05 2.98 2.98
2013-09-03 3.5 3.59 3.33 3.33
2013-09-10 3.92 3.92 3.58 3.58
2013-10-14 3.78 3.82 3.71 3.71
2013-11-12 3.64 3.67 3.51 3.51
2013-12-03 3.85 3.87 3.68 3.68
2013-12-05 4.66 4.66 4.66 4.66
2014-01-14 3.43 3.44 3.36 3.36
2014-01-21 3.46 3.49 3.39 3.39
2014-01-24 3.58 3.58 3.53 3.53
2014-03-17 3.68 3.68 3.63 3.63
2014-05-08 3.43 3.47 3.39 3.39
2014-07-11 3.6 3.77 3.48 3.48
2014-08-18 3.97 4.04 3.91 3.91
2015-01-21 5.88 5.98 5.67 5.67
2015-02-12 5.9 5.94 5.8 5.8
2015-02-16 6.1 6.12 5.95 5.95
2015-02-17 6.39 6.45 6.11 6.11
2015-06-12 10.11 10.11 10.11 10.11
2015-06-15 11.12 11.12 11.12 11.12
2015-06-16 12.23 12.23 12.23 12.23
2015-06-17 13.45 13.45 13.45 13.45
2015-06-18 14.8 14.8 14.8 14.8
2015-06-24 15.9 15.9 14.22 14.22
2015-07-14 14.39 14.39 14.39 14.39
2015-08-07 16.12 16.12 15.08 15.08
2015-08-28 14.2 14.23 13.12 13.12
2015-10-12 12.78 12.89 12.26 12.26
2015-11-04 14.95 15.02 14.2 14.2
2016-03-15 11.91 12.28 11.81 11.81
2016-03-18 12.24 12.44 11.94 11.94
2016-04-11 12.56 12.67 12.25 12.25
2017-03-31 10.61 10.65 10.32 10.32
