2006-10-24 9.5 9.54 9.34 9.34
2006-10-31 9.76 9.95 9.69 9.69
2006-12-11 11.3 11.31 10.83 10.83
2006-12-15 13.03 13.28 12.16 12.16
2006-12-27 13.98 14.27 13.92 13.92
2007-01-16 16.99 17.1 16.46 16.46
2007-02-09 18.21 18.58 18.02 18.02
2007-02-13 20.24 21.0 19.2 19.2
2007-02-26 22.13 22.25 21.0 21.0
2007-03-02 19.66 20.15 18.9 18.9
2007-04-20 21.99 22.37 21.4 21.4
2007-05-28 26.03 26.45 24.72 24.72
2007-06-07 25.0 25.2 23.75 23.75
2007-06-25 26.85 27.35 25.73 25.73
2007-07-09 23.29 23.7 23.0 23.0
2007-07-31 25.88 26.48 24.88 24.88
2007-08-24 31.05 31.26 30.01 30.01
2007-08-30 35.0 35.01 32.25 32.25
2007-09-18 48.87 49.8 45.5 45.5
2007-09-19 47.8 49.68 46.01 46.01
2007-10-23 50.26 50.5 47.17 47.17
2007-10-31 52.46 53.19 49.05 49.05
2008-01-23 56.98 57.0 52.2 52.2
2008-02-28 63.52 63.54 60.7 60.7
2008-11-10 55.44 55.44 55.44 55.44
2008-11-11 49.9 49.9 49.9 49.9
2008-11-12 44.91 44.91 44.91 44.91
2008-11-13 40.42 40.42 40.42 40.42
2008-11-14 36.38 36.38 36.38 36.38
2008-11-17 32.74 32.74 32.74 32.74
2008-11-18 29.47 29.47 29.47 29.47
2008-11-19 26.52 26.52 26.52 26.52
2008-11-20 24.98 26.25 23.87 23.87
2008-12-03 21.86 22.0 20.3 20.3
2009-02-06 23.26 23.8 22.62 22.62
2009-02-09 25.59 25.59 23.53 23.53
2009-03-04 25.19 25.38 23.63 23.63
2009-03-19 25.79 26.0 24.05 24.05
2009-04-01 26.69 27.26 25.15 25.15
2009-04-17 26.43 26.97 25.8 25.8
2009-05-04 23.48 23.6 22.76 22.76
2009-06-10 23.51 23.68 22.87 22.87
2009-09-03 23.12 23.23 22.0 22.0
2009-10-23 23.99 24.3 23.45 23.45
2009-11-30 26.01 26.1 24.89 24.89
2009-12-28 24.01 24.12 23.52 23.52
2010-03-31 24.01 24.15 23.66 23.66
2010-04-06 24.46 24.58 24.03 24.03
2010-04-21 23.26 23.73 22.96 22.96
2010-06-08 17.9 17.96 17.54 17.54
2010-07-06 15.78 15.95 14.8 14.8
2010-07-14 15.73 16.09 15.66 15.66
2010-07-19 15.94 16.05 15.5 15.5
2010-07-20 16.54 16.64 15.8 15.8
2010-08-02 17.44 17.53 16.91 16.91
2010-08-09 18.15 18.53 17.9 17.9
2010-09-27 21.52 21.7 21.16 21.16
2010-10-08 22.53 22.86 21.05 21.05
2010-10-11 24.33 24.78 22.56 22.56
2010-10-13 24.87 25.61 24.34 24.34
2010-10-19 24.9 25.8 24.2 24.2
2010-11-05 30.75 30.77 28.52 28.52
2010-11-25 24.88 25.3 24.29 24.29
2010-12-13 25.27 25.63 23.87 23.87
2010-12-30 26.72 26.78 25.71 25.71
2011-01-05 28.0 28.13 27.21 27.21
2011-01-19 24.32 24.35 23.58 23.58
2011-02-24 27.04 27.37 25.5 25.5
2011-03-14 25.8 25.81 25.16 25.16
2011-05-18 20.14 20.23 19.9 19.9
2011-05-31 18.49 18.5 18.05 18.05
2011-06-27 19.78 20.0 19.25 19.25
2011-07-14 20.65 20.7 19.82 19.82
2011-08-10 23.52 23.69 23.0 23.0
2011-08-15 24.78 25.35 23.64 23.64
2011-08-29 25.31 26.14 24.73 24.73
2011-10-19 19.48 19.59 18.99 18.99
2011-10-31 19.91 20.2 19.55 19.55
2011-11-04 20.7 20.9 20.15 20.15
2012-01-20 15.03 15.14 14.7 14.7
2012-06-06 17.64 17.64 17.64 17.64
2012-08-03 11.86 11.87 11.52 11.52
2012-08-17 12.06 12.18 11.91 11.91
2012-10-09 12.68 12.73 12.37 12.37
2012-12-14 12.1 12.17 11.55 11.55
2012-12-31 12.96 12.99 12.61 12.61
2013-01-24 13.23 13.87 12.93 12.93
2013-04-22 11.51 11.57 11.32 11.32
2013-05-21 11.93 12.09 11.6 11.6
2013-09-26 10.05 10.05 10.05 10.05
2013-10-31 8.24 8.38 8.22 8.22
2013-11-15 8.47 8.5 8.26 8.26
2013-12-06 9.21 9.3 8.94 8.94
2013-12-31 8.9 8.92 8.72 8.72
2014-01-07 8.71 8.79 8.55 8.55
2014-01-22 8.92 8.97 8.76 8.76
2014-02-10 9.04 9.05 8.71 8.71
2014-02-11 9.16 9.36 9.08 9.08
2014-02-20 9.71 10.02 9.6 9.6
2014-03-13 9.09 9.37 8.96 8.96
2014-05-07 7.42 7.51 7.4 7.4
2014-07-24 7.41 7.46 7.3 7.3
2014-08-04 8.43 8.55 7.89 7.89
2014-08-05 9.27 9.27 8.48 8.48
2014-08-08 9.84 10.02 9.15 9.15
2014-09-29 9.24 9.34 9.08 9.08
2014-11-12 8.89 8.9 8.65 8.65
2014-11-18 9.34 9.43 9.01 9.01
2014-12-24 12.47 12.7 11.84 11.84
2015-01-20 12.13 12.3 11.68 11.68
2015-02-03 13.69 13.95 12.8 12.8
2015-02-13 12.09 12.1 11.92 11.92
2015-02-16 12.11 12.24 12.05 12.05
2015-02-17 12.61 12.7 12.14 12.14
2015-03-04 12.39 12.42 12.03 12.03
2015-04-01 15.01 15.06 14.9 14.9
2015-04-07 16.19 16.41 15.36 15.36
2015-04-13 15.75 16.09 15.38 15.38
2015-04-27 16.62 17.17 16.5 16.5
2015-05-19 14.83 14.95 14.11 14.11
2015-05-26 19.24 20.21 18.51 18.51
2015-06-01 19.6 19.6 17.84 17.84
2015-06-15 21.91 21.91 21.01 21.01
2015-07-08 8.21 8.21 8.21 8.21
2015-07-09 9.03 9.03 7.39 7.39
2015-07-17 11.18 11.37 10.26 10.26
2015-07-22 13.24 13.45 12.1 12.1
2015-08-10 14.83 15.3 14.3 14.3
2015-08-25 9.8 10.13 9.8 9.8
2015-10-15 11.9 11.94 11.3 11.3
2015-11-19 12.44 12.45 11.75 11.75
2016-02-02 9.08 9.2 8.61 8.61
2016-03-03 9.19 9.35 8.91 8.91
2016-03-07 9.43 9.45 9.13 9.13
2016-04-13 10.4 10.61 10.01 10.01
2016-05-04 9.17 9.27 9.02 9.02
2016-05-20 8.46 8.5 8.11 8.11
2016-05-31 8.95 8.96 8.53 8.53
2016-06-03 9.29 9.42 9.1 9.1
2016-06-07 9.6 9.95 9.55 9.55
2016-08-23 8.99 9.09 8.66 8.66
2016-09-05 8.6 8.68 8.54 8.54
2016-09-19 8.55 8.57 8.41 8.41
2016-09-23 8.52 8.63 8.33 8.33
2016-09-30 8.47 8.53 8.43 8.43
2016-10-10 8.62 8.66 8.5 8.5
2016-11-04 9.0 9.08 8.8 8.8
2016-11-14 9.47 9.57 9.26 9.26
2016-11-22 9.36 9.4 9.24 9.24
2017-01-06 10.12 10.31 9.82 9.82
2017-01-20 9.04 9.12 8.86 8.86
2017-01-23 9.13 9.17 9.05 9.05
2017-04-05 8.96 8.97 8.8 8.8
2017-05-15 7.16 7.22 7.14 7.14
2017-05-17 7.35 7.38 7.26 7.26
2017-06-13 7.24 7.25 7.09 7.09
2017-06-20 7.44 7.55 7.3 7.3
2017-06-30 7.4 7.41 7.31 7.31
2017-07-19 8.02 8.02 7.31 7.31
2017-07-20 8.16 8.44 8.03 8.03
2017-07-26 8.33 8.45 8.03 8.03
2017-08-25 8.02 8.03 7.88 7.88
2017-08-28 8.04 8.11 8.0 8.0
