2000-09-29 21.6 21.77 21.5 21.5
2000-11-21 21.89 22.18 21.84 21.84
2000-11-24 22.5 23.35 22.22 22.22
2001-01-18 20.55 20.59 20.26 20.26
2001-02-09 20.02 20.28 19.88 19.88
2001-02-19 20.16 20.16 19.92 19.92
2001-06-29 19.95 20.04 19.92 19.92
2001-07-05 20.12 20.58 20.03 20.03
2001-07-19 19.93 20.2 19.31 19.31
2001-12-18 16.18 16.25 15.91 15.91
2001-12-19 16.28 16.47 16.18 16.18
2002-06-18 14.69 14.8 14.38 14.38
2002-08-06 17.34 17.48 17.1 17.1
2002-08-08 17.44 17.64 17.4 17.4
2002-08-09 17.38 17.55 17.2 17.2
2002-10-31 10.71 10.9 10.7 10.7
2003-03-21 10.44 10.52 10.24 10.24
2004-02-16 11.93 11.94 11.55 11.55
2004-04-28 9.85 9.99 9.5 9.5
2005-04-19 7.21 7.22 7.11 7.11
2005-09-30 8.3 8.32 8.18 8.18
2005-10-13 8.5 8.6 8.49 8.49
2005-10-19 8.4 8.47 8.18 8.18
2005-11-18 8.65 8.66 8.26 8.26
2005-12-14 9.32 9.45 9.1 9.1
2005-12-22 9.72 9.75 9.56 9.56
2006-10-25 13.79 13.98 13.16 13.16
2006-10-31 13.98 14.08 13.4 13.4
2006-11-03 13.58 13.76 13.3 13.3
2006-11-07 14.37 14.45 13.67 13.67
2007-04-11 30.55 31.26 29.3 29.3
2007-06-18 36.99 38.23 36.4 36.4
2007-08-03 44.23 44.58 42.11 42.11
2007-08-09 45.2 46.08 43.8 43.8
2007-08-22 49.39 50.09 46.01 46.01
2007-08-30 52.96 53.83 52.48 52.48
2007-09-03 56.04 57.9 55.38 55.38
2007-10-11 55.97 56.15 54.26 54.26
2007-10-16 55.07 56.1 54.01 54.01
2008-12-10 15.43 15.5 14.22 14.22
2009-01-09 14.09 14.16 13.68 13.68
2009-01-16 15.62 16.1 15.2 15.2
2009-01-23 16.69 16.95 16.28 16.28
2009-02-16 18.12 18.17 17.46 17.46
2009-05-25 24.88 25.14 24.15 24.15
2009-05-27 25.65 25.99 24.75 24.75
2009-06-03 28.73 28.73 26.31 26.31
2009-07-14 24.2 24.33 23.57 23.57
2010-03-26 22.26 22.51 21.52 21.52
2011-03-03 13.45 13.79 13.18 13.18
2011-04-01 14.14 14.17 13.6 13.6
2011-04-06 14.59 14.6 14.15 14.15
2012-12-12 8.4 8.49 8.29 8.29
2012-12-14 8.9 8.99 8.32 8.32
2012-12-24 9.09 9.26 8.94 8.94
2012-12-28 9.59 9.64 9.37 9.37
2014-06-30 9.05 9.08 8.98 8.98
2014-07-23 9.08 9.14 9.04 9.04
2014-07-24 9.32 9.38 9.09 9.09
2014-07-28 9.76 9.83 9.44 9.44
2015-04-27 18.17 18.25 17.72 17.72
2015-09-25 15.59 15.62 15.15 15.15
2017-01-19 16.54 16.64 16.43 16.43
2017-01-24 16.69 16.7 16.58 16.58
2017-07-14 13.59 13.8 13.34 13.34
2017-09-01 12.77 12.87 12.68 12.68
2017-09-05 13.03 13.09 12.78 12.78
