2004-08-24 6.61 6.88 6.21 6.21
2004-09-14 6.1 6.16 5.94 5.94
2004-11-03 5.83 5.85 5.68 5.68
2004-11-15 5.96 5.98 5.88 5.88
2004-11-26 5.95 5.98 5.92 5.92
2004-12-22 5.79 5.81 5.62 5.62
2005-01-07 5.39 5.45 5.32 5.32
2005-01-11 5.42 5.47 5.38 5.38
2005-02-01 4.67 4.8 4.6 4.6
2005-02-22 5.13 5.16 4.99 4.99
2005-03-07 5.09 5.09 4.99 4.99
2005-05-24 3.21 3.24 3.1 3.1
2005-05-27 3.23 3.27 3.22 3.22
2005-05-31 3.32 3.38 3.3 3.3
2005-06-20 3.56 3.57 3.39 3.39
2005-06-22 3.65 3.68 3.55 3.55
2005-06-27 3.84 3.94 3.71 3.71
2005-07-06 3.38 3.44 3.3 3.3
2005-07-20 2.95 3.0 2.9 2.9
2005-08-15 3.51 3.52 3.37 3.37
2005-08-22 3.62 3.64 3.45 3.45
2005-09-01 3.68 3.72 3.55 3.55
2005-09-12 3.8 3.87 3.63 3.63
2005-09-13 3.95 3.98 3.75 3.75
2005-10-12 3.67 3.69 3.57 3.57
2005-10-27 3.23 3.28 3.2 3.2
2005-11-02 3.22 3.25 3.15 3.15
2005-11-16 3.21 3.22 3.13 3.13
2005-12-09 3.58 3.64 3.53 3.53
2006-01-09 3.68 3.69 3.62 3.62
2006-01-24 3.73 3.78 3.63 3.63
2006-10-13 3.58 3.62 3.54 3.54
2006-10-24 3.49 3.49 3.4 3.4
2006-10-31 3.45 3.47 3.41 3.41
2006-11-22 3.29 3.34 3.26 3.26
2006-12-04 3.61 3.67 3.52 3.52
2006-12-11 3.44 3.47 3.35 3.35
2006-12-22 3.73 3.88 3.57 3.57
2007-01-08 3.81 3.82 3.66 3.66
2007-03-02 5.39 5.45 5.24 5.24
2007-03-15 5.94 5.95 5.76 5.76
2007-04-02 6.57 6.6 6.38 6.38
2007-04-17 8.69 8.69 8.29 8.29
2007-04-20 8.65 8.77 8.15 8.15
2007-04-23 9.16 9.19 8.65 8.65
2007-04-26 9.44 9.55 8.8 8.8
2007-05-18 11.04 11.14 10.61 10.61
2007-06-13 9.01 9.06 8.62 8.62
2007-07-11 7.13 7.2 7.0 7.0
2007-08-02 8.59 8.59 8.59 8.59
2007-08-20 8.61 8.66 8.41 8.41
2007-08-23 8.82 9.0 8.66 8.66
2007-09-28 8.95 9.05 8.82 8.82
2007-11-14 7.51 7.53 7.28 7.28
2007-11-19 7.62 7.7 7.42 7.42
2007-11-27 7.37 7.47 7.31 7.31
2007-11-28 7.45 7.54 7.4 7.4
2007-12-07 7.72 7.77 7.58 7.58
2007-12-14 8.17 8.18 7.82 7.82
2007-12-19 8.16 8.23 8.1 8.1
2007-12-21 8.48 8.64 8.33 8.33
2007-12-25 8.53 8.58 8.46 8.46
2008-01-09 9.03 9.04 8.8 8.8
2008-02-21 8.64 8.71 8.4 8.4
2008-03-06 9.24 9.6 9.13 9.13
2008-04-10 9.67 9.67 8.6 8.6
2008-05-08 9.42 9.45 8.71 8.71
2008-06-24 4.1 4.14 3.95 3.95
2008-07-02 3.96 4.04 3.86 3.86
2008-07-04 4.17 4.18 4.06 4.06
2008-07-09 4.54 4.59 4.41 4.41
2008-07-21 4.43 4.47 4.24 4.24
2008-08-12 3.72 3.83 3.63 3.63
2008-08-14 3.83 3.84 3.75 3.75
2008-08-28 3.44 3.47 3.42 3.42
2008-09-10 3.36 3.44 3.28 3.28
2008-10-23 3.0 3.01 2.91 2.91
2008-10-28 2.81 2.83 2.68 2.68
2008-10-31 2.84 2.85 2.76 2.76
2008-11-10 3.25 3.27 3.09 3.09
2008-11-12 3.26 3.28 3.08 3.08
2008-11-17 3.58 3.66 3.36 3.36
2009-02-06 4.04 4.06 3.89 3.89
2009-03-04 4.21 4.22 3.96 3.96
2009-03-19 4.53 4.56 4.3 4.3
2009-04-20 5.23 5.29 4.93 4.93
2009-05-22 4.99 5.07 4.91 4.91
2009-05-26 5.11 5.18 5.0 5.0
2009-06-23 5.8 6.01 5.7 5.7
2009-07-01 5.44 5.47 5.4 5.4
2009-07-14 5.96 5.99 5.8 5.8
2009-07-27 6.13 6.17 5.86 5.86
2009-08-11 6.58 6.64 6.44 6.44
2009-09-21 7.3 7.34 6.81 6.81
2009-10-09 7.05 7.1 6.58 6.58
2009-11-23 8.69 8.7 8.5 8.5
2009-11-25 8.38 8.39 8.06 8.06
2009-12-07 8.57 8.59 8.32 8.32
2010-03-16 8.74 8.74 8.5 8.5
2010-04-09 9.81 10.15 9.42 9.42
2010-05-21 6.63 6.65 6.26 6.26
2010-05-24 6.99 7.03 6.69 6.69
2010-06-09 7.12 7.15 6.75 6.75
2010-06-11 7.14 7.25 7.1 7.1
2010-06-23 7.15 7.27 7.0 7.0
2010-07-01 6.46 6.54 6.41 6.41
2010-07-06 6.49 6.55 6.25 6.25
2010-08-30 8.62 8.76 8.52 8.52
2010-09-10 8.92 8.95 8.64 8.64
2010-09-21 8.68 8.75 8.49 8.49
2010-09-27 9.11 9.2 8.76 8.76
2010-09-30 9.28 9.42 8.91 8.91
2010-10-08 9.57 9.7 9.32 9.32
2010-10-19 8.87 8.93 8.68 8.68
2010-12-13 8.99 9.02 8.75 8.75
2010-12-29 8.13 8.14 7.9 7.9
2011-01-26 7.49 7.51 7.36 7.36
2011-01-31 7.87 7.95 7.6 7.6
2011-02-11 8.15 8.28 7.92 7.92
2011-02-21 8.33 8.33 8.13 8.13
2011-03-16 8.9 9.01 8.8 8.8
2011-06-07 7.68 7.72 7.59 7.59
2011-06-24 7.36 7.42 7.15 7.15
2011-06-30 7.38 7.44 7.28 7.28
2011-07-01 7.56 7.59 7.39 7.39
2011-07-08 7.72 7.76 7.61 7.61
2011-08-11 7.86 7.9 7.52 7.52
2011-09-06 7.17 7.2 7.06 7.06
2011-10-12 6.79 6.81 6.52 6.52
2011-10-13 6.85 6.86 6.76 6.76
2011-10-19 6.9 6.97 6.75 6.75
2011-12-23 5.71 5.77 5.6 5.6
2011-12-29 5.49 5.51 5.41 5.41
2012-01-12 5.84 5.94 5.79 5.79
2012-02-03 5.97 5.99 5.88 5.88
2012-02-08 5.98 6.02 5.82 5.82
2012-02-15 6.19 6.21 6.07 6.07
2012-03-02 6.77 6.85 6.7 6.7
2012-04-06 6.01 6.09 5.96 5.96
2012-04-18 6.6 6.64 6.41 6.41
2012-04-20 6.63 6.65 6.53 6.53
2012-05-10 6.53 6.59 6.5 6.5
2012-05-17 6.49 6.5 6.36 6.36
2012-05-18 6.5 6.65 6.43 6.43
2012-05-29 6.54 6.58 6.4 6.4
2012-05-30 6.57 6.6 6.51 6.51
2012-08-09 5.71 5.78 5.58 5.58
2012-08-15 6.03 6.14 5.92 5.92
2012-08-21 6.08 6.1 5.89 5.89
2012-08-23 6.36 6.44 6.05 6.05
2012-09-12 6.61 6.63 6.24 6.24
2012-10-17 6.64 6.73 6.44 6.44
2012-10-19 7.45 7.45 7.45 7.45
2012-11-02 7.42 7.49 7.3 7.3
2012-12-25 6.71 6.73 6.51 6.51
2013-01-28 7.02 7.07 6.89 6.89
2013-01-29 7.72 7.72 7.72 7.72
2013-02-08 8.08 8.2 7.96 7.96
2013-02-18 8.32 8.66 8.06 8.06
2013-03-12 9.56 9.95 9.12 9.12
2013-04-19 9.76 9.85 9.48 9.48
2013-05-24 10.48 10.49 10.33 10.33
2013-06-14 9.88 10.02 9.79 9.79
2013-08-08 6.08 6.2 5.87 5.87
2013-08-15 6.27 6.58 6.26 6.26
2013-10-11 6.35 6.38 6.28 6.28
2013-12-03 5.88 5.91 5.75 5.75
2013-12-05 6.1 6.18 6.06 6.06
2013-12-09 6.18 6.25 6.08 6.08
2013-12-12 6.05 6.1 6.03 6.03
2013-12-27 5.58 5.61 5.47 5.47
2014-01-24 5.59 5.6 5.48 5.48
2014-03-03 5.67 5.68 5.57 5.57
2014-03-17 5.46 5.47 5.39 5.39
2014-03-24 5.92 6.15 5.7 5.7
2014-04-03 5.92 5.99 5.88 5.88
2014-05-08 5.69 5.76 5.64 5.64
2014-06-03 5.39 5.4 5.36 5.36
2014-06-05 5.33 5.35 5.3 5.3
2014-06-13 5.4 5.41 5.32 5.32
2014-06-23 5.5 5.53 5.38 5.38
2014-07-17 6.17 6.26 5.78 5.78
2014-08-06 8.28 8.48 7.81 7.81
2014-08-18 7.91 8.0 7.83 7.83
2014-11-10 8.38 8.41 8.23 8.23
2015-01-05 9.0 9.05 8.52 8.52
2015-01-21 9.28 9.3 8.98 8.98
2015-01-27 10.02 10.08 9.69 9.69
2015-02-04 10.05 10.26 9.63 9.63
2015-04-08 14.03 14.6 13.69 13.69
2015-05-19 14.27 14.4 13.57 13.57
2015-06-11 20.08 20.42 18.64 18.64
2015-07-08 8.04 8.65 8.0 8.0
2015-08-25 9.79 10.52 9.79 9.79
2015-09-02 9.53 10.28 9.1 9.1
2015-09-07 9.71 10.07 9.63 9.63
2015-09-28 10.08 10.22 9.71 9.71
2015-10-15 11.89 11.93 11.2 11.2
2015-10-20 12.64 12.68 11.76 11.76
2015-11-06 13.18 13.33 12.89 12.89
2015-11-11 13.18 13.26 12.81 12.81
2015-12-14 12.18 12.21 11.62 11.62
2016-01-05 11.95 12.36 11.46 11.46
2016-01-19 10.66 10.73 10.24 10.24
2016-01-29 9.01 9.14 8.55 8.55
2016-02-17 10.31 10.36 9.97 9.97
2016-02-23 11.73 11.74 10.76 10.76
2016-02-24 12.9 12.9 11.95 11.95
2016-03-10 12.85 13.26 12.7 12.7
2016-04-11 15.1 15.25 14.05 14.05
2016-04-13 16.15 16.15 14.73 14.73
2016-05-03 13.28 13.36 12.76 12.76
2016-05-10 11.59 11.78 11.35 11.35
2016-07-13 13.68 13.74 13.34 13.34
2016-07-29 13.71 14.05 13.11 13.11
2016-09-12 12.76 13.18 12.57 12.57
2016-10-10 12.21 12.22 12.0 12.0
2016-10-12 12.29 12.33 12.09 12.09
2016-10-24 12.29 12.38 12.19 12.19
2016-11-14 12.53 12.56 12.39 12.39
2016-11-16 12.5 12.65 12.5 12.5
2016-12-16 12.18 12.37 12.16 12.16
2017-01-17 11.62 11.66 11.45 11.45
2017-01-18 11.65 11.7 11.58 11.58
2017-01-20 11.65 11.72 11.52 11.52
2017-02-06 12.01 12.05 11.83 11.83
2017-02-13 12.59 12.73 12.36 12.36
2017-03-27 13.24 13.35 13.06 13.06
2017-05-09 11.89 11.96 11.67 11.67
2017-05-12 11.86 11.96 11.81 11.81
2017-06-05 12.39 12.44 12.06 12.06
