2000-07-28 27.03 27.35 26.13 26.13
2000-08-04 28.0 28.18 26.8 26.8
2000-08-07 30.34 30.8 28.01 28.01
2000-08-14 31.5 32.49 31.17 31.17
2000-12-20 32.2 33.01 32.2 32.2
2000-12-25 32.62 32.99 32.5 32.5
2001-01-02 35.02 35.5 33.7 33.7
2001-01-19 31.8 31.8 31.2 31.2
2001-03-08 30.26 30.75 29.49 29.49
2001-03-09 31.0 31.28 29.7 29.7
2001-03-12 31.5 31.5 30.5 30.5
2001-03-16 31.9 31.98 31.0 31.0
2001-03-21 32.4 32.88 31.7 31.7
2001-07-04 21.57 21.98 21.4 21.4
2001-07-06 21.33 21.44 21.0 21.0
2001-09-04 18.0 18.06 17.5 17.5
2001-09-05 18.48 18.52 18.06 18.06
2001-10-09 19.02 19.25 18.93 18.93
2001-11-01 16.26 16.45 16.12 16.12
2001-12-26 14.99 15.0 14.61 14.61
2001-12-28 15.42 15.44 15.16 15.16
2002-02-07 12.94 13.09 12.44 12.44
2002-04-18 13.72 14.25 13.36 13.36
2002-05-23 12.6 12.87 12.48 12.48
2002-05-27 12.46 12.8 12.28 12.28
2002-06-20 11.68 11.82 11.61 11.61
2002-08-27 12.38 12.44 12.18 12.18
2002-09-17 12.1 12.18 11.93 11.93
2002-10-16 11.29 11.4 11.2 11.2
2002-11-01 11.0 11.0 10.72 10.72
2002-12-13 9.31 9.38 9.1 9.1
2002-12-17 9.97 10.12 9.7 9.7
2002-12-24 9.84 9.85 9.7 9.7
2003-01-14 9.58 9.8 9.2 9.2
2003-01-16 9.93 9.98 9.66 9.66
2003-01-22 9.63 9.65 9.43 9.43
2003-01-29 10.01 10.17 9.71 9.71
2003-02-14 10.11 10.3 10.03 10.03
2003-04-02 10.47 10.48 10.33 10.33
2003-04-09 10.21 10.27 10.02 10.02
2003-04-21 11.37 11.87 11.35 11.35
2003-04-28 11.48 11.67 10.8 10.8
2003-05-12 11.25 11.32 10.81 10.81
2003-06-02 11.95 12.19 11.89 11.89
2003-06-10 11.1 11.16 11.0 11.0
2003-07-22 11.23 11.27 11.05 11.05
2003-07-24 11.47 11.53 11.38 11.38
2003-07-30 11.89 11.96 11.62 11.62
2003-08-07 12.12 12.27 11.93 11.93
2003-08-11 11.98 12.04 11.85 11.85
2003-08-18 12.02 12.1 11.95 11.95
2003-08-21 12.01 12.04 11.8 11.8
2003-08-28 12.5 12.75 12.25 12.25
2003-09-24 12.82 13.1 12.76 12.76
2003-10-08 12.18 12.3 12.05 12.05
2003-11-20 12.98 13.0 12.65 12.65
2003-11-24 13.22 13.23 12.92 12.92
2004-03-08 18.1 18.48 18.0 18.0
2004-03-24 18.53 18.88 18.18 18.18
2004-03-25 19.55 19.96 18.65 18.65
2004-03-30 19.49 19.59 19.12 19.12
2004-04-01 19.64 19.75 19.4 19.4
2004-04-13 20.32 20.8 19.81 19.81
2004-04-15 20.77 20.84 19.9 19.9
2004-04-19 22.04 22.35 21.22 21.22
2004-04-23 20.81 21.3 19.3 19.3
2004-04-30 21.1 21.36 20.25 20.25
2004-05-27 19.3 19.58 19.0 19.0
2004-05-31 19.68 19.71 19.3 19.3
2004-06-01 19.93 19.98 19.0 19.0
2004-06-04 19.3 19.3 19.15 19.15
2004-06-07 19.2 19.35 19.0 19.0
2004-06-10 19.08 19.13 18.6 18.6
2004-06-11 19.08 19.34 19.0 19.0
2004-06-29 18.3 18.7 18.0 18.0
2004-07-01 18.88 18.9 18.5 18.5
2004-07-07 18.7 18.7 18.6 18.6
2004-07-08 18.6 18.8 18.6 18.6
2004-07-16 19.5 19.78 19.2 19.2
2004-07-28 20.34 20.46 20.05 20.05
2004-09-02 18.68 18.68 18.28 18.28
2004-10-21 11.6 11.77 10.51 10.51
2004-11-10 12.49 12.7 12.02 12.02
2004-11-15 12.61 12.7 12.45 12.45
2004-12-21 10.3 10.49 10.12 10.12
2005-01-05 10.68 10.8 10.64 10.64
2005-01-07 10.7 10.8 10.69 10.69
2005-01-13 11.14 11.27 11.02 11.02
2005-01-20 10.55 10.75 10.5 10.5
2005-01-21 10.82 10.82 10.55 10.55
2005-01-25 10.84 10.9 10.73 10.73
2005-01-27 10.8 10.86 10.72 10.72
2005-02-02 10.7 10.72 10.2 10.2
2005-03-15 11.19 11.39 10.69 10.69
2005-04-21 9.75 9.85 9.55 9.55
2005-04-26 10.06 10.25 9.76 9.76
2005-05-09 9.81 9.83 9.52 9.52
2005-05-11 9.68 9.71 9.51 9.51
2005-05-17 9.35 9.4 9.1 9.1
2005-06-13 8.05 8.16 7.8 7.8
2005-06-27 8.92 9.01 8.9 8.9
2005-08-03 7.65 7.67 7.5 7.5
2005-08-05 7.6 7.65 7.49 7.49
2005-08-08 7.82 7.88 7.62 7.62
2005-08-26 8.62 8.73 8.43 8.43
2005-09-01 8.64 8.73 8.47 8.47
2005-09-07 9.14 9.14 8.8 8.8
2005-09-12 9.14 9.18 8.83 8.83
2005-09-13 9.18 9.21 9.0 9.0
2005-11-14 7.7 7.72 7.6 7.6
2005-12-14 6.8 6.8 6.28 6.28
2006-10-24 5.59 5.6 5.46 5.46
2007-03-15 8.76 8.76 7.94 7.94
2007-03-19 8.34 8.55 8.05 8.05
2007-06-13 16.83 16.83 15.25 15.25
2007-06-18 18.09 18.1 17.12 17.12
2007-09-26 15.3 15.64 14.8 14.8
2007-12-24 15.38 15.71 15.15 15.15
2007-12-26 17.06 17.06 15.51 15.51
2008-01-02 18.78 19.18 18.15 18.15
2008-04-08 18.77 19.5 18.63 18.63
2008-05-08 19.97 19.99 18.61 18.61
2008-09-24 12.76 12.8 12.12 12.12
2008-10-07 12.67 12.9 11.89 11.89
2008-10-13 12.67 12.72 12.0 12.0
2008-10-15 13.4 13.5 12.66 12.66
2008-11-05 10.77 10.84 10.4 10.4
2008-12-10 13.98 14.1 13.55 13.55
2008-12-16 14.23 14.36 13.55 13.55
2008-12-24 15.05 15.07 14.06 14.06
2008-12-26 14.82 14.89 14.45 14.45
2009-07-20 16.69 16.9 16.6 16.6
2009-07-27 17.19 17.36 16.91 16.91
2009-07-31 16.18 16.18 15.85 15.85
2009-09-07 19.24 19.24 18.4 18.4
2009-09-21 20.42 20.7 19.6 19.6
2010-01-18 27.5 27.95 26.58 26.58
2010-01-25 25.11 25.55 24.61 24.61
2010-04-08 24.91 25.3 23.85 23.85
2010-04-12 25.65 25.77 25.01 25.01
2010-04-14 25.89 25.96 25.15 25.15
2010-04-20 27.57 27.57 24.45 24.45
2010-04-21 28.04 28.76 27.0 27.0
2010-07-14 24.18 24.52 23.65 23.65
2010-08-13 32.53 32.74 30.56 30.56
2010-11-15 42.91 43.27 37.63 37.63
2010-12-29 36.53 36.98 35.18 35.18
2011-01-05 38.18 39.3 37.48 37.48
2011-02-11 38.45 39.17 37.56 37.56
2011-03-10 36.2 36.61 35.2 35.2
2011-05-31 35.89 35.94 35.01 35.01
2011-07-21 39.19 39.49 38.16 38.16
2011-08-04 39.52 39.95 39.22 39.22
2011-10-17 34.59 34.7 33.65 33.65
2011-10-19 34.32 34.66 34.0 34.0
2011-10-25 33.99 34.65 33.35 33.35
2011-11-01 34.82 35.18 34.3 34.3
2011-11-07 36.39 36.69 35.2 35.2
2011-11-10 36.0 36.25 35.2 35.2
2011-12-12 34.19 34.4 33.8 33.8
2012-02-15 28.04 28.35 27.62 27.62
2012-05-29 15.17 15.27 14.87 14.87
2012-05-30 15.45 15.6 15.12 15.12
2013-02-18 16.41 16.52 16.22 16.22
2013-04-25 14.55 14.79 14.33 14.33
2013-07-23 15.08 15.26 14.81 14.81
2014-01-16 14.7 14.86 14.64 14.64
2014-05-30 14.33 14.47 14.22 14.22
2014-06-09 13.93 14.06 13.92 13.92
2014-06-11 14.48 14.79 14.2 14.2
2014-06-13 14.86 15.0 14.71 14.71
2015-07-09 12.74 12.74 11.7 11.7
2015-07-10 14.01 14.01 14.01 14.01
2015-10-22 13.03 13.09 12.48 12.48
2015-10-23 13.72 13.9 13.3 13.3
2016-02-16 11.68 11.7 11.22 11.22
2016-03-28 13.32 13.64 12.68 12.68
2016-05-13 11.42 11.5 11.25 11.25
2016-06-27 11.96 12.1 11.82 11.82
2017-01-04 13.5 13.57 13.21 13.21
2017-01-09 13.58 13.75 13.47 13.47
2017-01-26 14.03 14.28 13.84 13.84
2017-02-09 13.81 13.86 13.73 13.73
2017-02-13 13.8 13.9 13.71 13.71
2017-05-17 11.71 11.8 11.67 11.67
2017-06-22 11.47 11.79 11.28 11.28
2017-06-27 11.87 11.96 11.61 11.61
2017-08-07 12.56 12.66 12.35 12.35
