2002-08-01 16.48 16.59 16.26 16.26
2002-08-02 16.53 16.6 16.45 16.45
2002-08-08 16.45 16.54 16.36 16.36
2002-08-14 16.53 16.55 16.29 16.29
2002-08-20 16.42 16.49 16.21 16.21
2002-09-10 16.45 16.6 16.4 16.4
2002-11-21 14.49 14.5 14.3 14.3
2002-11-22 14.78 14.85 14.4 14.4
2002-12-27 14.4 14.45 14.0 14.0
2003-01-03 13.96 14.1 13.9 13.9
2003-01-13 14.75 14.92 14.66 14.66
2003-01-14 15.3 15.88 14.7 14.7
2003-02-12 15.52 15.68 15.2 15.2
2003-02-18 15.05 15.19 15.0 15.0
2003-02-19 15.46 15.47 15.02 15.02
2003-07-08 12.68 12.75 12.5 12.5
2003-07-10 12.78 12.8 12.51 12.51
2003-07-14 12.72 12.81 12.67 12.67
2003-07-16 12.88 12.89 12.77 12.77
2003-07-22 12.45 12.68 12.32 12.32
2003-07-24 12.31 12.49 12.22 12.22
2003-07-31 12.12 12.31 12.0 12.0
2003-08-07 11.79 11.9 11.74 11.74
2003-08-20 11.18 11.25 11.08 11.08
2003-11-28 8.99 9.05 8.9 8.9
2003-12-04 9.47 9.53 9.3 9.3
2003-12-09 9.58 9.58 9.35 9.35
2004-01-13 9.69 9.78 9.38 9.38
2004-02-12 10.68 10.74 10.46 10.46
2004-02-16 11.15 11.17 10.68 10.68
2004-02-18 11.96 12.47 11.25 11.25
2004-03-10 13.39 13.46 13.03 13.03
2004-03-16 14.73 14.74 13.4 13.4
2004-03-19 15.42 15.7 14.28 14.28
2004-04-13 18.09 18.1 16.65 16.65
2004-04-15 18.73 19.09 17.68 17.68
2004-04-23 17.53 18.2 16.6 16.6
2004-07-09 15.79 15.95 15.5 15.5
2004-07-15 15.65 15.7 15.45 15.45
2004-08-16 16.65 16.91 16.54 16.54
2004-08-17 16.7 16.87 16.56 16.56
2004-08-18 16.68 16.87 16.2 16.2
2005-04-13 6.15 6.27 5.97 5.97
2005-04-18 6.66 6.8 6.28 6.28
2005-04-19 6.69 6.82 6.3 6.3
2005-05-18 6.94 7.2 6.85 6.85
2005-07-22 3.53 3.59 3.38 3.38
2005-11-16 3.65 3.67 3.55 3.55
2005-11-30 3.86 3.88 3.74 3.74
2005-12-19 3.69 3.73 3.68 3.68
2006-01-18 4.06 4.11 3.92 3.92
2006-01-24 4.18 4.23 4.02 4.02
2006-02-10 4.28 4.32 4.22 4.22
2006-11-01 5.13 5.26 4.95 4.95
2006-11-23 5.18 5.25 5.11 5.11
2006-12-13 5.89 5.94 5.55 5.55
2007-01-29 8.78 8.86 8.06 8.06
2007-02-15 8.6 8.76 8.45 8.45
2007-05-23 13.9 13.9 12.7 12.7
2007-05-28 14.58 14.99 13.95 13.95
2007-05-29 15.87 16.0 14.59 14.59
2007-05-30 14.28 15.58 14.28 14.28
2007-07-23 10.87 10.9 10.35 10.35
2007-09-28 12.88 13.14 12.84 12.84
2007-11-19 10.02 10.1 9.73 9.73
2007-11-23 9.47 9.47 9.18 9.18
2007-12-21 10.94 10.97 10.54 10.54
2008-01-09 12.0 12.04 11.51 11.51
2008-01-31 9.6 9.97 9.5 9.5
2008-02-04 10.03 10.07 9.42 9.42
2008-06-06 8.02 8.07 7.7 7.7
2008-07-02 6.18 6.19 5.77 5.77
2008-07-09 6.94 7.15 6.8 6.8
2008-09-25 5.18 5.24 5.05 5.05
2008-12-08 5.62 5.62 5.2 5.2
2009-03-04 7.53 7.55 7.02 7.02
2009-03-10 8.28 8.33 7.72 7.72
2009-03-13 7.82 8.22 7.77 7.77
2009-07-30 11.93 11.96 11.3 11.3
2009-10-19 9.91 9.93 9.75 9.75
2010-01-25 12.24 12.44 12.11 12.11
2010-05-26 9.77 9.83 9.62 9.62
2010-06-02 9.77 9.77 9.4 9.4
2011-03-28 12.8 12.87 12.62 12.62
2011-06-27 11.44 11.58 11.22 11.22
2011-06-30 11.38 11.48 11.2 11.2
2011-08-26 10.48 10.5 10.31 10.31
2011-09-07 10.39 10.42 10.18 10.18
2011-10-26 9.6 9.69 9.45 9.45
2011-11-01 9.96 10.03 9.83 9.83
2011-11-04 10.27 10.38 10.09 10.09
2012-02-10 9.31 9.41 9.2 9.2
2012-03-01 9.42 9.5 9.35 9.35
2012-03-08 9.77 9.79 9.5 9.5
2012-03-13 9.94 9.95 9.75 9.75
2012-03-16 9.91 9.93 9.55 9.55
2012-03-19 10.07 10.29 9.83 9.83
2012-09-11 8.25 8.25 8.16 8.16
2013-01-15 8.86 9.2 8.75 8.75
2013-02-22 8.84 8.95 8.82 8.82
2013-02-28 8.94 8.95 8.79 8.79
2013-07-02 11.1 11.13 10.88 10.88
2013-12-27 10.87 10.9 10.59 10.59
2014-01-23 10.38 10.43 10.28 10.28
2014-01-28 10.28 10.33 10.18 10.18
2014-01-30 10.33 10.39 10.26 10.26
2014-06-30 10.54 10.61 9.99 9.99
2014-07-04 10.47 10.58 10.34 10.34
2014-07-21 10.68 10.7 10.58 10.58
2014-09-01 11.29 11.47 11.08 11.08
2015-08-21 15.62 15.62 15.62 15.62
2015-08-24 14.06 14.06 14.06 14.06
2015-08-25 12.65 12.65 12.65 12.65
2015-08-26 11.39 12.98 11.39 11.39
2015-09-07 9.3 9.76 9.12 9.12
2015-09-24 10.31 10.45 10.03 10.03
2016-05-04 13.33 13.58 13.13 13.13
2016-05-10 12.21 12.42 12.2 12.2
2016-11-07 14.78 14.87 14.48 14.48
2017-02-21 13.1 13.18 12.9 12.9
