1999-09-07 14.42 14.52 14.1 14.1
1999-10-20 14.4 14.51 14.22 14.22
1999-11-15 14.25 14.25 14.08 14.08
1999-12-28 12.37 12.58 12.2 12.2
2000-01-27 13.57 13.8 12.98 12.98
2000-02-14 14.86 14.87 13.88 13.88
2000-02-24 13.48 13.6 13.35 13.35
2000-03-13 13.8 13.9 13.7 13.7
2000-07-25 15.86 15.95 15.48 15.48
2000-08-01 16.46 16.68 15.92 15.92
2000-08-03 16.63 16.75 16.55 16.55
2000-09-11 16.22 16.26 15.92 15.92
2000-09-15 16.4 16.58 16.21 16.21
2000-09-20 15.91 16.1 15.83 15.83
2000-09-21 16.43 16.67 16.0 16.0
2000-10-12 18.0 18.2 17.1 17.1
2000-10-27 19.37 19.6 18.9 18.9
2000-11-14 20.8 21.48 19.58 19.58
2000-11-17 20.65 20.86 20.45 20.45
2000-11-22 21.56 21.78 21.38 21.38
2000-11-28 20.86 20.98 20.4 20.4
2000-12-13 20.28 20.38 19.7 19.7
2000-12-18 20.29 20.5 20.0 20.0
2001-01-19 19.4 19.59 18.77 18.77
2001-02-09 17.55 17.65 17.2 17.2
2001-03-08 17.8 17.9 17.7 17.7
2001-04-19 18.41 18.55 18.35 18.35
2001-04-30 18.1 18.19 17.8 17.8
2001-05-08 18.59 18.68 18.07 18.07
2001-05-24 20.23 20.31 19.9 19.9
2001-06-07 21.02 21.21 20.5 20.5
2001-06-15 21.14 21.25 20.7 20.7
2001-06-21 21.7 21.73 21.0 21.0
2001-07-03 21.26 21.33 21.05 21.05
2001-07-06 21.25 21.43 21.1 21.1
2001-07-17 20.93 21.14 20.63 20.63
2001-07-19 21.2 21.23 21.01 21.01
2001-08-01 21.01 21.2 20.33 20.33
2001-09-03 18.79 18.83 18.35 18.35
2001-09-13 19.83 19.83 19.5 19.5
2001-10-09 11.95 12.0 11.8 11.8
2001-10-29 12.05 12.09 11.51 11.51
2001-11-01 12.11 12.28 11.97 11.97
2001-11-12 11.85 11.99 11.81 11.81
2001-11-13 11.9 12.04 11.7 11.7
2001-11-20 11.65 11.7 11.4 11.4
2002-01-04 11.35 11.48 11.16 11.16
2002-01-16 10.52 10.6 10.0 10.0
2002-01-29 10.62 10.66 10.35 10.35
2002-01-31 11.31 11.54 10.8 10.8
2002-02-08 11.58 11.6 11.26 11.26
2002-02-27 11.67 11.73 11.48 11.48
2002-03-04 11.79 11.8 11.4 11.4
2002-03-07 11.87 12.11 11.75 11.75
2002-03-12 12.77 12.98 12.5 12.5
2002-03-25 13.58 13.6 13.28 13.28
2002-03-27 13.83 13.88 13.6 13.6
2002-04-25 12.84 12.99 12.6 12.6
2002-05-23 12.27 12.46 12.21 12.21
2002-06-06 12.2 12.5 11.7 11.7
2002-06-10 12.29 12.4 12.02 12.02
2002-06-11 12.47 12.76 12.19 12.19
2002-06-21 12.72 12.8 12.55 12.55
2002-07-03 13.81 13.95 13.3 13.3
2002-07-08 13.95 14.38 13.84 13.84
2002-07-18 13.69 13.76 13.53 13.53
2002-07-26 13.29 13.46 13.26 13.26
2002-08-09 13.25 13.31 13.16 13.16
2002-08-13 13.33 13.4 13.2 13.2
2002-08-16 13.64 13.7 13.38 13.38
2002-08-22 13.8 13.95 13.64 13.64
2002-09-19 13.27 13.28 12.87 12.87
2002-09-20 13.39 13.4 13.04 13.04
2002-09-23 13.29 13.38 13.06 13.06
2002-09-27 13.29 13.44 13.1 13.1
2002-10-10 12.99 13.01 12.8 12.8
2002-10-14 13.01 13.05 12.9 12.9
2002-10-15 13.02 13.07 12.9 12.9
2002-10-18 13.02 13.06 12.93 12.93
2002-10-29 12.96 13.03 12.93 12.93
2002-11-15 11.28 11.35 11.18 11.18
2002-11-25 10.98 11.02 10.85 10.85
2002-11-29 11.13 11.28 10.92 10.92
2002-12-05 10.63 10.79 10.61 10.61
2002-12-09 10.88 10.9 10.5 10.5
2002-12-10 10.83 10.98 10.71 10.71
2002-12-12 10.75 10.85 10.57 10.57
2002-12-13 10.75 10.79 10.65 10.65
2003-01-06 11.27 11.28 11.0 11.0
2003-01-08 11.53 11.55 11.23 11.23
2003-01-13 11.92 11.98 11.6 11.6
2003-01-24 12.0 12.05 11.9 11.9
2003-02-10 12.5 12.54 12.4 12.4
2003-02-13 12.6 12.64 12.4 12.4
2003-03-03 12.24 12.27 12.0 12.0
2003-03-14 12.57 12.59 12.49 12.49
2003-03-24 13.1 13.15 13.04 13.04
2003-03-25 13.16 13.46 13.1 13.1
2003-05-14 12.15 12.25 12.0 12.0
2003-05-30 12.59 12.65 11.9 11.9
2003-06-10 12.82 12.85 12.63 12.63
2003-06-19 13.5 13.5 13.35 13.35
2003-06-30 13.38 13.46 13.31 13.31
2003-07-08 13.76 13.78 13.64 13.64
2003-07-17 13.69 13.87 13.41 13.41
2003-08-01 13.41 13.45 13.23 13.23
2003-08-06 13.31 13.65 13.3 13.3
2003-08-26 12.61 12.77 12.6 12.6
2003-09-11 12.78 12.98 12.65 12.65
2003-09-12 12.92 12.95 12.78 12.78
2003-09-30 12.32 12.33 12.12 12.12
2003-12-17 9.96 10.35 9.89 9.89
2003-12-24 9.88 10.1 9.58 9.58
2004-01-02 10.66 10.74 10.12 10.12
2004-01-09 11.0 11.4 10.96 10.96
2004-01-29 11.39 11.42 10.84 10.84
2004-02-03 11.49 11.6 11.11 11.11
2004-02-12 11.77 11.87 11.35 11.35
2004-03-15 11.51 11.55 11.3 11.3
2004-05-12 6.19 6.2 5.95 5.95
2004-08-02 4.75 4.76 4.6 4.6
2004-08-04 4.94 4.97 4.71 4.71
2004-08-27 4.98 5.05 4.97 4.97
2004-09-14 5.08 5.08 4.88 4.88
2004-10-12 4.1 4.14 3.96 3.96
2004-11-30 3.9 3.93 3.87 3.87
2004-12-31 3.55 3.6 3.54 3.54
2005-01-05 3.6 3.62 3.52 3.52
2005-01-10 3.6 3.62 3.57 3.57
2005-02-16 3.18 3.27 3.12 3.12
2005-02-21 3.24 3.26 3.17 3.17
2005-03-08 3.31 3.32 3.23 3.23
2005-04-13 3.04 3.05 2.92 2.92
2005-05-12 3.06 3.06 3.06 3.06
2006-10-24 2.5 2.5 2.45 2.45
2007-01-05 2.89 2.89 2.67 2.67
2007-01-15 3.26 3.29 3.05 3.05
2007-04-09 6.35 6.39 6.06 6.06
2007-04-13 6.92 7.14 6.66 6.66
2007-04-23 8.39 8.55 7.91 7.91
2007-05-09 10.2 10.2 9.46 9.46
2007-06-05 7.13 7.17 6.1 6.1
2007-07-06 6.83 6.83 6.21 6.21
2007-07-11 7.01 7.13 6.81 6.81
2007-08-20 8.86 9.1 8.8 8.8
2007-09-19 10.78 10.78 9.96 9.96
2007-10-15 10.05 10.38 9.87 9.87
2007-10-29 8.29 8.35 8.07 8.07
2007-11-19 8.8 8.84 8.49 8.49
2007-12-03 8.6 8.68 8.22 8.22
2007-12-19 8.89 8.99 8.83 8.83
2008-01-18 9.76 10.1 9.6 9.6
2008-01-23 9.89 9.89 8.92 8.92
2008-04-15 7.18 7.18 6.74 6.74
2008-08-14 3.64 3.73 3.5 3.5
2008-09-24 3.28 3.28 3.11 3.11
2008-11-05 2.45 2.49 2.38 2.38
2009-01-16 3.55 3.62 3.46 3.46
2009-03-26 4.12 4.15 3.97 3.97
2009-05-12 5.2 5.24 4.9 4.9
2009-06-15 5.07 5.09 5.01 5.01
2009-06-24 5.22 5.28 5.16 5.16
2009-08-20 5.63 5.65 5.39 5.39
2009-09-11 6.83 6.83 6.25 6.25
2009-10-14 8.05 8.23 7.87 7.87
2009-11-16 8.22 8.32 8.1 8.1
2009-11-30 7.92 7.94 7.7 7.7
2009-12-23 7.52 7.55 7.4 7.4
2010-03-29 7.8 7.83 7.76 7.76
2010-04-02 8.0 8.04 7.92 7.92
2010-05-04 6.72 6.79 6.51 6.51
2010-05-24 6.26 6.3 5.95 5.95
2010-05-26 6.36 6.36 6.23 6.23
2010-06-09 5.86 5.87 5.7 5.7
2010-08-24 5.89 5.93 5.81 5.81
2010-09-06 5.88 5.88 5.73 5.73
2010-09-13 5.69 5.74 5.61 5.61
2010-09-30 5.54 5.55 5.42 5.42
2010-10-11 5.83 5.84 5.66 5.66
2010-10-26 6.14 6.19 6.05 6.05
2010-11-04 6.29 6.32 6.17 6.17
2010-11-24 6.5 6.53 6.27 6.27
2010-12-13 6.25 6.26 6.12 6.12
2010-12-16 6.22 6.29 6.17 6.17
2010-12-31 5.78 5.8 5.7 5.7
2011-01-11 5.78 5.79 5.69 5.69
2011-01-26 5.56 5.57 5.49 5.49
2011-01-28 5.64 5.65 5.57 5.57
2011-02-14 5.86 5.87 5.76 5.76
2011-03-21 6.48 6.57 6.44 6.44
2011-04-11 6.64 6.73 6.59 6.59
2011-04-18 6.77 6.84 6.7 6.7
2011-06-24 5.89 5.9 5.7 5.7
2011-07-07 6.09 6.16 6.03 6.03
2011-08-19 5.53 5.54 5.4 5.4
2011-09-06 5.15 5.2 5.1 5.1
2011-09-16 5.3 5.37 5.29 5.29
2011-10-17 5.28 5.29 5.22 5.22
2012-01-12 4.15 4.19 4.13 4.13
2012-02-02 4.19 4.2 4.12 4.12
2012-02-28 4.65 4.69 4.61 4.61
2012-03-02 4.67 4.68 4.59 4.59
2012-03-08 4.57 4.59 4.5 4.5
2012-03-13 4.72 4.73 4.63 4.63
2012-04-05 4.36 4.38 4.2 4.2
2012-05-17 4.43 4.43 4.36 4.36
2012-06-11 4.19 4.19 4.14 4.14
2012-06-13 4.23 4.25 4.17 4.17
2012-07-24 3.73 3.76 3.72 3.72
2012-08-03 3.65 3.65 3.61 3.61
2012-08-06 3.75 3.78 3.66 3.66
2012-08-21 3.63 3.65 3.6 3.6
2012-09-07 3.55 3.58 3.43 3.43
2012-10-09 3.46 3.48 3.34 3.34
2012-10-10 3.49 3.52 3.46 3.46
2012-10-16 3.41 3.45 3.41 3.41
2012-10-24 3.59 3.62 3.48 3.48
2012-11-14 3.33 3.35 3.31 3.31
2012-12-14 3.45 3.5 3.34 3.34
2012-12-17 3.46 3.47 3.44 3.44
2012-12-25 3.45 3.46 3.37 3.37
2013-01-14 3.55 3.55 3.45 3.45
2013-01-18 3.63 3.66 3.59 3.59
2013-02-20 3.58 3.58 3.53 3.53
2013-02-22 3.52 3.54 3.51 3.51
2013-02-25 3.53 3.54 3.51 3.51
2013-03-20 3.38 3.4 3.3 3.3
2013-03-21 3.36 3.39 3.35 3.35
2013-03-29 3.28 3.31 3.26 3.26
2013-04-19 3.3 3.36 3.23 3.23
2013-05-03 3.22 3.23 3.17 3.17
2013-05-15 3.22 3.23 3.2 3.2
2013-05-20 3.31 3.32 3.28 3.28
2013-07-16 3.01 3.04 2.98 2.98
2013-07-22 2.91 2.93 2.88 2.88
2013-08-22 2.93 2.95 2.9 2.9
2013-09-06 3.39 3.48 3.25 3.25
2013-11-04 3.11 3.12 3.08 3.08
2013-11-12 3.07 3.08 3.02 3.02
2013-11-27 3.2 3.21 3.15 3.15
2014-01-22 3.06 3.06 2.99 2.99
2014-03-17 3.04 3.06 3.01 3.01
2014-03-18 3.07 3.09 3.04 3.04
2014-03-28 3.17 3.23 3.13 3.13
2014-04-16 3.21 3.22 3.15 3.15
2014-06-11 3.01 3.02 3.0 3.0
2014-06-13 3.01 3.02 2.99 2.99
2014-07-09 3.44 3.54 3.33 3.33
2014-07-16 3.83 3.83 3.45 3.45
2014-07-18 4.46 4.46 4.04 4.04
2014-07-22 4.81 4.81 4.3 4.3
2014-10-27 4.59 4.61 4.53 4.53
2014-11-03 4.93 4.94 4.77 4.77
2014-11-18 4.73 4.73 4.68 4.68
2015-01-20 4.7 4.71 4.6 4.6
2015-01-23 4.94 4.98 4.87 4.87
2015-02-03 5.03 5.04 4.91 4.91
2015-02-10 4.85 4.89 4.81 4.81
2015-02-13 4.94 4.98 4.84 4.84
2015-02-16 5.04 5.04 4.97 4.97
2015-02-17 5.16 5.29 5.05 5.05
2015-04-02 6.75 6.86 6.5 6.5
2015-04-03 7.08 7.37 6.98 6.98
2015-04-21 7.41 7.41 6.76 6.76
2015-06-01 10.43 10.46 9.86 9.86
2015-06-12 12.22 12.65 11.65 11.65
2015-07-08 4.46 4.46 4.46 4.46
2015-07-09 4.91 4.91 4.1 4.1
2015-09-02 4.56 4.93 4.4 4.4
2015-09-11 5.71 5.73 5.23 5.23
2015-09-23 6.19 6.19 5.51 5.51
2015-10-12 6.46 6.55 6.21 6.21
2015-10-15 6.53 6.54 6.31 6.31
2015-11-04 7.0 7.05 6.62 6.62
2016-02-16 5.33 5.37 5.11 5.11
2016-03-21 5.5 5.6 5.3 5.3
2016-04-13 5.69 5.75 5.54 5.54
2016-05-31 5.05 5.06 4.89 4.89
2016-06-14 4.92 4.97 4.83 4.83
2016-06-15 5.41 5.41 5.25 5.25
2016-06-16 5.95 5.95 5.95 5.95
2016-06-27 5.83 5.83 5.63 5.63
2016-07-19 5.71 5.71 5.63 5.63
2016-07-26 5.68 5.69 5.6 5.6
2016-08-02 5.28 5.29 5.18 5.18
2016-08-15 5.45 5.47 5.32 5.32
2016-08-30 5.57 5.66 5.43 5.43
2016-09-19 5.47 5.49 5.42 5.42
2016-10-24 5.54 5.56 5.47 5.47
2016-12-16 5.39 5.4 5.34 5.34
2016-12-21 5.43 5.44 5.4 5.4
2017-01-03 5.48 5.49 5.41 5.41
2017-01-20 5.38 5.39 5.31 5.31
2017-03-16 5.63 5.63 5.58 5.58
2017-03-31 5.4 5.42 5.37 5.37
2017-04-05 5.49 5.5 5.41 5.41
2017-04-26 5.09 5.11 5.07 5.07
2017-06-05 5.47 5.48 5.39 5.39
2017-06-15 5.67 5.7 5.61 5.61
