2000-02-14 14.86 14.87 13.88 13.88
2000-08-01 16.46 16.68 15.92 15.92
2000-08-03 16.63 16.75 16.55 16.55
2000-09-15 16.4 16.58 16.21 16.21
2000-09-20 15.91 16.1 15.83 15.83
2000-09-21 16.43 16.67 16.0 16.0
2000-11-17 20.65 20.86 20.45 20.45
2000-11-22 21.56 21.78 21.38 21.38
2000-11-28 20.86 20.98 20.4 20.4
2000-12-18 20.29 20.5 20.0 20.0
2001-02-09 17.55 17.65 17.2 17.2
2001-05-08 18.59 18.68 18.07 18.07
2001-06-15 21.14 21.25 20.7 20.7
2001-06-21 21.7 21.73 21.0 21.0
2001-07-06 21.25 21.43 21.1 21.1
2001-07-19 21.2 21.23 21.01 21.01
2001-11-01 12.11 12.28 11.97 11.97
2001-11-13 11.9 12.04 11.7 11.7
2001-11-20 11.65 11.7 11.4 11.4
2002-01-31 11.31 11.54 10.8 10.8
2002-02-08 11.58 11.6 11.26 11.26
2002-02-27 11.67 11.73 11.48 11.48
2002-03-04 11.79 11.8 11.4 11.4
2002-03-07 11.87 12.11 11.75 11.75
2002-03-12 12.77 12.98 12.5 12.5
2002-03-27 13.83 13.88 13.6 13.6
2002-06-10 12.29 12.4 12.02 12.02
2002-06-11 12.47 12.76 12.19 12.19
2002-07-08 13.95 14.38 13.84 13.84
2002-07-26 13.29 13.46 13.26 13.26
2002-08-13 13.33 13.4 13.2 13.2
2002-08-16 13.64 13.7 13.38 13.38
2002-08-22 13.8 13.95 13.64 13.64
2002-09-20 13.39 13.4 13.04 13.04
2002-09-23 13.29 13.38 13.06 13.06
2002-09-27 13.29 13.44 13.1 13.1
2002-10-10 12.99 13.01 12.8 12.8
2002-10-14 13.01 13.05 12.9 12.9
2002-10-15 13.02 13.07 12.9 12.9
2002-10-18 13.02 13.06 12.93 12.93
2002-11-25 10.98 11.02 10.85 10.85
2002-11-29 11.13 11.28 10.92 10.92
2002-12-05 10.63 10.79 10.61 10.61
2002-12-09 10.88 10.9 10.5 10.5
2002-12-10 10.83 10.98 10.71 10.71
2002-12-12 10.75 10.85 10.57 10.57
2002-12-13 10.75 10.79 10.65 10.65
2003-01-08 11.53 11.55 11.23 11.23
2003-01-13 11.92 11.98 11.6 11.6
2003-02-10 12.5 12.54 12.4 12.4
2003-02-13 12.6 12.64 12.4 12.4
2003-03-24 13.1 13.15 13.04 13.04
2003-03-25 13.16 13.46 13.1 13.1
2003-07-08 13.76 13.78 13.64 13.64
2003-08-06 13.31 13.65 13.3 13.3
2003-09-12 12.92 12.95 12.78 12.78
2003-12-24 9.88 10.1 9.58 9.58
2004-01-02 10.66 10.74 10.12 10.12
2004-01-09 11.0 11.4 10.96 10.96
2004-01-29 11.39 11.42 10.84 10.84
2004-02-03 11.49 11.6 11.11 11.11
2004-08-04 4.94 4.97 4.71 4.71
2005-01-05 3.6 3.62 3.52 3.52
2005-01-10 3.6 3.62 3.57 3.57
2005-02-21 3.24 3.26 3.17 3.17
2007-01-15 3.26 3.29 3.05 3.05
2007-04-13 6.92 7.14 6.66 6.66
2007-04-23 8.39 8.55 7.91 7.91
2007-07-11 7.01 7.13 6.81 6.81
2008-01-23 9.89 9.89 8.92 8.92
2010-04-02 8.0 8.04 7.92 7.92
2010-05-26 6.36 6.36 6.23 6.23
2010-09-13 5.69 5.74 5.61 5.61
2010-10-11 5.83 5.84 5.66 5.66
2010-12-16 6.22 6.29 6.17 6.17
2011-01-11 5.78 5.79 5.69 5.69
2011-01-28 5.64 5.65 5.57 5.57
2011-02-14 5.86 5.87 5.76 5.76
2011-04-18 6.77 6.84 6.7 6.7
2012-03-02 4.67 4.68 4.59 4.59
2012-03-08 4.57 4.59 4.5 4.5
2012-03-13 4.72 4.73 4.63 4.63
2012-06-13 4.23 4.25 4.17 4.17
2012-08-06 3.75 3.78 3.66 3.66
2012-10-10 3.49 3.52 3.46 3.46
2012-10-16 3.41 3.45 3.41 3.41
2012-10-24 3.59 3.62 3.48 3.48
2012-12-17 3.46 3.47 3.44 3.44
2012-12-25 3.45 3.46 3.37 3.37
2013-01-18 3.63 3.66 3.59 3.59
2013-02-22 3.52 3.54 3.51 3.51
2013-02-25 3.53 3.54 3.51 3.51
2013-03-21 3.36 3.39 3.35 3.35
2013-03-29 3.28 3.31 3.26 3.26
2013-05-20 3.31 3.32 3.28 3.28
2013-07-22 2.91 2.93 2.88 2.88
2013-11-12 3.07 3.08 3.02 3.02
2014-03-18 3.07 3.09 3.04 3.04
2014-06-13 3.01 3.02 2.99 2.99
2014-07-16 3.83 3.83 3.45 3.45
2014-07-18 4.46 4.46 4.04 4.04
2014-07-22 4.81 4.81 4.3 4.3
2014-11-03 4.93 4.94 4.77 4.77
2015-01-23 4.94 4.98 4.87 4.87
2015-02-10 4.85 4.89 4.81 4.81
2015-02-13 4.94 4.98 4.84 4.84
2015-02-16 5.04 5.04 4.97 4.97
2015-02-17 5.16 5.29 5.05 5.05
2015-04-03 7.08 7.37 6.98 6.98
2015-07-09 4.91 4.91 4.1 4.1
2015-09-11 5.71 5.73 5.23 5.23
2015-10-15 6.53 6.54 6.31 6.31
2016-06-15 5.41 5.41 5.25 5.25
2016-06-16 5.95 5.95 5.95 5.95
2016-07-26 5.68 5.69 5.6 5.6
2016-08-02 5.28 5.29 5.18 5.18
2016-12-21 5.43 5.44 5.4 5.4
2017-04-05 5.49 5.5 5.41 5.41
