1997-12-04 15.81 16.07 15.45 15.45
1997-12-12 16.41 16.79 16.2 16.2
1998-02-19 23.35 23.4 22.61 22.61
1998-03-20 20.64 20.8 19.92 19.92
1998-03-30 23.76 23.76 21.8 21.8
1998-04-28 23.05 23.6 21.8 21.8
1998-06-10 22.48 22.95 21.9 21.9
1998-09-29 16.62 16.76 16.5 16.5
1998-09-30 17.08 17.19 16.58 16.58
1999-01-06 16.53 16.75 16.46 16.46
1999-01-08 17.03 17.2 16.8 16.8
1999-03-19 15.18 15.27 14.65 14.65
1999-04-29 14.36 14.49 14.12 14.12
1999-06-16 14.02 14.13 13.0 13.0
1999-07-07 14.05 14.2 13.58 13.58
1999-07-15 13.42 13.7 13.39 13.39
1999-09-09 14.87 14.87 13.55 13.55
1999-09-17 14.85 15.25 14.5 14.5
1999-09-21 15.08 15.14 14.7 14.7
1999-10-27 14.39 14.47 14.1 14.1
2000-02-29 16.33 17.0 15.7 15.7
2000-04-26 19.11 19.4 18.55 18.55
2000-07-17 17.81 18.1 17.8 17.8
2000-07-19 17.98 18.09 17.6 17.6
2000-07-20 18.21 18.41 18.0 18.0
2000-07-25 17.85 18.08 17.75 17.75
2000-07-31 17.29 17.42 17.2 17.2
2000-08-07 18.1 18.36 17.58 17.58
2000-08-21 22.31 22.8 22.05 22.05
2000-08-28 21.81 22.0 21.21 21.21
2000-09-04 20.8 20.95 20.21 20.21
2000-09-26 19.02 19.2 18.78 18.78
2000-09-28 19.45 19.55 19.21 19.21
2000-09-29 19.65 19.75 19.4 19.4
2000-10-13 20.06 20.2 19.9 19.9
2000-12-25 26.78 26.8 25.7 25.7
2001-01-02 26.3 26.3 24.9 24.9
2001-01-04 27.38 27.5 26.0 26.0
2001-02-20 23.49 23.83 23.25 23.25
2001-03-08 23.13 23.13 23.0 23.0
2001-07-18 23.44 23.52 22.65 22.65
2001-08-29 18.89 19.08 18.3 18.3
2001-08-30 18.85 18.93 18.42 18.42
2001-11-27 11.55 11.58 11.15 11.15
2001-12-03 12.41 12.58 12.03 12.03
2002-01-21 9.88 10.01 9.71 9.71
2002-11-18 6.48 6.68 6.2 6.2
2003-01-14 6.07 6.17 5.8 5.8
2003-01-16 6.13 6.16 6.04 6.04
2003-04-10 6.1 6.12 6.02 6.02
2003-04-14 6.51 6.54 6.22 6.22
2003-05-28 5.93 6.04 5.85 5.85
2003-07-08 5.67 5.69 5.59 5.59
2003-07-15 5.62 5.65 5.53 5.53
2003-07-16 5.59 5.59 5.55 5.55
2003-09-18 4.97 5.01 4.95 4.95
2004-02-02 5.17 5.2 4.92 4.92
2004-02-03 5.53 5.66 5.25 5.25
2004-02-11 5.77 5.8 5.58 5.58
2004-03-11 7.29 7.49 6.7 6.7
2004-03-16 7.9 8.04 7.4 7.4
2004-03-17 8.23 8.25 7.8 7.8
2004-05-26 7.89 7.98 7.65 7.65
2004-07-16 7.06 7.2 6.66 6.66
2004-07-29 7.12 7.14 6.68 6.68
2004-08-03 6.93 7.08 6.79 6.79
2004-08-09 6.73 6.79 6.6 6.6
2004-08-10 6.78 6.88 6.72 6.72
2004-09-17 6.64 6.74 6.19 6.19
2004-09-23 7.26 7.27 6.93 6.93
2005-01-18 6.89 6.9 6.71 6.71
2005-02-21 6.3 6.37 6.22 6.22
2005-02-22 6.66 6.9 6.35 6.35
2005-02-23 6.69 6.85 6.6 6.6
2005-03-02 6.63 6.79 6.61 6.61
2005-04-13 6.29 6.43 6.18 6.18
2005-04-19 6.1 6.11 5.85 5.85
2005-06-08 6.31 6.38 5.8 5.8
2005-07-22 4.7 4.8 4.6 4.6
2005-10-24 5.62 5.8 5.54 5.54
2005-10-31 5.19 5.26 5.1 5.1
2005-12-12 4.68 4.79 4.65 4.65
2005-12-29 4.81 4.84 4.75 4.75
2007-04-12 16.55 16.69 15.95 15.95
2007-04-20 16.77 16.95 16.22 16.22
2007-05-17 22.14 22.14 20.7 20.7
2007-06-18 25.07 25.07 25.07 25.07
2007-08-24 23.09 23.38 21.4 21.4
2007-08-30 21.88 22.26 21.3 21.3
2007-08-31 22.21 22.87 21.93 21.93
2007-09-27 19.85 20.55 19.78 19.78
2008-07-18 9.44 9.55 8.9 8.9
2008-11-07 3.8 3.85 3.6 3.6
2008-11-13 4.33 4.45 4.06 4.06
2008-11-19 4.95 4.95 4.75 4.75
2009-03-04 6.86 6.87 6.47 6.47
2010-01-14 7.99 8.09 7.59 7.59
2010-02-22 6.83 6.92 6.83 6.83
2010-07-20 6.09 6.11 5.9 5.9
2011-01-26 6.63 6.67 6.52 6.52
2011-09-07 5.69 5.7 5.54 5.54
2011-09-15 5.67 5.78 5.65 5.65
2012-03-08 4.36 4.44 4.26 4.26
2012-03-09 4.45 4.46 4.35 4.35
2012-04-16 4.56 4.68 4.16 4.16
2012-09-05 3.52 3.55 3.48 3.48
2012-09-06 3.56 3.56 3.52 3.52
2012-11-01 3.55 3.57 3.49 3.49
2012-11-16 3.61 3.63 3.46 3.46
2013-03-12 4.37 4.37 4.37 4.37
2013-03-13 4.81 4.81 4.81 4.81
2013-03-14 5.29 5.29 5.29 5.29
2013-03-15 5.82 5.82 5.82 5.82
2013-05-24 6.29 6.36 6.15 6.15
2014-02-27 5.15 5.33 5.12 5.12
2014-05-28 5.06 5.1 5.01 5.01
2014-07-08 5.8 5.85 5.71 5.71
2014-07-14 5.88 5.88 5.7 5.7
2014-07-22 5.93 5.98 5.81 5.81
2015-03-10 6.99 7.08 6.88 6.88
2015-12-16 11.12 11.12 11.12 11.12
2015-12-17 10.87 11.11 10.01 10.01
2016-12-06 10.28 10.35 10.1 10.1
2017-03-06 12.75 13.12 12.5 12.5
2017-03-10 12.85 13.2 12.49 12.49
2017-06-26 13.83 13.87 13.07 13.07
