2004-06-11 12.39 12.86 12.12 12.12
2004-06-21 12.73 12.78 12.02 12.02
2004-08-03 9.38 9.47 9.16 9.16
2004-08-04 9.62 9.75 9.38 9.38
2004-08-13 8.69 8.79 8.58 8.58
2004-09-06 8.85 8.87 8.71 8.71
2004-09-07 8.93 8.94 8.78 8.78
2004-09-14 8.53 8.66 8.29 8.29
2004-10-29 8.91 9.2 8.63 8.63
2004-11-03 8.9 8.94 8.65 8.65
2004-11-15 9.31 9.38 9.24 9.24
2004-11-18 9.42 9.44 9.27 9.27
2004-12-08 8.92 9.08 8.89 8.89
2004-12-24 8.55 8.6 8.51 8.51
2005-02-01 6.83 6.92 6.8 6.8
2005-03-08 7.93 7.98 7.68 7.68
2005-05-19 6.39 6.42 6.25 6.25
2005-06-03 6.04 6.12 6.0 6.0
2005-06-08 6.65 6.7 6.3 6.3
2005-06-27 7.12 7.25 6.9 6.9
2005-06-29 6.9 7.0 6.83 6.83
2005-07-08 6.4 6.47 6.36 6.36
2005-07-22 6.23 6.32 6.15 6.15
2005-08-19 7.21 7.21 6.55 6.55
2005-08-24 6.99 7.03 6.85 6.85
2005-08-26 7.25 7.6 7.05 7.05
2005-09-01 7.16 7.21 7.0 7.0
2005-09-13 7.28 7.28 7.12 7.12
2005-09-29 6.57 6.59 6.46 6.46
2005-10-12 6.54 6.57 6.41 6.41
2005-10-14 6.34 6.42 6.3 6.3
2005-10-27 6.08 6.12 6.02 6.02
2005-11-02 5.6 5.6 5.33 5.33
2005-12-22 5.49 5.5 5.37 5.37
2005-12-26 5.56 5.6 5.5 5.5
2006-01-18 6.15 6.2 6.05 6.05
2006-02-06 6.13 6.14 5.93 5.93
2006-02-07 6.25 6.33 6.13 6.13
2006-02-24 6.31 6.32 6.2 6.2
2006-10-12 5.84 5.98 5.77 5.77
2006-10-18 6.4 6.54 5.95 5.95
2006-10-24 7.78 7.86 7.2 7.2
2006-11-03 8.09 8.39 7.55 7.55
2006-11-09 9.02 9.3 8.6 8.6
2006-11-27 8.53 8.61 8.3 8.3
2007-01-09 8.45 8.86 8.28 8.28
2007-01-15 8.86 9.0 8.32 8.32
2007-01-29 11.06 11.4 10.4 10.4
2007-02-06 9.95 9.98 9.36 9.36
2007-02-28 13.2 13.2 12.25 12.25
2007-03-13 12.25 12.59 12.09 12.09
2007-04-20 15.83 16.18 15.25 15.25
2007-04-23 16.62 17.0 15.63 15.63
2007-05-21 15.41 15.49 14.52 14.52
2007-06-18 13.46 13.7 13.21 13.21
2007-07-23 12.35 12.42 11.94 11.94
2007-07-25 12.47 12.52 12.08 12.08
2007-08-02 14.62 14.86 14.05 14.05
2007-08-03 15.13 15.35 14.59 14.59
2007-08-29 14.8 14.95 14.0 14.0
2007-09-06 14.52 14.85 14.44 14.44
2007-09-12 12.97 13.04 12.61 12.61
2007-09-13 13.15 13.24 12.88 12.88
2007-11-14 11.8 11.81 11.45 11.45
2007-12-10 14.1 14.26 13.61 13.61
2007-12-17 13.85 14.15 13.67 13.67
2008-01-09 14.99 15.13 14.65 14.65
2008-01-10 15.39 15.64 15.04 15.04
2008-01-15 15.7 15.79 15.05 15.05
2008-04-11 11.6 11.78 11.33 11.33
2008-05-27 11.0 11.02 10.8 10.8
2008-06-25 9.22 9.22 8.5 8.5
2008-07-21 6.29 6.34 5.92 5.92
2008-10-07 4.22 4.32 4.0 4.0
2008-10-14 4.28 4.28 4.28 4.28
2008-10-28 3.61 3.63 3.39 3.39
2008-11-05 3.28 3.34 3.18 3.18
2008-11-07 3.32 3.4 3.18 3.18
2008-11-12 3.82 3.82 3.42 3.42
2008-11-19 4.36 4.4 3.88 3.88
2008-12-03 4.5 4.54 4.35 4.35
2009-03-04 5.68 5.74 5.35 5.35
2009-03-17 5.88 5.92 5.62 5.62
2009-03-23 6.19 6.23 5.96 5.96
2009-04-20 6.92 6.98 6.62 6.62
2009-05-15 7.79 7.85 7.57 7.57
2009-06-01 7.67 7.7 7.53 7.53
2009-06-02 7.76 7.84 7.67 7.67
2009-06-19 8.32 8.58 7.78 7.78
2009-06-22 8.41 8.56 8.15 8.15
2009-07-01 8.5 8.69 8.33 8.33
2009-07-07 8.35 8.44 8.22 8.22
2009-07-27 8.53 8.54 8.4 8.4
2009-08-18 7.47 7.59 7.22 7.22
2009-08-21 7.27 7.29 6.98 6.98
2009-08-24 7.72 7.9 7.42 7.42
2009-08-27 8.03 8.19 7.62 7.62
2009-09-11 7.74 7.94 7.58 7.58
2009-11-03 9.2 9.24 8.96 8.96
2009-11-27 8.91 9.13 8.73 8.73
2009-11-30 9.21 9.22 8.93 8.93
2009-12-02 10.67 10.67 10.18 10.18
2009-12-21 9.8 9.93 9.65 9.65
2010-01-15 11.14 11.6 10.6 10.6
2010-02-12 10.49 10.58 10.31 10.31
2010-03-30 12.15 12.29 11.7 11.7
2010-04-09 12.57 12.6 12.22 12.22
2010-04-12 12.98 13.13 12.57 12.57
2010-06-09 10.39 10.4 10.06 10.06
2010-07-29 10.97 11.2 10.63 10.63
2010-08-13 11.16 11.17 10.73 10.73
2010-08-18 11.62 11.87 11.57 11.57
2010-08-19 12.78 12.78 11.71 11.71
2010-08-23 12.44 12.69 12.3 12.3
2010-09-13 13.19 13.22 12.88 12.88
2010-09-17 12.17 12.21 12.03 12.03
2010-09-21 12.36 12.44 12.2 12.2
2010-11-01 15.06 15.18 14.5 14.5
2010-12-13 15.36 15.38 14.7 14.7
2011-02-23 14.71 14.81 14.51 14.51
2011-03-01 16.94 16.94 15.71 15.71
2011-06-14 13.0 13.14 12.5 12.5
2011-06-15 13.13 13.26 12.92 12.92
2011-07-13 14.15 14.16 13.78 13.78
2011-09-20 11.59 11.69 11.4 11.4
2011-10-25 11.0 11.1 10.53 10.53
2011-10-31 11.4 11.58 11.02 11.02
2011-11-15 11.71 11.75 11.57 11.57
2011-12-20 9.28 9.41 9.22 9.22
2011-12-29 8.52 8.7 8.48 8.48
2011-12-30 8.65 8.68 8.59 8.59
2012-01-10 8.84 8.86 8.38 8.38
2012-01-12 8.77 8.9 8.72 8.72
2012-03-01 9.54 9.6 9.5 9.5
2012-03-06 10.18 10.19 9.97 9.97
2012-03-12 10.8 10.82 10.36 10.36
2012-05-04 10.0 10.08 9.5 9.5
2012-05-07 9.9 10.04 9.81 9.81
2012-05-15 10.02 10.04 9.7 9.7
2012-05-17 10.44 10.68 10.25 10.25
2012-06-01 11.11 11.24 10.46 10.46
2012-06-06 11.58 11.7 11.06 11.06
2012-06-13 11.83 11.9 11.27 11.27
2012-08-17 12.4 12.57 12.2 12.2
2012-08-31 11.86 12.11 11.31 11.31
2012-09-25 9.83 9.92 9.75 9.75
2012-10-08 10.0 10.04 9.81 9.81
2012-10-09 10.16 10.2 10.01 10.01
2012-10-16 9.71 9.83 9.66 9.66
2012-10-30 9.53 9.6 9.22 9.22
2012-11-23 8.28 8.34 8.24 8.24
2012-12-14 7.99 8.01 7.63 7.63
2013-01-10 9.81 9.82 9.32 9.32
2013-01-14 9.42 9.48 9.09 9.09
2013-02-08 10.02 10.29 9.8 9.8
2013-02-25 9.46 9.47 9.32 9.32
2013-03-25 10.26 10.29 10.1 10.1
2013-04-12 8.84 8.97 8.82 8.82
2013-04-18 8.76 8.85 8.56 8.56
2013-04-19 8.9 8.93 8.7 8.7
2013-04-24 8.95 9.02 8.72 8.72
2013-05-03 8.94 8.94 8.75 8.75
2013-05-10 9.33 9.34 9.11 9.11
2013-06-05 9.41 9.48 9.34 9.34
2013-08-01 6.53 6.54 6.38 6.38
2013-08-08 6.7 6.75 6.61 6.61
2013-09-02 6.91 6.94 6.76 6.76
2013-09-18 7.08 7.08 6.99 6.99
2013-11-04 6.67 6.69 6.58 6.58
2013-11-15 7.27 7.34 6.96 6.96
2014-01-30 7.4 7.45 7.32 7.32
2014-02-10 7.64 7.65 7.4 7.4
2014-02-27 7.73 7.87 7.54 7.54
2014-04-16 10.12 10.28 9.4 9.4
2014-05-23 8.75 8.75 8.61 8.61
2014-05-30 9.11 9.35 9.04 9.04
2014-06-05 9.21 9.22 8.96 8.96
2014-06-09 9.14 9.25 9.05 9.05
2014-06-24 9.2 9.26 9.09 9.09
2014-06-26 9.46 9.53 9.2 9.2
2014-07-11 9.64 9.73 9.48 9.48
2014-07-28 9.55 9.6 9.46 9.46
2014-08-05 9.96 9.98 9.75 9.75
2014-08-11 10.44 10.5 10.04 10.04
2014-08-19 10.99 11.0 10.38 10.38
2014-09-24 11.43 11.51 11.31 11.31
2014-12-10 11.45 11.48 11.1 11.1
2014-12-11 11.58 11.72 11.32 11.32
2014-12-12 11.7 11.73 11.46 11.46
2014-12-24 11.19 11.2 10.91 10.91
2015-01-27 12.77 12.78 12.25 12.25
2015-02-13 12.92 12.98 12.68 12.68
2015-02-27 13.43 13.5 13.0 13.0
2015-03-04 14.34 14.4 13.8 13.8
2015-04-01 16.82 16.99 16.28 16.28
2015-05-08 10.6 10.64 10.28 10.28
2015-07-08 7.61 7.61 7.61 7.61
2015-07-09 8.37 8.37 6.85 6.85
2015-07-13 10.13 10.13 10.13 10.13
2015-07-14 11.14 11.14 11.14 11.14
2015-07-17 11.39 11.48 10.57 10.57
2015-08-25 8.91 9.49 8.91 8.91
2015-09-07 8.02 8.29 7.81 7.81
2015-09-09 9.3 9.45 8.6 8.6
2015-09-11 9.16 9.2 8.82 8.82
2015-10-12 10.28 10.48 9.8 9.8
2016-03-04 9.81 9.81 9.81 9.81
2016-03-07 10.79 10.79 9.06 9.06
2016-04-13 10.68 10.99 10.55 10.55
2016-04-15 11.05 11.31 10.9 10.9
2016-05-23 8.82 8.85 8.7 8.7
2016-05-31 9.1 9.21 8.6 8.6
2016-07-11 10.25 10.54 10.13 10.13
2016-08-02 9.0 9.02 8.9 8.9
2016-08-29 9.36 9.46 9.24 9.24
2016-09-05 9.33 9.37 9.21 9.21
2016-09-07 9.41 9.61 9.34 9.34
2016-12-30 8.86 8.95 8.82 8.82
2017-01-24 8.42 8.48 8.34 8.34
2017-03-10 8.85 8.88 8.82 8.82
2017-03-16 8.98 9.0 8.86 8.86
2017-03-20 9.0 9.05 8.87 8.87
2017-05-25 7.37 7.53 7.15 7.15
2017-06-08 7.54 7.79 7.39 7.39
2017-06-13 7.45 7.49 7.27 7.27
2017-06-15 7.52 7.62 7.47 7.47
2017-06-27 7.57 7.6 7.53 7.53
2017-06-29 7.62 7.63 7.5 7.5
2017-06-30 7.63 7.66 7.56 7.56
2017-07-13 7.68 7.81 7.67 7.67
2017-07-19 7.42 7.49 7.28 7.28
2017-08-01 7.7 7.75 7.45 7.45
2017-08-14 7.3 7.31 7.21 7.21
