2004-06-21 12.73 12.78 12.02 12.02
2004-08-04 9.62 9.75 9.38 9.38
2004-09-07 8.93 8.94 8.78 8.78
2004-09-14 8.53 8.66 8.29 8.29
2004-11-03 8.9 8.94 8.65 8.65
2004-11-18 9.42 9.44 9.27 9.27
2005-06-08 6.65 6.7 6.3 6.3
2005-06-29 6.9 7.0 6.83 6.83
2005-08-24 6.99 7.03 6.85 6.85
2005-08-26 7.25 7.6 7.05 7.05
2005-09-01 7.16 7.21 7.0 7.0
2005-10-12 6.54 6.57 6.41 6.41
2005-10-14 6.34 6.42 6.3 6.3
2005-11-02 5.6 5.6 5.33 5.33
2005-12-26 5.56 5.6 5.5 5.5
2006-02-06 6.13 6.14 5.93 5.93
2006-02-07 6.25 6.33 6.13 6.13
2006-10-18 6.4 6.54 5.95 5.95
2006-10-24 7.78 7.86 7.2 7.2
2006-11-09 9.02 9.3 8.6 8.6
2007-01-15 8.86 9.0 8.32 8.32
2007-02-06 9.95 9.98 9.36 9.36
2007-04-23 16.62 17.0 15.63 15.63
2007-07-25 12.47 12.52 12.08 12.08
2007-08-02 14.62 14.86 14.05 14.05
2007-08-03 15.13 15.35 14.59 14.59
2007-09-06 14.52 14.85 14.44 14.44
2007-09-12 12.97 13.04 12.61 12.61
2007-09-13 13.15 13.24 12.88 12.88
2007-12-17 13.85 14.15 13.67 13.67
2008-01-10 15.39 15.64 15.04 15.04
2008-01-15 15.7 15.79 15.05 15.05
2008-10-14 4.28 4.28 4.28 4.28
2008-11-05 3.28 3.34 3.18 3.18
2008-11-07 3.32 3.4 3.18 3.18
2008-11-12 3.82 3.82 3.42 3.42
2008-11-19 4.36 4.4 3.88 3.88
2009-03-23 6.19 6.23 5.96 5.96
2009-06-02 7.76 7.84 7.67 7.67
2009-06-22 8.41 8.56 8.15 8.15
2009-07-07 8.35 8.44 8.22 8.22
2009-08-21 7.27 7.29 6.98 6.98
2009-08-24 7.72 7.9 7.42 7.42
2009-08-27 8.03 8.19 7.62 7.62
2009-11-30 9.21 9.22 8.93 8.93
2009-12-02 10.67 10.67 10.18 10.18
2010-04-12 12.98 13.13 12.57 12.57
2010-08-18 11.62 11.87 11.57 11.57
2010-08-19 12.78 12.78 11.71 11.71
2010-08-23 12.44 12.69 12.3 12.3
2010-09-17 12.17 12.21 12.03 12.03
2010-09-21 12.36 12.44 12.2 12.2
2011-03-01 16.94 16.94 15.71 15.71
2011-06-15 13.13 13.26 12.92 12.92
2011-10-31 11.4 11.58 11.02 11.02
2011-12-30 8.65 8.68 8.59 8.59
2012-01-10 8.84 8.86 8.38 8.38
2012-01-12 8.77 8.9 8.72 8.72
2012-03-06 10.18 10.19 9.97 9.97
2012-03-12 10.8 10.82 10.36 10.36
2012-05-07 9.9 10.04 9.81 9.81
2012-05-15 10.02 10.04 9.7 9.7
2012-05-17 10.44 10.68 10.25 10.25
2012-06-06 11.58 11.7 11.06 11.06
2012-06-13 11.83 11.9 11.27 11.27
2012-10-08 10.0 10.04 9.81 9.81
2012-10-09 10.16 10.2 10.01 10.01
2012-10-16 9.71 9.83 9.66 9.66
2013-01-14 9.42 9.48 9.09 9.09
2013-02-25 9.46 9.47 9.32 9.32
2013-04-18 8.76 8.85 8.56 8.56
2013-04-19 8.9 8.93 8.7 8.7
2013-04-24 8.95 9.02 8.72 8.72
2013-05-03 8.94 8.94 8.75 8.75
2013-05-10 9.33 9.34 9.11 9.11
2013-08-08 6.7 6.75 6.61 6.61
2014-02-10 7.64 7.65 7.4 7.4
2014-05-30 9.11 9.35 9.04 9.04
2014-06-05 9.21 9.22 8.96 8.96
2014-06-09 9.14 9.25 9.05 9.05
2014-06-26 9.46 9.53 9.2 9.2
2014-08-05 9.96 9.98 9.75 9.75
2014-08-11 10.44 10.5 10.04 10.04
2014-08-19 10.99 11.0 10.38 10.38
2014-12-11 11.58 11.72 11.32 11.32
2014-12-12 11.7 11.73 11.46 11.46
2015-02-27 13.43 13.5 13.0 13.0
2015-03-04 14.34 14.4 13.8 13.8
2015-07-09 8.37 8.37 6.85 6.85
2015-07-13 10.13 10.13 10.13 10.13
2015-07-14 11.14 11.14 11.14 11.14
2015-07-17 11.39 11.48 10.57 10.57
2015-09-09 9.3 9.45 8.6 8.6
2015-09-11 9.16 9.2 8.82 8.82
2016-03-07 10.79 10.79 9.06 9.06
2016-04-15 11.05 11.31 10.9 10.9
2016-05-31 9.1 9.21 8.6 8.6
2016-09-05 9.33 9.37 9.21 9.21
2016-09-07 9.41 9.61 9.34 9.34
2017-03-16 8.98 9.0 8.86 8.86
2017-03-20 9.0 9.05 8.87 8.87
2017-06-13 7.45 7.49 7.27 7.27
2017-06-15 7.52 7.62 7.47 7.47
2017-06-29 7.62 7.63 7.5 7.5
2017-06-30 7.63 7.66 7.56 7.56
2017-07-19 7.42 7.49 7.28 7.28
2017-08-17 7.5 7.54 7.41 7.41
