2004-02-16 6.93 6.94 6.78 6.78
2004-11-22 6.12 6.14 6.03 6.03
2004-12-24 6.03 6.03 5.94 5.94
2005-01-28 5.48 5.56 5.4 5.4
2005-02-16 5.55 5.62 5.42 5.42
2005-04-08 5.65 5.66 5.51 5.51
2005-04-13 5.54 5.61 5.47 5.47
2007-02-06 4.92 4.96 4.71 4.71
2007-02-08 5.33 5.55 5.15 5.15
2007-02-13 5.74 5.83 5.4 5.4
2007-04-09 8.69 9.1 8.4 8.4
2007-06-05 9.31 9.43 8.43 8.43
2007-06-13 10.69 11.0 10.27 10.27
2007-06-21 11.45 11.68 10.95 10.95
2007-09-03 12.5 12.5 12.5 12.5
2007-11-06 9.08 9.37 8.99 8.99
2007-11-23 8.97 8.98 8.51 8.51
2007-11-29 9.26 9.33 9.02 9.02
2007-11-30 9.35 9.54 9.21 9.21
2008-02-20 10.76 11.16 10.51 10.51
2008-05-14 7.91 7.97 7.57 7.57
2008-07-02 5.72 5.85 5.53 5.53
2008-11-04 3.31 3.39 3.17 3.17
2008-11-12 3.61 3.62 3.46 3.46
2009-03-04 8.79 8.79 7.92 7.92
2009-05-25 10.97 11.09 10.71 10.71
2009-09-14 10.65 10.7 10.14 10.14
2009-09-17 11.19 11.53 10.87 10.87
2010-01-04 13.55 14.06 13.48 13.48
2010-03-29 14.72 14.98 14.4 14.4
2010-09-02 14.12 14.22 13.8 13.8
2011-01-26 15.42 15.46 14.94 14.94
2011-02-10 16.17 16.2 15.72 15.72
2011-02-16 17.64 17.88 16.83 16.83
2011-06-30 13.65 14.5 13.32 13.32
2011-07-04 14.01 14.06 13.69 13.69
2012-03-19 11.21 11.33 10.81 10.81
2012-03-21 11.08 11.32 10.92 10.92
2012-10-29 6.86 6.95 6.81 6.81
2012-12-19 6.35 6.39 6.25 6.25
2013-04-19 6.61 6.66 6.48 6.48
2013-04-24 6.47 6.51 6.37 6.37
2013-10-21 7.77 7.8 7.49 7.49
2013-12-09 7.48 7.55 7.29 7.29
2014-09-01 11.73 11.81 11.55 11.55
2014-09-02 12.39 12.53 11.78 11.78
2014-10-22 12.88 13.45 12.17 12.17
2014-12-24 14.46 14.89 14.08 14.08
2015-03-16 15.45 15.5 15.18 15.18
2015-07-09 13.77 13.77 11.27 11.27
2015-10-12 15.76 16.23 15.25 15.25
2015-10-15 16.18 16.2 15.37 15.37
2016-05-04 13.78 13.97 13.6 13.6
2017-04-06 22.54 22.54 22.54 22.54
2017-04-13 26.01 26.88 24.8 24.8
2017-06-20 21.76 22.4 20.46 20.46
2017-07-03 21.43 21.59 21.01 21.01
