2003-08-22 7.1 7.16 7.0 7.0
2003-10-17 7.03 7.12 6.98 6.98
2003-10-31 6.58 6.84 6.51 6.51
2004-02-12 6.91 7.03 6.79 6.79
2004-02-16 6.93 6.94 6.78 6.78
2004-03-19 6.84 6.85 6.78 6.78
2004-03-30 6.83 6.84 6.69 6.69
2004-04-27 7.6 7.69 7.35 7.35
2004-06-11 7.56 7.68 7.43 7.43
2004-06-29 6.52 6.53 6.4 6.4
2004-07-30 6.66 6.72 6.6 6.6
2004-09-07 6.51 6.56 6.45 6.45
2004-09-16 6.45 6.59 6.35 6.35
2004-10-13 7.09 7.11 6.83 6.83
2004-10-28 6.23 6.39 6.2 6.2
2004-11-18 5.97 5.97 5.91 5.91
2004-11-22 6.12 6.14 6.03 6.03
2004-12-08 6.1 6.16 6.0 6.0
2004-12-22 6.03 6.04 5.95 5.95
2004-12-24 6.03 6.03 5.94 5.94
2005-01-20 5.66 5.72 5.6 5.6
2005-01-28 5.48 5.56 5.4 5.4
2005-02-16 5.55 5.62 5.42 5.42
2005-03-31 5.51 5.57 5.44 5.44
2005-04-08 5.65 5.66 5.51 5.51
2005-04-13 5.54 5.61 5.47 5.47
2005-05-17 4.96 4.98 4.91 4.91
2005-06-27 3.53 3.55 3.48 3.48
2005-07-21 2.97 3.1 2.92 2.92
2005-09-28 4.19 4.27 4.08 4.08
2005-11-18 3.74 3.8 3.6 3.6
2006-10-24 4.3 4.32 4.15 4.15
2006-11-08 4.13 4.21 4.11 4.11
2006-11-22 3.82 3.93 3.78 3.78
2006-12-07 4.04 4.15 3.96 3.96
2007-01-19 4.71 4.81 4.49 4.49
2007-02-02 4.57 4.7 4.53 4.53
2007-02-06 4.92 4.96 4.71 4.71
2007-02-08 5.33 5.55 5.15 5.15
2007-02-13 5.74 5.83 5.4 5.4
2007-03-01 7.82 7.82 7.82 7.82
2007-03-20 7.4 7.41 7.11 7.11
2007-04-04 8.29 8.4 8.15 8.15
2007-04-09 8.69 9.1 8.4 8.4
2007-05-17 12.17 12.58 11.91 11.91
2007-05-30 12.85 13.9 12.85 12.85
2007-06-05 9.31 9.43 8.43 8.43
2007-06-13 10.69 11.0 10.27 10.27
2007-06-21 11.45 11.68 10.95 10.95
2007-08-03 9.39 9.42 8.93 8.93
2007-08-31 11.36 11.36 11.36 11.36
2007-09-03 12.5 12.5 12.5 12.5
2007-09-12 11.2 11.28 10.7 10.7
2007-10-16 10.95 11.2 10.59 10.59
2007-11-05 9.0 9.08 8.64 8.64
2007-11-06 9.08 9.37 8.99 8.99
2007-11-16 9.25 9.44 8.72 8.72
2007-11-23 8.97 8.98 8.51 8.51
2007-11-29 9.26 9.33 9.02 9.02
2007-11-30 9.35 9.54 9.21 9.21
2007-12-20 10.52 10.79 10.43 10.43
2008-02-13 9.51 9.77 9.3 9.3
2008-02-20 10.76 11.16 10.51 10.51
2008-03-06 11.16 11.6 11.15 11.15
2008-05-07 7.73 7.88 7.48 7.48
2008-05-14 7.91 7.97 7.57 7.57
2008-06-24 5.92 5.93 5.5 5.5
2008-07-02 5.72 5.85 5.53 5.53
2008-07-28 6.09 6.19 5.96 5.96
2008-10-28 3.29 3.29 2.99 2.99
2008-11-04 3.31 3.39 3.17 3.17
2008-11-12 3.61 3.62 3.46 3.46
2009-01-05 4.38 4.4 4.2 4.2
2009-01-16 5.1 5.31 5.07 5.07
2009-02-06 7.07 7.07 6.43 6.43
2009-03-02 7.82 7.91 7.39 7.39
2009-03-04 8.79 8.79 7.92 7.92
2009-03-13 9.39 9.83 9.13 9.13
2009-05-22 11.09 11.2 10.55 10.55
2009-05-25 10.97 11.09 10.71 10.71
2009-09-11 10.12 10.37 10.0 10.0
2009-09-14 10.65 10.7 10.14 10.14
2009-09-17 11.19 11.53 10.87 10.87
2009-12-24 12.35 12.4 11.87 11.87
2010-01-04 13.55 14.06 13.48 13.48
2010-01-15 14.15 14.98 14.06 14.06
2010-03-03 14.1 14.18 13.7 13.7
2010-03-19 14.67 14.8 14.15 14.15
2010-03-29 14.72 14.98 14.4 14.4
2010-06-03 12.61 13.01 12.51 12.51
2010-08-16 13.87 14.03 13.66 13.66
2010-08-30 13.8 13.93 13.49 13.49
2010-09-02 14.12 14.22 13.8 13.8
2010-11-24 17.39 17.45 16.85 16.85
2010-12-13 18.59 18.75 17.44 17.44
2010-12-29 16.19 16.22 15.86 15.86
2011-01-25 14.89 14.96 14.75 14.75
2011-01-26 15.42 15.46 14.94 14.94
2011-02-10 16.17 16.2 15.72 15.72
2011-02-16 17.64 17.88 16.83 16.83
2011-04-20 16.38 16.48 16.2 16.2
2011-05-05 15.49 15.52 15.15 15.15
2011-05-18 15.52 15.65 14.67 14.67
2011-06-27 13.67 13.78 13.36 13.36
2011-06-30 13.65 14.5 13.32 13.32
2011-07-04 14.01 14.06 13.69 13.69
2011-07-13 14.25 14.33 13.79 13.79
2011-08-23 13.68 13.7 13.32 13.32
2011-11-09 10.98 10.98 10.59 10.59
2011-12-08 9.7 9.8 9.42 9.42
2012-01-10 8.34 8.45 7.85 7.85
2012-03-16 10.91 11.07 10.45 10.45
2012-03-19 11.21 11.33 10.81 10.81
2012-03-21 11.08 11.32 10.92 10.92
2012-04-05 9.08 9.12 8.62 8.62
2012-04-27 8.96 9.1 8.93 8.93
2012-05-11 8.82 8.92 8.79 8.79
2012-06-18 9.11 9.18 9.07 9.07
2012-07-27 7.01 7.04 6.94 6.94
2012-08-17 7.56 7.59 7.45 7.45
2012-09-03 7.87 7.94 7.74 7.74
2012-10-09 7.23 7.24 7.09 7.09
2012-10-24 7.04 7.12 7.03 7.03
2012-10-29 6.86 6.95 6.81 6.81
2012-12-14 6.24 6.33 5.95 5.95
2012-12-19 6.35 6.39 6.25 6.25
2013-02-08 7.26 7.32 7.11 7.11
2013-04-16 6.5 6.51 6.29 6.29
2013-04-19 6.61 6.66 6.48 6.48
2013-04-24 6.47 6.51 6.37 6.37
2013-06-14 6.61 6.63 6.45 6.45
2013-08-30 6.28 6.32 6.22 6.22
2013-09-18 6.42 6.43 6.36 6.36
2013-10-11 7.02 7.08 6.75 6.75
2013-10-21 7.77 7.8 7.49 7.49
2013-12-04 7.31 7.45 7.25 7.25
2013-12-09 7.48 7.55 7.29 7.29
2014-01-21 6.19 6.22 6.12 6.12
2014-06-24 7.84 7.89 7.6 7.6
2014-07-23 9.24 9.53 8.73 8.73
2014-08-27 11.71 12.1 11.56 11.56
2014-09-01 11.73 11.81 11.55 11.55
2014-09-02 12.39 12.53 11.78 11.78
2014-10-15 12.05 12.18 11.93 11.93
2014-10-22 12.88 13.45 12.17 12.17
2014-12-23 15.64 15.64 15.64 15.64
2014-12-24 14.46 14.89 14.08 14.08
2015-01-20 13.18 13.26 12.72 12.72
2015-02-13 14.14 14.24 13.79 13.79
2015-03-13 15.07 15.08 14.73 14.73
2015-03-16 15.45 15.5 15.18 15.18
2015-04-30 17.22 17.42 17.01 17.01
2015-05-19 20.4 20.8 19.05 19.05
2015-07-08 12.52 12.52 12.52 12.52
2015-07-09 13.77 13.77 11.27 11.27
2015-07-23 19.47 19.64 18.3 18.3
2015-08-04 16.69 16.69 15.18 15.18
2015-08-25 15.27 15.8 15.27 15.27
2015-10-08 14.67 14.67 13.88 13.88
2015-10-12 15.76 16.23 15.25 15.25
2015-10-15 16.18 16.2 15.37 15.37
2015-11-04 16.25 16.26 15.28 15.28
2015-11-16 18.01 18.03 17.16 17.16
2015-12-17 17.99 18.14 17.7 17.7
2016-01-29 11.17 11.29 10.61 10.61
2016-03-02 11.2 11.27 10.63 10.63
2016-04-26 13.06 13.1 12.35 12.35
2016-05-04 13.78 13.97 13.6 13.6
2016-05-19 12.11 12.33 12.05 12.05
2016-05-31 12.97 13.07 12.22 12.22
2016-07-21 15.11 15.3 14.85 14.85
2017-01-13 16.51 16.51 16.51 16.51
2017-02-28 17.58 17.73 17.42 17.42
2017-03-13 17.5 17.53 17.29 17.29
2017-04-05 20.49 20.49 20.49 20.49
2017-04-06 22.54 22.54 22.54 22.54
2017-04-13 26.01 26.88 24.8 24.8
2017-06-16 20.43 20.74 20.15 20.15
2017-06-20 21.76 22.4 20.46 20.46
2017-06-29 21.58 21.93 21.5 21.5
2017-07-03 21.43 21.59 21.01 21.01
2017-08-28 21.09 21.35 20.81 20.81
