2003-10-17 5.66 5.71 5.64 5.64
2003-11-13 4.96 4.99 4.88 4.88
2003-11-19 5.12 5.15 4.98 4.98
2004-08-04 4.69 4.79 4.6 4.6
2004-08-06 4.76 4.77 4.6 4.6
2004-12-24 3.97 4.01 3.92 3.92
2005-03-16 3.44 3.45 3.39 3.39
2005-03-23 3.1 3.18 3.06 3.06
2005-04-07 3.2 3.25 3.14 3.14
2005-07-20 2.21 2.24 2.17 2.17
2005-07-26 2.27 2.29 2.22 2.22
2005-08-03 2.52 2.55 2.46 2.46
2005-08-22 2.64 2.65 2.53 2.53
2005-09-13 2.94 2.94 2.87 2.87
2005-10-14 2.96 2.97 2.84 2.84
2005-10-21 2.93 2.94 2.85 2.85
2006-10-13 2.95 2.96 2.93 2.93
2006-11-22 2.76 2.76 2.7 2.7
2007-01-04 2.84 2.85 2.82 2.82
2007-03-26 5.34 5.36 5.18 5.18
2007-03-30 5.17 5.26 5.03 5.03
2007-04-20 7.0 7.08 6.59 6.59
2007-04-23 7.37 7.37 7.06 7.06
2007-06-18 10.87 10.87 10.12 10.12
2007-07-17 9.3 9.3 8.46 8.46
2007-07-19 9.73 9.98 9.01 9.01
2007-07-20 9.99 10.2 9.43 9.43
2007-07-23 10.25 10.35 9.85 9.85
2008-04-29 5.29 5.38 5.2 5.2
2008-11-12 2.43 2.44 2.29 2.29
2008-11-20 3.0 3.0 3.0 3.0
2009-01-06 2.86 2.87 2.7 2.7
2009-01-07 2.84 2.92 2.83 2.83
2009-03-04 3.52 3.52 3.31 3.31
2009-03-10 3.43 3.44 3.3 3.3
2009-06-08 4.75 4.82 4.57 4.57
2009-12-02 13.31 13.31 12.25 12.25
2010-01-14 13.68 13.8 12.75 12.75
2010-10-29 14.4 14.48 14.12 14.12
2010-11-15 14.01 14.07 13.51 13.51
2011-07-01 10.04 10.04 9.16 9.16
2011-08-23 9.57 9.76 9.03 9.03
2011-11-11 9.63 9.78 9.46 9.46
2012-03-08 8.66 8.93 8.24 8.24
2012-07-19 6.0 6.0 6.0 6.0
2012-07-20 6.6 6.6 6.6 6.6
2012-08-31 6.0 6.12 5.68 5.68
2012-10-08 5.64 5.68 5.51 5.51
2012-10-12 5.75 5.93 5.67 5.67
2013-01-18 5.95 6.03 5.84 5.84
2013-02-18 5.9 5.96 5.7 5.7
2013-03-20 5.97 5.99 5.82 5.82
2013-03-26 6.16 6.22 6.03 6.03
2013-03-29 5.72 5.82 5.71 5.71
2013-04-24 5.52 5.54 5.39 5.39
2013-05-02 5.21 5.27 5.15 5.15
2013-05-03 5.73 5.73 5.22 5.22
2013-09-12 5.54 5.58 5.38 5.38
2013-12-05 6.6 6.6 6.6 6.6
2013-12-06 7.26 7.26 7.26 7.26
2014-04-18 7.97 7.99 7.78 7.78
2014-04-25 8.83 9.09 8.2 8.2
2014-06-12 8.64 8.89 8.55 8.55
2014-07-18 9.05 9.14 8.9 8.9
2014-07-25 9.16 9.31 8.82 8.82
2014-08-11 9.96 9.98 9.8 9.8
2014-09-30 10.0 10.1 9.72 9.72
2014-10-28 9.0 9.04 8.94 8.94
2014-12-12 9.45 9.5 9.2 9.2
2015-01-07 9.68 9.79 9.45 9.45
2015-03-18 15.21 15.31 14.85 14.85
2015-04-29 14.4 14.65 14.15 14.15
2015-05-04 14.55 14.75 14.08 14.08
2015-05-11 14.38 14.43 14.06 14.06
2015-10-15 10.13 10.29 9.8 9.8
2016-02-16 7.52 7.53 7.19 7.19
2016-08-09 8.97 9.03 8.86 8.86
2017-01-25 9.28 9.3 9.18 9.18
2017-07-10 9.22 9.28 9.13 9.13
2017-07-18 8.81 8.84 8.68 8.68
