1994-03-01 10.1 10.5 9.9 9.9
1994-03-22 11.44 11.54 11.02 11.02
1994-04-21 8.6 9.0 7.4 7.4
1994-05-09 7.9 7.95 7.58 7.58
1994-05-23 7.98 8.09 7.91 7.91
1994-06-02 7.49 7.55 7.1 7.1
1994-06-14 8.1 8.12 7.71 7.71
1994-07-08 7.18 8.0 6.9 6.9
1994-07-25 5.75 5.82 5.45 5.45
1994-08-02 7.12 8.1 7.01 7.01
1994-08-12 10.0 10.3 9.51 9.51
1994-08-30 12.5 12.59 11.58 11.58
1994-09-02 14.0 14.2 12.51 12.51
1994-10-10 13.6 14.48 12.05 12.05
1994-10-11 14.1 14.41 13.8 13.8
1994-10-31 12.4 12.6 12.0 12.0
1994-11-07 13.25 13.45 12.31 12.31
1994-11-29 13.68 13.7 13.2 13.2
1994-12-16 13.6 13.98 13.06 13.06
1995-01-03 12.75 12.95 12.41 12.41
1995-01-04 12.95 13.05 12.56 12.56
1995-01-27 10.53 10.6 10.4 10.4
1995-02-20 9.69 9.87 9.62 9.62
1995-03-03 11.1 11.35 10.51 10.51
1995-03-17 12.0 12.1 11.69 11.69
1995-04-14 12.0 12.0 11.75 11.75
1995-04-19 11.8 11.9 11.5 11.5
1995-04-20 12.08 12.19 11.8 11.8
1995-05-08 10.66 11.5 10.49 10.49
1995-05-09 10.8 10.8 10.7 10.7
1995-05-11 10.59 10.75 10.5 10.5
1995-06-06 12.44 12.45 12.3 12.3
1995-07-05 11.28 11.38 11.09 11.09
1995-07-17 12.0 12.28 11.3 11.3
1995-08-02 11.7 12.45 11.7 11.7
1995-08-17 12.3 12.6 12.1 12.1
1995-08-22 12.85 12.88 12.27 12.27
1995-09-04 12.75 13.0 12.66 12.66
1995-09-11 13.49 13.5 12.65 12.65
1995-10-13 11.8 11.98 11.7 11.7
1995-10-20 12.6 12.6 11.71 11.71
1995-10-27 12.1 12.28 12.0 12.0
1995-11-06 12.2 12.2 12.05 12.05
1995-11-28 11.41 11.5 11.2 11.2
1995-11-30 11.21 11.58 11.1 11.1
1995-12-11 10.9 11.45 10.59 10.59
1995-12-14 10.96 10.99 10.88 10.88
1995-12-19 10.48 10.5 10.35 10.35
1995-12-20 10.58 10.58 10.48 10.48
1995-12-21 10.5 10.7 10.5 10.5
1996-01-03 9.68 9.68 9.5 9.5
1996-01-04 9.95 10.0 9.66 9.66
1996-01-08 9.5 9.5 9.4 9.4
1996-01-09 9.65 9.9 9.5 9.5
1996-01-10 9.5 9.58 9.4 9.4
1996-01-12 9.5 9.5 9.4 9.4
1996-01-15 9.41 9.45 9.38 9.38
1996-01-16 9.41 9.45 9.41 9.41
1996-01-24 9.03 9.12 9.01 9.01
1996-02-08 9.12 9.18 9.12 9.12
1996-02-09 9.25 9.25 9.11 9.11
1996-02-13 9.24 9.25 9.1 9.1
1996-02-15 9.3 9.38 9.13 9.13
1996-03-04 10.79 10.9 9.88 9.88
1996-03-07 9.96 10.01 9.65 9.65
1996-03-08 10.29 10.29 9.8 9.8
1996-03-14 9.87 10.0 9.75 9.75
1996-03-15 9.92 9.93 9.85 9.85
1996-03-20 9.97 9.97 9.9 9.9
1996-03-21 10.07 10.1 9.9 9.9
1996-04-01 9.78 10.15 9.6 9.6
1996-04-03 9.8 9.94 9.7 9.7
1996-04-19 11.34 11.38 10.38 10.38
1996-04-22 11.48 11.72 11.1 11.1
1996-04-26 12.78 13.88 11.1 11.1
1996-04-29 13.65 13.95 12.9 12.9
1996-05-09 12.42 12.6 12.4 12.4
1996-06-04 10.45 10.45 10.18 10.18
1996-06-19 11.84 12.14 11.5 11.5
1996-06-24 11.6 11.8 11.5 11.5
1996-07-29 12.0 12.0 11.4 11.4
1996-08-01 11.55 11.79 11.2 11.2
1996-08-12 12.57 12.72 12.31 12.31
1996-09-05 9.08 9.32 9.0 9.0
1996-09-26 9.36 9.51 9.23 9.23
1996-11-18 9.7 9.7 9.32 9.32
1996-11-26 9.42 9.67 9.3 9.3
1996-12-03 11.4 11.97 11.0 11.0
1996-12-16 9.23 9.23 9.23 9.23
1996-12-17 8.31 8.9 8.31 8.31
1996-12-23 8.7 8.86 8.6 8.6
1997-01-15 8.42 8.44 8.3 8.3
1997-02-17 9.03 9.1 8.85 8.85
1997-02-20 9.0 9.2 8.01 8.01
1997-02-21 9.54 9.58 9.1 9.1
1997-02-28 9.44 9.44 9.08 9.08
1997-03-21 10.11 10.18 9.58 9.58
1997-03-24 10.4 10.6 10.16 10.16
1997-03-31 11.4 11.4 10.91 10.91
1997-04-09 11.48 11.48 10.86 10.86
1997-04-29 9.78 9.9 9.59 9.59
1997-05-15 11.0 11.0 9.98 9.98
1997-05-21 11.1 11.35 10.61 10.61
1997-05-29 11.3 11.39 10.9 10.9
1997-06-13 11.16 11.38 10.3 10.3
1997-07-10 7.93 8.07 7.08 7.08
1997-07-30 7.8 7.8 7.61 7.61
1997-08-14 7.75 7.75 7.41 7.41
1997-08-19 7.58 7.8 7.5 7.5
1997-08-29 8.43 8.51 8.1 8.1
1997-09-01 8.31 8.72 8.0 8.0
1997-10-07 8.21 8.33 8.12 8.12
1997-10-27 8.19 8.27 7.75 7.75
1997-11-19 9.38 9.66 9.2 9.2
1997-11-25 9.26 9.3 8.85 8.85
1997-12-02 9.11 9.34 9.0 9.0
1997-12-08 9.64 9.66 9.35 9.35
1998-01-05 9.09 9.29 9.0 9.0
1998-02-11 9.8 9.86 9.01 9.01
1998-02-12 10.1 10.4 9.81 9.81
1998-03-04 10.2 10.5 10.1 10.1
1998-03-06 10.17 10.2 10.05 10.05
1998-03-24 9.88 10.18 9.61 9.61
1998-03-27 10.03 10.1 9.68 9.68
1998-04-01 10.39 10.45 10.1 10.1
1998-05-13 10.62 10.65 10.25 10.25
1998-05-20 10.66 10.8 10.15 10.15
1998-05-21 11.25 11.5 10.8 10.8
1998-06-01 13.45 13.58 13.01 13.01
1998-06-18 13.81 13.86 13.11 13.11
1998-06-19 14.0 14.4 13.86 13.86
1998-07-21 11.48 11.48 11.2 11.2
1998-07-22 11.89 12.08 11.5 11.5
1998-07-23 12.37 12.51 11.89 11.89
1998-08-11 10.55 10.7 10.3 10.3
1998-08-24 11.55 12.0 11.05 11.05
1998-09-02 12.75 12.99 12.0 12.0
1998-09-09 14.52 14.55 13.85 13.85
1998-09-14 16.02 16.34 14.85 14.85
1998-09-16 16.92 17.0 15.95 15.95
1998-09-18 16.9 17.52 16.5 16.5
1998-10-23 13.56 13.68 12.89 12.89
1998-10-27 13.58 13.7 13.2 13.2
1998-11-12 15.15 15.18 14.18 14.18
1998-11-24 15.75 15.85 15.3 15.3
1998-11-27 16.38 16.8 15.88 15.88
1998-12-11 14.44 14.6 14.28 14.28
1998-12-28 15.07 15.08 14.05 14.05
1999-01-08 14.65 14.65 14.29 14.29
1999-01-22 13.74 13.84 13.4 13.4
1999-01-28 14.38 14.49 13.68 13.68
1999-02-03 13.78 13.92 13.63 13.63
1999-02-09 13.38 13.86 13.17 13.17
1999-03-05 14.86 15.18 14.8 14.8
1999-03-29 14.5 14.74 14.1 14.1
1999-04-09 14.15 14.26 14.0 14.0
1999-04-19 14.01 14.16 13.88 13.88
1999-04-20 14.4 14.5 14.0 14.0
1999-04-27 13.85 13.89 13.55 13.55
1999-04-30 14.15 14.35 12.6 12.6
1999-05-04 14.15 14.25 13.85 13.85
1999-05-31 15.4 15.82 14.5 14.5
1999-06-28 23.98 23.98 23.0 23.0
1999-07-06 22.05 22.05 22.05 22.05
1999-07-07 20.29 21.5 19.85 19.85
1999-07-23 17.3 17.93 17.28 17.28
1999-08-12 16.1 16.43 15.8 15.8
1999-08-19 17.06 17.35 16.3 16.3
1999-09-15 15.79 16.0 15.51 15.51
1999-09-29 15.3 15.56 15.1 15.1
1999-11-02 13.26 13.4 13.05 13.05
1999-11-26 13.23 13.41 13.03 13.03
1999-12-15 11.9 11.97 11.51 11.51
2000-01-06 11.7 11.77 11.05 11.05
2000-01-07 12.58 12.87 11.88 11.88
2000-01-24 14.17 14.21 13.1 13.1
2000-03-30 16.16 16.5 16.0 16.0
2000-04-18 14.9 15.19 14.61 14.61
2000-05-22 15.07 15.21 14.3 14.3
2000-05-23 15.65 15.86 15.0 15.0
2000-06-06 16.4 16.6 15.7 15.7
2000-06-21 15.61 15.72 15.45 15.45
2000-06-22 16.3 16.3 15.7 15.7
2000-06-30 16.75 17.15 16.68 16.68
2000-07-11 17.05 17.38 16.48 16.48
2000-07-17 17.8 18.3 17.45 17.45
2000-08-21 19.08 19.2 18.8 18.8
2000-09-07 17.28 17.3 16.6 16.6
2000-09-14 16.74 17.15 16.51 16.51
2000-09-27 15.59 15.84 15.3 15.3
2000-10-23 17.6 17.68 17.1 17.1
2000-10-27 18.1 18.25 17.9 17.9
2000-10-31 17.61 17.84 17.56 17.56
2000-11-06 18.22 18.3 17.65 17.65
2000-11-08 18.95 19.11 18.35 18.35
2000-11-10 19.71 19.95 18.95 18.95
2000-12-07 21.5 22.49 19.9 19.9
2000-12-20 20.6 20.8 19.88 19.88
2001-01-03 20.49 20.75 20.21 20.21
2001-02-14 17.58 17.58 17.4 17.4
2001-03-01 17.63 17.73 17.41 17.41
2001-03-06 17.85 17.9 17.5 17.5
2001-03-21 19.0 19.0 18.15 18.15
2001-03-29 19.7 19.99 19.19 19.19
2001-05-09 17.92 18.1 17.8 17.8
2001-07-20 14.24 14.28 13.88 13.88
2001-08-21 12.35 12.39 11.99 11.99
2001-09-04 12.38 12.38 12.05 12.05
2001-09-18 12.11 12.48 11.9 11.9
2001-09-26 12.4 12.7 12.32 12.32
2001-10-29 12.1 12.24 11.9 11.9
2001-11-01 12.15 12.26 12.0 12.0
2001-12-17 12.32 12.46 12.18 12.18
2002-01-22 11.64 11.75 11.3 11.3
2002-01-23 12.24 12.3 11.55 11.55
2002-01-31 12.29 12.46 11.86 11.86
2002-02-25 12.65 12.75 12.56 12.56
2002-04-03 13.25 13.39 13.15 13.15
2002-04-24 13.11 13.35 13.02 13.02
2002-04-26 13.35 13.42 13.09 13.09
2002-05-09 13.11 13.28 13.05 13.05
2002-05-23 12.3 12.38 12.23 12.23
2002-05-31 11.77 11.95 11.77 11.77
2002-06-06 11.94 12.0 11.51 11.51
2002-06-11 11.91 12.01 11.8 11.8
2002-06-20 11.8 11.95 11.76 11.76
2002-07-08 13.0 13.08 12.95 12.95
2002-08-15 11.92 11.95 11.75 11.75
2002-09-13 11.98 12.0 11.9 11.9
2002-09-23 12.1 12.16 11.95 11.95
2002-09-25 12.06 12.2 11.92 11.92
2002-11-01 11.86 11.88 11.73 11.73
2003-01-27 10.99 11.04 10.89 10.89
2003-02-14 11.48 11.52 11.29 11.29
2003-03-03 12.54 12.55 12.45 12.45
2003-03-07 12.67 12.75 11.65 11.65
2003-03-14 12.7 12.75 12.54 12.54
2003-04-01 13.08 13.12 12.97 12.97
2003-04-28 12.47 12.6 11.8 11.8
2003-07-08 9.69 9.72 9.52 9.52
2003-07-23 9.44 9.45 9.27 9.27
2003-08-14 9.74 9.85 9.62 9.62
2003-08-29 9.77 9.78 9.55 9.55
2003-09-01 9.9 9.97 9.78 9.78
2003-09-09 10.04 10.11 9.97 9.97
2003-11-20 9.59 9.67 9.3 9.3
2004-01-09 9.79 10.05 9.48 9.48
2004-01-13 10.45 10.46 10.09 10.09
2004-01-29 10.4 10.49 10.18 10.18
2004-02-03 10.6 10.75 10.46 10.46
2004-02-13 10.78 10.98 10.73 10.73
2004-02-18 11.97 12.37 11.57 11.57
2004-03-10 11.4 11.51 11.12 11.12
2004-03-11 11.55 11.6 11.42 11.42
2004-04-02 12.05 12.08 11.84 11.84
2004-08-25 6.43 6.45 6.25 6.25
2004-08-31 6.71 6.75 6.55 6.55
2004-09-16 6.75 6.75 6.52 6.52
2004-10-11 6.59 6.74 6.45 6.45
2004-10-22 6.5 6.51 6.3 6.3
2004-10-28 6.5 6.55 6.22 6.22
2004-11-05 6.18 6.25 6.12 6.12
2004-11-08 6.18 6.24 6.11 6.11
2005-01-24 5.46 5.53 5.2 5.2
2005-02-01 5.0 5.1 4.9 4.9
2005-03-07 5.28 5.34 5.23 5.23
2005-03-16 5.05 5.08 5.02 5.02
2005-04-15 5.12 5.18 5.04 5.04
2005-04-19 5.14 5.17 5.03 5.03
2005-05-20 4.86 4.9 4.8 4.8
2005-06-08 4.54 4.56 4.15 4.15
2005-06-16 4.62 4.65 4.45 4.45
2005-06-22 4.69 4.7 4.58 4.58
2005-06-27 4.71 4.74 4.65 4.65
2005-07-12 4.27 4.3 4.1 4.1
2005-07-19 3.97 4.02 3.89 3.89
2005-07-26 4.05 4.06 3.95 3.95
2005-08-03 4.22 4.33 4.15 4.15
2005-08-05 4.29 4.31 4.16 4.16
2005-09-02 4.63 4.72 4.55 4.55
2005-09-12 4.66 4.72 4.58 4.58
2005-09-14 4.75 4.78 4.7 4.7
2005-09-29 4.45 4.46 4.37 4.37
2005-10-11 4.3 4.3 4.2 4.2
2005-11-02 3.65 3.67 3.54 3.54
2005-11-30 3.65 3.66 3.62 3.62
2005-12-13 3.69 3.74 3.56 3.56
2005-12-23 3.72 3.73 3.6 3.6
2006-01-19 4.26 4.3 4.08 4.08
2006-02-15 4.45 4.45 4.32 4.32
2006-03-09 4.19 4.26 4.15 4.15
2006-04-07 5.16 5.18 4.73 4.73
2006-04-27 5.58 5.75 5.5 5.5
2006-05-19 6.95 7.12 6.48 6.48
2006-06-16 8.12 8.18 7.9 7.9
2006-06-21 7.67 7.91 7.6 7.6
2006-10-23 7.5 7.88 7.45 7.45
2006-11-08 7.81 7.96 7.73 7.73
2006-12-01 8.84 9.0 8.6 8.6
2006-12-29 9.46 10.0 9.19 9.19
2007-01-19 12.54 12.62 12.01 12.01
2007-01-22 13.52 13.6 12.61 12.61
2007-02-06 12.22 12.28 11.45 11.45
2007-02-15 14.5 14.51 13.7 13.7
2007-03-13 13.14 13.26 12.91 12.91
2007-04-20 19.79 19.91 19.05 19.05
2007-05-08 23.61 23.83 22.05 22.05
2007-05-17 21.63 22.0 20.75 20.75
2007-06-01 24.25 24.93 22.7 22.7
2007-06-05 22.52 22.7 19.65 19.65
2007-06-18 27.68 29.1 27.1 27.1
2007-06-26 25.22 25.3 23.53 23.53
2007-07-12 23.34 23.51 22.0 22.0
2007-07-17 23.65 23.85 23.2 23.2
2007-08-20 37.7 37.7 35.55 35.55
2007-09-28 32.22 32.9 31.91 31.91
2007-11-13 25.89 26.88 25.58 25.58
2007-11-19 26.51 26.74 25.25 25.25
2007-12-21 29.29 29.8 27.33 27.33
2007-12-26 30.13 30.5 29.16 29.16
2008-01-23 30.75 30.86 28.91 28.91
2008-01-29 34.5 34.5 31.91 31.91
2008-02-27 30.92 31.8 30.02 30.02
2008-02-29 31.71 31.8 30.42 30.42
2008-04-03 18.0 18.1 16.8 16.8
2008-04-29 19.31 19.82 18.8 18.8
2008-06-06 20.58 20.8 20.33 20.33
2008-06-25 15.66 15.8 15.08 15.08
2008-09-02 8.26 8.5 8.13 8.13
2008-10-20 7.65 7.75 7.01 7.01
2008-11-05 6.31 6.5 5.96 5.96
2008-11-06 6.1 6.2 6.06 6.06
2008-12-03 8.28 8.28 7.7 7.7
2009-01-09 9.07 9.14 8.66 8.66
2009-01-22 9.45 9.48 8.94 8.94
2009-02-09 11.28 11.37 10.7 10.7
2009-03-04 10.82 10.88 10.2 10.2
2009-03-26 11.43 11.45 11.0 11.0
2009-03-27 11.89 12.06 11.53 11.53
2009-04-28 12.29 12.45 12.05 12.05
2009-06-01 13.55 13.7 13.46 13.46
2009-06-03 13.52 13.57 13.17 13.17
2009-06-10 13.97 14.19 13.8 13.8
2009-07-17 13.6 13.74 13.41 13.41
2009-07-22 13.84 13.87 13.47 13.47
2009-08-26 12.63 12.79 12.12 12.12
2009-09-17 13.2 13.42 12.2 12.2
2009-10-20 13.69 13.85 13.58 13.58
2009-10-21 13.67 13.78 13.45 13.45
2009-11-19 15.16 15.24 14.81 14.81
2009-12-02 14.62 14.86 14.22 14.22
2009-12-21 13.22 13.3 13.0 13.0
2009-12-28 13.49 13.5 13.2 13.2
2010-01-18 14.29 14.53 13.7 13.7
2010-04-30 11.17 11.22 10.88 10.88
2010-05-12 10.18 10.27 9.91 9.91
2010-06-08 9.6 9.65 9.16 9.16
2010-07-06 9.6 9.62 9.19 9.19
2010-07-07 10.01 10.53 9.53 9.53
2010-07-14 10.14 10.32 9.97 9.97
2010-09-17 11.62 11.72 11.18 11.18
2010-09-27 11.47 11.48 11.06 11.06
2010-11-01 12.58 12.65 12.17 12.17
2010-11-08 12.88 13.09 12.77 12.77
2011-02-23 14.34 14.52 13.9 13.9
2011-02-25 14.88 15.28 13.98 13.98
2011-03-04 14.36 14.46 14.08 14.08
2011-03-09 15.69 15.85 14.61 14.61
2011-03-21 14.03 14.24 13.95 13.95
2011-03-22 14.45 14.6 13.99 13.99
2011-05-09 13.31 13.55 12.52 12.52
2011-07-04 12.18 12.21 11.88 11.88
2011-07-14 13.9 14.57 13.44 13.44
2011-08-04 13.3 13.46 13.18 13.18
2011-08-19 12.7 12.95 12.49 12.49
2011-08-25 13.1 13.16 12.7 12.7
2011-08-29 12.92 13.08 12.88 12.88
2011-11-09 11.19 11.19 10.99 10.99
2012-01-06 7.76 7.77 7.51 7.51
2012-01-12 8.25 8.43 8.23 8.23
2012-01-19 8.43 8.54 8.1 8.1
2012-03-02 9.69 9.71 9.45 9.45
2012-05-17 9.46 9.49 9.24 9.24
2012-08-01 8.19 8.22 8.0 8.0
2012-09-05 8.42 8.52 8.3 8.3
2012-10-09 8.52 8.55 8.26 8.26
2012-10-18 8.74 8.76 8.62 8.62
2012-11-12 8.1 8.14 7.97 7.97
2012-11-23 7.73 7.76 7.67 7.67
2012-12-07 7.49 7.51 7.29 7.29
2012-12-17 7.82 8.01 7.67 7.67
2013-01-29 8.25 8.38 8.2 8.2
2013-02-06 8.65 8.67 8.5 8.5
2013-03-05 8.02 8.05 7.9 7.9
2013-04-01 7.59 7.65 7.46 7.46
2013-04-09 7.61 7.69 7.53 7.53
2013-05-08 6.85 6.88 6.79 6.79
2013-07-02 11.48 11.6 11.09 11.09
2013-08-05 13.37 13.39 12.75 12.75
2013-08-30 12.14 12.34 11.86 11.86
2013-09-09 13.18 13.18 12.03 12.03
2013-09-10 13.73 13.99 13.22 13.22
2013-09-23 14.71 14.85 13.79 13.79
2013-09-25 16.14 16.32 14.9 14.9
2013-10-31 15.92 16.1 15.53 15.53
2013-11-15 15.99 16.53 15.05 15.05
2013-11-26 16.77 16.84 16.26 16.26
2013-12-10 16.75 16.85 16.23 16.23
2014-01-09 16.05 16.38 15.35 15.35
2014-01-13 16.2 16.27 15.83 15.83
2014-01-15 17.73 18.15 17.2 17.2
2014-01-22 19.53 19.53 18.3 18.3
2014-02-14 22.99 23.0 21.92 21.92
2014-02-20 22.54 23.18 22.23 22.23
2014-03-17 20.48 20.48 18.62 18.62
2014-04-14 20.08 20.2 19.65 19.65
2014-07-04 17.23 17.55 16.05 16.05
2014-07-14 17.02 17.08 16.55 16.55
2014-07-25 15.71 15.77 15.37 15.37
2014-07-28 16.37 16.5 15.74 15.74
2014-08-19 19.73 20.0 19.31 19.31
2014-09-01 19.62 19.7 18.8 18.8
2014-09-15 19.93 20.17 19.6 19.6
2014-09-30 18.88 18.89 18.58 18.58
2014-10-27 16.76 16.84 16.5 16.5
2014-12-15 19.14 19.3 18.6 18.6
2014-12-23 17.79 18.3 17.51 17.51
2014-12-25 18.26 18.49 17.99 17.99
2015-01-20 18.93 18.99 18.61 18.61
2015-02-27 24.3 24.38 22.94 22.94
2015-03-30 25.69 25.78 25.05 25.05
2015-04-22 34.02 35.97 33.35 33.35
2015-05-04 34.12 35.0 33.0 33.0
2015-05-12 36.64 36.64 33.35 33.35
2015-06-01 41.54 41.55 37.81 37.81
2015-07-08 22.47 22.95 20.6 20.6
2015-07-09 24.72 24.72 22.47 22.47
2015-07-13 29.91 29.91 28.5 28.5
2015-08-07 32.83 33.28 32.35 32.35
2015-08-10 34.94 35.41 33.0 33.0
2015-10-12 27.19 27.98 25.88 25.88
2015-10-15 28.05 28.17 27.11 27.11
2015-11-06 30.77 30.97 29.55 29.55
2015-11-19 31.95 32.02 31.16 31.16
2015-12-30 30.98 31.0 30.01 30.01
2016-01-14 23.79 23.8 21.83 21.83
2016-02-16 22.26 22.38 21.6 21.6
2016-03-14 21.07 21.34 20.59 20.59
2016-03-17 21.31 21.4 20.6 20.6
2016-04-13 22.95 23.17 22.59 22.59
2016-04-22 20.9 20.96 20.62 20.62
2016-05-04 21.2 21.44 21.11 21.11
2016-06-27 19.04 19.06 18.61 18.61
2016-07-25 20.12 20.24 20.02 20.02
2016-08-02 21.96 21.97 20.7 20.7
2016-08-08 22.23 22.29 21.46 21.46
2016-08-24 21.07 21.33 20.95 20.95
2016-09-29 20.26 20.44 20.22 20.22
2016-10-18 21.22 21.29 20.67 20.67
2016-11-22 21.07 21.09 20.66 20.66
2017-01-03 19.8 19.84 19.55 19.55
2017-01-19 20.49 20.56 20.13 20.13
2017-02-06 20.76 20.87 20.26 20.26
2017-02-14 21.02 21.08 20.88 20.88
2017-03-08 20.88 21.0 20.83 20.83
2017-03-20 21.1 21.3 20.8 20.8
2017-03-31 21.63 21.74 21.3 21.3
2017-04-19 21.42 21.59 21.25 21.25
2017-06-15 20.4 20.68 20.33 20.33
2017-06-23 20.82 20.96 20.54 20.54
2017-07-07 20.94 20.97 20.71 20.71
2017-07-18 20.69 20.69 20.44 20.44
2017-08-14 19.69 19.76 19.51 19.51
2017-08-25 19.85 19.89 19.65 19.65
2017-08-28 19.99 20.07 19.87 19.87
