1997-06-24 11.24 11.49 10.95 10.95
1997-09-08 12.94 13.2 12.76 12.76
1997-09-16 11.8 11.95 11.66 11.66
1997-09-19 11.95 12.14 11.8 11.8
1997-09-24 11.69 11.78 11.0 11.0
1997-10-16 11.88 11.98 11.38 11.38
1998-01-07 11.36 11.5 11.03 11.03
1998-01-22 10.21 10.33 10.2 10.2
1998-03-06 10.42 10.5 9.98 9.98
1998-04-28 10.22 10.35 10.11 10.11
1998-12-25 8.49 8.5 8.33 8.33
1998-12-30 8.38 8.44 8.11 8.11
1999-01-06 8.2 8.22 8.12 8.12
1999-04-07 8.88 8.95 8.5 8.5
1999-04-23 8.1 8.22 8.05 8.05
1999-05-20 7.55 7.59 7.32 7.32
1999-05-27 8.2 8.2 7.64 7.64
1999-06-16 9.59 9.59 8.8 8.8
1999-06-21 10.5 10.67 9.71 9.71
1999-06-23 11.06 11.35 10.7 10.7
1999-06-28 11.11 11.11 10.2 10.2
1999-08-20 10.62 10.88 10.48 10.48
1999-08-30 10.45 10.64 10.25 10.25
1999-09-09 10.2 10.27 9.76 9.76
1999-09-24 9.77 9.89 9.7 9.7
1999-11-08 9.1 9.3 9.0 9.0
1999-12-01 9.8 10.1 9.67 9.67
1999-12-03 10.09 10.25 10.0 10.0
2000-01-10 11.25 11.73 11.0 11.0
2000-02-28 13.85 14.0 13.0 13.0
2000-03-13 14.89 14.9 14.19 14.19
2000-03-17 14.99 15.28 14.2 14.2
2000-03-24 14.78 15.28 14.26 14.26
2000-08-14 14.26 14.3 14.0 14.0
2000-09-29 12.1 12.18 12.0 12.0
2000-10-09 12.22 12.22 12.0 12.0
2000-10-10 12.39 12.42 12.25 12.25
2000-10-27 12.7 12.85 12.51 12.51
2001-01-11 13.4 13.65 13.35 13.35
2001-01-12 13.48 13.6 13.4 13.4
2001-01-19 13.23 13.24 13.13 13.13
2001-02-07 12.82 12.89 12.7 12.7
2001-02-09 12.62 12.69 12.48 12.48
2001-03-14 12.57 12.69 12.5 12.5
2001-03-29 14.06 14.15 13.98 13.98
2001-04-10 13.7 13.78 13.6 13.6
2001-04-12 14.84 15.25 13.92 13.92
2001-06-19 14.2 14.36 14.1 14.1
2001-06-29 15.02 15.2 14.9 14.9
2001-07-27 13.61 13.8 13.6 13.6
2001-08-01 12.83 12.9 12.4 12.4
2001-08-03 12.75 12.85 12.64 12.64
2001-08-13 12.58 12.7 12.5 12.5
2001-08-20 12.69 12.8 12.51 12.51
2001-09-04 12.08 12.08 11.8 11.8
2001-09-10 12.1 12.19 11.65 11.65
2001-12-03 12.08 12.26 11.98 11.98
2002-03-04 9.94 9.97 9.75 9.75
2002-03-07 10.57 10.58 10.16 10.16
2002-04-29 10.66 10.72 10.41 10.41
2002-05-10 10.41 10.5 10.38 10.38
2002-05-29 9.69 10.0 9.5 9.5
2002-09-20 10.18 10.32 10.06 10.06
2002-10-22 9.25 9.43 9.09 9.09
2002-12-19 7.99 8.05 7.95 7.95
2003-04-25 7.95 8.06 7.92 7.92
2003-04-28 8.17 8.2 7.95 7.95
2003-06-13 7.91 7.95 7.78 7.78
2003-07-08 7.49 7.55 7.42 7.42
2003-08-12 7.61 7.65 7.56 7.56
2003-08-18 7.45 7.55 7.42 7.42
2003-08-22 7.6 7.64 7.56 7.56
2003-08-26 7.45 7.53 7.41 7.41
2003-08-28 7.21 7.38 7.2 7.2
2003-09-10 7.15 7.15 7.06 7.06
2003-09-11 7.15 7.15 7.1 7.1
2003-09-18 6.91 6.91 6.85 6.85
2003-09-19 7.0 7.12 6.95 6.95
2003-10-22 6.47 6.48 6.34 6.34
2003-10-24 6.43 6.49 6.38 6.38
2003-12-01 6.57 6.58 6.27 6.27
2003-12-30 5.99 6.02 5.9 5.9
2004-02-09 7.2 7.23 6.99 6.99
2004-02-10 7.33 7.35 7.01 7.01
2004-02-16 7.5 7.7 7.3 7.3
2004-05-17 7.18 7.26 7.1 7.1
2004-09-21 7.25 7.5 7.1 7.1
2004-12-01 6.44 6.56 6.39 6.39
2004-12-31 6.23 6.47 6.18 6.18
2005-01-05 6.46 6.5 6.11 6.11
2005-01-24 6.57 6.7 6.45 6.45
2005-02-04 6.04 6.06 5.88 5.88
2005-02-17 6.17 6.19 6.06 6.06
2005-02-24 6.46 6.5 6.23 6.23
2005-04-19 5.11 5.14 5.04 5.04
2005-04-20 5.23 5.46 5.2 5.2
2005-04-26 5.36 5.39 5.05 5.05
2005-05-24 4.97 5.03 4.86 4.86
2005-05-30 4.89 4.89 4.72 4.72
2005-06-22 5.1 5.1 4.88 4.88
2006-11-01 4.67 4.69 4.58 4.58
2006-11-06 4.59 4.62 4.55 4.55
2007-02-28 8.24 8.53 7.61 7.61
2007-04-20 11.32 11.32 10.56 10.56
2007-07-23 19.84 20.3 18.76 18.76
2007-08-17 19.83 20.04 18.81 18.81
2007-09-04 20.95 21.7 20.12 20.12
2007-10-31 16.05 16.1 14.95 14.95
2007-11-20 14.49 14.68 14.2 14.2
2007-12-06 14.59 15.35 14.4 14.4
2007-12-10 14.92 14.95 14.14 14.14
2008-01-02 16.59 16.69 16.25 16.25
2008-01-07 17.35 17.5 17.01 17.01
2008-01-15 17.85 17.94 17.15 17.15
2008-03-05 15.97 16.38 15.0 15.0
2008-05-15 11.39 11.39 11.39 11.39
2008-10-27 5.09 5.09 4.47 4.47
2009-03-12 8.11 8.2 7.82 7.82
2010-01-14 11.01 11.11 10.62 10.62
2010-01-18 11.38 11.48 10.92 10.92
2010-10-19 10.36 10.37 10.13 10.13
2010-12-24 9.35 9.46 9.3 9.3
2010-12-31 9.14 9.16 8.96 8.96
2011-02-10 8.73 8.76 8.56 8.56
2011-02-14 8.99 9.1 8.8 8.8
2011-02-15 8.94 9.06 8.91 8.91
2011-02-21 9.05 9.05 8.88 8.88
2011-08-02 10.41 10.66 10.05 10.05
2012-01-04 7.21 7.39 7.01 7.01
2012-01-05 7.47 7.85 7.26 7.26
2012-02-10 9.71 9.71 9.71 9.71
2012-11-30 3.47 3.49 3.42 3.42
2012-12-14 3.82 3.88 3.68 3.68
2013-02-20 4.06 4.07 4.01 4.01
2013-02-22 3.99 4.01 3.97 3.97
2013-07-15 3.44 3.5 3.41 3.41
2013-07-23 3.37 3.38 3.31 3.31
2013-12-10 4.05 4.09 3.96 3.96
2013-12-18 3.86 3.86 3.83 3.83
2014-01-28 3.52 3.54 3.5 3.5
2014-09-23 4.63 4.65 4.54 4.54
2015-01-14 5.71 5.88 5.6 5.6
2015-03-30 7.62 7.65 7.45 7.45
2015-04-07 8.46 8.59 7.85 7.85
2015-04-13 9.47 9.48 8.53 8.53
2015-05-26 10.87 10.9 10.22 10.22
2015-05-28 12.84 13.16 11.96 11.96
2015-07-09 7.05 7.05 5.77 5.77
2015-07-10 7.76 7.76 7.27 7.27
2015-07-16 7.99 8.25 7.18 7.18
2015-08-07 9.68 9.92 9.21 9.21
2015-08-11 10.3 10.59 10.01 10.01
2015-08-14 11.59 12.05 11.09 11.09
2015-08-20 11.89 12.33 11.01 11.01
2015-08-25 9.79 9.79 9.79 9.79
2015-08-26 8.81 10.0 8.81 8.81
2016-06-01 7.32 7.42 7.21 7.21
2016-09-29 6.98 7.03 6.97 6.97
2017-01-03 7.15 7.16 7.01 7.01
2017-09-04 5.39 5.41 5.36 5.36
