1997-06-20 11.4 11.5 10.88 10.88
1997-06-24 11.24 11.49 10.95 10.95
1997-09-04 12.5 12.5 12.28 12.28
1997-09-08 12.94 13.2 12.76 12.76
1997-09-16 11.8 11.95 11.66 11.66
1997-09-19 11.95 12.14 11.8 11.8
1997-09-24 11.69 11.78 11.0 11.0
1997-10-08 11.55 11.71 11.24 11.24
1997-10-16 11.88 11.98 11.38 11.38
1997-12-22 11.3 11.4 9.63 9.63
1997-12-31 10.57 10.65 10.51 10.51
1998-01-07 11.36 11.5 11.03 11.03
1998-01-21 10.27 10.39 10.23 10.23
1998-01-22 10.21 10.33 10.2 10.2
1998-02-26 10.2 10.28 10.08 10.08
1998-03-06 10.42 10.5 9.98 9.98
1998-04-08 10.5 10.6 10.3 10.3
1998-04-20 10.64 10.75 10.4 10.4
1998-04-28 10.22 10.35 10.11 10.11
1998-06-03 10.45 10.7 10.3 10.3
1998-06-18 10.33 10.45 10.03 10.03
1998-07-27 11.6 11.7 11.05 11.05
1998-08-19 9.15 9.19 8.63 8.63
1998-09-10 9.37 9.48 9.12 9.12
1998-10-05 9.45 9.62 9.4 9.4
1998-11-04 9.05 9.09 8.85 8.85
1998-11-24 9.3 9.35 9.21 9.21
1998-12-09 8.9 8.98 8.88 8.88
1998-12-22 8.51 8.51 8.23 8.23
1998-12-25 8.49 8.5 8.33 8.33
1998-12-30 8.38 8.44 8.11 8.11
1999-01-06 8.2 8.22 8.12 8.12
1999-01-27 8.2 8.27 8.16 8.16
1999-02-09 7.67 7.7 7.5 7.5
1999-03-31 7.93 7.99 7.85 7.85
1999-04-07 8.88 8.95 8.5 8.5
1999-04-20 8.4 8.48 8.21 8.21
1999-04-23 8.1 8.22 8.05 8.05
1999-05-06 7.8 7.82 7.67 7.67
1999-05-19 7.29 7.33 7.02 7.02
1999-05-20 7.55 7.59 7.32 7.32
1999-05-27 8.2 8.2 7.64 7.64
1999-06-10 8.92 9.05 8.62 8.62
1999-06-16 9.59 9.59 8.8 8.8
1999-06-21 10.5 10.67 9.71 9.71
1999-06-23 11.06 11.35 10.7 10.7
1999-06-28 11.11 11.11 10.2 10.2
1999-07-07 9.85 9.88 9.3 9.3
1999-07-26 9.85 9.94 9.52 9.52
1999-08-13 10.0 10.13 9.9 9.9
1999-08-20 10.62 10.88 10.48 10.48
1999-08-30 10.45 10.64 10.25 10.25
1999-09-08 9.7 9.79 9.6 9.6
1999-09-09 10.2 10.27 9.76 9.76
1999-09-21 9.76 9.8 9.7 9.7
1999-09-24 9.77 9.89 9.7 9.7
1999-10-14 8.89 9.15 8.8 8.8
1999-10-26 8.55 8.59 8.48 8.48
1999-11-05 9.0 9.3 8.81 8.81
1999-11-08 9.1 9.3 9.0 9.0
1999-11-29 9.81 9.9 9.8 9.8
1999-12-01 9.8 10.1 9.67 9.67
1999-12-03 10.09 10.25 10.0 10.0
1999-12-30 9.12 9.12 8.82 8.82
2000-01-10 11.25 11.73 11.0 11.0
2000-02-15 14.4 14.88 13.8 13.8
2000-02-24 13.23 13.28 12.8 12.8
2000-02-28 13.85 14.0 13.0 13.0
2000-03-08 14.09 14.15 13.5 13.5
2000-03-13 14.89 14.9 14.19 14.19
2000-03-17 14.99 15.28 14.2 14.2
2000-03-24 14.78 15.28 14.26 14.26
2000-04-13 15.16 15.4 14.86 14.86
2000-04-26 14.6 14.86 14.15 14.15
2000-05-18 14.24 14.4 13.71 13.71
2000-05-29 15.18 15.44 14.9 14.9
2000-08-10 14.25 14.35 14.1 14.1
2000-08-14 14.26 14.3 14.0 14.0
2000-09-07 12.39 12.68 12.25 12.25
2000-09-21 12.16 12.43 12.05 12.05
2000-09-29 12.1 12.18 12.0 12.0
2000-10-09 12.22 12.22 12.0 12.0
2000-10-10 12.39 12.42 12.25 12.25
2000-10-19 12.58 12.82 12.24 12.24
2000-10-27 12.7 12.85 12.51 12.51
2000-11-09 13.09 13.13 12.81 12.81
2000-12-12 12.54 12.7 12.3 12.3
2001-01-04 13.3 13.45 13.18 13.18
2001-01-11 13.4 13.65 13.35 13.35
2001-01-12 13.48 13.6 13.4 13.4
2001-01-19 13.23 13.24 13.13 13.13
2001-02-07 12.82 12.89 12.7 12.7
2001-02-09 12.62 12.69 12.48 12.48
2001-02-23 12.65 12.65 12.4 12.4
2001-03-09 12.8 12.9 12.6 12.6
2001-03-14 12.57 12.69 12.5 12.5
2001-03-26 13.95 13.99 13.3 13.3
2001-03-29 14.06 14.15 13.98 13.98
2001-04-09 13.6 13.65 13.45 13.45
2001-04-10 13.7 13.78 13.6 13.6
2001-04-12 14.84 15.25 13.92 13.92
2001-05-11 14.85 15.1 14.65 14.65
2001-06-11 14.57 14.58 14.2 14.2
2001-06-19 14.2 14.36 14.1 14.1
2001-06-28 14.88 14.88 14.6 14.6
2001-06-29 15.02 15.2 14.9 14.9
2001-07-19 14.36 14.4 14.28 14.28
2001-07-27 13.61 13.8 13.6 13.6
2001-08-01 12.83 12.9 12.4 12.4
2001-08-03 12.75 12.85 12.64 12.64
2001-08-13 12.58 12.7 12.5 12.5
2001-08-20 12.69 12.8 12.51 12.51
2001-08-30 11.95 12.14 11.6 11.6
2001-09-04 12.08 12.08 11.8 11.8
2001-09-10 12.1 12.19 11.65 11.65
2001-10-26 10.64 10.78 10.4 10.4
2001-11-27 11.97 11.97 11.7 11.7
2001-12-03 12.08 12.26 11.98 11.98
2001-12-18 11.02 11.02 10.7 10.7
2002-01-31 9.96 10.13 9.38 9.38
2002-02-27 10.09 10.2 10.08 10.08
2002-03-04 9.94 9.97 9.75 9.75
2002-03-07 10.57 10.58 10.16 10.16
2002-04-03 10.11 10.2 10.06 10.06
2002-04-19 10.38 10.4 10.12 10.12
2002-04-29 10.66 10.72 10.41 10.41
2002-05-10 10.41 10.5 10.38 10.38
2002-05-23 10.06 10.15 10.0 10.0
2002-05-29 9.69 10.0 9.5 9.5
2002-06-11 9.42 9.52 9.39 9.39
2002-06-21 9.89 10.0 9.55 9.55
2002-08-14 10.3 10.3 10.0 10.0
2002-08-29 10.64 10.71 10.55 10.55
2002-09-12 10.22 10.32 10.05 10.05
2002-09-20 10.18 10.32 10.06 10.06
2002-10-15 9.22 9.49 8.8 8.8
2002-10-22 9.25 9.43 9.09 9.09
2002-12-03 7.96 8.0 7.87 7.87
2002-12-13 7.91 7.95 7.7 7.7
2002-12-19 7.99 8.05 7.95 7.95
2003-01-13 7.76 7.8 7.61 7.61
2003-01-22 8.27 8.3 7.91 7.91
2003-02-24 8.19 8.26 8.14 8.14
2003-03-24 8.29 8.29 8.16 8.16
2003-04-04 8.3 8.3 8.23 8.23
2003-04-22 8.46 8.5 8.35 8.35
2003-04-25 7.95 8.06 7.92 7.92
2003-04-28 8.17 8.2 7.95 7.95
2003-05-23 7.8 7.82 7.72 7.72
2003-06-10 7.62 7.67 7.56 7.56
2003-06-13 7.91 7.95 7.78 7.78
2003-07-07 7.41 7.45 7.4 7.4
2003-07-08 7.49 7.55 7.42 7.42
2003-07-21 7.8 7.83 7.58 7.58
2003-08-11 7.55 7.58 7.45 7.45
2003-08-12 7.61 7.65 7.56 7.56
2003-08-18 7.45 7.55 7.42 7.42
2003-08-22 7.6 7.64 7.56 7.56
2003-08-26 7.45 7.53 7.41 7.41
2003-08-28 7.21 7.38 7.2 7.2
2003-09-09 7.13 7.17 7.08 7.08
2003-09-10 7.15 7.15 7.06 7.06
2003-09-11 7.15 7.15 7.1 7.1
2003-09-18 6.91 6.91 6.85 6.85
2003-09-19 7.0 7.12 6.95 6.95
2003-10-14 6.63 6.64 6.55 6.55
2003-10-22 6.47 6.48 6.34 6.34
2003-10-24 6.43 6.49 6.38 6.38
2003-11-28 6.27 6.3 6.2 6.2
2003-12-01 6.57 6.58 6.27 6.27
2003-12-22 6.04 6.06 5.8 5.8
2003-12-30 5.99 6.02 5.9 5.9
2004-02-02 6.83 6.86 6.55 6.55
2004-02-09 7.2 7.23 6.99 6.99
2004-02-10 7.33 7.35 7.01 7.01
2004-02-16 7.5 7.7 7.3 7.3
2004-03-10 8.32 8.48 7.9 7.9
2004-03-19 8.59 8.65 8.3 8.3
2004-05-12 7.59 7.6 7.36 7.36
2004-05-17 7.18 7.26 7.1 7.1
2004-06-03 7.42 7.44 7.2 7.2
2004-07-01 6.14 6.19 5.88 5.88
2004-07-16 6.11 6.14 5.8 5.8
2004-08-04 6.31 6.35 6.15 6.15
2004-09-15 5.91 6.04 5.61 5.61
2004-09-21 7.25 7.5 7.1 7.1
2004-10-19 6.39 6.39 5.81 5.81
2004-11-03 6.5 6.6 6.32 6.32
2004-11-23 6.84 6.95 6.75 6.75
2004-12-01 6.44 6.56 6.39 6.39
2004-12-27 6.16 6.18 6.0 6.0
2004-12-31 6.23 6.47 6.18 6.18
2005-01-05 6.46 6.5 6.11 6.11
2005-01-18 6.57 6.58 6.28 6.28
2005-01-24 6.57 6.7 6.45 6.45
2005-02-02 6.09 6.16 5.75 5.75
2005-02-04 6.04 6.06 5.88 5.88
2005-02-17 6.17 6.19 6.06 6.06
2005-02-24 6.46 6.5 6.23 6.23
2005-03-23 5.59 5.68 5.41 5.41
2005-04-13 5.48 5.51 5.29 5.29
2005-04-19 5.11 5.14 5.04 5.04
2005-04-20 5.23 5.46 5.2 5.2
2005-04-26 5.36 5.39 5.05 5.05
2005-05-19 5.16 5.18 5.1 5.1
2005-05-24 4.97 5.03 4.86 4.86
2005-05-30 4.89 4.89 4.72 4.72
2005-06-08 5.25 5.28 4.87 4.87
2005-06-20 5.03 5.06 4.76 4.76
2005-06-22 5.1 5.1 4.88 4.88
2005-07-22 4.15 4.2 4.03 4.03
2005-08-05 4.48 4.48 4.35 4.35
2005-08-19 5.28 5.28 4.84 4.84
2005-09-21 5.84 5.84 5.84 5.84
2006-10-24 4.75 4.76 4.63 4.63
2006-11-01 4.67 4.69 4.58 4.58
2006-11-06 4.59 4.62 4.55 4.55
2006-12-25 5.11 5.26 4.93 4.93
2007-01-15 5.82 5.82 5.31 5.31
2007-01-24 7.15 7.15 7.15 7.15
2007-02-13 7.74 7.89 7.7 7.7
2007-02-28 8.24 8.53 7.61 7.61
2007-03-09 8.78 8.99 8.36 8.36
2007-04-16 10.99 11.0 10.61 10.61
2007-04-20 11.32 11.32 10.56 10.56
2007-05-14 14.22 14.69 13.8 13.8
2007-07-20 18.71 18.83 18.16 18.16
2007-07-23 19.84 20.3 18.76 18.76
2007-08-14 18.15 18.49 17.75 17.75
2007-08-17 19.83 20.04 18.81 18.81
2007-08-30 19.92 20.36 19.01 19.01
2007-09-04 20.95 21.7 20.12 20.12
2007-09-14 19.53 20.15 18.9 18.9
2007-09-28 18.89 19.36 18.63 18.63
2007-10-24 15.74 16.66 15.43 15.43
2007-10-31 16.05 16.1 14.95 14.95
2007-11-19 14.13 14.19 13.75 13.75
2007-11-20 14.49 14.68 14.2 14.2
2007-12-04 14.08 14.26 14.01 14.01
2007-12-06 14.59 15.35 14.4 14.4
2007-12-10 14.92 14.95 14.14 14.14
2007-12-26 16.3 16.5 15.78 15.78
2008-01-02 16.59 16.69 16.25 16.25
2008-01-07 17.35 17.5 17.01 17.01
2008-01-15 17.85 17.94 17.15 17.15
2008-02-04 14.0 14.02 13.15 13.15
2008-02-28 13.65 13.88 13.52 13.52
2008-03-05 15.97 16.38 15.0 15.0
2008-05-14 10.35 10.35 10.35 10.35
2008-05-15 11.39 11.39 11.39 11.39
2008-10-24 4.63 4.82 4.37 4.37
2008-10-27 5.09 5.09 4.47 4.47
2008-11-13 6.52 6.78 6.16 6.16
2008-12-19 7.1 7.19 6.85 6.85
2009-01-05 6.08 6.08 5.72 5.72
2009-03-04 7.45 7.5 7.02 7.02
2009-03-12 8.11 8.2 7.82 7.82
2009-04-21 8.07 8.17 7.83 7.83
2009-08-18 8.11 8.16 7.77 7.77
2009-09-17 8.74 8.78 8.53 8.53
2009-10-23 8.76 8.84 8.61 8.61
2009-12-21 9.62 9.78 9.44 9.44
2010-01-13 10.62 10.95 10.51 10.51
2010-01-14 11.01 11.11 10.62 10.62
2010-01-18 11.38 11.48 10.92 10.92
2010-02-02 10.89 11.27 10.78 10.78
2010-02-22 12.42 12.95 11.89 11.89
2010-04-22 12.4 12.77 12.37 12.37
2010-06-04 11.23 11.29 10.92 10.92
2010-07-14 9.96 10.07 9.8 9.8
2010-09-27 10.06 10.15 9.88 9.88
2010-10-13 10.37 10.37 10.12 10.12
2010-10-19 10.36 10.37 10.13 10.13
2010-11-24 9.87 9.92 9.62 9.62
2010-12-16 9.8 10.07 9.75 9.75
2010-12-24 9.35 9.46 9.3 9.3
2010-12-31 9.14 9.16 8.96 8.96
2011-01-26 8.43 8.45 8.31 8.31
2011-02-10 8.73 8.76 8.56 8.56
2011-02-14 8.99 9.1 8.8 8.8
2011-02-15 8.94 9.06 8.91 8.91
2011-02-21 9.05 9.05 8.88 8.88
2011-03-16 9.39 9.42 9.25 9.25
2011-03-28 9.45 9.56 9.34 9.34
2011-05-26 9.61 9.83 9.51 9.51
2011-07-04 9.17 9.18 8.94 8.94
2011-07-13 8.91 8.91 8.79 8.79
2011-08-01 9.87 9.99 9.62 9.62
2011-08-02 10.41 10.66 10.05 10.05
2011-11-11 7.69 7.85 7.37 7.37
2011-12-26 7.14 7.25 7.12 7.12
2012-01-04 7.21 7.39 7.01 7.01
2012-01-05 7.47 7.85 7.26 7.26
2012-02-02 7.98 8.0 7.73 7.73
2012-02-10 9.71 9.71 9.71 9.71
2012-05-17 4.72 4.77 4.64 4.64
2012-08-21 4.53 4.61 4.35 4.35
2012-09-19 4.04 4.05 3.99 3.99
2012-10-09 4.07 4.08 3.98 3.98
2012-10-24 4.06 4.08 4.01 4.01
2012-11-23 3.78 3.82 3.75 3.75
2012-11-30 3.47 3.49 3.42 3.42
2012-12-12 3.81 3.85 3.72 3.72
2012-12-14 3.82 3.88 3.68 3.68
2013-01-30 4.07 4.15 4.0 4.0
2013-02-08 4.12 4.18 4.02 4.02
2013-02-20 4.06 4.07 4.01 4.01
2013-02-22 3.99 4.01 3.97 3.97
2013-04-22 3.97 3.97 3.97 3.97
2013-05-24 3.6 3.6 3.55 3.55
2013-06-05 3.5 3.51 3.47 3.47
2013-07-11 3.44 3.47 3.36 3.36
2013-07-15 3.44 3.5 3.41 3.41
2013-07-23 3.37 3.38 3.31 3.31
2013-08-08 3.34 3.36 3.33 3.33
2013-08-26 3.44 3.45 3.37 3.37
2013-11-11 3.86 3.89 3.81 3.81
2013-12-03 3.93 3.94 3.85 3.85
2013-12-10 4.05 4.09 3.96 3.96
2013-12-18 3.86 3.86 3.83 3.83
2013-12-27 3.69 3.72 3.66 3.66
2014-01-22 3.53 3.53 3.44 3.44
2014-01-28 3.52 3.54 3.5 3.5
2014-03-17 3.67 3.67 3.59 3.59
2014-05-26 3.73 3.73 3.68 3.68
2014-09-05 4.36 4.4 4.27 4.27
2014-09-18 4.75 4.99 4.66 4.66
2014-09-23 4.63 4.65 4.54 4.54
2014-10-20 4.62 4.65 4.57 4.57
2014-11-10 4.78 4.81 4.7 4.7
2014-11-25 4.78 4.82 4.68 4.68
2015-01-13 5.52 5.6 5.43 5.43
2015-01-14 5.71 5.88 5.6 5.6
2015-03-04 6.64 6.75 6.54 6.54
2015-03-27 7.38 7.48 7.26 7.26
2015-03-30 7.62 7.65 7.45 7.45
2015-04-07 8.46 8.59 7.85 7.85
2015-04-13 9.47 9.48 8.53 8.53
2015-04-22 10.22 10.3 9.85 9.85
2015-05-19 9.12 9.2 8.77 8.77
2015-05-26 10.87 10.9 10.22 10.22
2015-05-28 12.84 13.16 11.96 11.96
2015-06-15 15.6 16.1 14.81 14.81
2015-07-08 6.41 6.41 6.41 6.41
2015-07-09 7.05 7.05 5.77 5.77
2015-07-10 7.76 7.76 7.27 7.27
2015-07-16 7.99 8.25 7.18 7.18
2015-08-04 8.29 8.3 7.59 7.59
2015-08-07 9.68 9.92 9.21 9.21
2015-08-11 10.3 10.59 10.01 10.01
2015-08-14 11.59 12.05 11.09 11.09
2015-08-20 11.89 12.33 11.01 11.01
2015-08-25 9.79 9.79 9.79 9.79
2015-08-26 8.81 10.0 8.81 8.81
2016-01-25 7.85 7.95 7.58 7.58
2016-05-31 7.25 7.26 7.02 7.02
2016-06-01 7.32 7.42 7.21 7.21
2016-07-05 7.17 7.17 7.07 7.07
2016-08-11 7.05 7.28 7.0 7.0
2016-09-23 7.08 7.15 7.0 7.0
2016-09-29 6.98 7.03 6.97 6.97
2016-10-18 7.1 7.1 7.0 7.0
2016-11-28 7.43 7.5 7.26 7.26
2016-12-29 7.05 7.08 6.99 6.99
2017-01-03 7.15 7.16 7.01 7.01
2017-01-17 7.32 7.34 7.21 7.21
2017-02-06 8.41 8.45 8.19 8.19
2017-02-16 8.34 8.4 8.06 8.06
2017-06-13 5.12 5.13 5.06 5.06
2017-06-26 5.14 5.15 5.08 5.08
2017-07-21 5.29 5.4 5.26 5.26
