2002-06-21 17.82 18.14 17.08 17.08
2002-07-11 18.33 18.55 18.16 18.16
2002-07-24 17.58 17.71 17.25 17.25
2002-08-06 17.33 17.45 17.2 17.2
2002-08-08 17.3 17.52 17.21 17.21
2002-09-02 16.18 16.33 16.06 16.06
2002-09-10 15.88 15.92 15.65 15.65
2002-11-04 13.78 13.8 13.39 13.39
2003-01-06 12.14 12.15 11.67 11.67
2003-01-07 12.17 12.58 12.02 12.02
2003-01-13 12.61 12.7 12.5 12.5
2003-01-14 13.33 13.69 12.78 12.78
2003-02-11 13.34 13.38 13.18 13.18
2003-04-04 13.07 13.18 12.82 12.82
2003-04-11 13.45 13.48 12.95 12.95
2003-04-28 12.69 12.74 12.2 12.2
2003-07-01 12.87 13.18 12.77 12.77
2003-07-10 13.48 13.53 12.98 12.98
2003-08-19 11.78 11.78 11.6 11.6
2003-08-27 11.66 11.79 11.61 11.61
2003-09-18 11.03 11.04 10.9 10.9
2003-09-23 10.93 10.97 10.83 10.83
2003-10-24 11.19 11.35 10.85 10.85
2004-01-05 12.22 12.3 11.88 11.88
2004-01-06 12.48 12.6 11.48 11.48
2004-02-09 12.33 12.38 11.86 11.86
2004-03-04 11.6 11.72 11.5 11.5
2004-03-10 11.41 11.42 11.13 11.13
2004-03-24 11.41 11.59 11.36 11.36
2004-04-23 10.84 11.04 10.84 10.84
2004-07-05 7.78 7.79 7.65 7.65
2004-07-16 7.84 7.84 7.13 7.13
2004-08-10 8.9 8.95 8.7 8.7
2004-08-26 7.85 8.03 7.78 7.78
2004-09-14 7.41 7.67 7.2 7.2
2004-09-15 7.82 8.02 7.42 7.42
2004-10-11 9.38 9.7 9.28 9.28
2004-10-22 8.52 8.58 8.22 8.22
2004-11-03 8.22 8.23 7.98 7.98
2004-11-09 7.94 8.03 7.92 7.92
2004-11-12 8.85 8.91 8.5 8.5
2004-11-18 8.75 8.75 8.59 8.59
2004-11-22 8.79 8.86 8.68 8.68
2004-12-14 8.8 8.8 8.58 8.58
2004-12-22 8.37 8.4 8.02 8.02
2004-12-31 8.0 8.1 7.94 7.94
2005-01-11 7.73 7.75 7.6 7.6
2005-01-14 7.59 7.73 7.58 7.58
2005-03-07 7.9 7.94 7.82 7.82
2005-03-08 8.15 8.18 7.86 7.86
2005-03-31 7.48 7.5 7.36 7.36
2005-04-05 7.63 7.68 7.56 7.56
2005-04-07 7.83 7.95 7.69 7.69
2005-04-13 7.95 8.0 7.79 7.79
2005-04-25 8.68 8.79 8.3 8.3
2005-06-13 8.65 8.72 8.35 8.35
2005-06-27 8.8 9.07 8.7 8.7
2005-06-29 8.63 8.83 8.46 8.46
2005-07-05 8.88 8.98 8.63 8.63
2005-07-11 9.34 9.62 9.18 9.18
2005-07-29 10.28 10.4 10.11 10.11
2005-08-03 10.56 10.8 10.28 10.28
2005-08-24 12.01 12.15 11.8 11.8
2005-08-25 12.31 12.39 12.01 12.01
2005-08-31 12.11 12.26 11.52 11.52
2005-09-01 12.51 12.59 12.0 12.0
2005-10-18 15.4 15.7 15.05 15.05
2005-11-08 14.32 14.42 13.95 13.95
2006-10-19 24.47 24.7 24.0 24.0
2006-11-01 23.45 23.5 22.0 22.0
2006-11-17 24.79 24.95 22.96 22.96
2006-11-27 27.57 27.83 25.12 25.12
2006-11-30 27.88 29.3 27.67 27.67
2006-12-01 29.48 30.03 27.98 27.98
2006-12-04 30.93 32.0 29.8 29.8
2006-12-11 28.71 28.86 27.7 27.7
2007-01-15 35.07 35.28 33.03 33.03
2007-02-07 36.26 38.0 35.25 35.25
2007-02-26 41.15 41.46 39.99 39.99
2007-03-27 40.89 41.7 40.61 40.61
2007-04-18 41.02 41.75 40.81 40.81
2007-05-14 38.3 38.96 37.55 37.55
2007-05-16 41.57 41.97 39.0 39.0
2007-06-01 39.29 41.6 38.59 38.59
2007-06-11 43.57 43.57 43.57 43.57
2007-07-13 42.27 43.13 41.3 41.3
2007-07-20 41.63 41.8 40.58 40.58
2007-07-23 43.42 43.58 41.6 41.6
2007-07-25 44.78 45.08 43.1 43.1
2007-08-02 50.11 50.3 46.9 46.9
2007-08-06 51.73 53.2 50.7 50.7
2007-08-14 54.0 54.5 52.27 52.27
2007-08-21 60.02 60.56 55.35 55.35
2007-08-24 69.29 70.8 66.0 66.0
2007-09-05 81.45 82.13 75.62 75.62
2007-11-09 56.5 57.89 55.0 55.0
2007-11-21 62.79 64.45 61.0 61.0
2007-12-21 64.61 66.0 63.5 63.5
2007-12-24 67.2 67.25 64.9 64.9
2008-01-15 74.3 74.49 71.65 71.65
2008-02-20 63.47 65.0 62.52 62.52
2008-05-19 40.93 42.22 40.38 40.38
2008-06-06 34.28 34.68 33.8 33.8
2008-06-26 27.67 28.02 25.8 25.8
2008-08-19 17.0 17.17 16.14 16.14
2008-09-25 16.44 16.9 16.0 16.0
2008-11-10 10.86 10.91 10.1 10.1
2008-12-05 13.39 13.49 12.6 12.6
2008-12-08 14.08 14.18 13.65 13.65
2009-01-07 13.55 13.96 12.73 12.73
2009-01-09 14.54 14.54 13.22 13.22
2009-01-12 15.35 15.88 14.67 14.67
2009-02-02 18.45 18.6 17.45 17.45
2009-02-06 18.26 18.49 17.58 17.58
2009-02-13 18.68 18.82 18.15 18.15
2009-03-06 17.97 18.48 17.6 17.6
2009-06-16 23.5 23.58 23.0 23.0
2009-06-24 23.31 23.5 22.3 22.3
2009-07-01 22.99 23.25 22.55 22.55
2009-07-02 23.85 24.48 23.17 23.17
2009-07-14 24.21 24.51 23.23 23.23
2009-07-17 26.05 26.5 24.61 24.61
2009-09-02 20.24 20.38 19.71 19.71
2009-09-03 21.91 22.0 20.38 20.38
2009-09-17 24.14 24.35 23.75 23.75
2009-10-13 22.0 22.06 21.51 21.51
2009-12-02 24.54 24.73 23.83 23.83
2010-01-06 23.14 23.73 22.91 22.91
2010-03-29 21.55 21.68 21.01 21.01
2010-04-01 21.82 21.9 21.34 21.34
2010-04-06 22.6 22.62 22.0 22.0
2010-05-07 23.07 24.28 22.3 22.3
2010-08-30 23.47 23.8 22.21 22.21
2010-09-30 26.35 26.65 24.82 24.82
2010-10-08 27.35 28.16 26.5 26.5
2010-10-25 30.8 30.8 28.35 28.35
2010-12-31 27.1 27.2 25.88 25.88
2011-01-26 23.14 23.29 22.75 22.75
2011-02-21 27.76 27.9 27.43 27.43
2011-03-04 28.01 28.32 27.65 27.65
2011-03-21 28.99 29.28 27.66 27.66
2011-03-28 31.57 32.4 30.51 30.51
2011-03-30 31.25 32.08 30.01 30.01
2011-03-31 31.8 33.25 31.47 31.47
2011-04-25 31.84 32.87 31.58 31.58
2011-05-31 24.44 24.5 23.7 23.7
2011-06-30 28.86 29.14 27.4 27.4
2011-07-05 29.4 30.45 28.77 28.77
2011-08-18 29.29 29.85 28.6 28.6
2011-09-14 27.24 27.33 26.65 26.65
2011-09-15 28.09 29.3 27.72 27.72
2011-11-17 26.0 26.35 25.9 25.9
2011-12-23 19.73 20.08 19.45 19.45
2012-02-22 22.76 22.8 22.25 22.25
2012-03-05 22.65 23.15 22.41 22.41
2012-05-21 20.99 21.32 20.65 20.65
2012-06-18 20.6 20.82 20.52 20.52
2012-07-13 19.16 19.79 18.59 18.59
2012-07-17 19.04 19.22 18.62 18.62
2012-07-24 18.41 18.47 18.02 18.02
2012-08-06 16.55 16.68 15.78 15.78
2012-08-08 16.73 17.34 16.57 16.57
2012-08-10 17.07 17.45 16.6 16.6
2012-08-16 16.06 16.31 15.9 15.9
2012-08-21 16.54 16.65 16.3 16.3
2012-09-19 17.58 17.65 17.03 17.03
2012-10-09 17.24 17.28 16.8 16.8
2012-10-23 16.5 16.7 16.48 16.48
2012-11-01 16.09 16.18 15.81 15.81
2012-11-07 15.7 16.0 15.67 15.67
2012-11-30 15.82 15.9 15.22 15.22
2013-01-18 18.5 18.81 18.25 18.25
2013-01-25 18.11 18.5 17.83 17.83
2013-01-28 18.94 18.96 18.3 18.3
2013-01-31 18.92 19.47 18.71 18.71
2013-03-08 17.17 17.48 17.1 17.1
2013-05-03 14.52 14.63 14.34 14.34
2013-07-22 11.9 11.94 11.5 11.5
2013-09-02 13.29 13.37 13.04 13.04
2013-09-23 13.34 13.38 13.17 13.17
2013-11-12 12.07 12.09 11.85 11.85
2013-11-15 12.46 12.79 12.21 12.21
2014-01-24 12.26 12.45 12.0 12.0
2014-05-12 12.59 12.73 11.71 11.71
2014-05-30 13.69 13.83 13.05 13.05
2014-06-05 13.24 13.35 13.1 13.1
2014-06-26 14.16 14.37 14.0 14.0
2014-06-27 14.69 14.78 13.91 13.91
2014-07-21 16.01 16.37 15.87 15.87
2014-08-04 17.19 17.31 16.81 16.81
2014-08-08 17.37 17.4 16.85 16.85
2014-09-01 16.67 16.74 16.29 16.29
2014-10-13 20.17 20.96 19.39 19.39
2014-11-19 17.35 17.55 17.2 17.2
2014-11-20 17.28 17.51 16.86 16.86
2014-11-21 17.75 17.78 17.19 17.19
2015-01-21 17.35 17.41 16.92 16.92
2015-02-25 17.95 18.05 17.63 17.63
2015-03-12 19.7 19.7 18.93 18.93
2015-03-31 21.36 21.9 21.2 21.2
2015-04-17 23.29 23.78 22.89 22.89
2015-05-18 23.86 24.17 23.1 23.1
2015-07-08 14.33 15.1 14.33 14.33
2015-07-09 15.76 15.76 13.3 13.3
2015-07-28 16.0 16.5 15.06 15.06
2015-08-07 18.5 18.52 17.97 17.97
2015-08-10 19.26 19.46 18.52 18.52
2015-08-25 14.0 14.5 14.0 14.0
2015-09-09 14.37 14.51 13.82 13.82
2015-11-03 18.73 18.73 17.6 17.6
2016-01-05 21.64 21.7 18.2 18.2
2016-02-04 15.13 15.43 14.7 14.7
2016-03-02 15.74 15.74 14.45 14.45
2016-03-03 16.13 16.94 16.01 16.01
2016-03-14 15.7 16.09 15.16 15.16
2016-03-18 16.18 16.31 15.56 15.56
2016-04-11 16.44 16.53 16.1 16.1
2016-04-13 17.37 18.02 16.7 16.7
2016-05-24 15.76 15.96 15.58 15.58
2016-06-02 17.48 17.87 17.07 17.07
2016-07-11 22.31 23.54 21.9 21.9
2016-08-05 19.39 19.59 19.08 19.08
2016-08-12 19.26 19.27 18.9 18.9
2016-08-23 18.88 18.94 18.73 18.73
2016-09-05 19.01 19.25 18.81 18.81
2016-09-30 18.44 18.5 18.17 18.17
2016-12-16 16.69 16.81 16.58 16.58
2017-03-01 22.12 22.12 20.4 20.4
2017-05-15 18.23 18.53 18.0 18.0
2017-05-25 18.32 18.32 16.96 16.96
2017-05-26 18.57 19.15 18.31 18.31
2017-07-27 20.64 21.5 19.93 19.93
2017-08-25 20.88 21.15 20.6 20.6
2017-08-30 22.22 22.39 21.61 21.61
