1998-12-09 12.19 12.24 12.0 12.0
1999-01-08 11.94 11.96 11.63 11.63
1999-03-18 10.83 10.87 10.25 10.25
1999-03-19 11.02 11.06 10.6 10.6
1999-03-29 10.78 10.8 10.6 10.6
1999-04-05 11.23 11.3 10.9 10.9
1999-04-09 10.57 10.85 10.51 10.51
1999-04-13 10.48 10.6 10.21 10.21
1999-05-04 9.95 10.18 9.88 9.88
1999-05-06 10.17 10.2 9.95 9.95
1999-05-11 9.68 9.8 9.45 9.45
1999-05-18 9.12 9.2 9.1 9.1
1999-07-20 12.55 12.6 11.62 11.62
1999-07-27 12.81 12.97 12.5 12.5
1999-08-02 13.59 13.65 13.0 13.0
1999-08-09 13.0 13.2 12.8 12.8
1999-09-09 13.62 13.7 13.1 13.1
1999-10-20 14.77 14.84 14.35 14.35
1999-10-26 14.84 14.85 14.6 14.6
1999-10-27 15.4 15.4 14.9 14.9
1999-11-29 15.82 15.98 15.3 15.3
1999-11-30 16.26 16.31 15.78 15.78
1999-12-27 15.33 15.33 15.03 15.03
1999-12-28 15.41 15.5 15.32 15.32
2000-01-04 16.06 16.2 15.6 15.6
2000-03-09 15.74 16.52 15.55 15.55
2000-06-26 17.66 17.8 17.17 17.17
2000-06-27 18.07 18.1 17.52 17.52
2000-07-05 19.2 19.3 18.7 18.7
2000-07-13 19.84 19.9 19.26 19.26
2000-07-18 20.64 20.75 20.35 20.35
2000-07-20 20.96 21.05 20.5 20.5
2000-07-21 21.0 21.37 20.9 20.9
2000-07-25 20.82 20.96 20.6 20.6
2000-08-02 22.1 22.13 21.2 21.2
2000-08-08 22.1 22.18 21.5 21.5
2000-09-07 15.74 16.22 15.5 15.5
2000-09-13 15.76 15.98 15.51 15.51
2000-10-10 14.8 14.8 14.04 14.04
2000-11-23 15.5 15.55 15.35 15.35
2000-11-27 16.43 16.5 15.8 15.8
2000-12-20 15.23 15.3 14.9 14.9
2000-12-27 15.42 15.45 15.1 15.1
2001-01-05 15.33 15.48 15.3 15.3
2001-01-10 15.75 15.79 15.4 15.4
2001-03-22 14.57 14.57 14.23 14.23
2001-04-26 15.47 15.55 15.3 15.3
2001-04-27 15.64 15.68 15.4 15.4
2001-04-30 15.65 15.79 15.61 15.61
2001-05-24 10.36 10.53 10.32 10.32
2001-05-29 10.18 10.25 10.1 10.1
2001-08-09 9.28 9.3 9.1 9.1
2001-09-19 7.82 7.82 7.5 7.5
2002-02-04 6.38 6.38 6.19 6.19
2002-02-25 6.42 6.46 6.35 6.35
2002-03-05 6.55 6.61 6.4 6.4
2002-03-07 6.94 6.95 6.69 6.69
2002-03-22 7.88 8.09 7.85 7.85
2002-04-09 7.5 7.55 7.35 7.35
2002-06-18 6.49 6.53 6.25 6.25
2002-08-08 7.35 7.35 7.28 7.28
2002-08-14 7.15 7.15 7.02 7.02
2002-08-15 7.06 7.17 7.06 7.06
2003-01-06 5.44 5.49 5.36 5.36
2003-02-27 6.04 6.1 6.01 6.01
2003-04-04 5.86 5.87 5.82 5.82
2003-05-26 5.5 5.5 5.41 5.41
2003-07-01 5.18 5.24 5.18 5.18
2003-07-02 5.25 5.26 5.15 5.15
2003-08-11 5.25 5.26 5.18 5.18
2003-10-31 4.59 4.65 4.52 4.52
2003-11-10 4.23 4.25 4.22 4.22
2003-11-13 4.21 4.25 4.15 4.15
2003-11-17 4.39 4.43 4.28 4.28
2004-05-18 4.82 4.82 4.72 4.72
2004-05-25 4.9 5.06 4.88 4.88
2004-06-22 4.58 4.6 4.5 4.5
2004-06-24 4.46 4.48 4.4 4.4
2004-06-30 4.4 4.48 4.38 4.38
2005-01-12 3.91 3.91 3.86 3.86
2005-01-13 3.9 3.92 3.88 3.88
2005-01-21 3.74 3.78 3.56 3.56
2005-02-16 3.76 3.79 3.72 3.72
2005-05-24 3.16 3.17 3.05 3.05
2005-06-08 3.36 3.37 3.13 3.13
2005-06-23 3.16 3.21 3.09 3.09
2005-06-27 3.24 3.26 3.16 3.16
2005-06-28 3.16 3.24 3.0 3.0
2005-08-15 2.9 2.9 2.81 2.81
2005-09-12 3.11 3.11 3.05 3.05
2005-10-10 3.08 3.12 3.01 3.01
2005-10-18 2.95 2.97 2.91 2.91
2005-11-24 2.71 2.74 2.7 2.7
2005-11-25 2.71 2.72 2.68 2.68
2006-01-05 2.78 2.79 2.75 2.75
2006-01-06 2.81 2.83 2.78 2.78
2006-01-12 2.87 2.87 2.79 2.79
2006-02-24 2.94 2.94 2.88 2.88
2007-02-26 2.61 2.61 2.61 2.61
2007-02-27 2.74 2.74 2.74 2.74
2007-02-28 2.88 2.88 2.88 2.88
2007-03-01 3.02 3.02 3.02 3.02
2007-03-02 3.17 3.17 3.17 3.17
2007-03-21 3.78 3.78 3.62 3.62
2007-03-28 3.58 3.7 3.58 3.58
2007-03-29 3.4 3.4 3.4 3.4
2007-03-30 3.57 3.57 3.23 3.23
2007-04-03 3.54 3.6 3.45 3.45
2007-04-04 3.72 3.72 3.55 3.55
2007-04-10 3.48 3.6 3.48 3.48
2007-04-11 3.56 3.64 3.42 3.42
2007-04-16 3.83 3.83 3.68 3.68
2007-05-18 6.29 6.29 6.29 6.29
2007-05-21 6.6 6.6 6.6 6.6
2007-05-22 6.93 6.93 6.93 6.93
2007-05-23 7.28 7.28 7.28 7.28
2007-05-28 7.62 7.62 6.9 6.9
2007-05-31 7.13 7.13 7.13 7.13
2007-06-01 6.77 6.77 6.77 6.77
2007-06-04 6.43 6.43 6.43 6.43
2007-06-05 6.11 6.11 6.11 6.11
2007-06-06 5.8 6.11 5.8 5.8
2007-06-07 5.51 5.6 5.51 5.51
2007-06-13 5.3 5.3 4.8 4.8
2007-06-27 4.27 4.27 4.27 4.27
2007-06-28 4.06 4.25 4.06 4.06
2007-06-29 3.86 3.96 3.86 3.86
2007-07-13 4.06 4.06 4.06 4.06
2007-07-16 4.26 4.26 4.26 4.26
2007-07-17 4.09 4.46 4.05 4.05
2007-09-17 6.52 6.54 6.13 6.13
2007-10-30 4.68 4.71 4.31 4.31
2007-10-31 4.91 4.91 4.45 4.45
2007-12-21 5.79 5.89 5.65 5.65
2007-12-24 6.08 6.08 5.85 5.85
2008-07-03 5.99 5.99 5.99 5.99
2008-07-04 5.69 5.69 5.69 5.69
2008-07-07 5.75 5.97 5.41 5.41
2008-07-09 5.8 5.8 5.43 5.43
2008-07-15 7.05 7.05 7.05 7.05
2008-09-12 5.03 5.03 5.03 5.03
2008-09-16 4.78 4.78 4.78 4.78
2008-09-17 4.54 4.54 4.54 4.54
2008-09-18 4.31 4.31 4.31 4.31
2008-09-19 4.53 4.53 4.09 4.09
2008-09-22 4.3 4.49 4.3 4.3
2008-09-23 4.09 4.09 4.09 4.09
2008-09-24 3.89 3.89 3.89 3.89
2008-09-25 3.87 4.05 3.7 3.7
2008-10-10 3.44 3.44 3.44 3.44
2008-10-13 3.27 3.4 3.27 3.27
2008-10-15 2.95 2.99 2.95 2.95
2008-10-16 2.8 2.8 2.8 2.8
2008-10-17 2.66 2.75 2.66 2.66
2008-10-30 2.31 2.37 2.31 2.31
2008-10-31 2.43 2.43 2.32 2.32
2008-11-10 2.32 2.32 2.23 2.23
2008-11-18 2.9 2.91 2.63 2.63
2008-12-03 2.75 2.75 2.6 2.6
2009-03-03 3.48 3.48 3.48 3.48
2009-03-04 3.65 3.65 3.31 3.31
2009-11-12 5.25 5.34 5.09 5.09
2010-02-10 5.09 5.09 4.89 4.89
2010-02-12 5.16 5.26 5.05 5.05
2010-02-24 4.98 4.98 4.78 4.78
2010-02-25 5.06 5.07 4.96 4.96
2010-03-05 5.04 5.12 4.98 4.98
2010-03-08 5.1 5.15 5.02 5.02
2010-03-11 5.04 5.07 4.98 4.98
2010-05-21 4.05 4.06 3.85 3.85
2010-05-24 4.21 4.25 4.06 4.06
2010-06-09 4.36 4.38 4.25 4.25
2010-06-10 4.33 4.41 4.33 4.33
2010-06-22 4.22 4.26 4.17 4.17
2010-07-07 3.82 3.83 3.75 3.75
2011-01-10 4.66 4.66 4.66 4.66
2011-01-11 4.89 4.89 4.89 4.89
2011-01-12 5.13 5.13 5.13 5.13
2011-01-13 5.39 5.39 5.39 5.39
2011-01-14 5.66 5.66 5.66 5.66
2011-04-08 5.71 5.73 5.43 5.43
2011-05-31 5.65 5.68 5.5 5.5
2011-06-21 5.73 5.87 5.48 5.48
2011-06-24 5.97 5.99 5.81 5.81
2011-06-30 6.43 6.43 6.42 6.42
2011-07-01 6.75 6.75 6.75 6.75
2011-07-19 6.67 6.82 6.38 6.38
2011-08-08 5.7 5.99 5.7 5.7
2012-01-11 4.04 4.07 3.86 3.86
2012-04-12 4.75 4.81 4.65 4.65
2012-05-02 4.57 4.66 4.57 4.57
2012-05-03 4.34 4.34 4.34 4.34
2012-05-04 4.42 4.55 4.12 4.12
2012-05-08 4.31 4.39 4.26 4.26
2012-07-13 3.44 3.53 3.3 3.3
2012-07-31 2.86 2.86 2.86 2.86
2012-08-01 2.72 2.79 2.72 2.72
2012-08-08 2.92 2.92 2.75 2.75
2012-08-22 3.09 3.09 2.96 2.96
2012-08-24 3.08 3.19 3.08 3.08
2012-08-27 3.23 3.23 3.08 3.08
2012-08-31 3.19 3.25 3.06 3.06
2012-09-04 3.11 3.21 3.04 3.04
2012-09-06 3.12 3.13 3.07 3.07
2012-09-07 3.2 3.23 3.1 3.1
2012-12-10 3.3 3.32 3.22 3.22
2013-01-08 3.15 3.18 3.06 3.06
2013-03-22 3.68 3.68 3.51 3.51
2013-07-19 2.99 3.04 2.94 2.94
2013-07-23 3.11 3.12 3.04 3.04
2013-08-19 3.57 3.58 3.37 3.37
2013-08-20 3.75 3.75 3.55 3.55
2013-09-27 3.5 3.5 3.5 3.5
2013-09-30 3.33 3.33 3.33 3.33
2013-10-11 3.42 3.42 3.34 3.34
2013-11-01 3.64 3.69 3.54 3.54
2013-11-28 3.39 3.41 3.35 3.35
2013-12-06 3.38 3.42 3.34 3.34
2013-12-09 3.41 3.49 3.39 3.39
2014-01-02 3.85 3.85 3.69 3.69
2014-01-03 3.88 4.0 3.82 3.82
2014-01-16 3.73 3.78 3.73 3.73
2014-07-31 9.09 9.29 8.9 8.9
2014-12-26 11.79 12.33 11.21 11.21
2015-01-05 12.02 12.79 11.95 11.95
2016-01-28 12.13 13.79 12.13 12.13
2016-02-04 10.96 11.32 10.6 10.6
2016-02-18 12.63 13.48 12.42 12.42
2016-06-21 12.98 13.38 12.69 12.69
2016-06-22 13.27 13.31 12.58 12.58
2016-09-20 15.74 15.87 15.59 15.59
2016-09-28 14.95 15.07 14.5 14.5
2016-10-10 15.46 15.55 15.03 15.03
2017-04-06 15.61 15.61 15.61 15.61
2017-08-01 13.73 13.97 13.22 13.22
