2000-07-06 22.88 24.18 20.0 20.0
2000-07-24 24.15 24.5 23.9 23.9
2000-08-23 26.76 26.76 24.4 24.4
2000-09-22 24.0 24.35 23.9 23.9
2000-10-17 23.35 23.39 22.6 22.6
2000-11-22 27.0 27.2 26.48 26.48
2000-12-04 26.7 26.96 26.51 26.51
2000-12-07 26.49 26.75 26.01 26.01
2000-12-21 27.08 27.4 26.58 26.58
2001-01-09 27.48 27.68 26.89 26.89
2001-01-19 26.36 26.59 25.8 25.8
2001-02-22 24.59 24.81 24.01 24.01
2001-02-23 24.74 24.8 24.4 24.4
2001-02-26 25.28 25.42 24.8 24.8
2001-03-09 25.13 25.5 25.0 25.0
2001-03-29 28.66 29.1 27.61 27.61
2001-04-16 32.9 33.05 31.18 31.18
2001-04-20 32.0 33.4 31.45 31.45
2001-04-26 30.7 31.3 30.5 30.5
2001-05-10 31.0 31.1 30.0 30.0
2001-05-14 32.44 32.7 31.6 31.6
2001-05-21 32.75 33.1 32.3 32.3
2001-07-17 30.89 31.0 30.0 30.0
2001-08-03 27.3 27.98 26.78 26.78
2001-08-09 26.86 26.95 26.15 26.15
2001-09-04 25.15 25.48 23.88 23.88
2001-09-05 25.36 25.98 25.13 25.13
2001-09-18 25.35 25.76 25.01 25.01
2001-10-23 22.32 22.32 22.32 22.32
2001-10-26 23.54 23.57 23.11 23.11
2001-11-08 20.77 21.14 20.2 20.2
2001-11-30 24.2 24.25 23.6 23.6
2001-12-21 21.33 21.58 21.05 21.05
2001-12-28 22.39 22.5 21.38 21.38
2002-01-31 19.47 19.47 17.98 17.98
2002-02-04 20.0 20.25 19.65 19.65
2002-03-28 20.28 20.6 20.15 20.15
2002-04-01 19.65 19.76 19.28 19.28
2002-04-03 19.65 19.7 19.33 19.33
2002-04-09 20.11 20.37 19.75 19.75
2002-04-15 19.95 19.97 19.56 19.56
2002-05-09 20.3 20.35 19.94 19.94
2002-05-13 19.92 20.1 19.5 19.5
2002-05-14 19.98 20.4 19.71 19.71
2002-06-14 17.79 18.0 17.75 17.75
2002-06-18 18.14 18.18 17.83 17.83
2002-07-23 17.94 18.07 17.71 17.71
2002-07-26 18.07 18.23 18.0 18.0
2002-08-22 18.76 18.97 18.22 18.22
2002-08-27 18.67 18.85 18.46 18.46
2002-09-02 18.39 18.4 18.19 18.19
2002-09-03 18.4 18.5 18.3 18.3
2002-09-09 17.76 17.92 17.61 17.61
2002-09-18 17.78 17.9 17.71 17.71
2002-09-23 17.93 18.0 17.18 17.18
2002-09-27 18.33 18.35 18.0 18.0
2002-10-10 17.82 17.9 17.7 17.7
2002-11-04 14.61 14.69 14.35 14.35
2002-11-15 14.85 15.2 14.31 14.31
2002-12-12 12.9 13.24 12.78 12.78
2002-12-16 13.3 13.42 13.05 13.05
2002-12-20 13.79 13.88 13.42 13.42
2003-01-13 12.72 12.78 12.51 12.51
2003-01-14 13.37 13.58 12.7 12.7
2003-01-16 13.99 14.08 13.51 13.51
2003-02-25 14.01 14.01 13.55 13.55
2003-03-03 14.48 14.5 14.08 14.08
2003-03-21 13.28 13.46 13.18 13.18
2003-04-01 13.3 13.36 13.18 13.18
2003-04-02 13.55 13.55 13.3 13.3
2003-04-14 12.94 13.0 12.41 12.41
2003-05-23 11.07 11.22 10.95 10.95
2003-05-26 11.2 11.3 11.05 11.05
2003-06-10 11.29 11.8 10.9 10.9
2003-07-16 10.56 10.59 10.33 10.33
2003-08-18 9.86 9.99 9.82 9.82
2003-08-21 9.7 9.88 9.61 9.61
2003-09-30 8.89 8.98 8.76 8.76
2003-10-09 9.02 9.17 8.87 8.87
2003-10-31 7.98 8.2 7.82 7.82
2003-11-19 7.74 7.8 7.49 7.49
2003-11-20 8.19 8.29 7.76 7.76
2003-12-09 8.9 8.91 8.65 8.65
2003-12-10 9.03 9.09 8.81 8.81
2003-12-22 8.17 8.19 7.7 7.7
2004-01-29 9.19 9.2 8.68 8.68
2004-02-03 9.19 9.19 8.98 8.98
2004-02-09 9.3 9.35 9.08 9.08
2004-03-15 9.38 9.5 9.18 9.18
2004-03-19 9.3 9.33 9.12 9.12
2004-04-05 9.78 9.84 9.47 9.47
2004-04-07 10.0 10.13 9.9 9.9
2004-04-22 10.51 10.53 10.01 10.01
2004-05-19 10.05 10.23 9.65 9.65
2004-05-28 9.93 10.16 9.85 9.85
2004-06-15 10.25 10.29 9.78 9.78
2004-07-01 10.69 10.76 10.21 10.21
2004-08-20 8.09 8.29 7.97 7.97
2004-09-14 7.17 7.32 6.86 6.86
2004-09-15 7.88 7.89 7.2 7.2
2004-10-11 9.55 9.98 9.27 9.27
2004-11-23 6.17 6.17 5.85 5.85
2004-12-14 5.54 5.58 5.5 5.5
2004-12-24 5.34 5.39 5.27 5.27
2004-12-27 5.35 5.39 5.32 5.32
2005-01-10 4.93 4.93 4.84 4.84
2005-01-18 5.08 5.14 4.94 4.94
2005-02-01 4.67 4.77 4.66 4.66
2005-02-16 5.13 5.17 5.01 5.01
2005-02-21 5.08 5.09 4.95 4.95
2005-02-22 5.18 5.22 5.08 5.08
2005-02-28 5.2 5.28 5.14 5.14
2005-03-07 5.16 5.23 5.11 5.11
2005-03-08 5.27 5.27 5.15 5.15
2005-04-13 4.49 4.6 4.41 4.41
2005-04-26 3.88 3.9 3.7 3.7
2005-05-17 3.81 3.9 3.69 3.69
2005-06-02 3.77 3.78 3.7 3.7
2005-06-27 4.01 4.09 3.93 3.93
2005-07-12 3.29 3.31 3.11 3.11
2005-07-14 3.23 3.28 3.12 3.12
2005-07-22 3.23 3.29 3.13 3.13
2005-08-01 3.29 3.33 3.23 3.23
2005-08-05 3.48 3.52 3.35 3.35
2005-08-15 3.66 3.7 3.52 3.52
2005-08-25 3.66 3.79 3.56 3.56
2005-08-30 3.66 3.68 3.61 3.61
2005-08-31 3.79 3.84 3.62 3.62
2005-09-07 3.98 4.0 3.81 3.81
2005-10-20 4.1 4.11 3.92 3.92
2005-11-02 4.25 4.4 4.11 4.11
2005-11-04 4.26 4.28 4.08 4.08
2006-10-24 6.61 6.67 6.5 6.5
2006-11-03 6.75 6.77 6.55 6.55
2006-11-06 6.79 6.94 6.66 6.66
2007-01-19 8.79 8.9 8.43 8.43
2007-01-29 9.24 9.34 8.64 8.64
2007-03-02 9.1 9.23 8.91 8.91
2007-04-02 10.61 10.69 10.18 10.18
2007-04-04 10.94 11.24 10.71 10.71
2007-04-11 12.26 12.28 11.56 11.56
2007-04-20 12.51 12.68 12.03 12.03
2007-05-21 15.31 15.31 13.21 13.21
2007-07-19 10.29 10.38 10.0 10.0
2007-07-23 11.14 11.26 10.65 10.65
2007-07-25 11.33 11.35 11.02 11.02
2007-08-02 13.18 13.33 12.15 12.15
2007-08-09 13.36 13.86 12.8 12.8
2007-08-27 15.22 15.22 13.9 13.9
2007-09-20 13.63 13.97 13.53 13.53
2007-11-23 11.57 11.81 11.13 11.13
2007-12-27 13.83 14.15 13.6 13.6
2008-01-09 13.85 13.87 13.57 13.57
2008-03-06 15.49 15.55 14.74 14.74
2008-04-23 8.32 8.38 7.6 7.6
2008-07-02 6.9 7.05 6.75 6.75
2008-07-07 7.58 7.69 7.09 7.09
2008-07-28 8.03 8.14 7.97 7.97
2008-07-30 7.81 8.0 7.75 7.75
2008-08-28 5.86 5.94 5.8 5.8
2008-10-15 4.5 4.52 4.43 4.43
2008-11-05 4.31 4.35 4.18 4.18
2008-11-12 4.8 4.85 4.5 4.5
2008-11-19 5.74 5.74 5.19 5.19
2008-12-05 5.67 5.67 5.48 5.48
2009-01-09 5.86 5.88 5.68 5.68
2009-02-06 6.88 6.95 6.42 6.42
2009-03-02 6.41 6.48 6.15 6.15
2009-03-04 6.74 6.88 6.36 6.36
2009-03-26 8.37 8.39 7.92 7.92
2009-04-20 12.25 12.3 11.13 11.13
2009-04-28 10.91 11.04 10.57 10.57
2009-05-15 11.86 12.0 11.58 11.58
2009-06-18 13.8 14.2 13.05 13.05
2009-07-07 6.64 6.76 6.54 6.54
2009-07-17 7.87 8.0 7.72 7.72
2009-09-11 6.43 6.46 6.3 6.3
2009-09-16 7.27 7.57 7.01 7.01
2009-10-19 7.1 7.14 6.9 6.9
2009-11-03 7.41 7.42 7.13 7.13
2009-11-05 7.53 7.63 7.3 7.3
2009-11-16 7.78 7.83 7.66 7.66
2009-12-02 8.21 8.3 8.03 8.03
2010-02-10 7.66 7.68 7.52 7.52
2010-02-25 8.04 8.05 7.88 7.88
2010-03-25 8.91 8.91 8.27 8.27
2010-04-06 8.78 8.79 8.61 8.61
2010-05-24 6.22 6.27 6.0 6.0
2010-07-06 5.42 5.44 5.22 5.22
2010-07-14 5.6 5.65 5.52 5.52
2010-08-23 6.43 6.57 6.34 6.34
2010-12-24 6.97 7.07 6.69 6.69
2011-01-18 6.63 6.7 6.55 6.55
2011-02-28 7.1 7.2 6.84 6.84
2011-03-04 7.11 7.12 6.85 6.85
2011-04-27 7.45 7.54 7.14 7.14
2011-06-14 6.8 6.86 6.69 6.69
2011-06-16 6.71 6.85 6.61 6.61
2011-08-24 6.57 6.8 6.5 6.5
2011-10-21 6.54 6.69 6.45 6.45
2011-11-22 7.44 7.44 7.15 7.15
2012-01-19 5.65 5.69 5.51 5.51
2012-02-03 5.62 5.69 5.47 5.47
2012-02-22 6.94 7.14 6.51 6.51
2012-03-01 7.57 7.79 7.45 7.45
2012-03-05 7.99 8.18 7.64 7.64
2012-03-14 8.4 8.99 8.17 8.17
2012-03-16 9.2 9.2 8.3 8.3
2012-06-27 10.84 11.13 10.76 10.76
2012-06-29 11.66 11.69 10.89 10.89
2012-07-02 12.26 12.83 11.75 11.75
2012-11-23 9.05 9.05 8.29 8.29
2013-05-22 7.95 8.03 7.87 7.87
2013-05-31 8.24 8.32 8.17 8.17
2013-06-28 6.8 6.88 6.5 6.5
2013-07-30 6.66 6.77 6.56 6.56
2013-08-07 7.08 7.3 6.94 6.94
2013-08-12 7.18 7.19 6.94 6.94
2013-09-30 8.9 8.99 8.58 8.58
2014-02-10 6.85 6.87 6.63 6.63
2014-02-14 7.04 7.08 6.93 6.93
2014-04-01 6.85 6.86 6.75 6.75
2014-04-17 7.21 7.22 7.0 7.0
2014-05-30 6.71 6.79 6.65 6.65
2014-06-05 6.65 6.66 6.58 6.58
2014-09-15 7.19 7.19 7.19 7.19
2014-09-16 7.91 7.91 7.91 7.91
2014-09-17 8.7 8.7 8.7 8.7
2014-10-10 10.33 10.48 10.17 10.17
2014-12-04 10.11 10.24 10.01 10.01
2014-12-10 9.48 9.5 9.18 9.18
2014-12-15 9.84 9.89 9.5 9.5
2015-02-26 10.92 11.02 10.8 10.8
2015-04-13 14.93 15.1 14.47 14.47
2015-05-06 16.42 16.42 16.42 16.42
2015-05-22 20.47 21.2 20.15 20.15
2015-08-11 15.08 15.08 15.08 15.08
2015-08-25 10.0 10.21 10.0 10.0
2015-09-16 8.78 8.78 8.06 8.06
2015-09-24 9.64 9.77 9.4 9.4
2015-11-06 13.49 13.59 13.17 13.17
2015-12-25 15.3 15.35 14.96 14.96
2016-01-18 9.71 9.94 9.0 9.0
2016-01-25 10.82 10.97 10.52 10.52
2016-02-02 9.8 9.87 9.28 9.28
2016-02-15 10.07 10.16 9.62 9.62
2016-03-02 9.77 9.81 9.15 9.15
2016-05-13 11.41 11.69 11.18 11.18
2016-06-08 14.09 14.32 13.82 13.82
2016-06-14 13.87 14.12 13.61 13.61
2016-06-27 14.72 14.88 14.11 14.11
2016-07-01 16.5 17.17 16.25 16.25
2016-08-11 16.48 16.93 16.2 16.2
2016-08-24 15.93 16.18 15.9 15.9
2016-10-10 15.05 15.08 14.74 14.74
2016-10-11 15.19 15.2 14.95 14.95
2016-11-22 15.09 15.25 15.01 15.01
2016-12-29 15.27 15.6 15.21 15.21
2017-01-04 15.62 15.67 15.37 15.37
2017-01-09 16.06 16.1 15.39 15.39
2017-01-12 16.1 16.29 15.72 15.72
2017-03-01 18.63 18.99 17.28 17.28
2017-03-03 18.68 18.84 18.54 18.54
2017-03-07 19.74 19.98 19.33 19.33
2017-03-16 21.02 22.48 20.7 20.7
2017-03-31 21.93 22.0 21.0 21.0
2017-04-13 21.89 21.95 21.01 21.01
2017-04-18 21.45 21.87 21.05 21.05
2017-04-25 20.87 21.09 19.34 19.34
2017-04-26 20.94 21.21 20.79 20.79
2017-05-15 19.96 20.11 18.73 18.73
2017-06-12 24.74 25.21 24.04 24.04
2017-06-21 25.9 26.08 24.83 24.83
