1996-04-04 8.64 8.69 8.55 8.55
1996-04-17 8.9 9.09 8.82 8.82
1996-04-19 9.57 9.7 9.2 9.2
1996-04-26 11.88 12.1 9.8 9.8
1996-07-08 12.5 12.77 12.14 12.14
1996-07-16 12.4 12.45 11.88 11.88
1996-07-24 12.3 12.53 12.05 12.05
1996-08-27 9.2 9.28 8.87 8.87
1996-09-23 10.88 10.88 10.2 10.2
1996-10-28 13.2 13.25 12.4 12.4
1996-11-04 11.53 11.67 11.3 11.3
1996-11-11 11.7 11.85 11.35 11.35
1996-12-16 13.5 13.5 13.5 13.5
1996-12-17 12.15 13.2 12.15 12.15
1997-04-15 15.44 15.61 15.25 15.25
1997-04-18 15.27 15.44 15.02 15.02
1997-05-05 15.88 15.99 15.58 15.58
1997-07-22 9.12 9.18 8.73 8.73
1997-07-23 9.24 9.6 9.2 9.2
1997-08-18 8.06 8.06 8.06 8.06
1997-08-19 7.25 7.25 7.25 7.25
1997-08-20 7.2 7.48 6.65 6.65
1997-08-27 7.42 7.48 7.2 7.2
1997-09-01 8.29 8.29 7.74 7.74
1997-09-04 8.28 8.34 8.0 8.0
1997-12-12 7.01 7.12 6.9 6.9
1998-01-09 7.36 7.58 7.02 7.02
1998-02-27 7.68 7.68 7.42 7.42
1998-03-03 7.4 7.6 7.28 7.28
1998-03-17 7.81 7.81 7.15 7.15
1998-04-07 9.15 9.18 8.75 8.75
1998-04-17 9.01 9.18 8.9 8.9
1998-06-22 9.17 9.2 9.0 9.0
1998-06-25 8.91 8.96 8.69 8.69
1998-07-10 8.79 8.79 8.34 8.34
1998-09-09 7.4 7.47 7.0 7.0
1998-09-10 7.62 7.68 7.35 7.35
1998-09-15 8.75 8.91 8.28 8.28
1998-09-21 8.51 8.54 8.1 8.1
1998-11-10 9.14 9.36 9.1 9.1
1998-11-13 9.59 9.79 9.2 9.2
1998-11-16 9.88 10.12 9.7 9.7
1998-11-19 9.52 9.77 9.4 9.4
1998-11-23 9.66 9.85 9.5 9.5
1998-12-11 8.41 8.48 8.3 8.3
1999-01-14 7.88 8.05 7.8 7.8
1999-01-18 8.67 8.67 7.9 7.9
1999-01-28 8.58 8.88 8.38 8.38
1999-02-01 8.5 8.59 8.38 8.38
1999-03-25 8.64 8.95 8.5 8.5
1999-04-13 8.1 8.18 8.04 8.04
1999-04-20 7.94 7.99 7.85 7.85
1999-05-18 7.79 7.95 7.75 7.75
1999-05-19 8.18 8.25 7.83 7.83
1999-08-20 13.15 13.5 12.54 12.54
1999-08-25 13.05 13.27 12.61 12.61
1999-08-26 13.59 13.79 12.7 12.7
1999-12-02 11.4 11.49 11.25 11.25
1999-12-03 11.53 11.67 11.4 11.4
1999-12-07 11.1 11.22 11.04 11.04
1999-12-29 9.79 9.94 9.75 9.75
2000-01-10 12.1 12.1 11.2 11.2
2000-02-24 12.85 12.99 11.9 11.9
2000-02-28 13.12 13.3 12.7 12.7
2000-03-03 13.6 13.87 12.69 12.69
2000-05-22 12.56 12.63 12.35 12.35
2000-07-05 13.09 13.1 12.88 12.88
2000-07-11 12.8 12.99 12.65 12.65
2000-08-03 15.6 15.6 14.18 14.18
2000-08-08 16.88 17.09 16.52 16.52
2000-09-08 15.28 15.56 15.14 15.14
2000-09-13 15.86 16.18 15.2 15.2
2000-10-30 17.5 17.66 17.0 17.0
2000-11-03 16.42 16.56 16.35 16.35
2000-11-07 15.93 16.1 15.7 15.7
2000-11-08 16.49 16.49 15.9 15.9
2000-11-16 17.4 17.6 17.2 17.2
2000-12-04 19.3 19.5 18.43 18.43
2000-12-25 22.93 23.0 21.63 21.63
2001-01-02 17.8 18.16 17.25 17.25
2001-01-04 18.39 18.68 17.86 17.86
2001-01-10 17.89 18.3 17.55 17.55
2001-01-17 16.16 16.3 15.89 15.89
2001-01-19 16.82 16.88 16.4 16.4
2001-02-28 15.38 15.55 15.3 15.3
2001-03-02 16.7 16.7 15.2 15.2
2001-03-09 17.75 18.3 17.2 17.2
2001-03-19 18.58 18.9 18.4 18.4
2001-03-26 18.36 18.38 17.83 17.83
2001-04-03 18.73 18.9 18.35 18.35
2001-04-05 18.17 18.3 18.0 18.0
2001-05-31 22.0 22.57 21.7 21.7
2001-06-04 22.12 22.7 21.81 21.81
2001-06-05 22.2 22.51 22.08 22.08
2001-06-25 21.4 21.46 20.95 20.95
2001-07-13 19.78 20.05 19.6 19.6
2001-07-19 19.38 19.5 19.01 19.01
2001-07-20 20.05 20.08 19.48 19.48
2001-07-23 19.75 20.1 19.57 19.57
2001-07-25 19.1 19.5 19.0 19.0
2001-08-02 18.36 18.65 17.35 17.35
2001-08-08 19.18 19.28 18.55 18.55
2001-08-29 20.6 21.28 19.9 19.9
2001-09-04 20.6 20.79 20.21 20.21
2001-09-06 20.63 20.91 20.6 20.6
2001-10-22 15.4 16.0 15.35 15.35
2001-10-29 16.72 16.72 16.0 16.0
2001-11-02 16.74 16.83 16.6 16.6
2001-11-14 15.8 16.09 15.66 15.66
2001-11-15 16.24 16.35 15.9 15.9
2001-12-06 17.15 17.24 16.8 16.8
2001-12-10 17.45 17.48 16.92 16.92
2001-12-12 16.98 17.3 16.97 16.97
2001-12-25 16.09 16.14 15.81 15.81
2001-12-31 16.24 16.36 15.96 15.96
2002-01-25 14.23 14.24 14.0 14.0
2002-01-31 14.72 14.83 13.4 13.4
2002-03-07 15.29 15.3 14.85 14.85
2002-03-21 15.87 16.04 15.8 15.8
2002-04-11 15.9 16.58 15.69 15.69
2002-04-15 16.57 16.59 16.1 16.1
2002-04-18 16.59 16.73 16.28 16.28
2002-04-23 16.69 16.88 16.38 16.38
2002-04-25 17.03 17.18 16.8 16.8
2002-06-20 15.58 15.8 15.35 15.35
2002-06-21 16.09 16.25 15.58 15.58
2002-06-24 17.68 17.7 17.0 17.0
2002-07-15 16.52 16.6 16.4 16.4
2002-09-02 16.44 16.53 16.38 16.38
2002-09-06 16.07 16.22 16.01 16.01
2002-09-09 16.01 16.15 15.88 15.88
2002-09-20 15.7 15.95 15.7 15.7
2002-09-24 15.87 15.96 15.71 15.71
2002-09-25 16.23 16.28 15.83 15.83
2002-09-26 15.98 16.25 15.58 15.58
2002-09-27 15.84 16.0 15.78 15.78
2002-10-10 15.37 15.56 15.3 15.3
2002-10-16 15.06 15.2 14.98 14.98
2002-12-04 13.98 14.09 13.87 13.87
2002-12-06 13.92 13.99 13.7 13.7
2002-12-13 13.8 13.86 13.4 13.4
2002-12-23 14.04 14.15 13.99 13.99
2003-02-21 14.6 14.8 14.5 14.5
2003-02-24 15.15 15.18 14.58 14.58
2003-03-24 13.79 13.8 13.7 13.7
2003-04-07 13.55 13.78 13.51 13.51
2003-05-22 13.34 13.36 13.19 13.19
2003-05-30 13.46 13.48 13.25 13.25
2003-06-04 13.54 13.6 13.45 13.45
2003-06-11 13.35 13.35 13.15 13.15
2003-06-17 13.26 13.39 13.22 13.22
2003-06-18 13.38 13.39 13.25 13.25
2003-07-23 12.33 12.34 12.01 12.01
2003-10-31 11.76 11.8 11.43 11.43
2003-11-07 9.73 9.95 9.44 9.44
2003-11-28 8.9 8.95 8.79 8.79
2003-12-02 9.22 9.69 9.11 9.11
2003-12-24 10.0 10.55 9.75 9.75
2003-12-31 10.26 10.5 9.9 9.9
2004-01-09 10.65 11.28 10.52 10.52
2004-01-16 10.78 10.89 10.51 10.51
2004-04-09 10.9 11.4 10.76 10.76
2004-05-18 9.32 9.39 9.08 9.08
2004-10-08 11.08 11.1 10.48 10.48
2004-10-26 10.63 10.88 10.38 10.38
2004-11-10 10.78 10.83 10.36 10.36
2004-11-15 10.91 11.1 10.6 10.6
2004-11-22 10.56 10.68 10.5 10.5
2004-11-30 10.16 10.23 10.03 10.03
2004-12-08 9.94 10.04 9.9 9.9
2004-12-09 10.2 10.35 9.93 9.93
2004-12-14 9.84 9.91 9.75 9.75
2004-12-17 9.82 9.98 9.8 9.8
2004-12-22 9.74 9.84 9.4 9.4
2004-12-24 9.58 9.63 9.4 9.4
2004-12-30 9.41 9.56 9.31 9.31
2005-01-10 9.1 9.15 8.93 8.93
2005-01-17 8.8 8.85 8.6 8.6
2005-04-07 8.36 8.48 8.18 8.18
2005-04-13 9.04 9.05 8.67 8.67
2005-05-31 8.93 9.09 8.82 8.82
2005-06-01 8.88 8.99 8.73 8.73
2005-06-03 8.79 8.85 8.61 8.61
2005-06-08 9.66 9.68 8.96 8.96
2005-06-24 8.75 8.78 8.6 8.6
2005-07-12 8.23 8.28 7.85 7.85
2005-07-19 7.76 7.79 7.71 7.71
2005-07-25 7.4 7.45 7.31 7.31
2005-07-26 7.51 7.59 7.38 7.38
2005-08-01 7.58 7.63 7.5 7.5
2005-08-05 7.81 7.85 7.57 7.57
2005-09-13 9.37 9.48 9.3 9.3
2005-10-24 9.42 9.5 9.11 9.11
2005-11-24 8.37 8.49 8.33 8.33
2005-12-15 8.58 8.69 8.38 8.38
2005-12-29 8.57 8.58 8.4 8.4
2006-01-06 9.18 9.27 8.9 8.9
2006-01-13 9.5 9.65 9.28 9.28
2006-01-18 9.5 9.54 9.25 9.25
2006-04-05 17.13 17.99 16.45 16.45
2006-12-04 19.74 19.98 19.18 19.18
2007-01-15 23.49 23.68 22.0 22.0
2007-01-22 27.13 27.32 26.0 26.0
2007-03-06 23.47 23.9 22.88 22.88
2007-04-03 31.4 31.9 31.11 31.11
2007-04-11 31.6 31.88 30.1 30.1
2007-06-01 29.67 32.38 29.5 29.5
2007-06-08 31.0 31.56 28.9 28.9
2007-06-12 35.17 35.17 32.1 32.1
2007-07-31 43.47 43.47 40.5 40.5
2007-09-04 51.1 52.4 48.8 48.8
2007-09-06 56.21 56.21 51.55 51.55
2007-09-13 32.31 32.6 30.0 30.0
2007-12-27 27.83 29.16 27.17 27.17
2008-01-04 28.5 28.8 27.61 27.61
2008-01-24 25.46 26.2 24.45 24.45
2008-01-29 23.5 24.0 22.96 22.96
2008-02-04 23.69 23.69 22.02 22.02
2008-02-18 23.4 23.92 23.3 23.3
2008-03-06 24.38 24.5 23.41 23.41
2008-04-30 16.59 16.65 16.0 16.0
2008-09-09 8.53 8.8 8.3 8.3
2008-09-12 8.2 8.37 8.16 8.16
2008-11-10 6.62 6.65 6.18 6.18
2008-12-02 7.43 7.47 7.01 7.01
2009-01-09 9.14 9.26 8.86 8.86
2009-01-16 9.62 9.68 9.32 9.32
2009-01-19 10.58 10.58 9.63 9.63
2009-02-09 11.84 11.95 11.05 11.05
2009-02-13 11.73 11.87 11.42 11.42
2009-07-15 14.28 14.39 13.76 13.76
2009-09-03 12.96 12.98 12.1 12.1
2009-11-30 15.39 15.41 14.98 14.98
2009-12-02 16.47 16.63 15.89 15.89
2010-02-25 19.89 20.63 19.49 19.49
2010-04-22 19.37 19.94 18.71 18.71
2010-04-23 21.31 21.31 19.37 19.37
2010-05-04 19.2 19.42 18.18 18.18
2010-07-20 15.18 15.32 14.78 14.78
2010-07-21 15.61 15.97 15.35 15.35
2010-10-08 21.87 22.35 21.0 21.0
2010-10-11 22.59 23.75 22.05 22.05
2011-02-14 23.74 23.9 22.77 22.77
2011-02-15 24.75 25.86 24.0 24.0
2011-02-16 25.17 25.58 24.38 24.38
2011-07-04 25.81 25.88 24.81 24.81
2011-11-08 20.33 20.64 20.31 20.31
2012-10-16 9.42 9.62 9.31 9.31
2012-12-10 7.97 8.05 7.82 7.82
2012-12-12 8.15 8.27 7.96 7.96
2012-12-28 9.37 9.39 9.15 9.15
2013-11-15 5.59 5.65 5.5 5.5
2013-11-18 5.72 5.74 5.63 5.63
2014-02-14 5.64 5.67 5.58 5.58
2014-06-18 5.5 5.62 5.36 5.36
2014-06-26 5.45 5.48 5.4 5.4
2015-03-19 9.43 9.84 9.25 9.25
2015-04-20 12.33 12.56 11.44 11.44
2015-05-25 12.86 13.11 12.25 12.25
2015-05-26 13.77 14.0 13.02 13.02
2015-06-03 15.24 15.41 14.35 14.35
2015-06-08 15.7 16.87 15.35 15.35
2015-07-09 7.05 7.05 5.77 5.77
2015-08-10 9.74 9.9 9.27 9.27
2015-09-16 6.85 6.86 6.23 6.23
2016-02-02 6.19 6.25 5.97 5.97
2016-02-16 6.72 6.79 6.54 6.54
2016-04-13 7.65 7.75 7.37 7.37
2016-04-21 7.26 7.48 7.09 7.09
2016-06-29 7.09 7.15 7.06 7.06
2017-03-10 9.37 9.63 9.07 9.07
2017-06-15 8.18 8.2 7.66 7.66
2017-06-19 8.07 8.1 7.95 7.95
2017-07-21 7.16 7.25 7.05 7.05
2017-07-24 7.34 7.5 7.19 7.19
