2001-05-29 21.66 21.8 21.5 21.5
2001-06-04 22.92 23.19 22.55 22.55
2001-06-12 22.51 22.59 22.15 22.15
2001-06-25 22.69 22.78 22.45 22.45
2001-06-29 22.18 22.4 22.1 22.1
2001-07-04 22.0 22.28 22.0 22.0
2001-08-08 19.18 19.36 18.9 18.9
2001-08-09 19.9 19.96 19.2 19.2
2001-10-09 17.76 17.76 16.9 16.9
2001-10-23 15.54 15.54 15.54 15.54
2001-10-29 17.25 17.28 17.0 17.0
2001-11-27 16.45 16.49 16.3 16.3
2001-12-26 15.5 15.5 15.2 15.2
2002-02-04 14.68 14.75 14.25 14.25
2002-03-19 15.98 16.1 15.2 15.2
2002-03-20 16.47 16.71 16.1 16.1
2002-04-04 15.84 15.86 15.29 15.29
2002-04-08 15.49 15.65 15.33 15.33
2002-04-12 15.61 15.7 15.38 15.38
2002-04-16 15.32 15.44 15.25 15.25
2002-06-18 14.0 14.35 13.68 13.68
2002-06-20 13.95 14.05 13.89 13.89
2002-06-21 14.44 14.5 13.9 13.9
2002-06-25 15.66 16.25 15.48 15.48
2002-07-09 15.44 15.52 15.32 15.32
2002-07-12 15.12 15.28 15.09 15.09
2002-07-29 14.83 14.89 14.72 14.72
2002-08-26 14.65 14.8 14.56 14.56
2002-08-30 14.76 14.82 14.71 14.71
2002-09-17 14.3 14.49 14.2 14.2
2002-09-20 14.27 14.35 14.26 14.26
2002-09-23 14.29 14.29 14.21 14.21
2002-10-21 13.15 13.19 13.1 13.1
2002-10-22 13.45 13.48 13.14 13.14
2002-12-17 12.03 12.2 11.86 11.86
2002-12-19 11.89 11.99 11.83 11.83
2003-02-12 12.21 12.24 12.02 12.02
2003-02-18 12.15 12.2 12.08 12.08
2003-02-24 11.89 12.06 11.81 11.81
2003-04-21 12.82 13.23 12.65 12.65
2003-04-25 12.8 12.8 12.33 12.33
2003-08-07 9.91 10.0 9.86 9.86
2003-12-11 8.16 8.18 8.0 8.0
2004-02-16 9.08 9.15 8.75 8.75
2004-04-14 8.88 8.96 8.72 8.72
2004-06-04 7.55 7.59 7.5 7.5
2004-06-30 6.86 6.95 6.81 6.81
2004-07-01 7.08 7.1 6.9 6.9
2004-07-23 6.36 6.38 6.28 6.28
2004-09-08 5.88 5.96 5.7 5.7
2004-09-14 5.79 5.82 5.55 5.55
2004-09-17 6.37 6.38 6.12 6.12
2004-11-10 6.1 6.12 5.81 5.81
2004-11-12 6.08 6.25 6.02 6.02
2004-11-18 6.09 6.1 5.96 5.96
2004-11-26 6.01 6.03 5.92 5.92
2004-12-21 5.61 5.73 5.6 5.6
2005-02-21 5.2 5.2 5.1 5.1
2005-03-24 5.18 5.19 5.02 5.02
2005-05-16 4.12 4.15 4.08 4.08
2005-05-19 4.41 4.58 4.36 4.36
2005-05-24 4.2 4.24 4.06 4.06
2005-06-08 4.49 4.51 4.15 4.15
2005-06-14 4.51 4.63 4.33 4.33
2005-07-22 3.6 3.67 3.38 3.38
2005-08-01 3.8 3.8 3.6 3.6
2005-11-02 3.77 3.83 3.68 3.68
2005-11-18 3.96 4.05 3.84 3.84
2005-11-23 3.86 3.89 3.83 3.83
2005-12-15 3.85 3.91 3.85 3.85
2006-05-26 4.95 4.97 4.73 4.73
2006-07-07 5.34 5.43 5.22 5.22
2006-08-10 5.0 5.02 4.91 4.91
2006-08-15 4.94 4.98 4.85 4.85
2006-08-16 5.0 5.01 4.88 4.88
2006-11-03 5.36 5.41 5.32 5.32
2007-05-28 10.0 10.3 9.35 9.35
2007-05-30 10.6 11.03 10.0 10.0
2007-06-04 10.04 10.04 10.04 10.04
2007-06-05 9.54 9.54 9.54 9.54
2007-06-06 9.06 9.46 9.06 9.06
2007-06-07 8.61 8.88 8.61 8.61
2007-06-15 8.15 8.17 7.64 7.64
2007-06-18 8.56 8.56 8.28 8.28
2007-06-26 7.84 7.94 7.84 7.84
2007-06-27 7.81 8.23 7.53 7.53
2007-06-29 7.42 7.42 7.42 7.42
2007-07-02 7.05 7.05 7.05 7.05
2007-07-03 6.84 7.04 6.7 6.7
2007-07-04 7.04 7.18 6.8 6.8
2007-07-09 8.15 8.15 8.15 8.15
2007-07-10 8.56 8.56 8.56 8.56
2007-07-13 8.05 8.15 7.51 7.51
2007-07-18 7.76 8.1 7.56 7.56
2007-09-05 10.61 10.61 10.61 10.61
2007-09-13 11.76 11.77 10.65 10.65
2007-09-14 12.35 12.35 11.79 11.79
2008-04-22 11.7 11.7 11.7 11.7
2008-04-23 11.12 11.12 11.12 11.12
2008-04-25 10.56 10.56 10.56 10.56
2008-04-28 10.03 10.03 10.03 10.03
2008-04-29 9.53 9.53 9.53 9.53
2008-04-30 9.05 9.05 9.05 9.05
2008-05-05 9.1 9.26 8.6 8.6
2008-05-09 8.19 8.59 8.19 8.19
2008-05-14 8.2 8.2 8.2 8.2
2008-11-05 2.8 2.84 2.74 2.74
2008-11-07 2.78 2.79 2.61 2.61
2008-11-13 3.14 3.16 2.99 2.99
2009-01-16 3.99 4.05 3.97 3.97
2009-02-18 5.09 5.3 5.01 5.01
2009-02-23 5.49 5.56 5.31 5.31
2009-03-20 6.69 6.69 6.3 6.3
2009-06-17 8.11 8.2 7.98 7.98
2009-09-11 10.68 10.78 10.3 10.3
2009-10-09 9.74 9.81 9.41 9.41
2009-12-21 10.31 10.48 10.03 10.03
2010-03-15 9.76 9.95 9.71 9.71
2010-03-17 9.84 9.87 9.64 9.64
2010-04-12 10.93 10.99 10.59 10.59
2010-08-31 9.22 9.29 8.96 8.96
2010-09-03 9.21 9.28 9.07 9.07
2011-03-09 18.6 18.87 17.23 17.23
2011-03-11 20.57 20.58 18.51 18.51
2011-04-26 11.96 11.96 11.96 11.96
2011-04-27 10.76 10.76 10.76 10.76
2012-03-08 7.39 7.48 7.3 7.3
2012-05-10 6.91 7.03 6.85 6.85
2012-05-17 6.94 7.02 6.83 6.83
2012-09-24 5.25 5.28 5.17 5.17
2013-01-08 5.03 5.11 4.96 4.96
2013-02-19 5.28 5.34 5.2 5.2
2013-03-11 5.41 5.45 5.32 5.32
2013-05-03 5.38 5.38 5.28 5.28
2013-11-20 5.29 5.29 5.29 5.29
2013-11-21 5.82 5.82 5.82 5.82
2014-02-13 4.95 5.07 4.9 4.9
2014-02-17 5.38 5.58 5.23 5.23
2014-03-18 4.92 4.96 4.81 4.81
2014-03-21 5.09 5.12 4.95 4.95
2014-05-08 4.65 4.72 4.63 4.63
2014-05-16 4.62 4.67 4.59 4.59
2014-07-18 4.9 4.91 4.82 4.82
2014-07-28 4.99 4.99 4.93 4.93
2014-08-04 5.28 5.4 5.22 5.22
2014-10-28 6.64 6.65 6.42 6.42
2014-12-11 7.07 7.1 6.67 6.67
2015-01-20 8.17 8.18 7.71 7.71
2015-04-24 14.2 14.3 13.71 13.71
2015-04-27 14.35 14.66 14.3 14.3
2015-04-30 14.69 15.0 14.26 14.26
2015-05-08 12.8 12.89 12.39 12.39
2015-07-14 10.29 10.29 10.29 10.29
2015-07-16 9.45 9.58 8.38 8.38
2015-07-17 10.17 10.35 9.32 9.32
2015-12-25 14.74 14.9 14.51 14.51
2016-05-23 7.69 7.72 7.62 7.62
2016-12-09 8.89 8.89 8.02 8.02
2016-12-12 9.78 9.78 9.78 9.78
2016-12-16 10.76 10.76 10.76 10.76
2017-04-11 9.6 9.65 9.38 9.38
