2001-02-08 26.1 26.7 25.7 25.7
2001-03-29 32.54 33.0 32.14 32.14
2001-06-15 42.0 42.01 41.4 41.4
2001-06-21 39.38 40.0 39.17 39.17
2001-06-22 40.0 40.5 39.38 39.38
2001-07-17 44.2 44.5 42.48 42.48
2001-07-18 43.98 44.49 40.8 40.8
2001-07-19 44.15 44.28 43.5 43.5
2001-07-20 45.95 46.0 44.35 44.35
2001-08-09 35.6 35.75 34.3 34.3
2001-08-15 38.0 38.15 37.45 37.45
2001-10-29 17.09 17.09 15.6 15.6
2002-02-01 15.1 15.11 14.11 14.11
2002-08-20 13.48 13.49 13.23 13.23
2002-08-22 14.0 14.02 13.73 13.73
2002-09-10 13.58 13.64 13.4 13.4
2002-10-21 12.49 12.52 12.35 12.35
2002-10-22 12.71 12.72 12.5 12.5
2003-01-24 12.4 12.45 12.07 12.07
2003-02-11 12.38 12.4 12.15 12.15
2003-03-14 11.8 11.88 11.68 11.68
2003-03-19 11.5 11.63 11.36 11.36
2003-03-21 11.57 11.6 11.49 11.49
2003-03-27 11.6 11.71 11.3 11.3
2003-04-02 11.48 11.6 11.3 11.3
2003-04-08 11.15 11.29 11.12 11.12
2003-04-16 13.91 14.1 13.29 13.29
2003-06-16 14.14 14.3 13.77 13.77
2003-06-18 14.1 14.14 13.98 13.98
2003-06-25 14.68 14.77 14.25 14.25
2003-11-04 11.04 11.12 10.85 10.85
2003-11-20 11.18 11.2 11.07 11.07
2004-01-12 11.59 11.7 11.43 11.43
2004-01-29 12.6 12.6 11.39 11.39
2004-02-18 13.56 13.81 13.38 13.38
2004-09-03 10.09 10.13 9.96 9.96
2004-11-12 8.9 8.94 8.8 8.8
2005-03-15 8.12 8.41 7.84 7.84
2005-03-22 7.55 7.6 7.33 7.33
2005-03-23 7.84 7.91 7.56 7.56
2005-03-25 7.97 8.05 7.68 7.68
2005-06-23 3.5 3.58 3.4 3.4
2005-06-24 3.5 3.55 3.45 3.45
2005-11-04 3.12 3.15 3.06 3.06
2005-12-09 3.06 3.07 2.97 2.97
2005-12-15 3.16 3.23 3.12 3.12
2005-12-19 3.15 3.19 3.13 3.13
2005-12-23 3.14 3.15 3.08 3.08
2005-12-27 3.19 3.23 3.17 3.17
2007-03-07 8.28 8.29 7.9 7.9
2007-03-15 8.55 8.6 8.17 8.17
2007-04-25 11.8 12.28 11.02 11.02
2007-08-29 10.15 10.33 10.0 10.0
2007-10-10 10.97 11.2 10.76 10.76
2009-07-27 5.47 5.54 5.38 5.38
2010-02-01 6.78 6.87 6.55 6.55
2010-02-08 6.35 6.45 6.26 6.26
2010-02-12 6.76 6.87 6.54 6.54
2010-04-15 8.45 8.78 8.19 8.19
2010-05-14 8.19 8.44 8.1 8.1
2010-05-19 9.21 9.3 8.45 8.45
2010-07-19 7.71 7.8 7.31 7.31
2010-07-26 8.2 8.39 8.11 8.11
2011-01-06 16.99 17.4 16.9 16.9
2011-02-10 15.99 16.24 15.5 15.5
2011-03-03 16.39 16.91 16.37 16.37
2011-05-03 14.19 14.25 13.95 13.95
2011-06-03 12.75 12.85 12.51 12.51
2011-08-12 11.55 11.86 11.37 11.37
2011-09-09 10.73 10.99 10.63 10.63
2012-01-31 7.75 7.84 7.51 7.51
2012-06-13 8.01 8.05 7.91 7.91
2012-10-09 5.8 5.81 5.6 5.6
2013-05-06 5.11 5.18 4.82 4.82
2013-05-17 5.43 5.54 5.2 5.2
2013-07-17 6.14 6.14 6.14 6.14
2013-09-09 5.78 5.79 5.69 5.69
2013-09-13 6.1 6.14 5.87 5.87
2014-09-29 11.44 11.48 11.33 11.33
2014-10-28 10.44 10.44 10.21 10.21
2014-12-08 10.58 10.75 10.4 10.4
2015-01-26 10.38 10.48 10.04 10.04
2015-02-02 10.18 10.26 10.06 10.06
2015-02-03 10.38 10.44 10.18 10.18
2015-03-20 14.05 14.19 13.36 13.36
2015-03-30 15.72 16.31 15.3 15.3
2015-04-02 17.71 17.71 16.1 16.1
2015-04-10 17.31 17.6 16.41 16.41
2015-06-02 22.04 22.25 21.16 21.16
2016-02-04 9.81 9.83 9.56 9.56
2016-02-18 11.65 11.65 11.26 11.26
