1996-11-07 10.1 10.45 10.08 10.08
1996-12-16 10.63 10.63 10.63 10.63
1996-12-17 9.57 9.97 9.57 9.57
1997-02-20 8.18 8.25 7.58 7.58
1997-02-21 8.95 9.0 8.18 8.18
1997-02-26 9.12 9.12 8.8 8.8
1997-03-03 9.4 9.48 9.1 9.1
1997-03-21 10.25 10.3 9.8 9.8
1997-03-28 10.19 10.45 10.1 10.1
1997-03-31 10.85 10.98 10.3 10.3
1997-04-14 10.28 10.38 9.95 9.95
1997-05-19 8.3 8.3 8.1 8.1
1997-06-13 6.33 6.36 5.71 5.71
1997-06-20 6.1 6.16 5.9 5.9
1997-07-10 4.7 4.83 4.5 4.5
1997-08-14 5.76 5.8 5.56 5.56
1997-08-28 6.45 6.49 6.18 6.18
1997-09-01 6.89 6.98 6.5 6.5
1997-09-16 6.22 6.3 6.15 6.15
1997-09-18 6.04 6.08 5.86 5.86
1997-09-19 6.23 6.25 6.05 6.05
1997-10-06 5.7 5.9 5.6 5.6
1997-10-08 5.99 6.05 5.8 5.8
1997-10-09 6.18 6.38 6.0 6.0
1997-10-29 5.64 5.78 5.55 5.55
1997-11-07 5.66 5.75 5.47 5.47
1997-11-12 5.68 5.76 5.63 5.63
1997-11-17 5.89 6.0 5.8 5.8
1997-11-20 5.33 5.44 5.27 5.27
1997-12-26 5.93 5.93 5.4 5.4
1997-12-31 6.55 6.79 6.41 6.41
1998-01-14 6.71 6.71 6.15 6.15
1998-01-21 6.41 6.79 6.4 6.4
1998-02-11 7.2 7.22 6.92 6.92
1998-03-17 5.92 5.92 5.78 5.78
1998-04-01 7.4 7.48 7.06 7.06
1998-04-07 7.84 7.84 7.18 7.18
1998-04-16 7.97 8.28 7.78 7.78
1998-04-29 8.22 8.22 7.4 7.4
1998-07-17 7.57 7.67 7.4 7.4
1998-07-31 9.02 9.02 8.21 8.21
1998-09-03 8.22 8.39 8.12 8.12
1998-09-14 9.14 9.25 8.78 8.78
1998-10-05 9.02 9.18 8.9 8.9
1998-10-08 8.78 8.8 8.5 8.5
1998-11-13 8.14 8.29 8.1 8.1
1998-12-08 7.64 7.8 7.35 7.35
1998-12-22 6.85 6.85 6.41 6.41
1998-12-24 6.79 6.81 6.62 6.62
1998-12-29 6.68 6.75 6.53 6.53
1999-01-06 6.88 7.01 6.72 6.72
1999-01-26 6.44 6.48 6.35 6.35
1999-01-28 6.5 6.51 6.38 6.38
1999-02-08 6.18 6.3 6.1 6.1
1999-03-01 6.7 6.75 6.35 6.35
1999-03-03 7.48 7.48 6.85 6.85
1999-03-09 7.85 7.98 7.35 7.35
1999-04-23 8.75 8.75 8.53 8.53
1999-05-07 8.58 8.69 8.35 8.35
1999-05-11 8.38 8.38 8.1 8.1
1999-06-01 9.82 10.26 9.63 9.63
1999-06-07 10.0 10.5 9.7 9.7
1999-06-23 10.45 10.45 9.51 9.51
1999-07-08 11.22 11.28 10.58 10.58
1999-07-20 9.58 9.58 9.05 9.05
1999-08-23 10.85 10.99 10.3 10.3
1999-08-26 11.0 11.08 10.58 10.58
1999-09-02 10.37 10.55 10.0 10.0
1999-10-27 9.25 9.38 9.1 9.1
1999-11-12 9.01 9.24 8.45 8.45
1999-11-29 9.0 9.0 8.8 8.8
2000-01-04 7.81 7.95 7.73 7.73
2000-01-07 8.53 8.55 8.18 8.18
2000-01-19 7.99 8.18 7.93 7.93
2000-03-03 10.49 10.7 10.3 10.3
2000-03-17 10.03 10.18 9.5 9.5
2000-03-21 10.42 10.5 10.15 10.15
2000-03-27 10.97 11.0 10.2 10.2
2000-04-24 12.88 12.98 12.11 12.11
2000-05-08 13.31 13.6 13.0 13.0
2000-05-18 11.93 11.97 11.4 11.4
2000-06-15 13.16 13.33 12.6 12.6
2000-07-12 11.26 11.48 10.8 10.8
2000-08-07 12.34 12.4 12.08 12.08
2000-08-08 13.0 13.13 12.34 12.34
2000-08-17 13.38 13.5 13.28 13.28
2000-08-18 13.61 13.85 13.38 13.38
2000-11-03 12.9 12.99 12.7 12.7
2000-11-15 14.34 14.34 13.1 13.1
2000-12-12 14.4 14.69 14.1 14.1
2001-01-09 15.81 15.87 15.08 15.08
2001-01-17 16.3 16.49 16.08 16.08
2001-02-09 15.17 15.2 14.57 14.57
2001-02-23 13.99 13.99 13.49 13.49
2001-02-26 14.1 14.29 13.68 13.68
2001-03-01 14.3 14.3 14.0 14.0
2001-03-07 15.01 15.01 14.3 14.3
2001-03-08 15.6 15.69 15.0 15.0
2001-03-09 15.77 15.89 15.3 15.3
2001-03-19 15.6 15.65 15.11 15.11
2001-03-22 16.16 16.34 16.0 16.0
2001-03-23 16.16 16.48 16.05 16.05
2001-03-26 17.29 17.36 16.16 16.16
2001-04-10 18.04 18.04 16.33 16.33
2001-04-12 18.58 18.8 17.0 17.0
2001-05-15 18.25 18.45 17.98 17.98
2001-05-17 17.95 18.08 17.38 17.38
2001-06-27 17.86 17.86 16.56 16.56
2001-07-03 18.48 18.5 17.9 17.9
2001-07-10 19.17 19.2 18.5 18.5
2001-07-18 20.32 20.32 19.28 19.28
2001-08-01 18.58 18.58 17.7 17.7
2001-08-31 18.0 18.0 17.48 17.48
2001-09-18 14.85 14.89 14.28 14.28
2001-09-21 16.3 16.3 15.55 15.55
2001-10-09 15.23 15.23 14.3 14.3
2001-10-19 13.09 13.41 13.09 13.09
2001-10-22 12.44 12.44 12.44 12.44
2001-10-23 13.06 13.06 13.06 13.06
2001-10-26 12.0 12.2 11.55 11.55
2001-12-03 12.62 12.62 12.62 12.62
2001-12-04 13.25 13.25 13.25 13.25
2001-12-10 15.54 15.6 14.89 14.89
2001-12-11 16.15 16.25 15.54 15.54
2001-12-14 14.7 15.25 14.33 14.33
2001-12-18 14.27 14.4 14.0 14.0
2001-12-24 14.81 15.16 14.31 14.31
2001-12-26 14.86 15.2 14.7 14.7
2006-11-20 4.28 4.36 4.06 4.06
2006-12-01 4.42 4.42 4.23 4.23
2006-12-04 4.61 4.64 4.43 4.43
2006-12-18 4.36 4.42 4.35 4.35
2007-01-17 6.29 6.29 6.29 6.29
2007-01-18 6.6 6.6 6.6 6.6
2007-01-23 7.64 7.64 7.64 7.64
2007-01-24 8.02 8.02 8.02 8.02
2007-01-31 9.1 9.1 8.72 8.72
2007-02-06 7.89 8.25 7.89 7.89
2007-03-19 10.01 10.27 9.35 9.35
2007-03-20 10.51 10.51 9.92 9.92
2007-03-22 11.59 11.59 11.1 11.1
2007-04-06 12.28 12.6 12.07 12.07
2007-04-11 12.39 12.55 12.22 12.22
2007-04-13 13.66 13.66 13.2 13.2
2007-04-26 15.49 15.49 14.82 14.82
2007-05-14 13.29 13.5 13.1 13.1
2007-05-15 13.75 13.95 13.28 13.28
2007-05-30 14.16 14.69 14.16 14.16
2007-06-06 12.26 13.2 11.47 11.47
2007-06-27 11.88 11.95 11.32 11.32
2007-07-31 14.27 14.72 13.6 13.6
2007-09-20 13.2 13.35 13.0 13.0
2007-10-10 13.24 13.68 13.0 13.0
2007-10-18 14.01 14.7 13.9 13.9
2007-11-14 10.82 11.25 10.3 10.3
2007-12-13 12.44 12.44 11.35 11.35
2008-01-03 13.32 13.45 13.06 13.06
2008-01-23 14.6 14.61 13.53 13.53
2008-04-23 7.73 7.8 7.36 7.36
2008-05-27 8.05 8.07 7.61 7.61
2008-06-05 7.76 7.99 7.5 7.5
2008-06-24 5.05 5.15 4.84 4.84
2008-07-04 5.4 5.63 5.21 5.21
2008-07-14 6.26 6.26 5.63 5.63
2008-07-21 6.18 6.25 5.68 5.68
2008-08-19 4.78 4.83 4.53 4.53
2008-08-20 5.26 5.26 4.7 4.7
2008-08-29 5.05 5.17 4.83 4.83
2008-10-15 4.16 4.22 3.97 3.97
2008-11-05 3.72 3.79 3.62 3.62
2009-01-09 5.78 5.83 5.6 5.6
2009-01-16 6.0 6.08 5.75 5.75
2009-01-22 6.46 6.46 6.08 6.08
2009-02-06 6.58 6.66 6.36 6.36
2009-02-20 7.12 7.16 6.65 6.65
2009-03-10 7.16 7.18 6.65 6.65
2009-03-12 7.2 7.28 6.91 6.91
2009-03-26 8.19 8.3 7.88 7.88
2009-04-01 8.3 8.4 8.1 8.1
2009-04-24 8.03 8.2 8.0 8.0
2009-05-20 9.31 9.31 8.65 8.65
2009-06-15 8.79 8.84 8.61 8.61
2009-07-01 8.54 8.62 8.5 8.5
2009-07-09 8.93 9.19 8.75 8.75
2009-08-20 7.39 7.44 7.05 7.05
2009-10-09 7.64 7.66 7.35 7.35
2009-10-23 8.57 8.78 8.4 8.4
2009-12-28 10.14 10.28 10.0 10.0
2010-01-18 11.1 11.25 11.03 11.03
2010-02-12 11.71 11.8 11.02 11.02
2010-04-12 13.81 14.05 13.18 13.18
2010-04-23 14.36 14.68 14.0 14.0
2010-05-24 11.08 11.09 10.61 10.61
2010-05-31 12.32 12.72 11.38 11.38
2010-07-26 10.64 10.78 10.3 10.3
2010-08-11 13.22 13.76 12.45 12.45
2010-08-16 13.2 13.31 12.98 12.98
2010-08-31 15.0 15.15 14.5 14.5
2010-09-27 14.32 14.34 13.73 13.73
2010-10-22 13.88 13.98 13.66 13.66
2010-11-01 18.5 18.5 17.09 17.09
2010-11-15 18.54 18.58 17.61 17.61
2010-11-29 21.89 22.1 20.5 20.5
2010-12-29 19.41 19.69 18.51 18.51
2011-01-21 18.7 19.16 18.41 18.41
2011-03-04 20.12 20.2 19.68 19.68
2011-03-21 20.31 20.55 19.92 19.92
2011-03-31 18.65 18.88 18.5 18.5
2011-04-29 18.11 18.15 17.36 17.36
2011-06-28 16.91 17.36 16.65 16.65
2011-07-01 17.13 17.15 16.77 16.77
2011-07-13 18.32 18.55 17.87 17.87
2011-08-01 18.89 19.0 18.8 18.8
2011-09-07 19.59 19.6 19.0 19.0
2011-09-15 20.33 20.65 20.02 20.02
2011-09-20 19.9 19.93 19.3 19.3
2011-10-12 19.43 19.5 18.08 18.08
2011-10-17 20.14 20.35 19.6 19.6
2011-11-25 23.65 24.0 23.11 23.11
2012-01-10 21.18 21.25 20.18 20.18
2012-01-19 18.78 19.33 18.28 18.28
2012-02-01 18.92 19.12 18.67 18.67
2012-02-09 19.68 19.75 19.05 19.05
2012-03-08 21.89 22.0 21.37 21.37
2012-05-03 19.74 19.88 19.29 19.29
2012-05-10 20.25 20.9 19.76 19.76
2012-06-05 21.3 22.38 21.02 21.02
2012-06-12 21.96 22.08 21.46 21.46
2012-06-15 21.75 22.5 21.55 21.55
2012-07-11 22.78 22.79 22.1 22.1
2012-07-30 21.88 21.98 21.55 21.55
2012-08-01 22.19 22.25 21.7 21.7
2012-08-03 23.0 23.16 22.51 22.51
2012-09-03 22.8 22.81 22.02 22.02
2012-09-25 21.64 21.98 21.55 21.55
2012-09-27 21.92 21.97 21.18 21.18
2012-10-08 21.98 22.0 21.71 21.71
2012-10-10 22.3 22.37 21.9 21.9
2012-10-18 22.74 22.85 22.3 22.3
2012-11-21 19.26 19.28 18.92 18.92
2012-11-22 19.44 19.65 19.1 19.1
2012-11-30 19.15 19.16 18.81 18.81
2013-01-10 21.14 21.31 20.71 20.71
2013-01-23 21.8 22.28 21.03 21.03
2013-01-28 23.08 23.36 22.55 22.55
2013-02-20 23.86 23.94 22.95 22.95
2013-02-25 23.11 23.43 23.0 23.0
2013-04-24 20.51 20.6 20.2 20.2
2013-05-08 20.83 20.95 20.57 20.57
2013-05-13 21.38 21.56 21.13 21.13
2013-05-14 22.72 23.3 21.53 21.53
2013-05-21 26.49 26.8 25.46 25.46
2013-07-15 32.13 32.13 29.21 29.21
2013-08-02 29.52 30.49 29.4 29.4
2013-08-26 31.57 31.78 30.27 30.27
2013-09-03 30.55 30.9 30.0 30.0
2013-09-13 32.2 32.45 31.19 31.19
2013-09-16 32.93 33.65 32.22 32.22
2013-09-18 31.72 31.82 31.1 31.1
2013-09-27 32.06 32.1 30.68 30.68
2013-10-08 32.67 33.35 32.3 32.3
2013-10-14 33.51 35.3 33.1 33.1
2013-10-24 34.5 35.96 33.54 33.54
2013-11-12 33.45 34.1 31.97 31.97
2013-12-03 32.38 32.78 31.2 31.2
2013-12-19 30.94 31.1 30.18 30.18
2013-12-30 31.46 31.55 31.09 31.09
2013-12-31 32.02 32.32 31.37 31.37
2014-01-08 32.03 32.41 31.51 31.51
2014-01-28 35.25 36.35 34.8 34.8
2014-03-04 46.58 47.5 43.53 43.53
2014-03-07 48.99 50.81 46.43 46.43
2014-04-08 42.92 43.0 40.21 40.21
2014-05-22 38.54 39.07 37.55 37.55
2014-05-29 41.3 42.71 40.82 40.82
2014-07-02 42.5 43.63 42.16 42.16
2014-08-05 42.01 42.2 40.45 40.45
2014-08-14 46.12 46.2 44.99 44.99
2014-08-27 46.02 47.24 45.9 45.9
2014-09-29 48.02 48.26 46.43 46.43
2014-10-24 46.25 46.49 45.56 45.56
2014-11-13 52.94 54.98 52.55 52.55
2014-12-10 51.93 52.57 50.5 50.5
2015-01-06 47.69 48.96 46.51 46.51
2015-01-09 47.76 48.6 46.15 46.15
2015-01-13 49.68 50.5 47.64 47.64
2015-02-13 54.77 55.38 53.11 53.11
2015-03-02 61.1 63.18 59.62 59.62
2015-03-25 65.75 67.89 62.11 62.11
2015-03-27 66.33 69.7 65.59 65.59
2015-04-13 78.46 78.46 72.2 72.2
2015-04-27 88.62 94.56 86.9 86.9
2015-05-08 84.02 84.28 80.3 80.3
2015-05-20 91.21 92.99 87.4 87.4
2015-05-21 100.33 100.33 91.3 91.3
2015-12-28 48.59 48.77 46.76 46.76
2016-01-29 31.18 31.5 29.51 29.51
2016-02-02 34.85 35.38 31.2 31.2
2016-02-04 34.56 35.22 33.95 33.95
2016-02-16 36.78 37.02 33.72 33.72
2016-03-17 30.84 31.16 29.57 29.57
2016-03-21 33.66 33.8 32.35 32.35
2016-06-28 32.04 32.66 30.97 30.97
2016-07-07 32.92 34.26 32.73 32.73
2016-07-26 32.88 32.92 31.59 31.59
2016-08-26 33.3 33.43 31.49 31.49
2016-09-30 31.43 31.66 31.35 31.35
2016-10-10 32.37 32.38 31.59 31.59
2016-11-03 33.61 33.83 33.4 33.4
2016-11-29 33.48 33.83 33.34 33.34
2017-01-18 30.88 31.58 30.5 30.5
2017-02-09 31.18 31.25 30.8 30.8
2017-03-17 29.29 29.64 29.05 29.05
2017-05-08 24.76 25.08 24.5 24.5
2017-06-27 24.14 24.2 23.69 23.69
2017-08-04 22.9 23.06 22.7 22.7
2017-08-14 22.98 23.08 22.69 22.69
2017-08-21 23.22 23.25 23.02 23.02
2017-08-25 22.94 22.95 22.76 22.76
2017-08-31 23.11 23.14 22.86 22.86
