1992-12-31 13.88 14.0 13.8 13.8
1993-01-05 15.1 15.25 14.1 14.1
1993-04-08 24.3 25.0 21.38 21.38
1993-04-28 26.3 26.8 26.19 26.19
1993-06-10 20.14 20.58 20.0 20.0
1993-06-15 21.55 22.1 20.45 20.45
1993-06-23 20.46 20.59 20.0 20.0
1993-06-28 20.29 20.4 20.02 20.02
1993-07-05 19.38 20.09 19.0 19.0
1993-07-07 18.52 18.56 17.8 17.8
1993-07-12 16.95 17.47 16.8 16.8
1993-07-16 18.8 18.8 18.0 18.0
1993-08-04 17.8 17.95 17.5 17.5
1993-08-11 17.98 18.38 17.48 17.48
1993-08-16 20.25 20.3 19.1 19.1
1993-08-19 18.88 19.19 18.09 18.09
1993-09-10 18.6 18.75 13.67 13.67
1993-09-24 17.75 18.05 17.6 17.6
1993-11-11 16.9 17.28 16.5 16.5
1993-11-18 17.05 17.13 16.92 16.92
1993-11-25 16.8 17.0 16.22 16.22
1994-01-12 8.73 8.9 8.6 8.6
1994-01-17 8.9 9.09 8.85 8.85
1994-01-31 7.35 7.58 7.1 7.1
1994-02-02 7.18 7.25 7.0 7.0
1994-02-03 7.25 7.49 7.2 7.2
1994-02-25 6.9 7.13 6.85 6.85
1994-03-03 6.05 6.26 5.7 5.7
1994-03-08 5.7 5.85 5.62 5.62
1994-03-11 5.6 5.7 5.36 5.36
1994-03-18 7.25 7.6 6.98 6.98
1994-03-28 6.5 6.6 6.38 6.38
1994-03-30 6.89 7.09 6.66 6.66
1994-04-04 6.75 7.08 6.6 6.6
1994-04-11 6.35 6.45 6.21 6.21
1994-05-23 5.72 5.8 5.7 5.7
1994-07-08 3.85 3.85 3.7 3.7
1994-07-11 3.7 3.92 3.08 3.08
1994-08-25 6.81 7.08 6.7 6.7
1994-08-30 7.34 7.44 6.9 6.9
1994-09-05 10.0 10.17 9.01 9.01
1994-10-20 10.65 10.87 9.2 9.2
1994-12-23 11.9 12.5 11.8 11.8
1995-01-10 10.69 10.9 10.6 10.6
1995-02-21 8.36 8.45 8.22 8.22
1995-02-23 10.0 10.4 9.13 9.13
1995-04-19 9.98 10.1 9.85 9.85
1995-04-20 10.29 10.29 10.01 10.01
1995-06-01 10.6 10.7 10.4 10.4
1995-06-27 9.74 9.88 9.6 9.6
1995-07-04 9.08 9.18 8.7 8.7
1995-07-07 9.5 9.5 9.12 9.12
1995-07-12 9.18 9.28 9.1 9.1
1995-10-05 9.2 9.2 9.0 9.0
1995-10-10 8.9 9.2 8.88 8.88
1995-10-13 8.82 8.99 8.6 8.6
1995-10-16 8.89 8.94 8.78 8.78
1995-10-17 8.89 8.94 8.78 8.78
1995-11-06 9.4 9.4 9.28 9.28
1995-11-21 9.06 9.1 9.0 9.0
1995-11-29 8.96 9.08 8.95 8.95
1995-12-05 8.92 9.0 8.8 8.8
1995-12-11 8.7 8.99 8.58 8.58
1996-01-04 7.55 7.58 7.29 7.29
1996-01-09 7.42 7.48 7.14 7.14
1996-01-10 7.2 7.4 6.92 6.92
1996-01-11 7.22 7.39 7.12 7.12
1996-01-12 7.25 7.3 7.18 7.18
1996-01-15 7.4 7.45 7.26 7.26
1996-01-29 7.0 7.2 6.99 6.99
1996-02-02 7.15 7.26 7.05 7.05
1996-02-07 6.95 7.0 6.9 6.9
1996-02-13 7.08 7.08 7.0 7.0
1996-02-15 7.14 7.16 7.09 7.09
1996-02-16 7.38 7.38 7.18 7.18
1996-03-07 7.4 7.42 7.3 7.3
1996-03-08 7.55 7.6 7.35 7.35
1996-03-13 7.45 7.48 7.3 7.3
1996-03-15 7.35 7.38 7.25 7.25
1996-03-18 7.38 7.48 7.0 7.0
1996-03-21 7.46 7.9 7.35 7.35
1996-04-10 7.62 7.65 7.56 7.56
1996-04-12 7.73 7.88 7.6 7.6
1996-04-16 7.74 7.88 7.6 7.6
1996-04-17 7.84 7.9 7.75 7.75
1996-04-19 8.15 8.18 7.8 7.8
1996-04-24 8.51 8.55 8.13 8.13
1996-04-26 9.21 9.28 8.48 8.48
1996-05-06 8.35 9.0 8.05 8.05
1996-05-20 8.6 8.7 8.29 8.29
1996-05-22 7.95 8.15 7.81 7.81
1996-05-30 7.4 7.5 7.4 7.4
1996-06-03 7.32 7.56 7.31 7.31
1996-06-07 9.23 9.37 8.7 8.7
1996-06-28 9.0 9.0 8.8 8.8
1996-07-01 8.1 8.7 8.0 8.0
1996-07-08 7.8 7.8 7.6 7.6
1996-07-10 7.75 8.0 7.5 7.5
1996-07-16 7.75 7.76 7.2 7.2
1996-07-24 9.08 9.45 9.02 9.02
1996-08-09 8.8 8.9 8.5 8.5
1996-08-13 8.82 9.1 8.8 8.8
1996-08-20 8.2 8.55 8.13 8.13
1996-09-19 7.75 8.04 7.68 7.68
1996-10-10 9.78 9.9 9.2 9.2
1996-10-11 10.2 10.4 9.81 9.81
1996-10-14 11.0 11.18 10.28 10.28
1996-10-21 12.18 12.39 11.66 11.66
1996-10-23 12.88 13.2 12.52 12.52
1996-11-13 11.66 11.97 11.53 11.53
1996-12-02 13.15 13.4 12.4 12.4
1996-12-17 9.96 9.96 9.96 9.96
1996-12-18 10.47 10.74 8.97 8.97
1997-01-08 9.0 9.02 8.81 8.81
1997-01-15 9.17 9.28 9.0 9.0
1997-02-21 10.48 10.5 9.6 9.6
1997-03-11 10.89 11.1 10.7 10.7
1997-03-17 11.18 11.88 11.0 11.0
1997-03-21 11.1 11.2 10.41 10.41
1997-03-31 11.74 11.75 11.25 11.25
1997-06-02 11.28 11.28 10.88 10.88
1997-09-01 10.02 10.02 9.31 9.31
1997-11-13 9.85 10.05 9.61 9.61
1997-11-17 10.48 10.7 9.92 9.92
1997-11-25 9.8 9.88 9.4 9.4
1997-11-27 10.37 10.6 9.7 9.7
1997-11-28 10.69 10.76 10.2 10.2
1997-12-03 10.8 11.09 10.6 10.6
1997-12-08 10.75 10.97 10.58 10.58
1997-12-10 10.76 10.9 10.6 10.6
1997-12-16 11.07 11.3 10.8 10.8
1997-12-18 11.35 11.45 11.0 11.0
1998-01-05 11.19 11.38 10.99 10.99
1998-01-15 12.01 12.1 11.39 11.39
1998-01-21 12.29 12.33 11.45 11.45
1998-02-09 13.0 13.3 12.47 12.47
1998-02-25 12.39 12.48 12.0 12.0
1998-02-26 12.5 12.99 12.45 12.45
1998-03-04 12.12 12.3 11.5 11.5
1998-03-06 12.6 12.65 12.3 12.3
1998-03-09 12.8 12.8 12.48 12.48
1998-03-11 12.9 12.9 12.8 12.8
1998-03-25 12.13 12.3 11.99 11.99
1998-03-26 12.15 12.24 11.55 11.55
1998-03-27 12.5 12.75 12.1 12.1
1998-05-25 14.67 14.74 14.2 14.2
1998-05-26 14.91 14.91 14.56 14.56
1998-05-27 15.36 15.38 14.85 14.85
1998-05-28 15.75 15.75 15.18 15.18
1998-06-15 14.98 14.98 14.5 14.5
1998-06-17 15.2 15.47 14.8 14.8
1998-06-18 15.6 15.63 15.1 15.1
1998-07-14 15.3 15.8 14.98 14.98
1998-07-15 15.47 15.5 15.15 15.15
1998-07-21 16.03 16.07 15.6 15.6
1998-07-24 19.12 19.58 17.62 17.62
1998-08-12 14.39 14.72 14.09 14.09
1998-08-13 14.63 14.85 14.39 14.39
1998-08-20 14.72 14.99 14.35 14.35
1998-08-25 14.65 14.86 14.42 14.42
1998-08-26 14.77 15.21 14.5 14.5
1998-08-27 14.68 15.1 14.6 14.6
1998-09-04 14.06 14.28 14.02 14.02
1998-09-10 13.95 13.95 13.57 13.57
1998-12-18 10.93 11.18 10.79 10.79
1998-12-25 10.59 10.63 10.3 10.3
1999-01-20 11.17 11.18 11.0 11.0
1999-02-05 10.55 10.98 10.5 10.5
1999-03-12 11.21 11.34 11.05 11.05
1999-05-20 10.38 10.38 9.4 9.4
1999-05-27 10.95 10.95 10.05 10.05
1999-06-11 10.69 11.0 10.2 10.2
1999-06-16 10.97 10.97 10.5 10.5
1999-06-23 12.95 13.04 11.88 11.88
1999-11-22 10.7 10.76 10.3 10.3
1999-12-02 10.82 10.92 10.55 10.55
1999-12-03 10.88 11.17 10.82 10.82
2000-01-05 9.73 9.74 9.4 9.4
2000-01-13 9.44 9.72 9.2 9.2
2000-03-17 9.58 9.58 9.3 9.3
2000-03-23 10.08 10.39 9.71 9.71
2000-06-07 13.2 13.2 12.0 12.0
2000-06-15 13.29 13.48 12.95 12.95
2000-06-28 12.59 12.68 12.4 12.4
2000-08-14 13.08 13.18 12.81 12.81
2000-08-17 13.01 13.18 12.85 12.85
2000-08-24 12.48 12.55 12.2 12.2
2000-11-02 11.99 12.12 11.9 11.9
2000-12-01 13.39 13.6 13.12 13.12
2000-12-04 13.97 14.18 13.6 13.6
2000-12-06 14.1 14.49 13.78 13.78
2001-01-19 13.54 13.66 13.43 13.43
2001-04-20 18.19 18.19 17.37 17.37
2001-04-24 20.3 22.0 19.5 19.5
2001-05-14 20.08 20.89 19.2 19.2
2001-08-15 17.06 17.26 16.6 16.6
2001-08-20 17.03 17.15 16.5 16.5
2001-08-23 16.77 16.84 16.31 16.31
2001-08-29 15.9 16.18 15.89 15.89
2001-09-04 16.07 16.07 15.4 15.4
2001-09-05 16.36 16.86 16.0 16.0
2001-09-13 16.1 16.58 15.98 15.98
2001-09-18 15.89 16.2 15.72 15.72
2001-11-09 14.63 14.78 13.68 13.68
2001-11-14 14.78 15.35 14.6 14.6
2001-11-19 15.5 15.64 15.0 15.0
2001-12-21 14.47 14.47 14.2 14.2
2002-01-10 13.86 13.99 13.1 13.1
2002-01-16 12.39 12.48 11.95 11.95
2002-03-06 12.75 13.3 12.61 12.61
2002-03-11 13.71 13.77 13.36 13.36
2002-05-17 13.31 13.48 13.13 13.13
2002-05-23 13.44 13.54 13.18 13.18
2002-07-04 13.96 14.57 13.71 13.71
2002-08-16 13.99 14.1 13.81 13.81
2002-08-20 14.16 14.2 13.99 13.99
2002-08-22 14.4 14.65 14.3 14.3
2002-11-19 12.07 12.3 11.79 11.79
2002-11-22 11.4 12.05 11.28 11.28
2003-03-03 12.18 12.18 11.93 11.93
2003-03-04 12.23 12.5 12.11 12.11
2003-05-15 11.77 12.25 11.35 11.35
2003-05-19 11.64 11.7 11.56 11.56
2003-05-22 11.25 11.36 11.16 11.16
2003-05-23 11.26 11.39 11.2 11.2
2003-05-27 11.14 11.25 11.06 11.06
2003-05-30 11.43 11.56 11.3 11.3
2003-06-04 11.38 11.44 11.12 11.12
2003-06-10 11.03 11.15 10.92 10.92
2003-06-11 11.36 11.65 11.05 11.05
2003-06-12 11.46 11.8 11.34 11.34
2003-07-08 11.13 11.15 11.0 11.0
2003-08-04 10.44 10.6 10.05 10.05
2003-08-06 10.4 10.62 10.14 10.14
2003-08-12 10.24 10.35 10.18 10.18
2003-08-14 10.19 10.28 10.1 10.1
2003-08-15 10.29 10.3 10.1 10.1
2003-08-19 10.12 10.19 10.11 10.11
2003-11-14 6.98 6.99 6.85 6.85
2003-11-19 7.1 7.16 6.83 6.83
2003-11-20 7.45 7.45 7.02 7.02
2003-11-25 8.37 8.37 7.8 7.8
2004-01-12 8.32 8.45 8.23 8.23
2004-01-16 8.43 8.54 8.36 8.36
2004-02-16 9.88 9.88 9.6 9.6
2004-03-10 9.73 10.1 9.35 9.35
2004-03-15 9.82 9.83 9.6 9.6
2004-03-22 9.73 9.75 9.52 9.52
2004-05-21 8.63 8.65 8.47 8.47
2004-05-27 8.58 8.64 8.32 8.32
2004-05-31 8.54 8.54 8.42 8.42
2004-07-07 7.34 7.41 7.3 7.3
2004-07-08 7.36 7.41 7.25 7.25
2004-07-15 6.98 7.09 6.9 6.9
2004-07-16 7.29 7.3 7.08 7.08
2004-10-15 7.81 8.05 7.52 7.52
2004-10-19 7.91 8.13 7.9 7.9
2004-11-18 7.91 7.95 7.77 7.77
2004-11-19 8.12 8.2 7.91 7.91
2004-12-31 7.37 7.52 7.36 7.36
2005-01-04 7.29 7.35 7.22 7.22
2005-01-05 7.36 7.55 7.32 7.32
2005-01-10 7.47 7.47 7.38 7.38
2005-01-13 7.54 7.58 7.22 7.22
2005-01-18 7.47 7.5 7.3 7.3
2005-02-04 6.31 6.36 6.18 6.18
2005-02-22 6.74 6.79 6.42 6.42
2005-03-01 6.73 6.73 6.61 6.61
2005-03-08 6.53 6.57 6.44 6.44
2005-03-09 6.72 6.73 6.55 6.55
2005-04-13 6.19 6.53 6.0 6.0
2005-05-27 4.45 4.65 4.41 4.41
2005-07-05 4.06 4.1 4.01 4.01
2005-07-11 3.38 3.59 3.37 3.37
2005-07-19 3.13 3.13 3.02 3.02
2005-07-25 3.24 3.24 3.15 3.15
2005-08-08 4.03 4.09 3.85 3.85
2006-10-11 5.38 5.5 5.23 5.23
2006-10-18 5.35 5.39 5.21 5.21
2006-11-23 4.67 4.79 4.61 4.61
2006-12-29 4.5 4.56 4.44 4.44
2007-03-07 6.42 6.45 6.26 6.26
2007-04-20 7.88 7.95 7.56 7.56
2007-04-30 10.09 10.3 9.7 9.7
2007-05-08 11.1 11.1 10.2 10.2
2007-09-06 8.37 8.52 8.13 8.13
2008-01-02 8.05 8.07 7.72 7.72
2008-01-07 9.12 9.12 8.3 8.3
2008-07-23 6.37 6.37 5.96 5.96
2008-10-22 3.29 3.39 3.21 3.21
2008-11-10 3.05 3.05 2.85 2.85
2009-02-20 4.48 4.48 4.08 4.08
2009-04-01 5.29 5.3 5.09 5.09
2009-04-16 5.79 5.79 5.66 5.66
2009-04-24 5.7 5.9 5.68 5.68
2009-04-28 5.53 5.56 5.35 5.35
2009-04-29 5.67 5.76 5.58 5.58
2009-11-30 8.93 9.0 8.6 8.6
2010-06-22 6.29 6.36 6.2 6.2
2010-08-13 7.35 7.46 7.1 7.1
2011-03-07 8.58 8.74 8.4 8.4
2011-04-01 9.2 9.45 8.69 8.69
2011-04-07 10.25 10.25 9.36 9.36
2011-08-04 15.31 15.83 14.65 14.65
2011-08-11 14.0 14.03 13.28 13.28
2012-02-15 10.45 10.53 10.2 10.2
2012-03-09 10.97 11.15 10.45 10.45
2012-04-12 10.23 10.33 10.03 10.03
2012-07-17 8.4 8.49 8.1 8.1
2012-08-03 8.09 8.31 7.72 7.72
2012-11-12 8.31 8.34 8.2 8.2
2012-11-19 8.15 8.16 7.95 7.95
2012-11-21 8.28 8.29 8.03 8.03
2012-11-23 8.17 8.25 8.16 8.16
2013-01-31 8.55 8.68 8.36 8.36
2013-02-06 8.47 8.58 8.31 8.31
2013-02-08 8.57 8.66 8.53 8.53
2013-04-11 7.7 7.79 7.69 7.69
2013-04-19 7.74 7.77 7.55 7.55
2013-07-23 6.19 6.22 6.04 6.04
2013-09-06 7.53 7.7 7.15 7.15
2013-12-03 6.47 6.52 6.36 6.36
2013-12-10 7.3 7.57 6.82 6.82
2014-01-22 6.06 6.07 5.88 5.88
2014-01-29 6.07 6.09 6.03 6.03
2014-03-28 7.37 7.7 7.25 7.25
2014-04-18 7.89 7.95 7.71 7.71
2014-11-20 8.38 8.4 8.28 8.28
2015-07-09 8.76 8.76 7.96 7.96
2015-07-17 10.15 10.35 9.55 9.55
2015-09-08 10.46 10.46 9.5 9.5
2015-09-16 10.69 10.69 9.9 9.9
2015-10-22 13.8 13.86 12.71 12.71
2015-10-23 14.26 14.51 13.81 13.81
2016-02-02 13.72 13.77 12.91 12.91
2016-02-16 13.27 13.37 12.71 12.71
2016-03-07 12.59 12.62 12.05 12.05
2016-03-14 12.49 12.7 12.15 12.15
2016-03-18 13.07 13.2 12.61 12.61
2016-03-21 13.32 13.46 13.15 13.15
2016-06-02 13.72 13.76 13.62 13.62
2016-06-06 13.76 13.97 13.67 13.67
2016-10-11 13.69 13.89 13.19 13.19
2016-10-18 13.51 13.55 13.28 13.28
2016-12-26 14.5 14.5 13.9 13.9
2016-12-30 14.59 15.2 14.1 14.1
2017-06-07 9.56 9.6 9.4 9.4
2017-06-14 9.48 9.56 9.42 9.42
2017-06-16 10.69 10.69 9.71 9.71
