2000-08-30 18.9 19.4 18.75 18.75
2000-09-27 18.28 18.35 17.83 17.83
2000-11-28 20.97 21.0 20.53 20.53
2000-12-01 20.71 20.9 20.61 20.61
2000-12-18 21.84 21.88 21.0 21.0
2000-12-20 23.12 23.8 21.66 21.66
2001-02-13 19.55 19.85 19.35 19.35
2001-03-02 19.82 19.84 19.6 19.6
2001-03-08 19.64 19.65 19.38 19.38
2001-03-13 19.79 19.85 19.59 19.59
2001-03-19 20.16 20.22 19.89 19.89
2001-03-22 20.54 20.75 20.48 20.48
2001-03-27 20.96 21.04 20.3 20.3
2001-04-12 20.29 20.55 20.07 20.07
2001-05-10 20.28 20.35 20.14 20.14
2001-05-14 21.04 21.05 20.4 20.4
2001-05-18 21.0 21.14 20.7 20.7
2001-05-24 20.75 20.96 20.57 20.57
2001-05-25 20.4 20.66 20.36 20.36
2001-05-29 20.37 20.4 20.15 20.15
2001-05-30 20.65 20.7 20.3 20.3
2001-06-04 21.04 21.08 20.7 20.7
2001-06-06 21.2 21.35 21.0 21.0
2001-06-11 21.6 21.8 21.13 21.13
2001-07-20 21.0 21.0 20.8 20.8
2001-08-07 17.8 18.06 17.2 17.2
2001-08-09 17.86 17.98 17.37 17.37
2001-09-05 16.87 17.3 16.75 16.75
2001-09-13 16.78 16.93 16.72 16.72
2001-09-18 16.3 16.78 16.06 16.06
2001-09-24 16.52 16.58 16.4 16.4
2001-09-25 16.6 16.8 16.5 16.5
2001-12-03 15.38 15.59 15.31 15.31
2001-12-18 14.52 14.55 14.2 14.2
2001-12-21 14.15 14.2 14.0 14.0
2001-12-25 13.88 14.1 13.7 13.7
2001-12-31 14.27 14.48 14.11 14.11
2002-01-23 12.17 12.2 11.1 11.1
2002-01-31 12.62 12.76 11.75 11.75
2002-02-07 13.06 13.25 12.45 12.45
2002-04-16 13.55 13.81 13.4 13.4
2002-04-17 13.65 13.79 13.5 13.5
2002-04-23 13.37 13.55 13.33 13.33
2002-08-20 12.32 12.37 12.1 12.1
2002-08-22 12.62 12.78 12.28 12.28
2002-09-09 12.41 12.45 12.3 12.3
2002-09-11 12.89 12.97 12.6 12.6
2002-10-15 12.29 12.4 12.2 12.2
2002-10-22 12.56 12.59 12.32 12.32
2002-10-28 12.1 12.25 12.1 12.1
2002-11-05 12.56 12.6 12.23 12.23
2002-12-18 11.08 11.18 11.03 11.03
2002-12-19 11.09 11.19 10.97 10.97
2002-12-20 11.25 11.32 11.01 11.01
2003-01-08 10.34 10.41 10.0 10.0
2003-01-09 10.58 10.6 10.29 10.29
2003-02-17 11.35 11.5 11.3 11.3
2003-02-24 11.06 11.17 11.02 11.02
2003-02-25 11.34 11.38 11.1 11.1
2003-04-04 10.67 10.73 10.5 10.5
2003-04-09 10.54 10.59 10.3 10.3
2003-05-12 10.0 10.26 10.0 10.0
2003-06-23 9.8 9.86 9.73 9.73
2003-07-08 9.76 9.97 9.61 9.61
2003-07-10 9.73 9.77 9.53 9.53
2003-07-14 9.39 9.67 8.9 8.9
2003-07-15 9.45 9.55 9.3 9.3
2003-07-23 9.15 9.2 9.0 9.0
2003-07-24 9.08 9.15 9.05 9.05
2003-07-29 8.9 8.99 8.9 8.9
2003-08-12 9.14 9.15 8.98 8.98
2003-08-19 9.1 9.15 9.05 9.05
2003-08-20 9.23 9.24 9.1 9.1
2003-08-26 8.81 9.0 8.7 8.7
2003-09-02 9.02 9.15 8.9 8.9
2003-10-10 8.28 8.31 8.06 8.06
2003-11-20 7.72 7.75 7.22 7.22
2003-11-24 7.69 7.78 7.48 7.48
2004-01-08 7.73 7.78 7.38 7.38
2004-01-13 7.73 7.78 7.52 7.52
2004-01-14 7.87 8.02 7.77 7.77
2004-03-26 8.84 8.95 8.71 8.71
2004-03-31 8.96 9.08 8.76 8.76
2004-04-20 9.25 9.4 9.2 9.2
2004-07-01 7.48 7.48 7.27 7.27
2004-07-06 7.39 7.42 7.33 7.33
2004-07-23 6.6 6.6 6.46 6.46
2004-07-27 6.54 6.59 6.48 6.48
2004-07-28 6.68 6.68 6.58 6.58
2004-08-04 5.91 5.96 5.73 5.73
2004-08-09 5.98 5.99 5.77 5.77
2004-08-10 6.58 6.58 6.1 6.1
2004-08-24 5.97 6.03 5.83 5.83
2004-08-31 6.17 6.26 6.0 6.0
2004-09-14 5.98 6.17 5.75 5.75
2004-09-16 6.29 6.43 6.25 6.25
2004-09-20 6.77 6.89 6.52 6.52
2004-11-18 6.19 6.2 6.06 6.06
2004-11-22 6.36 6.42 6.2 6.2
2004-11-26 6.17 6.23 6.11 6.11
2004-11-30 6.25 6.25 6.05 6.05
2005-01-27 5.37 5.41 5.33 5.33
2005-02-01 4.91 5.09 4.9 4.9
2005-02-16 5.2 5.27 5.12 5.12
2005-02-21 5.2 5.26 5.14 5.14
2005-02-22 5.35 5.37 5.2 5.2
2005-03-21 5.35 5.39 5.3 5.3
2005-03-25 5.42 5.53 5.36 5.36
2005-03-29 5.26 5.34 5.18 5.18
2005-04-01 5.4 5.55 5.09 5.09
2005-04-06 5.35 5.38 5.2 5.2
2005-04-07 5.42 5.52 5.36 5.36
2005-04-13 5.56 5.64 5.44 5.44
2005-04-28 4.88 4.89 4.7 4.7
2005-05-11 4.8 4.8 4.67 4.67
2005-05-13 4.86 4.86 4.7 4.7
2005-06-08 4.92 4.98 4.58 4.58
2005-07-13 4.33 4.41 4.32 4.32
2005-08-03 4.48 4.6 4.46 4.46
2005-08-05 4.58 4.59 4.37 4.37
2005-08-11 4.82 4.84 4.69 4.69
2005-11-18 4.95 4.98 4.8 4.8
2005-12-29 5.08 5.08 5.02 5.02
2007-02-16 7.24 7.48 7.18 7.18
2007-03-02 6.93 6.96 6.76 6.76
2007-03-08 7.44 7.48 7.21 7.21
2007-03-15 7.89 7.93 7.48 7.48
2007-04-20 10.82 10.97 10.34 10.34
2007-04-23 11.24 11.3 10.85 10.85
2007-05-28 13.24 13.26 12.78 12.78
2007-09-03 15.33 15.33 15.33 15.33
2007-09-04 16.86 16.86 16.86 16.86
2007-09-05 18.55 18.55 18.55 18.55
2007-09-06 20.41 20.41 20.41 20.41
2008-01-24 19.13 19.17 18.05 18.05
2008-01-29 19.55 19.55 17.8 17.8
2008-02-04 19.58 19.63 18.55 18.55
2008-06-02 12.51 12.74 12.12 12.12
2008-06-06 12.22 12.37 12.11 12.11
2008-07-31 13.62 13.75 13.1 13.1
2009-01-09 7.7 7.76 7.51 7.51
2009-01-13 7.95 8.08 7.8 7.8
2009-01-14 8.38 8.54 7.97 7.97
2009-01-22 8.45 8.6 8.3 8.3
2009-05-04 12.26 12.27 11.61 11.61
2009-06-10 15.36 15.37 14.4 14.4
2009-06-12 15.21 15.9 14.9 14.9
2009-07-02 15.95 16.14 15.7 15.7
2009-07-20 17.09 17.66 16.88 16.88
2009-07-22 16.96 17.25 16.4 16.4
2010-01-12 17.5 17.55 16.72 16.72
2010-01-14 17.71 17.84 17.35 17.35
2010-01-18 18.63 18.68 18.0 18.0
2010-03-29 18.16 18.4 18.03 18.03
2010-04-02 19.63 20.0 18.42 18.42
2010-06-03 11.62 11.96 11.5 11.5
2010-07-12 9.62 9.85 9.49 9.49
2010-07-19 10.16 10.25 9.71 9.71
2010-11-04 15.76 15.87 15.41 15.41
2010-11-25 15.02 15.02 14.75 14.75
2012-04-13 10.06 10.15 9.8 9.8
2012-11-12 4.87 4.96 4.68 4.68
2013-01-28 5.94 6.1 5.55 5.55
2013-11-20 8.29 8.43 8.14 8.14
2013-11-26 7.83 7.94 7.8 7.8
2013-12-06 7.96 8.12 7.77 7.77
2014-04-08 6.76 6.77 6.67 6.67
2014-04-09 6.81 6.88 6.75 6.75
2014-04-10 6.88 6.89 6.77 6.77
2014-06-05 6.79 6.8 6.66 6.66
2014-07-10 6.45 6.49 6.41 6.41
2014-07-30 7.46 7.55 7.12 7.12
2014-08-11 7.53 7.65 7.46 7.46
2014-09-24 7.5 7.51 7.41 7.41
2014-09-29 7.55 7.59 7.48 7.48
2014-11-27 8.35 8.51 8.02 8.02
2014-12-04 8.82 9.1 8.67 8.67
2015-05-25 13.59 13.79 13.1 13.1
2015-10-13 11.81 11.81 11.81 11.81
2015-10-14 10.63 10.63 10.63 10.63
2015-10-15 9.92 10.05 9.57 9.57
2016-10-25 6.96 6.98 6.69 6.69
