1997-06-13 11.07 11.2 10.0 10.0
1997-06-20 10.46 10.6 10.12 10.12
1997-07-30 8.59 8.63 8.36 8.36
1997-08-21 7.4 7.5 7.1 7.1
1997-08-26 7.31 7.38 7.2 7.2
1997-09-10 8.12 8.15 7.8 7.8
1997-09-24 7.14 7.21 6.9 6.9
1997-10-07 7.04 7.05 6.95 6.95
1997-11-10 8.34 8.68 8.2 8.2
1997-11-24 8.95 9.25 8.9 8.9
1997-12-17 8.8 9.18 8.35 8.35
1997-12-19 9.38 9.48 8.88 8.88
1997-12-30 10.76 10.92 10.3 10.3
1998-02-11 8.96 8.98 8.7 8.7
1998-03-04 8.1 8.12 7.9 7.9
1998-03-09 8.19 8.27 8.08 8.08
1998-03-17 7.88 7.98 7.82 7.82
1998-03-18 8.67 8.67 7.98 7.98
1998-04-02 8.54 8.8 8.42 8.42
1998-04-03 9.04 9.2 8.55 8.55
1998-04-06 9.4 9.68 9.2 9.2
1998-04-15 8.75 8.92 8.6 8.6
1998-04-21 8.3 8.39 8.1 8.1
1998-04-22 8.64 8.68 8.3 8.3
1998-05-04 7.83 7.83 7.83 7.83
1998-05-05 7.44 7.44 7.44 7.44
1998-05-06 7.35 7.4 7.07 7.07
1998-05-22 6.81 6.88 6.65 6.65
1998-06-11 5.34 5.34 5.34 5.34
1998-06-12 5.54 5.58 5.07 5.07
1998-06-15 5.26 5.46 5.26 5.26
1998-06-16 5.07 5.2 5.0 5.0
1998-06-17 5.15 5.3 5.1 5.1
1998-06-22 5.32 5.44 5.22 5.22
1998-07-17 5.58 5.66 5.5 5.5
1998-07-20 5.73 5.79 5.52 5.52
1998-07-28 5.66 5.68 5.53 5.53
1998-08-05 5.99 6.04 5.82 5.82
1998-08-18 4.65 4.78 4.65 4.65
1998-09-07 4.8 4.98 4.59 4.59
1998-09-15 5.21 5.35 5.15 5.15
1998-09-16 5.47 5.47 5.22 5.22
1998-09-23 5.6 5.72 5.55 5.55
1998-09-25 5.29 5.4 5.1 5.1
1998-11-18 7.5 7.57 7.18 7.18
1998-11-23 7.13 7.13 7.13 7.13
1998-11-24 6.77 6.77 6.77 6.77
1998-11-25 6.43 6.43 6.43 6.43
1998-11-26 6.25 6.5 6.11 6.11
1998-11-30 6.89 6.89 6.89 6.89
1998-12-18 6.24 6.4 6.1 6.1
1998-12-21 6.49 6.55 6.25 6.25
1999-01-06 5.48 5.65 5.4 5.4
1999-01-28 5.74 5.8 5.62 5.62
1999-02-02 5.6 5.7 5.5 5.5
1999-02-03 5.68 5.69 5.55 5.55
1999-03-01 5.83 5.83 5.8 5.8
1999-03-02 6.12 6.12 6.12 6.12
1999-03-19 7.13 7.2 7.01 7.01
1999-03-23 7.12 7.15 6.9 6.9
1999-04-08 7.34 7.34 7.05 7.05
1999-04-14 7.18 7.18 7.18 7.18
1999-04-28 6.35 6.67 6.18 6.18
1999-05-04 6.7 6.8 6.66 6.66
1999-05-31 5.88 6.18 5.88 5.88
1999-06-01 5.98 6.08 5.66 5.66
1999-06-09 6.03 6.03 5.8 5.8
1999-06-11 6.65 6.65 6.42 6.42
1999-06-29 6.65 6.65 6.65 6.65
1999-07-07 6.8 6.99 6.75 6.75
1999-08-09 8.32 8.55 8.2 8.2
1999-08-16 8.56 8.56 8.1 8.1
1999-08-18 8.59 8.87 8.52 8.52
1999-08-20 8.33 8.53 7.92 7.92
1999-08-23 8.75 8.75 8.35 8.35
1999-09-09 9.23 9.23 8.85 8.85
1999-10-13 8.25 8.46 8.19 8.19
1999-10-26 7.74 7.95 7.58 7.58
1999-11-23 7.31 7.38 7.18 7.18
1999-12-01 6.88 7.0 6.6 6.6
1999-12-10 6.68 6.72 6.53 6.53
2000-01-26 5.38 5.38 5.15 5.15
2000-01-28 5.05 5.12 4.93 4.93
2000-03-01 6.09 6.09 6.09 6.09
2000-03-23 7.28 7.28 7.2 7.2
2000-04-06 7.35 7.35 7.35 7.35
2000-04-07 7.72 7.72 7.72 7.72
2000-05-12 6.76 6.76 6.76 6.76
2000-05-19 6.42 6.42 6.42 6.42
2000-06-02 6.1 6.1 6.1 6.1
2000-06-09 5.8 5.8 5.8 5.8
2000-06-16 5.51 5.51 5.51 5.51
2000-06-23 5.0 5.0 5.0 5.0
2000-06-30 5.25 5.25 5.25 5.25
2000-07-07 5.51 5.51 5.51 5.51
2000-07-14 5.79 5.79 5.79 5.79
2000-07-21 6.08 6.08 6.08 6.08
2000-07-28 6.38 6.38 6.38 6.38
2000-08-04 6.7 6.7 6.7 6.7
2000-08-11 7.04 7.04 7.04 7.04
2000-08-18 7.39 7.39 7.39 7.39
2000-08-25 7.5 7.5 7.5 7.5
2000-09-01 6.99 6.99 6.99 6.99
2000-09-08 6.5 6.5 6.5 6.5
2000-09-15 6.5 6.5 6.5 6.5
2000-09-22 6.45 6.45 6.45 6.45
2000-09-29 6.39 6.39 6.39 6.39
2000-10-13 6.3 6.3 6.3 6.3
2000-10-20 6.3 6.3 6.3 6.3
2000-10-27 6.62 6.62 6.62 6.62
2000-11-03 6.95 6.95 6.95 6.95
2000-11-10 7.3 7.3 7.3 7.3
2000-11-17 7.66 7.66 7.66 7.66
2000-11-24 7.69 7.69 7.69 7.69
2000-12-01 7.69 7.69 7.69 7.69
2000-12-08 7.69 7.69 7.69 7.69
2000-12-22 7.5 7.5 7.5 7.5
2000-12-29 7.2 7.2 7.2 7.2
2001-01-05 7.02 7.02 7.02 7.02
2001-01-12 7.37 7.37 7.37 7.37
2001-01-19 7.74 7.74 7.74 7.74
2001-02-16 7.0 7.0 7.0 7.0
2001-02-23 5.0 5.0 5.0 5.0
2001-03-02 5.0 5.0 5.0 5.0
2001-03-09 5.25 5.25 5.25 5.25
2001-03-16 5.51 5.51 5.51 5.51
2001-03-23 5.79 5.79 5.79 5.79
2001-03-30 6.08 6.08 6.08 6.08
2001-04-06 6.38 6.38 6.38 6.38
2001-04-13 6.7 6.7 6.7 6.7
2001-04-27 7.04 7.04 7.04 7.04
2001-05-18 7.39 7.39 7.39 7.39
2001-05-25 7.76 7.76 7.76 7.76
2001-06-01 8.15 8.15 8.15 8.15
2001-06-08 8.06 8.06 8.06 8.06
2001-06-15 7.98 7.98 7.98 7.98
2001-06-22 7.8 7.8 7.8 7.8
2001-06-29 7.6 7.6 7.6 7.6
2001-07-06 7.85 7.85 7.85 7.85
2001-07-13 8.0 8.0 8.0 8.0
2001-07-20 7.98 7.98 7.98 7.98
2001-07-27 7.03 7.03 7.03 7.03
2001-08-03 6.45 6.45 6.45 6.45
2001-08-10 6.76 6.76 6.76 6.76
2001-08-17 6.98 6.98 6.98 6.98
2001-08-24 6.8 6.8 6.8 6.8
2001-09-07 6.7 6.7 6.7 6.7
2001-09-14 5.8 5.8 5.8 5.8
2001-09-21 5.48 5.48 5.48 5.48
2001-09-28 5.0 5.0 5.0 5.0
2001-10-12 4.95 4.95 4.95 4.95
2001-10-19 5.0 5.0 5.0 5.0
2001-10-26 5.25 5.25 5.25 5.25
2001-11-02 5.51 5.51 5.51 5.51
2001-11-09 5.74 5.74 5.74 5.74
2001-11-16 5.49 5.49 5.49 5.49
2001-11-23 5.06 5.06 5.06 5.06
2001-11-30 5.3 5.3 5.3 5.3
2001-12-07 5.14 5.14 5.14 5.14
2001-12-14 5.14 5.14 5.14 5.14
2001-12-21 5.1 5.1 5.1 5.1
2001-12-28 5.36 5.36 5.36 5.36
2006-10-12 3.57 3.64 3.52 3.52
2006-11-17 2.89 2.89 2.89 2.89
2006-11-27 3.03 3.03 2.75 2.75
2006-11-30 3.19 3.22 3.04 3.04
2006-12-01 3.35 3.35 3.2 3.2
2007-01-22 3.22 3.22 3.1 3.1
2007-02-06 3.18 3.18 3.03 3.03
2007-03-01 4.15 4.15 3.99 3.99
2007-03-07 4.05 4.11 3.93 3.93
2007-03-13 4.69 4.69 4.57 4.57
2007-03-20 5.06 5.13 4.9 4.9
2007-03-22 5.45 5.45 5.1 5.1
2007-04-16 6.8 6.8 6.57 6.57
2007-04-18 7.5 7.5 7.3 7.3
2007-04-26 8.36 8.36 7.97 7.97
2007-05-21 11.3 11.3 10.23 10.23
2007-05-30 11.53 11.99 11.53 11.53
2007-05-31 10.95 10.95 10.95 10.95
2007-06-01 10.4 10.4 10.4 10.4
2007-06-04 9.88 9.88 9.88 9.88
2007-06-05 9.39 9.39 9.39 9.39
2007-06-06 9.86 9.86 8.92 8.92
2007-07-05 7.94 8.1 7.94 7.94
2007-07-06 7.71 8.12 7.54 7.54
2007-10-25 9.27 10.25 9.27 9.27
2007-10-26 8.81 8.81 8.81 8.81
2007-10-29 8.37 8.37 8.37 8.37
2007-10-30 7.95 8.34 7.95 7.95
2007-10-31 7.96 8.16 7.57 7.57
2007-11-23 6.9 6.93 6.53 6.53
2007-11-28 6.92 7.02 6.8 6.8
2007-12-13 8.22 8.22 7.44 7.44
2007-12-14 8.63 8.63 8.63 8.63
2007-12-24 9.32 9.32 8.9 8.9
2007-12-26 9.8 9.8 9.48 9.48
2008-01-23 9.04 9.28 8.84 8.84
2008-02-18 9.04 9.04 8.7 8.7
2008-03-11 7.94 8.2 7.94 7.94
2008-03-20 7.18 7.26 6.65 6.65
2008-06-30 5.75 6.0 5.75 5.75
2008-07-01 5.46 5.56 5.46 5.46
2008-07-10 5.96 6.17 5.88 5.88
2008-07-21 6.14 6.15 5.81 5.81
2008-08-01 6.54 6.54 6.2 6.2
2008-09-12 3.69 3.69 3.61 3.61
2008-09-19 3.82 3.82 3.82 3.82
2008-10-16 3.01 3.05 3.01 3.01
2008-10-24 2.88 2.92 2.84 2.84
2008-11-05 2.54 2.62 2.5 2.5
2008-11-07 2.36 2.41 2.3 2.3
2008-11-14 2.76 2.78 2.53 2.53
2008-11-26 2.46 2.47 2.31 2.31
2008-12-02 2.36 2.39 2.22 2.22
2008-12-03 2.48 2.48 2.36 2.36
2008-12-11 3.03 3.03 2.89 2.89
2009-01-06 3.01 3.02 2.88 2.88
2009-02-02 3.32 3.32 3.16 3.16
2009-02-05 3.71 3.71 3.54 3.54
2009-02-06 3.89 3.89 3.65 3.65
2009-03-02 3.57 3.65 3.49 3.49
2009-03-05 3.9 3.97 3.81 3.81
2009-03-19 4.47 4.47 4.23 4.23
2009-03-30 4.81 4.81 4.7 4.7
2009-04-10 4.83 4.83 4.6 4.6
2009-04-13 5.07 5.07 4.85 4.85
2009-04-15 5.42 5.42 5.02 5.02
2009-04-20 5.52 5.52 5.2 5.2
2009-04-24 5.61 5.61 5.3 5.3
2009-04-29 5.34 5.34 5.09 5.09
2009-04-30 5.49 5.59 5.2 5.2
2009-05-04 5.76 5.76 5.41 5.41
2009-05-13 6.09 6.23 6.01 6.01
2009-05-15 5.98 6.06 5.91 5.91
2009-05-22 6.04 6.21 6.02 6.02
2009-05-26 5.93 6.09 5.79 5.79
2009-05-27 5.98 6.07 5.93 5.93
2009-07-03 6.89 6.97 6.6 6.6
2009-07-09 6.96 7.08 6.86 6.86
2009-08-21 5.54 5.54 5.37 5.37
2009-08-25 5.91 6.08 5.55 5.55
2009-09-02 5.74 5.74 5.33 5.33
2009-09-03 5.95 6.02 5.75 5.75
2009-09-11 5.85 5.96 5.8 5.8
2009-09-14 5.94 5.97 5.75 5.75
2009-09-16 6.32 6.32 6.02 6.02
2009-10-09 6.12 6.15 5.87 5.87
2009-10-14 6.59 6.59 6.29 6.29
2009-10-19 7.09 7.15 6.88 6.88
2009-11-30 8.27 8.27 7.9 7.9
2009-12-21 8.1 8.15 7.99 7.99
2009-12-24 8.19 8.2 8.01 8.01
2010-02-08 7.56 7.63 7.2 7.2
2010-03-24 8.37 8.38 8.26 8.26
2010-03-26 8.75 8.98 8.5 8.5
2010-04-09 9.35 9.4 8.94 8.94
2010-04-12 9.42 9.5 9.29 9.29
2010-06-03 6.54 6.64 6.51 6.51
2010-06-08 6.33 6.37 6.25 6.25
2010-06-21 6.44 6.46 6.13 6.13
2010-06-24 6.46 6.51 6.42 6.42
2010-06-30 6.18 6.21 6.18 6.18
2010-07-07 5.98 5.98 5.8 5.8
2010-07-09 6.0 6.01 5.81 5.81
2010-07-20 6.12 6.14 6.0 6.0
2010-08-04 6.96 6.99 6.63 6.63
2010-08-16 6.91 6.93 6.79 6.79
2010-08-26 7.03 7.04 6.9 6.9
2010-08-30 7.28 7.37 7.21 7.21
2010-09-13 7.31 7.34 7.03 7.03
2010-10-12 7.27 7.3 7.04 7.04
2010-11-03 7.79 7.94 7.58 7.58
2010-11-05 7.89 8.06 7.81 7.81
2010-11-08 8.0 8.01 7.85 7.85
2010-12-03 7.23 7.25 7.09 7.09
2010-12-14 7.36 7.4 7.22 7.22
2011-01-17 6.67 6.86 6.5 6.5
2011-01-21 6.76 6.88 6.65 6.65
2011-02-09 6.56 6.62 6.41 6.41
2011-02-14 6.71 6.73 6.6 6.6
2011-02-21 6.88 6.89 6.77 6.77
2011-02-24 6.75 6.8 6.7 6.7
2011-03-04 7.31 7.5 7.21 7.21
2011-03-07 7.36 7.44 7.31 7.31
2011-03-08 7.46 7.65 7.36 7.36
2011-03-11 7.45 7.55 7.37 7.37
2011-03-18 8.0 8.13 7.96 7.96
2011-03-23 8.04 8.15 8.0 8.0
2011-03-29 8.16 8.33 8.03 8.03
2011-08-05 7.7 7.84 7.62 7.62
2011-09-06 7.26 7.34 7.11 7.11
2011-10-17 7.46 7.55 7.32 7.32
2011-10-19 7.4 7.52 7.33 7.33
2011-11-18 7.59 7.76 7.39 7.39
2011-12-12 5.34 5.42 5.26 5.26
2012-01-06 4.2 4.25 3.93 3.93
2012-01-31 4.81 4.88 4.65 4.65
2012-02-03 4.99 4.99 4.75 4.75
2012-03-05 5.46 5.53 5.42 5.42
2012-03-09 5.56 5.57 5.38 5.38
2012-03-16 5.42 5.42 5.16 5.16
2012-04-06 5.65 5.86 5.52 5.52
2012-04-12 5.81 5.88 5.69 5.69
2012-05-02 5.02 5.04 5.02 5.02
2012-05-03 4.77 4.77 4.77 4.77
2012-05-07 4.9 4.9 4.61 4.61
2012-05-17 4.81 4.84 4.75 4.75
2012-05-23 4.77 4.86 4.7 4.7
2012-06-05 4.58 4.58 4.46 4.46
2012-06-11 4.71 4.78 4.62 4.62
2012-06-12 4.85 4.95 4.67 4.67
2012-06-18 5.02 5.07 4.9 4.9
2012-06-27 5.23 5.23 5.0 5.0
2012-07-23 5.22 5.25 5.13 5.13
2012-07-30 4.71 4.71 4.71 4.71
2012-07-31 4.47 4.47 4.47 4.47
2012-08-01 4.25 4.25 4.25 4.25
2012-08-02 4.04 4.2 4.04 4.04
2012-08-07 4.36 4.36 4.11 4.11
2012-08-27 4.57 4.59 4.42 4.42
2012-09-04 4.36 4.42 4.32 4.32
2012-09-19 4.43 4.45 4.39 4.39
2012-09-21 4.33 4.4 4.24 4.24
2012-09-25 4.44 4.51 4.33 4.33
2012-10-09 4.57 4.62 4.53 4.53
2012-10-18 4.71 4.74 4.6 4.6
2012-10-31 4.71 4.77 4.63 4.63
2012-11-01 4.72 4.78 4.69 4.69
2012-11-20 4.72 4.73 4.64 4.64
2012-11-21 4.8 4.88 4.69 4.69
2012-11-30 4.5 4.52 4.41 4.41
2012-12-03 4.47 4.52 4.35 4.35
2012-12-05 4.51 4.56 4.38 4.38
2012-12-10 4.67 4.72 4.64 4.64
2012-12-14 4.8 4.86 4.66 4.66
2013-02-05 5.67 5.86 5.43 5.43
2013-02-07 5.63 5.65 5.53 5.53
2013-02-21 6.2 6.2 5.61 5.61
2013-02-25 6.11 6.21 5.92 5.92
2013-02-27 6.38 6.39 6.01 6.01
2013-03-05 6.58 6.7 6.43 6.43
2013-03-20 6.23 6.25 6.03 6.03
2013-03-21 6.44 6.63 6.24 6.24
2013-04-18 5.64 5.73 5.6 5.6
2013-04-19 5.72 5.76 5.64 5.64
2013-05-03 5.78 5.83 5.71 5.71
2013-05-06 5.92 5.94 5.75 5.75
2013-05-15 5.84 5.85 5.73 5.73
2013-05-17 6.46 6.46 5.85 5.85
2013-07-04 6.17 6.27 6.1 6.1
2013-07-09 6.07 6.09 5.91 5.91
2013-07-31 6.29 6.3 6.08 6.08
2013-09-10 6.92 6.98 6.82 6.82
2013-09-27 7.43 7.53 7.25 7.25
2013-10-18 7.84 8.21 7.49 7.49
2013-10-21 8.02 8.16 7.78 7.78
2013-10-25 7.82 8.17 7.55 7.55
2013-10-28 8.02 8.19 7.7 7.7
2013-11-04 8.37 8.48 8.12 8.12
2013-11-11 8.17 8.19 7.74 7.74
2013-12-06 7.45 7.5 7.36 7.36
2013-12-31 7.02 7.24 6.99 6.99
2014-01-14 6.88 7.13 6.71 6.71
2014-01-27 6.98 7.22 6.83 6.83
2014-02-12 7.33 7.36 7.21 7.21
2014-02-19 7.34 7.45 7.3 7.3
2014-02-28 7.0 7.02 6.7 6.7
2014-03-13 7.12 7.2 7.01 7.01
2014-03-14 7.11 7.15 7.01 7.01
2014-03-19 7.21 7.27 7.02 7.02
2014-05-05 7.01 7.01 6.81 6.81
2014-05-08 6.86 6.92 6.73 6.73
2014-05-16 6.78 6.87 6.76 6.76
2014-05-26 6.75 6.84 6.63 6.63
2014-05-28 6.81 6.87 6.72 6.72
2014-05-30 6.83 6.87 6.77 6.77
2014-06-16 6.97 7.02 6.9 6.9
2014-06-18 6.92 7.0 6.88 6.88
2014-07-02 7.23 7.3 7.12 7.12
2014-07-15 7.5 7.65 7.14 7.14
2014-07-29 7.3 7.35 7.23 7.23
2014-08-22 8.21 8.32 8.15 8.15
2014-08-29 8.16 8.25 8.06 8.06
2014-09-01 8.43 8.46 8.11 8.11
2014-10-15 10.42 10.49 10.18 10.18
2014-10-20 10.21 10.42 9.98 9.98
2014-10-24 9.87 10.05 9.8 9.8
2014-12-11 10.2 10.35 10.0 10.0
2014-12-16 11.61 12.2 11.15 11.15
2014-12-31 10.61 10.65 10.44 10.44
2015-01-07 11.3 11.47 10.98 10.98
2015-05-29 12.87 12.87 12.87 12.87
2015-06-01 14.16 14.16 14.16 14.16
2015-06-02 15.58 15.58 15.58 15.58
2015-06-03 17.14 17.14 17.14 17.14
2015-06-24 17.25 17.45 16.53 16.53
2015-07-08 8.03 8.03 8.03 8.03
2015-07-09 8.83 8.83 7.23 7.23
2015-08-20 14.56 15.2 14.0 14.0
2015-08-25 10.98 11.15 10.98 10.98
2015-08-28 11.51 11.51 10.51 10.51
2015-09-16 11.31 11.58 10.23 10.23
2015-09-28 11.73 11.8 10.78 10.78
2015-10-15 14.08 14.2 13.75 13.75
2015-10-16 15.21 15.38 14.05 14.05
2015-10-20 15.0 15.45 14.8 14.8
2015-11-16 17.03 17.03 17.03 17.03
2015-11-17 18.73 18.73 18.73 18.73
2015-11-23 20.39 21.05 19.59 19.59
2016-01-19 17.26 17.36 15.65 15.65
2016-02-15 18.55 18.87 17.92 17.92
2016-03-15 20.31 20.7 18.62 18.62
2016-04-11 20.85 21.5 20.66 20.66
2016-05-27 20.64 20.7 19.59 19.59
2016-06-14 18.5 18.78 18.16 18.16
2016-08-02 19.5 19.7 18.78 18.78
2016-08-10 19.19 19.35 19.08 19.08
2016-08-26 19.28 19.47 19.07 19.07
2016-08-29 19.48 19.6 19.24 19.24
2016-09-05 19.43 19.52 19.15 19.15
2016-10-19 21.26 21.45 21.16 21.16
2016-10-24 21.24 21.34 21.05 21.05
2016-11-18 24.91 25.23 24.26 24.26
2016-12-05 22.93 23.17 22.54 22.54
2016-12-06 23.05 23.48 22.79 22.79
2016-12-20 23.98 24.0 23.02 23.02
2017-01-18 22.41 22.58 21.95 21.95
2017-02-08 22.84 22.87 22.44 22.44
2017-02-16 23.07 23.3 23.0 23.0
2017-02-22 21.3 21.35 21.0 21.0
2017-04-25 14.11 14.32 13.6 13.6
2017-06-15 12.92 13.2 12.41 12.41
2017-07-19 15.97 15.97 15.97 15.97
2017-07-20 17.57 17.57 17.57 17.57
2017-07-27 16.32 16.49 15.91 15.91
2017-08-01 16.64 16.84 16.45 16.45
2017-08-08 16.33 16.62 15.7 15.7
