2000-03-09 10.08 10.7 7.13 7.13
2000-03-17 8.65 8.85 8.35 8.35
2000-04-05 9.7 9.79 9.5 9.5
2000-05-24 9.26 9.48 9.18 9.18
2000-05-25 9.52 9.55 9.28 9.28
2000-06-06 9.85 9.96 9.6 9.6
2000-07-05 11.13 11.47 11.01 11.01
2000-07-10 11.85 12.0 11.0 11.0
2000-07-27 11.2 11.56 11.03 11.03
2000-08-03 11.48 11.52 11.3 11.3
2000-09-07 10.05 10.15 9.9 9.9
2000-09-26 9.46 9.55 9.3 9.3
2000-09-29 9.56 9.6 9.34 9.34
2000-10-16 9.85 9.94 9.75 9.75
2000-10-17 10.22 10.35 9.9 9.9
2000-10-18 10.23 10.3 10.08 10.08
2000-10-19 10.28 10.45 10.2 10.2
2000-11-01 10.14 10.16 10.0 10.0
2000-11-23 11.29 11.35 11.12 11.12
2000-11-28 11.2 11.2 10.92 10.92
2000-11-30 11.05 11.22 10.9 10.9
2000-12-20 10.83 10.85 10.6 10.6
2000-12-25 10.77 10.9 10.72 10.72
2000-12-26 11.12 11.16 10.8 10.8
2000-12-27 11.17 11.27 11.15 11.15
2000-12-29 11.27 11.32 11.2 11.2
2001-01-11 11.93 12.15 11.8 11.8
2001-01-19 11.37 11.4 11.3 11.3
2001-02-23 10.89 10.89 10.7 10.7
2001-03-26 11.49 11.59 11.3 11.3
2001-03-27 11.81 11.85 11.5 11.5
2001-04-20 12.32 12.8 12.3 12.3
2001-04-23 12.59 12.6 12.35 12.35
2001-05-08 12.04 12.05 11.78 11.78
2001-05-14 12.22 12.32 12.03 12.03
2001-05-16 12.29 12.39 12.25 12.25
2001-05-29 12.06 12.18 11.81 11.81
2001-05-30 12.28 12.32 12.06 12.06
2001-06-04 12.46 12.55 12.36 12.36
2001-06-12 12.92 12.95 12.68 12.68
2001-06-21 12.62 12.65 12.4 12.4
2001-06-25 12.88 12.91 12.7 12.7
2001-06-28 13.68 13.8 13.01 13.01
2001-07-10 13.23 13.28 12.99 12.99
2001-08-01 11.88 11.9 11.4 11.4
2001-08-20 11.7 11.8 11.4 11.4
2001-08-30 10.6 10.8 10.6 10.6
2001-09-04 10.69 10.7 10.37 10.37
2001-09-05 10.75 11.0 10.7 10.7
2001-09-06 10.77 10.95 10.62 10.62
2001-10-09 9.46 9.55 9.3 9.3
2001-10-15 8.98 9.1 8.8 8.8
2001-10-18 8.52 8.72 8.5 8.5
2001-11-14 8.7 8.83 8.65 8.65
2001-11-20 9.57 9.67 9.33 9.33
2001-11-27 9.68 9.68 9.45 9.45
2001-12-06 9.82 9.88 9.7 9.7
2001-12-12 9.53 9.69 9.51 9.51
2002-01-23 7.08 7.08 6.4 6.4
2002-01-25 7.3 7.45 7.11 7.11
2002-01-31 7.81 7.9 7.3 7.3
2002-02-07 7.98 8.01 7.57 7.57
2002-03-04 8.24 8.25 7.82 7.82
2002-03-19 8.85 8.9 8.44 8.44
2002-03-20 9.13 9.22 8.88 8.88
2002-04-22 9.12 9.21 9.03 9.03
2002-04-24 9.24 9.34 9.11 9.11
2002-06-14 8.6 8.85 8.6 8.6
2002-06-18 8.82 8.88 8.62 8.62
2002-06-20 8.69 8.85 8.66 8.66
2002-06-21 9.01 9.04 8.7 8.7
2002-07-02 9.6 9.62 9.42 9.42
2002-07-05 9.66 9.67 9.53 9.53
2002-07-11 9.26 9.34 9.24 9.24
2002-07-23 9.49 9.54 9.35 9.35
2002-08-01 9.17 9.29 9.07 9.07
2002-08-06 9.15 9.23 9.06 9.06
2002-08-13 8.85 8.95 8.84 8.84
2002-08-19 8.9 9.04 8.85 8.85
2002-08-27 8.91 8.98 8.88 8.88
2002-09-18 8.54 8.6 8.52 8.52
2002-09-24 8.38 8.44 8.34 8.34
2002-10-21 8.31 8.31 8.15 8.15
2002-11-01 8.13 8.15 8.08 8.08
2002-12-04 7.02 7.16 6.95 6.95
2002-12-17 7.1 7.1 7.03 7.03
2002-12-20 7.14 7.2 6.95 6.95
2003-01-14 7.15 7.28 6.76 6.76
2003-01-23 7.04 7.16 7.01 7.01
2003-01-24 7.12 7.14 7.0 7.0
2003-01-27 7.24 7.27 7.13 7.13
2003-03-21 6.96 6.98 6.9 6.9
2003-04-15 7.23 7.27 7.15 7.15
2003-05-14 6.44 6.49 6.25 6.25
2003-05-15 6.79 6.83 6.51 6.51
2003-05-23 6.67 6.68 6.54 6.54
2003-06-03 7.08 7.28 7.0 7.0
2003-06-11 7.02 7.03 6.86 6.86
2003-06-16 7.12 7.25 7.06 7.06
2003-06-17 7.18 7.23 7.1 7.1
2003-07-01 6.49 6.55 6.48 6.48
2003-07-22 6.39 6.4 6.29 6.29
2003-07-23 6.43 6.44 6.35 6.35
2003-07-31 6.13 6.16 6.1 6.1
2003-08-19 6.1 6.11 6.06 6.06
2003-09-11 5.87 5.89 5.82 5.82
2003-10-22 5.63 5.68 5.51 5.51
2003-11-03 5.05 5.07 4.93 4.93
2003-11-11 5.03 5.14 4.85 4.85
2003-11-13 4.89 4.92 4.8 4.8
2003-11-14 4.98 5.02 4.9 4.9
2003-11-24 5.21 5.23 5.03 5.03
2003-11-25 5.28 5.4 5.21 5.21
2004-01-02 5.22 5.23 5.05 5.05
2004-01-07 5.48 5.58 5.3 5.3
2004-01-13 5.58 5.63 5.38 5.38
2004-02-12 6.24 6.34 6.04 6.04
2004-03-18 6.04 6.15 5.93 5.93
2004-05-11 5.42 5.48 5.35 5.35
2004-05-28 5.24 5.28 5.23 5.23
2004-06-24 4.81 4.85 4.8 4.8
2004-07-01 4.79 4.81 4.68 4.68
2004-07-07 4.85 4.87 4.75 4.75
2004-07-28 4.89 4.9 4.77 4.77
2004-08-13 4.52 4.65 4.5 4.5
2004-08-24 4.44 4.48 4.31 4.31
2004-09-03 4.49 4.6 4.45 4.45
2004-09-14 4.43 4.44 4.28 4.28
2004-11-03 4.2 4.23 4.13 4.13
2004-11-18 4.24 4.24 4.15 4.15
2004-12-22 4.17 4.17 4.07 4.07
2004-12-29 4.09 4.12 4.05 4.05
2004-12-30 4.07 4.12 4.05 4.05
2005-01-07 3.97 4.02 3.96 3.96
2005-01-10 4.01 4.04 3.95 3.95
2005-01-11 4.03 4.03 3.98 3.98
2005-02-17 3.72 3.75 3.6 3.6
2005-02-21 3.7 3.71 3.64 3.64
2005-03-15 4.03 4.14 4.0 4.0
2005-03-25 3.6 3.64 3.56 3.56
2005-04-08 3.54 3.54 3.41 3.41
2005-04-19 3.5 3.5 3.4 3.4
2005-06-06 3.3 3.3 3.2 3.2
2005-06-08 3.51 3.55 3.29 3.29
2005-07-07 2.92 2.95 2.88 2.88
2005-07-18 2.82 2.89 2.78 2.78
2005-07-20 2.86 2.86 2.79 2.79
2005-08-30 3.19 3.23 3.15 3.15
2005-09-15 3.51 3.58 3.46 3.46
2005-10-12 3.41 3.46 3.32 3.32
2005-10-18 3.53 3.57 3.45 3.45
2005-10-31 3.08 3.12 3.05 3.05
2005-11-02 3.15 3.16 3.07 3.07
2005-11-16 3.1 3.1 3.03 3.03
2005-11-18 3.16 3.19 3.09 3.09
2005-11-25 3.1 3.13 3.08 3.08
2005-11-30 3.06 3.07 3.04 3.04
2005-12-29 3.24 3.25 3.18 3.18
2006-02-24 3.41 3.43 3.39 3.39
2006-03-06 3.34 3.38 3.3 3.3
2006-03-20 3.26 3.27 3.2 3.2
2006-04-03 3.21 3.23 3.16 3.16
2006-05-26 4.48 4.6 4.41 4.41
2006-06-01 5.02 5.06 4.6 4.6
2006-06-19 4.57 4.57 4.57 4.57
2006-10-09 3.63 3.64 3.53 3.53
2006-10-25 3.81 3.81 3.46 3.46
2006-11-08 3.6 3.65 3.56 3.56
2006-11-17 3.35 3.37 3.31 3.31
2006-11-22 3.36 3.39 3.27 3.27
2006-11-28 3.44 3.46 3.4 3.4
2006-12-27 3.89 4.0 3.8 3.8
2007-01-10 4.22 4.29 4.07 4.07
2007-01-22 4.84 4.84 4.7 4.7
2007-01-29 5.17 5.27 4.88 4.88
2007-02-06 4.79 4.79 4.67 4.67
2007-02-12 5.0 5.04 4.85 4.85
2007-02-28 5.97 5.97 5.4 5.4
2007-03-06 5.88 5.95 5.65 5.65
2007-03-30 6.86 6.99 6.75 6.75
2007-04-16 7.62 7.7 7.41 7.41
2007-04-20 7.89 7.97 7.42 7.42
2007-05-22 10.2 10.34 9.85 9.85
2007-05-28 11.74 12.26 11.62 11.62
2007-05-31 10.53 10.53 10.53 10.53
2007-06-05 8.24 8.35 7.68 7.68
2007-06-22 10.19 10.19 9.5 9.5
2007-07-23 7.88 8.01 7.25 7.25
2007-07-30 8.55 8.73 8.38 8.38
2007-08-22 8.91 9.0 8.71 8.71
2007-08-31 9.69 9.76 9.4 9.4
2007-09-03 10.03 10.25 9.92 9.92
2007-09-28 9.01 9.05 8.86 8.86
2007-10-31 7.62 7.71 7.45 7.45
2007-11-23 7.4 7.4 7.18 7.18
2007-11-28 7.4 7.54 7.35 7.35
2007-12-17 8.32 8.46 8.23 8.23
2008-01-09 12.18 12.25 11.22 11.22
2008-02-14 11.09 11.28 10.78 10.78
2008-02-18 11.79 11.8 10.93 10.93
2008-06-12 8.19 8.26 7.91 7.91
2008-07-28 7.86 7.94 7.75 7.75
2008-09-03 5.92 6.07 5.57 5.57
2008-10-23 4.81 4.81 4.58 4.58
2008-10-28 4.39 4.49 4.1 4.1
2008-11-10 4.29 4.32 4.06 4.06
2008-11-12 4.35 4.37 4.14 4.14
2008-12-01 4.95 4.98 4.6 4.6
2008-12-30 4.79 4.81 4.59 4.59
2009-01-09 4.92 4.95 4.79 4.79
2009-01-14 5.06 5.06 4.81 4.81
2009-02-06 5.77 5.79 5.53 5.53
2009-03-04 5.6 5.65 5.31 5.31
2009-03-16 5.54 5.57 5.4 5.4
2009-04-20 6.43 6.44 6.26 6.26
2009-05-04 5.9 5.92 5.74 5.74
2009-06-01 6.38 6.46 6.16 6.16
2009-07-03 6.37 6.44 6.28 6.28
2009-09-17 6.64 6.7 6.46 6.46
2009-10-23 6.53 6.67 6.5 6.5
2009-11-03 6.43 6.5 6.19 6.19
2009-11-13 7.13 7.39 6.82 6.82
2010-01-04 7.15 7.3 7.12 7.12
2010-02-08 6.59 6.66 6.43 6.43
2010-02-11 6.78 6.84 6.71 6.71
2010-02-23 7.14 7.18 6.98 6.98
2010-03-08 7.38 7.45 7.1 7.1
2010-03-19 7.14 7.18 7.04 7.04
2010-03-22 7.18 7.25 7.14 7.14
2010-03-23 7.7 7.9 7.2 7.2
2010-03-29 7.64 7.65 7.4 7.4
2010-06-07 5.61 5.65 5.39 5.39
2010-06-08 5.76 5.8 5.52 5.52
2010-07-06 4.84 4.84 4.71 4.71
2010-07-14 4.96 5.06 4.9 4.9
2010-08-05 5.42 5.51 5.35 5.35
2010-10-08 5.91 5.95 5.8 5.8
2010-10-21 7.04 7.04 6.9 6.9
2010-12-31 6.03 6.04 5.91 5.91
2011-01-26 5.69 5.7 5.5 5.5
2011-02-10 6.06 6.07 5.9 5.9
2011-03-17 6.92 7.25 6.88 6.88
2011-04-06 6.89 7.05 6.72 6.72
2011-04-12 7.28 7.29 6.97 6.97
2011-06-10 11.23 11.42 10.56 10.56
2011-08-15 8.33 8.43 7.92 7.92
2011-09-06 7.67 7.74 7.48 7.48
2011-09-19 7.99 8.21 7.61 7.61
2011-09-23 8.74 8.88 8.15 8.15
2011-10-25 7.0 7.1 6.75 6.75
2011-12-26 6.06 6.15 5.86 5.86
2012-02-03 6.32 6.47 5.97 5.97
2012-02-29 7.24 7.62 7.21 7.21
2012-03-02 7.38 7.4 7.24 7.24
2012-03-08 7.27 7.35 7.18 7.18
2012-04-18 7.13 7.15 6.94 6.94
2012-05-02 6.66 6.9 6.6 6.6
2012-05-04 6.58 6.63 6.4 6.4
2012-06-05 6.92 7.04 6.87 6.87
2012-07-02 5.86 5.95 5.79 5.79
2012-08-01 5.04 5.06 4.95 4.95
2012-10-26 6.47 6.66 6.33 6.33
2012-11-01 6.49 6.59 6.22 6.22
2012-11-30 5.27 5.32 5.13 5.13
2012-12-05 5.49 5.59 5.24 5.24
2012-12-14 5.85 5.88 5.64 5.64
2013-04-19 5.38 5.39 5.29 5.29
2013-05-03 5.14 5.2 5.06 5.06
2013-05-21 5.58 5.74 5.5 5.5
2013-05-27 5.72 5.82 5.53 5.53
2013-06-14 5.35 5.41 5.23 5.23
2013-06-27 5.24 5.32 5.05 5.05
2013-07-02 5.3 5.32 5.19 5.19
2013-07-09 4.83 4.9 4.81 4.81
2013-07-22 4.96 4.99 4.83 4.83
2013-07-30 5.6 5.69 5.31 5.31
2013-08-13 5.6 5.66 5.56 5.56
2013-08-27 5.64 5.73 5.51 5.51
2013-10-08 5.79 5.87 5.66 5.66
2013-10-17 5.98 6.1 5.81 5.81
2013-11-15 6.05 6.2 5.95 5.95
2013-12-09 5.99 6.01 5.93 5.93
2013-12-10 6.11 6.27 5.97 5.97
2013-12-27 5.9 5.9 5.78 5.78
2014-01-22 5.69 5.75 5.55 5.55
2014-02-07 5.62 5.66 5.56 5.56
2014-02-14 5.91 5.96 5.82 5.82
2014-02-17 5.96 6.03 5.87 5.87
2014-05-12 5.49 5.54 5.4 5.4
2014-05-20 5.46 5.48 5.4 5.4
2014-08-04 5.88 5.95 5.7 5.7
2014-12-12 6.66 6.66 6.66 6.66
2014-12-15 7.33 7.33 7.33 7.33
2014-12-16 8.06 8.06 8.06 8.06
2014-12-17 8.87 8.87 8.87 8.87
2014-12-18 9.76 9.76 9.76 9.76
2015-01-13 8.7 8.83 8.58 8.58
2015-01-14 8.96 9.2 8.7 8.7
2015-02-03 10.35 10.4 10.04 10.04
2015-03-27 12.74 12.92 12.57 12.57
2015-04-21 14.86 14.91 14.2 14.2
2015-04-22 15.15 15.21 14.92 14.92
2015-04-24 16.81 16.93 15.07 15.07
2015-04-30 16.83 17.35 16.76 16.76
2015-07-08 10.51 10.51 10.51 10.51
2015-07-09 11.56 11.56 9.46 9.46
2015-07-13 13.99 13.99 13.99 13.99
2015-07-14 15.39 15.39 15.39 15.39
2015-07-16 15.97 15.97 13.1 13.1
2015-08-04 18.17 18.17 16.8 16.8
2015-08-07 19.09 19.49 18.47 18.47
2015-08-25 12.88 13.45 12.88 12.88
2015-09-02 12.14 13.88 12.13 12.13
2015-09-16 13.15 13.15 12.01 12.01
2015-11-06 16.35 16.37 16.0 16.0
2015-12-22 18.85 18.97 18.7 18.7
2016-03-07 11.34 11.51 11.1 11.1
2016-03-14 11.25 11.43 10.98 10.98
2016-03-22 12.86 13.13 12.05 12.05
2016-04-11 12.77 12.88 12.59 12.59
2016-04-13 12.8 13.15 12.7 12.7
2016-05-03 12.25 12.29 11.75 11.75
2016-05-19 11.19 11.25 11.07 11.07
2016-05-31 11.65 11.67 11.12 11.12
2016-06-17 11.44 11.63 11.3 11.3
2016-06-23 11.46 11.63 11.34 11.34
2016-07-11 12.44 12.65 12.22 12.22
2016-08-09 11.86 11.86 11.71 11.71
2016-09-20 11.69 11.71 11.63 11.63
2016-10-13 12.27 12.55 12.21 12.21
2016-11-30 12.26 12.36 12.18 12.18
2016-12-01 12.41 12.42 12.24 12.24
2017-01-03 11.54 11.56 11.37 11.37
2017-01-25 10.94 11.15 10.68 10.68
2017-04-05 10.75 10.78 10.58 10.58
2017-05-26 8.97 9.02 8.91 8.91
2017-06-15 9.38 9.43 9.24 9.24
2017-06-26 9.35 9.35 9.08 9.08
2017-07-03 9.94 10.3 9.37 9.37
2017-07-06 9.73 9.9 9.66 9.66
2017-07-31 9.18 9.21 9.11 9.11
2017-08-03 9.29 9.3 9.13 9.13
2017-08-14 9.1 9.12 8.91 8.91
