1993-03-11 19.1 19.48 16.5 16.5
1993-03-15 19.05 19.6 18.5 18.5
1993-03-16 19.5 19.55 18.5 18.5
1993-04-13 22.5 23.0 19.61 19.61
1993-04-15 23.89 25.0 21.25 21.25
1993-06-18 18.88 18.95 18.28 18.28
1993-06-22 18.2 18.45 17.7 17.7
1993-06-23 18.58 18.78 18.4 18.4
1993-07-19 9.21 9.5 9.2 9.2
1993-08-11 10.9 10.9 10.4 10.4
1993-08-27 11.2 11.5 11.06 11.06
1993-09-21 12.07 12.47 11.9 11.9
1993-09-23 11.98 12.1 11.95 11.95
1993-09-27 12.1 12.13 11.88 11.88
1994-01-17 11.6 12.36 11.36 11.36
1994-01-21 10.97 11.15 10.5 10.5
1994-01-27 11.05 11.12 10.88 10.88
1994-02-02 10.5 10.5 10.3 10.3
1994-02-16 10.95 11.0 10.88 10.88
1994-07-05 4.94 4.94 4.71 4.71
1994-07-12 4.9 4.9 4.79 4.79
1994-08-18 9.6 9.72 9.2 9.2
1994-08-25 9.0 9.2 8.78 8.78
1994-08-30 9.32 9.53 9.15 9.15
1994-09-05 13.5 13.5 11.6 11.6
1994-09-28 13.5 13.6 12.88 12.88
1994-10-27 11.34 11.4 10.82 10.82
1994-11-28 11.17 11.44 11.0 11.0
1994-11-29 11.35 11.38 10.8 10.8
1995-01-13 9.5 9.67 9.35 9.35
1995-01-18 9.3 9.48 9.2 9.2
1995-01-23 8.59 8.75 8.53 8.53
1995-02-13 8.65 8.77 8.52 8.52
1995-02-20 8.3 8.37 8.3 8.3
1995-02-21 8.4 8.4 8.16 8.16
1995-02-22 9.32 9.88 8.43 8.43
1995-04-25 9.07 9.09 8.9 8.9
1995-05-12 8.33 8.49 8.18 8.18
1995-06-02 10.1 10.25 10.0 10.0
1995-06-09 10.17 10.2 9.91 9.91
1995-07-20 9.15 9.18 9.05 9.05
1995-07-21 9.2 9.3 9.08 9.08
1995-07-31 9.12 9.14 9.07 9.07
1995-08-01 9.35 9.35 9.05 9.05
1995-08-04 9.24 9.25 9.18 9.18
1995-09-04 8.75 8.88 8.52 8.52
1995-09-06 8.8 8.8 8.66 8.66
1995-09-28 7.81 7.85 7.65 7.65
1995-09-29 7.95 7.95 7.8 7.8
1995-11-14 8.07 8.09 7.95 7.95
1995-11-24 8.5 8.5 8.25 8.25
1996-01-23 6.2 6.2 6.15 6.15
1996-01-25 6.3 6.6 6.21 6.21
1996-01-30 6.31 6.44 6.21 6.21
1996-02-01 6.3 6.31 6.23 6.23
1996-02-09 6.16 6.2 6.08 6.08
1996-02-16 6.54 6.58 6.36 6.36
1996-03-15 7.08 7.08 7.0 7.0
1996-03-20 7.1 7.1 7.01 7.01
1996-03-25 7.09 7.09 7.03 7.03
1996-03-27 7.0 7.0 6.97 6.97
1996-04-01 7.14 7.23 7.0 7.0
1996-04-02 6.93 7.1 6.9 6.9
1996-04-03 7.1 7.47 6.9 6.9
1996-04-11 7.22 7.27 7.2 7.2
1996-04-12 7.32 7.44 7.23 7.23
1996-04-26 8.7 9.09 8.05 8.05
1996-05-06 7.63 7.87 7.5 7.5
1996-06-05 7.45 7.5 7.04 7.04
1996-06-07 7.7 7.88 7.48 7.48
1996-06-25 7.17 7.2 7.05 7.05
1996-07-02 6.1 6.25 6.07 6.07
1996-07-22 7.4 7.68 7.3 7.3
1996-08-30 6.25 6.3 6.0 6.0
1996-09-03 6.11 6.48 6.05 6.05
1996-09-04 6.1 6.19 6.07 6.07
1996-09-20 5.89 5.89 5.6 5.6
1996-10-14 6.6 6.7 6.32 6.32
1996-10-17 6.42 6.42 6.25 6.25
1996-10-22 6.6 6.78 6.38 6.38
1997-01-09 5.8 5.9 5.74 5.74
1997-01-10 5.85 5.95 5.76 5.76
1997-01-15 5.8 5.9 5.8 5.8
1997-01-23 5.9 6.01 5.8 5.8
1997-03-31 9.32 9.5 8.8 8.8
1997-05-16 9.0 9.88 8.65 8.65
1997-07-16 6.6 6.84 6.44 6.44
1997-08-14 6.5 6.5 6.0 6.0
1997-09-08 7.6 7.77 7.32 7.32
1997-09-16 7.4 7.5 7.3 7.3
1997-09-30 7.03 7.08 6.77 6.77
1997-10-07 7.15 7.2 6.8 6.8
1998-01-07 7.12 7.12 6.5 6.5
1998-01-08 7.76 7.83 7.15 7.15
1998-02-11 7.28 7.32 7.18 7.18
1998-05-14 7.88 7.88 7.55 7.55
1998-05-21 9.04 9.23 9.0 9.0
1998-05-25 9.0 9.18 8.85 8.85
1998-06-09 9.06 9.33 9.06 9.06
1998-06-12 9.37 9.37 9.1 9.1
1998-06-22 9.48 9.57 9.41 9.41
1998-07-20 11.15 11.15 10.81 10.81
1998-07-24 11.69 11.78 11.12 11.12
1998-07-27 12.2 12.2 11.65 11.65
1998-07-31 12.2 12.2 12.0 12.0
1998-08-06 13.33 13.38 13.1 13.1
1998-08-12 11.9 11.9 11.4 11.4
1998-08-13 12.09 12.3 11.88 11.88
1998-08-19 11.16 11.16 10.63 10.63
1998-08-24 11.87 11.89 11.3 11.3
1998-09-11 12.08 12.08 11.48 11.48
1998-09-14 12.68 12.68 12.26 12.26
1998-12-01 11.5 11.83 11.33 11.33
1998-12-07 10.9 11.09 10.45 10.45
1999-01-04 9.33 9.33 9.1 9.1
1999-03-09 8.91 9.04 8.88 8.88
1999-05-04 8.61 8.61 8.61 8.61
1999-05-12 8.29 8.3 8.02 8.02
1999-05-18 7.86 8.1 7.82 7.82
1999-05-19 8.15 8.15 7.89 7.89
1999-06-17 9.1 9.1 9.1 9.1
1999-06-18 8.65 8.65 8.65 8.65
1999-06-21 8.22 8.22 8.22 8.22
1999-06-22 7.89 8.1 7.81 7.81
1999-07-16 7.55 7.55 7.55 7.55
1999-07-23 7.61 7.61 7.61 7.61
1999-08-06 7.99 7.99 7.99 7.99
1999-08-13 8.39 8.39 8.39 8.39
1999-08-20 8.81 8.81 8.81 8.81
1999-08-27 9.25 9.25 9.25 9.25
1999-09-03 9.2 9.2 9.2 9.2
1999-09-10 8.78 8.78 8.78 8.78
1999-09-17 8.35 8.35 8.35 8.35
1999-09-24 8.35 8.35 8.35 8.35
1999-10-08 8.35 8.35 8.35 8.35
1999-10-15 8.35 8.35 8.35 8.35
1999-10-22 8.35 8.35 8.35 8.35
1999-10-29 8.25 8.25 8.25 8.25
1999-11-05 7.84 7.84 7.84 7.84
1999-11-12 7.45 7.45 7.45 7.45
1999-11-19 7.82 7.82 7.82 7.82
1999-11-26 7.81 7.81 7.81 7.81
1999-12-03 7.98 7.98 7.98 7.98
1999-12-10 7.88 7.88 7.88 7.88
1999-12-17 7.49 7.49 7.49 7.49
1999-12-24 7.12 7.12 7.12 7.12
2000-01-07 7.3 7.3 7.3 7.3
2000-01-14 6.94 6.94 6.94 6.94
2000-01-21 6.65 6.65 6.65 6.65
2000-01-28 6.32 6.32 6.32 6.32
2000-02-18 6.0 6.0 6.0 6.0
2000-02-25 5.7 5.7 5.7 5.7
2000-03-03 5.99 5.99 5.99 5.99
2000-03-10 6.29 6.29 6.29 6.29
2000-03-17 6.58 6.58 6.58 6.58
2000-03-24 6.91 6.91 6.91 6.91
2000-03-31 7.26 7.26 7.26 7.26
2000-04-07 7.62 7.62 7.62 7.62
2000-04-14 8.0 8.0 8.0 8.0
2000-04-21 8.4 8.4 8.4 8.4
2000-04-28 7.98 7.98 7.98 7.98
2000-05-12 7.58 7.58 7.58 7.58
2000-05-19 7.2 7.2 7.2 7.2
2000-05-26 6.84 6.84 6.84 6.84
2000-06-02 6.5 6.5 6.5 6.5
2000-06-09 6.3 6.3 6.3 6.3
2000-06-16 6.62 6.62 6.62 6.62
2000-06-23 5.5 5.5 5.5 5.5
2000-06-30 5.36 5.36 5.36 5.36
2000-07-07 5.63 5.63 5.63 5.63
2000-07-14 5.91 5.91 5.91 5.91
2000-07-21 6.2 6.2 6.2 6.2
2000-07-28 6.51 6.51 6.51 6.51
2000-08-04 6.78 6.78 6.78 6.78
2000-08-11 6.5 6.5 6.5 6.5
2000-08-18 6.58 6.58 6.58 6.58
2000-08-25 6.58 6.58 6.58 6.58
2000-09-01 6.5 6.5 6.5 6.5
2000-09-08 6.45 6.45 6.45 6.45
2000-09-15 6.5 6.5 6.5 6.5
2000-09-22 6.38 6.38 6.38 6.38
2000-09-29 6.38 6.38 6.38 6.38
2000-10-13 6.7 6.7 6.7 6.7
2000-10-20 7.03 7.03 7.03 7.03
2000-10-27 7.35 7.35 7.35 7.35
2000-11-03 7.0 7.0 7.0 7.0
2000-11-10 7.0 7.0 7.0 7.0
2000-11-17 7.35 7.35 7.35 7.35
2000-11-24 7.72 7.72 7.72 7.72
2000-12-01 8.09 8.09 8.09 8.09
2000-12-08 7.99 7.99 7.99 7.99
2000-12-15 7.9 7.9 7.9 7.9
2000-12-22 8.18 8.18 8.18 8.18
2000-12-29 8.2 8.2 8.2 8.2
2001-01-05 8.0 8.0 8.0 8.0
2001-01-12 7.79 7.79 7.79 7.79
2001-01-19 7.5 7.5 7.5 7.5
2001-02-09 6.9 6.9 6.9 6.9
2001-02-16 5.9 5.9 5.9 5.9
2001-02-23 4.69 4.69 4.69 4.69
2001-03-02 4.92 4.92 4.92 4.92
2001-03-09 5.17 5.17 5.17 5.17
2001-03-16 5.43 5.43 5.43 5.43
2001-03-23 5.01 5.01 5.01 5.01
2001-03-30 5.25 5.25 5.25 5.25
2001-04-06 5.2 5.2 5.2 5.2
2001-04-13 5.31 5.31 5.31 5.31
2001-07-06 5.86 5.86 5.86 5.86
2001-07-13 6.15 6.15 6.15 6.15
2001-07-20 6.46 6.46 6.46 6.46
2001-07-27 6.78 6.78 6.78 6.78
2001-08-03 7.12 7.12 7.12 7.12
2001-08-10 7.48 7.48 7.48 7.48
2001-08-17 7.85 7.85 7.85 7.85
2001-08-24 8.24 8.24 8.24 8.24
2001-09-07 8.65 8.65 8.65 8.65
2001-09-14 9.08 9.08 9.08 9.08
2001-09-21 9.53 9.53 9.53 9.53
2001-09-28 10.01 10.01 10.01 10.01
2001-10-12 10.51 10.51 10.51 10.51
2001-10-19 11.04 11.04 11.04 11.04
2001-10-26 11.59 11.59 11.59 11.59
2001-11-02 12.17 12.17 12.17 12.17
2001-11-09 12.1 12.1 12.1 12.1
2001-11-16 11.51 11.51 11.51 11.51
2001-11-23 11.0 11.0 11.0 11.0
2001-11-30 11.55 11.55 11.55 11.55
2001-12-07 12.13 12.13 12.13 12.13
2001-12-14 12.0 12.0 12.0 12.0
2001-12-21 11.4 11.4 11.4 11.4
2001-12-28 11.6 11.6 11.6 11.6
2002-04-19 12.49 12.49 12.49 12.49
2002-04-22 13.74 13.74 13.74 13.74
2002-06-20 16.72 17.18 16.65 16.65
2002-07-19 17.29 17.47 17.1 17.1
2002-07-25 16.85 17.19 16.72 16.72
2002-08-01 16.65 16.96 16.28 16.28
2002-10-10 15.97 16.1 15.85 15.85
2002-11-11 15.86 16.05 15.81 15.81
2002-11-19 14.65 14.7 14.3 14.3
2003-01-08 13.98 14.25 13.5 13.5
2003-02-17 15.37 15.8 15.05 15.05
2003-02-25 15.18 15.28 14.91 14.91
2003-05-19 13.16 13.2 13.02 13.02
2003-08-19 11.47 11.6 11.41 11.41
2003-08-22 11.64 12.25 11.4 11.4
2003-08-26 11.58 11.6 11.41 11.41
2003-09-16 11.16 11.17 10.9 10.9
2003-09-18 10.95 11.12 10.6 10.6
2003-09-23 10.96 10.98 10.8 10.8
2003-09-30 10.67 10.82 10.53 10.53
2003-10-09 10.75 10.96 10.48 10.48
2003-10-10 10.89 10.95 10.68 10.68
2003-11-04 9.06 9.22 8.9 8.9
2003-11-11 8.59 8.6 8.32 8.32
2003-11-13 8.53 8.54 8.32 8.32
2003-11-14 8.59 8.65 8.3 8.3
2003-11-18 8.56 8.65 8.5 8.5
2003-11-19 8.73 8.8 8.52 8.52
2003-11-20 9.1 9.1 8.65 8.65
2003-11-24 9.21 9.4 8.73 8.73
2004-01-09 9.82 10.35 9.68 9.68
2004-01-13 10.06 10.2 9.7 9.7
2004-01-29 10.05 10.05 9.76 9.76
2004-02-16 11.04 11.07 10.7 10.7
2004-02-20 11.77 11.86 11.58 11.58
2004-03-01 12.16 12.25 11.65 11.65
2004-03-30 11.59 11.63 11.26 11.26
2004-04-05 12.17 12.2 11.7 11.7
2004-04-08 11.92 12.09 11.9 11.9
2004-04-29 10.12 10.4 10.05 10.05
2004-05-11 9.78 9.85 9.64 9.64
2004-05-18 10.08 10.4 9.75 9.75
2004-06-01 10.12 10.14 9.9 9.9
2004-07-06 9.16 9.29 9.1 9.1
2004-07-13 8.22 8.4 8.2 8.2
2004-08-18 7.57 7.68 7.55 7.55
2004-09-15 7.47 7.59 7.16 7.16
2004-11-03 7.22 7.23 7.03 7.03
2004-12-09 7.46 7.7 7.31 7.31
2005-01-05 6.82 6.83 6.66 6.66
2005-01-07 6.73 6.74 6.51 6.51
2005-01-12 6.76 6.84 6.68 6.68
2005-01-13 6.79 6.8 6.55 6.55
2005-03-08 6.66 6.67 6.5 6.5
2005-03-09 6.68 6.74 6.58 6.58
2005-07-26 5.02 5.1 4.81 4.81
2005-08-03 5.57 5.87 5.4 5.4
2005-10-18 8.37 8.37 7.5 7.5
2005-11-09 7.43 7.66 7.3 7.3
2005-11-15 7.13 7.38 6.93 6.93
2006-04-04 6.97 6.98 6.82 6.82
2006-05-18 10.19 10.28 9.39 9.39
2006-10-31 7.22 7.3 7.15 7.15
2006-11-21 6.69 6.75 6.6 6.6
2006-11-22 6.75 6.93 6.59 6.59
2006-11-27 7.66 7.66 7.66 7.66
2006-12-25 7.56 7.65 7.45 7.45
2007-04-23 13.74 14.0 12.9 12.9
2007-04-26 13.92 13.96 13.41 13.41
2007-05-08 15.18 15.75 15.0 15.0
2007-05-11 14.96 15.2 14.24 14.24
2007-05-16 15.41 15.67 14.48 14.48
2007-09-13 14.26 14.41 13.9 13.9
2007-09-20 14.07 14.2 13.71 13.71
2008-01-29 10.55 10.93 10.11 10.11
2008-06-30 6.34 6.39 5.8 5.8
2008-09-09 7.24 7.36 6.95 6.95
2008-11-10 4.92 4.98 4.65 4.65
2009-04-30 6.48 6.67 6.44 6.44
2009-05-06 6.78 6.86 6.68 6.68
2009-06-19 8.17 8.28 7.9 7.9
2009-07-08 9.57 9.57 9.03 9.03
2009-09-21 8.5 8.8 8.39 8.39
2009-09-22 8.58 8.69 8.5 8.5
2009-11-30 8.22 8.24 7.93 7.93
2009-12-29 7.91 7.92 7.8 7.8
2010-02-10 6.88 6.9 6.8 6.8
2010-02-12 6.9 6.91 6.79 6.79
2010-04-01 7.83 7.88 7.78 7.78
2012-02-15 15.45 15.64 14.83 14.83
2012-05-29 14.99 15.14 14.65 14.65
2012-05-30 15.03 15.29 14.94 14.94
2012-06-18 15.38 15.45 15.2 15.2
2012-09-24 15.01 15.15 14.7 14.7
2012-10-24 14.61 14.71 14.6 14.6
2012-12-24 12.49 12.65 12.3 12.3
2013-03-01 16.24 16.49 16.03 16.03
2013-03-05 16.0 16.05 15.26 15.26
2013-03-11 15.94 16.2 15.7 15.7
2013-03-18 15.06 15.4 14.95 14.95
2013-07-17 29.89 29.89 28.25 28.25
2013-08-06 31.23 31.98 29.0 29.0
2013-08-28 37.95 38.88 36.35 36.35
2014-01-29 41.43 41.77 39.02 39.02
2014-08-18 15.14 15.14 14.0 14.0
2014-08-19 16.65 16.65 16.65 16.65
2015-01-15 18.51 18.78 18.4 18.4
2015-01-20 18.7 18.81 18.13 18.13
2015-05-08 25.24 25.3 24.21 24.21
2016-08-26 15.58 15.77 15.45 15.45
2016-10-12 14.78 14.91 14.7 14.7
2016-10-13 14.84 14.88 14.74 14.74
2016-12-21 19.21 19.26 18.51 18.51
2017-03-23 20.61 20.64 20.2 20.2
2017-03-31 19.9 19.91 19.34 19.34
2017-04-05 20.09 20.51 19.91 19.91
2017-04-07 20.73 20.79 19.88 19.88
2017-05-04 19.2 19.3 18.72 18.72
2017-06-19 19.46 19.5 18.64 18.64
