2001-05-10 19.93 19.98 19.7 19.7
2001-05-14 20.55 20.67 20.15 20.15
2001-05-18 20.82 20.98 20.42 20.42
2001-05-21 20.98 21.19 20.85 20.85
2001-06-04 21.55 21.71 21.3 21.3
2001-06-12 21.78 21.8 21.3 21.3
2001-08-14 19.7 19.79 19.0 19.0
2001-11-19 15.35 15.36 14.8 14.8
2001-11-27 15.74 15.8 15.5 15.5
2001-11-28 15.95 16.05 15.74 15.74
2001-12-24 15.67 15.97 15.42 15.42
2001-12-28 16.26 16.28 15.9 15.9
2006-06-22 6.65 6.66 6.3 6.3
2006-06-28 6.69 6.86 6.51 6.51
2006-06-29 7.05 7.09 6.75 6.75
2006-06-30 7.69 7.76 7.25 7.25
2006-09-04 6.27 6.28 6.08 6.08
2006-09-05 6.28 6.35 6.26 6.26
2006-09-12 6.75 6.8 6.28 6.28
2006-09-22 7.12 7.2 6.81 6.81
2006-09-26 7.33 7.35 6.92 6.92
2007-01-22 5.62 5.72 5.3 5.3
2007-01-23 6.18 6.18 6.0 6.0
2007-03-06 6.1 6.12 6.0 6.0
2007-03-07 6.28 6.35 6.09 6.09
2007-04-16 9.27 9.58 9.0 9.0
2007-04-20 9.31 9.4 8.84 8.84
2007-07-25 8.0 8.04 7.61 7.61
2007-07-26 8.25 8.5 7.92 7.92
2007-08-30 12.04 12.38 11.83 11.83
2007-09-28 14.55 14.87 14.42 14.42
2007-10-10 16.3 16.3 14.86 14.86
2007-10-12 17.71 17.71 16.38 16.38
2007-10-15 19.48 19.48 17.95 17.95
2007-11-23 15.3 15.8 14.39 14.39
2008-02-13 20.01 20.3 18.6 18.6
2008-02-14 20.42 20.77 20.0 20.0
2008-07-07 6.17 6.18 5.79 5.79
2008-07-11 7.29 7.35 7.01 7.01
2008-11-20 5.24 5.58 5.08 5.08
2009-05-12 5.85 5.86 5.63 5.63
2009-05-14 6.51 6.51 5.81 5.81
2009-09-03 6.03 6.08 5.78 5.78
2009-11-16 6.99 7.08 6.89 6.89
2010-01-04 7.5 7.75 7.4 7.4
2010-01-12 7.47 7.51 7.27 7.27
2010-01-14 7.4 7.43 7.24 7.24
2010-01-20 8.57 8.57 8.5 8.5
2010-02-24 7.93 7.99 7.8 7.8
2010-07-23 9.9 9.9 9.9 9.9
2010-07-26 10.89 10.89 10.89 10.89
2010-07-28 12.63 12.63 12.1 12.1
2010-10-08 16.56 16.94 16.41 16.41
2011-02-14 14.9 15.19 14.7 14.7
2011-02-15 15.71 16.27 15.0 15.0
2011-02-23 15.4 15.4 15.4 15.4
2011-04-26 15.47 15.64 15.13 15.13
2011-06-08 15.11 15.16 14.6 14.6
2011-06-15 15.87 15.87 15.87 15.87
2011-06-16 16.66 16.66 16.66 16.66
2011-06-30 15.3 15.37 14.85 14.85
2011-08-15 17.7 18.15 17.6 17.6
2011-11-23 18.19 18.44 17.89 17.89
2011-12-26 13.69 13.8 13.4 13.4
2011-12-27 13.61 13.8 13.39 13.39
2011-12-30 14.05 14.15 13.53 13.53
2012-01-18 13.66 14.0 13.45 13.45
2012-01-20 14.3 14.4 13.8 13.8
2012-02-01 14.24 14.4 14.2 14.2
2012-03-15 17.4 17.83 16.6 16.6
2012-05-02 15.65 15.94 15.01 15.01
2013-01-15 12.09 12.32 11.74 11.74
2013-01-21 12.99 13.17 12.4 12.4
2013-01-22 13.53 13.75 12.82 12.82
2013-02-08 15.3 15.53 14.05 14.05
2013-07-11 11.99 12.37 11.7 11.7
2013-07-15 12.98 13.15 12.63 12.63
2013-07-23 11.94 12.03 11.7 11.7
2013-11-22 14.2 14.47 14.15 14.15
2013-11-27 13.88 13.95 13.6 13.6
2013-11-28 14.19 14.28 13.83 13.83
2014-01-27 15.15 15.4 14.41 14.41
2014-01-28 15.27 16.08 15.2 15.2
2014-05-28 14.85 14.87 14.66 14.66
2014-06-04 14.69 14.8 14.6 14.6
2014-08-06 16.4 16.72 16.2 16.2
2014-08-07 17.53 17.7 16.71 16.71
2014-08-15 16.83 16.96 16.72 16.72
2014-08-20 17.35 17.66 17.11 17.11
2015-04-07 28.89 30.04 27.4 27.4
2015-07-22 30.73 30.73 30.73 30.73
2015-07-23 29.41 30.39 27.52 27.52
2015-07-31 23.81 23.92 21.9 21.9
2015-08-10 26.01 26.3 24.89 24.89
2015-08-13 25.88 26.05 24.71 24.71
2015-08-17 27.91 27.91 25.48 25.48
2016-02-16 13.43 13.66 12.72 12.72
2016-07-14 12.0 12.38 11.9 11.9
2016-07-21 11.81 11.83 11.52 11.52
2016-07-25 12.2 12.2 11.25 11.25
2016-08-02 12.1 12.15 11.75 11.75
2017-02-20 12.6 12.62 12.44 12.44
2017-02-22 13.6 13.68 13.16 13.16
2017-03-02 14.04 14.38 13.25 13.25
2017-04-06 13.67 13.98 13.23 13.23
2017-04-07 13.95 14.14 13.5 13.5
2017-04-10 14.36 14.58 13.97 13.97
2017-04-13 14.18 14.42 13.84 13.84
