2001-09-10 28.96 29.3 27.07 27.07
2001-09-18 28.26 28.8 27.82 27.82
2002-02-07 24.22 24.55 23.6 23.6
2002-07-08 20.79 20.99 20.65 20.65
2002-08-20 19.52 19.54 19.3 19.3
2002-11-04 17.19 17.28 16.0 16.0
2002-12-18 14.4 14.8 14.32 14.32
2003-02-13 15.4 16.08 15.08 15.08
2003-02-27 14.86 14.95 14.79 14.79
2003-02-28 14.93 15.04 14.68 14.68
2003-04-15 14.35 14.55 14.23 14.23
2003-05-21 11.95 12.28 11.85 11.85
2003-05-22 12.15 12.25 11.85 11.85
2003-06-11 12.14 12.17 11.9 11.9
2003-07-10 11.48 11.49 11.0 11.0
2003-08-18 11.51 11.61 11.4 11.4
2003-08-26 11.08 11.19 10.98 10.98
2003-08-28 11.01 11.15 10.91 10.91
2003-09-03 11.69 11.78 11.51 11.51
2003-09-08 11.41 11.5 11.18 11.18
2003-10-30 8.95 9.18 8.78 8.78
2003-11-17 8.1 8.22 8.01 8.01
2003-11-20 8.88 8.96 8.3 8.3
2003-12-04 9.43 9.48 9.09 9.09
2003-12-12 9.12 9.16 9.03 9.03
2003-12-26 8.34 8.49 8.2 8.2
2004-01-02 8.17 8.35 8.05 8.05
2004-03-05 10.39 10.62 10.35 10.35
2004-03-10 9.9 9.9 9.6 9.6
2004-03-15 10.3 10.34 9.98 9.98
2004-03-19 10.12 10.15 9.9 9.9
2004-04-29 9.48 9.76 9.1 9.1
2004-05-12 9.82 9.84 9.51 9.51
2004-08-10 11.14 11.16 10.78 10.78
2004-11-18 9.54 9.55 9.27 9.27
2004-12-02 9.37 9.38 9.1 9.1
2004-12-27 8.51 8.66 8.4 8.4
2005-05-24 6.57 6.66 6.4 6.4
2005-05-30 6.64 6.73 6.49 6.49
2005-07-05 6.12 6.25 6.11 6.11
2005-12-09 6.7 6.77 6.55 6.55
2005-12-12 6.85 6.94 6.69 6.69
2005-12-16 6.84 6.89 6.8 6.8
2005-12-20 7.11 7.2 6.91 6.91
2007-04-02 11.88 11.99 11.25 11.25
2007-04-20 13.27 13.32 12.48 12.48
2007-04-23 14.1 14.2 13.1 13.1
2007-05-23 15.9 15.98 15.08 15.08
2007-11-20 15.0 15.19 14.38 14.38
2007-11-23 14.83 14.83 13.38 13.38
2008-05-08 13.55 13.55 12.4 12.4
2008-09-02 9.12 9.5 8.8 8.8
2008-12-03 9.72 9.91 9.21 9.21
2009-01-23 11.25 11.47 10.95 10.95
2009-02-06 12.34 12.62 11.95 11.95
2009-02-13 14.34 14.59 13.61 13.61
2009-05-22 15.7 15.77 15.11 15.11
2009-07-07 16.62 16.82 15.95 15.95
2009-07-14 17.81 18.01 16.91 16.91
2009-07-17 17.4 17.75 17.06 17.06
2009-07-22 17.81 18.05 17.42 17.42
2009-07-24 19.04 19.37 18.68 18.68
2009-08-13 20.75 21.67 20.15 20.15
2009-12-01 21.66 21.7 20.81 20.81
2009-12-23 26.0 26.62 25.4 25.4
2010-06-21 28.49 28.52 27.25 27.25
2010-08-23 27.45 27.5 27.07 27.07
2010-08-26 28.15 28.8 27.95 27.95
2010-08-27 28.49 28.69 28.05 28.05
2010-08-31 32.36 32.38 30.05 30.05
2010-11-01 37.9 38.72 36.05 36.05
2010-11-18 34.99 36.05 34.69 34.69
2010-11-22 40.47 41.8 38.9 38.9
2010-11-24 41.84 42.6 40.5 40.5
2011-02-14 38.0 39.26 37.05 37.05
2011-02-16 38.79 39.05 37.5 37.5
2011-02-21 42.0 42.3 38.0 38.0
2011-03-31 34.3 34.52 33.09 33.09
2011-12-28 26.77 27.04 26.05 26.05
2011-12-29 27.04 27.36 26.68 26.68
2012-02-21 29.45 29.55 28.8 28.8
2012-03-12 28.41 28.8 28.11 28.11
2012-05-04 28.43 28.45 27.66 27.66
2012-06-05 27.91 28.0 27.55 27.55
2012-08-01 23.64 23.84 23.31 23.31
2012-08-02 23.78 23.8 23.5 23.5
2012-09-07 23.81 24.17 23.05 23.05
2012-12-27 21.76 22.05 20.88 20.88
2013-01-08 23.19 23.3 21.87 21.87
2013-01-29 22.67 22.75 22.21 22.21
2013-01-31 22.45 22.73 22.33 22.33
2013-03-08 26.32 26.8 25.89 25.89
2013-04-12 26.4 26.78 25.94 25.94
2013-09-23 19.33 19.35 18.16 18.16
2014-02-14 15.31 15.37 15.03 15.03
2014-02-17 16.21 16.24 15.33 15.33
2014-05-12 12.06 12.09 11.88 11.88
2014-07-15 13.09 13.17 12.81 12.81
2014-07-29 13.14 13.46 13.05 13.05
2014-08-04 13.11 13.12 12.91 12.91
2014-08-05 13.49 13.52 13.14 13.14
2014-12-12 16.23 16.39 15.77 15.77
2015-03-04 19.5 19.95 19.28 19.28
2015-03-11 19.8 20.09 19.39 19.39
2015-03-16 20.67 20.78 19.65 19.65
2015-04-29 30.05 30.3 27.7 27.7
2015-05-08 28.82 29.04 27.51 27.51
2015-07-14 23.31 23.31 23.31 23.31
2015-08-13 27.9 28.2 26.2 26.2
2015-10-09 23.05 23.13 22.55 22.55
2015-10-15 25.54 25.83 24.05 24.05
2015-11-16 28.39 28.39 25.8 25.8
2016-01-05 30.17 30.17 27.0 27.0
2016-05-04 24.74 25.05 24.6 24.6
2016-08-09 26.37 26.55 26.09 26.09
2016-09-07 28.27 29.08 27.8 27.8
2016-09-08 28.99 29.84 28.0 28.0
2016-09-19 28.54 28.58 27.06 27.06
2016-12-30 25.21 25.27 24.9 24.9
2017-01-03 25.42 25.52 25.1 25.1
2017-06-15 23.95 24.08 23.33 23.33
