1998-07-02 14.08 14.25 13.55 13.55
1998-07-07 13.9 14.02 13.58 13.58
1998-07-13 14.86 14.9 14.4 14.4
1998-07-22 14.08 14.45 13.95 13.95
1998-08-19 10.4 10.5 9.81 9.81
1998-09-02 11.25 11.51 11.05 11.05
1998-09-03 11.31 11.5 11.08 11.08
1998-09-04 11.5 11.6 11.35 11.35
1998-09-07 11.99 12.0 11.55 11.55
1998-09-09 12.16 12.2 11.7 11.7
1998-09-23 12.58 12.6 12.11 12.11
1998-09-30 12.72 12.95 12.45 12.45
1998-10-09 12.8 12.9 12.48 12.48
1998-10-12 13.32 13.48 12.85 12.85
1998-10-14 13.37 13.38 13.0 13.0
1998-11-02 13.76 13.88 12.8 12.8
1998-12-08 12.8 13.0 12.6 12.6
1998-12-11 12.85 12.85 12.51 12.51
1998-12-22 12.97 13.0 12.45 12.45
1998-12-25 12.9 13.07 12.8 12.8
1999-01-15 11.9 11.99 11.88 11.88
1999-01-28 11.48 11.54 11.38 11.38
1999-03-03 11.35 11.35 11.02 11.02
1999-03-05 11.47 11.53 11.28 11.28
1999-03-08 12.2 12.2 11.77 11.77
1999-04-14 11.48 11.58 11.3 11.3
1999-04-23 11.0 11.12 10.9 10.9
1999-04-30 11.26 11.3 11.15 11.15
1999-05-11 10.9 10.9 10.62 10.62
1999-05-13 10.76 11.05 10.1 10.1
1999-05-19 10.93 10.97 10.46 10.46
1999-05-20 11.38 11.44 10.96 10.96
1999-05-27 11.95 12.1 11.55 11.55
1999-06-14 12.66 12.8 12.06 12.06
1999-06-24 16.8 16.88 15.1 15.1
1999-07-15 15.0 15.26 14.8 14.8
1999-07-23 14.0 14.46 13.94 13.94
1999-07-28 13.87 14.0 13.02 13.02
1999-08-13 13.54 14.39 13.3 13.3
1999-08-19 14.01 14.24 13.5 13.5
1999-09-21 14.41 14.41 13.93 13.93
1999-09-27 14.65 15.18 14.38 14.38
1999-10-13 15.21 15.55 15.06 15.06
1999-10-28 18.3 18.57 16.9 16.9
1999-11-15 16.95 17.11 16.43 16.43
1999-11-17 17.5 17.5 16.7 16.7
1999-11-22 18.89 19.3 18.2 18.2
1999-11-25 18.88 18.88 18.2 18.2
1999-12-01 18.8 18.98 18.68 18.68
1999-12-02 19.09 19.7 18.58 18.58
1999-12-03 19.41 19.49 18.88 18.88
1999-12-08 19.4 19.48 18.95 18.95
1999-12-24 18.9 19.05 18.7 18.7
1999-12-28 19.1 19.18 18.06 18.06
2000-01-12 21.38 21.66 20.9 20.9
2000-02-25 22.6 23.48 21.9 21.9
2000-03-06 24.7 25.58 24.0 24.0
2000-03-15 13.82 13.82 12.7 12.7
2000-04-03 15.9 16.2 14.87 14.87
2000-04-05 15.58 15.95 15.05 15.05
2000-04-07 16.73 16.9 15.82 15.82
2000-05-17 14.61 14.67 13.96 13.96
2000-05-18 15.28 15.5 14.61 14.61
2000-06-13 14.95 15.2 14.7 14.7
2000-06-16 15.3 15.4 15.0 15.0
2000-06-26 15.25 15.48 15.06 15.06
2000-07-07 14.98 15.0 14.4 14.4
2000-07-11 14.9 15.0 14.78 14.78
2000-07-28 15.49 15.65 15.34 15.34
2000-07-31 15.84 16.0 15.5 15.5
2000-08-17 15.11 15.35 15.1 15.1
2000-09-01 14.72 14.78 14.7 14.7
2000-09-07 13.97 14.38 13.9 13.9
2000-09-20 13.35 13.38 13.05 13.05
2000-09-27 13.17 13.3 13.0 13.0
2000-10-09 13.6 13.61 13.5 13.5
2000-10-17 13.24 13.26 13.01 13.01
2000-10-26 13.93 14.19 13.71 13.71
2000-11-10 14.1 14.12 13.91 13.91
2000-11-13 14.22 14.34 14.15 14.15
2000-11-28 14.3 14.3 14.15 14.15
2000-12-21 14.53 14.64 14.37 14.37
2001-01-18 14.3 14.33 14.25 14.25
2001-02-13 13.81 13.95 13.8 13.8
2001-02-20 13.45 13.55 13.4 13.4
2001-03-01 12.88 12.93 12.84 12.84
2001-03-02 13.1 13.1 12.9 12.9
2001-03-12 13.35 13.47 13.3 13.3
2001-03-19 13.56 13.56 13.31 13.31
2001-03-23 13.73 13.82 13.68 13.68
2001-03-26 13.94 13.98 13.65 13.65
2001-04-10 13.68 13.75 13.35 13.35
2001-04-23 13.85 13.86 13.6 13.6
2001-04-27 13.62 13.75 13.58 13.58
2001-05-09 13.71 13.9 13.5 13.5
2001-05-10 13.89 13.94 13.71 13.71
2001-05-31 15.52 16.0 14.72 14.72
2001-06-04 15.79 15.8 15.36 15.36
2001-06-11 15.56 15.78 15.47 15.47
2001-07-09 15.24 15.32 15.0 15.0
2001-07-10 15.4 15.43 15.18 15.18
2001-07-12 15.14 15.2 15.0 15.0
2001-07-20 15.31 15.35 14.92 14.92
2001-08-01 14.17 14.2 13.6 13.6
2001-08-09 13.75 13.8 13.4 13.4
2001-08-17 13.96 13.99 13.71 13.71
2001-08-23 13.94 13.95 13.65 13.65
2001-08-28 13.65 13.68 13.35 13.35
2001-09-03 13.79 13.83 13.5 13.5
2001-09-13 14.14 14.15 13.92 13.92
2001-10-24 10.96 11.51 10.65 10.65
2001-11-06 10.53 10.64 10.5 10.5
2001-11-27 11.0 11.0 10.85 10.85
2001-12-03 11.52 11.68 11.44 11.44
2003-04-01 9.56 9.68 9.52 9.52
2003-04-15 9.98 9.99 9.62 9.62
2003-08-07 7.71 7.73 7.61 7.61
2003-08-12 7.75 7.8 7.7 7.7
2003-09-02 7.53 7.67 7.5 7.5
2003-10-08 7.55 7.65 7.1 7.1
2003-11-13 6.1 6.16 6.08 6.08
2003-11-19 6.27 6.3 6.1 6.1
2003-12-04 6.91 7.03 6.85 6.85
2003-12-12 6.86 6.93 6.76 6.76
2003-12-26 6.46 6.5 6.35 6.35
2004-01-08 6.54 6.58 6.33 6.33
2004-02-06 7.46 7.54 7.44 7.44
2004-02-09 7.6 7.63 7.45 7.45
2004-02-27 7.58 7.58 7.45 7.45
2004-03-10 7.49 7.5 7.38 7.38
2004-03-22 7.48 7.52 7.4 7.4
2004-03-30 7.55 7.55 7.48 7.48
2004-04-05 7.98 7.99 7.78 7.78
2004-04-20 7.78 7.95 7.64 7.64
2004-04-22 7.45 7.52 7.4 7.4
2004-05-18 6.81 6.85 6.7 6.7
2004-05-24 6.8 6.92 6.8 6.8
2004-06-01 6.98 6.99 6.81 6.81
2004-06-02 7.01 7.03 6.93 6.93
2004-06-21 6.51 6.53 6.31 6.31
2004-07-01 6.61 6.63 6.41 6.41
2004-07-16 6.05 6.05 5.88 5.88
2004-07-23 5.74 5.76 5.61 5.61
2004-07-30 5.48 5.58 5.46 5.46
2004-08-30 5.1 5.44 4.92 4.92
2004-09-02 5.18 5.2 5.05 5.05
2004-09-15 5.35 5.46 5.1 5.1
2004-09-23 5.73 5.73 5.5 5.5
2004-10-13 5.7 5.83 5.66 5.66
2004-10-18 5.26 5.26 5.12 5.12
2004-11-02 4.86 4.93 4.86 4.86
2004-11-03 4.96 4.96 4.87 4.87
2004-11-08 4.87 4.88 4.65 4.65
2004-11-18 5.07 5.07 5.0 5.0
2004-11-23 5.27 5.3 5.18 5.18
2004-11-30 5.07 5.07 5.01 5.01
2004-12-09 5.26 5.39 5.25 5.25
2004-12-20 4.86 4.91 4.78 4.78
2004-12-21 4.94 4.94 4.86 4.86
2004-12-22 5.01 5.04 4.91 4.91
2005-01-04 4.64 4.7 4.52 4.52
2005-01-24 5.02 5.02 5.02 5.02
2005-02-17 4.67 4.68 4.57 4.57
2005-02-22 4.74 4.76 4.58 4.58
2005-03-21 4.45 4.48 4.4 4.4
2005-04-26 3.73 3.74 3.43 3.43
2005-04-27 3.59 3.65 3.36 3.36
2005-05-13 3.2 3.24 3.1 3.1
2005-06-08 3.52 3.58 3.31 3.31
2005-06-22 3.35 3.36 3.3 3.3
2005-06-27 3.5 3.52 3.27 3.27
2005-07-19 2.45 2.48 2.4 2.4
2005-07-28 2.71 2.77 2.66 2.66
2005-08-01 2.71 2.73 2.64 2.64
2005-08-22 3.1 3.16 3.06 3.06
2005-09-07 3.52 3.55 3.37 3.37
2005-09-19 3.79 3.88 3.71 3.71
2005-09-28 3.43 3.49 3.38 3.38
2005-10-11 3.28 3.29 3.15 3.15
2005-11-07 3.23 3.23 3.16 3.16
2005-11-11 3.16 3.18 3.08 3.08
2005-11-16 3.41 3.52 3.25 3.25
2005-11-23 3.24 3.26 3.19 3.19
2005-11-25 3.29 3.3 3.21 3.21
2005-12-07 3.16 3.2 3.14 3.14
2006-01-04 3.24 3.28 3.2 3.2
2006-01-12 3.41 3.46 3.33 3.33
2006-02-06 3.32 3.32 3.21 3.21
2006-02-10 3.45 3.48 3.36 3.36
2006-02-22 3.37 3.38 3.32 3.32
2006-03-20 3.35 3.35 3.25 3.25
2006-05-12 4.14 4.16 3.85 3.85
2006-05-17 4.22 4.29 4.0 4.0
2006-05-26 4.53 4.68 4.34 4.34
2006-10-18 4.26 4.28 4.17 4.17
2006-10-24 4.23 4.23 4.05 4.05
2006-11-03 4.07 4.08 4.02 4.02
2006-11-23 3.92 3.95 3.86 3.86
2006-11-30 4.06 4.08 4.0 4.0
2006-12-19 4.46 4.72 4.3 4.3
2007-01-08 4.42 4.43 4.2 4.2
2007-01-19 5.09 5.1 4.73 4.73
2007-01-29 5.19 5.21 4.96 4.96
2007-04-02 7.41 7.44 7.18 7.18
2007-04-12 11.18 11.39 10.46 10.46
2007-04-20 10.95 11.1 10.53 10.53
2007-05-21 12.09 12.09 10.56 10.56
2007-06-01 15.28 15.28 14.1 14.1
2007-09-06 14.98 15.66 14.81 14.81
2007-10-29 11.88 11.88 10.88 10.88
2007-11-06 10.63 10.84 10.38 10.38
2007-11-19 10.74 10.74 9.8 9.8
2007-11-29 10.99 10.99 10.12 10.12
2007-12-21 12.35 12.47 11.7 11.7
2008-01-02 12.94 13.04 12.75 12.75
2008-01-03 14.23 14.23 13.1 13.1
2008-01-09 13.89 13.98 13.45 13.45
2008-02-04 11.15 11.15 10.35 10.35
2008-02-18 11.5 11.66 11.05 11.05
2008-02-29 12.13 12.2 12.0 12.0
2008-03-06 13.32 13.49 12.65 12.65
2008-04-11 8.83 8.96 8.64 8.64
2008-06-05 7.58 7.6 7.3 7.3
2008-07-07 6.41 6.44 6.15 6.15
2008-08-13 5.37 5.57 5.16 5.16
2008-10-20 4.29 4.37 4.08 4.08
2008-11-11 4.18 4.18 3.71 3.71
2008-11-19 4.39 4.45 4.08 4.08
2008-12-16 5.02 5.05 4.77 4.77
2008-12-31 4.73 4.78 4.6 4.6
2009-01-05 4.94 4.95 4.73 4.73
2009-01-12 5.11 5.22 4.93 4.93
2009-01-14 5.19 5.22 5.0 5.0
2009-02-06 5.9 5.95 5.62 5.62
2009-02-11 6.89 6.98 6.27 6.27
2009-02-24 7.17 7.25 6.8 6.8
2009-03-03 5.95 6.07 5.68 5.68
2009-03-04 6.26 6.29 5.92 5.92
2009-03-10 6.86 6.86 6.2 6.2
2009-03-23 7.01 7.14 6.77 6.77
2009-04-20 8.27 8.52 7.51 7.51
2009-05-04 8.63 8.66 8.13 8.13
2009-05-12 8.64 8.67 8.23 8.23
2009-05-13 8.72 8.74 8.55 8.55
2009-08-11 9.96 10.1 9.91 9.91
2009-08-13 9.43 9.5 9.16 9.16
2009-08-18 8.6 8.66 8.19 8.19
2009-10-23 10.7 10.7 10.7 10.7
2009-10-26 11.77 11.77 11.77 11.77
2009-11-19 12.37 12.49 12.01 12.01
2009-12-31 11.73 11.87 11.59 11.59
2010-01-14 12.29 12.44 11.86 11.86
2010-01-18 11.41 11.6 11.11 11.11
2010-01-25 11.0 11.27 10.74 10.74
2010-02-02 9.4 9.47 9.32 9.32
2010-05-05 10.4 10.59 10.0 10.0
2010-05-24 9.89 9.92 9.5 9.5
2010-07-06 8.15 8.19 7.92 7.92
2010-07-28 9.86 9.91 9.6 9.6
2010-09-03 11.27 11.4 10.8 10.8
2010-09-30 10.84 10.85 10.6 10.6
2010-10-29 12.06 12.1 11.65 11.65
2010-11-24 13.84 13.85 13.32 13.32
2010-12-13 14.38 14.56 14.0 14.0
2010-12-14 14.46 14.56 14.32 14.32
2010-12-29 13.55 13.73 13.02 13.02
2011-01-27 11.23 11.56 10.9 10.9
2011-02-09 12.04 12.17 11.55 11.55
2011-02-16 14.08 14.08 12.65 12.65
2011-03-11 15.87 16.01 15.45 15.45
2011-03-14 16.71 16.81 16.0 16.0
2011-04-01 15.17 15.19 14.57 14.57
2011-04-29 14.16 14.26 13.32 13.32
2011-06-21 12.64 12.65 12.07 12.07
2011-08-26 12.87 12.92 12.75 12.75
2011-09-06 11.84 12.05 11.79 11.79
2011-09-13 11.73 11.87 11.56 11.56
2011-09-15 11.99 12.09 11.87 11.87
2011-09-16 12.05 12.16 11.99 11.99
2011-10-26 10.38 10.4 10.07 10.07
2011-10-31 10.79 11.04 10.55 10.55
2011-11-03 11.02 11.08 10.78 10.78
2011-11-17 11.17 11.28 11.07 11.07
2011-11-22 10.72 10.75 10.58 10.58
2011-11-29 10.7 10.71 10.56 10.56
2011-12-26 8.57 8.7 8.48 8.48
2012-01-16 7.91 8.34 7.8 7.8
2012-02-09 8.83 9.08 8.67 8.67
2012-02-27 9.63 9.88 9.61 9.61
2012-02-28 9.55 9.68 9.5 9.5
2012-03-05 9.81 10.03 9.61 9.61
2012-03-21 11.44 11.68 10.69 10.69
2012-04-19 10.72 10.78 10.3 10.3
2012-06-01 9.85 9.99 9.8 9.8
2012-06-14 9.18 9.23 9.07 9.07
2012-06-26 8.48 8.62 8.35 8.35
2012-06-29 8.34 8.4 8.25 8.25
2012-07-12 7.91 7.94 7.65 7.65
2012-07-23 8.01 8.04 7.95 7.95
2012-08-14 8.29 8.3 8.06 8.06
2012-09-11 8.27 8.55 8.07 8.07
2012-09-19 7.98 8.07 7.86 7.86
2012-12-19 7.44 7.48 6.7 6.7
2013-01-21 7.56 7.56 7.45 7.45
2013-01-25 7.31 7.39 7.21 7.21
2013-01-29 7.55 7.56 7.45 7.45
2013-02-28 7.47 7.48 7.33 7.33
2013-03-07 7.75 7.85 7.58 7.58
2013-04-03 7.66 7.85 7.6 7.6
2013-04-24 7.14 7.16 7.01 7.01
2013-05-03 6.9 6.94 6.79 6.79
2013-05-15 7.61 7.71 7.43 7.43
2013-07-04 6.53 6.65 6.35 6.35
2013-07-05 6.51 6.6 6.5 6.5
2013-07-15 6.65 6.68 6.54 6.54
2013-07-16 6.8 6.84 6.58 6.58
2013-08-02 6.86 6.99 6.71 6.71
2013-08-12 7.17 7.19 6.99 6.99
2013-10-31 8.2 8.28 7.91 7.91
2013-12-30 9.4 9.52 9.3 9.3
2014-01-14 8.48 8.53 8.2 8.2
2014-01-20 8.18 8.31 8.06 8.06
2014-01-21 8.31 8.36 8.12 8.12
2014-02-24 9.33 9.35 9.06 9.06
2014-03-18 9.78 9.9 9.56 9.56
2014-03-20 9.91 10.23 9.76 9.76
2014-04-09 9.69 9.75 9.63 9.63
2014-04-17 10.15 10.2 9.78 9.78
2014-05-05 11.36 11.59 10.61 10.61
2014-07-23 12.35 12.71 11.94 11.94
2014-08-04 14.06 14.38 13.19 13.19
2014-08-11 14.15 14.2 13.72 13.72
2014-08-27 14.1 14.34 13.82 13.82
2014-09-10 15.24 15.32 14.81 14.81
2014-09-24 16.26 16.26 15.18 15.18
2014-10-10 16.76 16.97 16.2 16.2
2014-11-07 27.76 28.33 26.15 26.15
2014-12-10 22.59 23.0 20.8 20.8
2014-12-18 21.79 22.29 21.42 21.42
2014-12-24 18.5 18.7 18.18 18.18
2014-12-31 18.96 18.96 17.5 17.5
2015-01-13 18.11 18.29 17.8 17.8
2015-01-21 21.18 21.6 20.68 20.68
2015-03-16 22.15 22.26 21.2 21.2
2015-04-02 24.23 24.25 23.62 23.62
2015-04-10 23.7 24.11 23.14 23.14
2015-04-13 25.35 25.63 24.4 24.4
2015-04-17 25.6 25.98 24.35 24.35
2015-05-14 26.96 26.97 25.68 25.68
2015-06-01 30.73 30.9 29.3 29.3
2015-06-05 35.64 36.5 33.4 33.4
2015-07-07 14.21 14.44 14.21 14.21
2015-07-08 12.79 12.79 12.79 12.79
2015-07-09 14.07 14.07 11.51 11.51
2015-07-10 15.48 15.48 14.77 14.77
2015-07-16 18.55 18.55 15.17 15.17
2015-08-05 29.19 31.18 28.0 28.0
2015-08-25 26.04 26.88 26.04 26.04
2015-09-02 23.0 27.12 23.0 23.0
2015-10-22 31.98 32.44 29.03 29.03
2015-11-04 30.05 30.18 28.0 28.0
2015-12-02 27.89 29.0 27.26 27.26
2015-12-17 27.14 27.5 26.46 26.46
2016-01-05 24.38 25.95 22.9 22.9
2016-01-14 18.83 18.99 16.79 16.79
2016-01-20 21.12 21.99 20.51 20.51
2016-02-24 23.75 24.2 21.88 21.88
2016-03-17 20.39 20.58 19.77 19.77
2016-04-14 24.24 24.33 23.8 23.8
2016-04-26 21.88 21.9 21.2 21.2
2016-04-29 21.97 22.24 21.82 21.82
2016-05-31 19.97 19.99 19.11 19.11
2016-06-03 20.5 20.67 20.26 20.26
2016-06-27 21.24 21.3 20.17 20.17
2016-06-29 21.97 22.54 21.83 21.83
2016-07-08 23.5 23.99 23.03 23.03
2016-08-09 22.07 22.4 21.85 21.85
2016-08-16 22.44 23.0 22.0 22.0
2016-08-17 22.41 22.8 22.21 22.21
2016-08-24 22.62 23.5 22.4 22.4
2016-09-07 23.38 23.84 22.99 22.99
2016-11-22 27.48 27.7 26.96 26.96
2016-12-02 29.03 29.98 28.8 28.8
2017-01-04 29.86 29.92 28.81 28.81
2017-01-13 40.61 41.72 39.15 39.15
2017-02-28 38.0 38.35 36.8 36.8
2017-05-17 24.64 25.99 24.16 24.16
2017-06-07 22.04 22.14 21.5 21.5
2017-06-12 25.0 26.1 24.77 24.77
2017-06-21 26.06 27.0 25.8 25.8
2017-08-10 33.45 34.63 33.35 33.35
