2001-12-31 16.45 16.8 16.4 16.4
2002-03-07 16.82 16.95 16.16 16.16
2002-03-14 16.98 17.0 16.55 16.55
2002-04-10 16.98 17.22 16.6 16.6
2002-04-12 16.64 16.88 16.46 16.46
2002-04-16 16.9 17.09 16.71 16.71
2002-05-14 16.27 16.6 16.2 16.2
2002-05-17 15.49 15.6 15.2 15.2
2002-05-23 15.32 15.59 15.2 15.2
2002-05-27 15.15 15.29 15.0 15.0
2002-06-03 14.35 14.5 14.3 14.3
2002-06-06 15.01 15.15 14.28 14.28
2002-07-05 15.93 16.16 15.7 15.7
2002-07-11 15.69 15.86 15.6 15.6
2002-07-12 15.71 15.83 15.65 15.65
2002-08-02 15.34 15.34 15.16 15.16
2002-08-20 14.9 14.94 14.65 14.65
2002-09-12 14.82 14.9 14.7 14.7
2002-09-25 14.54 14.6 14.51 14.51
2002-10-16 13.83 13.94 13.7 13.7
2002-10-21 13.65 13.67 13.5 13.5
2002-10-22 13.8 13.93 13.65 13.65
2002-10-31 12.88 13.1 12.81 12.81
2002-11-28 11.41 11.42 10.72 10.72
2002-12-17 11.68 11.72 11.5 11.5
2003-01-07 10.68 10.93 10.57 10.57
2003-01-16 12.03 12.03 11.5 11.5
2003-01-22 11.76 11.8 11.52 11.52
2003-02-18 11.79 11.89 11.72 11.72
2003-02-25 12.49 12.77 12.35 12.35
2003-03-11 11.78 11.9 11.72 11.72
2003-03-14 11.69 11.83 11.65 11.65
2003-03-21 11.74 11.77 11.52 11.52
2003-04-01 11.6 11.69 11.41 11.41
2003-04-04 11.59 11.63 11.5 11.5
2003-04-15 11.87 11.95 11.5 11.5
2003-05-14 9.32 9.32 9.0 9.0
2003-05-19 9.83 9.97 9.6 9.6
2003-05-21 9.58 9.7 9.52 9.52
2003-06-13 10.17 10.29 9.8 9.8
2003-07-10 9.83 9.89 9.61 9.61
2003-07-22 9.17 9.24 9.01 9.01
2003-07-25 9.09 9.28 9.01 9.01
2003-08-04 9.58 9.78 9.43 9.43
2003-09-03 9.35 9.5 9.14 9.14
2003-09-16 8.88 8.97 8.73 8.73
2003-09-22 8.52 8.67 8.39 8.39
2003-09-26 8.45 8.63 8.41 8.41
2003-10-31 7.36 7.58 7.22 7.22
2003-11-12 6.75 6.85 6.72 6.72
2003-11-19 7.06 7.15 6.73 6.73
2003-11-20 7.59 7.75 7.02 7.02
2003-12-03 8.08 8.24 8.01 8.01
2004-01-02 7.49 7.65 7.38 7.38
2004-01-07 7.59 7.7 7.4 7.4
2004-01-16 8.28 8.35 7.96 7.96
2004-02-10 9.02 9.22 8.73 8.73
2004-03-31 9.8 10.25 9.38 9.38
2004-05-12 8.67 8.68 8.37 8.37
2004-05-27 7.83 7.89 7.62 7.62
2004-06-01 8.17 8.2 7.9 7.9
2004-06-04 7.92 8.0 7.78 7.78
2004-06-11 8.22 8.47 8.15 8.15
2004-07-01 7.19 7.26 6.95 6.95
2004-07-29 6.68 6.69 6.53 6.53
2004-08-04 6.68 6.75 6.48 6.48
2004-08-10 6.62 6.64 6.55 6.55
2004-08-17 6.37 6.45 6.25 6.25
2004-09-06 6.42 6.5 6.4 6.4
2004-09-07 6.42 6.43 6.35 6.35
2004-10-28 6.13 6.25 6.1 6.1
2004-11-26 6.55 6.6 6.5 6.5
2004-12-08 6.4 6.55 6.38 6.38
2004-12-28 6.0 6.05 5.95 5.95
2005-02-01 5.12 5.24 5.1 5.1
2005-02-04 5.46 5.48 5.3 5.3
2005-02-21 5.47 5.48 5.32 5.32
2005-02-28 5.71 5.78 5.63 5.63
2005-03-29 5.01 5.1 4.99 4.99
2005-04-13 5.55 5.68 5.25 5.25
2005-04-29 5.24 5.34 5.2 5.2
2005-05-17 5.22 5.26 5.1 5.1
2005-05-20 5.23 5.25 5.13 5.13
2005-06-08 5.29 5.41 5.02 5.02
2005-06-14 5.26 5.38 5.2 5.2
2005-06-27 5.31 5.33 5.16 5.16
2005-07-22 3.85 3.9 3.7 3.7
2005-08-01 4.13 4.15 4.02 4.02
2005-09-13 5.15 5.15 5.02 5.02
2005-09-27 5.07 5.33 4.92 4.92
2005-09-29 5.0 5.0 4.8 4.8
2005-10-19 5.15 5.25 5.07 5.07
2005-10-21 5.22 5.29 5.04 5.04
2006-01-04 6.53 6.62 6.22 6.22
2006-01-09 6.74 6.86 6.6 6.6
2006-02-06 7.0 7.0 6.65 6.65
2006-02-15 7.3 7.37 7.09 7.09
2006-03-01 6.78 6.82 6.68 6.68
2006-03-14 6.31 6.32 6.13 6.13
2006-04-03 7.0 7.1 6.6 6.6
2006-04-10 7.84 7.9 7.25 7.25
2006-04-20 8.24 8.34 7.98 7.98
2006-05-15 12.98 12.98 12.07 12.07
2006-05-29 12.28 12.28 11.17 11.17
2006-06-01 14.66 14.66 13.33 13.33
2006-06-26 13.45 14.05 13.01 13.01
2006-06-27 13.36 13.8 13.3 13.3
2006-10-18 12.33 12.45 11.55 11.55
2006-10-31 11.15 11.24 10.58 10.58
2006-11-03 10.66 10.86 10.6 10.6
2006-12-14 10.13 10.19 9.78 9.78
2007-01-05 10.89 10.98 10.28 10.28
2007-01-08 11.57 11.8 11.02 11.02
2007-01-15 11.92 11.93 11.21 11.21
2007-01-16 12.77 12.95 12.03 12.03
2007-02-05 12.89 13.2 12.33 12.33
2007-02-09 13.98 14.33 13.45 13.45
2007-04-05 18.36 18.5 18.0 18.0
2007-04-20 21.35 21.35 19.61 19.61
2007-05-17 23.3 23.8 22.97 22.97
2007-05-21 24.08 24.4 22.01 22.01
2007-05-23 24.32 24.37 23.51 23.51
2007-05-29 29.0 29.63 27.81 27.81
2007-05-30 26.1 28.0 26.1 26.1
2007-06-12 27.4 27.8 25.61 25.61
2007-06-21 26.92 27.39 26.45 26.45
2007-07-09 23.18 23.33 22.35 22.35
2007-07-12 24.08 24.3 23.58 23.58
2007-07-20 25.24 25.58 24.5 24.5
2007-07-23 27.13 27.3 25.06 25.06
2007-07-26 28.41 29.1 27.5 27.5
2007-08-02 29.92 30.3 28.12 28.12
2007-08-10 31.0 33.0 29.71 29.71
2007-08-20 30.14 30.46 29.12 29.12
2007-09-19 29.28 30.12 29.0 29.0
2007-10-31 26.7 27.26 26.0 26.0
2007-11-13 24.36 24.75 24.0 24.0
2007-11-16 25.73 26.38 25.18 25.18
2007-12-05 29.99 30.15 29.2 29.2
2007-12-10 30.44 30.89 29.36 29.36
2007-12-19 32.89 33.01 31.6 31.6
2008-01-23 36.35 37.0 34.1 34.1
2008-02-18 33.67 33.98 33.0 33.0
2008-02-25 36.19 36.95 35.48 35.48
2008-04-07 23.09 23.3 20.71 20.71
2008-04-15 23.43 23.8 21.68 21.68
2008-04-29 24.39 24.78 23.57 23.57
2008-04-30 25.8 25.98 24.49 24.49
2008-06-25 17.66 17.88 16.35 16.35
2008-07-09 20.09 20.5 19.6 19.6
2008-07-11 20.79 20.87 19.8 19.8
2008-08-19 16.14 16.38 15.71 15.71
2008-08-28 13.97 14.22 13.53 13.53
2008-08-29 14.5 14.65 13.97 13.97
2008-09-02 14.26 14.27 13.65 13.65
2008-09-17 13.21 13.28 13.0 13.0
2008-09-19 14.38 14.38 14.37 14.37
2008-10-15 10.66 11.24 10.55 10.55
2008-10-20 9.6 9.68 9.03 9.03
2008-10-28 8.18 8.34 7.71 7.71
2008-11-05 7.75 7.86 7.51 7.51
2008-11-13 10.2 10.55 9.51 9.51
2008-11-20 10.75 11.55 10.37 10.37
2008-12-03 11.32 11.74 11.06 11.06
2008-12-04 11.5 12.27 11.37 11.37
2008-12-05 11.87 11.99 11.25 11.25
2008-12-18 13.09 13.09 11.69 11.69
2008-12-22 13.04 13.2 12.7 12.7
2008-12-24 12.48 12.68 11.81 11.81
2009-01-06 13.95 14.14 13.02 13.02
2009-01-20 14.77 14.85 14.48 14.48
2009-04-01 20.18 20.6 19.9 19.9
2009-04-02 21.19 21.69 20.3 20.3
2009-04-16 21.45 21.5 20.39 20.39
2009-05-04 18.99 19.0 18.24 18.24
2009-05-12 18.43 18.6 17.8 17.8
2009-05-14 20.0 20.21 18.78 18.78
2009-05-26 18.4 18.74 17.97 17.97
2009-06-18 18.89 18.95 18.4 18.4
2009-06-19 19.1 19.6 18.9 18.9
2009-06-29 19.97 20.2 19.24 19.24
2009-07-08 22.58 22.78 21.05 21.05
2009-07-23 25.38 25.5 24.4 24.4
2009-07-27 26.39 27.41 25.84 25.84
2009-09-17 25.23 25.3 24.3 24.3
2009-09-21 25.31 25.32 24.15 24.15
2009-09-24 22.26 22.85 21.85 21.85
2009-10-09 22.07 22.12 21.51 21.51
2009-10-23 22.68 22.77 22.33 22.33
2009-10-30 21.22 21.68 21.15 21.15
2009-11-05 22.68 22.69 22.19 22.19
2009-11-30 25.29 25.34 23.67 23.67
2009-12-25 23.0 23.14 22.5 22.5
2010-01-06 24.54 24.88 24.07 24.07
2010-01-12 24.87 25.0 23.79 23.79
2010-03-19 27.54 27.77 27.15 27.15
2010-04-29 29.05 30.1 29.05 29.05
2010-06-08 18.99 19.35 18.54 18.54
2010-06-21 18.63 18.72 18.11 18.11
2010-06-22 18.94 19.17 18.42 18.42
2010-07-26 19.35 19.59 18.75 18.75
2010-08-02 20.76 21.49 20.43 20.43
2010-10-08 25.29 25.46 24.62 24.62
2010-11-04 29.34 29.69 28.15 28.15
2010-11-24 24.95 25.0 24.25 24.25
2010-11-29 25.9 26.42 25.46 25.46
2010-12-13 25.9 26.06 24.52 24.52
2010-12-28 23.56 23.87 23.23 23.23
2011-01-04 24.91 25.46 24.62 24.62
2011-01-12 26.0 27.1 25.35 25.35
2011-02-15 23.41 23.93 23.15 23.15
2011-02-16 23.7 23.74 23.12 23.12
2011-02-23 23.95 24.08 23.7 23.7
2011-03-04 25.17 25.23 23.75 23.75
2011-03-08 25.72 26.0 25.25 25.25
2011-03-11 26.0 26.79 25.4 25.4
2011-04-01 23.96 24.27 23.5 23.5
2011-04-07 24.28 24.3 24.08 24.08
2011-04-12 24.34 24.74 24.03 24.03
2011-04-29 21.28 21.3 20.72 20.72
2011-05-03 21.87 22.0 21.3 21.3
2011-05-05 21.9 21.98 21.25 21.25
2011-05-13 22.02 22.05 21.62 21.62
2011-06-21 20.93 21.12 20.7 20.7
2011-06-30 23.45 23.95 23.12 23.12
2011-07-04 23.55 23.58 23.11 23.11
2011-07-05 23.98 24.5 23.62 23.62
2011-07-13 24.29 24.3 24.05 24.05
2011-08-01 22.69 22.92 22.6 22.6
2011-08-23 21.51 21.63 21.15 21.15
2011-10-26 17.39 17.72 17.35 17.35
2011-11-07 18.51 18.7 18.42 18.42
2011-11-09 20.1 20.1 18.6 18.6
2011-12-09 18.21 18.63 18.2 18.2
2011-12-23 16.46 16.66 16.05 16.05
2011-12-30 16.17 16.35 16.08 16.08
2012-02-08 17.35 17.42 16.88 16.88
2012-02-13 17.61 17.9 17.31 17.31
2012-03-01 18.39 18.66 17.74 17.74
2012-03-05 19.45 20.0 18.72 18.72
2012-03-15 19.65 19.94 19.36 19.36
2012-04-17 19.61 19.96 19.59 19.59
2012-05-04 19.85 19.98 19.5 19.5
2012-05-07 20.06 20.2 19.55 19.55
2012-07-26 8.45 8.56 8.39 8.39
2012-08-01 7.88 7.99 7.78 7.78
2012-09-28 8.44 8.47 8.15 8.15
2012-11-01 8.78 8.92 8.5 8.5
2013-01-23 12.55 12.75 11.82 11.82
2013-01-24 13.81 13.81 12.56 12.56
2013-03-19 14.21 14.23 13.69 13.69
2013-03-27 14.2 14.39 14.02 14.02
2013-04-19 12.74 12.77 12.45 12.45
2013-05-03 10.95 11.09 10.73 10.73
2013-05-13 12.75 12.87 11.72 11.72
2013-05-15 12.44 12.76 12.26 12.26
2013-06-17 12.92 12.94 12.1 12.1
2013-07-04 10.81 11.22 10.15 10.15
2013-07-15 10.63 10.77 10.32 10.32
2013-07-16 11.04 11.22 10.82 10.82
2013-11-11 11.21 11.26 11.0 11.0
2013-12-12 12.62 12.69 12.5 12.5
2014-01-20 12.32 12.49 12.03 12.03
2014-01-21 12.4 12.47 12.15 12.15
2014-01-22 12.52 12.59 12.32 12.32
2014-02-17 13.8 13.95 13.32 13.32
2014-03-26 12.86 13.05 12.6 12.6
2014-04-01 12.17 12.25 11.9 11.9
2014-04-11 12.86 13.06 12.7 12.7
2014-05-27 12.08 12.22 11.93 11.93
2014-06-05 11.83 11.9 11.69 11.69
2014-06-18 12.21 12.55 12.01 12.01
2014-06-30 13.79 13.98 13.04 13.04
2014-07-02 14.86 14.86 13.7 13.7
2014-08-11 16.47 16.62 16.28 16.28
2014-08-27 17.31 17.31 16.1 16.1
2014-09-01 19.07 19.07 17.8 17.8
2014-09-19 20.74 20.97 20.12 20.12
2014-09-23 23.47 23.47 21.37 21.37
2014-10-08 25.01 25.4 23.66 23.66
2014-12-15 31.02 32.62 29.65 29.65
2015-03-30 40.27 40.55 38.13 38.13
2015-04-20 51.7 51.72 46.0 46.0
2015-06-09 67.85 70.28 66.1 66.1
2015-07-03 42.68 46.64 42.68 42.68
2015-07-07 34.57 34.57 34.57 34.57
2015-07-08 31.11 31.11 31.11 31.11
2015-07-09 34.22 34.22 28.0 28.0
2015-07-10 37.64 37.64 34.02 34.02
2015-07-16 39.78 42.34 35.58 35.58
2015-07-17 43.76 43.76 40.05 40.05
2015-07-22 51.18 51.5 46.5 46.5
2015-07-24 54.75 57.9 52.0 52.0
2015-08-10 54.12 54.12 50.5 50.5
2015-08-25 35.0 35.0 35.0 35.0
2015-09-02 30.91 34.45 30.91 30.91
2015-09-21 31.81 31.81 28.28 28.28
2015-09-30 36.11 36.25 33.5 33.5
2015-10-14 39.72 39.72 39.72 39.72
2016-01-15 40.08 40.5 37.05 37.05
2016-02-17 46.01 47.7 44.75 44.75
2016-03-30 42.75 42.85 41.51 41.51
2016-04-13 41.3 41.85 40.88 40.88
2016-05-19 34.74 35.29 34.59 34.59
2016-05-31 35.54 35.63 33.9 33.9
2016-06-01 37.1 39.0 35.66 35.66
2016-07-01 38.97 40.4 38.21 38.21
2016-08-12 37.91 37.99 37.3 37.3
2016-09-19 38.91 39.15 38.48 38.48
2016-09-21 38.67 38.9 38.45 38.45
2016-09-29 38.05 38.38 37.95 37.95
2016-09-30 38.16 38.47 37.92 37.92
2016-10-10 38.99 39.02 38.25 38.25
2016-10-11 39.34 39.99 39.1 39.1
2016-10-18 38.74 38.8 38.03 38.03
2017-01-04 36.47 36.56 36.1 36.1
2017-01-19 35.87 36.16 35.65 35.65
2017-01-25 36.84 36.87 36.1 36.1
2017-03-13 37.14 37.19 36.8 36.8
2017-03-16 37.4 37.44 37.02 37.02
2017-03-31 35.88 36.34 35.61 35.61
2017-04-07 36.45 36.48 35.91 35.91
2017-04-25 34.47 34.63 34.07 34.07
2017-05-09 29.79 30.19 29.5 29.5
2017-05-18 26.68 27.25 26.55 26.55
2017-08-04 27.18 27.69 25.61 25.61
