2001-03-02 8.13 8.24 8.12 8.12
2001-04-02 9.04 9.1 8.91 8.91
2001-05-08 8.78 8.85 8.7 8.7
2001-05-16 8.99 9.02 8.94 8.94
2001-06-21 9.48 9.5 9.3 9.3
2001-06-25 9.73 9.79 9.61 9.61
2001-07-19 9.42 9.45 9.38 9.38
2001-07-20 9.59 9.61 9.44 9.44
2001-08-09 9.68 9.7 9.48 9.48
2001-08-20 9.9 9.96 9.75 9.75
2001-08-21 10.01 10.08 9.92 9.92
2001-10-09 9.36 9.43 9.19 9.19
2001-10-23 9.94 9.94 9.3 9.3
2001-11-06 8.61 8.67 8.56 8.56
2001-11-09 8.61 8.74 8.49 8.49
2001-11-20 8.84 8.85 8.65 8.65
2001-11-23 8.94 8.98 8.8 8.8
2001-12-13 8.86 8.92 8.8 8.8
2001-12-17 9.04 9.09 9.0 9.0
2001-12-28 9.2 9.24 8.72 8.72
2002-01-08 8.88 8.95 8.82 8.82
2002-01-30 8.21 8.3 7.85 7.85
2002-01-31 8.66 8.75 8.25 8.25
2002-02-05 8.85 8.91 8.62 8.62
2002-02-25 9.01 9.04 8.81 8.81
2002-03-18 9.45 9.47 9.1 9.1
2002-04-03 10.12 10.29 10.04 10.04
2002-04-30 11.34 12.0 11.03 11.03
2002-06-18 10.54 10.8 10.36 10.36
2002-07-10 10.2 10.27 10.19 10.19
2002-07-12 10.17 10.23 10.0 10.0
2002-07-26 10.39 10.45 10.2 10.2
2002-07-31 10.33 10.4 10.28 10.28
2002-08-06 10.26 10.32 10.2 10.2
2002-08-14 10.14 10.22 10.02 10.02
2002-08-21 10.38 10.42 10.35 10.35
2002-09-17 11.11 11.11 11.0 11.0
2002-09-23 11.14 11.16 10.98 10.98
2002-09-24 11.13 11.14 11.05 11.05
2002-09-27 10.88 11.01 10.71 10.71
2002-10-08 10.95 11.01 10.7 10.7
2002-10-25 11.59 11.67 11.5 11.5
2002-11-07 11.94 11.95 11.65 11.65
2002-11-12 12.3 12.31 11.99 11.99
2002-12-09 11.3 11.35 11.26 11.26
2002-12-11 11.21 11.31 11.13 11.13
2002-12-31 12.3 12.45 11.8 11.8
2003-01-07 11.58 11.71 11.43 11.43
2003-01-09 11.95 12.2 11.74 11.74
2003-01-24 11.82 12.0 11.72 11.72
2003-01-27 11.92 12.02 11.8 11.8
2003-02-18 11.98 12.1 11.9 11.9
2003-02-27 11.85 11.93 11.73 11.73
2003-02-28 11.95 11.95 11.75 11.75
2003-03-03 12.19 12.2 11.88 11.88
2003-03-12 12.22 12.28 12.0 12.0
2003-03-21 12.02 12.19 11.8 11.8
2003-04-03 11.86 11.97 11.8 11.8
2003-04-04 12.2 12.32 11.83 11.83
2003-05-26 12.42 12.5 12.18 12.18
2003-06-23 11.75 11.86 11.41 11.41
2003-06-25 11.76 11.88 11.7 11.7
2003-07-02 11.75 11.8 11.65 11.65
2003-07-03 11.83 11.92 11.75 11.75
2003-08-01 11.2 11.31 11.15 11.15
2003-08-06 11.64 11.73 11.56 11.56
2003-08-26 10.72 10.8 10.47 10.47
2003-09-02 10.55 10.57 10.45 10.45
2003-09-03 10.33 10.55 10.0 10.0
2003-09-29 8.76 8.84 8.61 8.61
2003-10-15 8.65 8.66 8.6 8.6
2003-10-24 8.1 8.19 8.08 8.08
2003-11-19 7.94 7.96 7.77 7.77
2003-11-20 8.52 8.73 7.85 7.85
2003-11-24 8.79 8.8 8.22 8.22
2003-11-25 9.02 9.38 8.7 8.7
2003-11-26 9.32 9.58 8.99 8.99
2003-12-01 8.97 8.98 8.8 8.8
2003-12-26 10.18 10.21 9.6 9.6
2003-12-30 10.67 10.9 10.0 10.0
2004-01-08 9.48 9.57 9.31 9.31
2004-01-16 9.49 9.55 9.41 9.41
2004-01-29 9.71 9.8 9.5 9.5
2004-02-12 9.45 9.53 9.35 9.35
2004-03-03 8.81 8.88 8.53 8.53
2004-03-15 8.42 8.46 8.32 8.32
2004-03-31 8.37 8.46 8.22 8.22
2004-04-12 8.28 8.33 8.18 8.18
2004-04-30 7.38 7.45 7.23 7.23
2004-05-18 7.13 7.14 7.0 7.0
2004-06-11 6.59 6.9 6.53 6.53
2004-07-01 6.7 6.73 6.5 6.5
2004-07-06 6.79 6.82 6.71 6.71
2004-07-09 6.69 6.8 6.68 6.68
2004-07-28 6.08 6.12 6.0 6.0
2004-08-09 5.83 5.87 5.78 5.78
2004-08-10 5.87 5.89 5.8 5.8
2004-08-24 5.66 5.68 5.48 5.48
2004-09-06 5.69 5.69 5.56 5.56
2004-09-14 5.33 5.34 5.18 5.18
2004-09-15 5.59 5.7 5.34 5.34
2004-11-03 5.95 5.97 5.69 5.69
2004-11-05 5.88 5.94 5.77 5.77
2004-11-30 5.99 6.12 5.94 5.94
2004-12-22 5.57 5.58 5.43 5.43
2005-01-11 5.33 5.33 5.25 5.25
2005-01-13 5.38 5.41 5.35 5.35
2005-02-02 5.42 5.42 5.17 5.17
2005-02-16 5.69 5.82 5.46 5.46
2005-03-21 6.09 6.09 5.79 5.79
2005-03-22 6.41 6.58 6.01 6.01
2005-04-26 6.29 6.36 6.01 6.01
2005-05-20 6.28 6.3 6.21 6.21
2005-06-01 6.29 6.38 6.2 6.2
2005-06-06 6.05 6.06 5.82 5.82
2005-06-08 6.47 6.5 5.98 5.98
2005-07-07 6.22 6.26 6.15 6.15
2005-07-08 6.13 6.22 6.05 6.05
2005-07-11 6.15 6.38 6.13 6.13
2005-07-20 6.16 6.2 6.11 6.11
2005-07-22 6.3 6.34 6.25 6.25
2005-08-24 7.02 7.03 6.88 6.88
2005-09-07 7.09 7.12 7.0 7.0
2005-09-26 6.99 6.99 6.88 6.88
2005-09-29 6.97 6.98 6.81 6.81
2005-11-02 6.4 6.48 6.32 6.32
2005-11-17 6.0 6.05 5.83 5.83
2005-12-07 6.0 6.01 5.92 5.92
2005-12-09 6.17 6.18 6.03 6.03
2005-12-23 6.33 6.4 6.25 6.25
2005-12-27 6.36 6.4 6.34 6.34
2006-01-05 6.54 6.56 6.47 6.47
2006-02-08 6.5 6.5 6.42 6.42
2006-02-09 6.48 6.58 6.45 6.45
2006-04-14 6.15 6.19 6.08 6.08
2006-10-13 4.89 4.94 4.8 4.8
2006-10-24 4.73 4.73 4.65 4.65
2006-10-31 4.82 4.85 4.74 4.74
2006-12-11 5.03 5.04 4.9 4.9
2006-12-29 5.19 5.28 5.08 5.08
2007-01-15 5.63 5.64 5.41 5.41
2007-01-22 6.13 6.19 5.96 5.96
2007-02-28 6.25 6.3 5.99 5.99
2007-03-15 6.71 6.78 6.52 6.52
2007-04-23 8.63 8.66 8.2 8.2
2007-05-25 10.66 10.89 10.13 10.13
2007-07-06 8.04 8.05 7.56 7.56
2007-07-23 8.2 8.22 7.9 7.9
2007-07-26 8.8 8.95 8.6 8.6
2007-08-06 8.68 8.79 8.53 8.53
2007-08-17 8.98 9.18 8.82 8.82
2007-08-20 9.38 9.46 9.11 9.11
2007-08-23 9.91 9.93 9.7 9.7
2007-08-24 10.02 10.24 9.91 9.91
2007-09-05 11.19 11.55 11.1 11.1
2007-09-06 11.68 11.7 11.23 11.23
2007-09-17 11.19 11.35 10.88 10.88
2007-09-24 11.07 11.35 10.73 10.73
2007-11-26 9.49 9.57 9.2 9.2
2007-12-05 9.51 9.55 9.35 9.35
2007-12-21 10.72 10.8 10.6 10.6
2008-01-02 10.92 11.05 10.55 10.55
2008-02-18 9.5 9.54 9.36 9.36
2008-04-29 8.16 8.21 7.82 7.82
2008-05-08 7.86 7.88 7.62 7.62
2008-05-14 7.92 7.93 7.66 7.66
2008-07-18 6.24 6.25 6.05 6.05
2008-09-04 5.47 5.54 5.38 5.38
2008-09-17 5.07 5.14 5.01 5.01
2008-09-18 5.15 5.3 4.95 4.95
2008-10-13 5.8 5.81 5.37 5.37
2008-11-05 5.42 5.52 5.3 5.3
2008-12-03 5.62 5.64 5.46 5.46
2009-02-06 5.81 5.94 5.65 5.65
2009-03-16 5.58 5.61 5.46 5.46
2009-06-01 6.04 6.05 5.99 5.99
2009-07-06 6.89 6.98 6.8 6.8
2009-07-22 6.5 6.51 6.45 6.45
2009-09-03 5.76 5.78 5.6 5.6
2009-10-23 6.17 6.21 6.09 6.09
2009-10-28 6.17 6.18 6.12 6.12
2009-12-10 7.17 7.19 7.03 7.03
2009-12-30 7.14 7.17 6.98 6.98
2010-01-14 7.25 7.3 7.14 7.14
2010-01-19 7.62 7.76 7.52 7.52
2010-02-02 7.09 7.3 7.0 7.0
2010-03-01 7.78 7.79 7.56 7.56
2010-03-19 7.79 7.84 7.67 7.67
2010-03-26 8.15 8.24 7.9 7.9
2010-04-20 7.62 7.66 7.43 7.43
2010-05-28 7.3 7.3 7.17 7.17
2010-07-22 6.86 6.87 6.79 6.79
2010-08-16 6.81 6.82 6.69 6.69
2010-09-06 6.92 6.94 6.69 6.69
2010-11-04 7.55 7.58 7.45 7.45
2010-11-15 7.33 7.38 7.21 7.21
2010-12-01 6.73 6.78 6.7 6.7
2011-02-11 6.45 6.48 6.41 6.41
2011-02-14 6.78 6.99 6.62 6.62
2011-02-16 6.67 6.68 6.6 6.6
2011-03-16 6.6 6.6 6.47 6.47
2011-04-27 6.85 6.86 6.78 6.78
2011-06-21 5.3 5.34 5.27 5.27
2011-07-13 5.46 5.48 5.41 5.41
2011-08-03 5.53 5.57 5.5 5.5
2011-08-12 5.45 5.5 5.39 5.39
2011-08-15 5.6 5.6 5.44 5.44
2011-08-23 5.57 5.61 5.53 5.53
2011-09-15 5.45 5.46 5.42 5.42
2011-09-16 5.51 5.56 5.46 5.46
2011-09-29 5.29 5.32 5.25 5.25
2011-10-21 5.36 5.4 5.35 5.35
2011-11-07 5.77 5.78 5.65 5.65
2011-11-14 5.83 5.84 5.72 5.72
2011-11-17 5.74 5.8 5.72 5.72
2011-11-18 5.81 5.85 5.7 5.7
2011-11-21 5.9 5.9 5.79 5.79
2011-12-01 5.83 5.89 5.7 5.7
2011-12-07 5.86 5.88 5.8 5.8
2012-01-17 5.76 5.77 5.58 5.58
2012-02-06 6.0 6.0 5.88 5.88
2012-02-14 5.95 5.97 5.93 5.93
2012-03-02 6.27 6.3 6.12 6.12
2012-03-07 6.18 6.23 6.08 6.08
2012-03-30 5.86 5.9 5.8 5.8
2012-04-05 5.92 5.93 5.86 5.86
2012-05-17 6.08 6.16 6.0 6.0
2012-06-20 5.8 5.84 5.76 5.76
2012-08-14 5.08 5.09 5.05 5.05
2012-08-21 5.02 5.03 5.01 5.01
2012-09-07 4.74 4.77 4.61 4.61
2012-09-12 4.74 4.75 4.66 4.66
2012-09-28 4.78 4.8 4.72 4.72
2012-10-17 4.86 4.88 4.85 4.85
2012-10-18 4.9 4.93 4.86 4.86
2012-10-29 4.86 4.88 4.81 4.81
2012-11-01 4.83 4.88 4.77 4.77
2012-11-07 4.86 4.88 4.85 4.85
2012-11-12 4.84 4.85 4.83 4.83
2012-11-23 4.9 4.91 4.84 4.84
2012-11-29 4.91 4.93 4.79 4.79
2012-12-19 5.11 5.14 5.08 5.08
2012-12-31 5.21 5.26 5.19 5.19
2013-01-10 5.3 5.34 5.28 5.28
2013-01-14 5.32 5.33 5.22 5.22
2013-02-05 5.43 5.44 5.37 5.37
2013-02-06 5.52 5.58 5.44 5.44
2013-02-07 5.62 5.63 5.48 5.48
2013-03-08 5.46 5.49 5.42 5.42
2013-03-27 5.4 5.41 5.38 5.38
2013-05-06 5.6 5.64 5.58 5.58
2013-05-13 5.91 5.97 5.83 5.83
2013-05-24 6.0 6.02 5.95 5.95
2013-07-11 5.12 5.19 5.03 5.03
2013-07-23 5.17 5.17 5.07 5.07
2013-07-31 5.17 5.18 5.14 5.14
2013-08-12 5.33 5.34 5.25 5.25
2013-08-15 5.33 5.34 5.32 5.32
2013-08-27 5.48 5.5 5.34 5.34
2013-09-09 5.66 5.7 5.56 5.56
2013-09-30 5.64 5.68 5.62 5.62
2013-10-24 5.69 5.69 5.61 5.61
2013-10-28 5.68 5.69 5.65 5.65
2013-11-14 5.67 5.69 5.65 5.65
2013-11-28 5.82 5.84 5.79 5.79
2013-12-27 5.51 5.53 5.47 5.47
2014-01-09 5.5 5.57 5.45 5.45
2014-01-13 5.43 5.52 5.42 5.42
2014-01-21 5.38 5.39 5.29 5.29
2014-01-29 5.47 5.52 5.44 5.44
2014-02-07 5.57 5.58 5.44 5.44
2014-02-10 5.62 5.62 5.53 5.53
2014-03-21 5.35 5.35 5.27 5.27
2014-04-01 5.32 5.34 5.3 5.3
2014-05-16 5.6 5.61 5.51 5.51
2014-05-23 5.72 5.75 5.6 5.6
2014-06-05 5.77 5.77 5.68 5.68
2014-06-12 5.91 5.93 5.87 5.87
2014-06-13 5.89 5.97 5.87 5.87
2014-07-18 6.22 6.24 5.95 5.95
2014-07-23 6.12 6.22 5.97 5.97
2014-08-11 6.34 6.45 6.21 6.21
2014-08-29 5.99 5.99 5.89 5.89
2014-09-01 6.02 6.07 6.0 6.0
2014-09-02 6.09 6.11 6.03 6.03
2014-10-31 6.13 6.14 6.05 6.05
2014-11-25 6.25 6.28 6.19 6.19
2014-12-12 7.19 7.49 6.99 6.99
2014-12-26 7.1 7.12 6.96 6.96
2015-01-20 6.96 6.98 6.68 6.68
2015-01-26 7.29 7.3 7.12 7.12
2015-02-03 7.05 7.06 6.94 6.94
2015-02-17 7.11 7.15 7.08 7.08
2015-03-20 7.73 7.88 7.68 7.68
2015-03-23 7.8 7.8 7.73 7.73
2015-04-07 8.26 8.38 8.0 8.0
2015-04-22 8.97 9.0 8.78 8.78
2015-04-27 9.25 9.46 8.89 8.89
2015-07-09 7.76 7.76 6.6 6.6
2015-08-04 8.18 8.23 7.86 7.86
2015-09-08 8.02 8.1 7.62 7.62
2015-09-24 8.28 8.86 8.09 8.09
2015-09-30 7.96 8.04 7.85 7.85
2015-12-14 8.72 8.75 8.5 8.5
2015-12-25 8.85 8.94 8.71 8.71
2016-01-19 7.8 7.82 7.6 7.6
2016-02-02 7.89 7.93 7.74 7.74
2016-02-05 7.85 7.93 7.78 7.78
2016-02-22 8.02 8.05 7.88 7.88
2016-03-11 7.92 7.94 7.81 7.81
2016-03-17 8.14 8.17 8.05 8.05
2016-03-25 8.49 8.51 8.36 8.36
2016-04-01 8.38 8.42 8.33 8.33
2016-04-13 8.28 8.31 8.23 8.23
2016-05-19 8.45 8.54 8.38 8.38
2016-05-20 8.43 8.49 8.42 8.42
2016-05-25 8.45 8.49 8.43 8.43
2016-06-15 8.59 8.62 8.45 8.45
2016-06-27 8.13 8.15 8.08 8.08
2016-07-11 8.46 8.5 8.41 8.41
2016-08-12 9.14 9.16 8.97 8.97
2016-08-15 9.33 9.38 9.14 9.14
2016-09-05 8.98 9.0 8.93 8.93
2016-10-27 9.1 9.11 9.05 9.05
2016-10-31 9.13 9.17 9.07 9.07
2016-11-10 9.04 9.06 8.98 8.98
2016-12-13 8.83 8.85 8.79 8.79
2016-12-21 8.63 8.66 8.58 8.58
2017-01-03 8.61 8.64 8.54 8.54
2017-01-20 8.77 8.78 8.7 8.7
2017-02-13 8.86 8.88 8.75 8.75
2017-02-20 8.96 8.97 8.86 8.86
2017-02-24 9.0 9.05 8.97 8.97
2017-03-08 9.14 9.15 9.08 9.08
2017-04-10 9.66 9.7 9.52 9.52
2017-04-11 9.93 9.97 9.61 9.61
2017-04-21 9.65 9.67 9.52 9.52
2017-05-16 9.36 9.37 9.18 9.18
2017-06-19 9.49 9.49 9.43 9.43
2017-06-21 9.52 9.53 9.42 9.42
2017-06-29 9.76 9.78 9.72 9.72
2017-07-04 9.81 9.82 9.75 9.75
2017-07-10 10.0 10.0 9.92 9.92
2017-08-08 9.76 9.79 9.58 9.58
2017-08-17 9.51 9.51 9.42 9.42
2017-08-21 9.57 9.58 9.53 9.53
