1996-12-09 16.98 17.4 15.71 15.71
1996-12-16 13.32 13.32 13.32 13.32
1996-12-17 11.99 11.99 11.99 11.99
1996-12-18 12.4 13.0 10.79 10.79
1997-01-09 11.6 11.79 11.35 11.35
1997-01-10 11.96 11.96 11.6 11.6
1997-02-26 12.81 12.99 12.5 12.5
1997-03-04 12.44 12.55 12.21 12.21
1997-05-16 8.66 9.35 8.6 8.6
1997-05-19 8.85 9.0 8.66 8.66
1997-06-06 7.5 7.94 7.4 7.4
1997-08-07 7.85 7.85 7.58 7.58
1997-08-12 6.9 6.9 6.9 6.9
1997-08-13 6.3 6.69 6.21 6.21
1997-08-20 7.63 7.63 7.1 7.1
1997-08-21 7.83 8.1 7.51 7.51
1997-09-15 8.82 9.0 8.68 8.68
1997-09-18 9.07 9.09 8.8 8.8
1997-09-24 8.6 8.6 7.99 7.99
1997-09-25 9.14 9.35 8.8 8.8
1998-01-06 10.06 10.39 10.0 10.0
1998-01-08 11.44 11.44 10.31 10.31
1998-01-12 11.95 12.05 11.0 11.0
1998-02-19 13.99 14.1 13.41 13.41
1998-02-24 14.0 14.15 13.82 13.82
1998-02-27 14.0 14.3 13.95 13.95
1998-03-03 14.28 14.3 14.0 14.0
1998-03-05 14.23 14.5 13.99 13.99
1998-03-11 14.0 14.1 13.7 13.7
1998-03-16 15.51 15.51 14.0 14.0
1998-03-20 15.1 15.25 14.82 14.82
1998-03-23 15.12 16.0 15.0 15.0
1998-03-25 15.4 15.6 15.3 15.3
1998-03-27 15.64 15.7 15.5 15.5
1998-03-30 16.4 16.8 15.6 15.6
1998-03-31 16.7 17.0 16.2 16.2
1998-04-01 17.1 17.5 16.5 16.5
1998-04-15 19.0 19.8 18.76 18.76
1998-06-11 16.2 16.58 16.2 16.2
1998-06-16 16.2 18.18 16.2 16.2
1998-07-14 14.5 14.68 13.92 13.92
1998-07-20 13.86 13.86 13.3 13.3
1998-07-21 14.0 14.0 13.25 13.25
1998-07-23 14.0 14.08 13.65 13.65
1998-07-24 14.2 14.5 14.1 14.1
1998-07-29 14.85 14.92 14.62 14.62
1998-08-05 14.7 14.96 14.03 14.03
1998-08-07 14.5 14.75 14.01 14.01
1998-08-10 14.8 14.85 14.3 14.3
1998-08-11 14.9 15.03 14.8 14.8
1998-09-01 14.63 14.68 14.0 14.0
1998-09-09 15.0 15.27 14.81 14.81
1998-09-30 14.4 14.58 13.9 13.9
1998-12-23 13.79 14.0 13.3 13.3
1998-12-24 13.9 14.4 13.75 13.75
1998-12-30 13.31 13.55 13.11 13.11
1999-01-07 13.24 13.25 13.0 13.0
1999-02-02 13.5 13.9 13.0 13.0
1999-02-03 13.65 13.7 12.65 12.65
1999-02-04 13.66 13.76 13.45 13.45
1999-02-08 13.68 13.8 12.7 12.7
1999-03-04 14.09 14.1 13.9 13.9
1999-03-08 14.5 14.58 14.21 14.21
1999-03-09 14.48 14.54 14.21 14.21
1999-04-05 14.0 14.25 13.2 13.2
1999-05-20 13.8 14.03 13.25 13.25
1999-05-24 14.2 14.5 13.69 13.69
1999-05-31 16.4 16.48 14.93 14.93
1999-06-21 26.93 27.1 24.01 24.01
1999-06-29 33.11 33.11 30.25 30.25
1999-07-07 36.8 37.34 31.98 31.98
1999-07-12 37.71 39.0 36.0 36.0
1999-12-30 22.33 22.48 21.68 21.68
2000-01-04 22.95 23.48 21.5 21.5
2000-01-07 23.8 24.0 23.18 23.18
2000-07-10 27.23 27.29 26.7 26.7
2000-09-27 14.45 14.48 14.0 14.0
2000-11-03 15.22 15.49 15.15 15.15
2001-03-01 13.8 13.86 13.71 13.71
2001-03-27 14.19 14.2 14.1 14.1
2001-04-03 14.06 14.2 14.03 14.03
2001-04-06 13.96 14.0 13.92 13.92
2001-04-12 13.92 14.0 13.69 13.69
2001-05-15 13.62 13.71 13.37 13.37
2001-06-05 13.66 13.75 13.51 13.51
2001-06-07 13.8 13.82 13.7 13.7
2001-06-11 14.17 14.3 14.02 14.02
2001-07-10 13.48 13.48 13.25 13.25
2001-08-01 11.92 11.98 11.65 11.65
2001-08-07 11.45 11.49 11.2 11.2
2001-08-09 11.63 11.68 11.45 11.45
2001-08-10 12.02 12.1 11.72 11.72
2001-08-13 11.86 12.08 11.6 11.6
2001-08-21 12.14 12.18 12.08 12.08
2001-08-23 11.89 11.9 11.0 11.0
2001-08-30 11.84 11.85 11.61 11.61
2001-10-09 11.47 11.53 11.25 11.25
2001-12-28 10.88 10.95 10.61 10.61
2002-06-06 8.54 8.64 8.2 8.2
2002-08-20 8.2 8.28 8.13 8.13
2002-09-03 8.12 8.15 8.06 8.06
2002-09-10 7.88 7.89 7.78 7.78
2002-09-25 7.58 7.66 7.5 7.5
2002-12-13 5.98 6.02 5.6 5.6
2003-01-24 6.13 6.15 6.02 6.02
2003-02-25 6.36 6.38 6.2 6.2
2003-07-03 6.29 6.35 6.25 6.25
2003-07-08 6.4 6.42 6.25 6.25
2003-08-15 5.74 5.93 5.63 5.63
2003-11-05 4.03 4.15 3.83 3.83
2003-12-01 4.56 4.7 4.48 4.48
2003-12-30 4.46 4.54 4.4 4.4
2004-05-11 7.23 7.45 7.14 7.14
2004-06-04 7.04 7.1 6.91 6.91
2004-11-10 7.07 7.1 6.68 6.68
2004-11-18 7.01 7.03 6.86 6.86
2004-11-25 7.1 7.28 6.72 6.72
2004-11-30 7.04 7.1 6.92 6.92
2004-12-29 7.0 7.07 6.91 6.91
2005-06-29 3.99 4.04 3.95 3.95
2005-10-12 4.03 4.08 3.88 3.88
2005-10-18 3.97 3.97 3.78 3.78
2007-02-12 14.64 14.7 13.95 13.95
2007-02-13 15.09 15.25 14.82 14.82
2007-02-15 16.04 16.46 15.65 15.65
2007-04-04 15.54 15.84 15.26 15.26
2007-04-09 16.37 17.0 16.2 16.2
2007-05-23 19.79 19.79 18.3 18.3
2007-06-18 19.81 20.09 19.48 19.48
2007-07-23 17.64 17.83 17.0 17.0
2007-07-30 18.59 18.85 18.28 18.28
2008-01-14 29.94 30.36 29.56 29.56
2008-04-30 29.92 30.1 29.0 29.0
2008-05-08 29.12 29.29 28.19 28.19
2008-05-30 29.6 29.93 29.2 29.2
2009-03-10 12.66 12.73 12.0 12.0
2009-06-15 16.66 16.84 15.35 15.35
2009-08-11 17.24 17.43 16.78 16.78
2009-08-18 14.98 15.05 14.5 14.5
2009-08-20 15.0 15.05 14.46 14.46
2009-09-07 16.63 16.63 15.19 15.19
2010-07-09 19.2 19.53 18.55 18.55
2010-07-14 19.64 19.69 19.23 19.23
2010-07-20 19.8 19.88 19.58 19.58
2010-11-03 26.4 27.37 25.2 25.2
2011-03-16 22.49 22.58 21.7 21.7
2011-06-08 20.36 20.55 19.89 19.89
2011-12-30 21.06 21.1 20.81 20.81
2012-03-16 25.47 25.47 23.2 23.2
2012-10-15 23.79 24.1 23.55 23.55
2013-04-25 13.67 13.91 13.5 13.5
2013-05-03 13.65 13.76 13.45 13.45
2013-05-22 15.25 15.4 14.79 14.79
2013-11-11 10.81 10.94 10.6 10.6
2013-11-28 10.76 10.82 10.57 10.57
2014-04-08 8.4 8.41 8.24 8.24
2014-06-05 6.75 6.75 6.65 6.65
2014-12-10 10.03 10.04 9.7 9.7
2015-02-27 9.22 9.29 9.13 9.13
2015-06-08 14.11 14.11 14.11 14.11
2015-07-07 10.27 10.27 10.27 10.27
2015-07-08 9.76 9.76 9.76 9.76
2015-07-09 10.25 10.25 9.27 9.27
2015-07-16 9.89 10.22 9.6 9.6
2015-08-19 10.73 10.87 10.39 10.39
2015-08-24 9.38 9.4 9.38 9.38
2015-08-25 8.91 8.91 8.91 8.91
2015-08-26 8.46 8.87 8.46 8.46
2015-11-06 10.24 10.28 10.01 10.01
2015-12-11 12.83 13.05 12.6 12.6
2015-12-17 13.23 13.57 12.98 12.98
2015-12-25 12.67 12.7 12.05 12.05
2016-01-05 11.5 11.69 11.5 11.5
2016-03-14 10.22 10.33 10.0 10.0
2016-03-28 11.33 11.69 11.13 11.13
2016-07-11 18.64 19.36 18.0 18.0
2016-07-18 17.72 18.01 17.53 17.53
2016-10-25 16.99 17.1 16.85 16.85
2017-01-03 19.43 19.8 19.17 19.17
2017-02-20 22.49 22.6 20.92 20.92
2017-04-20 26.68 27.48 26.1 26.1
2017-05-08 21.27 21.76 21.0 21.0
2017-06-26 25.21 25.41 24.71 24.71
2017-06-29 24.37 24.67 24.19 24.19
