1996-12-06 15.6 15.7 14.53 14.53
1996-12-09 16.98 17.4 15.71 15.71
1996-12-16 13.32 13.32 13.32 13.32
1996-12-17 11.99 11.99 11.99 11.99
1996-12-18 12.4 13.0 10.79 10.79
1997-01-07 11.38 11.49 10.52 10.52
1997-01-09 11.6 11.79 11.35 11.35
1997-01-10 11.96 11.96 11.6 11.6
1997-01-27 13.24 13.38 13.0 13.0
1997-02-20 12.1 12.3 11.3 11.3
1997-02-26 12.81 12.99 12.5 12.5
1997-03-04 12.44 12.55 12.21 12.21
1997-04-10 14.1 14.45 13.46 13.46
1997-04-22 9.95 10.15 9.8 9.8
1997-05-09 9.4 9.55 9.25 9.25
1997-05-16 8.66 9.35 8.6 8.6
1997-05-19 8.85 9.0 8.66 8.66
1997-06-03 8.47 8.75 8.15 8.15
1997-06-06 7.5 7.94 7.4 7.4
1997-06-19 7.35 7.53 7.27 7.27
1997-08-04 8.0 8.08 7.7 7.7
1997-08-07 7.85 7.85 7.58 7.58
1997-08-12 6.9 6.9 6.9 6.9
1997-08-13 6.3 6.69 6.21 6.21
1997-08-20 7.63 7.63 7.1 7.1
1997-08-21 7.83 8.1 7.51 7.51
1997-09-09 8.41 8.59 8.24 8.24
1997-09-15 8.82 9.0 8.68 8.68
1997-09-18 9.07 9.09 8.8 8.8
1997-09-24 8.6 8.6 7.99 7.99
1997-09-25 9.14 9.35 8.8 8.8
1997-10-21 9.19 9.35 9.0 9.0
1997-11-03 10.12 10.35 9.82 9.82
1997-12-03 10.18 10.27 9.71 9.71
1997-12-30 10.05 10.25 10.0 10.0
1998-01-06 10.06 10.39 10.0 10.0
1998-01-08 11.44 11.44 10.31 10.31
1998-01-12 11.95 12.05 11.0 11.0
1998-02-11 14.35 14.78 13.6 13.6
1998-02-19 13.99 14.1 13.41 13.41
1998-02-24 14.0 14.15 13.82 13.82
1998-02-27 14.0 14.3 13.95 13.95
1998-03-03 14.28 14.3 14.0 14.0
1998-03-05 14.23 14.5 13.99 13.99
1998-03-11 14.0 14.1 13.7 13.7
1998-03-16 15.51 15.51 14.0 14.0
1998-03-20 15.1 15.25 14.82 14.82
1998-03-23 15.12 16.0 15.0 15.0
1998-03-25 15.4 15.6 15.3 15.3
1998-03-27 15.64 15.7 15.5 15.5
1998-03-30 16.4 16.8 15.6 15.6
1998-03-31 16.7 17.0 16.2 16.2
1998-04-01 17.1 17.5 16.5 16.5
1998-04-13 18.01 18.3 17.4 17.4
1998-04-15 19.0 19.8 18.76 18.76
1998-05-05 18.01 18.3 17.8 17.8
1998-06-01 18.6 19.36 17.55 17.55
1998-06-10 16.3 16.7 15.1 15.1
1998-06-11 16.2 16.58 16.2 16.2
1998-06-16 16.2 18.18 16.2 16.2
1998-07-07 13.85 13.98 13.4 13.4
1998-07-14 14.5 14.68 13.92 13.92
1998-07-20 13.86 13.86 13.3 13.3
1998-07-21 14.0 14.0 13.25 13.25
1998-07-23 14.0 14.08 13.65 13.65
1998-07-24 14.2 14.5 14.1 14.1
1998-07-29 14.85 14.92 14.62 14.62
1998-08-05 14.7 14.96 14.03 14.03
1998-08-07 14.5 14.75 14.01 14.01
1998-08-10 14.8 14.85 14.3 14.3
1998-08-11 14.9 15.03 14.8 14.8
1998-08-28 14.68 14.8 14.35 14.35
1998-09-01 14.63 14.68 14.0 14.0
1998-09-09 15.0 15.27 14.81 14.81
1998-09-29 13.95 14.05 13.7 13.7
1998-09-30 14.4 14.58 13.9 13.9
1998-10-22 13.41 13.64 13.1 13.1
1998-11-02 13.7 13.8 13.25 13.25
1998-11-20 14.42 14.87 14.3 14.3
1998-12-17 13.69 13.7 13.55 13.55
1998-12-23 13.79 14.0 13.3 13.3
1998-12-24 13.9 14.4 13.75 13.75
1998-12-30 13.31 13.55 13.11 13.11
1999-01-07 13.24 13.25 13.0 13.0
1999-02-01 12.88 12.88 11.75 11.75
1999-02-02 13.5 13.9 13.0 13.0
1999-02-03 13.65 13.7 12.65 12.65
1999-02-04 13.66 13.76 13.45 13.45
1999-02-08 13.68 13.8 12.7 12.7
1999-03-04 14.09 14.1 13.9 13.9
1999-03-08 14.5 14.58 14.21 14.21
1999-03-09 14.48 14.54 14.21 14.21
1999-04-02 14.0 14.02 13.46 13.46
1999-04-05 14.0 14.25 13.2 13.2
1999-04-16 13.55 13.67 13.5 13.5
1999-05-17 12.7 12.85 12.41 12.41
1999-05-20 13.8 14.03 13.25 13.25
1999-05-24 14.2 14.5 13.69 13.69
1999-05-31 16.4 16.48 14.93 14.93
1999-06-14 21.06 21.4 19.98 19.98
1999-06-21 26.93 27.1 24.01 24.01
1999-06-29 33.11 33.11 30.25 30.25
1999-07-07 36.8 37.34 31.98 31.98
1999-07-12 37.71 39.0 36.0 36.0
1999-07-30 34.3 34.39 33.93 33.93
1999-08-17 34.51 35.96 34.25 34.25
1999-09-09 19.75 19.8 18.22 18.22
1999-09-24 18.4 18.55 18.12 18.12
1999-12-06 19.61 19.88 18.01 18.01
1999-12-16 23.35 23.72 22.67 22.67
1999-12-29 21.82 21.85 21.49 21.49
1999-12-30 22.33 22.48 21.68 21.68
2000-01-04 22.95 23.48 21.5 21.5
2000-01-07 23.8 24.0 23.18 23.18
2000-01-20 23.7 24.05 23.1 23.1
2000-02-18 23.5 23.59 23.0 23.0
2000-05-08 28.87 29.0 28.05 28.05
2000-06-06 28.59 28.78 28.19 28.19
2000-07-07 26.68 27.1 26.15 26.15
2000-07-10 27.23 27.29 26.7 26.7
2000-09-26 13.96 14.0 13.85 13.85
2000-09-27 14.45 14.48 14.0 14.0
2000-11-01 15.61 15.65 14.33 14.33
2000-11-03 15.22 15.49 15.15 15.15
2000-11-28 15.09 15.1 14.8 14.8
2001-01-02 15.46 15.55 15.0 15.0
2001-01-18 15.18 15.28 15.0 15.0
2001-02-26 13.76 13.8 13.5 13.5
2001-03-01 13.8 13.86 13.71 13.71
2001-03-21 14.23 14.23 14.0 14.0
2001-03-27 14.19 14.2 14.1 14.1
2001-04-03 14.06 14.2 14.03 14.03
2001-04-06 13.96 14.0 13.92 13.92
2001-04-12 13.92 14.0 13.69 13.69
2001-05-10 13.46 13.5 13.4 13.4
2001-05-15 13.62 13.71 13.37 13.37
2001-06-04 13.51 13.55 13.45 13.45
2001-06-05 13.66 13.75 13.51 13.51
2001-06-07 13.8 13.82 13.7 13.7
2001-06-11 14.17 14.3 14.02 14.02
2001-07-09 13.23 13.3 13.2 13.2
2001-07-10 13.48 13.48 13.25 13.25
2001-07-26 12.2 12.49 12.01 12.01
2001-08-01 11.92 11.98 11.65 11.65
2001-08-07 11.45 11.49 11.2 11.2
2001-08-09 11.63 11.68 11.45 11.45
2001-08-10 12.02 12.1 11.72 11.72
2001-08-13 11.86 12.08 11.6 11.6
2001-08-21 12.14 12.18 12.08 12.08
2001-08-23 11.89 11.9 11.0 11.0
2001-08-30 11.84 11.85 11.61 11.61
2001-09-27 11.26 11.3 11.11 11.11
2001-10-09 11.47 11.53 11.25 11.25
2001-10-29 11.07 11.15 10.71 10.71
2001-11-14 10.35 10.4 10.22 10.22
2001-12-07 11.52 11.7 11.45 11.45
2001-12-21 10.72 10.72 10.5 10.5
2001-12-28 10.88 10.95 10.61 10.61
2002-01-31 8.9 9.11 8.3 8.3
2002-03-14 10.08 10.1 9.71 9.71
2002-04-03 9.1 9.27 9.08 9.08
2002-06-04 8.39 8.45 8.34 8.34
2002-06-06 8.54 8.64 8.2 8.2
2002-08-02 8.42 8.43 8.31 8.31
2002-08-14 8.19 8.22 8.1 8.1
2002-08-20 8.2 8.28 8.13 8.13
2002-08-30 8.09 8.13 8.05 8.05
2002-09-03 8.12 8.15 8.06 8.06
2002-09-10 7.88 7.89 7.78 7.78
2002-09-23 7.53 7.59 7.4 7.4
2002-09-25 7.58 7.66 7.5 7.5
2002-10-16 7.09 7.2 7.0 7.0
2002-11-19 6.19 6.23 6.05 6.05
2002-12-06 6.02 6.2 5.95 5.95
2002-12-13 5.98 6.02 5.6 5.6
2003-01-16 6.2 6.2 6.05 6.05
2003-01-24 6.13 6.15 6.02 6.02
2003-02-18 6.5 6.58 6.42 6.42
2003-02-25 6.36 6.38 6.2 6.2
2003-03-07 6.1 6.16 6.1 6.1
2003-03-27 5.99 6.03 5.75 5.75
2003-04-18 6.45 6.66 6.18 6.18
2003-05-14 5.65 5.65 5.55 5.55
2003-06-25 6.56 6.69 6.4 6.4
2003-07-03 6.29 6.35 6.25 6.25
2003-07-08 6.4 6.42 6.25 6.25
2003-07-22 6.58 6.8 6.51 6.51
2003-08-11 6.06 6.12 6.02 6.02
2003-08-15 5.74 5.93 5.63 5.63
2003-10-13 5.04 5.12 5.03 5.03
2003-10-31 4.04 4.14 3.79 3.79
2003-11-05 4.03 4.15 3.83 3.83
2003-11-28 4.48 4.57 4.42 4.42
2003-12-01 4.56 4.7 4.48 4.48
2003-12-26 4.33 4.37 4.21 4.21
2003-12-30 4.46 4.54 4.4 4.4
2004-01-12 5.09 5.23 5.0 5.0
2004-02-16 6.78 6.84 6.6 6.6
2004-02-26 6.65 6.77 6.38 6.38
2004-03-15 7.27 7.44 7.15 7.15
2004-04-16 7.55 7.6 7.31 7.31
2004-04-30 7.23 7.32 7.11 7.11
2004-05-11 7.23 7.45 7.14 7.14
2004-05-27 7.13 7.17 6.9 6.9
2004-06-04 7.04 7.1 6.91 6.91
2004-08-03 5.9 5.93 5.8 5.8
2004-08-18 5.94 6.05 5.9 5.9
2004-08-31 5.94 6.2 5.9 5.9
2004-09-23 6.41 6.44 6.11 6.11
2004-11-03 6.81 6.9 6.38 6.38
2004-11-10 7.07 7.1 6.68 6.68
2004-11-18 7.01 7.03 6.86 6.86
2004-11-25 7.1 7.28 6.72 6.72
2004-11-30 7.04 7.1 6.92 6.92
2004-12-28 6.9 6.9 6.72 6.72
2004-12-29 7.0 7.07 6.91 6.91
2005-02-02 6.12 6.2 5.9 5.9
2005-03-16 6.71 6.78 6.43 6.43
2005-04-20 5.45 5.52 5.24 5.24
2005-06-08 3.89 3.92 3.55 3.55
2005-06-27 4.1 4.12 3.97 3.97
2005-06-29 3.99 4.04 3.95 3.95
2005-07-14 3.92 4.01 3.89 3.89
2005-08-31 4.46 4.46 4.31 4.31
2005-09-29 4.14 4.15 4.08 4.08
2005-10-12 4.03 4.08 3.88 3.88
2005-10-18 3.97 3.97 3.78 3.78
2005-11-02 3.56 3.59 3.46 3.46
2005-11-17 3.55 3.59 3.53 3.53
2005-12-21 3.96 4.03 3.9 3.9
2006-11-01 9.85 9.95 9.08 9.08
2006-12-11 13.07 13.08 12.15 12.15
2006-12-29 13.11 13.3 12.78 12.78
2007-01-15 15.83 16.08 14.76 14.76
2007-02-06 14.01 14.03 13.45 13.45
2007-02-12 14.64 14.7 13.95 13.95
2007-02-13 15.09 15.25 14.82 14.82
2007-02-15 16.04 16.46 15.65 15.65
2007-03-07 14.19 14.24 13.7 13.7
2007-03-21 14.85 14.97 14.05 14.05
2007-03-30 14.75 14.94 14.52 14.52
2007-04-04 15.54 15.84 15.26 15.26
2007-04-09 16.37 17.0 16.2 16.2
2007-05-08 17.06 17.24 16.56 16.56
2007-05-22 17.99 17.99 16.46 16.46
2007-05-23 19.79 19.79 18.3 18.3
2007-06-11 19.22 19.6 18.72 18.72
2007-06-18 19.81 20.09 19.48 19.48
2007-07-20 16.88 17.0 16.5 16.5
2007-07-23 17.64 17.83 17.0 17.0
2007-07-30 18.59 18.85 18.28 18.28
2007-08-30 18.95 19.24 18.62 18.62
2007-09-12 17.87 18.06 17.47 17.47
2007-10-23 23.93 24.35 22.6 22.6
2007-12-04 20.98 21.46 20.88 20.88
2008-01-10 29.4 30.0 28.2 28.2
2008-01-14 29.94 30.36 29.56 29.56
2008-02-04 26.59 26.75 25.2 25.2
2008-04-10 27.16 27.18 25.15 25.15
2008-04-28 28.73 29.51 27.66 27.66
2008-04-30 29.92 30.1 29.0 29.0
2008-05-08 29.12 29.29 28.19 28.19
2008-05-27 28.49 28.97 28.02 28.02
2008-05-30 29.6 29.93 29.2 29.2
2008-06-25 20.93 21.13 19.86 19.86
2008-07-07 22.26 22.66 21.57 21.57
2008-08-12 19.87 20.21 19.01 19.01
2008-10-08 13.53 13.66 13.3 13.3
2008-11-12 9.33 9.41 8.8 8.8
2009-02-06 14.53 14.8 13.89 13.89
2009-03-04 13.21 13.26 12.4 12.4
2009-03-10 12.66 12.73 12.0 12.0
2009-04-10 13.93 13.96 13.53 13.53
2009-05-04 15.18 15.23 14.73 14.73
2009-05-15 14.89 15.05 14.75 14.75
2009-06-05 15.18 15.45 14.26 14.26
2009-06-15 16.66 16.84 15.35 15.35
2009-08-03 17.79 18.24 17.52 17.52
2009-08-11 17.24 17.43 16.78 16.78
2009-08-18 14.98 15.05 14.5 14.5
2009-08-20 15.0 15.05 14.46 14.46
2009-09-03 14.93 14.94 14.19 14.19
2009-09-07 16.63 16.63 15.19 15.19
2009-10-23 16.64 16.75 16.49 16.49
2009-11-30 20.76 20.76 18.9 18.9
2009-12-10 21.09 21.22 20.22 20.22
2009-12-31 22.91 23.15 22.14 22.14
2010-01-25 20.95 21.23 20.55 20.55
2010-02-11 21.5 21.69 21.1 21.1
2010-03-02 23.74 23.74 23.74 23.74
2010-04-09 22.25 22.39 21.89 21.89
2010-05-04 22.38 22.49 21.86 21.86
2010-05-24 20.09 20.18 19.3 19.3
2010-07-07 18.7 18.73 18.4 18.4
2010-07-09 19.2 19.53 18.55 18.55
2010-07-14 19.64 19.69 19.23 19.23
2010-07-20 19.8 19.88 19.58 19.58
2010-08-30 21.71 21.88 21.12 21.12
2010-09-28 23.59 24.18 23.3 23.3
2010-11-01 24.71 24.95 24.31 24.31
2010-11-03 26.4 27.37 25.2 25.2
2010-12-13 24.14 24.29 23.57 23.57
2011-01-26 19.67 19.78 19.56 19.56
2011-03-14 22.29 22.33 21.38 21.38
2011-03-16 22.49 22.58 21.7 21.7
2011-06-03 20.11 20.22 19.65 19.65
2011-06-08 20.36 20.55 19.89 19.89
2011-06-20 19.71 20.09 19.66 19.66
2011-08-03 23.3 23.39 22.78 22.78
2011-10-26 22.52 22.68 22.14 22.14
2011-11-22 22.44 22.59 21.91 21.91
2011-12-29 20.81 20.99 20.52 20.52
2011-12-30 21.06 21.1 20.81 20.81
2012-03-08 23.76 23.98 23.23 23.23
2012-03-16 25.47 25.47 23.2 23.2
2012-04-12 23.52 23.54 22.95 22.95
2012-05-31 26.44 26.84 26.09 26.09
2012-06-14 25.72 26.48 25.4 25.4
2012-07-13 31.65 32.16 29.5 29.5
2012-08-21 26.82 27.19 26.34 26.34
2012-09-03 25.15 25.2 24.2 24.2
2012-09-18 24.47 24.82 24.2 24.2
2012-10-09 24.18 24.28 23.75 23.75
2012-10-15 23.79 24.1 23.55 23.55
2012-10-30 24.93 24.95 23.9 23.9
2012-11-14 22.81 22.85 22.49 22.49
2013-03-05 17.41 17.64 17.12 17.12
2013-04-19 14.78 14.89 14.51 14.51
2013-04-25 13.67 13.91 13.5 13.5
2013-05-03 13.65 13.76 13.45 13.45
2013-05-17 14.61 14.67 14.24 14.24
2013-05-22 15.25 15.4 14.79 14.79
2013-07-23 12.68 12.79 12.28 12.28
2013-11-08 10.64 10.95 10.59 10.59
2013-11-11 10.81 10.94 10.6 10.6
2013-11-25 10.7 10.83 10.6 10.6
2013-11-28 10.76 10.82 10.57 10.57
2013-12-17 10.16 10.23 10.11 10.11
2014-03-31 8.2 8.26 8.16 8.16
2014-04-08 8.4 8.41 8.24 8.24
2014-05-16 6.88 6.95 6.82 6.82
2014-06-03 6.8 6.87 6.79 6.79
2014-06-05 6.75 6.75 6.65 6.65
2014-08-11 8.12 8.14 7.9 7.9
2014-12-04 10.46 10.53 10.15 10.15
2014-12-10 10.03 10.04 9.7 9.7
2015-02-13 8.99 9.08 8.84 8.84
2015-02-27 9.22 9.29 9.13 9.13
2015-03-11 9.5 9.5 9.27 9.27
2015-04-21 12.64 12.65 12.18 12.18
2015-05-25 12.51 12.56 12.15 12.15
2015-06-05 13.44 13.44 12.95 12.95
2015-06-08 14.11 14.11 14.11 14.11
2015-07-03 11.38 11.69 11.38 11.38
2015-07-07 10.27 10.27 10.27 10.27
2015-07-08 9.76 9.76 9.76 9.76
2015-07-09 10.25 10.25 9.27 9.27
2015-07-16 9.89 10.22 9.6 9.6
2015-07-28 9.77 10.02 9.77 9.77
2015-08-14 11.1 11.3 10.78 10.78
2015-08-19 10.73 10.87 10.39 10.39
2015-08-24 9.38 9.4 9.38 9.38
2015-08-25 8.91 8.91 8.91 8.91
2015-08-26 8.46 8.87 8.46 8.46
2015-09-24 8.28 8.3 8.22 8.22
2015-10-23 9.37 9.43 9.18 9.18
2015-11-05 10.03 10.08 9.95 9.95
2015-11-06 10.24 10.28 10.01 10.01
2015-12-07 13.59 13.69 13.16 13.16
2015-12-11 12.83 13.05 12.6 12.6
2015-12-17 13.23 13.57 12.98 12.98
2015-12-25 12.67 12.7 12.05 12.05
2016-01-05 11.5 11.69 11.5 11.5
2016-01-25 9.93 10.06 9.73 9.73
2016-02-05 10.5 10.78 10.45 10.45
2016-03-07 9.99 10.03 9.72 9.72
2016-03-14 10.22 10.33 10.0 10.0
2016-03-25 11.13 11.2 10.75 10.75
2016-03-28 11.33 11.69 11.13 11.13
2016-04-13 12.31 12.47 12.28 12.28
2016-05-10 13.86 13.86 12.31 12.31
2016-06-02 13.6 13.64 13.42 13.42
2016-07-08 18.15 18.49 17.93 17.93
2016-07-11 18.64 19.36 18.0 18.0
2016-07-18 17.72 18.01 17.53 17.53
2016-08-02 16.2 16.23 15.8 15.8
2016-08-31 16.17 16.38 15.82 15.82
2016-10-18 17.11 17.15 16.6 16.6
2016-10-25 16.99 17.1 16.85 16.85
2016-12-30 19.11 19.4 18.29 18.29
2017-01-03 19.43 19.8 19.17 19.17
2017-02-17 20.92 21.0 20.25 20.25
2017-02-20 22.49 22.6 20.92 20.92
2017-04-13 25.59 26.0 24.47 24.47
2017-04-20 26.68 27.48 26.1 26.1
2017-05-03 22.07 22.5 21.66 21.66
2017-05-08 21.27 21.76 21.0 21.0
2017-06-09 24.78 25.5 24.53 24.53
2017-06-22 25.25 25.45 25.17 25.17
2017-06-26 25.21 25.41 24.71 24.71
2017-06-29 24.37 24.67 24.19 24.19
2017-07-26 29.6 29.7 28.58 28.58
2017-08-07 34.49 35.0 31.95 31.95
2017-08-25 31.53 31.67 31.1 31.1
