1996-03-13 8.34 8.56 8.01 8.01
1996-03-20 8.8 8.98 8.5 8.5
1996-04-03 8.3 8.39 8.23 8.23
1996-04-19 9.27 9.39 8.75 8.75
1996-04-23 9.07 9.08 8.8 8.8
1996-04-26 10.18 10.4 9.15 9.15
1996-05-17 8.93 8.99 8.7 8.7
1996-05-31 8.04 8.18 7.83 7.83
1996-06-04 8.19 8.35 8.1 8.1
1996-06-13 10.08 10.28 9.1 9.1
1996-06-20 10.45 10.78 10.0 10.0
1996-06-26 10.3 10.51 10.2 10.2
1996-07-03 14.1 14.29 13.3 13.3
1996-07-05 14.85 16.0 14.3 14.3
1996-07-16 15.0 15.15 14.27 14.27
1996-08-02 14.2 14.58 14.05 14.05
1996-08-13 14.48 14.5 14.3 14.3
1996-08-20 14.75 14.82 14.5 14.5
1996-08-21 15.05 15.38 14.8 14.8
1996-08-26 15.32 15.48 15.02 15.02
1996-09-17 15.5 15.95 15.0 15.0
1996-09-19 15.2 15.21 14.95 14.95
1996-09-25 18.88 19.18 17.95 17.95
1996-11-11 18.09 18.15 17.75 17.75
1996-11-15 20.0 20.0 18.56 18.56
1996-11-28 26.78 26.98 25.0 25.0
1996-11-29 26.35 27.15 21.0 21.0
1996-12-03 28.5 28.85 26.1 26.1
1996-12-11 29.21 29.21 28.83 28.83
1996-12-17 26.0 28.2 23.08 23.08
1997-01-07 28.88 29.18 28.3 28.3
1997-02-19 14.74 15.51 14.08 14.08
1997-02-20 14.34 14.5 13.27 13.27
1997-02-21 14.56 14.56 14.08 14.08
1997-02-26 15.56 15.68 14.6 14.6
1997-04-07 17.97 18.08 17.0 17.0
1997-04-18 17.85 17.88 17.45 17.45
1997-05-05 19.68 20.0 19.18 19.18
1997-05-16 20.1 21.54 19.89 19.89
1997-05-20 21.15 21.3 20.3 20.3
1997-05-22 18.99 20.0 18.49 18.49
1997-05-27 20.7 20.7 20.2 20.2
1997-06-05 22.0 22.4 21.7 21.7
1997-06-06 21.1 21.6 19.81 19.81
1997-06-13 21.5 21.56 19.6 19.6
1997-06-16 22.72 23.2 21.78 21.78
1997-07-29 20.05 20.2 19.41 19.41
1997-08-19 18.4 18.5 18.25 18.25
1997-09-03 20.06 20.18 19.9 19.9
1997-09-09 19.57 19.85 19.55 19.55
1997-10-10 19.75 19.98 19.51 19.51
1997-10-16 20.24 20.5 19.66 19.66
1997-11-05 20.66 20.92 20.1 20.1
1997-11-13 20.4 20.55 20.0 20.0
1997-12-10 20.71 21.1 20.52 20.52
1997-12-12 20.88 21.35 20.3 20.3
1997-12-25 23.02 23.38 22.88 22.88
1998-01-05 23.95 24.18 22.9 22.9
1998-01-08 24.1 24.88 24.02 24.02
1998-01-23 23.3 23.49 23.0 23.0
1998-02-11 23.08 23.18 22.68 22.68
1998-03-06 18.99 19.98 18.99 18.99
1998-03-24 20.25 20.27 19.98 19.98
1998-04-03 21.01 21.19 20.78 20.78
1998-04-13 22.05 22.3 21.18 21.18
1998-04-22 22.82 23.03 22.18 22.18
1998-05-06 22.61 22.75 22.41 22.41
1998-05-18 22.0 22.0 22.0 22.0
1998-05-22 22.85 23.1 22.34 22.34
1998-06-11 22.82 23.35 22.4 22.4
1998-07-02 21.88 22.16 21.49 21.49
1998-07-21 23.45 23.54 23.0 23.0
1998-08-18 18.3 19.28 18.02 18.02
1998-08-19 20.0 20.1 18.6 18.6
1998-09-03 18.71 18.78 18.35 18.35
1998-09-04 18.99 19.05 18.71 18.71
1998-09-25 20.01 20.15 19.51 19.51
1998-10-08 20.4 20.45 20.2 20.2
1998-10-16 19.95 20.58 19.8 19.8
1998-10-30 19.4 19.55 19.16 19.16
1998-11-24 20.9 21.24 20.9 20.9
1998-11-25 21.1 21.24 20.88 20.88
1998-12-16 20.5 20.5 20.12 20.12
1998-12-18 20.49 20.49 19.23 19.23
1998-12-22 20.5 20.55 20.24 20.24
1999-01-08 19.18 19.26 18.7 18.7
1999-01-21 19.98 19.98 19.5 19.5
1999-01-26 19.22 19.44 18.58 18.58
1999-02-04 17.85 17.92 17.55 17.55
1999-03-30 19.21 19.59 19.06 19.06
1999-03-31 18.1 18.55 17.29 17.29
1999-04-02 18.3 18.32 17.6 17.6
1999-04-06 18.23 18.3 18.18 18.18
1999-04-07 18.25 18.79 18.08 18.08
1999-04-14 18.05 18.29 17.75 17.75
1999-04-16 18.15 18.4 17.8 17.8
1999-04-23 17.93 18.01 17.85 17.85
1999-04-27 17.51 17.7 17.4 17.4
1999-05-13 19.0 19.15 19.0 19.0
1999-05-18 18.95 19.3 18.8 18.8
1999-06-04 24.12 24.25 23.7 23.7
1999-06-14 24.95 24.95 24.18 24.18
1999-06-25 28.88 29.6 27.5 27.5
1999-06-29 34.95 34.95 33.7 33.7
1999-07-07 35.0 35.0 32.41 32.41
1999-07-21 36.75 37.2 35.38 35.38
1999-07-23 35.48 36.24 34.88 34.88
1999-08-05 36.23 36.5 35.2 35.2
1999-08-30 27.0 27.6 27.0 27.0
1999-08-31 26.64 26.95 25.87 25.87
1999-10-11 24.99 25.33 24.5 24.5
1999-10-15 25.75 25.9 25.2 25.2
1999-10-26 25.85 25.85 25.15 25.15
1999-12-03 22.15 22.3 20.25 20.25
2000-01-18 20.88 21.4 20.71 20.71
2000-02-24 22.2 22.2 21.76 21.76
2000-03-17 20.78 21.0 19.99 19.99
2000-03-23 22.99 22.99 21.0 21.0
2000-04-28 22.15 22.4 21.4 21.4
2000-05-25 22.38 22.8 21.5 21.5
2000-06-06 22.03 22.17 21.85 21.85
2000-06-13 21.7 21.92 21.5 21.5
2000-06-19 22.2 22.5 21.97 21.97
2000-06-21 21.69 21.85 21.52 21.52
2000-06-26 22.05 22.3 21.85 21.85
2000-07-12 23.48 23.9 23.22 23.22
2000-07-17 23.96 24.49 23.75 23.75
2000-08-07 23.33 23.65 23.2 23.2
2000-08-18 23.15 23.39 23.01 23.01
2000-09-27 21.0 21.03 20.6 20.6
2000-10-10 21.05 21.09 20.9 20.9
2000-10-25 21.23 21.6 21.1 21.1
2000-10-31 21.12 21.2 20.68 20.68
2000-12-26 26.55 26.82 25.4 25.4
2001-01-05 27.9 28.1 27.2 27.2
2001-02-22 23.55 23.8 23.2 23.2
2001-03-07 25.02 25.1 24.5 24.5
2001-04-03 24.6 25.07 24.31 24.31
2001-04-13 24.22 24.49 24.05 24.05
2001-04-26 24.36 24.58 24.0 24.0
2001-06-12 25.05 25.24 24.81 24.81
2001-06-19 24.1 24.25 23.51 23.51
2001-07-13 23.91 23.99 23.8 23.8
2001-07-20 24.77 24.82 24.35 24.35
2001-08-03 21.51 21.65 21.3 21.3
2001-08-28 20.0 20.15 18.6 18.6
2001-09-04 20.01 20.05 19.71 19.71
2001-09-10 20.4 20.4 19.05 19.05
2001-09-12 20.1 20.3 19.65 19.65
2001-10-08 19.92 20.3 19.91 19.91
2001-10-25 20.24 20.3 19.2 19.2
2001-10-30 20.0 20.2 19.85 19.85
2001-11-14 19.11 19.16 19.03 19.03
2001-11-15 19.15 19.21 19.03 19.03
2001-11-27 20.94 20.97 20.61 20.61
2001-11-28 21.48 21.6 20.9 20.9
2001-11-30 21.95 21.98 21.3 21.3
2001-12-06 21.75 22.0 21.6 21.6
2001-12-12 21.51 21.66 21.5 21.5
2001-12-14 21.39 21.5 21.2 21.2
2001-12-17 21.28 21.53 21.01 21.01
2001-12-27 19.7 19.75 19.52 19.52
2002-01-08 19.46 19.7 19.35 19.35
2002-01-21 18.35 18.72 18.01 18.01
2002-01-29 18.66 18.89 18.1 18.1
2002-01-31 19.91 20.16 18.88 18.88
2002-03-04 19.88 19.9 19.6 19.6
2002-03-05 20.54 20.65 19.9 19.9
2002-03-20 20.55 20.8 20.0 20.0
2002-04-03 19.12 19.4 19.1 19.1
2002-05-31 17.41 17.65 17.31 17.31
2002-06-20 17.28 17.5 17.28 17.28
2002-06-21 17.98 18.25 17.29 17.29
2002-06-28 20.55 20.88 19.4 19.4
2002-07-11 19.95 20.0 19.7 19.7
2002-07-23 20.18 20.18 19.8 19.8
2002-07-26 19.94 19.95 19.86 19.86
2002-08-14 18.17 18.18 17.98 17.98
2002-08-27 17.97 18.2 17.45 17.45
2002-09-12 18.3 18.52 17.97 17.97
2002-09-25 18.23 18.27 18.04 18.04
2002-10-16 17.65 17.68 17.55 17.55
2002-10-22 17.51 17.55 17.2 17.2
2002-11-01 17.74 17.79 17.17 17.17
2002-11-04 17.8 17.88 17.52 17.52
2002-11-05 18.2 18.48 17.82 17.82
2002-11-26 17.13 17.45 16.93 16.93
2002-11-29 17.66 17.9 17.54 17.54
2002-12-03 17.6 17.6 17.08 17.08
2002-12-04 17.66 17.7 17.35 17.35
2002-12-05 17.64 18.0 17.51 17.51
2002-12-25 18.39 18.41 18.08 18.08
2003-01-08 17.39 17.4 17.1 17.1
2003-01-13 17.66 17.77 17.41 17.41
2003-01-24 18.36 18.37 18.06 18.06
2003-01-28 18.79 18.81 18.11 18.11
2003-02-17 19.45 19.68 19.21 19.21
2003-02-25 19.62 19.73 19.44 19.44
2003-02-26 19.64 19.9 19.5 19.5
2003-03-03 20.38 20.45 20.0 20.0
2003-03-20 19.54 19.58 19.18 19.18
2003-03-24 20.0 20.03 19.76 19.76
2003-03-31 21.17 21.4 20.3 20.3
2003-04-10 21.98 22.15 21.68 21.68
2003-04-25 21.74 22.1 21.41 21.41
2003-04-30 23.16 23.28 22.5 22.5
2003-05-21 23.9 24.5 23.85 23.85
2003-06-11 23.99 24.05 23.54 23.54
2003-06-23 23.47 23.6 23.31 23.31
2003-07-14 13.06 13.06 12.67 12.67
2003-07-16 13.18 13.47 13.0 13.0
2003-08-18 12.34 12.38 12.0 12.0
2003-09-26 11.17 11.25 11.15 11.15
2003-10-09 11.3 11.4 11.2 11.2
2003-10-10 11.69 11.78 11.3 11.3
2003-10-20 11.42 11.58 11.33 11.33
2003-10-21 11.73 11.78 11.38 11.38
2003-10-28 12.39 12.45 11.92 11.92
2003-11-19 10.74 10.75 10.34 10.34
2003-12-04 11.47 11.5 11.05 11.05
2003-12-29 11.82 11.98 11.61 11.61
2004-01-07 12.87 13.18 12.69 12.69
2004-02-16 12.38 12.42 12.16 12.16
2004-03-15 13.14 13.2 12.5 12.5
2004-03-31 13.65 13.85 13.51 13.51
2004-04-01 13.78 13.86 13.56 13.56
2004-04-30 13.72 13.85 13.2 13.2
2004-05-20 13.1 13.2 12.95 12.95
2004-06-07 13.24 13.48 13.21 13.21
2004-06-24 10.33 10.45 10.18 10.18
2004-06-30 10.13 10.34 9.88 9.88
2004-07-01 10.58 10.66 10.1 10.1
2004-07-12 10.84 10.91 10.75 10.75
2004-07-13 10.79 10.95 10.5 10.5
2004-07-28 9.1 9.11 8.82 8.82
2004-08-04 9.32 9.39 9.0 9.0
2004-08-16 9.6 9.72 9.5 9.5
2004-09-22 11.44 11.55 10.95 10.95
2004-09-28 12.16 12.32 11.88 11.88
2004-10-11 12.31 12.73 12.26 12.26
2004-10-25 13.1 13.4 12.77 12.77
2004-10-26 13.28 13.31 13.0 13.0
2004-11-11 11.48 11.94 11.42 11.42
2004-12-20 9.77 9.77 9.77 9.77
2004-12-22 9.82 9.88 8.79 8.79
2004-12-30 9.15 9.23 9.01 9.01
2005-01-18 9.8 9.85 9.53 9.53
2005-02-17 10.9 11.15 10.81 10.81
2005-02-22 11.31 11.5 11.06 11.06
2005-03-07 11.42 11.44 10.28 10.28
2005-03-15 12.87 13.1 12.63 12.63
2005-03-21 13.14 13.16 12.6 12.6
2005-04-07 13.8 13.9 12.94 12.94
2005-04-13 13.77 14.18 13.7 13.7
2005-05-30 12.64 12.68 11.8 11.8
2005-07-04 13.22 13.37 12.95 12.95
2005-07-08 13.31 13.33 12.82 12.82
2005-07-14 13.44 13.7 13.42 13.42
2005-07-21 13.39 13.54 13.34 13.34
2005-07-26 13.78 13.94 13.47 13.47
2005-09-02 13.2 13.25 12.8 12.8
2005-09-23 12.76 12.96 12.66 12.66
2005-09-27 13.1 13.18 12.87 12.87
2005-10-19 14.48 14.64 14.33 14.33
2005-10-21 14.59 14.65 14.34 14.34
2005-12-12 13.89 13.91 13.08 13.08
2005-12-20 14.35 14.37 14.03 14.03
2005-12-29 14.67 14.68 14.45 14.45
2006-01-11 15.55 15.8 15.0 15.0
2006-01-17 15.6 15.85 15.02 15.02
2006-01-20 16.22 16.5 15.69 15.69
2006-01-25 16.76 16.81 16.0 16.0
2006-02-17 17.76 17.88 17.3 17.3
2006-03-10 17.85 18.08 17.26 17.26
2006-10-24 19.6 19.75 19.3 19.3
2006-11-09 20.94 20.94 20.94 20.94
2006-11-10 18.85 19.18 18.85 18.85
2006-12-11 19.9 19.93 19.35 19.35
2006-12-18 22.65 23.1 21.89 21.89
2006-12-19 23.79 23.97 22.63 22.63
2006-12-21 23.73 25.09 23.45 23.45
2006-12-25 24.96 25.23 23.0 23.0
2007-01-12 27.6 27.66 25.89 25.89
2007-01-19 31.86 32.24 30.45 30.45
2007-02-07 26.96 27.46 26.41 26.41
2007-02-09 27.4 27.8 26.9 26.9
2007-04-02 25.94 25.98 25.5 25.5
2007-04-16 29.35 30.3 29.11 29.11
2007-04-20 28.16 28.25 27.01 27.01
2007-05-08 31.32 31.52 29.06 29.06
2007-05-16 34.21 34.21 31.3 31.3
2007-06-07 32.87 33.5 31.53 31.53
2007-06-13 35.23 36.2 34.75 34.75
2007-08-06 34.24 35.15 33.28 33.28
2007-08-13 32.74 33.67 32.05 32.05
2007-09-12 32.5 33.3 32.18 32.18
2007-10-09 35.2 35.3 33.85 33.85
2007-11-14 27.06 27.3 26.3 26.3
2007-11-23 25.71 25.8 25.04 25.04
2007-12-17 29.03 29.58 28.62 28.62
2008-01-02 31.85 32.26 29.35 29.35
2008-04-15 20.34 20.36 19.33 19.33
2008-05-14 22.74 23.2 22.24 22.24
2008-08-01 16.83 17.08 16.4 16.4
2008-08-12 15.13 15.37 14.6 14.6
2008-08-29 15.33 15.48 14.88 14.88
2008-09-17 12.09 12.09 12.09 12.09
2008-09-18 10.88 10.88 10.88 10.88
2008-09-23 9.93 10.07 9.93 9.93
2008-09-24 9.03 9.49 8.94 8.94
2008-10-31 6.89 7.28 6.83 6.83
2008-11-05 7.23 7.38 7.1 7.1
2008-11-10 7.31 7.38 7.0 7.0
2008-12-10 9.68 9.71 8.95 8.95
2009-01-14 8.7 8.75 8.38 8.38
2009-02-06 10.19 10.27 9.96 9.96
2009-03-13 11.51 11.79 11.22 11.22
2009-03-19 12.64 12.8 11.85 11.85
2009-04-24 14.83 15.47 14.55 14.55
2009-05-06 16.08 16.08 15.3 15.3
2009-06-08 15.57 15.69 14.9 14.9
2009-06-15 15.86 15.9 15.6 15.6
2009-07-14 16.96 17.08 16.43 16.43
2009-07-31 16.03 16.07 15.63 15.63
2009-08-26 17.38 17.7 17.05 17.05
2009-09-28 19.87 20.18 19.28 19.28
2009-10-23 21.69 21.79 21.41 21.41
2009-10-30 23.16 23.16 23.16 23.16
2009-11-04 25.01 25.35 24.6 24.6
2009-11-10 25.96 25.96 24.72 24.72
2009-11-12 26.75 27.1 26.5 26.5
2009-11-13 27.9 28.09 26.71 26.71
2009-11-30 27.69 27.69 26.15 26.15
2009-12-01 28.26 28.58 27.73 27.73
2009-12-21 25.35 25.68 24.91 24.91
2009-12-28 27.04 27.17 26.77 26.77
2010-01-05 27.84 27.94 26.61 26.61
2010-02-24 30.58 30.58 28.81 28.81
2010-03-17 29.56 29.58 28.7 28.7
2010-03-26 30.34 30.6 30.0 30.0
2010-03-29 31.29 31.7 30.43 30.43
2010-04-07 33.17 33.51 32.0 32.0
2010-04-08 33.92 34.0 33.07 33.07
2010-04-21 36.91 37.46 35.85 35.85
2010-05-13 31.6 31.79 30.24 30.24
2010-05-18 30.99 31.06 30.12 30.12
2010-05-27 29.9 30.1 29.0 29.0
2010-06-21 29.62 29.91 28.45 28.45
2010-08-17 34.03 34.25 33.31 33.31
2010-08-30 35.19 35.86 33.55 33.55
2010-08-31 37.31 37.75 34.83 34.83
2010-09-10 38.86 39.6 37.58 37.58
2010-09-17 40.59 41.66 38.35 38.35
2010-10-08 43.62 44.35 42.0 42.0
2010-11-05 39.0 40.0 38.11 38.11
2010-11-08 39.97 40.28 39.0 39.0
2010-11-15 43.4 44.1 41.33 41.33
2010-12-10 40.27 40.5 38.51 38.51
2010-12-22 37.95 38.3 37.6 37.6
2011-01-13 35.55 35.8 34.95 34.95
2011-01-31 35.64 35.99 34.8 34.8
2011-02-24 37.58 39.0 37.2 37.2
2011-03-14 38.1 38.14 36.8 36.8
2011-05-26 34.85 35.22 34.05 34.05
2011-06-10 36.17 36.49 35.69 35.69
2011-06-21 15.59 15.71 15.41 15.41
2011-06-24 16.6 16.7 15.91 15.91
2011-07-04 17.8 17.88 17.32 17.32
2011-07-08 17.8 17.97 17.56 17.56
2011-07-11 18.13 18.3 17.63 17.63
2011-07-13 18.91 19.25 18.2 18.2
2011-08-18 20.59 20.92 20.51 20.51
2011-10-10 18.16 18.4 18.1 18.1
2011-11-11 22.98 23.3 22.38 22.38
2011-12-02 22.19 22.63 22.0 22.0
2011-12-28 19.46 19.6 18.95 18.95
2012-02-13 22.11 22.4 21.41 21.41
2012-02-15 22.2 22.58 21.94 21.94
2012-03-02 23.07 23.16 22.64 22.64
2012-03-16 24.08 24.22 23.1 23.1
2012-04-12 23.08 23.11 22.75 22.75
2012-06-15 21.85 21.85 21.85 21.85
2012-06-18 20.82 21.3 19.71 19.71
2012-08-07 18.87 19.17 18.7 18.7
2012-08-09 19.52 19.65 18.9 18.9
2012-08-21 20.13 20.55 19.38 19.38
2012-08-23 20.29 20.6 20.0 20.0
2012-08-24 20.7 20.75 20.2 20.2
2012-09-25 20.18 20.22 20.05 20.05
2012-12-25 20.54 20.94 19.85 19.85
2012-12-26 20.94 21.6 20.52 20.52
2013-01-10 23.46 23.85 23.2 23.2
2013-01-16 25.89 26.16 24.4 24.4
2013-01-28 26.45 27.0 25.74 25.74
2013-02-04 26.82 27.2 26.75 26.75
2013-02-07 28.78 29.2 27.86 27.86
2013-03-04 28.14 28.81 27.31 27.31
2013-03-06 29.91 29.96 29.5 29.5
2013-04-01 31.56 32.05 31.03 31.03
2013-10-31 41.13 41.13 41.13 41.13
2013-11-11 38.98 39.17 37.51 37.51
2013-11-12 39.88 40.36 39.15 39.15
2013-11-15 41.58 42.8 40.73 40.73
2013-11-26 39.03 39.49 38.46 38.46
2013-11-28 40.51 40.67 39.6 39.6
2014-01-03 37.01 37.54 36.75 36.75
2014-02-20 37.01 37.49 36.4 36.4
2014-02-28 35.12 35.31 33.32 33.32
2014-03-07 34.85 35.12 33.9 33.9
2014-03-11 36.37 37.63 36.2 36.2
2014-03-13 37.87 38.23 36.44 36.44
2014-04-11 39.53 40.98 39.48 39.48
2014-04-29 35.5 35.55 34.2 34.2
2014-06-12 33.15 33.32 32.49 32.49
2014-08-08 26.4 26.62 25.9 25.9
2014-09-23 25.73 25.96 25.42 25.42
2014-10-24 23.31 23.35 22.76 22.76
2014-12-24 26.98 27.49 26.94 26.94
2015-01-20 27.09 27.31 26.63 26.63
2015-03-23 30.57 30.61 29.65 29.65
2015-05-07 36.26 36.7 36.01 36.01
2015-05-19 35.97 36.29 34.92 34.92
2015-05-25 43.66 43.66 40.13 40.13
2015-07-22 18.6 18.78 18.36 18.36
2015-09-02 16.0 16.2 15.61 15.61
2015-10-12 16.16 16.6 15.87 15.87
2015-11-12 16.02 16.09 15.85 15.85
2015-12-21 17.73 17.73 16.43 16.43
2016-01-05 15.49 15.7 14.91 14.91
2016-02-02 13.45 13.56 13.25 13.25
2016-02-16 13.53 13.62 13.24 13.24
2016-03-18 14.29 14.45 14.12 14.12
2016-03-30 14.3 14.36 14.03 14.03
2016-04-28 14.64 14.77 14.42 14.42
2016-06-07 16.41 16.53 16.15 16.15
2016-06-14 16.06 16.14 15.78 15.78
2016-07-12 18.6 18.7 17.85 17.85
2016-07-25 17.84 17.99 17.56 17.56
2016-11-24 18.9 19.5 17.77 17.77
2017-03-21 18.68 18.8 18.3 18.3
2017-05-02 18.42 18.58 18.28 18.28
2017-05-15 18.13 18.18 17.6 17.6
2017-05-25 19.31 19.36 18.9 18.9
2017-08-09 23.11 23.5 21.58 21.58
2017-08-14 22.95 23.8 22.45 22.45
