2002-07-19 15.5 15.61 15.4 15.4
2002-07-25 15.4 15.56 15.38 15.38
2002-08-19 14.98 15.11 14.85 14.85
2002-08-27 15.14 15.18 14.88 14.88
2002-08-30 15.28 15.36 15.2 15.2
2002-09-03 15.27 15.36 15.22 15.22
2002-09-09 14.86 15.0 14.81 14.81
2002-09-12 14.92 15.0 14.8 14.8
2002-09-26 14.92 15.08 14.88 14.88
2002-10-16 13.94 14.04 13.82 13.82
2002-10-28 13.39 13.77 13.26 13.26
2002-11-04 13.74 13.75 13.43 13.43
2002-11-28 12.46 12.5 12.01 12.01
2003-01-07 11.09 11.35 11.02 11.02
2003-01-16 12.48 12.58 11.93 11.93
2003-02-11 12.44 12.45 12.2 12.2
2003-02-17 12.78 12.97 12.6 12.6
2003-02-20 13.19 13.45 13.05 13.05
2003-05-15 12.65 12.7 12.28 12.28
2003-05-20 12.84 12.93 12.66 12.66
2003-05-30 9.89 10.09 9.7 9.7
2003-06-02 10.22 10.37 10.0 10.0
2003-06-10 9.68 9.75 9.6 9.6
2003-07-02 8.86 8.87 8.7 8.7
2003-07-10 9.07 9.07 8.85 8.85
2003-08-05 8.4 8.47 8.24 8.24
2003-08-07 8.35 8.38 8.29 8.29
2003-09-08 8.06 8.23 8.05 8.05
2003-09-16 7.79 7.83 7.7 7.7
2003-10-15 7.74 7.8 7.62 7.62
2003-10-21 7.93 8.02 7.7 7.7
2003-10-31 7.65 7.88 7.5 7.5
2003-11-20 8.29 8.31 8.04 8.04
2003-11-26 8.45 8.54 8.3 8.3
2003-12-01 8.56 8.65 8.3 8.3
2003-12-04 9.19 9.6 8.8 8.8
2003-12-19 9.13 9.15 8.79 8.79
2003-12-31 9.18 9.35 9.05 9.05
2004-01-02 9.52 9.58 9.21 9.21
2004-01-05 9.7 9.75 9.5 9.5
2004-01-09 9.85 10.18 9.83 9.83
2004-02-04 9.86 9.89 9.57 9.57
2004-02-09 10.25 10.4 10.05 10.05
2004-03-10 10.83 10.85 10.6 10.6
2004-03-15 11.01 11.15 10.7 10.7
2004-03-19 11.47 11.51 11.28 11.28
2004-04-01 12.12 12.25 11.5 11.5
2004-04-07 13.16 13.33 12.94 12.94
2004-04-15 12.64 12.98 12.52 12.52
2004-04-30 10.4 10.46 10.12 10.12
2004-06-11 8.98 9.2 8.88 8.88
2004-07-16 6.18 6.28 6.0 6.0
2004-07-19 6.42 6.48 6.16 6.16
2004-08-13 5.72 5.76 5.69 5.69
2004-09-01 5.38 5.42 5.35 5.35
2004-11-03 5.58 5.59 5.4 5.4
2004-11-15 5.69 5.74 5.54 5.54
2004-11-16 5.78 5.84 5.71 5.71
2004-11-26 5.86 5.96 5.85 5.85
2004-11-30 5.72 5.72 5.62 5.62
2005-01-05 5.08 5.1 4.95 4.95
2005-01-12 4.81 4.83 4.71 4.71
2005-01-26 4.55 4.67 4.5 4.5
2005-02-02 4.62 4.65 4.41 4.41
2005-03-08 4.92 4.94 4.78 4.78
2005-04-05 4.67 4.68 4.51 4.51
2005-04-13 4.89 4.95 4.74 4.74
2005-05-12 3.55 3.59 3.5 3.5
2005-05-17 3.61 3.62 3.5 3.5
2005-05-30 3.39 3.45 3.3 3.3
2005-06-08 3.68 3.73 3.41 3.41
2005-06-17 3.4 3.45 3.32 3.32
2005-07-21 3.3 3.38 3.08 3.08
2005-07-22 3.35 3.4 3.25 3.25
2005-07-29 3.66 3.7 3.6 3.6
2005-08-01 3.83 3.85 3.65 3.65
2006-10-12 6.81 6.85 6.73 6.73
2006-10-13 7.01 7.13 6.85 6.85
2006-10-17 7.3 7.35 7.08 7.08
2006-11-24 7.31 7.34 6.99 6.99
2006-11-27 7.82 7.85 7.34 7.34
2006-12-01 8.13 8.14 7.93 7.93
2006-12-04 8.25 8.55 8.12 8.12
2006-12-11 7.95 7.97 7.78 7.78
2006-12-29 7.69 7.77 7.46 7.46
2007-01-09 8.59 8.68 8.35 8.35
2007-01-10 9.01 9.14 8.6 8.6
2007-01-15 9.88 9.88 9.06 9.06
2007-01-29 11.03 11.03 10.37 10.37
2007-02-06 11.8 11.8 11.07 11.07
2007-03-05 13.29 13.37 12.65 12.65
2007-03-06 14.39 14.6 13.4 13.4
2007-03-15 15.16 15.47 15.03 15.03
2007-03-27 16.97 17.15 16.36 16.36
2007-04-11 21.75 22.98 21.1 21.1
2007-04-26 28.79 28.98 27.48 27.48
2007-06-01 28.81 30.38 27.5 27.5
2007-06-07 30.87 31.89 29.55 29.55
2007-07-06 37.87 38.08 34.15 34.15
2007-07-20 35.79 36.19 34.5 34.5
2007-07-23 38.86 39.22 35.9 35.9
2007-07-25 39.27 39.48 38.0 38.0
2007-07-31 46.84 46.84 43.19 43.19
2007-08-02 49.6 49.6 45.6 45.6
2007-08-20 63.64 64.0 61.25 61.25
2007-09-24 33.76 34.8 32.32 32.32
2007-11-23 27.43 27.49 25.85 25.85
2007-12-04 24.64 25.0 24.22 24.22
2007-12-07 26.08 26.35 25.61 25.61
2007-12-19 26.35 26.68 25.5 25.5
2007-12-26 29.45 29.48 28.09 28.09
2008-01-04 32.1 32.5 31.08 31.08
2008-02-04 26.73 26.73 24.98 24.98
2008-03-04 26.93 27.84 26.68 26.68
2008-04-22 13.35 14.0 12.96 12.96
2008-05-27 15.26 15.5 14.8 14.8
2008-06-25 11.58 11.62 10.8 10.8
2008-07-14 13.79 13.9 13.26 13.26
2008-07-28 13.07 13.49 12.99 12.99
2008-09-12 7.39 7.6 7.25 7.25
2008-10-17 5.44 5.55 5.34 5.34
2008-11-10 5.52 5.52 5.11 5.11
2008-12-08 7.1 7.1 6.79 6.79
2009-01-05 5.96 5.97 5.77 5.77
2009-02-06 7.71 7.79 7.13 7.13
2009-02-09 8.48 8.48 7.83 7.83
2009-03-03 7.37 7.59 7.22 7.22
2009-04-01 8.88 9.02 8.64 8.64
2009-07-02 10.43 10.62 10.3 10.3
2009-08-04 23.69 23.69 21.82 21.82
2009-08-10 25.21 25.21 23.55 23.55
2009-08-18 22.78 22.99 21.0 21.0
2009-11-30 21.95 21.97 21.4 21.4
2009-12-11 25.18 25.7 24.5 24.5
2009-12-24 25.01 25.28 23.5 23.5
2009-12-28 26.02 26.45 24.68 24.68
2010-01-19 27.47 27.77 26.51 26.51
2010-02-02 20.97 21.6 20.69 20.69
2010-03-17 24.45 24.6 23.71 23.71
2010-04-01 14.8 14.88 14.57 14.57
2010-04-02 15.17 15.3 14.9 14.9
2010-04-06 15.54 15.85 15.33 15.33
2010-05-10 11.21 11.21 10.26 10.26
2010-05-24 13.14 13.39 12.65 12.65
2010-07-06 11.0 11.1 10.45 10.45
2010-07-14 11.36 11.7 11.24 11.24
2010-07-29 12.84 12.98 12.38 12.38
2010-08-13 12.21 12.25 11.92 11.92
2010-08-30 12.52 12.66 12.35 12.35
2010-09-07 13.88 14.09 13.28 13.28
2010-12-31 13.8 13.82 13.28 13.28
2011-01-19 11.37 11.48 10.69 10.69
2011-01-31 10.65 10.75 10.57 10.57
2011-03-16 11.63 11.84 11.29 11.29
2011-04-20 12.88 13.04 12.57 12.57
2011-04-26 11.79 12.0 11.61 11.61
2011-07-13 10.05 10.08 9.89 9.89
2011-07-14 10.26 10.43 10.06 10.06
2011-08-03 10.35 10.58 10.05 10.05
2011-10-27 7.94 8.1 7.87 7.87
2011-11-14 8.2 8.22 8.06 8.06
2011-11-21 7.72 7.8 7.63 7.63
2011-12-30 5.78 5.79 5.61 5.61
2012-03-02 7.14 7.15 7.01 7.01
2012-03-08 7.0 7.09 6.9 6.9
2012-03-19 7.03 7.05 6.81 6.81
2012-03-21 7.1 7.3 6.85 6.85
2012-04-12 6.5 6.6 6.33 6.33
2012-04-18 6.8 6.8 6.56 6.56
2012-05-17 6.54 6.55 6.42 6.42
2012-06-05 6.27 6.36 6.26 6.26
2012-06-20 6.13 6.19 6.1 6.1
2012-07-11 5.64 5.66 5.54 5.54
2012-07-17 5.57 5.59 5.5 5.5
2012-07-24 5.5 5.54 5.45 5.45
2012-08-01 5.42 5.5 5.34 5.34
2012-08-03 5.4 5.41 5.35 5.35
2012-08-06 5.54 5.55 5.4 5.4
2012-09-06 4.93 4.93 4.85 4.85
2012-09-07 5.16 5.28 4.95 4.95
2012-09-28 5.02 5.03 4.88 4.88
2012-12-10 4.58 4.64 4.49 4.49
2013-01-14 4.91 4.94 4.71 4.71
2013-01-28 4.8 4.8 4.71 4.71
2013-02-04 5.18 5.34 4.88 4.88
2013-04-09 4.34 4.38 4.27 4.27
2013-05-24 4.44 4.46 4.4 4.4
2013-07-01 3.76 3.87 3.49 3.49
2013-07-09 3.56 3.64 3.52 3.52
2013-07-11 3.78 3.83 3.65 3.65
2013-07-15 3.73 3.77 3.66 3.66
2013-08-05 3.59 3.61 3.54 3.54
2013-08-08 3.75 3.83 3.6 3.6
2013-08-22 3.84 3.88 3.83 3.83
2013-09-03 3.9 3.95 3.85 3.85
2013-09-11 4.08 4.26 4.0 4.0
2013-09-23 3.96 3.97 3.85 3.85
2013-09-27 3.94 4.03 3.82 3.82
2013-10-11 4.38 4.38 4.01 4.01
2013-10-17 4.2 4.25 4.13 4.13
2013-11-15 3.83 3.85 3.75 3.75
2013-11-20 3.95 3.97 3.87 3.87
2013-11-28 3.94 3.96 3.86 3.86
2013-12-05 3.86 3.89 3.84 3.84
2013-12-25 3.63 3.63 3.57 3.57
2014-01-21 3.51 3.54 3.43 3.43
2014-01-24 3.55 3.63 3.5 3.5
2014-02-07 3.42 3.44 3.37 3.37
2014-02-14 3.69 3.71 3.65 3.65
2014-02-20 3.83 4.04 3.68 3.68
2014-03-11 3.48 3.48 3.4 3.4
2014-03-17 3.5 3.51 3.45 3.45
2014-03-24 3.63 3.66 3.56 3.56
2014-04-03 3.64 3.75 3.62 3.62
2014-04-23 3.51 3.52 3.47 3.47
2014-07-01 3.64 3.72 3.62 3.62
2014-07-22 4.47 4.47 4.11 4.11
2014-09-29 5.27 5.3 5.24 5.24
2014-10-24 5.18 5.22 5.12 5.12
2014-10-28 5.28 5.29 5.13 5.13
2014-12-02 6.02 6.06 5.95 5.95
2014-12-16 6.37 6.4 6.25 6.25
2015-01-20 5.2 5.23 5.13 5.13
2015-02-03 5.35 5.35 5.23 5.23
2015-02-13 5.48 5.52 5.41 5.41
2015-02-17 5.58 5.61 5.52 5.52
2015-07-23 10.88 11.21 9.17 9.17
2015-07-28 7.97 8.58 7.97 7.97
2015-08-04 6.72 6.72 6.14 6.14
2015-08-25 5.02 5.19 5.02 5.02
2015-09-02 4.14 4.49 4.0 4.0
2015-09-07 4.29 4.42 4.2 4.2
2015-09-28 4.45 4.52 4.31 4.31
2015-10-20 5.06 5.08 4.93 4.93
2016-01-19 6.35 6.35 6.35 6.35
2016-03-03 6.15 6.45 5.91 5.91
2016-04-11 5.84 5.88 5.51 5.51
2016-04-13 6.49 6.49 6.18 6.18
2016-04-21 6.26 6.45 5.9 5.9
2016-05-20 4.98 4.99 4.76 4.76
2016-06-14 4.94 4.96 4.81 4.81
2016-07-04 6.18 6.18 5.59 5.59
2016-08-10 5.97 6.11 5.88 5.88
2016-09-19 5.55 5.55 5.43 5.43
2016-09-21 5.55 5.63 5.51 5.51
2016-09-27 5.44 5.46 5.36 5.36
2016-09-30 5.45 5.45 5.41 5.41
2016-10-24 5.73 5.75 5.6 5.6
2016-11-24 6.5 6.65 6.45 6.45
2016-12-28 5.59 5.63 5.55 5.55
2017-01-23 5.75 5.79 5.55 5.55
2017-01-25 5.87 6.04 5.79 5.79
2017-02-07 5.95 5.95 5.83 5.83
2017-02-20 6.15 6.15 6.03 6.03
2017-03-16 6.06 6.07 6.0 6.0
2017-04-25 5.37 5.41 5.23 5.23
2017-06-05 4.59 4.6 4.57 4.57
2017-06-06 4.62 4.63 4.55 4.55
2017-06-19 4.8 4.81 4.7 4.7
2017-06-26 4.72 4.75 4.65 4.65
2017-06-30 4.82 4.83 4.78 4.78
2017-07-05 5.0 5.01 4.84 4.84
2017-09-06 7.44 7.62 6.96 6.96
