1996-11-11 18.05 18.47 17.1 17.1
1996-11-27 21.5 21.6 20.88 20.88
1996-12-05 24.4 24.5 22.88 22.88
1996-12-09 26.96 26.97 25.1 25.1
1996-12-11 27.5 28.0 26.8 26.8
1996-12-16 22.97 22.97 22.97 22.97
1996-12-17 20.67 22.5 20.67 20.67
1996-12-30 11.3 11.49 11.1 11.1
1997-01-09 10.4 10.45 10.0 10.0
1997-01-13 11.46 11.5 10.8 10.8
1997-02-19 10.86 11.18 10.2 10.2
1997-02-20 10.53 10.7 9.77 9.77
1997-02-21 11.1 11.12 10.6 10.6
1997-02-25 12.25 12.45 11.5 11.5
1997-04-03 14.56 14.65 14.0 14.0
1997-04-09 14.08 14.08 13.71 13.71
1997-05-23 13.95 13.95 13.95 13.95
1997-05-27 10.38 10.4 9.66 9.66
1997-05-29 10.1 10.33 10.0 10.0
1997-06-09 10.35 10.35 10.1 10.1
1997-06-16 10.4 10.49 10.2 10.2
1997-07-09 8.5 8.8 7.9 7.9
1997-07-11 8.88 8.88 8.25 8.25
1997-07-30 9.55 9.72 9.26 9.26
1997-09-15 9.67 9.67 9.15 9.15
1997-09-25 8.67 8.85 8.59 8.59
1997-10-17 8.95 8.99 8.8 8.8
1997-10-20 9.1 9.25 9.0 9.0
1997-11-03 8.5 8.72 8.4 8.4
1997-11-04 8.69 8.73 8.5 8.5
1997-11-05 8.6 8.7 8.42 8.42
1997-11-06 8.9 9.06 8.6 8.6
1997-11-19 9.25 9.25 8.98 8.98
1997-11-27 9.06 9.12 8.9 8.9
1997-11-28 9.35 9.4 9.0 9.0
1997-12-04 9.0 9.02 8.71 8.71
1997-12-15 9.67 9.74 9.25 9.25
1998-02-19 12.45 12.6 11.94 11.94
1998-02-24 11.9 12.15 11.86 11.86
1998-03-03 11.59 11.59 10.44 10.44
1998-03-16 13.6 13.68 12.8 12.8
1998-03-23 14.5 14.68 14.0 14.0
1998-03-24 15.1 15.19 14.42 14.42
1998-05-26 16.9 17.2 15.3 15.3
1998-06-17 15.2 15.5 15.2 15.2
1998-08-19 13.4 13.5 13.0 13.0
1998-10-27 13.65 13.9 13.25 13.25
1998-11-20 14.28 14.35 13.98 13.98
1998-11-25 14.14 14.3 13.8 13.8
1998-12-01 14.15 14.15 13.9 13.9
1998-12-03 14.9 15.05 14.46 14.46
1998-12-21 14.34 14.52 14.1 14.1
1999-01-13 15.5 15.5 14.61 14.61
1999-01-25 17.2 17.47 17.09 17.09
1999-02-03 17.34 17.4 16.7 16.7
1999-02-04 17.3 17.38 16.9 16.9
1999-02-09 18.0 18.0 17.05 17.05
1999-03-09 18.97 18.99 18.5 18.5
1999-03-25 20.75 20.78 19.2 19.2
1999-04-08 18.88 18.98 18.55 18.55
1999-04-21 18.79 18.92 18.0 18.0
1999-04-22 19.33 19.45 18.71 18.71
1999-04-28 19.39 19.44 18.48 18.48
1999-05-12 20.91 20.97 20.05 20.05
1999-05-20 22.0 22.08 20.4 20.4
1999-06-28 21.88 21.88 20.03 20.03
1999-06-29 22.58 23.68 22.0 22.0
1999-07-02 20.12 20.12 16.5 16.5
1999-07-14 18.3 18.5 17.95 17.95
1999-07-23 18.78 18.95 17.8 17.8
1999-07-30 17.15 17.15 16.54 16.54
1999-08-10 16.5 16.5 16.3 16.3
1999-08-18 17.37 17.38 16.52 16.52
1999-08-27 18.05 18.16 17.4 17.4
1999-09-03 18.55 19.37 17.59 17.59
1999-11-04 13.39 13.5 12.51 12.51
1999-11-09 13.85 14.04 13.59 13.59
1999-11-11 14.48 14.48 13.0 13.0
1999-11-30 14.78 14.86 14.08 14.08
1999-12-09 14.17 14.25 14.1 14.1
1999-12-10 14.45 14.59 14.2 14.2
1999-12-14 14.13 14.42 14.04 14.04
1999-12-22 15.09 15.17 14.72 14.72
1999-12-29 14.69 14.69 14.06 14.06
2000-01-05 15.01 15.52 14.75 14.75
2000-01-18 16.19 16.37 15.55 15.55
2000-02-24 16.4 16.5 15.8 15.8
2000-03-13 16.65 16.8 16.4 16.4
2000-04-06 17.42 17.48 17.22 17.22
2000-04-12 18.16 18.22 17.49 17.49
2000-05-16 15.35 15.56 15.1 15.1
2000-06-02 16.86 17.2 16.66 16.66
2000-06-23 16.6 16.69 16.2 16.2
2000-06-30 16.05 16.19 15.99 15.99
2000-07-05 15.86 16.05 15.82 15.82
2000-07-13 16.3 16.48 15.82 15.82
2000-07-21 16.53 16.8 16.28 16.28
2000-07-24 16.98 17.1 16.53 16.53
2000-08-02 16.44 16.6 16.35 16.35
2000-08-08 16.3 16.44 16.19 16.19
2000-08-18 16.88 17.08 16.7 16.7
2000-09-04 17.19 17.25 16.8 16.8
2000-09-29 15.8 15.91 15.65 15.65
2000-10-17 16.24 16.36 15.95 15.95
2000-10-31 16.39 16.6 16.38 16.38
2000-12-04 17.85 18.0 17.25 17.25
2000-12-19 18.34 18.57 18.0 18.0
2001-01-02 20.75 21.08 19.88 19.88
2001-02-09 17.32 17.5 17.19 17.19
2001-03-09 16.36 16.5 16.17 16.17
2001-03-12 17.35 17.79 16.36 16.36
2001-03-15 17.54 17.85 17.5 17.5
2001-07-16 16.9 17.2 16.51 16.51
2001-08-09 14.23 14.25 14.05 14.05
2001-08-20 14.12 14.3 13.86 13.86
2001-08-31 13.25 13.38 13.18 13.18
2001-09-04 13.24 13.25 13.0 13.0
2001-09-11 13.32 13.44 13.24 13.24
2001-09-12 14.65 14.65 13.38 13.38
2001-11-01 11.36 11.47 11.2 11.2
2001-11-08 10.16 10.19 9.58 9.58
2001-11-15 10.31 10.38 10.2 10.2
2001-11-28 11.26 11.35 11.12 11.12
2001-11-30 11.47 11.5 11.28 11.28
2001-12-21 11.3 11.31 11.19 11.19
2002-01-07 10.48 10.6 10.28 10.28
2002-01-23 7.42 7.5 6.26 6.26
2002-01-30 7.7 7.78 7.38 7.38
2002-01-31 8.31 8.35 7.8 7.8
2002-02-07 8.48 8.6 8.2 8.2
2002-03-05 9.3 9.38 9.18 9.18
2002-03-08 9.9 9.95 9.56 9.56
2002-03-14 10.21 10.25 9.65 9.65
2002-03-19 10.26 10.28 9.8 9.8
2002-04-03 10.21 10.49 9.78 9.78
2002-04-18 10.78 10.99 10.72 10.72
2002-04-22 10.92 11.04 10.66 10.66
2002-05-14 11.33 11.5 11.3 11.3
2002-06-11 10.23 10.36 10.15 10.15
2002-06-21 10.5 10.68 10.1 10.1
2002-07-04 11.02 11.15 10.93 10.93
2002-07-16 10.95 11.14 10.86 10.86
2002-07-25 10.43 10.78 10.38 10.38
2002-07-30 10.59 10.65 10.48 10.48
2002-08-02 10.3 10.35 10.2 10.2
2002-08-13 10.03 10.09 9.98 9.98
2002-08-14 10.12 10.2 10.03 10.03
2002-08-19 10.29 10.39 10.18 10.18
2002-08-21 10.65 10.92 10.42 10.42
2002-08-22 10.64 10.77 10.5 10.5
2002-08-27 10.55 10.58 10.4 10.4
2002-09-02 10.41 10.45 10.38 10.38
2002-09-09 10.27 10.4 10.13 10.13
2002-09-16 10.16 10.17 10.0 10.0
2002-11-04 8.5 8.5 8.36 8.36
2002-11-05 8.82 8.86 8.6 8.6
2002-12-09 7.59 7.68 7.56 7.56
2002-12-10 7.31 7.78 7.03 7.03
2002-12-13 7.61 7.63 7.21 7.21
2002-12-18 8.55 8.55 7.77 7.77
2003-01-22 9.15 9.56 8.7 8.7
2003-02-10 9.5 9.69 9.15 9.15
2003-02-27 9.41 9.54 9.32 9.32
2003-03-07 9.15 9.22 9.1 9.1
2003-04-15 8.94 8.95 8.53 8.53
2003-04-30 7.84 8.14 7.71 7.71
2003-05-14 7.69 7.86 7.2 7.2
2003-05-21 7.85 7.97 7.72 7.72
2003-06-10 8.26 8.3 8.19 8.19
2003-06-11 8.4 8.6 8.26 8.26
2003-06-16 6.89 6.93 6.85 6.85
2003-06-17 6.92 6.95 6.9 6.9
2003-07-03 6.35 6.39 6.34 6.34
2003-07-14 6.71 6.8 6.52 6.52
2003-07-23 6.46 6.48 6.39 6.39
2003-07-31 6.3 6.35 6.25 6.25
2003-08-19 6.27 6.3 6.25 6.25
2003-08-26 6.04 6.08 6.01 6.01
2003-09-01 6.17 6.19 6.07 6.07
2003-09-04 6.18 6.24 6.15 6.15
2003-09-09 6.07 6.14 6.05 6.05
2003-09-25 5.86 6.17 5.83 5.83
2003-10-10 5.74 5.74 5.56 5.56
2003-10-17 5.55 5.59 5.52 5.52
2003-10-22 5.6 5.61 5.45 5.45
2003-10-23 5.61 5.65 5.55 5.55
2003-11-04 4.95 5.05 4.8 4.8
2003-11-07 5.02 5.16 4.83 4.83
2003-11-14 4.88 4.88 4.77 4.77
2003-11-17 4.99 5.2 4.88 4.88
2003-11-19 5.01 5.05 4.88 4.88
2003-11-20 5.25 5.3 5.0 5.0
2003-11-24 5.41 5.54 5.26 5.26
2003-12-01 5.71 5.71 5.55 5.55
2003-12-03 5.77 5.92 5.72 5.72
2003-12-19 5.28 5.44 5.2 5.2
2004-01-16 5.93 6.0 5.82 5.82
2004-02-12 6.62 6.65 6.4 6.4
2004-02-27 6.31 6.32 6.19 6.19
2004-03-10 6.51 6.52 6.36 6.36
2004-03-15 6.5 6.53 6.4 6.4
2004-03-17 6.75 6.79 6.65 6.65
2004-03-19 6.59 6.61 6.48 6.48
2004-04-13 6.3 6.52 6.22 6.22
2004-05-18 5.68 5.69 5.58 5.58
2004-07-01 4.98 5.0 4.8 4.8
2004-07-02 4.95 4.98 4.9 4.9
2004-07-09 5.05 5.18 4.96 4.96
2004-07-29 4.87 4.9 4.8 4.8
2004-08-23 4.26 4.29 4.19 4.19
2004-08-26 4.44 4.63 4.37 4.37
2004-08-31 4.4 4.44 4.3 4.3
2004-09-14 4.25 4.25 4.15 4.15
2004-11-15 4.49 4.51 4.44 4.44
2004-11-30 4.63 4.65 4.43 4.43
2004-12-22 4.28 4.28 4.17 4.17
2004-12-24 4.19 4.22 4.15 4.15
2004-12-27 4.2 4.22 4.15 4.15
2005-01-20 3.78 3.9 3.7 3.7
2005-01-24 3.9 3.96 3.83 3.83
2005-02-04 3.22 3.38 3.22 3.22
2005-02-22 3.74 3.74 3.45 3.45
2005-03-11 3.77 3.83 3.68 3.68
2005-03-17 3.48 3.58 3.45 3.45
2005-03-29 3.31 3.37 3.25 3.25
2005-04-21 3.15 3.25 3.1 3.1
2005-04-25 2.56 2.7 2.56 2.56
2005-04-26 2.5 2.55 2.31 2.31
