2000-12-27 18.75 18.85 17.2 17.2
2001-01-05 20.36 20.6 19.8 19.8
2001-01-16 19.25 19.35 18.41 18.41
2001-01-17 19.39 19.92 19.12 19.12
2001-02-09 19.44 19.48 19.0 19.0
2001-03-05 20.93 21.29 20.87 20.87
2001-03-06 20.87 20.99 20.6 20.6
2001-03-08 20.78 20.97 20.73 20.73
2001-03-15 20.4 20.5 20.1 20.1
2001-03-26 21.14 21.3 20.66 20.66
2001-03-30 22.44 22.48 22.1 22.1
2001-05-11 22.18 22.23 21.75 21.75
2001-05-16 23.5 23.75 22.8 22.8
2001-06-19 22.78 22.79 22.35 22.35
2001-06-25 23.16 23.2 22.93 22.93
2001-08-01 19.3 19.4 18.59 18.59
2001-08-08 18.2 18.62 18.18 18.18
2001-08-09 19.0 19.1 18.2 18.2
2001-08-30 17.99 18.06 17.75 17.75
2001-08-31 18.1 18.1 17.59 17.59
2001-09-05 18.2 18.47 18.1 18.1
2001-10-09 18.05 18.3 17.7 17.7
2001-10-29 15.7 16.03 15.6 15.6
2001-11-20 15.78 15.96 15.43 15.43
2001-11-30 16.24 16.27 16.0 16.0
2001-12-12 15.66 15.85 15.6 15.6
2002-03-04 13.33 13.37 12.98 12.98
2002-03-07 14.23 14.25 13.82 13.82
2002-03-25 15.5 15.6 15.08 15.08
2002-04-03 14.58 14.7 14.42 14.42
2002-04-08 14.99 15.18 14.77 14.77
2002-04-09 15.26 15.42 14.99 14.99
2002-05-14 15.34 15.66 15.22 15.22
2002-05-15 15.39 15.54 15.2 15.2
2002-05-21 15.42 15.55 15.15 15.15
2002-06-17 13.99 14.28 13.83 13.83
2002-06-20 14.49 14.8 14.34 14.34
2002-07-01 15.69 15.79 15.46 15.46
2002-07-03 15.9 15.96 15.7 15.7
2002-08-15 15.87 16.0 15.85 15.85
2002-08-20 16.65 16.8 16.25 16.25
2002-09-09 17.1 17.19 16.71 16.71
2002-09-24 16.66 16.84 16.55 16.55
2002-10-16 15.26 15.47 15.08 15.08
2002-10-22 15.3 15.5 15.05 15.05
2002-10-31 7.49 7.7 7.33 7.33
2002-11-15 6.61 6.78 6.51 6.51
2002-11-18 6.7 6.77 6.6 6.6
2002-12-12 5.96 6.07 5.88 5.88
2002-12-16 6.16 6.22 6.03 6.03
2003-01-08 5.96 5.98 5.71 5.71
2003-01-15 6.4 6.68 6.35 6.35
2003-02-17 7.0 7.17 6.83 6.83
2003-03-11 6.38 6.43 6.35 6.35
2003-03-14 6.35 6.43 6.32 6.32
2003-03-19 6.26 6.3 6.2 6.2
2003-03-20 6.35 6.42 6.3 6.3
2003-03-21 6.36 6.39 6.35 6.35
2003-04-07 6.42 6.46 6.35 6.35
2003-04-18 8.33 8.7 7.95 7.95
2003-06-10 7.05 7.15 7.0 7.0
2003-06-11 7.18 7.26 7.06 7.06
2003-07-04 6.7 6.79 6.6 6.6
2003-07-10 6.73 6.74 6.55 6.55
2003-07-14 6.78 6.84 6.7 6.7
2003-08-11 6.23 6.25 6.1 6.1
2003-08-19 5.88 5.94 5.87 5.87
2003-08-22 5.93 5.96 5.87 5.87
2003-09-01 5.92 5.95 5.75 5.75
2003-09-04 6.01 6.25 5.92 5.92
2003-09-26 5.5 5.57 5.45 5.45
2003-10-10 5.51 5.58 5.32 5.32
2003-10-31 4.76 4.9 4.65 4.65
2003-11-19 4.77 4.78 4.55 4.55
2003-11-24 5.34 5.34 4.86 4.86
2003-12-26 5.04 5.14 5.01 5.01
2004-01-08 5.02 5.03 4.86 4.86
2004-03-04 6.19 6.2 5.93 5.93
2004-03-10 5.79 5.79 5.63 5.63
2004-03-16 5.89 5.92 5.81 5.81
2004-05-27 5.11 5.14 4.96 4.96
2004-05-28 5.15 5.34 5.11 5.11
2004-06-02 5.19 5.24 5.14 5.14
2004-06-15 4.72 4.77 4.6 4.6
2004-06-24 4.8 4.92 4.78 4.78
2004-07-01 4.68 4.72 4.5 4.5
2004-08-10 4.44 4.45 4.38 4.38
2004-08-24 4.33 4.38 4.2 4.2
2004-09-02 4.3 4.33 4.2 4.2
2004-09-03 4.37 4.37 4.3 4.3
2004-09-14 4.33 4.38 4.16 4.16
2004-12-22 4.38 4.39 4.25 4.25
2005-01-14 4.25 4.32 4.24 4.24
2005-02-02 4.25 4.27 4.03 4.03
2005-03-08 4.48 4.54 4.21 4.21
2005-03-18 4.47 4.51 4.37 4.37
2005-05-27 3.35 3.41 3.3 3.3
2005-07-19 2.67 2.7 2.62 2.62
2005-07-22 2.71 2.74 2.65 2.65
2005-07-26 2.81 2.83 2.75 2.75
2005-08-01 2.95 3.05 2.88 2.88
2005-08-24 3.14 3.16 3.07 3.07
2005-09-19 3.68 3.68 3.58 3.58
2005-10-11 3.43 3.45 3.22 3.22
2005-10-18 3.5 3.56 3.47 3.47
2005-11-07 3.38 3.39 3.22 3.22
2005-11-23 3.44 3.47 3.42 3.42
2005-11-28 3.48 3.52 3.43 3.43
2005-12-08 3.16 3.19 3.12 3.12
2005-12-16 3.24 3.25 3.21 3.21
2005-12-19 3.23 3.25 3.22 3.22
2005-12-29 3.35 3.39 3.3 3.3
2006-01-11 3.53 3.6 3.4 3.4
2006-01-24 3.77 3.87 3.75 3.75
2006-02-06 3.75 3.8 3.7 3.7
2006-02-07 3.84 3.93 3.75 3.75
2006-02-08 4.06 4.22 3.92 3.92
2006-11-09 3.17 3.18 3.12 3.12
2006-11-23 3.09 3.09 3.0 3.0
2006-11-24 3.14 3.16 3.09 3.09
2006-12-05 3.41 3.55 3.28 3.28
2006-12-11 3.26 3.27 3.12 3.12
2006-12-15 3.5 3.51 3.35 3.35
2007-01-19 4.15 4.37 4.04 4.04
2007-01-22 4.41 4.5 4.15 4.15
2007-02-05 3.93 3.96 3.84 3.84
2007-02-06 4.1 4.1 3.92 3.92
2007-02-14 4.4 4.45 4.31 4.31
2007-03-02 4.95 5.04 4.88 4.88
2007-03-07 4.94 4.99 4.85 4.85
2007-03-08 5.11 5.18 4.94 4.94
2007-03-16 5.74 6.13 5.71 5.71
2007-03-26 6.2 6.24 5.95 5.95
2007-03-30 6.03 6.05 5.7 5.7
2007-04-02 6.34 6.38 6.11 6.11
2007-04-20 7.49 7.55 7.28 7.28
2007-05-08 7.93 7.97 7.72 7.72
2007-05-21 9.33 9.76 9.06 9.06
2007-07-20 6.86 6.87 6.51 6.51
2007-07-30 7.65 7.82 7.54 7.54
2007-08-28 8.69 8.72 8.02 8.02
2007-10-16 7.48 7.59 7.21 7.21
2007-11-13 5.83 5.92 5.7 5.7
2007-11-14 6.02 6.08 5.83 5.83
2007-12-03 6.28 6.38 6.12 6.12
2007-12-17 6.92 7.21 6.55 6.55
2007-12-20 6.91 7.1 6.81 6.81
2008-01-29 6.91 7.0 6.7 6.7
2008-02-04 7.21 7.27 6.75 6.75
2008-03-21 6.86 6.95 6.71 6.71
2008-04-16 4.87 5.0 4.75 4.75
2008-05-19 8.04 8.04 7.03 7.03
2008-06-20 6.24 6.32 5.55 5.55
2008-07-17 5.62 5.99 5.46 5.46
2008-08-05 6.0 6.13 5.7 5.7
2008-09-02 4.41 4.41 4.01 4.01
2008-10-22 3.28 3.28 3.01 3.01
2008-11-05 2.64 2.67 2.56 2.56
2008-11-12 3.0 3.03 2.88 2.88
2008-11-17 3.38 3.43 3.2 3.2
2008-12-05 3.64 3.64 3.49 3.49
2009-01-09 4.24 4.3 4.1 4.1
2009-01-12 4.26 4.38 4.2 4.2
2009-01-21 4.24 4.31 4.17 4.17
2009-02-06 4.53 4.59 4.31 4.31
2009-02-20 4.85 4.88 4.7 4.7
2009-03-16 4.31 4.32 4.11 4.11
2009-04-24 5.26 5.26 5.1 5.1
2009-06-08 5.45 5.58 5.34 5.34
2009-08-24 5.18 5.18 5.18 5.18
2009-08-25 5.44 5.44 5.44 5.44
2009-09-17 6.15 6.26 5.88 5.88
2009-12-11 8.38 8.38 8.01 8.01
2010-01-18 9.03 9.03 8.7 8.7
2010-02-08 8.5 8.6 8.38 8.38
2010-03-08 9.02 9.06 8.78 8.78
2010-03-17 8.76 8.79 8.45 8.45
2010-03-19 8.82 8.91 8.68 8.68
2010-05-04 9.89 10.2 9.2 9.2
2010-06-30 7.68 7.77 7.51 7.51
2010-07-14 7.69 7.83 7.46 7.46
2010-07-20 8.08 8.17 7.89 7.89
2010-08-23 9.25 9.27 9.05 9.05
2010-11-08 10.82 11.07 10.49 10.49
2010-11-15 10.77 10.87 10.31 10.31
2010-11-29 11.58 11.64 11.1 11.1
2010-12-10 10.8 10.8 10.55 10.55
2010-12-30 9.72 9.88 9.65 9.65
2011-02-01 9.5 9.51 9.2 9.2
2011-02-16 9.69 9.72 9.5 9.5
2011-03-18 10.54 10.72 10.17 10.17
2011-05-05 9.36 9.38 9.21 9.21
2011-06-03 7.9 7.97 7.73 7.73
2011-06-07 8.13 8.49 7.92 7.92
2011-06-14 7.89 7.94 7.72 7.72
2011-06-30 7.71 7.8 7.62 7.62
2011-07-13 8.1 8.13 7.86 7.86
2011-08-01 8.47 8.5 8.18 8.18
2011-09-07 7.8 7.82 7.64 7.64
2011-09-13 7.47 7.49 7.3 7.3
2011-10-31 6.34 6.44 6.28 6.28
2012-05-10 6.82 7.0 6.71 6.71
2012-05-29 6.73 6.78 6.6 6.6
2012-06-05 6.67 6.84 6.53 6.53
2012-06-27 6.65 6.74 6.6 6.6
2012-07-18 6.44 6.44 6.34 6.34
2012-07-25 6.38 6.49 6.33 6.33
2012-08-31 5.22 5.35 5.17 5.17
2012-09-10 5.84 5.98 5.55 5.55
2012-09-19 6.16 6.19 6.01 6.01
2012-10-22 5.91 5.93 5.86 5.86
2012-10-24 6.08 6.22 5.88 5.88
2012-11-01 6.03 6.07 5.88 5.88
2012-11-09 6.21 6.22 6.14 6.14
2012-11-23 6.32 6.36 6.23 6.23
2013-01-07 6.23 6.24 6.03 6.03
2013-01-15 6.6 6.8 6.27 6.27
2013-02-19 6.64 6.78 6.51 6.51
2013-03-14 6.42 6.47 6.38 6.38
2013-03-22 6.72 6.75 6.44 6.44
2013-04-17 6.27 6.29 6.15 6.15
2013-04-24 6.17 6.18 6.09 6.09
2013-05-15 6.56 6.66 6.4 6.4
2013-05-27 6.36 6.38 6.3 6.3
