2001-10-09 16.83 17.0 16.55 16.55
2001-12-10 16.1 16.13 15.65 15.65
2002-01-23 14.43 14.48 13.5 13.5
2002-01-29 13.6 13.75 13.0 13.0
2002-01-31 14.42 14.63 13.51 13.51
2002-03-01 14.89 15.12 14.87 14.87
2002-04-26 14.82 14.96 14.52 14.52
2002-04-29 15.14 15.19 14.78 14.78
2002-05-21 14.53 14.8 14.18 14.18
2002-06-04 13.45 13.58 13.4 13.4
2002-06-11 13.72 13.77 13.6 13.6
2002-06-20 13.52 13.69 13.38 13.38
2002-07-03 14.76 14.84 14.72 14.72
2002-07-17 14.25 14.25 14.02 14.02
2002-07-19 14.35 14.36 14.23 14.23
2002-07-23 14.12 14.2 14.08 14.08
2002-07-29 14.27 14.3 14.13 14.13
2002-07-30 14.28 14.3 14.23 14.23
2002-09-03 14.39 14.5 14.3 14.3
2002-09-09 14.06 14.19 13.96 13.96
2002-09-12 14.08 14.15 14.04 14.04
2002-09-20 14.08 14.15 14.03 14.03
2002-09-23 14.02 14.1 13.98 13.98
2002-09-25 13.98 14.04 13.95 13.95
2002-10-14 13.33 13.33 13.16 13.16
2002-11-05 12.53 12.8 12.13 12.13
2002-11-14 11.67 12.07 11.65 11.65
2002-12-12 10.96 11.14 10.8 10.8
2002-12-19 11.14 11.25 11.06 11.06
2003-01-08 10.36 10.37 10.05 10.05
2003-01-23 10.76 10.95 10.71 10.71
2003-02-11 10.98 10.99 10.85 10.85
2003-02-12 11.26 11.26 10.99 10.99
2003-02-25 11.59 11.61 11.15 11.15
2003-03-03 11.78 11.83 11.55 11.55
2003-03-11 11.14 11.2 11.05 11.05
2003-03-14 11.22 11.27 11.12 11.12
2003-05-23 9.1 9.13 9.0 9.0
2003-05-26 9.26 9.37 9.1 9.1
2003-05-30 9.59 9.63 9.5 9.5
2003-07-04 9.17 9.18 9.05 9.05
2003-07-31 8.68 8.82 8.52 8.52
2003-08-18 8.59 8.65 8.48 8.48
2003-08-19 9.0 9.03 8.57 8.57
2003-08-26 9.17 9.4 9.16 9.16
2003-09-23 8.92 9.0 8.77 8.77
2003-11-10 6.49 6.5 6.4 6.4
2003-11-20 6.93 7.03 6.6 6.6
2003-11-24 7.05 7.12 6.78 6.78
2003-12-22 6.57 6.6 6.11 6.11
2004-01-05 6.58 6.68 6.46 6.46
2004-01-16 6.85 6.93 6.8 6.8
2004-01-29 7.09 7.12 6.82 6.82
2004-02-02 7.35 7.38 7.06 7.06
2004-02-16 8.17 8.2 7.81 7.81
2004-02-20 8.37 8.37 8.19 8.19
2004-03-05 7.81 7.99 7.68 7.68
2004-03-26 7.87 7.89 7.73 7.73
2004-04-21 7.57 7.7 7.54 7.54
2004-05-17 7.08 7.1 6.95 6.95
2004-05-19 7.23 7.29 7.17 7.17
2004-05-31 7.04 7.06 6.96 6.96
2004-06-24 6.83 6.86 6.66 6.66
2004-07-05 6.45 6.5 6.4 6.4
2004-07-06 6.49 6.54 6.45 6.45
2004-08-10 5.9 5.97 5.8 5.8
2004-08-17 5.46 5.51 5.4 5.4
2004-09-02 5.41 5.43 5.25 5.25
2004-09-09 5.27 5.33 5.25 5.25
2004-09-10 5.24 5.28 5.17 5.17
2004-09-15 5.6 5.78 5.12 5.12
2004-09-16 5.73 5.75 5.51 5.51
2004-09-20 6.11 6.15 5.85 5.85
2004-10-27 5.31 5.35 5.18 5.18
2004-11-02 5.14 5.2 5.07 5.07
2004-12-06 5.56 5.62 5.51 5.51
2004-12-10 5.56 6.0 5.48 5.48
2004-12-16 5.33 5.47 5.19 5.19
2004-12-30 5.19 5.2 5.13 5.13
2005-01-05 5.05 5.12 4.95 4.95
2005-01-07 5.09 5.12 5.04 5.04
2005-02-01 4.65 4.75 4.59 4.59
2005-02-04 4.82 4.86 4.79 4.79
2005-02-21 4.85 4.85 4.71 4.71
2005-03-07 5.04 5.06 5.01 5.01
2005-03-23 4.37 4.43 4.33 4.33
2005-04-07 4.25 4.36 4.24 4.24
2005-04-13 4.46 4.53 4.41 4.41
2005-05-24 3.71 3.72 3.57 3.57
2005-05-27 3.78 3.81 3.7 3.7
2005-06-20 3.94 3.95 3.75 3.75
2005-06-23 3.92 3.98 3.82 3.82
2005-06-27 4.0 4.06 3.93 3.93
2005-07-07 3.5 3.5 3.42 3.42
2005-07-12 3.43 3.45 3.3 3.3
2005-07-22 3.17 3.24 3.09 3.09
2005-09-05 4.08 4.09 4.01 4.01
2005-09-26 3.97 3.98 3.9 3.9
2005-09-28 3.9 3.98 3.85 3.85
2005-09-29 4.04 4.04 3.87 3.87
2005-11-02 3.77 3.79 3.64 3.64
2005-11-07 3.78 3.79 3.68 3.68
2005-11-23 3.94 3.99 3.75 3.75
2005-11-25 3.93 3.96 3.88 3.88
2005-12-06 4.07 4.29 3.91 3.91
2006-01-04 4.02 4.06 3.98 3.98
2006-02-06 4.24 4.27 4.16 4.16
2006-02-10 4.37 4.4 4.31 4.31
2006-03-01 4.22 4.25 4.18 4.18
2006-03-20 4.14 4.15 3.99 3.99
2006-03-27 4.24 4.25 4.12 4.12
2006-04-10 4.43 4.47 4.31 4.31
2006-04-25 4.03 4.06 3.97 3.97
2006-05-25 5.28 5.4 4.95 4.95
2006-06-12 5.57 5.8 5.51 5.51
2006-10-30 4.13 4.21 4.06 4.06
2006-11-01 4.37 4.52 4.35 4.35
2006-11-03 4.27 4.33 4.24 4.24
2006-11-06 4.3 4.36 4.25 4.25
2006-11-08 4.14 4.2 4.11 4.11
2006-11-22 3.97 4.07 3.86 3.86
2006-11-24 4.01 4.02 3.95 3.95
2006-12-07 4.14 4.19 4.08 4.08
2007-01-09 4.45 4.51 4.34 4.34
2007-01-22 5.02 5.08 4.82 4.82
2007-01-24 5.07 5.28 5.0 5.0
2007-03-02 6.26 6.5 6.14 6.14
2007-03-06 6.82 6.82 6.1 6.1
2007-03-30 7.58 7.7 7.37 7.37
2007-04-06 8.0 8.11 7.82 7.82
2007-05-22 11.21 11.45 11.06 11.06
2007-05-23 12.01 12.25 11.36 11.36
2007-06-07 8.31 8.35 7.81 7.81
2007-07-02 6.8 6.82 6.36 6.36
2007-07-06 7.08 7.08 6.34 6.34
2007-07-26 8.28 8.34 8.02 8.02
2007-07-27 9.11 9.11 9.11 9.11
2007-08-28 13.9 14.4 13.11 13.11
2007-08-31 15.73 15.73 14.13 14.13
2007-09-17 15.0 15.5 14.22 14.22
2007-09-28 13.68 14.09 13.21 13.21
2007-11-20 10.63 10.89 10.6 10.6
2007-11-23 10.14 10.23 9.81 9.81
2007-12-20 14.32 14.75 13.8 13.8
2008-01-02 15.18 15.3 14.76 14.76
2008-01-08 16.24 16.92 16.0 16.0
2008-01-18 14.29 14.61 13.91 13.91
2008-02-14 12.5 12.76 12.08 12.08
2008-02-22 13.97 13.97 12.59 12.59
2008-04-03 9.6 9.73 9.03 9.03
2008-04-08 10.14 10.31 9.95 9.95
2008-04-10 9.54 9.58 9.1 9.1
2008-04-11 10.49 10.49 10.1 10.1
2008-04-23 8.14 8.29 7.61 7.61
2008-04-29 9.07 9.18 8.94 8.94
2008-05-14 10.05 10.36 9.42 9.42
2008-05-28 10.12 10.12 9.4 9.4
2008-07-14 7.35 7.38 7.05 7.05
2008-07-17 8.06 8.06 8.06 8.06
2008-08-07 7.51 7.6 7.2 7.2
2008-08-29 6.0 6.23 5.69 5.69
2008-09-03 6.44 6.44 5.78 5.78
2008-09-24 5.24 5.26 4.95 4.95
2008-09-25 5.49 5.6 5.2 5.2
2009-01-12 6.25 6.35 5.95 5.95
2009-01-22 6.28 6.35 6.2 6.2
2009-03-04 8.23 8.27 7.78 7.78
2009-03-18 8.77 8.83 8.38 8.38
2009-03-23 8.6 8.69 8.3 8.3
2009-04-09 8.95 8.97 8.67 8.67
2009-04-23 11.8 11.88 11.08 11.08
2009-06-24 6.09 6.19 5.81 5.81
2009-07-14 6.97 7.09 6.85 6.85
2009-07-16 7.48 7.69 7.16 7.16
2009-07-23 7.66 7.91 7.5 7.5
2009-09-03 6.59 6.67 6.25 6.25
2009-10-09 6.42 6.44 6.13 6.13
2009-10-13 6.6 6.61 6.46 6.46
2009-11-03 7.31 7.37 7.02 7.02
2009-11-12 8.03 8.18 7.73 7.73
2010-01-14 8.27 8.35 8.0 8.0
2010-01-21 8.01 8.05 7.88 7.88
2010-02-12 8.49 8.62 8.46 8.46
2010-02-22 8.77 8.98 8.4 8.4
2010-03-05 9.8 9.95 9.43 9.43
2010-03-08 10.69 10.78 9.8 9.8
2010-07-28 8.49 8.55 8.3 8.3
2010-08-10 9.77 10.36 9.63 9.63
2010-08-18 11.14 11.42 10.9 10.9
2010-08-19 11.66 12.14 11.25 11.25
2010-09-03 11.99 12.16 11.11 11.11
2010-09-27 10.98 10.99 10.75 10.75
2010-10-08 10.95 10.97 10.67 10.67
2010-10-29 10.47 10.53 10.25 10.25
2010-11-01 11.52 11.52 10.49 10.49
2010-11-04 11.65 11.79 11.25 11.25
2010-11-25 10.48 10.52 10.21 10.21
2010-12-15 11.01 11.25 10.38 10.38
2010-12-31 9.68 9.69 9.4 9.4
2011-01-25 9.52 9.63 9.21 9.21
2011-02-17 11.72 11.99 11.31 11.31
2011-03-04 11.69 11.85 11.11 11.11
2011-03-08 12.03 12.3 11.65 11.65
2011-03-24 11.83 12.0 11.76 11.76
2011-04-01 11.44 11.67 11.23 11.23
2011-04-20 10.71 10.82 10.64 10.64
2011-05-05 10.62 10.66 10.15 10.15
2011-05-10 10.79 10.84 10.53 10.53
2011-05-13 11.17 11.24 10.7 10.7
2011-06-22 11.46 11.8 11.03 11.03
2011-06-27 12.72 12.83 12.08 12.08
2011-08-03 12.18 12.32 11.9 11.9
2011-11-07 10.38 10.5 10.33 10.33
2011-12-20 8.28 8.35 8.13 8.13
2011-12-29 7.35 7.58 7.24 7.24
2012-01-12 7.07 7.33 7.01 7.01
2012-02-02 7.19 7.27 7.09 7.09
2012-02-08 7.38 7.42 7.15 7.15
2012-02-09 7.55 7.72 7.33 7.33
2012-04-05 8.32 8.33 8.0 8.0
2012-05-03 8.69 8.74 8.41 8.41
2012-06-13 8.27 8.33 8.19 8.19
2012-07-24 6.64 6.69 6.36 6.36
2012-07-27 6.52 6.68 6.5 6.5
2012-08-01 6.12 6.19 6.0 6.0
2012-08-03 6.13 6.15 6.03 6.03
2012-08-10 6.87 7.26 6.6 6.6
2012-08-21 6.75 6.84 6.66 6.66
2012-08-29 6.61 6.74 6.45 6.45
2012-09-07 6.84 6.88 6.6 6.6
2012-09-10 7.04 7.09 6.76 6.76
2012-09-27 6.27 6.42 6.17 6.17
2012-09-28 6.36 6.37 6.27 6.27
2012-10-10 6.68 6.71 6.52 6.52
2012-10-22 6.61 6.62 6.52 6.52
2012-11-01 6.39 6.4 6.2 6.2
2012-11-07 6.44 6.49 6.37 6.37
2012-11-30 5.78 5.83 5.71 5.71
2013-01-28 6.59 6.62 6.31 6.31
2013-01-29 6.69 6.75 6.55 6.55
2013-03-19 6.48 6.49 6.33 6.33
2013-04-19 6.36 6.45 6.23 6.23
2013-05-02 6.07 6.12 6.03 6.03
2013-05-15 6.3 6.33 6.24 6.24
2013-05-24 6.54 6.59 6.52 6.52
2013-07-05 5.79 5.79 5.61 5.61
2013-07-09 6.07 6.35 5.84 5.84
2013-07-31 5.56 5.58 5.45 5.45
2013-08-01 5.65 5.75 5.43 5.43
2013-08-02 5.66 5.77 5.65 5.65
2013-08-12 5.86 5.87 5.75 5.75
2013-08-26 5.99 6.0 5.87 5.87
2013-08-30 5.96 6.04 5.92 5.92
2013-09-23 6.16 6.18 6.09 6.09
2013-10-08 6.05 6.07 5.98 5.98
2013-10-14 6.37 6.51 6.3 6.3
2013-11-07 6.04 6.08 5.96 5.96
2013-11-14 5.98 6.01 5.91 5.91
2013-11-15 6.05 6.1 5.98 5.98
2013-12-03 5.97 5.98 5.85 5.85
2013-12-04 6.06 6.1 5.96 5.96
2013-12-09 6.18 6.26 6.13 6.13
2014-01-14 6.49 6.49 6.3 6.3
2014-01-16 6.6 6.69 6.55 6.55
2014-01-21 6.71 6.77 6.35 6.35
2014-03-11 7.92 7.97 7.56 7.56
2014-04-03 7.87 8.08 7.83 7.83
2014-07-25 8.5 8.5 8.5 8.5
2014-08-08 8.88 9.0 8.8 8.8
2014-09-19 9.28 9.34 9.17 9.17
2014-10-09 9.88 9.99 9.5 9.5
2014-12-23 7.57 7.68 7.38 7.38
2015-01-05 7.82 7.9 7.5 7.5
2015-01-12 8.11 8.3 7.92 7.92
2015-01-20 8.75 8.76 8.34 8.34
2015-01-23 9.16 9.45 8.83 8.83
2015-02-13 9.02 9.05 8.79 8.79
2015-03-05 9.86 9.93 9.53 9.53
2015-03-16 10.19 10.23 10.06 10.06
2015-03-17 10.36 10.61 10.18 10.18
2015-03-18 10.59 10.79 10.36 10.36
2015-04-21 15.89 16.15 14.67 14.67
2015-04-27 15.93 16.15 15.8 15.8
2015-05-04 16.73 17.0 15.62 15.62
2015-09-22 6.54 6.54 6.54 6.54
2015-09-23 7.19 7.19 6.31 6.31
2015-12-17 12.25 12.5 11.95 11.95
2016-01-14 11.67 12.39 10.22 10.22
2016-02-15 7.74 7.88 7.4 7.4
2016-03-02 7.55 7.61 7.23 7.23
2016-04-11 7.74 7.83 7.58 7.58
2016-04-29 7.0 7.0 7.0 7.0
2016-05-03 6.77 6.98 6.65 6.65
2016-05-04 6.77 6.91 6.72 6.72
2016-05-19 6.09 6.19 6.06 6.06
2016-06-06 6.31 6.36 6.21 6.21
2016-06-17 5.84 5.88 5.79 5.79
2016-06-22 5.74 5.77 5.64 5.64
2016-07-04 5.89 5.9 5.75 5.75
2016-07-25 6.23 6.25 6.16 6.16
2016-07-26 6.54 6.54 6.22 6.22
2016-07-29 6.4 6.43 6.26 6.26
2016-08-03 6.45 6.56 6.28 6.28
2016-08-29 7.32 7.32 7.05 7.05
2016-08-31 7.53 7.59 7.25 7.25
2016-09-29 7.25 7.34 7.19 7.19
2016-10-26 7.59 7.73 7.36 7.36
2016-10-27 7.79 7.83 7.61 7.61
2017-03-14 9.16 9.16 9.16 9.16
2017-04-17 8.5 8.64 8.38 8.38
2017-05-02 7.71 7.72 7.51 7.51
2017-05-12 6.92 7.17 6.84 6.84
2017-05-26 6.92 6.99 6.87 6.87
2017-05-31 7.61 7.61 6.99 6.99
2017-06-07 7.65 7.7 7.4 7.4
2017-06-30 8.2 8.25 8.02 8.02
2017-07-03 8.48 8.52 8.2 8.2
2017-07-14 8.39 8.79 7.99 7.99
2017-07-19 8.36 8.45 8.05 8.05
2017-07-21 8.68 9.1 8.37 8.37
2017-08-17 9.69 9.78 9.59 9.59
