2001-08-24 12.48 13.1 12.22 12.22
2001-10-24 11.65 11.95 11.29 11.29
2001-11-13 10.21 10.33 10.12 10.12
2001-11-14 10.35 10.53 10.22 10.22
2001-11-15 10.59 10.61 10.3 10.3
2001-11-29 11.75 11.79 11.66 11.66
2001-11-30 12.03 12.06 11.8 11.8
2002-01-31 9.83 9.99 9.15 9.15
2002-02-07 9.84 9.96 9.6 9.6
2002-02-27 10.1 10.21 10.05 10.05
2002-04-26 10.35 10.37 10.15 10.15
2002-06-20 9.21 9.32 9.18 9.18
2002-07-05 10.32 10.35 10.2 10.2
2002-07-16 9.98 10.07 9.86 9.86
2002-07-29 9.86 9.87 9.65 9.65
2002-08-14 9.69 9.69 9.57 9.57
2002-08-20 9.85 9.89 9.68 9.68
2002-08-22 9.92 10.0 9.8 9.8
2002-08-27 9.82 9.83 9.7 9.7
2002-09-03 9.8 9.87 9.7 9.7
2002-09-10 9.48 9.49 9.39 9.39
2002-09-12 9.65 9.74 9.58 9.58
2002-09-25 9.4 9.45 9.38 9.38
2002-10-16 9.09 9.19 9.06 9.06
2002-10-22 9.1 9.19 8.95 8.95
2002-11-19 8.65 8.68 8.5 8.5
2002-12-03 7.85 7.85 7.78 7.78
2002-12-06 7.94 7.98 7.83 7.83
2002-12-23 8.1 8.18 8.08 8.08
2003-01-08 7.76 7.79 7.48 7.48
2003-02-11 8.26 8.26 8.06 8.06
2003-02-24 8.15 8.18 8.08 8.08
2003-02-25 8.3 8.33 8.12 8.12
2003-03-21 8.22 8.27 8.15 8.15
2003-03-31 8.2 8.2 8.1 8.1
2003-04-22 8.2 8.28 8.16 8.16
2003-04-23 8.26 8.49 8.21 8.21
2003-06-10 7.11 7.16 7.03 7.03
2003-06-11 7.21 7.22 7.12 7.12
2003-06-18 7.14 7.21 7.1 7.1
2003-07-01 7.32 7.43 7.28 7.28
2003-08-20 6.57 6.59 6.46 6.46
2003-08-26 6.34 6.4 6.3 6.3
2003-09-01 6.37 6.4 6.19 6.19
2003-09-11 6.23 6.25 6.22 6.22
2003-10-10 6.26 6.29 6.11 6.11
2003-10-16 6.16 6.35 6.11 6.11
2003-10-31 6.13 6.28 6.02 6.02
2003-11-25 6.15 6.29 6.12 6.12
2003-11-28 6.07 6.09 5.92 5.92
2003-12-10 6.27 6.3 6.2 6.2
2004-03-10 6.87 6.88 6.69 6.69
2004-03-29 7.04 7.11 7.02 7.02
2004-03-30 7.09 7.1 7.0 7.0
2004-04-26 6.31 6.39 6.26 6.26
2004-06-17 5.55 5.77 5.39 5.39
2004-06-22 5.49 5.53 5.4 5.4
2004-07-01 5.15 5.16 5.0 5.0
2004-08-04 4.76 4.87 4.61 4.61
2004-08-23 4.39 4.42 4.3 4.3
2004-08-24 4.52 4.57 4.39 4.39
2004-09-13 4.39 4.43 4.36 4.36
2004-09-15 4.98 4.98 4.55 4.55
2004-09-17 5.07 5.07 4.9 4.9
2004-09-20 5.25 5.3 5.1 5.1
2004-11-02 4.1 4.11 4.05 4.05
2004-11-15 4.29 4.3 4.23 4.23
2004-11-18 4.29 4.29 4.2 4.2
2004-12-13 4.3 4.32 4.21 4.21
2004-12-22 4.35 4.35 4.2 4.2
2004-12-27 4.21 4.27 4.19 4.19
2005-01-05 4.12 4.27 4.0 4.0
2005-02-02 3.91 3.92 3.7 3.7
2005-02-25 4.18 4.19 4.08 4.08
2005-03-02 4.26 4.48 4.2 4.2
2005-03-29 3.65 3.7 3.6 3.6
2005-05-11 3.04 3.08 2.99 2.99
2005-06-02 3.1 3.13 3.05 3.05
2005-06-08 3.37 3.39 3.18 3.18
2005-06-27 3.36 3.43 3.32 3.32
2005-07-14 2.7 2.72 2.66 2.66
2005-07-20 2.45 2.48 2.4 2.4
2005-07-27 2.6 2.6 2.51 2.51
2005-08-01 2.62 2.67 2.56 2.56
2005-08-31 3.09 3.1 3.01 3.01
2005-09-13 3.49 3.5 3.35 3.35
2005-09-29 3.1 3.11 3.04 3.04
2005-10-18 3.08 3.08 2.96 2.96
2005-10-31 2.8 2.84 2.77 2.77
2005-11-21 3.09 3.13 3.02 3.02
2005-11-23 2.99 3.02 2.96 2.96
2005-12-01 3.04 3.05 3.01 3.01
2005-12-12 2.9 2.91 2.87 2.87
2005-12-14 2.93 2.94 2.88 2.88
2006-01-05 3.01 3.02 2.95 2.95
2006-01-19 3.16 3.17 3.05 3.05
2006-02-10 3.18 3.19 3.14 3.14
2006-02-14 3.23 3.24 3.15 3.15
2006-04-10 3.36 3.4 3.31 3.31
2006-06-16 4.16 4.2 4.1 4.1
2006-06-20 4.25 4.27 4.11 4.11
2006-06-26 4.44 4.46 4.28 4.28
2006-06-29 4.47 4.48 4.4 4.4
2006-07-03 4.47 4.48 4.4 4.4
2006-07-06 4.49 4.5 4.34 4.34
2006-07-07 4.58 4.65 4.51 4.51
2006-07-20 4.44 4.44 4.33 4.33
2006-09-04 4.47 4.48 4.24 4.24
2006-10-09 4.67 4.7 4.62 4.62
2006-10-24 4.58 4.61 4.47 4.47
2006-11-09 4.36 4.38 4.31 4.31
2006-11-14 4.16 4.18 4.04 4.04
2006-11-22 4.32 4.44 4.14 4.14
2006-11-30 4.48 4.52 4.39 4.39
2006-12-11 4.31 4.33 4.25 4.25
2006-12-21 4.69 4.79 4.6 4.6
2007-02-02 4.7 4.7 4.7 4.7
2007-02-05 4.94 4.94 4.94 4.94
2007-02-07 5.42 5.42 5.11 5.11
2007-02-12 5.93 5.93 5.65 5.65
2007-02-14 6.54 6.54 6.5 6.5
2007-02-15 6.87 6.87 6.87 6.87
2007-02-28 6.91 6.99 6.53 6.53
2007-03-20 8.87 8.87 8.46 8.46
2007-04-19 10.38 10.38 10.38 10.38
2007-04-20 10.9 10.9 10.9 10.9
2007-04-23 11.45 11.45 11.45 11.45
2007-06-05 7.76 7.89 7.12 7.12
2007-07-06 6.22 6.26 5.73 5.73
2007-07-17 6.12 6.19 5.92 5.92
2007-07-20 6.42 6.5 6.16 6.16
2007-09-03 8.6 8.9 8.3 8.3
2007-11-29 7.37 7.42 7.24 7.24
2007-12-11 7.85 8.08 7.72 7.72
2007-12-12 7.87 7.99 7.77 7.77
2007-12-18 7.82 7.93 7.7 7.7
2007-12-24 8.27 8.34 8.0 8.0
2008-01-02 10.22 10.23 9.41 9.41
2008-03-06 9.29 9.64 9.25 9.25
2008-04-30 6.26 6.28 6.09 6.09
2008-05-13 6.91 6.91 6.79 6.79
2008-05-19 7.78 7.78 7.05 7.05
2008-07-07 5.26 5.33 4.9 4.9
2008-09-10 3.85 3.91 3.63 3.63
2008-12-02 4.53 4.59 4.36 4.36
2008-12-08 4.98 4.98 4.55 4.55
2008-12-16 4.48 4.49 4.3 4.3
2008-12-19 4.57 4.61 4.5 4.5
2009-01-05 4.32 4.39 4.02 4.02
2009-01-09 4.39 4.4 4.26 4.26
2009-01-15 4.53 4.75 4.37 4.37
2009-02-02 4.61 4.67 4.47 4.47
2009-02-06 4.87 4.9 4.68 4.68
2009-02-19 5.11 5.2 4.92 4.92
2009-03-17 5.65 5.7 5.4 5.4
2009-04-09 6.0 6.09 5.78 5.78
2009-04-20 6.3 6.36 6.14 6.14
2009-05-12 6.02 6.04 5.82 5.82
2009-06-10 6.48 6.58 6.34 6.34
2009-08-24 6.06 6.15 5.83 5.83
2009-09-17 6.97 7.08 6.8 6.8
2009-10-13 6.44 6.45 6.27 6.27
2009-10-23 7.47 7.68 7.0 7.0
2009-11-30 8.31 8.4 8.04 8.04
2009-12-10 9.12 9.22 8.9 8.9
2010-01-14 9.02 9.05 8.31 8.31
2010-01-15 9.09 9.9 9.03 9.03
2010-02-23 8.53 8.54 8.33 8.33
2010-03-18 8.8 8.86 8.7 8.7
2010-03-26 8.86 8.91 8.69 8.69
2010-04-09 9.64 9.84 9.61 9.61
2010-05-24 7.17 7.21 6.9 6.9
2010-07-06 6.19 6.23 6.0 6.0
2010-07-19 6.41 6.43 6.2 6.2
2010-07-20 6.59 6.69 6.41 6.41
2010-07-21 6.94 7.15 6.55 6.55
2010-07-22 7.21 7.26 6.8 6.8
2010-08-11 7.29 7.39 7.22 7.22
2010-08-13 7.24 7.3 7.15 7.15
2010-08-17 7.54 7.57 7.35 7.35
2010-08-23 7.8 7.92 7.63 7.63
2010-09-06 8.17 8.32 8.07 8.07
2010-09-21 8.11 8.23 8.06 8.06
2010-10-08 8.36 8.43 8.09 8.09
2010-10-19 8.24 8.26 8.0 8.0
2010-10-28 8.97 9.0 8.52 8.52
2010-11-08 9.15 9.22 8.9 8.9
2010-11-24 8.56 8.63 8.23 8.23
2010-12-01 9.19 9.6 8.8 8.8
2010-12-31 8.58 8.62 8.33 8.33
2011-01-04 8.59 8.75 8.56 8.56
2011-01-21 8.87 9.02 8.58 8.58
2011-02-14 11.21 11.21 10.18 10.18
2011-03-07 12.39 13.2 12.0 12.0
2011-03-14 13.93 13.93 12.7 12.7
2011-04-07 12.86 13.1 12.22 12.22
2011-04-20 11.85 12.07 11.7 11.7
2011-04-21 12.26 12.39 11.82 11.82
2011-05-09 11.23 11.41 11.05 11.05
2011-05-16 11.47 11.76 11.28 11.28
2011-05-18 11.82 11.95 11.58 11.58
2011-05-31 9.83 9.87 9.53 9.53
2011-06-20 9.37 9.65 9.28 9.28
2011-06-21 10.31 10.31 9.46 9.46
2011-06-30 13.54 13.54 13.54 13.54
2011-07-01 12.86 12.86 12.86 12.86
2011-07-04 12.4 12.69 12.22 12.22
2011-08-19 9.21 9.43 9.12 9.12
2011-09-06 8.16 8.21 8.03 8.03
2011-09-07 8.57 8.57 8.15 8.15
2012-02-06 5.07 5.07 5.01 5.01
2012-03-02 5.66 5.7 5.5 5.5
2012-03-08 5.61 5.66 5.56 5.56
2012-04-05 4.81 4.83 4.6 4.6
2012-04-19 5.19 5.2 5.13 5.13
2012-05-02 4.91 5.09 4.91 4.91
2012-05-04 5.11 5.17 4.92 4.92
2012-05-17 5.15 5.16 5.09 5.09
2012-05-22 5.3 5.34 5.14 5.14
2012-05-31 5.6 5.75 5.55 5.55
2012-06-18 5.25 5.3 5.2 5.2
2012-06-29 4.92 5.0 4.8 4.8
2012-07-06 4.97 5.01 4.8 4.8
2012-07-11 4.78 4.88 4.7 4.7
2012-07-30 4.42 4.42 4.42 4.42
2012-07-31 4.2 4.2 4.2 4.2
2012-08-01 3.99 4.11 3.99 3.99
2012-08-06 4.11 4.13 3.99 3.99
2012-09-06 4.33 4.39 4.31 4.31
2012-09-07 4.52 4.55 4.35 4.35
2012-11-02 5.1 5.18 4.93 4.93
2012-11-09 4.82 4.89 4.73 4.73
2012-11-30 4.38 4.47 4.27 4.27
2012-12-07 4.74 4.8 4.58 4.58
2013-01-22 6.13 6.15 5.83 5.83
2013-02-05 6.04 6.09 5.96 5.96
2013-03-06 5.74 5.81 5.67 5.67
2013-03-14 5.55 5.57 5.47 5.47
2013-03-27 5.98 5.99 5.89 5.89
2013-03-29 6.05 6.05 5.89 5.89
2013-05-03 5.69 5.75 5.62 5.62
2013-05-30 5.88 5.94 5.8 5.8
2013-07-02 4.62 4.64 4.51 4.51
2013-07-05 4.61 4.62 4.56 4.56
2013-07-31 4.99 5.02 4.79 4.79
2013-08-02 5.03 5.09 5.0 5.0
2013-08-12 5.2 5.31 5.04 5.04
2013-08-13 5.31 5.36 5.24 5.24
2013-08-26 5.38 5.4 5.26 5.26
2013-08-27 5.42 5.42 5.36 5.36
2013-09-06 5.7 5.72 5.64 5.64
2013-09-09 5.82 5.83 5.66 5.66
2013-09-10 5.9 5.94 5.78 5.78
2013-10-18 6.06 6.13 6.03 6.03
2013-11-07 5.65 5.67 5.6 5.6
2013-12-06 5.89 5.9 5.82 5.82
2014-01-07 5.56 5.63 5.5 5.5
2014-01-14 5.12 5.13 5.02 5.02
2014-01-21 5.13 5.13 5.0 5.0
2014-01-22 5.22 5.26 5.09 5.09
2014-01-23 5.32 5.35 5.23 5.23
2014-02-10 5.4 5.46 5.31 5.31
2014-02-14 5.37 5.38 5.29 5.29
2014-03-07 5.28 5.28 5.2 5.2
2014-03-13 5.4 5.49 5.28 5.28
2014-03-21 5.9 5.95 5.76 5.76
2014-04-09 6.25 6.4 6.1 6.1
2014-04-18 6.39 6.42 6.21 6.21
2014-04-30 6.09 6.18 6.01 6.01
2014-05-16 5.92 5.96 5.9 5.9
2014-05-22 6.08 6.17 5.99 5.99
2014-05-28 6.07 6.08 6.02 6.02
2014-06-23 5.74 5.8 5.64 5.64
2014-06-30 5.85 5.86 5.7 5.7
2014-07-08 6.42 6.42 6.42 6.42
2014-08-11 6.98 6.98 6.82 6.82
2014-08-18 7.13 7.17 6.96 6.96
2014-09-03 7.41 7.5 7.37 7.37
2014-09-12 7.86 7.87 7.51 7.51
2014-09-23 7.99 8.01 7.83 7.83
2014-10-28 7.7 7.72 7.49 7.49
2014-10-29 7.82 7.91 7.72 7.72
2014-11-06 8.2 8.22 7.95 7.95
2014-11-12 7.79 7.79 7.62 7.62
2014-11-18 8.46 8.46 7.9 7.9
2014-12-10 8.11 8.12 7.81 7.81
2014-12-24 7.36 7.38 7.21 7.21
2015-01-20 7.02 7.03 6.82 6.82
2015-02-12 7.37 7.41 7.2 7.2
2015-02-16 7.72 7.77 7.54 7.54
2015-03-16 8.62 8.65 8.28 8.28
2015-03-23 9.5 9.56 8.93 8.93
2015-04-08 10.78 10.78 9.88 9.88
2015-04-10 11.57 11.85 11.01 11.01
2015-04-21 10.06 10.13 9.73 9.73
2015-04-22 10.56 10.56 9.9 9.9
2015-04-30 10.36 10.47 10.26 10.26
2015-05-27 14.41 14.41 14.41 14.41
2015-05-29 14.27 15.12 14.0 14.0
2015-06-12 18.29 18.29 17.66 17.66
2015-06-23 13.99 14.45 13.99 13.99
2015-06-26 12.77 12.78 12.77 12.77
2015-06-29 12.13 12.4 12.13 12.13
2015-06-30 11.52 11.87 11.52 11.52
2015-07-03 9.87 9.87 9.87 9.87
2015-07-07 8.91 8.91 8.91 8.91
2015-07-08 8.46 8.46 8.46 8.46
2015-07-09 8.72 8.88 8.04 8.04
2015-07-16 8.44 8.79 8.44 8.44
2015-07-28 9.46 9.65 9.46 9.46
2015-08-25 9.69 9.69 9.69 9.69
2015-08-26 9.21 9.5 9.21 9.21
2015-09-02 8.38 8.69 8.38 8.38
2015-09-15 8.77 9.07 8.77 8.77
2015-09-16 9.06 9.17 8.33 8.33
2015-09-22 9.32 9.34 8.98 8.98
2015-10-12 9.58 9.67 9.22 9.22
2015-11-20 12.32 12.35 12.03 12.03
2015-12-17 13.31 13.47 13.1 13.1
2016-01-05 11.85 12.04 11.85 11.85
2016-07-26 11.21 11.21 11.21 11.21
2016-08-02 12.68 12.77 12.1 12.1
2016-08-04 12.85 12.89 12.54 12.54
2016-08-10 12.88 13.01 12.82 12.82
2016-08-17 12.88 12.94 12.7 12.7
2016-08-24 14.43 14.59 14.06 14.06
2016-08-26 14.68 14.68 14.09 14.09
2016-08-31 14.81 15.03 14.66 14.66
2016-09-05 14.66 14.66 13.71 13.71
2016-09-07 15.21 15.28 14.86 14.86
2016-09-13 15.31 15.5 15.22 15.22
2016-09-23 15.91 16.14 15.85 15.85
2016-10-13 16.0 16.0 15.7 15.7
2016-11-07 17.08 17.47 16.88 16.88
2016-12-27 17.17 17.22 16.89 16.89
2016-12-29 17.0 17.24 16.83 16.83
2017-01-19 15.8 15.89 15.69 15.69
2017-01-26 16.96 17.19 16.75 16.75
2017-02-08 16.9 16.97 16.81 16.81
2017-02-09 17.5 17.55 16.98 16.98
2017-02-27 18.82 18.95 18.64 18.64
2017-02-28 19.11 19.27 18.84 18.84
2017-03-22 18.7 18.88 18.62 18.62
2017-03-31 18.13 18.15 17.76 17.76
2017-04-06 18.85 18.89 18.55 18.55
2017-04-17 19.01 19.95 18.43 18.43
2017-04-27 18.88 18.89 18.26 18.26
2017-05-18 17.98 18.47 17.84 17.84
2017-06-22 16.97 17.14 16.81 16.81
2017-07-12 18.07 18.18 17.8 17.8
2017-07-14 18.54 18.64 18.0 18.0
2017-08-01 17.39 17.45 16.45 16.45
2017-08-08 17.58 17.79 17.15 17.15
2017-08-17 17.3 17.3 17.11 17.11
