1997-06-19 20.8 21.18 20.3 20.3
1997-06-20 21.68 21.68 20.5 20.5
1997-07-31 25.49 26.08 24.75 24.75
1997-09-09 24.02 24.17 24.0 24.0
1997-09-10 24.05 24.59 24.0 24.0
1997-11-05 28.9 29.3 28.4 28.4
1997-12-08 27.65 27.8 27.3 27.3
1998-01-09 33.88 34.2 32.99 32.99
1998-01-15 34.3 34.6 32.8 32.8
1998-03-04 32.4 32.5 30.8 30.8
1998-03-17 32.05 32.18 31.75 31.75
1998-03-20 32.3 32.48 32.05 32.05
1998-03-30 33.93 34.25 33.0 33.0
1998-04-01 34.8 35.16 34.5 34.5
1998-05-22 32.95 32.99 32.1 32.1
1998-06-24 33.93 34.38 33.72 33.72
1998-06-26 34.02 34.09 33.8 33.8
1998-07-01 34.89 35.45 34.0 34.0
1998-07-08 35.15 35.16 34.75 34.75
1998-07-09 35.59 35.71 35.0 35.0
1998-07-10 36.6 36.97 35.36 35.36
1998-07-13 38.01 38.21 36.56 36.56
1998-07-21 35.95 36.5 35.0 35.0
1998-07-31 35.47 35.79 35.1 35.1
1998-08-05 35.84 35.89 35.3 35.3
1998-08-06 35.68 35.88 35.5 35.5
1998-09-04 19.96 19.99 19.4 19.4
1998-09-23 20.38 20.5 20.26 20.26
1998-10-16 20.6 20.83 20.48 20.48
1998-11-02 22.73 22.8 21.85 21.85
1998-11-16 24.91 24.95 24.01 24.01
1998-11-18 24.95 25.17 24.7 24.7
1998-11-19 24.8 24.99 24.72 24.72
1998-12-23 22.53 22.89 22.5 22.5
1999-03-03 22.48 22.6 22.01 22.01
1999-03-24 23.6 23.7 23.4 23.4
1999-03-26 24.0 24.09 23.8 23.8
1999-04-15 23.4 23.48 23.23 23.23
1999-04-28 23.56 23.65 23.45 23.45
1999-05-25 16.8 17.5 16.1 16.1
1999-05-27 17.03 17.3 16.72 16.72
1999-06-21 21.0 21.0 20.0 20.0
1999-06-28 22.1 22.1 20.9 20.9
1999-07-08 22.79 22.8 21.3 21.3
1999-07-14 21.8 21.8 21.28 21.28
1999-07-19 20.49 20.65 20.3 20.3
1999-07-23 21.08 21.08 20.7 20.7
1999-08-13 21.0 21.05 20.71 20.71
1999-08-23 21.33 21.48 21.1 21.1
1999-10-08 20.75 20.8 20.65 20.65
1999-10-12 20.6 20.65 20.51 20.51
1999-10-27 20.75 20.92 20.2 20.2
1999-11-03 20.3 20.3 20.1 20.1
1999-11-05 20.35 20.44 20.15 20.15
1999-11-11 20.71 20.82 20.56 20.56
1999-11-29 21.72 21.8 21.6 21.6
1999-12-01 22.6 22.67 22.18 22.18
2000-01-13 21.85 22.05 21.55 21.55
2000-01-17 24.63 24.63 22.5 22.5
2000-01-18 25.21 26.99 25.0 25.0
2000-02-25 32.29 32.3 30.35 30.35
2000-03-14 33.1 33.26 31.36 31.36
2000-03-21 31.8 31.98 31.49 31.49
2000-03-27 33.4 34.0 32.05 32.05
2000-04-07 34.6 34.8 33.9 33.9
2000-04-13 34.28 34.6 33.1 33.1
2000-04-27 40.07 40.1 38.23 38.23
2000-07-06 47.7 48.2 47.0 47.0
2000-07-07 49.8 49.88 47.5 47.5
2000-08-30 47.9 48.2 47.61 47.61
2000-09-05 46.95 47.38 46.01 46.01
2000-10-31 46.93 47.22 46.2 46.2
2000-11-03 46.0 46.5 46.0 46.0
2000-11-09 47.2 47.42 46.8 46.8
2000-12-13 34.05 34.66 33.89 33.89
2000-12-29 35.18 35.8 35.0 35.0
2001-03-26 20.56 20.56 20.25 20.25
2001-03-27 20.98 21.17 20.58 20.58
2001-03-29 22.09 22.4 21.55 21.55
2001-09-13 17.17 17.6 17.01 17.01
2001-11-02 15.7 15.75 15.57 15.57
2001-11-06 15.4 15.5 15.32 15.32
2001-11-13 14.47 14.5 14.4 14.4
2001-11-15 14.45 14.5 14.39 14.39
2001-11-20 15.39 15.58 14.91 14.91
2001-11-27 15.05 15.08 14.99 14.99
2001-11-28 15.27 15.35 15.04 15.04
2001-12-04 15.7 15.71 15.45 15.45
2002-01-29 14.42 14.66 14.01 14.01
2002-01-31 15.39 15.6 14.68 14.68
2002-02-07 16.14 16.15 15.45 15.45
2002-02-08 16.0 16.48 15.95 15.95
2002-04-03 16.3 16.45 16.16 16.16
2002-07-30 16.48 16.6 16.42 16.42
2002-08-13 16.4 16.5 16.4 16.4
2002-08-19 16.5 16.55 16.44 16.44
2002-10-15 7.57 7.68 7.5 7.5
2002-12-13 7.09 7.12 7.0 7.0
2002-12-20 7.36 7.5 7.25 7.25
2002-12-25 7.38 7.44 7.32 7.32
2003-07-02 10.12 10.17 9.72 9.72
2003-07-31 10.58 10.66 10.55 10.55
2003-08-12 10.4 10.57 10.38 10.38
2003-08-19 10.13 10.17 10.07 10.07
2003-09-11 10.05 10.12 9.95 9.95
2003-12-19 11.42 11.56 10.9 10.9
2004-02-19 12.47 12.61 12.2 12.2
2004-02-27 12.33 12.62 12.11 12.11
2004-04-02 13.85 13.98 13.62 13.62
2004-04-05 14.4 14.5 14.0 14.0
2004-04-08 9.0 9.14 8.91 8.91
2004-04-13 8.67 8.84 8.57 8.57
2004-04-19 8.48 8.6 8.35 8.35
2004-07-29 6.9 6.93 6.65 6.65
2004-11-12 7.07 7.15 6.96 6.96
2004-11-15 7.14 7.16 7.05 7.05
2005-01-31 5.68 5.7 5.45 5.45
2005-02-01 5.89 5.89 5.68 5.68
2005-02-16 6.2 6.26 6.02 6.02
2005-03-02 5.98 6.12 5.87 5.87
2005-04-13 5.87 5.95 5.78 5.78
2005-05-17 6.06 6.13 5.9 5.9
2005-05-18 6.07 6.16 6.05 6.05
2005-07-14 6.78 6.85 6.65 6.65
2005-07-19 6.54 6.65 6.5 6.5
2005-07-26 7.01 7.23 6.96 6.96
2005-08-02 7.02 7.03 6.9 6.9
2005-11-23 5.47 5.48 5.4 5.4
2005-11-30 5.52 5.55 5.43 5.43
2005-12-02 5.59 5.6 5.45 5.45
2005-12-06 5.64 5.67 5.45 5.45
2005-12-27 6.11 6.19 6.1 6.1
2005-12-28 6.24 6.28 6.13 6.13
2006-03-20 5.82 5.85 5.55 5.55
2006-03-23 5.86 5.9 5.75 5.75
2006-10-31 5.42 5.48 5.33 5.33
2006-11-02 5.72 5.9 5.5 5.5
2007-03-27 10.9 11.09 10.6 10.6
2007-05-22 14.66 14.85 13.99 13.99
2007-05-28 15.12 15.3 14.77 14.77
2007-12-07 16.4 16.49 15.8 15.8
2008-02-05 17.36 17.36 17.36 17.36
2008-09-09 5.36 5.39 5.12 5.12
2009-03-10 6.2 6.22 6.05 6.05
2009-04-23 6.37 6.39 6.2 6.2
2009-07-20 7.64 7.69 7.52 7.52
2009-07-22 7.48 7.6 7.4 7.4
2009-11-30 7.22 7.23 7.06 7.06
2009-12-31 7.38 7.48 7.36 7.36
2010-03-01 7.41 7.42 7.22 7.22
2011-03-29 3.13 3.17 3.09 3.09
2011-06-30 2.96 2.98 2.95 2.95
2011-09-20 2.39 2.4 2.38 2.38
2011-10-26 2.37 2.4 2.33 2.33
2012-05-10 2.61 2.63 2.6 2.6
2012-05-17 2.59 2.59 2.53 2.53
2012-06-06 2.59 2.61 2.56 2.56
2012-06-13 2.66 2.67 2.55 2.55
2012-07-10 2.74 2.76 2.7 2.7
2012-07-18 2.75 2.81 2.71 2.71
2013-01-17 2.68 2.75 2.62 2.62
2013-01-18 2.81 2.89 2.7 2.7
2013-02-08 2.8 2.82 2.78 2.78
2013-02-20 2.75 2.79 2.71 2.71
2013-02-25 2.72 2.73 2.65 2.65
2013-03-04 2.78 2.85 2.76 2.76
2013-03-05 2.82 2.85 2.78 2.78
2013-03-06 2.96 2.99 2.84 2.84
2013-03-14 2.95 2.98 2.93 2.93
2013-05-15 2.84 2.84 2.81 2.81
2013-05-16 2.87 2.88 2.83 2.83
2013-07-11 2.37 2.41 2.3 2.3
2013-09-10 2.46 2.49 2.4 2.4
2013-09-27 2.3 2.31 2.29 2.29
2013-12-12 2.52 2.52 2.49 2.49
2014-06-30 2.17 2.18 2.15 2.15
2014-07-02 2.17 2.18 2.16 2.16
2014-07-18 2.28 2.31 2.26 2.26
2014-07-23 2.3 2.32 2.27 2.27
2014-07-28 2.35 2.37 2.32 2.32
2014-08-01 2.34 2.41 2.32 2.32
2014-09-12 2.46 2.47 2.41 2.41
2014-09-17 2.52 2.55 2.47 2.47
2015-08-10 5.55 5.6 5.3 5.3
2016-02-02 2.9 2.95 2.83 2.83
2016-02-17 3.02 3.02 2.97 2.97
2016-02-22 3.08 3.11 3.02 3.02
2016-02-24 3.13 3.18 3.05 3.05
2016-06-22 2.93 2.93 2.91 2.91
2016-06-27 2.91 2.91 2.88 2.88
2016-06-29 2.93 2.94 2.91 2.91
2016-07-05 3.02 3.03 2.99 2.99
2016-08-03 2.96 2.98 2.96 2.96
2016-09-05 3.04 3.06 3.04 3.04
2016-09-08 3.06 3.07 3.05 3.05
2016-09-22 3.01 3.02 3.0 3.0
2016-10-21 3.03 3.05 3.0 3.0
2016-10-24 3.07 3.09 3.03 3.03
2016-11-10 3.02 3.02 3.0 3.0
2017-03-16 3.28 3.28 3.26 3.26
2017-03-21 3.24 3.25 3.23 3.23
2017-04-07 3.32 3.34 3.3 3.3
2017-05-26 3.51 3.53 3.43 3.43
