1994-05-19 5.15 5.15 5.05 5.05
1994-05-24 5.13 5.2 5.07 5.07
1994-06-03 4.6 4.7 4.6 4.6
1994-06-10 4.01 4.1 4.0 4.0
1994-06-15 3.83 3.85 3.75 3.75
1994-07-07 3.33 3.36 3.32 3.32
1994-11-07 4.83 4.85 4.6 4.6
1994-11-09 5.03 5.05 4.73 4.73
1995-01-27 4.03 4.07 3.97 3.97
1995-02-17 3.91 3.95 3.86 3.86
1995-02-20 3.91 3.95 3.9 3.9
1995-02-21 3.95 3.95 3.91 3.91
1995-03-28 4.27 4.32 4.24 4.24
1995-04-14 4.31 4.32 4.23 4.23
1995-04-20 4.5 4.5 4.44 4.44
1995-04-24 3.54 3.65 3.5 3.5
1995-05-02 3.28 3.39 3.25 3.25
1995-05-03 3.28 3.35 3.28 3.28
1995-05-11 3.15 3.19 3.15 3.15
1995-05-12 3.21 3.28 3.15 3.15
1995-05-15 3.16 3.23 3.15 3.15
1995-05-22 5.45 5.7 5.1 5.1
1995-06-12 4.01 4.05 3.91 3.91
1995-06-19 3.53 3.55 3.51 3.51
1995-06-23 3.62 3.63 3.6 3.6
1995-07-25 4.1 4.39 4.08 4.08
1995-07-31 4.14 4.24 4.1 4.1
1995-09-11 5.14 5.19 5.02 5.02
1995-09-27 4.5 4.68 4.5 4.5
1995-09-29 4.7 4.72 4.6 4.6
1995-10-10 4.55 4.7 4.44 4.44
1995-11-21 4.75 4.8 4.72 4.72
1996-01-11 3.64 3.76 3.62 3.62
1996-01-25 3.5 3.67 3.5 3.5
1996-02-07 3.54 3.58 3.5 3.5
1996-03-07 3.99 3.99 3.9 3.9
1996-03-20 3.96 3.98 3.92 3.92
1996-04-23 4.1 4.11 4.02 4.02
1996-04-24 4.44 4.45 4.2 4.2
1996-04-26 4.55 4.65 4.28 4.28
1996-04-29 4.92 4.98 4.7 4.7
1996-05-06 4.3 4.35 4.25 4.25
1996-05-13 4.28 4.37 4.25 4.25
1996-05-27 4.01 4.05 3.96 3.96
1996-06-14 4.45 4.55 4.35 4.35
1996-06-19 4.39 4.55 4.32 4.32
1996-06-26 4.28 4.28 4.18 4.18
1996-12-17 5.67 6.15 5.67 5.67
1997-01-21 5.9 6.12 5.55 5.55
1997-01-22 6.4 6.49 5.91 5.91
1997-02-20 6.05 6.12 5.41 5.41
1997-03-27 8.55 8.65 8.1 8.1
1997-03-31 8.96 9.1 8.7 8.7
1997-04-03 10.1 10.15 9.65 9.65
1997-04-09 11.06 11.06 10.09 10.09
1997-05-06 14.38 14.38 14.35 14.35
1997-05-12 14.82 15.8 14.4 14.4
1997-05-15 12.3 12.38 11.3 11.3
1997-05-16 11.07 11.8 11.07 11.07
1997-05-22 9.5 10.19 9.5 9.5
1997-05-23 9.0 9.62 8.7 8.7
1997-09-10 8.29 8.3 7.68 7.68
1997-10-13 6.71 6.78 6.6 6.6
1997-10-29 6.68 6.8 6.5 6.5
1997-10-31 6.67 6.78 6.15 6.15
1997-11-26 6.01 6.1 5.91 5.91
1998-01-14 5.37 5.43 5.13 5.13
1998-03-18 5.54 5.61 5.42 5.42
1998-03-19 5.72 5.84 5.5 5.5
1998-10-13 6.07 6.2 6.03 6.03
1998-10-14 6.13 6.19 6.1 6.1
1998-11-06 5.75 5.85 5.63 5.63
1998-12-09 5.48 5.52 5.4 5.4
1998-12-11 5.44 5.44 5.3 5.3
1998-12-14 5.47 5.54 5.44 5.44
1999-03-02 5.42 5.58 5.3 5.3
1999-03-18 5.67 5.83 5.65 5.65
1999-03-23 5.82 5.97 5.76 5.76
1999-03-29 5.93 5.99 5.89 5.89
1999-04-26 6.17 6.36 6.15 6.15
1999-06-01 6.05 6.07 5.9 5.9
1999-06-16 6.69 6.7 6.3 6.3
1999-06-17 6.93 7.07 6.72 6.72
1999-11-08 7.17 7.18 6.98 6.98
2000-01-07 6.81 6.85 6.5 6.5
2000-03-01 6.89 7.18 6.8 6.8
2000-03-28 7.6 7.77 7.47 7.47
2000-04-03 7.76 7.93 7.6 7.6
2000-06-01 8.19 8.4 8.11 8.11
2000-07-07 8.33 8.45 8.13 8.13
2000-07-28 8.94 9.08 8.87 8.87
2000-08-02 9.35 9.42 9.15 9.15
2001-01-02 9.58 9.68 9.2 9.2
2001-04-27 9.5 9.5 9.4 9.4
2001-05-10 9.75 9.8 9.6 9.6
2001-06-01 10.15 10.25 10.06 10.06
2001-06-07 10.36 10.59 10.35 10.35
2001-06-13 10.25 10.35 10.2 10.2
2001-07-20 9.98 10.08 9.78 9.78
2001-07-26 9.64 9.68 9.51 9.51
2001-08-01 8.7 8.72 8.41 8.41
2001-08-03 8.71 8.72 8.55 8.55
2001-08-10 8.79 8.86 8.7 8.7
2001-08-20 8.4 8.44 8.3 8.3
2001-08-21 8.48 8.54 8.4 8.4
2001-09-11 7.81 7.85 7.7 7.7
2001-11-27 7.57 7.6 7.34 7.34
2001-11-30 7.6 7.6 7.53 7.53
2002-01-30 5.19 5.25 4.95 4.95
2002-01-31 5.46 5.58 5.2 5.2
2002-02-07 5.5 5.59 5.36 5.36
2002-03-28 6.63 6.69 6.59 6.59
2002-04-04 6.45 6.49 6.25 6.25
2002-04-05 6.59 6.76 6.45 6.45
2002-07-12 7.05 7.1 7.0 7.0
2002-10-21 5.95 5.98 5.84 5.84
2003-03-14 5.14 5.16 5.09 5.09
2003-03-21 5.08 5.1 5.03 5.03
2003-04-14 5.3 5.41 5.19 5.19
2003-05-22 5.0 5.04 4.9 4.9
2003-07-02 4.8 4.84 4.75 4.75
2003-07-10 4.97 5.02 4.86 4.86
2003-07-16 5.01 5.05 4.94 4.94
2003-07-18 5.05 5.15 4.48 4.48
2003-09-01 4.68 4.7 4.56 4.56
2003-09-08 4.57 4.63 4.53 4.53
2003-09-09 4.56 4.6 4.54 4.54
2003-09-10 4.59 4.6 4.55 4.55
2003-09-16 4.53 4.55 4.47 4.47
2003-10-20 4.61 4.68 4.52 4.52
2004-12-21 4.29 4.32 4.25 4.25
2005-03-16 3.74 3.79 3.71 3.71
2005-06-29 2.48 2.58 2.36 2.36
2005-07-19 1.75 1.75 1.69 1.69
2005-08-03 2.13 2.18 2.05 2.05
2005-10-11 2.14 2.15 2.05 2.05
2005-10-18 2.27 2.27 2.15 2.15
2005-10-21 2.24 2.31 2.2 2.2
2005-10-31 2.02 2.05 1.99 1.99
2006-02-06 2.46 2.48 2.41 2.41
2006-11-27 2.47 2.54 2.41 2.41
2007-01-10 3.85 3.9 3.66 3.66
2007-01-29 5.19 5.19 4.85 4.85
2007-02-06 4.85 4.85 4.85 4.85
2007-04-20 7.36 7.64 7.25 7.25
2007-04-27 8.83 9.09 8.68 8.68
2007-04-30 9.32 9.45 8.85 8.85
2007-05-08 10.25 10.25 9.73 9.73
2007-05-11 9.97 10.15 9.7 9.7
2007-05-30 10.98 11.95 10.98 10.98
2007-06-05 8.09 8.1 7.2 7.2
2007-07-06 7.11 7.18 6.48 6.48
2007-07-20 7.52 7.55 7.19 7.19
2007-07-23 8.07 8.1 7.58 7.58
2007-07-25 8.54 8.58 8.1 8.1
2007-08-02 9.37 9.37 8.58 8.58
2007-12-03 11.3 11.43 11.11 11.11
2007-12-04 11.56 11.87 11.3 11.3
2007-12-21 12.88 12.92 12.42 12.42
2008-01-02 15.09 15.19 14.0 14.0
2008-06-30 5.13 5.21 5.0 5.0
2008-07-02 5.15 5.27 5.1 5.1
2008-07-03 5.46 5.5 5.0 5.0
2008-07-09 5.99 6.06 5.81 5.81
2008-07-24 6.07 6.11 5.77 5.77
2008-10-24 3.37 3.48 3.28 3.28
2008-11-10 3.45 3.45 3.22 3.22
2009-02-06 4.83 4.85 4.68 4.68
2009-05-05 8.04 8.04 8.04 8.04
2009-05-12 8.15 8.18 7.8 7.8
2009-06-04 8.07 8.1 7.67 7.67
2009-06-10 7.96 8.09 7.72 7.72
2009-09-14 6.79 6.83 6.65 6.65
2009-11-16 7.29 7.39 7.15 7.15
2010-04-01 8.64 8.67 8.51 8.51
2010-06-08 6.58 6.58 6.46 6.46
2010-06-21 7.2 7.3 6.96 6.96
2010-07-12 6.84 6.85 6.68 6.68
2010-08-20 7.1 7.25 6.9 6.9
2010-08-30 7.66 7.74 7.39 7.39
2010-11-24 7.12 7.14 6.96 6.96
2011-02-16 8.58 8.7 8.33 8.33
2011-04-27 11.14 11.47 10.86 10.86
2012-03-08 8.53 8.59 8.45 8.45
2012-03-13 8.84 8.85 8.61 8.61
2012-05-14 8.26 8.42 8.2 8.2
2012-05-17 8.23 8.31 8.1 8.1
2012-05-21 7.99 8.1 7.87 7.87
2012-05-22 8.23 8.42 8.0 8.0
2012-08-23 6.31 6.36 6.15 6.15
2012-08-27 6.25 6.41 6.2 6.2
2012-08-28 6.23 6.33 6.0 6.0
2012-12-04 5.36 5.36 5.2 5.2
2013-03-27 7.24 7.31 6.64 6.64
2013-07-09 6.06 6.07 5.87 5.87
2013-10-11 6.34 6.36 6.3 6.3
2013-12-30 5.72 5.77 5.67 5.67
2014-01-22 5.52 5.53 5.33 5.33
2014-01-28 5.59 5.67 5.57 5.57
2014-02-07 5.71 5.74 5.61 5.61
2014-02-13 5.81 5.89 5.75 5.75
2014-02-14 5.96 5.98 5.79 5.79
2014-02-19 6.26 6.54 6.16 6.16
2014-02-26 6.79 7.07 6.36 6.36
2014-06-26 5.88 5.9 5.83 5.83
2014-07-22 7.17 7.34 6.69 6.69
2014-09-30 7.76 7.94 7.37 7.37
2015-05-22 12.12 12.2 11.77 11.77
2015-07-09 6.56 6.56 5.42 5.42
2015-10-13 7.35 7.4 7.12 7.12
2015-12-16 9.99 10.05 9.15 9.15
2016-02-02 6.71 6.81 6.47 6.47
2016-02-04 7.25 7.35 6.89 6.89
2016-03-30 8.04 8.07 7.81 7.81
2016-05-19 7.46 7.64 7.43 7.43
2016-08-23 8.66 8.85 8.56 8.56
2016-10-13 9.31 9.38 9.21 9.21
2016-10-18 9.16 9.18 9.0 9.0
2016-12-07 9.98 10.13 9.86 9.86
2017-01-20 9.64 9.81 9.42 9.42
2017-01-23 10.03 10.36 9.7 9.7
2017-07-05 8.78 8.83 8.6 8.6
