1997-08-21 10.6 10.64 10.1 10.1
1997-08-25 11.2 11.3 10.55 10.55
1997-09-01 12.18 12.26 11.7 11.7
1997-09-04 12.44 12.51 12.1 12.1
1997-12-30 14.7 14.8 14.38 14.38
1998-02-11 13.67 13.81 13.4 13.4
1998-02-16 14.86 15.18 14.68 14.68
1998-05-13 17.88 18.06 17.16 17.16
1998-06-18 20.6 20.62 19.8 19.8
1998-12-11 15.65 15.7 15.34 15.34
1998-12-31 13.32 13.43 13.11 13.11
1999-01-08 13.8 13.85 13.1 13.1
1999-02-09 15.35 15.38 14.88 14.88
1999-04-14 12.73 12.94 12.3 12.3
1999-04-29 11.39 11.4 11.05 11.05
1999-06-08 12.7 13.1 12.49 12.49
1999-06-14 13.43 13.44 12.69 12.69
1999-06-16 13.35 13.35 12.7 12.7
1999-06-21 14.86 15.0 14.5 14.5
1999-06-28 16.0 16.18 15.29 15.29
1999-07-16 11.76 12.06 11.65 11.65
1999-08-09 12.4 12.58 12.06 12.06
1999-08-17 11.81 12.03 11.7 11.7
1999-10-15 12.58 12.58 12.09 12.09
1999-11-05 11.25 11.28 11.1 11.1
1999-11-24 11.3 11.3 10.98 10.98
2000-01-27 10.0 10.05 9.92 9.92
2000-02-28 10.7 10.86 10.36 10.36
2000-02-29 11.77 11.77 11.25 11.25
2000-07-26 13.44 13.6 13.38 13.38
2000-08-10 13.19 13.28 13.0 13.0
2000-09-14 13.84 13.98 13.73 13.73
2000-09-15 13.94 13.99 13.75 13.75
2000-09-22 13.65 13.95 13.5 13.5
2000-09-26 13.42 13.53 13.4 13.4
2000-10-09 14.58 14.58 14.0 14.0
2000-10-16 14.85 15.1 14.6 14.6
2000-10-23 14.58 14.95 14.58 14.58
2000-12-28 14.95 15.08 14.8 14.8
2001-01-02 15.39 15.39 14.91 14.91
2001-03-26 16.95 17.05 16.21 16.21
2001-03-28 16.86 17.05 16.45 16.45
2001-04-02 17.1 17.3 16.85 16.85
2001-04-10 15.96 16.2 15.8 15.8
2001-04-16 16.31 16.39 16.0 16.0
2001-06-11 16.25 16.3 16.15 16.15
2001-07-27 14.6 14.89 14.42 14.42
2001-07-31 13.35 13.71 13.0 13.0
2001-08-03 13.61 13.61 13.4 13.4
2001-11-22 12.53 12.55 12.32 12.32
2001-12-25 13.24 13.25 12.58 12.58
2001-12-26 13.14 13.26 13.01 13.01
2002-04-03 10.89 11.01 10.81 10.81
2002-04-09 11.57 11.62 11.3 11.3
2002-04-12 11.59 11.6 11.34 11.34
2002-07-08 12.44 12.5 12.28 12.28
2002-07-12 12.6 12.75 12.33 12.33
2003-03-31 6.42 6.48 6.3 6.3
2003-04-04 6.48 6.58 6.45 6.45
2003-04-07 6.6 6.7 6.48 6.48
2003-08-19 6.4 6.5 6.37 6.37
2004-01-08 7.03 7.04 6.7 6.7
2004-02-25 7.88 8.15 7.78 7.78
2004-03-16 7.78 7.83 7.65 7.65
2004-06-29 6.24 6.25 6.13 6.13
2004-07-01 6.43 6.45 6.2 6.2
2004-08-13 5.6 5.64 5.55 5.55
2004-12-08 5.44 5.48 5.38 5.38
2004-12-22 5.2 5.22 5.02 5.02
2005-04-13 3.94 3.96 3.83 3.83
2005-05-24 3.38 3.41 3.27 3.27
2005-05-25 3.39 3.43 3.33 3.33
2005-05-31 3.49 3.51 3.4 3.4
2005-06-02 3.42 3.44 3.39 3.39
2005-06-08 3.69 3.71 3.39 3.39
2005-06-27 3.59 3.6 3.53 3.53
2005-10-31 2.72 2.78 2.55 2.55
2005-12-07 2.69 2.7 2.65 2.65
2005-12-12 2.78 2.85 2.73 2.73
2006-02-21 3.18 3.19 3.09 3.09
2006-03-13 3.22 3.25 3.04 3.04
2006-04-07 3.47 3.55 3.38 3.38
2006-05-17 5.18 5.18 5.18 5.18
2006-10-11 2.83 2.89 2.79 2.79
2007-01-19 3.41 3.41 3.23 3.23
2007-03-20 4.9 4.95 4.8 4.8
2007-03-26 5.32 5.38 5.19 5.19
2007-04-20 7.74 7.74 7.13 7.13
2007-04-27 7.99 8.22 7.9 7.9
2007-05-23 9.06 9.18 8.75 8.75
2007-05-24 9.74 9.97 9.15 9.15
2007-05-30 9.17 9.93 9.17 9.17
2007-06-26 6.37 6.66 6.25 6.25
2007-07-23 5.24 5.25 4.93 4.93
2007-07-26 5.96 5.96 5.64 5.64
2007-12-17 7.31 7.85 7.28 7.28
2008-02-04 6.22 6.25 5.79 5.79
2008-02-14 6.33 6.39 6.23 6.23
2008-04-30 4.3 4.32 4.16 4.16
2008-07-02 3.34 3.36 3.25 3.25
2008-07-09 3.81 3.83 3.59 3.59
2008-08-22 3.05 3.13 2.89 2.89
2008-08-25 3.36 3.36 3.1 3.1
2008-12-10 3.29 3.3 3.13 3.13
2008-12-18 3.15 3.16 3.05 3.05
2009-01-09 2.91 2.93 2.84 2.84
2009-01-14 2.99 3.0 2.84 2.84
2009-10-15 4.12 4.18 4.1 4.1
2009-10-23 4.74 4.74 4.74 4.74
2009-11-23 4.98 5.01 4.84 4.84
2009-11-25 5.0 5.02 4.6 4.6
2010-05-26 4.11 4.15 4.02 4.02
2011-01-19 4.74 4.74 4.33 4.33
2011-04-27 4.94 5.12 4.94 4.94
2011-05-05 4.74 4.78 4.71 4.71
2011-06-27 4.59 4.63 4.4 4.4
2011-06-30 5.07 5.07 4.83 4.83
2011-07-01 5.3 5.32 5.0 5.0
2011-07-21 6.31 6.31 6.31 6.31
2011-07-22 5.99 5.99 5.99 5.99
2011-08-01 5.99 5.99 5.99 5.99
2011-08-02 6.13 6.18 5.75 5.75
2012-01-17 2.9 2.9 2.75 2.75
2012-01-30 3.15 3.15 3.15 3.15
2012-01-31 3.31 3.31 3.31 3.31
2012-02-01 3.48 3.48 3.48 3.48
2012-02-03 3.65 3.65 3.52 3.52
2012-02-10 3.77 3.77 3.59 3.59
2012-02-14 3.79 3.85 3.7 3.7
2012-03-09 3.71 3.74 3.65 3.65
2012-03-13 3.77 3.78 3.71 3.71
2012-04-05 3.15 3.15 3.01 3.01
2012-04-13 3.36 3.45 3.33 3.33
2012-05-04 3.11 3.19 2.98 2.98
2012-05-07 3.05 3.14 3.02 3.02
2012-05-11 3.13 3.13 3.05 3.05
2012-06-13 3.22 3.22 3.22 3.22
2012-07-30 3.07 3.07 3.07 3.07
2012-07-31 2.92 2.92 2.92 2.92
2012-08-01 2.77 2.77 2.77 2.77
2012-08-02 2.63 2.77 2.63 2.63
2012-08-06 2.77 2.77 2.65 2.65
2012-08-22 3.02 3.02 3.02 3.02
2012-08-23 3.17 3.17 3.17 3.17
2012-08-27 3.21 3.21 3.21 3.21
2013-01-15 4.01 4.04 3.92 3.92
2013-01-17 4.37 4.37 3.98 3.98
2013-05-06 3.57 3.57 3.57 3.57
2013-05-07 3.72 3.75 3.42 3.42
2014-05-28 3.71 3.71 3.71 3.71
2014-05-29 4.08 4.08 4.08 4.08
2014-05-30 4.49 4.49 4.49 4.49
2014-06-03 4.94 4.94 4.94 4.94
2014-06-04 5.43 5.43 5.43 5.43
2015-03-11 10.21 10.21 10.21 10.21
2015-04-01 11.58 11.88 11.45 11.45
2015-04-22 12.49 12.88 11.85 11.85
2015-04-29 12.81 13.17 12.7 12.7
2015-05-04 14.28 14.28 13.0 13.0
2015-09-28 16.95 16.95 16.95 16.95
2015-09-29 15.26 15.26 15.26 15.26
2015-09-30 13.73 13.73 13.73 13.73
2015-10-08 12.99 13.58 12.42 12.42
2015-10-09 12.97 12.99 12.46 12.46
2015-10-12 13.61 14.0 13.22 13.22
2015-10-20 15.49 15.76 14.53 14.53
2015-11-23 17.59 17.8 16.21 16.21
2016-02-15 13.72 14.3 12.49 12.49
2016-02-19 14.39 14.82 14.0 14.0
2016-06-08 15.24 15.6 14.41 14.41
2016-06-15 15.98 16.26 15.47 15.47
2016-06-20 15.59 15.67 15.15 15.15
2016-07-13 15.2 15.23 14.85 14.85
2016-11-22 15.52 15.53 15.41 15.41
2017-06-13 11.92 11.97 11.72 11.72
2017-07-12 13.19 13.34 13.0 13.0
