1997-06-20 14.18 14.22 13.69 13.69
1997-06-27 13.6 14.1 13.5 13.5
1997-09-01 9.02 9.1 8.75 8.75
1997-09-03 9.5 9.5 9.25 9.25
1997-10-06 7.9 8.0 7.9 7.9
1997-10-07 7.82 7.9 7.5 7.5
1997-11-04 8.93 9.15 8.8 8.8
1998-02-13 9.99 10.15 9.56 9.56
1998-02-16 10.29 10.47 10.05 10.05
1998-02-20 9.84 9.95 9.65 9.65
1998-04-14 12.9 13.08 12.5 12.5
1998-04-20 12.24 12.26 11.5 11.5
1998-04-21 12.32 12.7 12.1 12.1
1998-04-28 13.05 13.2 12.28 12.28
1998-07-09 14.15 14.29 13.81 13.81
1998-07-10 14.29 14.4 13.95 13.95
1998-08-19 13.51 13.65 13.0 13.0
1998-08-25 14.3 14.65 14.13 14.13
1998-09-29 20.4 20.4 18.58 18.58
1998-10-07 19.9 20.45 19.78 19.78
1998-11-27 20.56 20.98 19.95 19.95
1998-12-07 20.5 20.51 20.06 20.06
1998-12-11 19.98 20.3 19.9 19.9
1998-12-14 20.14 20.25 19.02 19.02
1999-04-16 15.58 15.59 15.25 15.25
1999-04-22 14.51 14.8 14.5 14.5
1999-04-23 14.86 14.9 14.55 14.55
1999-04-26 15.04 15.04 14.6 14.6
1999-04-28 15.46 15.65 15.0 15.0
1999-04-29 15.91 15.92 15.46 15.46
1999-05-05 15.5 15.58 15.3 15.3
1999-05-06 15.4 15.6 15.4 15.4
1999-08-19 29.33 29.58 28.0 28.0
1999-08-27 27.94 28.41 27.0 27.0
1999-09-02 27.0 27.01 26.52 26.52
1999-11-15 22.38 22.38 21.78 21.78
1999-12-13 20.67 20.67 20.1 20.1
1999-12-14 21.6 21.6 20.68 20.68
2000-05-24 20.94 21.35 20.65 20.65
2000-06-06 21.12 21.3 20.2 20.2
2000-07-27 18.79 19.05 18.3 18.3
2000-07-28 19.33 19.47 18.81 18.81
2000-11-09 17.18 17.18 16.5 16.5
2000-11-16 17.45 17.65 17.0 17.0
2000-12-27 18.2 18.26 17.8 17.8
2001-01-02 19.76 20.05 18.8 18.8
2001-01-17 18.61 18.83 18.5 18.5
2001-01-19 18.66 18.75 18.62 18.62
2001-03-01 18.38 18.5 18.0 18.0
2001-03-07 17.98 18.1 17.91 17.91
2001-03-12 17.58 17.98 17.53 17.53
2001-03-13 17.87 17.9 17.68 17.68
2001-03-28 17.95 18.0 17.5 17.5
2001-04-05 17.8 17.8 17.3 17.3
2001-04-12 17.58 17.68 17.55 17.55
2001-04-26 17.56 17.8 17.3 17.3
2001-06-28 18.32 18.4 18.23 18.23
2001-07-02 18.2 18.5 18.17 18.17
2001-07-10 17.82 17.85 17.68 17.68
2001-08-30 15.06 15.26 15.05 15.05
2001-08-31 15.11 15.38 15.07 15.07
2001-09-04 15.48 15.49 15.18 15.18
2001-09-06 15.35 15.5 15.35 15.35
2001-09-10 15.2 15.28 14.8 14.8
2001-11-15 11.51 11.68 11.5 11.5
2001-11-20 12.46 12.55 12.12 12.12
2001-11-27 13.33 13.33 12.41 12.41
2001-11-29 13.6 13.8 13.28 13.28
2001-12-18 13.39 13.44 13.0 13.0
2002-01-21 9.33 9.7 9.0 9.0
2002-03-04 10.28 10.3 10.08 10.08
2002-03-07 11.28 11.3 10.65 10.65
2002-06-04 11.88 11.96 11.5 11.5
2002-06-21 12.18 12.18 11.7 11.7
2002-07-09 12.78 12.87 12.6 12.6
2002-07-11 12.88 12.89 12.6 12.6
2002-08-27 11.39 11.49 11.23 11.23
2002-12-16 9.34 9.42 9.21 9.21
2003-02-24 9.36 9.4 9.3 9.3
2003-03-04 9.79 9.8 9.63 9.63
2003-03-26 8.77 8.86 8.65 8.65
2003-06-11 7.88 7.88 7.45 7.45
2003-08-11 6.89 6.9 6.8 6.8
2003-08-14 6.8 6.9 6.78 6.78
2003-09-11 6.85 6.88 6.83 6.83
2003-10-10 6.48 6.52 6.32 6.32
2003-10-13 6.45 6.51 6.42 6.42
2003-12-26 5.29 5.33 5.25 5.25
2004-02-11 7.27 7.55 7.05 7.05
2004-02-12 7.41 7.45 7.22 7.22
2004-03-15 7.16 7.2 7.05 7.05
2004-03-23 7.92 8.06 7.82 7.82
2005-06-20 3.58 3.59 3.35 3.35
2005-07-27 3.2 3.22 3.08 3.08
2005-08-04 3.42 3.64 3.35 3.35
2006-05-08 5.67 5.76 5.33 5.33
2006-05-29 6.88 6.96 6.45 6.45
2006-08-24 6.45 6.45 6.29 6.29
2007-04-02 7.59 7.63 7.35 7.35
2007-04-23 9.49 9.55 8.98 8.98
2007-05-28 11.42 11.42 10.42 10.42
2007-06-18 8.42 8.54 8.28 8.28
2007-07-06 6.49 6.49 5.91 5.91
2007-08-17 8.36 8.36 7.64 7.64
2008-01-09 8.8 8.92 8.45 8.45
2008-02-27 10.19 10.25 9.8 9.8
2008-05-30 7.85 8.04 7.47 7.47
2008-06-05 7.0 7.26 6.85 6.85
2008-10-17 2.77 2.81 2.7 2.7
2008-11-12 2.94 2.94 2.79 2.79
2008-11-19 3.36 3.39 3.08 3.08
2008-12-08 4.01 4.05 3.85 3.85
2009-02-23 5.89 5.89 5.89 5.89
2009-03-02 5.18 5.44 4.78 4.78
2009-04-23 6.35 6.38 5.82 5.82
2009-05-18 7.16 7.23 6.76 6.76
2009-05-19 7.17 7.45 7.1 7.1
2009-08-07 9.89 10.05 9.2 9.2
2009-08-10 8.97 9.88 8.9 8.9
2009-09-11 7.34 7.34 7.11 7.11
2009-10-23 8.24 8.35 8.1 8.1
2009-12-18 11.12 11.12 11.12 11.12
2010-03-12 12.92 13.26 12.8 12.8
2010-03-17 12.88 12.93 12.6 12.6
2010-03-22 13.22 13.61 13.1 13.1
2010-03-30 13.08 13.09 12.81 12.81
2010-04-01 13.99 14.09 13.41 13.41
2010-04-26 13.1 13.32 12.63 12.63
2010-07-07 7.52 7.52 7.16 7.16
2010-10-19 8.77 8.88 8.18 8.18
2010-11-24 8.23 8.25 8.1 8.1
2010-11-29 8.61 8.7 8.44 8.44
2010-12-16 8.02 8.13 7.73 7.73
2010-12-31 7.93 8.02 7.73 7.73
2011-01-04 7.98 8.07 7.93 7.93
2011-01-12 8.39 8.58 8.11 8.11
2011-02-15 8.48 8.65 8.44 8.44
2011-05-10 9.81 9.82 9.52 9.52
2011-06-15 9.18 9.23 9.11 9.11
2011-07-04 9.57 9.57 9.12 9.12
2011-07-08 10.84 10.94 10.49 10.49
2011-07-13 10.79 10.86 10.4 10.4
2011-12-15 8.22 8.22 8.22 8.22
2012-01-16 7.6 7.73 7.45 7.45
2012-03-07 10.02 10.35 9.52 9.52
2012-04-10 10.92 11.14 10.6 10.6
2012-04-11 11.36 11.38 10.8 10.8
2012-05-07 12.83 13.0 12.42 12.42
2012-09-07 5.73 5.8 5.53 5.53
2012-10-30 5.17 5.29 5.12 5.12
2012-11-14 5.23 5.26 5.12 5.12
2013-01-17 6.02 6.16 5.93 5.93
2013-01-21 6.3 6.45 6.23 6.23
2013-01-28 6.1 6.12 5.8 5.8
2013-01-29 6.14 6.28 6.06 6.06
2013-02-06 6.08 6.17 6.07 6.07
2013-02-08 5.95 6.05 5.91 5.91
2013-02-22 5.76 5.89 5.6 5.6
2013-08-27 5.13 5.15 5.03 5.03
2013-10-09 4.86 4.96 4.81 4.81
2013-12-04 4.38 4.44 4.27 4.27
2014-06-26 3.51 3.53 3.48 3.48
2014-07-03 3.61 3.62 3.58 3.58
2014-07-09 3.88 3.99 3.76 3.76
2014-07-11 4.23 4.29 3.86 3.86
2014-08-18 4.18 4.19 4.14 4.14
2014-08-29 4.5 4.52 4.4 4.4
2014-09-09 5.05 5.12 4.88 4.88
2014-09-26 5.39 5.48 4.93 4.93
2014-09-30 5.57 5.76 5.49 5.49
2014-10-10 5.59 5.63 5.45 5.45
2014-11-05 5.78 5.93 5.44 5.44
2014-11-27 6.68 6.78 6.6 6.6
2015-07-14 7.02 7.02 7.02 7.02
2015-07-16 6.91 7.03 6.01 6.01
2015-08-06 8.12 8.22 7.55 7.55
2016-03-29 5.57 5.75 5.23 5.23
2016-05-31 4.81 4.84 4.61 4.61
2016-11-15 6.28 6.44 6.21 6.21
2016-11-23 6.23 6.34 6.19 6.19
2017-08-07 4.3 4.32 4.24 4.24
2017-08-08 4.33 4.4 4.3 4.3
4913
