2016-08-09 12.84 12.84 10.7 10.7
2016-08-10 14.12 14.12 14.12 14.12
2016-08-11 15.53 15.53 15.53 15.53
2016-08-12 17.08 17.08 17.08 17.08
2016-08-15 18.79 18.79 18.79 18.79
2016-08-16 20.67 20.67 20.67 20.67
2016-08-17 22.74 22.74 22.74 22.74
2016-08-18 25.01 25.01 25.01 25.01
2016-08-19 27.51 27.51 27.51 27.51
2016-08-22 30.26 30.26 30.26 30.26
2016-08-23 33.29 33.29 33.29 33.29
2016-08-24 36.62 36.62 36.62 36.62
2016-09-19 29.48 29.68 29.21 29.21
2016-11-01 28.06 28.14 27.72 27.72
2017-01-23 21.51 21.96 21.2 21.2
2017-02-21 21.94 22.08 21.8 21.8
2017-03-01 23.76 24.74 23.0 23.0
2017-03-27 24.8 25.22 23.93 23.93
2017-04-05 23.89 24.13 23.65 23.65
2017-04-11 23.89 23.93 23.22 23.22
2017-04-13 23.92 24.19 23.57 23.57
2017-05-08 20.09 20.45 20.03 20.03
2017-05-10 20.61 21.2 20.3 20.3
2017-05-12 21.1 21.3 20.73 20.73
2017-06-15 19.41 19.53 18.91 18.91
2017-07-27 18.33 18.42 17.53 17.53
2017-08-14 17.86 17.91 17.6 17.6
