2001-12-26 13.28 13.29 12.96 12.96
2002-06-20 11.97 12.11 11.84 11.84
2002-08-07 12.79 12.79 12.65 12.65
2002-09-02 12.75 12.8 12.62 12.62
2002-09-06 12.49 12.55 12.44 12.44
2002-09-09 12.45 12.5 12.41 12.41
2002-11-29 11.12 11.32 11.05 11.05
2002-12-06 11.08 11.13 10.9 10.9
2002-12-12 10.98 11.1 10.87 10.87
2003-01-13 10.5 10.74 10.27 10.27
2003-01-14 11.21 11.45 10.49 10.49
2003-03-11 10.7 10.75 10.64 10.64
2003-03-31 11.42 11.46 10.68 10.68
2003-04-14 12.23 12.5 12.05 12.05
2003-06-18 11.91 12.05 11.88 11.88
2003-06-23 11.85 11.98 11.8 11.8
2003-07-01 11.28 11.54 11.24 11.24
2003-07-02 11.5 11.51 11.3 11.3
2003-07-08 11.64 11.73 11.53 11.53
2003-08-20 10.75 10.76 10.56 10.56
2003-08-27 10.6 10.7 10.51 10.51
2003-08-29 10.59 10.61 10.5 10.5
2003-09-04 10.85 10.95 10.78 10.78
2003-09-09 10.63 10.68 10.6 10.6
2003-09-11 10.86 10.9 10.76 10.76
2004-07-16 11.78 11.82 11.45 11.45
2004-08-31 11.49 11.65 11.38 11.38
2004-09-08 10.98 11.01 10.85 10.85
2004-09-14 10.76 10.86 10.6 10.6
2004-12-22 12.42 12.42 12.01 12.01
2005-02-21 11.94 11.97 11.71 11.71
2005-08-01 9.32 9.36 9.1 9.1
2005-09-12 10.19 10.22 9.98 9.98
2005-12-09 9.0 9.04 8.88 8.88
2005-12-14 9.03 9.05 8.95 8.95
2006-01-04 9.86 9.95 9.69 9.69
2006-10-31 6.24 6.27 6.16 6.16
2006-11-06 6.33 6.36 6.27 6.27
2007-03-15 9.81 9.95 9.56 9.56
2007-03-20 9.75 9.8 9.57 9.57
2007-03-26 10.39 10.59 10.25 10.25
2007-04-03 10.77 10.78 10.3 10.3
2007-04-10 12.49 12.6 11.56 11.56
2007-04-16 12.55 12.56 12.3 12.3
2007-04-20 13.43 13.52 12.31 12.31
2007-04-23 14.77 14.77 13.7 13.7
2007-05-08 16.84 17.21 16.05 16.05
2007-05-16 16.28 16.48 15.36 15.36
2007-05-22 18.7 19.72 18.55 18.55
2007-06-11 17.05 17.37 16.75 16.75
2007-07-20 16.06 16.11 15.69 15.69
2007-07-23 16.95 17.0 16.07 16.07
2007-08-30 28.68 29.3 26.83 26.83
2007-09-03 33.68 34.11 31.25 31.25
2007-12-26 30.55 30.68 29.95 29.95
2008-01-04 31.98 32.38 31.51 31.51
2008-01-07 34.25 34.58 32.05 32.05
2008-01-09 35.8 35.83 34.06 34.06
2008-07-28 17.31 17.35 16.87 16.87
2008-07-29 19.04 19.04 18.0 18.0
2008-10-23 9.25 9.29 8.53 8.53
2009-07-17 24.26 24.5 23.27 23.27
2009-07-20 26.69 26.69 24.55 24.55
2010-03-01 22.14 22.23 21.72 21.72
2010-03-29 21.68 21.85 21.02 21.02
2010-07-19 18.42 18.67 17.18 17.18
2010-10-11 27.39 27.85 26.31 26.31
2011-01-26 24.73 24.79 24.3 24.3
2011-03-14 28.51 28.58 28.1 28.1
2011-03-16 28.09 28.34 27.57 27.57
2011-07-14 25.49 25.9 25.21 25.21
2011-07-15 25.68 25.75 25.3 25.3
2011-09-27 22.87 23.15 22.41 22.41
2012-04-12 20.81 21.0 20.0 20.0
2012-04-20 21.18 21.25 20.88 20.88
2012-09-12 17.13 17.16 16.78 16.78
2012-11-05 16.34 16.45 16.17 16.17
2013-01-29 16.29 16.38 16.06 16.06
2014-04-08 8.27 8.32 8.12 8.12
2014-08-11 8.75 8.77 8.66 8.66
2014-09-04 8.98 9.08 8.92 8.92
2015-02-16 10.75 10.76 10.58 10.58
2015-02-26 10.94 10.95 10.7 10.7
2015-04-27 14.71 14.73 13.95 13.95
2015-07-16 10.48 10.79 9.65 9.65
2016-06-16 8.99 9.05 8.9 8.9
2016-07-04 9.5 9.59 9.21 9.21
2016-07-11 9.55 9.74 9.4 9.4
2016-09-22 10.39 10.49 10.31 10.31
2016-09-29 10.4 10.61 10.25 10.25
2016-11-28 11.42 11.46 11.21 11.21
2016-12-01 11.04 11.08 10.97 10.97
2016-12-09 10.91 10.97 10.82 10.82
2017-04-05 11.62 11.66 11.42 11.42
2017-04-10 11.71 11.77 11.56 11.56
2017-04-13 11.63 11.69 11.52 11.52
2017-06-05 11.21 11.43 11.12 11.12
2017-06-13 11.45 11.46 10.98 10.98
