2001-09-18 12.98 12.98 12.6 12.6
2001-10-09 12.6 12.72 12.41 12.41
2001-11-30 13.41 13.48 13.02 13.02
2001-12-21 12.99 13.02 12.65 12.65
2001-12-26 13.28 13.29 12.96 12.96
2002-01-22 12.11 12.42 11.9 11.9
2002-03-05 13.8 13.87 13.6 13.6
2002-03-19 14.13 14.15 13.5 13.5
2002-04-09 13.59 13.63 13.28 13.28
2002-05-17 12.7 12.8 12.56 12.56
2002-06-06 11.9 12.1 11.4 11.4
2002-06-18 11.97 12.02 11.67 11.67
2002-06-20 11.97 12.11 11.84 11.84
2002-07-08 13.43 13.6 13.26 13.26
2002-08-06 12.71 12.78 12.59 12.59
2002-08-07 12.79 12.79 12.65 12.65
2002-08-20 12.85 12.88 12.66 12.66
2002-08-30 12.61 12.69 12.6 12.6
2002-09-02 12.75 12.8 12.62 12.62
2002-09-06 12.49 12.55 12.44 12.44
2002-09-09 12.45 12.5 12.41 12.41
2002-10-08 12.18 12.3 12.1 12.1
2002-11-01 12.0 12.01 11.92 11.92
2002-11-28 11.03 11.05 10.71 10.71
2002-11-29 11.12 11.32 11.05 11.05
2002-12-06 11.08 11.13 10.9 10.9
2002-12-12 10.98 11.1 10.87 10.87
2003-01-08 10.21 10.21 9.85 9.85
2003-01-13 10.5 10.74 10.27 10.27
2003-01-14 11.21 11.45 10.49 10.49
2003-01-27 11.05 11.08 10.76 10.76
2003-03-03 11.25 11.27 11.08 11.08
2003-03-11 10.7 10.75 10.64 10.64
2003-03-21 10.67 10.68 10.58 10.58
2003-03-31 11.42 11.46 10.68 10.68
2003-04-11 11.97 12.04 11.65 11.65
2003-04-14 12.23 12.5 12.05 12.05
2003-06-10 11.88 11.96 11.8 11.8
2003-06-18 11.91 12.05 11.88 11.88
2003-06-23 11.85 11.98 11.8 11.8
2003-07-01 11.28 11.54 11.24 11.24
2003-07-02 11.5 11.51 11.3 11.3
2003-07-08 11.64 11.73 11.53 11.53
2003-08-19 10.59 10.62 10.52 10.52
2003-08-20 10.75 10.76 10.56 10.56
2003-08-27 10.6 10.7 10.51 10.51
2003-08-29 10.59 10.61 10.5 10.5
2003-09-04 10.85 10.95 10.78 10.78
2003-09-09 10.63 10.68 10.6 10.6
2003-09-11 10.86 10.9 10.76 10.76
2003-11-05 10.64 10.75 10.55 10.55
2003-11-28 11.2 11.21 10.9 10.9
2004-01-05 12.4 12.45 11.71 11.71
2004-02-27 12.04 12.16 11.82 11.82
2004-03-15 12.14 12.16 11.88 11.88
2004-04-12 12.73 12.85 12.55 12.55
2004-04-26 12.2 12.25 11.83 11.83
2004-05-21 11.48 11.54 11.4 11.4
2004-06-15 11.3 11.38 11.0 11.0
2004-07-09 10.79 11.04 10.75 10.75
2004-07-16 11.78 11.82 11.45 11.45
2004-07-28 11.57 11.62 11.38 11.38
2004-08-27 11.28 11.34 11.16 11.16
2004-08-31 11.49 11.65 11.38 11.38
2004-09-08 10.98 11.01 10.85 10.85
2004-09-14 10.76 10.86 10.6 10.6
2004-11-12 14.17 14.48 13.95 13.95
2004-12-14 12.78 12.88 12.57 12.57
2004-12-22 12.42 12.42 12.01 12.01
2005-02-02 11.88 11.9 11.14 11.14
2005-02-21 11.94 11.97 11.71 11.71
2005-03-08 12.69 12.7 12.23 12.23
2005-03-28 11.68 11.76 11.5 11.5
2005-04-13 12.5 12.6 12.28 12.28
2005-06-27 9.59 9.72 9.4 9.4
2005-07-26 9.02 9.11 8.76 8.76
2005-08-01 9.32 9.36 9.1 9.1
2005-08-15 10.13 10.16 9.85 9.85
2005-09-08 10.06 10.17 9.6 9.6
2005-09-12 10.19 10.22 9.98 9.98
2005-09-27 10.28 10.47 10.28 10.28
2005-11-02 8.89 8.99 8.8 8.8
2005-11-24 8.9 8.96 8.77 8.77
2005-12-07 8.79 8.82 8.68 8.68
2005-12-09 9.0 9.04 8.88 8.88
2005-12-14 9.03 9.05 8.95 8.95
2005-12-29 9.54 9.75 9.2 9.2
2006-01-04 9.86 9.95 9.69 9.69
2006-10-24 6.34 6.34 6.2 6.2
2006-10-31 6.24 6.27 6.16 6.16
2006-11-06 6.33 6.36 6.27 6.27
2006-12-01 6.91 7.01 6.64 6.64
2006-12-14 6.88 6.95 6.75 6.75
2007-01-04 7.29 7.49 7.25 7.25
2007-01-29 8.65 8.76 8.1 8.1
2007-03-07 9.48 9.5 9.28 9.28
2007-03-15 9.81 9.95 9.56 9.56
2007-03-20 9.75 9.8 9.57 9.57
2007-03-26 10.39 10.59 10.25 10.25
2007-04-03 10.77 10.78 10.3 10.3
2007-04-10 12.49 12.6 11.56 11.56
2007-04-16 12.55 12.56 12.3 12.3
2007-04-20 13.43 13.52 12.31 12.31
2007-04-23 14.77 14.77 13.7 13.7
2007-05-08 16.84 17.21 16.05 16.05
2007-05-16 16.28 16.48 15.36 15.36
2007-05-22 18.7 19.72 18.55 18.55
2007-06-07 16.71 17.22 16.3 16.3
2007-06-11 17.05 17.37 16.75 16.75
2007-07-16 15.47 16.32 15.15 15.15
2007-07-20 16.06 16.11 15.69 15.69
2007-07-23 16.95 17.0 16.07 16.07
2007-08-02 21.48 21.7 20.28 20.28
2007-08-14 21.37 21.99 20.37 20.37
2007-08-27 26.3 27.34 25.66 25.66
2007-08-30 28.68 29.3 26.83 26.83
2007-09-03 33.68 34.11 31.25 31.25
2007-09-19 35.18 35.18 31.38 31.38
2007-11-01 33.34 34.5 33.0 33.0
2007-12-24 30.4 30.8 29.83 29.83
2007-12-26 30.55 30.68 29.95 29.95
2008-01-04 31.98 32.38 31.51 31.51
2008-01-07 34.25 34.58 32.05 32.05
2008-01-09 35.8 35.83 34.06 34.06
2008-03-11 24.92 24.95 23.7 23.7
2008-04-08 19.19 19.66 18.06 18.06
2008-04-29 21.54 21.89 20.6 20.6
2008-05-28 23.54 23.78 22.9 22.9
2008-06-11 19.19 19.46 18.52 18.52
2008-07-08 18.59 19.1 18.08 18.08
2008-07-24 17.42 17.5 17.06 17.06
2008-07-28 17.31 17.35 16.87 16.87
2008-07-29 19.04 19.04 18.0 18.0
2008-09-25 12.55 12.95 12.04 12.04
2008-10-17 8.64 8.75 8.46 8.46
2008-10-23 9.25 9.29 8.53 8.53
2008-11-10 9.0 9.0 8.33 8.33
2008-11-19 9.82 9.9 9.03 9.03
2008-12-03 10.04 10.04 9.15 9.15
2009-01-16 10.15 10.47 10.11 10.11
2009-02-06 11.93 11.99 11.5 11.5
2009-02-19 12.05 12.2 11.78 11.78
2009-03-04 11.65 11.7 10.87 10.87
2009-05-12 16.62 16.64 15.73 15.73
2009-06-01 17.95 18.03 17.31 17.31
2009-07-16 23.29 24.25 22.78 22.78
2009-07-17 24.26 24.5 23.27 23.27
2009-07-20 26.69 26.69 24.55 24.55
2009-08-20 21.39 21.4 20.08 20.08
2009-09-01 18.15 18.78 17.81 17.81
2009-09-30 19.46 19.9 19.25 19.25
2009-10-23 23.64 24.31 22.71 22.71
2009-11-03 23.05 23.28 22.86 22.86
2009-11-16 24.99 25.01 23.45 23.45
2009-12-28 25.14 25.35 24.7 24.7
2010-01-29 22.05 22.38 22.0 22.0
2010-02-25 21.9 21.94 21.4 21.4
2010-03-01 22.14 22.23 21.72 21.72
2010-03-26 20.81 20.89 20.38 20.38
2010-03-29 21.68 21.85 21.02 21.02
2010-04-09 22.34 22.4 21.86 21.86
2010-04-23 22.94 22.94 21.3 21.3
2010-07-06 16.44 16.51 15.91 15.91
2010-07-16 17.58 17.6 16.83 16.83
2010-07-19 18.42 18.67 17.18 17.18
2010-08-11 22.3 22.66 21.76 21.76
2010-09-06 23.97 23.98 23.32 23.32
2010-09-21 22.08 22.21 21.62 21.62
2010-10-11 27.39 27.85 26.31 26.31
2010-11-04 31.34 31.8 30.7 30.7
2010-12-21 28.79 28.96 28.0 28.0
2011-01-21 24.99 25.46 24.6 24.6
2011-01-26 24.73 24.79 24.3 24.3
2011-02-14 26.97 27.13 25.88 25.88
2011-03-07 30.49 30.8 28.46 28.46
2011-03-14 28.51 28.58 28.1 28.1
2011-03-16 28.09 28.34 27.57 27.57
2011-03-28 29.61 30.19 29.11 29.11
2011-05-09 24.54 24.74 24.41 24.41
2011-05-27 24.19 24.74 24.06 24.06
2011-06-14 24.16 24.19 23.73 23.73
2011-06-30 24.37 24.69 23.89 23.89
2011-07-13 24.96 25.0 24.49 24.49
2011-07-14 25.49 25.9 25.21 25.21
2011-07-15 25.68 25.75 25.3 25.3
2011-09-21 23.21 23.32 22.21 22.21
2011-09-27 22.87 23.15 22.41 22.41
2011-11-14 23.12 23.19 22.72 22.72
2012-02-28 22.41 22.56 22.01 22.01
2012-03-09 22.8 22.95 21.98 21.98
2012-04-05 20.47 20.7 19.89 19.89
2012-04-12 20.81 21.0 20.0 20.0
2012-04-20 21.18 21.25 20.88 20.88
2012-05-22 21.79 21.82 21.53 21.53
2012-06-18 19.85 19.97 19.68 19.68
2012-08-03 17.89 17.9 17.62 17.62
2012-08-23 17.41 17.45 17.21 17.21
2012-09-07 16.83 17.08 15.96 15.96
2012-09-12 17.13 17.16 16.78 16.78
2012-10-09 17.11 17.26 16.82 16.82
2012-10-31 15.85 15.98 15.82 15.82
2012-11-05 16.34 16.45 16.17 16.17
2012-12-10 14.48 14.62 14.31 14.31
2013-01-28 16.0 16.0 15.61 15.61
2013-01-29 16.29 16.38 16.06 16.06
2013-02-27 15.3 15.45 15.2 15.2
2013-05-06 13.61 13.7 13.56 13.56
2013-06-05 13.23 13.28 13.17 13.17
2013-07-15 9.94 10.09 9.86 9.86
2013-08-12 11.22 11.3 10.34 10.34
2013-08-27 10.97 11.27 10.59 10.59
2013-10-21 11.51 11.9 11.27 11.27
2013-11-28 10.45 10.57 10.36 10.36
2014-01-21 8.51 8.52 8.4 8.4
2014-02-10 8.73 8.73 8.52 8.52
2014-04-04 8.15 8.17 8.08 8.08
2014-04-08 8.27 8.32 8.12 8.12
2014-04-29 7.75 7.78 7.65 7.65
2014-08-05 8.94 9.2 8.84 8.84
2014-08-11 8.75 8.77 8.66 8.66
2014-08-22 8.93 8.95 8.84 8.84
2014-09-03 8.92 9.08 8.85 8.85
2014-09-04 8.98 9.08 8.92 8.92
2014-09-29 9.52 9.53 9.42 9.42
2014-10-28 9.69 9.69 9.42 9.42
2014-11-10 9.99 10.03 9.82 9.82
2014-12-12 10.84 10.94 10.7 10.7
2015-01-20 10.7 10.84 10.55 10.55
2015-02-03 10.82 10.83 10.64 10.64
2015-02-13 10.58 10.68 10.5 10.5
2015-02-16 10.75 10.76 10.58 10.58
2015-02-26 10.94 10.95 10.7 10.7
2015-03-12 11.3 11.31 11.12 11.12
2015-03-27 11.99 12.07 11.92 11.92
2015-04-17 13.22 13.3 12.84 12.84
2015-04-27 14.71 14.73 13.95 13.95
2015-06-01 15.1 15.1 13.77 13.77
2015-07-09 9.76 9.76 8.21 8.21
2015-07-16 10.48 10.79 9.65 9.65
2015-08-10 11.64 11.64 10.73 10.73
2015-11-02 9.86 10.05 9.8 9.8
2016-01-05 9.61 9.79 9.15 9.15
2016-01-29 8.75 8.82 8.4 8.4
2016-03-30 9.26 9.26 9.09 9.09
2016-06-14 8.81 8.86 8.7 8.7
2016-06-16 8.99 9.05 8.9 8.9
2016-06-27 9.21 9.38 8.93 8.93
2016-07-04 9.5 9.59 9.21 9.21
2016-07-11 9.55 9.74 9.4 9.4
2016-08-03 9.77 9.78 9.61 9.61
2016-09-19 10.2 10.23 10.14 10.14
2016-09-22 10.39 10.49 10.31 10.31
2016-09-29 10.4 10.61 10.25 10.25
2016-11-22 11.52 11.6 11.47 11.47
2016-11-28 11.42 11.46 11.21 11.21
2016-12-01 11.04 11.08 10.97 10.97
2016-12-09 10.91 10.97 10.82 10.82
2016-12-21 10.81 10.83 10.73 10.73
2017-01-03 10.95 11.02 10.87 10.87
2017-01-23 11.0 11.07 10.63 10.63
2017-02-09 11.23 11.28 11.19 11.19
2017-03-16 11.66 11.67 11.48 11.48
2017-03-31 11.42 11.46 11.3 11.3
2017-04-05 11.62 11.66 11.42 11.42
2017-04-10 11.71 11.77 11.56 11.56
2017-04-13 11.63 11.69 11.52 11.52
2017-06-01 10.9 10.97 10.85 10.85
2017-06-05 11.21 11.43 11.12 11.12
2017-06-13 11.45 11.46 10.98 10.98
2017-07-06 11.91 12.0 11.75 11.75
2017-08-30 13.7 13.87 13.19 13.19
