2003-08-07 8.77 8.88 8.6 8.6
2003-09-04 10.84 10.99 10.05 10.05
2003-10-22 11.66 11.83 11.2 11.2
2003-10-27 10.73 10.78 10.53 10.53
2003-10-28 10.67 10.95 10.59 10.59
2003-11-03 11.19 11.24 10.86 10.86
2003-11-14 10.27 10.28 10.15 10.15
2003-12-01 10.7 10.73 10.51 10.51
2003-12-04 11.03 11.35 10.91 10.91
2003-12-31 12.58 12.84 12.22 12.22
2004-01-02 13.09 13.1 12.4 12.4
2004-01-13 14.3 14.67 13.7 13.7
2004-01-16 13.79 14.3 13.75 13.75
2004-02-09 14.4 14.68 14.15 14.15
2004-02-12 14.24 14.3 14.0 14.0
2004-02-27 14.1 14.3 13.67 13.67
2004-03-01 14.2 14.24 13.95 13.95
2004-03-19 14.28 14.49 13.98 13.98
2004-03-23 14.28 14.28 14.06 14.06
2004-03-24 14.57 14.77 14.0 14.0
2004-03-31 14.9 15.19 14.9 14.9
2004-04-15 16.35 16.72 16.15 16.15
2004-05-20 15.02 15.25 14.81 14.81
2004-05-21 15.1 15.25 14.88 14.88
2004-06-04 15.55 15.71 15.4 15.4
2004-06-11 14.27 14.35 13.85 13.85
2004-06-15 14.1 14.12 13.52 13.52
2004-07-15 12.64 12.99 12.5 12.5
2004-07-16 13.4 13.45 12.51 12.51
2004-08-13 10.65 10.8 10.58 10.58
2004-08-18 10.65 10.9 10.45 10.45
2004-08-27 10.14 10.2 10.02 10.02
2004-09-02 10.14 10.15 9.81 9.81
2004-09-10 9.19 9.3 9.11 9.11
2004-09-17 10.9 11.15 10.01 10.01
2004-10-25 10.96 11.25 10.55 10.55
2004-11-29 11.92 12.01 11.7 11.7
2004-12-24 10.21 10.24 9.98 9.98
2005-01-25 8.95 9.0 8.8 8.8
2005-02-01 8.61 8.79 8.52 8.52
2005-02-02 9.17 9.18 8.59 8.59
2005-03-03 9.86 9.93 9.7 9.7
2005-03-16 9.17 9.24 9.03 9.03
2005-04-06 9.63 9.7 9.2 9.2
2005-04-08 9.97 10.02 9.43 9.43
2005-05-25 8.15 8.3 8.1 8.1
2005-06-08 8.4 8.45 7.38 7.38
2005-06-16 7.98 8.03 7.82 7.82
2005-06-29 9.13 9.21 8.84 8.84
2005-07-21 5.24 5.29 5.13 5.13
2005-08-01 5.63 5.64 5.4 5.4
2005-08-05 5.79 5.79 5.64 5.64
2005-08-22 6.54 6.57 6.32 6.32
2005-08-31 6.26 6.28 6.1 6.1
2005-09-29 6.55 6.56 6.39 6.39
2005-10-21 6.6 6.65 6.42 6.42
2005-10-31 6.9 6.93 6.72 6.72
2005-12-09 6.42 6.49 6.31 6.31
2005-12-29 6.76 6.81 6.54 6.54
2006-01-24 8.79 9.15 8.26 8.26
2006-02-27 7.95 8.05 7.73 7.73
2006-03-07 7.44 7.6 7.38 7.38
2006-03-14 7.32 7.39 7.22 7.22
2006-04-19 9.19 9.2 8.8 8.8
2006-04-21 9.73 9.99 9.15 9.15
2006-10-09 9.2 9.25 8.96 8.96
2006-10-24 8.95 8.98 8.8 8.8
2006-11-20 8.81 8.9 8.6 8.6
2006-12-04 10.51 10.74 9.89 9.89
2006-12-11 9.7 9.74 9.4 9.4
2006-12-25 10.66 11.2 10.5 10.5
2007-01-05 10.43 10.44 9.9 9.9
2007-01-22 13.68 13.8 13.0 13.0
2007-01-29 13.06 13.08 12.36 12.36
2007-03-20 14.49 14.75 13.8 13.8
2007-04-20 16.48 16.48 15.75 15.75
2007-05-10 18.04 18.39 17.22 17.22
2007-05-17 17.88 18.06 17.23 17.23
2007-06-12 23.13 23.33 21.6 21.6
2007-07-02 17.09 17.2 16.21 16.21
2007-07-17 16.45 16.5 15.85 15.85
2007-07-20 17.47 17.53 16.83 16.83
2007-07-23 18.32 18.4 17.41 17.41
2007-07-26 18.71 19.13 18.29 18.29
2007-11-16 16.87 17.01 16.58 16.58
2007-11-19 17.64 18.03 17.1 17.1
2007-12-21 17.99 18.09 17.52 17.52
2008-01-02 19.11 19.3 18.58 18.58
2008-02-18 17.77 18.03 17.52 17.52
2008-03-05 19.16 19.17 18.11 18.11
2008-03-14 16.62 16.84 16.45 16.45
2008-03-25 15.74 15.88 15.01 15.01
2008-06-25 9.32 9.36 8.71 8.71
2008-07-14 9.84 9.84 9.33 9.33
2008-08-06 8.89 9.33 8.75 8.75
2008-10-28 4.69 4.77 4.4 4.4
2008-11-05 4.62 4.73 4.49 4.49
2008-11-10 5.01 5.03 4.71 4.71
2008-11-20 6.4 6.6 5.85 5.85
2008-11-28 7.66 7.66 6.87 6.87
2008-12-10 8.35 8.81 7.92 7.92
2009-01-05 8.38 8.45 8.05 8.05
2009-01-09 9.12 9.13 8.57 8.57
2009-01-14 9.4 9.45 8.96 8.96
2009-01-22 9.09 9.13 8.82 8.82
2009-02-06 9.64 9.78 9.21 9.21
2009-03-02 8.81 8.88 8.05 8.05
2009-03-04 9.04 9.17 8.61 8.61
2009-03-31 10.18 10.34 9.76 9.76
2009-04-10 11.03 11.25 10.71 10.71
2009-04-16 12.73 12.73 11.62 11.62
2009-06-15 16.69 16.88 15.63 15.63
2009-06-26 17.1 17.3 16.2 16.2
2009-08-18 16.49 16.69 15.8 15.8
2009-09-30 18.5 18.8 17.8 17.8
2009-11-02 18.37 18.4 17.42 17.42
2009-11-12 19.25 19.7 19.11 19.11
2009-11-27 18.87 19.43 18.33 18.33
2009-12-01 19.9 20.0 19.3 19.3
2009-12-02 20.28 20.85 19.95 19.95
2009-12-21 18.59 18.78 18.36 18.36
2010-01-21 18.78 18.86 18.03 18.03
2010-03-03 19.73 20.27 19.11 19.11
2010-06-08 16.23 16.33 15.9 15.9
2010-06-09 16.81 16.9 16.34 16.34
2010-06-21 15.39 15.45 15.06 15.06
2010-06-24 15.65 15.85 15.45 15.45
2010-07-06 13.61 13.67 13.11 13.11
2010-07-26 15.16 15.38 14.95 14.95
2010-08-18 17.99 18.52 17.8 17.8
2010-08-31 17.65 17.67 17.17 17.17
2010-10-08 18.0 18.15 17.6 17.6
2010-11-03 22.02 23.6 21.65 21.65
2010-11-18 21.24 21.38 20.75 20.75
2010-11-22 21.98 22.95 21.68 21.68
2010-12-13 26.06 26.06 23.95 23.95
2010-12-16 25.81 26.25 25.6 25.6
2010-12-21 25.59 25.78 25.25 25.25
2011-01-19 21.98 22.09 21.15 21.15
2011-01-26 20.29 20.48 19.82 19.82
2011-02-10 21.08 21.19 19.91 19.91
2011-03-04 24.2 24.26 23.6 23.6
2011-03-07 24.59 25.04 24.3 24.3
2011-03-09 25.69 26.15 25.3 25.3
2011-03-14 26.53 26.88 25.09 25.09
2011-06-07 20.41 20.6 19.88 19.88
2011-06-14 20.5 20.73 20.28 20.28
2011-06-30 18.99 19.17 18.58 18.58
2011-07-14 20.35 20.64 19.89 19.89
2011-07-18 21.11 21.2 20.48 20.48
2011-08-15 18.57 18.63 18.05 18.05
2011-08-22 18.23 18.55 18.08 18.08
2011-09-07 17.91 17.94 17.15 17.15
2011-09-08 18.24 18.9 18.0 18.0
2011-11-11 18.82 18.9 18.55 18.55
2011-11-24 18.44 18.63 18.03 18.03
2012-03-08 14.88 15.09 14.61 14.61
2012-04-18 12.63 12.66 12.31 12.31
2012-05-17 13.14 13.2 12.82 12.82
2012-05-22 12.82 12.89 12.7 12.7
2012-05-30 13.08 13.2 12.8 12.8
2012-08-01 10.96 11.15 10.78 10.78
2012-08-16 11.27 11.45 11.16 11.16
2012-09-27 10.88 11.0 10.52 10.52
2012-10-18 11.03 11.06 10.85 10.85
2012-11-12 9.82 9.99 9.7 9.7
2012-12-25 9.87 9.93 9.61 9.61
2013-01-07 9.95 9.95 9.8 9.8
2013-01-28 10.12 10.13 9.85 9.85
2013-01-29 10.39 10.46 10.12 10.12
2013-01-31 10.54 10.65 10.38 10.38
2013-02-25 11.79 11.95 11.31 11.31
2013-03-20 12.17 12.25 11.74 11.74
2013-04-01 11.32 11.49 11.22 11.22
2013-04-09 10.89 11.05 10.8 10.8
2013-05-07 9.89 9.98 9.7 9.7
2013-05-29 11.22 11.78 11.0 11.0
2013-07-11 9.78 9.96 9.38 9.38
2013-08-01 10.33 10.36 10.11 10.11
2013-10-11 11.19 11.3 11.04 11.04
2013-10-21 12.24 12.55 11.67 11.67
2013-11-06 12.62 12.95 12.32 12.32
2013-11-07 13.59 13.72 12.62 12.62
2013-12-03 12.71 12.86 12.21 12.21
2013-12-04 13.2 13.27 12.76 12.76
2013-12-05 13.47 13.67 13.12 13.12
2013-12-18 12.8 12.94 12.67 12.67
2014-01-08 12.13 12.18 11.85 11.85
2014-01-21 11.26 11.36 11.15 11.15
2014-02-17 13.14 13.29 12.96 12.96
2014-03-17 11.79 11.81 11.58 11.58
2014-04-28 11.01 11.24 10.89 10.89
2014-05-06 11.19 11.3 11.08 11.08
2014-09-24 14.79 14.93 13.9 13.9
2014-12-26 14.79 14.88 14.54 14.54
2015-01-05 14.93 14.98 14.61 14.61
2015-01-09 15.48 15.75 15.16 15.16
2015-04-10 17.03 17.03 17.03 17.03
2015-04-13 18.73 18.73 18.73 18.73
2015-05-19 19.78 19.86 19.0 19.0
2015-07-08 11.49 11.49 11.49 11.49
2015-07-09 12.64 12.64 11.0 11.0
2015-08-04 16.58 16.6 15.34 15.34
2015-08-07 16.44 16.48 16.0 16.0
2015-09-02 12.36 13.34 12.1 12.1
2015-09-07 12.63 13.06 12.5 12.5
2015-11-04 16.64 16.76 15.44 15.44
2015-12-07 17.21 17.36 16.89 16.89
2015-12-25 19.34 19.59 18.14 18.14
2016-01-25 15.65 16.0 15.2 15.2
2016-02-15 14.92 15.09 14.32 14.32
2016-02-16 15.54 15.6 15.0 15.0
2016-03-15 13.64 13.9 13.5 13.5
2016-05-10 14.55 14.65 14.46 14.46
2016-08-30 16.18 16.18 16.18 16.18
2016-08-31 17.8 17.8 17.8 17.8
2016-09-19 19.72 20.2 19.6 19.6
2016-10-24 20.27 20.45 20.03 20.03
2016-11-17 19.77 19.83 19.57 19.57
2016-12-28 20.93 21.36 20.71 20.71
2017-01-20 18.31 18.42 17.86 17.86
2017-01-23 18.48 18.58 18.31 18.31
2017-03-10 20.01 20.22 19.91 19.91
2017-04-14 19.52 19.61 19.4 19.4
2017-04-26 17.47 17.64 17.0 17.0
2017-05-19 22.41 22.5 21.13 21.13
2017-06-13 22.28 22.48 21.8 21.8
2017-06-29 20.22 20.43 20.07 20.07
2017-08-03 19.07 19.32 18.92 18.92
2017-08-30 19.17 19.33 19.11 19.11
