2002-12-12 15.88 16.28 15.8 15.8
2003-01-14 16.15 16.2 15.15 15.15
2003-01-24 16.4 16.4 16.02 16.02
2003-02-12 16.8 16.84 16.4 16.4
2003-02-20 16.55 16.61 16.5 16.5
2003-02-24 16.69 16.73 16.03 16.03
2003-02-25 17.15 17.3 16.71 16.71
2003-02-27 17.16 17.38 17.1 17.1
2003-03-03 17.5 17.6 16.92 16.92
2003-03-19 17.3 17.37 17.05 17.05
2003-04-04 17.04 17.13 17.01 17.01
2003-04-14 16.88 16.99 16.65 16.65
2003-04-22 16.3 16.48 16.25 16.25
2003-04-23 16.33 16.43 16.3 16.3
2003-05-21 14.52 14.58 14.4 14.4
2003-05-26 14.82 14.84 14.62 14.62
2003-05-28 14.76 14.98 14.54 14.54
2003-06-12 15.43 15.5 15.15 15.15
2003-07-01 14.28 14.41 14.25 14.25
2003-07-15 14.36 14.5 14.3 14.3
2003-07-23 14.09 14.19 13.94 13.94
2003-07-28 13.98 14.15 13.87 13.87
2003-07-30 14.11 14.14 13.95 13.95
2003-08-05 14.3 14.36 14.24 14.24
2003-08-07 14.57 14.58 14.39 14.39
2003-08-11 14.73 14.82 14.45 14.45
2003-08-15 14.75 14.85 14.65 14.65
2003-08-18 14.98 15.07 14.8 14.8
2003-08-26 15.07 15.1 14.64 14.64
2003-09-03 14.97 14.99 14.8 14.8
2003-09-05 14.84 14.85 14.68 14.68
2003-09-11 14.43 14.48 14.4 14.4
2003-09-16 14.27 14.3 14.01 14.01
2003-09-23 14.26 14.29 14.1 14.1
2003-09-24 14.54 14.55 14.26 14.26
2003-10-13 15.04 15.16 14.77 14.77
2003-11-04 14.58 14.7 14.49 14.49
2003-11-10 14.3 14.6 14.12 14.12
2003-12-01 14.82 14.96 14.72 14.72
2003-12-15 15.24 15.32 15.01 15.01
2004-01-02 15.8 16.05 15.72 15.72
2004-01-06 16.82 17.26 15.55 15.55
2004-02-16 17.12 17.3 16.5 16.5
2004-02-27 17.2 17.3 16.7 16.7
2004-03-01 17.44 17.56 17.25 17.25
2004-03-19 18.61 18.85 18.22 18.22
2004-03-31 19.3 19.38 18.9 18.9
2004-04-02 19.99 20.09 17.38 17.38
2004-04-20 21.48 21.76 21.08 21.08
2004-05-31 19.87 19.88 19.35 19.35
2004-06-11 18.97 19.28 18.76 18.76
2004-07-01 8.82 8.85 8.47 8.47
2004-07-06 8.98 9.01 8.81 8.81
2004-07-07 9.4 9.83 9.05 9.05
2004-07-20 9.86 9.94 9.22 9.22
2004-08-03 8.64 8.79 8.38 8.38
2004-08-04 8.88 8.96 8.55 8.55
2004-08-10 8.82 8.82 8.65 8.65
2004-09-15 7.69 7.78 7.3 7.3
2004-09-20 8.46 8.48 8.12 8.12
2004-11-12 8.86 8.99 8.66 8.66
2004-11-15 9.1 9.16 8.88 8.88
2004-12-06 9.46 9.54 9.4 9.4
2004-12-21 9.61 9.65 9.42 9.42
2005-01-20 9.57 9.59 9.48 9.48
2005-02-16 9.83 9.95 9.73 9.73
2005-03-11 10.58 10.65 10.32 10.32
2005-03-21 11.01 11.17 10.6 10.6
2005-04-21 11.2 11.29 10.8 10.8
2005-05-16 9.96 10.03 9.7 9.7
2005-06-07 8.46 8.53 8.2 8.2
2005-06-08 9.16 9.28 8.2 8.2
2005-06-16 8.83 8.87 8.6 8.6
2005-06-20 9.21 9.21 8.4 8.4
2005-06-30 9.7 9.79 9.41 9.41
2005-07-06 9.97 10.05 9.7 9.7
2005-07-19 9.58 9.62 9.42 9.42
2005-07-26 9.76 9.98 9.45 9.45
2005-08-15 11.47 11.49 11.09 11.09
2005-09-29 11.05 11.08 10.71 10.71
2005-10-11 11.52 11.63 11.2 11.2
2005-11-02 12.35 12.4 12.11 12.11
2005-11-08 12.93 12.94 12.3 12.3
2005-11-17 12.99 13.07 12.91 12.91
2005-11-28 12.54 12.68 12.4 12.4
2005-12-06 11.97 12.05 11.72 11.72
2005-12-16 12.87 12.88 12.7 12.7
2005-12-29 13.38 13.5 13.01 13.01
2005-12-30 13.5 13.6 13.38 13.38
2006-01-04 14.67 14.68 13.38 13.38
2006-01-11 15.86 16.2 15.08 15.08
2006-01-19 16.23 16.32 15.8 15.8
2006-01-20 16.9 16.95 16.1 16.1
2006-02-06 18.39 18.39 17.0 17.0
2006-02-07 18.72 19.33 18.5 18.5
2006-02-08 17.81 18.5 17.56 17.56
2006-02-09 17.98 18.08 17.3 17.3
2006-02-24 18.27 18.8 17.6 17.6
2006-10-09 15.22 15.3 15.1 15.1
2006-10-17 15.97 16.02 15.53 15.53
2006-11-24 14.67 14.9 14.39 14.39
2006-11-27 15.24 15.49 14.7 14.7
2006-11-30 16.12 16.45 15.8 15.8
2006-12-04 16.62 17.0 16.36 16.36
2006-12-29 17.18 17.6 17.05 17.05
2007-01-19 21.16 21.74 20.15 20.15
2007-01-29 24.66 24.66 22.85 22.85
2007-03-02 21.37 21.68 21.0 21.0
2007-03-06 20.65 20.85 20.35 20.35
2007-03-07 22.72 22.72 21.05 21.05
2007-03-26 22.14 22.15 21.31 21.31
2007-03-27 22.69 22.88 22.25 22.25
2007-03-30 21.08 21.98 20.99 20.99
2007-04-09 22.7 23.07 22.46 22.46
2007-05-08 22.2 22.99 21.95 21.95
2007-05-30 22.39 23.74 22.0 22.0
2007-06-06 21.49 21.69 20.51 20.51
2007-06-11 23.03 23.84 22.7 22.7
2007-07-09 17.65 17.98 17.21 17.21
2007-07-23 18.04 18.2 17.26 17.26
2007-07-30 19.19 19.5 18.46 18.46
2007-08-03 21.87 21.87 20.1 20.1
2007-08-06 24.06 24.06 23.05 23.05
2007-08-07 24.24 26.0 23.5 23.5
2007-08-14 24.28 24.7 23.9 23.9
2007-08-22 29.27 30.1 27.5 27.5
2007-09-18 30.0 30.83 29.42 29.42
2007-10-26 31.39 31.88 30.0 30.0
2007-10-31 32.85 33.6 32.77 32.77
2007-12-04 23.69 24.0 23.05 23.05
2007-12-19 23.9 24.18 23.47 23.47
2008-01-04 29.95 30.5 29.05 29.05
2008-02-27 22.17 22.8 22.06 22.06
2008-02-28 22.83 23.39 22.45 22.45
2008-03-06 23.54 23.81 22.95 22.95
2008-03-14 20.55 20.87 20.01 20.01
2008-03-18 17.17 18.5 17.17 17.17
2008-04-11 16.5 16.93 16.2 16.2
2008-05-14 17.25 17.49 16.26 16.26
2008-07-11 9.44 9.65 9.21 9.21
2008-07-23 10.33 10.6 10.02 10.02
2008-07-24 10.47 10.8 10.38 10.38
2008-08-29 9.07 9.21 8.85 8.85
2008-09-04 8.67 8.88 8.48 8.48
2008-09-05 8.93 8.97 8.2 8.2
2008-09-17 9.73 9.83 9.25 9.25
2008-10-08 9.34 9.55 9.15 9.15
2008-10-28 8.2 8.2 7.3 7.3
2008-10-30 8.22 8.46 8.01 8.01
2008-11-19 8.82 8.9 8.23 8.23
2009-01-14 9.49 9.49 8.61 8.61
2009-02-04 11.29 11.35 10.65 10.65
2009-03-17 14.12 14.15 13.28 13.28
2009-05-04 13.48 13.63 12.88 12.88
2009-05-27 17.66 17.8 16.72 16.72
2009-06-01 18.03 18.67 17.68 17.68
2009-07-14 18.22 18.23 17.85 17.85
2009-07-20 20.96 20.96 19.2 19.2
2009-08-13 18.24 18.5 17.67 17.67
2009-09-03 16.73 16.8 15.31 15.31
2009-09-14 19.66 19.66 17.96 17.96
2009-09-30 16.64 17.3 16.25 16.25
2009-10-23 19.79 19.97 18.95 18.95
2009-12-23 18.39 19.0 17.6 17.6
2009-12-24 18.98 19.14 18.23 18.23
2010-03-02 16.78 17.04 16.65 16.65
2010-03-10 16.62 16.83 16.55 16.55
2010-03-29 17.04 17.17 16.51 16.51
2010-03-30 18.05 18.23 17.05 17.05
2010-04-01 18.51 18.74 17.86 17.86
2010-04-06 18.81 19.25 18.59 18.59
2010-04-12 19.97 20.34 19.63 19.63
2010-05-07 19.18 20.15 19.11 19.11
2010-07-14 18.6 18.99 18.45 18.45
2010-07-30 21.07 21.59 20.8 20.8
2010-09-27 33.29 33.32 30.88 30.88
2010-10-19 39.08 39.8 37.65 37.65
2010-11-24 48.36 50.0 46.64 46.64
2011-02-11 40.8 42.26 40.66 40.66
2011-02-21 47.44 47.8 45.83 45.83
2011-04-08 52.45 53.48 51.81 51.81
2011-04-20 46.92 47.27 46.4 46.4
2011-05-09 43.32 44.0 42.91 42.91
2011-06-28 42.15 42.48 41.4 41.4
2011-06-30 41.43 42.08 41.15 41.15
2011-07-13 42.48 42.75 41.22 41.22
2011-08-03 44.7 45.1 42.6 42.6
2011-10-13 40.84 41.47 40.0 40.0
2011-10-14 41.31 41.65 40.52 40.52
2011-11-03 39.0 40.3 38.35 38.35
2011-11-15 39.73 40.28 39.01 39.01
2011-12-01 36.54 37.8 36.5 36.5
2011-12-30 29.67 30.28 28.4 28.4
2012-02-23 37.1 38.1 36.76 36.76
2012-02-27 38.2 39.19 37.39 37.39
2012-03-08 40.77 41.75 39.6 39.6
2012-03-12 42.14 42.86 41.52 41.52
2012-03-20 45.7 47.65 44.04 44.04
2012-03-27 45.19 45.79 44.31 44.31
2012-04-25 42.86 42.95 41.41 41.41
2012-05-21 46.6 47.65 44.97 44.97
2012-05-24 45.84 46.47 45.31 45.31
2012-06-01 48.81 50.0 48.5 48.5
2012-08-03 38.06 38.36 35.43 35.43
2012-08-23 45.13 45.66 42.39 42.39
2012-08-31 39.36 39.58 38.45 38.45
2012-09-07 41.97 42.08 38.68 38.68
2012-09-27 39.19 40.0 37.92 37.92
2012-10-30 33.8 34.44 33.7 33.7
2012-11-01 36.04 36.4 34.3 34.3
2012-11-12 34.61 34.84 34.05 34.05
2012-11-23 32.71 33.27 32.6 32.6
2013-02-05 39.54 39.82 38.51 38.51
2013-02-08 42.07 42.89 41.54 41.54
2013-03-05 37.09 37.47 36.42 36.42
2013-04-09 32.61 33.5 30.68 30.68
2013-04-16 31.25 31.35 30.0 30.0
2013-05-03 29.99 30.3 29.51 29.51
2013-06-19 30.59 31.08 30.21 30.21
2013-07-10 30.03 30.03 27.36 27.36
2013-07-15 29.92 30.49 29.61 29.61
2013-07-30 28.34 29.1 27.7 27.7
2013-08-01 28.27 28.55 27.85 27.85
2013-08-09 30.92 31.58 29.09 29.09
2013-08-19 30.8 30.99 29.57 29.57
2013-08-26 30.2 30.22 29.5 29.5
2013-09-06 29.07 29.3 28.8 28.8
2013-09-23 30.92 30.98 30.29 30.29
2013-12-04 27.26 27.34 26.9 26.9
2013-12-10 26.83 26.97 26.61 26.61
2014-01-16 22.16 22.54 21.75 21.75
2014-02-10 22.84 22.84 20.88 20.88
2014-02-17 23.27 23.36 22.95 22.95
2014-04-01 23.67 23.95 23.25 23.25
2014-04-17 25.89 26.23 25.51 25.51
2014-05-26 24.66 25.2 24.22 24.22
2014-07-03 26.17 26.49 25.66 25.66
2014-07-25 30.7 32.0 29.5 29.5
2014-08-29 30.48 30.49 29.99 29.99
2014-12-18 33.07 34.17 31.76 31.76
2015-01-20 30.79 30.99 30.2 30.2
2015-01-26 34.0 34.5 32.46 32.46
2015-02-13 31.47 31.68 30.96 30.96
2015-03-20 37.81 38.09 36.5 36.5
2015-03-23 39.01 39.88 38.02 38.02
2015-04-17 38.33 38.96 37.78 37.78
2015-07-08 16.39 16.63 16.39 16.39
2015-08-04 20.35 20.37 19.23 19.23
2015-10-12 17.3 17.44 16.6 16.6
2015-10-14 18.79 18.79 17.16 17.16
2015-11-12 23.72 23.72 21.85 21.85
2015-11-25 20.8 20.95 20.51 20.51
2016-01-29 13.73 13.77 12.8 12.8
2016-02-02 14.2 14.25 13.86 13.86
2016-02-03 14.35 14.38 13.82 13.82
2016-02-22 17.01 17.01 16.18 16.18
2016-02-23 18.26 18.6 17.35 17.35
2016-03-18 17.73 18.0 16.82 16.82
2016-03-25 18.76 19.0 18.31 18.31
2016-04-01 20.04 20.63 19.31 19.31
2016-04-11 20.3 20.3 18.78 18.78
2016-04-13 21.17 22.22 20.7 20.7
2016-04-19 22.78 23.07 21.43 21.43
2016-05-27 24.19 24.7 23.36 23.36
2016-05-31 26.81 26.81 24.81 24.81
2016-06-22 28.98 29.3 28.22 28.22
2016-07-11 30.68 32.2 30.15 30.15
2016-08-02 26.09 26.56 25.86 25.86
2016-08-03 26.44 26.89 26.15 26.15
2016-08-10 28.21 28.9 28.12 28.12
2016-09-30 25.4 25.5 25.03 25.03
2016-10-10 25.99 26.15 25.42 25.42
2016-10-24 26.23 26.5 25.75 25.75
2016-11-02 26.65 26.82 26.3 26.3
2016-11-24 28.24 28.88 27.69 27.69
2016-12-01 26.88 27.19 26.6 26.6
2016-12-09 26.89 27.39 26.69 26.69
2017-01-09 22.16 22.37 21.91 21.91
2017-01-20 19.77 19.88 19.53 19.53
2017-02-16 23.29 23.8 22.35 22.35
2017-02-20 23.35 23.55 23.0 23.0
2017-02-22 24.38 24.75 23.85 23.85
2017-04-05 22.02 22.24 21.58 21.58
2017-05-03 21.1 21.66 20.6 20.6
2017-06-09 19.51 19.55 19.22 19.22
2017-06-13 19.8 19.92 19.1 19.1
