2001-06-15 29.05 29.19 26.1 26.1
2001-06-19 28.18 28.85 27.38 27.38
2001-07-20 25.7 25.74 25.28 25.28
2001-08-01 22.55 22.8 21.78 21.78
2001-08-13 23.2 23.38 22.56 22.56
2001-08-21 22.52 22.6 22.21 22.21
2001-09-12 20.89 21.08 20.1 20.1
2001-09-13 20.64 21.01 20.58 20.58
2001-09-18 20.2 20.45 19.75 19.75
2001-09-24 20.6 20.79 20.4 20.4
2001-09-25 20.79 21.0 20.6 20.6
2001-10-09 19.7 20.0 19.13 19.13
2001-10-23 16.67 16.67 16.67 16.67
2001-11-01 17.96 18.05 17.66 17.66
2001-11-05 17.82 17.99 17.6 17.6
2001-12-10 18.93 19.07 18.5 18.5
2001-12-11 18.66 19.01 18.5 18.5
2001-12-21 17.37 17.5 17.2 17.2
2002-01-23 13.62 14.0 11.66 11.66
2002-01-31 13.62 13.7 12.6 12.6
2002-02-04 14.1 14.2 13.65 13.65
2002-02-07 13.75 13.8 13.21 13.21
2002-03-14 15.37 15.42 14.6 14.6
2002-04-09 15.27 15.3 14.88 14.88
2002-04-16 15.03 15.18 14.94 14.94
2002-04-26 15.38 15.44 15.0 15.0
2002-06-04 14.25 14.45 14.05 14.05
2002-06-12 14.75 14.8 14.51 14.51
2002-06-21 15.44 15.55 15.02 15.02
2002-07-23 17.63 17.7 17.2 17.2
2002-07-31 17.19 17.36 17.02 17.02
2002-08-01 17.19 17.35 17.06 17.06
2002-08-15 17.26 17.36 17.01 17.01
2002-08-19 17.12 17.4 17.01 17.01
2002-10-10 16.54 16.6 16.28 16.28
2002-10-16 16.05 16.48 16.01 16.01
2002-10-22 16.32 16.38 15.74 15.74
2002-10-31 15.78 15.88 15.63 15.63
2002-11-05 16.19 16.48 15.73 15.73
2002-11-11 16.17 16.34 16.0 16.0
2002-12-12 13.7 13.93 13.6 13.6
2002-12-16 13.96 14.0 13.88 13.88
2002-12-23 14.64 14.78 14.45 14.45
2002-12-24 14.88 14.9 14.37 14.37
2002-12-30 14.39 14.57 14.2 14.2
2003-01-08 14.19 14.2 13.86 13.86
2003-01-09 14.28 14.39 14.05 14.05
2003-01-17 15.21 15.38 14.92 14.92
2003-01-22 14.8 14.95 14.65 14.65
2003-01-24 14.94 15.05 14.65 14.65
2003-02-24 14.77 14.89 14.71 14.71
2003-03-03 15.44 15.47 15.14 15.14
2003-03-19 14.08 14.39 13.81 13.81
2003-03-21 14.33 14.35 13.95 13.95
2003-03-27 14.28 14.48 13.74 13.74
2003-03-31 14.41 14.47 13.96 13.96
2003-04-08 14.0 14.38 13.9 13.9
2003-04-14 14.45 14.53 13.9 13.9
2003-05-12 12.98 13.05 12.66 12.66
2003-05-23 12.34 12.39 12.24 12.24
2003-06-04 13.04 13.04 12.78 12.78
2003-06-10 13.05 13.17 12.96 12.96
2003-06-18 12.95 13.06 12.9 12.9
2003-06-20 12.9 12.95 12.84 12.84
2003-06-23 12.87 12.94 12.75 12.75
2003-07-10 12.66 12.77 12.56 12.56
2003-07-16 12.49 12.64 12.28 12.28
2003-07-23 12.06 12.1 12.0 12.0
2003-07-29 11.89 11.91 11.83 11.83
2003-08-07 11.89 12.0 11.86 11.86
2003-08-11 11.6 11.7 11.5 11.5
2003-09-03 11.48 11.58 11.04 11.04
2003-09-09 11.77 11.79 11.54 11.54
2003-09-10 11.8 11.85 11.6 11.6
2003-09-29 10.86 11.1 10.82 10.82
2003-10-09 10.84 10.99 10.59 10.59
2003-10-10 11.13 11.13 10.8 10.8
2003-10-13 11.15 11.17 11.0 11.0
2003-12-02 10.44 10.56 9.92 9.92
2004-01-06 9.86 9.97 9.8 9.8
2004-01-09 10.42 10.5 10.19 10.19
2004-01-16 11.06 11.19 10.45 10.45
2004-01-29 11.3 11.68 11.06 11.06
2004-02-18 12.59 12.6 12.0 12.0
2004-03-01 11.84 11.88 11.73 11.73
2004-03-10 11.89 11.95 11.4 11.4
2004-03-19 11.88 11.92 11.5 11.5
2004-04-13 12.41 12.5 12.21 12.21
2004-04-30 10.71 10.75 10.41 10.41
2004-05-11 10.71 10.75 10.46 10.46
2004-05-13 11.01 11.1 10.68 10.68
2004-05-26 10.67 10.73 10.5 10.5
2004-05-27 10.87 10.92 10.55 10.55
2004-07-13 8.75 8.77 8.62 8.62
2004-08-04 8.33 8.59 7.8 7.8
2004-08-09 8.1 8.15 7.76 7.76
2004-08-20 4.63 4.65 4.5 4.5
2004-08-26 4.69 4.7 4.6 4.6
2004-09-06 4.88 5.12 4.82 4.82
2004-09-10 4.76 4.81 4.65 4.65
2004-09-15 5.0 5.05 4.72 4.72
2004-11-02 5.28 5.28 4.81 4.81
2004-11-23 6.2 6.4 5.8 5.8
2004-12-03 6.21 6.33 6.12 6.12
2004-12-17 5.32 5.42 5.3 5.3
2004-12-22 5.58 5.6 5.32 5.32
2005-01-04 4.82 4.88 4.78 4.78
2005-01-07 5.04 5.15 4.93 4.93
2005-01-18 4.99 5.0 4.81 4.81
2005-02-02 4.81 4.84 4.5 4.5
2005-02-21 4.83 4.84 4.69 4.69
2005-03-01 5.52 5.55 5.21 5.21
2005-03-11 5.12 5.17 5.04 5.04
2005-04-13 5.83 5.93 5.7 5.7
2005-04-19 5.47 5.48 5.35 5.35
2005-05-17 3.63 3.7 3.59 3.59
2005-05-24 3.51 3.59 3.36 3.36
2005-06-08 3.84 3.89 3.54 3.54
2005-06-27 4.03 4.09 3.96 3.96
2005-07-06 3.6 3.62 3.5 3.5
2005-07-26 3.07 3.08 2.94 2.94
2005-08-09 3.69 3.76 3.5 3.5
2005-08-11 3.74 3.79 3.6 3.6
2005-09-19 4.61 4.65 4.38 4.38
2005-09-26 4.34 4.38 4.25 4.25
2005-09-27 4.47 4.5 4.35 4.35
2005-10-19 4.59 4.59 4.3 4.3
2005-11-04 4.1 4.1 3.97 3.97
2006-11-24 4.48 4.52 4.39 4.39
2007-01-05 4.62 4.63 4.5 4.5
2007-01-08 4.83 4.83 4.63 4.63
2007-01-29 5.78 5.78 5.45 5.45
2007-02-06 5.85 5.85 5.65 5.65
2007-02-26 6.99 7.0 6.58 6.58
2007-02-28 7.05 7.05 6.6 6.6
2007-04-11 9.15 9.31 8.98 8.98
2007-04-20 9.2 9.27 8.76 8.76
2007-05-14 10.14 10.34 9.85 9.85
2007-05-16 10.75 10.75 10.05 10.05
2007-05-28 15.87 15.87 14.73 14.73
2007-06-27 11.36 11.48 11.0 11.0
2007-07-02 9.78 9.92 9.05 9.05
2007-07-17 8.07 8.17 7.65 7.65
2007-07-23 9.49 9.5 8.66 8.66
2007-07-26 10.44 10.44 9.63 9.63
2007-12-17 14.46 14.46 14.46 14.46
2008-01-25 14.5 14.5 13.1 13.1
2008-02-04 13.63 13.63 12.66 12.66
2008-02-13 14.5 14.8 14.07 14.07
2008-05-08 9.9 9.93 9.16 9.16
2008-05-14 11.8 11.88 11.05 11.05
2008-06-30 9.21 9.21 8.11 8.11
2008-07-14 9.57 9.69 9.31 9.31
2008-07-24 9.67 9.78 9.54 9.54
2008-07-28 9.79 9.85 9.48 9.48
2008-07-29 10.16 10.23 9.51 9.51
2008-08-29 6.51 6.53 6.27 6.27
2008-10-23 5.09 5.09 4.75 4.75
2008-11-07 4.48 4.51 4.21 4.21
2008-12-10 6.6 6.63 6.08 6.08
2008-12-17 6.13 6.33 6.05 6.05
2009-01-09 6.18 6.22 5.97 5.97
2009-03-02 6.7 6.81 6.51 6.51
2009-03-16 7.11 7.12 6.93 6.93
2009-03-26 8.82 8.89 8.15 8.15
2009-04-28 7.99 8.07 7.8 7.8
2009-05-04 8.68 8.77 8.4 8.4
2009-05-20 11.77 12.09 11.2 11.2
2009-06-15 14.52 14.52 13.4 13.4
2009-07-01 17.67 17.8 16.56 16.56
2009-07-21 18.93 19.65 18.05 18.05
2009-07-31 17.95 18.28 16.75 16.75
2009-08-04 20.41 20.51 19.6 19.6
2009-09-04 16.13 16.4 16.0 16.0
2009-09-11 18.17 18.5 17.51 17.51
2009-09-14 19.09 19.2 18.2 18.2
2009-09-25 18.45 18.98 18.2 18.2
2009-10-14 18.2 18.58 17.55 17.55
2009-11-03 17.52 17.94 17.35 17.35
2009-11-30 17.66 17.93 17.14 17.14
2009-12-07 17.44 17.68 17.11 17.11
2009-12-14 18.77 18.8 17.4 17.4
2010-02-12 15.02 15.1 14.88 14.88
2010-03-16 15.38 15.48 15.13 15.13
2010-03-17 15.65 15.78 15.38 15.38
2010-03-23 16.32 16.61 15.84 15.84
2010-03-24 16.45 16.85 16.21 16.21
2010-03-26 16.39 16.47 15.92 15.92
2010-03-29 16.8 17.08 16.55 16.55
2010-04-02 17.33 17.58 17.0 17.0
2010-04-13 19.72 20.65 18.91 18.91
2010-05-19 16.39 16.65 15.8 15.8
2010-05-24 17.7 17.8 16.83 16.83
2010-07-13 17.99 18.2 17.38 17.38
2010-07-21 19.67 19.8 18.73 18.73
2010-08-11 21.71 21.97 21.4 21.4
2010-08-16 21.9 22.0 21.36 21.36
2010-08-26 23.84 24.29 22.07 22.07
2010-09-02 26.5 26.68 25.65 25.65
2010-09-27 30.26 30.3 28.1 28.1
2010-09-30 33.27 33.46 31.0 31.0
2010-10-15 34.48 35.1 32.45 32.45
2010-10-19 31.78 31.88 30.02 30.02
2010-10-25 37.08 37.35 35.05 35.05
2010-10-29 38.79 39.99 37.6 37.6
2010-12-10 33.83 33.99 33.0 33.0
2010-12-13 34.47 34.65 33.83 33.83
2010-12-15 35.82 36.77 35.66 35.66
2011-01-14 34.52 34.85 33.7 33.7
2011-02-22 35.64 37.02 35.52 35.52
2011-03-04 39.18 39.46 38.38 38.38
2011-03-17 39.14 39.47 38.38 38.38
2011-04-12 37.04 37.35 36.43 36.43
2011-05-09 38.15 38.32 36.62 36.62
2011-05-16 39.03 40.0 38.45 38.45
2011-05-30 33.01 33.3 32.01 32.01
2011-05-31 33.58 33.75 32.49 32.49
2011-06-01 33.52 33.88 33.02 33.02
2011-06-08 33.99 34.2 33.75 33.75
2011-06-14 33.31 33.44 32.66 32.66
2011-06-15 33.09 33.3 32.89 32.89
2011-07-18 27.46 27.69 27.0 27.0
2011-08-15 24.47 24.58 23.74 23.74
2011-08-23 23.38 23.96 23.05 23.05
2011-08-30 24.1 24.57 23.91 23.91
2011-09-06 23.29 25.15 23.06 23.06
2011-09-30 15.37 15.38 14.99 14.99
2011-10-10 15.29 15.6 15.2 15.2
2011-10-13 17.64 17.64 16.28 16.28
2011-11-03 20.15 20.77 19.68 19.68
2011-11-11 19.33 19.45 19.07 19.07
2011-11-14 20.2 20.37 19.31 19.31
2011-12-05 16.19 16.44 16.07 16.07
2012-01-20 12.67 12.78 12.49 12.49
2012-03-21 15.57 15.6 14.7 14.7
2012-04-09 13.4 13.79 13.37 13.37
2012-05-31 13.28 13.41 13.21 13.21
2012-06-15 14.07 14.12 13.64 13.64
2012-06-18 14.46 14.53 14.17 14.17
2012-06-29 12.51 12.53 11.97 11.97
2012-07-13 12.3 12.6 12.06 12.06
2012-07-17 11.83 11.94 11.7 11.7
2012-07-19 12.2 12.22 11.75 11.75
2012-07-24 12.75 12.85 12.17 12.17
2012-08-03 12.42 12.44 12.1 12.1
2012-09-05 11.37 11.47 11.23 11.23
2012-09-06 11.44 11.48 11.34 11.34
2012-10-25 13.22 13.67 12.83 12.83
2012-10-30 12.75 13.15 12.31 12.31
2012-11-01 12.82 12.97 12.55 12.55
2012-12-07 9.09 9.15 8.79 8.79
2012-12-31 10.6 10.9 10.14 10.14
2013-01-09 10.73 10.98 10.6 10.6
2013-02-28 12.5 12.65 12.3 12.3
2013-03-06 12.72 12.98 12.52 12.52
2013-03-15 12.51 12.85 12.27 12.27
2013-04-01 11.7 11.79 11.58 11.58
2013-04-09 11.63 11.84 11.58 11.58
2013-04-26 11.17 11.41 11.11 11.11
2013-05-06 11.98 11.99 11.5 11.5
2013-05-10 12.33 12.54 12.15 12.15
2013-05-21 12.87 12.95 12.72 12.72
2013-07-04 11.02 11.23 10.9 10.9
2013-07-11 10.3 10.39 10.0 10.0
2013-07-24 10.51 10.65 10.35 10.35
2013-08-21 10.95 11.13 10.42 10.42
2013-08-28 10.96 11.08 10.8 10.8
2013-09-09 12.31 12.45 11.85 11.85
2013-09-10 13.12 13.13 12.31 12.31
2013-11-28 10.64 10.8 10.5 10.5
2014-01-03 9.97 10.5 9.9 9.9
2014-01-21 10.0 10.2 9.99 9.99
2014-02-14 10.49 10.56 10.31 10.31
2014-02-17 10.87 10.98 10.52 10.52
2014-02-27 10.87 11.26 10.76 10.76
2014-03-05 11.93 12.19 11.38 11.38
2014-03-17 10.98 11.06 10.75 10.75
2014-03-21 10.96 11.03 10.57 10.57
2014-04-01 10.39 10.39 10.15 10.15
2014-04-02 10.44 10.47 10.33 10.33
2014-04-03 10.43 10.47 10.21 10.21
2014-04-09 10.74 10.85 10.6 10.6
2014-05-08 10.18 10.32 10.1 10.1
2014-05-27 10.26 10.36 10.11 10.11
2014-06-13 10.14 10.22 10.06 10.06
2014-07-11 11.3 11.3 10.43 10.43
2014-07-23 10.71 10.78 10.57 10.57
2014-08-04 10.98 11.02 10.81 10.81
2014-08-05 11.08 11.25 11.0 11.0
2014-08-11 11.54 11.7 11.35 11.35
2014-08-29 11.98 12.07 11.68 11.68
2014-09-12 13.14 13.17 12.38 12.38
2014-10-24 12.76 12.86 12.67 12.67
2014-10-28 13.06 13.12 12.88 12.88
2014-11-26 14.86 14.99 13.65 13.65
2014-12-11 13.65 13.75 13.25 13.25
2015-01-13 13.17 13.19 12.9 12.9
2015-01-20 13.1 13.12 12.85 12.85
2015-01-21 13.33 13.37 13.1 13.1
2015-02-10 13.55 13.58 13.11 13.11
2015-02-13 13.7 13.77 13.56 13.56
2015-02-26 14.06 14.07 13.85 13.85
2015-04-14 20.19 21.03 19.01 19.01
2015-04-21 20.86 20.87 20.03 20.03
2015-04-22 22.67 22.89 20.95 20.95
2015-05-11 20.1 20.4 19.56 19.56
2015-05-25 27.47 27.47 25.5 25.5
2015-06-10 31.18 31.76 30.55 30.55
2015-06-11 32.52 33.9 31.0 31.0
2015-07-13 15.14 15.14 15.14 15.14
2015-07-14 16.65 16.65 16.65 16.65
2015-08-03 17.63 17.7 16.91 16.91
2015-08-17 21.11 21.28 20.55 20.55
2015-08-25 13.07 13.45 13.07 13.07
2015-09-01 13.75 13.75 12.2 12.2
2015-09-07 12.39 13.22 12.05 12.05
2015-09-08 13.39 13.43 12.0 12.0
2015-09-15 11.39 12.14 11.39 11.39
2015-09-16 12.45 12.53 11.15 11.15
2015-09-21 12.59 12.6 11.71 11.71
2015-10-19 15.86 16.17 15.57 15.57
2015-10-29 17.9 17.9 17.05 17.05
2015-11-12 17.95 18.37 17.33 17.33
2015-12-03 15.88 15.98 15.56 15.56
2015-12-07 15.99 16.3 15.62 15.62
2015-12-17 16.47 16.5 16.1 16.1
2015-12-31 17.72 18.39 16.99 16.99
2016-01-20 13.86 14.1 13.4 13.4
2016-05-19 12.62 12.62 12.62 12.62
2016-05-31 13.66 13.77 12.92 12.92
2016-07-26 16.03 16.1 15.11 15.11
2016-09-29 13.45 13.47 13.3 13.3
2016-09-30 13.44 13.48 13.37 13.37
2017-03-21 12.83 12.85 12.63 12.63
2017-03-29 12.72 12.85 12.64 12.64
2017-04-25 11.0 11.12 10.96 10.96
