2000-10-17 24.55 24.55 24.0 24.0
2000-11-06 26.1 26.44 25.71 25.71
2000-11-07 26.78 26.8 26.1 26.1
2000-11-30 25.58 25.7 25.5 25.5
2000-12-01 25.73 25.97 25.61 25.61
2000-12-05 25.75 26.0 25.5 25.5
2000-12-06 25.96 26.27 25.68 25.68
2001-01-02 27.85 28.1 27.2 27.2
2001-03-02 24.73 24.8 24.55 24.55
2001-03-27 25.7 25.95 25.08 25.08
2001-04-02 26.04 26.15 25.78 25.78
2001-05-14 26.46 26.56 25.96 25.96
2001-06-04 26.79 27.01 26.6 26.6
2001-06-11 26.98 27.2 26.85 26.85
2001-06-12 27.6 27.7 26.92 26.92
2001-07-18 26.52 26.68 26.01 26.01
2001-08-15 24.1 24.2 23.59 23.59
2001-08-17 24.0 24.0 23.61 23.61
2001-08-21 24.19 24.2 24.0 24.0
2001-09-06 23.19 23.3 22.9 22.9
2001-09-21 22.48 22.74 22.31 22.31
2001-09-24 22.22 22.34 22.2 22.2
2001-09-27 22.2 22.54 22.05 22.05
2002-01-22 16.26 16.8 16.0 16.0
2002-02-07 17.26 17.5 16.77 16.77
2002-03-06 18.14 18.56 18.05 18.05
2002-03-14 18.89 18.91 18.4 18.4
2002-05-28 17.55 17.75 17.55 17.55
2002-06-18 17.3 17.4 16.98 16.98
2002-06-20 17.29 17.35 17.01 17.01
2002-06-28 18.8 19.12 18.38 18.38
2002-07-02 18.6 18.6 18.3 18.3
2002-07-22 18.0 18.08 17.95 17.95
2002-08-12 16.8 17.0 16.75 16.75
2002-08-15 17.0 17.12 16.9 16.9
2002-08-20 17.3 17.36 17.0 17.0
2002-08-22 17.4 17.65 17.27 17.27
2002-08-30 17.65 17.76 17.6 17.6
2002-09-09 17.0 17.2 16.8 16.8
2002-09-12 17.16 17.2 17.02 17.02
2002-09-19 17.28 17.36 17.0 17.0
2002-09-25 16.83 16.96 16.77 16.77
2002-12-03 13.62 13.78 13.5 13.5
2003-01-29 13.36 13.44 13.3 13.3
2003-03-14 13.46 13.61 13.4 13.4
2003-03-21 13.16 13.28 13.0 13.0
2003-03-24 13.3 13.31 13.15 13.15
2003-06-26 11.76 11.82 11.55 11.55
2003-08-18 11.21 11.27 10.98 10.98
2003-09-11 11.03 11.07 10.9 10.9
2003-10-08 10.36 10.55 10.25 10.25
2003-10-09 10.49 10.56 10.25 10.25
2003-10-24 9.97 10.0 9.9 9.9
2003-11-26 9.4 9.53 9.3 9.3
2003-12-01 9.37 9.37 9.15 9.15
2004-03-15 10.92 10.95 10.59 10.59
2004-03-19 10.79 10.81 10.5 10.5
2004-03-24 10.93 11.14 10.81 10.81
2004-03-25 11.25 11.28 10.92 10.92
2004-03-26 11.32 11.42 11.25 11.25
2004-03-30 11.64 11.68 11.35 11.35
2004-04-05 12.26 12.38 11.26 11.26
2004-05-18 10.95 10.98 10.6 10.6
2004-05-21 10.87 10.95 10.81 10.81
2004-06-15 10.11 10.28 9.88 9.88
2004-06-18 10.0 10.04 9.9 9.9
2004-06-21 10.21 10.27 10.0 10.0
2004-06-22 10.37 10.45 10.25 10.25
2004-06-24 10.38 10.45 10.26 10.26
2004-07-08 9.4 9.52 9.11 9.11
2004-10-11 8.9 9.1 8.81 8.81
2004-11-16 9.68 9.69 9.5 9.5
2004-11-19 9.59 9.66 9.5 9.5
2004-11-23 9.61 9.74 9.53 9.53
2004-12-07 9.15 9.35 9.03 9.03
2004-12-09 9.2 9.26 9.08 9.08
2004-12-27 8.75 8.81 8.7 8.7
2005-01-05 8.77 8.86 8.65 8.65
2005-01-13 8.75 8.79 8.62 8.62
2005-03-03 8.58 8.68 8.05 8.05
2005-03-04 8.59 8.74 8.53 8.53
2005-03-08 8.75 8.8 8.61 8.61
2005-04-11 8.44 8.5 8.33 8.33
2005-04-12 8.3 8.41 8.3 8.3
2005-07-12 8.45 8.5 8.21 8.21
2005-07-29 7.94 8.12 7.9 7.9
2005-08-31 8.2 8.27 8.09 8.09
2005-09-01 8.38 8.39 8.18 8.18
2005-09-07 8.7 8.74 8.39 8.39
2005-09-08 8.84 9.1 8.7 8.7
2005-10-18 9.38 9.45 9.17 9.17
2005-10-21 9.02 9.05 8.84 8.84
2005-10-24 9.13 9.16 9.02 9.02
2005-11-01 9.93 10.2 9.26 9.26
2005-11-07 10.09 10.18 9.71 9.71
2005-12-08 9.15 9.15 9.0 9.0
2006-10-30 16.86 17.12 16.8 16.8
2006-11-03 16.89 17.18 16.25 16.25
2006-11-09 16.7 16.8 16.43 16.43
2006-11-14 15.55 15.7 15.2 15.2
2006-12-11 17.23 17.4 16.5 16.5
2006-12-14 18.01 18.2 17.0 17.0
2006-12-18 19.51 19.73 18.33 18.33
2006-12-22 20.45 20.7 18.1 18.1
2006-12-28 21.43 21.56 20.81 20.81
2007-03-15 24.83 25.18 24.7 24.7
2007-03-19 24.62 25.2 23.7 23.7
2007-03-22 25.13 25.97 24.8 24.8
2007-05-16 36.83 38.25 35.0 35.0
2007-05-17 37.27 37.94 36.4 36.4
2007-05-24 36.68 37.37 35.64 35.64
2007-05-25 38.82 38.88 36.8 36.8
2007-06-15 45.15 48.8 44.1 44.1
2007-06-18 46.69 47.48 45.31 45.31
2007-06-20 47.63 47.88 46.5 46.5
2007-06-21 52.39 52.39 47.63 47.63
2007-07-23 56.47 56.88 54.5 54.5
2007-09-28 26.73 26.98 26.25 26.25
2007-10-10 29.02 29.2 27.0 27.0
2007-11-29 20.16 20.3 19.52 19.52
2008-01-23 23.77 23.88 21.8 21.8
2008-04-11 15.43 15.7 15.23 15.23
2008-08-20 12.22 12.3 11.15 11.15
2008-09-25 10.29 10.55 10.01 10.01
2008-11-12 8.55 8.62 8.3 8.3
2008-11-13 9.03 9.32 8.86 8.86
2008-12-10 10.15 10.16 9.75 9.75
2008-12-29 11.27 11.39 10.58 10.58
2009-07-27 24.12 24.2 22.62 22.62
2010-03-11 31.94 32.41 31.48 31.48
2010-05-28 35.37 36.34 34.91 34.91
2010-05-31 36.3 37.38 35.18 35.18
2010-06-24 36.14 36.83 35.61 35.61
2010-07-09 35.54 36.05 34.58 34.58
2010-07-28 35.94 36.2 34.9 34.9
2010-08-04 36.71 36.8 35.55 35.55
2010-08-12 37.51 37.68 37.03 37.03
2010-08-27 38.2 38.38 36.69 36.69
2011-07-28 35.68 35.83 35.28 35.28
2011-08-04 35.99 36.0 35.3 35.3
2011-08-11 36.35 36.5 34.52 34.52
2011-10-24 27.1 27.17 26.34 26.34
2011-10-26 28.68 28.88 27.65 27.65
2011-11-21 30.41 30.65 29.6 29.6
2011-11-22 29.99 30.3 29.81 29.81
2011-11-29 31.7 33.1 30.35 30.35
2011-12-30 29.41 29.6 28.31 28.31
2012-02-01 25.99 26.4 25.32 25.32
2012-02-09 27.77 27.98 27.52 27.52
2012-02-24 28.31 28.34 27.48 27.48
2012-03-01 26.8 27.1 26.6 26.6
2012-03-05 28.08 28.1 27.33 27.33
2012-04-11 27.57 27.8 27.1 27.1
2012-05-24 26.63 26.68 26.4 26.4
2012-06-01 26.36 26.39 25.91 25.91
2012-10-09 20.32 20.35 19.91 19.91
2012-10-16 19.93 20.2 19.6 19.6
2012-10-31 17.13 17.34 17.0 17.0
2013-01-28 16.57 16.6 15.81 15.81
2013-02-04 16.81 17.48 16.5 16.5
2013-06-21 20.11 20.38 17.32 17.32
2013-08-05 16.05 16.07 15.81 15.81
2013-10-11 17.32 17.35 16.57 16.57
2013-11-11 14.87 14.89 14.65 14.65
2014-01-16 15.73 15.89 15.7 15.7
2014-01-21 15.47 15.6 15.25 15.25
2014-02-14 16.97 17.03 16.71 16.71
2014-02-19 18.2 18.37 16.65 16.65
2014-04-04 16.02 16.07 15.88 15.88
2014-06-26 14.51 14.69 14.43 14.43
2014-06-30 14.58 14.62 14.45 14.45
2014-07-02 15.25 15.34 15.05 15.05
2014-07-07 15.56 15.81 15.19 15.19
2014-07-10 15.25 15.34 15.14 15.14
2014-07-17 15.67 15.92 15.47 15.47
2014-09-25 19.07 19.33 19.01 19.01
2014-12-30 18.29 18.6 18.19 18.19
2015-01-05 19.16 19.29 18.48 18.48
2015-06-15 39.31 40.05 36.6 36.6
2015-07-09 27.29 27.29 24.84 24.84
2015-11-04 31.03 31.18 29.01 29.01
2015-11-06 31.34 31.75 30.77 30.77
2015-12-30 31.05 31.25 30.35 30.35
2016-01-05 29.19 29.74 26.7 26.7
2016-08-09 17.92 17.95 17.28 17.28
2016-08-15 18.17 18.44 17.64 17.64
2016-08-16 18.7 18.8 18.21 18.21
2016-08-24 18.15 18.35 18.07 18.07
2016-10-18 17.53 17.63 17.21 17.21
2016-12-21 17.05 17.14 16.82 16.82
2016-12-22 17.45 17.59 17.01 17.01
2017-05-15 23.55 23.85 23.3 23.3
2017-07-24 24.61 24.64 23.9 23.9
