1993-11-08 10.29 10.8 9.82 9.82
1993-11-11 10.09 10.45 9.95 9.95
1993-11-12 10.9 10.98 10.09 10.09
1994-01-13 11.7 11.8 11.48 11.48
1994-01-21 10.56 10.59 10.0 10.0
1994-02-18 10.0 10.05 9.95 9.95
1994-03-18 10.3 11.4 10.11 10.11
1994-03-25 9.32 9.6 9.3 9.3
1994-03-29 9.5 9.63 9.13 9.13
1994-04-07 8.62 8.84 8.51 8.51
1994-04-26 7.5 7.7 6.9 6.9
1994-05-13 7.05 7.08 6.8 6.8
1994-05-19 8.33 8.35 7.88 7.88
1994-05-31 7.66 7.69 7.3 7.3
1994-06-02 7.46 7.57 7.4 7.4
1994-06-08 7.3 7.39 7.05 7.05
1994-06-15 6.52 6.6 6.5 6.5
1994-06-17 7.34 7.35 6.76 6.76
1994-06-21 6.9 7.0 6.8 6.8
1994-07-05 6.45 6.5 6.2 6.2
1994-07-08 6.35 6.4 6.2 6.2
1994-07-13 6.26 6.26 6.15 6.15
1994-08-05 8.9 8.9 7.3 7.3
1994-08-16 7.77 8.18 7.3 7.3
1994-09-08 11.31 11.65 11.0 11.0
1994-09-21 10.37 10.48 10.05 10.05
1994-10-17 7.26 7.35 6.9 6.9
1994-10-18 7.68 7.7 7.2 7.2
1994-10-19 8.56 8.79 7.88 7.88
1994-10-21 9.9 10.35 9.2 9.2
1994-11-29 8.0 8.09 7.71 7.71
1994-12-21 8.1 9.18 7.7 7.7
1995-01-23 6.34 6.5 6.01 6.01
1995-01-27 6.44 6.45 6.31 6.31
1995-02-07 6.1 6.15 6.02 6.02
1995-02-08 6.1 6.13 6.0 6.0
1995-02-22 6.75 6.88 6.09 6.09
1995-03-16 6.5 6.5 6.32 6.32
1995-03-27 6.89 6.9 6.75 6.75
1995-04-12 6.79 6.82 6.7 6.7
1995-04-25 6.47 6.56 6.4 6.4
1995-04-28 5.96 6.0 5.9 5.9
1995-05-12 6.02 6.08 5.8 5.8
1995-06-02 7.2 7.31 7.1 7.1
1995-06-06 6.95 6.98 6.7 6.7
1995-06-13 6.9 7.02 6.81 6.81
1995-06-16 6.42 6.5 6.21 6.21
1995-06-20 6.38 6.52 6.35 6.35
1995-06-29 6.33 6.4 6.3 6.3
1995-07-04 6.06 6.1 5.96 5.96
1995-07-17 6.69 6.69 6.32 6.32
1995-08-11 7.4 8.18 7.0 7.0
1995-08-16 7.2 7.28 7.05 7.05
1995-08-22 6.86 7.0 6.8 6.8
1995-08-25 6.66 6.71 6.62 6.62
1995-08-31 6.7 6.7 6.62 6.62
1995-09-01 6.86 6.99 6.79 6.79
1995-09-06 7.77 7.88 7.31 7.31
1995-10-20 7.74 7.75 7.5 7.5
1995-11-03 8.8 9.3 8.56 8.56
1995-11-17 7.75 7.84 7.62 7.62
1995-11-20 7.7 7.76 7.51 7.51
1995-12-07 6.78 6.78 6.71 6.71
1995-12-14 6.75 6.81 6.66 6.66
1995-12-29 6.05 6.16 6.03 6.03
1996-01-12 5.92 6.0 5.8 5.8
1996-01-15 6.01 6.05 5.89 5.89
1996-01-22 5.67 5.72 5.58 5.58
1996-01-24 5.7 5.92 5.6 5.6
1996-01-26 5.72 5.75 5.55 5.55
1996-02-02 5.79 5.8 5.7 5.7
1996-02-09 5.65 5.69 5.63 5.63
1996-02-12 5.68 5.8 5.51 5.51
1996-02-13 5.73 5.74 5.65 5.65
1996-02-14 5.75 5.78 5.69 5.69
1996-02-15 5.82 5.85 5.75 5.75
1996-03-07 6.1 6.1 6.0 6.0
1996-04-01 6.0 6.14 5.97 5.97
1996-04-03 5.98 6.04 5.95 5.95
1996-04-10 6.15 6.19 6.11 6.11
1996-04-18 6.3 6.37 6.24 6.24
1996-04-22 6.62 6.9 6.54 6.54
1996-04-24 7.28 7.29 7.0 7.0
1996-04-26 7.7 7.83 7.0 7.0
1996-05-06 7.15 7.21 6.9 6.9
1996-05-27 6.71 6.75 6.6 6.6
1996-06-05 7.17 7.17 6.7 6.7
1996-06-25 7.74 7.81 7.5 7.5
1996-07-02 7.7 7.77 7.52 7.52
1996-07-16 7.7 7.7 7.4 7.4
1996-07-18 7.8 7.94 7.65 7.65
1996-08-27 6.25 6.3 6.08 6.08
1996-09-09 6.14 6.2 5.97 5.97
1996-10-10 6.67 6.78 6.33 6.33
1996-10-28 7.58 7.66 7.15 7.15
1996-11-11 6.68 6.68 6.57 6.57
1996-11-14 7.15 7.18 6.75 6.75
1996-12-02 9.18 9.25 8.11 8.11
1996-12-04 9.95 9.98 9.31 9.31
1996-12-09 10.25 10.25 9.8 9.8
1996-12-16 7.56 7.56 7.56 7.56
1996-12-17 6.8 7.38 6.8 6.8
1997-01-17 6.9 6.96 6.85 6.85
1997-02-19 7.3 7.34 6.9 6.9
1997-02-20 7.13 7.2 6.57 6.57
1997-02-21 7.68 7.68 7.13 7.13
1997-03-11 8.8 9.14 8.65 8.65
1997-03-27 9.3 9.46 8.93 8.93
1997-05-26 8.08 8.19 7.5 7.5
1997-05-30 8.53 8.53 7.71 7.71
1997-07-08 6.98 7.01 6.41 6.41
1997-07-09 7.36 7.5 6.8 6.8
1997-07-10 7.2 7.39 7.02 7.02
1997-07-18 7.24 7.24 7.13 7.13
1997-07-30 7.57 7.79 7.35 7.35
1997-08-01 7.6 7.8 7.5 7.5
1997-08-15 6.75 7.18 6.68 6.68
1997-08-19 6.57 6.68 6.55 6.55
1997-08-21 6.76 6.8 6.58 6.58
1997-08-22 6.71 6.8 6.65 6.65
1997-09-10 8.33 8.47 8.1 8.1
1997-09-30 7.22 7.25 7.11 7.11
1997-10-07 7.71 7.9 7.28 7.28
1997-12-10 6.72 6.74 6.68 6.68
1997-12-19 6.56 6.56 6.5 6.5
1998-01-06 6.98 7.08 6.7 6.7
1998-01-12 6.95 7.2 6.83 6.83
1998-01-14 6.89 6.94 6.57 6.57
1998-01-21 6.8 7.35 6.75 6.75
1998-01-23 6.87 6.93 6.76 6.76
1998-02-24 7.52 7.72 7.25 7.25
1998-02-26 7.4 7.5 7.21 7.21
1998-03-10 7.15 7.15 7.0 7.0
1998-03-17 7.02 7.17 6.9 6.9
1998-03-27 7.05 7.08 6.85 6.85
1998-04-02 7.3 7.44 7.12 7.12
1998-04-06 7.98 8.0 7.35 7.35
1998-04-15 7.5 7.69 7.32 7.32
1998-04-21 7.97 8.28 7.9 7.9
1998-05-11 8.1 8.51 8.1 8.1
1998-06-02 8.57 8.74 8.37 8.37
1998-07-08 7.36 7.44 7.3 7.3
1998-07-14 7.63 7.77 7.5 7.5
1998-07-17 8.21 8.35 8.0 8.0
1998-07-22 8.1 8.1 7.93 7.93
1998-07-23 8.42 8.5 8.2 8.2
1998-07-30 8.87 8.9 8.61 8.61
1998-08-05 8.39 8.4 8.2 8.2
1998-08-13 7.85 7.85 7.45 7.45
1998-08-18 7.12 7.21 6.66 6.66
1998-08-27 8.16 8.19 7.79 7.79
1998-09-03 8.38 8.58 8.32 8.32
1998-09-15 8.6 8.8 8.41 8.41
1998-09-16 9.24 9.34 8.68 8.68
1998-09-21 8.95 9.25 8.5 8.5
1998-09-22 9.55 9.83 8.95 8.95
1998-09-25 9.61 9.79 9.16 9.16
1998-10-20 9.31 9.49 9.19 9.19
1998-10-27 8.91 9.18 8.9 8.9
1998-11-05 9.42 9.7 9.32 9.32
1998-11-20 10.9 11.0 10.49 10.49
1998-12-22 10.1 10.19 9.8 9.8
1999-01-04 8.75 8.83 8.68 8.68
1999-01-21 10.14 10.15 10.0 10.0
1999-03-17 10.69 10.95 10.61 10.61
1999-03-22 11.77 11.81 11.16 11.16
1999-04-02 12.42 12.57 12.0 12.0
1999-04-13 12.12 12.18 11.83 11.83
1999-04-16 12.52 12.65 12.29 12.29
1999-04-29 12.1 12.1 11.8 11.8
1999-05-19 8.0 8.03 7.6 7.6
1999-05-25 8.34 8.75 8.12 8.12
1999-07-02 9.31 9.39 8.57 8.57
1999-07-23 9.28 9.46 9.15 9.15
1999-08-02 9.38 9.42 9.2 9.2
1999-08-03 9.79 9.8 9.38 9.38
1999-08-17 8.78 8.99 8.72 8.72
1999-08-19 9.07 9.07 8.82 8.82
1999-09-09 9.42 9.44 9.0 9.0
1999-09-14 9.65 9.75 9.3 9.3
1999-09-17 9.25 9.36 9.15 9.15
1999-09-24 9.13 9.3 9.06 9.06
1999-10-11 8.67 8.75 8.6 8.6
1999-10-29 8.15 8.18 8.09 8.09
1999-11-12 7.74 7.81 7.69 7.69
1999-12-03 7.2 7.2 7.11 7.11
1999-12-06 7.32 7.49 7.21 7.21
1999-12-09 7.22 7.28 7.0 7.0
1999-12-15 7.18 7.26 7.06 7.06
1999-12-17 7.05 7.1 7.02 7.02
1999-12-28 6.56 6.65 6.5 6.5
2000-01-17 6.65 6.67 6.56 6.56
2000-01-19 6.93 6.97 6.68 6.68
2000-02-14 7.79 7.82 7.38 7.38
2000-02-23 7.08 7.19 7.05 7.05
2000-03-13 8.12 8.12 7.39 7.39
2000-03-17 8.1 8.2 7.65 7.65
2000-03-22 8.5 8.77 8.25 8.25
2000-04-19 9.0 9.2 8.7 8.7
2000-04-24 9.57 9.65 9.05 9.05
2000-05-22 9.08 9.08 8.8 8.8
2000-05-31 9.42 9.57 9.28 9.28
2000-06-13 10.1 10.31 9.9 9.9
2000-06-15 10.14 10.2 10.03 10.03
2000-06-28 11.11 11.3 11.0 11.0
2000-07-14 12.01 12.18 11.77 11.77
2000-07-21 12.0 12.25 11.76 11.76
2000-08-01 11.8 11.9 11.7 11.7
2000-08-10 11.5 11.7 11.4 11.4
2000-08-11 11.65 11.68 11.51 11.51
2000-08-14 11.76 11.98 11.7 11.7
2000-08-17 11.76 11.85 11.38 11.38
2000-09-04 11.87 11.88 11.48 11.48
2000-09-25 9.81 10.0 9.73 9.73
2000-10-26 10.5 10.67 10.45 10.45
2000-11-17 12.05 12.5 12.0 12.0
2000-11-22 11.98 12.05 11.86 11.86
2001-01-05 12.73 12.98 12.51 12.51
2001-01-18 11.33 11.4 11.28 11.28
2001-01-19 11.48 11.67 11.39 11.39
2001-02-09 11.34 11.47 11.1 11.1
2001-02-19 11.35 11.37 11.03 11.03
2001-03-14 11.25 11.38 11.13 11.13
2001-03-16 11.34 11.43 11.3 11.3
2001-03-26 12.55 12.66 11.88 11.88
2001-04-09 12.33 12.35 12.01 12.01
2001-04-18 13.33 13.9 13.25 13.25
2001-05-10 13.58 13.69 13.32 13.32
2001-05-18 13.91 13.98 13.2 13.2
2001-06-26 13.78 13.85 13.6 13.6
2001-07-10 13.05 13.08 12.81 12.81
2001-07-18 13.1 13.1 12.88 12.88
2001-07-20 13.61 13.65 13.3 13.3
2001-07-26 13.06 13.13 12.78 12.78
2001-08-01 12.4 12.45 11.9 11.9
2001-09-04 13.16 13.26 12.7 12.7
2001-10-09 11.37 11.5 11.31 11.31
2001-11-12 10.35 10.73 10.28 10.28
2001-11-14 10.18 10.35 10.15 10.15
2001-11-22 11.13 11.14 10.9 10.9
2001-12-14 11.11 11.32 11.02 11.02
2001-12-18 11.59 11.6 11.2 11.2
2001-12-27 11.34 11.5 11.33 11.33
2002-01-23 10.18 10.18 9.23 9.23
2002-01-25 10.51 10.55 9.88 9.88
2002-01-29 10.05 10.13 9.55 9.55
2002-02-07 10.89 10.95 10.62 10.62
2002-02-27 11.19 11.24 11.0 11.0
2002-03-05 11.4 11.5 11.0 11.0
2002-03-06 11.35 11.6 11.3 11.3
2002-03-25 11.58 11.58 11.2 11.2
2002-04-08 11.1 11.25 11.0 11.0
2002-04-19 11.29 11.58 11.05 11.05
2002-04-30 11.85 12.2 11.64 11.64
2002-05-21 10.75 10.87 10.6 10.6
2002-05-27 10.74 10.75 10.61 10.61
2002-06-07 10.48 10.61 10.35 10.35
2002-06-11 10.74 10.75 10.3 10.3
2002-06-12 10.58 10.74 10.52 10.52
2002-06-14 10.47 10.75 10.45 10.45
2002-06-18 10.79 10.8 10.5 10.5
2002-06-20 10.68 10.79 10.58 10.58
2002-06-21 11.0 11.05 10.7 10.7
2002-08-06 11.39 11.43 11.22 11.22
2002-08-16 11.34 11.4 11.06 11.06
2002-09-26 11.06 11.29 11.05 11.05
2002-10-08 10.84 10.91 10.82 10.82
2002-10-10 10.66 10.76 10.64 10.64
2002-10-15 10.69 10.74 10.61 10.61
2002-10-16 10.7 10.82 10.69 10.69
2002-10-18 10.7 10.74 10.51 10.51
2002-10-29 10.99 11.0 10.7 10.7
2002-11-04 11.37 11.55 11.11 11.11
2002-12-19 10.55 10.65 10.42 10.42
2003-01-07 9.82 9.95 9.77 9.77
2003-01-08 10.03 10.1 9.8 9.8
2003-01-24 10.86 10.95 10.8 10.8
2003-01-27 11.0 11.11 10.95 10.95
2003-02-11 10.85 10.9 10.76 10.76
2003-02-12 10.97 11.0 10.86 10.86
2003-02-25 11.3 11.3 11.0 11.0
2003-03-31 12.25 12.28 11.98 11.98
2003-04-07 12.8 12.85 12.48 12.48
2003-04-28 12.89 13.0 11.65 11.65
2003-05-15 13.16 13.5 12.98 12.98
2003-06-18 12.28 12.45 12.16 12.16
2003-06-24 11.82 11.88 11.6 11.6
2003-07-01 11.61 11.85 11.53 11.53
2003-07-16 11.91 11.92 11.67 11.67
2003-07-21 11.34 11.6 11.21 11.21
2003-07-30 11.09 11.13 10.84 10.84
2003-08-01 11.03 11.15 10.99 10.99
2003-09-11 10.55 10.65 10.5 10.5
2003-10-10 10.5 10.66 10.4 10.4
2003-10-15 10.35 10.49 10.28 10.28
2003-10-20 10.18 10.23 10.04 10.04
2003-11-03 10.1 10.25 10.03 10.03
2003-11-07 10.64 10.99 10.59 10.59
2003-11-17 9.16 9.27 8.98 8.98
2003-12-23 9.08 9.28 9.0 9.0
2004-01-07 10.3 10.35 10.0 10.0
2004-01-29 11.26 11.46 11.18 11.18
2004-02-13 12.09 12.36 11.66 11.66
2004-03-09 11.91 12.05 11.65 11.65
2004-03-16 12.42 12.5 12.13 12.13
2004-03-29 11.86 11.94 11.72 11.72
2004-03-31 11.91 12.15 11.9 11.9
2004-04-01 12.13 12.14 11.9 11.9
2004-04-08 13.09 13.23 12.9 12.9
2004-04-12 12.79 12.85 12.55 12.55
2004-05-17 11.49 11.78 11.2 11.2
2004-05-19 11.82 11.97 11.23 11.23
2004-05-27 10.41 10.48 10.0 10.0
2004-06-08 10.02 10.14 9.96 9.96
2004-06-23 8.84 8.98 8.84 8.84
2004-06-24 8.85 8.99 8.71 8.71
2004-07-01 9.19 9.29 8.99 8.99
2004-07-16 8.01 8.05 7.71 7.71
2004-07-27 7.35 7.45 7.3 7.3
2004-08-04 7.66 7.75 7.18 7.18
2004-08-17 7.3 7.38 7.2 7.2
2004-09-14 6.79 6.86 6.65 6.65
2004-10-21 6.78 6.95 6.5 6.5
2004-11-15 6.71 6.84 6.6 6.6
2004-11-18 6.59 6.62 6.52 6.52
2004-11-26 6.8 6.88 6.63 6.63
2004-11-30 7.15 7.3 6.75 6.75
2004-12-08 7.62 7.68 7.45 7.45
2004-12-15 7.71 7.75 7.46 7.46
2005-01-05 7.32 7.58 7.3 7.3
2005-01-11 7.6 7.6 7.5 7.5
2005-01-18 7.6 7.66 7.38 7.38
2005-02-01 7.4 7.58 7.38 7.38
2005-03-07 7.52 7.61 7.5 7.5
2005-03-10 7.42 7.58 7.41 7.41
2005-03-29 6.8 6.87 6.7 6.7
2005-03-31 6.96 6.98 6.71 6.71
2005-04-01 7.39 7.48 6.96 6.96
2005-04-04 7.26 7.38 7.06 7.06
2005-04-05 7.15 7.34 7.11 7.11
2005-04-07 7.32 7.43 7.04 7.04
2005-04-08 7.36 7.38 7.21 7.21
2005-04-19 6.84 6.95 6.8 6.8
2005-04-26 6.88 6.91 6.62 6.62
2005-05-24 6.62 6.64 6.46 6.46
2005-05-30 6.6 6.63 6.5 6.5
2005-06-02 6.46 6.49 6.26 6.26
2005-06-03 6.63 6.92 6.5 6.5
2005-06-08 7.15 7.15 6.65 6.65
2005-06-24 7.15 7.15 7.01 7.01
2005-06-30 7.04 7.2 7.03 7.03
2005-07-04 6.91 6.96 6.86 6.86
2005-07-08 6.77 6.82 6.56 6.56
2005-07-12 6.98 6.99 6.75 6.75
2005-07-15 6.93 6.98 6.8 6.8
2005-07-21 7.1 7.15 7.05 7.05
2005-08-04 7.97 7.98 7.76 7.76
2005-08-05 8.34 8.35 7.9 7.9
2005-08-12 8.32 8.36 8.21 8.21
2005-08-26 7.96 8.07 7.88 7.88
2005-09-12 8.68 8.74 8.61 8.61
2005-09-13 8.76 8.87 8.55 8.55
2005-10-10 8.31 8.38 8.18 8.18
2005-10-11 8.37 8.37 8.28 8.28
2005-10-19 8.39 8.48 8.3 8.3
2005-10-20 8.38 8.39 8.21 8.21
2005-11-02 8.3 8.33 8.09 8.09
2005-11-04 8.26 8.3 8.14 8.14
2005-11-14 8.35 8.36 8.11 8.11
2005-11-21 8.04 8.14 8.0 8.0
2005-11-23 7.93 7.96 7.88 7.88
2005-12-09 7.98 8.07 7.85 7.85
2005-12-12 7.9 8.03 7.8 7.8
2005-12-23 8.2 8.28 8.01 8.01
2005-12-26 8.25 8.33 8.06 8.06
2006-01-09 8.66 8.8 8.55 8.55
2006-02-10 9.84 9.87 9.01 9.01
2006-02-16 10.0 10.3 9.51 9.51
2006-03-08 10.15 10.16 9.5 9.5
2006-10-11 11.06 11.45 10.8 10.8
2006-10-19 10.7 10.87 10.49 10.49
2006-10-20 11.72 11.77 10.73 10.73
2006-11-03 12.14 12.16 11.8 11.8
2006-11-09 11.85 11.99 11.7 11.7
2006-11-20 11.82 11.95 11.65 11.65
2006-11-22 11.84 11.92 11.65 11.65
2006-11-23 12.0 12.2 11.77 11.77
2006-11-27 12.58 12.66 11.7 11.7
2006-12-01 14.0 14.18 13.34 13.34
2006-12-07 13.66 14.15 13.5 13.5
2006-12-12 14.0 14.2 13.36 13.36
2006-12-13 14.52 14.56 13.65 13.65
2006-12-14 15.05 15.19 14.52 14.52
2006-12-15 15.3 15.79 15.0 15.0
2006-12-25 16.19 16.35 15.5 15.5
2007-01-15 16.16 16.38 15.6 15.6
2007-01-16 16.8 16.89 16.2 16.2
2007-01-19 17.8 17.8 16.51 16.51
2007-02-08 15.25 15.36 14.85 14.85
2007-03-02 15.3 15.5 15.18 15.18
2007-03-29 21.2 22.0 20.5 20.5
2007-04-02 20.86 21.2 20.5 20.5
2007-04-03 21.32 22.1 20.87 20.87
2007-04-04 22.65 22.9 21.3 21.3
2007-04-09 24.82 24.82 22.65 22.65
2007-05-09 30.9 30.9 28.29 28.29
2007-05-31 26.65 26.99 24.54 24.54
2007-06-11 28.47 29.58 28.13 28.13
2007-07-03 23.79 23.8 22.6 22.6
2007-07-11 24.29 24.98 24.0 24.0
2007-07-20 22.47 22.98 22.2 22.2
2007-07-23 23.9 23.9 22.5 22.5
2007-08-20 24.63 24.88 24.12 24.12
2007-08-21 25.8 26.0 24.86 24.86
2007-09-03 27.64 27.96 26.57 26.57
2007-09-07 28.55 29.6 27.8 27.8
2007-09-25 25.05 25.28 24.28 24.28
2007-09-26 25.9 26.53 25.37 25.37
2007-09-28 26.54 27.3 26.5 26.5
2007-10-26 22.77 23.58 22.5 22.5
2007-12-24 22.83 23.27 22.5 22.5
2008-01-02 23.27 23.55 22.33 22.33
2008-01-03 23.8 23.89 23.18 23.18
2008-01-11 26.99 27.1 26.0 26.0
2008-01-14 28.45 28.48 27.06 27.06
2008-01-23 29.11 29.11 26.3 26.3
2008-01-24 31.59 31.89 29.18 29.18
2008-02-18 31.79 31.84 29.99 29.99
2008-04-30 23.32 23.32 21.35 21.35
2008-07-02 7.89 8.08 7.77 7.77
2008-07-07 8.53 8.6 7.92 7.92
2008-11-05 4.6 4.66 4.45 4.45
2008-11-12 4.88 4.91 4.69 4.69
2008-11-20 5.19 5.28 5.0 5.0
2008-12-29 4.74 4.82 4.65 4.65
2009-01-09 5.39 5.42 5.23 5.23
2009-03-04 7.4 7.49 6.88 6.88
2009-06-08 8.1 8.13 7.58 7.58
2009-07-23 8.89 8.98 8.76 8.76
2009-08-20 7.65 7.76 7.2 7.2
2009-10-13 7.63 7.64 7.47 7.47
2009-11-16 9.6 9.78 9.27 9.27
2009-11-30 9.3 9.38 8.97 8.97
2010-04-02 9.89 9.93 9.69 9.69
2010-04-28 10.01 10.12 9.79 9.79
2010-05-26 7.76 7.9 7.52 7.52
2010-06-02 7.58 7.66 7.25 7.25
2010-07-12 6.9 6.96 6.79 6.79
2010-07-20 7.28 7.31 7.0 7.0
2010-08-19 8.15 8.25 8.08 8.08
2010-08-23 8.18 8.21 8.05 8.05
2010-09-13 9.31 9.31 8.65 8.65
2010-09-27 9.41 9.43 9.19 9.19
2010-09-30 9.09 9.14 8.89 8.89
2010-10-15 9.45 9.8 9.39 9.39
2010-10-19 9.64 9.65 9.17 9.17
2010-11-22 9.25 9.28 9.1 9.1
2010-11-24 9.42 9.5 9.02 9.02
2011-01-26 9.01 9.07 8.9 8.9
2011-01-28 9.47 9.55 9.23 9.23
2011-02-10 10.05 10.1 9.46 9.46
2011-02-17 11.09 11.29 10.8 10.8
2011-03-21 10.97 11.07 10.78 10.78
2011-04-15 10.4 10.48 10.3 10.3
2011-04-20 10.16 10.19 10.06 10.06
2011-06-01 8.58 8.67 8.26 8.26
2011-06-21 8.14 8.21 7.79 7.79
2011-07-04 8.73 8.76 8.5 8.5
2011-07-13 8.57 8.58 8.43 8.43
2011-07-26 8.43 8.45 7.98 7.98
2011-08-11 7.66 7.7 7.3 7.3
2011-08-25 7.74 7.74 7.54 7.54
2011-11-21 7.45 7.85 7.26 7.26
2011-11-29 7.37 7.38 7.19 7.19
2011-12-16 6.97 6.99 6.72 6.72
2011-12-23 6.93 7.0 6.64 6.64
2011-12-30 6.99 7.02 6.86 6.86
2012-01-11 6.88 6.9 6.7 6.7
2012-01-17 6.78 6.79 6.46 6.46
2012-02-14 7.12 7.18 6.96 6.96
2012-02-27 7.81 8.01 7.78 7.78
2012-03-13 8.2 8.21 8.06 8.06
2012-04-25 7.01 7.04 6.9 6.9
2012-06-05 6.98 7.08 6.91 6.91
2012-06-11 6.88 6.9 6.7 6.7
2012-07-13 6.31 6.34 6.25 6.25
2012-07-18 6.25 6.25 6.13 6.13
2012-07-24 6.32 6.38 6.26 6.26
2012-09-06 5.22 5.25 5.11 5.11
2012-09-28 5.04 5.06 4.9 4.9
2012-10-09 5.16 5.16 5.01 5.01
2012-11-29 5.63 5.76 5.54 5.54
2012-12-14 6.28 6.38 6.03 6.03
2013-01-08 6.74 6.82 6.55 6.55
2013-02-08 9.1 9.17 8.6 8.6
2013-03-06 8.48 8.55 8.08 8.08
2013-03-14 7.6 7.75 7.54 7.54
2013-04-09 7.41 7.52 7.17 7.17
2013-04-10 7.47 7.6 7.35 7.35
2013-04-11 7.85 7.95 7.48 7.48
2013-04-12 7.92 7.95 7.68 7.68
2013-05-03 8.14 8.19 7.89 7.89
2013-05-15 9.53 9.64 9.2 9.2
2013-05-16 10.08 10.12 9.3 9.3
2013-06-27 8.9 9.35 8.81 8.81
2013-06-28 9.35 9.36 8.9 8.9
2013-07-05 9.83 10.08 9.57 9.57
2013-07-31 8.19 8.24 7.93 7.93
2013-08-01 8.42 8.47 8.2 8.2
2013-08-14 9.06 9.19 8.74 8.74
2013-09-04 8.66 8.77 8.57 8.57
2013-09-23 9.72 9.75 9.48 9.48
2013-10-31 8.54 8.67 8.48 8.48
2013-11-04 9.02 9.05 8.7 8.7
2013-11-06 9.09 9.15 8.98 8.98
2014-03-20 9.6 9.6 9.6 9.6
2014-04-14 8.89 9.01 8.82 8.82
2014-04-29 9.0 9.06 8.6 8.6
2014-05-27 8.28 8.35 8.13 8.13
2014-06-26 8.92 9.1 8.73 8.73
2014-07-09 10.13 10.79 10.02 10.02
2014-07-14 11.26 11.45 10.88 10.88
2014-07-21 11.09 11.33 10.65 10.65
2014-08-20 12.28 12.5 12.15 12.15
2014-10-29 13.61 14.05 12.85 12.85
2014-11-17 12.9 13.1 12.88 12.88
2014-11-26 13.46 13.69 12.88 12.88
2014-12-12 13.28 13.42 12.63 12.63
2014-12-24 11.8 12.04 11.79 11.79
2015-01-22 14.83 14.83 13.4 13.4
2015-02-09 14.7 15.4 14.63 14.63
2015-02-16 17.16 17.3 15.93 15.93
2015-03-19 19.91 19.95 18.21 18.21
2015-04-01 21.04 21.8 20.09 20.09
2015-05-20 24.64 25.74 23.85 23.85
2015-06-24 32.49 32.76 29.93 29.93
2015-07-08 14.42 14.42 14.42 14.42
2015-07-09 15.86 15.86 12.98 12.98
2015-07-13 19.2 19.2 18.35 18.35
2015-07-17 20.6 20.65 18.81 18.81
2015-08-10 25.14 25.44 23.8 23.8
2015-08-25 17.55 18.09 17.55 17.55
2015-09-07 15.42 16.15 14.95 14.95
2015-11-13 20.44 21.3 20.01 20.01
2015-12-17 18.69 18.7 18.18 18.18
2016-01-29 14.44 14.66 13.8 13.8
2016-02-16 15.44 15.5 14.98 14.98
2016-02-22 15.62 16.05 15.36 15.36
2016-03-03 14.12 14.38 13.95 13.95
2016-03-11 13.49 13.53 13.28 13.28
2016-04-11 14.46 14.63 14.29 14.29
2016-04-29 14.13 14.37 14.01 14.01
2016-05-05 14.41 14.45 13.88 13.88
2016-05-19 12.67 13.0 12.64 12.64
2016-05-31 13.28 13.3 12.82 12.82
2016-06-15 13.83 13.83 12.42 12.42
2016-06-16 14.8 15.21 14.3 14.3
2016-08-12 13.38 13.38 13.13 13.13
2016-08-30 13.44 13.57 13.32 13.32
2016-10-18 12.17 12.2 11.67 11.67
2016-10-20 12.45 12.78 12.02 12.02
2016-11-08 13.3 13.48 13.08 13.08
2016-11-16 12.91 13.08 12.89 12.89
2016-12-06 13.58 13.65 13.38 13.38
2016-12-07 14.13 14.15 13.51 13.51
2016-12-28 14.38 14.61 14.21 14.21
2017-02-22 15.55 15.59 14.75 14.75
2017-03-13 15.73 15.82 15.39 15.39
2017-03-16 16.02 16.11 15.9 15.9
2017-04-05 15.16 15.4 14.81 14.81
2017-04-21 13.11 13.2 12.5 12.5
2017-05-26 10.98 11.22 10.71 10.71
2017-06-07 11.57 11.62 11.06 11.06
2017-07-26 12.2 12.25 11.77 11.77
2017-08-03 12.77 12.81 12.5 12.5
2017-08-29 13.79 13.8 12.88 12.88
2017-09-01 14.17 14.48 13.67 13.67
