2000-11-22 17.2 17.65 16.86 16.86
2001-03-19 17.11 17.2 16.72 16.72
2001-04-09 17.63 17.75 17.53 17.53
2001-05-16 18.26 18.4 18.05 18.05
2001-05-18 18.42 18.5 18.15 18.15
2001-09-04 17.34 17.35 16.91 16.91
2001-09-18 16.55 16.7 16.23 16.23
2001-12-21 16.78 16.8 16.48 16.48
2001-12-26 16.83 16.89 16.0 16.0
2002-01-22 14.89 15.25 14.58 14.58
2002-02-04 15.48 15.66 15.2 15.2
2002-02-08 15.41 15.58 15.17 15.17
2002-03-13 17.43 17.48 16.7 16.7
2002-03-18 17.98 18.25 17.5 17.5
2002-03-22 18.22 18.35 17.78 17.78
2002-03-26 18.22 18.47 17.8 17.8
2002-05-21 18.98 19.15 18.5 18.5
2002-05-31 18.07 18.23 17.85 17.85
2002-06-27 18.84 18.97 18.5 18.5
2002-07-09 19.08 19.25 18.87 18.87
2002-09-16 13.17 13.2 13.1 13.1
2002-11-29 12.79 13.08 12.53 12.53
2002-12-03 12.9 13.0 12.63 12.63
2003-01-29 12.68 12.85 12.55 12.55
2003-02-10 12.76 12.85 12.53 12.53
2003-02-11 12.95 12.95 12.7 12.7
2003-02-25 12.92 12.95 12.75 12.75
2003-08-08 12.58 12.7 12.52 12.52
2003-09-09 12.36 12.45 12.15 12.15
2004-01-12 10.86 11.2 10.7 10.7
2004-01-29 10.42 10.5 10.26 10.26
2004-01-30 10.44 10.5 10.28 10.28
2004-02-02 10.85 11.0 10.3 10.3
2004-02-03 10.97 10.99 10.84 10.84
2004-03-08 11.27 11.35 10.95 10.95
2004-10-22 3.25 3.39 3.1 3.1
2004-11-03 3.45 3.46 3.3 3.3
2004-11-15 3.62 3.67 3.49 3.49
2004-11-26 4.35 4.64 4.3 4.3
2005-01-07 3.41 3.5 3.36 3.36
2005-07-25 2.0 2.04 1.95 1.95
2005-10-17 2.39 2.41 2.32 2.32
2005-10-18 2.41 2.44 2.38 2.38
2006-01-12 2.1 2.11 2.05 2.05
2007-01-19 5.09 5.13 4.9 4.9
2007-01-29 5.31 5.31 4.84 4.84
2007-04-23 11.11 11.37 10.65 10.65
2007-05-23 11.68 11.96 10.91 10.91
2007-07-25 8.1 8.16 7.81 7.81
2007-08-02 8.93 9.06 8.54 8.54
2008-02-04 8.91 8.96 8.4 8.4
2008-02-14 8.9 9.04 8.8 8.8
2008-02-18 8.97 9.15 8.85 8.85
2008-04-11 8.18 8.5 7.95 7.95
2008-04-15 8.21 8.25 7.85 7.85
2008-08-13 4.97 5.29 4.7 4.7
2009-05-04 4.9 4.94 4.65 4.65
2009-07-06 5.64 5.64 5.12 5.12
2009-07-14 5.97 6.21 5.88 5.88
2009-10-14 5.47 5.59 5.1 5.1
2010-05-04 6.14 6.24 6.01 6.01
2011-05-13 6.12 6.15 5.96 5.96
2012-03-08 4.47 4.48 4.41 4.41
2012-05-29 4.43 4.46 4.34 4.34
2012-05-30 4.42 4.46 4.4 4.4
2012-06-13 4.29 4.3 4.22 4.22
2012-08-28 3.85 3.86 3.8 3.8
2013-05-03 3.42 3.42 3.42 3.42
2013-05-22 3.55 3.59 3.54 3.54
2013-06-03 3.87 3.9 3.7 3.7
2013-07-02 3.78 3.79 3.68 3.68
2013-07-05 3.84 3.88 3.8 3.8
2013-07-09 3.73 3.78 3.71 3.71
2013-07-15 3.86 3.87 3.78 3.78
2013-07-23 3.98 4.0 3.93 3.93
2013-07-26 4.06 4.07 4.01 4.01
2013-08-01 4.2 4.25 4.1 4.1
2013-11-19 4.27 4.27 4.27 4.27
2013-11-20 4.06 4.06 4.06 4.06
2013-12-13 4.34 4.38 4.15 4.15
2013-12-27 4.13 4.15 4.08 4.08
2014-01-02 4.26 4.34 4.1 4.1
2014-01-08 4.36 4.42 4.26 4.26
2014-01-09 4.38 4.44 4.31 4.31
2014-01-13 4.45 4.45 4.28 4.28
2014-01-21 4.09 4.1 4.06 4.06
2014-01-23 4.16 4.22 4.13 4.13
2014-03-04 4.22 4.28 4.18 4.18
2014-03-17 4.81 4.85 4.64 4.64
2014-03-21 5.2 5.22 5.02 5.02
2014-06-26 5.73 5.8 5.63 5.63
2014-07-11 5.89 5.89 5.73 5.73
2014-09-19 7.36 7.57 7.11 7.11
2014-10-29 8.14 8.16 7.79 7.79
2015-01-20 7.37 7.39 6.98 6.98
2015-01-21 8.11 8.11 7.35 7.35
2015-04-01 14.76 14.76 13.5 13.5
2015-04-10 15.69 16.05 14.89 14.89
2015-04-13 16.66 17.17 16.0 16.0
2015-07-03 12.43 13.61 12.43 12.43
2015-07-13 13.67 13.67 13.67 13.67
2015-07-14 15.04 15.04 15.04 15.04
2015-07-16 12.76 13.79 12.19 12.19
2015-09-28 10.18 10.22 9.81 9.81
2015-12-17 17.95 18.48 17.3 17.3
2016-03-21 12.42 12.59 12.1 12.1
2017-01-11 11.14 11.25 10.74 10.74
2017-05-18 8.08 8.2 7.71 7.71
