2002-06-21 17.07 17.2 16.58 16.58
2002-08-13 17.39 17.44 17.2 17.2
2002-10-22 15.9 15.94 15.7 15.7
2002-11-13 14.95 14.96 14.65 14.65
2002-11-19 15.03 15.15 14.85 14.85
2003-05-22 13.6 13.62 13.45 13.45
2003-05-23 13.7 13.8 13.5 13.5
2003-05-26 13.78 13.83 13.6 13.6
2003-06-23 13.54 13.75 13.1 13.1
2003-08-07 13.67 13.73 13.6 13.6
2003-08-14 13.47 13.8 13.35 13.35
2003-12-01 10.28 10.28 9.95 9.95
2004-01-02 9.63 9.77 9.55 9.55
2004-01-09 10.38 10.7 10.15 10.15
2004-01-12 10.51 10.64 10.38 10.38
2004-04-02 12.34 12.54 12.17 12.17
2004-06-24 9.93 9.98 9.75 9.75
2004-07-01 9.4 9.45 9.1 9.1
2004-11-03 8.86 8.86 8.7 8.7
2005-02-25 7.68 7.8 7.62 7.62
2005-03-07 7.57 7.58 7.45 7.45
2005-03-11 7.9 8.0 7.84 7.84
2005-03-21 7.33 7.39 7.26 7.26
2005-03-25 7.26 7.3 7.23 7.23
2005-04-13 7.05 7.18 6.89 6.89
2005-04-19 6.78 6.85 6.62 6.62
2005-05-18 6.34 6.35 6.26 6.26
2005-05-26 6.2 6.31 6.18 6.18
2005-06-27 7.07 7.21 6.9 6.9
2005-07-29 5.98 6.05 5.9 5.9
2005-08-05 6.23 6.23 6.06 6.06
2005-08-08 6.37 6.38 6.24 6.24
2005-08-22 7.18 7.34 7.05 7.05
2005-10-11 7.4 7.44 7.2 7.2
2005-11-02 6.88 6.94 6.66 6.66
2005-11-04 6.88 6.89 6.76 6.76
2005-11-07 7.0 7.0 6.8 6.8
2005-11-08 6.99 7.0 6.85 6.85
2006-03-30 8.01 8.17 7.87 7.87
2006-03-31 8.53 8.8 8.01 8.01
2006-05-08 10.65 10.84 10.26 10.26
2006-10-24 10.04 10.04 9.6 9.6
2006-11-30 9.35 9.41 9.26 9.26
2006-12-20 10.09 10.18 9.6 9.6
2006-12-25 10.27 10.55 9.9 9.9
2007-01-29 12.0 12.1 11.53 11.53
2007-02-06 11.93 12.05 11.52 11.52
2007-03-08 15.46 15.46 14.4 14.4
2007-03-15 15.51 15.53 15.0 15.0
2007-03-21 17.02 17.55 15.68 15.68
2007-04-02 16.05 16.22 15.8 15.8
2007-04-04 16.65 16.79 16.2 16.2
2007-04-12 16.84 16.9 16.37 16.37
2007-04-17 17.73 17.98 16.8 16.8
2007-06-26 21.76 22.08 20.32 20.32
2007-07-30 23.27 23.3 22.52 22.52
2007-07-31 24.0 24.43 23.35 23.35
2007-08-02 23.23 23.58 22.41 22.41
2007-08-30 24.85 24.86 23.8 23.8
2007-09-06 25.0 25.22 24.58 24.58
2007-09-07 25.66 26.49 24.62 24.62
2007-09-17 26.88 26.99 25.48 25.48
2007-09-28 25.5 25.65 25.1 25.1
2007-10-08 26.0 26.69 25.6 25.6
2007-10-16 23.67 23.99 23.02 23.02
2007-10-29 23.35 23.8 22.0 22.0
2007-11-02 25.9 26.88 25.0 25.0
2007-11-16 23.0 23.17 22.57 22.57
2007-11-20 24.95 25.18 23.84 23.84
2007-11-23 25.02 25.08 23.5 23.5
2007-11-28 25.13 25.53 24.89 24.89
2007-12-04 26.34 26.35 25.1 25.1
2008-01-29 41.49 42.0 39.9 39.9
2008-01-31 39.0 40.95 35.0 35.0
2008-02-04 41.02 41.5 39.25 39.25
2008-02-14 40.26 40.99 39.8 39.8
2008-02-15 42.47 42.8 39.76 39.76
2008-02-21 47.8 48.85 44.0 44.0
2008-03-25 38.84 39.39 37.06 37.06
2008-06-25 32.44 32.6 30.9 30.9
2008-07-02 31.66 31.88 31.1 31.1
2008-07-23 31.89 32.49 31.7 31.7
2008-08-29 22.71 22.78 21.56 21.56
2008-10-06 21.82 22.2 21.15 21.15
2008-10-13 19.7 19.74 18.54 18.54
2008-11-14 19.34 19.78 18.81 18.81
2009-01-14 27.73 27.73 25.3 25.3
2009-07-10 36.5 37.0 35.5 35.5
2009-08-24 35.6 35.9 34.3 34.3
2010-02-11 40.7 40.97 39.91 39.91
2010-02-12 41.2 41.6 40.86 40.86
2010-02-24 42.29 42.52 39.75 39.75
2010-02-25 42.63 43.25 42.3 42.3
2010-09-06 23.63 23.65 22.9 22.9
2011-01-21 22.78 22.98 22.51 22.51
2011-02-28 26.9 27.37 26.45 26.45
2011-03-01 27.67 27.85 26.89 26.89
2011-03-04 26.05 26.26 25.6 25.6
2011-03-14 27.53 28.0 26.3 26.3
2011-03-16 29.1 29.35 27.26 27.26
2011-03-17 30.55 32.01 28.66 28.66
2011-03-23 29.0 29.36 28.75 28.75
2011-05-26 21.28 21.62 21.18 21.18
2011-06-01 21.63 21.8 21.45 21.45
2011-06-30 21.74 21.82 21.43 21.43
2011-07-04 22.28 22.3 21.94 21.94
2011-07-27 21.6 22.28 20.92 20.92
2011-09-16 18.16 18.35 18.1 18.1
2011-11-17 18.55 18.57 18.25 18.25
2012-03-02 16.83 16.84 16.38 16.38
2012-03-09 17.06 17.08 16.75 16.75
2012-07-10 20.37 20.8 19.71 19.71
2012-08-14 22.9 24.22 22.55 22.55
2013-01-09 20.17 20.35 19.88 19.88
2013-01-14 22.09 22.34 20.72 20.72
2013-03-25 25.04 25.58 24.51 24.51
2013-04-01 24.51 24.96 24.25 24.25
2013-04-19 30.43 31.29 29.5 29.5
2013-05-27 36.04 36.4 33.29 33.29
2013-07-02 39.17 39.58 36.07 36.07
2013-07-23 41.97 42.65 41.1 41.1
2013-11-22 34.6 35.05 33.2 33.2
2014-01-21 31.43 31.48 31.0 31.0
2014-01-24 34.29 34.98 33.81 33.81
2014-02-07 35.42 35.56 34.28 34.28
2014-02-10 35.86 36.17 35.46 35.46
2014-03-11 33.4 33.56 31.31 31.31
2014-03-13 34.29 34.48 33.52 33.52
2014-05-08 20.02 20.38 19.95 19.95
2014-05-14 19.94 20.18 19.83 19.83
2014-06-24 19.54 19.83 18.3 18.3
2014-07-11 20.22 20.32 19.92 19.92
2014-07-14 21.15 21.33 20.26 20.26
2014-07-15 21.49 21.62 21.15 21.15
2014-07-18 21.07 21.17 20.83 20.83
2014-07-25 20.76 20.77 20.29 20.29
2014-07-31 21.16 21.18 20.85 20.85
2014-09-23 22.51 22.67 22.23 22.23
2014-10-08 24.74 25.0 24.19 24.19
2014-11-17 24.94 24.96 24.18 24.18
2014-11-25 26.23 26.27 25.2 25.2
2014-11-27 27.86 28.18 26.39 26.39
2014-12-12 27.56 28.0 27.06 27.06
2014-12-19 27.15 27.72 26.85 26.85
2014-12-23 28.42 28.86 26.52 26.52
2014-12-24 31.26 31.26 28.6 28.6
2015-03-10 33.88 33.97 33.43 33.43
2015-04-22 39.53 39.99 38.56 38.56
2015-07-09 21.56 21.56 19.71 19.71
2015-07-17 29.23 29.5 27.3 27.3
2015-08-27 26.94 26.94 25.18 25.18
2015-09-07 25.41 26.18 24.31 24.31
2015-12-25 28.59 28.95 28.35 28.35
2015-12-28 29.44 30.8 29.03 29.03
2016-02-15 22.32 22.76 21.82 21.82
2016-04-11 24.19 24.28 23.83 23.83
2016-04-13 24.3 24.56 24.1 24.1
2016-05-23 25.32 25.32 23.61 23.61
2016-05-31 25.14 25.24 24.3 24.3
2016-08-15 32.83 33.2 32.53 32.53
2016-11-11 34.71 36.6 34.23 34.23
2016-11-17 35.67 35.95 35.55 35.55
2016-11-22 36.43 37.55 35.95 35.95
2016-12-06 33.92 34.5 33.55 33.55
2017-05-15 35.25 35.3 34.3 34.3
2017-06-01 35.97 36.32 35.81 35.81
2017-06-05 36.27 36.3 35.35 35.35
2017-06-20 37.97 38.3 37.82 37.82
2017-08-21 41.86 42.14 41.35 41.35
