2002-04-29 17.66 17.88 17.5 17.5
2002-06-18 16.7 16.78 16.48 16.48
2002-06-21 17.07 17.2 16.58 16.58
2002-08-08 17.29 17.39 17.08 17.08
2002-08-13 17.39 17.44 17.2 17.2
2002-09-03 17.68 17.74 17.6 17.6
2002-10-16 15.88 16.05 15.7 15.7
2002-10-22 15.9 15.94 15.7 15.7
2002-11-05 16.2 16.25 15.75 15.75
2002-11-13 14.95 14.96 14.65 14.65
2002-11-19 15.03 15.15 14.85 14.85
2002-12-12 14.05 14.28 14.03 14.03
2003-01-08 13.7 13.75 13.36 13.36
2003-02-20 15.21 15.3 15.06 15.06
2003-04-02 14.72 14.76 14.5 14.5
2003-05-21 13.57 13.83 13.53 13.53
2003-05-22 13.6 13.62 13.45 13.45
2003-05-23 13.7 13.8 13.5 13.5
2003-05-26 13.78 13.83 13.6 13.6
2003-06-18 14.07 14.17 14.03 14.03
2003-06-23 13.54 13.75 13.1 13.1
2003-07-31 13.8 13.92 13.6 13.6
2003-08-07 13.67 13.73 13.6 13.6
2003-08-14 13.47 13.8 13.35 13.35
2003-08-27 13.25 13.25 13.12 13.12
2003-09-15 13.3 13.4 13.2 13.2
2003-11-24 10.16 10.2 9.55 9.55
2003-12-01 10.28 10.28 9.95 9.95
2003-12-26 9.97 10.04 9.7 9.7
2004-01-02 9.63 9.77 9.55 9.55
2004-01-09 10.38 10.7 10.15 10.15
2004-01-12 10.51 10.64 10.38 10.38
2004-02-13 12.03 12.24 11.78 11.78
2004-03-19 12.81 12.89 12.58 12.58
2004-03-31 12.31 12.38 11.96 11.96
2004-04-02 12.34 12.54 12.17 12.17
2004-05-18 11.31 11.32 11.1 11.1
2004-06-21 9.6 9.68 9.42 9.42
2004-06-24 9.93 9.98 9.75 9.75
2004-07-01 9.4 9.45 9.1 9.1
2004-08-18 8.74 8.84 8.72 8.72
2004-08-31 8.48 8.63 8.2 8.2
2004-09-20 9.23 9.37 8.88 8.88
2004-10-19 8.98 9.05 8.8 8.8
2004-11-02 8.72 8.77 8.55 8.55
2004-11-03 8.86 8.86 8.7 8.7
2004-11-26 9.24 9.31 9.18 9.18
2004-12-09 8.96 9.05 8.8 8.8
2005-01-07 7.95 8.06 7.86 7.86
2005-01-31 6.8 6.92 6.78 6.78
2005-02-21 7.25 7.26 7.05 7.05
2005-02-25 7.68 7.8 7.62 7.62
2005-03-07 7.57 7.58 7.45 7.45
2005-03-11 7.9 8.0 7.84 7.84
2005-03-21 7.33 7.39 7.26 7.26
2005-03-25 7.26 7.3 7.23 7.23
2005-04-08 7.13 7.16 6.9 6.9
2005-04-13 7.05 7.18 6.89 6.89
2005-04-19 6.78 6.85 6.62 6.62
2005-05-17 6.26 6.34 6.16 6.16
2005-05-18 6.34 6.35 6.26 6.26
2005-05-26 6.2 6.31 6.18 6.18
2005-06-14 6.69 6.83 6.6 6.6
2005-06-23 6.86 6.87 6.62 6.62
2005-06-27 7.07 7.21 6.9 6.9
2005-07-07 6.79 6.96 6.75 6.75
2005-07-27 5.92 5.94 5.75 5.75
2005-07-29 5.98 6.05 5.9 5.9
2005-08-05 6.23 6.23 6.06 6.06
2005-08-08 6.37 6.38 6.24 6.24
2005-08-17 7.46 7.59 6.9 6.9
2005-08-22 7.18 7.34 7.05 7.05
2005-08-31 7.19 7.2 6.96 6.96
2005-09-26 7.24 7.28 7.15 7.15
2005-10-11 7.4 7.44 7.2 7.2
2005-10-27 7.06 7.17 7.0 7.0
2005-11-02 6.88 6.94 6.66 6.66
2005-11-04 6.88 6.89 6.76 6.76
2005-11-07 7.0 7.0 6.8 6.8
2005-11-08 6.99 7.0 6.85 6.85
2005-11-18 6.85 6.87 6.67 6.67
2005-12-01 6.75 6.81 6.68 6.68
2005-12-29 6.8 6.83 6.7 6.7
2006-01-12 7.23 7.28 7.07 7.07
2006-03-14 7.64 7.74 7.43 7.43
2006-03-27 7.87 7.9 7.66 7.66
2006-03-30 8.01 8.17 7.87 7.87
2006-03-31 8.53 8.8 8.01 8.01
2006-04-26 10.23 10.23 9.38 9.38
2006-05-08 10.65 10.84 10.26 10.26
2006-05-19 13.33 13.8 12.9 12.9
2006-10-16 9.46 9.62 9.41 9.41
2006-10-24 10.04 10.04 9.6 9.6
2006-11-22 9.23 9.38 8.92 8.92
2006-11-30 9.35 9.41 9.26 9.26
2006-12-14 9.4 9.85 9.14 9.14
2006-12-20 10.09 10.18 9.6 9.6
2006-12-25 10.27 10.55 9.9 9.9
2007-01-22 13.07 13.11 12.1 12.1
2007-01-29 12.0 12.1 11.53 11.53
2007-02-06 11.93 12.05 11.52 11.52
2007-02-16 13.59 13.9 13.18 13.18
2007-03-07 14.05 14.3 13.66 13.66
2007-03-08 15.46 15.46 14.4 14.4
2007-03-15 15.51 15.53 15.0 15.0
2007-03-21 17.02 17.55 15.68 15.68
2007-03-30 15.88 15.98 15.59 15.59
2007-04-02 16.05 16.22 15.8 15.8
2007-04-04 16.65 16.79 16.2 16.2
2007-04-12 16.84 16.9 16.37 16.37
2007-04-17 17.73 17.98 16.8 16.8
2007-04-30 22.2 22.49 20.5 20.5
2007-06-07 22.04 22.04 19.98 19.98
2007-06-18 24.03 24.92 23.68 23.68
2007-06-26 21.76 22.08 20.32 20.32
2007-07-13 20.11 20.11 18.5 18.5
2007-07-25 22.0 22.1 21.3 21.3
2007-07-30 23.27 23.3 22.52 22.52
2007-07-31 24.0 24.43 23.35 23.35
2007-08-02 23.23 23.58 22.41 22.41
2007-08-23 25.61 25.78 24.43 24.43
2007-08-30 24.85 24.86 23.8 23.8
2007-09-06 25.0 25.22 24.58 24.58
2007-09-07 25.66 26.49 24.62 24.62
2007-09-17 26.88 26.99 25.48 25.48
2007-09-26 24.91 25.47 24.6 24.6
2007-09-28 25.5 25.65 25.1 25.1
2007-10-08 26.0 26.69 25.6 25.6
2007-10-16 23.67 23.99 23.02 23.02
2007-10-26 22.25 22.97 20.08 20.08
2007-10-29 23.35 23.8 22.0 22.0
2007-11-02 25.9 26.88 25.0 25.0
2007-11-14 23.0 23.0 22.02 22.02
2007-11-16 23.0 23.17 22.57 22.57
2007-11-20 24.95 25.18 23.84 23.84
2007-11-23 25.02 25.08 23.5 23.5
2007-11-28 25.13 25.53 24.89 24.89
2007-12-04 26.34 26.35 25.1 25.1
2007-12-14 28.09 28.2 26.51 26.51
2008-01-23 41.86 42.9 40.8 40.8
2008-01-29 41.49 42.0 39.9 39.9
2008-01-31 39.0 40.95 35.0 35.0
2008-02-04 41.02 41.5 39.25 39.25
2008-02-14 40.26 40.99 39.8 39.8
2008-02-15 42.47 42.8 39.76 39.76
2008-02-21 47.8 48.85 44.0 44.0
2008-03-11 41.05 41.2 38.05 38.05
2008-03-21 38.21 39.0 35.88 35.88
2008-03-25 38.84 39.39 37.06 37.06
2008-04-30 36.91 37.39 35.01 35.01
2008-05-26 40.62 41.67 39.35 39.35
2008-06-11 36.46 36.94 35.7 35.7
2008-06-23 29.61 30.3 28.7 28.7
2008-06-25 32.44 32.6 30.9 30.9
2008-07-02 31.66 31.88 31.1 31.1
2008-07-21 32.5 32.6 31.0 31.0
2008-07-23 31.89 32.49 31.7 31.7
2008-08-14 24.76 25.13 23.53 23.53
2008-08-25 23.03 24.35 22.66 22.66
2008-08-29 22.71 22.78 21.56 21.56
2008-09-24 21.47 21.5 20.5 20.5
2008-10-06 21.82 22.2 21.15 21.15
2008-10-13 19.7 19.74 18.54 18.54
2008-10-24 19.48 19.69 19.08 19.08
2008-11-12 17.0 17.29 16.77 16.77
2008-11-14 19.34 19.78 18.81 18.81
2009-01-09 24.25 24.38 24.0 24.0
2009-01-14 27.73 27.73 25.3 25.3
2009-02-04 32.34 32.34 29.6 29.6
2009-02-20 33.51 34.28 33.1 33.1
2009-03-10 33.24 33.74 30.6 30.6
2009-03-30 32.17 32.36 30.88 30.88
2009-04-20 32.69 33.18 32.26 32.26
2009-05-05 34.98 35.74 32.55 32.55
2009-06-11 32.3 32.39 31.86 31.86
2009-07-03 32.61 33.1 31.7 31.7
2009-07-10 36.5 37.0 35.5 35.5
2009-08-20 33.35 33.55 32.3 32.3
2009-08-24 35.6 35.9 34.3 34.3
2009-09-03 35.3 35.5 34.8 34.8
2009-09-17 36.2 37.0 36.0 36.0
2009-10-14 34.6 35.05 34.23 34.23
2009-10-23 35.84 35.99 34.93 34.93
2009-11-03 34.48 34.65 33.8 33.8
2009-11-16 37.2 38.35 35.8 35.8
2009-12-24 38.36 38.55 37.09 37.09
2010-02-08 38.81 38.84 38.22 38.22
2010-02-11 40.7 40.97 39.91 39.91
2010-02-12 41.2 41.6 40.86 40.86
2010-02-24 42.29 42.52 39.75 39.75
2010-02-25 42.63 43.25 42.3 42.3
2010-03-17 41.0 41.05 39.9 39.9
2010-04-21 36.14 36.15 34.93 34.93
2010-05-05 33.7 33.82 32.52 32.52
2010-06-21 21.32 21.45 20.58 20.58
2010-07-09 17.66 17.96 17.22 17.22
2010-07-20 18.56 18.88 17.22 17.22
2010-08-02 21.83 22.29 20.27 20.27
2010-08-13 22.46 22.69 21.82 21.82
2010-08-30 23.38 23.56 22.71 22.71
2010-09-06 23.63 23.65 22.9 22.9
2010-09-21 24.86 25.43 24.32 24.32
2011-01-19 23.41 23.45 22.79 22.79
2011-01-21 22.78 22.98 22.51 22.51
2011-02-24 26.54 27.0 25.8 25.8
2011-02-28 26.9 27.37 26.45 26.45
2011-03-01 27.67 27.85 26.89 26.89
2011-03-04 26.05 26.26 25.6 25.6
2011-03-14 27.53 28.0 26.3 26.3
2011-03-16 29.1 29.35 27.26 27.26
2011-03-17 30.55 32.01 28.66 28.66
2011-03-23 29.0 29.36 28.75 28.75
2011-05-19 23.14 23.43 22.91 22.91
2011-05-26 21.28 21.62 21.18 21.18
2011-06-01 21.63 21.8 21.45 21.45
2011-06-22 21.23 21.88 20.27 20.27
2011-06-30 21.74 21.82 21.43 21.43
2011-07-04 22.28 22.3 21.94 21.94
2011-07-20 22.68 22.95 22.37 22.37
2011-07-27 21.6 22.28 20.92 20.92
2011-08-12 18.77 19.07 18.61 18.61
2011-09-07 17.64 17.66 17.15 17.15
2011-09-16 18.16 18.35 18.1 18.1
2011-11-15 18.61 18.66 17.9 17.9
2011-11-17 18.55 18.57 18.25 18.25
2012-01-20 15.24 15.3 14.85 14.85
2012-02-27 16.63 17.08 16.6 16.6
2012-03-02 16.83 16.84 16.38 16.38
2012-03-09 17.06 17.08 16.75 16.75
2012-04-05 15.06 15.07 14.62 14.62
2012-04-18 16.79 17.0 16.41 16.41
2012-05-22 17.99 18.07 17.5 17.5
2012-07-06 19.66 19.84 18.42 18.42
2012-07-10 20.37 20.8 19.71 19.71
2012-08-13 22.19 22.98 21.55 21.55
2012-08-14 22.9 24.22 22.55 22.55
2012-12-28 19.67 19.7 19.22 19.22
2013-01-09 20.17 20.35 19.88 19.88
2013-01-14 22.09 22.34 20.72 20.72
2013-03-21 24.3 24.56 23.66 23.66
2013-03-25 25.04 25.58 24.51 24.51
2013-04-01 24.51 24.96 24.25 24.25
2013-04-12 26.57 26.57 26.57 26.57
2013-04-19 30.43 31.29 29.5 29.5
2013-05-21 34.51 34.93 33.3 33.3
2013-05-27 36.04 36.4 33.29 33.29
2013-06-17 35.98 37.15 35.2 35.2
2013-07-01 36.19 36.24 34.78 34.78
2013-07-02 39.17 39.58 36.07 36.07
2013-07-18 40.39 41.74 39.38 39.38
2013-07-23 41.97 42.65 41.1 41.1
2013-09-13 35.35 35.47 32.35 32.35
2013-10-14 34.55 34.59 33.72 33.72
2013-11-04 29.39 29.62 28.81 28.81
2013-11-15 31.77 32.1 30.77 30.77
2013-11-22 34.6 35.05 33.2 33.2
2013-12-09 37.63 38.24 36.31 36.31
2013-12-24 34.66 35.2 34.04 34.04
2014-01-13 30.11 30.82 29.4 29.4
2014-01-21 31.43 31.48 31.0 31.0
2014-01-24 34.29 34.98 33.81 33.81
2014-02-07 35.42 35.56 34.28 34.28
2014-02-10 35.86 36.17 35.46 35.46
2014-03-03 33.54 33.79 32.2 32.2
2014-03-11 33.4 33.56 31.31 31.31
2014-03-13 34.29 34.48 33.52 33.52
2014-04-18 35.02 35.2 34.76 34.76
2014-05-06 20.56 20.65 20.0 20.0
2014-05-08 20.02 20.38 19.95 19.95
2014-05-14 19.94 20.18 19.83 19.83
2014-05-26 20.13 20.15 19.65 19.65
2014-06-10 18.86 18.93 18.49 18.49
2014-06-23 18.23 18.28 18.08 18.08
2014-06-24 19.54 19.83 18.3 18.3
2014-07-04 20.69 21.2 20.5 20.5
2014-07-11 20.22 20.32 19.92 19.92
2014-07-14 21.15 21.33 20.26 20.26
2014-07-15 21.49 21.62 21.15 21.15
2014-07-18 21.07 21.17 20.83 20.83
2014-07-25 20.76 20.77 20.29 20.29
2014-07-31 21.16 21.18 20.85 20.85
2014-09-17 22.89 22.96 22.66 22.66
2014-09-23 22.51 22.67 22.23 22.23
2014-10-08 24.74 25.0 24.19 24.19
2014-10-28 23.24 23.26 22.76 22.76
2014-11-10 24.51 24.54 24.16 24.16
2014-11-17 24.94 24.96 24.18 24.18
2014-11-25 26.23 26.27 25.2 25.2
2014-11-27 27.86 28.18 26.39 26.39
2014-12-10 27.2 27.29 26.05 26.05
2014-12-12 27.56 28.0 27.06 27.06
2014-12-19 27.15 27.72 26.85 26.85
2014-12-23 28.42 28.86 26.52 26.52
2014-12-24 31.26 31.26 28.6 28.6
2015-01-08 33.5 33.97 32.72 32.72
2015-02-03 33.88 34.25 33.0 33.0
2015-03-09 33.62 33.69 32.61 32.61
2015-03-10 33.88 33.97 33.43 33.43
2015-04-21 38.48 38.54 37.25 37.25
2015-04-22 39.53 39.99 38.56 38.56
2015-05-08 36.67 36.75 36.12 36.12
2015-06-24 41.91 42.98 40.98 40.98
2015-07-08 19.6 20.79 19.6 19.6
2015-07-09 21.56 21.56 19.71 19.71
2015-07-17 29.23 29.5 27.3 27.3
2015-08-10 30.87 31.42 29.58 29.58
2015-08-25 23.66 25.09 23.21 23.21
2015-08-27 26.94 26.94 25.18 25.18
2015-09-07 25.41 26.18 24.31 24.31
2015-09-16 29.04 29.04 26.0 26.0
2015-10-20 28.45 28.68 26.22 26.22
2015-11-06 29.9 29.97 28.07 28.07
2015-11-19 28.74 28.89 28.4 28.4
2015-12-17 27.59 27.66 27.01 27.01
2015-12-25 28.59 28.95 28.35 28.35
2015-12-28 29.44 30.8 29.03 29.03
2016-02-05 22.45 22.94 21.22 21.22
2016-02-15 22.32 22.76 21.82 21.82
2016-03-23 24.43 24.49 24.05 24.05
2016-04-05 24.46 24.62 23.68 23.68
2016-04-11 24.19 24.28 23.83 23.83
2016-04-13 24.3 24.56 24.1 24.1
2016-05-03 23.22 23.26 22.35 22.35
2016-05-19 22.7 23.07 22.55 22.55
2016-05-23 25.32 25.32 23.61 23.61
2016-05-31 25.14 25.24 24.3 24.3
2016-06-17 27.58 27.71 27.13 27.13
2016-07-21 29.07 29.57 28.86 28.86
2016-08-09 33.96 34.55 31.85 31.85
2016-08-15 32.83 33.2 32.53 32.53
2016-08-26 32.58 32.65 31.2 31.2
2016-09-07 32.31 32.89 32.09 32.09
2016-10-25 32.64 32.65 32.01 32.01
2016-11-03 31.86 32.07 31.65 31.65
2016-11-11 34.71 36.6 34.23 34.23
2016-11-17 35.67 35.95 35.55 35.55
2016-11-22 36.43 37.55 35.95 35.95
2016-12-01 34.85 35.16 34.65 34.65
2016-12-06 33.92 34.5 33.55 33.55
2017-01-20 35.88 35.9 35.01 35.01
2017-02-22 38.81 38.94 37.38 37.38
2017-03-31 36.59 36.68 36.23 36.23
2017-04-20 35.79 36.27 34.98 34.98
2017-05-12 34.3 34.43 33.6 33.6
2017-05-15 35.25 35.3 34.3 34.3
2017-05-31 36.0 36.29 35.28 35.28
2017-06-01 35.97 36.32 35.81 35.81
2017-06-05 36.27 36.3 35.35 35.35
2017-06-15 38.43 38.8 37.74 37.74
2017-06-20 37.97 38.3 37.82 37.82
2017-06-29 41.12 41.3 40.3 40.3
2017-07-13 39.52 40.4 39.0 39.0
2017-08-08 42.77 44.28 42.5 42.5
2017-08-17 42.5 42.75 42.06 42.06
2017-08-21 41.86 42.14 41.35 41.35
