2001-01-17 22.8 23.2 22.7 22.7
2001-01-19 23.36 23.75 23.18 23.18
2001-02-09 22.23 22.4 21.85 21.85
2001-02-14 22.07 22.24 21.9 21.9
2001-02-15 22.1 22.4 22.0 22.0
2001-02-23 22.8 22.85 22.4 22.4
2001-03-01 22.9 23.1 22.7 22.7
2001-03-14 23.56 23.73 23.4 23.4
2001-03-29 23.87 24.25 23.8 23.8
2001-04-02 24.95 25.25 24.2 24.2
2001-04-16 26.28 26.5 25.7 25.7
2001-04-24 25.83 25.99 25.5 25.5
2001-04-27 24.8 24.9 24.3 24.3
2001-04-30 25.3 25.47 24.45 24.45
2001-05-08 26.01 26.1 25.18 25.18
2001-06-13 28.11 28.19 27.45 27.45
2001-06-21 27.13 27.17 26.5 26.5
2001-06-25 27.3 27.68 26.2 26.2
2001-06-28 26.8 27.2 26.75 26.75
2001-07-04 27.05 27.41 26.73 26.73
2001-07-23 25.6 25.99 25.4 25.4
2001-08-15 25.84 25.99 25.65 25.65
2001-08-20 25.72 25.85 25.5 25.5
2001-08-21 25.6 25.8 25.0 25.0
2001-09-04 25.29 25.29 24.8 24.8
2001-09-18 25.4 25.8 24.7 24.7
2001-09-21 25.06 25.48 25.0 25.0
2001-10-09 23.7 23.9 22.4 22.4
2001-11-01 17.88 18.01 17.79 17.79
2001-11-20 16.9 17.2 16.5 16.5
2001-12-31 17.46 17.5 16.8 16.8
2002-01-21 14.89 14.9 14.2 14.2
2002-01-22 14.86 15.1 14.57 14.57
2002-01-23 15.99 16.0 14.5 14.5
2002-01-29 14.8 14.98 14.2 14.2
2002-01-30 14.82 14.98 14.6 14.6
2002-02-04 15.43 15.7 15.2 15.2
2002-02-05 16.04 16.1 15.45 15.45
2002-02-08 16.43 16.5 16.03 16.03
2002-03-07 17.49 17.5 16.95 16.95
2002-03-28 17.95 18.4 17.9 17.9
2002-05-17 17.95 18.04 17.8 17.8
2002-05-21 18.48 18.55 17.85 17.85
2002-05-23 18.41 18.5 18.3 18.3
2002-06-17 17.8 17.85 17.71 17.71
2002-06-18 17.98 18.0 17.8 17.8
2002-06-27 18.54 18.55 18.18 18.18
2002-07-16 18.43 18.45 18.26 18.26
2002-07-19 19.11 19.3 18.92 18.92
2002-07-26 18.8 18.9 18.78 18.78
2002-08-20 19.34 19.45 19.26 19.26
2002-09-03 19.47 19.5 19.24 19.24
2002-09-11 19.82 19.9 19.63 19.63
2002-09-20 13.14 13.18 12.89 12.89
2002-10-10 12.61 12.78 12.49 12.49
2002-12-19 12.23 12.5 11.49 11.49
2003-01-13 13.5 13.78 12.8 12.8
2003-02-14 16.19 16.48 15.7 15.7
2003-03-07 16.23 16.38 15.83 15.83
2003-03-10 16.6 17.2 16.26 16.26
2003-03-14 15.09 15.18 14.92 14.92
2003-06-24 14.87 14.98 14.82 14.82
2003-07-30 14.72 14.75 14.6 14.6
2003-11-20 8.46 8.46 7.68 7.68
2003-12-01 9.31 9.35 8.95 8.95
2003-12-02 9.43 10.1 9.35 9.35
2003-12-10 9.39 9.48 9.28 9.28
2003-12-30 9.6 9.66 9.48 9.48
2004-01-30 10.77 10.96 10.58 10.58
2004-02-19 11.39 11.46 11.16 11.16
2004-03-03 11.65 11.66 11.08 11.08
2004-03-16 11.22 11.36 11.05 11.05
2004-04-12 11.43 11.55 11.28 11.28
2004-04-19 10.11 10.26 10.0 10.0
2004-05-10 9.26 9.3 9.15 9.15
2004-05-11 9.34 9.39 9.25 9.25
2004-05-12 9.61 9.64 9.35 9.35
2004-05-18 9.93 9.95 9.59 9.59
2004-05-24 10.06 10.1 10.0 10.0
2004-06-04 9.88 9.9 9.85 9.85
2004-06-11 8.93 9.04 8.85 8.85
2004-07-05 8.85 8.88 8.53 8.53
2004-07-06 8.86 8.95 8.8 8.8
2004-07-15 8.11 8.11 7.75 7.75
2004-07-19 8.59 8.63 8.2 8.2
2004-08-04 8.02 8.05 7.84 7.84
2004-08-23 7.34 7.36 7.3 7.3
2004-08-31 7.29 7.36 7.16 7.16
2004-09-14 6.39 6.4 6.16 6.16
2004-09-15 6.79 6.85 6.3 6.3
2004-09-17 7.1 7.11 6.73 6.73
2004-09-30 8.26 8.64 7.88 7.88
2004-11-03 7.06 7.13 6.8 6.8
2004-11-18 7.02 7.1 7.0 7.0
2004-11-23 7.49 7.64 7.38 7.38
2004-11-26 7.46 7.48 7.2 7.2
2004-12-21 7.29 7.36 7.2 7.2
2004-12-22 7.6 7.62 7.28 7.28
2004-12-27 7.52 7.55 7.37 7.37
2005-02-28 7.17 7.17 6.64 6.64
2005-06-27 3.3 3.3 3.2 3.2
2005-07-25 2.59 2.68 2.5 2.5
2005-07-26 2.65 2.66 2.55 2.55
2005-07-28 2.99 3.04 2.8 2.8
2005-08-10 3.92 3.95 3.6 3.6
2005-08-24 3.82 3.86 3.59 3.59
2005-09-01 4.04 4.04 3.8 3.8
2005-09-05 4.02 4.03 3.9 3.9
2005-09-16 4.27 4.29 4.15 4.15
2005-09-29 3.88 3.89 3.73 3.73
2005-10-25 3.93 4.08 3.91 3.91
2005-10-31 3.28 3.29 3.15 3.15
2005-11-24 3.12 3.17 3.1 3.1
2005-12-23 3.12 3.14 3.09 3.09
2005-12-26 3.16 3.18 3.13 3.13
2005-12-30 3.21 3.3 3.2 3.2
2006-02-21 3.47 3.49 3.33 3.33
2006-02-27 3.55 3.69 3.52 3.52
2006-10-18 4.43 4.44 4.38 4.38
2006-10-24 4.3 4.33 4.22 4.22
2006-11-01 4.25 4.3 4.19 4.19
2006-12-14 4.13 4.14 4.07 4.07
2006-12-22 4.39 4.44 4.19 4.19
2007-01-29 5.2 5.28 4.99 4.99
2007-02-28 6.16 6.2 5.71 5.71
2007-04-30 10.6 10.87 10.23 10.23
2007-06-13 9.48 9.5 8.92 8.92
2007-07-17 8.43 8.55 8.18 8.18
2007-07-20 8.99 9.04 8.59 8.59
2007-07-23 9.39 9.45 8.9 8.9
2007-08-14 11.66 11.8 10.81 10.81
2007-09-17 12.17 12.38 11.8 11.8
2007-09-28 12.35 12.59 12.0 12.0
2007-11-07 12.14 12.18 11.36 11.36
2007-12-04 14.18 14.23 13.31 13.31
2007-12-14 15.01 15.1 13.81 13.81
2007-12-24 15.73 15.73 14.22 14.22
2008-03-28 14.65 14.65 13.3 13.3
2008-04-29 10.34 10.4 9.85 9.85
2008-05-27 9.29 9.36 9.01 9.01
2008-07-07 9.17 9.39 8.66 8.66
2008-10-28 4.66 4.68 4.21 4.21
2008-10-30 4.57 4.7 4.46 4.46
2008-11-05 4.45 4.52 4.38 4.38
2008-11-19 5.39 5.46 5.01 5.01
2009-03-04 6.31 6.35 5.94 5.94
2009-03-18 6.61 6.75 6.6 6.6
2009-03-19 6.76 6.82 6.61 6.61
2009-09-14 7.61 7.68 7.32 7.32
2009-10-09 7.27 7.29 7.03 7.03
2009-11-16 9.46 9.51 9.12 9.12
2009-12-07 9.69 9.77 9.27 9.27
2009-12-28 9.2 9.27 9.02 9.02
2010-01-14 10.81 10.86 10.4 10.4
2010-02-22 10.31 10.6 10.1 10.1
2010-02-26 11.52 11.97 10.97 10.97
2010-03-05 11.8 11.89 11.3 11.3
2010-04-12 12.41 12.66 11.91 11.91
2010-05-18 9.1 9.15 8.65 8.65
2010-05-24 10.14 10.54 9.87 9.87
2010-07-14 7.86 7.88 7.7 7.7
2010-08-11 9.29 9.41 9.08 9.08
2010-08-23 9.44 9.53 9.21 9.21
2010-08-27 10.19 10.4 9.62 9.62
2010-10-19 9.81 9.85 9.53 9.53
2010-10-26 10.96 11.48 10.72 10.72
2010-10-28 10.78 10.8 10.53 10.53
2010-11-01 10.98 10.99 10.63 10.63
2010-11-11 11.43 11.87 11.39 11.39
2010-12-13 10.2 10.23 10.0 10.0
2011-02-14 10.02 10.17 9.89 9.89
2011-02-21 11.02 11.28 10.24 10.24
2011-03-18 13.49 13.84 13.45 13.45
2011-03-21 13.94 14.47 13.56 13.56
2011-04-08 13.62 13.8 13.2 13.2
2011-05-31 11.65 11.71 11.16 11.16
2011-06-03 11.81 11.94 11.46 11.46
2011-08-01 12.99 13.33 12.24 12.24
2011-08-19 12.15 12.36 12.0 12.0
2011-08-23 12.45 12.5 12.26 12.26
2011-09-06 11.83 11.95 11.64 11.64
2011-09-07 12.25 12.26 11.92 11.92
2011-12-29 6.27 6.35 6.2 6.2
2012-01-17 6.81 6.85 6.35 6.35
2012-01-19 7.12 7.14 6.74 6.74
2012-04-05 6.88 6.89 6.64 6.64
2012-04-18 7.27 7.3 7.01 7.01
2012-05-10 6.9 6.96 6.75 6.75
2012-08-01 5.18 5.22 5.08 5.08
2012-08-21 5.22 5.26 5.11 5.11
2012-09-07 5.1 5.2 5.0 5.0
2012-09-18 5.1 5.14 5.01 5.01
2012-10-16 5.09 5.15 5.08 5.08
2012-10-24 5.2 5.27 5.1 5.1
2012-10-30 4.9 4.96 4.88 4.88
2012-12-28 4.71 4.9 4.68 4.68
2013-01-08 4.85 4.87 4.73 4.73
2013-01-28 4.78 4.78 4.66 4.66
2013-02-08 4.88 4.91 4.85 4.85
2013-03-01 4.93 4.93 4.81 4.81
2013-03-06 4.99 5.03 4.88 4.88
2013-04-01 4.6 4.65 4.59 4.59
2013-04-24 4.35 4.38 4.28 4.28
2013-05-06 4.32 4.33 4.23 4.23
2013-05-20 4.44 4.46 4.41 4.41
2013-05-29 4.51 4.55 4.5 4.5
2013-07-15 3.54 3.57 3.48 3.48
2013-08-12 3.78 3.8 3.7 3.7
2013-08-19 3.86 3.88 3.77 3.77
2013-08-30 3.98 4.06 3.88 3.88
2013-09-17 4.06 4.18 4.05 4.05
2013-09-23 4.12 4.12 4.06 4.06
2013-09-30 3.9 3.91 3.86 3.86
2013-10-11 4.0 4.02 3.94 3.94
2013-10-17 3.92 3.96 3.88 3.88
2013-10-30 4.52 4.52 4.13 4.13
2013-12-03 4.94 4.98 4.71 4.71
2013-12-12 4.68 4.78 4.62 4.62
2014-01-21 4.14 4.18 4.1 4.1
2014-01-29 4.42 4.46 4.3 4.3
2014-02-10 4.52 4.54 4.41 4.41
2014-02-20 5.45 5.45 5.45 5.45
2014-02-26 4.9 4.96 4.6 4.6
2014-03-13 4.57 4.63 4.5 4.5
2014-03-17 4.65 4.7 4.58 4.58
2014-04-29 4.74 4.81 4.48 4.48
2014-05-08 4.6 4.73 4.58 4.58
2014-05-15 5.03 5.11 4.85 4.85
2014-05-20 5.03 5.09 4.86 4.86
2014-06-16 5.7 5.87 5.61 5.61
2014-07-16 5.44 5.49 5.23 5.23
2014-07-30 5.81 6.01 5.63 5.63
2014-08-04 5.63 5.66 5.52 5.52
2014-10-20 6.12 6.13 6.05 6.05
2014-12-10 6.15 6.17 6.0 6.0
2015-02-13 5.88 5.91 5.84 5.84
2015-02-26 6.11 6.14 6.04 6.04
2015-03-30 7.24 7.38 7.13 7.13
2015-04-22 8.58 8.8 8.0 8.0
2015-04-27 9.85 10.14 9.27 9.27
2015-05-08 9.42 9.47 8.76 8.76
2015-06-02 10.21 10.23 9.67 9.67
2015-07-08 4.96 4.96 4.96 4.96
2015-07-09 5.46 5.46 4.46 4.46
2015-07-16 6.04 6.28 5.37 5.37
2015-07-17 6.41 6.54 6.06 6.06
2015-08-04 6.44 6.44 5.87 5.87
2015-08-07 6.61 6.65 6.38 6.38
2015-08-25 5.63 5.74 5.63 5.63
2015-09-02 5.73 6.36 5.73 5.73
2015-12-25 7.88 7.95 7.68 7.68
2016-01-06 6.76 6.8 6.53 6.53
2016-01-29 4.94 5.03 4.8 4.8
2016-02-02 4.98 5.01 4.86 4.86
2016-09-22 5.65 5.65 5.65 5.65
2016-09-23 5.93 5.93 5.93 5.93
2016-09-26 6.23 6.23 6.23 6.23
2016-09-27 6.54 6.54 6.54 6.54
2016-09-29 6.27 6.43 6.18 6.18
2016-11-03 6.28 6.35 6.25 6.25
2017-01-23 7.03 7.08 7.01 7.01
2017-02-27 7.1 7.19 7.03 7.03
2017-03-03 7.51 7.54 7.29 7.29
2017-03-29 7.47 7.54 7.45 7.45
2017-04-17 7.44 7.5 7.32 7.32
2017-04-26 6.81 6.82 6.72 6.72
2017-05-03 7.51 7.53 7.29 7.29
2017-06-12 7.11 7.25 7.1 7.1
2017-06-29 6.46 6.47 6.39 6.39
2017-07-07 6.53 6.58 6.5 6.5
2017-08-17 7.01 7.03 6.76 6.76
2017-09-06 7.45 7.55 7.31 7.31
