2006-10-19 16.75 16.82 15.72 15.72
2006-10-27 16.99 17.25 16.83 16.83
2006-11-01 16.48 16.5 15.91 15.91
2006-11-03 16.38 16.5 16.12 16.12
2006-11-09 17.6 17.63 16.1 16.1
2007-02-08 26.88 27.08 26.03 26.03
2007-02-12 28.3 28.3 27.3 27.3
2007-04-09 30.0 30.08 29.5 29.5
2007-05-16 35.25 35.49 34.5 34.5
2007-05-23 39.65 39.98 38.03 38.03
2007-07-20 48.35 48.38 43.22 43.22
2007-07-23 49.97 51.0 48.5 48.5
2007-07-30 49.23 49.99 47.91 47.91
2007-08-02 49.95 51.06 46.6 46.6
2007-08-27 50.09 51.1 49.03 49.03
2007-09-03 51.61 52.99 51.02 51.02
2008-01-02 54.51 55.54 50.52 50.52
2008-03-06 46.2 47.0 44.5 44.5
2008-06-25 37.5 38.0 35.5 35.5
2008-09-05 25.95 26.99 25.0 25.0
2008-11-05 16.2 17.0 15.8 15.8
2008-12-08 21.61 21.9 19.9 19.9
2008-12-11 21.45 22.45 20.56 20.56
2009-01-22 19.01 19.2 18.96 18.96
2009-02-04 20.79 21.0 19.68 19.68
2009-02-09 22.14 22.63 21.3 21.3
2009-04-08 20.59 21.1 20.36 20.36
2009-05-13 23.67 23.99 23.52 23.52
2009-06-01 24.63 24.86 24.02 24.02
2009-09-11 30.11 30.34 29.1 29.1
2009-09-14 30.76 30.97 29.99 29.99
2009-10-09 32.99 33.23 31.98 31.98
2009-11-30 38.58 38.9 37.08 37.08
2009-12-08 36.72 37.69 36.21 36.21
2010-01-27 32.71 33.95 32.31 32.31
2010-01-28 33.08 33.2 32.5 32.5
2010-02-01 34.24 34.55 33.66 33.66
2010-02-05 33.8 33.89 33.07 33.07
2010-02-11 33.8 34.11 33.28 33.28
2010-02-25 36.01 36.1 35.4 35.4
2010-03-01 36.31 36.55 35.39 35.39
2010-05-26 34.49 34.69 34.0 34.0
2010-05-27 34.69 34.7 34.2 34.2
2010-05-28 34.82 35.3 34.7 34.7
2010-06-07 35.57 35.99 34.65 34.65
2010-06-09 35.86 36.0 35.55 35.55
2010-08-24 40.8 41.66 40.0 40.0
2010-08-30 43.79 44.16 41.8 41.8
2010-09-02 44.9 45.0 43.64 43.64
2010-09-03 47.0 47.9 44.87 44.87
2010-09-10 46.7 46.84 45.85 45.85
2010-09-13 48.93 50.0 46.75 46.75
2010-09-21 46.74 47.0 46.02 46.02
2010-10-25 44.27 44.8 43.56 43.56
2011-03-03 43.88 44.8 43.03 43.03
2011-03-11 43.73 44.29 43.61 43.61
2011-04-25 42.25 42.48 40.78 40.78
2011-08-29 43.87 44.19 43.02 43.02
2011-09-26 39.05 39.79 38.7 38.7
2011-09-28 39.65 40.0 39.02 39.02
2012-02-03 30.31 30.6 29.7 29.7
2012-02-06 30.96 31.4 30.31 30.31
2012-02-10 31.92 32.12 31.0 31.0
2012-02-13 31.92 32.45 31.35 31.35
2012-02-14 32.03 32.16 31.64 31.64
2012-03-15 32.92 32.95 31.85 31.85
2012-05-03 28.51 28.58 28.16 28.16
2012-08-24 25.98 26.37 25.9 25.9
2012-08-31 25.99 26.15 25.73 25.73
2012-09-28 26.42 26.45 25.85 25.85
2012-10-09 26.7 26.7 26.23 26.23
2012-11-01 24.65 25.0 24.21 24.21
2012-11-05 24.48 24.5 24.11 24.11
2013-09-09 16.27 16.32 15.94 15.94
2013-10-14 25.16 25.96 23.78 23.78
2014-07-31 16.97 17.04 16.27 16.27
2014-08-04 17.39 17.4 16.86 16.86
2014-09-23 17.97 18.03 17.74 17.74
2015-07-10 24.61 24.61 23.27 23.27
2016-05-31 20.74 20.77 20.04 20.04
2016-06-17 15.27 15.35 15.1 15.1
2016-09-13 16.23 16.29 16.16 16.16
2016-09-19 16.5 16.58 16.4 16.4
2017-05-24 14.83 14.86 14.56 14.56
2017-06-26 16.29 16.34 15.86 15.86
