2006-10-18 15.96 16.0 15.6 15.6
2006-10-19 16.75 16.82 15.72 15.72
2006-10-27 16.99 17.25 16.83 16.83
2006-11-01 16.48 16.5 15.91 15.91
2006-11-03 16.38 16.5 16.12 16.12
2006-11-09 17.6 17.63 16.1 16.1
2006-12-22 22.39 23.13 22.02 22.02
2007-02-01 28.5 28.62 27.0 27.0
2007-02-08 26.88 27.08 26.03 26.03
2007-02-12 28.3 28.3 27.3 27.3
2007-03-05 26.72 26.77 25.3 25.3
2007-03-15 25.43 25.87 25.01 25.01
2007-04-04 28.3 28.69 26.4 26.4
2007-04-09 30.0 30.08 29.5 29.5
2007-05-08 36.93 38.0 36.1 36.1
2007-05-16 35.25 35.49 34.5 34.5
2007-05-23 39.65 39.98 38.03 38.03
2007-06-01 44.45 45.35 41.92 41.92
2007-06-25 53.49 56.97 52.0 52.0
2007-07-12 44.34 45.19 43.22 43.22
2007-07-20 48.35 48.38 43.22 43.22
2007-07-23 49.97 51.0 48.5 48.5
2007-07-30 49.23 49.99 47.91 47.91
2007-08-02 49.95 51.06 46.6 46.6
2007-08-14 48.9 49.21 48.0 48.0
2007-08-23 50.5 51.3 48.68 48.68
2007-08-27 50.09 51.1 49.03 49.03
2007-09-03 51.61 52.99 51.02 51.02
2007-09-25 45.15 46.0 43.81 43.81
2007-12-24 50.31 51.35 49.41 49.41
2008-01-02 54.51 55.54 50.52 50.52
2008-01-23 45.59 45.9 41.79 41.79
2008-03-04 45.59 46.2 42.95 42.95
2008-03-06 46.2 47.0 44.5 44.5
2008-04-03 36.39 36.51 34.0 34.0
2008-04-15 37.99 38.0 35.96 35.96
2008-05-13 47.23 48.09 45.15 45.15
2008-06-02 42.85 43.3 41.41 41.41
2008-06-24 35.97 36.38 34.05 34.05
2008-06-25 37.5 38.0 35.5 35.5
2008-07-07 39.2 41.0 38.21 38.21
2008-09-03 26.01 26.3 25.73 25.73
2008-09-05 25.95 26.99 25.0 25.0
2008-09-26 27.48 27.56 26.0 26.0
2008-10-23 19.4 19.5 18.08 18.08
2008-11-04 15.66 15.98 15.58 15.58
2008-11-05 16.2 17.0 15.8 15.8
2008-12-03 19.51 19.79 18.9 18.9
2008-12-08 21.61 21.9 19.9 19.9
2008-12-11 21.45 22.45 20.56 20.56
2008-12-25 21.55 21.78 20.8 20.8
2009-01-16 19.5 19.54 19.01 19.01
2009-01-22 19.01 19.2 18.96 18.96
2009-02-04 20.79 21.0 19.68 19.68
2009-02-09 22.14 22.63 21.3 21.3
2009-03-02 18.83 19.48 18.5 18.5
2009-03-30 20.19 20.35 19.36 19.36
2009-04-08 20.59 21.1 20.36 20.36
2009-05-07 24.83 25.24 24.15 24.15
2009-05-13 23.67 23.99 23.52 23.52
2009-05-27 24.0 24.42 22.68 22.68
2009-06-01 24.63 24.86 24.02 24.02
2009-06-18 27.77 28.44 27.3 27.3
2009-08-10 28.98 29.5 28.5 28.5
2009-08-20 26.8 27.3 25.7 25.7
2009-09-03 27.69 27.8 26.4 26.4
2009-09-11 30.11 30.34 29.1 29.1
2009-09-14 30.76 30.97 29.99 29.99
2009-09-28 32.96 33.39 32.05 32.05
2009-10-09 32.99 33.23 31.98 31.98
2009-11-12 35.46 35.9 34.4 34.4
2009-11-23 37.65 38.48 36.8 36.8
2009-11-30 38.58 38.9 37.08 37.08
2009-12-08 36.72 37.69 36.21 36.21
2010-01-11 34.7 34.81 34.09 34.09
2010-01-21 35.09 35.79 34.34 34.34
2010-01-27 32.71 33.95 32.31 32.31
2010-01-28 33.08 33.2 32.5 32.5
2010-02-01 34.24 34.55 33.66 33.66
2010-02-05 33.8 33.89 33.07 33.07
2010-02-11 33.8 34.11 33.28 33.28
2010-02-25 36.01 36.1 35.4 35.4
2010-03-01 36.31 36.55 35.39 35.39
2010-03-29 32.8 33.1 32.3 32.3
2010-04-12 35.01 35.15 34.1 34.1
2010-05-05 36.35 36.65 35.35 35.35
2010-05-18 33.54 34.0 32.61 32.61
2010-05-26 34.49 34.69 34.0 34.0
2010-05-27 34.69 34.7 34.2 34.2
2010-05-28 34.82 35.3 34.7 34.7
2010-06-07 35.57 35.99 34.65 34.65
2010-06-09 35.86 36.0 35.55 35.55
2010-07-07 33.5 33.7 33.0 33.0
2010-07-28 36.26 36.49 35.05 35.05
2010-08-23 40.5 40.85 38.85 38.85
2010-08-24 40.8 41.66 40.0 40.0
2010-08-30 43.79 44.16 41.8 41.8
2010-09-02 44.9 45.0 43.64 43.64
2010-09-03 47.0 47.9 44.87 44.87
2010-09-10 46.7 46.84 45.85 45.85
2010-09-13 48.93 50.0 46.75 46.75
2010-09-21 46.74 47.0 46.02 46.02
2010-10-15 44.52 45.2 43.55 43.55
2010-10-25 44.27 44.8 43.56 43.56
2010-11-19 46.37 48.0 45.83 45.83
2010-12-08 51.01 51.01 50.0 50.0
2011-01-26 41.88 42.5 40.76 40.76
2011-02-11 43.85 44.13 41.9 41.9
2011-02-23 41.5 41.69 41.02 41.02
2011-03-03 43.88 44.8 43.03 43.03
2011-03-11 43.73 44.29 43.61 43.61
2011-03-31 40.71 41.2 40.01 40.01
2011-04-18 41.5 41.55 40.5 40.5
2011-04-25 42.25 42.48 40.78 40.78
2011-05-05 42.44 43.2 41.5 41.5
2011-05-18 42.06 42.2 41.36 41.36
2011-05-30 40.17 40.41 39.7 39.7
2011-06-27 39.79 39.83 38.95 38.95
2011-07-22 43.4 44.47 43.0 43.0
2011-08-04 43.48 43.71 43.25 43.25
2011-08-24 43.74 44.19 43.1 43.1
2011-08-29 43.87 44.19 43.02 43.02
2011-09-08 41.81 42.2 41.44 41.44
2011-09-20 40.33 40.59 39.56 39.56
2011-09-26 39.05 39.79 38.7 38.7
2011-09-28 39.65 40.0 39.02 39.02
2011-10-24 37.38 38.44 36.69 36.69
2011-11-07 41.74 42.0 41.2 41.2
2011-12-07 36.87 37.2 36.38 36.38
2011-12-19 32.98 33.2 32.5 32.5
2012-02-02 30.0 30.3 29.84 29.84
2012-02-03 30.31 30.6 29.7 29.7
2012-02-06 30.96 31.4 30.31 30.31
2012-02-10 31.92 32.12 31.0 31.0
2012-02-13 31.92 32.45 31.35 31.35
2012-02-14 32.03 32.16 31.64 31.64
2012-02-24 32.12 32.25 31.66 31.66
2012-03-12 32.26 32.5 30.8 30.8
2012-03-15 32.92 32.95 31.85 31.85
2012-04-25 30.14 30.55 30.0 30.0
2012-05-03 28.51 28.58 28.16 28.16
2012-06-05 26.12 26.4 26.03 26.03
2012-06-18 27.9 28.02 27.31 27.31
2012-07-11 28.58 28.74 28.0 28.0
2012-08-07 25.54 25.68 25.16 25.16
2012-08-20 25.92 26.0 25.52 25.52
2012-08-24 25.98 26.37 25.9 25.9
2012-08-31 25.99 26.15 25.73 25.73
2012-09-21 25.71 25.85 25.0 25.0
2012-09-28 26.42 26.45 25.85 25.85
2012-10-09 26.7 26.7 26.23 26.23
2012-10-25 25.37 25.6 25.3 25.3
2012-11-01 24.65 25.0 24.21 24.21
2012-11-05 24.48 24.5 24.11 24.11
2012-11-14 23.96 24.08 23.85 23.85
2012-12-19 22.19 22.43 22.05 22.05
2012-12-31 23.96 24.12 23.06 23.06
2013-01-14 24.52 24.7 23.88 23.88
2013-02-06 23.99 24.15 23.74 23.74
2013-03-20 20.8 20.88 20.27 20.27
2013-04-01 20.17 20.22 20.0 20.0
2013-04-12 19.28 19.49 19.11 19.11
2013-05-03 18.79 18.93 18.53 18.53
2013-08-08 15.81 15.84 15.41 15.41
2013-08-27 15.73 15.73 15.43 15.43
2013-09-06 15.92 16.04 15.81 15.81
2013-09-09 16.27 16.32 15.94 15.94
2013-09-25 20.05 20.05 20.05 20.05
2013-10-11 23.61 24.29 22.5 22.5
2013-10-14 25.16 25.96 23.78 23.78
2014-03-17 17.18 17.19 16.85 16.85
2014-03-31 17.01 17.19 16.77 16.77
2014-06-26 15.48 15.49 15.36 15.36
2014-07-28 16.41 16.65 15.96 15.96
2014-07-31 16.97 17.04 16.27 16.27
2014-08-04 17.39 17.4 16.86 16.86
2014-08-28 17.36 17.58 17.16 17.16
2014-09-15 18.77 18.83 18.4 18.4
2014-09-23 17.97 18.03 17.74 17.74
2014-10-28 19.68 19.72 19.08 19.08
2015-01-06 23.36 23.54 22.65 22.65
2015-01-20 20.73 20.76 20.3 20.3
2015-04-07 28.76 29.53 28.32 28.32
2015-04-27 29.53 30.49 29.05 29.05
2015-07-08 20.34 21.51 20.34 20.34
2015-07-10 24.61 24.61 23.27 23.27
2015-08-07 25.75 25.78 24.88 24.88
2015-09-30 21.45 21.72 21.4 21.4
2015-10-16 24.42 24.48 23.55 23.55
2015-12-03 25.35 25.52 24.89 24.89
2016-02-16 20.28 20.32 19.61 19.61
2016-03-03 20.2 20.38 20.03 20.03
2016-03-23 21.58 21.75 21.3 21.3
2016-05-23 20.21 20.23 19.95 19.95
2016-05-31 20.74 20.77 20.04 20.04
2016-06-15 15.31 15.46 14.72 14.72
2016-06-17 15.27 15.35 15.1 15.1
2016-07-21 15.99 16.13 15.86 15.86
2016-09-05 16.79 16.85 16.63 16.63
2016-09-13 16.23 16.29 16.16 16.16
2016-09-19 16.5 16.58 16.4 16.4
2017-05-17 15.16 15.25 15.08 15.08
2017-05-24 14.83 14.86 14.56 14.56
2017-06-19 15.65 15.79 15.55 15.55
2017-06-26 16.29 16.34 15.86 15.86
2017-07-31 16.16 16.19 15.82 15.82
