1999-04-28 19.53 19.53 17.82 17.82
1999-05-20 21.88 22.36 20.75 20.75
1999-06-16 25.59 25.65 24.04 24.04
1999-06-17 26.99 28.12 26.01 26.01
1999-07-07 25.97 26.3 24.8 24.8
1999-07-20 22.28 22.84 20.68 20.68
1999-07-23 21.96 22.5 21.33 21.33
1999-08-02 23.03 23.7 22.58 22.58
1999-08-17 22.4 22.85 22.0 22.0
1999-08-30 25.0 25.9 24.4 24.4
1999-09-08 25.94 26.37 25.49 25.49
1999-09-09 28.53 28.53 26.4 26.4
1999-10-11 26.71 26.86 26.01 26.01
1999-10-22 25.5 26.55 24.39 24.39
1999-10-26 25.5 25.98 24.51 24.51
1999-11-01 25.16 25.71 25.0 25.0
1999-11-02 25.74 25.86 25.16 25.16
1999-11-08 25.38 25.54 25.0 25.0
1999-12-08 22.85 23.0 22.51 22.51
1999-12-22 23.7 24.1 23.01 23.01
2000-01-06 25.88 25.99 24.51 24.51
2000-01-20 24.75 25.35 24.08 24.08
2000-01-24 25.98 26.35 25.0 25.0
2000-02-28 27.44 27.5 26.0 26.0
2000-03-27 28.2 28.77 27.6 27.6
2000-04-05 27.9 28.2 27.4 27.4
2000-04-28 28.59 28.7 27.42 27.42
2000-06-01 29.41 29.6 28.8 28.8
2000-06-20 31.15 31.8 30.86 30.86
2000-06-28 32.45 33.0 32.16 32.16
2000-07-26 33.96 34.97 33.3 33.3
2000-07-28 34.01 34.8 33.62 33.62
2000-08-30 30.18 30.5 30.08 30.08
2000-10-25 28.52 29.2 28.2 28.2
2000-11-06 28.78 29.17 28.18 28.18
2000-11-28 28.44 28.77 28.25 28.25
2000-12-26 29.45 29.52 29.1 29.1
2000-12-29 29.65 30.1 29.1 29.1
2001-01-09 29.4 29.68 29.05 29.05
2001-01-18 28.07 28.19 27.9 27.9
2001-02-15 27.84 28.05 27.6 27.6
2001-03-02 28.84 28.9 28.44 28.44
2001-03-14 28.75 28.8 28.4 28.4
2001-03-21 29.2 29.36 28.78 28.78
2001-03-26 29.1 29.25 29.0 29.0
2001-03-30 28.85 29.2 28.58 28.58
2001-04-02 29.04 29.35 28.68 28.68
2001-04-06 29.07 29.35 28.8 28.8
2001-04-18 29.39 29.88 29.28 29.28
2001-04-27 28.26 28.5 28.18 28.18
2001-05-10 28.05 28.15 28.0 28.0
2001-05-31 27.58 27.95 27.3 27.3
2001-06-13 27.3 27.36 26.9 26.9
2001-07-04 25.46 25.59 25.34 25.34
2001-07-13 25.69 25.88 25.61 25.61
2001-08-01 21.72 21.8 21.28 21.28
2001-08-09 20.75 20.8 20.39 20.39
2001-08-10 21.0 21.25 20.79 20.79
2001-08-17 20.85 20.9 20.68 20.68
2001-09-03 19.1 19.25 18.92 18.92
2001-09-04 19.88 19.95 19.0 19.0
2001-09-21 21.62 21.98 21.55 21.55
2001-09-27 21.2 21.48 20.55 20.55
2001-10-09 21.8 21.91 21.09 21.09
2001-10-31 22.5 22.6 22.2 22.2
2001-11-05 21.81 22.16 21.7 21.7
2001-11-14 20.44 20.74 20.41 20.41
2001-11-15 20.65 20.9 20.44 20.44
2001-11-27 21.62 21.68 21.35 21.35
2001-12-06 20.96 21.19 20.49 20.49
2001-12-07 20.93 21.08 20.85 20.85
2001-12-10 20.99 21.05 20.8 20.8
2001-12-17 19.69 19.9 19.61 19.61
2001-12-18 20.0 20.04 19.76 19.76
2001-12-26 18.65 18.68 18.45 18.45
2002-01-04 16.8 16.95 16.53 16.53
2002-01-18 13.9 14.4 13.2 13.2
2002-01-22 12.99 13.65 12.53 12.53
2002-01-31 14.28 14.4 13.22 13.22
2002-03-15 17.25 17.97 16.98 16.98
2002-04-08 16.45 16.6 16.12 16.12
2002-04-09 16.98 17.2 16.45 16.45
2002-04-22 16.19 16.49 16.1 16.1
2002-04-26 16.35 16.47 16.1 16.1
2002-06-11 15.26 15.4 15.18 15.18
2002-07-01 16.69 17.28 16.38 16.38
2002-07-10 16.46 16.6 16.4 16.4
2002-07-16 16.4 16.63 16.35 16.35
2002-07-26 15.72 15.87 15.65 15.65
2002-08-01 15.05 15.2 14.96 14.96
2002-08-02 15.31 15.43 15.05 15.05
2002-08-13 14.79 14.93 14.7 14.7
2002-08-20 14.94 15.04 14.7 14.7
2002-08-26 15.46 15.55 15.28 15.28
2002-08-30 15.38 15.48 15.33 15.33
2002-09-17 14.96 15.16 14.8 14.8
2002-09-24 14.96 15.01 14.9 14.9
2002-10-16 13.94 14.2 13.76 13.76
2002-10-22 14.0 14.14 13.73 13.73
2002-11-01 13.4 13.45 13.2 13.2
2002-11-05 14.03 14.28 13.71 13.71
2002-12-13 12.06 12.15 11.63 11.63
2002-12-16 12.23 12.44 12.06 12.06
2002-12-20 12.46 12.78 12.27 12.27
2003-01-24 12.83 12.85 12.42 12.42
2003-02-25 13.29 13.33 12.61 12.61
2003-03-14 13.22 13.36 13.0 13.0
2003-03-24 13.28 13.28 13.08 13.08
2003-03-27 13.19 13.25 12.75 12.75
2003-04-04 13.63 13.73 13.31 13.31
2003-04-25 12.82 13.31 12.3 12.3
2003-04-28 13.04 13.08 12.61 12.61
2003-05-15 12.78 13.12 12.38 12.38
2003-05-26 13.07 13.12 12.5 12.5
2003-05-30 13.2 13.4 13.14 13.14
2003-06-20 12.6 12.75 12.16 12.16
2003-06-27 12.85 13.02 12.42 12.42
2003-07-04 12.59 12.69 11.81 11.81
2003-07-08 12.22 12.45 12.13 12.13
2003-07-23 12.27 12.4 12.2 12.2
2003-08-05 11.86 12.0 11.68 11.68
2003-08-12 11.71 11.94 11.63 11.63
2003-08-22 11.44 11.9 11.36 11.36
2003-09-02 11.66 11.88 11.52 11.52
2003-09-04 11.77 11.8 11.75 11.75
2003-09-09 11.68 11.8 11.63 11.63
2003-09-23 10.73 10.74 10.6 10.6
2003-10-17 10.26 10.43 10.1 10.1
2003-10-24 10.58 10.74 10.35 10.35
2003-11-11 9.51 9.58 9.3 9.3
2003-11-19 9.98 10.05 9.55 9.55
2003-11-20 10.43 10.5 9.98 9.98
2003-12-09 10.39 10.5 10.26 10.26
2003-12-12 10.49 10.54 10.43 10.43
2003-12-23 10.49 10.66 10.26 10.26
2004-01-02 10.59 10.81 10.34 10.34
2004-01-06 11.58 11.58 10.58 10.58
2004-01-08 11.89 12.36 11.41 11.41
2004-01-29 12.45 12.6 11.89 11.89
2004-02-12 12.6 12.75 12.19 12.19
2004-02-16 12.98 13.08 12.49 12.49
2004-02-27 12.22 12.23 12.06 12.06
2004-03-05 11.78 11.99 11.72 11.72
2004-03-10 11.58 11.61 11.31 11.31
2004-03-15 11.9 12.0 11.5 11.5
2004-03-23 11.79 11.83 11.61 11.61
2004-03-30 12.44 12.5 12.05 12.05
2004-04-12 12.52 12.76 12.2 12.2
2004-04-27 11.73 11.88 11.42 11.42
2004-05-17 11.0 11.08 10.81 10.81
2004-06-11 10.35 10.85 10.35 10.35
2004-06-16 10.12 10.4 10.08 10.08
2004-07-06 9.79 10.0 9.7 9.7
2004-08-06 7.98 8.16 7.9 7.9
2004-08-10 8.08 8.08 7.97 7.97
2004-09-14 7.39 7.48 7.16 7.16
2004-10-08 7.77 7.8 7.51 7.51
2004-11-02 6.96 7.0 6.78 6.78
2004-12-17 6.48 6.57 6.41 6.41
2004-12-24 6.77 6.94 6.66 6.66
2005-02-01 5.4 5.57 5.33 5.33
2005-02-02 5.82 5.91 5.4 5.4
2005-02-28 6.26 6.4 6.1 6.1
2005-03-01 6.34 6.38 6.2 6.2
2005-03-04 6.41 6.6 6.05 6.05
2005-03-23 5.58 5.73 5.53 5.53
2005-03-29 5.53 5.67 5.42 5.42
2005-06-27 5.0 5.08 4.9 4.9
2005-06-29 4.9 4.98 4.86 4.86
2005-07-14 3.77 3.87 3.75 3.75
2005-07-22 3.6 3.67 3.5 3.5
2005-07-26 3.72 3.75 3.6 3.6
2005-08-15 4.23 4.24 4.05 4.05
2005-09-07 4.69 4.71 4.51 4.51
2005-09-13 4.83 4.84 4.63 4.63
2005-09-14 4.96 5.0 4.85 4.85
2005-09-21 5.23 5.45 5.02 5.02
2005-09-29 4.55 4.58 4.39 4.39
2005-10-19 4.61 4.69 4.53 4.53
2005-11-02 4.34 4.38 4.21 4.21
2005-11-23 4.57 4.58 4.42 4.42
2005-12-26 4.35 4.39 4.26 4.26
2005-12-28 4.42 4.45 4.35 4.35
2005-12-29 4.44 4.47 4.38 4.38
2006-01-05 4.59 4.63 4.48 4.48
2006-01-10 4.84 4.87 4.7 4.7
2006-02-06 6.17 6.17 5.62 5.62
2006-02-10 6.0 6.1 5.85 5.85
2006-02-20 6.29 6.35 6.15 6.15
2006-02-27 6.42 6.45 6.29 6.29
2006-03-23 8.16 8.36 7.98 7.98
2006-10-18 7.74 7.77 7.6 7.6
2006-11-27 8.39 8.48 8.24 8.24
2006-12-11 8.6 8.65 8.3 8.3
2006-12-12 8.91 9.08 8.6 8.6
2006-12-26 10.09 10.09 9.4 9.4
2007-01-15 14.22 14.5 13.21 13.21
2007-02-16 17.17 17.92 17.12 17.12
2007-03-21 18.78 19.01 18.05 18.05
2007-03-27 20.24 20.24 18.45 18.45
2007-04-16 23.09 23.55 21.77 21.77
2007-04-20 21.72 22.23 20.63 20.63
2007-04-23 22.5 22.82 21.8 21.8
2007-04-25 24.31 24.38 22.55 22.55
2007-05-08 26.99 27.68 25.61 25.61
2007-05-22 28.4 29.96 27.26 27.26
2007-06-22 32.52 33.0 30.5 30.5
2007-07-23 31.39 31.49 29.1 29.1
2007-08-14 29.55 29.92 29.0 29.0
2007-09-14 30.96 31.5 28.8 28.8
2007-09-26 28.02 28.98 27.93 27.93
2007-10-15 29.03 29.49 28.48 28.48
2007-10-31 23.26 23.76 21.85 21.85
2007-11-05 21.14 21.69 20.5 20.5
2007-11-06 21.89 22.5 21.4 21.4
2007-11-14 20.49 20.5 19.75 19.75
2007-11-28 19.4 19.59 19.25 19.25
2007-12-10 23.36 23.4 22.3 22.3
2007-12-20 24.3 24.58 23.29 23.29
2007-12-26 25.18 25.4 24.5 24.5
2008-01-07 26.01 26.81 26.0 26.0
2008-01-15 26.92 27.1 25.57 25.57
2008-01-23 22.25 22.49 21.4 21.4
2008-01-29 20.51 20.87 19.83 19.83
2008-02-04 21.66 21.68 20.45 20.45
2008-02-14 21.67 21.82 21.5 21.5
2008-02-27 23.23 23.29 21.72 21.72
2008-03-25 18.69 18.75 17.7 17.7
2008-04-10 15.22 15.24 14.25 14.25
2008-04-23 14.13 14.2 13.16 13.16
2008-05-05 16.44 16.65 15.55 15.55
2008-05-14 16.44 16.47 15.6 15.6
2008-05-27 15.08 15.17 14.52 14.52
2008-06-23 11.79 12.3 11.49 11.49
2008-07-07 13.99 14.1 13.35 13.35
2008-08-29 6.66 6.76 6.37 6.37
2008-09-04 7.18 7.25 6.8 6.8
2008-09-08 7.17 7.39 6.81 6.81
2008-10-16 6.11 6.39 6.08 6.08
2008-11-05 5.62 5.76 5.52 5.52
2008-11-19 7.25 7.34 6.6 6.6
2009-01-14 7.45 7.46 6.88 6.88
2009-02-06 9.19 9.27 8.98 8.98
2009-05-05 10.73 11.1 10.69 10.69
2009-05-15 11.53 12.0 11.12 11.12
2009-07-20 11.52 11.55 11.2 11.2
2009-07-22 11.68 11.8 11.21 11.21
2009-07-28 12.3 12.63 11.78 11.78
2009-08-26 10.24 10.49 9.53 9.53
2009-09-17 11.35 11.39 10.63 10.63
2009-11-12 10.3 10.55 10.28 10.28
2009-11-16 10.75 10.9 10.49 10.49
2009-11-19 11.13 11.29 10.74 10.74
2009-12-24 10.95 11.11 10.55 10.55
2010-02-12 11.96 12.0 11.7 11.7
2010-04-09 13.78 13.88 13.43 13.43
2010-06-07 12.56 12.68 12.02 12.02
2010-06-09 13.1 13.14 12.8 12.8
2010-07-14 11.69 11.9 11.65 11.65
2010-07-19 11.6 11.65 11.11 11.11
2010-07-20 11.9 12.0 11.56 11.56
2010-08-30 14.62 14.76 13.96 13.96
2010-09-14 17.27 17.33 15.84 15.84
2010-10-19 14.94 15.07 14.48 14.48
2011-01-18 14.58 14.64 14.29 14.29
2011-02-01 15.01 15.2 14.9 14.9
2011-02-10 15.18 15.2 14.5 14.5
2011-03-01 16.94 17.35 16.72 16.72
2011-04-13 17.39 17.43 17.02 17.02
2011-04-29 15.94 15.98 15.6 15.6
2011-05-03 16.3 16.36 16.0 16.0
2011-05-13 16.2 16.2 15.83 15.83
2011-05-30 14.33 14.64 14.19 14.19
2011-05-31 14.71 14.78 14.33 14.33
2011-06-03 14.97 15.0 14.64 14.64
2011-06-13 16.3 16.39 15.82 15.82
2011-07-01 16.2 16.32 15.85 15.85
2011-07-04 16.53 16.63 16.14 16.14
2011-07-08 16.21 16.39 16.1 16.1
2011-07-13 17.1 17.66 16.18 16.18
2011-07-18 17.02 17.23 16.93 16.93
2011-08-01 15.52 15.62 15.28 15.28
2011-08-15 14.56 14.79 14.08 14.08
2011-08-22 14.33 14.43 13.99 13.99
2011-08-23 14.66 14.66 14.3 14.3
2011-10-19 14.43 14.52 14.26 14.26
2011-11-03 13.64 13.95 13.5 13.5
2011-11-14 13.68 13.76 13.45 13.45
2011-11-16 14.48 14.98 14.2 14.2
2011-12-06 12.26 12.4 12.17 12.17
2011-12-30 9.95 9.96 9.6 9.6
2012-01-17 10.14 10.14 9.1 9.1
2012-01-19 10.66 10.85 9.9 9.9
2012-01-31 10.49 10.68 10.2 10.2
2012-02-02 10.45 10.47 10.22 10.22
2012-02-29 11.48 11.64 11.41 11.41
2012-03-05 12.05 12.19 11.72 11.72
2012-03-08 11.89 12.0 11.76 11.76
2012-03-16 11.86 11.89 11.52 11.52
2012-04-05 10.37 10.42 10.09 10.09
2012-04-12 10.86 10.86 10.63 10.63
2012-04-26 11.08 11.13 10.83 10.83
2012-05-17 10.27 10.28 10.1 10.1
2012-05-21 9.91 10.11 9.85 9.85
2012-05-25 10.27 10.61 9.85 9.85
2012-07-04 8.68 8.8 8.62 8.62
2012-07-17 8.1 8.1 7.9 7.9
2012-07-24 8.14 8.19 8.0 8.0
2012-07-25 8.95 8.95 8.12 8.12
2012-08-17 11.24 11.24 10.61 10.61
2012-10-09 10.92 11.2 10.68 10.68
2012-10-16 10.64 10.77 10.21 10.21
2012-10-19 10.84 11.14 10.7 10.7
2012-12-06 8.79 8.87 8.6 8.6
2013-01-14 10.12 10.13 9.71 9.71
2013-02-18 10.45 10.54 10.22 10.22
2013-02-25 10.2 10.3 10.13 10.13
2013-06-14 11.62 11.62 11.62 11.62
2013-06-17 12.78 12.78 12.78 12.78
2013-06-18 14.06 14.06 14.06 14.06
2013-06-19 15.47 15.47 15.47 15.47
2013-07-22 15.24 15.26 14.52 14.52
2013-07-25 15.85 16.6 15.62 15.62
2013-07-30 15.24 15.65 15.01 15.01
2013-07-31 15.49 15.65 15.08 15.08
2013-09-03 16.43 16.59 16.1 16.1
2013-09-25 17.44 17.5 17.05 17.05
2013-11-04 16.08 16.36 16.0 16.0
2013-12-12 16.55 16.67 16.38 16.38
2013-12-23 17.13 17.16 15.9 15.9
2013-12-27 18.01 18.45 17.5 17.5
2014-02-12 21.66 22.3 21.0 21.0
2014-02-20 22.83 23.23 21.1 21.1
2014-03-13 20.52 20.55 19.82 19.82
2014-03-17 21.18 21.55 20.69 20.69
2014-05-22 10.46 10.6 10.33 10.33
2014-06-09 10.26 10.42 10.06 10.06
2014-08-04 11.98 11.98 11.98 11.98
2014-08-05 13.18 13.18 13.18 13.18
2014-10-10 13.86 14.28 13.22 13.22
2014-10-28 12.64 12.68 12.4 12.4
2014-11-06 12.63 12.84 12.46 12.46
2014-11-21 12.67 12.88 12.58 12.58
2014-12-15 13.01 13.06 12.82 12.82
2014-12-24 12.5 12.58 12.02 12.02
2015-01-20 10.97 10.98 10.74 10.74
2015-03-13 13.03 13.07 12.53 12.53
2015-03-23 13.57 13.68 13.37 13.37
2015-04-09 16.6 16.6 15.38 15.38
2015-07-07 11.67 11.67 9.55 9.55
2015-07-08 11.6 12.6 10.5 10.5
2015-07-09 12.76 12.76 11.3 11.3
2015-07-16 15.9 16.28 13.93 13.93
2015-08-25 12.06 12.5 12.06 12.06
2015-10-12 12.84 13.14 12.33 12.33
2015-11-04 13.09 13.17 12.36 12.36
2015-11-06 14.1 14.19 13.31 13.31
2016-02-02 9.79 9.79 9.26 9.26
2016-02-16 10.17 10.38 9.73 9.73
2016-03-18 9.92 9.95 9.55 9.55
2016-04-11 10.65 10.75 10.4 10.4
2016-05-19 9.97 10.22 9.31 9.31
2016-06-14 12.49 12.49 11.4 11.4
2016-07-15 13.2 13.42 13.15 13.15
2016-08-09 11.56 11.85 11.3 11.3
2016-08-26 11.2 11.39 11.19 11.19
2016-09-30 10.32 10.38 10.29 10.29
2016-12-06 10.52 10.56 10.48 10.48
2016-12-16 9.86 9.89 9.73 9.73
2017-01-03 10.1 10.14 9.94 9.94
2017-02-16 10.14 10.24 9.88 9.88
2017-03-10 10.02 10.1 10.0 10.0
2017-04-26 9.04 9.11 9.01 9.01
2017-05-02 9.2 9.25 9.12 9.12
2017-05-09 8.98 9.0 8.81 8.81
2017-06-13 8.58 8.66 8.4 8.4
2017-07-13 9.45 9.68 9.24 9.24
2017-07-24 9.23 9.28 9.11 9.11
2017-09-06 10.93 11.07 10.55 10.55
