1996-07-10 8.64 8.75 8.33 8.33
1996-07-16 8.18 8.3 8.01 8.01
1996-07-29 9.14 9.16 8.6 8.6
1996-09-02 6.07 6.24 6.0 6.0
1996-09-13 5.63 5.72 5.3 5.3
1996-10-10 6.19 6.2 5.8 5.8
1996-10-14 6.15 6.24 6.03 6.03
1996-11-14 6.69 6.86 6.55 6.55
1996-11-29 8.89 9.08 8.66 8.66
1996-12-16 7.7 7.7 7.7 7.7
1996-12-17 6.93 6.93 6.93 6.93
1996-12-18 7.1 7.38 6.24 6.24
1997-01-27 6.85 6.96 6.71 6.71
1997-02-19 6.55 6.58 6.3 6.3
1997-02-20 6.49 6.5 5.9 5.9
1997-02-21 7.04 7.1 6.48 6.48
1997-02-26 7.48 7.48 7.0 7.0
1997-03-10 8.56 8.58 8.05 8.05
1997-03-13 9.2 9.58 8.9 8.9
1997-03-31 9.01 9.09 8.7 8.7
1997-04-14 9.15 9.31 8.85 8.85
1997-05-05 9.53 9.61 9.2 9.2
1997-05-27 8.6 8.68 8.0 8.0
1997-06-02 8.55 8.65 8.35 8.35
1997-06-06 8.15 8.58 8.0 8.0
1997-06-16 6.73 6.95 6.48 6.48
1997-06-20 6.46 6.6 6.26 6.26
1997-06-24 6.3 6.44 6.24 6.24
1997-07-11 5.15 5.2 5.0 5.0
1997-07-18 5.5 5.5 5.2 5.2
1997-07-28 5.38 5.5 5.36 5.36
1997-08-25 5.83 5.87 5.7 5.7
1997-08-26 5.38 5.45 5.25 5.25
1997-08-29 5.82 5.85 5.6 5.6
1997-09-10 6.19 6.25 5.82 5.82
1997-09-18 5.6 5.6 5.5 5.5
1997-10-08 5.91 6.0 5.65 5.65
1997-10-13 5.97 6.03 5.86 5.86
1997-11-10 6.05 6.12 5.76 5.76
1997-12-23 5.09 5.1 5.0 5.0
1998-01-20 5.17 5.22 5.1 5.1
1998-01-21 5.19 5.21 5.1 5.1
1998-02-11 5.52 5.56 5.4 5.4
1998-02-17 5.38 5.38 5.29 5.29
1998-02-27 5.6 5.73 5.56 5.56
1998-03-17 5.7 5.71 5.6 5.6
1998-03-20 6.03 6.12 5.83 5.83
1998-03-30 6.31 6.35 6.05 6.05
1998-04-24 7.08 7.18 6.81 6.81
1998-05-25 8.56 8.8 8.35 8.35
1998-06-22 7.01 7.23 6.79 6.79
1998-06-23 7.5 7.58 7.2 7.2
1998-07-31 6.5 6.6 6.38 6.38
1998-08-05 7.54 7.65 7.01 7.01
1998-09-09 7.51 7.65 7.3 7.3
1998-09-18 7.58 7.86 7.45 7.45
1998-12-18 6.06 6.1 5.8 5.8
1998-12-21 6.09 6.1 6.02 6.02
1998-12-22 6.18 6.24 6.0 6.0
1999-01-08 5.68 5.68 5.48 5.48
1999-01-18 4.79 4.87 4.41 4.41
1999-01-21 5.1 5.12 4.85 4.85
1999-01-25 5.19 5.38 5.15 5.15
1999-01-26 5.2 5.31 5.0 5.0
1999-01-27 5.35 5.36 5.06 5.06
1999-01-28 5.41 5.51 5.35 5.35
1999-03-04 7.46 7.46 6.8 6.8
1999-03-05 7.3 7.68 7.1 7.1
1999-03-08 7.48 7.81 7.3 7.3
1999-03-19 7.31 7.45 7.1 7.1
1999-03-30 7.25 7.46 7.21 7.21
1999-04-14 6.92 7.0 6.85 6.85
1999-04-29 6.09 6.09 5.51 5.51
1999-05-28 6.39 6.39 6.1 6.1
1999-06-08 6.42 6.42 6.2 6.2
1999-06-22 6.34 6.52 6.21 6.21
1999-06-24 6.99 6.99 6.99 6.99
1999-07-02 7.28 7.28 7.0 7.0
1999-07-05 7.64 7.64 7.64 7.64
1999-07-16 7.15 7.4 6.7 6.7
1999-08-02 7.82 8.0 7.72 7.72
1999-08-03 8.18 8.18 7.82 7.82
1999-08-09 7.82 8.09 7.8 7.8
1999-09-03 9.36 9.73 9.27 9.27
1999-09-13 10.24 10.24 9.88 9.88
1999-09-27 10.48 10.48 10.1 10.1
1999-11-22 7.82 7.85 7.6 7.6
1999-12-17 8.75 8.8 8.28 8.28
1999-12-28 8.07 8.08 7.8 7.8
1999-12-29 8.2 8.22 7.9 7.9
1999-12-30 8.3 8.47 8.16 8.16
2000-01-05 8.4 8.49 8.2 8.2
2000-03-02 8.57 8.73 8.3 8.3
2000-03-16 8.04 8.5 8.0 8.0
2000-03-17 8.15 8.35 8.0 8.0
2000-03-31 10.56 10.56 10.06 10.06
2000-04-03 11.09 11.09 10.7 10.7
2000-04-21 11.45 11.8 11.0 11.0
2000-04-28 11.1 11.2 10.68 10.68
2000-06-05 13.65 14.0 12.85 12.85
2000-06-29 17.46 18.35 16.75 16.75
2000-08-28 18.26 18.3 17.85 17.85
2000-12-01 17.1 17.16 16.85 16.85
2000-12-07 17.3 17.46 17.05 17.05
2001-01-11 17.8 18.01 17.5 17.5
2001-02-28 18.0 18.0 17.73 17.73
2001-03-05 18.56 18.94 18.5 18.5
2001-03-06 11.68 11.75 11.35 11.35
2001-03-28 12.0 12.08 11.66 11.66
2001-04-06 11.6 11.74 11.33 11.33
2001-05-30 14.53 14.6 14.17 14.17
2001-08-09 13.13 13.13 13.0 13.0
2001-08-13 13.46 13.49 13.05 13.05
2001-08-15 13.4 13.5 13.08 13.08
2001-08-21 13.34 13.45 13.1 13.1
2001-10-09 12.18 12.3 11.92 11.92
2001-10-23 12.27 12.27 11.3 11.3
2001-10-29 11.69 11.69 11.45 11.45
2001-11-08 11.04 11.2 10.8 10.8
2001-11-13 8.82 8.82 8.82 8.82
2001-11-30 9.7 9.7 7.94 7.94
2002-01-09 7.62 7.97 7.55 7.55
2002-01-31 6.06 6.18 5.68 5.68
2002-02-04 6.62 6.66 6.22 6.22
2002-02-27 7.39 7.55 7.0 7.0
2002-03-14 7.89 7.92 7.6 7.6
2002-03-19 7.29 7.41 7.11 7.11
2002-03-21 7.68 7.75 7.46 7.46
2002-03-27 7.49 7.5 7.13 7.13
2002-06-11 6.78 6.86 6.65 6.65
2003-03-27 5.38 5.44 5.25 5.25
2006-10-17 2.5 2.5 2.5 2.5
2006-10-18 2.63 2.63 2.63 2.63
2006-11-28 2.41 2.47 2.33 2.33
2007-01-24 2.86 2.98 2.81 2.81
2007-01-29 2.88 2.88 2.72 2.72
2007-02-12 3.26 3.26 3.1 3.1
2007-03-19 4.11 4.28 4.06 4.06
2007-03-20 4.32 4.32 4.15 4.15
2007-03-22 4.77 4.77 4.77 4.77
2007-03-30 4.95 4.95 4.65 4.65
2007-04-03 5.46 5.46 5.46 5.46
2007-04-20 6.99 6.99 6.7 6.7
2007-04-26 7.37 7.37 6.95 6.95
2007-05-08 8.54 8.54 8.54 8.54
2007-05-15 9.66 9.66 9.3 9.3
2007-05-16 10.14 10.14 9.81 9.81
2007-05-17 10.65 10.65 10.65 10.65
2007-05-18 11.18 11.18 11.18 11.18
2007-05-22 12.33 12.33 12.33 12.33
2007-05-23 12.95 12.95 12.95 12.95
2007-05-28 12.92 12.92 11.69 11.69
2007-05-30 11.66 11.91 11.66 11.66
2007-05-31 11.08 11.08 11.08 11.08
2007-06-01 10.53 10.53 10.53 10.53
2007-06-05 10.0 10.0 10.0 10.0
2007-06-06 9.5 10.18 9.5 9.5
2007-06-07 9.03 9.3 9.03 9.03
2007-06-25 7.58 7.72 7.58 7.58
2007-06-26 7.2 7.2 7.2 7.2
2007-06-27 7.04 7.2 6.84 6.84
2007-06-29 6.36 6.36 6.36 6.36
2007-07-02 6.04 6.04 6.04 6.04
2007-07-19 5.97 5.97 5.73 5.73
2007-07-20 6.27 6.27 6.27 6.27
2007-07-30 7.8 7.8 7.59 7.59
2007-08-02 7.54 7.79 7.27 7.27
2007-08-17 7.57 7.65 7.36 7.36
2007-08-23 8.49 8.49 8.09 8.09
2007-09-12 7.62 7.88 7.6 7.6
2007-10-26 5.5 5.63 5.38 5.38
2007-11-13 5.69 5.78 5.5 5.5
2007-11-28 5.97 6.05 5.85 5.85
2007-12-26 6.84 6.84 6.53 6.53
2008-01-24 6.72 6.8 6.48 6.48
2008-02-04 6.35 6.35 6.07 6.07
2008-02-14 6.57 6.65 6.44 6.44
2008-03-14 6.68 6.76 6.6 6.6
2008-04-07 4.96 4.96 4.77 4.77
2008-04-11 4.95 4.96 4.8 4.8
2008-04-25 4.21 4.21 4.21 4.21
2008-05-21 4.35 4.4 4.26 4.26
2008-06-10 4.3 4.33 4.3 4.3
2008-06-11 4.09 4.09 4.09 4.09
2008-06-12 3.89 4.01 3.89 3.89
2008-06-20 3.22 3.36 3.15 3.15
2008-07-07 3.31 3.32 3.16 3.16
2008-07-09 3.46 3.46 3.33 3.33
2008-07-21 3.29 3.31 3.15 3.15
2008-07-24 3.42 3.43 3.35 3.35
2008-08-12 2.8 2.84 2.8 2.8
2008-08-19 2.49 2.53 2.45 2.45
2008-08-25 2.75 2.75 2.59 2.59
2008-08-26 2.76 2.82 2.61 2.61
2008-09-17 2.79 2.88 2.73 2.73
2008-09-24 2.57 2.57 2.57 2.57
2008-09-25 2.53 2.56 2.44 2.44
2008-10-23 1.88 1.9 1.82 1.82
2008-10-24 1.88 1.92 1.86 1.86
2008-10-28 1.76 1.76 1.7 1.7
2008-10-30 1.67 1.71 1.6 1.6
2008-11-07 1.69 1.7 1.62 1.62
2008-11-10 1.77 1.77 1.69 1.69
2008-11-13 1.91 1.91 1.8 1.8
2008-12-15 2.08 2.17 2.08 2.08
2008-12-25 2.06 2.06 1.99 1.99
2008-12-30 2.03 2.07 2.02 2.02
2009-01-22 2.24 2.26 2.2 2.2
2009-01-23 2.27 2.3 2.23 2.23
2009-03-04 2.8 2.8 2.68 2.68
2009-04-09 3.46 3.47 3.34 3.34
2009-04-24 3.76 3.83 3.71 3.71
2009-06-25 4.7 4.7 4.48 4.48
2009-07-14 5.23 5.32 5.12 5.12
2009-07-22 5.19 5.25 5.13 5.13
2009-08-18 4.47 4.57 4.46 4.46
2009-09-03 4.66 4.67 4.49 4.49
2009-09-07 4.95 5.04 4.81 4.81
2009-09-30 4.43 4.56 4.39 4.39
2009-11-03 6.12 6.12 6.12 6.12
2009-11-04 6.43 6.43 6.43 6.43
2009-11-16 7.09 7.28 6.98 6.98
2009-11-27 7.22 7.38 7.22 7.22
2010-04-02 9.59 9.59 9.59 9.59
2010-04-06 10.07 10.07 10.07 10.07
2010-04-07 10.57 10.57 10.57 10.57
2010-04-13 11.12 11.2 10.66 10.66
2010-05-14 7.44 7.44 7.09 7.09
2010-05-26 8.19 8.19 8.19 8.19
2010-05-27 8.6 8.6 8.6 8.6
2010-06-08 8.47 8.62 8.22 8.22
2010-07-06 7.83 7.83 7.45 7.45
2010-07-09 7.94 7.98 7.7 7.7
2010-07-28 8.72 8.75 8.62 8.62
2010-08-16 8.81 8.89 8.66 8.66
2010-09-06 9.5 9.65 9.17 9.17
2010-09-07 9.8 9.9 9.45 9.45
2010-09-08 9.81 10.07 9.72 9.72
2010-09-10 10.4 10.46 10.01 10.01
2010-09-17 9.76 9.88 9.65 9.65
2010-09-21 10.27 10.29 9.82 9.82
2010-09-30 10.33 10.54 10.23 10.23
2010-10-08 10.58 10.78 10.31 10.31
2010-10-25 10.3 10.3 9.82 9.82
2010-11-01 10.61 10.86 10.42 10.42
2010-11-09 10.91 11.15 10.79 10.79
2010-11-15 11.82 12.0 11.52 11.52
2010-11-29 11.8 11.83 11.2 11.2
2010-12-06 11.14 11.36 10.91 10.91
2010-12-14 10.87 11.09 10.71 10.71
2010-12-29 9.76 9.77 9.55 9.55
2010-12-31 9.91 10.01 9.77 9.77
2011-01-18 9.92 9.99 9.67 9.67
2011-01-31 9.94 9.98 9.84 9.84
2011-02-10 10.28 10.32 10.11 10.11
2011-02-16 10.67 10.82 10.64 10.64
2011-02-21 11.17 11.26 10.7 10.7
2011-03-16 10.69 10.71 10.43 10.43
2011-03-17 10.73 10.98 10.56 10.56
2011-03-28 11.09 11.17 10.95 10.95
2011-04-01 12.61 12.61 12.02 12.02
2011-04-29 10.94 10.94 10.94 10.94
2011-05-11 10.54 10.65 10.26 10.26
2011-05-20 9.39 9.42 9.16 9.16
2011-06-14 8.0 8.1 7.86 7.86
2011-06-21 8.03 8.04 7.79 7.79
2011-07-04 8.69 8.69 8.24 8.24
2011-07-26 8.71 8.76 8.6 8.6
2011-08-09 7.49 7.59 7.29 7.29
2011-08-22 8.54 8.54 8.13 8.13
2011-08-25 8.6 8.68 8.5 8.5
2011-10-12 8.04 8.07 7.75 7.75
2011-10-14 8.48 8.48 8.2 8.2
2011-10-25 8.06 8.08 7.85 7.85
2011-11-01 7.93 7.98 7.82 7.82
2011-11-03 8.12 8.18 8.0 8.0
2011-11-10 8.56 8.69 8.2 8.2
2011-12-20 5.82 5.87 5.59 5.59
2011-12-28 4.54 4.65 4.54 4.54
2012-01-16 5.0 5.04 4.88 4.88
2012-03-05 6.28 6.28 5.94 5.94
2012-04-05 6.72 6.78 6.51 6.51
2012-04-20 7.11 7.14 7.03 7.03
2012-05-02 6.2 6.38 6.2 6.2
2012-05-03 5.89 5.97 5.89 5.89
2012-05-17 6.06 6.07 5.95 5.95
2012-06-15 5.79 5.81 5.7 5.7
2012-06-27 5.77 5.85 5.71 5.71
2012-07-03 5.86 5.92 5.77 5.77
2012-07-09 5.67 5.78 5.64 5.64
2012-07-11 5.59 5.61 5.5 5.5
2012-07-13 5.65 5.68 5.57 5.57
2012-07-24 5.68 5.82 5.51 5.51
2012-07-25 5.75 5.76 5.61 5.61
2012-07-30 5.46 5.46 5.46 5.46
2012-07-31 5.19 5.19 5.19 5.19
2012-08-01 4.93 4.93 4.93 4.93
2012-08-03 4.75 4.77 4.5 4.5
2012-08-07 5.03 5.05 4.77 4.77
2012-08-08 5.06 5.09 4.98 4.98
2012-08-16 5.04 5.08 4.98 4.98
2012-09-11 6.1 6.11 5.72 5.72
2012-09-18 5.62 5.68 5.57 5.57
2012-12-24 5.69 5.69 5.5 5.5
2012-12-31 5.98 6.05 5.83 5.83
2013-01-08 5.93 5.96 5.86 5.86
2013-02-27 6.1 6.12 5.95 5.95
2013-05-03 6.17 6.19 6.06 6.06
2013-05-09 6.53 6.61 6.35 6.35
2013-05-24 7.04 7.12 6.81 6.81
2013-08-01 5.82 5.83 5.69 5.69
2013-08-12 5.91 5.91 5.8 5.8
2013-08-13 6.15 6.3 5.95 5.95
2013-08-21 5.97 6.0 5.87 5.87
2013-09-13 5.85 5.96 5.82 5.82
2013-09-18 5.6 5.65 5.57 5.57
2013-09-30 5.66 5.66 5.55 5.55
2013-10-11 5.73 5.77 5.64 5.64
2013-10-21 5.74 5.79 5.59 5.59
2013-11-07 5.47 5.61 5.42 5.42
2013-11-08 5.46 5.5 5.43 5.43
2013-11-14 5.48 5.5 5.41 5.41
2013-11-25 5.58 5.59 5.53 5.53
2013-11-29 5.64 5.68 5.59 5.59
2013-12-13 5.39 5.41 5.33 5.33
2013-12-24 5.21 5.25 5.13 5.13
2013-12-25 5.23 5.26 5.2 5.2
2014-01-02 5.28 5.3 5.19 5.19
2014-01-07 5.35 5.5 5.25 5.25
2014-01-23 5.62 5.65 5.55 5.55
2014-02-11 6.0 6.05 5.95 5.95
2014-02-18 6.24 6.32 6.0 6.0
2014-03-26 6.95 6.97 6.62 6.62
2014-04-14 7.1 7.13 6.89 6.89
2014-05-09 6.6 6.65 6.46 6.46
2014-05-16 6.96 7.0 6.76 6.76
2014-05-23 6.91 6.92 6.76 6.76
2014-06-13 7.32 7.54 7.16 7.16
2014-08-14 8.04 8.04 8.04 8.04
2014-08-15 8.84 8.84 8.84 8.84
2014-08-18 9.72 9.72 9.72 9.72
2014-08-19 10.69 10.69 10.69 10.69
2014-08-20 11.76 11.76 11.76 11.76
2014-08-21 12.94 12.94 12.94 12.94
2014-08-22 14.23 14.23 14.23 14.23
2014-08-25 15.65 15.65 15.65 15.65
2014-08-26 17.22 17.22 17.22 17.22
2014-08-27 18.94 18.94 18.0 18.0
2014-09-23 17.72 18.17 17.15 17.15
2014-09-25 17.84 18.1 17.53 17.53
2014-11-05 21.28 21.57 21.02 21.02
2014-11-12 20.49 20.69 20.15 20.15
2014-11-14 20.03 20.33 19.92 19.92
2014-12-12 19.46 19.6 19.17 19.17
2015-01-12 17.88 18.2 17.21 17.21
2015-01-20 18.8 18.95 17.8 17.8
2015-02-03 17.96 18.23 17.35 17.35
2015-02-04 18.86 18.86 17.89 17.89
2015-03-03 19.43 19.47 19.25 19.25
2015-03-09 21.45 21.45 20.21 20.21
2015-03-10 22.49 22.52 21.47 21.47
2015-03-27 23.25 23.25 22.0 22.0
2015-04-16 26.33 26.58 25.6 25.6
2015-04-17 27.61 27.65 26.33 26.33
2015-04-21 29.42 29.42 28.02 28.02
2015-04-23 32.43 32.43 31.73 31.73
2015-04-27 35.75 35.75 35.75 35.75
2015-05-08 33.95 34.37 33.0 33.0
2015-05-19 31.81 32.14 31.44 31.44
2015-05-21 35.07 35.07 34.32 34.32
2015-05-22 36.82 36.82 36.82 36.82
2015-05-25 38.66 38.66 38.66 38.66
2015-05-27 41.08 41.08 39.12 39.12
2015-06-11 48.11 48.11 48.11 48.11
2015-06-30 32.11 34.49 31.88 31.88
2015-07-03 30.43 30.85 30.43 30.43
2015-07-07 27.46 27.46 27.46 27.46
2015-07-08 26.09 26.09 26.09 26.09
2015-07-09 24.79 27.12 24.79 24.79
2015-07-10 26.03 26.03 23.55 23.55
2015-07-16 24.37 25.0 24.37 24.37
2015-07-22 27.04 27.04 26.55 26.55
2015-08-06 25.33 25.38 24.41 24.41
2015-08-07 26.6 26.6 25.33 25.33
2015-08-24 24.54 25.18 24.54 24.54
2015-08-25 23.31 23.31 23.31 23.31
2015-08-26 22.14 22.5 22.14 22.14
2015-09-02 18.1 18.1 18.1 18.1
2015-09-08 17.93 18.06 16.5 16.5
2015-09-16 19.07 19.39 17.62 17.62
2015-10-29 26.85 27.13 25.26 25.26
2015-11-02 27.07 27.98 26.34 26.34
2015-11-26 30.07 30.07 30.07 30.07
2015-11-27 31.57 31.57 31.57 31.57
2015-11-30 33.15 33.15 33.15 33.15
2015-12-01 34.81 34.81 34.81 34.81
2015-12-03 32.54 34.55 31.42 31.42
2015-12-07 35.88 35.88 34.19 34.19
2015-12-09 39.52 39.52 38.15 38.15
2015-12-10 41.5 41.5 40.0 40.0
2015-12-23 41.74 42.5 40.82 40.82
2015-12-30 41.36 42.66 41.06 41.06
2016-01-05 37.42 38.3 37.42 37.42
2016-02-15 36.2 36.7 33.49 33.49
2016-02-23 38.19 38.27 36.46 36.46
2016-02-24 39.64 39.9 38.3 38.3
2016-03-25 42.7 43.69 41.5 41.5
2016-04-22 36.74 36.78 36.0 36.0
2016-04-28 39.87 40.1 38.53 38.53
2016-05-31 18.11 18.14 17.7 17.7
2016-06-06 19.51 19.51 18.04 18.04
2016-07-20 19.17 19.35 18.96 18.96
2016-07-25 20.5 21.0 19.8 19.8
2016-09-05 24.62 24.64 23.34 23.34
2016-09-26 23.99 24.38 23.9 23.9
2016-10-28 24.02 24.46 23.4 23.4
2017-04-21 21.91 21.92 21.69 21.69
2017-06-08 22.15 22.18 21.95 21.95
