2000-01-17 29.38 29.5 28.6 28.6
2000-01-19 30.29 30.4 28.7 28.7
2000-01-24 31.93 33.7 31.3 31.3
2000-03-17 29.85 30.13 29.0 29.0
2000-04-19 30.92 31.3 30.5 30.5
2000-06-06 32.47 32.85 31.66 31.66
2000-07-07 29.33 29.43 29.17 29.17
2000-08-16 28.55 28.9 28.5 28.5
2000-09-20 25.7 26.0 25.38 25.38
2000-10-10 25.44 25.44 25.08 25.08
2000-12-12 25.9 26.0 25.5 25.5
2000-12-15 27.26 27.63 26.64 26.64
2001-03-14 25.61 25.78 25.59 25.59
2001-04-13 26.08 26.1 25.95 25.95
2001-04-30 26.47 26.55 26.18 26.18
2001-05-08 26.66 26.75 26.5 26.5
2001-05-14 26.3 26.5 26.0 26.0
2001-06-12 27.71 27.83 27.35 27.35
2001-06-13 28.12 28.26 27.51 27.51
2001-08-20 22.1 22.3 22.0 22.0
2001-10-31 17.84 17.85 17.38 17.38
2001-11-01 17.9 18.0 17.88 17.88
2002-01-04 16.8 17.0 16.6 16.6
2002-03-05 15.9 15.94 15.4 15.4
2002-04-12 16.88 17.09 16.5 16.5
2002-06-04 16.31 16.45 16.3 16.3
2002-06-06 16.4 16.97 15.7 15.7
2002-06-10 16.3 16.48 16.28 16.28
2002-06-18 16.41 16.5 16.2 16.2
2002-06-20 16.48 16.62 16.32 16.32
2002-06-21 16.97 17.0 16.45 16.45
2002-08-20 16.64 16.65 16.4 16.4
2002-09-13 16.46 16.55 16.36 16.36
2002-10-10 14.7 14.9 14.61 14.61
2002-10-11 14.64 14.73 14.58 14.58
2002-10-16 14.94 15.0 14.8 14.8
2002-11-28 12.53 12.55 12.0 12.0
2002-12-03 12.42 12.46 12.01 12.01
2002-12-04 12.53 12.78 12.31 12.31
2003-02-18 12.9 13.0 12.61 12.61
2003-02-25 13.23 13.25 12.75 12.75
2003-03-19 12.57 12.6 12.38 12.38
2003-05-21 10.93 11.0 10.9 10.9
2003-05-27 12.52 12.6 12.35 12.35
2003-05-28 13.13 13.7 12.55 12.55
2003-06-18 13.1 13.15 12.5 12.5
2003-06-24 12.46 12.53 12.36 12.36
2003-07-08 11.59 11.7 11.52 11.52
2003-07-14 12.02 12.25 11.7 11.7
2003-08-05 11.4 11.5 11.2 11.2
2003-08-22 10.9 11.0 10.8 10.8
2003-09-19 10.41 10.46 10.31 10.31
2003-09-26 10.49 10.55 10.36 10.36
2003-10-09 10.2 10.4 10.2 10.2
2003-10-22 10.14 10.43 9.86 9.86
2003-11-19 8.95 9.05 8.7 8.7
2003-11-20 9.38 9.45 8.94 8.94
2004-01-29 11.06 11.08 10.62 10.62
2004-02-02 11.19 11.28 10.75 10.75
2004-03-24 11.51 11.67 11.3 11.3
2004-03-30 12.28 12.5 12.12 12.12
2004-04-26 12.81 13.0 12.62 12.62
2004-04-27 12.85 13.14 12.75 12.75
2004-04-28 13.06 13.24 12.8 12.8
2004-06-04 13.18 13.32 13.01 13.01
2004-06-24 11.62 11.89 11.51 11.51
2004-07-08 11.66 11.67 11.4 11.4
2004-08-10 11.92 11.92 11.7 11.7
2004-08-23 10.14 10.28 9.78 9.78
2004-08-24 10.23 10.35 9.91 9.91
2004-08-25 10.16 10.38 10.05 10.05
2004-08-27 10.1 10.23 9.98 9.98
2004-09-06 10.01 10.23 10.01 10.01
2004-09-08 9.97 10.14 9.92 9.92
2004-09-14 9.55 9.98 9.2 9.2
2004-09-15 10.07 10.36 9.55 9.55
2004-10-19 10.53 10.7 10.5 10.5
2004-10-20 10.6 10.61 10.38 10.38
2004-12-08 10.77 11.0 10.71 10.71
2004-12-16 10.8 11.09 10.6 10.6
2004-12-22 10.86 10.88 10.6 10.6
2005-01-07 10.45 10.65 10.41 10.41
2005-01-13 10.02 10.2 9.94 9.94
2005-02-24 9.74 9.74 9.51 9.51
2005-02-25 9.92 9.95 9.75 9.75
2005-03-01 9.86 9.97 9.8 9.8
2005-03-03 9.7 9.91 9.66 9.66
2005-04-07 8.36 8.44 8.14 8.14
2005-04-08 8.87 8.96 8.36 8.36
2005-04-28 7.95 8.08 7.7 7.7
2005-05-11 7.97 8.02 7.72 7.72
2005-05-12 8.36 8.37 7.9 7.9
2005-05-20 8.03 8.04 7.99 7.99
2005-05-25 7.94 8.01 7.81 7.81
2005-06-24 7.86 7.88 7.73 7.73
2005-06-27 8.13 8.18 7.8 7.8
2005-07-15 6.09 6.4 6.09 6.09
2005-07-19 5.74 5.75 5.53 5.53
2005-09-23 7.95 8.03 7.56 7.56
2005-10-17 9.52 9.58 8.71 8.71
2005-10-24 9.88 9.98 9.55 9.55
2005-10-27 9.29 9.67 9.19 9.19
2005-11-14 9.7 9.7 9.44 9.44
2005-11-17 9.35 9.57 9.28 9.28
2005-11-18 9.58 9.65 9.3 9.3
2005-11-23 9.35 9.45 9.3 9.3
2005-11-24 9.31 9.45 9.3 9.3
2005-11-28 9.13 9.18 9.08 9.08
2005-12-02 8.93 9.15 8.82 8.82
2005-12-12 8.95 8.95 8.71 8.71
2005-12-13 9.08 9.15 8.8 8.8
2005-12-29 9.86 9.95 9.71 9.71
2005-12-30 9.92 9.95 9.81 9.81
2006-01-19 12.03 12.11 11.38 11.38
2006-01-20 12.63 12.65 12.1 12.1
2006-03-01 12.59 12.8 11.91 11.91
2006-03-03 12.56 12.56 12.25 12.25
2006-03-09 11.85 12.0 11.35 11.35
2006-12-04 10.19 10.29 9.88 9.88
2006-12-29 10.42 10.71 10.37 10.37
2007-01-08 11.28 11.44 10.52 10.52
2007-01-15 12.11 12.19 11.17 11.17
2007-03-15 14.73 14.8 13.8 13.8
2007-04-09 16.06 16.2 15.6 15.6
2007-07-02 16.85 16.86 15.7 15.7
2007-07-05 16.92 17.5 16.72 16.72
2007-07-06 18.0 18.1 16.92 16.92
2007-09-06 19.07 19.55 18.31 18.31
2007-11-19 17.88 17.98 16.55 16.55
2007-12-24 19.52 19.66 19.2 19.2
2007-12-27 20.35 21.0 19.6 19.6
2008-02-04 23.64 23.75 22.88 22.88
2008-02-13 25.22 25.68 24.01 24.01
2008-03-07 23.21 23.69 22.95 22.95
2008-06-26 13.7 13.7 13.05 13.05
2008-07-02 13.2 13.5 12.83 12.83
2008-07-07 14.13 14.2 13.51 13.51
2008-07-25 15.14 16.1 14.79 14.79
2008-08-04 14.28 14.8 14.06 14.06
2008-08-19 12.03 12.08 11.25 11.25
2008-08-26 11.49 11.64 11.25 11.25
2008-10-27 7.0 7.09 6.22 6.22
2008-11-06 6.91 7.08 6.72 6.72
2008-11-10 7.83 7.83 7.28 7.28
2008-11-14 9.14 9.24 8.83 8.83
2008-11-17 10.05 10.05 9.3 9.3
2009-01-12 13.0 13.02 12.31 12.31
2009-05-22 17.21 17.61 16.96 16.96
2009-07-22 20.1 20.26 18.56 18.56
2009-07-27 21.01 21.92 20.5 20.5
2009-09-17 18.26 18.26 16.62 16.62
2009-12-28 19.97 20.25 19.76 19.76
2009-12-31 19.8 19.92 19.48 19.48
2010-04-23 35.72 37.0 34.35 34.35
2010-05-04 34.38 35.2 33.8 33.8
2010-05-06 23.23 24.05 23.0 23.0
2010-08-30 20.86 20.88 20.4 20.4
2010-11-24 24.91 25.6 23.4 23.4
2010-12-21 28.43 28.98 27.42 27.42
2010-12-29 26.2 26.45 25.5 25.5
2011-01-26 20.89 21.08 20.0 20.0
2011-01-31 23.13 23.19 22.2 22.2
2011-02-18 26.29 26.48 25.56 25.56
2011-02-23 27.55 27.68 26.5 26.5
2011-03-01 27.71 28.2 27.38 27.38
2011-11-17 10.32 10.47 10.22 10.22
2011-11-23 10.76 11.19 10.25 10.25
2011-11-24 10.95 11.07 10.52 10.52
2012-01-10 8.01 8.08 7.65 7.65
2012-03-12 9.93 9.95 9.5 9.5
2012-06-14 8.77 8.96 8.69 8.69
2013-05-20 5.93 6.04 5.85 5.85
2013-05-24 6.72 6.72 6.25 6.25
2013-08-13 6.01 6.04 5.85 5.85
2014-01-22 5.07 5.13 4.96 4.96
2014-03-17 5.4 5.43 5.16 5.16
2014-04-14 5.54 5.56 5.43 5.43
2014-04-21 5.46 5.55 5.46 5.46
2014-06-05 5.08 5.1 5.03 5.03
2014-06-30 4.96 4.97 4.87 4.87
2014-07-22 6.34 6.34 6.34 6.34
2015-02-13 7.92 8.03 7.87 7.87
2015-07-09 8.57 8.57 7.01 7.01
2015-12-25 9.57 9.58 9.39 9.39
2016-01-25 7.29 7.33 7.16 7.16
2016-02-02 6.92 6.95 6.6 6.6
2016-02-04 7.08 7.09 6.92 6.92
2016-02-16 7.29 7.35 6.9 6.9
2016-04-13 8.29 8.42 8.23 8.23
2016-04-14 8.4 8.46 8.3 8.3
2016-08-18 7.62 7.72 7.53 7.53
2016-12-07 8.4 8.46 8.27 8.27
2016-12-09 8.26 8.31 8.21 8.21
2017-02-24 8.98 9.08 8.71 8.71
2017-02-28 8.89 9.01 8.84 8.84
2017-03-07 8.48 8.49 8.41 8.41
2017-06-13 6.4 6.49 6.25 6.25
