2002-07-17 21.85 21.88 21.4 21.4
2002-07-26 22.64 22.68 22.45 22.45
2002-08-06 22.0 22.18 21.8 21.8
2002-08-13 19.6 19.8 19.5 19.5
2002-08-27 20.31 20.35 19.85 19.85
2002-10-24 17.04 17.12 16.88 16.88
2002-11-04 16.54 16.57 16.15 16.15
2002-12-03 16.78 16.8 16.3 16.3
2002-12-09 16.78 17.09 16.6 16.6
2002-12-16 16.7 16.75 16.3 16.3
2002-12-23 16.88 17.08 16.86 16.86
2002-12-31 16.13 16.33 15.28 15.28
2003-01-03 14.84 15.1 14.8 14.8
2003-01-14 16.08 16.39 15.35 15.35
2003-01-24 16.39 16.44 16.18 16.18
2003-01-29 16.77 16.83 16.7 16.7
2003-02-14 16.71 16.8 16.56 16.56
2003-02-27 16.18 16.35 16.1 16.1
2003-03-14 15.69 15.8 15.58 15.58
2003-04-07 15.18 15.5 15.15 15.15
2003-04-14 15.95 15.95 14.61 14.61
2003-05-19 12.94 13.08 12.65 12.65
2003-06-10 12.31 12.4 12.25 12.25
2003-06-11 12.6 12.63 12.31 12.31
2003-06-13 12.95 13.1 12.75 12.75
2003-08-12 11.08 11.11 10.96 10.96
2003-08-20 10.96 10.98 10.8 10.8
2003-08-21 11.11 11.18 10.98 10.98
2003-08-22 11.18 11.26 11.01 11.01
2003-11-13 5.93 6.09 5.62 5.62
2003-11-26 7.4 7.69 7.18 7.18
2003-12-01 7.31 7.37 7.1 7.1
2003-12-30 7.21 7.3 7.0 7.0
2004-01-07 6.33 6.8 6.01 6.01
2006-10-12 4.61 4.72 4.5 4.5
2006-11-08 3.97 3.98 3.85 3.85
2006-11-09 4.03 4.09 3.95 3.95
2006-11-14 3.81 3.83 3.71 3.71
2006-11-15 3.87 3.95 3.79 3.79
2006-11-22 3.89 3.96 3.75 3.75
2006-12-28 3.99 3.99 3.81 3.81
2007-01-17 4.59 4.67 4.43 4.43
2007-01-29 5.0 5.01 4.78 4.78
2007-02-07 5.41 5.44 5.18 5.18
2007-02-12 6.07 6.07 5.75 5.75
2007-03-02 6.4 6.59 6.38 6.38
2007-03-05 6.61 6.66 6.38 6.38
2007-03-06 6.78 6.9 6.6 6.6
2007-03-19 8.57 9.19 8.4 8.4
2007-03-20 9.0 9.0 8.5 8.5
2007-03-26 8.93 9.15 8.93 8.93
2007-03-27 8.69 9.01 8.48 8.48
2007-03-29 8.68 8.68 8.22 8.22
2007-04-17 9.8 9.8 9.5 9.5
2007-04-26 10.52 10.52 10.02 10.02
2007-05-17 12.86 12.86 12.15 12.15
2007-05-30 13.52 13.82 13.52 13.52
2007-05-31 12.84 12.99 12.84 12.84
2007-06-01 12.2 12.2 12.2 12.2
2007-06-04 11.59 11.59 11.59 11.59
2007-06-05 11.01 11.01 11.01 11.01
2007-06-06 10.46 10.99 10.46 10.46
2007-06-26 8.84 8.84 8.84 8.84
2007-06-29 8.26 8.44 8.26 8.26
2007-07-18 8.86 9.05 8.51 8.51
2007-07-20 9.07 9.18 8.93 8.93
2007-07-23 9.36 9.38 9.0 9.0
2007-07-24 9.36 9.7 9.34 9.34
2007-11-19 10.61 10.61 10.61 10.61
2007-11-20 11.14 11.14 11.14 11.14
2007-11-21 11.7 11.7 11.7 11.7
2007-11-22 12.29 12.29 12.29 12.29
2007-11-26 12.9 12.9 12.9 12.9
2007-11-27 13.55 13.55 13.55 13.55
2007-11-28 14.23 14.23 14.23 14.23
2007-11-29 14.94 14.94 14.94 14.94
2007-11-30 15.69 15.69 15.69 15.69
2007-12-12 20.52 20.52 20.52 20.52
2008-01-23 18.25 18.6 17.88 17.88
2008-01-29 18.94 19.32 18.6 18.6
2008-02-15 20.74 20.74 19.75 19.75
2008-08-14 8.78 8.78 7.86 7.86
2008-08-27 8.14 8.38 7.51 7.51
2008-08-29 8.36 8.53 7.82 7.82
2008-09-24 6.35 6.44 5.51 5.51
2008-10-17 5.64 5.7 5.35 5.35
2008-10-23 5.46 5.55 5.26 5.26
2008-11-07 4.75 4.79 4.46 4.46
2008-11-26 5.54 5.74 5.4 5.4
2008-12-08 7.38 7.38 7.38 7.38
2008-12-16 8.13 8.13 7.21 7.21
2009-01-14 7.15 7.17 6.83 6.83
2009-01-15 7.32 7.46 7.16 7.16
2009-02-19 8.84 8.9 8.61 8.61
2009-02-23 10.01 10.01 9.64 9.64
2009-03-02 7.67 7.73 7.3 7.3
2009-03-04 8.38 8.58 7.78 7.78
2009-03-19 8.98 9.08 8.65 8.65
2009-03-23 8.93 9.1 8.75 8.75
2009-04-01 9.38 9.49 9.16 9.16
2009-04-09 8.84 8.85 8.58 8.58
2009-04-30 9.81 10.2 9.74 9.74
2009-06-18 11.77 11.96 11.62 11.62
2009-06-22 12.21 12.81 12.02 12.02
2009-06-24 12.87 13.16 12.3 12.3
2009-09-04 11.94 12.15 11.62 11.62
2009-09-11 12.8 13.2 12.27 12.27
2009-09-14 13.45 13.66 12.71 12.71
2009-09-23 12.18 12.56 12.14 12.14
2009-10-28 14.11 14.13 13.73 13.73
2009-11-30 15.36 15.43 15.03 15.03
2010-01-12 13.34 13.45 13.2 13.2
2010-01-27 12.2 12.55 12.09 12.09
2010-02-04 12.21 12.37 12.01 12.01
2010-02-10 12.16 12.3 11.98 11.98
2010-05-10 9.42 9.48 9.15 9.15
2010-05-24 10.29 10.36 9.84 9.84
2010-07-06 9.17 9.19 8.87 8.87
2010-07-14 9.12 9.29 8.93 8.93
2010-07-22 10.15 10.37 9.68 9.68
2010-08-20 11.06 11.17 10.36 10.36
2010-11-11 12.91 13.14 12.74 12.74
2010-11-29 12.34 12.68 12.25 12.25
2010-12-02 12.8 13.14 12.35 12.35
2010-12-08 12.7 12.93 12.65 12.65
2010-12-24 13.53 13.67 13.0 13.0
2011-01-18 13.45 13.66 13.3 13.3
2011-01-24 14.24 14.57 13.6 13.6
2011-02-11 15.98 16.1 15.21 15.21
2011-02-17 17.01 17.3 16.4 16.4
2011-02-23 17.61 18.35 16.85 16.85
2011-03-18 21.43 21.8 20.59 20.59
2011-03-28 21.7 22.18 21.0 21.0
2011-03-31 20.04 20.27 19.96 19.96
2011-04-20 19.94 19.95 18.46 18.46
2011-04-29 18.06 18.28 17.35 17.35
2011-05-04 19.49 19.68 18.35 18.35
2011-05-31 19.43 19.45 18.53 18.53
2011-06-10 21.54 22.1 20.76 20.76
2011-07-04 21.02 21.3 20.25 20.25
2011-07-06 21.62 21.88 21.03 21.03
2011-08-11 16.39 16.45 15.7 15.7
2011-08-15 17.81 17.95 16.55 16.55
2011-08-22 18.02 18.05 17.46 17.46
2011-09-07 10.52 10.6 10.35 10.35
2011-10-25 8.76 8.83 8.55 8.55
2011-11-02 9.24 9.26 9.06 9.06
2011-11-16 10.05 10.35 10.01 10.01
2011-12-07 7.8 7.88 7.61 7.61
2012-02-10 7.36 7.56 7.3 7.3
2012-03-08 7.39 7.45 7.31 7.31
2012-08-21 5.27 5.37 5.1 5.1
2012-10-09 5.02 5.04 4.84 4.84
2012-10-18 5.13 5.22 5.0 5.0
2012-11-14 4.93 4.99 4.81 4.81
2012-11-26 4.54 4.59 4.51 4.51
2012-12-28 4.58 4.6 4.47 4.47
2013-01-10 4.94 4.94 4.47 4.47
2013-01-28 5.09 5.18 4.82 4.82
2013-02-05 5.39 5.54 5.23 5.23
2013-03-05 6.2 6.39 6.09 6.09
2013-04-01 5.46 5.55 5.4 5.4
2013-07-11 5.22 5.37 5.0 5.0
2013-08-19 5.04 5.06 4.93 4.93
2013-11-15 4.58 4.61 4.48 4.48
2013-11-22 4.64 4.67 4.59 4.59
2013-12-17 4.33 4.37 4.29 4.29
2014-01-22 3.73 3.75 3.6 3.6
2014-02-14 3.99 4.02 3.91 3.91
2014-03-19 4.12 4.23 4.05 4.05
2014-03-27 4.09 4.14 4.06 4.06
2014-04-02 4.15 4.23 4.05 4.05
2014-04-29 3.71 3.76 3.61 3.61
2014-05-06 3.76 3.83 3.71 3.71
2014-05-08 3.78 3.79 3.68 3.68
2014-07-03 4.18 4.24 4.07 4.07
2014-07-28 4.54 4.57 4.45 4.45
2014-08-05 4.65 4.66 4.56 4.56
2014-08-29 5.32 5.4 5.05 5.05
2014-09-26 5.73 5.82 5.7 5.7
2014-11-07 5.61 5.75 5.53 5.53
2014-11-10 5.82 5.84 5.6 5.6
2014-11-21 6.2 6.35 5.91 5.91
2014-12-10 6.3 6.4 6.04 6.04
2014-12-24 5.9 5.94 5.75 5.75
2015-01-20 6.65 6.74 6.4 6.4
2015-05-06 7.32 7.32 7.32 7.32
2015-05-07 8.05 8.05 8.05 8.05
2015-05-08 8.86 8.86 8.86 8.86
2015-05-11 9.75 9.75 9.75 9.75
2015-05-12 10.73 10.73 10.73 10.73
2015-05-13 11.8 11.8 11.8 11.8
2015-05-14 12.98 12.98 12.98 12.98
2015-05-15 14.28 14.28 14.28 14.28
2015-05-18 15.71 15.71 15.71 15.71
2015-05-19 17.28 17.28 17.28 17.28
2015-05-21 20.91 20.91 20.91 20.91
2015-05-22 23.0 23.0 23.0 23.0
2015-06-30 17.4 18.58 16.73 16.73
2015-07-08 9.24 9.24 9.24 9.24
2015-07-09 10.16 10.16 8.32 8.32
2015-07-10 11.18 11.18 10.01 10.01
2015-07-23 15.41 15.83 14.28 14.28
2015-08-04 14.19 14.19 12.94 12.94
2015-08-13 15.63 15.65 14.8 14.8
2015-08-25 10.48 10.64 10.48 10.48
2015-10-22 13.32 13.32 12.11 12.11
2015-11-02 12.38 12.38 12.38 12.38
2015-11-03 11.14 11.14 11.14 11.14
2015-11-04 12.25 12.25 10.9 10.9
2015-11-05 12.19 12.86 11.9 11.9
2015-11-06 12.21 12.34 12.06 12.06
2016-03-07 9.07 9.26 8.88 8.88
2016-04-05 10.53 10.71 9.77 9.77
2016-05-19 7.84 8.0 7.81 7.81
2016-06-08 8.91 9.06 8.79 8.79
2016-06-27 9.21 9.24 8.78 8.78
2016-09-09 10.08 10.26 9.95 9.95
2016-11-21 9.72 9.75 9.68 9.68
2016-12-21 8.43 8.53 8.35 8.35
2017-01-03 8.35 8.37 8.28 8.28
2017-01-20 8.01 8.02 7.87 7.87
2017-02-13 8.26 8.32 8.18 8.18
2017-03-16 8.23 8.23 8.12 8.12
2017-04-05 7.73 7.74 7.61 7.61
2017-04-25 6.63 6.69 6.61 6.61
2017-04-26 6.67 6.75 6.63 6.63
2017-05-31 5.98 6.1 5.9 5.9
2017-06-19 6.3 6.32 6.21 6.21
2017-06-23 6.37 6.47 6.22 6.22
2017-08-15 7.38 7.45 7.11 7.11
