1996-11-25 10.3 10.3 10.0 10.0
1996-12-02 13.3 13.3 11.8 11.8
1996-12-16 12.41 12.41 12.41 12.41
1996-12-17 11.17 11.5 11.17 11.17
1996-12-18 12.13 12.25 10.1 10.1
1997-01-08 10.55 10.7 10.35 10.35
1997-01-10 10.82 10.84 10.55 10.55
1997-01-15 10.74 10.85 10.65 10.65
1997-01-29 11.03 11.1 10.9 10.9
1997-02-19 10.38 10.75 9.46 9.46
1997-02-20 10.06 10.36 9.34 9.34
1997-02-25 10.67 10.9 10.35 10.35
1997-03-05 12.1 12.4 11.4 11.4
1997-03-10 12.15 12.53 12.0 12.0
1997-03-31 13.11 13.18 12.65 12.65
1997-04-08 13.36 13.6 12.92 12.92
1997-04-09 14.7 14.7 13.56 13.56
1997-05-12 16.6 16.73 15.5 15.5
1997-05-15 16.45 16.55 15.25 15.25
1997-05-20 16.51 16.65 15.8 15.8
1997-05-23 16.2 16.37 15.3 15.3
1997-06-13 8.74 8.8 8.01 8.01
1997-06-24 8.15 8.23 8.0 8.0
1997-07-11 6.42 6.44 6.2 6.2
1997-07-18 6.8 6.88 6.6 6.6
1997-07-31 7.6 7.7 7.5 7.5
1997-08-05 9.14 9.49 8.8 8.8
1997-08-19 8.76 8.93 8.5 8.5
1997-09-10 10.36 10.43 10.07 10.07
1997-09-16 9.31 9.55 9.23 9.23
1997-10-07 8.64 8.75 7.95 7.95
1997-10-08 9.06 9.27 8.8 8.8
1997-11-04 8.55 8.67 8.46 8.46
1997-11-07 9.17 9.35 8.7 8.7
1997-11-19 8.7 8.8 8.6 8.6
1997-12-05 8.25 8.45 8.12 8.12
1997-12-17 8.15 8.29 8.06 8.06
1997-12-29 8.24 8.33 8.08 8.08
1998-01-14 8.03 8.13 7.76 7.76
1998-01-23 8.15 8.17 8.05 8.05
1998-02-09 8.39 8.49 8.28 8.28
1998-02-13 8.68 8.94 8.52 8.52
1998-03-02 8.44 8.6 8.18 8.18
1998-03-10 8.15 8.2 8.01 8.01
1998-03-17 8.0 8.1 7.81 7.81
1998-03-20 7.92 8.01 7.9 7.9
1998-04-02 8.0 8.19 7.72 7.72
1998-04-22 8.58 8.64 8.23 8.23
1998-04-28 8.35 8.58 8.2 8.2
1998-05-19 8.72 8.75 8.6 8.6
1998-05-27 9.1 9.18 8.91 8.91
1998-05-29 9.69 9.86 9.35 9.35
1998-06-01 10.24 10.27 9.69 9.69
1998-06-15 10.0 10.22 9.95 9.95
1998-06-17 10.48 10.68 10.15 10.15
1998-07-16 9.8 9.9 9.6 9.6
1998-07-23 9.29 9.3 9.09 9.09
1998-08-05 9.35 9.41 9.25 9.25
1998-08-06 9.32 9.54 8.89 8.89
1998-08-17 8.3 8.45 7.8 7.8
1998-08-18 8.3 8.5 8.01 8.01
1998-08-20 9.18 9.3 8.6 8.6
1998-08-21 9.35 9.45 8.99 8.99
1998-08-25 9.55 10.1 9.08 9.08
1998-09-01 9.08 9.3 8.81 8.81
1998-09-09 9.68 9.68 9.28 9.28
1998-09-30 10.1 10.1 9.86 9.86
1998-10-08 10.25 10.35 9.8 9.8
1998-10-27 9.88 9.96 9.5 9.5
1998-10-28 9.95 10.12 9.91 9.91
1998-11-02 10.32 10.48 10.28 10.28
1998-11-05 10.58 10.63 10.3 10.3
1998-11-09 10.69 10.97 10.61 10.61
1998-11-13 10.99 11.1 10.45 10.45
1998-11-17 11.88 12.08 11.37 11.37
1998-12-17 9.73 9.78 9.56 9.56
1998-12-21 9.69 9.79 9.42 9.42
1998-12-29 9.53 9.85 9.53 9.53
1998-12-30 9.7 9.75 9.53 9.53
1999-01-06 9.4 9.55 9.33 9.33
1999-01-08 9.58 9.58 9.13 9.13
1999-01-28 9.7 10.0 9.44 9.44
1999-03-02 9.18 9.23 9.0 9.0
1999-03-11 9.78 9.91 9.26 9.26
1999-03-15 9.99 10.1 9.7 9.7
1999-03-26 10.6 10.65 10.2 10.2
1999-03-31 10.75 11.0 10.5 10.5
1999-04-14 11.46 11.7 11.2 11.2
1999-04-29 10.7 10.94 10.6 10.6
1999-04-30 11.19 11.2 10.95 10.95
1999-05-11 10.89 10.89 10.51 10.51
1999-05-19 11.7 11.7 11.18 11.18
1999-06-10 14.5 14.5 13.78 13.78
1999-06-11 15.25 15.25 14.58 14.58
1999-07-02 13.0 13.24 12.1 12.1
1999-07-07 13.65 14.1 13.5 13.5
1999-07-15 12.9 13.0 12.82 12.82
1999-08-13 14.99 15.05 14.2 14.2
1999-08-17 15.15 15.29 14.5 14.5
1999-08-18 15.05 15.45 14.8 14.8
1999-08-26 14.65 14.95 14.38 14.38
1999-08-30 14.9 15.19 14.72 14.72
1999-08-31 14.9 15.12 14.5 14.5
1999-09-02 15.05 15.05 13.71 13.71
1999-09-08 14.85 15.3 14.53 14.53
1999-09-20 17.44 17.52 16.51 16.51
1999-10-08 18.3 18.98 18.11 18.11
1999-10-11 18.8 18.98 18.1 18.1
1999-10-12 19.97 20.68 18.8 18.8
1999-10-14 21.3 21.5 20.1 20.1
1999-10-18 23.44 23.9 21.4 21.4
1999-10-22 21.6 21.6 20.39 20.39
1999-11-01 22.6 22.6 21.56 21.56
1999-11-25 23.88 23.94 22.45 22.45
1999-12-08 22.8 23.0 22.5 22.5
1999-12-09 23.66 23.7 22.7 22.7
1999-12-29 24.3 24.57 23.2 23.2
2000-01-17 27.67 27.67 25.1 25.1
2000-02-14 31.08 31.2 29.3 29.3
2000-02-28 35.6 35.7 33.1 33.1
2000-03-15 17.5 18.0 16.8 16.8
2000-03-17 16.87 17.23 16.3 16.3
2000-03-22 18.0 18.59 17.7 17.7
2000-04-18 18.3 18.7 18.0 18.0
2000-04-20 18.18 18.68 17.6 17.6
2000-05-09 17.25 17.58 17.0 17.0
2000-05-29 19.8 20.0 18.6 18.6
2000-08-10 19.9 20.2 18.65 18.65
2000-08-14 20.45 20.48 19.79 19.79
2000-08-21 21.65 21.91 21.06 21.06
2000-09-07 18.65 19.3 18.37 18.37
2000-09-11 19.3 19.35 18.9 18.9
2000-10-10 17.78 17.78 17.06 17.06
2000-10-31 17.05 17.15 16.6 16.6
2000-11-07 17.17 17.2 16.53 16.53
2000-11-09 17.28 17.3 17.0 17.0
2000-11-10 17.82 17.96 17.15 17.15
2000-11-17 18.26 18.35 16.5 16.5
2000-11-28 18.2 18.2 17.7 17.7
2000-12-01 18.93 19.11 18.62 18.62
2000-12-08 18.79 19.0 18.66 18.66
2000-12-18 18.85 18.85 18.35 18.35
2001-01-03 19.88 20.15 19.05 19.05
2001-01-10 19.84 20.0 19.72 19.72
2001-01-11 19.79 19.96 18.84 18.84
2001-01-18 18.88 19.0 18.7 18.7
2001-02-09 17.7 17.78 17.28 17.28
2001-02-12 17.96 18.0 17.7 17.7
2001-02-14 17.96 18.18 17.8 17.8
2001-02-19 18.61 18.69 17.98 17.98
2001-03-01 18.49 18.53 18.26 18.26
2001-03-09 18.94 19.1 18.6 18.6
2001-03-20 18.65 18.8 18.31 18.31
2001-03-27 19.1 19.2 18.72 18.72
2001-04-05 18.88 19.01 18.65 18.65
2001-04-06 19.1 19.28 18.81 18.81
2001-04-12 17.96 18.19 17.82 17.82
2001-05-08 17.95 17.98 17.4 17.4
2001-05-30 17.4 17.5 17.24 17.24
2001-06-01 17.5 17.7 17.38 17.38
2001-08-21 15.69 15.95 15.59 15.59
2001-09-04 15.55 15.58 15.2 15.2
2001-09-19 14.56 14.58 14.15 14.15
2001-09-26 14.4 14.88 14.0 14.0
2001-09-28 14.35 14.5 14.23 14.23
2001-10-09 14.32 14.55 14.0 14.0
2001-10-17 13.29 13.5 13.0 13.0
2001-10-23 14.19 14.19 13.58 13.58
2001-11-12 14.24 14.49 14.1 14.1
2001-11-20 15.4 15.4 14.68 14.68
2001-12-28 13.45 13.58 13.28 13.28
2002-01-31 11.4 11.61 10.56 10.56
2002-03-05 12.03 12.1 11.6 11.6
2002-03-07 12.9 12.9 12.11 12.11
2002-03-08 13.64 14.15 13.1 13.1
2002-03-19 13.25 13.25 12.95 12.95
2002-04-29 12.85 12.88 12.55 12.55
2002-05-21 11.89 12.1 11.5 11.5
2002-06-11 10.74 10.9 10.61 10.61
2002-06-18 10.58 10.66 10.23 10.23
2002-06-21 11.42 11.55 10.94 10.94
2002-07-08 12.36 12.39 12.2 12.2
2002-07-11 11.9 12.1 11.81 11.81
2002-07-16 11.74 11.94 11.64 11.64
2002-07-19 11.93 11.96 11.82 11.82
2002-07-29 11.64 11.64 11.52 11.52
2002-08-02 11.49 11.62 11.45 11.45
2002-08-13 11.03 11.18 11.0 11.0
2002-08-22 11.55 11.68 11.35 11.35
2002-09-02 12.0 12.12 11.4 11.4
2002-10-24 11.46 11.78 11.4 11.4
2002-10-28 11.02 11.15 10.92 10.92
2002-12-03 9.35 9.36 9.1 9.1
2002-12-04 9.31 9.56 9.3 9.3
2002-12-12 9.15 9.41 9.0 9.0
2002-12-16 9.37 9.53 9.11 9.11
2002-12-17 9.76 9.94 9.5 9.5
2002-12-20 9.73 9.8 9.47 9.47
2003-01-09 9.39 9.5 9.16 9.16
2003-01-14 9.7 9.84 9.3 9.3
2003-01-27 10.13 10.17 10.0 10.0
2003-02-11 9.96 10.0 9.83 9.83
2003-02-25 10.19 10.23 9.89 9.89
2003-04-18 9.93 10.18 9.85 9.85
2003-04-28 10.18 10.29 9.4 9.4
2003-05-21 9.28 9.38 9.24 9.24
2003-07-08 9.18 9.2 9.08 9.08
2003-08-12 8.66 8.85 8.29 8.29
2003-08-14 8.44 8.69 8.42 8.42
2003-09-03 8.27 8.3 8.16 8.16
2003-09-10 8.12 8.28 8.1 8.1
2003-10-08 7.52 7.55 7.32 7.32
2003-10-10 7.66 7.76 7.39 7.39
2003-10-17 7.33 7.36 7.3 7.3
2003-10-28 7.1 7.1 7.01 7.01
2003-10-31 6.76 6.96 6.68 6.68
2003-11-04 6.86 7.04 6.71 6.71
2003-11-13 6.18 6.25 6.05 6.05
2003-11-20 7.59 7.75 7.03 7.03
2003-12-01 7.53 7.59 7.26 7.26
2003-12-05 7.5 7.6 7.35 7.35
2003-12-09 7.81 7.9 7.37 7.37
2003-12-17 7.66 7.84 7.55 7.55
2004-01-08 7.57 7.58 7.28 7.28
2004-01-13 7.67 7.82 7.4 7.4
2004-01-14 7.71 7.8 7.46 7.46
2004-02-16 8.7 8.75 8.3 8.3
2004-03-31 8.71 8.73 8.5 8.5
2004-05-28 8.49 8.68 8.38 8.38
2004-08-10 6.54 6.57 6.5 6.5
2004-08-31 6.34 6.48 6.2 6.2
2004-09-08 6.31 6.34 6.21 6.21
2004-09-14 5.99 6.17 5.78 5.78
2004-09-17 6.63 6.73 6.42 6.42
2004-09-20 6.97 7.14 6.68 6.68
2004-10-27 6.46 6.46 6.26 6.26
2004-11-09 6.2 6.24 6.17 6.17
2004-11-22 6.85 6.96 6.45 6.45
2004-11-30 6.49 6.5 6.4 6.4
2004-12-03 6.68 6.77 6.55 6.55
2004-12-14 6.29 6.4 6.28 6.28
2004-12-16 6.28 6.36 6.25 6.25
2004-12-22 6.38 6.39 6.15 6.15
2005-01-07 5.93 6.05 5.88 5.88
2005-01-10 6.1 6.11 5.96 5.96
2005-02-16 5.94 6.05 5.81 5.81
2005-03-22 5.6 5.77 5.52 5.52
2005-03-29 5.51 5.64 5.45 5.45
2005-04-01 5.51 5.55 5.21 5.21
2005-04-07 5.66 5.73 5.33 5.33
2005-04-19 5.28 5.35 5.28 5.28
2005-04-26 4.6 4.73 4.56 4.56
2005-05-30 4.69 4.73 4.53 4.53
2005-06-24 4.79 4.9 4.72 4.72
2005-07-07 4.27 4.35 4.04 4.04
2005-08-05 4.34 4.34 4.22 4.22
2005-08-15 4.68 4.74 4.51 4.51
2005-08-22 4.39 4.43 4.21 4.21
2005-08-24 4.39 4.39 4.3 4.3
2005-09-30 4.66 4.75 4.61 4.61
2005-10-11 4.51 4.51 4.38 4.38
2005-10-18 4.69 4.77 4.51 4.51
2005-10-21 4.79 4.83 4.75 4.75
2005-10-24 4.95 5.08 4.81 4.81
2005-10-26 4.84 4.9 4.73 4.73
2005-11-02 4.64 4.68 4.5 4.5
2005-11-03 4.65 4.7 4.6 4.6
2005-11-11 4.6 4.64 4.56 4.56
2005-11-14 4.67 4.75 4.6 4.6
2005-11-18 4.89 4.91 4.7 4.7
2005-11-23 4.8 4.82 4.74 4.74
2005-12-07 4.58 4.59 4.5 4.5
2005-12-19 4.61 4.65 4.56 4.56
2005-12-22 4.85 4.95 4.66 4.66
2006-01-09 5.09 5.12 4.96 4.96
2006-01-20 5.14 5.24 5.02 5.02
2006-02-06 5.02 5.03 4.9 4.9
2006-02-20 4.88 4.94 4.85 4.85
2006-02-24 4.96 4.98 4.83 4.83
2006-03-10 4.6 4.6 4.53 4.53
2006-03-13 4.61 4.64 4.57 4.57
2006-03-27 4.73 4.74 4.6 4.6
2006-04-04 4.9 4.96 4.75 4.75
2006-04-06 4.95 5.02 4.9 4.9
2006-04-07 5.06 5.12 4.95 4.95
2006-05-15 10.89 10.89 9.98 9.98
2006-05-26 9.23 9.44 9.06 9.06
2006-06-16 9.02 9.02 9.02 9.02
2006-10-18 10.53 10.53 9.5 9.5
2006-10-31 10.21 10.21 10.21 10.21
2006-11-01 9.19 9.19 9.19 9.19
2006-11-02 8.27 8.27 8.27 8.27
2006-11-03 7.44 7.44 7.44 7.44
2006-11-07 7.27 7.34 6.03 6.03
2006-11-09 6.47 6.65 6.35 6.35
2006-11-24 7.08 7.3 6.68 6.68
2006-12-13 6.77 6.77 6.15 6.15
2006-12-19 7.03 7.27 6.89 6.89
2007-01-04 7.08 7.08 7.08 7.08
2007-02-05 8.22 8.35 8.12 8.12
2007-02-06 8.56 8.58 8.28 8.28
2007-02-14 9.39 9.8 9.15 9.15
2007-03-15 10.01 10.24 9.88 9.88
2007-03-16 10.49 10.69 10.0 10.0
2007-03-26 11.39 11.75 11.23 11.23
2007-04-16 11.63 11.76 11.16 11.16
2007-04-20 11.82 12.19 11.37 11.37
2007-04-26 15.2 15.43 13.8 13.8
2007-05-08 14.85 15.37 14.41 14.41
2007-05-10 14.7 15.08 14.37 14.37
2007-05-21 18.87 19.42 17.66 17.66
2007-06-07 19.33 19.33 17.76 17.76
2007-06-11 21.21 21.58 19.7 19.7
2007-08-23 12.71 12.71 12.71 12.71
2007-08-24 13.98 13.98 13.98 13.98
2007-08-27 15.38 15.38 15.38 15.38
2007-09-10 14.87 15.27 13.8 13.8
2007-09-12 15.08 15.14 13.95 13.95
2007-09-14 16.94 16.94 15.45 15.45
2007-09-28 19.62 20.39 19.12 19.12
2007-10-10 20.8 21.22 19.96 19.96
2007-11-12 15.88 15.92 15.06 15.06
2007-11-27 14.21 14.51 14.21 14.21
2007-12-07 14.4 14.4 13.58 13.58
2008-01-29 13.53 14.0 13.36 13.36
2008-02-01 13.28 13.82 13.28 13.28
2008-02-14 15.41 15.64 14.34 14.34
2008-03-26 14.38 14.38 13.83 13.83
2008-04-15 8.69 8.69 8.69 8.69
2008-04-16 8.15 8.65 7.95 7.95
2008-05-05 7.08 7.08 6.75 6.75
2008-05-06 7.43 7.43 7.43 7.43
2008-05-07 7.8 7.8 7.8 7.8
2008-05-09 7.41 7.41 7.41 7.41
2008-05-12 7.04 7.04 7.04 7.04
2008-05-13 7.37 7.39 6.69 6.69
2008-05-19 7.64 7.67 7.3 7.3
2008-05-22 6.99 7.19 6.9 6.9
2008-05-23 7.27 7.34 7.01 7.01
2008-06-10 6.48 6.59 6.48 6.48
2008-06-11 6.16 6.16 6.16 6.16
2008-06-12 5.85 5.98 5.85 5.85
2008-06-16 5.56 5.56 5.56 5.56
2008-06-17 5.28 5.39 5.28 5.28
2008-06-18 5.15 5.25 5.02 5.02
2008-06-20 4.65 4.77 4.65 4.65
2008-06-25 4.77 4.77 4.49 4.49
2008-06-30 4.77 4.77 4.34 4.34
2008-07-28 5.01 5.05 4.8 4.8
2008-08-15 3.78 3.86 3.67 3.67
2008-08-19 3.44 3.52 3.41 3.41
2008-08-26 3.85 3.85 3.62 3.62
2008-08-28 3.83 3.85 3.71 3.71
2008-09-03 3.4 3.41 3.25 3.25
2008-09-17 2.7 2.7 2.55 2.55
2008-09-19 2.71 2.71 2.71 2.71
2008-09-25 3.07 3.07 3.07 3.07
2008-09-26 3.22 3.22 3.22 3.22
2008-10-15 3.01 3.01 2.89 2.89
2008-10-17 2.93 2.96 2.82 2.82
2008-10-27 2.83 2.83 2.83 2.83
2008-10-28 2.69 2.76 2.69 2.69
2008-11-05 2.3 2.34 2.24 2.24
2008-11-19 2.67 2.7 2.45 2.45
2008-11-24 2.55 2.65 2.51 2.51
2008-12-11 3.31 3.31 3.15 3.15
2009-01-05 2.92 2.92 2.82 2.82
2009-01-14 3.03 3.03 2.9 2.9
2009-01-22 3.3 3.3 3.21 3.21
2009-02-03 3.82 3.82 3.79 3.79
2009-02-04 4.01 4.01 4.01 4.01
2009-02-11 4.54 4.54 4.54 4.54
2009-03-04 4.64 4.64 4.42 4.42
2009-04-07 5.31 5.31 5.13 5.13
2009-05-26 4.93 5.07 4.92 4.92
2009-07-27 5.67 5.67 5.67 5.67
2009-07-28 5.95 5.95 5.95 5.95
2009-07-29 6.25 6.25 6.25 6.25
2009-08-19 5.07 5.07 4.92 4.92
2009-08-27 5.15 5.28 5.01 5.01
2009-09-11 5.12 5.13 5.05 5.05
2009-09-30 5.19 5.3 5.1 5.1
2009-10-30 5.73 5.75 5.62 5.62
2009-11-13 6.37 6.38 6.12 6.12
2009-11-30 6.45 6.45 6.1 6.1
2009-12-07 7.01 7.01 6.75 6.75
2010-01-28 5.81 5.84 5.7 5.7
2010-02-02 5.77 5.81 5.7 5.7
2010-02-24 6.26 6.27 5.98 5.98
2010-03-15 7.48 7.48 7.15 7.15
2010-04-16 8.06 8.2 7.96 7.96
2010-05-10 6.99 7.27 6.82 6.82
2010-05-24 6.18 6.18 5.91 5.91
2010-06-24 6.25 6.31 6.18 6.18
2010-07-20 5.63 5.63 5.36 5.36
2010-08-16 6.47 6.52 6.31 6.31
2010-08-23 6.21 6.35 6.08 6.08
2010-08-26 6.51 6.51 6.2 6.2
2010-10-11 6.4 6.49 6.3 6.3
2010-10-13 6.41 6.55 6.27 6.27
2010-10-15 6.79 6.79 6.48 6.48
2010-11-05 7.78 7.78 7.78 7.78
2010-11-18 6.69 6.75 6.57 6.57
2010-11-25 6.82 6.98 6.6 6.6
2010-11-29 6.83 6.94 6.7 6.7
2010-12-21 6.57 6.62 6.45 6.45
2010-12-23 6.93 6.93 6.59 6.59
2010-12-30 7.61 7.68 7.32 7.32
2011-01-13 7.29 7.35 7.15 7.15
2011-02-25 8.15 8.37 7.9 7.9
2011-03-09 8.52 8.8 8.45 8.45
2011-03-18 8.0 8.1 7.92 7.92
2011-03-21 8.13 8.26 7.95 7.95
2011-04-01 8.68 8.71 8.52 8.52
2011-04-06 8.86 9.05 8.67 8.67
2011-05-18 9.68 9.83 9.6 9.6
2011-05-31 9.91 10.02 9.31 9.31
2011-08-12 10.64 10.64 10.2 10.2
2011-08-19 10.48 10.66 10.31 10.31
2011-09-15 9.84 9.84 9.4 9.4
2011-09-19 9.86 10.15 9.75 9.75
2011-09-21 9.97 9.99 9.61 9.61
2011-11-29 9.57 9.59 9.41 9.41
2011-12-06 8.38 8.48 8.1 8.1
2011-12-07 8.8 8.8 8.37 8.37
2011-12-09 8.66 8.82 8.55 8.55
2012-01-10 6.39 6.39 6.15 6.15
2012-01-13 6.9 6.9 6.66 6.66
2012-01-17 6.84 6.85 6.24 6.24
2012-01-20 6.89 6.9 6.65 6.65
2012-02-21 8.39 8.45 8.15 8.15
2012-03-27 8.83 8.88 8.59 8.59
2012-04-05 8.6 8.6 8.19 8.19
2012-04-17 9.17 9.17 8.7 8.7
2012-04-20 9.18 9.39 8.9 8.9
2012-04-25 8.08 8.08 8.08 8.08
2012-04-26 7.68 7.68 7.68 7.68
2012-05-02 7.07 7.07 7.07 7.07
2012-05-03 6.72 6.72 6.72 6.72
2012-05-04 6.76 7.04 6.38 6.38
2012-05-29 7.21 7.38 7.19 7.19
2012-06-05 7.65 7.68 7.33 7.33
2012-06-26 7.55 7.58 7.4 7.4
2012-06-29 7.39 7.5 7.25 7.25
2012-07-30 7.59 7.59 7.59 7.59
2012-07-31 7.21 7.21 7.21 7.21
2012-08-01 6.85 7.21 6.85 6.85
2012-08-02 6.79 7.1 6.65 6.65
2012-08-31 7.37 7.45 7.05 7.05
2012-09-04 7.46 7.56 7.39 7.39
2012-10-16 7.94 7.94 7.58 7.58
2012-10-17 8.0 8.22 7.95 7.95
2012-11-01 8.39 8.42 8.31 8.31
2012-11-09 8.94 9.02 8.75 8.75
2012-11-23 8.95 8.97 8.64 8.64
2012-11-29 8.39 8.61 8.18 8.18
2012-11-30 8.61 8.62 8.32 8.32
2012-12-24 8.7 8.8 8.55 8.55
2012-12-28 9.08 9.12 8.73 8.73
2013-01-25 8.98 9.07 8.88 8.88
2013-02-08 10.98 11.09 10.62 10.62
2013-02-19 11.81 12.05 11.53 11.53
2013-02-27 11.89 11.98 11.61 11.61
2013-03-05 13.65 13.65 13.07 13.07
2013-03-06 14.33 14.33 13.9 13.9
2013-03-27 16.23 16.23 15.63 15.63
2013-03-29 15.94 16.29 15.57 15.57
2013-04-10 16.68 16.9 16.3 16.3
2013-05-03 16.31 16.48 15.81 15.81
2013-05-06 17.86 17.94 16.18 16.18
2013-05-09 18.12 18.26 17.71 17.71
2013-07-18 22.36 22.84 21.7 21.7
2013-07-26 28.95 28.95 25.91 25.91
2013-08-14 29.25 29.56 28.66 28.66
2013-09-05 27.79 27.98 27.35 27.35
2013-09-18 29.38 29.52 28.4 28.4
2013-10-17 25.87 26.48 25.2 25.2
2013-11-14 23.42 23.53 23.18 23.18
2013-11-26 23.97 24.16 23.63 23.63
2013-12-23 26.68 26.98 26.02 26.02
2014-01-02 25.83 26.11 25.5 25.5
2014-01-21 23.92 24.55 23.33 23.33
2014-02-24 25.14 25.2 24.51 24.51
2014-03-27 23.49 23.77 23.4 23.4
2014-04-02 23.99 24.17 23.1 23.1
2014-04-04 23.46 23.68 23.12 23.12
2014-04-11 23.64 24.2 23.42 23.42
2014-04-15 23.87 24.06 23.72 23.72
2014-04-18 23.4 23.58 23.18 23.18
2014-05-20 21.35 21.5 21.02 21.02
2014-05-21 21.7 21.8 20.5 20.5
2014-05-23 22.92 22.95 21.07 21.07
2014-06-25 20.62 20.88 20.52 20.52
2014-07-21 21.92 22.15 20.2 20.2
2014-07-29 23.04 23.5 22.86 22.86
2014-08-11 24.22 24.45 23.9 23.9
2014-08-18 24.24 24.5 23.54 23.54
2014-09-29 26.74 27.93 25.98 25.98
2014-10-22 25.14 25.46 24.91 24.91
2014-10-27 25.18 25.2 24.39 24.39
2014-12-24 23.9 23.95 23.17 23.17
2014-12-25 24.6 24.75 23.71 23.71
2015-01-20 24.2 24.36 23.6 23.6
2015-01-28 25.4 25.5 24.72 24.72
2015-02-13 25.0 25.03 24.31 24.31
2015-03-02 27.79 27.79 25.28 25.28
2015-03-09 28.73 29.2 26.57 26.57
2015-04-23 46.96 47.05 42.99 42.99
2015-05-08 45.08 45.25 43.5 43.5
2015-05-11 48.04 48.9 45.09 45.09
2015-05-18 57.06 58.4 53.62 53.62
2015-06-01 53.13 55.89 50.99 50.99
2015-07-17 41.64 42.77 39.0 39.0
2015-07-22 45.08 45.97 43.08 43.08
2015-08-18 36.17 36.17 36.17 36.17
2015-08-25 27.87 28.0 27.87 27.87
2015-09-11 25.29 25.4 24.41 24.41
2015-09-28 24.29 24.53 23.01 23.01
2016-03-09 28.78 28.78 28.78 28.78
2016-03-10 25.9 26.45 25.9 25.9
2016-03-25 26.64 26.9 24.9 24.9
2016-03-28 28.52 28.95 26.98 26.98
2016-04-27 26.15 26.9 24.8 24.8
2016-05-03 26.56 26.6 25.8 25.8
2016-05-10 24.19 24.36 23.3 23.3
2016-05-19 24.01 24.58 23.87 23.87
2016-07-19 29.8 30.02 29.51 29.51
2016-07-25 30.5 31.12 30.3 30.3
2016-08-03 29.05 29.27 28.88 28.88
2016-08-10 29.49 29.8 29.4 29.4
2016-08-23 30.63 31.18 30.23 30.23
2016-09-05 32.87 33.3 32.19 32.19
2016-09-29 33.83 34.39 33.55 33.55
2016-11-18 34.69 35.0 33.8 33.8
2017-01-19 31.85 32.07 31.2 31.2
2017-02-03 33.78 33.96 32.74 32.74
2017-02-13 34.03 34.15 33.61 33.61
2017-04-20 42.04 42.47 40.63 40.63
2017-05-12 37.0 37.47 36.85 36.85
2017-05-15 37.77 37.97 37.08 37.08
2017-06-05 37.64 38.16 37.11 37.11
2017-06-06 38.04 38.15 37.5 37.5
2017-07-21 36.08 36.25 35.97 35.97
2017-08-16 37.21 37.59 36.39 36.39
2017-08-18 37.98 38.2 37.27 37.27
2017-09-08 36.74 36.92 36.65 36.65
