2002-11-15 14.57 14.79 14.01 14.01
2002-12-03 12.66 12.68 12.41 12.41
2003-02-11 12.7 12.75 12.51 12.51
2003-04-23 11.82 11.92 11.81 11.81
2003-04-30 10.72 10.9 10.7 10.7
2003-05-14 10.28 10.31 10.03 10.03
2003-05-19 10.76 10.88 10.65 10.65
2003-05-29 10.75 10.77 10.4 10.4
2003-05-30 10.9 11.05 10.78 10.78
2003-06-10 10.28 10.4 10.24 10.24
2003-06-11 10.51 10.56 10.3 10.3
2003-06-13 10.7 10.79 10.57 10.57
2003-07-08 10.41 10.45 10.3 10.3
2003-08-11 9.37 9.41 9.3 9.3
2003-08-12 9.51 9.58 9.33 9.33
2003-09-10 9.02 9.1 9.0 9.0
2003-09-23 8.97 8.98 8.71 8.71
2003-09-26 8.8 8.88 8.73 8.73
2003-09-30 8.81 8.9 8.65 8.65
2003-10-09 9.0 9.88 8.91 8.91
2003-10-20 8.54 8.79 8.45 8.45
2003-11-04 7.74 7.85 7.62 7.62
2003-11-14 7.06 7.1 6.9 6.9
2003-11-19 7.12 7.26 6.9 6.9
2003-11-28 7.63 7.7 7.5 7.5
2003-12-01 7.83 7.93 7.68 7.68
2004-01-02 7.39 7.45 7.15 7.15
2004-01-08 8.6 8.6 7.9 7.9
2004-02-27 10.43 10.51 10.1 10.1
2004-03-08 10.32 10.78 10.3 10.3
2004-03-16 10.99 11.1 10.76 10.76
2004-03-25 11.03 11.2 10.85 10.85
2004-03-30 11.6 11.66 11.1 11.1
2004-05-21 10.15 10.18 9.97 9.97
2004-06-01 10.55 10.56 10.14 10.14
2004-06-04 7.8 7.89 7.65 7.65
2004-06-24 7.09 7.15 6.95 6.95
2004-07-01 6.84 6.85 6.59 6.59
2004-07-05 6.88 6.92 6.79 6.79
2004-07-06 7.05 7.13 6.9 6.9
2004-07-08 7.2 7.28 7.08 7.08
2004-07-16 7.42 7.5 6.93 6.93
2004-08-04 6.81 6.87 6.6 6.6
2004-08-10 6.63 6.64 6.54 6.54
2004-08-13 6.66 6.74 6.59 6.59
2004-08-24 6.13 6.16 6.0 6.0
2004-08-31 5.92 6.12 5.85 5.85
2004-09-02 5.97 5.99 5.7 5.7
2004-09-14 5.8 5.85 5.58 5.58
2004-10-11 6.62 6.84 6.54 6.54
2004-11-08 5.86 5.92 5.5 5.5
2004-11-09 5.9 5.93 5.82 5.82
2004-11-30 6.35 6.39 6.25 6.25
2004-12-06 6.58 6.59 6.48 6.48
2004-12-21 6.04 6.09 5.97 5.97
2004-12-22 6.25 6.28 6.04 6.04
2005-01-11 5.85 5.86 5.8 5.8
2005-01-18 5.68 5.69 5.5 5.5
2005-01-24 5.81 5.93 5.73 5.73
2005-02-02 5.36 5.36 5.06 5.06
2005-02-04 5.26 5.28 5.09 5.09
2005-03-11 5.97 5.97 5.81 5.81
2005-04-06 5.12 5.18 4.85 4.85
2005-04-13 5.17 5.22 5.05 5.05
2005-04-19 4.78 4.88 4.69 4.69
2005-04-22 4.47 4.55 4.42 4.42
2005-04-25 4.02 4.02 4.02 4.02
2005-04-26 3.84 3.9 3.62 3.62
2005-05-18 3.93 3.99 3.8 3.8
2005-06-27 3.82 3.9 3.78 3.78
2005-06-29 3.68 3.74 3.66 3.66
2005-07-12 2.98 2.98 2.81 2.81
2005-07-19 2.82 2.82 2.71 2.71
2005-08-01 3.07 3.08 2.97 2.97
2005-08-05 3.27 3.3 3.08 3.08
2005-08-31 3.69 3.72 3.59 3.59
2005-09-29 3.37 3.4 3.2 3.2
2005-10-13 3.8 3.8 3.41 3.41
2005-10-21 3.36 3.44 3.21 3.21
2005-10-25 3.38 3.43 3.37 3.37
2005-11-23 3.24 3.27 3.2 3.2
2005-11-24 3.27 3.29 3.22 3.22
2005-12-06 3.0 3.01 2.95 2.95
2005-12-07 3.0 3.02 2.93 2.93
2005-12-16 3.12 3.13 3.06 3.06
2005-12-22 3.05 3.07 3.03 3.03
2005-12-23 3.09 3.11 3.05 3.05
2006-01-12 3.32 3.37 3.18 3.18
2006-01-18 3.37 3.39 3.25 3.25
2006-01-24 3.26 3.3 3.24 3.24
2006-02-06 3.33 3.39 3.1 3.1
2006-02-27 3.37 3.47 3.35 3.35
2006-03-13 3.14 3.19 3.14 3.14
2006-03-21 3.21 3.23 3.18 3.18
2006-04-14 3.17 3.19 3.1 3.1
2006-04-26 3.16 3.21 3.1 3.1
2006-04-28 2.95 3.18 2.81 2.81
2006-05-18 3.43 3.47 3.23 3.23
2006-05-23 3.73 4.05 3.61 3.61
2006-05-24 4.1 4.1 3.81 3.81
2006-06-19 4.27 4.27 4.27 4.27
2006-10-10 3.62 3.62 3.62 3.62
2006-10-16 4.08 4.24 4.02 4.02
2006-11-03 4.33 4.44 4.25 4.25
2006-11-27 4.06 4.09 3.91 3.91
2006-12-04 4.12 4.2 4.09 4.09
2007-01-19 4.02 4.05 3.7 3.7
2007-02-12 6.29 6.29 5.4 5.4
2007-03-07 10.3 10.3 9.2 9.2
2007-04-16 15.79 16.49 15.45 15.45
2007-05-08 16.89 16.89 15.29 15.29
2007-05-16 16.47 16.47 15.78 15.78
2007-05-23 16.09 16.3 15.75 15.75
2007-05-25 16.16 16.16 15.45 15.45
2007-05-31 14.19 14.19 14.19 14.19
2007-06-01 13.48 13.48 13.48 13.48
2007-06-04 12.81 12.81 12.81 12.81
2007-06-05 12.17 12.17 12.17 12.17
2007-06-06 11.56 12.15 11.56 11.56
2007-06-26 10.95 10.95 10.95 10.95
2007-06-27 10.4 10.78 10.4 10.4
2007-06-28 10.5 10.92 9.95 9.95
2007-07-06 9.3 9.3 9.0 9.0
2007-07-25 9.38 9.5 9.06 9.06
2007-07-30 10.86 10.86 10.86 10.86
2007-08-15 13.63 13.63 13.0 13.0
2007-08-16 14.31 14.31 13.64 13.64
2007-09-03 15.78 15.78 15.78 15.78
2007-09-04 16.57 16.57 16.57 16.57
2007-09-07 14.98 15.78 14.84 14.84
2007-09-11 16.21 16.52 15.82 15.82
2007-09-24 15.59 15.59 15.01 15.01
2007-10-24 12.19 12.19 11.61 11.61
2007-11-14 10.13 10.13 9.78 9.78
2007-11-20 10.67 10.87 10.4 10.4
2007-12-27 13.38 13.38 12.75 12.75
2007-12-28 13.47 14.0 13.1 13.1
2008-01-07 13.85 13.85 13.0 13.0
2008-01-14 14.58 14.66 14.15 14.15
2008-01-23 12.8 12.9 11.84 11.84
2008-01-29 12.94 12.95 12.58 12.58
2008-02-04 12.62 12.62 12.21 12.21
2008-03-18 10.74 10.74 10.74 10.74
2008-03-19 10.57 10.8 10.2 10.2
2008-04-23 8.72 8.72 8.03 8.03
2008-06-05 8.62 8.77 8.58 8.58
2008-07-04 6.81 6.82 6.6 6.6
2008-07-14 8.43 8.43 7.6 7.6
2008-08-29 5.25 5.46 5.08 5.08
2008-09-09 5.62 5.62 5.11 5.11
2008-10-17 3.76 3.95 3.66 3.66
2008-10-24 4.16 4.25 4.04 4.04
2008-11-07 3.4 3.45 3.27 3.27
2008-11-13 3.88 3.94 3.68 3.68
2009-01-09 4.4 4.45 4.31 4.31
2009-01-21 4.72 4.85 4.47 4.47
2009-02-06 5.62 5.74 5.18 5.18
2009-02-12 6.1 6.25 5.65 5.65
2009-03-10 5.61 5.62 5.18 5.18
2009-03-27 6.78 6.78 6.78 6.78
2009-05-04 8.3 8.41 8.04 8.04
2009-06-24 8.7 8.73 8.53 8.53
2009-06-25 8.78 8.94 8.65 8.65
2009-08-20 12.41 12.5 11.85 11.85
2009-09-28 14.18 15.0 14.18 14.18
2009-10-23 13.21 13.4 12.7 12.7
2009-11-05 14.03 14.19 13.11 13.11
2009-11-10 14.26 14.8 14.15 14.15
2009-11-19 14.99 15.1 14.41 14.41
2009-11-23 16.0 16.26 15.61 15.61
2009-11-25 15.29 15.35 14.77 14.77
2009-11-30 15.55 15.55 14.3 14.3
2009-12-07 17.35 17.49 16.48 16.48
2009-12-14 16.42 16.85 16.05 16.05
2009-12-23 17.13 17.35 16.56 16.56
2010-01-12 20.8 20.9 20.28 20.28
2010-01-18 25.31 25.31 23.02 23.02
2010-02-22 31.84 32.8 31.3 31.3
2010-03-01 37.53 38.52 35.74 35.74
2010-03-08 36.32 37.5 35.33 35.33
2010-04-12 41.85 42.29 39.52 39.52
2010-04-29 39.24 39.97 38.1 38.1
2010-05-05 39.94 40.23 37.51 37.51
2010-07-14 19.44 20.14 19.05 19.05
2010-07-20 19.64 19.91 19.0 19.0
2010-07-21 20.24 21.39 20.03 20.03
2010-07-26 21.03 21.29 20.5 20.5
2010-08-11 21.9 22.02 21.26 21.26
2010-10-08 27.32 28.39 26.32 26.32
2010-10-19 27.07 27.2 25.53 25.53
2010-11-04 28.98 29.25 28.45 28.45
2010-11-18 28.41 28.6 27.8 27.8
2010-11-24 32.06 32.7 29.5 29.5
2010-12-21 27.56 27.7 27.2 27.2
2010-12-23 29.9 29.9 29.9 29.9
2011-01-13 24.47 24.8 24.19 24.19
2011-02-01 25.61 26.45 25.4 25.4
2011-02-22 29.0 29.0 26.8 26.8
2011-03-18 27.14 27.55 27.05 27.05
2011-03-28 27.77 28.48 27.6 27.6
2011-04-20 24.23 24.58 24.02 24.02
2011-05-05 24.65 24.7 24.22 24.22
2011-05-06 25.29 25.31 24.48 24.48
2011-06-08 25.8 25.98 24.65 24.65
2011-06-30 24.03 24.23 23.51 23.51
2011-07-07 26.04 26.2 25.51 25.51
2011-08-25 24.17 24.28 23.82 23.82
2011-08-26 24.57 24.7 24.06 24.06
2011-08-30 26.43 26.74 24.31 24.31
2011-10-10 22.99 23.04 22.6 22.6
2011-10-12 23.51 23.8 22.33 22.33
2011-11-08 23.82 24.38 23.6 23.6
2011-11-14 23.96 24.13 23.6 23.6
2011-11-15 24.17 24.46 23.72 23.72
2011-11-17 24.16 24.18 23.55 23.55
2011-11-24 24.5 25.18 24.05 24.05
2011-11-25 24.61 25.06 24.28 24.28
2011-11-28 24.56 24.95 24.35 24.35
2011-12-29 20.48 20.55 20.11 20.11
2012-01-11 21.16 21.73 21.08 21.08
2012-01-31 20.45 20.8 20.15 20.15
2012-02-22 22.04 22.1 21.53 21.53
2012-03-01 21.63 21.93 21.6 21.6
2012-04-06 20.77 21.3 20.68 20.68
2012-04-13 21.04 21.12 20.88 20.88
2012-05-08 22.2 22.34 21.6 21.6
2012-05-10 21.95 22.2 21.79 21.79
2012-06-11 20.66 20.7 20.25 20.25
2012-07-03 22.42 22.55 21.55 21.55
2012-07-11 21.82 22.34 21.48 21.48
2012-07-13 22.15 22.78 21.9 21.9
2012-07-19 21.14 21.22 20.71 20.71
2012-07-20 21.12 21.26 21.0 21.0
2012-08-01 22.58 22.67 21.34 21.34
2012-08-21 23.71 24.25 22.6 22.6
2012-08-29 23.03 23.48 22.7 22.7
2012-09-03 23.84 24.06 22.63 22.63
2012-09-13 25.1 25.77 25.01 25.01
2012-09-18 23.91 24.35 23.63 23.63
2012-09-21 23.8 24.08 23.4 23.4
2012-09-27 23.52 23.94 23.11 23.11
2012-11-12 23.73 23.83 23.5 23.5
2012-11-19 22.08 22.1 21.5 21.5
2012-11-21 22.49 22.59 21.82 21.82
2012-12-17 23.36 23.68 23.15 23.15
2012-12-19 22.73 23.0 22.51 22.51
2012-12-24 23.2 23.48 22.6 22.6
2012-12-25 24.38 24.55 23.21 23.21
2012-12-31 25.79 25.97 24.82 24.82
2013-01-25 25.97 26.33 25.64 25.64
2013-02-06 27.25 27.35 25.85 25.85
2013-04-17 33.48 33.57 31.64 31.64
2013-04-24 29.62 30.15 28.9 28.9
2013-05-06 30.38 31.1 29.35 29.35
2013-05-20 31.31 31.45 30.69 30.69
2013-06-14 19.66 19.95 19.3 19.3
2013-07-22 16.09 16.17 15.8 15.8
2013-07-29 16.35 16.59 16.01 16.01
2013-08-02 16.75 16.95 16.66 16.66
2013-08-06 17.72 17.78 17.0 17.0
2013-08-08 17.5 17.75 17.35 17.35
2013-08-19 17.57 17.65 17.26 17.26
2013-09-27 18.46 18.54 18.18 18.18
2013-10-08 18.55 18.65 18.35 18.35
2013-10-21 17.48 17.51 17.02 17.02
2013-10-24 17.33 17.45 17.05 17.05
2013-11-06 17.01 17.28 16.9 16.9
2013-11-12 17.5 17.6 17.23 17.23
2013-11-21 18.49 18.69 18.42 18.42
2013-12-12 18.2 18.45 18.11 18.11
2014-01-08 19.11 19.27 19.0 19.0
2014-02-13 22.34 22.94 21.2 21.2
2014-03-05 22.14 22.46 21.16 21.16
2014-04-16 19.66 19.7 19.54 19.54
2014-06-06 13.0 13.06 12.83 12.83
2014-07-01 14.07 14.18 13.51 13.51
2014-07-10 14.4 14.48 14.28 14.28
2014-07-25 14.72 14.85 14.53 14.53
2014-08-18 17.88 17.96 17.26 17.26
2014-09-02 18.52 18.6 18.28 18.28
2014-09-09 18.32 18.54 18.02 18.02
2014-09-19 18.07 18.13 17.55 17.55
2015-04-01 20.91 20.91 20.91 20.91
2015-04-02 23.0 23.0 23.0 23.0
2015-04-03 25.3 25.3 25.3 25.3
2015-07-02 23.45 26.5 23.45 23.45
2015-07-03 21.11 22.1 21.11 21.11
2015-07-08 15.39 15.39 15.39 15.39
2015-07-09 16.93 16.93 13.85 13.85
2015-07-16 17.36 18.99 16.48 16.48
2015-07-17 18.48 19.09 17.21 17.21
2015-07-28 19.17 21.2 19.12 19.12
2015-08-04 18.68 18.68 17.02 17.02
2015-08-07 20.63 20.69 19.75 19.75
2015-08-14 28.11 28.36 26.01 26.01
2015-08-19 26.14 27.8 24.6 24.6
2015-08-25 17.17 17.17 17.17 17.17
2015-09-02 13.84 16.15 13.84 13.84
2015-09-24 15.68 15.7 14.64 14.64
2015-10-09 16.08 16.24 15.6 15.6
2015-11-26 20.15 20.96 19.64 19.64
2015-12-18 21.42 22.18 20.93 20.93
2016-01-18 15.67 15.88 14.67 14.67
2016-01-29 13.6 13.79 12.99 12.99
2016-05-10 15.82 15.99 15.61 15.61
2016-05-19 14.85 15.1 14.8 14.8
2016-05-24 16.27 16.5 15.72 15.72
2016-05-27 18.96 18.96 18.96 18.96
2016-06-02 21.63 21.63 21.63 21.63
2016-07-04 20.84 20.9 20.2 20.2
2016-07-25 19.06 19.11 18.72 18.72
2016-08-02 16.91 17.08 16.76 16.76
2016-08-26 18.48 18.55 18.22 18.22
2016-09-07 18.43 18.45 17.76 17.76
2017-02-16 16.43 16.54 16.3 16.3
2017-02-22 16.49 16.55 16.12 16.12
2017-03-31 16.42 16.75 16.2 16.2
2017-04-25 14.06 14.26 14.0 14.0
2017-05-15 13.36 13.49 13.21 13.21
2017-05-18 15.21 15.35 14.74 14.74
2017-06-13 16.15 16.24 15.56 15.56
2017-07-06 7.86 7.94 7.72 7.72
2017-08-14 8.11 8.12 7.9 7.9
2017-08-17 8.32 8.55 8.27 8.27
