2003-04-30 10.72 10.9 10.7 10.7
2003-05-14 10.28 10.31 10.03 10.03
2003-05-19 10.76 10.88 10.65 10.65
2003-05-30 10.9 11.05 10.78 10.78
2003-06-11 10.51 10.56 10.3 10.3
2003-06-13 10.7 10.79 10.57 10.57
2003-08-12 9.51 9.58 9.33 9.33
2003-09-26 8.8 8.88 8.73 8.73
2003-09-30 8.81 8.9 8.65 8.65
2003-10-09 9.0 9.88 8.91 8.91
2003-11-19 7.12 7.26 6.9 6.9
2003-12-01 7.83 7.93 7.68 7.68
2004-01-08 8.6 8.6 7.9 7.9
2004-03-08 10.32 10.78 10.3 10.3
2004-03-16 10.99 11.1 10.76 10.76
2004-03-30 11.6 11.66 11.1 11.1
2004-06-04 7.8 7.89 7.65 7.65
2004-07-01 6.84 6.85 6.59 6.59
2004-07-05 6.88 6.92 6.79 6.79
2004-07-06 7.05 7.13 6.9 6.9
2004-07-08 7.2 7.28 7.08 7.08
2004-07-16 7.42 7.5 6.93 6.93
2004-08-10 6.63 6.64 6.54 6.54
2004-08-13 6.66 6.74 6.59 6.59
2004-08-31 5.92 6.12 5.85 5.85
2004-09-02 5.97 5.99 5.7 5.7
2004-11-09 5.9 5.93 5.82 5.82
2004-12-06 6.58 6.59 6.48 6.48
2004-12-22 6.25 6.28 6.04 6.04
2005-01-18 5.68 5.69 5.5 5.5
2005-01-24 5.81 5.93 5.73 5.73
2005-02-04 5.26 5.28 5.09 5.09
2005-04-13 5.17 5.22 5.05 5.05
2005-04-19 4.78 4.88 4.69 4.69
2005-04-22 4.47 4.55 4.42 4.42
2005-04-25 4.02 4.02 4.02 4.02
2005-04-26 3.84 3.9 3.62 3.62
2005-06-29 3.68 3.74 3.66 3.66
2005-07-19 2.82 2.82 2.71 2.71
2005-08-05 3.27 3.3 3.08 3.08
2005-10-13 3.8 3.8 3.41 3.41
2005-10-21 3.36 3.44 3.21 3.21
2005-10-25 3.38 3.43 3.37 3.37
2005-11-24 3.27 3.29 3.22 3.22
2005-12-07 3.0 3.02 2.93 2.93
2005-12-22 3.05 3.07 3.03 3.03
2005-12-23 3.09 3.11 3.05 3.05
2006-01-18 3.37 3.39 3.25 3.25
2006-01-24 3.26 3.3 3.24 3.24
2006-02-06 3.33 3.39 3.1 3.1
2006-03-21 3.21 3.23 3.18 3.18
2006-04-28 2.95 3.18 2.81 2.81
2006-05-23 3.73 4.05 3.61 3.61
2006-05-24 4.1 4.1 3.81 3.81
2006-10-16 4.08 4.24 4.02 4.02
2006-12-04 4.12 4.2 4.09 4.09
2007-05-16 16.47 16.47 15.78 15.78
2007-05-23 16.09 16.3 15.75 15.75
2007-05-25 16.16 16.16 15.45 15.45
2007-05-31 14.19 14.19 14.19 14.19
2007-06-01 13.48 13.48 13.48 13.48
2007-06-04 12.81 12.81 12.81 12.81
2007-06-05 12.17 12.17 12.17 12.17
2007-06-06 11.56 12.15 11.56 11.56
2007-06-27 10.4 10.78 10.4 10.4
2007-06-28 10.5 10.92 9.95 9.95
2007-07-06 9.3 9.3 9.0 9.0
2007-07-30 10.86 10.86 10.86 10.86
2007-08-16 14.31 14.31 13.64 13.64
2007-09-04 16.57 16.57 16.57 16.57
2007-09-07 14.98 15.78 14.84 14.84
2007-09-11 16.21 16.52 15.82 15.82
2007-11-20 10.67 10.87 10.4 10.4
2007-12-28 13.47 14.0 13.1 13.1
2008-01-07 13.85 13.85 13.0 13.0
2008-01-14 14.58 14.66 14.15 14.15
2008-01-29 12.94 12.95 12.58 12.58
2008-02-04 12.62 12.62 12.21 12.21
2008-03-19 10.57 10.8 10.2 10.2
2008-07-14 8.43 8.43 7.6 7.6
2008-10-24 4.16 4.25 4.04 4.04
2008-11-13 3.88 3.94 3.68 3.68
2009-02-12 6.1 6.25 5.65 5.65
2009-06-25 8.78 8.94 8.65 8.65
2009-11-10 14.26 14.8 14.15 14.15
2009-11-23 16.0 16.26 15.61 15.61
2009-11-25 15.29 15.35 14.77 14.77
2009-11-30 15.55 15.55 14.3 14.3
2009-12-07 17.35 17.49 16.48 16.48
2009-12-14 16.42 16.85 16.05 16.05
2010-01-18 25.31 25.31 23.02 23.02
2010-03-01 37.53 38.52 35.74 35.74
2010-03-08 36.32 37.5 35.33 35.33
2010-05-05 39.94 40.23 37.51 37.51
2010-07-20 19.64 19.91 19.0 19.0
2010-07-21 20.24 21.39 20.03 20.03
2010-07-26 21.03 21.29 20.5 20.5
2010-11-24 32.06 32.7 29.5 29.5
2010-12-23 29.9 29.9 29.9 29.9
2011-03-28 27.77 28.48 27.6 27.6
2011-05-06 25.29 25.31 24.48 24.48
2011-07-07 26.04 26.2 25.51 25.51
2011-08-26 24.57 24.7 24.06 24.06
2011-08-30 26.43 26.74 24.31 24.31
2011-10-12 23.51 23.8 22.33 22.33
2011-11-14 23.96 24.13 23.6 23.6
2011-11-15 24.17 24.46 23.72 23.72
2011-11-17 24.16 24.18 23.55 23.55
2011-11-24 24.5 25.18 24.05 24.05
2011-11-25 24.61 25.06 24.28 24.28
2011-11-28 24.56 24.95 24.35 24.35
2012-03-01 21.63 21.93 21.6 21.6
2012-04-13 21.04 21.12 20.88 20.88
2012-05-10 21.95 22.2 21.79 21.79
2012-07-11 21.82 22.34 21.48 21.48
2012-07-13 22.15 22.78 21.9 21.9
2012-07-19 21.14 21.22 20.71 20.71
2012-07-20 21.12 21.26 21.0 21.0
2012-08-29 23.03 23.48 22.7 22.7
2012-09-03 23.84 24.06 22.63 22.63
2012-09-18 23.91 24.35 23.63 23.63
2012-09-21 23.8 24.08 23.4 23.4
2012-09-27 23.52 23.94 23.11 23.11
2012-11-19 22.08 22.1 21.5 21.5
2012-11-21 22.49 22.59 21.82 21.82
2012-12-19 22.73 23.0 22.51 22.51
2012-12-24 23.2 23.48 22.6 22.6
2012-12-25 24.38 24.55 23.21 23.21
2012-12-31 25.79 25.97 24.82 24.82
2013-04-24 29.62 30.15 28.9 28.9
2013-05-06 30.38 31.1 29.35 29.35
2013-07-29 16.35 16.59 16.01 16.01
2013-08-02 16.75 16.95 16.66 16.66
2013-08-06 17.72 17.78 17.0 17.0
2013-08-08 17.5 17.75 17.35 17.35
2013-10-08 18.55 18.65 18.35 18.35
2013-10-24 17.33 17.45 17.05 17.05
2013-11-12 17.5 17.6 17.23 17.23
2014-09-09 18.32 18.54 18.02 18.02
2015-04-02 23.0 23.0 23.0 23.0
2015-04-03 25.3 25.3 25.3 25.3
2015-07-03 21.11 22.1 21.11 21.11
2015-07-08 15.39 15.39 15.39 15.39
2015-07-09 16.93 16.93 13.85 13.85
2015-07-16 17.36 18.99 16.48 16.48
2015-07-17 18.48 19.09 17.21 17.21
2015-08-04 18.68 18.68 17.02 17.02
2015-08-07 20.63 20.69 19.75 19.75
2015-08-14 28.11 28.36 26.01 26.01
2015-08-19 26.14 27.8 24.6 24.6
2015-08-25 17.17 17.17 17.17 17.17
2015-09-02 13.84 16.15 13.84 13.84
2015-10-09 16.08 16.24 15.6 15.6
2016-05-24 16.27 16.5 15.72 15.72
2016-05-27 18.96 18.96 18.96 18.96
2016-06-02 21.63 21.63 21.63 21.63
2016-08-02 16.91 17.08 16.76 16.76
2017-02-22 16.49 16.55 16.12 16.12
2017-05-18 15.21 15.35 14.74 14.74
2017-08-17 8.32 8.55 8.27 8.27
2017-08-25 8.48 8.53 8.34 8.34
