2003-12-17 8.77 8.87 8.65 8.65
2004-03-18 13.24 13.75 13.12 13.12
2004-03-23 13.56 13.6 13.0 13.0
2004-03-29 14.92 15.0 14.47 14.47
2004-03-31 15.26 15.33 14.9 14.9
2004-04-07 15.06 15.53 14.23 14.23
2004-05-28 11.81 11.92 11.75 11.75
2004-06-01 12.58 12.6 11.93 11.93
2004-06-15 10.52 10.8 10.0 10.0
2004-06-17 10.46 10.78 10.22 10.22
2004-07-16 10.81 10.9 10.31 10.31
2004-09-15 8.85 9.2 8.48 8.48
2004-09-20 9.97 10.05 9.35 9.35
2004-11-26 8.91 8.99 8.82 8.82
2005-01-05 8.25 8.35 8.15 8.15
2005-01-13 8.54 8.56 8.45 8.45
2005-01-14 8.69 8.85 8.52 8.52
2005-02-21 10.24 10.3 9.85 9.85
2005-03-11 10.94 11.0 10.63 10.63
2005-04-05 9.75 10.0 9.68 9.68
2005-04-13 5.19 5.38 5.08 5.08
2005-05-13 4.25 4.36 4.19 4.19
2005-05-31 3.77 3.87 3.76 3.76
2005-08-08 3.36 3.41 3.27 3.27
2005-08-15 3.77 3.78 3.62 3.62
2005-08-22 3.63 3.67 3.55 3.55
2005-08-24 3.6 3.62 3.53 3.53
2005-08-29 3.83 3.9 3.6 3.6
2005-08-31 3.79 3.86 3.63 3.63
2005-09-01 4.17 4.17 3.77 3.77
2006-10-17 3.98 3.99 3.68 3.68
2006-10-20 4.45 4.51 4.1 4.1
2007-01-22 9.76 9.77 9.05 9.05
2007-03-02 9.38 9.45 8.7 8.7
2007-03-07 10.18 10.33 9.98 9.98
2007-03-13 10.5 10.6 10.05 10.05
2007-04-20 14.1 14.33 13.13 13.13
2007-11-19 13.12 13.33 13.0 13.0
2008-01-29 14.22 14.39 13.7 13.7
2008-02-04 15.06 15.2 14.32 14.32
2008-07-08 5.59 5.66 5.41 5.41
2008-07-15 5.97 6.16 5.86 5.86
2008-08-15 4.76 4.82 4.58 4.58
2008-08-19 4.4 4.43 4.2 4.2
2008-09-10 4.07 4.11 3.86 3.86
2008-09-11 4.21 4.24 4.0 4.0
2008-11-13 3.69 3.69 3.3 3.3
2008-11-19 3.91 3.93 3.58 3.58
2009-03-18 5.32 5.4 5.2 5.2
2009-03-24 5.35 5.52 5.29 5.29
2009-09-14 6.84 6.84 6.63 6.63
2009-10-22 6.73 6.91 6.68 6.68
2010-06-17 7.11 7.14 7.02 7.02
2010-06-22 7.27 7.32 7.08 7.08
2010-10-13 9.15 9.4 8.89 8.89
2010-10-19 8.83 8.88 8.74 8.74
2011-07-21 9.41 9.55 9.41 9.41
2011-09-15 8.49 8.77 8.48 8.48
2011-12-30 6.92 6.98 6.69 6.69
2012-02-02 7.06 7.08 6.93 6.93
2012-02-03 7.13 7.17 7.01 7.01
2012-02-08 7.23 7.3 7.03 7.03
2012-03-01 7.81 7.88 7.41 7.41
2012-03-09 8.2 8.33 8.0 8.0
2012-03-13 8.49 8.55 8.2 8.2
2012-03-16 8.35 8.43 8.13 8.13
2012-07-24 4.0 4.05 3.92 3.92
2012-07-25 3.98 4.03 3.97 3.97
2012-08-29 3.99 4.05 3.95 3.95
2012-08-31 4.02 4.06 3.98 3.98
2012-09-05 4.26 4.33 4.13 4.13
2012-09-06 4.4 4.43 4.25 4.25
2012-09-14 4.46 4.55 4.3 4.3
2012-12-24 4.18 4.26 3.87 3.87
2012-12-28 4.39 4.4 4.31 4.31
2013-01-09 4.57 4.61 4.35 4.35
2013-07-01 6.0 6.02 5.58 5.58
2013-07-11 5.7 5.82 5.48 5.48
2014-01-29 6.07 6.11 6.06 6.06
2014-04-24 5.25 5.33 5.23 5.23
2014-05-06 5.19 5.2 5.05 5.05
2014-05-12 5.23 5.25 5.15 5.15
2014-10-28 5.36 5.36 5.24 5.24
2014-11-03 5.43 5.46 5.38 5.38
2014-11-21 5.12 5.14 5.08 5.08
2014-11-27 5.27 5.32 5.21 5.21
2015-04-22 7.36 7.4 7.15 7.15
2015-04-27 7.38 7.49 7.23 7.23
2015-04-28 8.12 8.12 7.5 7.5
2015-07-07 6.38 6.38 6.38 6.38
2015-07-08 5.74 5.74 5.74 5.74
2015-07-09 6.31 6.31 5.17 5.17
2015-11-04 7.68 7.82 7.25 7.25
2016-09-19 5.93 5.94 5.89 5.89
2017-08-14 5.15 5.16 5.05 5.05
