2003-12-10 8.8 8.85 8.7 8.7
2003-12-17 8.77 8.87 8.65 8.65
2004-01-02 8.72 8.81 8.48 8.48
2004-02-24 11.49 11.83 11.3 11.3
2004-03-15 12.49 12.5 11.93 11.93
2004-03-18 13.24 13.75 13.12 13.12
2004-03-23 13.56 13.6 13.0 13.0
2004-03-29 14.92 15.0 14.47 14.47
2004-03-31 15.26 15.33 14.9 14.9
2004-04-07 15.06 15.53 14.23 14.23
2004-04-26 14.75 14.76 14.22 14.22
2004-05-26 11.54 11.7 11.51 11.51
2004-05-28 11.81 11.92 11.75 11.75
2004-06-01 12.58 12.6 11.93 11.93
2004-06-11 11.02 11.3 10.8 10.8
2004-06-15 10.52 10.8 10.0 10.0
2004-06-17 10.46 10.78 10.22 10.22
2004-06-30 10.0 10.44 9.93 9.93
2004-07-13 10.11 10.25 10.0 10.0
2004-07-16 10.81 10.9 10.31 10.31
2004-08-24 8.39 8.79 8.15 8.15
2004-09-14 8.56 8.65 8.21 8.21
2004-09-15 8.85 9.2 8.48 8.48
2004-09-20 9.97 10.05 9.35 9.35
2004-10-18 8.75 8.76 8.35 8.35
2004-10-28 9.08 9.38 8.99 8.99
2004-11-09 8.6 8.75 8.53 8.53
2004-11-22 9.34 9.34 9.2 9.2
2004-11-26 8.91 8.99 8.82 8.82
2004-12-28 8.41 8.44 8.29 8.29
2005-01-05 8.25 8.35 8.15 8.15
2005-01-13 8.54 8.56 8.45 8.45
2005-01-14 8.69 8.85 8.52 8.52
2005-02-02 9.67 9.7 9.1 9.1
2005-02-21 10.24 10.3 9.85 9.85
2005-03-03 10.45 10.52 10.24 10.24
2005-03-11 10.94 11.0 10.63 10.63
2005-03-23 10.3 10.57 10.25 10.25
2005-04-01 9.57 9.66 8.93 8.93
2005-04-05 9.75 10.0 9.68 9.68
2005-04-13 5.19 5.38 5.08 5.08
2005-05-12 4.22 4.31 4.16 4.16
2005-05-13 4.25 4.36 4.19 4.19
2005-05-30 3.73 3.76 3.64 3.64
2005-05-31 3.77 3.87 3.76 3.76
2005-06-27 3.99 4.0 3.8 3.8
2005-07-19 2.8 2.85 2.77 2.77
2005-08-05 3.24 3.26 3.14 3.14
2005-08-08 3.36 3.41 3.27 3.27
2005-08-15 3.77 3.78 3.62 3.62
2005-08-22 3.63 3.67 3.55 3.55
2005-08-24 3.6 3.62 3.53 3.53
2005-08-29 3.83 3.9 3.6 3.6
2005-08-31 3.79 3.86 3.63 3.63
2005-09-01 4.17 4.17 3.77 3.77
2005-10-11 4.33 4.37 4.2 4.2
2006-10-09 3.76 3.82 3.74 3.74
2006-10-17 3.98 3.99 3.68 3.68
2006-10-20 4.45 4.51 4.1 4.1
2006-12-08 6.06 6.22 5.65 5.65
2007-01-08 7.33 7.4 6.9 6.9
2007-01-19 8.88 8.89 8.48 8.48
2007-01-22 9.76 9.77 9.05 9.05
2007-02-15 10.43 10.52 10.28 10.28
2007-03-02 9.38 9.45 8.7 8.7
2007-03-07 10.18 10.33 9.98 9.98
2007-03-13 10.5 10.6 10.05 10.05
2007-03-27 11.24 11.27 10.45 10.45
2007-04-16 12.42 12.5 12.03 12.03
2007-04-20 14.1 14.33 13.13 13.13
2007-05-17 16.94 17.22 16.15 16.15
2007-06-13 18.5 18.65 18.04 18.04
2007-07-23 15.2 15.35 14.6 14.6
2007-08-20 15.85 16.1 15.47 15.47
2007-09-14 18.34 18.69 17.45 17.45
2007-11-12 13.39 13.62 12.79 12.79
2007-11-19 13.12 13.33 13.0 13.0
2007-12-17 13.9 14.1 13.58 13.58
2008-01-25 14.58 14.96 14.3 14.3
2008-01-29 14.22 14.39 13.7 13.7
2008-02-04 15.06 15.2 14.32 14.32
2008-02-27 13.97 14.18 13.7 13.7
2008-03-19 12.01 12.28 11.7 11.7
2008-04-08 11.28 11.95 11.0 11.0
2008-07-02 5.1 5.2 5.0 5.0
2008-07-08 5.59 5.66 5.41 5.41
2008-07-15 5.97 6.16 5.86 5.86
2008-07-28 5.92 5.96 5.81 5.81
2008-08-14 4.64 4.68 4.53 4.53
2008-08-15 4.76 4.82 4.58 4.58
2008-08-19 4.4 4.43 4.2 4.2
2008-09-09 3.93 3.95 3.8 3.8
2008-09-10 4.07 4.11 3.86 3.86
2008-09-11 4.21 4.24 4.0 4.0
2008-10-17 3.07 3.12 3.01 3.01
2008-10-28 3.0 3.02 2.85 2.85
2008-11-12 3.35 3.36 3.1 3.1
2008-11-13 3.69 3.69 3.3 3.3
2008-11-19 3.91 3.93 3.58 3.58
2009-01-14 4.4 4.45 4.12 4.12
2009-02-03 5.23 5.34 4.93 4.93
2009-03-17 5.17 5.2 4.81 4.81
2009-03-18 5.32 5.4 5.2 5.2
2009-03-24 5.35 5.52 5.29 5.29
2009-05-05 6.7 6.85 6.65 6.65
2009-07-14 6.41 6.53 6.36 6.36
2009-09-08 6.71 6.72 6.56 6.56
2009-09-14 6.84 6.84 6.63 6.63
2009-10-15 6.82 6.87 6.42 6.42
2009-10-22 6.73 6.91 6.68 6.68
2009-11-09 7.86 8.0 7.76 7.76
2009-12-25 7.37 7.41 7.28 7.28
2010-02-12 7.21 7.25 7.17 7.17
2010-03-05 8.08 8.1 7.78 7.78
2010-03-24 8.87 8.87 8.06 8.06
2010-05-26 7.08 7.16 7.01 7.01
2010-06-08 6.99 7.07 6.79 6.79
2010-06-17 7.11 7.14 7.02 7.02
2010-06-22 7.27 7.32 7.08 7.08
2010-07-06 6.24 6.29 6.07 6.07
2010-08-26 7.85 7.99 7.43 7.43
2010-10-08 8.14 8.24 8.0 8.0
2010-10-13 9.15 9.4 8.89 8.89
2010-10-19 8.83 8.88 8.74 8.74
2011-03-16 10.21 10.28 10.04 10.04
2011-05-05 9.62 9.72 9.52 9.52
2011-05-16 10.16 10.26 10.0 10.0
2011-06-17 9.47 9.68 9.4 9.4
2011-06-30 9.74 9.94 9.57 9.57
2011-07-13 9.81 9.82 9.6 9.6
2011-07-21 9.41 9.55 9.41 9.41
2011-08-04 9.05 9.11 8.94 8.94
2011-08-26 8.84 8.95 8.52 8.52
2011-09-07 8.62 8.75 8.19 8.19
2011-09-15 8.49 8.77 8.48 8.48
2011-10-13 8.22 8.27 8.09 8.09
2011-10-26 8.11 8.22 7.89 7.89
2011-11-11 8.71 8.79 8.61 8.61
2011-12-23 6.78 6.85 6.66 6.66
2011-12-30 6.92 6.98 6.69 6.69
2012-01-20 7.07 7.15 6.81 6.81
2012-02-02 7.06 7.08 6.93 6.93
2012-02-03 7.13 7.17 7.01 7.01
2012-02-08 7.23 7.3 7.03 7.03
2012-02-27 7.53 7.71 7.53 7.53
2012-03-01 7.81 7.88 7.41 7.41
2012-03-09 8.2 8.33 8.0 8.0
2012-03-13 8.49 8.55 8.2 8.2
2012-03-16 8.35 8.43 8.13 8.13
2012-06-11 8.64 8.73 8.55 8.55
2012-07-19 4.07 4.11 4.01 4.01
2012-07-24 4.0 4.05 3.92 3.92
2012-07-25 3.98 4.03 3.97 3.97
2012-08-10 4.14 4.2 4.06 4.06
2012-08-28 3.97 4.0 3.92 3.92
2012-08-29 3.99 4.05 3.95 3.95
2012-08-31 4.02 4.06 3.98 3.98
2012-09-05 4.26 4.33 4.13 4.13
2012-09-06 4.4 4.43 4.25 4.25
2012-09-14 4.46 4.55 4.3 4.3
2012-09-27 4.28 4.3 4.11 4.11
2012-10-31 4.1 4.14 4.0 4.0
2012-12-05 3.68 3.75 3.55 3.55
2012-12-14 3.9 3.94 3.78 3.78
2012-12-24 4.18 4.26 3.87 3.87
2012-12-28 4.39 4.4 4.31 4.31
2013-01-09 4.57 4.61 4.35 4.35
2013-02-20 5.17 5.19 5.06 5.06
2013-03-20 4.46 4.47 4.31 4.31
2013-05-20 5.1 5.13 5.0 5.0
2013-06-26 5.53 5.62 5.26 5.26
2013-07-01 6.0 6.02 5.58 5.58
2013-07-10 5.57 5.67 5.38 5.38
2013-07-11 5.7 5.82 5.48 5.48
2013-09-04 6.65 6.72 6.1 6.1
2013-10-14 8.0 8.15 7.71 7.71
2013-10-30 7.09 7.14 6.82 6.82
2013-12-03 6.83 6.91 6.61 6.61
2013-12-24 6.43 6.47 6.25 6.25
2014-01-21 6.01 6.07 5.95 5.95
2014-01-29 6.07 6.11 6.06 6.06
2014-04-14 5.49 5.5 5.41 5.41
2014-04-23 5.26 5.26 5.18 5.18
2014-04-24 5.25 5.33 5.23 5.23
2014-05-06 5.19 5.2 5.05 5.05
2014-05-12 5.23 5.25 5.15 5.15
2014-05-21 5.13 5.15 5.1 5.1
2014-06-23 4.36 4.42 4.35 4.35
2014-07-23 4.66 4.69 4.61 4.61
2014-08-18 5.15 5.17 5.1 5.1
2014-09-01 5.04 5.17 4.83 4.83
2014-09-23 5.2 5.2 5.12 5.12
2014-10-20 5.75 5.75 5.5 5.5
2014-10-28 5.36 5.36 5.24 5.24
2014-11-03 5.43 5.46 5.38 5.38
2014-11-18 5.13 5.14 5.06 5.06
2014-11-21 5.12 5.14 5.08 5.08
2014-11-27 5.27 5.32 5.21 5.21
2014-12-24 5.1 5.11 5.02 5.02
2015-01-15 4.69 4.72 4.65 4.65
2015-03-20 5.8 5.87 5.66 5.66
2015-04-21 7.1 7.12 6.83 6.83
2015-04-22 7.36 7.4 7.15 7.15
2015-04-27 7.38 7.49 7.23 7.23
2015-04-28 8.12 8.12 7.5 7.5
2015-05-20 10.8 10.8 9.83 9.83
2015-06-03 12.38 12.38 11.26 11.26
2015-07-03 7.88 8.4 7.88 7.88
2015-07-07 6.38 6.38 6.38 6.38
2015-07-08 5.74 5.74 5.74 5.74
2015-07-09 6.31 6.31 5.17 5.17
2015-08-04 6.13 6.15 5.62 5.62
2015-09-07 4.74 4.97 4.68 4.68
2015-10-30 7.35 7.35 7.35 7.35
2015-11-04 7.68 7.82 7.25 7.25
2016-01-18 5.45 5.57 5.11 5.11
2016-02-02 5.88 5.96 5.61 5.61
2016-02-19 6.36 6.39 6.22 6.22
2016-04-13 6.43 6.5 6.38 6.38
2016-06-27 6.68 6.72 6.5 6.5
2016-08-05 5.96 6.04 5.94 5.94
2016-09-07 6.1 6.24 6.04 6.04
2016-09-19 5.93 5.94 5.89 5.89
2016-10-27 6.65 6.72 6.49 6.49
2016-12-05 6.9 6.97 6.81 6.81
2017-02-06 6.56 6.6 6.44 6.44
2017-04-25 5.51 5.57 5.44 5.44
2017-06-29 5.0 5.01 4.96 4.96
2017-08-08 5.19 5.24 5.15 5.15
2017-08-14 5.15 5.16 5.05 5.05
