1997-02-20 12.7 12.7 11.6 11.6
1997-02-27 13.55 13.87 13.35 13.35
1997-04-01 13.92 14.1 13.4 13.4
1997-05-05 13.99 14.4 13.85 13.85
1997-05-09 14.45 15.14 13.75 13.75
1997-05-28 16.17 16.73 15.43 15.43
1997-07-16 18.88 19.0 18.5 18.5
1997-07-17 19.25 19.69 18.6 18.6
1997-10-10 8.73 8.8 8.55 8.55
1997-12-04 11.1 11.15 10.3 10.3
1998-01-23 9.23 9.38 9.0 9.0
1998-02-11 9.15 9.28 9.0 9.0
1998-02-13 9.85 10.18 9.35 9.35
1998-04-01 8.1 8.3 7.95 7.95
1998-04-02 8.23 8.3 8.1 8.1
1998-04-06 8.44 8.49 8.2 8.2
1998-05-06 9.66 9.88 9.1 9.1
1998-06-12 11.0 11.17 10.7 10.7
1998-06-15 11.3 11.3 11.0 11.0
1998-06-16 11.46 11.62 10.8 10.8
1998-06-24 15.18 15.21 14.1 14.1
1998-09-09 18.59 18.59 17.88 17.88
1998-10-07 17.6 18.0 17.6 17.6
1998-10-09 18.15 18.3 17.68 17.68
1998-10-12 18.85 19.15 18.1 18.1
1998-10-14 19.45 19.88 19.0 19.0
1998-10-19 18.7 19.05 17.68 17.68
1998-10-23 18.89 19.06 18.0 18.0
1998-10-27 19.6 19.8 19.4 19.4
1998-11-12 17.35 17.72 16.8 16.8
1998-11-24 17.2 17.5 17.0 17.0
1998-11-27 17.35 17.48 17.2 17.2
1998-12-18 17.76 18.1 17.26 17.26
1998-12-24 18.3 18.48 17.42 17.42
1998-12-28 18.2 18.29 18.2 18.2
1999-01-06 18.19 18.26 17.8 17.8
1999-01-08 19.03 19.8 18.04 18.04
1999-03-17 15.8 15.82 15.34 15.34
1999-03-23 15.62 15.8 14.9 14.9
1999-04-07 14.88 15.16 14.68 14.68
1999-04-14 14.05 14.36 14.05 14.05
1999-04-21 13.32 13.32 12.11 12.11
1999-04-28 10.31 10.7 10.3 10.3
1999-04-29 10.65 10.67 10.33 10.33
1999-05-04 11.48 11.52 11.18 11.18
1999-06-22 16.13 16.26 15.6 15.6
1999-06-23 17.46 17.48 16.0 16.0
1999-06-25 19.5 19.8 18.5 18.5
1999-07-14 14.18 14.4 14.0 14.0
1999-07-15 14.35 14.76 14.2 14.2
1999-07-21 14.25 14.59 14.03 14.03
1999-07-23 13.4 13.6 13.3 13.3
1999-07-28 13.3 13.65 13.03 13.03
1999-09-09 14.85 14.85 13.9 13.9
1999-09-14 16.08 16.39 15.1 15.1
1999-09-20 15.46 15.55 14.9 14.9
1999-12-02 11.36 11.58 10.9 10.9
1999-12-30 10.18 10.41 10.05 10.05
2000-01-06 10.88 10.88 10.25 10.25
2000-01-07 11.48 11.5 10.94 10.94
2000-01-13 10.36 10.5 10.01 10.01
2000-01-20 10.56 10.7 10.26 10.26
2000-02-28 13.02 13.28 12.12 12.12
2000-04-07 12.75 12.79 12.5 12.5
2000-05-25 12.64 12.7 12.48 12.48
2000-07-03 13.48 13.75 13.2 13.2
2000-07-04 13.66 13.66 13.46 13.46
2000-07-06 13.69 13.86 13.6 13.6
2000-07-07 13.95 14.16 13.68 13.68
2000-07-17 13.9 14.1 13.65 13.65
2000-08-09 14.27 14.5 13.92 13.92
2000-09-15 14.14 14.22 13.84 13.84
2000-09-27 14.5 14.66 14.4 14.4
2000-10-10 15.1 15.11 14.76 14.76
2000-12-08 16.92 17.02 16.7 16.7
2000-12-12 16.37 16.55 16.0 16.0
2000-12-13 16.7 16.85 16.31 16.31
2000-12-14 16.72 17.2 16.63 16.63
2001-01-03 17.71 17.9 17.25 17.25
2001-01-04 18.03 18.4 17.72 17.72
2001-01-05 18.3 18.47 18.0 18.0
2001-01-10 18.3 18.4 17.2 17.2
2001-01-11 18.54 18.88 18.45 18.45
2001-01-18 17.65 17.92 17.4 17.4
2001-01-19 17.85 17.91 17.07 17.07
2001-03-19 27.0 27.49 26.02 26.02
2001-03-23 25.06 26.2 25.01 25.01
2001-09-28 14.65 14.97 14.5 14.5
2001-10-31 11.7 11.99 11.05 11.05
2001-11-06 12.1 12.48 11.86 11.86
2001-11-09 12.47 12.6 11.9 11.9
2001-11-15 12.29 12.65 12.25 12.25
2001-11-28 12.98 13.0 12.66 12.66
2001-11-29 12.95 13.28 12.85 12.85
2002-01-04 11.46 11.62 11.38 11.38
2002-01-21 8.84 9.14 8.8 8.8
2002-01-22 8.95 9.1 8.82 8.82
2002-01-23 9.53 9.55 8.9 8.9
2002-01-31 9.99 10.09 9.25 9.25
2002-02-07 9.92 10.1 9.6 9.6
2002-03-07 10.75 10.9 10.18 10.18
2002-03-15 11.68 12.25 11.15 11.15
2002-04-03 12.17 12.37 11.9 11.9
2002-04-09 12.67 12.8 12.4 12.4
2002-04-12 13.32 13.5 12.88 12.88
2002-04-16 13.54 13.85 13.44 13.44
2002-05-08 14.01 14.3 13.9 13.9
2002-05-14 13.97 14.18 13.63 13.63
2002-05-20 12.46 12.85 12.25 12.25
2002-05-28 12.92 13.18 12.7 12.7
2002-06-03 12.18 12.6 12.05 12.05
2002-06-11 12.23 12.4 12.05 12.05
2002-06-18 12.06 12.1 11.88 11.88
2002-08-06 15.61 15.79 15.35 15.35
2002-08-08 15.79 16.18 15.58 15.58
2002-09-19 15.51 15.57 15.0 15.0
2002-09-26 16.07 16.48 15.75 15.75
2002-10-14 15.8 15.98 15.55 15.55
2002-10-18 15.68 16.0 15.55 15.55
2002-10-25 15.29 15.45 15.01 15.01
2002-10-28 15.2 15.38 15.02 15.02
2002-10-30 14.77 14.98 14.71 14.71
2002-10-31 14.74 15.2 14.65 14.65
2002-11-06 14.68 14.71 14.5 14.5
2002-12-18 12.98 13.15 12.95 12.95
2002-12-23 13.09 13.14 12.95 12.95
2002-12-24 13.12 13.15 13.0 13.0
2003-01-13 13.35 13.38 12.85 12.85
2003-01-21 13.79 13.93 13.71 13.71
2003-02-19 12.93 12.95 12.77 12.77
2003-03-27 11.34 11.34 10.4 10.4
2003-05-22 9.33 9.48 9.01 9.01
2003-05-26 9.27 9.36 9.22 9.22
2003-07-22 7.82 7.82 7.66 7.66
2003-08-05 7.7 7.75 7.57 7.57
2003-08-06 7.84 7.99 7.65 7.65
2003-08-27 7.48 7.48 7.29 7.29
2003-08-28 7.69 8.15 7.45 7.45
2003-09-01 7.72 7.73 7.55 7.55
2003-09-03 7.87 7.89 7.63 7.63
2003-09-18 7.4 7.41 7.31 7.31
2003-11-11 6.32 6.38 6.14 6.14
2003-11-12 6.28 6.37 6.18 6.18
2003-11-14 6.4 6.43 6.3 6.3
2003-11-18 6.43 6.55 6.41 6.41
2004-01-05 6.9 6.92 6.68 6.68
2004-01-07 6.93 7.08 6.82 6.82
2004-04-13 7.46 7.51 7.4 7.4
2004-04-21 6.3 6.39 5.54 5.54
2004-04-27 6.36 6.5 6.3 6.3
2004-05-12 6.29 6.37 6.07 6.07
2004-05-14 6.4 6.51 6.33 6.33
2004-05-18 6.5 6.5 6.3 6.3
2004-12-02 4.36 4.37 4.21 4.21
2004-12-08 4.32 4.35 4.28 4.28
2004-12-24 4.07 4.11 4.04 4.04
2005-01-19 4.06 4.12 4.0 4.0
2005-04-13 3.7 3.71 3.59 3.59
2005-05-17 3.24 3.28 3.2 3.2
2005-06-24 3.26 3.27 3.2 3.2
2005-06-29 3.36 3.4 3.25 3.25
2005-07-06 3.25 3.28 3.21 3.21
2005-07-07 3.26 3.29 3.22 3.22
2005-07-14 3.24 3.32 3.22 3.22
2005-07-22 3.21 3.25 3.13 3.13
2005-07-25 3.25 3.28 3.19 3.19
2005-11-18 3.56 3.58 3.47 3.47
2006-01-18 3.73 3.73 3.65 3.65
2006-02-24 3.77 3.79 3.75 3.75
2006-05-12 4.31 4.37 3.98 3.98
2006-07-06 5.25 5.3 5.12 5.12
2006-07-14 4.91 4.95 4.71 4.71
2006-07-20 4.93 5.0 4.81 4.81
2006-07-25 5.12 5.17 5.01 5.01
2006-07-26 5.27 5.34 5.15 5.15
2006-08-15 4.85 4.88 4.7 4.7
2006-11-30 3.94 3.96 3.91 3.91
2006-12-04 3.93 3.95 3.88 3.88
2007-01-15 4.39 4.41 4.2 4.2
2007-01-16 4.56 4.57 4.4 4.4
2007-02-14 5.27 5.38 5.17 5.17
2007-04-05 8.47 8.47 8.47 8.47
2007-04-06 9.32 9.32 9.32 9.32
2007-04-16 10.17 10.31 9.9 9.9
2007-04-20 10.52 10.76 10.21 10.21
2007-06-05 10.61 10.61 10.61 10.61
2007-06-07 12.29 12.78 11.72 11.72
2007-06-13 12.78 13.09 12.3 12.3
2007-06-19 13.51 13.51 12.26 12.26
2007-08-22 14.83 14.83 13.41 13.41
2007-08-28 14.69 14.9 14.21 14.21
2007-09-04 15.93 16.18 15.2 15.2
2008-02-05 15.11 15.52 15.0 15.0
2008-07-07 8.5 8.56 7.88 7.88
2008-08-25 6.38 6.52 6.16 6.16
2008-09-25 5.64 5.73 5.52 5.52
2009-04-01 6.2 6.25 6.12 6.12
2009-04-02 6.34 6.43 6.26 6.26
2009-06-23 7.29 7.39 7.01 7.01
2009-06-29 8.56 8.56 7.75 7.75
2009-07-22 9.25 9.5 9.1 9.1
2009-07-27 9.45 9.49 9.18 9.18
2010-01-29 8.01 8.23 8.0 8.0
2010-02-25 8.4 8.45 8.22 8.22
2010-10-18 6.98 7.28 6.77 6.77
2011-02-14 6.43 6.57 6.19 6.19
2011-02-16 6.57 6.63 6.31 6.31
2011-03-29 6.99 6.99 6.41 6.41
2011-06-30 7.01 7.07 6.94 6.94
2012-03-01 5.32 5.34 5.28 5.28
2012-03-02 5.47 5.48 5.32 5.32
2012-04-06 5.04 5.04 4.97 4.97
2012-07-19 4.44 4.46 4.37 4.37
2012-07-24 4.49 4.53 4.45 4.45
2012-07-30 4.38 4.45 4.38 4.38
2012-07-31 4.38 4.4 4.38 4.38
2012-08-03 4.45 4.46 4.4 4.4
2012-08-06 4.46 4.47 4.42 4.42
2012-08-17 4.46 4.46 4.43 4.43
2012-08-22 4.46 4.48 4.46 4.46
2012-09-26 4.06 4.06 4.05 4.05
2013-01-23 4.25 4.29 4.22 4.22
2013-01-29 4.21 4.26 4.19 4.19
2013-04-02 4.55 4.64 4.41 4.41
2013-05-02 4.66 4.75 4.63 4.63
2013-09-03 3.31 3.38 3.24 3.24
2013-09-04 3.39 3.43 3.3 3.3
2013-09-10 3.47 3.49 3.33 3.33
2013-10-11 3.38 3.39 3.3 3.3
2014-01-30 2.89 3.02 2.82 2.82
2014-10-31 3.96 4.22 3.89 3.89
2014-12-01 4.88 4.96 4.73 4.73
2015-06-24 9.24 9.39 9.0 9.0
2015-07-09 4.7 4.7 4.05 4.05
2015-07-17 5.88 5.95 5.61 5.61
2015-11-04 5.2 5.24 4.92 4.92
2015-11-06 5.31 5.35 5.22 5.22
2015-11-10 5.69 5.7 5.41 5.41
2016-04-12 6.65 6.81 6.22 6.22
2016-06-02 5.2 5.28 5.07 5.07
2016-07-04 5.6 5.84 5.24 5.24
2016-08-09 5.76 5.83 5.66 5.66
2016-08-12 5.78 5.81 5.63 5.63
2016-08-16 6.12 6.2 5.85 5.85
2016-08-17 6.35 6.67 6.07 6.07
2016-11-10 3.1 3.21 3.06 3.06
2016-11-17 3.24 3.29 3.18 3.18
2017-01-18 3.97 3.98 3.59 3.59
2017-01-26 4.01 4.02 3.92 3.92
2017-02-09 3.99 4.03 3.83 3.83
2017-02-28 4.24 4.3 4.2 4.2
2017-03-06 4.11 4.13 4.05 4.05
2017-03-10 4.1 4.16 4.06 4.06
2017-06-15 3.33 3.33 3.28 3.28
