1999-06-28 12.25 12.34 11.6 11.6
1999-08-02 11.88 11.98 11.68 11.68
1999-08-11 12.01 12.06 11.9 11.9
1999-08-17 11.68 11.91 11.61 11.61
1999-08-24 11.68 11.74 11.4 11.4
1999-08-25 11.66 11.8 11.62 11.62
1999-09-07 11.65 11.68 11.38 11.38
1999-09-24 12.3 12.4 12.1 12.1
1999-09-27 12.33 12.48 12.21 12.21
1999-10-12 12.22 12.32 12.0 12.0
1999-10-15 12.0 12.1 11.79 11.79
1999-11-05 11.6 11.75 11.53 11.53
1999-11-11 11.47 11.51 11.4 11.4
1999-11-17 11.69 11.75 11.41 11.41
1999-11-18 11.92 12.15 11.6 11.6
1999-11-23 11.9 12.01 11.82 11.82
1999-11-29 12.13 12.25 11.96 11.96
1999-12-27 11.5 11.78 11.5 11.5
2000-02-24 12.3 12.45 12.05 12.05
2000-03-07 12.71 12.77 12.21 12.21
2000-03-15 12.89 13.25 12.59 12.59
2000-03-23 13.8 13.96 13.43 13.43
2000-03-27 14.39 14.6 13.5 13.5
2000-04-18 13.16 13.25 13.03 13.03
2000-05-10 12.99 13.23 12.8 12.8
2000-05-19 13.0 13.0 12.61 12.61
2000-05-22 13.25 13.3 13.0 13.0
2000-06-15 14.48 14.58 14.2 14.2
2000-07-07 12.89 12.9 12.75 12.75
2000-07-10 12.99 13.3 12.89 12.89
2000-07-11 13.2 13.25 13.0 13.0
2000-07-27 13.72 14.19 13.7 13.7
2000-08-08 13.57 13.7 13.4 13.4
2000-08-21 14.37 14.49 14.2 14.2
2000-08-24 15.18 15.37 13.97 13.97
2000-09-29 15.06 15.28 14.95 14.95
2000-10-09 15.62 15.66 15.08 15.08
2000-11-28 16.5 16.71 16.46 16.46
2000-12-13 16.94 16.98 16.55 16.55
2000-12-26 17.44 17.6 16.9 16.9
2001-02-13 14.78 14.98 14.65 14.65
2001-02-14 14.75 14.85 14.61 14.61
2001-02-15 14.83 14.98 14.75 14.75
2001-02-22 14.5 14.8 14.31 14.31
2001-03-14 15.05 15.18 14.85 14.85
2001-04-17 16.0 16.0 15.7 15.7
2001-05-08 15.79 15.83 15.69 15.69
2001-05-09 16.0 16.2 15.74 15.74
2001-05-18 16.76 16.79 16.3 16.3
2001-05-24 17.68 18.1 17.45 17.45
2001-06-01 17.84 18.0 17.4 17.4
2001-08-07 16.03 16.2 15.9 15.9
2001-08-10 16.08 16.23 15.98 15.98
2001-09-04 15.88 15.9 15.46 15.46
2001-09-18 14.89 15.25 14.78 14.78
2001-10-08 14.05 14.79 14.0 14.0
2001-10-22 12.2 12.44 11.5 11.5
2001-11-14 12.11 12.3 12.05 12.05
2001-11-15 12.15 12.31 12.12 12.12
2001-12-17 12.75 13.0 12.72 12.72
2001-12-31 12.85 12.97 12.69 12.69
2002-01-31 10.63 10.78 9.82 9.82
2002-02-04 11.15 11.2 11.0 11.0
2002-03-05 10.81 10.93 10.51 10.51
2002-03-14 11.96 11.99 11.4 11.4
2002-04-03 11.82 11.9 11.4 11.4
2002-04-09 12.12 12.18 11.8 11.8
2002-04-12 11.93 12.06 11.89 11.89
2002-04-29 12.44 12.52 12.2 12.2
2002-05-09 12.21 12.32 12.0 12.0
2002-06-18 10.66 10.68 10.4 10.4
2002-06-20 10.51 10.7 10.49 10.49
2002-07-04 11.87 11.9 11.71 11.71
2002-07-11 11.85 11.94 11.8 11.8
2002-08-16 11.4 11.43 11.18 11.18
2002-08-20 11.42 11.45 11.3 11.3
2002-08-22 11.5 11.6 11.42 11.42
2002-09-13 11.24 11.25 11.19 11.19
2002-10-16 10.82 10.91 10.68 10.68
2002-10-22 10.79 10.8 10.41 10.41
2002-10-25 10.52 10.72 10.52 10.52
2002-11-05 10.55 10.75 10.3 10.3
2002-11-15 9.52 9.8 9.35 9.35
2002-11-19 9.66 9.7 9.42 9.42
2002-11-25 9.07 9.14 9.0 9.0
2002-12-04 9.21 9.37 9.08 9.08
2002-12-06 9.02 9.16 9.0 9.0
2002-12-24 9.34 9.36 9.22 9.22
2002-12-31 8.7 8.94 8.65 8.65
2003-01-16 9.8 9.82 9.45 9.45
2003-02-20 10.04 10.12 10.01 10.01
2003-03-11 9.93 9.95 9.75 9.75
2003-03-20 10.02 10.19 9.75 9.75
2003-03-27 9.78 9.9 9.46 9.46
2003-05-14 8.02 8.08 7.62 7.62
2003-05-21 8.18 8.25 8.16 8.16
2003-05-27 8.37 8.4 8.2 8.2
2003-05-30 8.48 8.53 8.39 8.39
2003-06-30 7.88 8.0 7.87 7.87
2003-07-21 8.18 8.26 8.01 8.01
2003-08-19 7.43 7.55 7.3 7.3
2003-09-03 7.41 7.43 7.23 7.23
2003-10-08 6.71 6.74 6.62 6.62
2003-10-15 6.7 6.83 6.7 6.7
2003-10-24 6.88 6.92 6.73 6.73
2003-11-04 6.09 6.19 6.0 6.0
2003-11-20 5.97 5.99 5.7 5.7
2003-11-24 6.03 6.04 5.8 5.8
2003-12-01 6.19 6.19 6.06 6.06
2004-01-12 6.01 6.05 5.95 5.95
2004-01-14 6.39 6.51 5.79 5.79
2004-02-02 6.42 6.49 6.28 6.28
2004-02-09 6.77 6.78 6.6 6.6
2004-02-16 6.92 6.93 6.76 6.76
2004-02-17 7.18 7.24 6.94 6.94
2004-03-09 6.56 6.62 6.52 6.52
2004-03-30 6.94 6.96 6.81 6.81
2004-04-02 7.32 7.32 7.19 7.19
2004-04-05 7.44 7.58 7.33 7.33
2004-04-12 9.04 9.04 8.25 8.25
2004-05-11 8.2 8.23 8.07 8.07
2004-05-12 8.55 8.55 8.2 8.2
2004-06-08 8.07 8.18 8.0 8.0
2004-06-15 7.98 8.0 7.88 7.88
2004-06-22 7.64 7.65 7.22 7.22
2004-06-23 7.84 7.87 7.51 7.51
2004-07-21 6.33 6.45 6.25 6.25
2004-08-09 6.28 6.35 6.2 6.2
2004-08-17 5.42 5.65 5.26 5.26
2004-11-08 5.3 5.34 5.22 5.22
2004-11-09 5.32 5.33 5.25 5.25
2004-11-15 5.6 5.63 5.5 5.5
2004-12-27 5.56 5.59 5.5 5.5
2005-01-19 5.26 5.33 5.23 5.23
2005-02-16 5.25 5.31 5.17 5.17
2005-03-01 5.76 5.78 5.42 5.42
2005-03-21 5.23 5.24 5.18 5.18
2005-03-23 5.22 5.29 5.1 5.1
2005-03-29 5.18 5.22 5.16 5.16
2005-04-12 5.78 5.95 5.65 5.65
2005-04-28 4.69 4.74 4.48 4.48
2005-05-17 4.32 4.36 4.17 4.17
2005-06-08 4.62 4.68 4.3 4.3
2005-06-27 4.65 4.77 4.58 4.58
2005-07-05 4.26 4.3 4.1 4.1
2005-07-07 4.21 4.23 4.13 4.13
2005-07-12 4.3 4.32 4.05 4.05
2005-07-25 3.81 3.86 3.78 3.78
2005-07-26 3.9 3.91 3.81 3.81
2005-08-15 4.32 4.32 4.18 4.18
2005-09-14 5.04 5.04 4.81 4.81
2005-09-15 5.17 5.39 5.1 5.1
2005-09-29 4.79 4.8 4.75 4.75
2005-10-13 4.74 4.74 4.69 4.69
2005-10-18 4.84 4.86 4.7 4.7
2005-10-24 5.08 5.14 4.98 4.98
2005-10-31 4.48 4.56 4.36 4.36
2005-11-02 4.47 4.49 4.31 4.31
2005-11-14 4.6 4.61 4.42 4.42
2005-11-21 4.63 4.67 4.59 4.59
2005-11-23 4.55 4.62 4.5 4.5
2005-12-13 4.48 4.49 4.42 4.42
2005-12-20 4.82 4.84 4.7 4.7
2005-12-29 4.8 4.84 4.75 4.75
2006-01-04 4.86 4.87 4.67 4.67
2006-01-05 4.97 5.02 4.86 4.86
2006-01-09 5.03 5.06 5.0 5.0
2006-01-18 5.55 5.6 5.17 5.17
2006-02-06 6.2 6.26 5.94 5.94
2006-02-10 5.97 6.03 5.83 5.83
2006-03-13 5.59 5.77 5.35 5.35
2006-03-14 5.75 5.79 5.52 5.52
2006-03-16 6.05 6.07 5.81 5.81
2006-10-24 6.8 6.8 6.66 6.66
2006-11-22 6.17 6.21 5.9 5.9
2006-11-27 6.3 6.37 6.18 6.18
2006-11-30 6.37 6.44 6.28 6.28
2006-12-01 6.57 6.58 6.4 6.4
2006-12-04 6.72 6.85 6.56 6.56
2006-12-15 7.23 7.35 7.06 7.06
2007-01-09 7.7 7.9 7.4 7.4
2007-01-15 7.9 7.94 7.41 7.41
2007-01-19 8.26 8.39 7.8 7.8
2007-01-29 8.74 8.84 8.45 8.45
2007-02-06 8.37 8.38 8.08 8.08
2007-03-07 8.79 8.95 8.57 8.57
2007-03-23 10.44 10.48 9.7 9.7
2007-04-09 10.95 11.18 10.81 10.81
2007-04-16 11.58 11.8 11.17 11.17
2007-04-20 11.45 11.56 11.21 11.21
2007-05-10 12.33 12.65 11.66 11.66
2007-05-23 13.17 13.65 12.62 12.62
2007-08-09 16.84 16.98 16.22 16.22
2007-08-14 16.34 16.38 15.75 15.75
2007-08-30 16.58 16.9 16.23 16.23
2007-09-24 17.88 17.88 16.25 16.25
2007-10-08 17.24 18.0 16.82 16.82
2007-10-31 15.04 15.48 14.92 14.92
2007-11-06 14.24 14.48 14.01 14.01
2007-11-14 13.36 13.53 12.76 12.76
2007-11-28 13.17 13.37 13.08 13.08
2007-11-29 14.19 14.49 13.23 13.23
2007-12-10 15.2 15.4 14.41 14.41
2007-12-11 15.96 16.25 15.2 15.2
2007-12-21 19.68 20.19 18.65 18.65
2008-01-09 29.07 29.09 26.0 26.0
2008-04-30 27.23 27.96 26.85 26.85
2008-05-08 26.0 26.69 24.32 24.32
2008-05-09 27.07 27.56 26.01 26.01
2008-05-15 29.34 29.92 28.21 28.21
2008-05-19 31.78 33.0 31.33 31.33
2008-05-23 26.17 27.24 26.1 26.1
2008-05-28 27.35 27.43 25.31 25.31
2008-07-21 28.0 28.25 26.58 26.58
2008-08-05 24.89 25.78 23.8 23.8
2008-08-25 15.97 16.33 15.5 15.5
2008-10-20 8.89 9.03 8.31 8.31
2008-11-12 8.14 8.19 7.73 7.73
2008-11-19 10.84 10.84 9.88 9.88
2008-12-08 12.03 12.32 11.7 11.7
2008-12-10 12.13 12.23 11.31 11.31
2009-01-09 11.22 11.35 10.6 10.6
2009-02-04 15.06 15.14 14.26 14.26
2009-02-06 15.11 15.17 14.71 14.71
2009-03-04 15.04 15.09 14.1 14.1
2009-03-20 17.25 17.25 15.85 15.85
2009-04-01 17.47 17.87 17.06 17.06
2009-04-09 16.93 16.95 16.46 16.46
2009-04-28 14.55 14.64 13.95 13.95
2009-05-04 15.52 15.55 15.0 15.0
2009-07-16 16.32 16.8 15.63 15.63
2009-07-31 17.57 17.68 16.7 16.7
2009-08-04 19.57 20.28 19.02 19.02
2009-08-18 15.99 16.05 15.33 15.33
2009-08-20 16.7 16.73 15.4 15.4
2009-09-30 14.33 14.4 14.1 14.1
2009-10-19 16.09 16.3 15.83 15.83
2009-10-23 16.69 16.86 16.22 16.22
2009-10-28 16.29 16.31 15.82 15.82
2009-11-20 19.56 19.68 18.78 18.78
2009-11-25 19.04 19.28 18.55 18.55
2009-11-26 19.63 20.94 19.18 19.18
2009-12-09 21.16 21.39 21.0 21.0
2009-12-21 20.7 20.89 19.8 19.8
2009-12-24 20.84 20.86 19.77 19.77
2010-04-06 21.35 21.35 20.71 20.71
2010-04-15 22.7 23.5 22.58 22.58
2010-06-08 17.03 17.05 16.62 16.62
2010-07-20 14.2 14.6 13.28 13.28
2010-07-22 14.1 14.4 14.0 14.0
2010-09-01 17.27 17.66 16.79 16.79
2010-09-20 18.89 19.6 18.85 18.85
2010-09-27 20.28 20.6 19.15 19.15
2010-10-11 23.51 24.45 22.9 22.9
2010-11-15 23.31 23.78 23.03 23.03
2010-11-24 20.15 20.21 19.22 19.22
2011-01-26 18.29 18.34 17.81 17.81
2011-02-10 21.46 21.46 19.28 19.28
2011-02-15 21.88 22.7 21.8 21.8
2011-02-16 22.5 22.66 21.81 21.81
2011-02-23 23.43 23.55 22.4 22.4
2011-02-24 24.8 25.06 23.85 23.85
2011-04-18 25.75 26.29 24.66 24.66
2011-05-18 20.9 21.07 20.63 20.63
2011-05-24 20.45 20.69 20.11 20.11
2011-06-21 19.84 19.85 19.2 19.2
2011-08-19 25.46 26.39 24.79 24.79
2011-10-28 20.96 21.16 20.26 20.26
2012-01-17 18.48 18.48 16.81 16.81
2012-02-27 21.06 21.53 20.87 20.87
2012-03-02 21.16 21.19 20.65 20.65
2012-03-09 21.36 21.76 20.25 20.25
2012-03-16 23.24 23.86 21.85 21.85
2012-06-11 22.64 22.67 21.95 21.95
2012-08-01 19.79 20.05 19.51 19.51
2012-08-23 20.64 20.7 19.88 19.88
2012-10-09 20.36 20.48 19.81 19.81
2012-11-23 16.47 16.65 16.3 16.3
2012-12-14 17.31 17.43 16.28 16.28
2013-01-15 18.07 18.18 17.66 17.66
2013-01-28 17.68 17.7 17.2 17.2
2013-03-05 17.62 17.63 17.27 17.27
2013-03-29 18.33 18.66 18.17 18.17
2013-06-14 13.6 13.83 13.58 13.58
2013-07-11 12.19 12.28 11.74 11.74
2013-08-26 12.31 12.32 12.11 12.11
2013-09-23 12.86 12.87 12.6 12.6
2013-09-24 13.11 13.23 12.79 12.79
2013-09-27 12.9 13.11 12.8 12.8
2013-10-10 13.51 13.57 13.2 13.2
2013-11-14 11.95 11.96 11.69 11.69
2013-11-18 12.37 12.38 12.11 12.11
2013-11-22 12.7 12.82 12.25 12.25
2013-11-27 12.48 12.56 12.28 12.28
2014-03-03 11.8 11.86 11.62 11.62
2014-04-04 11.57 11.67 11.36 11.36
2014-05-12 9.93 9.96 9.39 9.39
2014-06-20 9.39 9.43 9.2 9.2
2014-06-23 9.51 9.59 9.38 9.38
2014-06-24 9.68 9.8 9.48 9.48
2014-07-25 10.54 10.74 10.13 10.13
2014-08-15 12.2 12.55 12.12 12.12
2014-09-01 11.73 11.79 11.61 11.61
2014-11-03 13.15 13.44 13.06 13.06
2014-11-04 13.67 13.84 13.16 13.16
2014-11-24 13.13 13.19 12.85 12.85
2014-12-10 14.22 14.3 13.74 13.74
2014-12-24 14.87 14.89 14.02 14.02
2015-01-26 15.15 15.17 14.69 14.69
2015-02-13 15.07 15.2 14.8 14.8
2015-02-16 15.29 15.38 15.03 15.03
2015-02-17 16.21 16.78 15.66 15.66
2015-03-13 15.84 15.88 15.73 15.73
2015-04-17 17.26 17.35 17.0 17.0
2015-07-08 10.81 11.36 10.81 10.81
2015-07-09 11.89 11.89 10.11 10.11
2015-07-16 13.41 13.63 12.53 12.53
2015-10-16 13.2 13.2 13.2 13.2
2015-12-30 15.18 15.19 14.82 14.82
2016-03-07 11.47 11.49 10.95 10.95
2016-03-25 10.84 10.86 10.68 10.68
2016-05-19 10.0 10.08 9.93 9.93
2016-05-23 10.7 10.85 10.2 10.2
2016-07-05 12.4 12.75 12.0 12.0
2016-08-02 11.26 11.28 11.11 11.11
2016-10-25 13.99 14.09 13.66 13.66
2016-11-04 14.4 14.56 14.04 14.04
2016-11-10 14.72 14.98 14.65 14.65
2016-11-18 14.59 14.73 14.41 14.41
2016-12-06 15.8 15.86 15.39 15.39
2016-12-07 16.44 16.47 15.71 15.71
2016-12-19 16.65 16.69 15.78 15.78
2017-01-04 16.25 16.28 15.6 15.6
2017-01-23 13.82 13.85 13.59 13.59
2017-01-26 13.24 13.25 13.02 13.02
2017-03-16 14.72 14.88 14.09 14.09
2017-03-29 14.84 14.93 14.62 14.62
2017-04-13 14.0 14.09 13.94 13.94
2017-06-07 12.0 12.05 11.76 11.76
2017-07-07 12.96 13.1 12.57 12.57
2017-07-31 16.38 16.38 14.74 14.74
2017-08-21 17.13 17.35 16.71 16.71
2017-09-06 20.05 20.48 18.86 18.86
