2003-09-30 7.8 7.88 7.7 7.7
2003-10-10 7.97 8.0 7.7 7.7
2004-01-02 7.33 7.4 7.26 7.26
2004-05-20 7.26 7.36 7.25 7.25
2004-05-21 7.35 7.39 7.26 7.26
2004-05-27 7.37 7.4 7.2 7.2
2004-08-20 7.47 7.55 7.3 7.3
2004-10-21 7.39 7.46 7.2 7.2
2004-12-14 7.78 7.78 7.61 7.61
2004-12-22 7.44 7.45 7.18 7.18
2005-01-07 7.63 7.76 7.52 7.52
2005-01-11 7.7 7.73 7.5 7.5
2005-02-01 7.47 7.55 7.36 7.36
2005-03-08 8.21 8.23 8.03 8.03
2005-04-28 8.75 8.86 8.5 8.5
2005-06-23 8.12 8.22 8.0 8.0
2005-06-27 8.38 8.43 8.18 8.18
2005-07-20 8.31 8.36 8.15 8.15
2005-08-05 8.58 8.61 8.45 8.45
2005-09-13 8.26 8.26 8.1 8.1
2005-12-29 6.19 6.2 6.1 6.1
2006-01-23 6.81 6.91 6.72 6.72
2006-12-04 4.29 4.33 4.11 4.11
2006-12-05 4.6 4.71 4.38 4.38
2007-01-22 5.57 5.59 5.31 5.31
2007-04-23 8.28 8.37 7.87 7.87
2007-07-26 7.66 7.76 7.46 7.46
2007-08-13 7.94 8.1 7.58 7.58
2008-02-04 7.6 7.6 7.16 7.16
2009-01-16 2.85 2.88 2.81 2.81
2009-01-23 2.83 2.86 2.8 2.8
2009-04-01 3.43 3.45 3.38 3.38
2009-04-28 3.45 3.45 3.37 3.37
2009-06-15 3.96 3.97 3.85 3.85
2009-07-14 4.35 4.35 4.26 4.26
2009-07-20 4.4 4.41 4.27 4.27
2009-09-17 3.99 3.99 3.9 3.9
2009-10-09 3.73 3.74 3.63 3.63
2011-06-07 3.51 3.53 3.42 3.42
2011-06-14 3.44 3.45 3.39 3.39
2012-01-05 2.55 2.6 2.55 2.55
2012-02-10 2.72 2.74 2.7 2.7
2012-03-13 2.82 2.82 2.79 2.79
2012-05-29 2.77 2.78 2.72 2.72
2012-07-25 2.39 2.47 2.36 2.36
2012-08-01 2.33 2.33 2.29 2.29
2012-08-28 2.25 2.26 2.23 2.23
2012-08-31 2.24 2.24 2.21 2.21
2012-11-19 2.19 2.19 2.16 2.16
2012-11-21 2.22 2.22 2.18 2.18
2012-12-14 2.27 2.29 2.21 2.21
2012-12-21 2.27 2.29 2.25 2.25
2013-01-18 2.34 2.34 2.32 2.32
2013-01-21 2.37 2.38 2.34 2.34
2013-01-25 2.32 2.33 2.31 2.31
2013-01-28 2.35 2.35 2.32 2.32
2013-02-04 2.47 2.49 2.45 2.45
2013-02-08 2.47 2.5 2.42 2.42
2013-02-20 2.45 2.45 2.42 2.42
2013-02-25 2.38 2.39 2.36 2.36
2013-02-28 2.39 2.4 2.35 2.35
2013-03-01 2.52 2.56 2.43 2.43
2013-03-25 2.45 2.46 2.42 2.42
2013-03-27 2.43 2.45 2.41 2.41
2013-05-06 2.38 2.38 2.36 2.36
2013-05-31 2.44 2.44 2.42 2.42
2013-07-11 2.09 2.09 2.03 2.03
2013-08-12 2.08 2.08 2.04 2.04
2013-09-09 2.3 2.32 2.26 2.26
2013-09-16 2.38 2.44 2.36 2.36
2013-11-18 2.24 2.24 2.21 2.21
2013-11-20 2.25 2.25 2.23 2.23
2013-11-25 2.24 2.26 2.23 2.23
2013-11-26 2.28 2.29 2.24 2.24
2013-11-28 2.32 2.34 2.29 2.29
2013-12-04 2.32 2.33 2.28 2.28
2013-12-06 2.34 2.36 2.32 2.32
2013-12-24 2.2 2.22 2.19 2.19
2013-12-31 2.22 2.23 2.19 2.19
2014-01-22 2.12 2.12 2.07 2.07
2014-01-28 2.11 2.12 2.1 2.1
2014-01-30 2.11 2.12 2.1 2.1
2014-03-24 2.19 2.19 2.15 2.15
2014-03-28 2.18 2.2 2.16 2.16
2014-04-01 2.18 2.18 2.15 2.15
2014-04-08 2.21 2.21 2.18 2.18
2014-05-08 2.15 2.17 2.14 2.14
2014-05-12 2.19 2.19 2.15 2.15
2014-05-13 2.2 2.22 2.18 2.18
2014-06-24 2.15 2.15 2.13 2.13
2014-06-26 2.18 2.19 2.14 2.14
2014-06-27 2.26 2.31 2.18 2.18
2014-07-18 2.21 2.22 2.18 2.18
2014-09-01 2.35 2.35 2.32 2.32
2014-09-04 2.48 2.48 2.39 2.39
2014-09-15 2.73 2.76 2.65 2.65
2014-09-18 2.98 2.98 2.81 2.81
2014-11-10 3.22 3.24 3.09 3.09
2015-01-05 4.15 4.16 4.06 4.06
2015-01-09 4.01 4.08 4.01 4.01
2015-03-18 4.66 4.66 4.27 4.27
2015-04-13 6.56 6.56 6.05 6.05
2015-05-19 7.89 8.13 7.47 7.47
2015-06-08 9.86 9.86 8.98 8.98
2015-07-09 5.1 5.1 4.21 4.21
2015-08-10 6.1 6.14 5.8 5.8
2016-02-16 5.15 5.16 5.01 5.01
2016-07-29 4.56 4.67 4.53 4.53
2016-08-23 4.6 4.61 4.58 4.58
2016-10-13 4.57 4.6 4.44 4.44
2016-12-07 4.63 4.64 4.57 4.57
2017-01-05 4.62 4.68 4.61 4.61
2017-03-24 4.76 4.78 4.69 4.69
2017-05-09 4.76 4.77 4.69 4.69
