2003-09-08 7.9 7.93 7.8 7.8
2003-09-23 7.8 7.81 7.65 7.65
2003-09-30 7.8 7.88 7.7 7.7
2003-10-10 7.97 8.0 7.7 7.7
2003-11-19 7.0 7.1 6.81 6.81
2003-12-30 7.43 7.5 7.28 7.28
2004-01-02 7.33 7.4 7.26 7.26
2004-01-14 7.59 7.64 7.43 7.43
2004-03-24 7.78 7.84 7.61 7.61
2004-04-08 7.8 7.89 7.71 7.71
2004-05-12 7.4 7.41 7.25 7.25
2004-05-20 7.26 7.36 7.25 7.25
2004-05-21 7.35 7.39 7.26 7.26
2004-05-27 7.37 7.4 7.2 7.2
2004-06-22 7.32 7.35 7.2 7.2
2004-07-08 7.67 7.7 7.6 7.6
2004-07-23 7.44 7.44 7.3 7.3
2004-08-03 7.2 7.22 7.15 7.15
2004-08-13 7.32 7.39 7.28 7.28
2004-08-20 7.47 7.55 7.3 7.3
2004-10-19 7.18 7.21 7.11 7.11
2004-10-21 7.39 7.46 7.2 7.2
2004-11-03 8.15 8.24 7.9 7.9
2004-11-30 8.0 8.1 7.91 7.91
2004-12-13 7.65 7.73 7.58 7.58
2004-12-14 7.78 7.78 7.61 7.61
2004-12-22 7.44 7.45 7.18 7.18
2005-01-05 7.39 7.47 7.32 7.32
2005-01-07 7.63 7.76 7.52 7.52
2005-01-11 7.7 7.73 7.5 7.5
2005-01-26 7.75 7.81 7.56 7.56
2005-02-01 7.47 7.55 7.36 7.36
2005-03-07 8.03 8.13 7.86 7.86
2005-03-08 8.21 8.23 8.03 8.03
2005-04-21 8.27 8.36 7.9 7.9
2005-04-28 8.75 8.86 8.5 8.5
2005-05-24 8.29 8.36 8.11 8.11
2005-06-16 7.55 7.58 7.27 7.27
2005-06-23 8.12 8.22 8.0 8.0
2005-06-27 8.38 8.43 8.18 8.18
2005-07-19 8.26 8.28 8.11 8.11
2005-07-20 8.31 8.36 8.15 8.15
2005-08-01 8.6 8.67 8.38 8.38
2005-08-05 8.58 8.61 8.45 8.45
2005-09-08 8.15 8.23 8.01 8.01
2005-09-13 8.26 8.26 8.1 8.1
2005-11-15 5.75 5.84 5.7 5.7
2005-12-06 5.86 5.87 5.75 5.75
2005-12-21 6.11 6.16 6.07 6.07
2005-12-29 6.19 6.2 6.1 6.1
2006-01-16 6.49 6.64 6.47 6.47
2006-01-23 6.81 6.91 6.72 6.72
2006-05-24 6.71 6.71 6.71 6.71
2006-10-18 3.6 3.61 3.52 3.52
2006-10-31 3.68 3.71 3.61 3.61
2006-11-22 3.94 4.04 3.89 3.89
2006-12-01 4.1 4.14 3.96 3.96
2006-12-04 4.29 4.33 4.11 4.11
2006-12-05 4.6 4.71 4.38 4.38
2006-12-14 4.3 4.3 4.19 4.19
2007-01-19 5.27 5.28 5.06 5.06
2007-01-22 5.57 5.59 5.31 5.31
2007-02-06 5.05 5.06 4.88 4.88
2007-03-15 6.29 6.36 6.13 6.13
2007-04-20 7.8 7.89 7.45 7.45
2007-04-23 8.28 8.37 7.87 7.87
2007-05-22 9.23 9.35 9.08 9.08
2007-06-21 10.44 10.46 9.92 9.92
2007-07-23 7.21 7.25 6.88 6.88
2007-07-26 7.66 7.76 7.46 7.46
2007-08-06 7.96 8.0 7.75 7.75
2007-08-13 7.94 8.1 7.58 7.58
2007-12-20 7.75 7.8 7.65 7.65
2008-01-29 7.43 7.46 7.27 7.27
2008-02-04 7.6 7.6 7.16 7.16
2008-03-05 7.61 7.7 7.4 7.4
2008-06-30 4.05 4.08 3.93 3.93
2008-12-03 3.05 3.06 2.95 2.95
2009-01-05 2.72 2.73 2.67 2.67
2009-01-14 2.78 2.79 2.7 2.7
2009-01-16 2.85 2.88 2.81 2.81
2009-01-23 2.83 2.86 2.8 2.8
2009-03-02 3.08 3.09 3.01 3.01
2009-03-26 3.33 3.34 3.23 3.23
2009-04-01 3.43 3.45 3.38 3.38
2009-04-20 3.64 3.66 3.54 3.54
2009-04-28 3.45 3.45 3.37 3.37
2009-05-19 3.86 3.91 3.82 3.82
2009-06-10 4.19 4.2 4.07 4.07
2009-06-15 3.96 3.97 3.85 3.85
2009-06-24 4.08 4.12 4.05 4.05
2009-07-10 4.24 4.28 4.22 4.22
2009-07-14 4.35 4.35 4.26 4.26
2009-07-20 4.4 4.41 4.27 4.27
2009-08-20 3.65 3.66 3.54 3.54
2009-09-14 3.94 3.95 3.85 3.85
2009-09-17 3.99 3.99 3.9 3.9
2009-09-30 3.61 3.64 3.58 3.58
2009-10-09 3.73 3.74 3.63 3.63
2009-10-23 3.9 3.92 3.84 3.84
2009-11-05 4.05 4.08 3.97 3.97
2009-11-25 4.77 4.77 4.31 4.31
2009-12-10 4.55 4.58 4.48 4.48
2009-12-28 4.31 4.33 4.26 4.26
2010-01-14 4.44 4.44 4.33 4.33
2010-02-12 4.68 4.7 4.64 4.64
2010-04-01 4.84 4.86 4.8 4.8
2010-09-20 3.77 3.83 3.73 3.73
2011-02-14 3.77 3.84 3.65 3.65
2011-03-07 3.78 3.78 3.74 3.74
2011-05-31 3.44 3.44 3.4 3.4
2011-06-07 3.51 3.53 3.42 3.42
2011-06-14 3.44 3.45 3.39 3.39
2011-08-25 3.04 3.04 2.98 2.98
2011-09-07 2.93 2.94 2.88 2.88
2011-10-10 2.9 2.94 2.83 2.83
2011-10-27 2.89 2.92 2.87 2.87
2011-11-21 2.88 2.89 2.84 2.84
2011-12-29 2.56 2.57 2.55 2.55
2012-01-05 2.55 2.6 2.55 2.55
2012-02-06 2.7 2.71 2.69 2.69
2012-02-10 2.72 2.74 2.7 2.7
2012-02-22 2.79 2.79 2.74 2.74
2012-03-08 2.81 2.85 2.8 2.8
2012-03-13 2.82 2.82 2.79 2.79
2012-04-12 2.67 2.67 2.62 2.62
2012-05-24 2.74 2.76 2.72 2.72
2012-05-29 2.77 2.78 2.72 2.72
2012-07-24 2.37 2.38 2.33 2.33
2012-07-25 2.39 2.47 2.36 2.36
2012-08-01 2.33 2.33 2.29 2.29
2012-08-21 2.32 2.33 2.3 2.3
2012-08-28 2.25 2.26 2.23 2.23
2012-08-31 2.24 2.24 2.21 2.21
2012-10-18 2.23 2.26 2.17 2.17
2012-10-30 2.24 2.3 2.15 2.15
2012-11-14 2.23 2.24 2.2 2.2
2012-11-19 2.19 2.19 2.16 2.16
2012-11-21 2.22 2.22 2.18 2.18
2012-11-30 2.15 2.16 2.12 2.12
2012-12-13 2.22 2.27 2.22 2.22
2012-12-14 2.27 2.29 2.21 2.21
2012-12-21 2.27 2.29 2.25 2.25
2013-01-14 2.34 2.34 2.27 2.27
2013-01-18 2.34 2.34 2.32 2.32
2013-01-21 2.37 2.38 2.34 2.34
2013-01-25 2.32 2.33 2.31 2.31
2013-01-28 2.35 2.35 2.32 2.32
2013-02-04 2.47 2.49 2.45 2.45
2013-02-08 2.47 2.5 2.42 2.42
2013-02-20 2.45 2.45 2.42 2.42
2013-02-25 2.38 2.39 2.36 2.36
2013-02-28 2.39 2.4 2.35 2.35
2013-03-01 2.52 2.56 2.43 2.43
2013-03-20 2.43 2.43 2.37 2.37
2013-03-25 2.45 2.46 2.42 2.42
2013-03-27 2.43 2.45 2.41 2.41
2013-05-03 2.37 2.37 2.34 2.34
2013-05-06 2.38 2.38 2.36 2.36
2013-05-15 2.36 2.37 2.35 2.35
2013-05-24 2.41 2.42 2.4 2.4
2013-05-31 2.44 2.44 2.42 2.42
2013-07-04 2.03 2.05 2.0 2.0
2013-07-11 2.09 2.09 2.03 2.03
2013-08-07 2.06 2.07 2.04 2.04
2013-08-12 2.08 2.08 2.04 2.04
2013-09-04 2.34 2.38 2.22 2.22
2013-09-09 2.3 2.32 2.26 2.26
2013-09-16 2.38 2.44 2.36 2.36
2013-11-15 2.21 2.24 2.18 2.18
2013-11-18 2.24 2.24 2.21 2.21
2013-11-20 2.25 2.25 2.23 2.23
2013-11-25 2.24 2.26 2.23 2.23
2013-11-26 2.28 2.29 2.24 2.24
2013-11-28 2.32 2.34 2.29 2.29
2013-12-04 2.32 2.33 2.28 2.28
2013-12-06 2.34 2.36 2.32 2.32
2013-12-18 2.24 2.25 2.23 2.23
2013-12-24 2.2 2.22 2.19 2.19
2013-12-31 2.22 2.23 2.19 2.19
2014-01-20 2.06 2.07 2.05 2.05
2014-01-22 2.12 2.12 2.07 2.07
2014-01-28 2.11 2.12 2.1 2.1
2014-01-30 2.11 2.12 2.1 2.1
2014-02-19 2.18 2.18 2.15 2.15
2014-03-21 2.15 2.16 2.1 2.1
2014-03-24 2.19 2.19 2.15 2.15
2014-03-28 2.18 2.2 2.16 2.16
2014-04-01 2.18 2.18 2.15 2.15
2014-04-08 2.21 2.21 2.18 2.18
2014-04-18 2.22 2.24 2.19 2.19
2014-04-29 2.14 2.14 2.12 2.12
2014-05-08 2.15 2.17 2.14 2.14
2014-05-12 2.19 2.19 2.15 2.15
2014-05-13 2.2 2.22 2.18 2.18
2014-06-05 2.17 2.17 2.15 2.15
2014-06-23 2.14 2.15 2.13 2.13
2014-06-24 2.15 2.15 2.13 2.13
2014-06-26 2.18 2.19 2.14 2.14
2014-06-27 2.26 2.31 2.18 2.18
2014-07-14 2.18 2.18 2.16 2.16
2014-07-18 2.21 2.22 2.18 2.18
2014-08-04 2.31 2.31 2.28 2.28
2014-08-15 2.34 2.34 2.32 2.32
2014-08-29 2.32 2.32 2.3 2.3
2014-09-01 2.35 2.35 2.32 2.32
2014-09-04 2.48 2.48 2.39 2.39
2014-09-15 2.73 2.76 2.65 2.65
2014-09-18 2.98 2.98 2.81 2.81
2014-11-03 3.2 3.25 3.05 3.05
2014-11-10 3.22 3.24 3.09 3.09
2014-12-12 3.94 4.08 3.87 3.87
2014-12-29 4.18 4.22 4.03 4.03
2015-01-05 4.15 4.16 4.06 4.06
2015-01-09 4.01 4.08 4.01 4.01
2015-01-22 4.06 4.07 3.96 3.96
2015-02-09 3.63 3.66 3.6 3.6
2015-02-26 3.96 3.96 3.84 3.84
2015-03-10 3.94 3.97 3.89 3.89
2015-03-18 4.66 4.66 4.27 4.27
2015-04-07 6.13 6.26 5.8 5.8
2015-04-13 6.56 6.56 6.05 6.05
2015-05-13 8.09 8.09 8.0 8.0
2015-05-19 7.89 8.13 7.47 7.47
2015-06-01 8.22 8.28 7.7 7.7
2015-06-08 9.86 9.86 8.98 8.98
2015-07-08 4.64 4.77 4.64 4.64
2015-07-09 5.1 5.1 4.21 4.21
2015-08-07 5.74 5.8 5.64 5.64
2015-08-10 6.1 6.14 5.8 5.8
2015-09-24 5.46 5.55 5.33 5.33
2015-11-04 5.99 6.02 5.7 5.7
2015-12-25 6.92 6.95 6.77 6.77
2016-02-04 5.09 5.12 5.01 5.01
2016-02-16 5.15 5.16 5.01 5.01
2016-03-30 5.32 5.33 5.23 5.23
2016-06-22 4.43 4.45 4.36 4.36
2016-07-04 4.49 4.5 4.4 4.4
2016-07-21 4.45 4.49 4.42 4.42
2016-07-29 4.56 4.67 4.53 4.53
2016-08-19 4.67 4.69 4.66 4.66
2016-08-23 4.6 4.61 4.58 4.58
2016-09-19 4.39 4.4 4.36 4.36
2016-10-10 4.4 4.4 4.36 4.36
2016-10-13 4.57 4.6 4.44 4.44
2016-11-10 4.53 4.54 4.48 4.48
2016-12-01 4.7 4.7 4.66 4.66
2016-12-07 4.63 4.64 4.57 4.57
2017-01-03 4.53 4.54 4.5 4.5
2017-01-05 4.62 4.68 4.61 4.61
2017-01-20 4.54 4.55 4.5 4.5
2017-03-06 4.81 4.84 4.78 4.78
2017-03-16 4.79 4.8 4.74 4.74
2017-03-24 4.76 4.78 4.69 4.69
2017-05-02 4.86 4.88 4.76 4.76
2017-05-09 4.76 4.77 4.69 4.69
2017-06-09 4.93 4.95 4.91 4.91
2017-06-26 4.98 4.98 4.9 4.9
2017-07-24 6.16 6.16 5.6 5.6
2017-08-14 5.5 5.52 5.42 5.42
