1995-12-26 5.74 5.85 5.7 5.7
1996-02-07 5.86 5.87 5.7 5.7
1996-02-13 5.89 5.9 5.77 5.77
1996-02-16 6.11 6.15 5.91 5.91
1996-03-07 6.69 6.7 6.4 6.4
1996-03-13 6.5 6.52 6.38 6.38
1996-03-18 6.54 6.6 6.35 6.35
1996-03-22 6.56 6.59 6.5 6.5
1996-04-16 6.51 6.55 6.4 6.4
1996-04-19 6.95 7.05 6.72 6.72
1996-04-24 7.37 7.49 7.0 7.0
1996-04-26 7.41 7.61 6.95 6.95
1996-06-25 6.46 6.57 6.42 6.42
1996-07-29 8.15 8.18 7.82 7.82
1996-08-21 7.25 7.3 7.1 7.1
1996-08-26 7.0 7.17 6.9 6.9
1996-08-28 7.33 7.37 7.2 7.2
1996-09-11 6.82 6.9 6.68 6.68
1996-10-07 7.1 7.13 7.0 7.0
1996-10-08 7.35 7.4 7.1 7.1
1996-10-10 7.47 7.59 7.13 7.13
1996-11-14 8.22 8.3 8.1 8.1
1996-11-18 8.4 8.4 7.85 7.85
1996-12-06 10.9 11.0 10.6 10.6
1996-12-16 9.0 9.0 9.0 9.0
1996-12-17 8.1 8.8 8.1 8.1
1997-01-09 8.56 8.58 8.17 8.17
1997-01-15 8.5 8.58 8.31 8.31
1997-01-22 8.64 8.74 8.4 8.4
1997-01-27 8.82 8.88 8.69 8.69
1997-02-20 8.15 8.35 7.56 7.56
1997-02-21 8.67 8.7 8.18 8.18
1997-03-03 9.85 9.89 9.6 9.6
1997-04-09 10.2 10.4 10.0 10.0
1997-04-11 10.16 10.25 9.95 9.95
1997-04-14 10.64 10.68 10.3 10.3
1997-05-16 9.85 10.59 9.79 9.79
1997-05-22 7.38 7.85 7.38 7.38
1997-06-10 7.42 7.74 7.35 7.35
1997-06-13 7.7 7.76 7.28 7.28
1997-06-16 7.77 7.98 7.75 7.75
1997-07-10 6.0 6.23 5.88 5.88
1997-09-25 6.33 6.48 6.26 6.26
1997-10-10 6.31 6.35 6.2 6.2
1997-11-18 6.32 6.48 6.3 6.3
1997-12-01 6.16 6.35 6.1 6.1
1997-12-18 6.3 6.33 6.08 6.08
1997-12-26 6.26 6.3 6.15 6.15
1998-02-18 6.74 6.85 6.69 6.69
1998-03-10 6.38 6.41 6.27 6.27
1998-03-24 6.18 6.19 6.01 6.01
1998-04-06 6.58 6.59 6.39 6.39
1998-04-15 6.53 6.57 6.39 6.39
1998-04-20 7.04 7.28 6.92 6.92
1998-04-28 6.83 6.92 6.7 6.7
1998-05-22 7.35 7.41 7.1 7.1
1998-05-26 8.1 8.17 7.95 7.95
1998-05-28 8.11 8.28 8.1 8.1
1998-06-19 7.7 7.75 7.56 7.56
1998-07-07 7.36 7.43 7.2 7.2
1998-09-23 7.36 7.49 7.3 7.3
1998-09-25 7.18 7.24 7.04 7.04
1998-09-28 7.26 7.38 7.2 7.2
1998-10-07 7.15 7.23 7.08 7.08
1998-10-20 7.79 7.84 7.55 7.55
1998-11-02 8.65 8.65 8.38 8.38
1998-12-08 7.19 7.23 7.08 7.08
1999-01-19 6.92 6.93 6.63 6.63
1999-01-29 6.83 6.92 6.74 6.74
1999-02-02 6.89 6.9 6.7 6.7
1999-02-09 6.37 6.39 6.3 6.3
1999-03-03 6.88 6.98 6.6 6.6
1999-03-08 7.08 7.08 6.65 6.65
1999-03-11 6.98 7.09 6.9 6.9
1999-04-20 7.08 7.15 7.0 7.0
1999-04-28 6.48 6.8 6.43 6.43
1999-04-29 6.65 6.66 6.51 6.51
1999-05-06 6.9 6.99 6.75 6.75
1999-05-11 6.65 6.65 6.44 6.44
1999-05-19 6.56 6.7 6.25 6.25
1999-06-28 8.58 8.58 7.82 7.82
1999-07-12 8.56 8.7 8.38 8.38
1999-07-20 8.22 8.25 7.55 7.55
1999-07-23 7.98 8.18 7.87 7.87
1999-07-26 8.23 8.38 8.0 8.0
1999-08-02 7.96 7.99 7.86 7.86
1999-08-23 9.35 9.37 8.78 8.78
1999-08-27 9.65 9.93 9.4 9.4
1999-09-09 10.02 10.08 9.55 9.55
1999-09-13 10.65 10.88 9.98 9.98
1999-09-21 10.47 10.69 10.2 10.2
1999-10-15 8.82 8.88 8.57 8.57
1999-10-22 8.38 8.5 8.2 8.2
1999-10-26 8.07 8.25 8.0 8.0
1999-11-30 7.6 7.62 7.43 7.43
1999-12-13 8.53 8.89 8.35 8.35
1999-12-30 7.28 7.45 7.25 7.25
2000-01-10 8.65 8.8 8.05 8.05
2000-03-27 9.08 9.1 8.7 8.7
2000-03-30 9.6 9.7 9.51 9.51
2000-04-06 9.84 9.9 9.4 9.4
2000-05-24 9.48 9.64 9.2 9.2
2000-06-01 10.72 11.38 10.51 10.51
2000-06-26 12.36 12.78 12.0 12.0
2000-07-21 11.3 11.35 11.15 11.15
2000-07-27 11.44 11.5 11.08 11.08
2000-08-15 11.94 12.08 11.5 11.5
2000-08-21 12.3 12.49 11.98 11.98
2000-09-07 10.47 10.85 10.35 10.35
2000-09-27 9.75 9.76 9.55 9.55
2000-09-29 9.66 9.69 9.43 9.43
2000-10-17 9.82 9.91 9.72 9.72
2000-10-19 10.24 10.27 9.86 9.86
2000-10-31 10.18 10.28 10.08 10.08
2000-11-17 11.0 11.19 10.96 10.96
2000-11-28 10.68 10.68 10.41 10.41
2000-12-20 10.63 10.64 10.38 10.38
2000-12-22 10.72 10.94 10.6 10.6
2000-12-26 10.62 10.67 10.5 10.5
2001-01-10 11.43 11.55 11.36 11.36
2001-01-18 10.68 10.82 10.62 10.62
2001-02-09 10.37 10.5 10.22 10.22
2001-02-19 10.35 10.37 10.16 10.16
2001-03-27 10.64 10.73 10.58 10.58
2001-04-16 10.9 11.0 10.75 10.75
2001-04-30 10.59 10.72 10.55 10.55
2001-05-10 10.89 10.95 10.7 10.7
2001-05-14 11.4 11.47 11.2 11.2
2001-06-13 11.78 11.8 11.72 11.72
2001-06-21 11.2 11.25 11.13 11.13
2001-06-25 11.46 11.52 11.28 11.28
2001-07-10 11.4 11.49 11.2 11.2
2001-07-26 10.6 10.77 10.53 10.53
2001-08-01 10.0 10.04 9.62 9.62
2001-08-07 9.94 9.95 9.58 9.58
2001-08-10 10.23 10.33 10.1 10.1
2001-08-30 9.85 10.05 9.64 9.64
2001-09-18 9.15 9.36 9.04 9.04
2001-09-24 9.12 9.4 9.09 9.09
2001-10-29 8.26 8.27 8.1 8.1
2001-11-12 7.76 7.9 7.65 7.65
2001-11-19 8.02 8.03 7.81 7.81
2001-11-27 8.45 8.45 8.28 8.28
2001-11-30 8.82 8.93 8.68 8.68
2002-03-07 7.62 7.62 7.37 7.37
2002-03-08 7.96 7.98 7.8 7.8
2002-03-14 7.92 7.93 7.6 7.6
2002-03-21 8.08 8.15 7.89 7.89
2002-03-25 7.98 8.04 7.9 7.9
2002-04-03 7.46 7.51 7.4 7.4
2002-04-10 8.24 8.27 8.0 8.0
2002-04-12 7.97 8.05 7.9 7.9
2002-04-23 7.79 7.88 7.77 7.77
2002-05-09 7.88 7.98 7.84 7.84
2002-05-23 8.0 8.05 7.7 7.7
2002-05-27 8.19 8.2 7.86 7.86
2002-07-08 8.22 8.25 8.14 8.14
2002-07-11 8.01 8.06 7.95 7.95
2002-07-19 8.25 8.28 8.1 8.1
2002-07-25 8.13 8.23 8.11 8.11
2002-08-13 8.11 8.2 8.1 8.1
2002-08-14 8.25 8.25 8.14 8.14
2002-08-22 8.26 8.3 8.2 8.2
2002-09-18 7.59 7.65 7.57 7.57
2002-09-24 7.58 7.66 7.58 7.58
2002-10-10 7.26 7.35 7.11 7.11
2002-10-16 7.2 7.32 7.11 7.11
2002-11-29 6.24 6.34 6.11 6.11
2002-12-11 5.94 6.0 5.9 5.9
2002-12-23 6.3 6.46 6.26 6.26
2003-01-06 5.77 5.85 5.6 5.6
2003-01-08 5.94 5.96 5.7 5.7
2003-02-10 6.29 6.49 6.2 6.2
2003-02-11 6.44 6.46 6.31 6.31
2003-02-14 6.6 6.68 6.5 6.5
2003-03-20 6.17 6.26 6.15 6.15
2003-03-21 6.27 6.28 6.16 6.16
2003-04-30 6.22 6.28 6.15 6.15
2003-06-10 5.88 5.88 5.78 5.78
2003-06-27 5.72 5.8 5.7 5.7
2003-07-29 5.6 5.6 5.55 5.55
2003-08-22 5.28 5.3 5.26 5.26
2003-08-27 5.14 5.19 5.12 5.12
2003-09-01 5.21 5.24 5.1 5.1
2003-09-09 5.17 5.2 5.1 5.1
2003-10-31 4.4 4.5 4.35 4.35
2003-11-03 4.46 4.49 4.32 4.32
2003-11-10 4.07 4.08 4.0 4.0
2003-11-19 4.25 4.27 4.12 4.12
2003-12-01 4.79 4.87 4.5 4.5
2003-12-03 4.75 4.86 4.72 4.72
2003-12-04 4.97 4.99 4.65 4.65
2003-12-23 4.38 4.44 4.3 4.3
2003-12-26 4.39 4.4 4.33 4.33
2004-01-29 4.58 4.59 4.38 4.38
2004-02-03 4.83 4.84 4.63 4.63
2004-02-05 5.05 5.05 4.87 4.87
2004-02-11 5.21 5.5 5.1 5.1
2004-02-17 5.29 5.32 5.18 5.18
2004-02-27 5.12 5.13 4.97 4.97
2004-03-10 5.27 5.28 5.13 5.13
2004-03-31 5.35 5.36 5.24 5.24
2004-04-22 4.93 4.96 4.9 4.9
2004-04-29 4.95 4.98 4.9 4.9
2004-05-12 4.89 4.89 4.74 4.74
2004-05-21 5.09 5.1 5.0 5.0
2004-05-27 4.84 4.88 4.7 4.7
2004-06-01 4.93 4.95 4.85 4.85
2004-06-04 4.76 4.82 4.75 4.75
2004-06-15 4.36 4.36 4.2 4.2
2004-06-21 4.3 4.3 4.2 4.2
2004-07-01 4.21 4.23 4.1 4.1
2004-07-15 4.27 4.28 4.18 4.18
2004-08-03 4.14 4.18 4.1 4.1
2004-08-04 4.22 4.28 4.1 4.1
2004-08-25 4.17 4.18 4.12 4.12
2004-08-30 4.1 4.13 4.04 4.04
2004-08-31 4.23 4.26 4.15 4.15
2004-09-09 4.26 4.28 4.22 4.22
2004-09-14 4.2 4.23 4.09 4.09
2004-09-15 4.39 4.51 4.21 4.21
2004-10-13 4.45 4.48 4.37 4.37
2004-10-20 4.2 4.26 4.01 4.01
2004-11-02 3.55 3.58 3.5 3.5
2004-11-05 3.59 3.61 3.55 3.55
2004-12-21 3.63 3.67 3.56 3.56
2004-12-24 3.64 3.68 3.62 3.62
2004-12-27 3.67 3.68 3.65 3.65
2005-01-07 3.5 3.56 3.46 3.46
2005-01-10 3.55 3.57 3.5 3.5
2005-01-14 3.61 3.68 3.55 3.55
2005-02-21 3.53 3.55 3.46 3.46
2005-03-16 3.48 3.5 3.45 3.45
2005-03-31 3.06 3.08 2.98 2.98
2005-04-13 3.24 3.25 3.12 3.12
2005-04-15 2.96 3.16 2.86 2.86
2005-04-19 2.96 2.99 2.92 2.92
2005-05-11 2.74 2.78 2.6 2.6
2005-05-12 2.7 2.77 2.67 2.67
2005-05-20 2.83 2.86 2.74 2.74
2005-05-24 2.79 2.81 2.7 2.7
2005-06-16 2.86 2.89 2.81 2.81
2005-06-24 2.8 2.82 2.71 2.71
2005-07-07 2.45 2.5 2.39 2.39
2005-07-13 2.48 2.48 2.4 2.4
2005-07-26 2.31 2.32 2.24 2.24
2005-08-05 2.44 2.44 2.35 2.35
2005-08-19 3.01 3.04 2.8 2.8
2005-09-08 2.95 2.97 2.9 2.9
2005-09-19 3.16 3.16 3.01 3.01
2005-09-26 2.82 2.85 2.8 2.8
2005-09-29 2.78 2.78 2.69 2.69
2005-10-10 2.75 2.81 2.73 2.73
2005-11-03 2.62 2.65 2.59 2.59
2005-11-07 2.67 2.68 2.6 2.6
2005-11-08 2.69 2.7 2.64 2.64
2005-11-11 2.57 2.6 2.5 2.5
2005-11-21 2.73 2.77 2.71 2.71
2005-11-29 2.68 2.69 2.63 2.63
2005-12-06 2.56 2.57 2.5 2.5
2005-12-09 2.59 2.6 2.53 2.53
2005-12-13 2.59 2.59 2.56 2.56
2005-12-16 2.6 2.6 2.57 2.57
2005-12-21 2.64 2.67 2.6 2.6
2005-12-23 2.66 2.67 2.64 2.64
2005-12-29 2.66 2.67 2.61 2.61
2006-01-04 2.65 2.66 2.62 2.62
2006-01-06 2.73 2.74 2.67 2.67
2006-01-12 2.85 2.85 2.71 2.71
2006-01-18 2.82 2.82 2.75 2.75
2006-01-23 2.86 2.86 2.78 2.78
2006-02-10 2.91 2.92 2.87 2.87
2006-02-23 2.8 2.82 2.74 2.74
2006-10-13 3.29 3.32 3.21 3.21
2006-11-24 2.89 2.9 2.79 2.79
2007-01-11 3.35 3.49 3.31 3.31
2007-02-01 3.69 3.72 3.53 3.53
2007-03-20 6.27 6.27 5.71 5.71
2007-04-20 7.65 7.74 7.17 7.17
2007-05-08 8.75 8.93 8.42 8.42
2007-06-05 6.78 6.82 6.38 6.38
2007-07-02 7.11 7.11 6.48 6.48
2007-07-11 6.1 6.18 5.9 5.9
2007-08-20 8.19 8.47 8.03 8.03
2007-08-24 8.97 8.97 8.18 8.18
2007-09-17 9.43 10.3 8.88 8.88
2007-10-15 9.9 9.9 9.08 9.08
2007-10-17 10.24 10.24 9.01 9.01
2007-11-02 8.95 9.19 8.65 8.65
2007-12-14 8.46 8.47 8.03 8.03
2007-12-21 9.07 9.09 8.59 8.59
2007-12-24 9.48 9.88 9.39 9.39
2007-12-26 9.64 9.79 9.5 9.5
2008-01-02 9.54 9.6 9.2 9.2
2008-02-04 9.03 9.03 8.5 8.5
2008-02-25 10.09 10.28 9.8 9.8
2008-04-15 6.96 6.98 6.59 6.59
2008-05-27 7.23 7.33 7.12 7.12
2008-07-09 6.25 6.29 6.01 6.01
2008-08-19 4.81 4.93 4.36 4.36
2008-10-13 3.5 3.53 3.29 3.29
2008-10-17 3.35 3.39 3.22 3.22
2008-11-05 2.79 2.8 2.7 2.7
2008-11-10 3.07 3.1 2.86 2.86
2008-11-12 3.11 3.14 2.94 2.94
2008-11-13 3.25 3.34 3.04 3.04
2008-12-02 3.69 3.74 3.5 3.5
2008-12-08 4.06 4.09 3.92 3.92
2008-12-17 4.15 4.25 3.99 3.99
2009-01-09 3.78 3.79 3.66 3.66
2009-03-02 4.46 4.52 4.19 4.19
2009-04-28 5.99 6.0 5.6 5.6
2009-06-01 8.4 8.5 7.95 7.95
2009-07-06 8.59 8.78 8.48 8.48
2009-07-09 9.38 9.38 8.51 8.51
2009-09-04 7.67 7.77 7.5 7.5
2009-09-11 7.61 7.73 7.38 7.38
2009-09-17 8.12 8.14 7.8 7.8
2009-09-30 6.59 6.76 6.55 6.55
2009-10-09 6.86 6.93 6.66 6.66
2009-11-16 8.39 8.4 7.97 7.97
2009-11-25 8.5 8.5 8.12 8.12
2009-12-02 8.44 8.55 8.25 8.25
2009-12-28 8.09 8.15 7.81 7.81
2010-01-19 9.04 9.14 8.8 8.8
2010-01-29 7.92 8.0 7.79 7.79
2010-02-23 8.29 8.35 8.01 8.01
2010-03-29 8.51 8.62 8.46 8.46
2010-05-24 6.37 6.41 6.15 6.15
2010-06-09 6.13 6.14 5.95 5.95
2010-07-14 5.84 5.87 5.72 5.72
2010-07-22 6.35 6.38 6.12 6.12
2010-07-28 6.33 6.35 6.15 6.15
2010-08-13 6.78 6.83 6.45 6.45
2010-08-26 6.84 6.89 6.73 6.73
2010-09-10 8.44 8.44 7.99 7.99
2010-09-21 8.23 8.23 7.7 7.7
2010-10-20 7.86 7.94 7.45 7.45
2010-11-04 8.12 8.32 8.02 8.02
2010-12-21 8.17 8.21 8.1 8.1
2011-03-31 10.12 10.12 10.12 10.12
2011-04-01 11.13 11.13 11.13 11.13
2011-04-06 12.24 12.24 12.24 12.24
2011-04-07 13.46 13.46 13.46 13.46
2011-04-08 14.81 14.81 14.81 14.81
2011-04-11 16.29 16.29 16.29 16.29
2011-05-24 13.96 14.13 13.55 13.55
2011-07-28 14.46 14.84 13.05 13.05
2011-07-29 14.98 15.19 14.6 14.6
2011-11-04 11.06 11.2 10.84 10.84
2011-11-23 10.82 10.95 10.54 10.54
2012-02-01 6.81 7.0 6.7 6.7
2012-02-06 8.47 8.47 7.92 7.92
2012-03-20 10.03 10.03 10.03 10.03
2012-03-21 9.53 9.53 9.53 9.53
2012-03-22 10.01 10.01 9.05 9.05
2012-03-26 9.97 10.26 9.71 9.71
2012-05-03 10.74 10.74 10.74 10.74
2012-06-15 10.2 10.29 9.95 9.95
2012-07-11 9.04 9.08 8.9 8.9
2012-07-13 9.68 9.7 9.11 9.11
2012-07-17 9.37 9.42 9.2 9.2
2012-07-19 9.48 9.63 9.31 9.31
2012-07-30 8.83 9.0 8.83 8.83
2012-07-31 8.39 8.49 8.39 8.39
2012-08-01 8.24 8.38 7.97 7.97
2012-08-08 8.64 8.77 8.56 8.56
2012-08-10 9.04 9.12 8.65 8.65
2012-08-17 9.84 9.95 9.39 9.39
2012-08-31 9.91 9.93 9.6 9.6
2012-10-19 10.36 10.47 10.24 10.24
2012-10-22 10.65 10.68 10.3 10.3
2012-10-29 10.49 10.55 10.38 10.38
2012-11-05 10.61 10.66 10.38 10.38
2012-11-14 9.93 9.96 9.79 9.79
2012-11-23 10.75 10.75 10.75 10.75
2012-11-26 11.49 11.78 11.0 11.0
2012-12-05 9.22 9.28 8.8 8.8
2012-12-07 9.75 9.75 8.81 8.81
2012-12-20 10.87 10.94 10.44 10.44
2012-12-28 10.82 10.88 10.31 10.31
2012-12-31 11.9 11.9 10.99 10.99
2013-04-19 10.47 10.49 10.12 10.12
2013-05-15 10.18 10.59 9.99 9.99
2013-07-23 8.41 8.63 7.93 7.93
2013-09-11 8.89 9.16 8.77 8.77
2013-09-24 8.6 8.67 8.5 8.5
2013-09-27 8.48 8.49 8.36 8.36
2013-10-30 8.48 8.54 8.33 8.33
2013-12-23 8.37 8.73 8.2 8.2
2014-02-10 7.56 7.63 7.31 7.31
2014-02-12 7.93 8.03 7.69 7.69
2014-03-18 7.19 7.21 7.15 7.15
2014-03-24 7.38 7.43 7.23 7.23
2014-04-01 7.32 7.34 7.2 7.2
2014-06-20 7.26 7.27 7.13 7.13
2014-06-26 7.53 7.61 7.47 7.47
2014-07-01 7.76 7.79 7.56 7.56
2014-07-09 7.88 8.03 7.62 7.62
2014-08-12 8.92 8.98 8.71 8.71
2014-10-24 8.15 8.23 8.11 8.11
2014-10-28 8.36 8.39 8.22 8.22
2014-10-30 8.48 8.62 8.4 8.4
2014-11-18 8.27 8.29 8.18 8.18
2014-12-02 8.58 8.6 8.51 8.51
2015-01-16 8.0 8.06 7.95 7.95
2015-02-13 8.22 8.32 8.09 8.09
2015-02-16 8.33 8.37 8.22 8.22
2015-02-27 8.68 8.81 8.46 8.46
2015-03-05 9.26 9.5 8.92 8.92
2015-12-04 10.7 10.94 10.51 10.51
2015-12-17 10.41 10.58 10.09 10.09
2015-12-22 11.16 11.35 10.56 10.56
2015-12-23 11.42 11.9 10.9 10.9
2016-01-05 10.02 10.37 9.5 9.5
2016-01-13 8.36 8.73 8.26 8.26
2016-01-29 8.27 8.35 7.9 7.9
2016-02-04 8.49 8.68 8.27 8.27
2016-02-17 8.75 8.77 8.62 8.62
2016-02-18 8.88 9.03 8.8 8.8
2016-05-11 8.75 9.28 8.69 8.69
2016-05-18 8.81 9.28 8.72 8.72
2016-05-23 9.88 9.88 8.92 8.92
2016-06-02 10.66 10.8 10.2 10.2
2016-06-06 11.32 11.6 10.9 10.9
2016-06-14 10.34 10.74 10.1 10.1
2016-06-24 9.94 9.94 9.42 9.42
2016-07-20 10.93 11.06 10.65 10.65
2016-08-11 11.29 12.0 11.23 11.23
2016-08-23 12.63 12.94 11.85 11.85
2016-08-24 12.5 12.66 12.32 12.32
2016-09-30 11.26 11.4 11.13 11.13
2016-11-01 11.94 11.97 11.4 11.4
2016-11-03 11.75 11.99 11.49 11.49
2016-11-04 12.08 12.19 11.76 11.76
2016-11-17 12.61 12.76 12.2 12.2
2016-12-05 11.45 11.63 11.26 11.26
2016-12-30 10.74 10.9 10.61 10.61
2017-02-15 10.6 10.71 10.49 10.49
2017-02-28 10.69 10.8 10.63 10.63
2017-03-07 10.93 10.96 10.76 10.76
2017-03-16 11.08 11.18 10.88 10.88
2017-06-29 9.37 9.45 9.31 9.31
2017-08-14 9.27 9.3 9.14 9.14
2017-08-30 9.31 9.35 9.15 9.15
2017-09-08 9.5 9.56 9.28 9.28
