1993-12-21 4.28 4.35 4.1 4.1
1994-04-14 2.55 2.62 2.52 2.52
1994-04-15 2.58 2.59 2.56 2.56
1994-04-21 2.44 2.45 2.4 2.4
1994-05-06 2.44 2.51 2.41 2.41
1994-05-12 2.4 2.4 2.37 2.37
1994-05-16 2.4 2.42 2.37 2.37
1994-05-19 2.4 2.41 2.37 2.37
1994-05-20 2.43 2.45 2.4 2.4
1994-06-22 1.88 1.91 1.86 1.86
1994-07-12 1.53 1.56 1.5 1.5
1994-07-13 1.55 1.57 1.53 1.53
1994-07-20 1.45 1.47 1.45 1.45
1994-08-16 3.03 3.15 2.95 2.95
1994-11-02 1.92 1.92 1.89 1.89
1994-11-07 1.89 1.91 1.85 1.85
1994-11-25 1.89 1.92 1.88 1.88
1994-11-29 1.88 1.89 1.87 1.87
1994-11-30 1.88 1.9 1.88 1.88
1994-12-15 1.9 1.93 1.79 1.79
1994-12-20 1.84 1.85 1.81 1.81
1995-02-09 1.7 1.71 1.65 1.65
1995-02-13 1.67 1.69 1.66 1.66
1995-03-22 1.77 1.77 1.71 1.71
1995-04-06 1.96 1.96 1.8 1.8
1995-04-07 2.21 2.21 1.98 1.98
1995-05-09 1.74 1.75 1.72 1.72
1995-05-12 1.74 1.8 1.7 1.7
1996-01-26 2.36 2.39 2.31 2.31
1996-02-15 2.47 2.48 2.41 2.41
1996-03-07 2.57 2.58 2.53 2.53
1996-03-14 2.54 2.57 2.54 2.54
1996-03-18 2.6 2.62 2.52 2.52
1996-04-04 2.57 2.59 2.56 2.56
1996-04-05 2.65 2.66 2.58 2.58
1996-04-24 2.96 2.97 2.84 2.84
1996-04-26 3.14 3.25 2.9 2.9
1996-05-06 3.6 3.69 3.03 3.03
1996-10-14 6.48 6.56 6.01 6.01
1996-10-16 6.58 6.76 6.41 6.41
1996-10-21 7.66 7.68 7.2 7.2
1996-12-17 6.0 6.39 6.0 6.0
1997-01-13 6.08 6.09 6.0 6.0
1997-02-19 6.06 6.06 5.78 5.78
1997-02-20 6.07 6.21 5.45 5.45
1997-04-21 6.7 6.8 6.6 6.6
1998-01-14 4.03 4.1 3.96 3.96
1998-02-24 4.08 4.16 4.05 4.05
1998-03-03 4.22 4.28 4.12 4.12
1998-06-24 3.74 3.8 3.68 3.68
1998-07-29 3.57 3.67 3.53 3.53
1998-07-30 3.74 3.81 3.6 3.6
1998-08-19 3.0 3.01 2.9 2.9
1998-08-26 3.04 3.08 3.03 3.03
1998-09-23 3.23 3.26 3.12 3.12
1998-10-20 3.23 3.27 3.2 3.2
1998-10-28 3.11 3.15 3.1 3.1
1998-11-18 3.07 3.1 3.06 3.06
1998-11-24 3.05 3.06 3.03 3.03
1998-11-27 3.01 3.05 3.0 3.0
1998-12-25 2.97 3.08 2.91 2.91
1999-01-08 2.89 2.9 2.85 2.85
1999-03-03 2.9 2.95 2.85 2.85
1999-03-30 2.92 2.97 2.92 2.92
1999-05-26 3.1 3.16 3.01 3.01
1999-06-14 3.81 3.81 3.5 3.5
1999-06-17 4.4 4.61 4.12 4.12
1999-12-01 3.63 3.65 3.57 3.57
1999-12-06 3.59 3.64 3.58 3.58
1999-12-14 3.66 3.7 3.51 3.51
2000-03-16 3.91 4.02 3.8 3.8
2000-04-07 4.2 4.31 4.04 4.04
2000-04-12 4.48 4.49 4.15 4.15
2000-05-16 4.06 4.09 4.0 4.0
2000-05-18 4.19 4.19 4.02 4.02
2000-06-26 5.04 5.08 4.9 4.9
2000-09-26 4.81 4.84 4.74 4.74
2000-09-29 4.86 4.89 4.79 4.79
2000-10-10 4.91 4.95 4.8 4.8
2000-11-16 5.13 5.16 5.06 5.06
2000-11-17 5.22 5.24 5.13 5.13
2001-03-22 5.2 5.28 5.15 5.15
2001-03-26 5.14 5.15 5.08 5.08
2001-05-14 5.17 5.18 5.06 5.06
2001-06-14 5.05 5.15 5.02 5.02
2001-07-12 5.19 5.24 5.11 5.11
2001-08-01 4.75 4.75 4.31 4.31
2001-09-18 4.05 4.12 4.02 4.02
2001-11-06 3.89 3.94 3.84 3.84
2001-12-28 3.62 3.65 3.6 3.6
2002-03-08 3.55 3.6 3.38 3.38
2002-03-28 3.43 3.45 3.41 3.41
2002-04-09 3.45 3.5 3.41 3.41
2002-08-20 4.01 4.02 3.88 3.88
2002-08-28 3.99 4.02 3.97 3.97
2002-10-16 3.44 3.52 3.42 3.42
2003-01-14 3.59 3.59 3.24 3.24
2003-01-22 3.55 3.65 3.48 3.48
2003-07-16 4.51 4.51 4.45 4.45
2003-07-17 4.55 4.57 4.5 4.5
2004-02-16 6.37 6.4 6.15 6.15
2004-03-01 6.8 6.95 6.68 6.68
2004-03-09 7.13 7.38 6.85 6.85
2004-03-15 8.03 8.04 7.48 7.48
2004-04-30 6.98 7.02 6.76 6.76
2004-06-01 6.09 6.11 6.01 6.01
2004-08-16 5.58 5.63 5.48 5.48
2004-09-20 5.81 5.82 5.56 5.56
2005-01-04 4.6 4.79 4.52 4.52
2005-02-02 4.62 4.63 4.26 4.26
2005-07-25 3.49 3.55 3.44 3.44
2005-07-26 3.63 3.68 3.5 3.5
2005-10-11 3.56 3.57 3.49 3.49
2005-11-15 3.5 3.56 3.42 3.42
2005-11-16 3.55 3.55 3.49 3.49
2005-11-21 3.71 3.77 3.64 3.64
2005-11-24 3.64 3.66 3.6 3.6
2005-12-02 3.67 3.7 3.61 3.61
2005-12-29 4.18 4.19 3.95 3.95
2006-01-06 4.23 4.37 4.13 4.13
2006-01-19 4.48 4.58 4.46 4.46
2006-06-23 5.81 5.96 5.7 5.7
2006-09-08 5.85 5.97 5.83 5.83
2007-03-02 7.84 7.92 7.73 7.73
2007-03-07 8.27 8.28 8.0 8.0
2007-03-22 9.33 9.33 9.33 9.33
2007-05-31 13.93 14.54 13.81 13.81
2007-06-05 12.55 12.59 12.07 12.07
2007-06-07 12.83 12.83 12.35 12.35
2007-06-13 14.2 14.2 13.65 13.65
2007-09-06 16.68 16.68 16.02 16.02
2007-10-31 19.2 19.83 19.1 19.1
2007-11-19 15.93 15.95 15.26 15.26
2007-11-20 16.58 16.73 15.82 15.82
2007-12-28 16.82 16.82 16.82 16.82
2008-01-18 15.15 15.45 14.89 14.89
2008-01-22 13.67 13.96 13.67 13.67
2008-06-11 8.15 8.23 8.15 8.15
2008-06-13 7.74 7.89 7.74 7.74
2008-07-18 6.46 6.47 6.18 6.18
2008-07-28 6.77 6.82 6.65 6.65
2008-12-12 5.44 5.44 5.2 5.2
2009-03-16 6.13 6.16 6.03 6.03
2009-04-08 6.75 7.0 6.71 6.71
2009-08-05 10.9 10.91 10.52 10.52
2009-08-26 10.97 10.97 10.47 10.47
2009-11-30 11.05 11.07 10.72 10.72
2010-02-25 9.97 10.0 9.81 9.81
2010-07-14 7.83 7.98 7.71 7.71
2010-11-08 8.96 8.97 8.75 8.75
2012-09-12 5.58 5.74 5.49 5.49
2012-09-27 5.24 5.28 5.15 5.15
2012-09-28 5.3 5.3 5.21 5.21
2012-10-09 5.45 5.47 5.35 5.35
2012-10-17 5.35 5.37 5.31 5.31
2012-10-19 5.44 5.48 5.41 5.41
2012-12-14 4.99 5.01 4.86 4.86
2012-12-24 5.1 5.13 5.07 5.07
2012-12-31 5.29 5.3 5.19 5.19
2013-02-20 5.89 6.08 5.75 5.75
2013-02-27 5.78 5.78 5.5 5.5
2013-03-05 6.42 6.42 6.12 6.12
2013-06-24 7.09 7.09 7.09 7.09
2014-05-08 2.93 2.99 2.91 2.91
2014-05-13 3.12 3.24 3.01 3.01
2014-05-20 3.02 3.08 3.0 3.0
2015-07-07 7.17 7.5 7.16 7.16
2015-07-08 6.45 6.45 6.45 6.45
2015-07-09 7.1 7.1 5.81 5.81
2015-07-17 7.19 7.3 6.78 6.78
2015-09-21 7.08 7.19 6.73 6.73
2016-03-17 6.57 6.7 6.48 6.48
2016-06-08 6.19 6.25 6.15 6.15
2016-06-17 5.76 5.81 5.73 5.73
2016-09-29 5.92 5.99 5.81 5.81
