1993-05-11 30.55 30.88 29.0 29.0
1993-05-18 29.15 29.84 28.0 28.0
1993-07-15 14.85 15.0 14.5 14.5
1993-08-04 15.0 15.3 14.05 14.05
1993-08-24 15.3 15.45 14.7 14.7
1993-08-26 15.51 15.75 15.43 15.43
1993-08-27 15.15 15.61 14.7 14.7
1993-09-08 15.6 15.98 15.2 15.2
1993-09-15 15.3 15.5 15.15 15.15
1993-09-17 15.28 15.4 15.17 15.17
1993-09-27 15.3 15.8 15.1 15.1
1993-09-30 15.4 15.6 15.0 15.0
1993-10-18 14.8 15.05 14.54 14.54
1993-10-19 14.95 15.6 14.7 14.7
1993-10-20 14.9 15.17 14.9 14.9
1993-10-25 14.18 14.4 13.51 13.51
1993-11-01 15.25 16.0 14.43 14.43
1993-11-12 15.75 15.97 15.35 15.35
1993-11-15 16.5 16.8 15.91 15.91
1993-11-22 18.45 18.5 18.0 18.0
1993-11-26 18.45 22.45 17.35 17.35
1994-01-31 17.66 17.8 17.4 17.4
1994-02-02 17.7 17.7 17.1 17.1
1994-02-15 17.58 17.61 17.0 17.0
1994-02-16 17.8 17.89 17.5 17.5
1994-03-30 15.92 16.4 15.68 15.68
1994-04-07 16.0 16.15 15.75 15.75
1994-04-12 16.1 16.3 16.0 16.0
1994-05-12 15.17 15.3 15.06 15.06
1994-05-18 15.03 15.2 15.0 15.0
1994-05-19 15.0 15.0 14.72 14.72
1994-05-24 14.88 14.95 14.7 14.7
1994-05-26 14.75 14.88 14.72 14.72
1994-06-01 14.15 14.3 14.11 14.11
1994-06-03 14.03 14.25 14.02 14.02
1994-06-07 13.53 13.7 13.51 13.51
1994-06-08 13.79 13.84 13.23 13.23
1994-06-09 13.56 13.8 13.51 13.51
1994-06-10 13.56 13.8 13.51 13.51
1994-06-13 13.85 14.07 13.6 13.6
1994-06-16 14.38 14.4 14.2 14.2
1994-06-22 15.56 15.68 15.35 15.35
1994-06-23 15.64 15.74 15.5 15.5
1994-07-12 4.49 4.5 4.34 4.34
1994-07-13 4.8 4.83 4.5 4.5
1994-10-27 11.02 11.03 10.68 10.68
1994-11-03 11.38 11.5 10.55 10.55
1994-11-07 10.78 10.96 10.01 10.01
1994-11-29 11.16 11.16 10.66 10.66
1995-01-27 8.43 8.45 8.31 8.31
1995-02-08 7.85 8.07 7.8 7.8
1995-02-22 8.7 8.88 7.8 7.8
1995-03-27 9.33 9.37 9.08 9.08
1995-03-28 9.12 9.23 9.01 9.01
1995-04-07 9.38 9.49 9.25 9.25
1995-04-25 8.41 8.6 8.2 8.2
1995-05-09 7.96 7.99 7.8 7.8
1995-05-11 7.98 8.16 7.8 7.8
1995-05-12 8.15 8.38 8.05 8.05
1995-05-19 12.99 13.22 11.0 11.0
1995-06-13 9.89 9.95 9.8 9.8
1995-06-16 9.15 9.3 8.95 8.95
1995-06-23 9.05 9.2 8.91 8.91
1995-07-03 8.38 8.6 8.32 8.32
1995-07-26 9.76 10.28 9.4 9.4
1995-07-27 9.75 9.85 9.59 9.59
1995-08-17 9.89 10.09 9.75 9.75
1995-09-04 9.18 9.42 8.95 8.95
1995-10-05 8.51 8.64 8.4 8.4
1995-10-13 8.2 8.4 8.06 8.06
1995-11-01 8.5 8.55 8.3 8.3
1995-11-03 8.48 8.55 8.3 8.3
1995-11-23 8.1 8.16 8.06 8.06
1995-11-28 8.16 8.2 8.05 8.05
1995-12-05 8.12 8.15 8.03 8.03
1995-12-06 8.03 8.08 8.01 8.01
1996-01-26 6.65 6.7 6.6 6.6
1996-01-29 6.7 6.7 6.65 6.65
1996-01-31 6.66 6.68 6.65 6.65
1996-02-01 6.64 6.64 6.61 6.61
1996-04-03 7.25 7.25 7.1 7.1
1996-04-24 8.48 8.48 8.02 8.02
1996-04-26 8.65 9.0 8.08 8.08
1996-05-31 7.15 7.3 7.05 7.05
1996-06-18 7.3 7.34 7.0 7.0
1996-07-16 6.62 6.69 6.1 6.1
1996-08-01 7.9 8.18 7.18 7.18
1996-09-04 6.3 6.44 6.3 6.3
1996-09-23 6.76 6.78 6.4 6.4
1996-09-24 6.82 7.17 6.8 6.8
1996-12-02 8.26 8.35 7.52 7.52
1996-12-17 6.63 7.0 6.63 6.63
1996-12-18 7.29 7.29 6.4 6.4
1996-12-23 6.6 6.77 6.53 6.53
1997-02-20 7.96 8.2 7.07 7.07
1997-03-05 9.88 10.31 9.28 9.28
1997-03-06 10.18 10.85 9.95 9.95
1997-03-10 10.08 10.29 9.7 9.7
1997-03-27 13.96 14.15 13.1 13.1
1997-04-03 14.0 14.22 13.58 13.58
1997-04-21 13.99 14.5 13.9 13.9
1997-04-22 15.05 15.39 14.05 14.05
1997-06-13 12.25 12.25 11.1 11.1
1997-06-19 12.4 12.8 12.3 12.3
1997-08-27 9.1 9.2 9.0 9.0
1997-09-15 9.34 9.62 9.3 9.3
1997-09-18 9.4 9.59 9.3 9.3
1997-10-10 9.0 9.1 8.9 8.9
1997-10-15 8.94 9.0 8.78 8.78
1997-11-14 8.79 8.99 8.42 8.42
1998-01-06 8.89 9.12 8.78 8.78
1998-01-07 9.05 9.27 8.84 8.84
1998-02-18 11.26 11.45 10.5 10.5
1998-02-20 11.14 11.2 11.1 11.1
1998-04-30 11.17 11.17 10.11 10.11
1998-05-07 11.85 11.85 11.29 11.29
1998-05-14 12.84 13.23 12.61 12.61
1998-05-22 12.77 12.85 12.6 12.6
1998-05-27 12.41 12.6 12.3 12.3
1998-06-17 15.28 15.49 14.5 14.5
1998-06-25 15.0 15.3 14.29 14.29
1998-07-01 15.54 15.54 14.4 14.4
1998-07-03 16.8 16.8 15.8 15.8
1998-07-08 17.88 17.88 16.95 16.95
1998-07-09 18.77 18.77 17.88 17.88
1998-10-08 23.99 24.35 23.6 23.6
1998-10-16 23.4 23.62 23.22 23.22
1998-11-02 23.4 23.5 23.15 23.15
1998-11-09 24.2 24.8 24.15 24.15
1998-11-24 23.76 23.97 23.4 23.4
1998-11-30 23.66 23.88 23.18 23.18
1998-12-02 25.21 25.25 24.1 24.1
1998-12-07 25.7 25.85 25.1 25.1
1999-04-19 16.1 16.6 16.1 16.1
1999-04-20 16.2 16.65 15.5 15.5
1999-04-27 14.96 14.96 14.96 14.96
1999-04-28 14.5 14.84 14.21 14.21
1999-06-23 17.83 17.83 17.83 17.83
1999-06-24 18.72 18.72 18.68 18.68
1999-06-25 19.66 19.66 19.66 19.66
1999-07-01 18.63 18.85 18.63 18.63
1999-07-02 17.7 17.7 17.7 17.7
1999-07-07 16.78 16.78 15.5 15.5
1999-07-27 15.95 16.0 15.55 15.55
1999-07-28 16.2 16.72 16.0 16.0
1999-08-04 16.26 16.4 16.11 16.11
1999-08-05 16.0 16.5 15.99 15.99
1999-08-25 14.39 14.94 14.39 14.39
1999-09-09 13.79 13.84 13.4 13.4
1999-09-14 13.96 13.98 13.6 13.6
1999-11-01 14.07 14.07 13.43 13.43
1999-12-07 14.68 14.82 14.28 14.28
1999-12-10 14.95 15.27 14.53 14.53
2000-01-07 13.51 13.6 13.35 13.35
2000-01-26 12.03 12.03 11.7 11.7
2000-02-22 11.9 11.9 11.32 11.32
2000-02-23 12.5 12.5 12.5 12.5
2000-07-03 13.52 13.78 13.28 13.28
2000-07-31 16.15 16.15 16.15 16.15
2000-09-07 17.15 17.15 16.35 16.35
2000-09-08 17.48 17.9 17.18 17.18
2000-09-15 17.65 17.9 17.47 17.47
2000-09-22 17.7 17.94 17.32 17.32
2000-09-25 17.73 17.96 17.4 17.4
2000-09-26 17.98 18.2 17.7 17.7
2000-11-17 18.33 18.64 18.21 18.21
2000-12-01 19.43 19.43 18.5 18.5
2000-12-29 19.2 19.39 19.05 19.05
2001-01-02 19.35 19.77 19.2 19.2
2001-01-03 19.4 19.69 19.35 19.35
2001-02-15 16.45 16.6 16.25 16.25
2001-02-19 16.6 16.7 16.08 16.08
2001-02-26 15.28 15.28 14.8 14.8
2001-02-27 14.61 14.98 14.52 14.52
2001-03-26 16.29 16.29 15.98 15.98
2001-04-06 17.54 17.54 17.5 17.5
2001-04-09 18.42 18.42 18.42 18.42
2001-05-11 20.5 20.55 20.0 20.0
2001-05-29 20.14 20.4 20.0 20.0
2001-05-31 21.29 21.29 20.3 20.3
2001-07-03 20.58 20.69 20.4 20.4
2001-08-03 17.89 17.89 17.04 17.04
2001-09-21 16.49 16.49 15.82 15.82
2001-10-23 14.94 14.94 14.9 14.9
2001-10-24 15.69 15.69 15.69 15.69
2001-10-29 15.65 15.93 15.5 15.5
2001-11-06 15.4 15.7 15.21 15.21
2001-11-08 14.89 14.9 14.22 14.22
2001-12-26 14.73 14.85 14.5 14.5
2005-06-13 9.88 10.3 9.33 9.33
2005-06-24 9.26 9.27 9.01 9.01
2005-06-29 9.29 9.3 9.1 9.1
2005-07-05 9.19 9.19 8.35 8.35
2005-07-11 9.11 9.5 8.4 8.4
2005-07-14 9.15 9.3 8.74 8.74
2005-08-01 9.43 9.65 9.27 9.27
2005-08-03 9.57 9.68 9.25 9.25
2005-09-14 10.25 10.31 10.0 10.0
2005-09-16 10.5 10.85 10.27 10.27
2005-09-26 10.2 10.29 10.01 10.01
2005-10-11 9.85 9.85 9.2 9.2
2005-10-13 9.92 9.98 9.55 9.55
2005-10-14 9.79 9.85 9.61 9.61
2005-11-17 8.93 9.65 8.69 8.69
2006-01-06 8.52 8.59 8.36 8.36
2006-01-11 9.02 9.19 8.73 8.73
2006-10-11 8.41 8.96 8.25 8.25
2006-10-17 8.05 8.17 7.97 7.97
2006-10-24 7.88 7.89 7.71 7.71
2006-11-03 8.15 8.33 8.12 8.12
2006-11-20 7.56 7.7 7.5 7.5
2006-11-22 7.65 7.9 7.44 7.44
2006-11-28 7.87 8.2 7.86 7.86
2006-11-29 8.18 8.26 7.88 7.88
2006-12-13 7.88 7.98 7.79 7.79
2007-01-11 9.52 10.1 9.1 9.1
2007-06-11 13.39 13.57 12.83 12.83
2007-06-13 13.85 13.93 13.18 13.18
2007-06-18 17.09 17.09 15.53 15.53
2007-06-22 17.0 18.45 16.34 16.34
2007-06-29 15.0 15.2 13.6 13.6
2007-07-02 15.8 15.98 14.56 14.56
2007-07-10 16.67 16.85 16.02 16.02
2007-08-28 19.53 19.53 18.0 18.0
2007-12-19 16.12 16.2 15.41 15.41
2008-02-21 17.5 17.76 17.27 17.27
2008-02-27 16.56 16.75 16.15 16.15
2008-02-29 16.8 16.88 16.48 16.48
2008-05-09 11.9 11.97 11.51 11.51
2008-05-13 11.79 11.96 11.5 11.5
2008-05-14 12.14 12.19 11.79 11.79
2008-06-02 11.0 11.05 10.7 10.7
2008-09-02 8.52 8.59 8.31 8.31
2008-10-13 7.17 7.18 6.81 6.81
2008-12-02 7.34 7.35 6.9 6.9
2009-03-10 10.49 10.54 10.06 10.06
2009-03-12 10.33 10.51 9.96 9.96
2009-04-28 13.19 13.19 11.82 11.82
2009-06-23 16.09 16.35 15.89 15.89
2009-10-09 13.89 13.92 13.45 13.45
2009-11-30 17.98 18.13 17.3 17.3
2009-12-07 18.87 19.08 18.3 18.3
2009-12-22 17.66 18.29 17.44 17.44
2009-12-24 18.36 18.55 17.8 17.8
2010-01-04 19.2 19.94 19.14 19.14
2010-01-11 18.47 18.63 18.15 18.15
2010-03-26 21.54 21.67 21.1 21.1
2010-05-24 21.19 21.26 20.69 20.69
2010-05-26 20.94 21.16 20.6 20.6
2010-06-03 21.27 22.45 20.86 20.86
2010-06-07 20.88 21.08 20.57 20.57
2010-06-08 21.39 21.85 20.75 20.75
2010-07-14 11.02 11.3 10.72 10.72
2010-08-30 11.86 11.9 11.74 11.74
2010-09-06 12.31 12.33 12.07 12.07
2011-01-26 12.29 12.38 12.0 12.0
2011-02-01 13.77 13.77 12.95 12.95
2011-03-21 13.66 13.84 13.6 13.6
2011-05-31 11.42 11.48 11.25 11.25
2011-06-02 11.72 11.95 11.39 11.39
2011-06-03 11.98 12.11 11.6 11.6
2011-07-18 13.5 13.65 13.37 13.37
2012-01-06 8.0 8.04 7.76 7.76
2012-02-22 9.43 9.49 9.26 9.26
2012-03-01 9.49 9.51 9.29 9.29
2012-03-02 9.63 9.65 9.45 9.45
2012-03-08 9.53 9.56 9.32 9.32
2012-03-16 9.43 9.44 9.16 9.16
2012-04-20 10.73 11.28 10.12 10.12
2012-06-29 9.4 9.42 9.08 9.08
2012-07-06 9.92 10.32 9.38 9.38
2012-08-06 9.18 9.2 8.9 8.9
2012-08-21 9.02 9.05 8.84 8.84
2012-08-23 9.16 9.23 8.98 8.98
2012-09-14 10.6 10.84 9.95 9.95
2013-01-18 11.39 11.43 11.08 11.08
2013-01-21 12.25 12.53 11.53 11.53
2013-03-19 10.65 10.78 10.42 10.42
2013-04-12 10.68 10.88 10.43 10.43
2013-07-15 11.59 11.8 11.31 11.31
2013-07-16 11.6 11.6 11.2 11.2
2013-07-17 12.19 12.5 11.5 11.5
2013-07-23 12.18 12.29 12.03 12.03
2013-12-10 10.9 10.91 10.49 10.49
2013-12-18 10.69 10.78 10.61 10.61
2014-05-05 11.4 11.61 11.07 11.07
2014-05-08 11.4 11.5 11.23 11.23
2014-10-13 15.27 15.27 15.27 15.27
2014-10-14 16.8 16.8 16.8 16.8
2014-10-15 18.48 18.48 18.48 18.48
2014-10-20 16.7 16.96 16.22 16.22
2014-10-28 16.4 16.55 15.89 15.89
2015-04-03 28.92 28.92 26.56 26.56
2015-04-17 27.09 27.4 26.46 26.46
2015-04-21 27.13 27.27 25.7 25.7
2015-04-28 30.9 30.9 27.95 27.95
2015-08-10 24.68 24.68 23.05 23.05
2015-11-05 22.94 23.45 22.53 22.53
2015-11-06 23.54 23.71 22.76 22.76
2015-12-07 27.08 27.59 26.27 26.27
2015-12-30 32.84 32.96 31.1 31.1
2016-01-19 21.81 21.96 20.59 20.59
2016-02-02 21.13 21.18 19.9 19.9
2016-02-04 22.05 22.5 21.71 21.71
2016-03-07 20.53 20.79 19.93 19.93
2016-03-09 20.51 20.86 20.08 20.08
2016-04-14 27.73 28.0 26.52 26.52
2016-06-02 23.92 24.23 23.48 23.48
2016-11-09 34.8 34.8 34.8 34.8
2016-11-10 38.28 38.28 38.28 38.28
2016-11-11 42.11 42.11 42.11 42.11
2016-12-01 45.1 45.44 43.55 43.55
2016-12-20 45.14 45.5 43.0 43.0
2017-01-12 38.56 38.56 38.56 38.56
2017-01-13 34.7 34.7 34.7 34.7
2017-01-16 31.23 31.23 31.23 31.23
2017-01-23 30.65 31.25 30.45 30.45
2017-01-25 30.8 30.87 29.6 29.6
2017-04-07 31.95 32.25 30.65 30.65
2017-04-13 29.85 30.47 29.5 29.5
2017-05-05 26.26 26.92 26.25 26.25
2017-06-19 24.79 24.98 24.41 24.41
2017-08-10 23.03 23.5 22.52 22.52
2017-09-04 23.41 23.59 23.0 23.0
