1999-05-18 5.72 5.92 5.6 5.6
1999-06-16 8.34 8.34 7.81 7.81
1999-07-21 8.38 8.5 8.2 8.2
1999-07-23 8.33 8.5 8.21 8.21
1999-07-26 8.52 8.65 8.35 8.35
1999-10-12 8.48 8.5 8.36 8.36
1999-10-27 8.34 8.47 8.03 8.03
1999-11-23 8.21 8.28 8.06 8.06
2000-03-27 8.98 9.09 8.45 8.45
2000-09-26 9.96 10.12 9.9 9.9
2000-09-27 10.12 10.16 10.0 10.0
2000-09-29 10.0 10.05 9.92 9.92
2000-12-26 10.36 10.5 10.28 10.28
2001-01-02 10.77 10.79 10.58 10.58
2001-02-09 11.42 11.45 11.15 11.15
2001-05-30 12.53 12.6 12.4 12.4
2001-06-05 12.8 12.8 12.53 12.53
2001-06-22 12.23 12.25 12.05 12.05
2001-08-29 10.5 10.65 10.48 10.48
2001-09-04 10.71 10.77 10.45 10.45
2001-09-21 10.76 10.92 10.75 10.75
2001-11-05 9.97 10.04 9.86 9.86
2001-11-22 10.3 10.55 10.22 10.22
2001-11-30 10.37 10.37 10.2 10.2
2002-06-20 8.18 8.23 8.1 8.1
2002-08-08 9.34 9.45 9.33 9.33
2002-08-14 9.37 9.38 9.24 9.24
2002-08-20 9.61 9.64 9.41 9.41
2003-03-14 7.04 7.09 7.0 7.0
2003-03-18 7.0 7.09 7.0 7.0
2003-03-20 7.07 7.09 7.0 7.0
2003-06-02 7.2 7.25 6.97 6.97
2003-07-23 6.6 6.61 6.52 6.52
2003-07-29 6.4 6.45 6.36 6.36
2003-07-31 6.41 6.44 6.36 6.36
2003-08-04 6.55 6.56 6.36 6.36
2003-11-17 5.94 5.94 5.81 5.81
2003-11-24 6.13 6.15 5.97 5.97
2003-12-23 6.2 6.24 6.11 6.11
2004-08-23 5.36 5.39 5.34 5.34
2004-08-24 5.45 5.5 5.35 5.35
2004-08-25 5.46 5.56 5.42 5.42
2004-08-30 5.42 5.43 5.3 5.3
2004-09-15 5.79 5.9 5.5 5.5
2004-09-20 6.13 6.16 5.93 5.93
2004-12-29 5.49 5.62 5.46 5.46
2005-03-02 5.41 5.48 5.36 5.36
2005-03-25 5.08 5.09 5.03 5.03
2005-03-29 4.97 5.03 4.95 4.95
2005-04-13 5.02 5.05 4.9 4.9
2005-06-29 4.66 4.71 4.65 4.65
2005-08-26 4.64 4.65 4.54 4.54
2005-10-11 4.74 4.74 4.65 4.65
2005-11-04 4.6 4.62 4.51 4.51
2005-11-23 4.36 4.4 4.28 4.28
2005-11-30 4.3 4.34 4.27 4.27
2005-12-06 4.16 4.19 4.11 4.11
2005-12-09 4.25 4.26 4.17 4.17
2005-12-22 4.44 4.45 4.34 4.34
2006-01-18 5.03 5.07 4.87 4.87
2006-02-06 5.21 5.23 5.01 5.01
2006-02-20 5.45 5.54 5.17 5.17
2006-12-29 10.1 10.6 9.77 9.77
2007-01-18 10.8 11.0 10.2 10.2
2007-01-19 11.57 11.65 10.83 10.83
2007-01-29 15.5 15.76 14.65 14.65
2007-04-26 16.44 16.8 15.97 15.97
2007-05-31 25.5 25.83 21.13 21.13
2007-11-21 17.96 18.29 17.85 17.85
2007-11-23 17.91 17.98 16.9 16.9
2007-12-26 20.39 20.48 20.0 20.0
2008-10-20 7.44 7.53 7.23 7.23
2008-12-15 7.87 7.87 7.5 7.5
2009-10-13 9.85 9.9 9.7 9.7
2009-11-06 11.82 11.98 11.62 11.62
2009-11-13 11.93 12.14 11.72 11.72
2009-11-18 12.86 12.95 12.58 12.58
2010-02-25 11.31 11.34 11.17 11.17
2010-03-31 11.78 11.87 11.61 11.61
2010-08-30 12.2 12.25 12.0 12.0
2011-04-21 11.28 11.28 10.89 10.89
2011-07-20 9.38 9.41 9.1 9.1
2011-07-28 9.5 9.56 9.37 9.37
2011-12-29 8.97 9.0 8.81 8.81
2012-01-06 8.81 8.84 8.69 8.69
2012-01-09 9.07 9.07 8.76 8.76
2012-03-07 10.09 10.19 10.03 10.03
2012-03-08 10.25 10.29 10.1 10.1
2012-03-13 10.29 10.3 10.24 10.24
2012-03-19 10.72 10.99 10.08 10.08
2012-03-21 10.6 10.78 10.43 10.43
2012-03-26 10.53 10.67 10.37 10.37
2012-03-29 10.3 10.33 10.0 10.0
2012-04-06 10.56 10.62 10.42 10.42
2012-08-23 10.12 10.2 10.06 10.06
2012-08-28 9.92 9.99 9.76 9.76
2012-09-11 10.31 10.35 10.18 10.18
2012-09-28 10.49 10.55 9.93 9.93
2012-11-30 10.19 10.19 9.92 9.92
2012-12-05 10.26 10.28 10.0 10.0
2012-12-06 10.26 10.3 10.16 10.16
2012-12-14 10.54 10.55 10.16 10.16
2013-01-21 11.89 11.95 11.56 11.56
2013-03-15 11.45 11.62 11.4 11.4
2013-03-19 11.38 11.39 11.18 11.18
2013-05-06 10.74 10.81 10.69 10.69
2013-05-08 10.84 10.87 10.73 10.73
2013-05-15 10.6 10.65 10.44 10.44
2013-07-11 9.43 9.56 9.18 9.18
2013-07-23 9.39 9.44 9.23 9.23
2013-08-12 10.27 10.27 9.62 9.62
2013-09-04 11.56 11.56 10.52 10.52
2014-01-07 10.08 10.16 9.98 9.98
2014-07-28 10.49 10.87 10.27 10.27
2014-08-04 10.5 10.58 10.29 10.29
2014-10-13 11.74 11.75 11.32 11.32
2015-07-09 11.86 11.86 10.67 10.67
2015-08-04 14.21 14.26 12.95 12.95
2015-08-06 13.87 14.15 13.6 13.6
2016-02-15 14.06 14.23 13.66 13.66
2016-02-16 14.49 14.6 14.05 14.05
2016-04-08 15.34 15.43 15.08 15.08
2016-04-11 15.82 15.9 15.29 15.29
2016-05-31 17.86 17.92 17.18 17.18
2016-06-01 17.82 17.97 17.75 17.75
2016-08-15 23.74 23.96 22.15 22.15
2017-01-03 17.43 17.47 17.29 17.29
2017-05-25 20.7 20.78 20.35 20.35
