1996-11-18 13.57 13.93 13.11 13.11
1996-12-02 16.13 16.35 15.3 15.3
1996-12-04 17.25 17.6 15.5 15.5
1996-12-11 18.95 19.8 18.6 18.6
1996-12-16 14.94 14.94 14.94 14.94
1996-12-17 13.45 14.9 13.45 13.45
1997-01-02 14.65 14.78 14.36 14.36
1997-01-07 13.76 13.92 13.5 13.5
1997-01-10 14.54 14.6 14.0 14.0
1997-01-22 14.68 14.8 14.2 14.2
1997-01-23 14.99 15.34 14.72 14.72
1997-02-20 13.77 13.9 12.65 12.65
1997-02-25 14.34 14.44 14.15 14.15
1997-03-17 17.55 17.97 17.2 17.2
1997-03-21 17.9 18.0 17.01 17.01
1997-03-26 18.36 18.45 17.5 17.5
1997-03-27 19.27 19.78 18.6 18.6
1997-04-03 18.88 18.88 18.45 18.45
1997-04-09 20.15 20.15 18.4 18.4
1997-04-14 18.9 18.9 18.9 18.9
1997-04-15 18.08 18.29 17.1 17.1
1997-04-18 17.78 17.8 17.4 17.4
1997-04-25 18.22 18.6 17.8 17.8
1997-05-05 18.78 18.97 18.43 18.43
1997-05-20 17.95 18.2 17.32 17.32
1997-05-22 15.84 16.84 15.84 15.84
1997-06-02 16.37 16.4 15.81 15.81
1997-06-13 15.5 15.5 14.08 14.08
1997-06-16 16.5 17.0 15.7 15.7
1997-06-20 16.4 16.58 15.75 15.75
1997-07-10 13.68 13.99 13.51 13.51
1997-07-14 14.8 15.28 14.5 14.5
1997-07-17 11.04 11.34 10.9 10.9
1997-07-30 11.35 11.42 11.2 11.2
1997-08-04 11.68 11.7 11.2 11.2
1997-08-26 11.02 11.22 11.0 11.0
1997-09-18 11.18 11.38 11.12 11.12
1997-09-30 10.38 10.38 10.0 10.0
1997-11-03 10.38 10.88 10.29 10.29
1997-12-09 10.57 10.7 10.16 10.16
1998-01-14 10.57 10.65 10.0 10.0
1998-01-16 10.5 10.69 10.5 10.5
1998-03-20 10.0 10.1 10.0 10.0
1998-03-24 10.29 10.33 10.0 10.0
1998-04-01 10.2 10.26 9.9 9.9
1998-04-08 11.14 11.15 10.43 10.43
1998-04-22 10.68 10.78 10.5 10.5
1998-04-28 10.98 11.0 10.6 10.6
1998-04-29 11.25 11.52 11.15 11.15
1998-05-08 11.23 11.25 10.9 10.9
1998-05-18 11.92 12.0 11.41 11.41
1998-05-22 11.7 11.9 11.57 11.57
1998-06-10 11.66 11.8 11.5 11.5
1998-07-08 11.28 11.45 11.15 11.15
1998-07-21 10.68 10.69 10.45 10.45
1998-07-23 10.82 10.93 10.58 10.58
1998-08-03 10.37 10.5 10.28 10.28
1998-08-05 10.43 10.43 10.2 10.2
1998-08-19 8.35 8.38 8.0 8.0
1998-09-03 8.59 8.65 8.3 8.3
1998-09-04 9.14 9.28 8.65 8.65
1998-09-07 9.38 9.47 9.2 9.2
1998-09-21 9.45 9.45 9.01 9.01
1998-09-23 9.62 9.8 9.42 9.42
1998-09-24 9.9 10.2 9.62 9.62
1998-10-30 9.8 9.89 9.66 9.66
1998-11-05 10.15 10.18 9.5 9.5
1998-11-30 10.14 10.15 9.95 9.95
1998-12-11 10.55 10.56 10.1 10.1
1999-01-06 9.3 9.35 9.1 9.1
1999-01-07 9.3 9.41 9.15 9.15
1999-02-09 8.4 8.48 8.28 8.28
1999-03-02 8.59 8.72 8.51 8.51
1999-03-16 9.3 9.3 9.1 9.1
1999-03-19 9.08 9.1 8.89 8.89
1999-03-23 8.88 8.95 8.8 8.8
1999-03-29 9.15 9.18 8.84 8.84
1999-04-22 8.5 8.56 8.1 8.1
1999-05-11 7.7 7.72 7.52 7.52
1999-05-19 7.95 7.95 7.06 7.06
1999-05-26 8.45 8.45 7.85 7.85
1999-06-28 10.18 10.21 9.48 9.48
1999-07-05 10.14 10.45 9.66 9.66
1999-07-23 13.15 13.22 12.6 12.6
1999-08-03 12.3 12.3 11.35 11.35
1999-08-23 11.11 11.2 10.55 10.55
1999-08-30 11.71 11.92 10.9 10.9
1999-09-07 12.6 12.63 12.2 12.2
1999-10-13 12.2 12.59 12.0 12.0
1999-10-15 12.8 12.95 12.64 12.64
1999-10-25 13.05 13.51 12.96 12.96
1999-11-08 12.15 12.24 12.04 12.04
1999-11-22 12.36 12.55 12.06 12.06
1999-12-14 8.17 8.2 7.85 7.85
1999-12-28 7.7 7.99 7.64 7.64
2000-01-27 9.13 9.39 8.55 8.55
2000-02-14 10.43 10.43 10.05 10.05
2000-02-15 11.47 11.47 11.4 11.4
2000-02-24 12.01 12.1 11.16 11.16
2000-02-28 13.21 13.21 12.06 12.06
2000-03-03 17.2 17.2 15.79 15.79
2000-03-22 24.15 24.95 23.63 23.63
2000-03-28 22.48 23.88 22.15 22.15
2000-04-19 21.05 21.32 19.93 19.93
2000-04-27 19.21 19.4 19.0 19.0
2000-05-17 16.14 16.35 15.49 15.49
2000-05-23 16.8 17.38 16.08 16.08
2000-05-24 16.89 17.13 16.7 16.7
2000-06-16 15.81 16.29 15.4 15.4
2000-06-21 16.2 16.5 15.98 15.98
2000-06-23 16.64 16.8 16.35 16.35
2000-07-05 10.1 10.16 9.98 9.98
2000-07-12 10.09 10.25 10.0 10.0
2000-07-18 10.49 10.5 9.92 9.92
2000-07-19 10.7 10.75 10.4 10.4
2000-07-26 10.3 10.5 10.18 10.18
2000-08-01 11.15 11.15 10.12 10.12
2000-08-14 11.81 11.88 11.18 11.18
2000-08-28 11.65 11.76 11.45 11.45
2000-09-12 10.29 10.3 10.1 10.1
2000-09-20 9.6 9.75 9.42 9.42
2000-10-10 9.68 9.72 9.52 9.52
2000-10-11 10.06 10.15 9.65 9.65
2000-11-01 10.59 10.76 10.0 10.0
2000-11-10 10.7 11.0 10.56 10.56
2000-11-27 10.41 10.6 10.35 10.35
2000-11-28 10.62 10.62 10.4 10.4
2000-12-08 10.54 10.8 10.5 10.5
2000-12-26 9.9 10.0 9.85 9.85
2001-02-09 9.78 9.93 9.7 9.7
2001-02-26 9.12 9.12 8.75 8.75
2001-03-12 9.78 9.87 9.5 9.5
2001-03-21 9.89 9.89 9.61 9.61
2001-03-27 10.03 10.04 9.85 9.85
2001-03-28 10.38 10.5 10.33 10.33
2001-03-30 10.32 10.39 10.26 10.26
2001-05-10 10.67 10.79 10.38 10.38
2001-05-18 10.58 10.6 10.5 10.5
2001-05-22 10.98 11.0 10.5 10.5
2001-05-30 10.68 10.72 10.5 10.5
2001-06-01 10.9 10.97 10.7 10.7
2001-06-04 11.2 11.26 10.95 10.95
2001-06-07 11.09 11.14 10.92 10.92
2001-06-13 10.98 11.05 10.87 10.87
2001-06-21 10.39 10.43 10.36 10.36
2001-06-22 10.53 10.58 10.4 10.4
2001-06-25 10.69 10.72 10.55 10.55
2001-07-10 10.28 10.29 10.15 10.15
2001-07-13 10.14 10.25 10.12 10.12
2001-08-01 9.68 9.7 9.33 9.33
2001-08-06 9.05 9.5 8.8 8.8
2001-08-10 9.64 9.71 9.56 9.56
2001-08-20 9.4 9.51 9.28 9.28
2001-08-23 9.29 9.3 9.11 9.11
2001-08-31 8.87 8.9 8.8 8.8
2001-09-18 8.33 8.5 8.26 8.26
2001-10-09 8.03 8.1 7.99 7.99
2001-10-24 8.34 8.39 8.0 8.0
2001-10-26 7.95 8.1 7.8 7.8
2001-10-29 8.16 8.16 8.0 8.0
2001-11-01 8.42 9.02 8.2 8.2
2001-11-02 8.43 8.64 8.3 8.3
2001-11-14 8.18 8.22 8.06 8.06
2001-11-15 8.25 8.35 8.2 8.2
2001-11-27 9.34 9.43 9.25 9.25
2001-11-30 9.95 10.0 9.34 9.34
2001-12-04 10.32 10.4 10.0 10.0
2001-12-17 10.0 10.09 9.61 9.61
2002-01-07 8.93 9.08 8.75 8.75
2002-01-22 7.33 7.63 7.15 7.15
2002-02-07 8.26 8.34 8.07 8.07
2002-03-04 8.37 8.38 8.11 8.11
2002-03-07 9.04 9.05 8.68 8.68
2002-03-11 9.8 9.82 9.35 9.35
2002-03-18 9.82 10.21 9.7 9.7
2002-04-03 9.71 9.99 9.6 9.6
2002-04-12 10.5 10.65 10.25 10.25
2002-04-25 10.78 10.85 10.4 10.4
2002-04-29 11.32 11.58 10.96 10.96
2002-05-23 10.37 10.39 10.05 10.05
2002-06-06 10.15 10.25 9.5 9.5
2002-06-18 10.0 10.1 9.85 9.85
2002-06-20 10.06 10.35 9.94 9.94
2002-06-21 10.41 10.55 10.06 10.06
2002-07-11 10.14 10.34 10.11 10.11
2002-07-12 10.22 10.29 10.14 10.14
2002-07-23 10.19 10.26 10.13 10.13
2002-08-02 10.23 10.33 10.15 10.15
2002-08-19 10.22 10.3 10.2 10.2
2002-08-20 10.33 10.33 10.19 10.19
2002-08-21 10.28 10.45 10.21 10.21
2002-08-28 10.27 10.35 10.24 10.24
2002-09-06 9.81 9.9 9.74 9.74
2002-11-04 8.32 8.45 8.2 8.2
2002-11-07 8.9 9.0 8.62 8.62
2002-11-29 7.83 8.03 7.6 7.6
2002-12-03 7.65 7.69 7.46 7.46
2002-12-31 7.39 7.5 7.32 7.32
2003-01-03 7.25 7.34 7.0 7.0
2003-01-06 7.37 7.4 7.25 7.25
2003-03-20 7.52 7.53 7.44 7.44
2003-03-21 7.69 7.7 7.5 7.5
2003-04-28 6.74 6.79 6.55 6.55
2003-05-19 6.57 6.77 6.15 6.15
2003-05-22 6.33 6.39 6.26 6.26
2003-05-23 6.37 6.47 6.33 6.33
2003-05-26 6.46 6.62 6.36 6.36
2003-07-02 5.99 6.01 5.9 5.9
2003-07-08 6.06 6.1 6.01 6.01
2003-07-29 5.73 5.85 5.71 5.71
2003-08-11 5.79 5.81 5.7 5.7
2003-08-14 5.73 5.79 5.64 5.64
2003-09-03 5.99 6.19 5.85 5.85
2003-09-18 5.57 5.64 5.55 5.55
2003-10-09 5.54 5.6 5.4 5.4
2003-10-16 5.41 5.5 5.4 5.4
2003-10-31 4.52 4.64 4.41 4.41
2003-11-04 4.6 4.7 4.51 4.51
2003-11-07 4.86 4.89 4.6 4.6
2003-11-19 4.62 4.64 4.54 4.54
2003-11-26 4.98 5.03 4.9 4.9
2003-12-31 4.46 4.5 4.39 4.39
2004-01-02 4.52 4.6 4.39 4.39
2004-02-04 5.3 5.35 5.08 5.08
2004-02-12 5.5 5.51 5.38 5.38
2004-02-23 5.52 5.7 5.5 5.5
2004-02-27 5.12 5.15 5.04 5.04
2004-04-28 4.57 4.6 4.42 4.42
2004-05-26 4.49 4.54 4.44 4.44
2004-06-11 4.38 4.5 4.3 4.3
2004-06-22 4.2 4.24 4.15 4.15
2004-06-24 4.12 4.16 4.1 4.1
2004-07-26 3.61 3.73 3.53 3.53
2004-08-24 3.26 3.33 3.15 3.15
2004-09-01 3.27 3.28 3.17 3.17
2004-09-06 3.38 3.45 3.35 3.35
2004-09-14 3.32 3.33 3.14 3.14
2004-09-15 3.65 3.65 3.31 3.31
2004-09-23 3.88 3.92 3.73 3.73
2004-09-28 3.58 3.63 3.5 3.5
2004-12-21 3.3 3.3 3.05 3.05
2005-01-05 2.93 2.97 2.8 2.8
2005-01-18 2.9 2.93 2.7 2.7
2005-01-19 2.93 2.97 2.86 2.86
2005-02-02 2.61 2.61 2.41 2.41
2005-02-04 2.56 2.58 2.48 2.48
2005-03-09 2.83 2.88 2.83 2.83
2005-03-23 2.41 2.48 2.4 2.4
2005-04-13 2.32 2.33 2.25 2.25
2005-04-22 1.93 2.02 1.84 1.84
2006-10-12 3.8 3.8 3.8 3.8
2006-10-13 3.99 3.99 3.99 3.99
2006-10-16 4.19 4.19 4.19 4.19
2007-01-08 3.74 3.78 3.6 3.6
2007-02-05 3.91 3.96 3.85 3.85
2007-02-12 4.13 4.14 4.02 4.02
2007-02-13 4.3 4.3 4.13 4.13
2007-03-02 4.64 4.64 4.54 4.54
2007-03-15 5.46 5.66 5.4 5.4
2007-03-21 5.8 5.8 5.54 5.54
2007-03-30 5.6 5.7 5.6 5.6
2007-04-02 5.88 5.88 5.44 5.44
2007-04-20 6.99 7.08 6.78 6.78
2007-05-08 7.06 7.07 6.9 6.9
2007-05-10 7.5 7.5 7.2 7.2
2007-05-21 9.24 9.24 8.41 8.41
2007-05-23 10.19 10.19 10.19 10.19
2007-05-30 10.17 10.98 9.98 9.98
2007-06-04 8.72 8.72 8.72 8.72
2007-06-05 8.28 8.28 8.28 8.28
2007-06-06 8.06 8.58 7.87 7.87
2007-06-26 6.63 6.74 6.61 6.61
2007-06-28 6.96 6.96 6.96 6.96
2007-07-03 7.66 7.66 7.66 7.66
2007-08-09 8.32 8.57 8.2 8.2
2007-09-20 8.25 8.39 8.06 8.06
2007-09-25 7.88 8.07 7.86 7.86
2007-11-05 6.38 6.44 6.17 6.17
2007-11-14 6.31 6.36 6.15 6.15
2007-11-16 6.18 6.21 6.0 6.0
2007-12-05 6.69 6.75 6.6 6.6
2007-12-18 7.12 7.19 7.08 7.08
2007-12-19 7.31 7.35 7.15 7.15
2007-12-21 7.44 7.55 7.25 7.25
2008-01-29 6.62 6.65 6.4 6.4
2008-04-23 5.52 5.69 5.22 5.22
2008-05-05 5.76 5.8 5.59 5.59
2008-07-03 4.03 4.17 3.55 3.55
2008-07-15 5.17 5.17 5.17 5.17
2008-09-26 3.61 3.72 3.51 3.51
2008-11-07 2.37 2.59 2.29 2.29
2008-11-17 2.83 2.83 2.83 2.83
2008-12-08 3.66 3.66 3.66 3.66
2009-01-05 3.02 3.05 2.81 2.81
2009-01-06 3.16 3.21 3.0 3.0
2009-01-14 3.19 3.2 3.03 3.03
2009-01-15 3.2 3.28 3.15 3.15
2009-02-04 3.5 3.51 3.4 3.4
2009-03-04 3.51 3.52 3.32 3.32
2009-03-16 3.75 3.78 3.63 3.63
2009-03-17 4.13 4.13 3.71 3.71
2009-05-08 5.52 5.65 5.11 5.11
2009-05-12 5.29 5.29 5.04 5.04
2009-06-05 6.12 6.2 5.7 5.7
2009-06-10 6.01 6.03 5.75 5.75
2009-07-13 6.33 6.42 6.23 6.23
2009-08-18 4.94 4.99 4.71 4.71
2009-08-20 4.7 4.74 4.53 4.53
2009-09-14 5.94 6.08 5.55 5.55
2009-09-30 4.93 5.02 4.82 4.82
2009-11-03 6.75 6.75 6.75 6.75
2009-11-19 6.7 6.73 6.49 6.49
2010-01-06 6.03 6.14 5.93 5.93
2010-02-08 5.75 5.87 5.62 5.62
2010-02-09 5.97 6.33 5.71 5.71
2010-05-21 4.81 4.85 4.5 4.5
2010-06-11 4.9 4.94 4.87 4.87
2010-07-08 4.59 4.63 4.5 4.5
2010-12-13 4.97 5.01 4.89 4.89
2011-01-11 4.73 4.75 4.66 4.66
2011-01-19 4.57 4.57 4.5 4.5
2011-03-01 5.23 5.31 5.19 5.19
2011-03-25 5.54 5.79 5.4 5.4
2011-04-21 5.86 5.98 5.78 5.78
2011-04-29 5.5 5.51 5.36 5.36
2011-05-05 5.38 5.44 5.26 5.26
2011-06-09 5.75 6.03 5.7 5.7
2011-08-01 7.02 7.02 6.31 6.31
2011-10-25 5.0 5.05 4.8 4.8
2011-10-27 5.01 5.09 4.95 4.95
2011-11-14 5.19 5.2 5.09 5.09
2011-12-28 3.75 3.76 3.62 3.62
2012-01-20 3.98 4.02 3.91 3.91
2012-02-09 4.36 4.46 4.21 4.21
2012-02-10 4.38 4.51 4.31 4.31
2012-03-01 4.66 4.69 4.51 4.51
2012-04-16 5.35 5.35 4.83 4.83
2012-05-03 5.05 5.1 4.92 4.92
2012-07-17 3.97 3.98 3.88 3.88
2012-08-09 4.15 4.18 4.03 4.03
2012-11-01 3.86 3.93 3.75 3.75
2012-11-16 3.77 3.81 3.7 3.7
2012-12-05 3.69 3.75 3.55 3.55
2013-02-07 4.5 4.5 4.06 4.06
2013-02-20 4.43 4.52 4.38 4.38
2013-02-27 4.23 4.25 4.18 4.18
2013-03-05 4.05 4.06 3.98 3.98
2013-03-19 4.16 4.19 4.03 4.03
2013-04-10 4.45 4.47 4.28 4.28
2013-04-18 4.6 4.66 4.54 4.54
2013-04-19 4.73 4.77 4.57 4.57
2013-06-14 5.4 5.48 5.31 5.31
2013-06-26 5.03 5.08 4.89 4.89
2013-06-28 4.9 5.04 4.75 4.75
2013-07-04 4.95 5.1 4.87 4.87
2013-07-05 5.05 5.15 4.99 4.99
2013-07-15 5.25 5.31 5.15 5.15
2013-07-29 5.21 5.35 5.17 5.17
2013-08-06 5.86 5.94 5.81 5.81
2013-08-08 6.09 6.17 5.97 5.97
2013-08-27 5.93 5.98 5.65 5.65
2013-09-06 6.68 6.79 6.49 6.49
2013-12-25 5.34 5.41 5.2 5.2
2013-12-27 5.06 5.16 5.0 5.0
2014-01-14 6.19 6.19 5.7 5.7
2014-01-22 6.29 6.41 6.2 6.2
2014-02-12 8.29 8.53 7.9 7.9
2014-03-04 9.15 9.67 8.83 8.83
2014-03-24 8.52 8.78 8.35 8.35
2014-04-21 7.66 7.9 7.61 7.61
2014-05-13 6.85 7.07 6.83 6.83
2014-05-26 6.43 6.49 6.23 6.23
2014-06-05 6.86 6.87 6.46 6.46
2014-07-10 6.93 7.3 6.8 6.8
2014-09-25 9.85 9.88 9.26 9.26
2014-10-13 10.56 10.69 9.92 9.92
2015-02-13 14.44 14.44 14.1 14.1
2015-03-16 18.28 18.28 16.88 16.88
2015-03-31 18.85 19.9 18.55 18.55
2015-04-02 21.01 21.01 20.0 20.0
2015-04-30 23.27 24.24 22.42 22.42
2015-05-28 29.85 31.54 28.88 28.88
2015-06-30 19.72 20.3 17.62 17.62
2015-07-16 17.57 19.15 17.43 17.43
2015-08-11 15.8 15.8 15.8 15.8
2015-08-12 17.38 17.38 17.38 17.38
2015-12-08 14.98 14.98 14.98 14.98
2015-12-09 16.48 16.48 16.48 16.48
2015-12-10 18.13 18.13 18.13 18.13
2016-01-21 15.91 15.91 15.91 15.91
2016-03-14 12.31 12.41 11.52 11.52
2016-05-16 13.84 13.92 13.57 13.57
2016-05-23 13.85 13.96 13.28 13.28
2016-05-31 14.48 14.92 13.6 13.6
2016-06-29 15.15 15.15 15.15 15.15
2016-08-08 14.0 14.16 13.82 13.82
2016-10-24 16.74 16.97 16.63 16.63
2016-12-20 15.86 15.95 15.55 15.55
2017-01-20 13.27 13.28 12.81 12.81
2017-01-26 12.36 12.48 12.16 12.16
2017-02-08 13.23 13.33 12.78 12.78
2017-02-09 13.87 14.2 13.22 13.22
2017-02-10 14.9 15.2 13.9 13.9
2017-02-20 13.92 13.99 13.74 13.74
2017-04-05 11.47 11.52 11.25 11.25
2017-04-21 8.6 8.6 8.6 8.6
2017-04-24 8.17 8.17 8.17 8.17
2017-04-25 7.78 8.08 7.76 7.76
2017-04-27 8.25 8.25 7.82 7.82
2017-04-28 8.66 8.66 8.25 8.25
2017-05-08 8.91 8.91 8.49 8.49
2017-05-17 8.65 8.84 8.48 8.48
2017-05-24 7.73 7.73 7.73 7.73
2017-05-25 7.35 7.56 7.34 7.34
2017-06-13 6.74 6.78 6.33 6.33
2017-06-19 7.17 7.23 6.88 6.88
2017-06-20 7.07 7.35 7.05 7.05
2017-06-27 6.99 7.13 6.98 6.98
2017-06-30 6.99 7.03 6.9 6.9
2017-07-10 7.19 7.32 7.1 7.1
2017-08-07 7.34 7.38 7.26 7.26
2017-08-23 8.08 8.09 7.66 7.66
2017-08-31 8.1 8.14 8.03 8.03
