1996-12-04 17.25 17.6 15.5 15.5
1996-12-11 18.95 19.8 18.6 18.6
1996-12-16 14.94 14.94 14.94 14.94
1996-12-17 13.45 14.9 13.45 13.45
1997-01-07 13.76 13.92 13.5 13.5
1997-01-10 14.54 14.6 14.0 14.0
1997-01-23 14.99 15.34 14.72 14.72
1997-02-25 14.34 14.44 14.15 14.15
1997-03-21 17.9 18.0 17.01 17.01
1997-03-26 18.36 18.45 17.5 17.5
1997-03-27 19.27 19.78 18.6 18.6
1997-04-03 18.88 18.88 18.45 18.45
1997-04-09 20.15 20.15 18.4 18.4
1997-04-14 18.9 18.9 18.9 18.9
1997-04-15 18.08 18.29 17.1 17.1
1997-04-18 17.78 17.8 17.4 17.4
1997-04-25 18.22 18.6 17.8 17.8
1997-05-05 18.78 18.97 18.43 18.43
1997-05-22 15.84 16.84 15.84 15.84
1997-06-16 16.5 17.0 15.7 15.7
1997-06-20 16.4 16.58 15.75 15.75
1997-07-14 14.8 15.28 14.5 14.5
1997-07-17 11.04 11.34 10.9 10.9
1997-08-04 11.68 11.7 11.2 11.2
1998-01-16 10.5 10.69 10.5 10.5
1998-03-24 10.29 10.33 10.0 10.0
1998-04-01 10.2 10.26 9.9 9.9
1998-04-08 11.14 11.15 10.43 10.43
1998-04-28 10.98 11.0 10.6 10.6
1998-04-29 11.25 11.52 11.15 11.15
1998-05-08 11.23 11.25 10.9 10.9
1998-05-18 11.92 12.0 11.41 11.41
1998-05-22 11.7 11.9 11.57 11.57
1998-07-23 10.82 10.93 10.58 10.58
1998-08-05 10.43 10.43 10.2 10.2
1998-09-04 9.14 9.28 8.65 8.65
1998-09-07 9.38 9.47 9.2 9.2
1998-09-23 9.62 9.8 9.42 9.42
1998-09-24 9.9 10.2 9.62 9.62
1998-11-05 10.15 10.18 9.5 9.5
1999-01-07 9.3 9.41 9.15 9.15
1999-03-02 8.59 8.72 8.51 8.51
1999-03-19 9.08 9.1 8.89 8.89
1999-03-23 8.88 8.95 8.8 8.8
1999-03-29 9.15 9.18 8.84 8.84
1999-05-19 7.95 7.95 7.06 7.06
1999-05-26 8.45 8.45 7.85 7.85
1999-07-05 10.14 10.45 9.66 9.66
1999-08-30 11.71 11.92 10.9 10.9
1999-09-07 12.6 12.63 12.2 12.2
1999-10-15 12.8 12.95 12.64 12.64
1999-10-25 13.05 13.51 12.96 12.96
2000-02-14 10.43 10.43 10.05 10.05
2000-02-15 11.47 11.47 11.4 11.4
2000-02-28 13.21 13.21 12.06 12.06
2000-03-03 17.2 17.2 15.79 15.79
2000-03-28 22.48 23.88 22.15 22.15
2000-04-27 19.21 19.4 19.0 19.0
2000-05-23 16.8 17.38 16.08 16.08
2000-05-24 16.89 17.13 16.7 16.7
2000-06-21 16.2 16.5 15.98 15.98
2000-06-23 16.64 16.8 16.35 16.35
2000-07-12 10.09 10.25 10.0 10.0
2000-07-18 10.49 10.5 9.92 9.92
2000-07-19 10.7 10.75 10.4 10.4
2000-07-26 10.3 10.5 10.18 10.18
2000-08-01 11.15 11.15 10.12 10.12
2000-09-20 9.6 9.75 9.42 9.42
2000-10-11 10.06 10.15 9.65 9.65
2000-11-28 10.62 10.62 10.4 10.4
2001-03-27 10.03 10.04 9.85 9.85
2001-03-28 10.38 10.5 10.33 10.33
2001-03-30 10.32 10.39 10.26 10.26
2001-05-18 10.58 10.6 10.5 10.5
2001-05-22 10.98 11.0 10.5 10.5
2001-05-30 10.68 10.72 10.5 10.5
2001-06-01 10.9 10.97 10.7 10.7
2001-06-04 11.2 11.26 10.95 10.95
2001-06-07 11.09 11.14 10.92 10.92
2001-06-13 10.98 11.05 10.87 10.87
2001-06-21 10.39 10.43 10.36 10.36
2001-06-22 10.53 10.58 10.4 10.4
2001-06-25 10.69 10.72 10.55 10.55
2001-07-13 10.14 10.25 10.12 10.12
2001-08-06 9.05 9.5 8.8 8.8
2001-08-10 9.64 9.71 9.56 9.56
2001-08-20 9.4 9.51 9.28 9.28
2001-08-23 9.29 9.3 9.11 9.11
2001-08-31 8.87 8.9 8.8 8.8
2001-10-26 7.95 8.1 7.8 7.8
2001-10-29 8.16 8.16 8.0 8.0
2001-11-01 8.42 9.02 8.2 8.2
2001-11-02 8.43 8.64 8.3 8.3
2001-11-15 8.25 8.35 8.2 8.2
2001-11-30 9.95 10.0 9.34 9.34
2001-12-04 10.32 10.4 10.0 10.0
2002-03-07 9.04 9.05 8.68 8.68
2002-03-11 9.8 9.82 9.35 9.35
2002-03-18 9.82 10.21 9.7 9.7
2002-04-29 11.32 11.58 10.96 10.96
2002-06-20 10.06 10.35 9.94 9.94
2002-06-21 10.41 10.55 10.06 10.06
2002-07-12 10.22 10.29 10.14 10.14
2002-08-20 10.33 10.33 10.19 10.19
2002-08-21 10.28 10.45 10.21 10.21
2002-08-28 10.27 10.35 10.24 10.24
2002-11-07 8.9 9.0 8.62 8.62
2002-12-03 7.65 7.69 7.46 7.46
2003-01-03 7.25 7.34 7.0 7.0
2003-01-06 7.37 7.4 7.25 7.25
2003-03-21 7.69 7.7 7.5 7.5
2003-05-22 6.33 6.39 6.26 6.26
2003-05-23 6.37 6.47 6.33 6.33
2003-05-26 6.46 6.62 6.36 6.36
2003-07-08 6.06 6.1 6.01 6.01
2003-08-14 5.73 5.79 5.64 5.64
2003-10-16 5.41 5.5 5.4 5.4
2003-11-04 4.6 4.7 4.51 4.51
2003-11-07 4.86 4.89 4.6 4.6
2003-11-26 4.98 5.03 4.9 4.9
2004-01-02 4.52 4.6 4.39 4.39
2004-02-12 5.5 5.51 5.38 5.38
2004-02-27 5.12 5.15 5.04 5.04
2004-06-24 4.12 4.16 4.1 4.1
2004-09-01 3.27 3.28 3.17 3.17
2004-09-06 3.38 3.45 3.35 3.35
2004-09-14 3.32 3.33 3.14 3.14
2004-09-15 3.65 3.65 3.31 3.31
2004-09-23 3.88 3.92 3.73 3.73
2004-09-28 3.58 3.63 3.5 3.5
2005-01-19 2.93 2.97 2.86 2.86
2005-02-04 2.56 2.58 2.48 2.48
2006-10-13 3.99 3.99 3.99 3.99
2006-10-16 4.19 4.19 4.19 4.19
2007-02-12 4.13 4.14 4.02 4.02
2007-02-13 4.3 4.3 4.13 4.13
2007-03-21 5.8 5.8 5.54 5.54
2007-04-02 5.88 5.88 5.44 5.44
2007-05-10 7.5 7.5 7.2 7.2
2007-05-23 10.19 10.19 10.19 10.19
2007-05-30 10.17 10.98 9.98 9.98
2007-06-04 8.72 8.72 8.72 8.72
2007-06-05 8.28 8.28 8.28 8.28
2007-06-06 8.06 8.58 7.87 7.87
2007-06-28 6.96 6.96 6.96 6.96
2007-07-03 7.66 7.66 7.66 7.66
2007-09-25 7.88 8.07 7.86 7.86
2007-11-16 6.18 6.21 6.0 6.0
2007-12-19 7.31 7.35 7.15 7.15
2007-12-21 7.44 7.55 7.25 7.25
2008-05-05 5.76 5.8 5.59 5.59
2008-11-17 2.83 2.83 2.83 2.83
2009-01-06 3.16 3.21 3.0 3.0
2009-01-14 3.19 3.2 3.03 3.03
2009-01-15 3.2 3.28 3.15 3.15
2009-03-17 4.13 4.13 3.71 3.71
2009-05-12 5.29 5.29 5.04 5.04
2009-06-10 6.01 6.03 5.75 5.75
2009-08-20 4.7 4.74 4.53 4.53
2010-02-09 5.97 6.33 5.71 5.71
2011-01-19 4.57 4.57 4.5 4.5
2011-04-29 5.5 5.51 5.36 5.36
2011-05-05 5.38 5.44 5.26 5.26
2011-10-27 5.01 5.09 4.95 4.95
2012-02-10 4.38 4.51 4.31 4.31
2013-02-20 4.43 4.52 4.38 4.38
2013-02-27 4.23 4.25 4.18 4.18
2013-03-05 4.05 4.06 3.98 3.98
2013-04-18 4.6 4.66 4.54 4.54
2013-04-19 4.73 4.77 4.57 4.57
2013-06-28 4.9 5.04 4.75 4.75
2013-07-04 4.95 5.1 4.87 4.87
2013-07-05 5.05 5.15 4.99 4.99
2013-07-15 5.25 5.31 5.15 5.15
2013-08-06 5.86 5.94 5.81 5.81
2013-08-08 6.09 6.17 5.97 5.97
2013-12-27 5.06 5.16 5.0 5.0
2014-01-22 6.29 6.41 6.2 6.2
2015-04-02 21.01 21.01 20.0 20.0
2015-08-12 17.38 17.38 17.38 17.38
2015-12-09 16.48 16.48 16.48 16.48
2015-12-10 18.13 18.13 18.13 18.13
2016-05-23 13.85 13.96 13.28 13.28
2016-05-31 14.48 14.92 13.6 13.6
2017-01-26 12.36 12.48 12.16 12.16
2017-02-08 13.23 13.33 12.78 12.78
2017-02-09 13.87 14.2 13.22 13.22
2017-02-10 14.9 15.2 13.9 13.9
2017-02-20 13.92 13.99 13.74 13.74
2017-04-24 8.17 8.17 8.17 8.17
2017-04-25 7.78 8.08 7.76 7.76
2017-04-27 8.25 8.25 7.82 7.82
2017-04-28 8.66 8.66 8.25 8.25
2017-05-08 8.91 8.91 8.49 8.49
2017-05-24 7.73 7.73 7.73 7.73
2017-05-25 7.35 7.56 7.34 7.34
2017-06-19 7.17 7.23 6.88 6.88
2017-06-20 7.07 7.35 7.05 7.05
2017-06-27 6.99 7.13 6.98 6.98
2017-06-30 6.99 7.03 6.9 6.9
2017-07-10 7.19 7.32 7.1 7.1
2017-08-31 8.1 8.14 8.03 8.03
