2006-10-18 27.65 27.77 27.1 27.1
2006-10-23 28.3 29.58 27.48 27.48
2006-10-24 30.66 31.13 28.57 28.57
2006-12-04 33.8 34.2 33.04 33.04
2006-12-18 32.76 33.33 32.12 32.12
2006-12-21 32.57 33.6 32.31 32.31
2007-02-08 39.93 40.38 39.45 39.45
2007-02-12 41.4 41.47 40.41 40.41
2007-02-15 43.22 43.7 42.7 42.7
2007-04-11 53.25 54.2 50.1 50.1
2007-04-16 58.87 59.0 54.86 54.86
2007-04-20 61.88 62.99 60.03 60.03
2007-06-08 61.07 63.19 60.02 60.02
2007-07-06 57.64 57.7 54.9 54.9
2007-07-09 58.99 59.3 57.83 57.83
2007-10-10 63.25 63.7 62.9 62.9
2007-12-07 53.43 53.55 52.21 52.21
2007-12-11 55.4 55.67 55.0 55.0
2007-12-26 64.4 65.0 63.68 63.68
2008-01-02 66.89 67.2 63.99 63.99
2008-01-15 72.92 72.97 66.53 66.53
2008-01-23 68.68 68.68 62.55 62.55
2008-02-18 65.99 67.99 64.58 64.58
2008-02-19 67.35 68.0 66.12 66.12
2008-05-19 52.35 54.02 51.2 51.2
2008-07-07 22.0 22.5 21.15 21.15
2008-07-14 23.15 23.2 22.0 22.0
2008-07-21 22.96 22.98 21.45 21.45
2008-07-22 23.26 23.85 22.99 22.99
2008-08-27 18.98 19.36 18.5 18.5
2008-08-28 19.03 19.21 18.78 18.78
2008-08-29 19.64 19.84 19.03 19.03
2009-04-09 28.94 29.01 28.28 28.28
2009-04-15 31.06 31.1 30.2 30.2
2009-04-16 32.39 33.05 30.91 30.91
2009-04-17 33.34 34.38 32.28 32.28
2009-04-24 34.18 35.0 32.83 32.83
2009-04-30 32.78 33.46 32.1 32.1
2009-05-04 34.17 34.28 33.1 33.1
2009-06-05 37.34 37.59 35.72 35.72
2009-06-08 41.07 41.07 38.05 38.05
2009-08-04 26.69 26.7 26.0 26.0
2009-09-11 25.93 25.95 25.5 25.5
2009-09-17 27.02 27.28 26.46 26.46
2009-10-28 31.91 32.41 30.05 30.05
2009-10-30 32.15 32.5 31.65 31.65
2009-11-05 33.2 33.93 32.8 32.8
2009-11-10 32.54 33.09 32.38 32.38
2009-11-16 34.56 36.08 34.1 34.1
2009-12-24 37.27 38.05 37.13 37.13
2010-01-04 38.85 39.95 38.8 38.8
2010-01-08 37.72 37.9 37.0 37.0
2010-02-10 40.57 40.58 40.0 40.0
2010-02-23 42.0 42.02 41.0 41.0
2010-05-28 38.57 38.96 37.98 37.98
2010-07-20 31.54 31.8 29.09 29.09
2010-09-09 42.0 42.6 40.91 40.91
2010-09-29 42.98 43.3 42.2 42.2
2010-12-13 45.11 45.5 43.69 43.69
2010-12-21 47.54 49.6 45.0 45.0
2011-02-09 38.47 38.8 37.55 37.55
2011-02-16 38.79 39.25 38.5 38.5
2011-03-04 39.97 40.4 39.37 39.37
2011-04-14 39.44 39.79 38.89 38.89
2011-08-17 20.25 20.68 20.08 20.08
2011-11-03 18.71 19.26 18.46 18.46
2011-11-11 19.0 19.24 18.91 18.91
2011-11-14 19.35 19.42 19.08 19.08
2012-06-12 15.54 16.03 15.21 15.21
2012-06-15 16.53 17.06 16.4 16.4
2012-09-12 16.73 16.97 16.52 16.52
2013-05-06 16.59 16.85 16.22 16.22
2013-09-03 16.46 16.5 16.18 16.18
2013-09-27 16.57 16.83 16.3 16.3
2013-10-08 16.72 16.86 16.49 16.49
2014-04-14 16.9 16.97 16.8 16.8
2014-08-11 16.7 16.7 16.5 16.5
2014-08-29 17.11 17.27 16.63 16.63
2014-09-05 18.08 18.46 17.95 17.95
2014-10-08 20.9 21.08 19.88 19.88
2015-01-21 21.44 21.61 20.79 20.79
2015-07-09 22.14 22.14 19.62 19.62
2016-04-05 17.27 17.32 16.7 16.7
2016-04-13 17.46 17.69 17.29 17.29
2016-06-22 18.82 18.84 18.43 18.43
2016-06-27 19.11 19.13 18.46 18.46
2017-06-13 20.74 20.8 20.59 20.59
