1996-09-26 10.35 10.68 10.18 10.18
1996-10-08 9.71 9.85 9.65 9.65
1996-10-09 10.0 10.18 9.72 9.72
1996-10-15 10.63 10.82 10.15 10.15
1996-10-16 11.24 11.35 10.75 10.75
1996-11-15 15.03 15.15 14.6 14.6
1996-12-09 21.34 21.34 19.95 19.95
1996-12-16 17.99 17.99 17.99 17.99
1996-12-17 16.38 16.47 16.19 16.19
1996-12-23 18.1 18.1 17.2 17.2
1997-01-09 18.81 18.87 18.6 18.6
1997-01-16 19.37 19.42 19.32 19.32
1997-01-24 19.45 19.6 19.06 19.06
1997-01-29 19.15 19.7 18.96 18.96
1997-01-31 19.23 19.23 18.48 18.48
1997-02-19 18.32 18.35 17.3 17.3
1997-02-21 18.86 18.86 18.3 18.3
1997-02-25 19.0 19.0 18.9 18.9
1997-02-27 19.07 19.15 19.0 19.0
1997-03-03 19.22 19.22 18.95 18.95
1997-03-25 21.13 21.68 20.18 20.18
1997-03-26 22.55 22.7 21.38 21.38
1997-04-03 21.45 21.7 21.05 21.05
1997-04-09 22.6 22.6 21.57 21.57
1997-04-25 25.95 27.0 25.0 25.0
1997-05-16 10.45 11.28 10.45 10.45
1997-05-20 10.39 10.67 10.3 10.3
1997-05-22 8.89 9.18 8.89 8.89
1997-06-13 9.08 9.08 8.3 8.3
1997-07-18 7.5 7.8 7.31 7.31
1997-08-04 8.13 8.2 7.7 7.7
1997-09-01 8.7 8.76 8.12 8.12
1997-09-03 8.4 8.58 8.3 8.3
1997-09-04 8.5 8.69 8.35 8.35
1997-09-16 7.89 7.91 7.75 7.75
1997-09-22 7.73 8.5 7.7 7.7
1997-09-30 7.19 7.25 7.15 7.15
1997-10-06 7.26 7.48 7.15 7.15
1997-10-10 7.79 7.8 7.5 7.5
1997-11-07 7.34 7.35 7.26 7.26
1997-11-19 7.26 7.45 7.22 7.22
1997-11-21 7.45 7.46 7.23 7.23
1997-11-24 7.52 7.65 7.26 7.26
1998-01-07 7.21 7.28 7.1 7.1
1998-01-08 7.7 7.79 7.11 7.11
1998-01-12 8.0 8.3 7.85 7.85
1998-02-19 7.77 7.94 7.7 7.7
1998-03-12 7.39 7.43 7.25 7.25
1998-03-24 6.85 6.9 6.71 6.71
1998-03-27 7.08 7.15 6.85 6.85
1998-04-02 7.76 7.76 7.1 7.1
1998-04-08 8.72 8.88 8.3 8.3
1998-04-13 8.1 8.3 7.8 7.8
1998-04-30 8.9 9.18 8.6 8.6
1998-05-04 9.15 9.42 9.0 9.0
1998-05-06 9.16 9.35 8.95 8.95
1998-05-13 10.34 10.34 9.45 9.45
1998-05-19 10.19 10.35 10.0 10.0
1998-06-10 12.6 12.97 12.35 12.35
1998-07-13 12.52 12.8 12.4 12.4
1998-07-17 12.72 13.2 12.6 12.6
1998-08-04 12.68 12.8 12.65 12.65
1998-09-02 12.49 12.8 12.45 12.45
1998-09-23 13.9 14.25 13.6 13.6
1998-09-29 13.7 13.8 13.16 13.16
1998-11-16 14.8 15.16 14.29 14.29
1998-11-30 14.03 14.05 13.75 13.75
1998-12-17 12.85 12.85 12.4 12.4
1998-12-18 12.65 12.7 12.5 12.5
1998-12-22 13.24 13.35 12.8 12.8
1998-12-23 13.29 13.4 12.9 12.9
1998-12-31 10.9 11.18 10.3 10.3
1999-01-14 11.28 11.48 10.81 10.81
1999-02-08 11.05 11.05 10.6 10.6
1999-03-02 11.72 11.82 11.26 11.26
1999-03-03 12.5 12.5 11.78 11.78
1999-03-19 13.2 13.2 12.2 12.2
1999-04-08 13.71 13.84 13.48 13.48
1999-04-30 13.38 14.0 13.2 13.2
1999-06-10 16.38 16.75 16.0 16.0
1999-06-15 17.58 17.95 16.77 16.77
1999-06-16 19.34 19.34 17.5 17.5
1999-06-28 20.52 20.52 18.5 18.5
1999-08-02 20.89 20.9 19.04 19.04
1999-08-13 20.43 21.17 20.3 20.3
1999-08-24 17.53 17.65 17.38 17.38
1999-09-09 16.83 16.93 16.18 16.18
1999-10-15 13.68 13.82 13.41 13.41
1999-10-21 13.5 13.6 12.78 12.78
1999-11-11 13.73 13.87 13.3 13.3
1999-11-17 13.7 13.73 13.32 13.32
1999-11-30 13.38 13.6 13.26 13.26
1999-12-06 13.78 14.0 13.5 13.5
2000-01-20 13.43 13.48 11.75 11.75
2000-03-06 15.25 16.3 15.15 15.15
2000-05-18 13.5 13.59 13.2 13.2
2000-05-23 14.13 14.28 13.75 13.75
2000-05-24 14.48 14.83 14.19 14.19
2000-05-25 15.01 15.1 14.6 14.6
2000-06-21 15.2 15.34 14.85 14.85
2000-06-26 15.45 15.6 15.2 15.2
2000-06-28 15.3 15.45 15.1 15.1
2000-07-25 15.56 15.71 15.4 15.4
2000-07-26 15.99 16.05 15.65 15.65
2000-09-07 14.3 14.56 14.18 14.18
2000-09-29 14.84 14.85 14.58 14.58
2000-10-10 15.14 15.2 14.75 14.75
2000-10-12 15.4 15.51 15.22 15.22
2000-10-18 14.85 14.99 14.6 14.6
2000-11-01 15.59 15.7 15.45 15.45
2000-11-03 15.68 15.88 15.5 15.5
2000-11-28 16.07 16.2 15.9 15.9
2000-12-26 17.19 17.28 16.72 16.72
2001-02-05 15.48 16.29 15.34 15.34
2001-02-19 15.5 15.62 15.1 15.1
2001-02-22 15.18 15.47 15.05 15.05
2001-03-06 16.35 16.35 16.06 16.06
2001-03-14 16.24 16.24 16.01 16.01
2001-03-21 16.85 16.97 16.53 16.53
2001-04-03 17.16 17.47 16.95 16.95
2001-04-27 15.8 15.98 15.7 15.7
2001-04-30 15.96 16.08 15.8 15.8
2001-05-08 16.23 16.3 15.86 15.86
2001-05-15 16.31 16.4 15.96 15.96
2001-05-18 16.32 16.39 16.1 16.1
2001-05-29 16.05 16.3 15.9 15.9
2001-06-11 16.9 16.98 16.61 16.61
2001-06-13 17.09 17.18 16.86 16.86
2001-06-22 16.95 17.0 16.69 16.69
2001-06-28 17.1 17.2 16.8 16.8
2001-07-19 17.48 17.63 17.2 17.2
2001-08-14 16.66 16.66 16.3 16.3
2001-08-16 16.55 16.55 16.38 16.38
2001-08-20 16.8 16.88 16.45 16.45
2001-08-27 15.8 16.38 15.5 15.5
2001-08-31 15.75 15.84 15.6 15.6
2001-09-04 16.08 16.1 15.8 15.8
2001-10-09 13.0 13.28 12.68 12.68
2001-11-30 13.98 13.98 13.55 13.55
2001-12-14 13.29 13.5 13.03 13.03
2001-12-18 13.7 13.8 13.28 13.28
2001-12-21 13.88 13.88 13.4 13.4
2001-12-25 13.88 13.98 13.8 13.8
2001-12-26 14.22 14.25 13.85 13.85
2002-01-22 12.19 12.46 12.0 12.0
2002-01-29 12.51 12.65 12.0 12.0
2002-02-04 13.8 13.8 13.25 13.25
2002-03-20 14.91 15.06 14.58 14.58
2002-04-08 14.12 14.28 13.98 13.98
2002-04-12 14.13 14.2 14.05 14.05
2002-04-24 13.9 14.0 13.85 13.85
2002-04-26 14.04 14.1 13.85 13.85
2002-06-10 12.78 12.85 12.58 12.58
2002-06-18 13.38 13.45 13.05 13.05
2002-07-08 14.56 14.75 14.5 14.5
2002-07-26 13.84 14.15 13.7 13.7
2002-07-30 13.8 13.8 13.75 13.75
2002-08-05 13.95 14.05 13.8 13.8
2002-09-18 13.99 14.15 13.88 13.88
2002-09-23 14.09 14.18 13.95 13.95
2002-10-14 13.33 13.39 13.15 13.15
2002-11-11 12.66 12.75 12.65 12.65
2002-11-15 12.27 12.36 12.0 12.0
2002-11-18 12.1 12.4 11.75 11.75
2002-12-03 11.65 11.82 11.56 11.56
2002-12-11 11.32 11.35 11.12 11.12
2003-01-03 11.43 11.65 11.35 11.35
2003-01-06 11.42 11.5 11.2 11.2
2003-01-08 11.69 11.7 11.38 11.38
2003-02-18 12.41 12.43 12.28 12.28
2003-03-13 12.4 12.46 12.28 12.28
2003-03-14 12.42 12.55 12.25 12.25
2003-03-17 12.39 12.49 12.25 12.25
2003-03-19 12.41 12.58 12.33 12.33
2003-05-22 11.37 11.47 11.35 11.35
2003-05-28 11.59 11.65 11.29 11.29
2003-07-07 11.38 11.46 11.23 11.23
2003-07-08 11.37 11.45 11.34 11.34
2003-07-11 11.9 12.0 11.42 11.42
2003-07-16 11.76 11.85 11.66 11.66
2003-07-23 11.72 11.83 11.6 11.6
2003-07-28 11.55 11.61 11.5 11.5
2003-08-11 11.23 11.25 11.2 11.2
2003-08-12 11.26 11.3 11.2 11.2
2003-08-18 11.28 11.33 11.2 11.2
2003-10-28 8.95 8.98 8.7 8.7
2003-11-13 8.99 9.07 8.81 8.81
2003-11-14 9.04 9.1 8.9 8.9
2003-12-11 9.9 10.1 9.8 9.8
2003-12-22 9.68 9.7 9.3 9.3
2004-01-29 9.74 9.78 9.5 9.5
2004-02-03 9.85 9.88 9.5 9.5
2004-02-09 10.29 10.42 10.2 10.2
2004-02-27 9.99 10.02 9.81 9.81
2004-03-12 9.97 10.13 9.8 9.8
2004-03-18 10.09 10.3 9.95 9.95
2004-03-23 10.29 10.33 10.15 10.15
2004-03-31 10.03 10.04 9.83 9.83
2004-05-12 9.26 9.27 9.0 9.0
2004-05-21 9.17 9.26 9.06 9.06
2004-06-22 7.75 7.98 7.25 7.25
2004-07-20 7.38 7.43 7.13 7.13
2004-08-03 7.1 7.18 7.0 7.0
2004-08-27 6.91 7.02 6.8 6.8
2004-08-31 7.24 7.3 7.01 7.01
2004-09-17 7.84 7.85 7.52 7.52
2004-10-29 6.94 7.03 6.8 6.8
2004-11-12 6.98 7.09 6.91 6.91
2004-12-03 7.4 7.47 7.25 7.25
2005-02-16 5.87 5.96 5.86 5.86
2005-02-21 5.91 5.92 5.75 5.75
2005-04-07 5.1 5.32 5.05 5.05
2005-04-19 4.84 4.87 4.78 4.78
2005-04-22 4.6 4.8 4.5 4.5
2005-04-26 4.77 4.78 4.63 4.63
2005-05-17 5.0 5.1 4.96 4.96
2005-06-08 4.96 4.99 4.6 4.6
2005-06-27 5.07 5.14 4.96 4.96
2005-07-06 4.61 4.61 4.48 4.48
2005-07-07 4.64 4.66 4.59 4.59
2005-07-14 4.27 4.34 4.18 4.18
2005-07-22 4.13 4.2 4.02 4.02
2005-08-22 4.71 4.75 4.6 4.6
2005-09-29 5.07 5.1 4.97 4.97
2005-10-21 5.18 5.2 5.07 5.07
2005-11-02 5.01 5.03 4.89 4.89
2005-11-03 5.05 5.13 5.0 5.0
2005-11-10 5.39 5.42 5.27 5.27
2005-11-15 5.33 5.43 5.25 5.25
2005-12-06 5.85 5.91 5.65 5.65
2005-12-07 6.08 6.15 5.9 5.9
2005-12-23 6.21 6.28 6.14 6.14
2006-01-12 6.48 6.58 6.36 6.36
2006-02-06 6.8 6.91 6.3 6.3
2006-02-16 7.06 7.22 7.01 7.01
2006-03-20 6.91 6.97 6.74 6.74
2006-10-12 12.24 12.47 12.09 12.09
2006-10-19 12.16 12.28 11.63 11.63
2006-11-03 11.39 11.48 11.3 11.3
2006-12-04 12.95 13.28 12.7 12.7
2006-12-14 12.51 12.85 11.75 11.75
2006-12-26 13.39 14.0 12.83 12.83
2007-02-08 18.13 18.35 17.21 17.21
2007-02-14 19.85 19.91 18.91 18.91
2007-02-15 19.88 20.0 19.53 19.53
2007-03-12 20.79 20.79 18.91 18.91
2007-04-03 22.99 23.13 22.01 22.01
2007-04-20 28.32 28.88 27.8 27.8
2007-05-29 26.66 26.8 25.05 25.05
2007-06-13 24.48 24.8 22.88 22.88
2007-06-27 21.33 21.8 21.18 21.18
2007-07-02 20.26 20.26 18.21 18.21
2007-07-11 20.62 20.79 20.0 20.0
2007-07-24 24.49 25.25 23.1 23.1
2007-08-30 19.1 19.25 18.6 18.6
2007-09-20 17.31 17.56 17.11 17.11
2007-09-26 16.73 16.98 16.42 16.42
2007-09-28 17.37 17.7 17.3 17.3
2007-10-23 18.16 18.18 16.65 16.65
2007-10-31 15.65 15.8 14.9 14.9
2007-11-07 14.71 14.8 14.52 14.52
2007-11-20 14.88 15.18 13.8 13.8
2007-12-07 15.75 16.12 15.05 15.05
2007-12-17 17.5 17.94 17.43 17.43
2007-12-21 17.91 17.97 17.2 17.2
2007-12-24 18.6 19.06 17.95 17.95
2008-01-10 19.24 19.6 18.84 18.84
2008-04-03 10.83 10.85 10.05 10.05
2008-04-30 13.39 13.48 12.65 12.65
2008-06-13 11.41 11.64 11.05 11.05
2008-06-16 12.21 12.29 11.48 11.48
2008-07-02 13.02 13.18 12.53 12.53
2008-07-03 13.69 14.24 12.81 12.81
2008-07-07 14.4 14.4 13.48 13.48
2008-07-28 13.41 13.5 13.0 13.0
2008-08-14 11.1 11.27 10.81 10.81
2008-09-25 7.66 7.68 7.23 7.23
2008-10-08 8.42 8.71 8.06 8.06
2008-10-24 7.46 7.54 7.3 7.3
2008-11-05 6.83 6.99 6.7 6.7
2008-11-10 7.38 7.4 6.98 6.98
2008-11-28 8.36 8.45 7.8 7.8
2008-12-17 11.16 11.53 10.87 10.87
2008-12-26 11.47 11.59 11.15 11.15
2009-01-05 11.75 11.81 11.23 11.23
2009-01-09 13.52 13.57 12.81 12.81
2009-01-22 12.97 13.41 12.76 12.76
2009-02-04 13.26 13.42 12.98 12.98
2009-03-02 12.2 12.3 11.28 11.28
2009-03-18 13.77 14.06 13.49 13.49
2009-04-28 13.14 13.16 12.2 12.2
2009-06-26 15.73 16.14 15.2 15.2
2009-07-20 14.93 15.01 14.66 14.66
2009-07-22 14.67 14.67 14.49 14.49
2009-08-18 13.78 14.2 13.05 13.05
2009-08-26 17.6 17.88 16.19 16.19
2009-09-01 15.7 16.28 15.02 15.02
2009-09-03 16.24 16.59 15.8 15.8
2009-09-30 16.39 16.5 16.26 16.26
2009-10-09 16.9 16.97 16.36 16.36
2009-10-13 16.84 17.12 16.6 16.6
2009-11-04 19.77 19.97 19.57 19.57
2009-11-10 20.41 20.48 19.47 19.47
2009-11-19 21.07 21.6 20.58 20.58
2009-11-23 22.65 22.8 21.82 21.82
2009-11-25 23.1 23.15 21.31 21.31
2010-01-05 24.33 24.55 23.77 23.77
2010-01-12 24.77 25.06 23.32 23.32
2010-01-14 25.14 25.55 24.49 24.49
2010-01-19 26.99 27.68 25.61 25.61
2010-01-27 27.9 28.15 25.77 25.77
2010-02-05 26.61 28.0 26.51 26.51
2010-02-23 26.66 26.96 26.13 26.13
2010-03-08 28.48 28.86 28.3 28.3
2010-04-02 28.25 28.41 27.47 27.47
2010-04-08 28.49 28.5 27.69 27.69
2010-04-09 29.32 29.49 28.5 28.5
2010-05-04 33.49 33.7 29.8 29.8
2010-05-05 36.52 36.7 33.1 33.1
2010-05-14 34.87 34.87 32.85 32.85
2010-05-21 35.24 35.4 32.17 32.17
2010-08-19 35.25 35.55 33.69 33.69
2010-08-30 36.01 36.09 33.85 33.85
2010-09-30 41.29 42.16 40.6 40.6
2010-11-05 39.42 40.35 38.5 38.5
2010-11-09 41.08 41.96 39.9 39.9
2010-11-15 39.56 39.65 37.92 37.92
2010-11-24 41.0 41.28 39.35 39.35
2010-11-29 41.37 41.9 39.71 39.71
2010-12-10 40.23 40.33 37.6 37.6
2011-04-07 28.54 28.69 28.35 28.35
2011-05-05 27.49 27.66 27.11 27.11
2011-07-14 27.98 28.0 26.53 26.53
2011-07-18 28.4 29.09 28.25 28.25
2011-08-04 27.89 28.1 27.51 27.51
2011-08-23 26.96 27.24 26.68 26.68
2011-08-24 27.25 27.66 27.05 27.05
2011-10-13 24.87 25.5 24.12 24.12
2011-10-19 24.99 25.11 24.6 24.6
2011-11-03 28.19 28.84 27.6 27.6
2011-11-09 28.19 28.25 27.7 27.7
2011-11-22 28.3 28.6 27.35 27.35
2011-12-07 28.69 28.88 27.81 27.81
2011-12-12 28.5 29.03 28.1 28.1
2011-12-16 27.96 28.08 27.0 27.0
2012-02-02 21.84 21.87 21.59 21.59
2012-02-08 22.69 22.85 22.31 22.31
2012-02-14 23.84 24.14 23.2 23.2
2012-02-17 23.61 24.44 23.51 23.51
2012-02-22 23.57 23.58 23.19 23.19
2012-02-23 24.0 24.48 23.6 23.6
2012-02-24 24.77 24.83 23.81 23.81
2012-03-01 23.75 24.03 23.66 23.66
2012-03-15 25.48 25.65 25.01 25.01
2012-04-16 24.44 24.85 24.0 24.0
2012-05-17 27.57 27.61 26.95 26.95
2012-05-29 27.15 27.25 26.7 26.7
2012-06-13 28.79 28.82 27.74 27.74
2012-06-15 28.78 29.12 28.62 28.62
2012-07-06 26.43 26.6 25.15 25.15
2012-08-01 22.78 22.79 21.91 21.91
2012-08-06 23.52 23.88 23.3 23.3
2012-08-07 24.89 24.9 23.65 23.65
2012-09-05 22.5 22.65 22.11 22.11
2012-10-08 20.68 20.93 20.22 20.22
2012-10-22 22.23 22.27 21.4 21.4
2012-10-30 20.41 20.48 20.02 20.02
2012-11-01 20.83 20.9 20.5 20.5
2012-11-29 18.06 18.11 17.45 17.45
2012-12-05 18.13 18.4 17.6 17.6
2012-12-07 18.32 18.35 17.71 17.71
2013-01-08 21.16 21.2 19.79 19.79
2013-01-14 21.54 21.8 21.0 21.0
2013-02-20 23.3 23.39 21.88 21.88
2013-04-19 20.33 20.5 19.61 19.61
2013-06-14 20.24 20.46 19.75 19.75
2013-07-25 18.98 19.67 18.72 18.72
2013-08-19 18.1 18.17 17.81 17.81
2013-09-12 17.98 18.03 17.81 17.81
2013-09-27 18.22 18.4 17.83 17.83
2013-10-14 18.08 18.13 17.6 17.6
2013-10-22 19.42 19.49 18.64 18.64
2013-11-14 16.47 16.55 16.27 16.27
2013-11-15 16.69 16.83 16.41 16.41
2013-12-03 16.62 16.65 16.3 16.3
2013-12-06 16.89 17.03 16.8 16.8
2014-01-07 16.08 16.16 15.89 15.89
2014-01-09 16.3 16.5 16.16 16.16
2014-02-07 16.21 16.23 15.88 15.88
2014-03-07 16.78 16.88 16.56 16.56
2014-04-01 16.58 16.76 16.44 16.44
2014-04-25 16.01 16.12 15.89 15.89
2014-05-16 15.95 16.28 15.81 15.81
2014-06-24 15.46 15.5 15.3 15.3
2014-06-30 15.67 15.73 15.55 15.55
2014-08-08 16.83 16.95 16.74 16.74
2014-08-13 17.03 17.23 16.91 16.91
2014-08-22 17.82 18.0 17.5 17.5
2014-09-02 17.7 17.73 17.5 17.5
2014-09-12 18.15 18.17 17.8 17.8
2014-09-26 18.3 18.32 18.04 18.04
2014-10-20 19.41 19.51 19.08 19.08
2014-11-17 21.67 22.31 20.44 20.44
2014-12-04 21.16 21.25 20.59 20.59
2015-01-20 21.89 22.0 21.0 21.0
2015-02-25 29.68 29.68 27.05 27.05
2015-05-04 33.25 33.77 32.45 32.45
2015-05-11 36.73 36.73 33.4 33.4
2015-05-18 41.18 41.22 38.3 38.3
2015-06-01 43.8 43.99 40.0 40.0
2015-07-08 28.79 30.08 27.07 27.07
2015-07-09 31.67 31.67 27.24 27.24
2015-11-04 37.97 37.99 36.39 36.39
2016-01-29 22.81 23.12 22.01 22.01
2016-02-22 27.34 27.75 27.25 27.25
2016-03-18 25.77 25.88 24.73 24.73
2016-03-25 26.01 26.06 25.7 25.7
2016-03-30 27.32 27.33 26.08 26.08
2016-04-08 28.37 28.7 27.56 27.56
2016-04-11 31.21 31.21 29.4 29.4
2016-04-22 30.45 30.57 29.11 29.11
2016-05-19 27.95 28.39 27.88 27.88
2016-05-23 28.83 28.98 28.4 28.4
2016-05-31 30.37 30.5 29.3 29.3
2016-06-07 30.61 30.78 29.93 29.93
2016-06-14 29.27 29.43 28.91 28.91
2016-06-22 30.78 30.8 30.15 30.15
2016-07-04 31.82 31.95 31.32 31.32
2016-08-04 34.2 34.38 33.85 33.85
2016-08-26 34.2 34.22 33.22 33.22
2016-08-29 35.43 36.37 34.5 34.5
2016-09-14 35.7 36.37 35.36 35.36
2016-09-19 36.07 36.23 35.8 35.8
2016-10-10 36.76 36.84 36.21 36.21
2016-12-07 31.62 31.65 31.22 31.22
2016-12-30 30.82 30.89 30.15 30.15
2017-01-06 32.97 33.28 32.56 32.56
2017-01-19 32.1 32.69 31.98 31.98
2017-02-06 33.27 33.36 33.02 33.02
2017-03-31 36.12 36.35 35.65 35.65
2017-04-20 37.54 38.0 35.91 35.91
2017-05-15 32.74 33.07 32.35 32.35
2017-06-02 34.39 34.64 33.78 33.78
2017-06-07 34.43 34.85 34.05 34.05
2017-06-15 33.98 34.27 33.4 33.4
2017-06-20 34.37 34.4 33.69 33.69
2017-08-14 30.34 30.38 30.06 30.06
