1996-10-08 9.71 9.85 9.65 9.65
1996-10-09 10.0 10.18 9.72 9.72
1996-10-15 10.63 10.82 10.15 10.15
1996-10-16 11.24 11.35 10.75 10.75
1996-12-16 17.99 17.99 17.99 17.99
1996-12-17 16.38 16.47 16.19 16.19
1996-12-23 18.1 18.1 17.2 17.2
1997-01-16 19.37 19.42 19.32 19.32
1997-01-24 19.45 19.6 19.06 19.06
1997-01-29 19.15 19.7 18.96 18.96
1997-01-31 19.23 19.23 18.48 18.48
1997-02-19 18.32 18.35 17.3 17.3
1997-02-21 18.86 18.86 18.3 18.3
1997-02-25 19.0 19.0 18.9 18.9
1997-02-27 19.07 19.15 19.0 19.0
1997-03-03 19.22 19.22 18.95 18.95
1997-03-26 22.55 22.7 21.38 21.38
1997-04-03 21.45 21.7 21.05 21.05
1997-04-09 22.6 22.6 21.57 21.57
1997-05-20 10.39 10.67 10.3 10.3
1997-05-22 8.89 9.18 8.89 8.89
1997-09-03 8.4 8.58 8.3 8.3
1997-09-04 8.5 8.69 8.35 8.35
1997-09-22 7.73 8.5 7.7 7.7
1997-09-30 7.19 7.25 7.15 7.15
1997-10-06 7.26 7.48 7.15 7.15
1997-10-10 7.79 7.8 7.5 7.5
1997-11-21 7.45 7.46 7.23 7.23
1997-11-24 7.52 7.65 7.26 7.26
1998-01-08 7.7 7.79 7.11 7.11
1998-01-12 8.0 8.3 7.85 7.85
1998-03-27 7.08 7.15 6.85 6.85
1998-04-02 7.76 7.76 7.1 7.1
1998-04-08 8.72 8.88 8.3 8.3
1998-04-13 8.1 8.3 7.8 7.8
1998-05-04 9.15 9.42 9.0 9.0
1998-05-06 9.16 9.35 8.95 8.95
1998-05-13 10.34 10.34 9.45 9.45
1998-05-19 10.19 10.35 10.0 10.0
1998-07-17 12.72 13.2 12.6 12.6
1998-09-29 13.7 13.8 13.16 13.16
1998-12-18 12.65 12.7 12.5 12.5
1998-12-22 13.24 13.35 12.8 12.8
1998-12-23 13.29 13.4 12.9 12.9
1998-12-31 10.9 11.18 10.3 10.3
1999-03-02 11.72 11.82 11.26 11.26
1999-03-03 12.5 12.5 11.78 11.78
1999-06-15 17.58 17.95 16.77 16.77
1999-06-16 19.34 19.34 17.5 17.5
1999-10-21 13.5 13.6 12.78 12.78
1999-11-17 13.7 13.73 13.32 13.32
1999-12-06 13.78 14.0 13.5 13.5
2000-05-23 14.13 14.28 13.75 13.75
2000-05-24 14.48 14.83 14.19 14.19
2000-05-25 15.01 15.1 14.6 14.6
2000-06-26 15.45 15.6 15.2 15.2
2000-06-28 15.3 15.45 15.1 15.1
2000-07-26 15.99 16.05 15.65 15.65
2000-10-10 15.14 15.2 14.75 14.75
2000-10-12 15.4 15.51 15.22 15.22
2000-10-18 14.85 14.99 14.6 14.6
2000-11-03 15.68 15.88 15.5 15.5
2001-02-22 15.18 15.47 15.05 15.05
2001-03-14 16.24 16.24 16.01 16.01
2001-03-21 16.85 16.97 16.53 16.53
2001-04-30 15.96 16.08 15.8 15.8
2001-05-08 16.23 16.3 15.86 15.86
2001-05-15 16.31 16.4 15.96 15.96
2001-05-18 16.32 16.39 16.1 16.1
2001-06-13 17.09 17.18 16.86 16.86
2001-06-28 17.1 17.2 16.8 16.8
2001-08-16 16.55 16.55 16.38 16.38
2001-08-20 16.8 16.88 16.45 16.45
2001-08-27 15.8 16.38 15.5 15.5
2001-08-31 15.75 15.84 15.6 15.6
2001-09-04 16.08 16.1 15.8 15.8
2001-12-18 13.7 13.8 13.28 13.28
2001-12-21 13.88 13.88 13.4 13.4
2001-12-25 13.88 13.98 13.8 13.8
2001-12-26 14.22 14.25 13.85 13.85
2002-01-29 12.51 12.65 12.0 12.0
2002-02-04 13.8 13.8 13.25 13.25
2002-04-12 14.13 14.2 14.05 14.05
2002-04-26 14.04 14.1 13.85 13.85
2002-06-18 13.38 13.45 13.05 13.05
2002-07-30 13.8 13.8 13.75 13.75
2002-08-05 13.95 14.05 13.8 13.8
2002-09-23 14.09 14.18 13.95 13.95
2002-11-15 12.27 12.36 12.0 12.0
2002-11-18 12.1 12.4 11.75 11.75
2002-12-11 11.32 11.35 11.12 11.12
2003-01-06 11.42 11.5 11.2 11.2
2003-01-08 11.69 11.7 11.38 11.38
2003-03-14 12.42 12.55 12.25 12.25
2003-03-17 12.39 12.49 12.25 12.25
2003-03-19 12.41 12.58 12.33 12.33
2003-05-28 11.59 11.65 11.29 11.29
2003-07-08 11.37 11.45 11.34 11.34
2003-07-11 11.9 12.0 11.42 11.42
2003-07-16 11.76 11.85 11.66 11.66
2003-07-23 11.72 11.83 11.6 11.6
2003-07-28 11.55 11.61 11.5 11.5
2003-08-12 11.26 11.3 11.2 11.2
2003-08-18 11.28 11.33 11.2 11.2
2003-11-14 9.04 9.1 8.9 8.9
2004-02-03 9.85 9.88 9.5 9.5
2004-02-09 10.29 10.42 10.2 10.2
2004-03-18 10.09 10.3 9.95 9.95
2004-03-23 10.29 10.33 10.15 10.15
2004-03-31 10.03 10.04 9.83 9.83
2004-08-31 7.24 7.3 7.01 7.01
2005-02-21 5.91 5.92 5.75 5.75
2005-04-22 4.6 4.8 4.5 4.5
2005-04-26 4.77 4.78 4.63 4.63
2005-07-07 4.64 4.66 4.59 4.59
2005-07-14 4.27 4.34 4.18 4.18
2005-07-22 4.13 4.2 4.02 4.02
2005-11-03 5.05 5.13 5.0 5.0
2005-11-10 5.39 5.42 5.27 5.27
2005-11-15 5.33 5.43 5.25 5.25
2005-12-07 6.08 6.15 5.9 5.9
2006-10-19 12.16 12.28 11.63 11.63
2007-02-14 19.85 19.91 18.91 18.91
2007-02-15 19.88 20.0 19.53 19.53
2007-07-02 20.26 20.26 18.21 18.21
2007-09-26 16.73 16.98 16.42 16.42
2007-09-28 17.37 17.7 17.3 17.3
2007-10-31 15.65 15.8 14.9 14.9
2007-11-07 14.71 14.8 14.52 14.52
2007-12-17 17.5 17.94 17.43 17.43
2007-12-21 17.91 17.97 17.2 17.2
2007-12-24 18.6 19.06 17.95 17.95
2008-06-16 12.21 12.29 11.48 11.48
2008-07-03 13.69 14.24 12.81 12.81
2008-07-07 14.4 14.4 13.48 13.48
2008-10-08 8.42 8.71 8.06 8.06
2008-11-10 7.38 7.4 6.98 6.98
2009-01-05 11.75 11.81 11.23 11.23
2009-01-09 13.52 13.57 12.81 12.81
2009-02-04 13.26 13.42 12.98 12.98
2009-07-22 14.67 14.67 14.49 14.49
2009-08-26 17.6 17.88 16.19 16.19
2009-09-01 15.7 16.28 15.02 15.02
2009-09-03 16.24 16.59 15.8 15.8
2009-10-09 16.9 16.97 16.36 16.36
2009-10-13 16.84 17.12 16.6 16.6
2009-11-10 20.41 20.48 19.47 19.47
2009-11-23 22.65 22.8 21.82 21.82
2009-11-25 23.1 23.15 21.31 21.31
2010-01-12 24.77 25.06 23.32 23.32
2010-01-14 25.14 25.55 24.49 24.49
2010-01-19 26.99 27.68 25.61 25.61
2010-01-27 27.9 28.15 25.77 25.77
2010-04-08 28.49 28.5 27.69 27.69
2010-04-09 29.32 29.49 28.5 28.5
2010-05-05 36.52 36.7 33.1 33.1
2010-05-21 35.24 35.4 32.17 32.17
2010-11-09 41.08 41.96 39.9 39.9
2010-11-15 39.56 39.65 37.92 37.92
2010-11-29 41.37 41.9 39.71 39.71
2011-07-18 28.4 29.09 28.25 28.25
2011-08-24 27.25 27.66 27.05 27.05
2011-10-19 24.99 25.11 24.6 24.6
2011-11-09 28.19 28.25 27.7 27.7
2011-12-12 28.5 29.03 28.1 28.1
2011-12-16 27.96 28.08 27.0 27.0
2012-02-08 22.69 22.85 22.31 22.31
2012-02-14 23.84 24.14 23.2 23.2
2012-02-17 23.61 24.44 23.51 23.51
2012-02-22 23.57 23.58 23.19 23.19
2012-02-23 24.0 24.48 23.6 23.6
2012-02-24 24.77 24.83 23.81 23.81
2012-03-01 23.75 24.03 23.66 23.66
2012-06-15 28.78 29.12 28.62 28.62
2012-08-06 23.52 23.88 23.3 23.3
2012-08-07 24.89 24.9 23.65 23.65
2012-10-30 20.41 20.48 20.02 20.02
2012-11-01 20.83 20.9 20.5 20.5
2012-12-05 18.13 18.4 17.6 17.6
2012-12-07 18.32 18.35 17.71 17.71
2013-01-14 21.54 21.8 21.0 21.0
2013-10-14 18.08 18.13 17.6 17.6
2013-10-22 19.42 19.49 18.64 18.64
2013-11-15 16.69 16.83 16.41 16.41
2013-12-06 16.89 17.03 16.8 16.8
2014-01-09 16.3 16.5 16.16 16.16
2014-06-30 15.67 15.73 15.55 15.55
2014-08-13 17.03 17.23 16.91 16.91
2015-05-11 36.73 36.73 33.4 33.4
2015-05-18 41.18 41.22 38.3 38.3
2015-07-09 31.67 31.67 27.24 27.24
2016-03-25 26.01 26.06 25.7 25.7
2016-03-30 27.32 27.33 26.08 26.08
2016-04-08 28.37 28.7 27.56 27.56
2016-04-11 31.21 31.21 29.4 29.4
2016-05-23 28.83 28.98 28.4 28.4
2016-05-31 30.37 30.5 29.3 29.3
2016-06-07 30.61 30.78 29.93 29.93
2016-06-14 29.27 29.43 28.91 28.91
2016-06-22 30.78 30.8 30.15 30.15
2016-08-29 35.43 36.37 34.5 34.5
2016-09-19 36.07 36.23 35.8 35.8
2017-01-06 32.97 33.28 32.56 32.56
2017-06-07 34.43 34.85 34.05 34.05
2017-06-15 33.98 34.27 33.4 33.4
2017-06-20 34.37 34.4 33.69 33.69
