1996-10-15 12.1 12.79 9.8 9.8
1996-11-28 10.43 10.57 10.07 10.07
1996-12-02 11.8 11.9 11.2 11.2
1996-12-09 14.0 14.08 13.18 13.18
1996-12-16 10.62 10.62 10.62 10.62
1996-12-17 9.56 9.56 9.56 9.56
1996-12-20 8.13 8.58 8.09 8.09
1996-12-23 8.35 8.57 8.01 8.01
1997-01-29 8.85 8.92 8.75 8.75
1997-02-19 8.44 8.44 8.08 8.08
1997-02-20 8.18 8.2 7.6 7.6
1997-02-27 9.2 9.37 8.95 8.95
1997-03-07 9.9 9.9 9.31 9.31
1997-03-10 10.35 10.5 10.0 10.0
1997-03-12 10.3 10.4 10.0 10.0
1997-03-31 11.06 11.21 10.6 10.6
1997-04-14 11.13 11.39 11.0 11.0
1997-04-15 11.0 11.0 10.6 10.6
1997-05-05 10.8 10.94 10.22 10.22
1997-05-20 10.88 11.0 10.1 10.1
1997-05-21 11.1 11.35 10.52 10.52
1997-05-23 10.58 10.76 10.3 10.3
1997-06-18 10.9 11.1 10.7 10.7
1997-06-19 11.5 11.6 10.8 10.8
1997-07-18 14.8 14.8 13.45 13.45
1997-08-28 12.65 12.98 12.4 12.4
1997-09-03 13.58 13.67 12.6 12.6
1997-09-19 13.0 13.0 12.7 12.7
1997-09-30 13.15 13.15 12.7 12.7
1997-10-08 13.5 13.7 12.95 12.95
1997-12-24 19.01 19.01 18.3 18.3
1998-01-06 19.62 19.62 18.39 18.39
1998-01-14 22.28 22.54 21.3 21.3
1998-03-13 22.2 22.25 21.7 21.7
1998-03-31 20.52 20.88 20.05 20.05
1998-04-17 21.38 21.62 20.92 20.92
1998-05-11 22.72 23.15 22.1 22.1
1998-05-15 23.15 23.3 23.0 23.0
1998-06-29 21.12 21.12 19.6 19.6
1998-07-24 24.3 24.46 23.8 23.8
1998-10-05 17.2 17.38 16.95 16.95
1998-10-27 16.51 17.2 16.3 16.3
1998-10-30 16.5 16.63 16.45 16.45
1998-11-16 18.37 18.48 17.2 17.2
1999-01-19 11.05 11.49 10.7 10.7
1999-02-01 11.53 11.85 11.18 11.18
1999-03-01 10.37 10.63 10.05 10.05
1999-03-03 10.79 10.8 10.39 10.39
1999-03-11 11.88 12.0 10.94 10.94
1999-03-12 13.07 13.07 11.9 11.9
1999-04-02 13.97 13.97 12.75 12.75
1999-04-28 10.25 10.5 10.0 10.0
1999-04-29 11.02 11.07 10.28 10.28
1999-04-30 11.21 11.45 11.02 11.02
1999-05-10 10.4 10.88 10.3 10.3
1999-05-11 10.6 10.75 10.3 10.3
1999-05-19 10.95 10.95 10.25 10.25
1999-05-24 12.0 12.39 11.54 11.54
1999-06-04 11.74 12.0 11.05 11.05
1999-06-09 12.79 12.99 11.9 11.9
1999-06-28 13.9 14.01 13.11 13.11
1999-07-14 11.3 11.49 11.05 11.05
1999-07-19 11.68 11.88 11.1 11.1
1999-07-20 12.11 12.15 11.6 11.6
1999-08-02 12.4 12.49 11.91 11.91
1999-08-05 12.45 12.78 12.3 12.3
1999-08-12 11.75 11.88 11.71 11.71
1999-08-24 12.89 12.94 12.21 12.21
1999-08-27 13.0 13.2 12.7 12.7
1999-09-07 12.77 12.87 12.6 12.6
1999-10-08 12.16 12.28 12.06 12.06
1999-10-12 12.5 12.55 12.31 12.31
1999-10-22 12.28 12.63 11.61 11.61
1999-10-26 12.15 12.2 11.89 11.89
1999-11-15 13.48 14.0 13.45 13.45
1999-12-09 13.5 13.7 13.06 13.06
1999-12-17 12.47 12.8 12.31 12.31
2000-01-17 11.25 11.49 10.64 10.64
2000-02-28 13.1 13.21 12.59 12.59
2000-03-01 13.7 13.88 13.29 13.29
2000-03-13 13.59 13.6 13.1 13.1
2000-03-17 13.6 13.75 13.0 13.0
2000-03-23 14.55 14.8 13.9 13.9
2000-04-12 16.71 17.18 16.5 16.5
2000-05-12 15.1 15.15 14.9 14.9
2000-05-16 15.4 15.8 15.2 15.2
2000-05-31 16.28 16.28 15.7 15.7
2000-06-01 17.0 17.5 16.35 16.35
2000-06-05 17.3 17.76 17.2 17.2
2000-06-07 18.32 18.37 17.55 17.55
2000-06-09 20.5 21.29 20.15 20.15
2000-06-14 20.7 20.7 20.1 20.1
2000-06-15 22.0 22.25 20.75 20.75
2000-06-19 22.45 22.66 21.72 21.72
2000-07-07 20.71 20.71 20.0 20.0
2000-07-21 22.94 23.7 21.9 21.9
2000-07-25 24.19 24.25 23.55 23.55
2000-09-05 23.06 23.26 22.9 22.9
2000-09-07 22.99 23.2 22.7 22.7
2000-09-08 23.19 23.25 22.6 22.6
2000-09-11 23.39 23.45 22.75 22.75
2000-09-27 23.0 23.38 22.6 22.6
2000-10-10 24.0 24.25 23.42 23.42
2000-10-13 24.08 24.45 23.7 23.7
2000-11-22 20.88 21.17 20.01 20.01
2000-11-28 21.58 21.87 19.8 19.8
2000-12-18 19.03 19.1 18.5 18.5
2000-12-19 19.55 19.8 19.05 19.05
2000-12-20 19.57 19.75 19.3 19.3
2001-01-02 19.25 19.46 18.9 18.9
2001-02-14 17.38 17.49 16.98 16.98
2001-02-26 18.0 18.1 17.47 17.47
2001-03-01 17.97 18.05 17.7 17.7
2001-03-02 18.4 18.6 17.9 17.9
2001-03-05 19.1 19.3 18.45 18.45
2001-03-07 18.91 19.2 18.8 18.8
2001-03-19 18.5 18.8 18.3 18.3
2001-04-03 19.83 19.83 19.42 19.42
2001-04-09 20.5 20.5 20.02 20.02
2001-04-19 22.32 22.32 20.61 20.61
2001-05-08 21.6 22.0 21.45 21.45
2001-05-29 21.92 22.18 21.7 21.7
2001-06-05 22.6 22.8 22.36 22.36
2001-06-21 21.77 21.8 21.46 21.46
2001-06-22 22.03 22.4 21.7 21.7
2001-06-25 22.22 22.29 22.05 22.05
2001-08-01 18.59 18.6 18.0 18.0
2001-08-21 18.66 18.67 18.35 18.35
2001-09-06 18.57 18.72 18.35 18.35
2001-09-25 17.2 17.26 17.12 17.12
2001-10-09 16.75 16.77 16.3 16.3
2001-10-23 15.6 15.6 15.01 15.01
2001-11-19 16.41 16.47 16.1 16.1
2001-12-12 16.5 16.6 16.42 16.42
2001-12-18 16.75 16.75 16.4 16.4
2002-01-25 11.49 11.6 11.2 11.2
2002-01-29 11.54 11.54 10.51 10.51
2002-01-31 12.31 12.68 12.0 12.0
2002-02-05 12.7 12.88 12.5 12.5
2002-03-05 13.02 13.18 12.5 12.5
2002-03-25 14.19 14.26 14.0 14.0
2002-04-03 13.03 13.15 12.92 12.92
2002-04-09 13.84 13.88 13.48 13.48
2002-04-12 13.79 13.85 13.7 13.7
2002-04-23 13.37 13.56 13.28 13.28
2002-05-28 14.24 14.45 14.12 14.12
2002-06-04 13.19 13.3 13.0 13.0
2002-06-17 12.96 12.98 12.7 12.7
2002-06-20 13.18 13.47 12.43 12.43
2002-08-12 13.9 13.93 13.69 13.69
2002-08-26 14.77 14.89 14.35 14.35
2002-09-03 14.64 14.69 14.52 14.52
2002-10-08 13.38 13.39 12.81 12.81
2002-10-14 13.25 13.29 12.88 12.88
2002-10-16 13.36 13.49 13.16 13.16
2002-10-22 13.4 13.45 13.08 13.08
2002-11-13 11.52 11.55 11.35 11.35
2002-12-05 11.02 11.03 10.91 10.91
2002-12-06 11.09 11.13 11.0 11.0
2002-12-17 11.14 11.18 10.91 10.91
2002-12-27 10.75 10.83 10.65 10.65
2003-02-11 12.16 12.16 11.18 11.18
2003-02-12 12.62 13.15 12.31 12.31
2003-02-24 12.47 12.48 12.28 12.28
2003-02-25 12.84 12.88 12.35 12.35
2003-04-15 10.7 10.76 10.5 10.5
2004-05-11 7.15 7.2 7.03 7.03
2004-05-18 7.5 7.58 7.3 7.3
2004-05-21 7.45 7.6 7.4 7.4
2004-05-26 7.09 7.17 6.95 6.95
2004-06-18 6.72 6.72 6.6 6.6
2004-07-01 6.78 6.8 6.59 6.59
2004-08-04 6.28 6.32 6.0 6.0
2004-08-11 6.21 6.7 6.13 6.13
2004-08-13 5.99 6.09 5.92 5.92
2004-08-24 5.5 5.58 5.4 5.4
2004-08-26 5.58 5.62 5.51 5.51
2004-09-02 6.05 6.06 5.78 5.78
2004-09-14 5.87 5.87 5.58 5.58
2004-09-16 6.32 6.35 6.13 6.13
2004-09-23 6.72 6.74 6.47 6.47
2004-10-18 6.17 6.27 6.05 6.05
2004-12-22 7.2 7.21 7.0 7.0
2004-12-24 6.92 7.13 6.92 6.92
2005-01-26 6.69 6.78 6.66 6.66
2005-01-27 6.7 6.85 6.66 6.66
2005-02-02 6.43 6.5 5.85 5.85
2005-02-04 6.37 6.43 6.16 6.16
2005-02-21 6.5 6.6 6.32 6.32
2005-04-11 7.39 7.57 7.23 7.23
2005-04-18 7.09 7.24 7.03 7.03
2005-04-28 6.32 6.5 6.0 6.0
2005-05-13 5.96 5.96 5.96 5.96
2005-05-20 6.42 6.72 6.38 6.38
2005-06-07 6.26 6.4 6.22 6.22
2005-07-05 5.62 5.7 5.38 5.38
2005-07-07 5.59 5.59 5.44 5.44
2005-07-11 5.23 5.65 5.2 5.2
2005-07-22 5.52 5.57 5.31 5.31
2005-07-26 5.59 5.65 5.45 5.45
2005-09-12 7.49 7.56 7.32 7.32
2005-09-14 7.92 8.21 7.68 7.68
2005-10-17 7.75 7.78 7.4 7.4
2005-10-21 7.68 7.75 7.58 7.58
2005-10-31 7.01 7.37 6.84 6.84
2005-12-16 7.21 7.22 7.11 7.11
2006-10-30 8.54 8.68 8.34 8.34
2006-10-31 8.57 8.65 8.54 8.54
2006-11-08 8.2 8.3 8.15 8.15
2006-11-09 8.49 8.55 8.17 8.17
2006-11-13 8.77 9.15 8.39 8.39
2006-11-28 8.7 8.8 8.59 8.59
2006-12-11 8.44 8.46 8.24 8.24
2006-12-18 8.8 8.85 8.6 8.6
2006-12-25 8.63 8.73 8.52 8.52
2007-01-16 9.52 9.56 9.13 9.13
2007-02-12 10.11 10.22 9.92 9.92
2007-02-26 11.39 11.65 10.8 10.8
2007-03-08 11.84 11.99 11.33 11.33
2007-03-22 11.78 12.05 11.66 11.66
2007-03-23 12.58 12.6 11.53 11.53
2007-03-27 14.0 14.07 13.28 13.28
2007-04-05 13.57 13.69 13.3 13.3
2007-04-06 13.42 13.59 13.11 13.11
2007-04-16 14.24 14.49 13.72 13.72
2007-04-20 14.39 14.47 13.78 13.78
2007-05-22 14.59 14.7 14.28 14.28
2007-06-13 13.12 13.16 12.7 12.7
2007-07-04 13.02 13.39 12.45 12.45
2007-07-10 18.73 18.73 18.73 18.73
2007-08-23 21.21 21.76 20.9 20.9
2007-10-10 17.93 18.44 17.88 17.88
2007-11-27 13.47 13.89 13.39 13.39
2007-11-28 14.22 14.38 13.47 13.47
2007-12-10 15.7 15.8 15.09 15.09
2008-02-04 15.28 15.29 14.32 14.32
2008-02-18 15.96 16.06 15.62 15.62
2008-02-27 15.47 15.57 14.9 14.9
2008-03-06 16.77 16.98 16.34 16.34
2008-03-11 16.1 16.2 15.42 15.42
2008-05-27 9.28 9.37 9.06 9.06
2008-06-05 9.04 9.1 8.92 8.92
2008-06-12 7.95 8.04 7.78 7.78
2008-06-25 8.27 8.27 7.53 7.53
2008-07-16 6.54 7.07 6.2 6.2
2008-08-06 6.96 7.09 6.75 6.75
2008-12-15 4.14 4.16 3.99 3.99
2009-01-05 3.71 3.72 3.55 3.55
2009-02-19 5.43 5.43 5.43 5.43
2009-03-23 6.16 6.4 6.03 6.03
2009-04-01 6.19 6.25 5.93 5.93
2009-04-08 6.45 6.83 6.32 6.32
2009-05-04 6.39 6.4 6.18 6.18
2009-08-05 7.56 7.68 7.34 7.34
2009-08-07 7.47 7.73 7.31 7.31
2009-08-18 7.16 7.23 6.62 6.62
2009-09-07 7.78 8.08 7.66 7.66
2009-10-14 7.94 8.05 7.78 7.78
2009-11-30 10.01 10.28 9.42 9.42
2009-12-28 9.47 9.47 9.25 9.25
2010-01-14 12.41 12.55 11.62 11.62
2010-01-21 12.67 13.09 12.31 12.31
2010-02-12 12.29 12.45 12.0 12.0
2010-03-19 12.99 13.3 12.62 12.62
2010-06-11 11.17 11.32 11.03 11.03
2010-07-06 10.09 10.25 9.65 9.65
2010-07-09 10.2 10.37 9.91 9.91
2010-09-03 14.64 14.64 14.64 14.64
2010-09-07 15.2 15.6 14.42 14.42
2010-09-13 15.04 15.31 14.7 14.7
2010-10-15 13.66 14.16 13.45 13.45
2010-11-17 13.66 14.04 13.51 13.51
2010-12-13 15.16 15.22 14.77 14.77
2011-02-21 14.54 14.54 13.29 13.29
2011-04-11 16.84 17.11 16.4 16.4
2011-06-15 13.64 14.3 13.27 13.27
2011-06-24 13.58 13.66 13.15 13.15
2011-06-30 13.98 14.1 13.8 13.8
2011-07-27 15.4 15.79 15.0 15.0
2011-08-26 15.77 15.85 15.4 15.4
2011-11-10 12.88 13.19 12.6 12.6
2011-11-23 13.16 13.52 13.07 13.07
2011-11-28 13.49 13.6 13.22 13.22
2011-12-26 11.05 11.68 10.9 10.9
2012-03-01 11.66 11.85 11.44 11.44
2012-03-16 12.94 13.04 12.49 12.49
2012-07-09 10.15 10.38 9.99 9.99
2012-07-20 10.08 10.18 10.06 10.06
2012-08-03 9.41 9.43 9.2 9.2
2012-08-06 9.58 9.6 9.31 9.31
2012-09-13 10.01 10.37 9.98 9.98
2012-10-18 8.99 9.02 8.89 8.89
2013-01-25 8.79 8.83 8.71 8.71
2013-03-05 9.02 9.03 8.86 8.86
2013-03-06 9.29 9.33 9.01 9.01
2013-04-12 8.38 8.42 8.31 8.31
2013-05-08 8.77 9.05 8.4 8.4
2013-05-16 8.66 8.71 8.54 8.54
2013-07-15 7.5 7.54 7.36 7.36
2013-07-16 7.69 7.9 7.68 7.68
2013-07-30 7.56 7.63 7.45 7.45
2013-08-29 8.07 8.18 8.03 8.03
2013-09-03 8.77 8.82 8.51 8.51
2013-10-17 8.1 8.24 8.02 8.02
2013-11-14 7.59 7.62 7.5 7.5
2013-11-20 8.17 8.23 7.78 7.78
2013-11-21 8.33 8.47 8.01 8.01
2013-11-26 8.38 8.41 8.26 8.26
2013-12-17 7.8 7.97 7.78 7.78
2014-01-22 7.85 7.85 7.61 7.61
2014-02-10 8.37 8.56 8.16 8.16
2014-02-17 9.44 9.44 8.53 8.53
2014-04-03 9.62 9.78 9.55 9.55
2014-06-26 8.55 8.8 8.34 8.34
2014-07-14 9.47 9.52 9.25 9.25
2014-08-06 10.27 10.29 10.01 10.01
2014-09-19 11.54 11.65 11.18 11.18
2015-03-25 13.4 13.4 13.4 13.4
2015-03-26 14.74 14.74 14.74 14.74
2015-03-27 16.21 16.21 16.21 16.21
2015-04-10 18.69 18.69 17.61 17.61
2015-05-13 30.03 30.03 28.15 28.15
2015-07-08 10.1 10.1 10.1 10.1
2015-07-13 13.44 13.44 13.44 13.44
2015-07-14 14.78 14.78 14.78 14.78
2015-07-16 16.18 16.93 13.99 13.99
2015-07-28 17.1 18.96 16.01 16.01
2015-08-04 21.15 21.26 18.24 18.24
2015-08-14 23.83 23.83 22.04 22.04
2015-08-25 22.42 23.5 22.42 22.42
2015-11-06 18.67 19.07 18.5 18.5
2015-11-16 20.38 20.44 18.81 18.81
2015-11-17 22.42 22.42 21.11 21.11
2016-06-28 21.26 22.25 21.26 21.26
2016-06-29 19.99 20.76 19.14 19.14
2016-07-11 20.01 20.69 19.92 19.92
2016-08-18 19.31 19.54 19.02 19.02
2016-08-24 20.63 20.72 19.66 19.66
2016-09-07 21.66 22.17 20.91 20.91
2016-09-30 23.54 23.84 23.01 23.01
2017-01-04 24.08 24.2 23.6 23.6
2017-02-24 22.29 22.87 22.2 22.2
2017-04-13 18.85 18.99 18.81 18.81
2017-05-26 17.19 17.32 16.97 16.97
2017-05-31 17.41 17.55 17.18 17.18
2017-06-29 17.82 18.0 17.74 17.74
2017-07-03 18.2 18.21 17.77 17.77
2017-07-28 16.68 16.72 16.43 16.43
2017-08-08 18.34 18.45 17.82 17.82
2017-08-18 18.87 18.95 18.48 18.48
2017-08-28 18.78 19.0 18.7 18.7
