1995-12-25 6.82 7.08 6.6 6.6
1995-12-27 7.18 7.33 6.85 6.85
1996-02-13 6.33 6.36 6.25 6.25
1996-02-16 6.5 6.54 6.37 6.37
1996-04-19 6.86 6.95 6.65 6.65
1996-05-28 6.27 6.29 6.2 6.2
1996-06-20 6.25 6.3 6.15 6.15
1996-06-24 6.25 6.37 6.2 6.2
1996-07-02 6.05 6.17 5.9 5.9
1996-07-04 6.3 6.3 6.0 6.0
1996-07-05 6.2 6.3 6.06 6.06
1996-08-29 4.94 4.98 4.78 4.78
1996-08-30 5.02 5.05 4.85 4.85
1996-09-05 5.15 5.28 4.95 4.95
1997-01-15 5.44 5.45 5.2 5.2
1997-03-18 7.1 7.2 6.8 6.8
1997-03-26 6.64 6.7 6.45 6.45
1997-05-20 8.1 8.28 7.85 7.85
1997-06-13 6.78 6.99 6.01 6.01
1997-07-10 5.68 5.68 5.24 5.24
1997-08-20 6.2 6.26 6.12 6.12
1997-09-10 8.23 8.23 7.45 7.45
1997-09-15 7.8 8.07 7.5 7.5
1997-10-15 7.36 7.45 6.99 6.99
1997-10-20 7.35 7.5 7.26 7.26
1997-11-07 6.92 7.08 6.7 6.7
1997-11-14 6.89 6.92 6.72 6.72
1997-11-19 6.74 6.82 6.38 6.38
1997-12-08 7.25 7.29 7.12 7.12
1997-12-12 7.45 7.58 7.28 7.28
1997-12-25 7.2 7.28 7.03 7.03
1997-12-26 7.85 7.92 7.18 7.18
1998-03-10 8.32 8.49 8.2 8.2
1998-03-27 10.3 10.32 9.41 9.41
1998-08-04 11.93 12.05 11.5 11.5
1998-08-19 11.1 11.48 10.22 10.22
1998-09-04 12.02 12.34 11.9 11.9
1998-09-14 12.98 13.22 12.25 12.25
1998-11-26 11.63 11.95 11.58 11.58
1999-01-21 10.2 10.35 10.09 10.09
1999-01-26 10.12 10.21 10.0 10.0
1999-01-29 10.33 10.57 10.2 10.2
1999-02-08 11.68 12.25 11.01 11.01
1999-03-01 11.74 12.1 11.66 11.66
1999-04-05 12.75 12.9 12.52 12.52
1999-04-09 12.69 12.93 12.27 12.27
1999-04-14 14.58 14.58 13.26 13.26
1999-05-17 14.98 15.37 14.6 14.6
1999-05-24 16.35 16.35 15.3 15.3
1999-05-26 15.79 15.9 15.5 15.5
1999-06-02 18.7 19.01 17.3 17.3
1999-07-20 23.59 23.59 20.51 20.51
1999-10-12 20.2 20.9 19.82 19.82
1999-10-26 17.98 18.5 17.52 17.52
1999-12-03 17.25 17.49 17.02 17.02
1999-12-06 17.6 17.6 17.26 17.26
2000-01-24 21.68 21.68 19.8 19.8
2000-02-14 23.78 23.78 23.78 23.78
2000-02-21 28.8 29.7 27.0 27.0
2000-05-19 16.82 16.84 16.28 16.28
2000-06-13 17.42 17.68 17.3 17.3
2000-06-16 18.38 19.4 17.8 17.8
2000-06-19 19.72 20.2 18.5 18.5
2000-10-10 16.02 16.07 15.9 15.9
2000-11-06 16.66 16.9 16.6 16.6
2000-11-09 17.26 17.3 17.0 17.0
2000-11-17 17.65 17.85 17.43 17.43
2000-11-23 17.69 17.85 17.55 17.55
2000-11-28 17.18 17.18 16.9 16.9
2000-11-30 16.86 17.19 16.76 16.76
2000-12-01 17.05 17.08 16.86 16.86
2001-02-14 16.76 16.9 16.65 16.65
2001-02-22 16.14 16.3 16.0 16.0
2001-03-01 16.73 16.8 16.68 16.68
2001-03-07 16.9 17.16 16.9 16.9
2001-05-08 18.1 18.3 17.83 17.83
2001-05-15 19.28 20.25 18.54 18.54
2001-05-17 19.54 19.82 19.15 19.15
2001-05-22 19.24 19.58 19.2 19.2
2001-06-12 19.09 19.29 18.9 18.9
2001-06-13 19.45 19.5 19.12 19.12
2001-06-21 18.51 18.59 18.3 18.3
2001-08-20 16.65 16.68 16.26 16.26
2001-08-21 16.73 16.95 16.7 16.7
2001-09-04 16.6 17.0 15.55 15.55
2001-09-19 16.07 16.08 15.7 15.7
2001-10-23 15.1 15.1 14.5 14.5
2001-10-29 14.32 14.4 14.1 14.1
2001-11-19 14.2 14.25 13.9 13.9
2001-11-27 14.59 14.66 14.28 14.28
2002-03-14 14.05 14.09 13.24 13.24
2002-03-19 14.11 14.2 13.5 13.5
2002-06-20 8.15 8.38 8.1 8.1
2002-06-26 9.23 9.4 8.88 8.88
2002-07-01 9.42 9.69 9.11 9.11
2002-08-22 9.17 9.39 8.8 8.8
2002-08-30 8.9 8.96 8.85 8.85
2002-09-03 9.03 9.1 8.93 8.93
2002-09-06 8.75 8.83 8.71 8.71
2002-09-12 8.69 8.74 8.58 8.58
2002-09-13 8.72 8.75 8.65 8.65
2003-01-16 7.81 7.95 7.57 7.57
2003-01-22 7.5 7.52 7.3 7.3
2003-02-19 7.85 7.92 7.65 7.65
2003-02-25 7.65 7.66 7.5 7.5
2003-04-23 7.15 7.17 7.03 7.03
2003-05-29 6.9 6.95 6.66 6.66
2003-07-30 6.58 6.68 6.53 6.53
2003-08-18 6.67 6.69 6.5 6.5
2003-10-20 6.03 6.11 6.02 6.02
2003-10-23 6.07 6.15 6.01 6.01
2004-01-08 5.22 5.24 5.0 5.0
2004-01-15 5.3 5.43 5.29 5.29
2004-02-16 6.25 6.25 5.94 5.94
2004-02-20 6.74 6.85 6.65 6.65
2004-02-27 6.22 6.25 6.1 6.1
2004-03-19 6.23 6.28 6.09 6.09
2004-06-11 6.12 6.25 6.06 6.06
2004-07-09 5.2 5.32 5.2 5.2
2004-08-18 4.47 4.53 4.45 4.45
2004-08-26 4.59 4.82 4.58 4.58
2004-11-26 5.2 5.25 5.16 5.16
2004-12-01 5.23 5.36 5.13 5.13
2005-01-06 4.72 4.74 4.6 4.6
2005-07-05 3.41 3.45 3.35 3.35
2005-08-22 4.05 4.2 4.02 4.02
2005-10-21 4.47 4.52 4.4 4.4
2005-11-18 3.95 4.0 3.85 3.85
2006-01-23 5.2 5.25 4.99 4.99
2006-01-25 5.58 5.62 5.15 5.15
2006-04-04 5.23 5.4 5.15 5.15
2006-05-15 6.39 6.39 6.39 6.39
2006-05-19 7.51 7.51 6.83 6.83
2006-05-26 8.28 8.28 7.77 7.77
2007-04-24 12.46 12.46 12.38 12.38
2007-05-08 13.35 13.68 12.88 12.88
2007-05-10 13.35 13.8 12.86 12.86
2007-05-23 13.53 13.55 12.88 12.88
2007-08-27 12.7 12.87 12.25 12.25
2007-11-15 18.53 19.05 18.19 18.19
2007-12-25 18.97 19.25 18.12 18.12
2008-02-04 20.8 20.8 19.1 19.1
2008-02-18 23.29 23.3 22.48 22.48
2008-03-24 27.36 27.66 26.56 26.56
2008-04-30 14.74 14.76 14.01 14.01
2008-05-08 15.27 15.27 14.28 14.28
2008-07-09 9.1 9.2 8.54 8.54
2009-01-12 4.55 4.63 4.46 4.46
2009-01-19 4.79 4.88 4.68 4.68
2009-03-04 5.77 5.78 5.46 5.46
2009-03-10 5.36 5.37 5.09 5.09
2009-05-06 7.41 7.43 7.05 7.05
2009-08-24 8.08 8.21 7.91 7.91
2009-10-23 8.88 8.89 8.63 8.63
2009-11-12 9.4 9.58 9.2 9.2
2010-07-27 9.35 9.55 9.17 9.17
2010-08-19 10.16 10.38 10.11 10.11
2010-09-30 11.09 11.14 10.8 10.8
2010-12-13 11.4 11.48 11.13 11.13
2010-12-14 12.54 12.54 11.39 11.39
2011-05-06 11.58 11.68 11.43 11.43
2011-05-09 11.81 11.82 11.54 11.54
2012-05-14 8.79 8.92 8.62 8.62
2012-05-21 8.43 8.54 8.32 8.32
2012-05-28 9.13 9.15 8.63 8.63
2012-09-27 6.16 6.26 6.01 6.01
2012-10-10 6.45 6.52 6.3 6.3
2012-10-16 6.22 6.26 6.15 6.15
2012-11-30 5.13 5.23 5.0 5.0
2013-02-25 6.19 6.22 6.14 6.14
2013-02-27 6.37 6.43 6.22 6.22
2013-03-06 6.31 6.32 5.97 5.97
2013-05-03 5.79 5.85 5.64 5.64
2013-05-06 5.81 5.88 5.78 5.78
2013-11-14 5.78 5.91 5.76 5.76
2013-12-30 5.5 5.51 5.46 5.46
2014-01-07 5.33 5.4 5.26 5.26
2014-07-01 7.42 7.47 7.09 7.09
2014-07-08 7.24 7.31 7.16 7.16
2014-07-11 7.13 7.15 7.0 7.0
2014-08-15 8.14 8.15 7.91 7.91
2014-09-03 8.32 8.34 8.15 8.15
2014-09-12 8.88 9.0 8.7 8.7
2014-09-19 9.69 9.84 9.0 9.0
2014-12-11 9.34 9.39 9.0 9.0
2015-03-23 12.13 12.22 11.75 11.75
2015-07-09 10.38 10.38 8.5 8.5
2015-08-07 13.78 13.78 12.73 12.73
2015-08-14 16.53 16.85 15.53 15.53
2015-09-24 11.04 11.16 10.52 10.52
2016-07-22 15.81 15.97 15.55 15.55
2016-09-09 15.94 16.33 15.76 15.76
2016-09-19 16.45 16.59 15.87 15.87
2016-11-01 16.3 16.37 16.05 16.05
2017-02-07 15.24 15.51 15.18 15.18
2017-02-22 16.51 16.88 15.55 15.55
2017-08-04 11.02 11.13 10.92 10.92
