2003-04-03 9.99 10.0 9.8 9.8
2003-05-23 9.17 9.4 9.03 9.03
2003-06-24 8.81 8.82 8.7 8.7
2003-11-14 6.24 6.24 6.1 6.1
2003-11-24 6.6 6.66 6.3 6.3
2003-12-11 7.08 7.21 6.91 6.91
2004-01-07 6.75 6.85 6.56 6.56
2004-01-08 6.89 6.99 6.76 6.76
2004-01-15 6.95 7.09 6.9 6.9
2004-01-16 7.0 7.03 6.9 6.9
2004-02-02 7.11 7.5 6.9 6.9
2004-02-19 7.68 7.81 7.6 7.6
2004-03-11 7.43 7.59 7.23 7.23
2004-04-09 7.82 7.98 7.61 7.61
2004-04-29 6.59 6.67 6.5 6.5
2004-06-04 6.54 6.57 6.42 6.42
2004-06-21 4.65 4.68 4.55 4.55
2004-06-22 4.66 4.73 4.65 4.65
2004-08-10 3.92 3.92 3.87 3.87
2004-08-31 3.87 3.98 3.85 3.85
2004-09-01 3.79 3.86 3.76 3.76
2004-09-14 3.96 3.98 3.86 3.86
2004-11-03 3.51 3.54 3.42 3.42
2004-11-18 3.61 3.62 3.55 3.55
2004-12-06 3.73 3.77 3.7 3.7
2004-12-09 3.64 3.73 3.62 3.62
2005-01-05 3.34 3.39 3.27 3.27
2005-01-24 3.46 3.48 3.4 3.4
2005-02-23 3.1 3.13 3.03 3.03
2005-02-25 3.08 3.13 3.07 3.07
2005-03-07 2.99 3.02 2.95 2.95
2005-04-11 2.79 2.88 2.73 2.73
2005-04-13 2.78 2.79 2.71 2.71
2005-04-19 2.6 2.68 2.5 2.5
2005-04-29 2.46 2.54 2.45 2.45
2005-05-13 2.4 2.43 2.35 2.35
2005-05-24 2.4 2.42 2.35 2.35
2005-05-26 2.46 2.47 2.43 2.43
2005-06-08 2.65 2.68 2.48 2.48
2005-06-17 2.43 2.46 2.4 2.4
2005-07-12 2.19 2.2 2.12 2.12
2005-08-01 2.07 2.09 2.05 2.05
2005-08-02 2.17 2.22 2.07 2.07
2005-08-05 2.25 2.26 2.18 2.18
2005-08-25 2.31 2.31 2.25 2.25
2005-09-07 2.5 2.5 2.42 2.42
2005-09-29 2.4 2.46 2.35 2.35
2005-09-30 2.42 2.44 2.39 2.39
2005-10-19 2.44 2.47 2.4 2.4
2005-10-21 2.41 2.46 2.38 2.38
2005-11-02 2.32 2.33 2.27 2.27
2005-11-09 2.36 2.4 2.36 2.36
2005-11-11 2.33 2.35 2.25 2.25
2005-11-15 2.45 2.52 2.36 2.36
2005-11-25 2.46 2.48 2.43 2.43
2005-12-01 2.42 2.45 2.4 2.4
2005-12-14 2.4 2.41 2.35 2.35
2005-12-16 2.41 2.42 2.36 2.36
2006-01-12 2.66 2.66 2.57 2.57
2006-02-06 2.76 2.76 2.7 2.7
2006-03-13 2.53 2.54 2.5 2.5
2006-03-15 2.53 2.54 2.51 2.51
2006-03-22 2.63 2.65 2.62 2.62
2006-06-16 4.75 4.76 4.57 4.57
2006-07-06 5.32 5.32 5.2 5.2
2006-07-25 5.63 5.65 5.53 5.53
2006-08-08 4.37 4.45 4.25 4.25
2006-08-10 4.51 4.54 4.36 4.36
2006-09-14 5.3 5.3 4.84 4.84
2006-10-24 4.93 4.95 4.78 4.78
2007-01-24 4.72 4.77 4.55 4.55
2007-02-13 4.67 4.71 4.58 4.58
2007-03-02 5.13 5.2 4.87 4.87
2007-03-20 5.59 5.6 5.48 5.48
2007-04-02 5.92 5.95 5.75 5.75
2007-04-20 7.93 8.0 7.55 7.55
2007-05-22 9.28 9.42 9.02 9.02
2007-05-23 9.87 9.97 9.35 9.35
2007-05-25 10.3 10.55 9.61 9.61
2007-06-05 8.61 8.8 8.22 8.22
2007-06-08 9.28 9.53 9.02 9.02
2007-08-14 8.99 9.08 8.87 8.87
2007-11-13 7.28 7.53 7.12 7.12
2007-11-22 7.59 7.9 7.33 7.33
2007-11-29 7.39 7.4 7.19 7.19
2007-12-07 7.58 7.63 7.4 7.4
2007-12-14 8.42 8.42 7.6 7.6
2007-12-25 9.42 9.42 8.58 8.58
2008-01-23 8.46 8.49 7.85 7.85
2008-01-29 8.04 8.2 7.79 7.79
2008-02-04 8.33 8.39 7.89 7.89
2008-02-14 8.59 8.7 8.41 8.41
2008-02-19 9.27 9.71 9.16 9.16
2008-04-11 6.99 7.23 6.53 6.53
2008-04-29 6.77 6.93 6.7 6.7
2008-04-30 6.97 7.02 6.8 6.8
2008-05-05 7.24 7.42 6.97 6.97
2008-05-14 7.62 7.62 7.62 7.62
2008-05-15 8.38 8.38 8.38 8.38
2008-05-22 11.15 11.15 11.15 11.15
2008-10-24 4.02 4.19 3.89 3.89
2008-11-05 4.39 4.39 4.12 4.12
2009-01-09 5.9 5.92 5.66 5.66
2009-01-22 6.09 6.1 5.98 5.98
2009-02-02 6.39 6.45 6.03 6.03
2009-03-10 7.02 7.2 6.5 6.5
2009-04-16 7.42 7.63 7.06 7.06
2009-04-29 7.02 7.09 6.86 6.86
2009-04-30 7.2 7.25 7.02 7.02
2009-05-04 7.42 7.44 7.2 7.2
2009-05-06 8.09 8.18 7.85 7.85
2009-05-08 8.78 8.78 7.87 7.87
2009-06-17 7.99 8.05 7.73 7.73
2009-07-14 8.42 8.48 8.26 8.26
2009-07-17 8.7 8.8 8.21 8.21
2009-07-24 8.74 8.97 8.5 8.5
2009-08-20 7.44 7.44 6.81 6.81
2009-09-04 8.41 8.55 8.05 8.05
2009-09-17 8.3 8.34 8.03 8.03
2009-10-16 7.74 7.86 7.64 7.64
2009-11-12 7.93 8.04 7.85 7.85
2010-01-11 9.06 9.27 8.9 8.9
2010-01-20 9.34 9.85 9.22 9.22
2010-02-09 8.6 8.99 8.45 8.45
2010-02-12 8.46 8.57 8.38 8.38
2010-05-31 9.54 9.57 9.1 9.1
2010-07-06 8.12 8.12 7.59 7.59
2010-07-12 8.41 8.44 8.3 8.3
2010-07-26 8.6 8.72 8.48 8.48
2010-08-09 9.2 9.35 8.94 8.94
2010-08-11 8.85 8.9 8.67 8.67
2010-08-30 9.17 9.23 8.9 8.9
2010-10-19 8.96 8.97 8.7 8.7
2010-11-01 8.8 8.86 8.7 8.7
2010-11-11 9.62 9.97 9.5 9.5
2010-12-31 8.02 8.09 7.94 7.94
2011-02-14 8.31 8.35 8.15 8.15
2011-02-23 8.48 8.53 8.34 8.34
2011-02-28 9.27 9.44 8.8 8.8
2011-03-16 8.82 8.82 8.63 8.63
2011-03-18 8.72 8.83 8.62 8.62
2011-06-14 9.03 9.15 8.86 8.86
2011-06-20 8.98 8.98 8.3 8.3
2011-07-29 9.45 9.73 8.9 8.9
2011-08-12 9.2 9.4 9.1 9.1
2011-08-23 9.12 9.14 8.96 8.96
2011-09-07 9.05 9.1 8.9 8.9
2011-09-08 9.06 9.16 9.04 9.04
2011-10-17 8.42 8.5 8.23 8.23
2011-10-24 7.9 7.93 7.69 7.69
2011-10-27 8.27 8.35 8.01 8.01
2011-12-23 6.25 6.46 6.18 6.18
2012-01-05 6.29 6.39 6.05 6.05
2012-01-17 6.88 6.89 6.55 6.55
2012-01-20 6.93 6.98 6.8 6.8
2012-02-13 7.27 7.35 7.11 7.11
2012-02-14 7.4 7.46 7.21 7.21
2012-03-08 8.67 8.75 8.16 8.16
2012-05-18 5.16 5.26 5.11 5.11
2012-05-21 5.28 5.35 5.18 5.18
2012-06-01 5.53 5.61 5.46 5.46
2012-08-01 4.46 4.46 4.46 4.46
2012-08-06 5.94 5.94 5.45 5.45
2012-08-27 5.12 5.24 5.04 5.04
2012-08-29 5.23 5.35 5.14 5.14
2012-09-18 5.22 5.29 5.17 5.17
2012-09-27 5.34 5.44 5.14 5.14
2012-10-30 5.23 5.28 5.14 5.14
2012-12-27 6.58 6.75 6.47 6.47
2013-02-08 8.39 8.5 8.01 8.01
2013-04-09 6.93 6.98 6.8 6.8
2013-04-18 6.89 6.94 6.8 6.8
2013-04-22 7.72 7.72 7.72 7.72
2013-05-03 6.95 6.96 6.83 6.83
2013-05-10 6.82 6.83 6.69 6.69
2013-05-29 6.99 7.09 6.94 6.94
2013-05-31 6.98 7.05 6.92 6.92
2013-06-19 6.3 6.47 6.18 6.18
2013-07-09 5.22 5.24 5.06 5.06
2013-07-10 5.54 5.72 5.35 5.35
2013-08-05 5.56 5.56 5.43 5.43
2013-08-29 6.09 6.18 6.0 6.0
2013-09-09 6.12 6.12 6.02 6.02
2013-10-09 6.07 6.09 5.92 5.92
2013-10-11 6.05 6.09 6.0 6.0
2013-10-21 6.09 6.13 6.01 6.01
2013-11-28 6.65 6.71 6.5 6.5
2013-12-12 6.58 6.67 6.56 6.56
2014-01-21 5.38 5.39 5.3 5.3
2014-02-10 5.68 5.71 5.57 5.57
2014-03-17 5.48 5.49 5.41 5.41
2014-04-11 5.73 5.8 5.72 5.72
2014-04-16 5.9 6.03 5.8 5.8
2014-04-29 5.36 5.36 5.27 5.27
2014-05-21 5.37 5.39 5.3 5.3
2014-06-27 5.52 5.58 5.49 5.49
2014-06-30 5.58 5.65 5.51 5.51
2014-08-04 5.95 5.95 5.8 5.8
2014-08-11 6.12 6.15 5.91 5.91
2014-08-29 6.9 6.94 6.45 6.45
2014-10-28 4.62 4.63 4.41 4.41
2014-11-26 5.3 5.3 4.82 4.82
2014-12-24 5.21 5.26 5.09 5.09
2014-12-26 5.5 5.66 5.41 5.41
2015-01-13 5.2 5.25 5.18 5.18
2015-01-14 5.32 5.35 5.21 5.21
2015-01-20 5.07 5.08 4.95 4.95
2015-01-26 5.34 5.36 5.22 5.22
2015-03-30 6.73 6.83 6.4 6.4
2015-04-03 7.13 7.36 6.85 6.85
2015-04-13 7.26 7.27 7.06 7.06
2015-05-25 7.71 7.79 7.56 7.56
2015-07-08 4.7 5.2 4.6 4.6
2015-07-16 5.74 5.84 5.47 5.47
2015-08-04 5.86 5.88 5.57 5.57
2015-08-07 6.04 6.1 5.98 5.98
2015-09-24 4.6 4.62 4.53 4.53
2015-10-12 4.82 4.87 4.65 4.65
2015-11-04 5.3 5.34 4.94 4.94
2015-12-17 5.06 5.09 4.96 4.96
2015-12-29 5.12 5.15 5.02 5.02
2016-02-02 3.77 3.78 3.66 3.66
2016-02-16 3.95 3.96 3.85 3.85
2016-03-07 3.94 3.96 3.88 3.88
2016-04-13 4.12 4.17 4.06 4.06
2016-05-20 3.77 3.79 3.7 3.7
2016-05-31 3.86 3.87 3.74 3.74
2016-06-22 3.78 3.79 3.73 3.73
2016-07-21 3.96 3.98 3.94 3.94
2016-08-03 3.94 3.97 3.86 3.86
2016-08-18 4.05 4.08 4.03 4.03
2016-08-29 4.11 4.15 4.0 4.0
2016-09-02 4.02 4.04 4.0 4.0
2016-10-18 4.36 4.36 4.26 4.26
2016-10-24 4.5 4.53 4.36 4.36
2016-11-10 4.36 4.39 4.32 4.32
2017-01-03 4.85 4.85 4.73 4.73
2017-01-26 4.88 4.89 4.86 4.86
2017-02-10 5.17 5.28 5.05 5.05
2017-03-08 4.95 4.98 4.93 4.93
2017-03-16 4.89 4.9 4.8 4.8
2017-04-26 4.69 4.72 4.65 4.65
2017-07-05 4.17 4.17 4.14 4.14
2017-07-12 4.29 4.34 4.17 4.17
2017-07-28 4.5 4.54 4.46 4.46
2017-08-14 4.48 4.51 4.44 4.44
