1994-01-27 13.27 13.34 13.11 13.11
1994-02-02 12.8 13.0 11.95 11.95
1994-03-07 11.22 11.3 11.07 11.07
1994-03-09 11.5 11.75 10.68 10.68
1994-04-21 9.5 9.59 8.64 8.64
1994-05-10 9.95 9.98 9.52 9.52
1994-05-17 10.08 10.28 10.0 10.0
1994-05-24 10.12 10.2 10.0 10.0
1994-05-31 9.18 9.38 8.75 8.75
1994-06-02 8.98 9.0 8.8 8.8
1994-06-14 8.0 8.15 7.83 7.83
1994-07-05 9.15 9.15 8.85 8.85
1994-07-19 8.6 8.89 8.3 8.3
1994-08-05 11.6 11.6 10.5 10.5
1994-08-12 10.6 11.5 10.24 10.24
1994-08-18 11.7 12.2 11.4 11.4
1994-09-15 22.5 22.6 21.59 21.59
1994-10-17 8.95 9.3 8.72 8.72
1994-10-19 9.7 9.9 9.45 9.45
1994-11-02 10.1 10.15 9.8 9.8
1994-11-07 10.3 10.48 9.81 9.81
1994-11-29 10.37 10.39 10.15 10.15
1995-01-04 8.36 8.51 7.9 7.9
1995-02-13 6.33 6.35 6.13 6.13
1995-02-16 6.18 6.23 6.13 6.13
1995-03-14 8.4 8.6 8.23 8.23
1995-03-27 9.27 9.38 9.0 9.0
1995-05-02 8.19 8.23 8.0 8.0
1995-05-05 8.14 8.2 8.05 8.05
1995-05-12 8.3 8.45 7.8 7.8
1995-06-09 12.5 12.75 12.35 12.35
1995-06-13 12.45 12.59 12.38 12.38
1995-06-20 11.55 11.73 11.55 11.55
1995-06-23 11.6 11.75 11.48 11.48
1995-06-28 11.74 11.85 11.55 11.55
1995-07-04 11.25 11.35 10.86 10.86
1995-07-17 12.5 12.66 11.7 11.7
1995-09-21 10.63 10.68 10.53 10.53
1995-09-22 10.67 10.8 10.65 10.65
1995-09-29 10.47 10.47 10.1 10.1
1995-10-04 10.32 10.45 10.32 10.32
1995-10-05 10.7 10.7 10.42 10.42
1995-10-10 10.1 10.4 10.02 10.02
1995-10-16 10.62 10.9 10.5 10.5
1995-10-17 10.62 10.9 10.5 10.5
1995-10-24 10.69 10.85 10.5 10.5
1995-10-30 10.57 10.6 10.5 10.5
1995-11-01 10.88 10.88 10.5 10.5
1995-11-03 11.66 11.72 10.9 10.9
1995-11-14 10.84 10.9 10.7 10.7
1995-11-17 10.75 10.94 10.7 10.7
1995-11-24 10.84 10.88 10.61 10.61
1995-11-28 10.95 10.95 10.7 10.7
1995-12-08 10.75 10.95 10.67 10.67
1996-01-12 8.85 8.95 8.8 8.8
1996-01-17 8.85 9.0 8.8 8.8
1996-01-19 8.43 8.54 8.3 8.3
1996-01-23 8.36 8.4 8.28 8.28
1996-01-26 8.44 8.5 8.2 8.2
1996-01-29 8.47 8.5 8.3 8.3
1996-02-06 8.49 8.7 8.4 8.4
1996-02-09 8.51 8.55 8.5 8.5
1996-02-12 8.51 8.54 8.3 8.3
1996-03-08 9.5 9.56 9.29 9.29
1996-03-20 9.74 9.79 9.71 9.71
1996-04-03 9.47 9.5 9.4 9.4
1996-04-05 9.76 9.85 9.45 9.45
1996-04-09 9.7 9.72 9.6 9.6
1996-04-10 9.86 9.9 9.69 9.69
1996-04-12 10.05 10.2 9.98 9.98
1996-04-26 12.02 12.4 11.45 11.45
1996-05-09 9.08 9.3 9.05 9.05
1996-05-22 9.4 9.55 9.28 9.28
1996-05-27 9.0 9.1 8.9 8.9
1996-05-31 9.05 9.47 8.8 8.8
1996-06-04 9.09 9.25 9.0 9.0
1996-07-17 9.27 9.59 9.0 9.0
1996-08-12 9.61 9.7 9.4 9.4
1996-08-19 9.19 9.32 9.0 9.0
1996-08-21 9.0 9.34 8.8 8.8
1996-09-05 8.28 8.55 8.22 8.22
1996-09-11 7.8 7.94 7.55 7.55
1996-10-04 8.8 8.88 8.35 8.35
1996-10-10 8.62 8.64 8.3 8.3
1996-11-08 8.51 8.58 8.41 8.41
1996-11-27 9.74 9.85 9.3 9.3
1996-12-04 11.05 11.09 10.58 10.58
1996-12-09 11.64 11.89 11.3 11.3
1996-12-16 9.0 9.0 9.0 9.0
1996-12-17 8.1 8.51 8.1 8.1
1997-01-09 8.0 8.08 7.9 7.9
1997-01-20 8.09 8.11 7.9 7.9
1997-01-27 8.37 8.45 8.28 8.28
1997-02-19 8.24 8.25 7.95 7.95
1997-02-20 8.07 8.15 7.42 7.42
1997-02-21 8.6 8.68 8.08 8.08
1997-02-26 9.02 9.1 8.66 8.66
1997-03-17 10.0 10.12 9.5 9.5
1997-03-31 11.95 12.1 11.5 11.5
1997-04-30 12.33 12.5 12.2 12.2
1997-06-12 12.01 12.33 11.5 11.5
1997-07-14 13.25 13.36 12.78 12.78
1997-07-25 13.15 13.45 13.0 13.0
1997-08-06 13.35 13.58 13.3 13.3
1997-08-25 11.5 11.75 11.4 11.4
1997-09-04 12.0 12.34 11.91 11.91
1997-10-08 10.44 10.5 10.2 10.2
1997-10-21 11.05 11.38 10.58 10.58
1997-11-07 10.65 10.85 10.55 10.55
1997-11-10 10.62 10.96 10.02 10.02
1997-11-13 10.3 10.34 10.08 10.08
1997-11-14 10.48 10.6 10.3 10.3
1997-11-24 9.8 10.15 9.7 9.7
1997-11-25 10.28 10.29 9.7 9.7
1997-11-28 10.61 10.8 10.02 10.02
1997-12-01 10.81 10.95 10.61 10.61
1997-12-03 10.9 11.35 10.69 10.69
1997-12-15 11.6 11.8 11.53 11.53
1997-12-19 12.01 12.04 11.5 11.5
1998-01-16 12.75 13.15 12.18 12.18
1998-02-09 12.07 12.07 11.17 11.17
1998-03-03 12.04 12.33 11.91 11.91
1998-03-23 11.7 11.98 11.62 11.62
1998-03-26 12.4 12.4 12.0 12.0
1998-03-31 12.83 12.96 12.0 12.0
1998-04-02 13.29 13.65 12.6 12.6
1998-04-08 13.13 13.33 13.0 13.0
1998-04-10 13.31 13.38 12.8 12.8
1998-04-13 13.99 14.3 13.5 13.5
1998-04-20 13.11 13.38 13.02 13.02
1998-04-28 13.79 13.81 13.58 13.58
1998-05-22 7.27 7.4 7.16 7.16
1998-05-29 7.47 7.55 7.4 7.4
1998-06-01 7.95 7.95 7.5 7.5
1998-06-19 7.34 7.41 7.25 7.25
1998-06-29 7.56 7.65 7.3 7.3
1998-07-02 7.8 7.85 7.4 7.4
1998-07-06 7.68 7.88 7.65 7.65
1998-07-07 8.04 8.1 7.7 7.7
1998-07-23 7.65 7.65 7.4 7.4
1998-07-27 7.75 7.78 7.61 7.61
1998-08-19 6.03 6.05 5.68 5.68
1998-09-04 6.08 6.11 6.0 6.0
1998-09-10 6.41 6.47 6.19 6.19
1998-10-08 6.2 6.22 6.13 6.13
1998-10-13 6.36 6.44 6.22 6.22
1998-10-27 6.38 6.5 6.35 6.35
1998-10-30 6.29 6.47 6.25 6.25
1998-11-06 6.28 6.39 6.26 6.26
1998-11-12 6.69 6.76 6.38 6.38
1998-11-18 6.6 6.66 6.45 6.45
1998-11-24 6.38 6.41 6.3 6.3
1998-12-08 6.4 6.42 6.32 6.32
1998-12-22 6.22 6.22 6.06 6.06
1999-01-27 5.63 5.7 5.55 5.55
1999-02-02 5.61 5.65 5.54 5.54
1999-02-03 5.7 5.8 5.65 5.65
1999-03-03 5.8 5.84 5.72 5.72
1999-03-24 5.88 5.88 5.84 5.84
1999-03-30 5.78 5.82 5.76 5.76
1999-04-01 5.74 5.8 5.7 5.7
1999-04-02 5.87 5.88 5.75 5.75
1999-04-29 5.37 5.4 5.31 5.31
1999-05-06 5.42 5.45 5.33 5.33
1999-05-11 5.13 5.2 5.01 5.01
1999-06-07 5.71 5.71 5.2 5.2
1999-06-14 7.37 7.37 6.7 6.7
1999-06-23 7.3 7.5 7.0 7.0
1999-07-09 7.01 7.08 6.8 6.8
1999-07-20 6.72 6.72 6.25 6.25
1999-07-27 7.15 7.45 7.0 7.0
1999-07-28 7.63 7.8 7.18 7.18
1999-08-05 7.89 8.02 7.68 7.68
1999-08-17 7.73 7.76 7.65 7.65
1999-09-08 7.74 7.88 7.66 7.66
1999-09-20 7.84 7.96 7.8 7.8
1999-10-20 6.89 6.96 6.8 6.8
1999-10-22 6.9 7.04 6.75 6.75
1999-10-27 7.18 7.18 6.93 6.93
1999-11-05 7.09 7.14 6.93 6.93
1999-11-15 7.06 7.18 6.72 6.72
1999-11-17 7.01 7.09 6.9 6.9
1999-12-15 6.73 6.89 6.65 6.65
1999-12-27 6.77 6.77 6.3 6.3
1999-12-30 6.75 6.9 6.72 6.72
2000-01-12 7.76 7.76 6.39 6.39
2000-01-20 8.34 8.48 8.2 8.2
2000-02-24 7.9 8.0 7.6 7.6
2000-03-21 7.7 7.74 7.28 7.28
2000-04-06 7.67 7.78 7.5 7.5
2000-04-07 7.95 8.0 7.68 7.68
2000-04-20 9.11 9.3 8.84 8.84
2000-05-12 9.69 9.69 8.81 8.81
2000-05-17 10.14 10.32 9.96 9.96
2000-05-24 11.06 11.38 10.5 10.5
2000-06-02 10.85 11.03 10.65 10.65
2000-06-07 10.54 10.8 10.3 10.3
2000-06-23 10.15 10.4 9.9 9.9
2000-06-28 10.24 10.36 10.1 10.1
2000-07-26 10.79 10.98 10.67 10.67
2000-08-21 11.53 11.66 11.25 11.25
2000-12-26 9.15 9.19 9.02 9.02
2001-01-10 10.07 10.2 9.98 9.98
2001-01-19 9.54 9.6 9.4 9.4
2001-02-09 9.15 9.21 9.03 9.03
2001-03-29 9.91 9.95 9.68 9.68
2001-04-10 9.82 9.93 9.68 9.68
2001-04-30 9.45 9.59 9.42 9.42
2001-05-22 9.32 9.5 9.3 9.3
2001-06-13 9.27 9.3 9.16 9.16
2001-07-09 9.05 9.06 9.01 9.01
2001-07-10 9.12 9.16 9.05 9.05
2001-08-01 8.37 8.38 8.09 8.09
2001-08-10 8.08 8.1 7.85 7.85
2001-09-10 7.26 7.32 7.0 7.0
2001-09-13 7.18 7.25 7.16 7.16
2001-11-05 6.9 6.92 6.75 6.75
2001-12-14 6.87 6.98 6.85 6.85
2001-12-31 6.5 6.52 6.42 6.42
2002-01-18 5.07 5.46 5.07 5.07
2002-01-23 5.11 5.13 4.7 4.7
2002-01-30 4.94 4.95 4.74 4.74
2002-01-31 5.19 5.3 4.97 4.97
2002-02-05 5.79 5.95 5.45 5.45
2002-02-27 5.59 5.63 5.5 5.5
2002-03-04 5.41 5.45 5.1 5.1
2002-03-07 5.95 5.97 5.55 5.55
2002-03-14 6.15 6.16 5.92 5.92
2002-03-28 5.93 6.0 5.88 5.88
2002-04-01 5.7 5.72 5.6 5.6
2002-04-09 5.9 5.92 5.7 5.7
2002-05-09 5.86 5.94 5.8 5.8
2002-06-04 5.22 5.3 5.15 5.15
2002-06-11 5.3 5.39 5.25 5.25
2002-06-14 5.59 5.75 5.4 5.4
2002-06-21 5.73 5.79 5.58 5.58
2002-08-08 6.43 6.55 6.3 6.3
2002-08-20 6.46 6.5 6.4 6.4
2002-08-21 6.51 6.55 6.46 6.46
2002-10-11 5.66 5.72 5.65 5.65
2002-10-16 5.69 5.82 5.6 5.6
2002-10-28 5.58 5.62 5.51 5.51
2002-11-04 5.34 5.38 5.28 5.28
2002-12-03 4.87 4.88 4.7 4.7
2002-12-24 4.97 4.98 4.9 4.9
2003-01-08 4.62 4.65 4.45 4.45
2003-01-29 5.13 5.17 5.12 5.12
2003-02-25 5.06 5.07 4.95 4.95
2003-03-07 5.0 5.04 4.98 4.98
2003-03-25 5.44 5.48 5.32 5.32
2003-03-31 5.51 5.55 5.42 5.42
2003-05-16 7.02 7.24 6.91 6.91
2003-06-11 7.67 7.7 7.56 7.56
2003-06-24 6.98 7.15 6.9 6.9
2003-07-01 6.81 7.04 6.75 6.75
2003-07-15 7.08 7.08 6.91 6.91
2003-08-12 6.37 6.47 6.28 6.28
2003-08-19 6.04 6.11 6.0 6.0
2003-11-26 6.08 6.18 6.0 6.0
2004-01-09 6.5 7.05 6.43 6.43
2004-01-12 6.74 6.79 6.5 6.5
2004-01-15 6.77 6.98 6.75 6.75
2004-02-05 6.8 6.85 6.63 6.63
2004-02-11 6.71 6.88 6.62 6.62
2004-04-30 5.66 5.67 5.56 5.56
2004-06-01 5.34 5.37 5.26 5.26
2004-07-05 4.8 4.8 4.68 4.68
2004-07-08 4.7 4.72 4.65 4.65
2004-08-04 4.76 4.84 4.62 4.62
2004-09-14 4.13 4.17 4.05 4.05
2004-09-20 5.01 5.01 4.65 4.65
2004-10-18 4.09 4.12 4.04 4.04
2004-10-27 3.85 3.85 3.65 3.65
2004-12-21 3.66 3.7 3.62 3.62
2004-12-22 3.78 3.79 3.64 3.64
2004-12-24 3.65 3.7 3.62 3.62
2005-03-07 3.22 3.26 3.18 3.18
2005-03-16 3.08 3.11 3.01 3.01
2005-04-13 3.2 3.27 3.14 3.14
2005-04-19 2.99 3.01 2.94 2.94
2005-05-20 2.75 2.77 2.69 2.69
2005-06-03 2.65 2.66 2.6 2.6
2005-06-08 2.86 2.88 2.68 2.68
2005-07-05 2.28 2.32 2.25 2.25
2005-07-18 2.24 2.27 2.23 2.23
2005-07-22 2.23 2.25 2.12 2.12
2005-08-01 2.44 2.46 2.38 2.38
2005-08-22 2.51 2.53 2.47 2.47
2005-10-18 2.39 2.41 2.35 2.35
2005-10-25 2.42 2.46 2.41 2.41
2005-11-18 2.39 2.41 2.33 2.33
2005-11-24 2.33 2.33 2.3 2.3
2005-12-29 2.37 2.38 2.36 2.36
2006-02-14 2.9 2.94 2.8 2.8
2006-02-23 2.72 2.73 2.65 2.65
2006-03-21 2.55 2.56 2.5 2.5
2006-04-14 2.69 2.7 2.61 2.61
2006-04-18 2.69 2.74 2.67 2.67
2006-05-08 2.6 2.6 2.5 2.5
2006-08-08 3.52 3.56 3.45 3.45
2006-10-30 2.81 2.85 2.77 2.77
2006-12-05 3.33 3.33 3.11 3.11
2007-01-08 3.41 3.42 3.26 3.26
2007-02-06 4.05 4.05 3.9 3.9
2007-03-02 4.74 4.8 4.48 4.48
2007-03-20 5.8 5.87 5.63 5.63
2007-06-05 6.35 6.4 5.92 5.92
2007-06-08 6.94 7.15 6.9 6.9
2007-07-02 5.58 5.6 5.21 5.21
2007-07-12 5.65 5.74 5.58 5.58
2007-07-23 6.22 6.22 5.67 5.67
2007-12-25 6.72 6.78 6.6 6.6
2008-01-02 6.95 6.98 6.71 6.71
2008-02-04 7.33 7.33 6.85 6.85
2008-02-18 7.5 7.62 7.35 7.35
2008-02-27 7.86 7.9 7.41 7.41
2008-04-07 5.93 5.95 5.46 5.46
2008-06-25 4.5 4.58 4.21 4.21
2008-06-30 4.15 4.19 4.01 4.01
2008-07-07 4.53 4.63 4.25 4.25
2008-07-21 4.55 4.57 4.35 4.35
2008-08-06 4.19 4.26 4.12 4.12
2008-08-13 3.92 3.92 3.56 3.56
2008-08-28 4.06 4.14 3.94 3.94
2008-10-10 3.05 3.14 3.0 3.0
2008-11-04 2.55 2.55 2.39 2.39
2008-11-10 2.82 2.84 2.67 2.67
2008-11-12 2.76 2.77 2.68 2.68
2009-01-13 3.26 3.38 3.25 3.25
2009-01-16 3.46 3.52 3.37 3.37
2009-02-02 3.59 3.65 3.38 3.38
2009-02-06 4.28 4.28 3.94 3.94
2009-03-04 4.22 4.25 3.96 3.96
2009-04-07 4.87 4.91 4.76 4.76
2009-04-21 5.0 5.05 4.91 4.91
2009-04-28 4.67 4.68 4.45 4.45
2009-06-05 6.08 6.37 6.05 6.05
2009-07-13 6.63 6.8 6.6 6.6
2009-08-20 6.11 6.13 5.88 5.88
2009-09-16 7.28 7.28 6.68 6.68
2009-10-15 7.89 8.02 7.39 7.39
2009-11-25 10.48 10.58 10.07 10.07
2009-12-01 10.55 10.7 9.9 9.9
2009-12-02 11.44 11.58 10.6 10.6
2010-01-04 12.68 12.9 11.93 11.93
2010-02-09 11.59 11.75 11.21 11.21
2010-02-25 11.94 11.95 11.18 11.18
2010-03-05 12.99 13.13 12.12 12.12
2010-03-26 13.38 13.62 13.13 13.13
2010-04-14 14.54 15.0 14.28 14.28
2010-05-04 12.46 12.68 12.22 12.22
2010-05-24 10.56 10.74 9.8 9.8
2010-06-17 9.61 9.79 9.55 9.55
2010-07-06 8.79 8.79 8.02 8.02
2010-07-09 9.92 10.01 9.06 9.06
2010-07-16 10.22 10.25 9.61 9.61
2010-09-14 13.47 13.67 13.3 13.3
2010-09-20 13.94 14.15 13.2 13.2
2010-10-21 17.27 17.57 16.5 16.5
2010-11-18 15.72 16.2 15.28 15.28
2010-12-31 14.63 14.8 14.19 14.19
2011-01-28 17.33 17.8 16.9 16.9
2011-02-10 18.59 18.68 17.05 17.05
2011-02-14 19.6 19.9 18.85 18.85
2011-03-16 20.31 20.49 19.44 19.44
2011-04-21 20.39 20.79 20.25 20.25
2011-06-08 14.07 14.16 13.61 13.61
2011-06-14 14.28 14.33 13.3 13.3
2011-06-15 14.37 14.82 14.22 14.22
2011-07-04 15.92 16.13 15.25 15.25
2011-07-20 16.33 16.47 15.71 15.71
2011-08-01 14.55 14.75 14.19 14.19
2011-09-07 14.18 14.3 13.85 13.85
2011-09-23 14.71 14.93 14.2 14.2
2011-09-26 14.71 14.98 14.58 14.58
2011-09-29 15.09 15.3 14.91 14.91
2011-10-25 12.77 12.87 12.17 12.17
2012-01-17 13.34 13.36 12.48 12.48
2012-04-25 11.91 11.92 11.67 11.67
2012-05-03 12.29 12.41 12.21 12.21
2012-07-11 8.44 8.47 8.26 8.26
2012-07-30 8.43 8.57 8.3 8.3
2012-08-06 8.82 8.86 8.62 8.62
2012-08-16 8.43 8.49 8.4 8.4
2012-08-23 8.99 9.16 8.66 8.66
2012-09-03 8.68 8.78 8.43 8.43
2012-10-23 9.68 9.92 9.56 9.56
2012-10-29 9.38 9.54 9.17 9.17
2012-10-30 9.61 9.76 9.38 9.38
2012-11-09 10.26 10.27 9.91 9.91
2012-11-29 9.88 10.05 9.81 9.81
2012-11-30 10.2 10.26 9.78 9.78
2012-12-14 10.81 10.84 10.4 10.4
2013-01-18 11.69 11.73 11.3 11.3
2013-01-23 12.54 12.55 12.1 12.1
2013-01-25 13.03 13.05 12.34 12.34
2013-01-28 13.45 13.67 12.91 12.91
2013-01-30 14.53 14.56 13.38 13.38
2013-02-04 15.57 15.68 14.86 14.86
2013-02-18 17.04 17.35 16.85 16.85
2013-02-25 15.45 15.87 15.05 15.05
2013-03-08 15.95 16.23 15.5 15.5
2013-04-09 14.19 14.34 13.7 13.7
2013-04-10 14.45 14.75 14.12 14.12
2013-04-19 14.37 14.54 14.0 14.0
2013-07-15 9.4 9.52 9.27 9.27
2013-08-14 10.67 10.86 10.46 10.46
2013-10-11 10.32 10.36 10.02 10.02
2013-10-17 10.24 10.29 10.04 10.04
2013-11-20 11.36 11.48 11.09 11.09
2013-12-06 11.81 12.1 11.47 11.47
2013-12-27 10.95 11.03 10.66 10.66
2014-01-21 9.8 9.84 9.64 9.64
2014-01-29 10.15 10.15 10.02 10.02
2014-02-10 10.41 10.46 10.02 10.02
2014-07-21 9.62 9.69 9.4 9.4
2014-07-23 9.97 10.34 9.89 9.89
2014-08-18 10.96 11.04 10.55 10.55
2014-08-27 10.13 10.15 10.06 10.06
2015-02-13 12.6 12.72 12.51 12.51
2015-02-16 12.87 12.99 12.62 12.62
2015-03-16 13.41 13.46 13.19 13.19
2015-03-23 14.29 14.49 13.93 13.93
2015-03-30 15.1 15.28 14.65 14.65
2015-04-01 16.01 16.19 15.18 15.18
2015-04-13 15.36 15.47 14.95 14.95
2015-05-11 15.34 15.36 15.0 15.0
2015-05-19 15.35 15.35 14.93 14.93
2015-05-25 16.4 16.49 16.12 16.12
2015-06-02 20.59 20.61 18.92 18.92
2015-07-08 11.37 12.12 11.37 11.37
2015-07-09 12.51 12.51 10.3 10.3
2015-08-17 16.2 16.39 15.23 15.23
2015-08-25 10.49 11.1 10.49 10.49
2015-09-24 10.54 10.6 10.31 10.31
2015-10-23 12.24 12.38 11.7 11.7
2015-12-17 12.78 12.79 12.56 12.56
2016-02-02 8.0 8.03 7.72 7.72
2016-03-14 7.99 8.1 7.76 7.76
2016-03-23 8.6 8.68 8.46 8.46
2016-03-25 8.52 8.58 8.41 8.41
2016-03-30 8.55 8.55 8.31 8.31
2016-04-05 8.77 8.83 8.49 8.49
2016-05-10 7.83 7.91 7.75 7.75
2016-05-16 7.87 7.88 7.7 7.7
2016-05-23 7.97 8.02 7.85 7.85
2016-05-31 8.25 8.26 7.91 7.91
2016-07-01 8.79 8.88 8.7 8.7
2016-08-15 9.17 9.23 8.95 8.95
2016-08-26 9.08 9.1 8.98 8.98
2016-09-09 9.03 9.2 8.96 8.96
2016-09-29 8.49 8.6 8.49 8.49
2016-11-01 8.82 8.85 8.72 8.72
2016-12-26 8.56 8.57 8.37 8.37
2017-02-20 8.63 8.63 8.5 8.5
2017-03-10 8.54 8.57 8.52 8.52
2017-03-16 8.58 8.6 8.55 8.55
2017-04-11 8.71 8.73 8.5 8.5
2017-04-13 8.77 8.79 8.62 8.62
2017-05-17 7.55 7.62 7.51 7.51
2017-06-07 7.36 7.37 7.24 7.24
2017-06-15 7.41 7.43 7.33 7.33
2017-07-19 7.28 7.33 7.16 7.16
2017-08-14 7.51 7.52 7.38 7.38
