1996-06-25 9.2 9.28 9.01 9.01
1996-06-27 10.1 10.28 9.36 9.36
1996-06-28 10.53 11.1 10.38 10.38
1996-08-28 8.49 8.73 8.0 8.0
1996-09-05 8.1 8.35 8.05 8.05
1996-09-19 7.64 7.65 7.38 7.38
1996-09-20 7.86 7.9 7.65 7.65
1996-09-26 8.21 8.25 7.85 7.85
1996-10-08 8.96 9.1 8.6 8.6
1996-10-09 9.1 9.26 9.0 9.0
1996-10-10 9.64 9.68 9.15 9.15
1996-10-31 9.12 9.35 9.03 9.03
1996-11-11 9.56 9.64 9.35 9.35
1996-11-18 9.75 9.76 9.38 9.38
1996-11-28 10.23 10.4 9.8 9.8
1996-12-11 13.26 13.58 12.65 12.65
1996-12-16 10.44 10.44 10.44 10.44
1996-12-17 9.4 9.4 9.4 9.4
1996-12-18 10.0 10.2 8.51 8.51
1996-12-20 8.85 9.1 8.55 8.55
1996-12-25 9.35 9.48 9.1 9.1
1997-01-08 9.25 9.41 9.18 9.18
1997-01-28 10.44 10.7 10.26 10.26
1997-01-31 10.18 10.29 10.17 10.17
1997-02-17 10.49 10.56 10.25 10.25
1997-02-19 10.14 10.18 9.68 9.68
1997-02-20 9.88 9.98 9.13 9.13
1997-02-21 10.25 10.29 9.9 9.9
1997-03-06 8.65 8.65 8.45 8.45
1997-03-21 9.75 9.78 9.5 9.5
1997-03-24 10.04 10.2 9.88 9.88
1997-04-21 13.09 13.2 12.6 12.6
1997-04-30 15.75 15.88 14.53 14.53
1997-05-05 16.17 16.93 15.66 15.66
1997-05-09 16.12 16.18 14.78 14.78
1997-05-14 14.54 15.08 13.55 13.55
1997-05-27 11.9 12.07 11.5 11.5
1997-06-02 13.12 13.15 12.18 12.18
1997-06-06 12.18 12.55 11.8 11.8
1997-06-20 12.65 12.85 12.12 12.12
1997-06-24 13.78 13.78 12.93 12.93
1997-07-03 12.9 12.95 12.3 12.3
1997-07-14 14.45 14.5 13.7 13.7
1997-07-29 13.49 13.78 13.0 13.0
1997-08-14 11.48 11.68 11.2 11.2
1997-08-29 10.67 10.8 10.5 10.5
1997-09-10 10.8 10.95 10.5 10.5
1997-10-27 10.66 10.74 10.0 10.0
1997-11-14 9.9 10.1 9.8 9.8
1997-12-24 8.31 8.45 7.8 7.8
1997-12-25 8.39 8.55 8.29 8.29
1998-01-05 8.8 8.92 8.6 8.6
1998-01-14 8.2 8.34 8.0 8.0
1998-01-20 8.25 8.37 8.19 8.19
1998-02-11 8.86 9.08 8.61 8.61
1998-03-11 8.33 8.38 8.13 8.13
1998-03-13 8.16 8.26 8.1 8.1
1998-04-28 10.18 10.2 9.81 9.81
1998-05-05 10.35 10.39 10.03 10.03
1998-05-25 10.68 10.85 10.3 10.3
1998-06-03 12.21 12.5 11.7 11.7
1998-06-15 11.4 11.67 11.3 11.3
1998-06-22 12.0 12.1 11.72 11.72
1998-07-16 10.4 10.49 10.2 10.2
1998-07-17 10.55 10.68 10.4 10.4
1998-07-21 10.45 10.58 10.23 10.23
1998-08-04 10.66 10.72 10.58 10.58
1998-08-05 10.8 10.92 10.68 10.68
1998-08-19 9.3 9.35 8.57 8.57
1998-08-21 9.58 9.8 9.0 9.0
1998-08-28 10.0 10.2 9.6 9.6
1998-09-09 10.71 10.79 10.3 10.3
1998-10-08 11.28 11.59 11.05 11.05
1998-11-16 13.29 13.6 13.16 13.16
1998-11-27 12.33 12.6 12.2 12.2
1998-12-08 11.45 11.46 11.02 11.02
1998-12-22 11.0 11.06 10.59 10.59
1998-12-24 10.9 10.96 10.71 10.71
1998-12-25 10.97 11.1 10.92 10.92
1999-02-02 10.25 10.25 9.9 9.9
1999-03-03 10.26 10.3 9.78 9.78
1999-03-08 10.45 10.47 10.08 10.08
1999-03-10 10.8 10.95 10.58 10.58
1999-05-04 10.35 10.43 10.3 10.3
1999-05-18 8.1 8.37 8.05 8.05
1999-06-01 9.7 9.7 9.08 9.08
1999-06-14 10.42 10.54 9.91 9.91
1999-06-28 11.7 11.7 11.0 11.0
1999-07-06 9.91 10.28 9.8 9.8
1999-07-14 9.17 9.17 9.17 9.17
1999-07-15 8.58 8.84 8.25 8.25
1999-08-10 8.8 8.98 8.75 8.75
1999-08-17 8.37 8.5 8.32 8.32
1999-08-19 8.63 8.76 8.59 8.59
1999-08-24 9.48 9.48 8.73 8.73
1999-08-31 8.49 8.89 8.26 8.26
1999-09-08 8.1 8.15 8.05 8.05
1999-09-23 8.55 8.6 8.3 8.3
1999-09-28 8.35 8.43 8.28 8.28
1999-10-14 8.22 8.47 7.6 7.6
1999-10-29 8.1 8.19 8.02 8.02
1999-11-12 7.59 7.59 7.4 7.4
1999-12-15 7.21 7.28 7.12 7.12
1999-12-28 6.33 6.4 6.3 6.3
2000-01-25 6.48 6.48 5.98 5.98
2000-03-15 7.34 7.38 7.0 7.0
2000-04-14 8.03 8.08 7.99 7.99
2000-04-20 8.68 8.8 8.35 8.35
2000-07-19 10.39 10.4 9.78 9.78
2000-07-25 11.74 11.8 10.95 10.95
2000-08-07 12.32 12.36 11.69 11.69
2000-08-14 12.0 12.15 11.61 11.61
2000-08-18 12.47 12.68 12.12 12.12
2000-08-21 13.72 13.72 12.5 12.5
2000-08-25 13.68 14.1 13.15 13.15
2000-09-08 11.75 11.97 11.39 11.39
2000-09-20 11.59 11.67 11.25 11.25
2000-09-26 11.1 11.21 11.0 11.0
2000-10-30 11.93 12.09 11.68 11.68
2000-10-31 12.68 12.95 11.98 11.98
2000-11-08 12.34 12.45 12.2 12.2
2000-12-13 11.29 11.58 11.19 11.19
2001-01-18 11.69 11.9 11.55 11.55
2001-02-22 12.06 12.34 11.96 11.96
2001-02-23 12.3 12.42 12.15 12.15
2001-03-06 13.09 13.24 12.7 12.7
2001-03-09 13.35 13.49 13.1 13.1
2001-03-19 13.24 13.3 13.1 13.1
2001-04-09 14.05 14.05 13.61 13.61
2001-04-19 13.61 13.8 13.51 13.51
2001-05-08 13.33 13.44 13.1 13.1
2001-05-11 13.46 13.52 13.3 13.3
2001-05-21 13.91 14.1 13.62 13.62
2001-05-31 14.55 14.7 14.22 14.22
2001-06-07 14.65 14.75 14.37 14.37
2001-06-15 14.97 15.19 14.5 14.5
2001-07-11 14.91 15.1 14.8 14.8
2001-07-25 14.85 14.85 14.45 14.45
2001-08-10 13.13 13.25 13.05 13.05
2001-08-15 13.24 13.3 13.05 13.05
2001-09-04 12.0 12.0 11.68 11.68
2001-09-12 11.33 11.45 11.18 11.18
2001-10-23 9.05 9.05 9.05 9.05
2001-10-24 9.5 9.5 9.5 9.5
2001-11-14 9.4 9.45 9.28 9.28
2001-11-19 9.89 9.9 9.64 9.64
2001-12-25 10.09 10.09 9.51 9.51
2002-04-25 9.75 9.82 9.61 9.61
2002-04-29 10.67 10.72 9.99 9.99
2002-05-23 9.98 10.2 9.88 9.88
2002-06-20 8.98 9.14 8.9 8.9
2002-06-21 9.39 9.45 9.01 9.01
2002-07-02 9.92 9.95 9.6 9.6
2002-07-16 10.06 10.17 10.0 10.0
2002-08-01 9.66 9.72 9.51 9.51
2002-08-06 9.71 9.73 9.5 9.5
2002-08-20 9.55 9.6 9.4 9.4
2002-08-22 9.69 9.79 9.53 9.53
2002-08-27 9.8 9.85 9.6 9.6
2002-09-19 9.4 9.41 9.08 9.08
2002-10-10 8.71 8.79 8.65 8.65
2002-10-16 8.66 8.74 8.53 8.53
2002-10-18 8.84 8.85 8.68 8.68
2002-11-29 7.58 7.74 7.48 7.48
2002-12-20 7.82 7.92 7.75 7.75
2003-01-08 7.55 7.6 7.26 7.26
2003-01-22 7.92 7.96 7.8 7.8
2003-02-11 8.04 8.05 7.9 7.9
2003-02-25 8.17 8.18 7.98 7.98
2003-03-31 7.72 7.75 7.65 7.65
2003-04-04 7.8 7.84 7.75 7.75
2003-04-14 8.06 8.07 7.85 7.85
2003-05-14 6.72 6.83 6.51 6.51
2003-05-19 7.15 7.23 7.05 7.05
2003-05-26 7.08 7.12 7.0 7.0
2003-05-30 7.3 7.34 7.25 7.25
2003-06-11 7.01 7.03 6.86 6.86
2003-06-24 6.93 6.95 6.82 6.82
2003-06-25 7.1 7.27 7.02 7.02
2003-07-08 6.76 6.82 6.7 6.7
2003-07-21 6.44 6.5 6.35 6.35
2003-07-31 6.41 6.44 6.36 6.36
2003-08-05 6.69 6.79 6.65 6.65
2003-08-12 6.58 6.68 6.5 6.5
2003-08-14 6.48 6.61 6.42 6.42
2003-09-01 6.83 6.84 6.51 6.51
2003-09-16 5.96 5.98 5.82 5.82
2003-10-10 5.56 5.6 5.36 5.36
2003-10-17 5.42 5.45 5.32 5.32
2003-10-20 5.53 5.56 5.44 5.44
2003-10-31 5.18 5.38 5.09 5.09
2003-11-24 5.58 5.58 5.37 5.37
2003-11-28 5.57 5.58 5.4 5.4
2003-12-01 5.68 5.7 5.57 5.57
2004-01-02 5.15 5.17 5.04 5.04
2004-01-15 5.68 5.68 5.55 5.55
2004-02-09 6.21 6.23 6.11 6.11
2004-02-12 6.61 6.69 6.48 6.48
2004-02-16 6.57 6.57 6.39 6.39
2004-02-17 6.7 6.77 6.58 6.58
2004-03-15 6.56 6.58 6.4 6.4
2004-03-22 7.13 7.24 7.05 7.05
2004-03-25 6.9 6.98 6.85 6.85
2004-04-26 7.13 7.16 7.02 7.02
2004-05-18 6.52 6.54 6.42 6.42
2004-06-04 6.35 6.42 6.3 6.3
2004-06-22 5.75 5.82 5.63 5.63
2004-06-24 5.75 5.75 5.65 5.65
2004-07-01 5.67 5.69 5.49 5.49
2004-07-05 5.75 5.76 5.64 5.64
2004-07-09 5.88 5.88 5.65 5.65
2004-08-03 5.38 5.47 5.31 5.31
2004-08-09 5.4 5.46 5.37 5.37
2004-08-18 5.08 5.14 5.06 5.06
2004-08-31 5.11 5.18 5.01 5.01
2004-09-14 4.85 4.88 4.74 4.74
2004-10-19 5.09 5.14 5.02 5.02
2004-10-28 4.66 4.7 4.55 4.55
2004-11-02 4.53 4.61 4.51 4.51
2004-11-09 4.51 4.58 4.5 4.5
2004-11-10 4.71 4.76 4.51 4.51
2004-12-02 4.85 4.89 4.7 4.7
2004-12-21 4.54 4.57 4.46 4.46
2005-01-05 4.2 4.25 4.11 4.11
2005-01-10 4.27 4.28 4.2 4.2
2005-01-12 4.27 4.28 4.2 4.2
2005-01-18 4.39 4.4 4.26 4.26
2005-02-21 4.03 4.05 3.92 3.92
2005-02-25 4.14 4.19 4.11 4.11
2005-03-04 4.23 4.3 4.13 4.13
2005-03-21 3.75 3.77 3.7 3.7
2005-03-31 3.45 3.46 3.36 3.36
2005-04-07 3.56 3.6 3.43 3.43
2005-04-13 3.69 3.74 3.58 3.58
2005-04-26 2.78 2.82 2.69 2.69
2005-05-16 2.81 2.81 2.81 2.81
2005-05-24 2.61 2.64 2.49 2.49
2005-06-02 2.68 2.7 2.63 2.63
2005-06-07 2.73 2.78 2.7 2.7
2005-08-16 2.49 2.51 2.41 2.41
2005-08-22 2.52 2.55 2.41 2.41
2005-08-26 2.65 2.65 2.5 2.5
2005-09-19 3.04 3.05 2.98 2.98
2005-09-26 2.7 2.7 2.6 2.6
2005-11-07 2.51 2.53 2.44 2.44
2005-11-17 2.77 2.85 2.75 2.75
2005-11-23 2.7 2.75 2.69 2.69
2005-12-09 2.46 2.46 2.39 2.39
2005-12-12 2.48 2.5 2.44 2.44
2006-01-12 2.46 2.47 2.4 2.4
2006-01-19 2.64 2.64 2.57 2.57
2006-02-06 2.35 2.4 2.31 2.31
2006-02-07 2.41 2.43 2.35 2.35
2006-03-30 2.24 2.28 2.18 2.18
2006-04-24 1.82 1.93 1.81 1.81
2006-10-24 2.97 2.99 2.89 2.89
2006-10-27 2.81 2.81 2.55 2.55
2006-11-09 2.69 2.69 2.55 2.55
2006-11-10 2.82 2.82 2.69 2.69
2006-11-14 2.88 2.94 2.8 2.8
2006-12-08 2.43 2.43 2.3 2.3
2006-12-22 2.44 2.44 2.32 2.32
2006-12-26 2.32 2.4 2.32 2.32
2006-12-27 2.2 2.2 2.2 2.2
2006-12-28 2.09 2.09 2.09 2.09
2006-12-29 2.0 2.09 1.99 1.99
2007-01-10 2.13 2.14 2.04 2.04
2007-01-18 2.03 2.13 2.03 2.03
2007-01-19 2.04 2.05 1.93 1.93
2007-01-22 2.14 2.14 2.04 2.04
2007-01-29 2.26 2.35 2.26 2.26
2007-01-30 2.37 2.37 2.21 2.21
2007-02-13 2.61 2.61 2.61 2.61
2007-02-28 3.15 3.15 2.85 2.85
2007-03-27 3.98 4.1 3.8 3.8
2007-03-30 3.6 3.7 3.41 3.41
2007-04-03 3.79 3.86 3.7 3.7
2007-04-16 4.15 4.15 4.01 4.01
2008-07-08 13.89 15.08 12.65 12.65
2008-07-11 14.95 14.95 14.12 14.12
2008-07-23 14.1 14.39 13.71 13.71
2008-08-15 11.08 11.25 10.83 10.83
2008-08-20 10.71 10.71 10.2 10.2
2008-08-29 9.79 9.79 9.26 9.26
2008-09-09 9.22 9.37 9.02 9.02
2008-09-10 9.22 9.4 9.1 9.1
2008-09-12 9.0 9.15 8.78 8.78
2008-10-07 8.22 8.38 8.22 8.22
2008-10-16 6.33 6.49 6.33 6.33
2008-11-06 6.07 6.16 6.0 6.0
2008-11-10 6.53 6.53 6.29 6.29
2008-11-12 6.84 6.84 6.45 6.45
2008-12-05 8.78 8.99 8.51 8.51
2008-12-31 9.55 9.71 9.3 9.3
2009-01-05 10.03 10.03 9.7 9.7
2009-02-06 14.08 14.08 12.8 12.8
2009-03-02 17.86 17.86 15.98 15.98
2009-03-17 22.6 23.71 21.99 21.99
2009-04-24 30.32 31.5 29.0 29.0
2009-04-30 32.99 32.99 30.15 30.15
2009-06-30 31.19 31.48 30.0 30.0
2009-09-01 25.56 26.11 25.01 25.01
2009-10-12 32.78 33.1 31.15 31.15
2009-10-13 34.76 35.97 32.82 32.82
2009-11-27 33.67 34.29 33.05 33.05
2009-12-07 35.86 35.93 34.29 34.29
2009-12-10 39.49 39.49 36.0 36.0
2009-12-25 51.25 53.08 48.8 48.8
2009-12-28 51.25 53.47 50.38 50.38
2010-01-04 58.03 58.03 52.21 52.21
2010-03-08 65.89 67.2 64.41 64.41
2010-04-01 46.37 46.98 42.78 42.78
2010-05-19 39.49 40.5 37.72 37.72
2010-05-20 40.92 41.97 40.05 40.05
2010-06-02 39.86 39.88 38.0 38.0
2010-06-03 40.94 42.4 40.08 40.08
2010-06-08 45.0 45.0 41.05 41.05
2010-07-05 42.3 42.7 39.02 39.02
2010-07-20 42.92 43.34 41.8 41.8
2010-08-30 50.4 50.5 48.66 48.66
2010-10-19 43.1 43.87 41.37 41.37
2010-10-25 45.14 45.6 44.05 44.05
2010-10-29 42.75 43.25 42.38 42.38
2010-11-19 42.05 42.45 40.9 40.9
2010-12-13 42.56 42.69 41.91 41.91
2010-12-31 45.86 46.2 44.2 44.2
2011-01-04 48.38 50.38 47.13 47.13
2011-01-07 48.14 49.19 47.69 47.69
2011-01-21 48.99 48.99 45.1 45.1
2011-01-26 44.07 45.3 42.86 42.86
2011-02-10 48.32 48.67 45.7 45.7
2011-04-08 45.48 45.8 44.6 44.6
2011-04-19 43.57 43.8 42.79 42.79
2011-05-05 39.72 40.3 39.3 39.3
2011-05-09 41.14 42.15 40.0 40.0
2011-05-19 41.45 41.67 40.98 40.98
2011-07-01 16.75 16.98 16.5 16.5
2011-07-07 17.78 18.39 16.78 16.78
2011-08-25 15.15 15.18 14.8 14.8
2011-10-10 13.14 13.39 12.93 12.93
2011-10-25 12.27 12.35 11.99 11.99
2011-11-04 15.24 15.78 14.22 14.22
2012-01-10 11.64 11.73 11.16 11.16
2012-01-17 11.26 11.31 10.59 10.59
2012-02-27 13.26 13.68 12.81 12.81
2012-04-12 11.57 11.62 11.35 11.35
2012-05-21 13.29 13.5 12.85 12.85
2012-05-31 14.35 14.56 14.03 14.03
2012-06-06 13.67 13.94 13.49 13.49
2012-06-29 13.61 13.62 13.0 13.0
2012-07-04 13.9 13.99 13.63 13.63
2012-07-26 13.84 14.15 13.64 13.64
2012-08-28 14.68 14.78 14.0 14.0
2012-08-29 15.14 15.26 14.47 14.47
2012-09-07 16.13 16.28 15.66 15.66
2012-09-10 16.24 16.7 16.02 16.02
2012-09-18 15.94 16.33 15.69 15.69
2012-09-28 15.31 15.37 15.01 15.01
2012-10-09 15.72 15.87 15.47 15.47
2012-10-30 13.45 13.59 12.86 12.86
2012-11-14 13.4 13.41 13.09 13.09
2012-11-21 12.68 12.75 12.4 12.4
2012-12-05 12.26 12.43 11.56 11.56
2013-01-10 13.99 14.18 13.69 13.69
2013-02-08 13.07 13.26 12.84 12.84
2013-02-18 13.72 13.88 13.26 13.26
2013-02-20 13.66 13.7 13.47 13.47
2013-02-25 13.25 13.34 12.85 12.85
2013-03-05 13.73 13.8 12.85 12.85
2013-03-14 13.7 13.98 13.58 13.58
2013-04-24 14.13 14.4 13.3 13.3
2013-05-03 14.61 14.99 13.86 13.86
2013-05-13 15.24 15.34 14.6 14.6
2013-05-24 20.78 20.78 19.01 19.01
2013-07-15 19.38 19.45 18.65 18.65
2013-08-20 21.12 21.33 20.5 20.5
2013-09-10 20.38 20.65 19.5 19.5
2013-09-27 20.21 20.53 18.73 18.73
2013-10-08 22.32 22.32 20.61 20.61
2013-10-11 24.2 24.45 23.0 23.0
2013-11-06 20.89 21.45 20.57 20.57
2013-11-15 20.49 20.62 19.94 19.94
2013-11-18 21.51 21.58 20.5 20.5
2013-11-26 21.09 21.67 20.78 20.78
2013-11-28 22.77 22.83 21.52 21.52
2013-11-29 24.52 24.94 23.23 23.23
2013-12-02 23.14 24.5 23.0 23.0
2013-12-09 23.26 23.54 22.61 22.61
2013-12-12 24.3 24.32 22.86 22.86
2013-12-25 24.9 24.95 23.32 23.32
2014-01-03 27.94 28.72 26.7 26.7
2014-01-13 26.65 27.28 25.84 25.84
2014-03-11 23.04 23.37 22.02 22.02
2014-03-25 22.81 22.98 22.5 22.5
2014-04-29 23.78 23.88 22.97 22.97
2014-05-06 24.06 24.43 23.71 23.71
2014-06-06 22.77 23.09 22.62 22.62
2014-06-13 23.73 23.82 23.07 23.07
2014-06-26 22.9 22.99 22.67 22.67
2014-07-28 12.94 12.94 12.53 12.53
2014-08-05 14.16 14.25 13.85 13.85
2014-08-18 14.99 15.0 14.53 14.53
2014-09-15 14.95 15.05 14.8 14.8
2014-09-18 14.55 14.58 14.16 14.16
2014-11-12 14.4 14.52 14.25 14.25
2014-11-17 14.38 14.49 14.25 14.25
2014-12-15 15.24 15.38 14.89 14.89
2015-01-20 17.03 17.16 16.51 16.51
2015-02-12 16.99 17.23 16.7 16.7
2015-02-25 17.64 17.82 17.19 17.19
2015-03-16 18.38 18.55 18.11 18.11
2015-03-30 19.44 19.89 18.93 18.93
2015-04-21 22.91 23.06 22.03 22.03
2015-05-20 24.37 25.19 23.65 23.65
2015-07-13 26.0 26.0 26.0 26.0
2015-07-14 28.6 28.6 28.6 28.6
2015-10-16 23.87 24.46 23.58 23.58
2015-11-04 23.84 23.89 22.92 22.92
2015-11-06 24.89 25.87 24.6 24.6
2015-11-16 24.68 24.78 23.8 23.8
2015-11-19 25.77 26.16 23.88 23.88
2016-01-18 19.71 20.01 18.85 18.85
2016-03-14 18.56 19.02 18.1 18.1
2016-04-26 19.25 19.26 19.04 19.04
2016-05-16 18.68 18.7 18.31 18.31
2016-05-24 19.68 20.31 19.25 19.25
2016-05-27 19.54 19.78 19.2 19.2
2016-05-30 19.91 20.32 19.36 19.36
2016-07-13 20.97 20.99 20.29 20.29
2016-11-21 12.33 12.43 12.26 12.26
2016-11-24 12.7 12.94 12.52 12.52
2016-12-16 12.72 12.9 12.35 12.35
2017-01-09 13.79 14.04 13.6 13.6
2017-01-10 13.9 14.25 13.8 13.8
2017-02-06 14.52 14.76 14.36 14.36
2017-02-09 14.45 14.75 14.33 14.33
2017-02-20 15.27 15.28 14.7 14.7
2017-02-28 15.02 15.23 14.84 14.84
2017-04-26 17.1 17.57 16.8 16.8
2017-05-12 17.44 17.45 16.71 16.71
2017-05-23 18.59 19.17 18.16 18.16
2017-06-07 19.43 19.85 19.16 19.16
2017-07-19 19.0 19.1 18.49 18.49
2017-08-10 19.52 19.7 18.91 18.91
