1997-11-07 11.4 11.45 11.01 11.01
1998-01-14 13.3 13.3 12.5 12.5
1998-01-19 13.03 13.3 12.7 12.7
1998-02-09 13.62 13.86 13.28 13.28
1998-02-13 13.68 14.0 13.6 13.6
1998-02-18 13.21 13.6 13.16 13.16
1998-02-19 13.45 13.51 13.15 13.15
1998-03-27 13.97 13.98 13.65 13.65
1998-07-07 9.26 9.31 9.05 9.05
1998-07-09 9.36 9.45 9.2 9.2
1998-07-10 9.58 9.73 9.36 9.36
1998-09-04 7.92 7.98 7.56 7.56
1998-09-07 8.54 8.55 8.05 8.05
1998-09-14 8.73 8.85 8.42 8.42
1998-09-21 9.37 9.4 9.0 9.0
1999-02-09 7.25 7.29 7.15 7.15
1999-03-05 7.68 7.8 7.6 7.6
1999-04-23 7.71 7.75 7.64 7.64
1999-05-11 7.49 7.52 7.33 7.33
1999-05-27 7.95 7.96 7.74 7.74
1999-06-21 9.98 10.02 9.21 9.21
1999-06-24 10.65 10.9 10.11 10.11
1999-07-30 10.98 11.2 10.6 10.6
1999-08-02 11.48 12.0 11.0 11.0
1999-08-17 10.33 10.58 10.3 10.3
1999-08-24 10.64 10.8 10.48 10.48
1999-11-08 9.42 9.58 9.05 9.05
2000-01-06 10.41 10.5 10.22 10.22
2000-01-07 10.87 11.3 10.45 10.45
2000-02-24 14.1 14.25 13.6 13.6
2000-02-28 15.02 15.66 14.77 14.77
2000-03-03 16.35 17.14 15.6 15.6
2000-03-06 16.52 17.55 16.5 16.5
2000-05-31 25.99 26.9 25.5 25.5
2000-11-10 19.35 19.58 18.7 18.7
2000-11-14 19.65 19.86 18.58 18.58
2001-01-05 18.56 18.69 18.15 18.15
2001-01-12 18.81 18.95 18.4 18.4
2001-04-16 19.47 19.5 19.1 19.1
2001-04-17 20.5 20.5 19.3 19.3
2001-06-12 22.45 23.5 21.95 21.95
2001-06-13 22.58 23.2 22.45 22.45
2001-06-19 21.8 22.58 21.5 21.5
2001-08-01 21.95 21.98 21.49 21.49
2001-10-23 17.25 17.25 16.0 16.0
2001-11-26 18.8 19.0 18.08 18.08
2001-11-27 18.81 18.88 18.6 18.6
2001-12-19 18.99 19.08 18.05 18.05
2001-12-20 18.93 19.0 18.7 18.7
2001-12-21 19.62 20.0 18.98 18.98
2001-12-26 19.46 19.5 19.1 19.1
2002-01-07 18.75 18.95 18.55 18.55
2002-01-08 18.75 18.9 18.7 18.7
2002-02-07 18.44 18.8 18.25 18.25
2002-02-28 17.66 17.75 17.22 17.22
2002-03-19 19.15 19.19 18.7 18.7
2002-04-26 18.66 18.89 18.31 18.31
2002-05-20 18.1 18.28 17.95 17.95
2002-06-18 17.83 17.9 17.6 17.6
2002-06-21 17.75 17.84 17.5 17.5
2002-08-06 17.04 17.06 16.92 16.92
2002-08-09 17.32 17.5 16.8 16.8
2002-08-16 17.81 17.95 17.3 17.3
2002-08-19 17.89 17.99 17.65 17.65
2002-10-24 16.07 16.1 16.0 16.0
2002-11-20 14.73 14.88 14.7 14.7
2002-12-04 14.85 14.98 14.75 14.75
2002-12-12 14.56 14.75 14.55 14.55
2003-03-21 13.26 13.6 13.13 13.13
2003-04-18 15.68 15.68 14.2 14.2
2003-04-30 15.47 15.61 15.32 15.32
2003-05-12 15.27 15.59 15.17 15.17
2003-06-24 14.19 14.35 14.05 14.05
2003-09-03 10.85 10.85 9.2 9.2
2003-09-11 10.67 10.85 10.55 10.55
2003-09-18 10.53 10.6 10.28 10.28
2003-09-22 11.66 11.66 10.6 10.6
2003-09-30 12.59 12.91 12.2 12.2
2003-10-31 9.45 9.79 9.42 9.42
2003-11-14 8.98 9.18 8.59 8.59
2003-11-19 9.36 9.5 8.88 8.88
2003-11-27 10.32 10.32 9.48 9.48
2003-12-29 9.65 9.98 9.39 9.39
2004-01-16 10.48 10.8 10.38 10.38
2004-02-18 12.2 12.23 12.0 12.0
2004-07-05 8.81 9.2 8.6 8.6
2004-08-02 8.5 8.68 8.5 8.5
2004-08-10 8.65 8.67 8.5 8.5
2004-09-08 7.49 7.49 6.78 6.78
2004-11-02 7.49 7.65 7.4 7.4
2004-12-09 7.6 7.68 7.52 7.52
2004-12-14 7.29 7.32 7.15 7.15
2004-12-20 7.05 7.09 6.91 6.91
2005-04-07 6.37 6.48 6.23 6.23
2005-05-11 5.23 5.25 4.95 4.95
2005-05-13 5.25 5.4 5.18 5.18
2006-01-23 9.06 9.13 8.36 8.36
2006-03-03 7.97 8.04 7.88 7.88
2006-03-06 8.12 8.27 7.97 7.97
2006-03-22 8.57 8.63 8.28 8.28
2006-03-28 8.91 9.08 8.6 8.6
2006-03-29 8.93 9.05 8.8 8.8
2006-03-30 9.04 9.2 8.91 8.91
2006-03-31 9.33 9.36 9.05 9.05
2006-04-26 11.29 11.29 11.29 11.29
2006-11-30 18.76 19.3 18.67 18.67
2006-12-04 18.9 19.04 18.2 18.2
2006-12-11 18.34 18.5 17.68 17.68
2006-12-18 20.8 21.0 20.05 20.05
2007-01-15 23.54 23.83 21.8 21.8
2007-01-19 26.2 26.31 24.67 24.67
2007-02-07 23.4 24.0 22.48 22.48
2007-02-13 24.94 25.5 24.66 24.66
2007-03-30 27.18 27.7 26.8 26.8
2007-04-09 28.99 29.26 27.36 27.36
2007-07-09 32.88 33.65 32.6 32.6
2007-07-30 36.39 36.94 35.21 35.21
2007-08-07 38.21 38.21 34.89 34.89
2007-08-13 35.8 37.08 35.5 35.5
2007-08-14 36.9 37.08 35.88 35.88
2007-10-15 45.43 47.18 44.58 44.58
2007-10-17 47.57 48.4 45.5 45.5
2007-11-06 34.35 35.06 33.93 33.93
2007-11-12 35.52 36.0 33.8 33.8
2007-12-11 38.54 39.83 36.76 36.76
2008-08-06 21.09 21.75 19.9 19.9
2008-09-08 15.39 16.0 15.03 15.03
2008-11-05 12.88 12.98 12.5 12.5
2009-03-04 22.03 22.3 20.79 20.79
2009-05-04 19.39 19.4 18.91 18.91
2009-05-26 18.63 18.98 18.55 18.55
2010-01-12 27.38 27.8 27.0 27.0
2010-02-09 27.45 27.93 26.65 26.65
2010-05-26 16.98 17.35 16.0 16.0
2011-03-21 23.7 23.98 23.23 23.23
2011-04-18 22.7 22.88 22.3 22.3
2011-05-20 21.33 21.45 21.2 21.2
2012-08-07 11.59 11.73 11.35 11.35
2012-09-05 10.18 10.24 9.86 9.86
2012-09-10 11.01 11.17 10.52 10.52
2013-01-23 15.3 15.63 14.68 14.68
2013-01-28 15.37 15.8 15.1 15.1
2013-04-01 16.04 16.24 15.56 15.56
2013-05-06 15.14 15.15 14.8 14.8
2013-05-23 19.05 19.51 17.81 17.81
2013-09-02 14.1 14.39 13.81 13.81
2013-09-04 14.6 14.86 14.26 14.26
2013-09-25 14.84 15.28 14.62 14.62
2013-12-25 18.38 18.56 18.21 18.21
2013-12-27 18.83 18.85 18.02 18.02
2014-02-10 21.0 21.35 20.5 20.5
2014-02-17 20.63 21.19 20.15 20.15
2014-07-07 18.82 19.08 18.2 18.2
2014-10-23 22.76 22.94 22.5 22.5
2014-12-24 29.0 30.2 28.48 28.48
2014-12-31 28.48 28.98 28.18 28.18
2015-02-13 28.86 29.3 28.35 28.35
2015-02-27 31.79 33.18 30.9 30.9
2015-03-16 32.1 32.16 31.27 31.27
2015-04-27 41.47 41.47 41.47 41.47
2015-07-09 34.62 34.62 28.32 28.32
2015-07-17 49.14 49.14 44.67 44.67
2015-08-10 62.04 62.04 57.2 57.2
2016-01-06 41.24 41.92 40.75 40.75
2016-04-13 34.95 35.46 34.41 34.41
2016-08-02 32.64 32.65 32.3 32.3
2017-02-14 33.69 33.93 33.26 33.26
2017-03-16 33.1 33.1 32.8 32.8
2017-04-07 32.51 32.68 32.21 32.21
2017-06-29 28.02 28.1 27.58 27.58
