2006-12-04 6.44 6.66 6.36 6.36
2007-01-29 8.35 8.66 8.18 8.18
2007-04-16 11.74 11.99 11.45 11.45
2007-04-20 12.41 12.5 12.04 12.04
2007-05-16 15.33 15.33 14.01 14.01
2007-05-28 17.98 18.5 16.89 16.89
2007-06-05 12.54 12.59 11.91 11.91
2007-06-07 13.04 13.2 12.28 12.28
2007-06-13 14.32 14.32 13.3 13.3
2007-07-10 13.21 13.21 13.21 13.21
2007-08-14 14.34 14.57 13.9 13.9
2008-05-08 9.6 9.65 9.3 9.3
2008-05-14 10.08 10.19 9.6 9.6
2008-11-13 3.28 3.28 3.28 3.28
2008-11-14 3.61 3.61 3.61 3.61
2008-12-10 4.05 4.06 3.9 3.9
2009-05-05 5.68 5.69 5.45 5.45
2009-07-31 8.65 8.68 8.39 8.39
2010-07-06 6.75 6.77 6.53 6.53
2011-02-11 9.22 9.34 9.08 9.08
2011-03-01 9.53 9.64 9.45 9.45
2011-03-07 10.69 10.86 9.91 9.91
2011-11-03 7.83 8.0 7.64 7.64
2012-03-08 6.35 6.41 6.16 6.16
2012-09-06 5.96 5.97 5.88 5.88
2012-09-07 6.16 6.23 6.0 6.0
2012-09-27 5.75 5.85 5.62 5.62
2012-10-09 6.12 6.14 5.96 5.96
2012-12-05 5.4 5.46 5.23 5.23
2013-08-02 6.12 6.24 6.1 6.1
2013-11-11 6.15 6.23 6.09 6.09
2014-06-23 7.25 7.66 7.11 7.11
2014-09-01 7.88 7.97 7.82 7.82
2014-10-20 8.16 8.18 8.03 8.03
2014-10-28 7.98 8.0 7.83 7.83
2014-11-03 8.14 8.21 8.04 8.04
2015-01-21 8.04 8.04 7.89 7.89
2015-08-19 11.06 11.51 10.84 10.84
2015-08-25 7.29 7.54 7.29 7.29
2016-03-30 6.07 6.17 5.88 5.88
2016-05-19 6.0 6.16 5.86 5.86
2016-07-26 6.23 6.23 6.15 6.15
2016-08-02 5.93 5.96 5.83 5.83
2016-08-09 6.11 6.11 6.05 6.05
2016-08-15 6.25 6.26 6.12 6.12
2017-02-09 7.09 7.12 7.02 7.02
2017-02-21 7.27 7.35 7.15 7.15
2017-03-24 7.01 7.05 6.97 6.97
2017-03-28 7.0 7.02 6.98 6.98
2017-03-31 6.83 6.88 6.8 6.8
2017-04-05 7.21 7.22 6.83 6.83
2017-05-24 6.68 6.72 6.29 6.29
2017-06-01 6.78 6.9 6.65 6.65
2017-08-14 6.79 6.8 6.62 6.62
2017-08-21 6.83 6.84 6.74 6.74
2017-08-25 6.82 6.84 6.74 6.74
