2005-06-17 5.79 5.91 5.74 5.74
2006-10-18 8.44 8.45 8.21 8.21
2006-11-06 7.95 7.99 7.82 7.82
2006-11-24 7.92 7.93 7.6 7.6
2006-12-19 8.8 8.8 8.19 8.19
2007-01-15 9.74 9.75 8.92 8.92
2007-01-16 10.01 10.15 9.8 9.8
2007-02-05 9.96 10.09 9.8 9.8
2007-02-07 10.9 11.29 10.3 10.3
2007-02-28 11.16 11.28 10.62 10.62
2007-03-07 11.02 11.05 10.74 10.74
2007-04-06 13.03 13.27 12.75 12.75
2007-04-12 13.79 13.87 13.16 13.16
2007-04-16 14.76 14.85 14.08 14.08
2007-04-20 15.07 15.07 13.67 13.67
2007-05-28 22.97 22.97 21.05 21.05
2007-07-12 20.51 20.98 19.87 19.87
2007-07-17 20.2 20.28 19.8 19.8
2007-07-23 21.35 21.7 19.98 19.98
2007-07-30 25.06 25.06 23.2 23.2
2007-08-14 22.92 23.46 22.6 22.6
2007-08-20 23.46 23.96 23.12 23.12
2007-08-24 24.67 25.0 23.6 23.6
2007-09-06 25.99 26.1 25.01 25.01
2007-09-14 24.13 24.6 23.5 23.5
2007-09-27 24.0 24.05 22.7 22.7
2007-10-23 21.26 21.3 20.7 20.7
2007-11-05 19.96 20.4 19.5 19.5
2007-11-06 20.88 21.29 19.91 19.91
2007-12-24 21.2 21.78 21.07 21.07
2007-12-26 22.22 22.4 21.33 21.33
2007-12-27 22.7 23.33 22.0 22.0
2008-02-13 24.23 24.69 23.2 23.2
2008-02-14 25.03 25.27 24.35 24.35
2008-02-15 24.99 25.04 24.4 24.4
2008-02-20 25.85 26.24 25.71 25.71
2008-04-30 9.81 9.9 9.45 9.45
2008-07-02 7.41 7.59 7.2 7.2
2008-08-14 6.23 6.34 6.1 6.1
2008-08-19 5.68 5.77 5.3 5.3
2008-09-12 5.25 5.38 5.22 5.22
2008-12-30 5.31 5.43 5.25 5.25
2009-01-09 5.63 5.64 5.45 5.45
2009-02-06 6.53 6.55 6.2 6.2
2009-03-04 6.68 6.7 6.41 6.41
2009-08-27 12.53 12.53 12.53 12.53
2009-09-11 12.19 12.4 11.2 11.2
2009-10-16 10.48 10.59 10.08 10.08
2009-10-19 10.73 10.93 10.5 10.5
2009-10-26 11.42 11.42 10.65 10.65
2009-12-15 12.32 12.38 12.2 12.2
2010-01-28 12.17 12.25 11.99 11.99
2010-03-03 13.71 13.78 13.4 13.4
2010-03-12 12.86 13.19 12.69 12.69
2010-03-29 15.27 15.27 14.07 14.07
2010-05-24 15.8 16.05 15.35 15.35
2010-07-20 13.71 13.75 13.32 13.32
2010-07-22 13.8 13.92 13.6 13.6
2010-08-12 15.2 15.6 15.09 15.09
2010-08-23 15.16 15.29 15.03 15.03
2010-08-30 16.46 16.65 15.88 15.88
2010-09-30 17.58 17.73 16.67 16.67
2010-12-03 20.63 20.95 20.39 20.39
2011-02-21 19.62 19.65 19.2 19.2
2011-03-01 19.19 19.36 18.73 18.73
2011-03-04 19.86 20.05 19.35 19.35
2011-03-09 20.59 20.99 19.63 19.63
2011-03-21 21.54 21.99 21.2 21.2
2011-05-12 11.87 12.38 11.79 11.79
2011-06-03 14.24 15.0 13.67 13.67
2011-08-04 13.24 13.4 13.04 13.04
2011-12-16 7.58 7.59 7.3 7.3
2011-12-30 7.07 7.09 6.92 6.92
2012-01-19 7.66 7.74 7.5 7.5
2012-02-27 9.02 9.26 8.9 8.9
2012-03-01 8.75 8.83 8.7 8.7
2012-03-02 8.88 8.89 8.77 8.77
2012-03-08 8.67 8.72 8.61 8.61
2012-03-09 8.86 8.9 8.67 8.67
2012-03-12 9.14 9.16 8.88 8.88
2012-06-05 9.77 9.95 9.44 9.44
2012-06-12 9.76 9.85 9.6 9.6
2012-07-03 10.79 11.0 10.55 10.55
2012-07-12 10.46 10.65 10.15 10.15
2012-08-21 10.98 11.07 10.75 10.75
2012-09-18 9.62 9.75 9.5 9.5
2012-09-19 9.86 9.87 9.62 9.62
2012-10-23 9.57 9.72 9.45 9.45
2012-11-26 9.03 9.13 9.0 9.0
2012-12-10 9.05 9.05 8.78 8.78
2012-12-12 8.94 8.99 8.91 8.91
2013-01-07 9.81 9.87 9.52 9.52
2013-01-28 11.38 11.41 10.93 10.93
2013-02-20 11.52 11.6 11.2 11.2
2013-03-06 12.59 12.75 12.23 12.23
2013-03-22 12.35 12.55 12.14 12.14
2013-04-12 11.73 11.85 11.6 11.6
2013-04-19 12.4 12.4 12.08 12.08
2013-05-13 12.87 13.03 12.66 12.66
2013-06-26 11.34 11.41 10.68 10.68
2013-07-10 10.75 10.76 10.37 10.37
2013-08-12 13.11 13.2 12.81 12.81
2013-09-11 12.07 12.13 11.82 11.82
2013-09-12 12.14 12.32 12.08 12.08
2013-09-27 13.46 13.58 13.21 13.21
2013-09-30 13.72 13.9 13.46 13.46
2013-10-10 14.25 14.28 13.41 13.41
2013-10-17 14.2 14.6 14.1 14.1
2013-10-28 13.6 13.74 13.4 13.4
2013-11-11 13.17 13.24 12.62 12.62
2013-11-14 13.37 13.49 13.13 13.13
2013-11-19 13.65 13.7 13.5 13.5
2014-04-23 14.53 14.85 14.31 14.31
2014-05-12 13.73 13.79 13.36 13.36
2014-05-26 13.45 13.51 13.1 13.1
2014-06-09 13.91 14.06 13.75 13.75
2014-06-24 14.17 14.21 13.5 13.5
2014-07-02 14.34 14.52 13.92 13.92
2014-07-03 15.27 15.6 14.36 14.36
2014-08-19 16.92 17.3 16.61 16.61
2014-08-20 17.08 17.21 16.8 16.8
2014-09-01 16.7 16.76 16.42 16.42
2014-09-02 16.85 16.95 16.7 16.7
2014-09-29 16.65 16.77 16.32 16.32
2014-10-08 17.51 17.54 16.95 16.95
2014-10-20 16.77 16.9 16.65 16.65
2014-10-28 17.05 17.16 16.9 16.9
2014-11-17 16.4 16.54 16.13 16.13
2015-01-21 16.23 16.36 15.83 15.83
2015-01-26 16.44 16.5 16.13 16.13
2015-01-27 16.78 16.93 16.5 16.5
2015-02-03 16.58 16.65 16.33 16.33
2015-02-27 17.08 17.22 16.83 16.83
2015-03-10 17.9 18.15 17.72 17.72
2015-03-27 20.88 20.99 20.28 20.28
2015-06-08 30.57 30.57 30.57 30.57
2015-07-13 14.86 14.86 14.86 14.86
2015-07-17 15.64 15.77 14.6 14.6
2015-07-31 15.26 15.4 14.85 14.85
2015-12-23 13.75 14.18 13.7 13.7
2016-03-07 9.67 9.81 9.57 9.57
2016-03-14 9.69 9.78 9.5 9.5
2016-03-18 10.26 10.34 10.0 10.0
2016-03-25 10.13 10.21 10.03 10.03
2016-04-11 10.95 11.03 10.75 10.75
2016-04-26 10.04 10.05 9.73 9.73
2016-05-23 9.37 9.42 9.31 9.31
2016-05-31 9.59 9.6 9.32 9.32
2016-07-04 6.53 6.55 6.42 6.42
2016-07-13 6.98 7.16 6.9 6.9
2016-07-14 7.01 7.08 6.94 6.94
2016-08-12 6.7 6.7 6.63 6.63
2016-10-18 7.39 7.49 7.33 7.33
2016-10-20 7.42 7.5 7.33 7.33
2016-12-06 7.5 7.59 7.34 7.34
2016-12-08 7.69 7.75 7.45 7.45
2017-01-20 7.03 7.07 6.99 6.99
2017-01-23 7.07 7.11 7.03 7.03
2017-02-20 7.02 7.02 6.96 6.96
2017-03-16 6.95 6.95 6.88 6.88
2017-04-05 6.74 6.76 6.66 6.66
2017-04-10 6.69 6.75 6.6 6.6
2017-04-18 6.62 6.67 6.58 6.58
2017-04-25 6.71 6.76 6.66 6.66
2017-07-11 6.79 6.81 6.77 6.77
2017-08-14 6.86 6.88 6.71 6.71
2017-08-15 6.92 6.94 6.85 6.85
2017-08-25 6.95 6.97 6.89 6.89
