2007-01-05 3.43 3.43 3.3 3.3
2007-11-23 8.44 8.45 7.98 7.98
2008-01-14 12.0 12.1 11.82 11.82
2008-08-14 3.85 3.93 3.8 3.8
2008-08-19 3.49 3.52 3.31 3.31
2008-09-02 3.61 3.62 3.38 3.38
2008-09-09 3.32 3.37 3.25 3.25
2008-10-08 3.06 3.12 3.01 3.01
2008-12-08 3.39 3.45 3.24 3.24
2009-01-14 3.01 3.02 2.91 2.91
2009-06-05 4.59 4.66 4.44 4.44
2009-08-10 5.67 5.75 5.5 5.5
2010-01-14 6.18 6.22 6.0 6.0
2010-07-28 6.02 6.09 5.8 5.8
2010-09-27 6.22 6.23 6.11 6.11
2011-05-19 8.57 8.57 7.82 7.82
2011-09-06 5.75 5.78 5.67 5.67
2011-11-01 5.28 5.36 5.25 5.25
2012-06-20 4.5 4.54 4.47 4.47
2012-08-01 4.03 4.09 3.97 3.97
2012-08-06 4.19 4.25 4.06 4.06
2012-09-05 4.12 4.16 4.08 4.08
2012-09-12 4.32 4.33 4.27 4.27
2012-09-18 4.1 4.16 4.08 4.08
2012-09-19 4.16 4.18 4.1 4.1
2012-10-08 4.11 4.15 4.09 4.09
2012-10-09 4.19 4.19 4.11 4.11
2012-12-07 3.92 3.93 3.82 3.82
2013-01-10 4.23 4.31 4.17 4.17
2013-02-08 4.47 4.48 4.39 4.39
2013-06-03 4.59 4.63 4.4 4.4
2013-07-15 4.21 4.23 4.14 4.14
2013-08-05 4.05 4.06 4.02 4.02
2013-10-22 5.63 5.63 5.23 5.23
2013-10-30 5.23 5.23 4.68 4.68
2014-01-13 4.21 4.21 4.16 4.16
2014-02-14 4.95 5.02 4.88 4.88
2014-05-30 4.54 4.58 4.5 4.5
2014-06-05 4.5 4.52 4.42 4.42
2014-07-01 4.65 4.67 4.6 4.6
2014-07-11 4.67 4.69 4.58 4.58
2014-07-14 4.72 4.73 4.66 4.66
2014-07-21 4.86 4.87 4.77 4.77
2014-08-18 5.08 5.08 5.0 5.0
2014-08-20 5.2 5.32 5.09 5.09
2014-08-27 5.06 5.09 5.03 5.03
2014-08-29 5.1 5.12 5.03 5.03
2014-09-01 5.17 5.21 5.1 5.1
2014-09-04 5.41 5.55 5.25 5.25
2015-03-13 7.27 7.56 6.92 6.92
2015-04-07 8.9 9.09 8.8 8.8
2015-04-13 9.15 9.45 8.79 8.79
2015-05-04 11.75 12.24 11.55 11.55
2015-05-22 13.9 13.9 12.7 12.7
2015-07-13 6.62 6.62 6.62 6.62
2015-07-14 7.28 7.28 7.28 7.28
2015-09-02 6.01 6.62 5.9 5.9
2015-09-30 6.78 6.97 6.63 6.63
2015-10-13 8.2 8.2 7.4 7.4
2015-11-10 8.86 9.05 8.65 8.65
2016-03-28 7.91 7.98 7.68 7.68
2016-12-28 11.6 11.76 11.47 11.47
2017-01-03 12.05 12.15 11.81 11.81
2017-01-23 12.23 12.28 11.48 11.48
2017-01-26 12.02 12.12 11.92 11.92
2017-03-22 11.78 11.95 11.37 11.37
2017-04-21 9.68 9.73 9.55 9.55
