2006-11-09 3.28 3.33 3.2 3.2
2006-12-14 3.48 3.54 3.41 3.41
2006-12-29 3.31 3.37 3.3 3.3
2007-01-05 3.43 3.43 3.3 3.3
2007-01-16 4.23 4.3 3.9 3.9
2007-01-29 4.25 4.28 4.03 4.03
2007-04-20 9.03 9.16 8.6 8.6
2007-06-05 7.74 7.8 7.18 7.18
2007-07-23 7.29 7.36 6.94 6.94
2007-08-06 9.03 9.03 8.22 8.22
2007-08-24 11.68 11.84 11.01 11.01
2007-11-19 9.0 9.18 8.82 8.82
2007-11-23 8.44 8.45 7.98 7.98
2008-01-07 11.98 12.4 11.75 11.75
2008-01-14 12.0 12.1 11.82 11.82
2008-02-04 9.36 9.38 8.73 8.73
2008-05-14 7.19 7.19 6.5 6.5
2008-06-02 6.12 6.19 6.0 6.0
2008-07-07 5.04 5.1 4.68 4.68
2008-08-07 5.13 5.13 4.9 4.9
2008-08-14 3.85 3.93 3.8 3.8
2008-08-19 3.49 3.52 3.31 3.31
2008-08-29 3.37 3.43 3.27 3.27
2008-09-02 3.61 3.62 3.38 3.38
2008-09-09 3.32 3.37 3.25 3.25
2008-09-25 3.4 3.49 3.33 3.33
2008-10-08 3.06 3.12 3.01 3.01
2008-11-05 2.41 2.43 2.31 2.31
2008-12-01 3.08 3.09 2.9 2.9
2008-12-08 3.39 3.45 3.24 3.24
2008-12-24 3.04 3.11 2.93 2.93
2009-01-09 2.96 2.97 2.86 2.86
2009-01-14 3.01 3.02 2.91 2.91
2009-03-04 3.64 3.65 3.44 3.44
2009-05-26 4.43 4.58 4.4 4.4
2009-06-05 4.59 4.66 4.44 4.44
2009-07-06 5.15 5.18 5.02 5.02
2009-07-22 5.39 5.43 5.3 5.3
2009-08-03 5.43 5.46 5.25 5.25
2009-08-10 5.67 5.75 5.5 5.5
2009-09-01 4.28 4.42 4.21 4.21
2009-09-17 5.08 5.12 4.94 4.94
2009-11-25 5.93 5.95 5.63 5.63
2009-12-21 5.72 5.73 5.52 5.52
2009-12-31 5.95 5.99 5.81 5.81
2010-01-12 5.97 5.97 5.82 5.82
2010-01-14 6.18 6.22 6.0 6.0
2010-01-28 5.52 5.56 5.43 5.43
2010-03-01 8.12 8.12 7.22 7.22
2010-07-08 5.03 5.23 5.03 5.03
2010-07-26 5.9 5.9 5.66 5.66
2010-07-28 6.02 6.09 5.8 5.8
2010-09-21 6.09 6.14 6.07 6.07
2010-09-27 6.22 6.23 6.11 6.11
2010-11-08 6.83 7.0 6.71 6.71
2010-12-21 6.04 6.08 5.9 5.9
2011-01-06 6.83 6.83 6.83 6.83
2011-03-30 7.61 7.72 7.34 7.34
2011-04-14 7.63 7.81 7.52 7.52
2011-05-13 8.29 8.35 7.83 7.83
2011-05-19 8.57 8.57 7.82 7.82
2011-06-14 6.84 6.88 6.66 6.66
2011-08-04 6.25 6.31 6.2 6.2
2011-08-30 6.07 6.13 6.01 6.01
2011-09-06 5.75 5.78 5.67 5.67
2011-09-21 6.02 6.04 5.81 5.81
2011-10-27 5.35 5.38 5.15 5.15
2011-11-01 5.28 5.36 5.25 5.25
2011-11-15 5.45 5.46 5.33 5.33
2012-02-15 4.4 4.41 4.25 4.25
2012-02-27 4.58 4.73 4.51 4.51
2012-03-07 4.56 4.63 4.45 4.45
2012-03-16 4.95 4.95 4.49 4.49
2012-04-06 4.43 4.46 4.36 4.36
2012-04-20 5.01 5.1 4.92 4.92
2012-05-10 4.92 4.97 4.9 4.9
2012-05-23 4.79 4.82 4.7 4.7
2012-06-18 4.55 4.57 4.52 4.52
2012-06-20 4.5 4.54 4.47 4.47
2012-07-24 4.36 4.43 4.21 4.21
2012-08-01 4.03 4.09 3.97 3.97
2012-08-06 4.19 4.25 4.06 4.06
2012-08-28 4.1 4.12 4.06 4.06
2012-09-05 4.12 4.16 4.08 4.08
2012-09-12 4.32 4.33 4.27 4.27
2012-09-18 4.1 4.16 4.08 4.08
2012-09-19 4.16 4.18 4.1 4.1
2012-09-28 4.13 4.14 4.07 4.07
2012-10-08 4.11 4.15 4.09 4.09
2012-10-09 4.19 4.19 4.11 4.11
2012-11-01 4.23 4.24 4.14 4.14
2012-11-23 4.01 4.04 4.0 4.0
2012-12-05 3.87 3.91 3.74 3.74
2012-12-07 3.92 3.93 3.82 3.82
2012-12-31 4.14 4.15 4.1 4.1
2013-01-10 4.23 4.31 4.17 4.17
2013-02-01 4.38 4.42 4.31 4.31
2013-02-08 4.47 4.48 4.39 4.39
2013-03-14 4.61 4.65 4.4 4.4
2013-04-19 4.28 4.38 4.2 4.2
2013-05-03 4.13 4.17 4.06 4.06
2013-05-24 4.41 4.42 4.33 4.33
2013-06-03 4.59 4.63 4.4 4.4
2013-07-10 4.16 4.16 3.98 3.98
2013-07-15 4.21 4.23 4.14 4.14
2013-07-31 3.98 3.99 3.94 3.94
2013-08-05 4.05 4.06 4.02 4.02
2013-08-26 4.62 4.62 4.18 4.18
2013-09-06 4.75 4.88 4.65 4.65
2013-10-09 5.52 5.52 5.23 5.23
2013-10-18 5.02 5.07 4.98 4.98
2013-10-22 5.63 5.63 5.23 5.23
2013-10-30 5.23 5.23 4.68 4.68
2013-11-20 5.79 5.97 5.34 5.34
2013-12-03 5.45 5.5 5.11 5.11
2014-01-07 4.47 4.59 4.45 4.45
2014-01-13 4.21 4.21 4.16 4.16
2014-02-10 4.63 4.65 4.5 4.5
2014-02-14 4.95 5.02 4.88 4.88
2014-03-24 5.18 5.25 4.9 4.9
2014-04-29 4.49 4.49 4.4 4.4
2014-05-22 4.55 4.65 4.46 4.46
2014-05-30 4.54 4.58 4.5 4.5
2014-06-05 4.5 4.52 4.42 4.42
2014-06-27 4.59 4.62 4.54 4.54
2014-07-01 4.65 4.67 4.6 4.6
2014-07-10 4.6 4.62 4.58 4.58
2014-07-11 4.67 4.69 4.58 4.58
2014-07-14 4.72 4.73 4.66 4.66
2014-07-21 4.86 4.87 4.77 4.77
2014-08-11 4.97 5.0 4.9 4.9
2014-08-18 5.08 5.08 5.0 5.0
2014-08-20 5.2 5.32 5.09 5.09
2014-08-27 5.06 5.09 5.03 5.03
2014-08-29 5.1 5.12 5.03 5.03
2014-09-01 5.17 5.21 5.1 5.1
2014-09-04 5.41 5.55 5.25 5.25
2014-10-28 5.67 5.74 5.59 5.59
2014-11-17 5.78 5.91 5.55 5.55
2014-12-24 5.91 5.92 5.78 5.78
2015-03-10 6.9 6.97 6.8 6.8
2015-03-13 7.27 7.56 6.92 6.92
2015-04-01 8.37 8.5 8.27 8.27
2015-04-07 8.9 9.09 8.8 8.8
2015-04-13 9.15 9.45 8.79 8.79
2015-04-23 11.03 11.03 10.21 10.21
2015-05-04 11.75 12.24 11.55 11.55
2015-05-19 11.81 11.87 11.16 11.16
2015-05-22 13.9 13.9 12.7 12.7
2015-07-08 6.02 6.02 6.02 6.02
2015-07-13 6.62 6.62 6.62 6.62
2015-07-14 7.28 7.28 7.28 7.28
2015-07-23 9.71 9.71 8.76 8.76
2015-08-07 8.87 8.87 8.14 8.14
2015-08-25 7.04 7.2 7.04 7.04
2015-09-02 6.01 6.62 5.9 5.9
2015-09-24 7.02 7.1 6.88 6.88
2015-09-30 6.78 6.97 6.63 6.63
2015-10-13 8.2 8.2 7.4 7.4
2015-11-04 8.4 8.42 8.03 8.03
2015-11-10 8.86 9.05 8.65 8.65
2015-11-19 8.9 8.93 8.75 8.75
2016-01-18 7.07 7.25 6.63 6.63
2016-02-02 6.62 6.8 6.51 6.51
2016-02-22 7.59 7.61 7.38 7.38
2016-03-18 7.58 7.6 7.35 7.35
2016-03-28 7.91 7.98 7.68 7.68
2016-04-29 9.08 9.16 8.91 8.91
2016-07-15 10.08 10.24 9.81 9.81
2016-10-28 11.97 12.16 11.69 11.69
2016-11-08 13.99 14.4 13.86 13.86
2016-12-06 12.31 12.49 12.18 12.18
2016-12-27 11.47 11.54 11.22 11.22
2016-12-28 11.6 11.76 11.47 11.47
2017-01-03 12.05 12.15 11.81 11.81
2017-01-13 12.81 13.44 12.29 12.29
2017-01-23 12.23 12.28 11.48 11.48
2017-01-26 12.02 12.12 11.92 11.92
2017-03-16 11.44 11.64 11.32 11.32
2017-03-22 11.78 11.95 11.37 11.37
2017-04-13 10.67 10.87 10.41 10.41
2017-04-21 9.68 9.73 9.55 9.55
