2007-01-29 5.08 5.08 4.9 4.9
2007-04-03 7.17 7.19 6.79 6.79
2007-04-09 7.52 7.66 7.32 7.32
2007-04-17 8.64 8.64 7.85 7.85
2007-04-20 8.43 8.5 8.1 8.1
2007-11-06 6.39 6.53 6.28 6.28
2008-01-09 8.28 8.28 7.99 7.99
2008-05-23 6.64 6.64 6.64 6.64
2009-01-09 4.31 4.43 4.13 4.13
2009-03-04 5.78 5.85 5.47 5.47
2009-04-21 9.12 9.12 8.6 8.6
2009-07-23 9.88 9.94 9.65 9.65
2009-08-06 10.72 11.15 10.33 10.33
2009-09-29 9.69 9.79 9.3 9.3
2010-02-08 12.88 13.06 12.75 12.75
2010-02-09 13.39 13.5 12.82 12.82
2010-02-12 13.77 13.9 13.55 13.55
2010-03-17 14.81 14.96 14.4 14.4
2010-07-06 9.71 9.74 9.35 9.35
2010-10-13 10.35 10.38 10.03 10.03
2011-04-29 9.84 9.87 9.69 9.69
2011-05-03 10.06 10.07 9.8 9.8
2011-12-16 6.24 6.24 5.98 5.98
2012-01-12 5.35 5.44 5.23 5.23
2012-04-06 6.07 6.07 5.9 5.9
2012-04-11 6.33 6.39 6.1 6.1
2012-08-21 6.19 6.2 6.06 6.06
2012-09-03 5.94 5.95 5.78 5.78
2012-09-06 5.95 5.95 5.87 5.87
2012-09-07 6.1 6.2 5.95 5.95
2012-10-09 5.8 5.9 5.58 5.58
2012-10-30 5.75 5.78 5.69 5.69
2012-11-01 6.06 6.1 5.82 5.82
2013-05-03 5.57 5.61 5.49 5.49
2013-05-24 6.01 6.02 5.88 5.88
2013-07-05 4.77 4.93 4.76 4.76
2013-07-11 4.86 4.92 4.72 4.72
2013-07-16 4.95 4.98 4.82 4.82
2013-09-30 5.95 5.98 5.8 5.8
2013-10-08 6.07 6.25 5.91 5.91
2014-01-24 5.59 5.65 5.51 5.51
2014-02-10 5.68 5.74 5.57 5.57
2014-02-11 5.77 5.79 5.66 5.66
2014-05-06 5.37 5.38 5.29 5.29
2014-05-08 5.28 5.34 5.23 5.23
2014-05-12 5.41 5.42 5.27 5.27
2014-06-23 5.08 5.09 5.05 5.05
2014-07-01 5.72 5.72 5.33 5.33
2014-09-04 7.21 7.4 6.88 6.88
2014-10-28 6.87 6.89 6.74 6.74
2014-10-29 6.91 6.94 6.82 6.82
2015-02-03 8.4 8.45 8.25 8.25
2015-02-06 9.28 9.35 8.48 8.48
2015-04-10 14.8 14.99 14.41 14.41
2015-04-13 14.87 15.25 14.61 14.61
2015-04-17 17.07 17.28 16.36 16.36
2015-07-09 9.25 9.25 8.2 8.2
2015-08-07 10.9 10.95 10.5 10.5
2015-08-10 11.93 11.95 11.05 11.05
2015-08-18 14.14 14.14 14.14 14.14
2015-08-24 11.95 12.4 11.95 11.95
2015-08-25 10.76 10.78 10.76 10.76
2016-02-16 8.08 8.13 7.73 7.73
2016-11-10 9.09 9.1 8.99 8.99
2016-12-21 8.66 8.69 8.61 8.61
2017-01-24 8.51 8.51 8.41 8.41
2017-03-22 9.55 9.63 9.33 9.33
2017-03-28 9.41 9.45 9.32 9.32
2017-06-27 7.77 7.79 7.72 7.72
2017-07-03 7.78 7.79 7.63 7.63
2017-07-25 8.14 8.18 7.89 7.89
