1997-12-04 8.94 9.1 8.81 8.81
1998-01-21 10.67 10.85 10.58 10.58
1998-03-03 11.32 11.34 10.71 10.71
1998-03-04 11.55 11.64 11.1 11.1
1998-04-13 12.7 12.87 12.0 12.0
1998-06-18 6.98 7.1 6.75 6.75
1998-07-24 6.92 7.01 6.9 6.9
1998-08-19 6.4 6.42 6.11 6.11
1998-11-16 6.44 6.45 6.38 6.38
1998-11-23 6.38 6.45 6.35 6.35
1998-11-24 6.41 6.53 6.38 6.38
1998-11-30 6.32 6.36 6.3 6.3
1998-12-02 6.43 6.45 6.35 6.35
1998-12-09 6.52 6.54 6.42 6.42
1999-01-08 6.68 6.68 6.25 6.25
1999-01-15 6.85 6.96 6.78 6.78
1999-03-02 6.62 6.62 6.39 6.39
1999-05-19 6.39 6.45 6.11 6.11
1999-10-22 6.85 6.94 6.66 6.66
1999-10-26 6.75 6.81 6.72 6.72
2000-01-05 6.32 6.44 6.3 6.3
2000-03-17 6.67 6.69 6.5 6.5
2000-03-27 7.25 7.29 7.02 7.02
2000-03-30 7.33 7.43 7.25 7.25
2000-04-05 7.09 7.18 7.02 7.02
2000-04-06 7.23 7.28 7.1 7.1
2000-04-07 7.43 7.5 7.25 7.25
2000-04-10 7.6 7.78 7.5 7.5
2000-04-13 7.88 7.95 7.68 7.68
2000-04-20 7.68 7.77 7.65 7.65
2000-06-26 16.28 16.49 15.8 15.8
2000-06-27 16.45 16.8 15.3 15.3
2000-07-03 16.68 16.77 16.0 16.0
2000-07-05 17.4 17.45 16.55 16.55
2000-07-07 18.7 18.78 18.06 18.06
2000-07-10 18.91 18.99 18.5 18.5
2000-07-14 17.49 17.98 17.0 17.0
2000-07-17 17.47 17.7 17.21 17.21
2000-07-20 18.43 18.49 17.5 17.5
2000-07-26 17.9 18.01 17.61 17.61
2000-08-02 17.55 17.55 17.06 17.06
2000-12-15 21.48 21.53 21.0 21.0
2000-12-27 16.28 16.28 16.28 16.28
2000-12-28 14.65 14.65 14.65 14.65
2001-01-03 13.19 13.19 13.19 13.19
2001-01-04 12.55 12.99 11.87 11.87
2001-01-10 11.34 11.65 10.52 10.52
2001-02-07 12.36 12.65 11.67 11.67
2001-03-22 14.02 14.2 13.75 13.75
2001-04-30 12.91 13.0 12.88 12.88
2001-05-09 12.98 13.17 12.85 12.85
2001-07-25 11.61 11.84 11.5 11.5
2001-08-01 11.31 11.35 11.07 11.07
2001-08-20 10.82 10.83 10.6 10.6
2001-08-21 10.88 11.07 10.84 10.84
2001-09-21 9.69 10.18 9.4 9.4
2001-11-01 9.06 9.15 8.91 8.91
2001-12-25 8.05 8.08 7.93 7.93
2002-05-23 7.73 7.83 7.65 7.65
2002-05-28 7.66 7.77 7.65 7.65
2002-08-21 7.87 7.96 7.83 7.83
2002-10-16 7.12 7.28 7.05 7.05
2003-01-08 6.16 6.18 5.96 5.96
2003-04-11 7.82 7.99 7.25 7.25
2004-01-07 7.68 7.9 7.26 7.26
2004-01-13 7.8 7.92 7.62 7.62
2004-02-16 8.33 8.43 8.23 8.23
2004-03-10 8.27 8.29 8.1 8.1
2004-06-10 6.37 6.5 6.23 6.23
2005-02-02 5.77 5.8 5.47 5.47
2005-02-21 5.86 5.91 5.75 5.75
2005-08-03 4.4 4.47 4.31 4.31
2005-08-05 4.55 4.56 4.39 4.39
2005-08-30 4.44 4.5 4.33 4.33
2005-08-31 4.48 4.5 4.42 4.42
2005-09-07 4.47 4.5 4.36 4.36
2006-01-18 4.96 5.06 4.9 4.9
2006-01-20 4.97 5.05 4.9 4.9
2006-01-23 5.13 5.16 4.98 4.98
2006-01-24 5.45 5.54 5.13 5.13
2006-06-29 5.49 5.5 5.4 5.4
2006-07-06 5.4 5.41 5.27 5.27
2007-03-08 11.65 11.72 11.31 11.31
2007-03-09 12.82 12.82 11.75 11.75
2007-04-09 16.6 16.95 16.32 16.32
2007-04-23 19.32 19.9 18.73 18.73
2007-05-16 18.56 18.68 17.34 17.34
2007-06-19 20.19 20.4 19.55 19.55
2007-07-23 16.06 16.06 14.5 14.5
2007-07-26 16.23 16.5 16.1 16.1
2007-07-31 18.15 19.0 17.59 17.59
2007-08-06 17.65 17.95 17.2 17.2
2007-12-04 17.2 17.45 16.88 16.88
2008-04-30 17.3 17.4 16.3 16.3
2009-05-04 8.54 8.54 7.79 7.79
2009-05-07 9.04 9.13 8.7 8.7
2009-09-03 10.67 10.67 9.71 9.71
2009-09-10 12.47 12.59 11.61 11.61
2009-09-11 12.28 12.58 12.01 12.01
2009-09-17 12.18 12.3 12.02 12.02
2009-09-24 10.52 10.75 10.08 10.08
2011-04-27 11.95 13.15 11.95 11.95
2011-04-29 10.45 10.88 9.83 9.83
2011-12-20 7.11 7.18 7.08 7.08
2011-12-28 7.14 7.15 7.05 7.05
