1996-06-24 9.21 9.36 9.1 9.1
1996-07-16 5.72 5.89 5.5 5.5
1996-08-26 5.7 5.85 5.4 5.4
1996-08-28 5.69 5.75 5.6 5.6
1996-09-05 5.87 6.1 5.71 5.71
1996-09-11 5.46 5.68 5.4 5.4
1996-10-10 7.2 7.6 7.0 7.0
1996-10-15 7.93 7.98 7.11 7.11
1996-10-23 8.99 9.0 8.05 8.05
1996-10-25 9.15 9.5 9.0 9.0
1996-10-28 10.6 11.0 8.9 8.9
1996-10-29 11.5 12.29 11.0 11.0
1996-12-17 9.72 9.72 9.72 9.72
1996-12-18 10.0 10.35 8.75 8.75
1996-12-20 8.1 8.44 8.1 8.1
1996-12-23 7.85 8.25 7.7 7.7
1997-02-21 8.9 8.95 8.4 8.4
1997-02-25 9.14 9.3 8.8 8.8
1997-05-19 15.5 16.4 15.11 15.11
1997-05-27 13.81 13.81 12.6 12.6
1997-06-02 15.16 15.17 14.22 14.22
1997-08-26 15.9 16.15 15.5 15.5
1997-09-03 15.68 15.68 15.35 15.35
1997-09-04 16.03 16.14 15.7 15.7
1997-09-30 12.89 12.96 12.37 12.37
1997-12-02 13.24 13.41 13.15 13.15
1997-12-04 13.75 13.9 13.05 13.05
1998-03-16 12.91 13.2 12.7 12.7
1998-04-22 12.33 12.35 12.15 12.15
1998-04-23 12.82 13.05 12.4 12.4
1998-05-08 12.87 12.92 12.4 12.4
1998-07-29 10.63 10.65 10.35 10.35
1998-08-27 7.16 7.32 7.02 7.02
1998-09-03 7.19 7.2 7.01 7.01
1999-04-09 6.63 6.8 6.52 6.52
1999-04-19 6.19 6.3 6.13 6.13
1999-04-27 5.72 5.72 5.72 5.72
1999-04-28 5.43 5.43 5.43 5.43
1999-04-29 5.16 5.16 5.16 5.16
1999-06-11 5.04 5.04 4.8 4.8
1999-06-30 5.32 5.32 5.32 5.32
1999-07-08 5.3 5.39 5.25 5.25
1999-07-13 5.08 5.17 5.02 5.02
1999-07-14 5.33 5.33 5.09 5.09
1999-07-30 5.0 5.08 4.9 4.9
1999-08-31 5.12 5.12 5.12 5.12
1999-09-01 5.16 5.35 4.86 4.86
1999-09-28 5.91 5.91 5.6 5.6
2000-04-06 5.29 5.29 5.04 5.04
2000-05-15 4.62 4.75 4.6 4.6
2000-06-13 5.87 5.87 5.87 5.87
2000-06-26 5.76 5.76 5.76 5.76
2000-06-27 5.47 5.84 5.47 5.47
2001-01-04 7.42 7.42 7.42 7.42
2001-01-05 7.79 7.79 7.79 7.79
2001-01-08 8.18 8.18 8.18 8.18
2001-01-16 8.97 8.97 8.97 8.97
2001-01-17 8.52 8.52 8.52 8.52
2001-02-06 8.25 8.25 8.25 8.25
2001-02-07 7.84 7.84 7.84 7.84
2001-02-08 7.45 7.45 7.45 7.45
2001-02-12 7.08 7.08 7.08 7.08
2001-02-13 6.73 6.73 6.73 6.73
2001-02-14 6.39 6.39 6.39 6.39
2001-02-15 6.07 6.07 6.07 6.07
2001-02-16 5.77 6.2 5.77 5.77
2001-02-19 5.63 6.06 5.48 5.48
2001-02-23 5.89 5.89 5.89 5.89
2004-01-02 6.6 6.73 6.5 6.5
2004-03-02 9.01 9.12 8.63 8.63
2004-09-06 5.51 5.62 5.47 5.47
2004-09-07 5.62 5.62 5.49 5.49
2004-09-14 5.45 5.52 5.3 5.3
2004-10-19 5.36 5.48 5.33 5.33
2004-10-27 4.93 4.96 4.71 4.71
2004-11-01 4.94 4.98 4.8 4.8
2004-11-08 4.9 4.91 4.8 4.8
2004-12-06 5.4 5.53 5.31 5.31
2004-12-08 5.53 5.67 5.36 5.36
2005-04-11 4.18 4.25 4.14 4.14
2005-05-13 3.68 3.77 3.5 3.5
2005-07-26 2.89 2.9 2.79 2.79
2005-08-01 2.95 2.98 2.92 2.92
2005-08-24 3.24 3.25 3.16 3.16
2005-12-07 2.95 2.96 2.9 2.9
2005-12-09 2.97 2.99 2.93 2.93
2006-05-19 4.05 4.11 3.93 3.93
2006-05-29 4.19 4.25 3.97 3.97
2006-06-01 4.48 4.68 4.04 4.04
2006-07-11 4.36 4.4 4.16 4.16
2006-07-13 4.5 4.79 4.35 4.35
2006-08-31 4.44 4.48 4.27 4.27
2006-09-15 4.33 4.38 4.28 4.28
2006-09-21 4.55 4.66 4.46 4.46
2007-02-07 5.1 5.16 4.94 4.94
2007-02-12 5.35 5.39 5.22 5.22
2007-02-14 5.9 5.9 5.7 5.7
2007-02-26 6.37 6.37 6.02 6.02
2007-02-28 6.02 6.08 5.75 5.75
2007-03-05 6.15 6.15 5.79 5.79
2007-03-06 6.46 6.46 6.15 6.15
2007-03-20 7.82 7.82 7.45 7.45
2007-03-27 8.0 8.11 7.59 7.59
2007-03-30 7.81 7.81 7.36 7.36
2007-04-02 8.13 8.2 7.9 7.9
2007-04-09 7.91 8.04 7.85 7.85
2007-04-30 10.23 10.4 9.8 9.8
2007-05-14 11.68 11.68 11.68 11.68
2007-05-15 12.26 12.26 12.26 12.26
2007-05-16 12.87 12.87 12.87 12.87
2007-05-23 15.65 15.65 15.65 15.65
2007-05-31 17.17 18.49 17.17 17.17
2007-06-01 16.31 16.31 16.31 16.31
2007-06-04 15.49 15.49 15.49 15.49
2007-06-05 14.72 14.72 14.72 14.72
2007-06-06 15.46 15.46 13.98 13.98
2007-07-26 8.92 8.92 8.21 8.21
2007-11-30 7.93 7.96 7.66 7.66
2007-12-25 9.97 10.19 9.18 9.18
2008-03-05 11.72 11.72 11.72 11.72
2008-03-06 12.89 12.89 12.89 12.89
2008-03-07 14.18 14.18 14.18 14.18
2008-03-10 15.6 15.6 15.6 15.6
2008-04-28 12.39 12.46 10.4 10.4
2008-05-28 12.32 12.89 12.27 12.27
2008-12-02 3.65 3.77 3.42 3.42
2008-12-05 4.07 4.09 3.8 3.8
2008-12-11 4.85 5.05 4.52 4.52
2009-01-14 4.68 4.68 4.36 4.36
2009-02-03 5.07 5.07 5.07 5.07
2009-02-04 5.58 5.58 5.58 5.58
2009-02-05 6.14 6.14 6.14 6.14
2009-02-06 6.75 6.75 6.75 6.75
2009-06-01 5.74 5.83 5.71 5.71
2009-09-09 5.03 5.07 4.88 4.88
2009-09-10 5.03 5.07 4.98 4.98
2009-09-11 5.07 5.12 5.0 5.0
2009-09-17 5.26 5.27 5.14 5.14
2009-11-10 5.78 5.88 5.57 5.57
2009-12-02 5.9 5.99 5.79 5.79
2009-12-10 6.07 6.13 5.95 5.95
2010-04-08 6.84 6.84 6.84 6.84
2010-04-09 6.68 6.89 6.5 6.5
2011-07-27 9.45 9.74 9.44 9.44
2011-08-12 7.43 7.59 7.22 7.22
2011-08-17 7.59 7.59 7.2 7.2
2012-05-10 6.2 6.27 6.17 6.17
2012-09-28 5.05 5.07 4.91 4.91
2013-01-10 4.95 5.15 4.85 4.85
2013-01-18 5.13 5.16 4.84 4.84
2013-02-27 5.01 5.05 4.97 4.97
2013-03-29 4.69 4.75 4.61 4.61
2013-04-19 4.85 4.86 4.78 4.78
2013-11-11 4.91 4.96 4.82 4.82
2013-11-28 5.22 5.24 5.12 5.12
2014-02-10 5.21 5.22 5.12 5.12
2014-04-09 5.74 5.79 5.45 5.45
2014-08-04 6.37 6.46 6.26 6.26
2015-01-21 8.52 8.53 8.29 8.29
2015-03-23 13.77 14.3 13.49 13.49
2015-04-21 13.17 13.2 12.77 12.77
2015-04-22 13.59 13.67 13.2 13.2
2015-06-15 25.33 25.33 22.61 22.61
2015-07-09 10.32 10.32 8.44 8.44
2016-04-28 14.94 15.16 14.68 14.68
2016-06-01 12.82 13.16 12.8 12.8
2016-06-02 13.41 13.45 12.7 12.7
2016-06-14 12.42 12.45 12.2 12.2
2016-10-21 19.15 19.61 17.88 17.88
2017-04-25 14.05 14.17 13.9 13.9
2017-04-26 14.19 14.35 14.05 14.05
2017-06-05 14.34 14.35 14.08 14.08
2017-06-07 14.58 14.66 14.26 14.26
