2003-08-11 7.14 7.19 6.91 6.91
2003-09-01 7.29 7.37 6.98 6.98
2003-12-12 6.39 6.41 6.32 6.32
2004-08-16 5.86 5.91 5.82 5.82
2004-11-05 5.7 5.82 5.67 5.67
2004-11-15 5.8 5.82 5.73 5.73
2004-11-18 5.78 5.79 5.65 5.65
2004-12-16 5.55 5.62 5.53 5.53
2005-01-21 4.91 4.96 4.73 4.73
2005-06-27 5.58 5.65 5.48 5.48
2005-10-20 4.61 4.68 4.53 4.53
2006-10-11 3.5 3.55 3.41 3.41
2006-10-27 3.58 3.6 3.41 3.41
2007-03-07 6.18 6.24 5.9 5.9
2007-04-23 9.19 9.23 8.9 8.9
2007-04-26 9.2 9.38 9.12 9.12
2007-06-07 10.77 10.89 10.13 10.13
2007-08-20 11.6 11.7 11.33 11.33
2007-08-23 12.01 12.19 11.76 11.76
2007-08-30 12.06 12.26 11.64 11.64
2007-09-03 13.18 13.42 12.48 12.48
2007-12-17 16.08 16.68 15.95 15.95
2007-12-19 16.34 16.36 15.73 15.73
2008-02-21 24.75 25.3 24.1 24.1
2009-01-19 3.8 3.87 3.72 3.72
2009-07-08 5.93 6.0 5.71 5.71
2009-11-30 9.58 9.6 8.86 8.86
2010-06-17 6.37 6.53 6.35 6.35
2010-08-03 6.94 6.94 6.94 6.94
2010-10-11 7.4 7.6 7.25 7.25
2011-02-15 8.35 8.53 8.23 8.23
2011-02-21 8.94 8.98 8.51 8.51
2012-08-09 5.95 5.98 5.85 5.85
2012-08-15 5.65 5.74 5.63 5.63
2012-08-21 5.75 5.79 5.63 5.63
2012-09-28 3.86 3.89 3.7 3.7
2012-11-01 3.89 3.94 3.78 3.78
2013-01-31 4.37 4.39 4.26 4.26
2013-02-20 4.74 4.78 4.55 4.55
2013-02-27 4.68 4.8 4.63 4.63
2013-03-07 5.11 5.12 4.87 4.87
2013-09-09 4.56 4.62 4.45 4.45
2013-10-28 4.9 4.91 4.82 4.82
2013-11-14 4.77 4.78 4.71 4.71
2014-01-21 4.44 4.46 4.4 4.4
2014-07-08 4.46 4.47 4.39 4.39
2014-07-22 4.51 4.53 4.46 4.46
2014-07-23 4.55 4.61 4.51 4.51
2014-07-24 4.69 4.72 4.56 4.56
2014-07-25 4.68 4.72 4.63 4.63
2014-07-30 4.77 4.81 4.72 4.72
2014-07-31 4.81 4.86 4.75 4.75
2014-08-04 5.02 5.07 4.82 4.82
2015-01-28 7.79 7.89 7.11 7.11
2015-02-04 8.24 8.41 7.85 7.85
2015-05-25 10.13 10.3 9.89 9.89
2015-07-09 7.52 7.52 6.17 6.17
2015-07-17 8.42 8.56 7.87 7.87
2015-08-25 7.11 7.36 7.11 7.11
2016-02-04 6.16 6.23 5.95 5.95
2016-02-16 6.37 6.42 6.15 6.15
2016-02-24 6.94 7.09 6.69 6.69
2016-04-13 7.93 8.13 7.5 7.5
2016-07-12 8.18 8.4 8.0 8.0
2016-07-13 8.23 8.47 8.11 8.11
2016-08-02 8.78 8.87 8.45 8.45
2016-09-07 8.27 8.37 8.17 8.17
2016-10-27 8.45 8.54 8.22 8.22
2016-11-11 8.52 8.58 8.35 8.35
2016-12-08 8.45 8.54 8.22 8.22
2016-12-30 9.39 9.62 9.37 9.37
