1996-07-10 6.88 7.0 6.72 6.72
1996-07-16 6.8 6.95 6.68 6.68
1996-07-29 7.16 7.25 6.98 6.98
1996-08-08 7.36 7.42 7.16 7.16
1996-08-12 8.06 8.18 7.88 7.88
1996-08-14 8.09 8.37 8.0 8.0
1996-08-21 8.04 8.08 7.89 7.89
1996-08-27 7.97 8.2 7.8 7.8
1996-09-20 9.45 9.45 8.9 8.9
1996-09-23 10.1 10.15 9.51 9.51
1996-11-08 11.08 11.1 10.3 10.3
1996-11-11 11.45 11.55 11.3 11.3
1996-11-18 11.4 11.5 10.9 10.9
1996-12-02 13.97 14.06 13.1 13.1
1996-12-16 12.28 12.28 12.28 12.28
1996-12-17 11.05 12.28 11.05 11.05
1997-01-09 12.5 12.58 12.2 12.2
1997-01-31 13.31 13.4 13.13 13.13
1997-02-20 12.62 12.72 11.64 11.64
1997-02-24 13.25 13.48 13.1 13.1
1997-02-25 13.45 13.55 13.2 13.2
1997-03-10 14.47 14.8 14.38 14.38
1997-03-31 16.3 16.6 16.02 16.02
1997-05-05 14.65 14.85 14.5 14.5
1997-05-22 11.25 11.95 11.25 11.25
1997-05-23 11.0 11.4 10.77 10.77
1997-05-29 11.24 11.5 11.08 11.08
1997-06-06 11.47 11.99 11.2 11.2
1997-06-12 11.06 11.28 11.0 11.0
1997-06-13 11.25 11.45 10.7 10.7
1997-06-16 11.58 11.7 11.35 11.35
1997-06-19 11.31 11.38 11.3 11.3
1997-06-20 11.8 11.9 11.31 11.31
1997-07-24 10.65 11.1 10.5 10.5
1997-08-04 11.25 11.45 10.9 10.9
1997-08-22 10.28 10.41 10.0 10.0
1997-08-25 9.25 9.5 9.25 9.25
1997-09-03 9.7 9.82 9.45 9.45
1997-09-10 9.41 9.51 9.3 9.3
1997-09-19 8.7 8.74 8.55 8.55
1997-11-21 8.61 9.08 8.49 8.49
1997-12-31 9.2 9.25 9.0 9.0
1998-02-11 9.72 9.78 9.42 9.42
1998-03-03 9.35 9.44 8.7 8.7
1998-04-14 9.5 9.58 9.15 9.15
1998-05-12 10.35 10.48 10.11 10.11
1998-06-03 11.12 11.25 10.8 10.8
1998-06-17 10.18 10.2 9.58 9.58
1998-06-22 10.68 10.71 10.35 10.35
1998-07-03 10.13 10.23 9.61 9.61
1998-07-10 10.35 10.43 10.0 10.0
1998-07-21 9.68 9.68 9.3 9.3
1998-07-31 9.3 9.35 9.25 9.25
1998-08-21 8.08 8.1 7.65 7.65
1998-08-26 7.99 8.08 7.66 7.66
1998-09-11 8.23 8.35 8.16 8.16
1998-09-23 8.87 8.93 8.45 8.45
1998-10-09 9.18 9.35 9.05 9.05
1998-10-12 9.53 9.6 9.2 9.2
1998-10-27 9.8 9.88 9.4 9.4
1998-11-06 10.8 10.88 10.1 10.1
1998-12-01 11.15 11.5 10.86 10.86
1998-12-21 10.3 10.5 10.0 10.0
1999-01-11 10.75 10.97 10.57 10.57
1999-03-18 11.79 11.97 11.5 11.5
1999-04-05 11.5 11.8 11.1 11.1
1999-04-06 11.8 11.91 11.5 11.5
1999-04-15 10.3 10.5 10.3 10.3
1999-04-28 11.05 11.08 10.9 10.9
1999-05-10 11.1 11.17 10.8 10.8
1999-05-26 11.98 12.09 11.76 11.76
1999-05-27 12.93 12.95 12.05 12.05
1999-05-28 13.98 14.1 13.23 13.23
1999-06-14 12.5 12.7 11.98 11.98
1999-06-16 12.72 12.72 11.75 11.75
1999-06-17 13.99 13.99 13.1 13.1
1999-06-18 15.39 15.39 14.2 14.2
1999-07-13 14.9 15.38 12.58 12.58
1999-07-28 15.59 15.8 15.0 15.0
1999-08-04 16.32 16.5 15.88 15.88
1999-08-09 16.19 16.5 15.6 15.6
1999-08-17 15.64 15.99 15.32 15.32
1999-08-24 16.8 17.2 15.8 15.8
1999-08-26 18.19 18.3 17.2 17.2
1999-08-31 17.59 17.95 16.8 16.8
1999-09-07 16.88 17.1 16.51 16.51
1999-09-08 17.48 17.5 16.71 16.71
1999-09-10 18.1 18.5 17.6 17.6
1999-10-25 16.5 16.9 16.3 16.3
1999-10-27 16.7 16.79 16.39 16.39
1999-10-29 16.3 16.35 16.0 16.0
1999-11-09 16.8 16.96 16.41 16.41
1999-11-12 16.76 16.8 16.6 16.6
1999-11-17 16.67 16.74 16.3 16.3
1999-11-19 16.85 17.0 15.31 15.31
1999-11-25 15.86 16.1 15.31 15.31
1999-11-26 15.99 16.01 15.5 15.5
1999-12-01 16.5 16.55 16.2 16.2
1999-12-02 16.66 16.76 16.52 16.52
1999-12-03 16.68 16.8 16.45 16.45
1999-12-28 12.98 13.11 12.58 12.58
2000-02-18 14.9 15.1 14.5 14.5
2000-03-07 13.95 13.95 12.8 12.8
2000-03-23 13.95 14.32 13.65 13.65
2000-05-12 15.08 15.42 15.0 15.0
2000-05-31 17.3 17.39 16.9 16.9
2000-06-05 17.0 17.0 16.5 16.5
2000-06-20 16.34 16.68 16.17 16.17
2000-07-06 17.81 17.99 17.7 17.7
2000-07-07 18.35 18.35 17.6 17.6
2000-07-25 18.25 18.3 17.88 17.88
2000-07-28 17.9 18.17 16.9 16.9
2000-08-03 18.08 18.2 17.98 17.98
2000-09-13 18.61 18.8 18.5 18.5
2000-09-26 19.28 19.28 18.72 18.72
2000-11-28 17.21 17.21 16.89 16.89
2000-12-14 17.2 17.2 16.5 16.5
2001-02-09 15.6 15.75 15.5 15.5
2001-02-15 15.85 15.86 15.67 15.67
2001-03-02 15.89 15.94 15.7 15.7
2001-03-09 15.88 16.05 15.7 15.7
2001-03-12 16.08 16.08 15.78 15.78
2001-03-16 16.78 16.99 16.4 16.4
2001-03-27 16.73 16.88 16.6 16.6
2001-04-02 16.58 16.68 16.48 16.48
2001-04-11 16.16 16.28 16.03 16.03
2001-04-16 16.36 16.43 16.18 16.18
2001-05-21 18.85 19.25 18.68 18.68
2001-05-23 18.6 18.8 17.75 17.75
2001-05-30 19.29 19.3 18.85 18.85
2001-05-31 19.22 19.35 18.9 18.9
2001-06-12 19.08 19.45 18.98 18.98
2001-07-10 18.65 18.98 18.64 18.64
2001-07-12 19.6 19.7 19.0 19.0
2001-07-20 18.51 18.7 18.41 18.41
2001-07-31 17.49 17.88 17.22 17.22
2001-08-09 17.55 17.58 17.25 17.25
2001-08-10 17.79 18.1 17.46 17.46
2001-08-15 18.15 18.24 17.82 17.82
2001-08-29 16.32 16.6 16.12 16.12
2001-08-30 16.31 16.55 16.22 16.22
2001-09-04 16.28 16.28 15.98 15.98
2001-10-31 13.09 13.15 12.68 12.68
2001-11-20 13.2 13.27 12.7 12.7
2001-11-26 14.13 14.2 13.85 13.85
2001-11-29 14.15 14.27 14.01 14.01
2001-12-03 14.35 14.49 14.3 14.3
2001-12-18 13.96 13.96 13.5 13.5
2002-01-22 9.84 10.14 9.8 9.8
2002-01-23 10.76 10.78 9.81 9.81
2002-01-31 11.15 11.29 10.59 10.59
2002-02-07 11.12 11.28 10.88 10.88
2002-03-06 11.82 12.11 11.4 11.4
2002-03-11 13.04 13.1 11.82 11.82
2002-03-20 12.98 13.1 12.55 12.55
2002-03-25 13.0 13.13 12.75 12.75
2002-04-02 13.33 13.37 12.88 12.88
2002-04-10 13.55 13.66 13.32 13.32
2002-04-22 13.8 13.85 13.59 13.59
2002-05-09 14.09 14.2 14.0 14.0
2002-05-23 13.44 13.7 13.35 13.35
2002-05-24 13.18 13.6 12.5 12.5
2002-06-17 14.13 14.15 13.46 13.46
2002-07-03 15.99 16.0 15.53 15.53
2002-07-05 15.61 15.8 15.52 15.52
2002-07-11 15.5 15.75 15.28 15.28
2002-07-12 15.48 15.56 15.3 15.3
2002-07-22 15.19 15.32 15.1 15.1
2002-07-30 15.56 15.56 15.35 15.35
2002-08-02 15.2 15.28 15.15 15.15
2002-08-12 15.28 15.3 15.0 15.0
2002-08-14 15.35 15.38 15.0 15.0
2002-08-27 15.78 15.85 15.3 15.3
2002-09-02 15.56 15.93 15.55 15.55
2002-09-06 15.26 15.29 15.1 15.1
2002-09-12 14.96 15.1 14.96 14.96
2002-09-23 14.99 15.18 14.96 14.96
2002-11-04 14.5 14.64 14.15 14.15
2002-11-29 12.96 13.0 12.66 12.66
2003-01-07 11.47 11.58 11.33 11.33
2003-01-09 11.8 11.89 11.58 11.58
2003-01-22 12.17 12.25 12.0 12.0
2003-01-27 12.44 12.59 12.01 12.01
2003-02-10 12.18 12.22 12.18 12.18
2003-02-12 12.4 12.41 12.12 12.12
2003-02-14 12.32 12.4 12.25 12.25
2003-02-17 12.26 12.39 12.19 12.19
2003-03-03 12.85 12.98 12.31 12.31
2003-03-11 12.95 12.96 12.73 12.73
2003-03-12 12.58 13.2 12.13 12.13
2003-03-18 12.94 13.08 12.7 12.7
2003-04-22 12.27 12.28 12.0 12.0
2003-04-23 12.23 12.32 12.12 12.12
2003-05-28 12.46 12.6 12.2 12.2
2003-06-16 12.9 13.0 12.49 12.49
2003-07-09 12.6 12.68 12.6 12.6
2003-07-11 12.97 12.98 12.62 12.62
2003-07-17 13.18 13.22 13.09 13.09
2003-07-18 13.21 13.47 12.91 12.91
2003-07-25 13.29 13.48 13.26 13.26
2003-09-19 12.79 12.95 12.66 12.66
2003-11-07 6.87 7.14 6.78 6.78
2003-11-11 6.88 7.17 6.7 6.7
2003-12-01 6.2 6.24 6.06 6.06
2003-12-03 6.26 6.43 6.2 6.2
2004-02-23 8.36 8.6 8.25 8.25
2004-03-16 8.18 8.19 7.9 7.9
2004-05-20 6.23 6.35 5.8 5.8
2004-06-03 5.83 5.95 5.7 5.7
2004-06-15 5.41 5.43 5.15 5.15
2004-06-21 5.47 5.48 5.38 5.38
2004-07-12 5.03 5.11 5.01 5.01
2004-07-23 5.0 5.05 4.96 4.96
2004-07-26 4.82 4.98 4.66 4.66
2004-07-28 4.74 4.79 4.7 4.7
2004-08-06 4.71 4.82 4.7 4.7
2004-08-10 4.68 4.75 4.67 4.67
2004-08-19 4.99 5.25 4.92 4.92
2004-09-14 5.27 5.29 5.05 5.05
2004-10-28 4.56 4.64 4.52 4.52
2004-11-02 4.42 4.44 4.35 4.35
2004-11-17 4.65 4.8 4.65 4.65
2004-11-22 4.79 4.83 4.68 4.68
2004-12-29 4.38 4.44 4.31 4.31
2005-01-05 4.24 4.33 4.2 4.2
2005-01-10 4.26 4.39 4.06 4.06
2005-02-23 4.32 4.38 4.2 4.2
2005-03-04 4.08 4.12 4.05 4.05
2005-03-11 4.05 4.19 4.02 4.02
2005-04-06 3.43 3.45 3.2 3.2
2005-04-13 3.74 3.74 3.4 3.4
2005-04-25 3.07 3.12 3.02 3.02
2005-05-13 3.01 3.05 2.9 2.9
2005-05-16 3.31 3.31 3.03 3.03
2005-05-24 2.98 3.03 2.87 2.87
2005-05-27 3.14 3.19 2.9 2.9
2005-06-06 3.05 3.07 2.95 2.95
2005-06-07 3.08 3.17 3.05 3.05
2005-06-16 3.19 3.25 3.11 3.11
2005-06-17 3.24 3.26 3.15 3.15
2005-07-20 2.87 2.89 2.79 2.79
2005-07-22 2.87 2.91 2.76 2.76
2005-08-01 2.94 2.94 2.9 2.9
2005-08-05 3.08 3.13 3.04 3.04
2005-08-15 3.18 3.18 3.08 3.08
2005-08-16 3.29 3.49 3.19 3.19
2005-08-24 3.33 3.37 3.27 3.27
2005-10-14 3.62 3.65 3.5 3.5
2005-11-08 3.32 3.33 3.21 3.21
2005-11-11 3.18 3.23 3.1 3.1
2005-11-15 3.28 3.5 3.13 3.13
2005-11-17 3.31 3.34 3.23 3.23
2005-11-21 3.34 3.37 3.3 3.3
2005-12-06 3.06 3.06 2.98 2.98
2005-12-08 3.14 3.16 3.1 3.1
2005-12-12 3.13 3.15 3.11 3.11
2006-01-04 3.26 3.27 3.21 3.21
2006-01-09 3.35 3.35 3.28 3.28
2006-02-10 3.46 3.47 3.35 3.35
2006-03-01 3.3 3.3 3.22 3.22
2006-03-20 3.23 3.26 3.15 3.15
2006-03-23 3.31 3.34 3.25 3.25
2006-03-27 3.35 3.35 3.2 3.2
2006-03-30 3.4 3.45 3.37 3.37
2006-04-10 3.61 3.64 3.53 3.53
2006-04-17 3.74 3.9 3.66 3.66
2006-04-26 3.52 3.57 3.3 3.3
2006-04-28 3.91 3.91 3.58 3.58
2006-06-16 4.75 4.75 4.64 4.64
2006-06-23 5.02 5.14 4.88 4.88
2006-06-29 5.33 5.46 5.29 5.29
2006-07-03 5.18 5.24 5.11 5.11
2006-07-10 5.31 5.34 5.19 5.19
2006-10-10 6.76 6.84 6.71 6.71
2006-10-30 6.32 6.44 6.08 6.08
2007-01-22 6.79 6.9 6.46 6.46
2007-02-14 7.03 7.09 6.91 6.91
2007-04-13 10.15 10.4 9.5 9.5
2007-04-16 11.17 11.17 10.12 10.12
2007-04-20 13.71 13.81 12.76 12.76
2007-04-26 13.15 13.38 12.78 12.78
2007-05-17 13.39 13.7 12.73 12.73
2007-05-21 14.22 14.27 12.5 12.5
2007-05-24 15.63 15.63 14.15 14.15
2007-05-30 14.47 15.6 14.47 14.47
2007-06-05 9.78 10.09 9.5 9.5
2007-06-06 10.02 10.49 9.87 9.87
2007-06-11 10.83 11.25 10.75 10.75
2007-06-18 11.66 11.76 10.89 10.89
2007-07-02 8.11 8.14 7.7 7.7
2007-07-11 8.5 8.52 8.05 8.05
2007-07-19 7.92 7.97 7.72 7.72
2007-07-23 8.86 8.86 8.22 8.22
2007-07-30 9.94 10.35 9.41 9.41
2007-08-20 12.1 12.5 12.02 12.02
2007-08-27 13.41 13.41 12.21 12.21
2007-08-30 12.63 13.0 12.4 12.4
2007-09-17 11.5 11.94 11.2 11.2
2007-11-23 8.67 8.69 8.32 8.32
2007-11-28 8.7 9.01 8.61 8.61
2007-12-19 9.69 9.87 9.43 9.43
2008-01-15 12.68 13.29 12.12 12.12
2008-02-05 9.66 9.66 9.66 9.66
2008-05-08 7.7 7.77 7.4 7.4
2008-05-12 8.06 8.18 7.81 7.81
2008-05-13 8.44 8.45 7.8 7.8
2008-06-30 6.15 6.4 5.9 5.9
2008-07-14 6.89 7.03 6.56 6.56
2008-08-07 7.29 7.29 7.29 7.29
2008-10-28 3.29 3.39 3.13 3.13
2008-11-03 3.14 3.22 3.09 3.09
2008-11-06 3.21 3.27 3.16 3.16
2008-12-01 4.16 4.18 3.85 3.85
2008-12-08 4.69 4.75 4.4 4.4
2008-12-15 4.39 4.44 4.22 4.22
2009-02-06 5.42 5.47 5.25 5.25
2009-02-19 6.64 6.69 6.07 6.07
2009-03-04 6.27 6.34 5.92 5.92
2009-03-09 6.39 6.63 6.1 6.1
2009-03-26 8.49 8.49 7.75 7.75
2009-04-29 7.96 8.02 7.73 7.73
2009-05-07 9.19 9.22 8.39 8.39
2009-06-08 8.69 8.74 8.48 8.48
2009-06-22 8.79 9.07 8.63 8.63
2009-06-30 8.87 9.12 8.77 8.77
2009-08-11 8.98 9.16 8.62 8.62
2009-08-25 7.9 7.98 7.41 7.41
2009-09-03 7.4 7.5 7.11 7.11
2009-09-11 7.45 7.54 7.28 7.28
2009-09-17 8.11 8.25 7.95 7.95
2009-10-12 8.34 8.58 8.11 8.11
2009-10-19 8.34 8.38 8.14 8.14
2009-11-30 8.68 8.85 8.27 8.27
2009-12-21 8.7 8.72 8.5 8.5
2009-12-24 8.83 8.87 8.58 8.58
2010-01-08 8.82 8.86 8.6 8.6
2010-01-18 10.08 10.3 9.73 9.73
2010-01-21 10.49 10.49 9.5 9.5
2010-03-26 10.79 10.95 10.6 10.6
2010-04-09 10.99 11.0 10.76 10.76
2010-04-21 11.46 11.48 10.82 10.82
2010-04-23 11.74 12.07 11.6 11.6
2010-05-07 10.69 10.91 10.42 10.42
2010-05-24 9.09 9.18 8.7 8.7
2010-06-09 10.1 10.25 9.93 9.93
2010-06-21 9.82 9.93 9.4 9.4
2010-06-22 10.12 10.18 9.8 9.8
2010-09-02 13.84 14.29 13.65 13.65
2010-09-13 13.93 14.08 13.52 13.52
2010-09-20 14.69 14.91 14.4 14.4
2010-10-08 14.39 14.67 14.32 14.32
2010-10-29 15.08 15.25 14.78 14.78
2010-11-04 16.5 16.69 15.35 15.35
2010-11-25 11.79 11.89 10.93 10.93
2010-12-13 10.37 10.42 9.81 9.81
2010-12-21 10.23 10.28 10.03 10.03
2011-01-21 8.72 8.9 8.5 8.5
2011-01-26 8.71 8.77 8.44 8.44
2011-04-08 9.93 10.01 9.83 9.83
2011-05-09 10.69 10.85 10.49 10.49
2011-05-19 10.15 10.35 10.1 10.1
2011-06-30 9.37 9.45 9.09 9.09
2011-08-17 10.08 10.26 10.0 10.0
2011-12-26 7.04 7.18 6.64 6.64
2011-12-29 6.83 6.95 6.7 6.7
2011-12-30 6.96 6.98 6.85 6.85
2012-01-20 7.39 7.52 7.2 7.2
2012-03-08 8.65 8.76 8.5 8.5
2012-03-16 8.61 8.62 8.3 8.3
2012-03-19 8.73 8.75 8.54 8.54
2012-04-06 7.75 7.78 7.55 7.55
2012-04-20 8.19 8.22 8.06 8.06
2012-07-02 4.31 4.34 4.23 4.23
2012-07-11 4.04 4.05 3.98 3.98
2012-07-25 4.13 4.24 4.05 4.05
2012-08-06 4.15 4.17 4.06 4.06
2012-08-14 4.45 4.48 4.15 4.15
2012-08-23 4.42 4.45 4.23 4.23
2012-09-07 4.22 4.26 4.11 4.11
2012-10-18 4.15 4.18 4.09 4.09
2012-10-24 4.09 4.11 4.06 4.06
2012-11-12 4.08 4.11 4.01 4.01
2012-11-20 4.02 4.03 3.98 3.98
2012-12-03 4.06 4.17 4.05 4.05
2012-12-14 4.69 4.75 4.46 4.46
2012-12-25 4.69 4.75 4.59 4.59
2013-01-18 4.7 4.73 4.62 4.62
2013-02-08 5.05 5.14 4.92 4.92
2013-03-05 4.82 4.92 4.78 4.78
2013-03-19 4.6 4.64 4.56 4.56
2013-03-20 4.66 4.67 4.59 4.59
2013-04-24 4.66 4.68 4.57 4.57
2013-05-03 4.62 4.63 4.56 4.56
2013-05-14 4.69 4.76 4.66 4.66
2013-05-27 4.7 4.7 4.61 4.61
2013-06-25 4.29 4.49 4.05 4.05
2013-07-04 4.1 4.16 4.05 4.05
2013-07-05 4.19 4.21 4.12 4.12
2013-07-09 4.26 4.36 4.15 4.15
2013-07-15 4.31 4.34 4.28 4.28
2013-07-23 4.33 4.36 4.17 4.17
2013-08-05 4.13 4.13 4.04 4.04
2013-08-12 4.23 4.24 4.11 4.11
2013-08-13 4.24 4.26 4.18 4.18
2013-08-14 4.26 4.36 4.24 4.24
2013-08-26 4.2 4.22 4.13 4.13
2013-09-23 4.31 4.32 4.26 4.26
2013-09-25 4.41 4.43 4.24 4.24
2013-10-10 4.7 4.7 4.35 4.35
2013-12-27 3.96 3.97 3.91 3.91
2014-01-21 3.72 3.75 3.65 3.65
2014-01-24 3.76 3.79 3.71 3.71
2014-02-10 3.84 3.85 3.7 3.7
2014-04-11 4.06 4.06 4.0 4.0
2014-05-08 3.68 3.72 3.64 3.64
2014-05-12 3.79 3.88 3.7 3.7
2014-05-30 3.68 3.72 3.64 3.64
2014-06-11 3.75 3.76 3.71 3.71
2014-06-26 3.59 3.61 3.52 3.52
2014-07-11 3.72 3.74 3.65 3.65
2014-07-22 3.78 3.79 3.74 3.74
2014-07-23 3.78 3.79 3.76 3.76
2014-08-08 4.03 4.08 3.98 3.98
2014-08-11 4.43 4.43 4.02 4.02
2014-08-27 4.44 4.47 4.3 4.3
2014-08-29 4.41 4.43 4.36 4.36
2014-09-15 4.85 4.86 4.77 4.77
2014-09-18 5.06 5.08 4.83 4.83
2014-11-03 5.54 5.55 5.41 5.41
2014-12-24 5.25 5.27 5.14 5.14
2015-01-21 5.41 5.43 5.23 5.23
2015-02-10 5.63 5.68 5.58 5.58
2015-03-09 6.87 6.98 6.65 6.65
2015-04-22 9.4 9.65 9.0 9.0
2015-05-08 9.27 9.33 8.51 8.51
2015-05-20 10.56 10.87 10.24 10.24
2015-05-21 11.6 11.62 10.65 10.65
2015-05-22 12.76 12.76 11.66 11.66
2015-06-30 11.18 11.38 9.73 9.73
2015-07-03 8.15 8.61 8.15 8.15
2015-07-08 5.95 5.95 5.95 5.95
2015-07-09 6.55 6.55 5.36 5.36
2015-07-17 7.7 7.85 7.12 7.12
2015-08-04 7.37 7.37 6.75 6.75
2015-08-13 8.95 9.0 8.33 8.33
2015-08-25 6.23 6.6 6.23 6.23
2015-09-22 7.12 7.12 7.12 7.12
2015-10-30 8.97 9.3 8.88 8.88
2015-12-11 10.22 10.67 10.09 10.09
2015-12-21 11.97 12.25 11.1 11.1
2016-01-06 9.25 9.28 8.78 8.78
2016-01-21 8.95 9.47 8.8 8.8
2016-01-25 9.43 9.59 9.1 9.1
2016-02-17 11.0 11.0 10.68 10.68
2016-03-02 8.94 8.99 8.5 8.5
2016-03-07 8.67 8.87 8.41 8.41
2016-04-11 9.48 9.55 9.28 9.28
2016-05-16 9.82 9.84 9.5 9.5
2016-05-23 9.97 10.08 9.92 9.92
2016-06-30 10.52 10.9 10.4 10.4
2016-07-13 10.32 10.35 10.19 10.19
2016-08-03 9.76 9.8 9.72 9.72
2016-08-05 10.09 10.19 9.83 9.83
2016-08-26 10.71 10.85 10.53 10.53
2016-09-27 9.97 9.98 9.81 9.81
2016-10-18 10.08 10.1 9.97 9.97
2016-11-03 10.3 10.42 10.21 10.21
2016-11-29 11.44 11.66 11.42 11.42
2016-12-01 12.86 12.86 11.75 11.75
2016-12-28 10.32 10.52 10.27 10.27
2017-01-03 10.29 10.31 10.11 10.11
2017-01-10 10.91 11.09 10.61 10.61
2017-02-17 10.38 10.4 10.26 10.26
2017-02-23 10.93 10.95 10.6 10.6
2017-04-06 10.03 10.04 9.87 9.87
2017-05-08 9.43 9.55 9.3 9.3
2017-05-09 9.43 9.46 9.32 9.32
2017-05-12 7.58 7.92 7.58 7.58
2017-07-03 7.0 7.01 6.9 6.9
2017-07-18 6.83 6.88 6.75 6.75
2017-07-21 7.14 7.19 6.98 6.98
2017-08-10 8.67 8.98 8.52 8.52
