2001-04-06 22.93 22.95 22.5 22.5
2001-08-20 21.0 21.11 21.0 21.0
2001-10-09 18.83 18.9 18.7 18.7
2001-11-13 17.43 17.57 17.09 17.09
2001-11-19 17.88 17.99 17.67 17.67
2001-11-20 18.15 18.23 17.71 17.71
2001-11-26 17.93 18.08 17.25 17.25
2001-12-31 18.76 18.95 18.53 18.53
2002-01-23 16.46 16.48 15.7 15.7
2002-01-31 16.0 16.2 14.9 14.9
2002-02-07 16.2 16.3 16.0 16.0
2002-03-26 17.82 17.98 17.58 17.58
2002-06-07 13.65 13.73 13.5 13.5
2002-12-05 10.65 10.79 10.56 10.56
2002-12-06 10.66 10.75 10.46 10.46
2002-12-11 10.39 10.58 10.11 10.11
2002-12-17 10.85 10.88 10.67 10.67
2002-12-19 11.1 11.18 10.7 10.7
2002-12-27 10.9 11.13 10.82 10.82
2003-01-13 11.78 11.98 11.56 11.56
2003-01-14 12.25 12.35 11.78 11.78
2003-07-23 8.25 8.3 8.18 8.18
2003-08-21 8.23 8.3 8.0 8.0
2003-09-11 8.02 8.09 8.0 8.0
2003-09-15 7.82 7.91 7.8 7.8
2003-10-15 7.72 7.88 7.7 7.7
2003-10-17 7.72 7.77 7.63 7.63
2003-11-24 6.72 6.72 6.39 6.39
2003-12-01 6.93 6.93 6.8 6.8
2003-12-24 6.76 6.76 6.64 6.64
2003-12-25 6.79 6.8 6.65 6.65
2003-12-26 6.95 6.96 6.79 6.79
2004-02-12 8.16 8.18 7.82 7.82
2004-02-20 8.46 8.47 8.21 8.21
2004-07-21 6.85 6.85 6.7 6.7
2004-07-23 6.65 6.66 6.52 6.52
2004-09-08 6.06 6.13 6.02 6.02
2004-09-14 5.99 6.04 5.9 5.9
2004-09-20 6.69 6.7 6.5 6.5
2005-01-07 6.27 6.37 6.24 6.24
2005-01-20 5.88 5.95 5.8 5.8
2005-03-11 6.05 6.12 6.0 6.0
2005-05-20 4.62 4.69 4.6 4.6
2005-05-25 4.51 4.6 4.5 4.5
2005-05-27 4.47 4.56 4.45 4.45
2005-05-31 4.65 4.68 4.56 4.56
2005-06-08 4.79 4.85 4.5 4.5
2005-08-05 4.1 4.13 3.93 3.93
2005-10-12 4.86 5.0 4.72 4.72
2005-10-18 4.68 4.73 4.6 4.6
2005-11-07 4.42 4.42 4.31 4.31
2005-11-09 4.39 4.45 4.38 4.38
2005-12-01 4.23 4.26 4.21 4.21
2005-12-16 4.16 4.16 4.1 4.1
2005-12-23 4.16 4.16 4.08 4.08
2005-12-26 4.22 4.23 4.16 4.16
2006-03-13 4.4 4.41 4.32 4.32
2006-03-15 4.44 4.44 4.36 4.36
2006-03-16 4.45 4.45 4.41 4.41
2006-03-20 4.46 4.47 4.36 4.36
2006-11-29 4.38 4.39 4.28 4.28
2006-11-30 4.42 4.45 4.35 4.35
2006-12-04 4.46 4.48 4.38 4.38
2006-12-11 4.53 4.56 4.36 4.36
2006-12-13 4.45 4.53 4.42 4.42
2007-01-29 5.41 5.44 5.23 5.23
2007-02-05 5.28 5.32 5.15 5.15
2007-02-06 5.45 5.47 5.28 5.28
2007-02-28 6.31 6.34 5.8 5.8
2007-03-22 7.2 7.44 7.15 7.15
2007-03-30 7.2 7.28 7.11 7.11
2007-04-02 7.42 7.43 7.23 7.23
2007-04-05 8.36 8.36 7.89 7.89
2007-05-22 16.24 16.24 16.24 16.24
2007-08-20 14.61 14.98 14.45 14.45
2008-02-14 27.66 27.69 27.0 27.0
2008-02-20 31.39 31.98 30.1 30.1
2008-12-26 13.08 13.39 12.9 12.9
2009-02-16 19.89 20.3 18.79 18.79
2009-03-04 18.04 18.27 17.38 17.38
2009-03-12 16.67 16.78 16.02 16.02
2009-07-21 16.09 16.3 16.0 16.0
2009-07-22 16.98 17.3 16.2 16.2
2009-11-30 14.28 14.3 13.71 13.71
2010-03-19 13.94 14.04 13.8 13.8
2010-07-14 8.77 8.83 8.67 8.67
2010-10-11 10.72 10.8 10.41 10.41
2011-02-10 11.2 11.29 10.97 10.97
2011-08-09 9.47 9.56 9.0 9.0
2011-08-12 9.61 9.68 9.49 9.49
2011-08-19 9.44 9.55 9.23 9.23
2011-08-26 9.83 9.98 9.72 9.72
2011-10-13 9.51 9.62 9.45 9.45
2011-11-14 9.54 9.67 9.2 9.2
2012-02-02 6.98 6.99 6.81 6.81
2012-02-09 7.57 7.65 7.53 7.53
2012-02-15 7.74 7.8 7.55 7.55
2012-02-22 8.75 8.75 7.87 7.87
2012-02-23 8.97 9.08 8.77 8.77
2012-06-26 8.35 8.45 8.3 8.3
2012-06-28 8.62 8.65 8.35 8.35
2012-07-05 9.44 9.65 8.8 8.8
2012-10-08 16.45 16.86 15.73 15.73
2012-10-29 14.55 15.18 14.34 14.34
2012-11-01 14.81 15.15 14.58 14.58
2012-11-05 15.16 15.28 14.93 14.93
2012-11-09 13.78 13.98 13.7 13.7
2012-12-19 13.01 13.73 12.8 12.8
2012-12-25 13.59 13.74 13.2 13.2
2012-12-31 14.19 14.8 14.11 14.11
2013-01-28 16.76 17.16 15.66 15.66
2013-01-29 17.21 17.52 16.75 16.75
2013-02-05 16.31 16.5 16.03 16.03
2013-02-08 17.16 17.58 16.78 16.78
2013-05-08 25.12 25.19 24.5 24.5
2013-05-09 26.29 26.38 24.66 24.66
2013-05-27 30.71 30.71 28.0 28.0
2013-07-01 35.0 35.05 33.3 33.3
2013-07-02 38.5 38.5 35.15 35.15
2013-07-10 35.89 36.0 34.22 34.22
2013-07-12 36.33 37.6 35.9 35.9
2013-07-16 39.28 39.7 36.96 36.96
2013-07-23 45.55 45.79 42.0 42.0
2013-10-14 42.12 42.15 40.5 40.5
2013-12-09 36.35 36.36 34.83 34.83
2013-12-11 38.93 40.01 36.99 36.99
2013-12-30 38.8 38.97 37.82 37.82
2014-01-07 36.9 37.3 36.5 36.5
2014-01-14 35.03 35.19 33.6 33.6
2014-01-22 36.09 36.56 35.1 35.1
2014-03-11 36.9 37.35 34.48 34.48
2014-06-20 28.86 29.03 28.1 28.1
2014-06-24 31.48 31.48 28.83 28.83
2014-10-08 32.75 33.07 32.13 32.13
2015-01-16 28.27 28.3 27.5 27.5
2015-01-20 28.2 28.27 27.29 27.29
2015-01-21 29.18 29.62 28.2 28.2
2015-02-11 29.68 30.3 29.5 29.5
2015-02-25 31.15 31.5 30.0 30.0
2015-07-10 21.25 21.25 20.0 20.0
2015-07-17 23.42 23.99 22.27 22.27
2015-08-10 27.1 27.1 25.0 25.0
2015-08-12 29.96 29.96 26.66 26.66
2015-08-28 20.16 20.2 18.53 18.53
2015-09-02 18.86 19.0 16.31 16.31
2015-09-11 19.55 19.68 19.1 19.1
2015-09-16 17.62 17.78 16.1 16.1
2015-09-17 17.24 18.28 17.15 17.15
2015-09-21 18.28 18.3 17.02 17.02
2015-09-24 18.63 18.9 18.31 18.31
2016-06-16 14.14 14.56 14.08 14.08
2016-06-28 13.93 13.98 13.54 13.54
2016-07-01 14.02 14.1 13.91 13.91
2016-10-12 20.18 20.61 19.11 19.11
2016-11-22 20.48 20.9 20.09 20.09
2016-11-23 21.85 21.87 20.45 20.45
2016-12-01 20.55 20.69 20.34 20.34
2016-12-07 20.25 20.33 19.71 19.71
2017-04-06 19.15 19.35 18.73 18.73
2017-04-13 18.5 18.57 18.28 18.28
2017-04-18 17.89 18.25 17.84 17.84
2017-04-25 18.78 18.79 18.08 18.08
2017-04-27 18.91 18.93 18.32 18.32
2017-05-15 17.52 17.8 17.4 17.4
2017-06-29 16.19 16.36 16.0 16.0
2017-07-19 17.21 17.29 16.37 16.37
2017-07-27 18.96 19.99 18.9 18.9
2017-07-31 21.05 21.1 19.3 19.3
