1996-07-03 7.41 7.47 7.21 7.21
1996-07-11 7.5 7.51 7.39 7.39
1996-07-17 7.71 8.08 7.68 7.68
1996-08-07 8.9 9.04 8.65 8.65
1996-08-20 9.2 9.23 8.8 8.8
1996-08-27 8.73 8.75 8.45 8.45
1996-09-13 8.7 8.7 8.1 8.1
1996-10-17 9.33 9.43 8.88 8.88
1996-10-24 9.82 10.12 9.4 9.4
1996-10-31 10.2 10.2 9.2 9.2
1996-11-04 9.48 9.6 9.34 9.34
1996-11-18 10.08 10.1 9.5 9.5
1996-12-02 12.1 12.2 11.25 11.25
1996-12-16 11.16 11.16 11.16 11.16
1996-12-17 10.04 12.0 10.04 10.04
1996-12-23 10.4 10.5 10.1 10.1
1997-01-10 11.0 11.05 10.6 10.6
1997-01-15 11.28 11.33 10.75 10.75
1997-02-19 11.15 11.15 10.78 10.78
1997-02-20 10.8 10.95 10.04 10.04
1997-03-17 12.65 12.86 12.51 12.51
1997-03-18 13.04 13.5 12.68 12.68
1997-03-21 12.85 12.9 12.31 12.31
1997-03-26 13.0 13.25 12.83 12.83
1997-04-09 13.98 14.05 13.5 13.5
1997-05-12 13.75 13.86 13.3 13.3
1997-06-13 15.02 15.05 14.0 14.0
1997-07-16 18.6 19.14 17.08 17.08
1997-07-18 19.75 19.75 18.6 18.6
1997-08-11 19.68 19.68 19.05 19.05
1997-08-21 18.48 18.48 17.6 17.6
1997-09-03 18.4 18.5 17.55 17.55
1997-09-08 18.53 18.99 18.25 18.25
1997-09-15 18.48 18.9 18.1 18.1
1997-10-06 17.3 17.3 16.62 16.62
1997-11-04 18.4 18.8 18.15 18.15
1997-11-28 21.1 21.1 20.48 20.48
1997-12-01 21.86 22.08 21.0 21.0
1997-12-26 24.38 24.38 23.1 23.1
1998-01-05 25.75 26.14 24.21 24.21
1998-01-08 26.2 26.65 25.5 25.5
1998-02-13 24.1 24.46 23.4 23.4
1998-02-19 24.95 25.4 24.38 24.38
1998-03-10 22.98 23.46 21.85 21.85
1998-04-07 28.8 28.89 28.05 28.05
1998-04-20 27.5 27.6 27.1 27.1
1998-04-21 28.2 28.5 27.5 27.5
1998-04-23 29.08 29.5 27.98 27.98
1998-05-21 15.38 15.92 14.5 14.5
1998-06-05 14.25 14.45 14.06 14.06
1998-06-25 13.06 13.43 12.95 12.95
1998-07-09 12.4 12.56 12.33 12.33
1998-07-10 12.77 12.9 12.4 12.4
1998-07-17 12.2 12.3 12.18 12.18
1998-07-23 11.47 11.48 11.31 11.31
1998-07-24 11.73 11.79 11.5 11.5
1998-07-28 11.6 11.76 11.43 11.43
1998-07-30 11.44 11.58 11.38 11.38
1998-08-06 11.11 11.4 10.88 10.88
1998-08-13 9.92 9.98 9.57 9.57
1998-08-24 10.46 10.8 10.32 10.32
1998-09-04 10.3 10.43 10.21 10.21
1998-09-07 10.87 10.91 10.3 10.3
1998-09-10 11.32 11.55 11.05 11.05
1998-09-14 12.72 12.91 11.79 11.79
1998-09-30 11.68 11.8 11.6 11.6
1998-10-13 11.96 12.28 11.22 11.22
1998-11-12 11.41 11.67 11.25 11.25
1998-11-16 11.86 11.98 11.5 11.5
1998-12-07 10.71 10.98 10.66 10.66
1998-12-09 10.92 10.95 10.8 10.8
1998-12-25 10.1 10.3 10.1 10.1
1999-01-07 9.78 9.9 9.7 9.7
1999-01-15 9.95 10.1 9.91 9.91
1999-01-19 10.19 10.27 10.0 10.0
1999-01-25 10.27 10.27 10.09 10.09
1999-02-03 9.69 9.89 9.62 9.62
1999-02-05 9.12 9.2 9.08 9.08
1999-02-09 9.16 9.19 8.91 8.91
1999-03-11 9.49 9.55 9.3 9.3
1999-04-02 9.49 9.5 9.32 9.32
1999-04-05 9.79 9.9 9.5 9.5
1999-04-20 9.19 9.23 9.15 9.15
1999-04-28 8.62 8.76 8.51 8.51
1999-04-30 9.02 9.07 8.8 8.8
1999-05-06 9.02 9.05 8.92 8.92
1999-05-11 8.75 8.8 8.68 8.68
1999-05-19 8.53 8.6 8.15 8.15
1999-05-20 8.94 8.94 8.6 8.6
1999-05-27 9.6 9.65 9.29 9.29
1999-06-08 10.47 10.47 9.7 9.7
1999-06-28 12.85 12.9 12.1 12.1
1999-07-28 11.38 11.55 11.21 11.21
1999-08-03 11.66 11.69 11.18 11.18
1999-08-05 12.16 12.4 11.55 11.55
1999-09-07 11.06 11.18 10.91 10.91
1999-09-09 11.75 11.75 11.1 11.1
1999-10-12 10.84 10.9 10.7 10.7
1999-10-14 10.64 10.8 10.58 10.58
1999-10-22 10.26 10.45 10.01 10.01
1999-10-27 10.53 10.55 10.34 10.34
1999-11-23 10.38 10.4 10.28 10.28
1999-11-30 10.2 10.28 10.18 10.18
1999-12-01 10.3 10.31 10.2 10.2
1999-12-17 10.42 10.42 10.02 10.02
1999-12-30 9.32 9.38 9.25 9.25
2000-01-07 10.22 10.25 9.82 9.82
2000-02-22 10.2 10.7 10.0 10.0
2000-02-23 10.49 10.5 10.1 10.1
2000-02-24 11.25 11.54 10.6 10.6
2000-03-22 10.11 10.19 9.98 9.98
2000-03-28 10.78 10.8 10.35 10.35
2000-04-18 11.96 11.98 11.66 11.66
2000-04-19 12.14 12.4 12.0 12.0
2000-04-21 12.16 12.5 12.1 12.1
2000-05-16 11.18 11.26 11.0 11.0
2000-05-17 11.26 11.4 11.2 11.2
2000-05-29 13.18 13.6 12.8 12.8
2000-05-31 13.42 13.49 12.5 12.5
2000-06-19 14.1 14.68 14.0 14.0
2000-06-23 14.08 14.35 14.0 14.0
2000-06-28 14.21 14.4 13.9 13.9
2000-06-29 14.85 14.88 14.24 14.24
2000-07-26 14.02 14.2 13.9 13.9
2000-08-02 13.94 14.0 13.64 13.64
2000-09-21 12.8 12.99 12.8 12.8
2000-09-29 12.4 12.56 12.4 12.4
2000-10-13 12.45 12.65 12.38 12.38
2000-10-19 12.42 12.5 12.35 12.35
2000-11-03 13.14 13.2 12.92 12.92
2000-11-09 13.5 13.52 13.2 13.2
2000-11-21 13.69 13.8 13.44 13.44
2000-11-28 13.7 13.74 13.5 13.5
2000-12-04 14.93 15.09 14.55 14.55
2000-12-08 14.93 15.18 14.33 14.33
2000-12-26 14.93 14.98 14.52 14.52
2000-12-29 14.67 14.78 14.58 14.58
2001-02-13 13.38 13.57 13.21 13.21
2001-03-01 14.03 14.19 13.7 13.7
2001-03-26 14.13 14.15 13.97 13.97
2001-04-13 14.61 14.63 14.05 14.05
2001-04-27 14.45 14.52 14.24 14.24
2001-05-08 14.29 14.4 14.18 14.18
2001-05-17 15.09 15.42 15.0 15.0
2001-05-21 15.33 15.38 15.12 15.12
2001-05-29 15.3 15.3 14.9 14.9
2001-07-10 14.8 14.98 14.6 14.6
2001-07-18 14.3 14.39 14.15 14.15
2001-07-20 14.7 14.7 14.28 14.28
2001-08-20 13.11 13.22 12.96 12.96
2001-09-04 12.85 12.99 12.55 12.55
2001-09-13 12.23 12.38 12.2 12.2
2001-09-18 11.75 12.0 11.52 11.52
2001-09-19 12.0 12.0 11.75 11.75
2001-11-06 10.46 10.59 10.43 10.43
2001-11-14 9.95 10.0 9.8 9.8
2001-11-19 10.34 10.34 10.05 10.05
2001-11-22 10.86 10.94 10.67 10.67
2001-11-27 10.95 10.95 10.8 10.8
2001-11-28 10.98 11.06 10.95 10.95
2001-11-30 11.16 11.2 11.0 11.0
2001-12-26 10.62 10.65 10.36 10.36
2002-01-31 8.87 8.95 8.25 8.25
2002-02-27 9.1 9.17 8.95 8.95
2002-03-07 9.64 9.65 9.18 9.18
2002-03-14 10.03 10.05 9.58 9.58
2002-04-09 10.92 10.98 10.62 10.62
2002-04-29 12.79 13.09 11.95 11.95
2002-05-08 12.94 13.17 12.75 12.75
2002-06-10 10.79 10.95 10.6 10.6
2002-06-21 11.21 11.22 10.73 10.73
2002-07-05 11.5 11.5 11.3 11.3
2002-07-08 11.81 11.82 11.5 11.5
2002-10-10 9.3 9.45 9.28 9.28
2002-10-18 9.19 9.25 9.1 9.1
2002-10-22 9.57 9.74 9.4 9.4
2002-11-05 9.29 9.36 9.0 9.0
2002-12-03 7.91 7.94 7.8 7.8
2002-12-12 7.75 7.95 7.75 7.75
2003-01-16 8.58 8.65 8.37 8.37
2003-01-29 8.61 8.7 8.6 8.6
2003-02-11 8.75 8.81 8.56 8.56
2003-02-25 8.7 8.77 8.57 8.57
2003-03-14 8.18 8.24 8.1 8.1
2003-03-19 8.13 8.21 7.78 7.78
2003-03-21 8.2 8.21 8.01 8.01
2003-03-26 8.04 8.1 8.01 8.01
2003-03-31 8.27 8.3 8.18 8.18
2003-04-01 8.33 8.38 8.25 8.25
2003-04-03 8.25 8.35 8.16 8.16
2003-04-04 8.2 8.24 8.1 8.1
2003-04-17 8.95 8.97 8.52 8.52
2003-04-21 9.15 9.45 8.95 8.95
2003-05-21 8.11 8.13 8.05 8.05
2003-05-28 8.32 8.35 8.18 8.18
2003-06-10 8.0 8.03 7.95 7.95
2003-06-11 8.1 8.13 8.02 8.02
2003-06-18 8.1 8.16 8.06 8.06
2003-07-10 7.6 7.64 7.48 7.48
2003-08-07 7.27 7.27 7.2 7.2
2003-08-12 7.39 7.41 7.27 7.27
2003-08-22 7.19 7.23 7.15 7.15
2003-08-27 6.93 6.99 6.91 6.91
2003-09-24 7.36 7.58 7.13 7.13
2003-09-30 7.09 7.15 6.99 6.99
2003-10-13 7.29 7.48 7.2 7.2
2003-10-14 7.34 7.37 7.24 7.24
2003-10-24 7.21 7.25 7.18 7.18
2003-11-04 6.55 6.69 6.45 6.45
2003-11-13 6.04 6.05 5.95 5.95
2003-11-19 6.12 6.15 6.0 6.0
2003-11-20 6.38 6.39 6.15 6.15
2003-11-24 6.58 6.63 6.2 6.2
2003-12-10 6.43 6.48 6.4 6.4
2003-12-23 6.08 6.1 6.02 6.02
2003-12-31 6.02 6.16 6.02 6.02
2004-02-03 6.84 6.89 6.7 6.7
2004-02-16 7.14 7.15 6.9 6.9
2004-03-02 6.96 7.05 6.9 6.9
2004-03-31 7.05 7.08 6.95 6.95
2004-04-01 7.17 7.2 7.05 7.05
2004-04-12 6.94 6.98 6.85 6.85
2004-04-16 6.64 6.79 6.47 6.47
2004-04-28 6.71 6.78 6.62 6.62
2004-05-12 6.55 6.58 6.44 6.44
2004-06-01 6.42 6.45 6.32 6.32
2004-06-17 5.99 6.2 5.96 5.96
2004-07-01 5.96 5.98 5.82 5.82
2004-07-05 6.0 6.07 5.85 5.85
2004-07-16 5.87 6.0 5.75 5.75
2004-09-02 4.78 4.8 4.6 4.6
2004-09-06 4.83 4.86 4.76 4.76
2004-09-15 5.0 5.1 4.7 4.7
2004-10-14 4.5 4.67 4.46 4.46
2004-10-28 4.15 4.26 4.05 4.05
2004-11-02 4.02 4.03 3.94 3.94
2004-11-15 4.48 4.49 4.32 4.32
2004-11-18 4.48 4.49 4.28 4.28
2004-11-26 4.5 4.5 4.4 4.4
2004-11-30 4.38 4.45 4.3 4.3
2004-12-03 4.85 4.85 4.43 4.43
2004-12-22 4.69 4.71 4.46 4.46
2005-01-07 4.39 4.48 4.28 4.28
2005-01-12 4.36 4.42 4.34 4.34
2005-01-19 4.33 4.4 4.32 4.32
2005-01-25 4.53 4.58 4.46 4.46
2005-02-02 4.16 4.2 3.95 3.95
2005-02-04 4.09 4.1 4.04 4.04
2005-02-16 4.11 4.14 4.07 4.07
2005-03-08 4.17 4.19 4.13 4.13
2005-03-11 4.36 4.39 4.16 4.16
2005-03-24 3.84 3.86 3.77 3.77
2005-03-25 3.94 4.22 3.89 3.89
2005-03-31 3.84 3.88 3.71 3.71
2005-04-01 4.02 4.1 3.84 3.84
2005-04-08 4.1 4.23 3.8 3.8
2005-05-17 3.62 3.69 3.2 3.2
2005-06-06 3.92 3.93 3.81 3.81
2005-06-27 4.11 4.18 4.03 4.03
2005-07-05 3.73 3.76 3.43 3.43
2005-07-06 3.77 3.85 3.69 3.69
2005-07-21 3.64 3.68 3.6 3.6
2005-07-27 3.81 3.82 3.67 3.67
2005-08-02 3.88 3.88 3.8 3.8
2005-08-24 3.96 3.98 3.85 3.85
2005-10-27 4.55 4.66 4.25 4.25
2005-11-07 4.06 4.09 3.99 3.99
2005-11-23 4.22 4.23 4.13 4.13
2005-12-08 3.91 3.91 3.83 3.83
2005-12-19 3.98 4.03 3.96 3.96
2006-01-18 4.4 4.44 4.24 4.24
2006-04-04 4.74 4.76 4.52 4.52
2006-04-12 4.88 4.94 4.75 4.75
2006-05-22 6.15 6.15 6.15 6.15
2006-06-01 6.59 6.65 6.3 6.3
2006-11-08 6.89 6.93 6.5 6.5
2007-01-08 6.92 6.92 6.3 6.3
2007-01-09 7.46 7.56 7.03 7.03
2007-01-16 8.19 8.21 7.6 7.6
2007-01-29 9.25 9.25 8.55 8.55
2007-02-12 9.78 10.08 9.35 9.35
2007-03-13 11.24 11.24 10.1 10.1
2007-03-26 11.02 11.13 10.5 10.5
2007-05-29 17.3 17.49 16.0 16.0
2007-05-31 17.13 17.13 15.68 15.68
2007-06-11 16.2 16.79 15.93 15.93
2007-06-21 15.98 16.38 15.22 15.22
2007-06-22 17.18 17.5 15.98 15.98
2007-07-25 12.33 12.4 11.82 11.82
2007-07-26 12.67 12.87 12.46 12.46
2007-08-20 14.68 15.1 14.2 14.2
2007-08-30 15.29 15.51 14.5 14.5
2007-09-28 17.79 18.19 17.55 17.55
2007-11-09 14.76 14.78 13.65 13.65
2007-12-03 13.28 13.3 12.8 12.8
2007-12-26 15.87 16.29 14.9 14.9
2008-01-23 16.31 16.35 15.05 15.05
2008-02-13 14.42 14.72 14.18 14.18
2008-02-14 15.06 15.25 14.4 14.4
2008-03-20 12.62 12.87 11.11 11.11
2008-05-19 11.77 11.95 11.2 11.2
2008-07-28 7.89 7.93 7.76 7.76
2008-08-29 5.4 5.47 5.25 5.25
2008-10-23 5.16 5.2 5.01 5.01
2009-03-03 7.21 7.35 6.76 6.76
2009-03-04 7.55 7.57 7.23 7.23
2009-03-17 7.87 7.96 7.31 7.31
2009-04-28 8.12 8.14 7.61 7.61
2009-05-19 8.68 8.83 8.6 8.6
2009-05-26 8.51 8.68 8.41 8.41
2009-07-01 7.01 7.07 6.95 6.95
2009-07-14 7.44 7.48 7.26 7.26
2009-09-03 7.53 7.56 7.19 7.19
2009-09-17 8.44 8.69 8.08 8.08
2009-09-30 8.32 8.38 8.11 8.11
2009-10-16 9.0 9.0 8.61 8.61
2009-11-09 10.35 10.47 9.65 9.65
2009-11-11 11.14 11.14 10.02 10.02
2009-12-02 11.04 11.12 10.53 10.53
2009-12-24 9.72 9.9 9.37 9.37
2010-01-21 10.89 11.1 10.48 10.48
2010-02-12 10.92 10.97 10.38 10.38
2010-03-08 11.58 11.74 11.23 11.23
2010-03-17 11.13 11.25 10.88 10.88
2010-03-29 11.14 11.16 10.84 10.84
2010-04-20 13.54 13.6 12.2 12.2
2010-05-04 12.42 12.68 11.92 11.92
2010-05-24 11.35 11.48 10.92 10.92
2010-05-28 12.08 12.61 11.68 11.68
2010-06-02 11.44 11.47 11.02 11.02
2010-10-25 11.75 11.95 11.65 11.65
2010-11-03 13.98 14.31 13.54 13.54
2011-01-21 10.5 10.75 10.39 10.39
2011-01-24 10.76 11.07 10.5 10.5
2011-01-26 10.87 11.1 10.77 10.77
2011-01-31 11.49 11.53 10.9 10.9
2011-02-23 11.4 11.59 11.35 11.35
2011-02-25 11.86 12.05 11.59 11.59
2011-03-01 11.81 11.95 11.75 11.75
2011-03-23 12.71 13.04 12.4 12.4
2011-03-31 12.96 13.27 12.69 12.69
2011-06-27 13.2 13.36 12.95 12.95
2011-08-11 6.67 6.79 6.08 6.08
2011-08-24 6.51 6.71 6.45 6.45
2012-03-02 4.73 4.74 4.65 4.65
2012-03-05 4.78 4.84 4.73 4.73
2012-03-16 4.62 4.63 4.51 4.51
2012-05-10 4.48 4.65 4.39 4.39
2012-05-16 5.18 5.35 4.82 4.82
2012-05-17 5.41 5.67 5.01 5.01
2012-05-22 5.13 5.3 4.97 4.97
2012-05-30 4.96 5.03 4.82 4.82
2012-06-29 4.74 4.75 4.61 4.61
2012-07-13 4.87 4.96 4.86 4.86
2012-09-03 5.65 5.69 5.43 5.43
2012-09-06 5.71 5.82 5.68 5.68
2012-10-09 5.45 5.49 5.31 5.31
2012-12-05 4.26 4.36 4.19 4.19
2012-12-10 4.47 4.48 4.26 4.26
2013-01-07 4.64 4.66 4.56 4.56
2013-01-14 4.79 4.83 4.58 4.58
2013-01-28 4.66 4.67 4.56 4.56
2013-04-03 4.79 4.87 4.58 4.58
2013-04-15 4.73 4.93 4.72 4.72
2013-04-22 4.75 4.8 4.67 4.67
2013-07-10 4.05 4.06 3.95 3.95
2013-07-17 4.48 4.62 4.35 4.35
2013-07-23 4.62 4.73 4.51 4.51
2013-07-26 4.58 4.65 4.43 4.43
2013-08-08 4.55 4.6 4.46 4.46
2013-09-23 5.19 5.26 5.02 5.02
2013-10-08 4.95 4.96 4.8 4.8
2013-10-09 5.0 5.03 4.9 4.9
2014-01-07 5.04 5.05 4.97 4.97
2014-01-14 5.08 5.08 4.93 4.93
2014-01-16 5.2 5.35 5.18 5.18
2014-02-20 7.51 7.93 7.29 7.29
2014-03-17 6.29 6.34 6.11 6.11
2014-03-26 6.35 6.48 6.19 6.19
2014-05-08 5.92 6.07 5.75 5.75
2014-05-20 5.47 5.53 5.4 5.4
2014-06-30 5.65 5.69 5.54 5.54
2014-07-11 5.81 5.84 5.6 5.6
2014-07-21 6.01 6.07 5.95 5.95
2014-07-28 6.01 6.07 5.86 5.86
2014-08-04 6.28 6.3 6.19 6.19
2014-10-14 8.29 8.4 8.05 8.05
2014-10-28 7.75 7.76 7.53 7.53
2015-01-13 6.96 6.98 6.86 6.86
2015-01-20 7.26 7.27 7.01 7.01
2015-01-26 7.78 7.87 7.22 7.22
2015-01-30 7.78 7.97 7.76 7.76
2015-03-16 9.35 9.44 8.96 8.96
2015-03-23 9.83 9.85 9.53 9.53
2015-04-01 9.91 9.97 9.81 9.81
2015-06-01 18.62 18.7 17.26 17.26
2015-07-08 9.51 9.51 9.51 9.51
2015-07-09 10.46 10.46 8.56 8.56
2015-07-17 11.62 11.85 11.01 11.01
2015-09-07 8.0 8.29 7.86 7.86
2015-09-16 7.71 7.72 7.09 7.09
2015-10-14 8.78 9.07 8.73 8.73
2015-11-11 11.42 11.59 10.5 10.5
2016-02-15 7.38 7.52 7.12 7.12
2016-03-03 7.16 7.28 7.09 7.09
2016-03-07 7.22 7.29 6.96 6.96
2016-03-18 7.54 7.62 7.37 7.37
2016-05-03 9.04 9.07 8.33 8.33
2016-05-31 8.46 8.54 8.15 8.15
2016-06-27 8.23 8.25 7.9 7.9
2016-07-01 8.62 8.76 8.39 8.39
2016-07-07 8.86 8.96 8.75 8.75
2016-07-15 8.95 8.96 8.7 8.7
2016-09-05 8.71 8.73 8.52 8.52
2016-11-08 8.84 8.89 8.64 8.64
2016-11-10 8.88 8.92 8.81 8.81
2016-11-15 8.99 9.01 8.83 8.83
2016-12-15 7.96 8.02 7.87 7.87
2017-01-09 8.32 8.35 8.13 8.13
2017-01-10 8.4 8.45 8.34 8.34
2017-01-23 7.98 8.05 7.93 7.93
2017-03-16 7.96 7.96 7.88 7.88
2017-04-05 7.82 7.83 7.68 7.68
2017-06-07 6.88 6.89 6.71 6.71
2017-06-19 6.86 6.86 6.75 6.75
2017-07-19 7.0 7.0 6.75 6.75
2017-08-07 7.02 7.04 6.93 6.93
2017-08-14 6.85 6.88 6.74 6.74
2017-08-30 7.1 7.16 7.07 7.07
