1996-10-08 11.2 11.4 11.1 11.1
1996-10-23 11.66 11.71 11.4 11.4
1996-10-31 11.7 11.78 11.25 11.25
1996-11-04 11.44 11.63 11.2 11.2
1996-12-16 12.21 12.21 12.21 12.21
1996-12-17 10.99 11.7 10.99 10.99
1997-02-19 11.73 11.74 10.09 10.09
1997-02-20 11.29 11.45 10.56 10.56
1997-02-26 11.98 12.04 11.45 11.45
1997-03-31 13.75 13.85 13.3 13.3
1997-04-08 13.05 13.68 12.95 12.95
1997-04-09 13.7 13.75 13.25 13.25
1997-04-14 13.6 13.96 13.36 13.36
1997-05-20 13.7 13.91 13.65 13.65
1997-05-22 12.86 13.6 12.78 12.78
1997-07-21 12.9 13.2 12.5 12.5
1997-08-20 13.48 13.66 13.25 13.25
1997-10-17 15.3 15.5 15.07 15.07
1997-10-27 15.87 15.95 15.1 15.1
1997-12-04 14.45 14.65 14.08 14.08
1997-12-10 14.95 15.2 14.9 14.9
1997-12-18 15.03 15.15 14.8 14.8
1997-12-25 16.4 16.55 16.2 16.2
1998-03-02 15.75 16.6 15.48 15.48
1998-03-04 15.78 15.98 15.35 15.35
1998-04-03 15.69 15.8 14.88 14.88
1998-04-10 16.33 16.4 16.0 16.0
1998-05-13 15.96 16.3 15.8 15.8
1998-05-18 16.32 16.52 16.2 16.2
1998-05-22 16.36 16.45 16.05 16.05
1998-05-29 16.99 17.45 16.85 16.85
1998-06-03 16.96 17.1 16.66 16.66
1998-06-10 16.32 16.48 16.1 16.1
1998-06-15 16.62 16.8 16.48 16.48
1998-06-18 17.0 17.1 16.41 16.41
1998-06-26 16.86 17.11 16.81 16.81
1998-07-08 16.21 16.28 16.1 16.1
1998-07-10 16.25 16.3 16.05 16.05
1998-07-23 15.8 15.85 15.1 15.1
1998-07-28 16.55 16.6 16.2 16.2
1998-08-31 11.5 11.55 10.61 10.61
1998-09-03 10.84 10.95 10.75 10.75
1998-11-10 12.87 13.12 12.41 12.41
1998-12-03 13.68 13.83 13.5 13.5
1998-12-24 12.91 13.1 12.8 12.8
1999-02-01 12.95 12.95 12.3 12.3
1999-04-23 12.58 12.7 12.0 12.0
1999-04-28 12.6 12.95 12.08 12.08
1999-06-21 18.39 18.39 17.09 17.09
1999-06-23 21.2 21.88 19.98 19.98
1999-09-14 10.19 10.2 9.91 9.91
1999-11-09 8.23 8.45 8.1 8.1
1999-11-12 8.06 8.1 8.04 8.04
1999-11-16 8.83 8.83 8.08 8.08
1999-12-17 8.25 8.35 8.2 8.2
2000-01-07 8.89 8.9 8.5 8.5
2000-02-17 9.4 9.46 8.6 8.6
2000-02-21 10.1 10.1 9.28 9.28
2000-05-22 9.72 9.9 9.5 9.5
2000-05-24 9.83 9.98 9.68 9.68
2000-05-25 10.81 10.81 9.9 9.9
2000-07-10 10.73 10.79 10.45 10.45
2000-08-18 12.89 12.9 12.45 12.45
2000-08-24 12.65 12.69 12.48 12.48
2000-08-28 13.2 13.22 12.7 12.7
2000-11-28 12.24 12.3 12.06 12.06
2000-12-29 13.24 13.32 13.15 13.15
2001-01-02 14.08 14.2 13.3 13.3
2001-01-05 14.55 14.65 14.11 14.11
2001-04-24 12.75 12.75 12.55 12.55
2001-06-27 13.3 13.61 13.1 13.1
2001-07-02 13.45 13.56 13.33 13.33
2001-08-09 13.57 13.62 13.37 13.37
2001-08-17 13.2 13.52 13.13 13.13
2001-08-21 13.44 13.6 13.3 13.3
2001-09-18 11.88 12.1 11.72 11.72
2001-09-25 10.96 11.45 10.9 10.9
2001-11-20 10.05 10.13 9.9 9.9
2001-12-28 9.66 9.78 9.53 9.53
2002-02-01 7.13 7.35 7.09 7.09
2002-03-07 8.13 8.15 7.7 7.7
2002-03-08 8.44 8.45 8.15 8.15
2002-04-04 8.32 8.33 8.01 8.01
2002-04-19 8.4 8.41 8.01 8.01
2002-05-21 8.09 8.16 7.85 7.85
2002-08-02 8.48 8.5 8.35 8.35
2002-08-07 8.56 8.59 8.45 8.45
2002-08-28 8.78 8.89 8.78 8.78
2002-09-17 8.18 8.35 8.12 8.12
2002-09-19 8.26 8.32 8.0 8.0
2002-09-24 8.34 8.44 8.29 8.29
2002-09-25 8.35 8.38 8.3 8.3
2002-12-17 6.85 6.87 6.76 6.76
2002-12-19 6.75 6.8 6.71 6.71
2002-12-20 6.89 6.92 6.75 6.75
2002-12-24 6.9 6.9 6.83 6.83
2003-01-16 6.86 6.86 6.65 6.65
2003-02-11 6.9 6.9 6.8 6.8
2003-02-25 6.99 6.99 6.82 6.82
2003-03-27 6.52 6.6 6.32 6.32
2003-04-04 6.72 6.77 6.66 6.66
2003-04-22 6.61 6.7 6.57 6.57
2006-11-06 4.44 4.52 4.28 4.28
2007-01-15 4.53 4.57 4.43 4.43
2007-01-18 4.56 4.56 4.34 4.34
2007-01-22 4.79 4.79 4.79 4.79
2007-04-13 8.3 8.37 7.9 7.9
2007-04-18 9.62 9.62 9.41 9.41
2007-07-03 9.8 9.8 9.8 9.8
2007-07-04 9.31 9.31 9.31 9.31
2007-07-05 8.84 8.84 8.84 8.84
2007-07-06 8.4 8.4 8.4 8.4
2007-07-09 8.41 8.82 7.98 7.98
2007-07-23 8.83 8.98 8.5 8.5
2007-07-24 9.12 9.27 8.84 8.84
2007-07-26 9.8 9.8 9.35 9.35
2007-08-02 10.1 10.15 9.41 9.41
2007-08-03 10.58 10.61 10.15 10.15
2007-09-05 11.82 11.82 10.8 10.8
2007-09-11 12.97 13.47 12.65 12.65
2007-10-11 13.96 14.18 13.4 13.4
2007-10-17 14.09 14.09 13.46 13.46
2007-11-09 11.57 12.08 11.45 11.45
2007-11-14 11.14 11.19 10.78 10.78
2007-12-05 11.72 11.77 11.5 11.5
2008-01-11 14.4 14.4 13.73 13.73
2008-02-04 11.81 11.81 11.31 11.31
2008-02-14 13.02 13.02 13.02 13.02
2008-02-15 13.67 13.67 13.67 13.67
2008-02-20 14.13 14.2 13.79 13.79
2008-02-27 13.21 13.4 13.0 13.0
2008-05-05 7.36 7.36 7.07 7.07
2008-05-06 7.73 7.73 7.4 7.4
2008-05-13 6.86 7.1 6.81 6.81
2008-06-06 7.81 7.81 7.81 7.81
2008-06-10 7.42 7.42 7.42 7.42
2008-06-11 7.77 7.78 7.05 7.05
2008-06-12 7.38 7.38 7.38 7.38
2008-06-18 6.63 6.87 6.63 6.63
2008-07-07 4.82 4.86 4.42 4.42
2008-07-21 4.95 4.95 4.75 4.75
2008-07-28 5.3 5.35 5.22 5.22
2008-08-01 5.26 5.3 5.04 5.04
2008-09-09 4.12 4.19 3.95 3.95
2008-09-17 3.75 4.1 3.75 3.75
2009-01-22 3.5 3.59 3.38 3.38
2009-02-03 3.58 3.62 3.53 3.53
2009-02-04 3.68 3.75 3.58 3.58
2009-03-03 3.68 3.75 3.6 3.6
2009-03-04 3.86 3.86 3.68 3.68
2009-04-16 5.3 5.3 5.3 5.3
2009-04-17 5.57 5.57 5.57 5.57
2009-04-20 5.85 5.85 5.85 5.85
2009-04-21 6.14 6.14 6.14 6.14
2009-04-22 6.45 6.45 6.45 6.45
2009-04-29 6.39 6.39 6.02 6.02
2009-06-03 8.11 8.27 7.91 7.91
2009-06-16 10.1 10.1 9.5 9.5
2009-07-09 9.4 9.55 9.23 9.23
2009-08-28 7.5 7.5 7.5 7.5
2009-09-03 7.27 7.27 6.97 6.97
2009-09-16 8.04 8.29 7.94 7.94
2009-12-14 10.07 10.33 9.7 9.7
2010-02-02 8.82 8.95 8.79 8.79
2010-07-06 7.25 7.28 7.07 7.07
2010-07-12 7.37 7.45 7.3 7.3
2010-07-20 7.62 7.64 7.36 7.36
2010-07-28 7.78 7.84 7.59 7.59
2010-08-16 8.55 8.55 8.09 8.09
2010-08-20 8.94 8.98 8.53 8.53
2010-09-08 8.55 8.61 8.43 8.43
2010-09-13 8.64 8.74 8.5 8.5
2010-09-20 8.34 8.46 8.28 8.28
2010-09-28 8.99 9.19 8.69 8.69
2010-10-13 9.55 9.86 9.43 9.43
2010-11-01 10.05 10.14 9.8 9.8
2010-11-04 10.7 10.89 10.35 10.35
2010-11-05 11.14 11.24 10.71 10.71
2010-11-08 11.14 11.27 11.01 11.01
2010-11-10 11.44 11.58 11.25 11.25
2010-11-29 12.98 14.34 12.98 12.98
2010-12-03 13.49 13.49 12.8 12.8
2010-12-13 12.7 12.72 12.42 12.42
2010-12-21 13.59 13.8 13.38 13.38
2011-01-12 12.12 12.25 11.92 11.92
2011-01-13 12.35 12.55 12.26 12.26
2011-01-27 11.59 11.69 11.12 11.12
2011-02-09 11.89 12.13 11.75 11.75
2011-02-10 12.13 12.18 11.78 11.78
2011-06-07 10.48 10.55 10.1 10.1
2011-06-10 10.42 10.48 10.31 10.31
2011-06-14 10.73 10.95 10.63 10.63
2011-07-05 10.72 10.93 10.66 10.66
2011-07-08 11.22 11.28 10.83 10.83
2011-08-04 10.24 10.33 10.12 10.12
2011-08-12 9.6 9.69 9.51 9.51
2011-08-19 9.9 9.9 9.51 9.51
2011-08-22 10.21 10.4 9.88 9.88
2011-08-23 10.58 10.69 10.23 10.23
2011-08-25 10.56 10.57 10.22 10.22
2011-09-09 11.04 11.05 10.68 10.68
2011-09-20 10.75 10.85 10.51 10.51
2011-09-27 9.95 10.18 9.91 9.91
2011-09-30 9.88 9.88 9.36 9.36
2011-10-13 10.17 10.24 10.07 10.07
2011-11-09 9.97 10.0 9.57 9.57
2012-04-19 6.8 6.92 6.65 6.65
2012-05-03 5.75 5.75 5.75 5.75
2012-05-04 5.58 5.7 5.46 5.46
2012-05-16 6.12 6.36 6.0 6.0
2012-05-18 6.31 6.49 6.23 6.23
2012-05-31 6.18 6.32 5.97 5.97
2012-07-19 6.2 6.27 6.11 6.11
2012-07-31 5.42 5.42 5.42 5.42
2012-08-01 5.15 5.2 5.15 5.15
2012-08-27 6.94 6.94 6.58 6.58
2012-08-31 7.28 7.28 6.96 6.96
2012-09-05 7.61 7.61 7.26 7.26
2012-10-24 7.0 7.06 6.92 6.92
2012-11-30 6.43 6.47 6.1 6.1
2012-12-20 7.09 7.09 7.09 7.09
2012-12-21 7.44 7.44 7.44 7.44
2014-01-22 5.56 5.59 5.4 5.4
2014-03-24 6.79 6.89 6.45 6.45
2014-03-27 6.45 6.65 6.37 6.37
2014-05-06 5.37 5.4 5.32 5.32
2014-05-26 5.33 5.43 5.28 5.28
2014-08-11 6.21 6.3 6.19 6.19
2015-02-17 12.28 12.45 11.39 11.39
2015-06-05 16.39 16.39 15.0 15.0
2015-11-06 11.06 11.1 10.45 10.45
2015-12-10 9.65 9.88 9.5 9.5
2015-12-17 10.08 10.15 9.82 9.82
2016-07-27 7.39 7.39 7.39 7.39
2016-07-28 8.13 8.13 8.13 8.13
2016-07-29 8.94 8.94 8.94 8.94
2016-08-01 9.83 9.83 9.83 9.83
2017-03-16 8.1 8.14 8.05 8.05
2017-07-03 5.75 5.76 5.68 5.68
