1999-12-14 18.5 18.54 18.2 18.2
2000-01-17 17.53 17.65 16.92 16.92
2000-02-24 18.29 18.45 17.01 17.01
2000-03-17 20.0 20.7 19.2 19.2
2000-05-12 23.85 24.9 23.05 23.05
2000-05-26 25.1 25.88 25.0 25.0
2000-06-01 26.35 26.9 25.7 25.7
2000-06-22 25.26 25.46 25.02 25.02
2000-06-26 25.27 25.8 25.15 25.15
2000-06-28 26.58 26.87 26.0 26.0
2000-07-18 25.81 26.35 25.2 25.2
2000-08-08 27.64 28.0 27.42 27.42
2000-08-10 27.66 28.0 27.56 27.56
2000-08-16 27.0 28.0 27.0 27.0
2000-08-17 27.8 28.4 27.01 27.01
2000-09-20 26.65 26.89 26.21 26.21
2000-09-22 27.15 28.01 26.8 26.8
2000-09-26 29.7 30.45 27.8 27.8
2000-10-23 36.5 36.5 32.32 32.32
2000-10-24 37.36 37.6 36.3 36.3
2000-10-30 36.04 36.9 35.55 35.55
2000-11-13 35.92 36.0 35.0 35.0
2000-11-21 37.41 37.41 36.3 36.3
2000-11-28 35.43 36.4 34.9 34.9
2000-11-29 35.51 36.0 35.3 35.3
2000-12-20 34.68 34.98 34.28 34.28
2001-05-30 37.51 38.0 37.28 37.28
2001-06-13 45.0 46.2 43.25 43.25
2001-07-24 30.9 31.1 30.8 30.8
2001-07-31 28.3 28.88 28.0 28.0
2001-09-06 27.52 27.54 27.29 27.29
2001-09-25 28.02 28.1 27.82 27.82
2001-10-09 27.55 27.99 25.2 25.2
2001-10-12 28.44 28.79 28.07 28.07
2001-10-19 28.23 28.43 28.1 28.1
2001-10-23 30.08 30.9 28.22 28.22
2001-11-15 22.49 22.6 22.35 22.35
2001-11-22 23.33 23.5 22.95 22.95
2001-11-26 23.0 23.5 22.5 22.5
2001-11-28 23.7 23.75 23.2 23.2
2001-11-30 24.04 24.09 23.85 23.85
2002-01-23 20.39 20.49 19.05 19.05
2002-01-31 20.24 20.44 19.9 19.9
2002-02-06 19.06 19.64 18.9 18.9
2002-02-27 18.45 18.55 18.18 18.18
2002-02-28 18.59 18.7 18.5 18.5
2002-03-04 18.5 18.78 17.01 17.01
2002-03-08 19.36 19.48 18.7 18.7
2002-06-27 17.54 17.56 17.1 17.1
2002-07-02 17.78 17.8 17.4 17.4
2002-10-16 7.49 7.57 7.23 7.23
2002-12-09 6.14 6.25 6.12 6.12
2003-01-29 6.75 6.83 6.75 6.75
2003-02-10 6.95 7.04 6.77 6.77
2003-02-12 7.7 7.7 7.05 7.05
2003-03-05 7.38 7.42 7.32 7.32
2003-05-12 7.05 7.16 6.98 6.98
2003-05-19 7.19 7.22 6.5 6.5
2003-05-27 7.26 7.45 7.1 7.1
2003-06-04 7.15 7.3 7.05 7.05
2003-07-23 6.45 6.5 6.4 6.4
2003-09-04 6.29 6.36 6.23 6.23
2003-09-05 6.32 6.34 6.25 6.25
2003-09-22 5.93 6.02 5.91 5.91
2004-01-30 5.02 5.21 4.78 4.78
2004-03-19 5.82 5.87 5.75 5.75
2004-08-09 3.8 3.85 3.75 3.75
2004-08-10 3.78 3.8 3.75 3.75
2004-08-18 3.4 3.43 3.34 3.34
2005-04-12 3.54 3.59 3.52 3.52
2005-05-26 3.07 3.13 3.07 3.07
2005-05-27 3.03 3.1 3.02 3.02
2005-06-14 3.14 3.19 3.07 3.07
2005-07-12 2.61 2.62 2.5 2.5
2005-07-13 2.57 2.61 2.53 2.53
2005-07-14 2.59 2.62 2.51 2.51
2005-07-20 2.28 2.33 2.25 2.25
2005-07-26 2.53 2.54 2.37 2.37
2005-11-02 2.5 2.5 2.4 2.4
2005-11-23 2.47 2.51 2.43 2.43
2005-11-24 2.55 2.55 2.47 2.47
2005-12-14 2.43 2.45 2.37 2.37
2005-12-16 2.4 2.43 2.38 2.38
2005-12-22 2.36 2.38 2.33 2.33
2006-02-14 2.79 2.81 2.75 2.75
2006-05-29 3.21 3.25 3.12 3.12
2006-06-01 3.67 3.72 3.41 3.41
2006-06-16 3.95 4.11 3.7 3.7
2006-06-21 4.29 4.29 3.9 3.9
2006-07-21 4.88 4.99 4.69 4.69
2006-08-11 4.18 4.28 3.88 3.88
2006-08-15 4.14 4.15 4.05 4.05
2006-08-16 4.24 4.36 4.15 4.15
2006-08-18 4.25 4.35 4.2 4.2
2006-08-28 4.19 4.19 4.05 4.05
2006-09-04 4.29 4.3 4.12 4.12
2006-09-08 4.26 4.3 4.21 4.21
2006-09-12 4.27 4.29 4.18 4.18
2007-04-19 6.18 6.18 6.18 6.18
2007-05-29 6.81 6.81 6.81 6.81
2007-05-30 7.15 7.15 7.15 7.15
2007-05-31 7.51 7.51 7.51 7.51
2007-06-01 7.89 7.89 7.89 7.89
2007-06-04 8.28 8.28 8.28 8.28
2007-12-11 15.26 15.26 13.97 13.97
2007-12-12 16.79 16.79 15.75 15.75
2008-02-18 19.41 19.87 19.3 19.3
2008-07-31 20.82 21.3 20.26 20.26
2008-10-06 15.66 15.95 14.51 14.51
2008-10-24 13.12 13.43 12.7 12.7
2008-10-31 12.78 12.94 12.6 12.6
2008-12-02 13.23 13.46 11.52 11.52
2008-12-10 16.1 16.25 15.8 15.8
2008-12-11 17.71 17.71 16.14 16.14
2008-12-19 19.05 19.36 17.88 17.88
2009-03-23 24.45 24.45 22.3 22.3
2009-09-08 26.29 26.54 24.71 24.71
2009-12-02 30.93 30.93 29.8 29.8
2009-12-08 33.46 33.8 32.0 32.0
2010-10-13 18.03 18.28 17.28 17.28
2010-11-24 15.73 15.8 15.3 15.3
2010-11-29 16.04 16.12 15.73 15.73
2010-12-07 17.58 17.9 16.38 16.38
2011-07-18 12.28 12.33 12.01 12.01
2012-08-30 6.16 6.28 6.01 6.01
2012-09-03 6.57 6.62 6.2 6.2
2012-09-04 6.6 6.64 6.5 6.5
2012-09-28 6.43 6.52 6.19 6.19
2012-10-10 6.55 6.55 6.4 6.4
2012-11-16 6.74 6.87 6.55 6.55
2013-07-10 4.98 5.01 4.81 4.81
2013-07-30 5.06 5.13 4.94 4.94
2013-12-23 5.29 5.34 5.23 5.23
2014-06-27 4.3 4.32 4.24 4.24
2014-07-07 4.38 4.41 4.36 4.36
2015-03-27 8.89 8.98 8.35 8.35
2015-07-14 6.16 6.16 6.16 6.16
2015-07-15 6.78 6.78 6.78 6.78
2015-07-23 8.62 8.62 7.9 7.9
2015-08-11 8.45 8.58 8.31 8.31
2015-08-13 8.37 8.44 8.1 8.1
2015-11-05 7.21 7.42 7.07 7.07
2015-11-09 7.32 7.43 7.11 7.11
2016-03-21 5.1 5.11 4.95 4.95
2016-05-23 4.51 4.59 4.46 4.46
2016-05-31 4.64 4.65 4.47 4.47
2016-07-21 4.82 4.87 4.79 4.79
2017-05-31 7.26 7.5 6.95 6.95
