1999-12-07 18.81 18.98 18.32 18.32
1999-12-14 18.5 18.54 18.2 18.2
2000-01-07 18.2 18.68 17.8 17.8
2000-01-17 17.53 17.65 16.92 16.92
2000-01-26 17.9 18.19 17.56 17.56
2000-02-23 18.11 18.4 17.51 17.51
2000-02-24 18.29 18.45 17.01 17.01
2000-03-15 20.3 20.3 18.45 18.45
2000-03-17 20.0 20.7 19.2 19.2
2000-04-05 22.78 23.3 21.97 21.97
2000-04-27 21.15 21.55 20.8 20.8
2000-05-12 23.85 24.9 23.05 23.05
2000-05-25 25.56 25.88 25.0 25.0
2000-05-26 25.1 25.88 25.0 25.0
2000-06-01 26.35 26.9 25.7 25.7
2000-06-16 25.28 25.88 25.2 25.2
2000-06-22 25.26 25.46 25.02 25.02
2000-06-26 25.27 25.8 25.15 25.15
2000-06-28 26.58 26.87 26.0 26.0
2000-07-13 26.35 26.8 26.0 26.0
2000-07-18 25.81 26.35 25.2 25.2
2000-08-02 26.8 27.15 26.28 26.28
2000-08-08 27.64 28.0 27.42 27.42
2000-08-10 27.66 28.0 27.56 27.56
2000-08-16 27.0 28.0 27.0 27.0
2000-08-17 27.8 28.4 27.01 27.01
2000-08-30 29.73 30.5 29.2 29.2
2000-09-18 26.43 26.8 26.18 26.18
2000-09-20 26.65 26.89 26.21 26.21
2000-09-22 27.15 28.01 26.8 26.8
2000-09-26 29.7 30.45 27.8 27.8
2000-10-17 35.8 37.2 35.6 35.6
2000-10-23 36.5 36.5 32.32 32.32
2000-10-24 37.36 37.6 36.3 36.3
2000-10-30 36.04 36.9 35.55 35.55
2000-11-08 34.1 34.2 34.02 34.02
2000-11-13 35.92 36.0 35.0 35.0
2000-11-21 37.41 37.41 36.3 36.3
2000-11-28 35.43 36.4 34.9 34.9
2000-11-29 35.51 36.0 35.3 35.3
2000-12-14 34.35 35.5 34.25 34.25
2000-12-20 34.68 34.98 34.28 34.28
2001-01-03 37.5 38.2 37.28 37.28
2001-03-12 35.03 35.5 33.96 33.96
2001-03-28 37.56 38.2 37.0 37.0
2001-04-11 36.57 36.91 36.01 36.01
2001-04-26 36.4 36.8 36.25 36.25
2001-05-25 37.32 38.2 37.08 37.08
2001-05-30 37.51 38.0 37.28 37.28
2001-06-12 42.74 42.74 38.8 38.8
2001-06-13 45.0 46.2 43.25 43.25
2001-07-18 30.5 31.12 30.5 30.5
2001-07-24 30.9 31.1 30.8 30.8
2001-07-31 28.3 28.88 28.0 28.0
2001-08-10 29.1 29.19 28.5 28.5
2001-08-23 28.22 28.68 28.06 28.06
2001-09-04 27.33 27.68 27.15 27.15
2001-09-06 27.52 27.54 27.29 27.29
2001-09-18 27.48 27.96 27.36 27.36
2001-09-25 28.02 28.1 27.82 27.82
2001-10-09 27.55 27.99 25.2 25.2
2001-10-12 28.44 28.79 28.07 28.07
2001-10-19 28.23 28.43 28.1 28.1
2001-10-23 30.08 30.9 28.22 28.22
2001-11-08 21.79 21.85 21.5 21.5
2001-11-15 22.49 22.6 22.35 22.35
2001-11-22 23.33 23.5 22.95 22.95
2001-11-26 23.0 23.5 22.5 22.5
2001-11-28 23.7 23.75 23.2 23.2
2001-11-30 24.04 24.09 23.85 23.85
2001-12-18 22.3 22.4 22.15 22.15
2002-01-08 22.33 22.45 20.25 20.25
2002-01-21 19.89 20.3 19.6 19.6
2002-01-23 20.39 20.49 19.05 19.05
2002-01-31 20.24 20.44 19.9 19.9
2002-02-06 19.06 19.64 18.9 18.9
2002-02-27 18.45 18.55 18.18 18.18
2002-02-28 18.59 18.7 18.5 18.5
2002-03-04 18.5 18.78 17.01 17.01
2002-03-08 19.36 19.48 18.7 18.7
2002-04-26 18.15 18.2 17.8 17.8
2002-05-30 16.68 16.77 16.05 16.05
2002-06-12 17.03 17.15 16.75 16.75
2002-06-24 18.56 18.97 17.8 17.8
2002-06-27 17.54 17.56 17.1 17.1
2002-07-02 17.78 17.8 17.4 17.4
2002-09-12 8.09 8.12 8.06 8.06
2002-10-08 7.64 7.7 7.6 7.6
2002-10-16 7.49 7.57 7.23 7.23
2002-11-05 7.37 7.43 7.23 7.23
2002-12-03 6.2 6.2 6.08 6.08
2002-12-09 6.14 6.25 6.12 6.12
2003-01-06 6.15 6.17 5.95 5.95
2003-01-22 6.67 6.72 6.55 6.55
2003-01-29 6.75 6.83 6.75 6.75
2003-02-10 6.95 7.04 6.77 6.77
2003-02-12 7.7 7.7 7.05 7.05
2003-02-25 7.55 7.56 7.33 7.33
2003-03-05 7.38 7.42 7.32 7.32
2003-04-23 7.28 7.45 7.1 7.1
2003-05-12 7.05 7.16 6.98 6.98
2003-05-19 7.19 7.22 6.5 6.5
2003-05-27 7.26 7.45 7.1 7.1
2003-06-04 7.15 7.3 7.05 7.05
2003-06-20 6.8 6.87 6.76 6.76
2003-07-21 6.52 6.59 6.45 6.45
2003-07-23 6.45 6.5 6.4 6.4
2003-09-01 6.37 6.44 6.2 6.2
2003-09-04 6.29 6.36 6.23 6.23
2003-09-05 6.32 6.34 6.25 6.25
2003-09-16 6.08 6.09 5.95 5.95
2003-09-22 5.93 6.02 5.91 5.91
2003-10-09 5.77 5.96 5.58 5.58
2003-11-03 5.13 5.19 4.88 4.88
2003-12-12 5.32 5.44 5.23 5.23
2004-01-05 4.51 4.64 4.5 4.5
2004-01-29 4.74 4.75 4.58 4.58
2004-01-30 5.02 5.21 4.78 4.78
2004-03-03 5.77 5.95 5.51 5.51
2004-03-17 5.87 5.9 5.72 5.72
2004-03-19 5.82 5.87 5.75 5.75
2004-04-15 4.9 5.14 4.82 4.82
2004-07-13 4.05 4.14 4.05 4.05
2004-08-02 3.81 3.85 3.71 3.71
2004-08-09 3.8 3.85 3.75 3.75
2004-08-10 3.78 3.8 3.75 3.75
2004-08-18 3.4 3.43 3.34 3.34
2004-11-01 3.88 4.0 3.8 3.8
2004-11-18 4.2 4.25 4.01 4.01
2005-01-10 4.09 4.12 4.04 4.04
2005-01-19 4.16 4.28 4.13 4.13
2005-02-01 3.74 3.85 3.72 3.72
2005-03-29 3.7 3.8 3.6 3.6
2005-04-07 3.62 3.7 3.5 3.5
2005-04-12 3.54 3.59 3.52 3.52
2005-05-13 3.22 3.38 3.19 3.19
2005-05-24 3.1 3.11 2.98 2.98
2005-05-26 3.07 3.13 3.07 3.07
2005-05-27 3.03 3.1 3.02 3.02
2005-06-10 3.2 3.27 3.1 3.1
2005-06-14 3.14 3.19 3.07 3.07
2005-07-06 2.7 2.76 2.67 2.67
2005-07-12 2.61 2.62 2.5 2.5
2005-07-13 2.57 2.61 2.53 2.53
2005-07-14 2.59 2.62 2.51 2.51
2005-07-20 2.28 2.33 2.25 2.25
2005-07-26 2.53 2.54 2.37 2.37
2005-09-02 3.06 3.16 3.04 3.04
2005-10-18 2.98 3.01 2.86 2.86
2005-10-31 2.48 2.49 2.4 2.4
2005-11-02 2.5 2.5 2.4 2.4
2005-11-15 2.5 2.51 2.46 2.46
2005-11-23 2.47 2.51 2.43 2.43
2005-11-24 2.55 2.55 2.47 2.47
2005-12-06 2.32 2.35 2.28 2.28
2005-12-14 2.43 2.45 2.37 2.37
2005-12-16 2.4 2.43 2.38 2.38
2005-12-22 2.36 2.38 2.33 2.33
2006-01-06 2.42 2.43 2.36 2.36
2006-02-06 2.82 2.86 2.65 2.65
2006-02-14 2.79 2.81 2.75 2.75
2006-03-16 2.54 2.59 2.51 2.51
2006-03-31 2.63 2.63 2.53 2.53
2006-05-25 3.07 3.09 2.95 2.95
2006-05-29 3.21 3.25 3.12 3.12
2006-06-01 3.67 3.72 3.41 3.41
2006-06-15 3.94 4.09 3.66 3.66
2006-06-16 3.95 4.11 3.7 3.7
2006-06-21 4.29 4.29 3.9 3.9
2006-07-06 4.58 4.6 4.36 4.36
2006-07-18 4.58 4.64 4.46 4.46
2006-07-21 4.88 4.99 4.69 4.69
2006-08-10 3.93 4.03 3.85 3.85
2006-08-11 4.18 4.28 3.88 3.88
2006-08-15 4.14 4.15 4.05 4.05
2006-08-16 4.24 4.36 4.15 4.15
2006-08-18 4.25 4.35 4.2 4.2
2006-08-28 4.19 4.19 4.05 4.05
2006-09-04 4.29 4.3 4.12 4.12
2006-09-08 4.26 4.3 4.21 4.21
2006-09-12 4.27 4.29 4.18 4.18
2006-11-01 4.1 4.1 4.05 4.05
2006-11-17 3.98 4.01 3.87 3.87
2006-11-28 4.18 4.26 4.05 4.05
2006-12-13 4.09 4.13 3.96 3.96
2007-04-18 5.89 5.89 5.89 5.89
2007-04-19 6.18 6.18 6.18 6.18
2007-05-28 6.49 6.49 6.49 6.49
2007-05-29 6.81 6.81 6.81 6.81
2007-05-30 7.15 7.15 7.15 7.15
2007-05-31 7.51 7.51 7.51 7.51
2007-06-01 7.89 7.89 7.89 7.89
2007-06-04 8.28 8.28 8.28 8.28
2007-12-07 13.58 14.15 12.81 12.81
2007-12-11 15.26 15.26 13.97 13.97
2007-12-12 16.79 16.79 15.75 15.75
2008-01-09 18.66 18.95 18.3 18.3
2008-02-14 19.22 19.46 18.76 18.76
2008-02-18 19.41 19.87 19.3 19.3
2008-03-25 23.05 24.15 22.6 22.6
2008-04-23 14.82 15.24 13.1 13.1
2008-05-12 24.87 24.87 24.87 24.87
2008-05-30 26.66 27.18 25.66 25.66
2008-06-11 24.91 26.0 24.91 24.91
2008-07-04 20.92 21.7 20.7 20.7
2008-07-28 21.07 21.47 20.76 20.76
2008-07-31 20.82 21.3 20.26 20.26
2008-08-28 15.29 15.3 13.85 13.85
2008-09-19 13.05 13.05 12.9 12.9
2008-10-06 15.66 15.95 14.51 14.51
2008-10-23 13.0 13.04 12.6 12.6
2008-10-24 13.12 13.43 12.7 12.7
2008-10-31 12.78 12.94 12.6 12.6
2008-11-17 13.76 13.76 12.55 12.55
2008-12-01 12.8 13.1 12.55 12.55
2008-12-02 13.23 13.46 11.52 11.52
2008-12-10 16.1 16.25 15.8 15.8
2008-12-11 17.71 17.71 16.14 16.14
2008-12-19 19.05 19.36 17.88 17.88
2009-01-14 19.28 19.3 19.1 19.1
2009-03-04 22.09 22.29 21.2 21.2
2009-03-17 21.94 22.19 20.84 20.84
2009-03-23 24.45 24.45 22.3 22.3
2009-09-04 25.07 25.38 23.66 23.66
2009-09-08 26.29 26.54 24.71 24.71
2009-09-17 25.75 26.18 25.25 25.25
2009-11-30 27.5 28.1 25.9 25.9
2009-12-02 30.93 30.93 29.8 29.8
2009-12-08 33.46 33.8 32.0 32.0
2009-12-28 28.21 28.5 27.4 27.4
2010-01-29 21.68 22.2 21.45 21.45
2010-04-09 24.29 24.39 23.45 23.45
2010-07-06 17.05 17.4 16.53 16.53
2010-07-20 18.25 18.5 17.82 17.82
2010-09-10 17.24 17.34 17.08 17.08
2010-09-30 16.82 17.1 16.2 16.2
2010-10-13 18.03 18.28 17.28 17.28
2010-11-18 16.19 16.19 14.78 14.78
2010-11-24 15.73 15.8 15.3 15.3
2010-11-29 16.04 16.12 15.73 15.73
2010-12-07 17.58 17.9 16.38 16.38
2010-12-29 18.73 19.0 18.25 18.25
2011-02-16 17.81 17.85 17.66 17.66
2011-03-07 17.82 18.04 17.59 17.59
2011-04-29 14.82 14.92 14.61 14.61
2011-06-03 14.32 14.37 13.89 13.89
2011-06-23 11.32 11.39 11.0 11.0
2011-07-08 13.83 14.0 13.58 13.58
2011-07-18 12.28 12.33 12.01 12.01
2011-08-11 9.88 10.0 9.39 9.39
2011-12-01 7.07 7.07 6.67 6.67
2012-03-08 8.25 8.3 8.0 8.0
2012-04-05 7.28 7.4 7.05 7.05
2012-04-25 8.2 8.3 7.82 7.82
2012-05-28 9.21 9.21 8.23 8.23
2012-07-12 8.66 8.74 8.31 8.31
2012-08-23 6.43 6.46 6.31 6.31
2012-08-30 6.16 6.28 6.01 6.01
2012-09-03 6.57 6.62 6.2 6.2
2012-09-04 6.6 6.64 6.5 6.5
2012-09-26 6.08 6.26 6.06 6.06
2012-09-28 6.43 6.52 6.19 6.19
2012-10-10 6.55 6.55 6.4 6.4
2012-10-19 6.56 6.7 6.53 6.53
2012-11-12 6.53 6.54 6.37 6.37
2012-11-16 6.74 6.87 6.55 6.55
2013-01-15 8.15 8.19 8.1 8.1
2013-02-18 8.08 8.15 7.73 7.73
2013-05-15 6.49 6.52 6.43 6.43
2013-07-05 5.1 5.22 5.05 5.05
2013-07-10 4.98 5.01 4.81 4.81
2013-07-24 5.19 5.23 5.1 5.1
2013-07-30 5.06 5.13 4.94 4.94
2013-11-15 5.48 5.52 5.29 5.29
2013-12-17 5.47 5.51 5.39 5.39
2013-12-23 5.29 5.34 5.23 5.23
2014-01-22 5.06 5.07 4.92 4.92
2014-02-19 5.19 5.22 5.14 5.14
2014-05-08 4.47 4.55 4.43 4.43
2014-06-24 4.25 4.26 4.17 4.17
2014-06-27 4.3 4.32 4.24 4.24
2014-07-07 4.38 4.41 4.36 4.36
2014-08-11 5.2 5.24 5.16 5.16
2014-09-26 6.03 6.04 5.8 5.8
2015-01-15 6.73 6.75 6.51 6.51
2015-02-26 6.85 6.92 6.74 6.74
2015-03-23 8.19 8.38 7.95 7.95
2015-03-27 8.89 8.98 8.35 8.35
2015-04-08 11.08 11.09 10.52 10.52
2015-05-26 12.27 12.49 11.94 11.94
2015-07-08 5.6 5.6 5.6 5.6
2015-07-14 6.16 6.16 6.16 6.16
2015-07-15 6.78 6.78 6.78 6.78
2015-07-23 8.62 8.62 7.9 7.9
2015-08-10 8.44 8.64 7.85 7.85
2015-08-11 8.45 8.58 8.31 8.31
2015-08-13 8.37 8.44 8.1 8.1
2015-08-25 5.95 6.14 5.95 5.95
2015-11-04 6.99 7.1 6.67 6.67
2015-11-05 7.21 7.42 7.07 7.07
2015-11-09 7.32 7.43 7.11 7.11
2015-12-17 7.12 7.21 6.9 6.9
2016-02-16 4.79 4.86 4.59 4.59
2016-03-14 4.76 4.84 4.65 4.65
2016-03-21 5.1 5.11 4.95 4.95
2016-04-11 5.28 5.46 4.99 4.99
2016-05-19 4.45 4.51 4.43 4.43
2016-05-23 4.51 4.59 4.46 4.46
2016-05-31 4.64 4.65 4.47 4.47
2016-06-15 4.56 4.58 4.43 4.43
2016-07-13 4.89 4.91 4.85 4.85
2016-07-21 4.82 4.87 4.79 4.79
2016-08-23 5.58 5.64 5.4 5.4
2016-09-13 5.72 5.75 5.51 5.51
2016-12-20 6.17 6.24 6.11 6.11
2017-01-10 6.42 6.42 5.87 5.87
2017-05-19 5.9 6.36 5.9 5.9
2017-05-31 7.26 7.5 6.95 6.95
