1996-03-22 7.36 7.38 7.2 7.2
1996-04-03 6.87 6.95 6.8 6.8
1996-04-11 7.0 7.16 6.96 6.96
1996-04-12 7.08 7.11 7.02 7.02
1996-04-26 8.0 8.38 7.75 7.75
1996-05-06 7.33 7.48 7.24 7.24
1996-05-15 7.38 7.38 7.25 7.25
1996-06-11 7.57 7.88 7.45 7.45
1996-06-13 8.0 8.18 7.54 7.54
1996-06-18 7.49 7.5 7.2 7.2
1996-06-26 8.23 8.27 8.1 8.1
1996-06-27 8.68 8.85 8.3 8.3
1996-07-24 9.15 9.3 8.75 8.75
1996-08-07 9.61 9.8 9.28 9.28
1996-08-21 8.55 8.69 8.38 8.38
1996-09-26 9.4 9.51 9.05 9.05
1996-10-08 9.73 9.77 9.5 9.5
1996-10-10 9.58 9.73 9.42 9.42
1996-10-23 9.87 9.9 9.5 9.5
1996-10-24 10.53 10.7 9.98 9.98
1996-10-25 10.95 11.17 10.6 10.6
1996-11-04 10.1 10.28 9.88 9.88
1996-11-29 11.35 11.55 10.8 10.8
1996-12-16 12.24 12.24 12.24 12.24
1996-12-17 11.02 11.02 11.02 11.02
1996-12-18 12.12 12.12 9.92 9.92
1997-01-09 11.67 11.81 11.38 11.38
1997-01-21 12.11 12.38 11.96 11.96
1997-02-20 11.33 11.49 10.4 10.4
1997-02-25 12.15 12.44 11.9 11.9
1997-03-06 13.0 13.05 12.4 12.4
1997-03-10 14.06 14.18 13.5 13.5
1997-04-04 15.29 15.45 15.0 15.0
1997-04-14 17.8 18.02 17.1 17.1
1997-05-20 20.55 20.58 19.0 19.0
1997-05-22 18.6 20.0 18.27 18.27
1997-05-27 21.28 21.5 20.58 20.58
1997-06-13 19.5 19.8 18.0 18.0
1997-06-16 19.7 20.09 19.3 19.3
1997-06-24 19.1 19.5 18.8 18.8
1997-07-15 19.87 19.88 18.28 18.28
1997-07-21 21.59 21.88 20.58 20.58
1997-07-23 21.88 22.14 21.3 21.3
1997-07-31 20.62 20.64 20.28 20.28
1997-08-14 19.21 19.35 18.45 18.45
1997-10-20 12.98 13.28 12.3 12.3
1997-11-03 13.75 13.79 12.95 12.95
1998-01-14 10.69 10.94 10.5 10.5
1998-01-23 10.58 10.75 10.42 10.42
1998-03-04 9.52 9.6 9.47 9.47
1998-03-06 9.52 9.64 9.5 9.5
1998-03-19 8.74 8.89 8.68 8.68
1998-04-07 9.38 9.5 9.2 9.2
1998-04-28 9.2 9.28 8.9 8.9
1998-05-13 9.95 10.18 9.85 9.85
1998-06-01 10.0 10.12 9.82 9.82
1998-06-18 8.89 8.9 8.63 8.63
1998-06-23 8.98 9.12 8.9 8.9
1998-07-07 8.4 8.4 8.2 8.2
1998-07-23 8.38 8.38 8.21 8.21
1998-07-24 8.41 8.47 8.38 8.38
1998-08-19 6.52 6.55 6.2 6.2
1998-09-03 6.52 6.66 6.51 6.51
1998-09-22 7.45 7.48 6.88 6.88
1998-10-08 7.12 7.18 7.04 7.04
1998-10-27 6.7 6.9 6.65 6.65
1998-10-29 6.89 6.98 6.79 6.79
1998-10-30 6.98 7.15 6.8 6.8
1998-11-23 7.61 7.73 7.5 7.5
1998-11-30 7.22 7.26 7.15 7.15
1998-12-08 7.15 7.15 7.02 7.02
1998-12-09 7.34 7.39 7.15 7.15
1999-01-06 6.6 6.65 6.5 6.5
1999-01-08 6.84 6.84 6.7 6.7
1999-01-21 6.65 6.65 6.45 6.45
1999-02-09 6.32 6.36 6.1 6.1
1999-03-01 6.55 6.8 6.35 6.35
1999-03-30 6.81 7.05 6.61 6.61
1999-04-15 7.15 7.2 6.98 6.98
1999-04-30 6.96 7.12 6.85 6.85
1999-05-11 6.5 6.59 6.31 6.31
1999-06-14 7.25 7.26 6.93 6.93
1999-06-16 7.35 7.39 7.03 7.03
1999-06-21 8.35 8.4 8.0 8.0
1999-07-07 7.32 7.35 7.12 7.12
1999-07-23 7.83 7.96 7.42 7.42
1999-08-16 7.44 7.52 7.38 7.38
1999-08-19 7.71 7.82 7.46 7.46
1999-09-24 7.86 7.89 7.7 7.7
1999-10-21 6.85 6.95 6.59 6.59
1999-11-05 7.03 7.1 6.9 6.9
1999-12-28 5.7 5.77 5.66 5.66
2000-01-06 6.15 6.16 5.85 5.85
2000-01-24 6.7 6.9 6.4 6.4
2000-01-26 6.57 6.66 6.5 6.5
2000-03-14 6.63 6.7 6.3 6.3
2000-03-15 6.8 6.85 6.63 6.63
2000-03-27 7.07 7.08 6.8 6.8
2000-04-03 6.96 7.07 6.93 6.93
2000-04-18 7.47 7.5 7.26 7.26
2000-04-19 7.62 7.8 7.53 7.53
2000-05-16 6.85 6.87 6.76 6.76
2000-06-05 8.05 8.49 7.95 7.95
2000-06-07 8.71 8.9 8.43 8.43
2000-07-11 8.61 8.75 8.56 8.56
2000-10-16 13.22 13.3 12.2 12.2
2001-01-05 17.98 18.18 17.6 17.6
2001-01-15 17.46 17.89 16.48 16.48
2001-02-09 16.51 16.59 16.05 16.05
2001-02-16 16.98 16.98 16.62 16.62
2001-03-06 17.02 17.22 16.8 16.8
2001-03-07 17.18 17.2 17.0 17.0
2001-03-08 17.37 17.38 17.09 17.09
2001-04-26 19.95 20.0 19.51 19.51
2001-05-18 17.97 18.33 17.3 17.3
2001-05-24 18.07 18.3 17.8 17.8
2001-05-30 19.01 19.06 18.55 18.55
2001-05-31 19.4 19.46 19.05 19.05
2001-06-01 19.95 19.99 19.5 19.5
2001-06-12 20.08 20.3 20.0 20.0
2001-06-20 19.96 20.0 19.82 19.82
2001-06-22 19.9 19.95 19.8 19.8
2001-06-26 20.35 20.39 20.1 20.1
2001-07-27 21.04 21.12 21.0 21.0
2001-09-28 17.84 17.85 16.98 16.98
2001-10-23 18.99 19.19 17.8 17.8
2002-01-04 17.13 17.25 16.53 16.53
2002-01-25 17.3 17.31 16.93 16.93
2002-02-25 18.06 18.08 17.87 17.87
2002-03-20 18.53 18.55 18.43 18.43
2002-03-26 18.9 18.93 18.75 18.75
2002-03-29 19.07 19.15 19.0 19.0
2002-04-03 19.12 19.15 18.94 18.94
2002-04-30 19.23 19.26 19.2 19.2
2002-05-23 19.02 19.09 18.75 18.75
2002-06-18 17.25 17.34 17.05 17.05
2002-06-21 17.12 17.3 16.88 16.88
2002-06-24 18.25 18.83 17.5 17.5
2002-08-08 17.71 17.73 17.59 17.59
2002-08-09 17.66 17.68 17.5 17.5
2002-09-11 17.46 17.53 17.4 17.4
2002-10-11 17.3 17.31 17.2 17.2
2003-02-11 19.17 19.17 19.13 19.13
2003-02-13 19.18 19.2 19.14 19.14
2003-03-10 19.25 19.25 19.22 19.22
2003-03-14 19.24 19.26 19.21 19.21
2003-04-10 20.57 20.8 20.0 20.0
2003-05-28 20.42 20.45 20.41 20.41
2003-06-03 20.46 20.5 20.44 20.44
2003-06-11 20.53 20.54 20.5 20.5
2003-07-04 20.71 20.74 20.66 20.66
2003-12-19 20.68 20.7 20.61 20.61
2003-12-30 20.66 20.67 20.6 20.6
2004-01-09 20.91 20.92 20.38 20.38
2004-02-09 21.64 21.85 20.96 20.96
2004-02-23 20.93 20.94 20.71 20.71
2004-03-09 20.82 20.83 20.7 20.7
2004-03-25 20.47 20.58 20.3 20.3
2004-03-31 20.52 20.55 20.49 20.49
2004-04-02 20.48 20.6 20.35 20.35
2004-04-19 20.81 20.83 20.6 20.6
2004-04-28 15.75 15.75 15.75 15.75
2004-04-29 14.18 14.18 14.18 14.18
2004-04-30 12.76 12.76 12.76 12.76
2004-05-10 11.48 11.48 11.48 11.48
2004-05-11 10.33 10.33 10.33 10.33
2004-05-12 9.3 9.3 9.3 9.3
2004-05-13 8.37 8.37 8.37 8.37
2004-05-14 7.53 7.53 7.53 7.53
2004-05-17 6.78 6.78 6.78 6.78
2004-05-18 6.1 6.1 6.1 6.1
2004-05-19 5.61 6.06 5.49 5.49
2004-06-11 4.88 5.05 4.79 4.79
2004-06-15 4.98 5.01 4.7 4.7
2004-07-13 4.04 4.08 4.0 4.0
2004-07-15 4.02 4.14 3.83 3.83
2004-07-22 4.32 4.48 4.05 4.05
2004-07-28 4.07 4.1 3.96 3.96
2004-08-31 3.5 3.55 3.4 3.4
2004-09-07 3.54 3.56 3.48 3.48
2004-09-14 3.63 3.63 3.33 3.33
2004-10-08 3.91 3.94 3.73 3.73
2004-10-15 3.27 3.36 3.06 3.06
2004-10-29 3.14 3.31 3.01 3.01
2004-11-10 3.3 3.35 3.13 3.13
2005-01-05 3.0 3.0 2.72 2.72
2005-02-16 2.75 2.82 2.67 2.67
2005-03-11 2.84 2.88 2.82 2.82
2005-03-23 2.45 2.48 2.41 2.41
2005-03-31 2.44 2.46 2.35 2.35
2005-04-07 2.44 2.52 2.42 2.42
2005-05-13 1.86 1.9 1.83 1.83
2005-05-24 1.91 1.91 1.71 1.71
2005-06-13 2.2 2.24 2.16 2.16
2005-06-30 2.16 2.22 2.08 2.08
2005-07-06 1.91 1.93 1.88 1.88
2005-08-03 1.88 1.97 1.82 1.82
2005-08-05 1.96 1.97 1.84 1.84
2005-08-09 2.16 2.16 1.98 1.98
2005-08-22 2.13 2.18 2.08 2.08
2005-08-24 2.05 2.08 2.03 2.03
2005-08-25 2.08 2.1 2.02 2.02
2005-09-02 2.4 2.4 2.3 2.3
2005-09-13 2.49 2.55 2.41 2.41
2005-09-28 2.26 2.33 2.23 2.23
2005-09-29 2.35 2.35 2.26 2.26
2005-11-02 2.08 2.08 1.88 1.88
2005-11-23 2.14 2.18 2.1 2.1
2005-11-30 2.07 2.07 2.02 2.02
2005-12-12 2.08 2.11 2.06 2.06
2005-12-15 2.04 2.08 2.03 2.03
2005-12-16 2.09 2.1 2.02 2.02
2005-12-26 2.07 2.08 2.03 2.03
2006-01-04 2.1 2.11 2.04 2.04
2006-01-05 2.18 2.26 2.1 2.1
2006-01-18 2.24 2.28 2.2 2.2
2006-02-14 2.36 2.4 2.29 2.29
2006-02-21 2.51 2.57 2.46 2.46
2006-03-02 2.59 2.67 2.5 2.5
2006-03-21 2.47 2.55 2.44 2.44
2006-03-28 2.78 2.87 2.63 2.63
2006-04-03 2.9 2.99 2.8 2.8
2006-10-09 4.06 4.18 4.0 4.0
2006-12-07 3.56 3.56 3.56 3.56
2006-12-08 3.74 3.74 3.74 3.74
2007-02-05 3.54 3.54 3.27 3.27
2007-03-02 4.7 4.89 4.69 4.69
2007-03-13 5.63 5.63 5.63 5.63
2007-03-16 6.21 6.21 5.91 5.91
2007-04-02 6.76 6.86 6.5 6.5
2007-04-12 6.58 6.58 6.27 6.27
2007-04-26 8.39 8.39 8.39 8.39
2007-04-30 7.97 8.78 7.97 7.97
2007-05-08 7.72 7.88 7.57 7.57
2007-05-30 9.4 9.68 9.4 9.4
2007-05-31 8.93 8.93 8.93 8.93
2007-06-01 8.48 8.48 8.48 8.48
2007-06-04 8.06 8.06 8.06 8.06
2007-06-05 7.66 7.66 7.66 7.66
2007-06-06 7.32 7.95 7.28 7.28
2007-06-26 7.31 7.45 7.27 7.27
2007-06-29 6.45 6.59 6.45 6.45
2007-07-02 6.13 6.25 6.13 6.13
2007-07-03 6.44 6.44 6.21 6.21
2007-07-06 5.9 5.98 5.7 5.7
2007-07-12 5.59 5.74 5.5 5.5
2007-07-13 5.87 5.87 5.59 5.59
2007-07-19 6.11 6.11 5.82 5.82
2007-08-02 7.11 7.11 6.76 6.76
2007-08-06 7.84 7.84 7.84 7.84
2007-08-07 8.23 8.23 8.23 8.23
2007-08-23 10.42 10.42 10.42 10.42
2007-08-24 10.94 10.94 10.94 10.94
2007-08-30 11.25 11.6 10.64 10.64
2007-09-05 10.89 10.89 10.2 10.2
2007-09-18 11.45 11.45 11.45 11.45
2007-10-08 10.25 10.65 10.18 10.18
2007-10-15 8.27 8.27 8.27 8.27
2007-10-16 8.47 8.68 7.99 7.99
2007-10-18 8.61 8.61 8.22 8.22
2008-01-03 9.4 9.4 9.4 9.4
2008-01-15 9.3 9.43 9.06 9.06
2008-01-21 8.07 8.4 8.07 8.07
2008-01-29 6.82 6.98 6.79 6.79
2008-01-30 7.16 7.16 6.82 6.82
2008-03-06 7.53 7.64 7.3 7.3
2008-05-08 4.75 4.8 4.45 4.45
2008-05-15 4.83 4.95 4.75 4.75
2008-06-11 4.39 4.47 4.39 4.39
2008-07-14 3.5 3.51 3.31 3.31
2008-07-28 3.72 3.82 3.6 3.6
2008-08-12 2.91 2.97 2.91 2.91
2008-09-11 2.2 2.31 2.2 2.2
2008-09-19 2.22 2.22 2.22 2.22
2008-10-30 1.67 1.7 1.66 1.66
2008-11-05 1.55 1.58 1.51 1.51
2008-11-14 1.85 1.85 1.78 1.78
2008-11-17 1.94 1.94 1.86 1.86
2008-11-27 1.9 1.9 1.9 1.9
2008-12-08 2.19 2.19 2.19 2.19
2008-12-09 2.3 2.3 2.3 2.3
2008-12-10 2.42 2.42 2.42 2.42
2008-12-24 2.8 2.9 2.68 2.68
2009-02-05 3.24 3.24 3.09 3.09
2009-02-18 3.25 3.25 3.25 3.25
2009-02-19 3.09 3.18 3.09 3.09
2009-04-02 4.15 4.15 4.15 4.15
2009-05-05 4.57 4.57 4.33 4.33
2009-05-12 4.49 4.5 4.29 4.29
2009-05-19 4.52 4.61 4.45 4.45
2009-07-27 7.58 7.58 7.3 7.3
2009-07-28 7.96 7.96 7.8 7.8
2009-07-31 7.54 7.79 7.54 7.54
2009-08-03 7.29 7.88 7.16 7.16
2009-08-19 7.23 7.23 7.22 7.22
2009-08-21 6.97 7.21 6.53 6.53
2009-09-03 6.26 6.28 6.03 6.03
2009-09-07 6.36 6.55 6.29 6.29
2009-09-11 6.34 6.4 6.21 6.21
2009-09-24 6.88 6.98 6.6 6.6
2009-11-06 8.56 8.69 8.25 8.25
2009-11-30 8.25 8.35 8.11 8.11
2009-12-01 8.49 8.55 8.28 8.28
2009-12-23 7.72 7.87 7.55 7.55
2009-12-24 8.11 8.11 7.75 7.75
2010-01-08 7.78 7.88 7.52 7.52
2010-02-04 6.53 6.76 6.46 6.46
2010-02-10 6.43 6.46 6.28 6.28
2010-02-12 6.48 6.5 6.4 6.4
2010-03-17 6.8 6.81 6.67 6.67
2010-04-06 7.7 7.88 7.65 7.65
2010-05-24 5.15 5.15 4.95 4.95
2010-06-24 6.75 6.75 6.59 6.59
2010-06-29 6.36 6.47 6.14 6.14
2010-07-02 6.16 6.16 5.92 5.92
2010-07-08 6.45 6.5 6.22 6.22
2010-07-14 6.28 6.4 6.2 6.2
2010-08-06 7.47 7.47 7.47 7.47
2010-09-02 6.59 6.73 6.51 6.51
2010-10-15 6.03 6.16 6.0 6.0
2010-10-19 6.02 6.02 5.73 5.73
2011-01-27 5.2 5.25 5.03 5.03
2011-02-01 5.42 5.44 5.24 5.24
2011-03-04 6.03 6.03 6.03 6.03
2011-03-07 6.33 6.33 6.33 6.33
2011-04-01 6.36 6.41 6.26 6.26
2011-04-07 6.53 6.65 6.42 6.42
2011-04-29 6.08 6.11 5.9 5.9
2011-05-31 6.55 6.55 6.2 6.2
2011-06-10 6.31 6.32 6.22 6.22
2011-06-24 6.04 6.08 5.86 5.86
2011-06-28 6.09 6.13 6.02 6.02
2011-07-21 5.92 5.99 5.91 5.91
2011-07-25 5.93 6.14 5.91 5.91
2011-08-22 5.39 5.43 5.33 5.33
2011-09-09 5.57 5.63 5.52 5.52
2011-10-28 4.69 4.73 4.59 4.59
2011-11-07 4.95 4.95 4.71 4.71
2011-11-15 5.48 5.48 5.31 5.31
2011-12-07 4.65 4.66 4.5 4.5
2011-12-16 4.1 4.14 3.88 3.88
2011-12-30 3.05 3.05 2.96 2.96
2012-01-19 3.3 3.34 3.25 3.25
2012-02-08 3.69 3.71 3.51 3.51
2012-02-14 3.9 3.9 3.9 3.9
2012-02-15 4.1 4.1 4.1 4.1
2012-02-16 4.31 4.31 4.31 4.31
2012-02-17 4.53 4.53 4.53 4.53
2012-03-01 4.71 4.71 4.48 4.48
2012-03-23 4.58 4.58 4.37 4.37
2012-03-26 4.81 4.81 4.81 4.81
2012-04-05 4.5 4.58 4.34 4.34
2012-04-18 4.74 4.74 4.53 4.53
2012-05-04 4.08 4.12 3.76 3.76
2012-05-10 4.05 4.07 3.98 3.98
2012-05-14 4.15 4.27 4.07 4.07
2012-05-22 4.12 4.15 4.06 4.06
2012-05-24 4.06 4.09 4.03 4.03
2012-05-29 4.04 4.05 3.98 3.98
2012-07-03 3.98 3.99 3.92 3.92
2012-07-24 3.54 3.57 3.51 3.51
2012-07-30 3.33 3.33 3.33 3.33
2012-07-31 3.16 3.16 3.16 3.16
2012-08-01 3.0 3.0 3.0 3.0
2012-08-02 2.85 3.05 2.85 2.85
2012-08-06 2.99 3.0 2.9 2.9
2012-08-14 3.0 3.0 2.85 2.85
2012-08-15 3.15 3.15 3.0 3.0
2012-08-21 3.5 3.5 3.5 3.5
2012-08-24 3.85 3.85 3.85 3.85
2012-08-28 3.81 4.05 3.72 3.72
2012-09-03 3.79 3.95 3.7 3.7
2012-11-20 4.19 4.19 3.78 3.78
2012-12-06 4.09 4.18 4.01 4.01
2012-12-24 4.4 4.52 4.3 4.3
2012-12-28 4.96 5.09 4.85 4.85
2013-05-15 5.43 5.43 5.43 5.43
2013-05-16 5.97 5.97 5.97 5.97
2013-05-17 6.57 6.57 6.57 6.57
2013-07-04 6.94 7.12 6.72 6.72
2013-07-05 6.95 7.21 6.89 6.89
2013-07-10 6.92 6.93 6.61 6.61
2013-07-11 7.13 7.24 6.92 6.92
2013-08-01 6.86 6.88 6.71 6.71
2013-09-09 7.32 7.32 6.85 6.85
2013-09-27 6.42 6.5 6.29 6.29
2013-10-11 6.93 6.97 6.66 6.66
2013-10-17 6.74 6.84 6.67 6.67
2013-11-19 6.97 6.98 6.82 6.82
2014-04-30 7.13 7.26 6.88 6.88
2014-07-18 5.56 5.63 5.51 5.51
2014-07-21 5.58 5.71 5.53 5.53
2014-08-04 6.02 6.04 5.96 5.96
2014-08-15 6.59 6.6 6.31 6.31
2014-08-29 7.23 7.23 6.72 6.72
2014-10-10 7.9 7.98 7.81 7.81
2014-10-28 7.5 7.55 7.39 7.39
2014-11-06 7.98 8.05 7.81 7.81
2014-11-17 7.88 7.94 7.72 7.72
2014-12-02 7.79 7.88 7.51 7.51
2014-12-19 8.8 8.8 8.0 8.0
2015-01-20 8.41 8.52 8.13 8.13
2015-03-27 8.89 8.9 8.65 8.65
2015-06-05 11.69 11.69 11.69 11.69
2015-06-11 14.71 14.71 13.58 13.58
2015-07-22 8.99 8.99 8.99 8.99
2015-07-23 9.89 9.89 9.89 9.89
2015-07-24 10.88 10.88 10.88 10.88
2015-08-04 8.85 8.86 8.16 8.16
2015-08-07 8.83 8.86 8.45 8.45
2015-08-10 9.71 9.71 8.96 8.96
2015-09-10 8.61 8.85 8.0 8.0
2015-09-16 7.91 8.0 7.1 7.1
2015-09-21 7.74 7.78 7.35 7.35
2015-09-24 7.79 7.88 7.51 7.51
2016-04-07 8.39 8.39 8.39 8.39
2016-04-08 9.23 9.23 9.23 9.23
2016-04-11 10.15 10.15 10.15 10.15
2016-04-12 11.17 11.17 11.17 11.17
2016-04-13 12.29 12.29 12.29 12.29
2016-04-14 13.52 13.52 13.52 13.52
2016-04-26 12.15 12.29 11.81 11.81
2016-04-29 11.83 12.09 11.8 11.8
2016-06-16 11.53 11.85 11.05 11.05
2016-08-03 10.78 10.82 10.4 10.4
2016-08-04 10.75 10.84 10.69 10.69
