2004-04-26 21.98 22.49 20.66 20.66
2006-10-16 9.7 9.75 9.3 9.3
2006-10-18 9.78 9.8 9.5 9.5
2006-12-05 10.0 10.12 9.7 9.7
2007-01-11 9.4 9.67 9.33 9.33
2007-01-19 10.29 10.49 9.96 9.96
2007-01-22 11.32 11.32 10.61 10.61
2007-02-12 10.9 11.1 10.69 10.69
2007-03-20 11.79 11.95 11.54 11.54
2007-03-26 12.19 12.2 11.57 11.57
2007-04-02 12.45 12.65 12.32 12.32
2007-04-20 13.79 13.97 13.38 13.38
2007-04-23 14.34 14.41 13.8 13.8
2007-04-30 14.15 14.3 13.72 13.72
2007-05-28 15.37 15.49 14.82 14.82
2007-06-18 13.42 13.46 13.1 13.1
2007-07-02 10.56 10.57 9.91 9.91
2007-07-06 10.49 10.59 9.88 9.88
2007-07-30 11.89 12.05 11.56 11.56
2007-08-16 12.41 12.41 11.29 11.29
2007-11-05 10.18 10.18 9.4 9.4
2007-11-19 10.73 10.8 9.98 9.98
2007-12-19 10.7 10.79 10.42 10.42
2008-01-02 12.13 12.26 11.66 11.66
2008-01-29 11.54 11.59 11.1 11.1
2008-04-30 7.8 7.8 7.49 7.49
2008-06-25 5.77 5.8 5.42 5.42
2008-07-02 5.22 5.3 5.1 5.1
2008-07-24 6.42 6.42 5.84 5.84
2008-08-01 5.97 6.1 5.65 5.65
2008-08-29 4.28 4.32 4.03 4.03
2008-10-28 2.82 2.87 2.6 2.6
2008-11-03 2.73 2.78 2.69 2.69
2008-11-07 3.02 3.04 2.7 2.7
2008-11-19 3.34 3.38 3.08 3.08
2009-01-09 3.64 3.66 3.54 3.54
2009-02-03 4.17 4.25 4.0 4.0
2009-03-19 5.22 5.28 5.11 5.11
2009-03-23 5.27 5.33 5.08 5.08
2009-06-29 5.92 5.97 5.9 5.9
2009-07-07 6.04 6.18 6.0 6.0
2009-07-15 6.34 6.41 6.3 6.3
2009-07-27 6.41 6.44 6.31 6.31
2009-07-28 6.7 6.76 6.4 6.4
2009-07-30 6.46 6.47 6.2 6.2
2009-10-09 6.51 6.55 6.23 6.23
2009-11-02 7.91 8.04 7.52 7.52
2009-11-03 8.14 8.51 7.93 7.93
2009-11-19 9.2 9.24 8.82 8.82
2009-12-07 9.75 9.75 8.87 8.87
2010-01-04 12.4 12.4 12.4 12.4
2010-03-02 14.38 14.58 13.98 13.98
2010-03-03 15.4 15.5 14.5 14.5
2010-03-16 13.34 13.38 13.13 13.13
2010-03-17 14.0 14.21 13.41 13.41
2010-03-18 14.21 14.63 14.08 14.08
2010-05-05 16.5 16.58 15.5 15.5
2010-06-03 15.59 16.22 15.18 15.18
2010-06-25 17.29 18.0 17.15 17.15
2010-08-04 20.0 20.19 19.4 19.4
2010-08-27 22.07 22.3 21.44 21.44
2010-09-07 24.5 24.52 23.5 23.5
2010-09-27 22.77 22.78 21.9 21.9
2010-09-30 23.94 24.38 22.25 22.25
2010-11-04 23.74 23.88 23.2 23.2
2010-11-22 24.24 24.51 22.16 22.16
2010-12-10 23.28 23.45 22.42 22.42
2010-12-16 24.14 24.73 24.03 24.03
2010-12-28 21.85 22.26 21.61 21.61
2010-12-29 22.48 22.49 21.95 21.95
2011-01-26 18.47 18.59 17.96 17.96
2011-01-28 19.53 19.8 19.0 19.0
2011-02-14 20.84 20.99 20.11 20.11
2011-02-21 22.2 22.22 20.32 20.32
2011-05-18 18.11 18.35 17.66 17.66
2011-05-31 16.14 16.2 15.82 15.82
2011-06-03 16.44 16.5 16.22 16.22
2011-06-27 17.14 17.46 17.0 17.0
2011-08-16 15.95 16.18 15.2 15.2
2011-12-14 9.67 9.97 9.62 9.62
2012-02-15 10.64 10.77 10.4 10.4
2012-02-22 11.14 11.28 10.53 10.53
2012-03-06 12.21 12.21 12.21 12.21
2012-03-22 12.21 12.28 12.11 12.11
2012-05-10 10.73 10.84 10.65 10.65
2012-07-11 4.0 4.02 3.91 3.91
2012-07-17 3.85 3.86 3.75 3.75
2012-07-18 3.88 3.88 3.79 3.79
2012-08-01 3.91 3.97 3.81 3.81
2012-08-16 4.01 4.1 3.99 3.99
2012-08-28 4.08 4.15 4.03 4.03
2012-09-18 4.19 4.22 4.16 4.16
2012-10-09 4.11 4.11 4.02 4.02
2012-11-01 3.99 4.0 3.9 3.9
2012-11-30 3.37 3.4 3.34 3.34
2012-12-25 3.72 3.75 3.62 3.62
2012-12-31 3.74 3.77 3.72 3.72
2013-01-08 3.82 3.86 3.71 3.71
2013-02-08 4.47 4.48 4.4 4.4
2013-04-09 4.36 4.38 4.25 4.25
2013-04-15 4.1 4.2 4.09 4.09
2013-04-17 4.58 4.58 4.58 4.58
2013-05-06 4.55 4.56 4.45 4.45
2013-05-23 6.27 6.7 6.15 6.15
2013-06-14 6.69 6.8 6.22 6.22
2013-07-15 6.05 6.09 5.85 5.85
2013-09-13 6.24 6.27 6.17 6.17
2013-09-23 6.24 6.24 6.11 6.11
2013-09-27 5.98 6.05 5.92 5.92
2013-11-15 5.58 5.61 5.48 5.48
2013-11-18 5.74 5.79 5.6 5.6
2013-11-26 6.42 6.42 5.81 5.81
2013-12-12 6.06 6.11 5.96 5.96
2013-12-24 5.79 5.91 5.64 5.64
2013-12-27 6.04 6.14 5.76 5.76
2014-03-11 7.15 7.19 7.01 7.01
2014-04-29 7.1 7.11 6.77 6.77
2014-05-08 7.1 7.22 7.02 7.02
2014-06-30 5.92 6.02 5.84 5.84
2014-07-25 5.62 5.64 5.55 5.55
2014-08-04 5.86 5.86 5.77 5.77
2014-08-15 6.1 6.16 6.01 6.01
2014-08-18 6.19 6.22 6.12 6.12
2014-09-19 6.38 6.48 6.27 6.27
2014-09-29 6.67 6.68 6.46 6.46
2014-11-27 6.36 6.36 6.25 6.25
2014-12-02 6.4 6.43 6.32 6.32
2015-01-07 5.86 5.91 5.78 5.78
2015-01-13 5.87 5.88 5.7 5.7
2015-02-11 6.69 6.73 6.18 6.18
2015-02-16 6.82 6.84 6.64 6.64
2015-03-16 7.11 7.15 6.84 6.84
2015-03-20 7.37 7.48 7.29 7.29
2015-04-02 8.43 8.48 8.22 8.22
2015-04-13 8.62 8.73 8.52 8.52
2015-04-21 8.57 8.58 8.15 8.15
2015-04-22 8.76 8.85 8.55 8.55
2015-06-12 13.4 13.65 13.07 13.07
2015-07-08 6.07 6.36 5.91 5.91
2015-08-04 8.24 8.25 7.72 7.72
2015-08-07 8.28 8.39 8.1 8.1
2015-09-16 5.76 5.8 5.27 5.27
2015-09-24 5.88 5.93 5.83 5.83
2015-10-19 6.94 7.08 6.6 6.6
2015-11-04 7.44 7.51 6.85 6.85
2015-12-15 8.51 8.73 8.41 8.41
2015-12-21 8.6 8.67 8.51 8.51
2016-02-04 6.0 6.0 6.0 6.0
2016-03-02 5.6 5.62 5.27 5.27
2016-03-07 5.57 5.6 5.44 5.44
2016-03-14 5.53 5.62 5.37 5.37
2016-03-25 5.96 6.07 5.85 5.85
2016-04-29 5.56 5.63 5.54 5.54
2016-08-02 6.87 6.91 6.8 6.8
2016-08-12 6.88 6.89 6.77 6.77
2016-09-30 6.54 6.57 6.51 6.51
2016-11-01 6.68 6.69 6.63 6.63
2017-02-09 6.26 6.28 6.21 6.21
2017-02-21 6.28 6.29 6.17 6.17
2017-02-24 6.27 6.28 6.22 6.22
2017-04-25 5.97 6.02 5.86 5.86
2017-04-26 6.16 6.2 5.97 5.97
2017-08-25 6.48 6.5 6.41 6.41
2017-09-04 6.92 7.1 6.51 6.51
