1998-07-09 7.33 7.43 7.11 7.11
1998-07-20 7.08 7.18 7.0 7.0
1998-07-27 7.62 7.77 7.48 7.48
1998-08-19 6.25 6.27 5.88 5.88
1998-09-03 6.16 6.23 6.08 6.08
1998-09-04 6.27 6.35 6.18 6.18
1998-10-07 6.06 6.1 6.03 6.03
1998-10-08 6.1 6.11 6.05 6.05
1998-10-15 6.45 6.45 6.28 6.28
1998-10-27 6.33 6.4 6.19 6.19
1998-11-02 6.29 6.38 6.25 6.25
1998-12-08 6.54 6.55 6.4 6.4
1998-12-22 6.13 6.14 5.9 5.9
1998-12-25 6.11 6.19 6.09 6.09
1999-01-06 5.8 5.85 5.72 5.72
1999-01-20 6.03 6.38 5.93 5.93
1999-02-09 5.36 5.42 5.29 5.29
1999-03-05 5.72 5.8 5.6 5.6
1999-04-05 6.42 6.5 6.31 6.31
1999-04-07 6.69 6.84 6.45 6.45
1999-04-28 5.7 5.82 5.67 5.67
1999-04-29 5.88 5.89 5.7 5.7
1999-05-07 5.89 5.96 5.81 5.81
1999-05-11 5.66 5.73 5.55 5.55
1999-05-18 5.32 5.41 5.3 5.3
1999-05-27 6.02 6.07 5.8 5.8
1999-06-11 6.6 6.68 6.28 6.28
1999-06-21 8.39 8.45 7.7 7.7
1999-06-28 9.36 9.45 8.81 8.81
1999-07-14 8.66 8.78 8.4 8.4
1999-07-23 7.84 7.98 7.76 7.76
1999-08-04 8.32 8.35 8.18 8.18
1999-08-17 7.59 7.78 7.51 7.51
1999-09-09 9.36 9.45 9.0 9.0
1999-09-13 9.81 9.9 9.18 9.18
1999-09-17 9.56 9.72 9.38 9.38
1999-11-08 7.77 7.89 7.72 7.72
1999-12-06 7.57 7.6 7.46 7.46
1999-12-07 7.6 7.63 7.5 7.5
1999-12-28 7.05 7.25 7.0 7.0
2000-01-10 8.59 8.71 8.05 8.05
2000-03-21 8.18 8.48 8.05 8.05
2000-04-06 9.37 9.46 9.18 9.18
2000-06-13 10.09 10.18 9.81 9.81
2000-06-26 10.18 10.25 9.99 9.99
2000-06-27 10.19 10.4 10.16 10.16
2000-07-12 10.86 11.13 10.79 10.79
2000-07-13 10.91 11.3 10.86 10.86
2000-08-03 11.45 11.65 11.05 11.05
2000-08-16 10.84 10.85 10.7 10.7
2000-09-07 9.3 9.45 9.11 9.11
2000-10-12 9.89 9.92 9.6 9.6
2000-11-23 11.41 11.58 11.4 11.4
2000-12-01 11.56 11.6 11.18 11.18
2001-03-26 11.16 11.18 10.8 10.8
2001-03-30 10.75 10.88 10.71 10.71
2001-05-14 12.33 12.41 11.75 11.75
2001-06-01 11.97 12.13 11.77 11.77
2001-08-09 11.2 11.23 11.0 11.0
2001-08-15 11.24 11.3 11.08 11.08
2001-08-27 10.75 10.9 10.28 10.28
2001-09-21 10.3 10.46 10.2 10.2
2001-10-09 10.13 10.18 10.0 10.0
2001-10-29 9.89 9.91 9.63 9.63
2001-10-31 9.91 10.03 9.61 9.61
2001-11-05 9.92 9.96 9.69 9.69
2001-11-19 10.19 10.21 10.01 10.01
2001-11-22 10.28 10.4 10.05 10.05
2001-11-30 10.53 10.58 10.5 10.5
2001-12-31 10.51 10.63 10.44 10.44
2002-01-10 10.0 10.07 9.6 9.6
2002-01-31 9.82 10.06 9.4 9.4
2002-02-07 9.89 9.96 9.73 9.73
2002-03-05 10.09 10.16 9.86 9.86
2002-03-07 10.29 10.3 10.0 10.0
2002-03-14 10.29 10.3 10.05 10.05
2002-03-19 10.14 10.18 9.9 9.9
2002-04-26 10.3 10.31 10.08 10.08
2002-06-18 9.58 9.6 9.4 9.4
2002-06-21 9.78 9.85 9.42 9.42
2002-06-28 10.92 11.07 10.71 10.71
2002-08-06 10.29 10.38 10.21 10.21
2002-08-13 10.17 10.22 10.08 10.08
2002-08-16 10.2 10.28 10.1 10.1
2002-08-22 10.36 10.48 10.33 10.33
2002-09-03 10.25 10.4 10.23 10.23
2002-09-10 10.0 10.07 9.99 9.99
2002-09-27 9.95 10.08 9.7 9.7
2002-10-14 9.5 9.52 9.45 9.45
2002-10-18 9.7 9.74 9.5 9.5
2002-11-05 9.93 10.01 9.74 9.74
2002-11-07 9.84 9.95 9.8 9.8
2002-11-25 8.49 8.5 8.34 8.34
2002-11-27 8.18 8.23 8.06 8.06
2002-12-02 8.29 8.48 8.0 8.0
2002-12-03 8.42 8.45 8.24 8.24
2002-12-09 8.41 8.55 8.39 8.39
2002-12-13 8.36 8.45 8.15 8.15
2003-01-14 8.71 9.0 8.18 8.18
2003-01-24 8.81 8.88 8.55 8.55
2003-02-11 8.99 9.0 8.68 8.68
2003-02-19 9.12 9.2 9.01 9.01
2003-02-25 9.18 9.3 9.05 9.05
2003-03-04 9.06 9.15 9.01 9.01
2003-03-06 8.86 9.01 8.81 8.81
2003-03-07 8.91 8.98 8.86 8.86
2003-03-17 8.55 8.56 8.39 8.39
2003-03-18 8.67 8.82 8.57 8.57
2003-03-31 9.08 9.15 8.81 8.81
2003-04-30 9.19 9.5 9.03 9.03
2003-05-15 9.58 9.75 9.28 9.28
2003-05-21 9.5 9.67 9.41 9.41
2003-06-05 9.8 10.12 9.68 9.68
2003-07-02 8.9 8.9 8.73 8.73
2003-07-22 9.08 9.1 8.9 8.9
2003-08-12 8.4 8.42 8.3 8.3
2003-08-26 7.89 7.98 7.82 7.82
2003-08-27 7.97 8.01 7.9 7.9
2003-08-28 8.0 8.07 7.93 7.93
2003-08-29 8.11 8.12 7.97 7.97
2003-09-18 7.83 7.85 7.73 7.73
2003-10-08 7.86 7.92 7.62 7.62
2003-10-09 8.01 8.04 7.86 7.86
2003-10-21 8.21 8.25 8.0 8.0
2003-10-28 8.35 8.4 8.11 8.11
2003-11-14 8.48 8.49 8.24 8.24
2003-12-01 9.39 9.48 9.07 9.07
2003-12-04 9.82 9.96 9.7 9.7
2003-12-30 11.05 11.13 10.72 10.72
2004-02-02 11.89 12.03 11.4 11.4
2004-02-13 12.14 12.26 12.06 12.06
2004-02-19 12.54 12.72 12.43 12.43
2004-02-20 12.4 12.5 12.28 12.28
2004-02-27 12.68 12.8 11.72 11.72
2004-03-04 12.88 12.95 12.55 12.55
2004-03-05 13.01 13.45 12.88 12.88
2004-03-11 13.75 13.85 13.4 13.4
2004-03-19 14.56 14.57 14.16 14.16
2004-03-22 14.98 15.12 14.6 14.6
2004-03-26 15.12 15.25 14.93 14.93
2004-04-01 15.1 15.12 14.85 14.85
2004-04-26 14.59 14.6 13.99 13.99
2004-06-01 13.79 14.01 13.66 13.66
2004-06-11 13.64 13.74 13.38 13.38
2004-06-15 14.0 14.05 13.68 13.68
2004-06-18 14.0 14.0 13.61 13.61
2004-06-30 13.82 13.92 13.8 13.8
2004-07-14 14.79 14.88 14.42 14.42
2004-08-11 13.16 13.24 13.0 13.0
2004-09-08 12.7 12.79 12.67 12.67
2004-09-30 13.97 14.2 13.85 13.85
2004-11-12 14.35 14.55 13.95 13.95
2004-12-08 13.78 13.8 13.52 13.52
2004-12-22 13.45 13.5 13.0 13.0
2005-01-11 11.69 11.85 11.65 11.65
2005-02-02 12.8 12.8 12.07 12.07
2005-03-07 13.03 13.08 12.91 12.91
2005-03-23 12.49 12.54 12.3 12.3
2005-04-06 12.68 12.8 12.45 12.45
2005-04-28 11.77 11.85 11.62 11.62
2005-06-08 10.9 10.98 10.09 10.09
2005-06-27 10.25 10.34 10.15 10.15
2005-07-26 9.99 10.03 9.83 9.83
2005-08-10 6.96 6.96 6.74 6.74
2005-08-11 7.29 7.35 6.96 6.96
2005-09-01 6.69 6.74 6.52 6.52
2005-09-30 6.39 6.45 6.3 6.3
2005-10-13 6.89 7.08 6.85 6.85
2005-11-23 5.21 5.24 5.11 5.11
2005-11-24 5.32 5.38 5.22 5.22
2005-12-02 5.26 5.29 5.2 5.2
2005-12-23 5.9 5.93 5.76 5.76
2006-01-06 6.22 6.31 6.14 6.14
2006-01-09 6.54 6.58 6.23 6.23
2006-01-20 6.77 6.78 6.54 6.54
2006-02-15 7.45 7.45 7.45 7.45
2006-10-16 6.54 6.63 6.48 6.48
2006-10-24 6.3 6.31 6.16 6.16
2006-11-30 6.34 6.34 6.23 6.23
2006-12-04 6.59 6.65 6.51 6.51
2006-12-14 6.88 6.98 6.8 6.8
2006-12-15 6.98 7.08 6.9 6.9
2007-01-22 8.4 8.61 8.2 8.2
2007-01-30 8.56 8.57 8.23 8.23
2007-02-13 8.29 8.38 8.18 8.18
2007-02-26 9.38 9.38 8.68 8.68
2007-03-07 8.99 9.1 8.91 8.91
2007-04-12 10.31 10.39 10.1 10.1
2007-04-20 11.2 11.25 10.5 10.5
2007-04-26 12.18 12.31 12.0 12.0
2007-05-10 13.39 13.39 12.2 12.2
2007-05-22 16.23 17.29 16.1 16.1
2007-06-07 14.59 14.98 14.35 14.35
2007-06-11 15.39 15.58 14.62 14.62
2007-07-02 14.9 15.1 14.1 14.1
2007-07-20 15.98 16.06 15.31 15.31
2007-07-23 17.09 17.1 15.97 15.97
2007-08-02 19.69 19.84 18.82 18.82
2007-08-14 19.88 19.92 18.59 18.59
2007-08-31 20.6 20.87 19.81 19.81
2007-09-03 22.66 22.66 21.02 21.02
2007-11-06 21.25 21.74 21.01 21.01
2007-11-23 19.0 19.0 18.0 18.0
2007-12-18 20.1 20.34 19.31 19.31
2007-12-21 21.34 21.38 20.41 20.41
2008-03-05 20.75 21.08 19.25 19.25
2008-04-08 17.25 17.48 16.48 16.48
2008-04-29 21.3 21.7 20.25 20.25
2008-04-30 22.09 22.45 21.6 21.6
2008-07-08 20.53 21.15 19.86 19.86
2008-07-28 19.61 19.75 19.25 19.25
2008-10-17 8.27 8.34 8.03 8.03
2009-01-14 9.38 9.45 8.73 8.73
2009-01-16 9.68 9.85 9.42 9.42
2009-03-04 10.63 10.65 9.76 9.76
2009-03-19 12.06 12.33 11.21 11.21
2009-03-24 12.99 13.19 12.75 12.75
2009-05-04 15.35 15.49 14.33 14.33
2009-06-01 15.34 15.45 14.86 14.86
2009-07-02 16.21 16.27 15.62 15.62
2009-07-14 16.24 16.43 16.0 16.0
2009-07-17 18.21 18.21 16.6 16.6
2009-08-20 17.61 17.98 16.6 16.6
2009-09-14 17.46 17.5 17.07 17.07
2009-09-15 19.21 19.21 17.55 17.55
2009-09-30 16.36 16.62 16.08 16.08
2009-10-09 18.0 18.0 16.95 16.95
2009-10-13 18.32 18.8 17.68 17.68
2009-10-23 19.71 20.01 18.98 18.98
2009-11-16 21.4 21.55 20.01 20.01
2009-12-24 23.08 23.09 21.98 21.98
2010-01-05 24.21 24.38 23.41 23.41
2010-01-06 24.46 25.66 24.3 24.3
2010-03-17 19.2 19.25 18.73 18.73
2010-03-29 20.65 20.78 19.54 19.54
2010-04-01 21.22 21.6 20.85 20.85
2010-04-02 21.98 22.21 21.43 21.43
2010-04-06 22.87 23.2 22.2 22.2
2010-08-11 17.87 17.95 17.6 17.6
2010-08-19 18.87 19.09 18.45 18.45
2010-09-07 19.02 19.5 18.9 18.9
2010-09-27 17.63 17.65 17.3 17.3
2010-10-08 20.19 20.19 18.98 18.98
2010-10-11 22.21 22.21 22.21 22.21
2010-11-04 30.67 31.15 29.68 29.68
2010-11-11 31.54 33.65 30.7 30.7
2010-12-31 28.39 28.46 27.45 27.45
2011-01-26 23.89 24.35 23.3 23.3
2011-02-14 27.65 28.05 26.46 26.46
2011-03-28 34.94 36.45 33.45 33.45
2011-05-09 31.83 32.35 31.6 31.6
2011-07-13 34.66 34.87 34.0 34.0
2011-07-26 32.98 33.17 32.7 32.7
2011-10-28 28.73 28.97 26.81 26.81
2011-11-08 28.7 29.18 28.39 28.39
2011-12-07 25.03 25.14 24.83 24.83
2012-03-09 25.55 25.73 24.78 24.78
2012-04-12 23.32 23.51 22.8 22.8
2012-05-03 25.23 25.48 25.0 25.0
2012-05-10 24.0 24.16 23.8 23.8
2012-05-29 23.27 23.4 22.85 22.85
2012-07-11 19.05 19.16 18.5 18.5
2012-07-30 18.67 18.91 18.61 18.61
2012-08-01 18.68 18.82 18.28 18.28
2012-08-02 18.69 18.8 18.53 18.53
2012-08-06 19.38 19.4 19.02 19.02
2012-09-07 18.41 18.67 17.18 17.18
2012-09-12 18.89 18.9 18.43 18.43
2012-10-18 19.13 19.18 18.74 18.74
2012-10-30 17.73 17.97 17.53 17.53
2012-10-31 17.96 17.97 17.66 17.66
2012-12-19 17.37 17.67 17.27 17.27
2013-03-05 16.76 16.85 16.6 16.6
2013-07-31 9.31 9.44 9.21 9.21
2013-08-26 10.5 10.55 10.22 10.22
2013-10-22 11.37 11.5 10.79 10.79
2013-11-07 10.12 10.3 10.09 10.09
2013-11-15 9.58 9.67 9.38 9.38
2013-11-18 9.82 9.84 9.51 9.51
2013-11-25 10.06 10.16 10.01 10.01
2013-11-28 10.42 10.59 10.3 10.3
2014-01-21 7.49 7.54 7.36 7.36
2014-03-28 6.39 6.58 6.31 6.31
2014-04-29 6.11 6.11 5.95 5.95
2014-05-26 7.05 7.12 6.92 6.92
2014-08-05 7.83 8.15 7.7 7.7
2014-09-18 8.41 8.58 8.25 8.25
2014-11-10 9.02 9.05 8.83 8.83
2014-12-29 13.03 13.7 12.7 12.7
2015-01-05 14.5 14.5 13.36 13.36
2015-02-13 12.75 12.98 12.66 12.66
2015-03-04 13.01 13.2 12.8 12.8
2015-03-06 12.74 13.0 12.58 12.58
2015-04-07 16.75 17.25 16.09 16.09
2015-05-19 14.79 14.82 14.3 14.3
2015-07-10 11.78 11.78 10.8 10.8
2015-07-31 10.52 10.55 10.18 10.18
2015-08-28 8.66 8.67 8.14 8.14
2015-09-18 8.93 9.15 8.64 8.64
2015-10-23 9.71 9.82 9.3 9.3
2015-11-04 9.47 9.48 9.03 9.03
2015-11-26 10.37 10.51 10.1 10.1
2015-12-10 9.26 9.42 9.21 9.21
2015-12-16 9.46 9.6 9.36 9.36
2015-12-17 9.73 9.87 9.5 9.5
2015-12-29 9.69 9.79 9.38 9.38
2016-01-14 8.99 9.19 8.23 8.23
2016-01-22 8.51 8.81 8.3 8.3
2016-02-16 8.42 8.52 8.18 8.18
2016-02-23 9.17 9.2 8.7 8.7
2016-04-11 10.8 11.29 10.55 10.55
2016-04-13 11.81 12.01 11.33 11.33
2016-05-17 9.22 9.35 9.0 9.0
2016-05-31 9.31 9.33 9.01 9.01
2016-06-01 9.38 9.52 9.26 9.26
2016-06-27 11.27 11.58 10.4 10.4
2016-07-01 11.26 11.38 10.86 10.86
2016-08-08 12.76 12.76 11.64 11.64
2016-08-16 13.52 13.95 13.03 13.03
2016-08-29 12.29 12.44 12.18 12.18
2016-09-29 12.25 12.47 11.88 11.88
2016-11-07 12.91 13.28 12.74 12.74
2016-11-21 13.09 13.26 12.96 12.96
2016-12-07 11.94 11.95 11.65 11.65
2016-12-29 10.78 10.96 10.71 10.71
2017-01-10 10.95 11.07 10.79 10.79
2017-02-16 11.25 11.38 11.07 11.07
2017-03-06 10.7 10.78 10.55 10.55
2017-03-23 10.78 10.86 10.55 10.55
2017-03-30 11.15 11.35 10.9 10.9
2017-05-09 10.39 10.47 10.12 10.12
2017-06-29 12.38 12.7 12.31 12.31
2017-07-13 13.0 13.31 12.9 12.9
2017-07-18 13.67 13.79 13.02 13.02
2017-07-21 14.56 14.96 14.17 14.17
2017-07-31 14.26 14.55 13.36 13.36
2017-09-01 13.95 14.44 13.68 13.68
