1998-03-09 11.23 11.35 11.0 11.0
1998-04-22 11.21 11.25 10.95 10.95
1998-04-28 11.38 11.4 10.98 10.98
1998-05-29 12.3 12.53 12.2 12.2
1998-06-08 12.15 12.42 12.0 12.0
1998-06-26 12.2 12.3 12.0 12.0
1998-07-30 11.18 11.34 11.18 11.18
1998-08-19 8.6 8.64 8.25 8.25
1998-09-07 9.57 9.6 9.22 9.22
1998-09-30 10.13 10.17 10.0 10.0
1998-10-08 9.95 9.99 9.82 9.82
1998-10-13 10.3 10.42 10.2 10.2
1998-10-19 10.61 10.72 10.46 10.46
1998-10-23 10.36 10.75 10.25 10.25
1998-10-26 10.9 10.93 10.36 10.36
1998-11-24 12.97 12.98 12.55 12.55
1998-11-25 12.87 13.28 12.35 12.35
1998-12-08 12.17 12.19 11.87 11.87
1998-12-09 12.3 12.3 11.45 11.45
1999-03-16 9.98 10.48 9.96 9.96
1999-03-19 11.7 11.95 10.75 10.75
1999-03-22 11.94 12.2 11.85 11.85
1999-03-29 11.8 11.99 11.55 11.55
1999-04-19 11.88 11.97 11.68 11.68
1999-04-28 11.34 11.47 10.98 10.98
1999-04-29 11.42 11.56 11.27 11.27
1999-04-30 11.36 11.49 11.3 11.3
1999-05-11 10.73 11.0 10.58 10.58
1999-05-28 12.31 12.48 12.2 12.2
1999-06-17 10.4 10.41 9.8 9.8
1999-06-25 12.83 12.83 11.8 11.8
1999-08-11 13.59 13.84 13.28 13.28
1999-08-12 14.39 14.7 13.65 13.65
1999-08-16 14.9 14.9 14.5 14.5
1999-08-17 15.7 15.71 14.9 14.9
1999-08-18 17.09 17.2 15.72 15.72
1999-08-24 22.0 22.0 20.48 20.48
1999-08-25 22.59 22.59 22.02 22.02
1999-08-26 23.19 23.2 22.61 22.61
1999-09-01 25.62 25.62 25.07 25.07
1999-09-06 21.02 21.02 21.02 21.02
1999-09-07 20.36 20.36 18.92 18.92
1999-09-22 20.85 21.68 19.56 19.56
1999-09-28 20.82 20.9 20.34 20.34
1999-10-12 22.92 22.93 21.7 21.7
1999-12-02 17.25 17.4 16.85 16.85
2000-05-12 27.85 28.0 27.15 27.15
2000-05-26 19.03 19.03 16.95 16.95
2000-09-07 24.85 24.98 24.48 24.48
2000-10-19 25.72 26.22 24.75 24.75
2001-02-20 17.0 17.3 16.83 16.83
2001-03-16 17.27 17.32 16.94 16.94
2001-03-22 17.3 17.48 17.12 17.12
2001-03-27 17.91 18.08 17.52 17.52
2001-04-24 17.0 17.09 16.8 16.8
2001-05-15 17.04 17.3 16.9 16.9
2001-06-28 16.9 17.2 16.51 16.51
2001-06-29 17.8 18.25 16.9 16.9
2001-07-10 16.7 16.75 16.18 16.18
2001-08-10 14.6 14.6 14.37 14.37
2001-10-23 13.86 13.86 13.39 13.39
2001-11-16 12.58 13.63 12.46 12.46
2001-11-27 12.89 12.9 12.63 12.63
2001-12-10 13.23 13.27 12.9 12.9
2002-01-23 8.43 8.48 7.5 7.5
2002-01-31 8.86 9.0 8.38 8.38
2002-02-07 9.43 9.63 9.3 9.3
2002-03-07 9.83 9.83 9.58 9.58
2002-03-14 10.73 10.79 10.22 10.22
2002-03-18 10.45 10.58 10.3 10.3
2002-04-03 9.38 9.48 9.25 9.25
2002-04-22 11.36 11.36 10.26 10.26
2002-04-24 11.42 11.76 10.95 10.95
2002-05-10 11.3 11.65 11.12 11.12
2002-05-21 11.06 11.28 10.66 10.66
2002-05-28 10.66 10.8 10.58 10.58
2002-05-31 10.17 10.3 10.12 10.12
2002-06-03 10.05 10.14 10.03 10.03
2002-06-17 9.64 9.68 9.42 9.42
2002-06-18 9.87 9.9 9.64 9.64
2002-07-03 10.69 10.9 10.6 10.6
2002-07-12 10.07 10.13 10.0 10.0
2002-07-29 10.34 10.4 9.85 9.85
2002-09-10 9.62 9.65 9.5 9.5
2002-10-10 8.51 8.6 8.35 8.35
2002-10-16 9.01 9.3 8.7 8.7
2002-10-22 9.06 9.14 8.79 8.79
2002-10-29 9.35 9.39 8.35 8.35
2002-12-12 7.85 7.93 7.71 7.71
2002-12-13 7.88 7.9 7.68 7.68
2002-12-16 7.9 7.96 7.9 7.9
2002-12-23 8.13 8.34 8.08 8.08
2003-01-14 7.79 8.01 7.41 7.41
2003-01-22 7.6 7.65 7.4 7.4
2003-01-27 7.77 7.79 7.63 7.63
2003-02-25 7.78 7.8 7.6 7.6
2003-02-27 7.85 7.85 7.73 7.73
2003-03-31 8.17 8.17 7.5 7.5
2003-04-14 7.43 7.5 7.08 7.08
2003-04-21 7.11 7.12 7.03 7.03
2003-05-12 6.45 6.52 6.23 6.23
2003-05-13 6.46 6.71 6.45 6.45
2003-06-04 7.02 7.06 6.82 6.82
2003-06-05 7.13 7.22 7.05 7.05
2003-06-10 6.9 6.95 6.86 6.86
2003-06-18 7.09 7.1 7.02 7.02
2003-06-19 7.3 7.36 7.11 7.11
2003-07-03 6.73 6.88 6.7 6.7
2003-07-23 6.79 6.8 6.7 6.7
2003-07-29 6.33 6.42 6.3 6.3
2003-07-31 6.34 6.4 6.29 6.29
2003-08-11 6.35 6.35 6.29 6.29
2003-08-12 6.37 6.4 6.26 6.26
2003-08-27 6.3 6.3 6.2 6.2
2003-09-10 6.17 6.19 6.12 6.12
2003-09-18 6.08 6.1 6.07 6.07
2003-09-22 6.04 6.09 6.03 6.03
2003-10-24 5.32 5.4 5.25 5.25
2003-10-30 5.36 5.37 5.08 5.08
2003-11-03 5.34 5.43 5.26 5.26
2003-11-13 5.07 5.13 5.0 5.0
2003-11-24 5.4 5.42 5.18 5.18
2003-11-25 5.75 5.94 5.25 5.25
2003-12-03 5.95 6.08 5.78 5.78
2003-12-18 6.37 6.38 6.15 6.15
2003-12-25 6.86 7.04 6.76 6.76
2004-01-09 6.69 6.99 6.6 6.6
2004-02-19 7.67 7.8 7.57 7.57
2004-03-05 6.83 7.03 6.8 6.8
2004-04-07 7.32 7.44 7.22 7.22
2004-04-22 6.91 6.93 6.83 6.83
2004-04-30 6.47 6.58 6.44 6.44
2004-05-31 6.11 6.16 6.09 6.09
2004-06-03 6.05 6.08 6.01 6.01
2004-08-06 5.82 5.91 5.79 5.79
2004-09-14 5.08 5.15 4.91 4.91
2004-10-08 5.76 5.84 5.42 5.42
2004-11-23 5.87 6.02 5.85 5.85
2004-12-01 5.66 5.72 5.6 5.6
2004-12-22 5.35 5.37 5.2 5.2
2004-12-24 5.26 5.3 5.24 5.24
2004-12-27 5.31 5.37 5.27 5.27
2004-12-29 5.22 5.26 5.2 5.2
2005-02-02 4.62 4.63 4.3 4.3
2005-04-13 4.48 4.52 4.37 4.37
2005-04-19 4.27 4.28 4.22 4.22
2005-05-13 4.13 4.13 4.0 4.0
2005-05-24 3.92 3.98 3.82 3.82
2005-06-08 3.96 3.99 3.65 3.65
2005-07-20 3.29 3.31 3.21 3.21
2006-10-09 3.75 3.76 3.7 3.7
2006-11-07 4.06 4.14 3.91 3.91
2006-11-27 3.91 3.94 3.86 3.86
2007-01-18 4.83 4.89 4.65 4.65
2007-02-06 4.96 4.97 4.76 4.76
2007-02-12 5.2 5.28 5.16 5.16
2007-02-13 5.35 5.35 5.2 5.2
2007-03-07 5.83 5.83 5.69 5.69
2007-03-22 6.53 6.8 6.27 6.27
2007-04-09 7.26 7.45 7.12 7.12
2007-04-13 8.54 8.54 8.13 8.13
2007-04-23 9.93 10.0 9.6 9.6
2007-04-26 10.1 10.1 9.49 9.49
2007-05-22 12.68 13.07 12.45 12.45
2007-05-24 13.41 14.08 12.91 12.91
2007-06-05 9.8 9.88 8.47 8.47
2007-06-11 11.35 11.49 10.71 10.71
2007-06-12 12.49 12.49 11.39 11.39
2007-06-18 12.01 12.42 11.8 11.8
2007-06-29 8.48 8.92 8.26 8.26
2007-07-12 8.89 9.1 8.8 8.8
2007-07-20 9.09 9.33 8.65 8.65
2007-07-23 9.69 9.76 9.01 9.01
2007-08-02 11.45 11.61 10.81 10.81
2007-08-24 13.66 13.99 13.06 13.06
2007-09-03 15.66 15.66 14.27 14.27
2007-09-18 16.98 17.15 15.68 15.68
2007-10-10 18.16 18.98 18.01 18.01
2007-10-29 14.17 14.2 13.16 13.16
2007-10-30 14.49 14.76 14.25 14.25
2007-11-19 13.18 13.5 12.73 12.73
2007-11-28 12.93 13.35 12.82 12.82
2007-12-12 15.51 15.82 15.07 15.07
2007-12-18 15.23 15.66 14.8 14.8
2007-12-19 15.58 15.85 15.4 15.4
2008-02-04 14.91 14.92 13.8 13.8
2008-04-16 14.83 17.88 14.83 14.83
2008-05-12 13.96 14.7 13.72 13.72
2008-05-14 13.92 14.0 13.11 13.11
2008-07-07 8.17 8.21 7.88 7.88
2008-07-14 8.6 8.68 8.38 8.38
2008-07-23 8.11 8.34 7.92 7.92
2008-08-20 5.43 5.43 4.98 4.98
2008-08-29 4.84 4.94 4.62 4.62
2008-10-15 3.75 3.78 3.68 3.68
2008-10-17 3.55 3.58 3.46 3.46
2008-11-03 3.38 3.45 3.36 3.36
2008-11-05 3.36 3.4 3.27 3.27
2008-11-10 3.64 3.65 3.38 3.38
2008-11-12 3.77 3.79 3.6 3.6
2008-12-02 4.3 4.31 4.08 4.08
2008-12-08 4.87 4.89 4.73 4.73
2009-01-21 4.52 4.59 4.48 4.48
2009-02-04 5.02 5.06 4.91 4.91
2009-03-04 5.35 5.38 5.0 5.0
2009-03-19 5.94 5.98 5.6 5.6
2009-05-12 8.58 8.6 7.71 7.71
2009-05-14 8.85 8.98 8.55 8.55
2009-06-18 8.55 8.78 8.32 8.32
2009-06-23 8.22 8.33 8.08 8.08
2009-07-02 8.93 8.99 8.41 8.41
2009-07-24 10.43 10.78 10.21 10.21
2009-08-20 8.63 8.74 8.21 8.21
2009-09-11 8.78 8.98 8.45 8.45
2009-09-30 9.55 9.57 9.02 9.02
2009-11-16 13.07 13.07 12.0 12.0
2009-12-16 13.43 13.78 13.21 13.21
2009-12-23 11.84 11.89 11.6 11.6
2009-12-24 12.59 12.6 11.98 11.98
2010-01-05 13.56 13.88 12.9 12.9
2010-01-29 11.25 11.38 11.1 11.1
2010-03-29 12.38 12.54 12.14 12.14
2010-04-23 11.58 11.88 11.3 11.3
2010-05-10 9.75 9.89 9.42 9.42
2010-05-13 9.94 9.94 9.56 9.56
2010-06-09 9.22 9.46 8.8 8.8
2010-08-02 9.8 9.92 9.71 9.71
2010-08-11 9.37 9.44 9.22 9.22
2010-08-19 10.34 10.5 10.2 10.2
2010-08-26 10.82 10.82 10.6 10.6
2010-10-29 12.86 13.05 12.8 12.8
2010-11-04 12.99 13.12 12.74 12.74
2011-03-07 12.52 12.73 11.83 11.83
2011-03-23 11.72 11.8 11.55 11.55
2011-03-28 12.48 13.0 12.38 12.38
2011-05-05 11.24 11.28 11.12 11.12
2011-06-27 10.46 10.53 10.33 10.33
2011-06-30 10.53 10.6 10.28 10.28
2011-07-01 10.79 10.93 10.53 10.53
2011-07-13 10.62 10.65 10.38 10.38
2011-07-14 10.8 10.91 10.67 10.67
2011-07-15 10.86 10.88 10.71 10.71
2011-09-07 9.85 9.85 9.63 9.63
2011-09-27 10.69 10.82 9.88 9.88
2011-09-29 10.36 10.62 10.12 10.12
2012-01-13 11.47 11.47 11.47 11.47
2012-03-13 10.57 10.74 10.25 10.25
2012-05-10 9.4 9.48 9.35 9.35
2012-05-17 9.49 9.56 9.37 9.37
2012-05-24 9.24 9.33 9.2 9.2
2012-06-01 9.25 9.34 9.2 9.2
2012-06-18 8.8 8.85 8.73 8.73
2012-07-04 8.07 8.19 8.01 8.01
2012-07-17 7.45 7.53 7.34 7.34
2012-07-26 7.52 7.61 7.49 7.49
2012-08-21 7.21 7.24 7.1 7.1
2012-08-23 7.24 7.25 7.13 7.13
2012-09-04 6.95 7.25 6.6 6.6
2012-09-05 7.04 7.17 6.81 6.81
2012-10-22 7.79 8.13 7.7 7.7
2012-10-30 7.28 7.3 7.15 7.15
2012-11-02 7.75 7.8 7.55 7.55
2012-11-19 7.19 7.22 7.04 7.04
2012-11-30 6.64 6.72 6.51 6.51
2012-12-14 7.21 7.25 6.91 6.91
2013-01-07 7.6 7.69 7.53 7.53
2013-04-02 7.16 7.24 7.13 7.13
2013-05-03 6.65 6.7 6.55 6.55
2013-05-06 6.71 6.75 6.65 6.65
2013-07-15 5.19 5.23 5.13 5.13
2013-07-23 5.01 5.04 4.86 4.86
2013-08-21 5.39 5.46 5.32 5.32
2013-08-26 5.36 5.38 5.28 5.28
2013-08-27 5.44 5.47 5.36 5.36
2013-09-10 5.69 5.73 5.52 5.52
2013-09-23 5.54 5.55 5.41 5.41
2013-11-01 5.64 5.72 5.52 5.52
2013-11-21 6.2 6.39 5.87 5.87
2013-12-05 6.02 6.16 6.01 6.01
2014-01-09 4.77 4.84 4.73 4.73
2014-01-16 4.9 4.97 4.79 4.79
2014-01-21 4.7 4.74 4.62 4.62
2014-01-22 4.79 4.81 4.68 4.68
2014-01-24 4.8 4.86 4.75 4.75
2014-02-10 4.73 4.74 4.58 4.58
2014-03-03 4.57 4.6 4.51 4.51
2014-03-13 4.46 4.5 4.37 4.37
2014-04-08 4.54 4.56 4.45 4.45
2014-05-12 4.55 4.55 4.16 4.16
2014-05-21 4.19 4.31 4.08 4.08
2014-05-28 4.2 4.22 4.16 4.16
2014-05-30 4.14 4.15 4.11 4.11
2014-06-20 3.95 3.96 3.91 3.91
2014-06-26 4.02 4.05 3.99 3.99
2014-07-14 4.13 4.13 4.06 4.06
2014-07-24 4.26 4.32 4.17 4.17
2014-09-15 5.16 5.17 5.04 5.04
2014-09-29 5.32 5.32 5.18 5.18
2014-10-28 4.98 4.98 4.88 4.88
2015-01-20 5.38 5.4 5.27 5.27
2015-02-10 5.35 5.37 5.32 5.32
2015-04-01 6.72 6.76 6.63 6.63
2015-04-27 8.11 8.27 7.89 7.89
2015-06-01 10.17 10.2 9.21 9.21
2015-07-13 6.79 6.79 6.79 6.79
2015-07-17 7.17 7.3 6.74 6.74
2015-10-13 5.48 5.5 5.35 5.35
2016-01-06 7.12 7.12 6.42 6.42
2016-02-16 4.8 4.88 4.66 4.66
2016-03-03 4.88 5.02 4.86 4.86
2016-03-28 4.95 5.01 4.92 4.92
2016-05-17 4.69 4.8 4.66 4.66
2016-05-19 4.52 4.59 4.5 4.5
2016-05-31 4.62 4.63 4.46 4.46
2016-07-12 5.22 5.47 5.04 5.04
2016-08-18 5.27 5.39 5.24 5.24
2016-08-29 5.24 5.26 5.18 5.18
2016-09-02 5.37 5.39 5.26 5.26
2016-12-07 5.6 5.63 5.52 5.52
2016-12-19 5.34 5.35 5.22 5.22
2016-12-21 5.37 5.4 5.26 5.26
2017-01-23 5.32 5.35 5.24 5.24
2017-03-06 5.84 5.84 5.32 5.32
2017-04-26 5.05 5.08 4.96 4.96
2017-05-15 4.74 4.83 4.64 4.64
2017-06-13 4.71 4.74 4.54 4.54
2017-06-26 4.88 4.89 4.83 4.83
2017-06-28 4.97 5.02 4.94 4.94
2017-06-30 5.03 5.07 5.0 5.0
2017-08-04 6.18 6.49 6.15 6.15
