1999-07-20 13.72 13.75 12.58 12.58
1999-07-23 14.9 15.34 14.41 14.41
1999-07-26 15.3 15.68 14.8 14.8
1999-08-12 15.28 15.64 15.0 15.0
1999-08-17 15.41 15.65 15.22 15.22
1999-10-19 14.1 14.3 14.03 14.03
2000-02-28 17.17 17.17 16.45 16.45
2000-03-07 16.0 16.0 15.62 15.62
2000-04-05 16.96 16.98 16.7 16.7
2000-04-27 17.81 18.0 17.68 17.68
2000-06-26 19.93 20.2 19.48 19.48
2000-10-13 20.14 20.48 19.9 19.9
2000-12-12 20.87 20.92 20.53 20.53
2001-01-02 22.12 22.12 20.21 20.21
2001-01-05 23.35 23.98 22.81 22.81
2001-01-19 21.08 21.1 20.8 20.8
2001-03-01 18.5 18.6 18.3 18.3
2001-04-05 19.29 19.3 18.9 18.9
2001-04-10 19.48 19.48 19.09 19.09
2001-04-27 19.1 19.1 18.9 18.9
2001-05-11 19.2 19.25 19.08 19.08
2001-05-14 19.59 19.59 19.25 19.25
2001-06-01 22.29 22.6 21.6 21.6
2001-11-19 16.53 16.65 16.4 16.4
2001-11-20 17.58 17.58 16.6 16.6
2002-01-08 17.38 17.5 17.3 17.3
2002-01-15 15.57 16.0 15.3 15.3
2002-01-22 14.5 15.3 14.1 14.1
2002-03-21 16.77 16.88 16.6 16.6
2002-05-08 18.0 18.2 17.8 17.8
2002-05-14 17.5 17.72 17.5 17.5
2002-05-20 16.6 16.7 16.45 16.45
2002-07-08 20.28 20.3 19.98 19.98
2002-07-12 19.99 20.0 19.7 19.7
2002-07-18 20.02 20.09 19.92 19.92
2002-08-22 19.43 19.55 18.9 18.9
2002-08-28 19.4 19.5 19.26 19.26
2002-09-13 19.0 19.04 18.78 18.78
2002-10-08 18.02 18.37 17.51 17.51
2002-10-15 17.28 17.38 17.2 17.2
2002-11-05 17.79 17.85 17.31 17.31
2002-12-19 15.23 15.23 15.05 15.05
2002-12-23 16.19 16.28 15.31 15.31
2002-12-25 16.05 16.08 15.95 15.95
2003-06-16 14.33 14.35 14.05 14.05
2003-06-18 14.24 14.3 14.1 14.1
2003-07-07 13.26 13.3 13.15 13.15
2003-07-08 13.28 13.3 13.17 13.17
2003-07-09 13.39 13.4 13.25 13.25
2003-07-11 13.15 13.2 13.1 13.1
2003-07-18 13.2 13.29 12.95 12.95
2003-07-22 13.15 13.28 13.0 13.0
2003-07-25 13.07 13.18 12.72 12.72
2003-07-30 12.95 12.95 12.8 12.8
2003-10-17 11.73 11.74 11.57 11.57
2003-10-20 11.77 11.79 11.74 11.74
2003-11-11 10.1 10.21 9.97 9.97
2003-11-13 10.1 10.11 9.94 9.94
2003-11-19 10.62 10.68 10.25 10.25
2003-11-20 10.92 11.07 10.65 10.65
2003-11-24 11.2 11.3 10.94 10.94
2003-12-01 11.7 11.78 11.35 11.35
2003-12-04 12.47 12.74 12.29 12.29
2003-12-25 14.4 14.65 14.26 14.26
2004-01-05 14.84 14.99 14.72 14.72
2004-01-08 15.05 15.18 14.8 14.8
2004-01-12 15.41 15.45 15.01 15.01
2004-01-13 16.24 16.25 15.4 15.4
2004-01-15 16.28 16.69 16.1 16.1
2004-01-30 17.59 17.88 17.2 17.2
2004-02-04 18.57 18.58 17.4 17.4
2004-07-19 8.49 8.53 8.42 8.42
2005-07-26 3.73 3.76 3.59 3.59
2005-11-14 4.09 4.09 4.09 4.09
2005-11-15 3.83 4.08 3.68 3.68
2006-02-06 4.11 4.17 4.06 4.06
2006-03-20 3.94 3.95 3.87 3.87
2006-04-04 4.11 4.2 3.9 3.9
2006-04-10 4.08 4.08 4.0 4.0
2006-05-08 5.71 5.71 5.41 5.41
2006-10-16 6.34 6.51 6.25 6.25
2006-10-19 6.89 6.9 6.48 6.48
2006-10-24 7.1 7.25 6.6 6.6
2007-04-23 10.82 11.13 10.26 10.26
2007-11-19 13.59 13.78 13.25 13.25
2007-11-22 14.39 14.51 14.0 14.0
2007-12-20 16.34 16.35 15.95 15.95
2007-12-26 17.57 17.83 16.8 16.8
2008-01-02 18.51 18.55 17.3 17.3
2008-01-23 19.01 19.15 17.6 17.6
2008-08-14 7.29 7.52 7.16 7.16
2008-08-19 7.1 7.18 6.77 6.77
2008-08-20 7.79 7.81 7.0 7.0
2009-10-15 8.65 9.13 8.46 8.46
2010-09-02 12.75 12.76 12.06 12.06
2010-09-10 13.88 13.94 12.99 12.99
2010-09-30 13.06 13.14 12.61 12.61
2011-02-18 13.51 13.75 13.25 13.25
2011-05-19 14.55 14.7 14.3 14.3
2011-06-03 13.58 13.72 13.25 13.25
2011-06-24 13.4 13.6 13.05 13.05
2011-06-27 13.42 13.52 13.32 13.32
2011-07-04 13.78 13.83 13.56 13.56
2011-07-14 14.86 15.05 14.24 14.24
2011-08-01 14.62 14.62 14.15 14.15
2011-08-04 14.79 15.0 14.71 14.71
2011-11-28 14.83 14.85 14.57 14.57
2012-02-15 12.73 12.76 12.4 12.4
2012-03-05 14.0 14.18 13.45 13.45
2012-03-08 13.81 13.95 13.55 13.55
2012-03-16 13.92 14.0 13.7 13.7
2012-05-08 15.28 15.56 15.1 15.1
2012-07-13 16.34 16.53 16.1 16.1
2012-07-30 13.74 13.94 13.69 13.69
2012-08-06 14.44 14.46 14.05 14.05
2012-08-10 14.25 14.45 14.15 14.15
2012-08-13 14.24 14.32 14.15 14.15
2012-08-15 14.22 14.4 14.11 14.11
2012-08-20 14.41 14.8 14.0 14.0
2012-08-22 15.21 15.28 14.68 14.68
2012-10-18 14.99 15.14 14.86 14.86
2012-10-19 14.98 15.1 14.94 14.94
2012-11-20 13.68 13.79 13.41 13.41
2012-12-21 13.44 13.54 13.3 13.3
2012-12-25 13.99 14.19 13.82 13.82
2012-12-31 14.26 14.34 13.81 13.81
2013-01-07 14.22 14.33 14.0 14.0
2013-01-08 14.48 14.64 14.15 14.15
2013-01-14 14.18 14.22 13.68 13.68
2013-10-21 25.77 26.1 25.4 25.4
2013-11-18 24.55 24.6 23.77 23.77
2013-11-20 24.43 24.68 24.3 24.3
2014-01-30 28.38 29.56 27.3 27.3
2014-05-07 28.85 29.15 28.7 28.7
2014-06-13 31.82 32.15 30.8 30.8
2014-06-20 30.72 30.99 30.16 30.16
2014-07-11 33.61 33.7 32.7 32.7
2014-07-14 33.83 34.17 33.5 33.5
2014-07-16 33.72 34.28 33.19 33.19
2014-07-22 33.81 34.1 33.0 33.0
2014-08-08 31.44 31.54 31.0 31.0
2014-08-27 31.51 31.8 31.37 31.37
2014-11-17 34.92 35.06 34.47 34.47
2014-11-19 35.6 35.8 34.8 34.8
2015-01-20 44.17 44.65 41.2 41.2
2015-02-05 46.66 47.65 46.21 46.21
2015-02-06 47.35 48.19 46.2 46.2
2015-05-18 73.39 73.4 66.05 66.05
2015-09-11 50.15 50.3 48.5 48.5
2015-10-16 29.59 30.84 29.21 29.21
2015-12-29 36.52 36.89 36.02 36.02
2016-02-16 28.13 28.35 27.25 27.25
2016-02-23 28.76 28.8 27.99 27.99
2016-03-21 31.84 32.2 31.38 31.38
2016-08-30 29.68 29.92 29.55 29.55
2016-10-24 31.06 31.1 30.9 30.9
2016-11-01 30.83 30.91 30.66 30.66
2017-02-22 34.59 34.8 33.18 33.18
2017-02-24 34.4 34.84 34.14 34.14
2017-05-03 34.79 35.1 34.5 34.5
