1993-01-05 15.46 15.65 13.0 13.0
1993-01-14 19.38 19.6 19.0 19.0
1993-02-02 21.7 22.0 21.1 21.1
1993-02-12 24.0 24.1 21.48 21.48
1993-02-15 26.15 26.2 24.3 24.3
1993-03-11 21.5 21.55 20.4 20.4
1993-03-19 20.2 20.99 20.05 20.05
1993-04-01 17.3 17.38 16.02 16.02
1993-04-06 18.9 19.5 17.25 17.25
1993-04-08 21.85 22.0 19.55 19.55
1993-05-17 21.99 22.02 20.2 20.2
1993-05-18 21.81 22.3 21.6 21.6
1993-05-20 22.38 22.6 21.9 21.9
1993-06-16 11.59 11.77 11.5 11.5
1993-06-22 11.15 11.35 11.0 11.0
1993-06-28 11.36 11.45 11.2 11.2
1993-07-29 10.17 10.25 10.08 10.08
1993-09-10 11.7 11.72 11.55 11.55
1993-09-15 11.4 11.5 11.2 11.2
1993-09-20 11.43 11.5 11.11 11.11
1993-09-21 11.65 11.8 11.45 11.45
1993-09-27 11.58 11.71 11.45 11.45
1993-10-15 11.8 12.0 11.75 11.75
1993-10-28 11.68 11.8 11.0 11.0
1993-11-01 11.5 11.65 11.2 11.2
1993-11-02 11.8 12.43 11.52 11.52
1993-11-12 12.05 12.19 11.68 11.68
1993-11-15 12.44 12.55 12.11 12.11
1993-11-23 14.3 14.8 13.8 13.8
1993-11-25 14.9 15.7 14.65 14.65
1993-12-01 16.4 16.69 16.37 16.37
1994-01-21 13.96 13.98 13.6 13.6
1994-01-27 14.16 14.25 14.1 14.1
1994-02-17 13.48 13.68 13.15 13.15
1994-03-16 15.75 15.75 14.25 14.25
1994-04-21 11.5 11.96 10.2 10.2
1994-04-25 11.15 11.44 10.7 10.7
1994-04-26 12.02 12.2 11.21 11.21
1994-05-09 10.76 10.85 10.59 10.59
1994-05-31 9.62 9.76 9.33 9.33
1994-06-22 9.02 9.17 8.91 8.91
1994-08-03 7.9 7.98 6.75 6.75
1994-09-05 14.0 14.2 13.0 13.0
1994-11-09 11.2 11.25 10.48 10.48
1994-12-26 10.87 10.9 10.65 10.65
1995-01-03 10.2 10.45 9.82 9.82
1995-01-13 9.58 9.65 9.5 9.5
1995-02-13 8.49 8.5 8.3 8.3
1995-02-20 8.16 8.45 8.1 8.1
1995-03-02 8.59 8.65 8.35 8.35
1995-03-16 8.86 8.9 8.61 8.61
1995-05-12 10.3 10.58 10.0 10.0
1995-06-02 14.85 15.15 14.7 14.7
1995-06-06 14.66 14.69 14.18 14.18
1995-06-13 14.08 14.2 14.05 14.05
1995-06-23 13.25 13.46 12.99 12.99
1995-06-26 13.54 13.6 13.3 13.3
1995-07-14 9.51 9.82 9.5 9.5
1995-07-17 10.18 10.39 9.43 9.43
1995-07-20 9.65 9.98 9.48 9.48
1995-08-16 10.4 10.52 10.35 10.35
1995-09-04 9.98 10.2 9.9 9.9
1995-10-31 9.3 9.42 9.2 9.2
1995-11-23 9.0 9.1 8.91 8.91
1995-11-24 9.16 9.16 8.95 8.95
1995-12-14 8.64 8.72 8.61 8.61
1995-12-20 8.58 8.66 8.36 8.36
1995-12-29 7.8 7.98 7.8 7.8
1996-01-04 7.72 7.75 7.45 7.45
1996-01-22 6.73 6.8 6.7 6.7
1996-01-26 6.86 6.93 6.7 6.7
1996-02-07 6.84 7.04 6.75 6.75
1996-02-14 7.0 7.1 6.98 6.98
1996-02-15 7.13 7.15 6.9 6.9
1996-03-07 7.49 7.5 7.38 7.38
1996-03-14 7.68 7.75 7.68 7.68
1996-03-20 7.71 7.76 7.61 7.61
1996-04-05 8.68 8.75 8.26 8.26
1996-04-24 8.93 9.0 8.65 8.65
1996-04-26 9.33 9.68 8.85 8.85
1996-05-06 9.16 9.35 9.05 9.05
1996-05-08 8.85 8.99 8.8 8.8
1996-05-15 9.0 9.0 8.7 8.7
1996-05-22 8.55 8.67 8.52 8.52
1996-06-12 9.1 9.3 8.74 8.74
1996-06-26 8.3 8.37 8.12 8.12
1996-07-11 7.51 7.76 7.4 7.4
1996-07-19 9.45 9.58 8.18 8.18
1996-08-21 8.07 8.2 7.96 7.96
1996-08-27 7.29 7.32 7.08 7.08
1996-08-28 7.45 7.68 7.33 7.33
1996-08-30 7.67 7.9 7.51 7.51
1996-09-09 7.44 7.59 7.35 7.35
1996-09-23 7.79 7.8 7.46 7.46
1996-10-23 8.81 9.0 8.35 8.35
1996-10-28 9.45 9.56 9.01 9.01
1996-12-09 10.48 10.8 10.25 10.25
1996-12-16 7.89 7.89 7.89 7.89
1996-12-17 7.1 7.5 7.1 7.1
1997-02-19 7.95 7.95 7.32 7.32
1997-03-06 9.16 9.19 8.7 8.7
1997-03-10 9.13 9.2 9.0 9.0
1997-04-30 16.9 16.91 16.5 16.5
1997-05-12 17.82 17.82 17.82 17.82
1997-06-19 10.4 10.5 10.3 10.3
1997-07-09 8.56 8.59 8.38 8.38
1997-08-14 7.98 7.98 7.62 7.62
1997-08-27 8.65 8.72 8.0 8.0
1997-09-10 9.0 9.0 8.7 8.7
1997-09-16 8.19 8.3 8.1 8.1
1997-09-19 8.5 8.5 8.15 8.15
1997-09-24 7.77 7.8 7.51 7.51
1997-09-29 7.51 7.8 7.01 7.01
1997-09-30 7.59 7.69 7.46 7.46
1997-11-11 9.62 9.98 9.1 9.1
1997-12-18 8.25 8.39 8.2 8.2
1998-01-09 9.1 9.5 8.81 8.81
1998-01-23 8.43 8.45 8.28 8.28
1998-03-03 8.88 8.98 8.5 8.5
1998-03-13 8.43 8.48 8.3 8.3
1998-05-04 13.16 13.58 13.0 13.0
1998-05-26 13.0 13.28 12.5 12.5
1998-06-18 10.98 11.1 10.6 10.6
1998-06-19 11.45 11.48 11.05 11.05
1998-07-21 10.75 10.99 10.31 10.31
1998-07-24 11.26 11.5 10.93 10.93
1998-08-19 9.2 9.25 8.51 8.51
1998-09-03 8.9 8.96 8.75 8.75
1998-09-04 9.13 9.35 8.92 8.92
1998-09-14 10.2 10.4 9.9 9.9
1998-09-16 10.35 10.38 9.8 9.8
1998-09-23 10.1 10.31 9.93 9.93
1998-09-29 9.78 9.89 9.68 9.68
1998-10-08 9.65 9.68 9.5 9.5
1998-10-15 10.18 10.25 9.95 9.95
1998-10-30 9.29 9.45 9.1 9.1
1998-11-17 9.6 9.78 9.45 9.45
1998-11-24 9.41 9.47 9.23 9.23
1998-12-25 8.48 8.59 8.44 8.44
1999-01-29 9.68 9.9 9.35 9.35
1999-02-09 8.78 8.8 8.48 8.48
1999-03-31 11.34 11.5 10.95 10.95
1999-04-28 9.27 9.89 9.1 9.1
1999-05-17 9.34 9.4 9.1 9.1
1999-05-19 9.88 9.96 9.34 9.34
1999-05-31 11.42 11.58 10.51 10.51
1999-06-01 12.56 12.56 11.45 11.45
1999-06-23 13.53 13.75 13.08 13.08
1999-06-24 14.31 14.7 13.7 13.7
1999-06-29 15.79 15.79 15.79 15.79
1999-08-17 10.85 11.22 10.6 10.6
1999-08-23 12.63 12.63 11.9 11.9
1999-09-08 15.69 16.15 14.86 14.86
1999-09-10 17.32 18.49 17.0 17.0
1999-09-15 16.85 17.19 16.65 16.65
1999-10-11 14.79 15.06 14.5 14.5
1999-11-17 13.24 13.36 12.5 12.5
1999-12-01 12.75 13.0 12.45 12.45
1999-12-06 12.72 12.95 12.55 12.55
1999-12-07 12.89 13.29 12.52 12.52
1999-12-08 13.25 13.65 12.8 12.8
2000-03-13 15.78 16.0 15.64 15.64
2000-03-14 14.98 15.4 14.2 14.2
2000-03-29 14.55 14.85 14.3 14.3
2000-04-20 14.76 15.1 14.6 14.6
2000-05-16 15.8 15.9 15.33 15.33
2000-06-12 18.65 19.0 18.35 18.35
2000-06-16 18.45 18.88 18.26 18.26
2000-07-06 16.9 17.39 16.6 16.6
2000-07-21 16.39 16.99 16.1 16.1
2000-08-04 16.99 17.5 16.47 16.47
2000-08-10 18.3 18.85 17.75 17.75
2000-09-20 14.93 15.0 14.7 14.7
2000-09-26 14.92 15.0 14.7 14.7
2000-10-20 15.68 15.8 14.86 14.86
2000-11-02 15.26 15.62 15.25 15.25
2000-11-13 16.51 16.85 16.38 16.38
2000-11-28 15.98 16.08 15.78 15.78
2000-12-12 15.18 15.29 15.06 15.06
2001-01-19 15.44 15.5 15.27 15.27
2001-02-09 14.48 14.5 14.13 14.13
2001-02-13 14.51 14.65 14.5 14.5
2001-03-02 14.47 14.5 14.31 14.31
2001-04-02 15.25 15.35 14.81 14.81
2001-04-23 15.99 16.11 15.58 15.58
2001-04-24 16.47 17.0 16.3 16.3
2001-05-30 16.43 16.45 16.19 16.19
2001-07-10 15.88 15.89 15.69 15.69
2001-08-01 13.74 13.76 13.35 13.35
2001-08-15 13.15 13.2 12.98 12.98
2001-08-21 13.26 13.32 13.15 13.15
2001-08-29 12.22 12.55 12.14 12.14
2001-09-18 12.38 12.57 12.21 12.21
2001-10-17 11.5 11.73 11.43 11.43
2001-11-01 11.4 11.68 11.22 11.22
2001-11-06 11.05 11.2 11.03 11.03
2001-11-20 11.33 11.5 10.95 10.95
2001-11-28 11.48 11.63 11.3 11.3
2001-11-30 11.68 11.73 11.6 11.6
2002-01-31 9.51 9.57 8.81 8.81
2002-02-05 9.57 9.73 9.5 9.5
2002-03-06 10.04 10.27 9.94 9.94
2002-03-28 10.22 10.47 10.15 10.15
2002-04-03 9.45 9.6 9.4 9.4
2002-04-19 10.74 10.76 10.24 10.24
2002-04-26 10.73 10.8 10.36 10.36
2002-05-28 10.62 10.74 10.47 10.47
2002-06-18 10.96 11.06 10.65 10.65
2002-06-20 10.81 11.05 10.7 10.7
2002-07-12 12.33 12.48 12.3 12.3
2002-08-01 11.76 11.85 11.61 11.61
2002-08-14 11.35 11.38 11.25 11.25
2002-09-02 11.19 11.28 11.15 11.15
2002-09-04 11.42 11.43 11.19 11.19
2002-09-10 11.15 11.19 11.08 11.08
2002-10-10 10.1 10.3 10.04 10.04
2002-10-14 10.21 10.25 10.08 10.08
2002-10-16 10.2 10.39 10.1 10.1
2002-11-25 8.4 8.48 8.3 8.3
2002-11-28 8.78 8.8 8.25 8.25
2002-12-03 8.72 8.74 8.42 8.42
2002-12-11 8.38 8.43 8.3 8.3
2002-12-12 8.48 8.7 8.38 8.38
2002-12-23 8.83 8.96 8.75 8.75
2003-01-13 8.72 8.79 8.5 8.5
2003-01-16 10.01 10.01 9.1 9.1
2003-02-14 10.45 10.58 10.4 10.4
2003-03-18 9.51 9.93 9.45 9.45
2003-03-19 9.57 9.7 9.48 9.48
2003-04-01 9.65 9.78 9.5 9.5
2003-06-06 8.8 8.96 8.8 8.8
2003-07-08 8.28 8.34 8.14 8.14
2003-07-17 8.63 8.72 8.47 8.47
2003-07-22 8.2 8.33 8.16 8.16
2003-08-12 8.72 8.82 8.65 8.65
2003-09-18 8.28 8.35 8.25 8.25
2003-10-17 7.68 7.77 7.67 7.67
2003-10-22 7.5 7.58 7.32 7.32
2003-10-31 6.62 6.82 6.56 6.56
2003-11-03 6.65 6.68 6.56 6.56
2003-11-12 6.06 6.11 6.03 6.03
2003-11-13 6.17 6.36 6.0 6.0
2003-11-19 6.35 6.46 6.06 6.06
2003-12-02 7.2 7.6 7.07 7.07
2003-12-26 6.39 6.45 6.32 6.32
2004-01-02 6.23 6.35 6.12 6.12
2004-01-06 6.44 6.49 6.27 6.27
2004-02-02 7.22 7.32 6.98 6.98
2004-02-03 7.41 7.48 7.23 7.23
2004-02-12 7.98 8.28 7.8 7.8
2004-02-16 8.13 8.2 7.8 7.8
2004-02-27 7.54 7.55 7.24 7.24
2004-03-04 7.59 7.65 7.3 7.3
2004-04-21 7.42 7.59 7.35 7.35
2004-04-26 7.43 7.57 7.36 7.36
2004-04-27 7.49 7.58 7.43 7.43
2004-05-21 7.27 7.28 7.2 7.2
2004-05-27 7.26 7.28 7.05 7.05
2004-06-10 6.65 6.69 6.6 6.6
2004-06-21 6.72 6.92 6.55 6.55
2004-06-22 6.75 6.85 6.72 6.72
2004-07-08 6.43 6.51 6.36 6.36
2004-07-16 6.54 6.58 6.4 6.4
2004-08-10 6.73 6.95 6.6 6.6
2004-08-13 6.66 6.77 6.62 6.62
2004-10-27 6.71 6.72 6.55 6.55
2004-11-15 6.58 6.63 6.45 6.45
2004-11-18 6.89 7.02 6.5 6.5
2004-11-19 7.11 7.22 6.92 6.92
2004-11-25 7.05 7.26 6.96 6.96
2004-11-30 6.67 6.73 6.63 6.63
2004-12-24 6.16 6.21 6.08 6.08
2005-01-18 7.0 7.01 6.7 6.7
2005-03-21 6.5 6.58 6.48 6.48
2005-04-13 5.9 5.97 5.8 5.8
2005-05-11 4.97 4.98 4.69 4.69
2005-05-24 4.66 4.68 4.42 4.42
2005-05-25 4.78 4.88 4.69 4.69
2005-06-24 4.77 4.79 4.71 4.71
2005-06-27 4.9 4.94 4.79 4.79
2005-07-06 3.94 4.01 3.92 3.92
2005-07-12 4.03 4.06 3.79 3.79
2005-07-19 3.68 3.75 3.62 3.62
2005-07-22 3.91 3.96 3.68 3.68
2005-08-05 4.38 4.4 4.23 4.23
2005-09-13 4.88 4.89 4.75 4.75
2005-10-11 4.43 4.44 4.3 4.3
2005-11-02 4.31 4.31 4.1 4.1
2005-11-14 4.15 4.18 4.1 4.1
2005-12-06 3.94 3.95 3.82 3.82
2005-12-09 4.0 4.0 3.9 3.9
2005-12-19 4.03 4.05 4.0 4.0
2005-12-28 4.17 4.22 4.16 4.16
2006-01-05 4.33 4.35 4.24 4.24
2006-01-09 4.45 4.54 4.33 4.33
2006-01-12 4.51 4.53 4.35 4.35
2006-01-16 4.51 4.6 4.43 4.43
2006-02-10 4.78 4.81 4.71 4.71
2006-02-20 4.38 4.46 4.37 4.37
2006-02-24 4.48 4.49 4.44 4.44
2006-03-01 4.5 4.54 4.47 4.47
2006-03-15 4.2 4.22 4.13 4.13
2006-04-10 4.75 4.78 4.6 4.6
2006-11-08 3.71 3.76 3.66 3.66
2006-12-04 3.57 3.57 3.5 3.5
2007-01-19 4.04 4.12 3.95 3.95
2007-01-29 4.2 4.24 4.02 4.02
2007-02-05 4.35 4.48 4.28 4.28
2007-02-28 5.25 5.25 4.71 4.71
2007-03-07 5.2 5.25 5.05 5.05
2007-03-15 5.62 5.73 5.57 5.57
2007-04-05 6.58 6.8 6.46 6.46
2007-04-09 7.03 7.18 6.82 6.82
2007-04-20 7.33 7.34 6.94 6.94
2007-04-23 7.75 7.84 7.33 7.33
2007-05-14 9.82 9.82 9.12 9.12
2007-05-29 11.31 11.67 10.95 10.95
2007-06-05 7.3 7.35 6.69 6.69
2007-06-08 7.82 7.82 7.76 7.76
2007-07-02 6.06 6.07 5.68 5.68
2007-08-14 7.04 7.06 6.77 6.77
2007-09-19 8.31 8.48 7.95 7.95
2007-12-03 6.93 6.96 6.78 6.78
2007-12-07 7.24 7.45 7.19 7.19
2007-12-19 7.53 7.65 7.38 7.38
2007-12-26 7.83 7.86 7.67 7.67
2008-01-02 8.22 8.28 7.94 7.94
2008-01-18 8.91 8.91 8.28 8.28
2008-04-10 12.18 12.3 11.1 11.1
2008-05-08 16.12 16.59 15.61 15.61
2008-05-14 15.44 15.88 14.71 14.71
2008-06-18 10.26 10.28 9.45 9.45
2008-07-11 10.99 10.99 10.3 10.3
2008-10-22 5.35 5.6 5.3 5.3
2008-12-04 6.38 6.69 6.25 6.25
2008-12-10 6.73 6.86 6.53 6.53
2009-01-05 7.42 7.46 6.77 6.77
2009-01-12 7.72 8.08 7.48 7.48
2009-02-06 9.45 9.56 9.25 9.25
2009-03-02 8.95 8.98 8.59 8.59
2009-03-19 9.52 9.65 9.38 9.38
2009-04-07 10.49 10.71 10.25 10.25
2009-05-20 10.94 11.25 10.91 10.91
2009-06-11 11.17 11.32 10.77 10.77
2009-07-08 11.35 11.48 11.15 11.15
2009-07-13 12.09 12.31 11.96 11.96
2009-07-22 12.5 12.59 12.2 12.2
2009-08-18 9.49 9.54 9.16 9.16
2009-09-04 10.28 10.57 9.7 9.7
2009-09-21 11.61 11.75 11.25 11.25
2009-10-09 10.04 10.17 9.72 9.72
2009-11-05 10.92 11.19 10.62 10.62
2009-11-30 10.41 10.42 10.17 10.17
2009-12-28 9.97 10.04 9.81 9.81
2010-01-11 10.29 10.4 10.14 10.14
2010-01-14 10.69 10.86 10.29 10.29
2010-02-08 9.35 9.43 9.2 9.2
2010-03-05 10.0 10.14 9.7 9.7
2010-03-26 9.97 10.08 9.63 9.63
2010-05-24 7.55 7.65 7.2 7.2
2010-06-07 7.85 7.85 7.2 7.2
2010-07-14 8.02 8.02 7.33 7.33
2010-11-29 9.23 9.59 9.09 9.09
2011-01-28 7.77 7.82 7.66 7.66
2011-02-23 8.43 8.65 8.03 8.03
2011-03-14 9.6 9.73 9.4 9.4
2011-06-30 8.03 8.09 7.93 7.93
2011-07-13 8.2 8.24 8.08 8.08
2011-08-03 7.65 7.71 7.55 7.55
2011-10-10 6.66 6.77 6.66 6.66
2011-10-13 7.19 7.2 6.96 6.96
2011-11-15 7.36 7.39 7.26 7.26
2011-11-21 6.9 6.92 6.84 6.84
2011-12-01 7.33 7.39 6.88 6.88
2011-12-06 7.16 7.42 7.0 7.0
2011-12-23 5.73 5.8 5.64 5.64
2011-12-30 5.49 5.54 5.42 5.42
2012-02-08 5.71 5.72 5.55 5.55
2012-03-16 6.19 6.2 6.01 6.01
2012-04-06 5.61 5.68 5.53 5.53
2012-05-29 6.25 6.28 6.08 6.08
2012-06-15 5.99 6.02 5.88 5.88
2012-08-01 5.39 5.46 5.31 5.31
2012-08-03 5.47 5.49 5.37 5.37
2012-08-07 5.93 5.97 5.63 5.63
2012-09-19 5.58 5.6 5.52 5.52
2012-09-28 5.37 5.4 5.29 5.29
2012-10-11 6.07 6.07 6.07 6.07
2012-10-18 5.67 5.7 5.59 5.59
2012-11-01 5.55 5.56 5.45 5.45
2012-11-12 5.46 5.48 5.41 5.41
2013-01-31 6.9 6.9 6.7 6.7
2013-04-03 7.59 7.84 7.5 7.5
2013-04-24 7.79 7.92 7.7 7.7
2013-04-26 8.02 8.47 7.92 7.92
2013-05-03 7.45 7.58 7.32 7.32
2013-09-23 9.08 9.14 8.75 8.75
2013-11-18 8.91 8.95 8.68 8.68
2013-12-24 8.69 8.81 8.6 8.6
2013-12-26 8.84 8.94 8.72 8.72
2014-01-23 8.97 9.07 8.93 8.93
2014-02-19 12.4 12.4 11.55 11.55
2014-03-26 12.44 12.7 12.08 12.08
2014-04-01 12.15 12.18 11.64 11.64
2014-04-30 10.0 10.03 9.65 9.65
2014-05-06 10.3 10.37 10.11 10.11
2014-05-08 10.37 10.76 10.03 10.03
2014-05-12 10.8 10.88 10.4 10.4
2014-05-20 10.81 10.97 10.68 10.68
2014-05-27 11.5 11.55 11.16 11.16
2014-06-20 11.65 11.76 11.4 11.4
2014-06-23 11.72 11.91 11.54 11.54
2014-06-26 11.34 11.45 11.17 11.17
2014-07-25 12.32 12.49 11.76 11.76
2014-09-19 14.2 14.37 13.98 13.98
2014-09-23 14.61 14.73 13.91 13.91
2014-10-15 15.47 15.57 15.05 15.05
2014-12-29 13.24 13.99 13.1 13.1
2015-01-09 12.92 13.09 12.9 12.9
2015-01-20 13.18 13.19 12.6 12.6
2015-03-04 15.02 15.26 14.46 14.46
2015-04-07 17.51 17.57 16.68 16.68
2015-07-08 10.31 11.08 10.31 10.31
2015-07-13 11.34 11.34 11.34 11.34
2015-07-14 12.47 12.47 12.47 12.47
2015-07-16 14.43 14.76 12.68 12.68
2015-07-17 15.87 15.87 14.69 14.69
2015-08-04 12.17 12.17 11.06 11.06
2015-08-24 13.42 13.7 13.42 13.42
2015-08-25 12.08 12.35 12.08 12.08
2015-09-11 11.3 11.3 10.27 10.27
2015-09-16 10.16 10.16 9.3 9.3
2015-10-12 12.75 13.0 11.88 11.88
2015-11-19 19.26 19.5 18.3 18.3
2015-11-25 19.12 19.47 18.65 18.65
2016-02-02 11.61 11.65 11.08 11.08
2016-02-16 12.35 12.48 11.9 11.9
2016-03-14 12.49 12.66 12.04 12.04
2016-03-17 12.36 12.44 12.03 12.03
2016-04-13 13.98 14.3 13.95 13.95
2016-06-02 12.58 12.64 12.31 12.31
2016-06-27 12.33 12.34 11.9 11.9
2016-12-01 8.98 9.03 8.91 8.91
2017-01-03 8.66 8.7 8.6 8.6
2017-02-06 8.21 8.21 8.09 8.09
2017-04-11 8.23 8.25 8.1 8.1
2017-04-28 7.28 7.29 7.21 7.21
2017-06-02 6.58 6.66 6.39 6.39
2017-06-15 6.88 6.92 6.74 6.74
2017-06-27 7.03 7.04 6.9 6.9
2017-07-03 6.99 7.0 6.91 6.91
2017-07-18 6.62 6.62 6.45 6.45
2017-07-20 6.96 7.05 6.89 6.89
2017-07-27 7.18 7.22 6.99 6.99
2017-08-14 7.45 7.46 7.18 7.18
