1993-02-15 26.15 26.2 24.3 24.3
1993-03-19 20.2 20.99 20.05 20.05
1993-04-06 18.9 19.5 17.25 17.25
1993-04-08 21.85 22.0 19.55 19.55
1993-05-18 21.81 22.3 21.6 21.6
1993-05-20 22.38 22.6 21.9 21.9
1993-06-22 11.15 11.35 11.0 11.0
1993-06-28 11.36 11.45 11.2 11.2
1993-09-15 11.4 11.5 11.2 11.2
1993-09-20 11.43 11.5 11.11 11.11
1993-09-21 11.65 11.8 11.45 11.45
1993-09-27 11.58 11.71 11.45 11.45
1993-11-01 11.5 11.65 11.2 11.2
1993-11-02 11.8 12.43 11.52 11.52
1993-11-15 12.44 12.55 12.11 12.11
1993-11-23 14.3 14.8 13.8 13.8
1993-11-25 14.9 15.7 14.65 14.65
1993-12-01 16.4 16.69 16.37 16.37
1994-01-27 14.16 14.25 14.1 14.1
1994-04-25 11.15 11.44 10.7 10.7
1994-04-26 12.02 12.2 11.21 11.21
1995-01-03 10.2 10.45 9.82 9.82
1995-02-20 8.16 8.45 8.1 8.1
1995-06-06 14.66 14.69 14.18 14.18
1995-06-13 14.08 14.2 14.05 14.05
1995-06-26 13.54 13.6 13.3 13.3
1995-07-17 10.18 10.39 9.43 9.43
1995-07-20 9.65 9.98 9.48 9.48
1995-11-24 9.16 9.16 8.95 8.95
1995-12-20 8.58 8.66 8.36 8.36
1996-01-04 7.72 7.75 7.45 7.45
1996-01-26 6.86 6.93 6.7 6.7
1996-02-14 7.0 7.1 6.98 6.98
1996-02-15 7.13 7.15 6.9 6.9
1996-03-07 7.49 7.5 7.38 7.38
1996-03-14 7.68 7.75 7.68 7.68
1996-03-20 7.71 7.76 7.61 7.61
1996-04-26 9.33 9.68 8.85 8.85
1996-05-06 9.16 9.35 9.05 9.05
1996-05-08 8.85 8.99 8.8 8.8
1996-05-15 9.0 9.0 8.7 8.7
1996-05-22 8.55 8.67 8.52 8.52
1996-07-19 9.45 9.58 8.18 8.18
1996-08-27 7.29 7.32 7.08 7.08
1996-08-28 7.45 7.68 7.33 7.33
1996-08-30 7.67 7.9 7.51 7.51
1996-09-09 7.44 7.59 7.35 7.35
1996-10-28 9.45 9.56 9.01 9.01
1996-12-16 7.89 7.89 7.89 7.89
1996-12-17 7.1 7.5 7.1 7.1
1997-03-10 9.13 9.2 9.0 9.0
1997-05-12 17.82 17.82 17.82 17.82
1997-09-16 8.19 8.3 8.1 8.1
1997-09-19 8.5 8.5 8.15 8.15
1997-09-24 7.77 7.8 7.51 7.51
1997-09-29 7.51 7.8 7.01 7.01
1997-09-30 7.59 7.69 7.46 7.46
1998-06-19 11.45 11.48 11.05 11.05
1998-07-24 11.26 11.5 10.93 10.93
1998-09-04 9.13 9.35 8.92 8.92
1998-09-14 10.2 10.4 9.9 9.9
1998-09-16 10.35 10.38 9.8 9.8
1998-09-23 10.1 10.31 9.93 9.93
1998-09-29 9.78 9.89 9.68 9.68
1998-10-08 9.65 9.68 9.5 9.5
1998-10-15 10.18 10.25 9.95 9.95
1998-11-24 9.41 9.47 9.23 9.23
1999-05-19 9.88 9.96 9.34 9.34
1999-06-01 12.56 12.56 11.45 11.45
1999-06-24 14.31 14.7 13.7 13.7
1999-06-29 15.79 15.79 15.79 15.79
1999-08-23 12.63 12.63 11.9 11.9
1999-09-10 17.32 18.49 17.0 17.0
1999-09-15 16.85 17.19 16.65 16.65
1999-12-06 12.72 12.95 12.55 12.55
1999-12-07 12.89 13.29 12.52 12.52
1999-12-08 13.25 13.65 12.8 12.8
2000-03-14 14.98 15.4 14.2 14.2
2000-06-16 18.45 18.88 18.26 18.26
2000-08-10 18.3 18.85 17.75 17.75
2000-09-26 14.92 15.0 14.7 14.7
2001-02-09 14.48 14.5 14.13 14.13
2001-02-13 14.51 14.65 14.5 14.5
2001-04-24 16.47 17.0 16.3 16.3
2001-08-21 13.26 13.32 13.15 13.15
2001-08-29 12.22 12.55 12.14 12.14
2001-11-06 11.05 11.2 11.03 11.03
2001-11-28 11.48 11.63 11.3 11.3
2001-11-30 11.68 11.73 11.6 11.6
2002-02-05 9.57 9.73 9.5 9.5
2002-04-03 9.45 9.6 9.4 9.4
2002-04-26 10.73 10.8 10.36 10.36
2002-06-20 10.81 11.05 10.7 10.7
2002-09-04 11.42 11.43 11.19 11.19
2002-09-10 11.15 11.19 11.08 11.08
2002-10-14 10.21 10.25 10.08 10.08
2002-10-16 10.2 10.39 10.1 10.1
2002-11-28 8.78 8.8 8.25 8.25
2002-12-03 8.72 8.74 8.42 8.42
2002-12-11 8.38 8.43 8.3 8.3
2002-12-12 8.48 8.7 8.38 8.38
2003-01-16 10.01 10.01 9.1 9.1
2003-03-19 9.57 9.7 9.48 9.48
2003-07-22 8.2 8.33 8.16 8.16
2003-10-22 7.5 7.58 7.32 7.32
2003-11-03 6.65 6.68 6.56 6.56
2003-11-13 6.17 6.36 6.0 6.0
2003-11-19 6.35 6.46 6.06 6.06
2004-01-02 6.23 6.35 6.12 6.12
2004-01-06 6.44 6.49 6.27 6.27
2004-02-03 7.41 7.48 7.23 7.23
2004-02-16 8.13 8.2 7.8 7.8
2004-03-04 7.59 7.65 7.3 7.3
2004-04-26 7.43 7.57 7.36 7.36
2004-04-27 7.49 7.58 7.43 7.43
2004-05-27 7.26 7.28 7.05 7.05
2004-06-22 6.75 6.85 6.72 6.72
2004-07-16 6.54 6.58 6.4 6.4
2004-08-13 6.66 6.77 6.62 6.62
2004-11-18 6.89 7.02 6.5 6.5
2004-11-19 7.11 7.22 6.92 6.92
2004-11-25 7.05 7.26 6.96 6.96
2004-11-30 6.67 6.73 6.63 6.63
2005-05-25 4.78 4.88 4.69 4.69
2005-06-27 4.9 4.94 4.79 4.79
2005-07-12 4.03 4.06 3.79 3.79
2005-07-19 3.68 3.75 3.62 3.62
2005-07-22 3.91 3.96 3.68 3.68
2005-12-09 4.0 4.0 3.9 3.9
2005-12-19 4.03 4.05 4.0 4.0
2006-01-05 4.33 4.35 4.24 4.24
2006-01-09 4.45 4.54 4.33 4.33
2006-01-12 4.51 4.53 4.35 4.35
2006-01-16 4.51 4.6 4.43 4.43
2006-02-20 4.38 4.46 4.37 4.37
2006-02-24 4.48 4.49 4.44 4.44
2006-03-01 4.5 4.54 4.47 4.47
2007-01-29 4.2 4.24 4.02 4.02
2007-02-05 4.35 4.48 4.28 4.28
2007-03-07 5.2 5.25 5.05 5.05
2007-03-15 5.62 5.73 5.57 5.57
2007-04-09 7.03 7.18 6.82 6.82
2007-04-23 7.75 7.84 7.33 7.33
2007-06-05 7.3 7.35 6.69 6.69
2007-06-08 7.82 7.82 7.76 7.76
2007-12-07 7.24 7.45 7.19 7.19
2007-12-26 7.83 7.86 7.67 7.67
2008-01-02 8.22 8.28 7.94 7.94
2008-05-14 15.44 15.88 14.71 14.71
2008-12-10 6.73 6.86 6.53 6.53
2009-01-12 7.72 8.08 7.48 7.48
2009-07-13 12.09 12.31 11.96 11.96
2010-01-14 10.69 10.86 10.29 10.29
2011-10-13 7.19 7.2 6.96 6.96
2011-11-21 6.9 6.92 6.84 6.84
2011-12-06 7.16 7.42 7.0 7.0
2011-12-30 5.49 5.54 5.42 5.42
2012-08-03 5.47 5.49 5.37 5.37
2012-08-07 5.93 5.97 5.63 5.63
2012-10-11 6.07 6.07 6.07 6.07
2012-10-18 5.67 5.7 5.59 5.59
2013-04-26 8.02 8.47 7.92 7.92
2013-05-03 7.45 7.58 7.32 7.32
2013-12-26 8.84 8.94 8.72 8.72
2014-04-01 12.15 12.18 11.64 11.64
2014-05-06 10.3 10.37 10.11 10.11
2014-05-08 10.37 10.76 10.03 10.03
2014-05-12 10.8 10.88 10.4 10.4
2014-05-20 10.81 10.97 10.68 10.68
2014-05-27 11.5 11.55 11.16 11.16
2014-06-23 11.72 11.91 11.54 11.54
2014-06-26 11.34 11.45 11.17 11.17
2014-09-23 14.61 14.73 13.91 13.91
2015-07-13 11.34 11.34 11.34 11.34
2015-07-14 12.47 12.47 12.47 12.47
2015-07-16 14.43 14.76 12.68 12.68
2015-07-17 15.87 15.87 14.69 14.69
2015-08-25 12.08 12.35 12.08 12.08
2015-09-16 10.16 10.16 9.3 9.3
2015-11-25 19.12 19.47 18.65 18.65
2016-02-16 12.35 12.48 11.9 11.9
2016-03-17 12.36 12.44 12.03 12.03
2017-07-03 6.99 7.0 6.91 6.91
2017-07-20 6.96 7.05 6.89 6.89
2017-07-27 7.18 7.22 6.99 6.99
