1994-03-22 7.68 7.9 7.2 7.2
1994-04-21 6.68 6.8 6.03 6.03
1994-09-28 7.81 8.15 7.7 7.7
1994-10-10 5.5 5.8 5.0 5.0
1994-10-17 5.06 5.2 4.9 4.9
1994-10-18 5.15 5.35 5.06 5.06
1994-10-20 5.95 5.98 5.4 5.4
1994-11-21 5.55 5.6 5.5 5.5
1994-11-28 5.32 5.35 5.3 5.3
1994-11-29 5.36 5.36 5.16 5.16
1994-12-14 4.95 5.0 4.86 4.86
1994-12-21 5.1 5.25 5.01 5.01
1995-01-24 4.01 4.1 4.0 4.0
1995-01-27 4.11 4.15 4.07 4.07
1995-02-07 3.95 3.98 3.9 3.9
1995-02-13 4.01 4.01 3.9 3.9
1995-02-16 3.95 3.99 3.92 3.92
1995-02-21 3.97 3.98 3.95 3.95
1995-02-22 4.38 4.48 4.02 4.02
1995-04-17 4.52 4.58 4.48 4.48
1995-04-19 4.6 4.6 4.5 4.5
1995-04-25 4.65 4.7 4.55 4.55
1995-04-28 4.41 4.49 4.33 4.33
1995-05-05 4.35 4.37 4.3 4.3
1995-05-09 4.36 4.38 4.28 4.28
1995-06-19 4.66 4.78 4.55 4.55
1995-07-21 4.76 4.85 4.72 4.72
1995-08-07 5.04 5.07 5.0 5.0
1995-08-22 4.95 5.0 4.9 4.9
1995-10-18 4.35 4.36 4.25 4.25
1995-11-03 4.7 4.7 4.59 4.59
1996-01-04 3.63 3.65 3.5 3.5
1996-01-24 3.64 3.78 3.52 3.52
1996-01-25 3.73 3.9 3.62 3.62
1996-01-31 3.9 3.92 3.78 3.78
1996-02-15 3.84 3.87 3.73 3.73
1996-02-16 3.91 3.92 3.82 3.82
1996-03-07 3.94 3.98 3.88 3.88
1996-03-22 3.95 3.96 3.89 3.89
1996-04-10 3.95 4.05 3.88 3.88
1996-04-16 4.04 4.04 4.0 4.0
1996-05-03 4.65 4.8 4.55 4.55
1996-08-27 4.21 4.22 4.12 4.12
1996-09-26 4.58 4.6 4.45 4.45
1996-10-23 6.07 6.28 5.68 5.68
1996-10-25 6.36 6.38 6.06 6.06
1996-10-28 6.35 6.45 5.7 5.7
1996-10-29 6.6 6.98 6.28 6.28
1996-11-04 6.74 6.8 6.21 6.21
1996-11-21 8.66 8.7 8.16 8.16
1996-11-28 8.6 8.72 8.51 8.51
1996-12-05 10.05 10.58 9.85 9.85
1996-12-17 7.31 7.67 7.31 7.31
1996-12-23 6.22 6.33 6.17 6.17
1997-01-29 7.08 7.1 6.98 6.98
1997-02-20 6.9 6.9 6.29 6.29
1997-02-21 7.28 7.3 6.88 6.88
1997-04-15 8.3 8.45 7.99 7.99
1997-04-21 8.7 8.91 8.16 8.16
1997-05-26 8.65 9.2 8.6 8.6
1997-05-30 9.2 9.3 8.5 8.5
1997-06-02 9.82 9.98 9.28 9.28
1997-06-17 9.18 9.64 8.7 8.7
1997-06-20 9.36 9.38 9.11 9.11
1997-07-23 8.3 8.5 8.2 8.2
1997-07-29 7.84 7.95 7.81 7.81
1997-08-25 7.8 7.85 7.68 7.68
1997-08-28 8.21 8.29 7.7 7.7
1997-08-29 8.37 8.48 8.25 8.25
1997-09-03 7.78 7.9 7.71 7.71
1997-09-05 8.4 8.4 8.08 8.08
1997-09-18 8.25 8.25 8.03 8.03
1997-09-24 7.85 7.85 7.4 7.4
1997-09-25 7.98 8.08 7.8 7.8
1997-09-30 7.97 8.01 7.72 7.72
1997-10-08 8.08 8.1 7.87 7.87
1997-10-14 7.92 7.92 7.61 7.61
1997-10-21 7.8 7.95 7.77 7.77
1997-11-17 7.6 7.65 7.45 7.45
1997-11-21 7.55 7.75 7.18 7.18
1997-11-26 7.6 7.63 7.21 7.21
1997-11-28 7.56 7.57 7.31 7.31
1997-12-03 7.74 7.98 7.38 7.38
1997-12-08 7.65 7.85 7.63 7.63
1997-12-10 7.6 7.75 7.59 7.59
1997-12-25 8.2 8.2 7.86 7.86
1997-12-30 7.97 8.2 7.85 7.85
1998-01-05 8.87 8.87 8.28 8.28
1998-01-19 9.35 9.66 9.21 9.21
1998-02-09 9.35 9.4 8.68 8.68
1998-02-11 9.44 9.58 9.28 9.28
1998-02-13 10.18 10.28 9.78 9.78
1998-04-13 10.66 10.66 10.25 10.25
1998-05-26 8.88 8.97 8.31 8.31
1998-06-03 8.7 8.97 8.55 8.55
1998-07-21 8.05 8.2 7.95 7.95
1998-08-19 6.17 6.3 5.94 5.94
1998-09-22 6.9 7.0 6.72 6.72
1998-09-25 6.73 6.88 6.66 6.66
1998-10-06 7.38 7.45 6.9 6.9
1998-10-08 7.85 8.05 7.36 7.36
1999-03-04 6.98 6.98 6.68 6.68
1999-03-11 7.2 7.27 7.0 7.0
1999-03-18 6.84 6.97 6.7 6.7
1999-03-24 7.06 7.25 7.02 7.02
1999-03-29 7.06 7.09 6.97 6.97
1999-04-01 6.92 6.94 6.88 6.88
1999-04-16 6.99 7.05 6.8 6.8
1999-04-30 7.03 7.09 6.97 6.97
1999-05-26 8.01 8.12 7.7 7.7
1999-06-03 7.95 8.2 7.81 7.81
1999-06-04 8.75 8.75 8.75 8.75
1999-08-02 10.1 10.29 9.4 9.4
1999-08-19 10.53 10.75 10.1 10.1
1999-09-13 11.66 11.77 11.1 11.1
1999-10-22 9.94 10.18 9.4 9.4
1999-10-26 9.85 10.05 9.75 9.75
1999-11-26 9.25 9.78 9.08 9.08
1999-11-30 9.23 9.35 9.12 9.12
1999-12-22 8.42 8.45 8.23 8.23
2000-03-17 10.43 10.99 10.0 10.0
2000-03-27 12.06 12.48 11.75 11.75
2000-05-16 11.3 11.5 11.2 11.2
2000-05-19 11.65 11.8 11.56 11.56
2000-07-04 11.5 11.6 11.1 11.1
2000-07-06 11.43 11.48 11.2 11.2
2000-07-26 12.3 12.47 12.2 12.2
2000-08-28 13.6 13.76 13.55 13.55
2000-09-20 12.5 12.67 12.35 12.35
2000-09-22 12.47 12.65 12.3 12.3
2000-09-25 12.55 12.76 12.5 12.5
2000-09-29 12.7 12.97 12.4 12.4
2000-10-09 13.31 13.38 12.7 12.7
2000-10-13 13.5 13.69 13.4 13.4
2000-11-28 13.79 13.99 13.63 13.63
2000-12-01 14.0 14.23 13.6 13.6
2000-12-08 13.69 13.98 13.6 13.6
2000-12-12 13.55 13.68 13.32 13.32
2001-01-02 14.44 14.48 14.16 14.16
2001-01-10 13.95 14.1 13.8 13.8
2001-02-19 12.38 12.8 12.05 12.05
2001-02-22 11.9 12.15 11.8 11.8
2001-02-23 12.0 12.0 11.85 11.85
2001-03-26 12.98 13.0 12.8 12.8
2001-03-29 13.26 13.8 13.05 13.05
2001-04-27 13.9 13.92 13.65 13.65
2001-05-10 14.21 14.26 13.79 13.79
2001-05-25 14.99 15.33 14.42 14.42
2001-06-29 14.46 14.5 14.34 14.34
2001-07-06 13.85 13.98 13.8 13.8
2001-07-09 13.91 13.98 13.85 13.85
2001-07-10 14.0 14.17 13.95 13.95
2001-08-10 12.88 12.98 12.71 12.71
2001-08-15 12.78 12.89 12.61 12.61
2001-08-17 12.58 12.65 12.5 12.5
2001-09-04 12.0 12.08 11.65 11.65
2002-03-11 9.95 9.96 9.7 9.7
2002-03-19 9.55 9.56 9.26 9.26
2002-04-03 9.24 9.28 9.1 9.1
2002-04-22 10.26 10.4 10.16 10.16
2002-04-26 10.31 10.36 10.08 10.08
2002-04-29 10.76 10.76 10.2 10.2
2002-06-20 9.31 9.45 9.2 9.2
2002-08-14 9.55 9.55 9.3 9.3
2002-08-20 9.6 9.62 9.4 9.4
2002-08-27 9.58 9.66 9.45 9.45
2002-10-15 8.69 8.85 8.65 8.65
2002-10-22 8.75 8.76 8.53 8.53
2002-12-18 7.82 7.96 7.8 7.8
2003-01-13 7.31 7.37 7.28 7.28
2003-03-13 7.79 7.87 7.75 7.75
2003-03-18 7.79 7.86 7.75 7.75
2003-03-21 7.58 7.62 7.5 7.5
2003-03-24 7.6 7.6 7.56 7.56
2003-04-01 7.78 7.9 7.62 7.62
2003-05-14 6.46 6.47 6.25 6.25
2003-05-22 6.62 6.67 6.58 6.58
2003-05-26 6.67 6.76 6.6 6.6
2003-05-30 7.07 7.16 6.85 6.85
2003-06-06 7.04 7.1 6.88 6.88
2003-07-01 6.36 6.49 6.35 6.35
2003-07-14 6.69 6.87 6.68 6.68
2003-09-08 6.24 6.3 6.18 6.18
2003-09-23 5.93 5.94 5.81 5.81
2003-09-24 5.98 5.98 5.88 5.88
2003-09-30 5.69 5.79 5.62 5.62
2003-10-10 5.78 5.8 5.59 5.59
2003-12-26 4.85 4.88 4.76 4.76
2004-01-29 5.67 5.68 5.44 5.44
2004-04-28 6.61 6.67 6.35 6.35
2004-08-24 5.0 5.02 4.77 4.77
2004-08-26 5.0 5.01 4.55 4.55
2004-09-10 4.94 4.95 4.85 4.85
2004-09-14 4.96 5.0 4.75 4.75
2004-09-15 5.21 5.34 4.95 4.95
2004-09-16 5.23 5.31 5.1 5.1
2005-03-11 6.25 6.39 5.99 5.99
2005-04-27 4.43 4.59 4.4 4.4
2005-07-14 3.72 3.72 3.66 3.66
2005-07-26 3.55 3.6 3.42 3.42
2005-09-30 3.96 4.0 3.91 3.91
2005-11-30 3.8 3.82 3.71 3.71
2005-12-01 3.79 3.81 3.75 3.75
2005-12-09 3.65 3.68 3.55 3.55
2005-12-12 3.77 3.78 3.6 3.6
2005-12-22 3.84 3.85 3.75 3.75
2006-01-12 4.26 4.26 4.17 4.17
2006-01-17 4.15 4.21 4.14 4.14
2006-01-23 4.92 4.98 4.53 4.53
2006-01-25 4.92 4.93 4.82 4.82
2006-02-21 5.03 5.05 4.9 4.9
2006-02-24 5.0 5.04 4.95 4.95
2006-03-17 4.88 4.9 4.74 4.74
2006-04-03 5.23 5.24 4.99 4.99
2006-04-10 5.97 6.08 5.54 5.54
2006-06-21 10.23 10.37 10.18 10.18
2006-11-21 7.39 7.48 6.96 6.96
2006-12-14 8.78 8.99 8.65 8.65
2006-12-15 8.88 9.09 8.78 8.78
2007-01-08 10.52 10.52 9.62 9.62
2007-02-09 12.67 13.15 12.56 12.56
2007-03-09 16.86 16.86 16.86 16.86
2007-05-28 12.71 12.71 12.71 12.71
2007-05-29 13.98 13.98 13.98 13.98
2007-05-30 15.38 15.38 15.38 15.38
2007-05-31 16.92 16.92 16.92 16.92
2007-06-05 15.08 15.08 15.08 15.08
2007-06-06 16.59 16.59 14.3 14.3
2007-11-05 20.1 20.4 19.0 19.0
2007-11-06 20.5 21.2 20.1 20.1
2007-11-13 18.36 18.59 17.74 17.74
2008-07-24 12.77 13.12 11.93 11.93
2008-12-11 7.41 7.41 7.41 7.41
2008-12-12 8.15 8.15 8.15 8.15
2009-01-14 7.91 7.94 7.6 7.6
2009-01-16 8.22 8.47 8.12 8.12
2009-02-06 9.28 9.34 8.59 8.59
2009-02-13 10.52 10.56 9.65 9.65
2009-03-06 10.73 10.79 9.76 9.76
2009-04-20 13.95 14.1 13.65 13.65
2009-05-20 17.12 17.5 16.85 16.85
2009-06-01 16.9 17.03 16.66 16.66
2009-06-03 18.78 18.88 17.41 17.41
2009-06-10 17.75 18.25 17.5 17.5
2009-06-12 17.08 17.38 16.88 16.88
2009-06-19 18.78 18.98 18.29 18.29
2009-06-26 18.69 19.0 18.51 18.51
2009-07-02 22.47 22.95 21.23 21.23
2009-07-10 24.46 25.15 24.32 24.32
