2001-03-26 15.79 15.8 15.58 15.58
2001-04-02 16.48 16.6 16.18 16.18
2001-05-08 16.99 17.06 16.5 16.5
2001-05-10 17.04 17.06 16.8 16.8
2001-05-14 17.51 17.55 17.3 17.3
2001-07-02 19.51 19.86 19.4 19.4
2001-07-09 19.4 19.6 18.37 18.37
2001-08-08 16.5 16.65 16.2 16.2
2001-08-09 16.81 16.87 16.38 16.38
2001-09-05 15.78 16.19 15.72 15.72
2001-11-23 15.49 15.55 15.3 15.3
2001-11-28 15.65 15.72 15.56 15.56
2001-11-30 15.85 15.95 15.53 15.53
2001-12-06 15.4 15.51 15.3 15.3
2002-01-25 12.85 13.06 12.75 12.75
2002-01-31 13.36 13.5 12.5 12.5
2002-03-07 14.8 14.85 14.35 14.35
2002-03-14 14.77 14.8 14.43 14.43
2002-03-19 15.03 15.15 14.66 14.66
2002-05-28 12.89 12.95 12.8 12.8
2002-06-04 12.36 12.4 12.2 12.2
2002-06-20 13.11 13.28 13.08 13.08
2002-06-21 13.5 13.62 13.12 13.12
2002-08-02 13.93 13.93 13.7 13.7
2002-08-07 14.2 14.28 14.15 14.15
2002-08-13 14.07 14.07 14.0 14.0
2002-08-14 14.15 14.15 13.96 13.96
2002-08-16 14.3 14.36 14.2 14.2
2002-11-04 13.88 13.89 13.78 13.78
2002-11-12 13.86 13.9 13.7 13.7
2002-12-12 12.99 13.08 12.91 12.91
2003-01-13 12.28 12.3 12.19 12.19
2003-02-24 12.71 12.8 12.61 12.61
2003-02-25 12.95 13.0 12.71 12.71
2003-02-26 13.11 13.11 12.95 12.95
2003-07-10 10.88 10.95 10.7 10.7
2003-07-14 11.31 11.32 11.23 11.23
2003-07-16 11.61 11.63 11.3 11.3
2003-07-22 12.07 12.1 11.5 11.5
2003-07-29 11.9 12.0 11.51 11.51
2003-07-31 12.06 12.16 11.98 11.98
2003-08-01 12.22 12.25 11.96 11.96
2003-08-11 12.24 12.25 12.16 12.16
2003-08-13 12.36 12.38 12.19 12.19
2003-08-21 12.12 12.17 11.93 11.93
2003-09-05 11.96 12.05 11.25 11.25
2003-09-11 11.75 11.8 11.53 11.53
2003-09-17 11.39 11.4 11.2 11.2
2003-10-10 11.72 11.8 11.26 11.26
2003-10-16 11.67 11.68 11.53 11.53
2003-11-19 10.14 10.18 10.0 10.0
2003-12-18 10.39 10.45 10.3 10.3
2004-02-19 13.57 13.7 13.25 13.25
2004-02-27 13.69 13.88 13.0 13.0
2004-03-19 13.77 13.9 13.7 13.7
2004-04-05 14.29 14.38 14.0 14.0
2004-04-06 14.59 14.65 14.3 14.3
2004-05-19 13.1 13.55 13.0 13.0
2004-05-20 13.18 13.26 13.15 13.15
2004-05-21 13.33 13.35 13.2 13.2
2004-05-25 13.09 13.2 13.0 13.0
2004-06-04 12.94 13.01 12.87 12.87
2004-06-10 12.74 12.8 12.5 12.5
2004-06-24 12.05 12.15 12.04 12.04
2004-06-25 11.97 12.0 10.85 10.85
2004-06-28 11.91 11.95 11.4 11.4
2004-07-02 12.0 12.1 12.0 12.0
2004-07-06 11.81 12.0 11.8 11.8
2004-07-13 12.21 12.28 12.0 12.0
2004-08-02 10.84 10.99 10.66 10.66
2004-08-25 10.91 10.93 10.65 10.65
2004-08-26 11.04 11.12 10.88 10.88
2004-09-13 10.12 10.3 10.0 10.0
2004-09-14 10.24 10.3 10.08 10.08
2004-10-20 9.0 9.09 8.9 8.9
2004-10-26 9.28 9.31 9.1 9.1
2004-10-27 9.5 9.5 9.28 9.28
2004-12-29 9.68 9.69 9.41 9.41
2005-01-06 9.44 9.8 9.38 9.38
2005-01-13 9.39 9.77 9.33 9.33
2005-01-14 9.45 9.58 9.4 9.4
2005-05-13 5.64 5.7 5.51 5.51
2005-05-17 5.66 5.75 5.54 5.54
2005-05-18 5.87 6.08 5.74 5.74
2005-05-23 5.96 6.13 5.92 5.92
2005-07-21 4.43 4.57 4.34 4.34
2005-10-21 3.52 3.58 3.5 3.5
2005-11-18 3.6 3.65 3.51 3.51
2006-10-30 8.35 8.45 8.2 8.2
2007-06-27 16.04 16.04 16.04 16.04
2007-06-28 16.84 16.84 16.84 16.84
2007-07-25 19.62 19.62 18.52 18.52
2008-01-03 24.87 24.87 24.87 24.87
2008-02-04 21.87 21.87 21.1 21.1
2008-02-05 22.57 22.87 21.9 21.9
2008-02-14 23.9 23.98 23.1 23.1
2008-03-21 20.11 21.97 20.11 20.11
2008-08-19 7.44 7.45 6.95 6.95
2008-10-21 6.58 6.8 6.42 6.42
2008-10-23 6.42 6.45 6.18 6.18
2008-11-10 6.04 6.07 5.76 5.76
2009-01-08 7.69 7.94 7.51 7.51
2009-01-09 7.96 8.05 7.61 7.61
2009-01-14 8.11 8.12 7.75 7.75
2009-07-16 12.92 13.1 12.6 12.6
2009-08-26 12.39 12.39 10.9 10.9
2009-09-03 11.71 11.83 11.2 11.2
2009-12-03 15.51 15.58 14.7 14.7
2009-12-24 14.83 15.0 13.97 13.97
2010-01-12 15.79 15.84 15.02 15.02
2010-03-17 12.74 12.75 12.4 12.4
2010-08-16 10.66 10.76 10.31 10.31
2010-08-17 11.13 11.28 10.66 10.66
2010-08-24 10.96 11.02 10.69 10.69
2010-08-27 10.55 10.73 10.4 10.4
2010-11-15 11.5 11.58 11.18 11.18
2010-12-02 11.13 11.23 10.9 10.9
2011-09-07 8.16 8.16 8.0 8.0
2011-09-08 8.21 8.26 8.14 8.14
2011-09-19 8.1 8.2 8.05 8.05
2011-09-20 8.2 8.21 8.05 8.05
2012-01-20 7.52 7.57 7.26 7.26
2013-04-09 7.01 7.1 6.95 6.95
2013-12-04 8.0 8.09 7.75 7.75
2014-01-29 8.05 8.14 7.83 7.83
2014-12-10 11.98 11.99 11.22 11.22
2015-07-09 10.4 10.4 9.02 9.02
2015-08-28 12.74 12.77 11.67 11.67
2015-09-07 11.87 12.01 11.38 11.38
2015-12-17 17.09 17.17 16.8 16.8
2015-12-24 17.74 18.57 17.5 17.5
2016-03-17 12.63 12.63 11.48 11.48
2016-03-18 13.38 13.56 12.84 12.84
2016-06-15 20.74 20.74 18.66 18.66
2016-10-11 16.1 16.18 15.85 15.85
2016-10-18 15.98 16.0 15.7 15.7
2016-10-25 16.13 16.23 15.91 15.91
2016-11-16 15.58 15.69 15.33 15.33
2017-02-20 13.81 13.84 13.57 13.57
2017-07-05 13.48 13.52 13.3 13.3
