2001-08-09 17.08 17.16 16.8 16.8
2001-08-10 17.2 17.34 17.1 17.1
2002-02-05 13.82 13.99 13.6 13.6
2002-02-07 13.85 14.02 13.55 13.55
2002-02-27 13.86 14.0 13.84 13.84
2002-05-21 12.71 12.84 12.55 12.55
2002-05-28 12.3 12.41 12.25 12.25
2002-08-27 12.98 12.98 12.8 12.8
2002-08-28 12.98 13.01 12.9 12.9
2002-09-16 12.36 12.5 12.26 12.26
2002-09-23 12.4 12.45 12.26 12.26
2002-12-09 9.95 10.03 9.95 9.95
2002-12-13 9.78 9.82 9.03 9.03
2002-12-19 10.08 10.28 9.95 9.95
2003-01-28 10.04 10.12 8.99 8.99
2003-02-25 9.9 9.95 9.68 9.68
2003-03-24 9.32 9.32 9.25 9.25
2003-05-19 9.3 9.4 9.25 9.25
2003-06-11 9.37 9.37 9.22 9.22
2003-08-05 8.39 8.4 8.32 8.32
2003-08-06 8.31 8.42 8.18 8.18
2003-08-12 8.25 8.26 8.18 8.18
2003-08-15 8.14 8.22 8.11 8.11
2003-08-20 8.12 8.15 8.08 8.08
2003-09-19 7.49 7.52 7.47 7.47
2003-09-23 7.59 7.59 7.51 7.51
2003-12-26 6.86 6.91 6.83 6.83
2004-01-06 7.16 7.17 6.97 6.97
2004-01-29 7.36 7.38 7.2 7.2
2004-02-02 7.5 7.56 7.29 7.29
2004-02-09 7.89 7.9 7.8 7.8
2004-02-12 8.07 8.18 8.0 8.0
2004-02-17 8.1 8.1 7.98 7.98
2004-03-19 8.22 8.25 8.08 8.08
2004-04-05 8.49 8.5 8.35 8.35
2004-06-11 6.69 6.85 6.69 6.69
2004-06-15 6.76 6.8 6.56 6.56
2004-07-06 6.63 6.71 6.6 6.6
2005-04-07 4.78 4.89 4.75 4.75
2005-04-13 4.73 4.75 4.62 4.62
2005-05-17 4.15 4.17 4.09 4.09
2005-05-25 4.13 4.15 4.05 4.05
2005-05-26 4.11 4.16 4.1 4.1
2005-05-30 4.17 4.17 4.1 4.1
2005-08-02 3.78 3.78 3.62 3.62
2005-08-08 3.86 3.88 3.81 3.81
2005-08-25 4.35 4.47 4.22 4.22
2006-10-12 5.63 5.71 5.5 5.5
2006-12-26 6.83 6.83 6.29 6.29
2006-12-29 6.91 7.15 6.77 6.77
2007-01-09 7.68 7.77 7.2 7.2
2007-01-29 10.2 10.34 9.57 9.57
2007-06-12 17.2 17.2 16.16 16.16
2007-07-20 20.69 20.71 19.83 19.83
2007-08-02 27.55 28.47 26.08 26.08
2007-09-04 30.33 30.93 29.45 29.45
2007-11-02 32.01 33.18 29.99 29.99
2007-12-26 23.78 23.84 23.34 23.34
2008-01-04 26.77 27.13 24.98 24.98
2008-01-14 27.56 27.97 26.93 26.93
2008-07-07 7.96 7.96 7.26 7.26
2008-11-14 9.08 9.08 8.35 8.35
2008-11-21 9.21 9.47 8.29 8.29
2009-03-23 10.37 10.44 9.87 9.87
2009-07-08 14.23 14.4 13.65 13.65
2009-09-17 12.78 12.93 12.61 12.61
2010-03-18 12.37 12.45 11.95 11.95
2010-03-24 12.39 12.43 12.07 12.07
2010-08-30 9.09 9.12 8.94 8.94
2011-06-07 8.97 8.97 8.86 8.86
2012-01-17 5.48 5.52 5.01 5.01
2012-03-01 5.7 5.72 5.61 5.61
2012-03-08 5.75 5.79 5.68 5.68
2013-05-13 6.18 6.22 6.11 6.11
2013-11-18 5.5 5.51 5.41 5.41
2014-01-24 4.61 4.65 4.55 4.55
2014-03-21 4.67 4.7 4.5 4.5
2014-03-31 4.93 4.95 4.72 4.72
2014-04-04 4.97 5.01 4.89 4.89
2014-06-13 4.65 4.68 4.57 4.57
2014-06-20 4.47 4.48 4.45 4.45
2014-06-30 4.63 4.68 4.52 4.52
2014-09-30 5.92 5.94 5.82 5.82
2015-06-01 22.33 22.49 21.15 21.15
2015-06-03 24.19 24.8 22.8 22.8
2015-08-27 10.51 10.51 9.8 9.8
2015-09-07 11.37 12.19 10.99 10.99
2015-09-09 12.31 12.62 11.64 11.64
2015-12-21 14.48 14.48 14.48 14.48
2015-12-24 14.85 15.32 14.51 14.51
2016-07-05 12.05 12.65 11.68 11.68
2016-08-15 12.04 12.1 11.62 11.62
2017-03-20 16.3 16.4 15.86 15.86
2017-06-15 14.11 14.18 13.91 13.91
2017-07-19 15.4 15.42 14.93 14.93
2017-08-14 14.29 14.31 13.94 13.94
