2001-06-12 18.1 18.15 17.75 17.75
2001-06-21 18.37 18.47 17.89 17.89
2001-07-10 18.08 18.22 17.98 17.98
2001-08-01 16.85 16.95 15.81 15.81
2001-08-09 17.08 17.16 16.8 16.8
2001-08-10 17.2 17.34 17.1 17.1
2001-08-21 16.94 17.13 16.87 16.87
2001-09-04 16.4 16.4 15.8 15.8
2001-09-13 15.95 16.23 15.91 15.91
2001-09-25 15.86 16.0 15.85 15.85
2001-11-20 13.9 14.08 13.62 13.62
2001-11-30 14.19 14.24 14.1 14.1
2002-01-31 13.63 13.9 12.84 12.84
2002-02-05 13.82 13.99 13.6 13.6
2002-02-07 13.85 14.02 13.55 13.55
2002-02-27 13.86 14.0 13.84 13.84
2002-03-25 14.5 14.58 14.21 14.21
2002-05-14 13.66 13.76 13.58 13.58
2002-05-21 12.71 12.84 12.55 12.55
2002-05-28 12.3 12.41 12.25 12.25
2002-07-18 13.35 13.38 13.2 13.2
2002-08-20 12.98 13.0 12.8 12.8
2002-08-27 12.98 12.98 12.8 12.8
2002-08-28 12.98 13.01 12.9 12.9
2002-09-09 12.5 12.58 12.5 12.5
2002-09-16 12.36 12.5 12.26 12.26
2002-09-23 12.4 12.45 12.26 12.26
2002-11-19 10.71 10.71 10.36 10.36
2002-12-03 9.92 10.0 9.81 9.81
2002-12-09 9.95 10.03 9.95 9.95
2002-12-13 9.78 9.82 9.03 9.03
2002-12-19 10.08 10.28 9.95 9.95
2003-01-22 9.38 9.45 9.32 9.32
2003-01-28 10.04 10.12 8.99 8.99
2003-02-24 9.66 9.75 9.6 9.6
2003-02-25 9.9 9.95 9.68 9.68
2003-03-14 9.63 9.68 9.56 9.56
2003-03-24 9.32 9.32 9.25 9.25
2003-04-10 9.81 9.86 9.3 9.3
2003-05-14 8.89 8.91 8.7 8.7
2003-05-19 9.3 9.4 9.25 9.25
2003-05-30 9.45 9.48 9.33 9.33
2003-06-10 9.19 9.2 9.1 9.1
2003-06-11 9.37 9.37 9.22 9.22
2003-07-29 8.32 8.36 8.2 8.2
2003-08-05 8.39 8.4 8.32 8.32
2003-08-06 8.31 8.42 8.18 8.18
2003-08-12 8.25 8.26 8.18 8.18
2003-08-15 8.14 8.22 8.11 8.11
2003-08-20 8.12 8.15 8.08 8.08
2003-09-15 7.55 7.6 7.5 7.5
2003-09-19 7.49 7.52 7.47 7.47
2003-09-23 7.59 7.59 7.51 7.51
2003-10-15 7.28 7.42 7.26 7.26
2003-10-24 7.55 7.8 7.41 7.41
2003-11-19 6.7 6.73 6.56 6.56
2003-12-24 6.95 7.01 6.83 6.83
2003-12-26 6.86 6.91 6.83 6.83
2004-01-06 7.16 7.17 6.97 6.97
2004-01-15 7.06 7.13 7.0 7.0
2004-01-29 7.36 7.38 7.2 7.2
2004-02-02 7.5 7.56 7.29 7.29
2004-02-09 7.89 7.9 7.8 7.8
2004-02-12 8.07 8.18 8.0 8.0
2004-02-17 8.1 8.1 7.98 7.98
2004-03-12 8.23 8.6 8.1 8.1
2004-03-19 8.22 8.25 8.08 8.08
2004-03-31 8.03 8.1 7.91 7.91
2004-04-05 8.49 8.5 8.35 8.35
2004-06-10 6.67 6.7 6.6 6.6
2004-06-11 6.69 6.85 6.69 6.69
2004-06-15 6.76 6.8 6.56 6.56
2004-07-05 6.61 6.7 6.51 6.51
2004-07-06 6.63 6.71 6.6 6.6
2004-07-15 6.31 6.32 6.15 6.15
2004-07-28 6.08 6.16 6.02 6.02
2004-08-25 5.59 5.63 5.55 5.55
2004-09-03 5.45 5.52 5.4 5.4
2004-10-13 5.68 5.7 5.58 5.58
2004-11-10 5.1 5.11 4.91 4.91
2004-11-22 5.26 5.33 5.2 5.2
2005-02-02 5.1 5.17 4.78 4.78
2005-02-22 5.11 5.12 4.98 4.98
2005-03-24 4.84 4.86 4.7 4.7
2005-04-06 4.8 4.8 4.65 4.65
2005-04-07 4.78 4.89 4.75 4.75
2005-04-13 4.73 4.75 4.62 4.62
2005-05-12 4.07 4.12 4.05 4.05
2005-05-17 4.15 4.17 4.09 4.09
2005-05-25 4.13 4.15 4.05 4.05
2005-05-26 4.11 4.16 4.1 4.1
2005-05-30 4.17 4.17 4.1 4.1
2005-06-08 4.37 4.4 4.11 4.11
2005-06-27 4.48 4.52 4.39 4.39
2005-07-26 3.57 3.63 3.45 3.45
2005-08-02 3.78 3.78 3.62 3.62
2005-08-08 3.86 3.88 3.81 3.81
2005-08-24 4.12 4.13 3.95 3.95
2005-08-25 4.35 4.47 4.22 4.22
2005-10-11 4.2 4.2 4.1 4.1
2006-10-09 5.7 5.71 5.55 5.55
2006-10-12 5.63 5.71 5.5 5.5
2006-10-24 5.51 5.54 5.44 5.44
2006-11-08 5.36 5.52 5.32 5.32
2006-11-21 4.99 5.0 4.87 4.87
2006-11-30 5.37 5.42 5.29 5.29
2006-12-18 6.05 6.19 5.96 5.96
2006-12-26 6.83 6.83 6.29 6.29
2006-12-29 6.91 7.15 6.77 6.77
2007-01-09 7.68 7.77 7.2 7.2
2007-01-22 8.26 8.4 8.01 8.01
2007-01-29 10.2 10.34 9.57 9.57
2007-02-08 11.35 11.8 10.72 10.72
2007-02-26 12.33 12.61 12.03 12.03
2007-03-12 12.06 12.06 11.01 11.01
2007-03-22 11.78 12.35 11.6 11.6
2007-04-09 12.59 12.8 12.04 12.04
2007-05-22 16.5 17.07 16.39 16.39
2007-06-07 14.62 14.65 14.05 14.05
2007-06-12 17.2 17.2 16.16 16.16
2007-06-21 20.97 21.45 19.3 19.3
2007-07-16 19.71 20.46 19.0 19.0
2007-07-20 20.69 20.71 19.83 19.83
2007-07-31 25.84 25.84 24.6 24.6
2007-08-02 27.55 28.47 26.08 26.08
2007-08-28 29.94 30.85 29.55 29.55
2007-09-04 30.33 30.93 29.45 29.45
2007-09-20 35.01 35.01 32.93 32.93
2007-10-29 29.49 29.58 28.0 28.0
2007-11-02 32.01 33.18 29.99 29.99
2007-11-13 24.0 24.98 23.15 23.15
2007-12-04 19.8 20.33 19.65 19.65
2007-12-19 21.08 21.14 20.15 20.15
2007-12-26 23.78 23.84 23.34 23.34
2008-01-04 26.77 27.13 24.98 24.98
2008-01-14 27.56 27.97 26.93 26.93
2008-02-04 18.55 18.56 17.2 17.2
2008-03-04 19.74 20.56 19.42 19.42
2008-06-03 9.95 10.35 9.76 9.76
2008-07-02 7.14 7.3 7.05 7.05
2008-07-07 7.96 7.96 7.26 7.26
2008-09-02 5.03 5.09 4.86 4.86
2008-11-10 6.99 7.03 6.62 6.62
2008-11-14 9.08 9.08 8.35 8.35
2008-11-21 9.21 9.47 8.29 8.29
2008-12-03 9.05 9.05 8.25 8.25
2008-12-17 8.82 9.12 8.66 8.66
2009-02-02 9.37 9.45 9.19 9.19
2009-03-02 8.93 9.05 8.5 8.5
2009-03-16 9.73 9.77 9.5 9.5
2009-03-23 10.37 10.44 9.87 9.87
2009-04-29 10.08 10.12 9.87 9.87
2009-05-21 10.34 10.43 10.01 10.01
2009-07-03 14.39 14.45 13.1 13.1
2009-07-08 14.23 14.4 13.65 13.65
2009-09-14 12.86 13.1 12.49 12.49
2009-09-17 12.78 12.93 12.61 12.61
2009-11-05 13.56 13.9 13.01 13.01
2009-11-30 13.05 13.22 12.52 12.52
2009-12-30 13.06 13.25 13.0 13.0
2010-01-12 12.92 12.94 12.61 12.61
2010-03-08 11.77 12.0 11.58 11.58
2010-03-17 11.92 11.97 11.62 11.62
2010-03-18 12.37 12.45 11.95 11.95
2010-03-24 12.39 12.43 12.07 12.07
2010-06-10 9.09 9.27 9.01 9.01
2010-07-06 8.45 8.6 8.21 8.21
2010-08-26 8.98 9.08 8.93 8.93
2010-08-30 9.09 9.12 8.94 8.94
2010-10-18 10.38 10.78 10.0 10.0
2010-10-29 9.96 10.03 9.85 9.85
2010-12-08 9.31 9.55 9.17 9.17
2010-12-17 9.82 9.95 9.72 9.72
2011-01-26 10.13 10.21 9.48 9.48
2011-05-09 9.72 9.88 9.55 9.55
2011-06-03 8.9 8.93 8.77 8.77
2011-06-07 8.97 8.97 8.86 8.86
2012-01-12 5.26 5.45 5.25 5.25
2012-01-17 5.48 5.52 5.01 5.01
2012-02-27 5.81 5.96 5.69 5.69
2012-03-01 5.7 5.72 5.61 5.61
2012-03-08 5.75 5.79 5.68 5.68
2012-04-26 6.4 6.4 6.3 6.3
2012-05-21 6.35 6.35 6.22 6.22
2012-08-01 7.14 7.25 6.51 6.51
2012-08-31 5.97 6.04 5.92 5.92
2012-11-30 5.94 5.99 5.78 5.78
2013-02-27 6.76 6.83 6.72 6.72
2013-05-03 6.13 6.21 6.08 6.08
2013-05-13 6.18 6.22 6.11 6.11
2013-07-23 5.61 5.63 5.25 5.25
2013-10-14 6.0 6.09 5.8 5.8
2013-11-11 5.44 5.49 5.34 5.34
2013-11-18 5.5 5.51 5.41 5.41
2013-12-27 5.08 5.1 5.0 5.0
2014-01-22 4.61 4.61 4.45 4.45
2014-01-24 4.61 4.65 4.55 4.55
2014-03-20 4.57 4.74 4.5 4.5
2014-03-21 4.67 4.7 4.5 4.5
2014-03-31 4.93 4.95 4.72 4.72
2014-04-04 4.97 5.01 4.89 4.89
2014-05-07 4.96 5.09 4.75 4.75
2014-06-05 4.68 4.68 4.62 4.62
2014-06-13 4.65 4.68 4.57 4.57
2014-06-20 4.47 4.48 4.45 4.45
2014-06-30 4.63 4.68 4.52 4.52
2014-08-11 5.5 5.53 5.4 5.4
2014-09-03 5.66 5.71 5.61 5.61
2014-09-23 5.79 5.83 5.75 5.75
2014-09-30 5.92 5.94 5.82 5.82
2015-01-20 12.85 13.15 12.23 12.23
2015-02-25 18.37 18.37 16.77 16.77
2015-03-17 22.99 23.72 22.66 22.66
2015-05-22 24.14 24.9 23.62 23.62
2015-06-01 22.33 22.49 21.15 21.15
2015-06-03 24.19 24.8 22.8 22.8
2015-07-09 12.54 12.54 11.4 11.4
2015-08-25 10.57 11.1 10.57 10.57
2015-08-27 10.51 10.51 9.8 9.8
2015-09-07 11.37 12.19 10.99 10.99
2015-09-09 12.31 12.62 11.64 11.64
2015-12-18 13.16 13.16 13.16 13.16
2015-12-21 14.48 14.48 14.48 14.48
2015-12-24 14.85 15.32 14.51 14.51
2016-02-16 14.02 14.22 12.94 12.94
2016-05-16 11.55 11.64 11.32 11.32
2016-06-29 11.2 11.2 10.17 10.17
2016-07-05 12.05 12.65 11.68 11.68
2016-08-05 11.26 11.46 11.18 11.18
2016-08-15 12.04 12.1 11.62 11.62
2016-09-19 11.38 11.54 11.33 11.33
2016-11-03 13.64 14.12 12.76 12.76
2017-01-03 14.2 14.28 13.7 13.7
2017-02-09 15.2 15.2 13.84 13.84
2017-03-10 15.19 15.41 15.15 15.15
2017-03-20 16.3 16.4 15.86 15.86
2017-06-09 14.5 14.72 14.41 14.41
2017-06-15 14.11 14.18 13.91 13.91
2017-06-26 14.42 14.6 14.0 14.0
2017-07-18 14.99 15.07 14.41 14.41
2017-07-19 15.4 15.42 14.93 14.93
2017-08-04 14.51 14.63 14.44 14.44
2017-08-14 14.29 14.31 13.94 13.94
