1996-10-17 11.21 11.22 10.3 10.3
1996-10-23 10.59 10.66 10.35 10.35
1996-12-09 15.38 15.48 13.2 13.2
1996-12-16 13.55 13.55 13.55 13.55
1996-12-17 12.2 12.97 12.2 12.2
1996-12-18 13.15 13.42 11.2 11.2
1997-01-09 13.47 13.55 13.2 13.2
1997-02-20 13.94 14.0 12.6 12.6
1997-02-25 8.85 8.98 8.7 8.7
1997-03-03 9.78 9.8 9.4 9.4
1997-04-14 12.4 12.6 12.25 12.25
1997-06-06 11.25 11.6 10.9 10.9
1997-06-13 11.12 11.16 10.3 10.3
1997-06-16 11.47 11.58 11.2 11.2
1997-07-11 9.8 9.82 9.4 9.4
1997-07-16 10.28 10.56 10.18 10.18
1997-08-11 10.51 10.56 10.38 10.38
1997-08-14 10.05 10.19 9.71 9.71
1997-10-09 8.85 8.95 7.72 7.72
1997-10-16 8.75 8.78 8.6 8.6
1997-12-10 9.14 9.16 9.0 9.0
1997-12-18 8.57 8.7 8.23 8.23
1997-12-25 9.05 9.13 8.88 8.88
1997-12-29 9.09 9.28 9.04 9.04
1997-12-30 9.2 9.32 9.04 9.04
1998-01-20 10.64 10.69 10.2 10.2
1998-02-11 11.17 11.21 10.75 10.75
1998-04-01 9.55 9.78 9.52 9.52
1998-04-07 10.11 10.17 9.88 9.88
1998-04-28 11.72 11.88 11.35 11.35
1998-05-07 11.51 12.01 11.4 11.4
1998-05-13 11.3 11.38 10.9 10.9
1998-06-18 10.88 11.5 10.55 10.55
1998-07-10 11.36 11.51 11.18 11.18
1998-07-15 11.1 11.2 11.0 11.0
1998-07-16 11.48 11.48 11.12 11.12
1998-08-25 10.15 10.18 9.78 9.78
1998-08-28 9.8 10.25 9.8 9.8
1998-09-22 10.9 11.18 10.68 10.68
1998-09-25 10.37 10.44 10.18 10.18
1998-09-28 10.5 10.69 10.45 10.45
1998-09-30 10.5 10.58 10.32 10.32
1998-10-08 10.95 10.95 10.41 10.41
1998-10-22 11.59 11.65 11.15 11.15
1999-01-25 10.57 10.86 10.25 10.25
1999-03-02 9.34 9.38 9.27 9.27
1999-03-03 9.7 9.77 9.3 9.3
1999-03-11 10.06 10.09 9.8 9.8
1999-03-12 10.34 10.35 10.06 10.06
1999-04-23 9.62 9.76 9.52 9.52
1999-04-30 9.59 9.59 9.4 9.4
1999-05-17 8.8 9.03 8.71 8.71
1999-05-20 9.55 9.55 9.2 9.2
1999-05-27 10.1 10.18 9.65 9.65
1999-06-17 13.02 13.02 12.1 12.1
1999-06-21 13.21 13.5 12.6 12.6
1999-06-23 12.99 13.18 12.0 12.0
1999-07-26 11.26 11.3 11.0 11.0
1999-08-13 11.1 11.55 9.9 9.9
1999-08-16 11.3 11.39 11.0 11.0
1999-08-17 11.57 11.68 10.9 10.9
2000-01-20 11.05 11.18 10.8 10.8
2000-03-06 14.96 14.96 13.71 13.71
2000-04-11 42.0 43.05 40.0 40.0
2000-05-16 34.38 35.0 33.8 33.8
2000-07-12 37.0 37.05 35.0 35.0
2000-07-19 37.5 37.6 36.8 36.8
2000-07-26 38.66 38.7 36.5 36.5
2000-07-31 41.12 41.5 39.4 39.4
2000-08-01 41.98 42.3 40.59 40.59
2000-08-16 38.1 39.05 37.8 37.8
2000-08-23 37.0 37.0 36.08 36.08
2000-09-11 37.2 38.0 36.8 36.8
2000-09-15 38.0 38.0 37.08 37.08
2000-09-20 36.7 36.9 36.2 36.2
2000-11-13 35.75 36.8 35.0 35.0
2000-11-20 34.95 34.95 34.2 34.2
2000-11-21 34.82 35.35 34.6 34.6
2000-11-23 36.02 36.4 35.0 35.0
2000-11-28 36.4 36.79 35.48 35.48
2000-12-05 37.4 37.55 37.0 37.0
2000-12-06 38.5 38.5 37.2 37.2
2001-04-20 26.0 26.84 25.5 25.5
2001-04-27 25.53 25.53 25.01 25.01
2001-11-22 17.85 17.9 17.6 17.6
2001-11-28 17.93 18.1 17.7 17.7
2001-12-03 18.0 18.25 17.9 17.9
2002-04-12 14.67 14.81 14.6 14.6
2002-04-25 15.01 15.06 14.57 14.57
2002-07-12 14.32 14.7 14.2 14.2
2002-08-02 14.29 14.55 14.21 14.21
2002-08-09 14.06 14.09 13.91 13.91
2002-08-26 14.65 14.67 14.35 14.35
2002-08-30 14.58 14.7 14.45 14.45
2002-09-06 14.6 14.76 14.41 14.41
2002-10-16 13.6 13.75 13.46 13.46
2002-10-21 13.76 13.78 13.65 13.65
2003-01-08 13.3 13.35 12.9 12.9
2003-03-14 14.38 14.45 14.31 14.31
2003-07-02 14.94 15.08 14.71 14.71
2003-08-01 14.79 14.81 14.61 14.61
2003-10-27 14.62 14.92 14.55 14.55
2003-10-31 14.44 14.66 14.4 14.4
2003-11-04 14.68 14.83 14.05 14.05
2004-03-29 14.5 14.63 14.37 14.37
2004-04-02 14.55 14.6 14.4 14.4
2004-04-09 15.17 15.42 14.9 14.9
2004-06-29 14.45 14.59 14.23 14.23
2004-07-02 14.48 14.58 14.18 14.18
2004-09-15 10.21 10.38 9.4 9.4
2004-11-11 12.24 12.24 12.24 12.24
2005-04-19 8.47 8.58 8.3 8.3
2005-07-13 6.74 6.74 6.2 6.2
2005-08-08 8.34 8.34 7.69 7.69
2005-09-16 9.15 9.28 9.05 9.05
2005-10-18 8.37 8.48 8.06 8.06
2005-10-21 8.51 8.69 8.0 8.0
2005-11-24 7.55 7.65 7.45 7.45
2005-11-30 7.35 7.4 7.28 7.28
2006-01-04 7.94 8.0 7.69 7.69
2006-01-24 9.06 9.35 8.88 8.88
2007-01-11 6.84 7.0 6.6 6.6
2007-02-05 8.55 9.13 8.31 8.31
2007-04-23 12.29 12.45 11.85 11.85
2007-07-06 8.58 8.64 8.03 8.03
2007-08-14 9.43 9.5 9.15 9.15
2008-05-14 8.29 8.32 7.92 7.92
2008-07-02 5.78 5.89 5.69 5.69
2008-12-08 5.0 5.04 4.8 4.8
2009-04-14 12.23 12.23 11.58 11.58
2009-04-15 13.45 13.45 12.93 12.93
2009-07-13 14.69 14.97 14.21 14.21
2009-12-31 14.19 14.34 13.96 13.96
2010-05-07 12.33 12.79 12.0 12.0
2010-06-04 13.13 13.13 11.5 11.5
2010-06-07 14.44 14.44 13.1 13.1
2010-06-29 13.28 13.6 12.83 12.83
2010-09-27 14.35 14.42 13.98 13.98
2010-09-30 13.98 14.08 13.78 13.78
2010-10-08 14.42 14.55 13.98 13.98
2010-10-15 14.31 14.52 14.16 14.16
2010-10-19 14.58 14.97 13.75 13.75
2011-01-31 13.97 14.0 13.63 13.63
2011-02-10 15.1 15.81 14.91 14.91
2011-05-06 15.3 15.6 14.29 14.29
2011-07-07 14.0 14.15 13.85 13.85
2011-07-22 14.14 14.49 14.1 14.1
2011-07-29 12.85 13.03 12.78 12.78
2011-09-15 11.13 11.2 11.04 11.04
2011-09-20 10.95 11.0 10.82 10.82
2011-09-21 11.45 11.53 11.1 11.1
2012-04-18 12.75 12.85 12.37 12.37
2012-09-28 8.16 8.18 7.96 7.96
2012-12-25 8.44 8.45 8.18 8.18
2012-12-31 8.37 8.53 8.35 8.35
2013-05-03 10.43 10.83 10.4 10.4
2013-08-01 9.88 10.17 9.19 9.19
2013-08-08 9.96 10.23 9.52 9.52
2013-08-14 10.15 10.55 9.74 9.74
2013-12-04 13.95 14.17 13.6 13.6
2014-10-14 25.79 26.28 25.61 25.61
2014-10-20 25.52 25.87 24.71 24.71
2014-10-22 24.89 25.29 24.73 24.73
2014-10-28 25.0 25.01 24.5 24.5
2014-12-26 21.72 21.9 21.2 21.2
2015-06-25 29.44 29.44 29.44 29.44
2015-06-26 32.38 32.38 32.38 32.38
2015-07-03 28.11 32.61 27.5 27.5
2015-07-13 25.21 25.21 25.21 25.21
2015-07-14 27.73 27.73 27.73 27.73
2015-07-16 24.71 26.1 22.47 22.47
2015-08-25 21.29 21.9 21.29 21.29
2015-09-02 15.91 17.88 15.91 15.91
2015-09-11 19.73 19.73 19.28 19.28
2015-10-20 22.81 23.27 22.0 22.0
2016-02-16 33.06 33.06 30.39 30.39
2017-01-25 21.08 21.5 21.0 21.0
2017-01-26 21.18 21.35 21.06 21.06
2017-04-05 21.0 21.11 20.59 20.59
