2001-04-27 26.55 26.75 26.2 26.2
2001-05-18 26.79 27.09 26.11 26.11
2001-06-12 26.66 26.7 26.25 26.25
2001-06-21 26.29 26.43 26.06 26.06
2001-06-26 26.89 27.2 26.2 26.2
2001-08-01 23.4 24.2 22.3 22.3
2001-08-17 23.21 23.68 23.0 23.0
2001-08-21 23.42 23.65 23.35 23.35
2001-09-18 20.95 21.78 19.9 19.9
2001-10-23 18.15 18.15 18.15 18.15
2001-11-19 20.43 20.6 19.22 19.22
2001-11-23 21.67 22.2 21.2 21.2
2001-11-27 21.78 21.85 21.18 21.18
2001-12-03 22.68 22.98 21.8 21.8
2002-01-25 18.88 19.3 18.8 18.8
2002-01-31 18.9 19.2 17.9 17.9
2002-02-07 19.15 19.43 18.8 18.8
2002-03-04 18.69 18.7 17.98 17.98
2002-03-05 20.01 20.4 18.75 18.75
2002-03-14 22.79 22.8 21.88 21.88
2002-03-19 23.88 24.1 22.2 22.2
2002-03-20 24.66 25.29 23.88 23.88
2002-04-12 23.35 23.58 23.22 23.22
2002-05-08 22.58 22.95 22.4 22.4
2002-05-28 19.59 19.69 19.42 19.42
2002-05-31 20.17 20.24 19.53 19.53
2002-06-19 20.19 20.5 19.82 19.82
2002-06-20 20.23 20.25 20.1 20.1
2002-06-21 21.65 21.8 20.16 20.16
2002-06-28 23.31 23.79 22.74 22.74
2002-07-04 22.76 23.3 22.59 22.59
2002-07-08 23.21 23.28 23.1 23.1
2002-07-09 22.46 22.98 22.0 22.0
2002-07-12 22.04 22.2 21.86 21.86
2002-07-30 22.47 22.49 22.06 22.06
2002-08-13 22.17 22.27 22.08 22.08
2002-11-28 18.43 18.47 17.68 17.68
2002-11-29 18.7 18.88 17.63 17.63
2002-12-23 18.36 19.5 17.73 17.73
2003-01-09 17.24 17.29 16.69 16.69
2003-01-14 17.32 17.68 16.9 16.9
2003-01-28 18.47 18.8 17.38 17.38
2003-02-24 17.49 17.93 17.22 17.22
2003-05-16 15.86 16.44 15.09 15.09
2003-07-04 14.64 14.68 14.49 14.49
2003-09-09 12.6 12.7 12.2 12.2
2003-10-14 11.67 11.85 11.3 11.3
2003-10-24 11.54 11.97 11.19 11.19
2003-12-12 11.27 11.85 10.88 10.88
2004-01-12 11.04 11.04 10.1 10.1
2004-02-04 13.12 13.79 12.8 12.8
2004-04-06 13.73 13.98 13.6 13.6
2004-04-13 13.55 13.6 13.12 13.12
2004-04-30 11.08 11.2 10.8 10.8
2004-05-12 11.14 11.15 10.9 10.9
2004-05-18 11.22 11.24 10.92 10.92
2004-05-25 11.08 11.1 10.92 10.92
2004-05-26 11.19 11.21 11.0 11.0
2004-05-27 11.3 11.37 10.94 10.94
2004-06-01 11.1 11.1 10.8 10.8
2004-06-04 10.85 10.9 10.61 10.61
2004-06-16 9.93 9.99 9.8 9.8
2004-06-17 10.16 10.2 9.82 9.82
2004-06-23 10.54 10.56 10.31 10.31
2004-06-29 10.55 10.55 10.11 10.11
2004-07-08 10.83 10.88 10.58 10.58
2004-07-13 10.51 10.55 10.3 10.3
2004-07-14 10.52 10.52 10.45 10.45
2004-07-15 10.9 10.9 10.4 10.4
2004-07-19 11.07 11.1 10.9 10.9
2004-07-20 11.13 11.22 11.09 11.09
2004-07-30 11.18 11.24 11.15 11.15
2004-08-05 11.27 11.29 11.08 11.08
2004-08-10 11.18 11.2 11.01 11.01
2004-08-12 10.93 10.98 10.62 10.62
2004-08-13 11.01 11.05 10.76 10.76
2004-08-17 11.25 11.4 11.0 11.0
2004-08-24 11.12 11.2 10.8 10.8
2004-08-30 11.15 11.16 10.9 10.9
2004-09-09 10.02 10.29 9.98 9.98
2004-09-14 10.07 10.2 10.0 10.0
2004-09-24 10.86 11.1 10.6 10.6
2004-10-20 10.09 10.1 9.8 9.8
2004-10-21 9.95 10.0 9.8 9.8
2004-11-08 9.35 9.45 8.97 8.97
2004-11-15 9.49 9.8 9.3 9.3
2004-11-17 9.37 9.59 9.25 9.25
2004-11-24 9.88 10.09 9.63 9.63
2004-12-01 9.93 10.01 9.63 9.63
2004-12-14 9.51 9.63 9.44 9.44
2004-12-20 9.55 9.68 9.36 9.36
2004-12-30 9.85 9.9 9.3 9.3
2005-01-20 10.66 10.7 10.5 10.5
2005-01-21 10.91 10.95 10.55 10.55
2005-02-01 11.33 11.45 11.0 11.0
2005-02-02 11.82 11.85 11.25 11.25
2005-02-25 11.81 11.85 11.55 11.55
2005-04-07 9.73 9.96 9.53 9.53
2005-04-19 10.28 10.3 9.95 9.95
2005-04-26 10.1 10.22 10.0 10.0
2005-05-24 7.91 8.0 7.8 7.8
2005-06-08 4.23 4.25 3.86 3.86
2005-06-24 4.21 4.23 4.13 4.13
2005-06-27 4.33 4.41 4.21 4.21
2005-07-20 4.2 4.25 4.16 4.16
2005-09-29 5.1 5.13 5.01 5.01
2005-10-11 5.3 5.32 5.12 5.12
2005-10-21 5.4 5.46 5.24 5.24
2005-12-22 6.59 6.64 6.5 6.5
2005-12-26 6.81 6.98 6.64 6.64
2006-01-04 6.77 6.83 6.5 6.5
2006-02-15 7.9 8.25 7.71 7.71
2006-02-17 8.01 8.12 7.7 7.7
2006-02-24 7.99 8.1 7.71 7.71
2006-03-01 8.08 8.12 7.82 7.82
2006-03-06 8.13 8.17 8.01 8.01
2006-03-13 7.72 7.8 7.44 7.44
2006-03-15 7.88 7.95 7.71 7.71
2006-03-24 8.72 9.02 8.62 8.62
2006-10-24 9.35 9.35 8.5 8.5
2006-11-17 13.33 13.33 12.05 12.05
2006-12-11 15.63 15.69 13.96 13.96
2006-12-29 18.48 19.0 17.69 17.69
2007-01-15 18.32 18.44 17.02 17.02
2007-01-18 16.71 16.79 15.98 15.98
2007-02-07 14.66 14.88 14.25 14.25
2007-02-16 15.87 16.83 15.75 15.75
2007-03-05 15.9 16.11 15.03 15.03
2007-03-15 16.94 17.22 16.5 16.5
2007-03-29 16.67 17.23 16.55 16.55
2007-04-02 16.68 16.8 16.09 16.09
2007-04-20 18.91 19.5 18.6 18.6
2007-04-23 20.39 20.68 18.95 18.95
2007-05-21 29.18 30.16 26.81 26.81
2007-05-23 29.22 30.05 28.0 28.0
2007-05-29 31.13 31.13 29.55 29.55
2007-05-30 33.29 34.24 29.2 29.2
2007-06-07 31.54 33.18 31.0 31.0
2007-06-13 33.43 33.43 30.51 30.51
2007-06-18 36.09 36.09 33.33 33.33
2007-06-25 36.6 38.18 35.95 35.95
2007-07-18 41.51 42.58 38.78 38.78
2007-07-20 43.45 44.2 39.62 39.62
2007-08-02 48.98 48.98 44.5 44.5
2007-08-09 51.57 51.6 48.6 48.6
2007-08-20 49.0 49.61 45.5 45.5
2007-08-23 54.39 56.0 52.2 52.2
2007-08-24 56.64 59.0 54.23 54.23
2007-08-27 58.77 60.2 56.73 56.73
2007-09-10 55.6 56.0 52.02 52.02
2007-09-25 56.79 58.15 54.95 54.95
2007-09-28 53.68 55.5 53.0 53.0
2007-10-29 65.04 65.6 62.2 62.2
2007-12-18 38.08 39.3 37.15 37.15
2008-01-10 47.79 48.0 45.3 45.3
2008-02-04 47.15 47.67 45.62 45.62
2008-03-28 39.59 39.8 36.45 36.45
2008-05-13 12.61 13.3 12.22 12.22
2008-07-24 9.19 9.19 8.41 8.41
2009-01-16 7.45 7.65 7.31 7.31
2009-01-19 7.63 7.85 7.48 7.48
2009-03-17 9.58 9.58 8.75 8.75
2009-04-17 11.78 12.08 11.41 11.41
2009-04-30 12.32 12.34 11.45 11.45
2009-05-19 16.66 17.26 16.2 16.2
2009-05-25 16.15 16.19 15.11 15.11
2009-07-01 16.9 17.4 16.06 16.06
2009-07-23 19.51 19.51 17.8 17.8
2009-09-11 14.94 15.1 14.3 14.3
2009-10-14 14.67 15.09 13.87 13.87
2009-10-19 16.19 16.26 14.96 14.96
2009-11-16 16.43 16.45 15.83 15.83
2010-02-09 11.69 11.82 11.56 11.56
2010-02-25 12.71 12.85 12.35 12.35
2010-04-01 14.53 14.62 14.14 14.14
2010-05-20 6.16 6.32 6.1 6.1
2010-06-02 6.65 6.66 6.21 6.21
2010-07-01 6.05 6.23 6.0 6.0
2010-07-19 6.56 6.6 6.32 6.32
2010-10-13 7.33 7.5 6.88 6.88
2011-05-09 6.28 6.29 6.24 6.24
2011-05-16 6.41 6.47 6.35 6.35
2011-06-10 5.86 5.93 5.78 5.78
2011-08-19 6.32 6.38 6.2 6.2
2011-10-24 4.57 4.62 4.35 4.35
2011-10-26 4.87 5.03 4.77 4.77
2011-10-28 5.14 5.39 4.97 4.97
2011-12-15 4.5 4.58 4.44 4.44
2012-01-05 4.93 5.06 4.88 4.88
2012-01-12 5.21 5.38 5.06 5.06
2012-02-10 5.56 5.83 5.43 5.43
2012-02-22 5.65 5.66 5.51 5.51
2012-02-24 5.95 6.06 5.67 5.67
2012-03-16 5.78 5.82 5.65 5.65
2012-03-30 5.99 6.01 5.76 5.76
2012-04-05 6.05 6.12 5.94 5.94
2012-05-02 6.74 6.84 6.52 6.52
2012-05-14 6.48 6.7 6.47 6.47
2012-05-23 6.63 6.75 6.6 6.6
2012-06-07 6.85 7.0 6.77 6.77
2012-06-12 7.27 7.31 7.02 7.02
2012-07-06 6.91 6.92 6.69 6.69
2012-07-24 6.04 6.12 5.85 5.85
2012-07-31 5.77 5.82 5.64 5.64
2012-08-01 5.8 5.98 5.77 5.77
2012-10-30 5.11 5.19 5.04 5.04
2012-11-09 5.33 5.36 5.27 5.27
2012-11-12 5.46 5.47 5.3 5.3
2012-12-05 5.78 5.97 5.51 5.51
2013-01-17 6.81 6.93 6.72 6.72
2013-02-28 7.25 7.4 7.04 7.04
2013-03-04 6.42 6.49 6.42 6.42
2013-03-27 6.7 6.79 6.57 6.57
2013-04-02 6.68 6.82 6.55 6.55
2013-04-09 6.66 6.72 6.49 6.49
2013-04-15 6.95 7.14 6.72 6.72
2013-05-17 7.71 7.84 7.45 7.45
2013-05-28 8.06 8.06 7.66 7.66
2013-07-11 7.56 7.67 7.2 7.2
2013-11-13 5.92 5.98 5.85 5.85
2014-01-20 5.92 6.0 5.85 5.85
2014-02-10 6.19 6.22 6.07 6.07
2014-03-11 6.45 6.47 6.2 6.2
2014-03-19 6.41 6.41 6.27 6.27
2014-03-25 6.79 6.82 6.61 6.61
2014-04-04 7.11 7.13 6.94 6.94
2014-04-09 7.32 7.38 7.22 7.22
2014-06-13 8.33 8.49 8.25 8.25
2014-06-17 8.7 8.77 8.4 8.4
2014-07-10 9.52 9.57 9.38 9.38
2014-07-11 9.53 9.55 9.45 9.45
2014-07-24 9.17 9.38 9.0 9.0
2014-07-30 9.47 9.58 9.38 9.38
2014-08-08 9.3 9.35 9.22 9.22
2014-09-12 8.88 8.89 8.77 8.77
2014-09-23 8.42 8.52 8.38 8.38
2014-10-28 7.65 7.66 7.5 7.5
2014-10-31 7.96 7.97 7.77 7.77
2014-11-03 8.01 8.15 7.99 7.99
2014-12-03 9.69 10.13 9.4 9.4
2014-12-11 9.16 9.56 9.01 9.01
2015-02-16 9.31 9.36 9.2 9.2
2015-03-18 10.02 10.04 9.73 9.73
2015-04-22 12.27 12.29 12.03 12.03
2015-04-30 13.28 13.56 12.5 12.5
2015-06-24 13.95 14.0 13.26 13.26
2015-07-08 12.64 12.99 12.64 12.64
2015-08-07 11.72 11.9 11.58 11.58
2015-09-07 10.11 10.57 9.94 9.94
2015-09-21 12.51 12.52 12.04 12.04
2015-10-14 12.08 12.1 11.55 11.55
2015-11-04 11.96 11.99 11.66 11.66
2015-11-05 12.24 12.36 11.85 11.85
2015-11-30 13.27 13.29 12.76 12.76
2015-12-15 13.84 13.94 13.4 13.4
2016-02-16 14.87 15.15 14.61 14.61
2016-02-26 14.3 14.45 14.01 14.01
2016-06-15 10.88 10.94 10.68 10.68
2016-06-27 10.36 10.38 10.18 10.18
2016-07-05 10.57 10.63 10.5 10.5
2016-08-29 11.56 11.62 11.41 11.41
2016-09-27 12.1 12.31 11.92 11.92
2016-11-04 12.11 12.37 12.09 12.09
2016-12-19 12.83 12.92 12.6 12.6
2016-12-20 12.8 12.87 12.65 12.65
2016-12-30 12.96 13.68 12.84 12.84
2017-01-19 12.31 12.38 12.19 12.19
2017-01-25 12.72 12.75 12.45 12.45
2017-02-06 12.61 12.65 12.48 12.48
2017-03-10 12.03 12.17 12.03 12.03
2017-05-25 11.72 11.99 11.47 11.47
2017-07-03 11.66 11.83 11.52 11.52
2017-07-07 12.55 12.57 11.69 11.69
2017-09-05 11.79 11.8 11.5 11.5
