2004-12-01 5.82 5.92 5.8 5.8
2004-12-02 5.96 5.96 5.8 5.8
2005-02-04 4.91 4.93 4.8 4.8
2005-02-22 5.07 5.08 4.87 4.87
2005-06-29 4.33 4.38 4.2 4.2
2005-07-07 4.23 4.3 4.2 4.2
2005-07-12 4.25 4.31 4.03 4.03
2005-07-13 4.32 4.37 4.18 4.18
2005-07-19 4.35 4.36 4.25 4.25
2005-12-23 4.34 4.36 4.28 4.28
2005-12-26 4.42 4.45 4.34 4.34
2006-12-14 6.68 6.72 6.49 6.49
2007-02-08 8.93 8.93 8.18 8.18
2007-02-09 9.48 9.65 9.0 9.0
2007-02-26 10.88 11.1 10.29 10.29
2007-03-02 9.45 9.68 9.23 9.23
2007-05-08 19.29 19.29 17.88 17.88
2007-05-22 22.35 22.5 21.6 21.6
2007-07-23 21.52 21.77 20.77 20.77
2007-07-30 22.45 22.65 22.08 22.08
2007-09-21 24.82 24.98 23.6 23.6
2007-09-24 25.18 26.5 24.9 24.9
2007-12-19 21.36 21.9 21.18 21.18
2008-12-05 8.64 8.66 8.12 8.12
2008-12-10 9.15 9.26 8.51 8.51
2009-01-14 8.61 8.67 8.15 8.15
2009-01-21 9.02 9.14 8.51 8.51
2009-02-09 10.39 10.58 10.02 10.02
2009-03-26 10.47 10.5 10.0 10.0
2010-03-11 15.32 15.43 14.88 14.88
2010-03-17 15.51 15.58 15.06 15.06
2011-01-07 11.61 11.64 11.21 11.21
2011-04-22 18.51 18.66 17.79 17.79
2011-05-03 19.43 19.55 18.74 18.74
2011-07-04 17.82 17.94 17.41 17.41
2011-08-04 14.82 14.86 14.33 14.33
2011-08-10 13.86 13.97 13.41 13.41
2011-08-12 15.01 15.35 14.37 14.37
2011-08-15 15.61 15.9 15.04 15.04
2011-10-21 11.27 11.48 11.23 11.23
2011-10-25 12.13 12.16 11.39 11.39
2011-10-31 12.77 12.85 12.25 12.25
2011-12-30 10.46 10.57 10.35 10.35
2012-02-24 11.14 11.24 11.01 11.01
2012-03-15 11.92 12.43 11.35 11.35
2012-03-16 12.39 12.58 11.75 11.75
2012-05-07 11.66 11.75 11.07 11.07
2012-09-25 7.83 7.94 7.78 7.78
2012-09-28 8.02 8.08 7.8 7.8
2012-10-12 8.15 8.35 8.05 8.05
2012-10-30 7.71 7.8 7.63 7.63
2012-11-01 7.82 7.85 7.73 7.73
2012-12-17 6.81 6.91 6.65 6.65
2013-02-18 7.87 7.93 7.78 7.78
2013-08-27 6.14 6.14 6.08 6.08
2013-11-08 5.98 6.04 5.9 5.9
2013-11-15 6.13 6.16 6.01 6.01
2013-12-04 6.33 6.42 6.26 6.26
2014-01-24 5.81 5.83 5.58 5.58
2014-01-29 6.05 6.08 5.86 5.86
2014-04-11 6.3 6.33 6.23 6.23
2014-05-27 6.97 7.05 6.81 6.81
2014-09-22 8.93 8.93 8.93 8.93
2014-09-23 9.82 9.82 9.82 9.82
2014-09-24 10.8 10.8 10.8 10.8
2014-09-25 11.88 11.88 11.88 11.88
2014-09-26 13.07 13.07 13.07 13.07
2014-09-29 14.38 14.38 14.38 14.38
2015-05-04 17.75 17.75 17.75 17.75
2015-05-05 16.86 17.7 16.86 16.86
2015-05-20 17.4 17.8 16.92 16.92
2015-05-26 20.45 20.45 19.55 19.55
2015-06-12 28.83 28.83 28.83 28.83
2015-06-23 23.32 23.9 23.32 23.32
2015-06-30 20.03 21.08 20.03 20.03
2015-07-03 17.18 17.18 17.18 17.18
2015-07-07 15.5 15.5 15.5 15.5
2015-07-08 14.73 14.73 14.73 14.73
2015-07-09 14.73 15.43 13.99 13.99
2015-07-16 13.88 14.3 13.88 13.88
2015-07-22 16.7 16.7 16.7 16.7
2015-07-23 17.54 17.54 17.54 17.54
2015-07-28 16.16 16.73 16.16 16.16
2015-08-03 15.3 15.7 15.3 15.3
2015-08-24 15.19 15.19 15.19 15.19
2015-08-25 14.43 14.43 14.43 14.43
2015-08-26 13.71 13.98 13.71 13.71
2015-09-02 11.77 12.11 11.77 11.77
2016-02-05 13.54 14.05 13.38 13.38
2016-03-25 15.17 15.17 14.27 14.27
2016-04-01 15.89 15.94 15.02 15.02
2016-05-31 13.54 13.68 13.07 13.07
2016-07-25 17.57 17.75 16.89 16.89
2016-07-26 17.88 17.96 17.4 17.4
2017-03-27 18.07 18.3 18.0 18.0
2017-04-28 13.99 14.28 13.75 13.75
2017-05-02 14.36 14.65 13.92 13.92
2017-05-19 13.83 13.87 13.58 13.58
2017-08-14 13.14 13.17 12.9 12.9
2017-08-16 13.3 13.37 13.08 13.08
