1994-02-04 8.35 8.4 8.1 8.1
1994-06-03 4.64 4.75 4.61 4.61
1994-09-20 10.78 10.78 9.5 9.5
1994-10-17 7.71 8.36 7.38 7.38
1994-11-16 9.17 9.2 9.02 9.02
1994-12-02 8.65 8.79 8.6 8.6
1995-02-09 4.55 4.58 4.39 4.39
1995-04-19 5.78 5.85 5.7 5.7
1995-05-29 7.91 8.0 7.65 7.65
1995-05-30 8.0 8.3 7.81 7.81
1995-06-02 7.99 8.1 7.92 7.92
1995-06-29 6.55 6.64 6.5 6.5
1995-07-05 6.51 6.65 6.15 6.15
1995-07-21 6.7 6.8 6.68 6.68
1995-07-25 6.82 7.1 6.75 6.75
1995-08-07 6.85 6.85 6.7 6.7
1995-08-14 7.28 7.38 6.9 6.9
1995-09-05 6.67 6.8 6.6 6.6
1995-09-11 6.74 6.79 6.62 6.62
1995-09-26 6.25 6.26 6.2 6.2
1995-11-16 5.95 6.15 5.95 5.95
1995-11-20 5.93 5.95 5.81 5.81
1995-12-14 5.67 5.73 5.66 5.66
1996-01-04 4.98 4.99 4.7 4.7
1996-01-16 4.88 4.93 4.88 4.88
1996-01-19 4.7 4.75 4.6 4.6
1996-01-26 4.7 4.75 4.6 4.6
1996-02-16 4.89 4.9 4.77 4.77
1996-03-20 4.95 4.96 4.89 4.89
1996-03-21 4.95 4.98 4.94 4.94
1996-03-25 4.95 5.0 4.9 4.9
1996-03-29 4.81 4.85 4.8 4.8
1996-04-03 4.8 4.85 4.71 4.71
1996-04-04 4.83 4.85 4.8 4.8
1996-04-16 5.01 5.04 4.95 4.95
1996-04-24 5.77 5.8 5.55 5.55
1996-04-26 6.15 6.2 5.59 5.59
1996-04-29 6.63 6.77 6.17 6.17
1996-05-06 6.75 6.98 6.2 6.2
1996-07-01 5.55 5.68 5.5 5.5
1996-07-11 5.4 5.66 5.36 5.36
1996-07-15 5.31 5.5 5.25 5.25
1996-07-16 5.6 5.68 5.35 5.35
1996-07-18 5.76 5.95 5.61 5.61
1996-07-19 6.18 6.2 5.8 5.8
1996-10-07 6.78 6.98 6.6 6.6
1996-11-08 6.86 6.92 6.56 6.56
1996-11-15 6.96 7.08 6.8 6.8
1996-12-17 8.26 8.26 8.26 8.26
1996-12-18 8.75 8.93 7.43 7.43
1997-01-07 7.4 7.58 7.26 7.26
1997-01-31 8.52 8.65 8.3 8.3
1997-02-20 7.94 8.1 7.38 7.38
1997-02-21 8.45 8.5 8.0 8.0
1997-03-24 10.07 10.45 9.96 9.96
1997-03-31 11.1 11.55 10.9 10.9
1997-04-02 11.06 11.43 10.9 10.9
1997-06-13 8.87 8.95 8.2 8.2
1997-09-10 8.97 8.99 8.6 8.6
1997-09-30 7.85 7.96 7.8 7.8
1997-10-10 8.02 8.15 7.9 7.9
1997-10-16 8.28 8.28 8.05 8.05
1997-11-04 8.21 8.27 8.0 8.0
1997-11-06 8.26 8.41 8.05 8.05
1997-11-11 8.3 8.39 8.12 8.12
1997-11-26 8.16 8.17 8.0 8.0
1998-01-12 8.3 8.65 8.3 8.3
1998-01-20 8.1 8.2 7.99 7.99
1998-01-23 8.2 8.2 8.0 8.0
1998-06-18 8.74 8.98 8.7 8.7
1998-07-10 8.46 8.8 8.2 8.2
1998-07-27 8.2 8.3 8.1 8.1
1998-07-29 8.13 8.2 8.06 8.06
1998-09-30 7.65 7.7 7.52 7.52
1998-12-28 7.61 7.71 7.56 7.56
1999-02-02 7.3 7.36 7.25 7.25
1999-02-09 6.8 6.82 6.57 6.57
1999-04-05 8.54 8.65 8.2 8.2
1999-05-11 8.65 8.75 8.41 8.41
1999-05-12 8.7 8.8 8.55 8.55
1999-05-18 8.9 8.92 8.53 8.53
1999-05-25 11.74 11.74 10.85 10.85
1999-09-07 10.27 10.4 10.14 10.14
1999-09-09 10.94 10.96 10.35 10.35
1999-09-10 11.24 11.7 11.1 11.1
1999-12-17 8.25 8.25 8.05 8.05
2000-03-03 10.51 10.51 9.85 9.85
2000-03-17 9.67 9.9 9.1 9.1
2000-05-09 12.51 12.88 12.22 12.22
2000-05-11 11.98 12.1 11.7 11.7
2000-10-10 13.0 13.09 12.83 12.83
2000-12-04 13.5 13.67 13.35 13.35
2000-12-28 12.75 13.29 12.5 12.5
2001-01-11 13.16 13.3 13.15 13.15
2001-02-23 11.7 11.88 11.53 11.53
2001-03-01 11.65 11.8 11.51 11.51
2001-03-02 11.98 12.37 11.85 11.85
2001-05-18 17.12 17.32 16.15 16.15
2001-07-03 15.15 15.17 15.0 15.0
2001-07-06 14.98 15.15 14.91 14.91
2001-08-03 12.9 13.07 12.7 12.7
2001-08-09 13.63 13.74 13.28 13.28
2001-11-22 10.79 10.87 10.49 10.49
2001-11-27 10.77 10.78 10.56 10.56
2002-01-23 7.16 7.2 6.25 6.25
2002-03-07 9.4 9.66 9.15 9.15
2002-04-05 9.88 10.12 9.76 9.76
2002-04-12 9.89 10.0 9.71 9.71
2002-04-26 9.74 9.8 9.6 9.6
2002-05-08 9.95 10.07 9.85 9.85
2002-06-04 9.26 9.34 9.0 9.0
2002-06-06 9.38 9.5 8.8 8.8
2002-06-20 9.14 9.23 8.97 8.97
2002-07-22 9.5 9.6 9.45 9.45
2002-07-29 9.45 9.47 9.22 9.22
2002-08-02 9.7 9.74 9.5 9.5
2002-11-01 8.18 8.2 8.07 8.07
2002-11-05 8.44 8.5 8.32 8.32
2003-01-13 7.75 7.75 7.44 7.44
2003-01-24 8.18 8.18 8.01 8.01
2003-01-27 8.3 8.32 8.01 8.01
2003-02-24 8.05 8.06 7.98 7.98
2003-05-15 6.52 6.62 6.28 6.28
2003-05-22 6.89 6.99 6.8 6.8
2003-08-07 6.31 6.36 6.3 6.3
2003-08-26 6.16 6.2 6.11 6.11
2003-11-24 5.35 5.46 5.16 5.16
2003-12-01 5.45 5.46 5.3 5.3
2004-04-02 6.23 6.28 6.16 6.16
2004-04-08 6.36 6.44 6.3 6.3
2004-07-01 4.95 4.96 4.8 4.8
2004-07-06 4.99 5.02 4.91 4.91
2004-08-09 4.76 4.8 4.7 4.7
2004-11-03 4.76 4.78 4.64 4.64
2005-01-10 4.47 4.5 4.4 4.4
2005-01-13 4.5 4.51 4.45 4.45
2005-01-14 4.56 4.57 4.5 4.5
2005-02-02 4.22 4.23 4.01 4.01
2005-02-16 4.22 4.28 4.2 4.2
2005-02-18 4.28 4.3 4.22 4.22
2005-04-01 3.87 3.96 3.71 3.71
2005-04-07 3.87 3.95 3.8 3.8
2005-04-08 3.94 3.95 3.85 3.85
2005-04-14 3.94 4.05 3.9 3.9
2005-04-21 4.02 4.07 3.94 3.94
2005-05-19 4.09 4.1 4.01 4.01
2005-06-13 4.13 4.2 4.02 4.02
2005-06-20 4.13 4.14 3.97 3.97
2005-08-05 3.86 3.86 3.79 3.79
2005-08-15 3.98 3.98 3.76 3.76
2005-09-07 4.3 4.31 4.06 4.06
2005-09-09 4.45 4.48 4.33 4.33
2005-10-18 4.39 4.44 4.35 4.35
2005-10-21 4.37 4.43 4.27 4.27
2005-11-18 3.97 4.02 3.89 3.89
2005-12-09 3.98 4.01 3.92 3.92
2005-12-23 4.19 4.21 4.07 4.07
2006-01-17 4.32 4.35 4.28 4.28
2006-03-20 4.98 5.04 4.76 4.76
2006-04-04 6.04 6.07 5.82 5.82
2006-04-12 7.01 7.04 6.45 6.45
2006-04-19 7.09 7.15 6.45 6.45
2006-04-27 7.89 8.06 7.7 7.7
2006-05-12 8.68 8.74 8.18 8.18
2006-05-15 9.55 9.55 8.76 8.76
2006-05-19 9.29 9.37 8.68 8.68
2006-07-20 8.8 9.1 8.5 8.5
2006-12-25 12.42 12.67 11.79 11.79
2006-12-26 13.16 13.17 12.42 12.42
2006-12-27 13.73 13.95 13.0 13.0
2007-01-09 14.35 14.52 13.6 13.6
2007-01-15 15.09 15.3 14.1 14.1
2007-01-19 16.84 16.88 16.0 16.0
2007-01-22 16.95 17.3 16.22 16.22
2007-01-29 16.8 16.98 15.7 15.7
2007-02-01 17.96 18.28 16.3 16.3
2007-02-13 18.91 19.0 18.11 18.11
2007-02-14 19.38 19.79 18.5 18.5
2007-02-28 18.33 18.86 17.41 17.41
2007-03-02 17.53 18.0 17.5 17.5
2007-03-06 17.8 18.04 17.42 17.42
2007-05-08 19.97 20.48 19.5 19.5
2007-05-21 21.93 21.95 20.28 20.28
2007-06-07 18.64 19.0 17.93 17.93
2007-06-15 23.98 23.98 22.1 22.1
2007-07-23 21.37 21.58 20.58 20.58
2007-08-28 22.85 22.95 21.95 21.95
2007-09-03 24.16 24.77 23.0 23.0
2007-09-04 24.78 25.0 24.02 24.02
2007-09-28 21.38 21.4 21.0 21.0
2007-11-14 19.65 19.9 19.1 19.1
2007-11-19 22.75 22.76 21.09 21.09
2007-11-22 23.03 23.59 22.52 22.52
2007-11-23 23.33 23.8 22.87 22.87
2007-12-27 30.03 31.58 29.89 29.89
2008-01-02 31.99 32.48 30.56 30.56
2008-06-24 13.6 13.63 12.93 12.93
2008-07-15 14.88 15.38 14.8 14.8
2009-02-25 12.0 12.3 11.11 11.11
2009-06-19 8.96 9.02 8.71 8.71
2009-07-07 8.76 8.88 8.7 8.7
2009-09-21 8.97 8.98 8.31 8.31
2009-09-22 9.05 9.3 8.98 8.98
2009-11-20 10.68 10.72 10.52 10.52
2009-11-23 10.96 11.05 10.65 10.65
2009-11-30 10.45 10.51 9.95 9.95
2010-05-19 9.9 9.99 9.6 9.6
2010-06-22 10.81 11.12 10.58 10.58
2010-06-30 10.14 10.27 9.85 9.85
2010-07-20 10.9 11.01 10.81 10.81
2010-07-27 11.49 11.69 10.92 10.92
2011-01-25 11.08 11.08 10.7 10.7
2011-01-26 11.31 11.36 10.95 10.95
2011-01-31 10.93 10.99 10.8 10.8
2011-02-01 11.0 11.04 10.83 10.83
2011-02-10 11.0 11.02 10.71 10.71
2011-02-11 11.26 11.36 11.0 11.0
2011-09-05 9.36 9.44 9.25 9.25
2011-11-03 8.64 8.76 8.6 8.6
2012-03-02 7.83 7.84 7.7 7.7
2012-06-18 7.41 7.5 7.38 7.38
2012-06-19 7.4 7.51 7.38 7.38
2012-06-20 7.47 7.59 7.39 7.39
2012-06-26 7.33 7.35 7.17 7.17
2012-06-29 7.19 7.2 7.08 7.08
2012-07-03 7.33 7.37 7.22 7.22
2012-07-04 7.48 7.5 7.3 7.3
2012-09-19 8.27 8.38 8.18 8.18
2013-07-10 5.8 5.82 5.57 5.57
2013-08-01 6.21 6.23 6.12 6.12
2013-11-18 7.32 7.35 7.16 7.16
2013-11-21 7.38 7.43 7.31 7.31
2014-02-11 6.3 6.3 6.2 6.2
2014-02-14 6.39 6.4 6.28 6.28
2014-02-17 6.47 6.47 6.39 6.39
2014-03-17 6.54 6.55 6.43 6.43
2014-09-23 8.0 8.02 7.94 7.94
2014-10-29 8.47 8.51 8.33 8.33
2014-11-03 9.06 9.34 8.67 8.67
2014-11-06 8.68 8.72 8.59 8.59
2015-02-03 8.69 8.75 8.6 8.6
2015-07-14 9.8 9.8 9.8 9.8
2015-07-16 9.27 9.62 8.2 8.2
2015-09-16 7.46 7.52 6.94 6.94
2016-03-18 13.11 13.11 12.15 12.15
2016-05-31 7.03 7.03 6.36 6.36
2016-06-01 6.92 7.1 6.9 6.9
2016-07-21 6.75 6.85 6.53 6.53
2016-07-25 6.61 6.66 6.54 6.54
2016-09-13 8.7 8.85 8.33 8.33
2016-12-20 10.16 10.35 10.05 10.05
2016-12-27 10.19 10.34 9.81 9.81
2016-12-28 10.19 10.41 10.13 10.13
