1999-10-26 9.7 9.78 9.3 9.3
1999-11-12 9.63 9.74 9.35 9.35
1999-12-30 9.6 9.65 9.49 9.49
2000-01-06 10.05 10.18 9.63 9.63
2000-01-17 10.46 10.5 10.1 10.1
2000-02-21 12.19 12.19 11.31 11.31
2000-02-24 11.18 11.25 10.85 10.85
2000-02-28 11.38 11.45 11.1 11.1
2000-03-15 10.85 11.25 10.68 10.68
2000-03-17 10.98 11.15 10.8 10.8
2000-03-23 11.62 11.95 11.4 11.4
2000-03-27 11.82 12.56 11.4 11.4
2000-05-08 14.96 14.96 13.7 13.7
2000-05-22 14.9 15.38 14.85 14.85
2000-06-01 14.88 15.19 14.65 14.65
2000-06-07 15.17 15.31 14.85 14.85
2000-06-20 14.42 14.6 14.2 14.2
2000-07-28 15.49 15.85 15.3 15.3
2000-08-03 15.14 15.18 14.82 14.82
2000-08-17 15.47 15.48 15.02 15.02
2000-08-21 15.6 15.86 15.55 15.55
2000-08-22 15.46 15.97 15.08 15.08
2000-08-24 15.95 16.1 15.05 15.05
2000-09-07 16.9 17.08 16.1 16.1
2000-09-22 16.5 16.6 16.21 16.21
2000-09-25 16.8 16.88 16.6 16.6
2000-09-27 17.35 17.49 16.78 16.78
2000-10-25 17.5 17.94 17.5 17.5
2000-10-31 17.22 17.39 16.87 16.87
2000-11-08 17.1 17.15 16.85 16.85
2000-11-23 18.95 18.95 18.39 18.39
2000-12-06 18.61 18.9 18.6 18.6
2000-12-19 17.69 17.75 17.45 17.45
2001-01-10 18.03 18.15 17.01 17.01
2001-01-19 17.15 17.4 17.0 17.0
2001-02-13 17.9 18.08 17.55 17.55
2001-02-26 19.28 19.3 18.89 18.89
2001-03-02 20.18 20.18 19.55 19.55
2001-03-27 12.13 12.4 11.9 11.9
2001-04-02 13.21 13.3 12.5 12.5
2001-05-29 14.38 14.45 14.2 14.2
2001-06-05 14.73 14.75 14.5 14.5
2001-07-10 13.89 13.93 13.0 13.0
2001-07-27 14.0 14.08 13.8 13.8
2001-08-01 13.86 14.0 13.35 13.35
2001-08-03 13.81 13.86 13.7 13.7
2001-08-08 13.72 13.77 12.55 12.55
2001-08-21 13.28 13.4 13.1 13.1
2001-09-27 11.0 11.3 10.5 10.5
2001-10-23 11.06 11.06 10.05 10.05
2001-12-07 11.27 11.48 10.97 10.97
2001-12-14 10.97 11.08 10.7 10.7
2001-12-18 10.96 10.99 10.7 10.7
2001-12-21 10.97 11.03 10.8 10.8
2001-12-31 10.58 10.6 10.4 10.4
2002-01-08 10.46 10.65 9.41 9.41
2002-01-16 10.03 10.2 9.95 9.95
2002-01-23 10.83 10.88 10.05 10.05
2002-01-25 10.91 11.0 10.8 10.8
2002-02-25 11.89 11.92 11.45 11.45
2002-03-04 11.88 11.9 11.56 11.56
2002-04-03 12.2 12.28 12.02 12.02
2002-06-20 7.14 7.23 7.1 7.1
2002-09-17 6.46 6.65 6.05 6.05
2002-10-10 6.1 6.13 6.02 6.02
2002-11-04 6.39 6.47 6.2 6.2
2002-12-17 5.65 5.72 5.54 5.54
2002-12-23 5.75 5.8 5.67 5.67
2003-01-08 5.36 5.36 5.11 5.11
2003-01-16 5.8 5.81 5.61 5.61
2003-02-11 5.73 5.74 5.61 5.61
2003-03-31 5.52 5.53 5.44 5.44
2003-04-11 5.79 5.92 5.62 5.62
2003-04-30 5.34 5.35 5.26 5.26
2003-06-10 5.37 5.38 5.3 5.3
2003-06-13 5.44 5.46 5.4 5.4
2003-07-23 5.21 5.26 5.1 5.1
2003-08-11 4.94 4.96 4.9 4.9
2003-08-19 4.9 4.91 4.86 4.86
2003-10-15 4.49 4.54 4.48 4.48
2003-11-03 4.49 4.52 4.36 4.36
2003-11-04 4.53 4.6 4.45 4.45
2003-11-24 4.65 4.67 4.52 4.52
2004-01-02 4.04 4.04 4.0 4.0
2004-03-10 4.67 4.67 4.55 4.55
2004-03-31 5.08 5.18 5.01 5.01
2004-04-05 5.19 5.25 5.09 5.09
2004-05-17 4.32 4.36 4.22 4.22
2004-06-30 4.5 4.76 4.4 4.4
2004-07-13 4.21 4.24 4.16 4.16
2004-07-16 4.27 4.3 4.17 4.17
2004-08-17 3.54 3.56 3.5 3.5
2004-08-24 3.61 3.65 3.5 3.5
2004-09-02 3.65 3.65 3.56 3.56
2004-09-06 3.71 3.72 3.66 3.66
2004-09-14 3.62 3.64 3.5 3.5
2004-09-15 3.81 3.88 3.62 3.62
2004-10-08 3.83 3.86 3.65 3.65
2004-11-03 3.38 3.39 3.28 3.28
2004-11-15 3.47 3.49 3.42 3.42
2004-12-21 3.33 3.44 3.32 3.32
2005-01-07 3.23 3.27 3.19 3.19
2005-01-10 3.32 3.32 3.19 3.19
2005-02-02 3.09 3.09 2.94 2.94
2005-02-04 3.05 3.08 2.98 2.98
2005-02-21 3.15 3.15 3.08 3.08
2005-03-11 3.21 3.22 3.08 3.08
2005-04-07 2.83 2.88 2.77 2.77
2005-04-13 2.85 2.89 2.78 2.78
2005-04-26 2.33 2.35 2.24 2.24
2005-05-12 2.15 2.18 2.11 2.11
2005-05-17 2.32 2.45 2.3 2.3
2005-05-30 2.32 2.32 2.2 2.2
2005-06-08 2.39 2.41 2.24 2.24
2005-06-22 2.29 2.3 2.26 2.26
2005-06-27 2.28 2.32 2.22 2.22
2005-07-28 2.01 2.06 2.0 2.0
2005-08-01 2.08 2.08 1.96 1.96
2005-08-24 2.22 2.25 2.2 2.2
2005-08-26 2.3 2.32 2.24 2.24
2005-11-24 2.17 2.18 2.14 2.14
2005-12-06 2.09 2.1 2.05 2.05
2005-12-09 2.12 2.13 2.07 2.07
2005-12-23 2.16 2.16 2.12 2.12
2005-12-29 2.27 2.27 2.24 2.24
2006-01-10 2.3 2.32 2.28 2.28
2006-01-18 2.37 2.38 2.31 2.31
2006-01-20 2.44 2.45 2.4 2.4
2006-01-24 2.58 2.65 2.49 2.49
2006-02-20 2.54 2.6 2.52 2.52
2006-03-09 2.41 2.44 2.4 2.4
2006-03-15 2.37 2.39 2.33 2.33
2006-05-08 2.63 2.66 2.55 2.55
2006-05-10 3.03 3.18 2.89 2.89
2006-06-01 3.87 3.87 3.55 3.55
2006-06-15 3.78 3.78 3.5 3.5
2006-06-23 3.76 3.78 3.66 3.66
2006-07-25 3.58 3.59 3.44 3.44
2006-08-08 3.17 3.18 3.06 3.06
2006-08-16 3.18 3.2 3.12 3.12
2006-08-28 3.39 3.4 3.27 3.27
2006-08-30 3.41 3.47 3.34 3.34
2006-09-05 3.44 3.5 3.43 3.43
2006-09-08 3.51 3.58 3.4 3.4
2006-09-15 3.49 3.5 3.43 3.43
2006-09-21 3.68 3.7 3.65 3.65
2006-12-29 2.96 3.01 2.93 2.93
2007-01-18 3.78 3.81 3.6 3.6
2007-01-22 4.14 4.14 3.76 3.76
2007-02-02 4.29 4.29 4.18 4.18
2007-02-05 4.72 4.72 4.72 4.72
2007-03-05 5.24 5.24 5.24 5.24
2007-03-14 6.02 6.31 5.42 5.42
2007-04-20 7.48 7.48 6.8 6.8
2007-05-30 9.96 10.58 9.96 9.96
2007-06-05 7.21 7.25 6.53 6.53
2007-08-02 7.82 7.87 7.28 7.28
2007-08-15 9.67 9.67 8.8 8.8
2007-09-17 10.13 10.36 9.95 9.95
2007-12-13 8.1 8.32 8.03 8.03
2008-01-23 10.12 10.39 9.0 9.0
2008-02-04 7.73 7.73 7.18 7.18
2008-02-13 7.76 8.16 7.61 7.61
2008-03-21 6.73 6.85 6.53 6.53
2008-04-23 4.58 4.65 4.15 4.15
2008-05-19 5.93 5.93 5.39 5.39
2008-07-07 4.35 4.4 4.09 4.09
2008-07-14 4.26 4.28 4.07 4.07
2008-07-28 4.25 4.26 4.1 4.1
2008-08-28 2.73 2.81 2.71 2.71
2008-10-24 2.22 2.3 2.16 2.16
2008-10-28 2.06 2.07 1.91 1.91
2008-11-07 2.14 2.18 2.04 2.04
2008-12-01 2.99 3.05 2.92 2.92
2008-12-17 2.83 2.92 2.78 2.78
2009-01-07 2.8 2.8 2.66 2.66
2009-01-15 2.83 2.88 2.77 2.77
2009-02-06 3.14 3.16 2.99 2.99
2009-02-13 3.55 3.62 3.3 3.3
2009-03-16 3.18 3.21 3.07 3.07
2009-03-23 3.45 3.47 3.38 3.38
2009-04-28 3.87 3.97 3.7 3.7
2009-04-29 3.93 4.04 3.82 3.82
2009-04-30 4.07 4.12 3.9 3.9
2009-06-15 6.6 6.6 6.06 6.06
2009-09-11 6.63 6.94 6.48 6.48
2009-09-15 6.82 7.02 6.69 6.69
2009-09-17 6.91 6.97 6.7 6.7
2009-11-17 7.85 7.91 7.2 7.2
2009-11-30 8.43 8.52 7.74 7.74
2009-12-02 8.8 8.97 8.51 8.51
2009-12-10 8.25 8.35 8.03 8.03
2009-12-23 7.86 7.87 7.54 7.54
2010-01-04 8.1 8.21 8.02 8.02
2010-02-09 7.98 8.2 7.81 7.81
2010-03-29 8.17 8.29 8.09 8.09
2010-04-29 9.11 9.56 8.8 8.8
2010-05-04 8.65 8.65 8.65 8.65
2010-05-05 8.22 8.22 8.22 8.22
2010-05-06 7.83 8.42 7.81 7.81
2010-05-13 8.29 8.45 8.1 8.1
2010-06-04 7.92 8.03 7.79 7.79
2010-06-21 7.62 7.63 7.22 7.22
2010-06-23 7.68 7.93 7.51 7.51
2010-06-28 7.39 7.56 7.35 7.35
2010-07-05 6.72 6.76 6.53 6.53
2010-07-20 7.6 7.67 7.45 7.45
2010-08-02 7.72 7.75 7.5 7.5
2010-10-11 8.66 8.88 8.43 8.43
2010-10-25 8.14 8.14 7.85 7.85
2010-11-17 9.1 9.3 8.91 8.91
2011-01-27 8.71 8.84 8.4 8.4
2011-02-01 8.91 9.02 8.68 8.68
2011-02-24 9.15 9.17 8.98 8.98
2011-04-01 11.77 11.77 11.25 11.25
2011-05-18 11.18 11.18 11.18 11.18
2011-05-19 10.62 10.62 10.62 10.62
2011-05-20 10.09 10.09 10.09 10.09
2011-05-24 9.59 9.59 9.59 9.59
2011-05-25 9.11 9.11 9.11 9.11
2011-06-13 8.85 8.93 8.6 8.6
2011-08-05 10.21 10.26 9.76 9.76
2011-08-10 9.47 9.67 9.35 9.35
2011-08-12 9.69 9.8 9.59 9.59
2011-09-09 8.75 8.86 8.38 8.38
2011-11-17 7.97 8.05 7.82 7.82
2011-12-19 6.77 6.77 6.77 6.77
2011-12-20 6.43 6.43 6.43 6.43
2011-12-21 6.13 6.21 6.11 6.11
2011-12-26 6.1 6.19 6.0 6.0
2012-01-16 5.12 5.12 5.12 5.12
2012-01-17 4.86 4.86 4.86 4.86
2012-01-18 4.64 4.9 4.62 4.62
2012-02-06 4.99 4.99 4.99 4.99
2012-05-07 5.5 5.5 5.5 5.5
2012-05-08 5.78 5.78 5.78 5.78
2012-05-09 6.07 6.07 6.07 6.07
2012-05-10 6.37 6.37 6.37 6.37
2012-05-11 6.69 6.69 6.69 6.69
2012-05-24 5.59 5.65 5.48 5.48
2012-06-19 5.7 5.74 5.53 5.53
2012-07-25 4.84 5.03 4.77 4.77
2012-07-26 5.08 5.08 4.85 4.85
2012-07-30 4.74 4.74 4.74 4.74
2012-07-31 4.5 4.5 4.5 4.5
2012-08-01 4.28 4.28 4.28 4.28
2012-08-16 3.74 3.77 3.67 3.67
2012-08-17 3.93 3.93 3.83 3.83
2012-08-22 4.19 4.2 4.08 4.08
2012-09-04 4.81 4.95 4.64 4.64
2012-10-29 5.79 5.95 5.67 5.67
2012-11-23 4.93 5.05 4.83 4.83
2012-12-04 4.8 4.87 4.65 4.65
2013-03-18 5.25 5.39 5.23 5.23
2013-04-01 5.18 5.2 5.01 5.01
2013-04-02 5.34 5.37 5.16 5.16
2013-04-16 5.07 5.08 4.85 4.85
2013-07-11 4.03 4.15 3.91 3.91
2013-07-30 4.01 4.12 3.95 3.95
2013-08-01 4.04 4.06 3.96 3.96
2013-08-02 4.06 4.15 4.02 4.02
2013-09-10 4.86 4.91 4.77 4.77
2013-09-18 4.74 4.75 4.64 4.64
2013-09-25 4.78 4.81 4.7 4.7
2013-10-11 4.98 5.02 4.86 4.86
2013-11-26 4.38 4.44 4.35 4.35
2013-11-29 4.49 4.52 4.42 4.42
2013-12-09 4.23 4.23 4.18 4.18
2014-01-13 3.82 3.9 3.79 3.79
2014-01-21 4.17 4.23 4.1 4.1
2014-01-29 4.2 4.26 3.89 3.89
2014-02-20 4.76 4.79 4.5 4.5
2014-05-05 3.59 3.59 3.59 3.59
2014-05-06 3.41 3.47 3.41 3.41
2014-05-29 3.11 3.14 3.1 3.1
2014-06-11 3.32 3.34 3.29 3.29
2014-07-04 3.5 3.54 3.42 3.42
2014-07-08 3.4 3.45 3.38 3.38
2014-07-25 3.66 3.66 3.47 3.47
2014-08-22 4.37 4.39 4.25 4.25
2014-09-10 4.74 4.74 4.49 4.49
2014-09-29 5.52 5.52 5.32 5.32
2014-10-20 5.19 5.23 4.96 4.96
2014-10-21 5.21 5.36 5.15 5.15
2014-10-28 5.19 5.2 4.99 4.99
2014-11-25 4.92 5.01 4.86 4.86
2014-12-11 4.67 4.67 4.4 4.4
2014-12-15 4.44 4.52 4.38 4.38
2014-12-23 4.24 4.24 4.24 4.24
2014-12-24 4.45 4.45 4.45 4.45
2014-12-25 4.67 4.67 4.67 4.67
2015-01-13 4.62 4.65 4.55 4.55
2015-02-04 4.91 4.95 4.82 4.82
2015-02-12 4.67 4.7 4.64 4.64
2015-02-13 4.76 4.81 4.69 4.69
2015-02-16 4.85 4.87 4.76 4.76
2015-03-18 5.7 5.76 5.57 5.57
2015-03-19 5.83 5.87 5.7 5.7
2015-03-23 6.43 6.43 6.12 6.12
2015-03-30 5.93 5.93 5.93 5.93
2015-03-31 5.85 6.07 5.63 5.63
2015-04-02 6.01 6.03 5.89 5.89
2015-04-08 6.66 6.66 6.66 6.66
2015-08-31 6.33 6.33 6.33 6.33
2015-09-01 6.01 6.01 6.01 6.01
2015-09-02 5.71 5.71 5.71 5.71
2015-09-07 5.42 5.42 5.42 5.42
2015-09-08 5.15 5.15 5.15 5.15
2015-09-09 4.91 5.0 4.89 4.89
2015-09-22 5.08 5.28 5.01 5.01
2015-10-09 5.51 5.51 5.22 5.22
2015-10-23 6.24 6.34 6.1 6.1
2015-11-03 6.42 6.51 6.33 6.33
2015-11-06 6.75 6.77 6.56 6.56
2015-11-09 7.09 7.09 7.09 7.09
2015-11-10 7.44 7.44 7.44 7.44
2015-11-16 8.07 8.09 7.62 7.62
2015-11-23 8.07 8.24 8.03 8.03
2015-11-25 7.34 7.44 7.34 7.34
2015-12-03 7.05 7.26 6.73 6.73
2015-12-04 7.4 7.4 7.1 7.1
