1994-02-24 7.71 7.75 6.8 6.8
1994-03-14 8.0 8.2 7.0 7.0
1994-03-21 7.6 7.9 7.3 7.3
1994-04-12 7.96 8.08 7.88 7.88
1994-05-03 8.31 8.35 8.0 8.0
1994-05-12 7.91 8.23 7.86 7.86
1994-05-23 7.91 8.0 7.73 7.73
1994-06-29 5.96 6.0 5.8 5.8
1994-07-08 5.9 5.92 5.75 5.75
1994-07-25 5.0 5.0 4.52 4.52
1994-09-12 9.7 9.86 9.0 9.0
1994-09-21 9.25 9.25 8.78 8.78
1994-10-19 5.52 5.58 5.28 5.28
1994-11-03 6.15 6.19 5.8 5.8
1994-11-24 5.65 5.7 5.58 5.58
1994-11-29 5.75 5.75 5.6 5.6
1994-12-01 5.7 5.72 5.66 5.66
1994-12-12 5.35 5.5 5.35 5.35
1994-12-16 5.75 5.87 5.35 5.35
1994-12-21 5.55 5.7 5.48 5.48
1994-12-28 5.52 5.59 5.5 5.5
1995-01-04 5.55 5.6 5.4 5.4
1995-01-06 5.4 5.45 5.36 5.36
1995-01-09 5.25 5.39 5.15 5.15
1995-01-24 4.64 4.7 4.63 4.63
1995-01-27 4.78 4.82 4.71 4.71
1995-02-09 4.72 4.73 4.5 4.5
1995-02-13 4.62 4.64 4.52 4.52
1995-02-22 5.05 5.08 4.6 4.6
1995-03-03 4.85 4.88 4.75 4.75
1995-03-08 5.5 5.64 5.25 5.25
1995-03-14 4.93 5.05 4.88 4.88
1995-03-28 5.3 5.35 5.21 5.21
1995-04-04 5.52 5.6 5.38 5.38
1995-04-06 5.39 5.42 5.28 5.28
1995-04-12 5.15 5.25 5.09 5.09
1995-04-20 5.31 5.35 5.2 5.2
1995-05-09 4.78 4.8 4.72 4.72
1995-05-11 4.75 4.78 4.68 4.68
1995-05-30 5.7 5.95 5.63 5.63
1995-06-06 5.43 5.45 5.34 5.34
1995-06-21 5.12 5.12 4.98 4.98
1995-06-23 5.08 5.14 5.02 5.02
1995-07-04 4.83 4.83 4.67 4.67
1995-07-07 5.35 5.48 5.0 5.0
1995-07-12 5.12 5.15 5.03 5.03
1995-07-17 5.36 5.47 5.1 5.1
1995-07-20 5.18 5.25 5.12 5.12
1995-07-26 5.2 5.33 5.2 5.2
1995-07-31 5.54 5.6 5.3 5.3
1995-08-03 5.28 5.33 5.25 5.25
1995-08-16 6.04 6.2 5.55 5.55
1995-09-28 5.26 5.26 5.05 5.05
1995-10-10 5.2 5.24 5.1 5.1
1995-10-12 5.7 5.7 5.4 5.4
1995-11-07 5.76 5.8 5.74 5.74
1995-11-08 5.52 5.76 5.0 5.0
1995-11-10 5.42 5.49 5.42 5.42
1995-11-16 5.22 5.3 5.2 5.2
1995-12-04 4.97 5.0 4.95 4.95
1995-12-07 4.94 5.0 4.85 4.85
1995-12-14 4.65 4.74 4.64 4.64
1995-12-19 4.46 4.55 4.41 4.41
1995-12-20 4.55 4.58 4.46 4.46
1995-12-29 4.25 4.28 4.21 4.21
1996-01-09 4.21 4.25 4.05 4.05
1996-01-12 4.07 4.12 4.06 4.06
1996-01-16 4.12 4.18 4.11 4.11
1996-01-22 3.92 4.0 3.92 3.92
1996-01-26 3.97 4.0 3.9 3.9
1996-01-31 4.2 4.24 4.05 4.05
1996-02-12 4.07 4.07 4.03 4.03
1996-02-14 4.09 4.15 4.09 4.09
1996-03-07 4.38 4.39 4.26 4.26
1996-03-18 4.36 4.42 4.3 4.3
1996-03-28 4.34 4.43 4.33 4.33
1996-03-29 4.37 4.37 4.32 4.32
1996-04-01 4.38 4.5 4.35 4.35
1996-04-04 4.35 4.37 4.32 4.32
1996-04-05 4.45 4.47 4.32 4.32
1996-04-08 4.62 4.64 4.45 4.45
1996-04-09 4.77 4.87 4.68 4.68
1996-04-17 4.91 4.93 4.81 4.81
1996-05-09 5.12 5.2 5.1 5.1
1996-05-29 4.88 4.95 4.87 4.87
1996-06-05 4.92 4.97 4.65 4.65
1996-07-02 4.19 4.19 4.05 4.05
1996-07-10 4.18 4.18 4.05 4.05
1996-07-19 4.62 4.65 4.38 4.38
1996-08-08 4.9 4.9 4.72 4.72
1996-08-12 4.8 4.86 4.78 4.78
1996-08-21 4.47 4.54 4.4 4.4
1996-09-10 4.55 4.61 4.5 4.5
1996-09-13 4.48 4.49 4.36 4.36
1996-09-16 4.42 4.5 4.28 4.28
1996-10-11 5.27 5.3 5.0 5.0
1996-10-21 5.2 5.2 4.9 4.9
1996-11-29 7.55 7.61 6.5 6.5
1996-12-02 8.2 8.2 7.88 7.88
1996-12-06 8.38 8.5 8.2 8.2
1996-12-16 6.35 6.35 6.35 6.35
1996-12-17 5.72 5.85 5.72 5.72
1997-01-21 5.49 5.72 5.45 5.45
1997-01-22 5.65 5.66 5.49 5.49
1997-02-19 5.6 5.62 5.25 5.25
1997-02-20 5.61 5.7 5.04 5.04
1997-03-10 6.68 6.77 6.42 6.42
1997-03-31 7.5 7.52 7.18 7.18
1997-04-09 7.35 7.49 7.05 7.05
1997-04-29 7.66 7.69 7.1 7.1
1997-05-15 7.78 7.97 7.1 7.1
1997-05-16 7.0 7.54 7.0 7.0
1997-05-19 7.23 7.4 7.0 7.0
1997-05-22 6.43 6.8 6.43 6.43
1997-05-29 6.38 6.57 6.25 6.25
1997-06-16 6.19 6.3 5.94 5.94
1997-07-11 4.6 4.6 4.36 4.36
1997-07-18 4.81 4.83 4.62 4.62
1997-08-07 5.4 5.43 5.02 5.02
1997-08-14 5.3 5.3 5.1 5.1
1997-09-04 5.7 5.85 5.6 5.6
1997-09-10 6.11 6.18 5.72 5.72
1997-09-16 5.6 5.75 5.5 5.5
1997-09-24 5.25 5.4 5.1 5.1
1997-10-10 5.53 5.6 5.41 5.41
1997-10-16 5.61 5.63 5.5 5.5
1997-10-27 6.14 6.18 5.82 5.82
1997-10-31 6.05 6.05 5.85 5.85
1997-11-03 6.2 6.25 6.05 6.05
1997-11-28 5.47 5.49 5.35 5.35
1997-12-01 5.45 5.47 5.38 5.38
1997-12-02 5.5 5.53 5.4 5.4
1998-02-10 5.78 5.97 5.68 5.68
1998-03-03 5.69 5.73 5.58 5.58
1998-03-18 6.2 6.38 5.98 5.98
1998-03-24 6.38 6.65 6.32 6.32
1998-04-06 7.36 7.66 7.1 7.1
1998-04-17 7.0 7.1 6.5 6.5
1998-04-22 7.85 8.0 7.32 7.32
1998-05-08 7.7 7.74 7.15 7.15
1998-05-13 7.79 8.16 7.5 7.5
1998-05-14 8.09 8.29 7.75 7.75
1998-06-18 6.96 7.09 6.81 6.81
1998-07-01 6.9 7.1 6.71 6.71
1998-07-10 7.49 7.6 7.15 7.15
1998-07-16 7.73 7.8 7.6 7.6
1998-07-29 7.46 7.54 7.34 7.34
1998-08-07 7.61 7.79 7.4 7.4
1998-09-15 8.91 8.92 8.11 8.11
1998-10-19 9.03 9.19 8.85 8.85
1998-11-02 8.05 8.19 7.91 7.91
1998-11-05 8.12 8.17 7.95 7.95
1998-11-24 7.62 7.67 7.38 7.38
1999-01-19 6.45 6.5 6.28 6.28
1999-01-27 6.5 6.5 6.26 6.26
1999-02-02 6.76 7.05 6.75 6.75
1999-02-09 6.29 6.3 6.13 6.13
1999-03-29 7.5 7.58 7.33 7.33
1999-04-02 7.9 7.96 7.59 7.59
1999-04-19 7.56 7.76 7.45 7.45
1999-04-29 7.24 7.28 6.9 6.9
1999-05-11 7.18 7.2 6.9 6.9
1999-06-01 7.36 7.4 7.11 7.11
1999-06-09 7.82 8.25 7.53 7.53
1999-06-14 8.16 8.3 7.95 7.95
1999-06-21 8.37 8.58 7.85 7.85
1999-06-24 8.95 9.28 8.58 8.58
1999-07-14 8.05 8.24 7.9 7.9
1999-07-19 7.66 7.93 7.61 7.61
1999-07-26 8.08 8.15 7.8 7.8
1999-08-05 10.19 10.76 9.8 9.8
1999-08-17 9.23 9.39 9.08 9.08
1999-09-07 9.2 9.4 9.1 9.1
1999-09-09 9.98 10.05 9.3 9.3
1999-09-13 10.18 10.18 9.6 9.6
1999-09-17 9.62 9.78 9.5 9.5
1999-09-28 10.42 10.77 10.3 10.3
1999-11-02 10.66 10.8 10.4 10.4
1999-11-08 11.23 11.25 10.72 10.72
1999-11-09 10.7 11.39 10.54 10.54
1999-11-22 9.55 9.65 9.33 9.33
1999-12-02 9.59 9.88 9.04 9.04
1999-12-10 9.04 9.2 9.0 9.0
2000-01-19 8.14 8.18 7.84 7.84
2000-02-15 8.58 8.58 8.58 8.58
2000-03-07 8.9 9.05 8.5 8.5
2000-03-24 11.18 12.0 11.0 11.0
2000-04-06 11.1 11.35 10.75 10.75
2000-04-21 12.98 13.39 12.71 12.71
2000-04-24 13.11 13.64 12.98 12.98
2000-05-16 10.46 10.5 10.2 10.2
2000-05-19 11.3 11.43 10.65 10.65
2000-06-14 12.15 12.19 11.9 11.9
2000-06-27 11.8 11.81 11.42 11.42
2000-07-19 13.27 13.28 12.76 12.76
2000-07-21 13.53 13.78 13.12 13.12
2000-07-31 14.08 14.45 14.0 14.0
2000-08-02 14.6 14.78 14.28 14.28
2000-09-22 13.43 13.75 13.4 13.4
2000-09-26 13.4 13.78 13.05 13.05
2000-09-29 13.5 13.57 13.33 13.33
2000-10-17 14.13 14.2 14.0 14.0
2000-11-21 14.69 14.95 14.6 14.6
2000-12-21 16.38 16.6 15.68 15.68
2001-02-14 13.54 13.58 13.3 13.3
2001-03-02 13.6 13.65 13.43 13.43
2001-03-16 14.05 14.17 13.8 13.8
2001-03-22 14.95 15.18 14.27 14.27
2001-04-24 16.2 16.27 15.67 15.67
2001-04-26 15.7 15.96 15.38 15.38
2001-04-30 15.85 16.0 15.7 15.7
2001-05-09 16.45 16.5 16.3 16.3
2001-05-18 16.4 16.5 16.25 16.25
2001-05-24 17.45 17.58 16.9 16.9
2001-06-12 17.78 17.96 17.5 17.5
2001-06-21 16.75 16.9 16.65 16.65
2001-06-25 17.5 17.8 16.85 16.85
2001-07-18 17.09 17.2 16.65 16.65
2001-08-29 16.06 16.5 15.55 15.55
2001-09-04 16.33 16.38 16.1 16.1
2001-09-10 16.5 16.55 16.0 16.0
2001-09-18 16.1 16.2 15.76 15.76
2001-09-24 16.32 16.6 16.2 16.2
2001-10-24 14.75 15.18 14.33 14.33
2001-10-30 14.9 14.9 14.05 14.05
2001-11-05 14.13 14.34 14.05 14.05
2001-11-19 14.28 14.3 14.05 14.05
2001-12-03 14.71 14.8 14.35 14.35
2001-12-12 13.85 14.0 13.8 13.8
2001-12-14 13.75 13.99 13.5 13.5
2001-12-17 13.37 13.75 13.21 13.21
2001-12-31 13.03 13.38 13.0 13.0
2002-01-04 13.0 13.2 13.0 13.0
2002-01-08 12.73 13.11 12.7 12.7
2002-01-16 11.74 11.88 11.4 11.4
2002-01-21 11.6 11.8 11.36 11.36
2002-01-22 11.7 12.0 11.5 11.5
2002-01-23 12.27 12.31 11.61 11.61
2002-01-28 12.05 12.25 11.85 11.85
2002-01-31 13.58 13.85 12.86 12.86
2002-02-28 13.08 13.3 13.0 13.0
2002-03-13 14.55 14.76 14.0 14.0
2002-03-25 15.31 15.47 15.0 15.0
2002-03-27 15.48 15.5 15.1 15.1
2002-04-03 17.03 17.2 16.18 16.18
2002-04-19 17.4 17.5 17.3 17.3
2002-04-22 17.32 17.67 17.31 17.31
2002-05-10 19.05 19.18 18.7 18.7
2002-06-04 17.75 17.9 17.55 17.55
2002-06-12 17.66 17.81 17.38 17.38
2002-06-13 17.68 17.93 17.65 17.65
2002-06-14 17.57 17.78 17.45 17.45
2002-07-02 15.44 15.5 14.7 14.7
2002-07-31 15.29 15.3 15.2 15.2
2002-08-07 15.35 15.38 14.8 14.8
2002-08-14 15.28 15.49 15.08 15.08
2002-08-15 15.5 15.68 15.32 15.32
2002-08-26 16.69 16.74 16.3 16.3
2002-09-02 16.78 17.0 16.4 16.4
2002-09-27 16.35 16.47 16.13 16.13
2002-10-21 16.26 16.29 16.02 16.02
2002-10-23 10.85 11.1 10.77 10.77
2002-10-29 11.05 11.15 10.6 10.6
2002-11-06 11.39 11.5 11.06 11.06
2002-11-08 11.41 11.51 11.2 11.2
2003-01-24 10.88 10.89 10.52 10.52
2003-02-19 10.37 10.64 10.16 10.16
2003-02-25 10.36 10.47 10.22 10.22
2003-03-12 10.34 10.36 10.2 10.2
2003-04-08 9.73 9.83 9.52 9.52
2003-04-15 10.62 10.8 9.98 9.98
2003-05-19 10.19 10.21 9.75 9.75
2003-06-02 10.44 10.52 10.3 10.3
2003-06-03 10.56 10.63 10.4 10.4
2003-07-07 10.7 10.88 9.9 9.9
2003-07-08 10.84 10.98 10.7 10.7
2003-07-10 11.73 11.8 11.55 11.55
2003-07-17 12.3 12.31 12.01 12.01
2003-08-14 12.99 13.08 12.82 12.82
2003-08-19 13.0 13.05 12.96 12.96
2003-08-29 12.21 12.3 11.9 11.9
2003-09-02 12.28 12.34 12.2 12.2
2003-09-04 12.27 12.36 12.1 12.1
2003-09-05 12.27 12.36 12.2 12.2
2003-09-30 11.74 11.8 11.65 11.65
2003-10-10 11.94 12.03 11.67 11.67
2003-10-24 12.11 12.25 11.91 11.91
2003-10-31 12.17 12.28 11.98 11.98
2003-11-14 11.69 11.9 11.5 11.5
2003-12-02 11.88 12.05 11.76 11.76
2003-12-25 11.73 11.87 11.39 11.39
2004-02-16 12.43 12.43 11.36 11.36
2004-03-11 11.5 11.62 11.41 11.41
2004-03-12 11.65 11.84 11.48 11.48
2004-03-15 11.86 11.94 11.53 11.53
2004-03-25 11.67 11.85 11.48 11.48
2004-04-13 11.97 12.13 11.77 11.77
2004-04-16 12.05 12.07 11.8 11.8
2004-04-19 12.76 12.85 12.1 12.1
2004-04-30 11.46 11.58 11.38 11.38
2004-05-17 11.05 11.13 11.03 11.03
2004-05-24 10.95 10.98 10.85 10.85
2004-06-09 10.5 10.55 10.48 10.48
2004-06-15 10.43 10.52 10.37 10.37
2004-06-30 10.71 10.76 10.62 10.62
2004-07-05 10.71 10.75 10.65 10.65
2004-07-06 10.9 11.03 10.68 10.68
2004-07-19 10.36 10.5 10.3 10.3
2004-07-21 10.34 10.45 10.3 10.3
2004-07-22 10.36 10.43 10.3 10.3
2004-08-04 10.25 10.25 10.11 10.11
2004-09-03 5.89 5.99 5.87 5.87
2004-09-16 5.82 6.05 5.75 5.75
2004-09-20 7.04 7.04 6.4 6.4
2004-10-18 6.67 6.85 6.42 6.42
2004-10-25 6.5 6.57 6.29 6.29
2004-10-28 6.7 6.82 6.48 6.48
2004-12-20 6.66 6.7 6.27 6.27
2005-01-05 6.35 6.41 6.3 6.3
2005-01-13 6.33 6.4 6.2 6.2
2005-01-18 6.23 6.3 6.18 6.18
2005-02-16 6.03 6.05 5.95 5.95
2005-03-09 6.08 6.18 6.03 6.03
2005-04-06 5.68 5.75 5.58 5.58
2005-04-13 5.83 5.9 5.73 5.73
2005-05-16 5.67 5.75 5.52 5.52
2005-06-21 5.75 5.85 5.69 5.69
2005-06-27 5.83 5.89 5.75 5.75
2005-07-26 5.93 5.94 5.85 5.85
2005-08-05 6.02 6.03 5.89 5.89
2005-09-05 6.07 6.08 5.9 5.9
2005-09-14 6.0 6.0 5.86 5.86
2005-10-27 6.4 6.47 6.13 6.13
2005-11-01 6.65 6.69 6.33 6.33
2005-11-14 6.49 6.5 6.4 6.4
2005-11-16 6.61 6.69 6.5 6.5
2005-11-23 6.43 6.5 6.41 6.41
2005-12-07 6.15 6.15 6.05 6.05
2005-12-09 6.15 6.16 6.04 6.04
2005-12-16 6.25 6.26 6.2 6.2
2005-12-21 6.19 6.23 6.11 6.11
2005-12-23 6.23 6.26 6.16 6.16
2006-01-05 6.3 6.35 6.16 6.16
2006-01-10 6.51 6.57 6.44 6.44
2006-01-18 6.4 6.46 6.27 6.27
2006-02-24 6.38 6.41 6.29 6.29
2006-03-09 5.93 6.1 5.91 5.91
2006-03-14 6.0 6.01 5.91 5.91
2006-03-17 6.08 6.09 5.98 5.98
2006-03-20 6.2 6.2 6.08 6.08
2006-03-22 6.45 6.5 6.23 6.23
2006-04-06 8.34 8.48 8.06 8.06
2006-05-17 9.38 9.38 9.38 9.38
2006-06-06 10.58 10.88 10.3 10.3
2006-06-26 12.14 12.51 11.55 11.55
2006-07-25 10.66 10.68 10.45 10.45
2006-08-14 10.45 10.78 10.2 10.2
2006-08-18 10.47 10.6 10.4 10.4
2006-08-22 10.8 11.0 10.5 10.5
2006-08-23 10.83 11.1 10.75 10.75
2006-08-28 11.12 11.18 10.9 10.9
2006-09-04 11.16 11.25 11.06 11.06
2006-09-21 11.74 11.78 11.1 11.1
2006-10-19 12.29 12.35 11.93 11.93
2006-11-27 10.33 10.38 10.02 10.02
2006-12-04 10.72 10.9 10.61 10.61
2007-01-04 11.85 12.5 11.65 11.65
2007-01-08 14.08 14.08 12.97 12.97
2007-01-09 15.49 15.49 14.28 14.28
2007-01-15 16.0 16.17 14.95 14.95
2007-02-13 17.98 18.15 17.53 17.53
2007-02-15 18.82 18.88 18.11 18.11
2007-03-15 16.29 16.48 16.23 16.23
2007-03-21 17.3 17.5 16.8 16.8
2007-03-27 18.07 18.49 17.83 17.83
2007-04-03 18.59 18.98 17.4 17.4
2007-04-09 19.54 20.45 19.4 19.4
2007-06-01 22.77 23.65 22.0 22.0
2007-06-07 20.59 21.0 20.2 20.2
2007-07-23 20.47 20.48 19.05 19.05
2007-07-25 20.69 20.7 19.61 19.61
2007-08-03 24.6 24.89 23.18 23.18
2007-08-15 23.02 23.3 22.5 22.5
2007-08-20 23.2 23.45 22.6 22.6
2007-09-20 27.37 27.37 24.89 24.89
2007-10-23 24.13 24.49 23.5 23.5
2007-10-30 20.99 21.47 20.22 20.22
2007-11-16 19.15 19.16 18.38 18.38
2007-11-26 20.45 20.99 19.63 19.63
2007-12-19 24.06 24.77 23.91 23.91
2008-01-09 26.71 27.2 26.05 26.05
2008-01-23 23.59 24.02 22.01 22.01
2008-02-29 25.99 26.1 25.0 25.0
2008-03-07 24.45 25.29 24.0 24.0
2008-03-26 19.25 19.49 18.65 18.65
2008-04-07 17.05 17.25 15.61 15.61
2008-04-08 17.58 17.6 16.9 16.9
2008-04-15 16.4 16.4 15.5 15.5
2008-04-23 18.53 18.6 17.4 17.4
2008-05-13 22.73 22.73 20.88 20.88
2008-05-19 20.86 21.65 20.0 20.0
2008-05-27 18.13 18.87 17.5 17.5
2008-06-02 18.18 18.35 17.63 17.63
2008-06-03 18.57 18.98 18.18 18.18
2008-06-25 14.75 14.99 14.2 14.2
2008-07-03 14.34 14.59 13.04 13.04
2008-07-08 15.65 15.88 15.28 15.28
2008-07-15 15.78 16.42 15.29 15.29
2008-08-04 15.24 15.35 14.86 14.86
2008-08-15 13.75 14.6 13.66 13.66
2008-08-29 11.31 11.56 11.03 11.03
2008-09-08 11.75 12.34 11.49 11.49
2008-09-17 11.48 11.66 10.9 10.9
2008-09-25 12.39 12.46 11.8 11.8
2008-10-08 12.31 12.77 12.0 12.0
2008-10-16 11.47 11.7 11.0 11.0
2008-10-28 10.95 11.0 10.44 10.44
2008-11-05 10.84 10.95 10.61 10.61
2008-11-12 10.98 11.18 10.75 10.75
2008-11-14 11.75 11.78 11.35 11.35
2008-11-19 12.5 12.54 11.5 11.5
2008-12-03 15.11 15.15 14.3 14.3
2008-12-04 15.77 15.82 14.8 14.8
2009-02-06 16.29 16.3 15.78 15.78
2009-02-19 15.9 15.97 15.41 15.41
2009-03-02 14.87 15.0 14.49 14.49
2009-03-04 16.05 16.1 15.32 15.32
2009-03-18 15.67 15.73 15.36 15.36
2009-03-30 15.22 15.27 14.85 14.85
2009-04-02 15.64 15.97 15.43 15.43
2009-06-29 18.29 18.48 17.8 17.8
2009-07-07 16.79 16.96 16.7 16.7
2009-07-09 17.37 17.51 16.92 16.92
2009-08-10 17.54 17.65 16.86 16.86
2009-09-11 17.8 17.96 17.05 17.05
2009-09-14 18.45 19.3 18.15 18.15
2009-10-12 17.91 18.23 17.76 17.76
2009-10-19 18.25 18.48 17.78 17.78
2009-11-27 19.93 20.56 19.55 19.55
2009-12-28 19.14 19.39 19.0 19.0
2010-03-03 20.72 20.79 20.36 20.36
2010-04-14 21.0 21.11 20.58 20.58
2010-05-04 22.04 22.08 20.82 20.82
2010-06-09 21.58 21.7 21.0 21.0
2010-06-21 18.84 18.97 18.18 18.18
2010-06-22 19.46 19.56 19.05 19.05
2010-08-18 19.51 19.95 19.2 19.2
2010-08-23 19.57 19.6 18.7 18.7
2010-09-02 20.85 20.99 20.36 20.36
2010-11-03 24.11 25.5 23.68 23.68
2010-11-23 27.03 27.07 26.08 26.08
2011-02-23 22.47 22.75 22.2 22.2
2011-03-23 21.39 21.39 21.1 21.1
2011-04-18 22.54 22.69 22.4 22.4
2011-04-20 23.12 23.19 22.18 22.18
2011-06-03 19.39 19.45 18.89 18.89
2011-06-30 12.32 12.38 11.99 11.99
2011-07-07 12.59 12.78 12.51 12.51
2011-07-14 13.12 13.3 12.9 12.9
2011-08-10 11.81 12.12 11.75 11.75
2011-09-28 11.06 11.44 10.92 10.92
2011-10-19 11.59 11.75 11.41 11.41
2011-10-24 11.88 11.9 11.31 11.31
2011-12-07 10.89 10.97 10.84 10.84
2011-12-20 10.39 10.49 10.26 10.26
2012-02-06 10.7 10.81 10.48 10.48
2012-02-09 10.69 10.85 10.6 10.6
2012-03-01 10.99 11.1 10.9 10.9
2012-03-02 11.18 11.19 10.97 10.97
2012-03-16 11.98 12.13 11.71 11.71
2012-03-19 13.14 13.18 11.92 11.92
2012-05-11 12.15 12.22 11.93 11.93
2012-05-29 11.18 11.21 11.0 11.0
2012-06-15 11.84 12.03 11.69 11.69
2012-06-18 12.0 12.09 11.89 11.89
2012-09-13 10.52 10.67 10.42 10.42
2012-09-18 10.16 10.23 10.1 10.1
2012-11-05 9.55 9.61 9.51 9.51
2012-11-30 7.18 7.23 7.1 7.1
2012-12-24 7.92 7.97 7.77 7.77
2013-02-05 9.9 10.06 9.75 9.75
2013-03-05 9.73 9.76 9.45 9.45
2013-03-25 9.36 9.42 9.31 9.31
2013-05-15 7.99 8.13 7.71 7.71
2013-07-10 6.53 6.56 6.38 6.38
2013-07-31 6.2 6.22 6.12 6.12
2013-09-16 7.06 7.15 6.96 6.96
2013-09-23 6.96 6.97 6.85 6.85
2013-10-28 7.15 7.29 7.06 7.06
2013-11-11 6.54 6.57 6.35 6.35
2013-11-12 6.68 6.74 6.53 6.53
2013-11-15 6.68 6.75 6.57 6.57
2013-11-19 6.92 6.95 6.81 6.81
2013-12-03 6.72 6.74 6.57 6.57
2013-12-18 6.67 6.76 6.66 6.66
2014-01-24 6.58 6.66 6.55 6.55
2014-02-10 6.72 6.73 6.4 6.4
2014-02-12 6.8 6.87 6.72 6.72
2014-03-26 7.17 7.45 7.13 7.13
2014-04-30 7.14 7.23 7.02 7.02
2014-06-09 6.6 6.67 6.56 6.56
2014-06-23 6.37 6.43 6.32 6.32
2014-06-26 6.48 6.52 6.39 6.39
2014-07-28 6.97 7.02 6.89 6.89
2014-08-08 7.18 7.23 7.13 7.13
2014-09-23 8.89 8.99 8.75 8.75
2014-09-24 9.06 9.1 8.89 8.89
2014-10-28 9.27 9.29 9.1 9.1
2014-12-03 10.39 10.4 10.02 10.02
2014-12-30 11.82 11.85 11.11 11.11
2015-03-04 13.0 13.0 13.0 13.0
2015-03-05 14.3 14.3 14.3 14.3
2015-04-07 16.83 17.08 16.41 16.41
2015-04-17 17.56 18.16 17.5 17.5
2015-05-08 15.24 15.25 14.9 14.9
2015-05-21 17.5 17.68 17.1 17.1
2015-06-11 24.39 24.39 22.86 22.86
2015-07-07 11.71 11.81 11.71 11.71
2015-07-08 10.54 10.54 10.54 10.54
2015-07-09 11.59 11.59 9.49 9.49
2015-07-17 14.43 14.53 13.28 13.28
2015-08-07 14.14 14.23 13.7 13.7
2015-09-16 9.88 9.88 8.94 8.94
2015-11-11 13.7 13.85 13.49 13.49
2015-11-19 13.41 13.48 13.05 13.05
2015-11-23 14.18 14.28 13.36 13.36
2015-12-17 16.77 17.1 16.64 16.64
2015-12-25 16.55 17.0 16.5 16.5
2016-01-05 14.45 14.82 13.58 13.58
2016-01-06 14.97 15.03 14.35 14.35
2016-02-04 11.26 11.63 10.93 10.93
2016-02-05 11.21 11.47 11.18 11.18
2016-02-16 11.9 11.98 11.4 11.4
2016-03-07 10.28 10.34 9.9 9.9
2016-03-14 10.56 10.81 10.24 10.24
2016-03-17 10.63 10.7 10.4 10.4
2016-04-13 13.29 13.85 13.01 13.01
2016-04-15 13.31 13.77 13.15 13.15
2016-05-16 12.35 12.4 11.94 11.94
2016-06-22 14.25 14.3 13.68 13.68
2016-07-21 14.99 15.2 14.77 14.77
2016-08-25 15.1 15.19 14.83 14.83
2016-09-29 14.25 14.31 14.03 14.03
2016-10-21 15.2 15.5 15.12 15.12
2016-10-25 15.23 15.28 15.13 15.13
2016-11-22 16.22 16.35 16.0 16.0
2016-11-24 15.76 15.93 15.7 15.7
2016-12-28 14.9 15.2 14.9 14.9
2017-01-20 14.67 14.73 14.43 14.43
2017-02-16 15.53 15.79 15.37 15.37
2017-02-22 15.74 15.85 15.53 15.53
2017-03-16 15.2 15.27 15.18 15.18
2017-04-28 13.28 13.37 13.11 13.11
2017-06-06 12.15 12.28 12.04 12.04
2017-06-07 12.27 12.3 12.1 12.1
2017-06-19 12.47 12.5 12.45 12.45
2017-07-04 12.44 12.48 12.33 12.33
2017-08-14 13.18 13.48 12.76 12.76
2017-08-15 13.4 13.52 13.19 13.19
2017-08-24 12.98 13.03 12.82 12.82
2017-08-25 13.04 13.23 12.98 12.98
