1996-07-16 8.03 8.27 7.65 7.65
1996-07-22 8.23 8.37 8.1 8.1
1996-07-24 8.69 8.75 8.19 8.19
1996-08-12 8.9 8.99 8.3 8.3
1996-08-21 8.12 8.16 7.95 7.95
1996-10-17 8.45 8.47 8.05 8.05
1996-11-07 9.38 9.38 8.9 8.9
1996-11-13 9.68 9.8 9.3 9.3
1996-11-27 9.58 9.6 9.0 9.0
1996-12-16 10.52 10.52 10.52 10.52
1996-12-17 9.47 9.55 9.47 9.47
1996-12-18 9.88 9.99 8.52 8.52
1997-01-07 8.1 8.12 7.84 7.84
1997-01-15 8.36 8.43 8.2 8.2
1997-01-31 8.95 9.08 8.89 8.89
1997-02-20 8.32 8.41 7.67 7.67
1997-03-06 9.54 9.55 9.13 9.13
1997-03-27 10.32 10.6 10.2 10.2
1997-03-31 11.58 11.61 11.0 11.0
1997-04-09 11.5 11.58 11.15 11.15
1997-05-27 7.55 7.7 7.5 7.5
1997-06-02 7.95 7.99 7.77 7.77
1997-06-13 7.18 7.25 6.5 6.5
1997-07-18 6.65 6.7 6.35 6.35
1997-08-14 7.28 7.28 7.0 7.0
1997-08-22 7.25 7.3 7.0 7.0
1997-09-10 7.61 7.65 7.4 7.4
1997-09-30 6.2 6.3 6.08 6.08
1997-11-14 6.33 6.42 6.28 6.28
1997-11-25 5.93 5.97 5.8 5.8
1997-12-04 5.87 5.95 5.8 5.8
1997-12-08 5.93 5.94 5.88 5.88
1997-12-18 6.18 6.29 5.97 5.97
1997-12-19 6.27 6.28 6.18 6.18
1997-12-22 6.4 6.52 6.32 6.32
1998-01-09 6.92 7.05 6.75 6.75
1998-03-20 6.15 6.2 6.1 6.1
1998-04-03 6.79 6.79 6.51 6.51
1998-04-08 7.48 7.48 6.82 6.82
1998-04-28 7.22 7.3 7.1 7.1
1998-06-03 8.15 8.25 8.02 8.02
1998-07-10 7.94 7.94 7.71 7.71
1998-07-30 8.22 8.37 8.18 8.18
1998-07-31 8.56 8.58 8.2 8.2
1998-08-03 8.57 8.87 8.56 8.56
1998-08-06 8.69 8.9 8.55 8.55
1998-08-19 6.88 6.99 6.51 6.51
1998-09-03 6.95 6.98 6.55 6.55
1998-09-09 7.31 7.38 7.1 7.1
1998-10-28 8.31 8.38 8.03 8.03
1998-11-30 8.26 8.26 8.09 8.09
1998-12-25 7.01 7.1 6.89 6.89
1999-01-07 6.88 6.95 6.39 6.39
1999-01-08 6.99 7.08 6.89 6.89
1999-01-27 6.41 6.41 6.16 6.16
1999-02-01 6.66 6.78 6.35 6.35
1999-02-09 6.26 6.29 6.1 6.1
1999-03-11 7.1 7.21 6.92 6.92
1999-03-26 7.15 7.2 7.09 7.09
1999-05-05 6.48 6.5 6.35 6.35
1999-05-06 6.63 6.73 6.48 6.48
1999-05-11 6.41 6.41 6.11 6.11
1999-05-12 6.32 6.45 6.22 6.22
1999-06-01 6.94 6.94 6.31 6.31
1999-06-14 7.58 7.58 7.15 7.15
1999-06-28 7.96 7.98 7.4 7.4
1999-07-08 8.39 8.78 8.36 8.36
1999-07-13 7.99 8.18 7.43 7.43
1999-07-14 8.29 8.38 7.95 7.95
1999-07-23 7.57 7.71 7.25 7.25
1999-08-05 9.58 9.85 9.01 9.01
1999-08-27 9.69 10.08 8.9 8.9
1999-08-30 10.15 10.2 9.7 9.7
1999-09-08 9.32 9.45 9.27 9.27
1999-10-12 9.05 9.05 8.91 8.91
1999-10-22 8.03 8.18 7.81 7.81
1999-11-17 7.78 7.85 7.5 7.5
1999-12-09 8.6 8.65 8.3 8.3
1999-12-14 8.76 8.8 8.5 8.5
1999-12-22 8.48 8.56 8.32 8.32
2000-01-07 8.6 8.85 8.39 8.39
2000-03-23 10.21 10.25 10.0 10.0
2000-03-30 10.92 11.0 10.32 10.32
2000-04-18 10.73 10.73 10.22 10.22
2000-04-19 11.27 11.27 11.0 11.0
2000-05-11 10.16 10.5 10.05 10.05
2000-05-29 12.08 12.08 11.5 11.5
2000-06-12 12.13 12.13 11.5 11.5
2000-06-15 12.8 13.0 12.61 12.61
2000-06-20 11.8 12.09 11.73 11.73
2000-07-06 11.66 11.87 11.5 11.5
2000-07-10 11.73 11.73 11.5 11.5
2000-07-12 12.2 12.35 11.79 11.79
2000-07-18 12.13 12.25 11.71 11.71
2000-07-20 12.2 12.3 12.0 12.0
2000-08-03 13.79 13.79 13.15 13.15
2000-08-07 14.25 14.3 13.65 13.65
2000-08-14 14.78 14.85 14.42 14.42
2000-08-18 14.4 14.5 14.3 14.3
2000-09-06 14.52 14.68 14.0 14.0
2000-09-07 14.65 14.91 14.4 14.4
2000-09-13 15.5 15.83 15.2 15.2
2000-09-27 15.78 16.08 15.15 15.15
2000-10-23 14.43 14.49 13.8 13.8
2000-11-16 13.63 13.65 12.81 12.81
2000-11-17 14.08 14.1 13.2 13.2
2000-11-28 14.0 14.08 13.53 13.53
2000-12-28 13.89 13.89 13.0 13.0
2001-01-08 12.58 12.8 12.58 12.58
2001-01-19 12.11 12.18 12.0 12.0
2001-02-21 9.82 10.1 9.61 9.61
2001-02-27 10.02 10.2 9.82 9.82
2001-03-01 10.01 10.2 10.01 10.01
2001-03-05 10.25 10.32 10.12 10.12
2001-03-16 11.48 11.95 11.38 11.38
2001-03-19 11.71 11.9 11.39 11.39
2001-03-26 11.25 11.5 10.82 10.82
2001-03-27 11.29 11.37 11.13 11.13
2001-03-29 11.06 11.19 11.0 11.0
2001-04-05 11.39 11.4 11.0 11.0
2001-04-19 11.5 11.52 11.16 11.16
2001-04-20 11.28 11.52 11.25 11.25
2001-05-11 11.6 11.6 11.6 11.6
2001-05-18 11.5 11.5 11.5 11.5
2001-06-01 12.08 12.08 12.08 12.08
2001-06-08 12.68 12.68 12.68 12.68
2001-10-12 10.99 10.99 10.99 10.99
2001-10-19 10.25 10.25 10.25 10.25
2001-10-26 10.31 10.31 10.31 10.31
2001-11-02 10.82 10.82 10.82 10.82
2001-11-09 10.8 10.8 10.8 10.8
2001-11-16 10.68 10.68 10.68 10.68
2001-11-23 10.68 10.68 10.68 10.68
2001-11-30 10.68 10.68 10.68 10.68
2001-12-07 11.21 11.21 11.21 11.21
2001-12-14 11.3 11.3 11.3 11.3
2001-12-28 11.72 11.72 11.72 11.72
2002-01-04 11.58 11.58 11.58 11.58
2002-01-11 10.5 10.5 10.5 10.5
2002-01-18 9.88 9.88 9.88 9.88
2002-01-25 9.75 9.75 9.75 9.75
2002-02-01 9.98 9.98 9.98 9.98
2002-02-08 10.48 10.48 10.48 10.48
2002-03-01 11.0 11.0 11.0 11.0
2002-03-08 11.1 11.1 11.1 11.1
2002-03-15 11.5 11.5 11.5 11.5
2006-10-24 3.46 3.5 3.34 3.34
2006-10-31 3.2 3.25 3.17 3.17
2006-11-06 3.35 3.38 3.2 3.2
2006-11-15 3.66 3.66 3.49 3.49
2006-11-24 3.81 3.81 3.65 3.65
2006-11-27 3.97 4.0 3.81 3.81
2006-11-30 3.86 3.98 3.79 3.79
2007-04-27 4.84 4.84 4.84 4.84
2007-04-30 5.08 5.08 5.08 5.08
2007-05-08 5.33 5.33 5.33 5.33
2007-05-09 5.6 5.6 5.6 5.6
2007-05-10 5.88 5.88 5.88 5.88
2007-05-11 6.17 6.17 6.17 6.17
2007-05-14 6.48 6.48 6.48 6.48
2007-05-15 6.8 6.8 6.8 6.8
2007-05-16 7.14 7.14 7.14 7.14
2007-05-17 7.5 7.5 7.5 7.5
2007-05-18 7.88 7.88 7.88 7.88
2007-05-21 8.27 8.27 8.27 8.27
2007-05-22 8.68 8.68 8.68 8.68
2007-05-25 9.11 9.11 9.11 9.11
2007-05-28 9.57 9.57 9.57 9.57
2007-05-29 10.05 10.05 10.05 10.05
2007-05-30 10.55 10.55 10.55 10.55
2007-05-31 11.08 11.08 11.08 11.08
2007-06-01 11.63 11.63 11.63 11.63
2007-06-05 10.5 10.5 10.5 10.5
2007-06-06 10.37 11.0 9.98 9.98
2007-06-29 9.5 9.75 9.5 9.5
2007-07-02 9.03 9.03 9.03 9.03
2007-07-03 8.58 8.58 8.58 8.58
2007-07-04 8.71 8.75 8.15 8.15
2007-07-06 8.02 8.18 7.86 7.86
2007-07-11 8.0 8.1 7.55 7.55
2007-07-16 8.11 8.52 8.06 8.06
2007-07-18 8.81 8.81 8.15 8.15
2007-07-25 9.33 9.41 9.05 9.05
2007-08-07 9.83 9.83 9.35 9.35
2007-08-21 11.59 11.67 10.91 10.91
2007-08-31 14.31 14.31 13.83 13.83
2007-09-21 15.06 15.29 14.6 14.6
2007-10-24 12.55 12.99 12.4 12.4
2007-10-26 11.32 11.75 11.32 11.32
2007-11-05 12.67 12.94 12.25 12.25
2007-11-13 11.33 11.61 11.06 11.06
2007-11-14 11.68 11.77 11.32 11.32
2007-11-15 11.87 12.1 11.5 11.5
2007-11-21 12.57 12.57 12.15 12.15
2007-11-26 13.17 13.17 13.17 13.17
2008-01-29 10.16 10.34 10.16 10.16
2008-02-04 9.68 9.68 9.65 9.65
2008-02-29 10.4 10.5 10.22 10.22
2008-03-06 11.22 11.22 10.52 10.52
2008-04-03 8.34 8.34 7.54 7.54
2008-04-22 6.4 6.7 6.4 6.4
2008-05-08 7.68 7.8 7.25 7.25
2008-05-12 8.07 8.07 7.6 7.6
2008-05-13 8.35 8.39 7.81 7.81
2008-06-20 7.14 7.14 6.66 6.66
2008-06-23 7.5 7.5 6.8 6.8
2008-06-25 7.72 7.78 7.48 7.48
2008-08-14 7.66 7.76 7.49 7.49
2008-08-19 7.55 7.59 6.96 6.96
2008-09-03 6.05 6.1 5.84 5.84
2008-09-18 4.72 4.72 4.72 4.72
2008-09-19 4.96 4.96 4.96 4.96
2008-09-22 5.21 5.21 5.21 5.21
2008-10-06 4.38 4.58 4.38 4.38
2008-10-28 3.78 3.85 3.69 3.69
2008-11-05 3.4 3.47 3.3 3.3
2008-11-10 3.36 3.36 3.2 3.2
2008-11-13 3.58 3.58 3.32 3.32
2008-11-19 3.85 3.89 3.56 3.56
2008-11-21 3.62 3.69 3.52 3.52
2008-12-01 3.57 3.58 3.4 3.4
2008-12-03 3.82 3.82 3.61 3.61
2008-12-18 4.36 4.39 4.21 4.21
2008-12-19 4.29 4.46 4.27 4.27
2008-12-24 3.89 4.03 3.84 3.84
2009-01-12 4.23 4.36 4.2 4.2
2009-01-16 4.3 4.36 4.25 4.25
2009-01-20 4.46 4.53 4.33 4.33
2009-02-06 5.28 5.29 5.01 5.01
2009-03-02 4.99 5.12 4.86 4.86
2009-03-04 5.21 5.21 4.91 4.91
2009-03-10 5.33 5.33 5.06 5.06
2009-03-12 5.55 5.57 5.3 5.3
2009-04-30 6.67 6.67 6.67 6.67
2009-05-04 7.0 7.0 7.0 7.0
2009-05-05 7.35 7.35 7.35 7.35
2009-05-06 7.72 7.72 7.72 7.72
2009-05-07 8.11 8.11 8.11 8.11
2009-05-08 8.52 8.52 8.52 8.52
2009-05-11 8.95 8.95 8.95 8.95
2009-05-18 11.42 11.42 11.42 11.42
2009-06-01 10.19 10.19 9.9 9.9
2009-06-05 10.34 10.77 10.3 10.3
2009-06-09 10.05 10.11 9.82 9.82
2009-06-25 10.09 10.18 10.01 10.01
2009-06-26 10.09 10.15 10.0 10.0
2009-07-13 11.3 11.39 10.81 10.81
2009-08-03 14.07 14.07 13.43 13.43
2009-08-26 11.35 11.35 10.55 10.55
2009-09-02 11.16 11.16 11.16 11.16
2009-09-14 12.51 12.82 12.49 12.49
2009-09-17 12.19 12.3 12.0 12.0
2009-09-25 11.22 11.38 11.02 11.02
2009-10-09 11.06 11.08 10.73 10.73
2009-11-06 11.63 11.77 11.29 11.29
2009-11-12 11.61 11.72 11.49 11.49
2009-11-30 11.46 11.46 11.0 11.0
2009-12-02 11.85 11.96 11.63 11.63
2009-12-08 12.6 13.06 12.45 12.45
2009-12-09 12.71 13.19 12.5 12.5
2009-12-10 12.93 13.12 12.61 12.61
2009-12-15 13.19 13.46 12.75 12.75
2009-12-28 13.21 13.46 13.06 13.06
2010-01-21 15.95 16.27 15.9 15.9
2010-02-05 14.96 15.73 14.58 14.58
2010-02-10 14.8 15.39 14.66 14.66
2010-02-22 15.16 15.39 14.9 14.9
2010-03-08 14.59 14.65 14.37 14.37
2010-03-16 14.18 14.2 13.7 13.7
2010-03-17 14.39 14.42 14.19 14.19
2010-03-18 14.48 14.55 14.3 14.3
2010-03-24 15.2 15.2 15.2 15.2
2010-04-07 15.47 15.58 15.18 15.18
2010-05-05 15.96 16.0 15.18 15.18
2010-05-12 13.45 13.8 13.45 13.45
2010-06-09 13.1 13.1 12.42 12.42
2010-06-17 13.61 13.65 13.02 13.02
2010-06-22 12.78 12.95 12.62 12.62
2010-07-12 10.78 10.85 10.55 10.55
2010-07-14 10.54 10.69 10.33 10.33
2010-07-26 11.28 11.42 11.15 11.15
2010-08-02 11.81 11.82 11.63 11.63
2010-08-11 12.01 12.12 11.76 11.76
2010-08-16 12.1 12.17 11.8 11.8
2010-08-17 12.27 12.29 12.09 12.09
2010-08-30 13.27 13.28 12.93 12.93
2010-09-13 13.7 13.94 13.42 13.42
2010-09-30 13.13 13.16 13.0 13.0
2010-10-15 13.81 13.94 13.41 13.41
2010-12-01 14.33 14.39 13.77 13.77
2010-12-10 13.44 13.55 13.13 13.13
2011-01-05 14.68 14.82 14.1 14.1
2011-01-21 13.7 13.77 13.11 13.11
2011-02-15 14.13 14.38 14.11 14.11
2011-03-25 15.15 15.25 14.98 14.98
2011-03-29 15.59 15.65 15.23 15.23
2011-04-11 16.15 16.46 15.9 15.9
2011-04-28 16.59 17.35 16.3 16.3
2011-05-03 16.38 16.5 15.78 15.78
2011-05-16 17.17 17.25 16.61 16.61
2011-05-30 17.01 17.28 16.4 16.4
2011-06-09 22.37 23.5 21.03 21.03
2011-06-20 21.32 21.8 20.4 20.4
2011-06-21 23.45 23.45 21.13 21.13
2011-07-13 22.5 22.77 21.82 21.82
2011-08-04 19.7 20.5 19.02 19.02
2011-08-18 17.9 18.77 17.75 17.75
2011-08-22 18.88 18.88 17.2 17.2
2011-11-04 15.42 15.85 15.21 15.21
2011-11-08 15.8 16.13 15.39 15.39
2011-11-25 13.57 13.85 13.44 13.44
2011-12-20 14.51 15.48 14.46 14.46
2012-01-17 11.55 11.81 10.35 10.35
2012-02-02 12.23 12.3 11.63 11.63
2012-03-16 13.03 13.11 12.57 12.57
2012-03-21 13.37 13.55 13.01 13.01
2012-04-10 12.16 12.37 11.55 11.55
2012-05-28 11.8 11.84 11.41 11.41
2012-06-20 11.08 11.09 10.97 10.97
2012-07-02 10.22 10.5 10.03 10.03
2012-08-01 9.88 10.0 9.45 9.45
2012-09-06 10.9 11.25 10.7 10.7
2012-11-30 8.77 8.84 8.66 8.66
2012-12-14 9.61 9.75 9.15 9.15
2013-01-28 9.94 9.96 9.69 9.69
2013-01-29 10.12 10.21 9.94 9.94
2013-01-31 9.92 10.14 9.81 9.81
2013-02-08 10.16 10.22 10.0 10.0
2013-04-02 8.82 8.92 8.8 8.8
2013-04-19 9.17 9.24 9.02 9.02
2013-04-26 8.12 8.17 8.01 8.01
2013-05-03 8.0 8.11 7.92 7.92
2013-05-27 8.59 8.64 8.5 8.5
2013-05-28 8.99 9.06 8.56 8.56
2013-07-10 6.81 6.87 6.4 6.4
2013-07-23 6.67 6.73 6.46 6.46
2013-08-01 6.86 6.93 6.71 6.71
2013-09-03 7.52 7.54 7.36 7.36
2013-09-10 7.89 7.89 7.6 7.6
2013-09-13 7.76 7.88 7.68 7.68
2013-09-17 7.8 8.17 7.68 7.68
2013-09-27 7.72 7.89 7.71 7.71
2013-10-17 8.14 8.35 7.98 7.98
2013-12-09 7.34 7.39 7.3 7.3
2013-12-12 7.27 7.32 7.25 7.25
2013-12-19 7.95 8.19 7.76 7.76
2014-01-22 6.72 6.76 6.58 6.58
2014-01-24 6.79 6.81 6.68 6.68
2014-02-17 7.09 7.14 7.01 7.01
2014-03-18 7.0 7.02 6.87 6.87
2014-03-21 7.0 7.1 6.74 6.74
2014-03-25 7.14 7.23 7.0 7.0
2014-04-14 7.22 7.24 7.04 7.04
2014-05-05 6.89 6.91 6.78 6.78
2014-05-08 6.79 6.92 6.7 6.7
2014-06-13 7.55 7.64 7.45 7.45
2014-06-23 7.14 7.2 7.02 7.02
2014-07-31 8.22 8.26 8.12 8.12
2014-08-25 8.78 8.9 8.46 8.46
2014-09-29 10.53 10.75 10.25 10.25
2014-11-21 10.5 10.54 10.26 10.26
2014-12-04 11.3 11.37 11.0 11.0
2014-12-18 9.75 9.87 9.63 9.63
2015-01-20 8.71 8.72 8.5 8.5
2015-02-03 9.48 9.55 9.31 9.31
2015-02-11 8.9 8.98 8.82 8.82
2015-03-02 9.53 9.53 9.3 9.3
2015-03-10 9.85 10.09 9.73 9.73
2015-04-14 17.59 17.59 16.0 16.0
2015-04-23 16.89 17.25 16.21 16.21
2015-06-24 20.49 20.5 19.32 19.32
2015-07-03 14.0 15.56 14.0 14.0
2015-07-08 10.21 10.21 10.21 10.21
2015-07-09 11.23 11.23 9.19 9.19
2016-02-16 18.4 18.4 16.03 16.03
2016-03-02 16.88 16.96 15.8 15.8
2016-03-08 14.55 15.47 14.55 14.55
2016-03-30 15.25 15.3 15.0 15.0
2016-04-07 16.97 17.43 16.5 16.5
2016-04-13 17.46 17.6 16.92 16.92
2016-05-13 15.12 15.4 14.71 14.71
2016-05-16 15.88 15.88 15.18 15.18
2016-05-20 16.23 16.27 15.49 15.49
2016-05-24 16.35 16.44 16.2 16.2
2016-06-14 16.39 16.82 15.93 15.93
2016-06-17 16.95 17.0 16.54 16.54
2016-06-20 16.95 17.29 16.7 16.7
2016-07-15 18.5 18.6 18.22 18.22
2016-07-20 18.88 19.16 18.2 18.2
2016-07-21 18.7 19.04 18.69 18.69
2016-08-03 19.66 19.7 19.11 19.11
2016-08-12 20.37 20.5 20.01 20.01
2016-09-30 18.31 18.39 18.13 18.13
2016-10-19 20.19 20.54 19.77 19.77
2016-12-01 18.18 18.52 18.16 18.16
2017-01-10 18.09 18.36 17.92 17.92
2017-01-20 16.54 16.55 16.25 16.25
2017-02-14 17.24 17.27 16.84 16.84
2017-02-21 17.36 17.38 17.1 17.1
2017-03-01 18.8 19.13 18.25 18.25
2017-03-03 19.24 19.25 18.72 18.72
2017-03-28 17.47 17.59 17.02 17.02
2017-04-11 17.27 17.29 16.16 16.16
2017-05-15 13.39 13.6 13.33 13.33
2017-06-02 13.11 13.17 12.49 12.49
2017-06-07 13.68 13.68 13.4 13.4
2017-07-05 14.29 14.44 14.18 14.18
2017-08-11 13.29 13.79 13.18 13.18
2017-08-14 13.53 13.6 13.29 13.29
2017-08-15 13.61 13.68 13.44 13.44
