1992-12-23 16.21 16.49 16.0 16.0
1992-12-25 16.95 17.5 16.7 16.7
1992-12-29 17.2 17.25 16.7 16.7
1992-12-31 17.95 18.5 17.2 17.2
1993-01-05 19.96 20.17 19.05 19.05
1993-01-07 20.09 20.2 19.55 19.55
1993-01-08 21.08 21.25 20.0 20.0
1993-01-11 23.0 23.68 21.5 21.5
1993-01-29 27.78 27.88 26.9 26.9
1993-02-04 31.0 31.0 29.77 29.77
1993-02-09 33.9 34.3 32.0 32.0
1993-02-12 34.15 34.3 30.18 30.18
1993-03-16 30.3 30.39 26.51 26.51
1993-03-26 26.0 26.0 24.0 24.0
1993-04-06 25.85 26.6 23.5 23.5
1993-04-21 28.75 29.1 28.13 28.13
1993-04-22 29.79 29.79 28.53 28.53
1993-05-13 27.8 27.95 27.0 27.0
1993-05-20 27.8 27.98 27.2 27.2
1993-05-26 24.26 24.65 24.0 24.0
1993-06-09 24.83 25.0 24.08 24.08
1993-06-18 22.85 23.0 22.7 22.7
1993-06-22 22.0 22.5 21.02 21.02
1993-06-23 21.88 22.1 21.69 21.69
1993-07-15 12.75 12.92 12.68 12.68
1993-07-19 12.64 12.75 12.6 12.6
1993-07-30 13.3 13.6 12.26 12.26
1993-08-06 12.67 13.0 12.35 12.35
1993-08-11 12.9 12.99 12.6 12.6
1993-08-13 13.98 14.0 13.45 13.45
1993-08-24 13.8 14.28 13.12 13.12
1993-09-02 13.64 13.65 13.57 13.57
1993-09-15 13.5 13.6 13.5 13.5
1993-09-17 13.8 13.8 13.32 13.32
1993-09-23 13.66 13.72 13.62 13.62
1993-10-12 13.2 13.4 13.18 13.18
1993-11-18 13.36 13.43 13.1 13.1
1994-01-05 11.55 11.65 11.4 11.4
1994-01-06 11.97 11.98 11.61 11.61
1994-01-07 12.16 12.3 12.01 12.01
1994-01-17 11.92 12.99 11.75 11.75
1994-02-04 11.28 11.8 10.78 10.78
1994-02-17 10.95 10.99 10.59 10.59
1994-03-08 9.17 9.98 9.0 9.0
1994-05-13 8.89 9.5 8.68 8.68
1994-05-23 8.56 8.8 8.51 8.51
1994-05-24 8.63 8.89 8.45 8.45
1994-05-31 7.54 7.54 7.11 7.11
1994-06-02 7.2 7.35 7.15 7.15
1994-06-21 6.16 6.2 6.06 6.06
1994-06-27 5.68 6.0 5.38 5.38
1994-07-04 5.18 5.42 5.02 5.02
1994-07-07 5.05 5.2 5.0 5.0
1994-07-13 5.1 5.14 4.98 4.98
1994-07-25 4.1 4.1 3.9 3.9
1994-08-03 6.1 6.48 4.69 4.69
1994-09-13 16.07 16.4 15.06 15.06
1994-09-21 15.3 15.38 14.0 14.0
1994-11-21 11.18 11.3 11.01 11.01
1994-11-24 10.73 10.85 10.65 10.65
1994-11-29 11.1 11.17 10.51 10.51
1994-12-09 10.22 10.5 10.01 10.01
1994-12-15 10.87 11.0 10.1 10.1
1994-12-21 11.41 12.28 10.85 10.85
1994-12-22 11.9 12.0 11.5 11.5
1994-12-23 12.3 12.98 12.01 12.01
1995-01-04 10.72 10.76 10.38 10.38
1995-01-09 10.22 10.32 10.2 10.2
1995-01-13 9.7 9.84 9.5 9.5
1995-01-18 9.61 9.62 9.5 9.5
1995-01-24 8.51 8.89 8.5 8.5
1995-01-26 8.57 8.68 8.5 8.5
1995-02-08 8.01 8.21 8.0 8.0
1995-02-20 8.0 8.2 7.94 7.94
1995-03-16 8.7 8.74 8.5 8.5
1995-03-17 8.97 9.0 8.7 8.7
1995-03-27 9.57 9.6 9.35 9.35
1995-04-12 9.5 9.55 9.05 9.05
1995-04-19 9.27 9.38 9.2 9.2
1995-04-20 9.58 9.58 9.3 9.3
1995-04-25 9.32 9.4 9.25 9.25
1995-05-05 8.15 8.2 8.1 8.1
1995-06-01 9.78 9.95 9.71 9.71
1995-06-02 10.0 10.1 9.8 9.8
1995-06-08 9.7 10.11 9.7 9.7
1995-06-13 9.5 9.56 9.5 9.5
1995-06-21 8.7 8.7 8.5 8.5
1995-06-26 8.65 8.84 8.58 8.58
1995-07-03 8.03 8.1 7.91 7.91
1995-07-17 8.88 9.1 8.25 8.25
1995-08-07 9.17 9.21 8.99 8.99
1995-08-14 10.1 10.5 9.3 9.3
1995-08-17 9.68 10.2 9.38 9.38
1995-08-25 8.86 9.0 8.7 8.7
1995-09-01 8.88 8.9 8.73 8.73
1995-09-11 8.95 9.0 8.86 8.86
1995-09-29 8.27 8.45 8.12 8.12
1995-10-09 8.1 8.2 8.04 8.04
1995-10-10 8.1 8.49 8.02 8.02
1995-10-16 8.04 8.09 8.0 8.0
1995-10-17 8.04 8.09 8.0 8.0
1995-10-27 8.11 8.28 8.01 8.01
1995-11-01 8.16 8.25 8.03 8.03
1995-11-03 8.26 8.54 8.08 8.08
1995-11-09 8.15 8.18 8.0 8.0
1995-11-10 8.12 8.15 8.1 8.1
1995-11-13 8.0 8.1 7.87 7.87
1995-11-20 8.03 8.12 7.84 7.84
1995-11-28 7.82 7.85 7.78 7.78
1995-12-13 7.52 8.0 6.7 6.7
1996-01-04 6.69 6.7 6.56 6.56
1996-01-09 6.66 6.7 6.49 6.49
1996-01-12 6.55 6.55 6.38 6.38
1996-01-18 6.15 6.33 6.12 6.12
1996-01-30 6.05 6.15 6.05 6.05
1996-02-05 6.02 6.08 6.0 6.0
1996-02-08 6.0 6.05 6.0 6.0
1996-02-09 6.04 6.05 6.0 6.0
1996-02-13 6.07 6.1 6.05 6.05
1996-02-14 6.1 6.18 6.07 6.07
1996-02-16 6.41 6.46 6.2 6.2
1996-03-07 6.55 6.58 6.45 6.45
1996-03-13 6.48 6.52 6.47 6.47
1996-03-18 6.52 6.52 6.41 6.41
1996-03-21 6.5 6.6 6.5 6.5
1996-03-25 6.52 6.59 6.5 6.5
1996-03-29 6.31 6.48 6.15 6.15
1996-04-03 6.4 6.45 6.35 6.35
1996-04-05 6.72 6.75 6.37 6.37
1996-04-08 6.8 6.88 6.7 6.7
1996-04-15 6.78 6.85 6.42 6.42
1996-04-16 6.8 6.81 6.72 6.72
1996-04-17 6.86 6.95 6.83 6.83
1996-04-18 6.88 6.9 6.75 6.75
1996-04-24 7.8 7.8 7.3 7.3
1996-05-06 7.08 7.11 6.99 6.99
1996-05-10 6.9 6.9 6.7 6.7
1996-05-13 6.88 6.88 6.8 6.8
1996-05-14 6.82 6.88 6.8 6.8
1996-06-04 6.2 6.4 6.2 6.2
1996-06-07 6.87 7.2 6.35 6.35
1996-06-26 7.01 7.1 6.82 6.82
1996-07-04 6.5 6.55 6.4 6.4
1996-07-10 6.38 6.5 6.18 6.18
1996-07-18 6.65 6.7 6.5 6.5
1996-07-19 7.38 7.5 6.8 6.8
1996-07-29 7.2 7.2 6.9 6.9
1996-08-01 7.05 7.37 6.85 6.85
1996-08-06 7.13 7.15 6.9 6.9
1996-08-07 7.3 7.35 7.13 7.13
1996-08-08 8.11 8.18 7.3 7.3
1996-09-09 6.94 6.98 6.7 6.7
1996-09-27 8.4 8.45 7.93 7.93
1996-10-10 8.5 8.61 8.18 8.18
1996-10-14 9.31 9.52 8.73 8.73
1996-10-23 12.03 12.18 11.4 11.4
1996-11-19 11.28 12.0 11.25 11.25
1996-11-29 11.1 11.25 10.75 10.75
1996-12-09 13.52 13.96 13.1 13.1
1996-12-16 11.25 11.25 11.25 11.25
1996-12-17 10.13 10.13 10.13 10.13
1996-12-18 10.8 11.14 9.12 9.12
1996-12-23 9.22 9.48 9.0 9.0
1996-12-31 9.64 9.99 9.64 9.64
1997-01-07 9.4 9.5 9.0 9.0
1997-01-09 9.63 9.8 9.2 9.2
1997-01-22 10.1 10.18 9.9 9.9
1997-01-23 10.25 10.5 10.15 10.15
1997-02-19 10.22 10.4 9.5 9.5
1997-02-20 10.19 10.2 9.2 9.2
1997-02-21 10.71 10.75 10.2 10.2
1997-02-25 10.35 10.79 10.31 10.31
1997-02-26 10.57 10.7 10.38 10.38
1997-03-06 11.95 12.0 11.45 11.45
1997-03-13 12.0 12.35 11.77 11.77
1997-03-27 12.25 12.5 11.93 11.93
1997-04-09 12.8 13.09 12.59 12.59
1997-04-14 12.9 13.0 12.5 12.5
1997-04-17 12.7 13.85 12.0 12.0
1997-05-05 12.45 12.5 12.0 12.0
1997-05-09 11.88 11.89 11.41 11.41
1997-05-12 13.07 13.07 12.0 12.0
1997-05-15 12.21 12.3 11.7 11.7
1997-06-04 11.48 11.75 11.2 11.2
1997-06-06 10.32 10.8 10.08 10.08
1997-06-16 9.7 9.9 9.58 9.58
1997-06-20 10.04 10.05 9.5 9.5
1997-06-24 10.4 10.7 10.04 10.04
1997-06-25 10.33 10.7 10.3 10.3
1997-08-04 9.59 9.8 9.25 9.25
1997-08-14 9.33 9.35 8.8 8.8
1997-08-28 9.11 9.15 8.63 8.63
1997-09-03 9.96 10.24 9.9 9.9
1997-09-10 10.22 10.25 9.58 9.58
1997-09-24 9.28 9.3 8.88 8.88
1997-09-25 9.26 9.5 9.05 9.05
1997-09-29 8.72 8.98 8.65 8.65
1997-09-30 8.8 8.9 8.7 8.7
1997-10-16 9.68 9.75 9.49 9.49
1997-10-17 9.85 10.06 9.68 9.68
1997-10-22 9.48 9.79 9.42 9.42
1997-10-24 9.35 9.6 8.65 8.65
1997-10-30 9.88 10.01 9.5 9.5
1997-11-03 10.06 10.2 9.8 9.8
1997-11-04 10.17 10.18 9.9 9.9
1997-11-13 10.88 11.06 10.51 10.51
1997-11-17 11.29 11.4 10.89 10.89
1997-11-27 10.72 11.18 10.35 10.35
1997-11-28 10.98 11.13 10.8 10.8
1997-12-03 10.9 11.01 10.72 10.72
1997-12-10 10.88 10.88 10.52 10.52
1997-12-16 11.07 11.12 10.8 10.8
1997-12-18 10.8 11.0 10.53 10.53
1998-01-14 10.7 10.9 10.38 10.38
1998-01-15 11.29 11.29 10.8 10.8
1998-01-20 11.77 11.89 11.6 11.6
1998-01-22 12.0 12.03 11.85 11.85
1998-02-23 12.53 12.53 12.3 12.3
1998-03-10 12.38 12.41 12.25 12.25
1998-03-12 12.49 12.58 12.12 12.12
1998-03-18 12.39 12.41 12.25 12.25
1998-03-20 12.55 12.58 11.39 11.39
1998-03-24 12.26 12.38 12.22 12.22
1998-03-27 13.19 13.35 11.99 11.99
1998-03-30 13.28 13.32 12.97 12.97
1998-04-13 14.06 14.1 13.69 13.69
1998-04-16 13.8 14.08 13.69 13.69
1998-04-17 13.35 13.88 12.42 12.42
1998-04-22 14.0 14.0 13.7 13.7
1998-04-30 15.0 15.1 14.68 14.68
1998-06-02 16.1 16.1 15.88 15.88
1998-06-03 16.28 16.3 16.09 16.09
1998-06-10 16.28 16.4 16.0 16.0
1998-06-18 15.6 15.69 15.43 15.43
1998-06-22 15.93 16.0 15.78 15.78
1998-06-24 16.55 16.68 15.85 15.85
1998-07-10 17.25 17.35 16.75 16.75
1998-07-21 16.58 16.58 16.33 16.33
1998-07-27 17.08 17.41 16.75 16.75
1998-08-19 12.58 12.78 12.38 12.38
1998-08-20 13.0 13.02 12.58 12.58
1998-09-03 13.13 13.2 12.8 12.8
1998-09-07 13.55 13.6 13.2 13.2
1998-09-10 13.75 14.08 13.48 13.48
1998-09-14 14.05 14.2 13.6 13.6
1998-10-23 11.75 12.27 11.7 11.7
1998-10-30 11.32 11.55 11.21 11.21
1998-11-05 12.2 12.5 11.98 11.98
1998-11-24 11.68 11.77 11.5 11.5
1999-01-04 10.13 10.27 10.13 10.13
1999-01-22 10.46 10.55 10.0 10.0
1999-02-03 9.71 9.88 9.7 9.7
1999-02-09 9.38 9.39 8.99 8.99
1999-03-03 9.53 9.72 9.25 9.25
1999-03-05 9.6 9.68 9.48 9.48
1999-03-11 9.88 10.07 9.71 9.71
1999-03-15 10.19 10.38 10.03 10.03
1999-03-31 10.69 10.81 10.5 10.5
1999-04-14 9.74 9.86 9.65 9.65
1999-05-05 8.9 8.96 8.75 8.75
1999-05-13 8.98 9.1 8.74 8.74
1999-05-24 9.81 10.18 9.46 9.46
1999-05-26 9.4 9.5 9.2 9.2
1999-05-27 9.95 10.12 9.45 9.45
1999-06-01 10.71 10.89 10.1 10.1
1999-06-14 10.46 10.5 10.1 10.1
1999-06-21 11.07 11.19 10.68 10.68
1999-06-23 12.16 12.16 11.1 11.1
1999-06-24 12.86 13.3 12.5 12.5
1999-07-20 11.02 11.05 10.2 10.2
1999-08-16 10.13 10.7 10.13 10.13
1999-08-23 11.39 11.44 10.6 10.6
1999-09-02 10.9 10.95 10.18 10.18
1999-09-03 10.85 10.99 10.58 10.58
1999-09-07 10.59 10.78 10.58 10.58
1999-09-22 10.85 11.05 10.78 10.78
1999-10-12 10.07 10.14 9.93 9.93
1999-10-14 9.85 9.98 9.7 9.7
1999-10-15 10.23 10.48 10.0 10.0
1999-11-02 9.84 10.04 9.8 9.8
1999-11-17 9.49 9.55 9.1 9.1
1999-12-14 9.58 9.73 9.5 9.5
1999-12-22 9.33 9.55 9.28 9.28
1999-12-23 9.25 9.46 9.22 9.22
1999-12-30 9.02 9.05 8.91 8.91
2000-01-20 8.65 8.7 8.57 8.57
2000-02-23 8.6 8.7 8.36 8.36
2000-03-17 8.66 8.78 8.5 8.5
2000-03-21 9.12 9.4 8.98 8.98
2000-03-23 9.98 10.0 9.18 9.18
2000-03-29 11.66 11.66 10.6 10.6
2000-04-05 11.0 11.11 10.52 10.52
2000-04-11 11.21 11.8 11.0 11.0
2000-04-14 12.37 12.47 11.34 11.34
2000-04-25 12.18 12.43 12.01 12.01
2000-06-16 12.39 12.72 12.0 12.0
2000-06-19 13.05 13.25 12.5 12.5
2000-07-07 11.56 11.65 11.4 11.4
2000-07-12 11.97 11.97 10.88 10.88
2000-07-14 12.62 12.9 12.28 12.28
2000-07-18 14.17 14.17 13.0 13.0
2000-07-27 15.08 15.3 14.5 14.5
2000-08-02 14.45 14.63 14.21 14.21
2000-08-03 14.78 14.88 14.5 14.5
2000-08-04 14.7 15.38 14.38 14.38
2000-08-25 15.48 16.0 15.1 15.1
2000-09-14 14.98 15.05 14.56 14.56
2000-10-09 16.18 16.2 15.5 15.5
2000-11-09 14.8 14.9 14.6 14.6
2000-11-14 14.91 15.08 14.61 14.61
2000-11-15 15.41 15.5 15.0 15.0
2000-11-22 15.05 15.08 14.85 14.85
2000-11-24 15.4 15.72 13.95 13.95
2000-12-06 16.2 16.48 15.6 15.6
2000-12-26 16.35 16.5 16.1 16.1
2001-01-12 16.1 16.33 15.89 15.89
2001-01-19 15.38 15.6 15.3 15.3
2001-02-05 16.29 16.9 15.5 15.5
2001-03-08 13.73 13.98 13.6 13.6
2001-03-09 13.56 13.75 13.43 13.43
2001-03-14 14.64 14.8 13.84 13.84
2001-04-04 15.7 16.23 15.6 15.6
2001-04-27 15.98 16.49 15.9 15.9
2001-05-10 17.6 17.75 16.66 16.66
2001-05-17 16.98 17.36 16.9 16.9
2001-05-21 17.71 18.19 17.63 17.63
2001-05-30 18.65 18.69 18.0 18.0
2001-07-09 16.4 16.4 16.2 16.2
2001-07-26 16.9 16.96 16.5 16.5
2001-08-09 14.95 14.98 14.6 14.6
2001-09-18 13.64 14.2 13.2 13.2
2001-09-28 13.28 13.45 13.25 13.25
2001-10-09 13.0 13.1 12.9 12.9
2001-10-15 12.89 13.5 12.4 12.4
2001-10-26 12.88 13.2 12.8 12.8
2001-11-05 13.31 13.42 13.18 13.18
2001-11-14 13.28 13.65 13.01 13.01
2001-11-28 13.77 13.9 13.65 13.65
2001-11-29 13.98 14.2 13.76 13.76
2001-12-10 13.75 13.77 13.56 13.56
2002-01-09 12.37 12.58 12.0 12.0
2002-01-31 12.6 12.8 11.95 11.95
2002-02-07 12.4 12.48 12.0 12.0
2002-02-25 12.39 12.65 12.29 12.29
2002-03-04 12.3 12.39 12.05 12.05
2002-03-05 12.81 12.88 12.39 12.39
2002-03-06 13.07 13.38 12.81 12.81
2002-03-25 13.37 13.43 13.29 13.29
2002-04-22 13.39 13.45 12.95 12.95
2002-04-24 13.19 13.39 12.8 12.8
2002-04-25 13.45 13.46 13.04 13.04
2002-04-26 13.85 14.22 13.3 13.3
2002-05-21 13.26 13.58 13.01 13.01
2002-06-11 12.49 12.69 12.18 12.18
2002-06-25 13.62 14.27 13.38 13.38
2002-07-04 13.8 13.88 13.59 13.59
2002-07-05 15.18 15.18 13.88 13.88
2002-08-06 14.52 14.69 14.38 14.38
2002-08-13 13.89 13.97 13.81 13.81
2002-08-15 14.04 14.18 14.02 14.02
2002-09-02 14.14 14.23 14.11 14.11
2002-09-03 14.18 14.3 14.16 14.16
2002-09-12 13.68 13.71 13.5 13.5
2002-10-16 13.3 13.51 13.22 13.22
2002-10-22 13.74 13.88 13.56 13.56
2002-11-04 13.42 13.54 13.3 13.3
2002-11-19 12.41 12.6 12.11 12.11
2002-11-22 11.48 11.72 11.15 11.15
2002-12-03 11.74 11.8 11.39 11.39
2002-12-18 11.95 12.22 11.78 11.78
2003-01-02 10.51 10.94 10.26 10.26
2003-01-13 11.07 11.19 11.0 11.0
2003-01-14 11.55 11.65 11.07 11.07
2003-01-17 11.95 12.4 11.86 11.86
2003-01-22 11.7 11.77 11.56 11.56
2003-01-29 11.89 12.08 11.8 11.8
2003-02-12 12.0 12.05 11.8 11.8
2003-02-13 12.14 12.58 12.0 12.0
2003-02-25 12.15 12.15 11.85 11.85
2003-03-06 12.12 12.38 12.02 12.02
2003-03-07 12.46 12.68 12.05 12.05
2003-04-14 12.65 12.67 12.16 12.16
2003-04-30 10.81 11.0 10.75 10.75
2003-05-12 11.35 11.46 10.81 10.81
2003-05-14 11.0 11.07 10.8 10.8
2003-05-27 11.27 11.39 11.18 11.18
2003-05-28 11.26 11.37 11.23 11.23
2003-05-30 11.46 11.56 11.21 11.21
2003-06-03 11.56 11.6 11.2 11.2
2003-06-11 11.78 11.9 11.5 11.5
2003-06-19 11.99 12.77 11.74 11.74
2003-06-26 11.42 11.96 11.25 11.25
2003-07-29 10.11 10.2 10.07 10.07
2003-08-04 10.39 10.6 10.01 10.01
2003-08-07 10.4 10.58 10.37 10.37
2003-08-11 10.2 10.28 10.15 10.15
2003-08-15 10.1 10.25 10.02 10.02
2003-08-18 10.07 10.1 10.02 10.02
2003-09-04 10.01 10.22 9.96 9.96
2003-09-10 9.77 9.85 9.76 9.76
2003-09-18 9.08 9.2 9.03 9.03
2003-09-23 9.21 9.24 9.0 9.0
2003-10-09 9.07 9.15 9.05 9.05
2003-10-31 7.88 8.04 7.74 7.74
2003-11-14 7.15 7.18 7.0 7.0
2003-11-19 7.3 7.41 7.03 7.03
2003-11-28 8.13 8.2 8.0 8.0
2003-12-01 8.3 8.35 8.13 8.13
2003-12-12 8.52 8.7 8.25 8.25
2003-12-31 7.82 8.0 7.8 7.8
2004-01-02 7.88 7.92 7.72 7.72
2004-01-08 8.15 8.24 7.89 7.89
2004-02-06 9.41 10.1 9.3 9.3
2004-02-09 9.52 9.55 9.35 9.35
2004-02-10 9.95 10.3 9.53 9.53
2004-02-16 9.77 9.79 9.53 9.53
2004-02-20 10.21 10.32 9.93 9.93
2004-03-10 9.86 10.23 9.5 9.5
2004-03-24 9.7 9.74 9.63 9.63
2004-03-30 9.96 9.98 9.71 9.71
2004-04-21 8.97 9.17 8.87 8.87
2004-05-11 8.41 8.43 8.23 8.23
2004-05-12 8.63 8.67 8.36 8.36
2004-05-13 8.62 8.75 8.54 8.54
2004-05-20 8.74 8.79 8.68 8.68
2004-05-27 9.17 9.26 8.75 8.75
2004-06-09 8.04 8.67 7.98 7.98
2004-06-11 8.08 8.29 8.06 8.06
2004-07-26 7.0 7.1 6.83 6.83
2004-08-04 7.33 7.58 6.9 6.9
2004-08-09 7.26 7.28 7.06 7.06
2004-08-26 7.56 7.98 7.44 7.44
2004-09-07 7.5 7.5 7.32 7.32
2004-09-14 7.13 7.2 6.9 6.9
2004-09-15 7.48 7.6 7.1 7.1
2004-09-20 8.23 8.47 7.78 7.78
2004-10-08 7.65 7.78 7.44 7.44
2004-10-13 7.5 7.57 7.46 7.46
2004-10-15 7.11 7.18 7.0 7.0
2004-11-18 7.16 7.18 7.08 7.08
2004-11-19 7.43 7.45 7.18 7.18
2004-11-30 7.3 7.35 7.18 7.18
2004-12-09 7.4 7.4 7.2 7.2
2004-12-28 6.86 6.9 6.83 6.83
2005-01-05 6.76 6.81 6.66 6.66
2005-01-25 6.92 7.12 6.87 6.87
2005-01-26 6.72 6.85 6.48 6.48
2005-01-27 6.65 6.9 6.65 6.65
2005-01-28 6.56 6.79 6.56 6.56
2005-02-22 6.35 6.48 6.23 6.23
2005-03-03 6.76 6.77 6.65 6.65
2005-03-07 6.77 6.85 6.71 6.71
2005-03-22 6.51 6.52 6.23 6.23
2005-03-25 6.47 6.55 6.44 6.44
2005-03-29 6.6 6.87 6.43 6.43
2005-04-04 6.73 7.1 6.7 6.7
2005-04-07 6.71 6.85 6.49 6.49
2005-04-08 6.85 7.0 6.7 6.7
2005-04-19 7.4 7.43 6.8 6.8
2005-05-16 5.08 5.24 4.91 4.91
2005-05-17 5.08 5.14 5.03 5.03
2005-05-30 5.0 5.0 4.9 4.9
2005-06-08 5.6 5.73 5.1 5.1
2005-07-22 3.63 3.68 3.51 3.51
2005-08-02 4.02 4.02 3.88 3.88
2005-08-03 4.07 4.18 4.02 4.02
2005-08-08 4.49 4.55 4.25 4.25
2005-08-09 4.94 4.94 4.45 4.45
2005-08-10 5.43 5.43 5.1 5.1
2005-08-25 9.42 9.42 8.81 8.81
2005-09-09 8.67 9.33 8.54 8.54
2005-09-13 8.46 8.49 8.27 8.27
2005-09-29 8.04 8.04 7.33 7.33
2005-10-18 7.68 7.76 7.47 7.47
2005-10-19 8.02 8.31 7.7 7.7
2005-10-24 7.8 7.87 7.7 7.7
2005-10-27 7.15 7.34 6.99 6.99
2005-11-14 6.81 6.96 6.58 6.58
2005-11-17 7.0 7.18 6.91 6.91
2005-11-24 7.06 7.23 7.02 7.02
2005-11-28 7.38 7.45 6.99 6.99
2005-12-16 7.29 7.3 7.0 7.0
2005-12-23 7.38 7.4 7.21 7.21
2006-01-17 7.74 7.86 7.63 7.63
2006-01-18 7.88 7.97 7.7 7.7
2006-02-14 8.31 8.4 8.15 8.15
2006-10-24 5.98 5.99 5.85 5.85
2006-10-26 5.87 5.92 5.83 5.83
2006-10-31 5.9 5.95 5.8 5.8
2006-11-09 5.8 5.84 5.74 5.74
2006-11-14 5.67 5.68 5.3 5.3
2006-11-30 5.85 5.98 5.7 5.7
2006-12-08 5.82 6.15 5.6 5.6
2007-01-05 5.71 5.74 5.62 5.62
2007-01-19 6.68 6.77 6.44 6.44
2007-01-24 7.16 7.37 6.8 6.8
2007-03-02 8.31 8.58 7.75 7.75
2007-03-19 8.8 8.83 8.35 8.35
2007-03-26 9.36 9.4 9.04 9.04
2007-04-20 11.05 11.15 10.4 10.4
2007-05-23 14.3 14.44 13.91 13.91
2007-06-18 12.21 12.66 11.68 11.68
2007-07-09 8.75 8.8 8.36 8.36
2007-07-12 9.07 9.12 8.75 8.75
2007-08-02 10.51 10.54 10.1 10.1
2007-09-06 12.03 12.4 12.01 12.01
2007-09-13 10.8 10.95 10.65 10.65
2007-10-08 11.43 11.94 11.36 11.36
2007-10-30 9.64 9.64 8.8 8.8
2007-11-20 9.73 9.82 9.48 9.48
2007-12-03 9.48 9.57 9.24 9.24
2007-12-28 10.96 11.15 10.72 10.72
2008-01-07 11.7 11.99 11.19 11.19
2008-02-18 11.21 11.5 10.94 10.94
2008-03-11 11.16 11.35 10.22 10.22
2008-03-25 9.7 9.75 9.2 9.2
2008-03-26 9.87 10.18 9.7 9.7
2008-03-28 9.25 9.3 8.61 8.61
2008-04-11 8.47 8.7 8.12 8.12
2008-04-30 9.18 9.19 8.65 8.65
2008-05-27 7.79 7.8 7.3 7.3
2008-07-02 5.39 5.55 5.31 5.31
2008-07-04 5.6 5.76 5.5 5.5
2008-07-07 6.16 6.16 5.6 5.6
2008-08-19 4.89 4.92 4.66 4.66
2008-10-17 3.39 3.46 3.33 3.33
2008-10-23 3.43 3.45 3.3 3.3
2008-11-05 2.85 2.91 2.69 2.69
2008-11-17 3.94 3.99 3.52 3.52
2008-12-01 4.09 4.18 3.76 3.76
2008-12-09 4.77 4.77 4.45 4.45
2009-01-05 3.78 3.8 3.69 3.69
2009-01-22 4.21 4.26 4.12 4.12
2009-02-02 4.26 4.27 4.13 4.13
2009-02-06 4.88 4.92 4.65 4.65
2009-02-20 5.24 5.3 5.0 5.0
2009-02-23 5.41 5.44 5.18 5.18
2009-03-18 5.0 5.07 4.91 4.91
2009-04-08 5.21 5.43 5.2 5.2
2009-06-10 6.92 6.92 6.39 6.39
2009-06-26 6.58 6.63 6.48 6.48
2009-07-13 7.16 7.39 6.9 6.9
2009-07-14 7.17 7.25 7.09 7.09
2009-07-20 7.79 7.85 7.4 7.4
2009-07-22 7.48 7.67 7.33 7.33
2009-07-30 7.21 7.3 7.0 7.0
2009-09-07 15.86 15.86 14.21 14.21
2009-09-08 17.45 17.45 16.15 16.15
2009-09-14 19.01 19.01 19.01 19.01
2009-09-15 20.91 20.91 18.1 18.1
2009-11-11 20.23 20.56 19.98 19.98
2009-11-30 18.51 18.7 18.0 18.0
2009-12-15 18.28 18.65 18.05 18.05
2010-03-18 16.85 17.47 16.81 16.81
2010-04-08 16.97 17.2 16.8 16.8
2010-04-30 15.26 15.59 14.22 14.22
2010-06-28 12.56 12.95 12.43 12.43
2010-07-06 13.92 13.92 13.15 13.15
2010-07-29 18.19 18.69 17.99 17.99
2010-08-02 17.84 18.08 17.58 17.58
2010-08-03 18.15 19.19 17.84 17.84
2010-08-16 18.66 18.95 18.12 18.12
2010-08-23 18.07 18.35 18.0 18.0
2010-10-08 18.0 18.02 17.6 17.6
2010-10-12 19.97 20.71 19.5 19.5
2010-10-19 18.19 18.26 17.61 17.61
2010-11-15 20.11 20.29 19.03 19.03
2010-12-01 19.53 19.7 19.19 19.19
2010-12-06 20.45 20.5 19.65 19.65
2010-12-13 19.46 19.74 19.2 19.2
2011-01-19 16.1 16.18 15.66 15.66
2011-02-10 15.61 15.65 15.2 15.2
2011-03-11 17.36 17.76 17.33 17.33
2011-03-18 17.42 17.67 17.35 17.35
2011-04-01 16.36 16.62 16.14 16.14
2011-04-06 16.49 16.58 16.1 16.1
2011-05-18 17.8 18.34 17.5 17.5
2011-06-01 15.15 15.22 15.0 15.0
2011-06-07 15.38 15.4 15.0 15.0
2011-06-30 15.18 15.35 14.8 14.8
2011-07-01 15.21 15.82 15.1 15.1
2011-07-15 15.37 15.6 15.2 15.2
2011-08-04 14.29 14.49 14.08 14.08
2011-08-22 12.71 12.9 12.64 12.64
2011-09-07 13.23 13.23 12.9 12.9
2011-09-23 12.32 12.71 11.8 11.8
2011-11-01 12.07 12.38 11.52 11.52
2011-12-16 9.26 9.29 8.99 8.99
2011-12-21 10.25 10.25 9.59 9.59
2012-02-08 9.85 10.39 9.45 9.45
2012-02-22 10.34 10.38 10.19 10.19
2012-03-09 10.93 10.98 10.72 10.72
2012-04-13 10.03 10.16 9.72 9.72
2012-04-20 10.56 10.75 10.18 10.18
2012-05-10 10.15 10.26 10.1 10.1
2012-06-06 10.54 10.6 10.08 10.08
2012-07-24 9.01 9.1 8.9 8.9
2012-08-01 8.19 8.24 8.08 8.08
2012-08-23 8.51 8.54 8.33 8.33
2012-09-24 8.88 8.92 8.75 8.75
2012-10-30 8.59 8.65 8.5 8.5
2012-12-05 7.37 7.46 7.08 7.08
2012-12-07 7.57 7.58 7.37 7.37
2013-01-15 8.69 8.71 8.33 8.33
2013-01-16 8.71 8.85 8.58 8.58
2013-01-25 8.92 9.08 8.82 8.82
2013-02-06 9.2 9.25 9.0 9.0
2013-02-28 9.08 9.2 8.85 8.85
2013-03-05 8.89 8.94 8.55 8.55
2013-03-14 8.49 8.66 8.44 8.44
2013-03-20 8.8 8.81 8.56 8.56
2013-03-21 9.68 9.68 9.05 9.05
2013-04-09 8.92 8.93 8.76 8.76
2013-04-24 9.14 9.17 8.96 8.96
2013-05-02 9.8 10.07 9.57 9.57
2013-05-29 11.34 11.6 11.1 11.1
2013-08-05 8.87 8.89 8.65 8.65
2013-09-03 9.96 10.06 9.8 9.8
2013-09-30 9.93 9.94 9.74 9.74
2013-10-24 10.04 10.15 9.96 9.96
2013-11-11 9.03 9.06 8.76 8.76
2013-11-15 9.15 9.24 8.89 8.89
2013-11-26 9.52 9.6 9.36 9.36
2013-12-30 9.56 9.85 9.35 9.35
2014-01-07 9.08 9.19 9.0 9.0
2014-01-21 8.83 8.88 8.6 8.6
2014-01-22 8.98 9.01 8.83 8.83
2014-02-10 9.28 9.34 9.1 9.1
2014-02-26 9.42 9.42 9.13 9.13
2014-03-03 9.77 9.84 9.36 9.36
2014-03-19 10.39 10.44 9.68 9.68
2014-03-28 10.6 11.2 10.55 10.55
2014-04-24 10.41 10.5 10.25 10.25
2014-04-30 10.15 10.3 9.91 9.91
2014-05-23 11.6 11.75 11.44 11.44
2014-05-26 12.56 12.76 11.63 11.63
2014-07-25 11.42 11.46 11.3 11.3
2014-07-29 11.93 11.99 11.69 11.69
2014-08-22 13.16 13.22 12.93 12.93
2014-09-24 13.44 13.48 13.26 13.26
2014-10-13 14.33 14.4 13.39 13.39
2014-10-28 14.03 14.14 13.66 13.66
2014-10-29 14.52 14.6 14.05 14.05
2014-11-12 13.69 13.7 13.35 13.35
2014-11-28 14.52 14.85 14.32 14.32
2015-03-24 15.97 15.97 15.97 15.97
2015-03-25 17.57 17.57 17.57 17.57
2015-03-26 19.33 19.33 19.33 19.33
2015-03-27 21.26 21.26 21.26 21.26
2015-04-01 22.65 23.2 21.83 21.83
2015-05-05 25.8 26.79 25.25 25.25
2015-05-11 25.79 25.9 24.16 24.16
2015-06-26 31.43 31.43 31.43 31.43
2015-06-29 28.29 28.29 28.29 28.29
2015-06-30 27.69 30.05 25.46 25.46
2015-07-03 20.19 21.8 20.19 20.19
2015-07-07 16.35 17.0 16.35 16.35
2015-07-08 14.72 14.72 14.72 14.72
2015-07-09 16.19 16.19 13.25 13.25
2015-07-16 16.82 17.8 15.35 15.35
2015-07-28 19.4 21.7 19.4 19.4
2015-08-06 17.47 18.05 17.05 17.05
2015-08-13 21.56 21.73 20.25 20.25
2015-08-25 14.81 15.22 14.81 14.81
2015-09-16 13.62 13.62 12.38 12.38
2015-11-04 17.33 17.38 16.58 16.58
2015-11-06 17.76 17.8 17.16 17.16
2015-11-13 19.88 20.16 19.36 19.36
2015-11-16 20.56 20.7 18.6 18.6
2015-11-18 20.74 21.88 20.44 20.44
2015-11-19 21.05 21.23 20.65 20.65
2015-12-29 18.82 18.95 18.58 18.58
2016-01-05 17.87 18.4 16.11 16.11
2016-01-06 18.4 19.12 17.73 17.73
2016-01-18 13.73 13.89 12.97 12.97
2016-01-28 18.32 18.32 18.32 18.32
2016-01-29 20.15 20.15 20.15 20.15
2016-02-15 22.65 24.09 21.6 21.6
2016-02-22 23.91 24.3 23.51 23.51
2016-03-02 19.12 19.59 17.91 17.91
2016-03-07 18.73 18.73 17.24 17.24
2016-03-30 25.7 25.7 23.2 23.2
2016-04-05 25.18 25.45 24.06 24.06
2016-05-13 23.39 24.24 22.68 22.68
2016-05-23 22.56 22.63 22.09 22.09
2016-05-31 21.13 21.15 20.36 20.36
2016-06-27 19.24 19.35 18.48 18.48
2016-07-28 18.8 19.1 18.5 18.5
2016-10-10 19.16 19.21 18.87 18.87
2016-10-13 19.24 19.4 19.05 19.05
2016-11-07 18.63 18.69 18.48 18.48
2016-11-10 19.18 19.45 19.03 19.03
2016-12-15 14.0 14.27 13.7 13.7
2017-03-28 11.94 11.97 11.87 11.87
2017-04-05 11.57 11.58 11.37 11.37
2017-05-05 10.29 10.45 10.21 10.21
2017-06-01 10.78 10.84 10.5 10.5
2017-06-13 10.63 10.75 10.5 10.5
2017-06-16 11.48 11.65 10.89 10.89
2017-06-30 11.29 11.39 11.21 11.21
2017-07-03 11.38 11.45 11.34 11.34
2017-07-21 10.6 10.61 10.38 10.38
