1998-02-25 13.02 14.28 12.2 12.2
1998-03-03 11.33 11.4 10.8 10.8
1998-03-10 11.79 11.99 11.41 11.41
1998-04-10 13.6 13.7 13.0 13.0
1998-04-15 14.95 15.02 13.7 13.7
1998-04-21 16.21 16.5 15.55 15.55
1998-06-22 19.31 19.31 17.55 17.55
1998-07-08 19.7 19.94 18.9 18.9
1998-07-21 19.08 19.09 18.5 18.5
1998-07-31 17.5 17.5 16.76 16.76
1998-09-02 15.9 15.99 15.8 15.8
1998-09-24 18.06 18.9 17.88 17.88
1998-09-30 17.96 18.0 17.6 17.6
1998-11-06 17.59 17.79 17.18 17.18
1998-11-11 18.17 18.26 17.6 17.6
1998-11-19 18.95 19.2 18.6 18.6
1998-11-24 18.98 19.5 18.5 18.5
1998-12-02 17.98 17.99 17.6 17.6
1998-12-03 18.09 18.14 17.7 17.7
1998-12-09 18.89 18.96 18.6 18.6
1998-12-10 19.25 19.32 18.7 18.7
1998-12-22 17.78 17.82 17.29 17.29
1999-01-04 17.7 17.78 17.4 17.4
1999-02-01 14.35 14.65 14.16 14.16
1999-03-04 14.62 14.62 13.38 13.38
1999-03-08 14.91 15.3 14.0 14.0
1999-03-11 14.6 14.93 14.45 14.45
1999-03-15 15.55 16.0 15.35 15.35
1999-04-29 12.97 12.97 12.6 12.6
1999-05-11 13.9 13.96 12.75 12.75
1999-05-19 14.4 14.5 13.35 13.35
1999-06-16 16.7 16.8 15.8 15.8
1999-07-01 20.03 20.6 20.03 20.03
1999-07-07 19.4 19.6 18.5 18.5
1999-07-20 20.46 20.46 18.46 18.46
1999-07-23 20.62 21.35 20.1 20.1
1999-07-28 19.78 20.0 18.99 18.99
1999-08-17 19.76 20.19 19.35 19.35
1999-09-06 18.31 18.6 18.2 18.2
1999-09-09 20.01 20.01 18.5 18.5
1999-09-21 19.25 19.58 19.1 19.1
1999-09-22 19.31 19.5 19.26 19.26
1999-10-08 18.65 19.0 18.51 18.51
1999-10-26 17.45 17.85 17.1 17.1
1999-12-07 15.82 15.96 15.56 15.56
1999-12-10 17.26 17.28 15.9 15.9
1999-12-24 17.8 18.08 17.42 17.42
1999-12-27 18.62 18.9 17.85 17.85
2000-01-19 18.59 18.86 18.0 18.0
2000-01-24 20.19 20.8 19.35 19.35
2000-02-15 23.49 23.49 23.49 23.49
2000-02-24 22.48 22.49 20.98 20.98
2000-03-02 21.99 22.58 21.7 21.7
2000-03-15 20.88 21.85 20.45 20.45
2000-04-05 21.45 21.9 21.32 21.32
2000-04-06 21.86 22.0 21.5 21.5
2000-04-10 21.56 21.7 21.5 21.5
2000-04-19 21.02 21.16 20.78 20.78
2000-04-21 21.32 21.6 21.1 21.1
2000-05-11 23.05 24.16 22.5 22.5
2000-05-16 23.4 23.65 22.81 22.81
2000-06-06 24.68 25.1 23.81 23.81
2000-06-20 22.85 23.1 22.6 22.6
2000-07-06 22.9 23.28 22.62 22.62
2000-07-07 23.02 23.2 22.85 22.85
2000-07-17 22.9 23.4 22.6 22.6
2000-08-10 23.82 23.98 23.26 23.26
2000-08-28 22.5 22.6 22.2 22.2
2000-08-29 22.71 22.83 22.52 22.52
2000-09-07 20.65 21.38 20.6 20.6
2000-09-08 20.9 21.3 20.71 20.71
2000-09-22 19.81 20.0 19.6 19.6
2000-09-29 20.37 20.67 20.18 20.18
2000-10-10 20.88 20.98 20.7 20.7
2000-10-12 20.82 21.15 20.51 20.51
2000-10-20 22.5 23.18 21.65 21.65
2000-11-02 22.82 23.3 22.8 22.8
2000-11-22 25.0 25.17 24.45 24.45
2000-12-08 24.1 24.13 23.51 23.51
2000-12-12 24.58 24.65 23.9 23.9
2000-12-15 25.18 25.72 24.55 24.55
2000-12-19 25.69 26.88 25.29 25.29
2001-01-18 24.49 24.99 23.65 23.65
2001-01-19 24.9 24.95 24.44 24.44
2001-02-22 23.25 23.45 23.0 23.0
2001-03-09 23.81 24.1 23.5 23.5
2001-03-13 24.05 24.18 23.5 23.5
2001-03-14 24.59 24.6 24.0 24.0
2001-03-19 25.3 25.35 24.8 24.8
2001-04-16 27.8 27.8 26.3 26.3
2001-05-16 31.31 31.31 29.8 29.8
2001-05-18 32.88 33.55 31.6 31.6
2001-06-21 29.92 29.92 29.23 29.23
2001-06-22 30.28 30.3 29.8 29.8
2001-07-20 29.95 30.05 29.65 29.65
2001-08-01 25.65 25.7 24.6 24.6
2001-08-20 26.27 26.27 26.0 26.0
2001-09-04 27.2 27.2 26.78 26.78
2001-10-23 23.54 23.54 21.55 21.55
2001-11-28 24.34 24.34 22.15 22.15
2001-12-17 22.7 22.75 22.5 22.5
2001-12-25 22.25 22.4 22.0 22.0
2001-12-27 22.89 22.9 22.15 22.15
2001-12-28 23.23 23.5 22.75 22.75
2002-01-28 15.65 16.3 15.65 15.65
2002-01-31 16.11 16.15 14.9 14.9
2002-03-07 18.11 18.12 17.45 17.45
2002-03-08 18.88 19.3 18.2 18.2
2002-03-14 19.07 19.45 17.95 17.95
2002-04-04 16.84 16.84 15.32 15.32
2002-04-09 17.35 17.41 17.02 17.02
2002-04-12 16.98 17.17 16.61 16.61
2002-04-22 16.42 16.8 16.02 16.02
2002-04-23 16.38 16.6 16.38 16.38
2002-04-26 16.63 17.15 16.08 16.08
2002-05-22 17.0 17.45 16.9 16.9
2002-05-28 16.89 16.99 16.71 16.71
2002-06-04 16.04 16.15 15.58 15.58
2002-06-05 15.89 16.04 15.7 15.7
2002-06-06 16.65 17.0 15.7 15.7
2002-06-18 16.89 16.95 16.6 16.6
2002-06-20 17.08 17.3 16.8 16.8
2002-06-21 17.42 17.47 17.0 17.0
2002-07-03 17.35 17.39 17.2 17.2
2002-07-05 16.7 16.74 16.3 16.3
2002-07-11 16.5 16.63 16.4 16.4
2002-07-12 16.54 16.7 16.5 16.5
2002-07-24 15.9 16.18 15.83 15.83
2002-08-13 16.06 16.16 15.9 15.9
2002-08-22 16.38 16.63 15.9 15.9
2002-08-26 16.51 16.8 16.09 16.09
2002-09-03 16.51 16.7 16.4 16.4
2002-09-12 16.29 16.34 16.0 16.0
2002-10-22 15.05 15.1 14.75 14.75
2002-11-28 11.99 12.0 11.6 11.6
2002-12-03 11.95 11.96 11.53 11.53
2002-12-12 10.98 11.39 10.9 10.9
2003-02-11 12.25 12.26 11.98 11.98
2003-02-24 11.39 11.5 11.24 11.24
2003-02-27 11.84 11.94 11.63 11.63
2003-03-27 11.56 11.56 10.5 10.5
2003-04-03 11.75 12.28 11.35 11.35
2004-04-26 8.49 8.58 8.4 8.4
2004-05-12 7.66 7.73 7.4 7.4
2004-05-18 7.58 7.58 7.28 7.28
2004-05-21 7.55 7.63 7.5 7.5
2004-05-27 7.5 7.5 7.24 7.24
2004-06-02 7.74 7.76 7.48 7.48
2004-06-04 7.58 7.7 7.41 7.41
2004-07-09 6.37 6.5 6.28 6.28
2004-07-16 6.69 6.71 6.42 6.42
2004-08-02 5.45 5.64 5.37 5.37
2004-08-04 5.67 5.68 5.45 5.45
2004-08-06 5.61 5.61 5.51 5.51
2004-08-17 4.68 4.73 4.54 4.54
2004-08-24 4.52 4.58 4.33 4.33
2004-09-02 4.58 4.6 4.43 4.43
2004-09-07 4.55 4.6 4.51 4.51
2004-09-14 4.58 4.62 4.4 4.4
2004-09-15 4.81 4.81 4.58 4.58
2004-09-17 5.03 5.11 4.83 4.83
2004-10-08 4.67 4.69 4.56 4.56
2004-10-25 4.73 4.77 4.55 4.55
2004-12-15 5.11 5.15 5.0 5.0
2004-12-17 4.94 5.08 4.91 4.91
2004-12-20 5.0 5.04 4.82 4.82
2004-12-21 5.03 5.1 4.95 4.95
2004-12-29 4.82 4.94 4.75 4.75
2005-01-10 5.17 5.22 5.15 5.15
2005-01-13 5.35 5.4 5.12 5.12
2005-01-21 5.26 5.34 5.13 5.13
2005-02-17 5.6 5.61 5.3 5.3
2005-02-25 6.15 6.18 5.8 5.8
2005-03-09 6.04 6.1 5.9 5.9
2005-03-31 4.98 5.0 4.8 4.8
2005-05-12 3.71 3.8 3.64 3.64
2005-05-16 3.74 3.78 3.66 3.66
2005-05-19 3.86 3.87 3.75 3.75
2005-11-02 3.59 3.64 3.48 3.48
2005-11-07 3.93 3.93 3.75 3.75
2005-11-14 3.72 3.75 3.51 3.51
2005-11-17 3.74 3.82 3.68 3.68
2005-12-01 3.8 3.84 3.73 3.73
2005-12-06 3.55 3.56 3.42 3.42
2005-12-12 4.04 4.04 4.04 4.04
2005-12-13 4.09 4.23 4.06 4.06
2005-12-28 4.05 4.09 4.02 4.02
2006-01-09 4.0 4.04 3.94 3.94
2006-01-12 4.0 4.01 3.85 3.85
2006-01-16 4.0 4.08 3.98 3.98
2006-01-18 4.14 4.15 4.03 4.03
2006-02-06 3.85 3.85 3.73 3.73
2006-03-13 3.75 3.75 3.63 3.63
2006-04-12 3.87 3.87 3.78 3.78
2006-05-08 3.15 3.18 3.01 3.01
2006-05-22 3.98 4.01 3.8 3.8
2006-05-26 4.13 4.14 4.02 4.02
2006-06-08 4.99 4.99 4.49 4.49
2006-06-29 5.3 5.37 5.15 5.15
2006-07-03 5.06 5.2 4.7 4.7
2006-07-10 4.98 4.99 4.87 4.87
2006-08-15 4.87 4.94 4.7 4.7
2006-08-28 6.15 6.15 5.58 5.58
2006-09-13 6.33 6.59 6.12 6.12
2006-09-18 6.27 6.34 6.14 6.14
2006-10-09 7.05 7.25 6.92 6.92
2006-10-19 6.83 6.86 6.62 6.62
2006-11-03 6.15 6.18 5.79 5.79
2006-11-06 6.29 6.4 6.01 6.01
2006-12-13 5.87 6.05 5.32 5.32
2007-01-10 6.16 6.16 6.16 6.16
2007-01-11 6.47 6.47 6.47 6.47
2007-03-02 7.4 7.66 7.3 7.3
2007-03-15 8.69 8.88 8.14 8.14
2007-03-26 9.62 9.67 9.24 9.24
2007-03-27 10.58 10.58 9.93 9.93
2007-04-02 9.7 9.88 9.31 9.31
2007-04-11 9.5 9.5 9.5 9.5
2007-04-12 9.79 9.83 9.08 9.08
2007-04-25 12.96 12.96 12.43 12.43
2007-05-30 13.19 13.41 13.19 13.19
2007-05-31 12.53 12.8 12.53 12.53
2007-06-04 11.31 11.31 11.31 11.31
2007-06-05 10.74 10.74 10.74 10.74
2007-06-06 10.25 11.0 10.2 10.2
2007-06-26 10.6 10.69 10.2 10.2
2007-06-28 11.52 11.64 11.08 11.08
2007-07-06 10.19 10.38 9.78 9.78
2007-07-09 10.31 10.48 10.06 10.06
2007-07-17 10.48 10.67 10.25 10.25
2007-07-27 12.16 12.28 11.71 11.71
2007-07-31 12.25 12.38 12.07 12.07
2007-08-06 13.14 13.14 12.88 12.88
2007-08-14 13.89 13.98 13.61 13.61
2007-08-16 14.31 14.31 13.5 13.5
2007-08-22 16.03 16.03 15.01 15.01
2007-09-12 16.45 16.86 16.28 16.28
2007-10-09 22.35 22.35 22.35 22.35
2007-10-18 23.21 23.6 22.6 22.6
2007-10-22 21.47 23.73 21.47 21.47
2007-10-24 19.38 19.38 19.38 19.38
2007-10-25 18.41 18.41 18.41 18.41
2007-10-26 17.49 17.49 17.49 17.49
2007-10-29 16.62 16.62 16.62 16.62
2007-11-02 15.2 15.2 15.2 15.2
2007-11-05 15.29 15.96 14.44 14.44
2007-11-12 12.57 13.4 12.57 12.57
2007-11-13 13.2 13.2 12.35 12.35
2007-11-19 13.0 13.0 12.46 12.46
2007-11-23 14.61 15.18 13.74 13.74
2007-11-29 13.86 14.19 13.75 13.75
2007-12-04 14.0 14.0 13.33 13.33
2007-12-13 14.7 14.7 13.3 13.3
2007-12-14 15.44 15.44 15.44 15.44
2007-12-24 16.21 16.21 15.44 15.44
2007-12-26 17.8 17.8 16.8 16.8
2008-01-07 19.13 19.26 18.7 18.7
2008-02-15 20.56 20.56 20.56 20.56
2008-02-18 21.59 21.59 21.59 21.59
2008-02-20 19.89 21.44 19.65 19.65
2008-02-27 18.55 18.68 17.7 17.7
2008-03-06 17.24 17.24 16.43 16.43
2008-03-19 14.89 15.4 14.67 14.67
2008-03-20 14.87 15.2 14.15 14.15
2008-04-01 13.3 14.49 13.3 13.3
2008-04-10 13.49 13.49 13.18 13.18
2008-04-16 13.94 14.15 13.15 13.15
2008-04-17 14.6 14.64 13.65 13.65
2008-04-25 14.2 14.43 13.74 13.74
2008-04-30 14.98 14.98 14.39 14.39
2008-05-15 16.79 17.25 16.55 16.55
2008-05-21 14.92 14.99 14.44 14.44
2008-05-28 14.9 15.1 14.69 14.69
2008-06-05 15.0 15.28 14.8 14.8
2008-06-11 13.55 13.9 13.55 13.55
2008-06-25 14.37 14.5 13.69 13.69
2008-06-27 15.04 15.16 14.0 14.0
2008-07-03 14.46 14.77 13.7 13.7
2008-07-04 14.37 14.57 14.1 14.1
2008-07-21 14.57 14.6 14.1 14.1
2008-07-23 14.75 15.0 14.41 14.41
2008-08-14 11.77 11.94 11.19 11.19
2008-08-19 10.44 10.7 10.44 10.44
2008-08-27 10.19 10.28 9.63 9.63
2008-08-29 10.27 10.42 9.68 9.68
2008-09-16 7.85 8.05 7.6 7.6
2008-10-10 7.73 7.98 7.73 7.73
2008-10-16 6.72 6.88 6.72 6.72
2008-10-21 6.81 6.94 6.71 6.71
2008-11-11 6.54 6.67 6.41 6.41
2008-11-19 7.46 7.48 7.0 7.0
2008-11-20 7.83 7.83 7.3 7.3
2008-12-05 7.99 7.99 7.67 7.67
2008-12-19 7.91 7.97 7.82 7.82
2008-12-22 8.31 8.31 7.76 7.76
2008-12-30 7.95 8.1 7.75 7.75
2009-01-06 8.3 8.33 8.1 8.1
2009-01-12 8.61 8.75 8.38 8.38
2009-02-05 10.7 10.7 10.13 10.13
2009-02-16 12.65 12.67 12.03 12.03
2009-03-10 12.19 12.2 11.53 11.53
2009-03-20 14.8 14.88 14.49 14.49
2009-04-01 17.09 17.09 16.2 16.2
2009-04-10 19.11 19.11 18.55 18.55
2009-04-30 18.31 18.31 17.7 17.7
2009-06-10 16.38 16.38 15.08 15.08
2009-07-10 19.84 20.56 19.26 19.26
2009-07-14 19.47 19.66 19.35 19.35
2009-07-15 20.32 20.5 19.6 19.6
2009-07-23 27.21 27.21 24.83 24.83
2009-07-24 29.93 29.93 27.0 27.0
2009-08-18 27.88 28.2 25.87 25.87
2009-08-20 26.89 27.15 24.9 24.9
2009-09-03 21.01 21.01 19.18 19.18
2009-11-06 27.82 28.19 27.27 27.27
2009-12-24 26.24 26.35 25.25 25.25
2010-01-18 29.24 29.78 27.99 27.99
2010-01-20 30.97 31.5 29.1 29.1
2010-03-30 27.61 27.82 26.49 26.49
2010-04-01 28.12 28.39 27.51 27.51
2010-04-23 30.62 30.99 29.26 29.26
2010-05-24 24.65 24.96 23.79 23.79
2010-06-09 26.12 26.5 25.38 25.38
2010-07-06 21.31 21.45 20.6 20.6
2010-07-16 23.19 23.79 22.2 22.2
2010-07-20 23.6 24.1 22.98 22.98
2010-07-28 23.78 23.84 23.35 23.35
2010-08-04 24.54 24.58 23.65 23.65
2010-08-05 24.74 24.95 24.3 24.3
2010-08-30 26.72 27.0 25.7 25.7
2010-09-27 28.58 29.1 27.07 27.07
2010-11-22 32.72 32.95 30.5 30.5
2010-11-29 33.63 34.2 33.41 33.41
2010-12-08 33.17 33.9 33.0 33.0
2010-12-13 35.62 35.88 34.6 34.6
2011-01-26 35.65 35.98 34.5 34.5
2011-02-23 38.15 38.25 37.28 37.28
2011-03-28 37.5 38.3 35.91 35.91
2011-04-01 28.37 28.9 26.66 26.66
2011-04-20 27.0 27.23 26.85 26.85
2011-05-10 21.95 21.98 21.5 21.5
2011-05-13 21.82 21.89 21.22 21.22
2011-05-25 21.7 21.7 19.79 19.79
2011-06-03 21.72 21.96 21.06 21.06
2011-06-10 22.18 22.41 21.5 21.5
2011-06-30 24.12 24.28 23.6 23.6
2011-07-13 23.27 23.4 22.88 22.88
2011-07-14 23.7 23.95 23.34 23.34
2011-10-28 17.59 17.95 17.27 17.27
2011-11-03 17.73 18.28 17.53 17.53
2011-12-23 12.91 13.16 12.5 12.5
2011-12-30 13.63 14.0 13.15 13.15
2012-03-02 17.7 17.86 17.4 17.4
2012-04-18 19.55 19.74 18.87 18.87
2012-04-20 20.13 20.85 19.6 19.6
2012-04-26 11.37 11.89 11.0 11.0
2012-07-10 9.39 9.46 9.25 9.25
2012-09-06 8.51 8.52 8.33 8.33
2012-09-07 9.1 9.3 8.64 8.64
2012-09-12 10.1 10.41 9.56 9.56
2012-09-21 10.43 10.55 10.01 10.01
2012-12-14 9.05 9.21 8.35 8.35
2013-01-31 9.84 10.05 9.66 9.66
2013-02-08 10.01 10.09 9.82 9.82
2013-02-25 9.54 9.57 9.43 9.43
2013-02-27 9.39 9.46 9.31 9.31
2013-03-05 9.06 9.09 8.9 8.9
2013-03-06 9.23 9.24 9.06 9.06
2013-03-25 9.21 9.28 9.07 9.07
2013-04-02 8.57 8.63 8.52 8.52
2013-04-09 8.67 8.79 8.51 8.51
2013-05-31 7.88 7.96 7.84 7.84
2013-06-07 8.18 8.32 7.8 7.8
2013-07-15 6.59 6.66 6.49 6.49
2013-08-01 6.45 6.51 6.24 6.24
2013-08-26 8.16 8.17 7.84 7.84
2013-10-14 8.4 8.8 8.4 8.4
2013-11-04 7.34 7.47 7.27 7.27
2013-11-28 7.62 7.67 7.22 7.22
2013-12-18 7.49 7.53 7.35 7.35
2013-12-24 7.77 7.97 7.52 7.52
2014-04-18 8.97 8.97 8.97 8.97
2014-04-21 9.87 9.87 9.87 9.87
2014-04-23 11.51 11.51 10.4 10.4
2014-05-14 11.59 12.26 11.5 11.5
2014-06-27 13.8 13.96 13.18 13.18
2014-07-03 14.89 15.1 13.7 13.7
2014-07-25 14.83 15.17 14.65 14.65
2014-08-08 14.25 14.29 14.15 14.15
2014-08-12 14.75 14.75 14.3 14.3
2014-08-27 14.46 14.53 14.1 14.1
2014-09-03 16.05 16.05 14.61 14.61
2014-09-24 18.89 19.08 17.39 17.39
2014-09-30 15.09 15.46 14.33 14.33
2014-12-25 12.25 12.54 11.86 11.86
2015-01-26 13.11 13.26 12.95 12.95
2015-03-16 14.36 14.45 14.03 14.03
2015-03-19 15.53 15.8 15.02 15.02
2015-04-01 16.29 16.33 15.6 15.6
2015-04-17 15.87 16.19 15.71 15.71
2015-05-04 17.1 17.27 16.9 16.9
2015-05-08 16.37 16.54 15.97 15.97
2015-05-11 18.01 18.01 16.62 16.62
2015-10-19 19.91 19.91 19.91 19.91
2015-10-20 17.92 17.92 17.92 17.92
2015-12-09 16.45 16.56 15.3 15.3
2016-02-02 8.84 8.95 8.44 8.44
2016-02-04 9.0 9.29 8.7 8.7
2016-03-18 9.4 9.55 8.94 8.94
2016-08-17 14.75 14.75 14.01 14.01
2016-08-29 12.5 12.7 12.11 12.11
2016-08-30 12.74 13.11 12.6 12.6
2016-10-10 11.54 11.66 10.8 10.8
2017-02-28 11.45 11.6 11.35 11.35
2017-03-06 11.35 11.38 11.22 11.22
2017-03-13 10.94 10.99 10.67 10.67
2017-04-05 13.29 13.38 12.83 12.83
2017-04-27 13.64 13.77 12.62 12.62
2017-05-09 12.53 12.61 12.53 12.53
2017-05-24 9.68 9.68 9.68 9.68
2017-05-25 8.71 8.71 8.71 8.71
2017-05-26 8.16 9.0 7.85 7.85
2017-07-19 9.17 9.34 8.66 8.66
2017-08-02 10.05 10.39 9.92 9.92
