1995-06-30 4.1 4.45 3.12 3.12
1995-07-12 6.14 6.3 5.8 5.8
1995-07-20 6.83 6.95 6.45 6.45
1995-07-28 6.65 6.89 6.6 6.6
1995-08-03 6.74 6.78 6.6 6.6
1995-08-07 6.83 6.9 6.6 6.6
1995-08-16 7.98 8.23 6.7 6.7
1995-08-31 7.32 7.35 7.12 7.12
1995-09-13 7.3 7.44 7.2 7.2
1995-09-26 6.83 6.9 6.72 6.72
1995-10-27 6.69 6.88 6.64 6.64
1995-11-09 6.2 6.33 6.09 6.09
1995-11-21 5.47 5.5 5.38 5.38
1995-12-07 4.58 4.63 4.5 4.5
1995-12-08 4.7 4.78 4.61 4.61
1996-01-09 3.89 3.92 3.7 3.7
1996-01-11 3.81 3.84 3.76 3.76
1996-02-09 3.5 3.5 3.45 3.45
1996-02-13 3.53 3.53 3.5 3.5
1996-02-16 3.62 3.63 3.56 3.56
1996-03-04 4.13 4.18 3.69 3.69
1996-03-14 3.74 3.78 3.7 3.7
1996-03-18 3.82 3.84 3.73 3.73
1996-03-25 3.84 3.86 3.82 3.82
1996-04-11 3.74 3.74 3.71 3.71
1996-04-12 3.78 3.8 3.73 3.73
1996-04-19 4.06 4.11 3.95 3.95
1996-04-24 4.51 4.52 4.14 4.14
1996-05-06 4.35 4.45 4.1 4.1
1996-05-08 4.21 4.33 4.2 4.2
1996-05-13 4.24 4.45 4.13 4.13
1996-05-27 3.9 3.95 3.86 3.86
1996-05-28 3.91 3.95 3.9 3.9
1996-06-05 3.95 3.96 3.74 3.74
1996-06-26 4.38 4.4 4.14 4.14
1996-07-09 3.88 4.05 3.75 3.75
1996-07-16 3.93 3.95 3.72 3.72
1996-07-29 4.19 4.2 4.0 4.0
1996-08-09 4.11 4.15 4.0 4.0
1996-08-12 4.18 4.21 4.12 4.12
1996-08-21 4.12 4.13 3.83 3.83
1996-08-28 3.85 3.92 3.76 3.76
1996-09-03 3.92 4.05 3.88 3.88
1996-09-05 3.93 4.1 3.91 3.91
1996-09-20 3.77 3.79 3.63 3.63
1996-09-23 3.9 3.9 3.75 3.75
1996-09-26 3.81 3.81 3.71 3.71
1996-10-10 4.24 4.27 3.88 3.88
1996-10-18 4.97 5.48 4.54 4.54
1996-10-21 5.32 5.45 5.05 5.05
1996-11-27 4.78 4.87 4.68 4.68
1996-11-29 5.25 5.3 4.95 4.95
1996-12-16 5.36 5.36 5.36 5.36
1996-12-17 4.82 4.82 4.82 4.82
1996-12-18 5.0 5.17 4.34 4.34
1997-01-10 4.12 4.15 4.01 4.01
1997-01-15 4.09 4.11 4.01 4.01
1997-02-19 4.43 4.43 4.18 4.18
1997-02-20 4.59 4.75 3.99 3.99
1997-03-13 5.29 5.38 5.05 5.05
1997-03-21 4.97 4.99 4.8 4.8
1997-04-14 5.6 5.62 5.28 5.28
1997-05-12 5.58 5.7 5.2 5.2
1997-05-19 5.25 5.25 4.9 4.9
1997-05-27 4.6 4.6 4.46 4.46
1997-06-04 4.56 4.7 4.5 4.5
1997-06-12 4.0 4.05 3.96 3.96
1997-06-13 4.06 4.1 3.7 3.7
1997-07-14 3.3 3.34 3.2 3.2
1997-07-25 3.5 3.55 3.37 3.37
1997-08-28 4.73 4.78 4.46 4.46
1997-09-16 4.64 4.7 4.56 4.56
1997-10-10 4.14 4.16 4.08 4.08
1997-11-03 3.99 4.04 3.91 3.91
1997-11-14 3.92 4.0 3.9 3.9
1997-11-24 3.98 4.09 3.86 3.86
1997-12-10 3.76 3.78 3.68 3.68
1998-01-05 3.55 3.6 3.5 3.5
1998-01-06 3.62 3.62 3.55 3.55
1998-01-14 3.55 3.58 3.34 3.34
1998-02-27 3.74 3.78 3.7 3.7
1998-03-13 3.68 3.68 3.62 3.62
1998-03-20 3.64 3.65 3.6 3.6
1998-04-03 3.8 3.85 3.73 3.73
1998-04-06 4.03 4.1 3.82 3.82
1998-04-09 4.0 4.16 3.95 3.95
1998-04-15 4.0 4.06 3.86 3.86
1998-04-20 4.26 4.3 4.0 4.0
1998-04-22 4.5 4.63 4.32 4.32
1998-04-28 3.97 4.0 3.9 3.9
1998-05-06 3.88 3.95 3.85 3.85
1998-05-07 3.88 4.05 3.88 3.88
1998-05-08 4.02 4.03 3.9 3.9
1998-05-11 4.16 4.26 4.04 4.04
1998-07-10 3.92 3.98 3.86 3.86
1998-07-22 3.68 3.74 3.63 3.63
1998-07-30 3.8 3.88 3.7 3.7
1998-08-05 3.83 3.86 3.78 3.78
1998-09-04 3.31 3.34 3.3 3.3
1998-09-23 3.5 3.52 3.34 3.34
1998-10-07 3.47 3.52 3.45 3.45
1998-10-08 3.55 3.56 3.48 3.48
1998-10-27 3.6 3.63 3.5 3.5
1998-11-03 3.41 3.42 3.36 3.36
1998-11-09 3.47 3.47 3.4 3.4
1998-12-01 3.34 3.37 3.34 3.34
1998-12-02 3.36 3.36 3.34 3.34
1998-12-08 3.37 3.38 3.28 3.28
1998-12-25 3.2 3.26 3.18 3.18
1998-12-29 3.16 3.2 3.15 3.15
1999-01-22 2.9 2.95 2.82 2.82
1999-01-27 2.91 2.93 2.86 2.86
1999-01-29 2.98 3.0 2.86 2.86
1999-03-05 3.31 3.39 3.21 3.21
1999-03-11 3.23 3.3 3.21 3.21
1999-03-18 3.33 3.38 3.3 3.3
1999-04-20 4.39 4.42 4.02 4.02
1999-05-18 3.31 3.43 3.31 3.31
1999-05-19 3.39 3.42 3.17 3.17
1999-05-25 3.33 3.42 3.26 3.26
1999-06-01 3.37 3.38 3.27 3.27
1999-06-08 3.3 3.3 3.23 3.23
1999-06-09 3.42 3.46 3.32 3.32
1999-06-11 3.58 3.58 3.4 3.4
1999-06-14 3.76 3.76 3.76 3.76
1999-08-02 4.1 4.1 3.9 3.9
1999-08-26 4.11 4.18 4.0 4.0
1999-09-07 3.81 3.88 3.8 3.8
1999-09-08 3.85 3.91 3.82 3.82
1999-09-09 4.03 4.03 3.88 3.88
1999-09-23 4.09 4.18 4.06 4.06
1999-10-26 3.78 3.82 3.75 3.75
1999-10-27 3.92 3.97 3.81 3.81
1999-11-05 3.77 3.8 3.74 3.74
1999-11-08 3.79 3.84 3.75 3.75
1999-11-17 3.63 3.63 3.53 3.53
1999-11-19 3.9 3.91 3.7 3.7
1999-11-22 4.0 4.09 3.88 3.88
1999-11-24 4.1 4.17 4.01 4.01
1999-12-01 4.37 4.39 4.25 4.25
1999-12-23 7.15 7.15 7.15 7.15
1999-12-24 6.79 6.79 6.79 6.79
1999-12-27 6.45 6.45 6.45 6.45
1999-12-28 6.13 6.45 6.13 6.13
2000-02-18 6.4 6.49 6.34 6.34
2000-02-23 6.6 6.75 6.3 6.3
2000-03-07 8.13 8.13 8.13 8.13
2000-03-08 8.32 8.41 7.72 7.72
2000-03-17 8.08 8.23 7.81 7.81
2000-03-20 8.25 8.4 7.9 7.9
2000-03-23 8.39 8.46 8.12 8.12
2000-03-31 8.66 8.66 8.28 8.28
2000-04-03 9.09 9.09 8.9 8.9
2000-04-06 8.78 8.82 8.43 8.43
2000-05-19 7.25 7.3 7.0 7.0
2000-06-19 8.3 8.3 8.3 8.3
2000-06-20 8.48 8.58 7.89 7.89
2000-07-24 8.87 9.16 8.76 8.76
2000-07-25 9.22 9.22 8.91 8.91
2000-07-31 9.4 9.4 8.98 8.98
2000-08-07 9.38 9.43 9.2 9.2
2000-09-07 10.23 10.37 10.0 10.0
2000-09-28 10.46 10.7 10.38 10.38
2000-11-01 10.49 10.65 10.4 10.4
2000-11-08 10.83 10.85 10.67 10.67
2000-11-16 11.19 11.28 10.84 10.84
2000-12-04 11.88 12.13 11.8 11.8
2000-12-19 11.87 11.9 11.45 11.45
2001-02-09 11.36 11.38 11.07 11.07
2001-02-13 11.33 11.8 11.25 11.25
2001-02-14 11.46 11.5 11.33 11.33
2001-02-23 10.51 10.65 10.18 10.18
2001-02-26 10.6 10.84 10.48 10.48
2001-03-02 11.33 11.36 11.0 11.0
2001-04-13 12.18 12.2 11.81 11.81
2001-05-30 11.54 11.55 11.35 11.35
2001-06-01 12.21 12.65 11.65 11.65
2001-06-07 12.45 12.7 12.39 12.39
2001-06-11 12.71 12.9 12.35 12.35
2001-06-13 12.8 13.05 12.8 12.8
2001-06-25 13.6 13.9 13.39 13.39
2001-06-29 13.43 13.5 13.23 13.23
2001-07-03 13.69 13.78 13.51 13.51
2001-07-11 13.33 13.51 13.21 13.21
2001-08-01 11.9 12.1 11.85 11.85
2001-08-10 12.03 12.2 11.7 11.7
2001-08-15 12.1 12.19 11.95 11.95
2001-08-29 11.85 12.0 11.85 11.85
2001-09-04 11.74 11.75 11.26 11.26
2001-09-14 11.53 11.74 11.38 11.38
2001-09-18 11.32 11.64 11.22 11.22
2001-10-23 12.01 12.01 11.3 11.3
2001-12-07 9.7 9.75 9.21 9.21
2002-01-29 7.26 7.27 7.0 7.0
2002-02-28 9.01 9.05 8.86 8.86
2002-03-14 9.17 9.17 8.81 8.81
2002-03-27 8.98 8.99 8.5 8.5
2002-04-08 8.41 8.66 8.38 8.38
2002-04-09 8.63 8.66 8.34 8.34
2002-04-26 8.96 9.02 8.8 8.8
2002-05-09 9.23 9.54 8.3 8.3
2002-05-23 8.79 8.92 8.7 8.7
2002-06-06 8.39 8.49 8.0 8.0
2002-06-11 8.7 8.75 8.48 8.48
2002-06-20 8.54 8.64 8.46 8.46
2002-07-11 9.1 9.17 8.98 8.98
2002-07-18 9.58 9.71 9.45 9.45
2002-08-13 8.72 8.74 8.66 8.66
2002-08-27 8.74 8.78 8.7 8.7
2002-08-28 8.79 8.81 8.71 8.71
2002-09-09 8.38 8.45 8.3 8.3
2002-10-31 8.23 8.26 8.2 8.2
2002-11-05 8.35 8.44 8.29 8.29
2002-11-25 7.04 7.09 6.85 6.85
2002-12-03 6.91 6.95 6.8 6.8
2002-12-09 6.89 7.04 6.82 6.82
2002-12-12 6.9 6.98 6.88 6.88
2002-12-16 7.18 7.2 6.99 6.99
2003-01-14 7.13 7.2 6.78 6.78
2003-03-11 6.88 6.96 6.81 6.81
2003-03-14 6.82 6.85 6.8 6.8
2003-03-17 6.88 6.93 6.81 6.81
2003-05-22 7.08 7.1 7.03 7.03
2003-05-26 7.2 7.2 7.02 7.02
2003-06-10 7.05 7.07 7.0 7.0
2003-06-24 6.96 6.97 6.85 6.85
2003-07-08 6.92 6.94 6.73 6.73
2003-07-16 6.89 6.9 6.7 6.7
2003-07-23 6.75 6.82 6.72 6.72
2003-07-31 6.64 6.67 6.62 6.62
2003-08-22 6.65 6.7 6.56 6.56
2003-08-28 6.62 6.64 6.48 6.48
2003-08-29 6.72 6.73 6.51 6.51
2003-10-17 6.96 7.09 6.9 6.9
2003-11-04 6.85 7.0 6.68 6.68
2003-11-20 6.46 6.49 6.3 6.3
2003-12-03 6.43 6.49 6.38 6.38
2003-12-09 6.5 6.55 6.25 6.25
2004-02-17 8.22 8.27 7.78 7.78
2004-03-04 7.93 7.98 7.8 7.8
2004-04-22 8.01 8.06 7.53 7.53
2004-04-30 7.79 8.3 7.5 7.5
2004-05-14 7.67 7.82 7.6 7.6
2004-05-19 7.75 7.8 7.65 7.65
2004-05-27 7.88 7.89 7.61 7.61
2005-01-21 4.65 4.99 4.65 4.65
2005-01-24 4.65 4.73 4.19 4.19
2005-01-25 4.37 4.48 4.19 4.19
2005-02-16 4.44 4.57 4.4 4.4
2005-02-22 4.96 5.07 4.63 4.63
2005-03-09 5.04 5.09 4.85 4.85
2005-04-26 3.92 3.97 3.7 3.7
2005-05-30 3.96 3.99 3.92 3.92
2005-06-17 3.83 4.19 3.78 3.78
2005-07-15 3.41 3.51 3.4 3.4
2005-07-26 3.48 3.48 3.37 3.37
2005-07-27 3.52 3.53 3.42 3.42
2005-07-28 3.48 3.5 3.4 3.4
2005-08-03 3.55 3.64 3.5 3.5
2005-08-05 3.68 3.69 3.46 3.46
2005-09-13 4.04 4.05 3.94 3.94
2005-09-29 3.66 3.71 3.6 3.6
2005-12-19 3.73 3.79 3.66 3.66
2005-12-26 3.72 3.76 3.69 3.69
2006-01-04 3.85 3.9 3.71 3.71
2006-01-18 3.88 3.9 3.79 3.79
2006-02-13 4.4 4.44 4.28 4.28
2006-10-18 3.72 3.72 3.66 3.66
2006-10-20 3.79 3.81 3.7 3.7
2007-01-29 4.69 4.7 4.52 4.52
2007-02-06 4.6 4.6 4.45 4.45
2007-02-15 5.15 5.16 4.99 4.99
2007-03-09 5.95 6.25 5.75 5.75
2007-03-21 6.81 6.87 6.6 6.6
2007-04-20 8.59 8.7 8.15 8.15
2007-04-23 8.91 9.04 8.7 8.7
2007-04-26 8.95 9.05 8.77 8.77
2007-04-30 9.66 9.78 9.31 9.31
2007-06-11 10.05 10.05 10.04 10.04
2007-07-20 9.82 9.96 9.52 9.52
2007-07-25 10.66 10.72 10.36 10.36
2007-08-14 10.9 10.99 10.58 10.58
2007-08-17 10.75 11.2 10.51 10.51
2007-08-22 11.12 11.3 10.61 10.61
2007-09-27 10.72 10.93 10.12 10.12
2007-11-23 8.27 8.3 8.02 8.02
2007-11-28 8.9 9.23 8.65 8.65
2008-01-23 8.81 8.98 8.3 8.3
2008-01-25 9.2 9.45 9.0 9.0
2008-01-29 8.75 9.0 8.33 8.33
2008-02-04 8.98 9.02 8.5 8.5
2008-07-02 7.94 7.94 7.31 7.31
2008-07-24 9.1 9.29 8.95 8.95
2008-08-14 6.32 6.4 6.09 6.09
2008-10-28 3.86 3.92 3.54 3.54
2008-11-13 4.66 4.75 4.46 4.46
2008-12-03 5.5 5.5 5.33 5.33
2009-02-06 6.43 6.44 6.08 6.08
2009-02-13 6.89 7.1 6.65 6.65
2009-03-02 5.82 5.85 5.66 5.66
2009-05-04 6.43 6.5 6.09 6.09
2009-05-06 6.5 6.52 6.4 6.4
2009-05-26 6.78 7.1 6.56 6.56
2009-06-10 6.69 6.79 6.62 6.62
2009-07-17 6.76 6.84 6.7 6.7
2009-07-22 6.99 7.04 6.85 6.85
2009-09-24 6.6 6.81 6.42 6.42
2009-10-19 6.1 6.14 5.97 5.97
2009-11-27 7.23 7.51 6.85 6.85
2009-12-17 7.81 8.08 7.72 7.72
2010-01-18 7.82 7.9 7.7 7.7
2010-01-21 7.56 7.61 7.43 7.43
2010-01-28 7.21 7.39 7.11 7.11
2010-04-01 8.45 8.65 8.2 8.2
2010-04-16 8.09 8.2 8.08 8.08
2010-05-04 7.21 7.33 7.1 7.1
2010-07-26 6.27 6.36 6.15 6.15
2010-12-13 7.82 7.82 7.13 7.13
2010-12-29 6.89 6.9 6.7 6.7
2011-01-18 6.35 6.35 6.23 6.23
2011-04-12 7.06 7.1 7.0 7.0
2011-05-05 6.55 6.61 6.49 6.49
2011-06-14 6.26 6.3 6.23 6.23
2011-06-30 6.06 6.09 6.01 6.01
2011-08-25 6.16 6.16 6.05 6.05
2011-09-27 5.89 5.92 5.8 5.8
2011-10-21 5.36 5.57 5.35 5.35
2012-01-17 5.59 5.6 5.3 5.3
2012-02-03 5.65 5.66 5.57 5.57
2012-02-15 5.84 5.93 5.68 5.68
2012-03-01 6.01 6.04 5.93 5.93
2012-03-08 5.94 5.96 5.86 5.86
2012-03-19 5.77 5.79 5.63 5.63
2012-05-04 5.89 6.04 5.83 5.83
2012-05-25 5.65 5.92 5.52 5.52
2012-07-11 5.36 5.36 5.3 5.3
2012-07-27 5.14 5.17 5.1 5.1
2012-08-01 5.0 5.02 4.94 4.94
2012-09-06 4.81 4.81 4.76 4.76
2012-10-09 4.66 4.67 4.55 4.55
2012-11-01 4.58 4.59 4.53 4.53
2012-11-12 4.79 4.93 4.5 4.5
2012-12-05 4.34 4.35 4.11 4.11
2013-01-14 4.87 4.93 4.73 4.73
2013-01-18 5.55 5.67 5.25 5.25
2013-01-29 5.39 5.48 5.34 5.34
2013-02-08 5.48 5.5 5.42 5.42
2013-02-20 6.18 6.18 5.6 5.6
2013-02-27 7.77 7.98 7.12 7.12
2013-03-11 9.63 9.85 9.08 9.08
2013-05-03 8.57 8.72 8.42 8.42
2013-05-07 8.97 9.12 8.74 8.74
2013-05-09 9.14 9.3 8.84 8.84
2013-05-27 9.55 9.79 9.42 9.42
2013-06-14 8.34 8.49 8.05 8.05
2013-07-15 7.73 7.87 7.68 7.68
2013-08-21 8.47 8.55 8.3 8.3
2013-09-27 8.01 8.1 8.0 8.0
2013-10-08 8.54 8.6 8.11 8.11
2013-10-11 8.75 8.95 8.67 8.67
2013-11-04 8.89 9.0 8.66 8.66
2013-12-05 8.6 8.78 8.53 8.53
2013-12-17 8.4 8.46 8.35 8.35
2014-01-14 7.25 7.26 7.08 7.08
2014-01-24 7.6 7.65 7.49 7.49
2014-01-28 7.56 7.63 7.52 7.52
2014-02-11 8.81 8.81 8.01 8.01
2014-03-03 9.59 9.69 8.82 8.82
2014-04-04 8.16 8.21 8.13 8.13
2014-04-10 8.31 8.37 8.26 8.26
2014-04-14 8.28 8.38 8.18 8.18
2014-04-23 7.79 7.84 7.73 7.73
2014-05-12 7.73 7.74 7.53 7.53
2014-05-22 7.62 7.7 7.6 7.6
2014-06-11 8.14 8.47 7.79 7.79
2014-06-16 8.04 8.1 8.01 8.01
2014-07-24 7.94 7.96 7.81 7.81
2014-08-11 8.13 8.15 8.02 8.02
2014-08-15 8.28 8.32 8.19 8.19
2014-08-22 8.37 8.42 8.23 8.23
2014-09-03 8.29 8.4 8.26 8.26
2014-12-02 9.6 9.85 8.98 8.98
2014-12-10 9.89 9.89 9.02 9.02
2014-12-11 10.88 10.88 10.52 10.52
2015-01-13 10.92 11.05 10.82 10.82
2015-01-15 11.19 11.4 11.03 11.03
2015-01-21 10.95 11.04 10.62 10.62
2015-01-30 10.92 11.2 10.83 10.83
2015-04-13 14.25 14.48 14.1 14.1
2015-05-04 15.7 15.88 15.37 15.37
2015-07-08 7.86 8.23 7.43 7.43
2015-07-09 8.65 8.65 7.87 7.87
2015-08-07 11.21 11.3 10.99 10.99
2015-08-25 8.51 8.95 8.51 8.51
2015-09-16 8.17 8.18 7.51 7.51
2015-10-15 9.78 9.8 9.39 9.39
2015-10-22 10.85 10.9 10.12 10.12
2016-01-29 7.88 8.1 7.66 7.66
2016-02-02 8.02 8.07 7.7 7.7
2016-02-15 7.96 8.01 7.6 7.6
2016-02-16 8.28 8.29 7.99 7.99
2016-03-02 8.78 8.86 8.1 8.1
2016-03-14 8.17 8.27 8.02 8.02
2016-04-11 8.67 8.69 8.51 8.51
2016-05-03 8.27 8.28 8.01 8.01
2016-05-05 8.27 8.3 8.12 8.12
2016-06-17 7.53 7.6 7.49 7.49
2016-06-27 7.62 7.62 7.46 7.46
2016-07-21 7.96 8.02 7.91 7.91
2016-08-12 7.9 7.95 7.74 7.74
2016-08-16 8.07 8.15 8.02 8.02
2016-09-09 8.99 8.99 8.99 8.99
2016-11-14 9.08 9.08 8.9 8.9
2016-12-05 8.62 8.7 8.5 8.5
2017-01-04 8.29 8.29 8.22 8.22
2017-02-06 8.19 8.2 8.12 8.12
2017-02-20 8.53 8.54 8.35 8.35
2017-04-18 11.47 12.17 11.17 11.17
2017-06-20 20.98 22.0 19.83 19.83
2017-07-03 19.93 20.3 19.63 19.63
