2002-11-15 12.57 12.7 12.0 12.0
2002-11-19 12.73 12.83 12.4 12.4
2002-11-21 12.25 12.48 12.15 12.15
2003-05-22 9.56 9.58 9.27 9.27
2003-05-30 9.75 9.8 9.51 9.51
2003-06-12 10.21 10.29 10.15 10.15
2003-07-31 9.08 9.2 9.05 9.05
2003-08-22 9.23 9.4 9.15 9.15
2003-08-25 9.3 9.45 9.16 9.16
2003-08-29 9.58 9.88 9.47 9.47
2003-11-05 9.07 9.1 8.85 8.85
2003-11-26 9.04 9.15 9.01 9.01
2003-12-18 9.03 9.1 8.9 8.9
2004-01-06 10.05 10.18 9.85 9.85
2004-01-13 10.32 10.49 10.0 10.0
2004-01-14 11.35 11.35 10.32 10.32
2004-01-30 12.27 13.0 12.05 12.05
2004-02-04 12.29 12.48 12.03 12.03
2004-03-16 11.89 12.19 11.86 11.86
2004-03-31 12.01 12.1 11.52 11.52
2004-04-05 11.98 12.0 11.7 11.7
2004-07-01 8.19 8.36 7.92 7.92
2004-07-02 8.39 8.54 8.21 8.21
2004-09-06 6.39 6.43 6.2 6.2
2004-09-14 6.35 6.4 6.1 6.1
2004-09-15 6.7 6.84 6.28 6.28
2004-11-10 6.48 6.52 6.22 6.22
2005-01-12 6.43 6.44 6.33 6.33
2005-01-18 6.16 6.17 5.9 5.9
2005-04-14 6.47 6.53 6.33 6.33
2005-09-16 9.03 9.15 8.86 8.86
2006-10-19 7.06 7.13 6.67 6.67
2007-01-29 8.41 8.55 8.12 8.12
2007-02-05 7.69 7.88 7.62 7.62
2007-02-12 8.37 8.45 8.23 8.23
2007-03-15 9.49 9.58 8.9 8.9
2007-03-20 12.1 12.1 12.1 12.1
2007-05-11 14.21 14.51 14.05 14.05
2007-05-17 14.6 14.84 14.18 14.18
2007-05-21 14.63 14.77 14.0 14.0
2007-07-06 10.21 10.26 9.3 9.3
2007-08-09 15.26 15.28 13.51 13.51
2007-11-19 13.77 13.9 13.5 13.5
2008-07-07 5.6 5.6 5.0 5.0
2008-11-13 4.11 4.11 3.98 3.98
2009-03-23 7.67 7.95 7.55 7.55
2009-07-17 9.6 9.78 9.25 9.25
2010-03-30 12.94 13.05 12.48 12.48
2010-07-16 8.97 9.04 8.79 8.79
2010-07-19 9.27 9.29 8.83 8.83
2010-08-26 11.29 11.42 11.24 11.24
2010-09-14 11.9 11.98 11.58 11.58
2010-09-27 11.2 11.27 11.0 11.0
2010-10-21 12.37 12.55 11.9 11.9
2010-11-22 13.89 14.07 13.17 13.17
2010-12-13 15.32 15.35 14.09 14.09
2010-12-14 16.14 16.6 15.36 15.36
2011-01-26 16.26 16.49 15.8 15.8
2011-01-31 17.92 18.07 16.86 16.86
2011-03-18 23.39 24.2 22.99 22.99
2011-08-12 12.49 12.9 12.26 12.26
2011-08-22 12.54 12.69 12.32 12.32
2012-03-08 8.67 8.73 8.54 8.54
2012-06-27 7.89 7.97 7.85 7.85
2012-08-10 7.11 7.16 6.94 6.94
2012-09-03 6.09 6.12 5.89 5.89
2012-09-06 6.16 6.2 5.93 5.93
2012-12-17 7.42 7.65 7.31 7.31
2013-04-02 6.73 6.91 6.67 6.67
2013-04-09 6.81 6.85 6.7 6.7
2013-04-16 6.65 6.75 6.2 6.2
2013-05-02 7.55 7.72 7.5 7.5
2013-05-03 7.64 7.75 7.51 7.51
2013-05-10 8.73 9.0 8.23 8.23
2013-08-29 8.59 8.74 8.27 8.27
2013-09-23 7.91 7.93 7.78 7.78
2013-10-08 7.91 7.92 7.7 7.7
2014-04-22 7.09 7.09 6.86 6.86
2014-05-22 6.41 6.46 6.4 6.4
2014-06-23 6.41 6.47 6.37 6.37
2014-08-22 7.49 7.52 7.41 7.41
2014-08-27 7.26 7.29 7.18 7.18
2014-09-10 8.25 8.28 7.68 7.68
2014-09-15 8.59 8.81 8.38 8.38
2015-02-10 12.22 12.24 11.64 11.64
2015-02-13 12.08 12.29 11.95 11.95
2015-07-14 5.4 5.4 5.4 5.4
2016-02-05 4.66 4.7 4.62 4.62
2016-02-16 4.85 4.91 4.61 4.61
2016-06-22 4.25 4.28 4.21 4.21
2016-06-29 4.24 4.24 4.2 4.2
2016-08-02 4.19 4.19 4.13 4.13
2016-08-09 4.28 4.29 4.24 4.24
2016-08-12 4.28 4.28 4.22 4.22
2016-08-15 4.36 4.37 4.28 4.28
2016-08-18 4.37 4.41 4.36 4.36
2016-09-13 4.76 4.97 4.66 4.66
2016-12-21 4.37 4.37 4.34 4.34
2017-07-18 4.51 4.53 4.42 4.42
