1994-02-15 6.6 6.62 6.25 6.25
1994-02-22 6.34 6.5 6.16 6.16
1994-03-16 6.7 6.75 6.23 6.23
1994-07-05 3.41 3.41 3.31 3.31
1994-09-05 6.5 6.58 6.03 6.03
1994-10-27 4.6 4.66 4.4 4.4
1994-11-17 4.37 4.57 4.36 4.36
1994-11-21 4.41 4.46 4.32 4.32
1994-11-28 4.29 4.3 4.24 4.24
1995-01-03 3.9 3.97 3.74 3.74
1995-02-08 3.36 3.4 3.27 3.27
1995-02-13 3.39 3.41 3.31 3.31
1995-02-15 3.4 3.48 3.38 3.38
1995-02-16 3.36 3.4 3.32 3.32
1995-03-06 3.6 3.61 3.5 3.5
1995-03-08 3.9 3.95 3.7 3.7
1995-04-06 4.41 4.42 4.25 4.25
1995-04-07 4.58 4.62 4.42 4.42
1995-04-14 4.35 4.38 4.28 4.28
1995-05-02 4.27 4.28 4.2 4.2
1995-06-09 6.1 6.2 5.85 5.85
1995-06-13 6.06 6.06 5.89 5.89
1995-06-16 5.41 5.5 5.02 5.02
1995-06-21 5.89 5.89 5.7 5.7
1995-06-23 6.0 6.2 5.7 5.7
1995-09-04 8.39 8.47 8.0 8.0
1995-09-05 9.9 9.9 8.18 8.18
1995-09-06 9.65 10.26 9.01 9.01
1995-09-11 10.17 10.27 9.28 9.28
1995-09-12 9.88 10.37 9.8 9.8
1995-09-20 9.57 9.63 9.08 9.08
1995-10-24 11.48 11.48 10.31 10.31
1995-10-26 12.98 13.01 12.18 12.18
1995-12-26 5.89 6.0 5.8 5.8
1996-01-26 5.25 5.3 5.02 5.02
1996-03-15 5.73 5.77 5.65 5.65
1996-03-20 5.77 5.82 5.72 5.72
1996-03-25 5.36 5.44 5.18 5.18
1996-04-12 5.39 5.47 5.36 5.36
1996-04-15 5.45 5.48 5.4 5.4
1996-04-19 5.94 5.95 5.77 5.77
1996-04-26 7.15 7.5 6.75 6.75
1996-08-12 6.14 6.2 6.08 6.08
1996-08-15 5.9 6.02 5.9 5.9
1996-08-21 5.66 5.75 5.49 5.49
1996-09-03 5.75 6.0 5.58 5.58
1996-09-09 5.66 5.76 5.51 5.51
1996-12-17 7.37 7.37 7.37 7.37
1996-12-18 7.99 8.08 6.63 6.63
1997-02-20 7.14 7.17 6.55 6.55
1997-02-21 7.82 7.85 7.18 7.18
1997-05-19 7.53 7.68 7.45 7.45
1997-12-19 5.82 5.85 5.72 5.72
1997-12-29 6.09 6.21 6.02 6.02
1998-04-22 7.04 7.17 6.86 6.86
1998-09-03 5.48 5.5 5.39 5.39
1998-09-04 5.53 5.57 5.5 5.5
1998-10-06 6.11 6.27 5.82 5.82
1999-03-29 5.58 5.58 5.5 5.5
1999-06-17 6.34 6.46 6.22 6.22
1999-09-13 8.74 8.91 8.48 8.48
1999-10-22 7.27 7.31 7.05 7.05
1999-10-27 7.66 7.75 7.4 7.4
1999-11-26 6.53 6.59 6.45 6.45
1999-11-30 6.55 6.55 6.42 6.42
1999-12-03 6.66 6.7 6.5 6.5
2000-01-14 6.79 6.9 6.7 6.7
2000-01-19 7.4 7.69 7.1 7.1
2000-03-17 6.8 6.9 6.7 6.7
2000-03-23 7.42 7.65 7.32 7.32
2000-06-06 8.14 8.14 7.4 7.4
2000-08-16 8.55 8.65 8.45 8.45
2000-08-18 8.88 9.1 8.65 8.65
2000-09-29 7.96 7.99 7.82 7.82
2000-10-12 8.96 9.15 8.55 8.55
2000-10-17 9.08 9.17 8.7 8.7
2000-12-04 9.85 9.96 9.65 9.65
2001-01-10 10.0 10.06 9.9 9.9
2001-01-12 10.33 10.39 10.03 10.03
2001-01-19 9.77 9.86 9.7 9.7
2001-02-09 9.29 9.4 9.12 9.12
2001-02-14 9.7 9.7 9.13 9.13
2001-02-15 9.49 9.8 9.15 9.15
2001-03-19 9.82 9.88 9.58 9.58
2001-03-27 10.86 11.15 10.34 10.34
2001-04-10 11.88 12.3 11.5 11.5
2001-06-08 11.7 11.85 11.65 11.65
2001-06-15 11.63 11.75 11.51 11.51
2001-06-19 11.19 11.28 11.16 11.16
2001-06-20 11.27 11.42 11.19 11.19
2001-06-21 11.37 11.4 11.28 11.28
2001-09-13 9.98 10.06 9.9 9.9
2001-11-01 8.43 8.52 8.28 8.28
2001-12-14 8.22 8.26 8.11 8.11
2001-12-21 7.97 8.05 7.81 7.81
2001-12-26 7.93 7.93 7.76 7.76
2002-01-08 7.83 7.95 7.82 7.82
2002-02-07 7.52 7.6 7.44 7.44
2002-03-14 8.46 8.5 8.11 8.11
2002-04-03 8.37 8.49 8.3 8.3
2002-05-09 8.54 8.63 8.52 8.52
2002-05-17 8.33 8.35 8.1 8.1
2002-06-21 8.14 8.16 7.73 7.73
2002-07-23 8.48 8.72 8.35 8.35
2002-08-30 8.39 8.39 8.35 8.35
2002-09-12 8.18 8.21 8.1 8.1
2002-11-05 7.48 7.51 7.31 7.31
2003-01-08 6.38 6.4 6.16 6.16
2003-03-20 6.65 6.69 6.63 6.63
2003-03-21 6.69 6.7 6.61 6.61
2003-03-24 6.75 6.75 6.68 6.68
2003-03-26 6.63 6.63 6.57 6.57
2003-03-27 6.91 6.93 6.58 6.58
2003-06-16 6.84 6.92 6.77 6.77
2003-07-17 6.87 6.9 6.79 6.79
2003-08-27 6.4 6.41 6.28 6.28
2003-08-28 6.33 6.4 6.33 6.33
2003-08-29 6.38 6.42 6.3 6.3
2003-09-01 6.44 6.46 6.35 6.35
2003-09-12 6.35 6.38 6.32 6.32
2003-09-18 6.33 6.34 6.3 6.3
2003-09-23 6.47 6.48 6.4 6.4
2003-09-29 6.36 6.47 6.3 6.3
2003-10-17 6.81 6.88 6.65 6.65
2003-11-04 6.44 6.53 6.38 6.38
2003-11-06 6.44 6.59 6.36 6.36
2003-11-10 6.35 6.38 6.2 6.2
2003-11-14 6.25 6.26 6.15 6.15
2003-11-17 6.25 6.38 6.22 6.22
2003-11-19 6.3 6.37 6.2 6.2
2003-11-24 6.47 6.48 6.33 6.33
2003-11-28 6.42 6.49 6.32 6.32
2003-12-01 6.45 6.48 6.31 6.31
2003-12-04 6.37 6.41 6.35 6.35
2003-12-11 6.47 6.54 6.38 6.38
2003-12-12 6.53 6.54 6.4 6.4
2004-03-16 7.41 7.47 7.3 7.3
2004-09-14 5.64 5.64 5.48 5.48
2004-09-17 5.92 5.99 5.78 5.78
2004-11-15 6.18 6.2 6.1 6.1
2004-12-24 6.09 6.13 6.05 6.05
2005-02-17 6.14 6.15 6.04 6.04
2005-04-01 6.0 6.08 5.72 5.72
2005-04-07 6.1 6.21 5.88 5.88
2005-04-13 6.29 6.3 5.93 5.93
2005-08-26 7.44 7.48 7.34 7.34
2005-09-26 8.06 8.06 7.82 7.82
2005-11-02 7.95 8.06 7.84 7.84
2005-11-17 7.6 7.65 7.5 7.5
2005-11-18 7.82 7.86 7.61 7.61
2005-11-23 7.66 7.74 7.65 7.65
2005-11-24 7.68 7.77 7.66 7.66
2005-11-29 7.67 7.73 7.55 7.55
2005-12-14 7.77 7.77 7.48 7.48
2005-12-16 7.78 7.84 7.66 7.66
2006-03-03 8.92 9.35 8.75 8.75
2006-04-04 13.01 13.6 12.5 12.5
2006-10-24 18.73 18.97 18.0 18.0
2006-10-25 19.47 19.65 18.73 18.73
2006-11-17 19.8 20.3 18.61 18.61
2007-02-15 40.03 41.4 39.1 39.1
2007-03-27 33.34 33.68 32.93 32.93
2007-05-25 37.81 38.4 36.2 36.2
2007-05-28 40.1 40.5 38.04 38.04
2007-07-23 35.56 35.76 34.5 34.5
2007-07-30 36.78 36.82 35.2 35.2
2007-08-02 37.28 38.1 36.51 36.51
2007-08-09 38.55 39.08 38.2 38.2
2007-08-14 38.61 39.21 37.7 37.7
2007-08-20 38.94 39.3 37.23 37.23
2007-11-06 32.21 32.5 31.6 31.6
2007-12-24 36.69 37.8 36.09 36.09
2008-06-24 12.7 12.85 12.21 12.21
2008-06-25 13.89 13.92 12.77 12.77
2008-07-02 13.0 13.15 12.54 12.54
2008-08-29 10.62 10.8 10.36 10.36
2008-10-07 9.85 10.08 9.55 9.55
2008-10-22 10.0 10.0 9.25 9.25
2009-02-09 13.68 14.09 13.18 13.18
2009-03-02 15.84 16.15 15.31 15.31
2009-05-15 19.8 20.18 19.43 19.43
2009-05-18 20.99 21.28 19.8 19.8
2009-05-26 19.97 20.6 19.78 19.78
2009-05-27 20.44 20.61 19.95 19.95
2009-08-03 35.2 36.15 33.36 33.36
2009-08-05 35.5 35.88 34.62 34.62
2009-09-14 33.02 33.43 32.25 32.25
2009-10-09 31.2 31.3 30.3 30.3
2009-10-12 31.89 32.36 31.38 31.38
2009-11-06 35.73 36.21 35.6 35.6
2009-11-16 40.09 41.48 39.0 39.0
2009-11-23 40.7 41.62 39.51 39.51
2009-11-25 41.02 41.7 37.99 37.99
2009-11-30 42.37 42.37 38.66 38.66
2010-04-20 47.74 47.9 44.85 44.85
2010-05-27 41.49 41.88 40.85 40.85
2010-06-23 44.36 45.31 43.5 43.5
2010-06-24 45.18 45.58 44.31 44.31
2010-08-23 52.9 53.14 51.85 51.85
2010-08-24 54.75 54.79 52.51 52.51
2010-08-30 58.12 58.19 56.35 56.35
2010-11-18 75.04 77.54 74.0 74.0
2011-07-11 76.7 77.38 73.31 73.31
2011-07-12 77.96 79.98 76.01 76.01
2011-07-18 79.9 80.2 77.31 77.31
2011-07-22 80.49 81.24 78.78 78.78
2011-11-15 70.53 71.29 70.49 70.49
2011-11-21 68.69 68.77 67.01 67.01
2011-11-22 69.4 69.95 68.24 68.24
2012-02-03 57.0 57.17 55.69 55.69
2012-03-15 69.35 69.69 68.01 68.01
2012-08-03 36.95 37.27 35.17 35.17
2012-08-06 38.01 38.75 36.53 36.53
2012-08-24 38.99 39.15 38.1 38.1
2012-08-28 37.68 38.4 37.13 37.13
2012-09-28 38.05 38.26 36.63 36.63
2012-10-15 40.99 41.62 39.9 39.9
2012-10-16 43.22 44.5 41.0 41.0
2013-03-08 40.67 43.1 40.48 40.48
2013-04-17 31.51 31.8 30.75 30.75
2014-02-19 17.59 17.97 17.35 17.35
2014-08-29 15.81 16.05 15.46 15.46
2014-09-25 16.98 17.25 16.72 16.72
2014-11-11 18.99 19.6 18.4 18.4
2014-12-04 22.29 22.62 21.6 21.6
2014-12-10 21.9 22.09 21.21 21.21
2014-12-18 21.51 21.84 21.34 21.34
2014-12-19 22.49 23.0 21.4 21.4
2014-12-24 23.0 23.69 22.23 22.23
2015-04-29 23.8 24.01 23.44 23.44
2015-07-09 17.42 17.42 14.26 14.26
2016-03-17 16.31 16.35 15.99 15.99
2016-06-14 21.39 21.51 20.74 20.74
2016-06-22 22.4 22.54 21.78 21.78
2016-06-27 22.32 22.4 21.43 21.43
2016-06-30 22.18 22.75 21.98 21.98
2016-10-17 20.47 20.71 19.71 19.71
2016-10-18 21.42 21.68 20.4 20.4
2016-10-25 22.19 22.22 21.42 21.42
2016-10-26 23.4 24.41 22.32 22.32
2017-03-01 29.72 30.71 29.45 29.45
2017-06-08 33.75 34.0 32.0 32.0
2017-07-31 40.83 42.0 39.5 39.5
