1996-11-27 13.43 13.5 13.2 13.2
1996-12-02 15.0 15.01 14.0 14.0
1996-12-05 16.25 16.4 15.6 15.6
1996-12-11 18.1 18.13 17.36 17.36
1996-12-16 14.41 14.41 14.41 14.41
1996-12-17 12.97 14.0 12.97 12.97
1996-12-18 14.27 14.27 12.5 12.5
1996-12-20 14.85 15.1 14.0 14.0
1997-01-13 15.9 16.28 15.52 15.52
1997-01-15 16.26 16.33 16.01 16.01
1997-02-19 15.08 15.2 14.5 14.5
1997-02-20 14.5 15.0 13.57 13.57
1997-03-31 15.88 15.99 15.7 15.7
1997-04-09 16.2 16.25 15.82 15.82
1997-04-15 16.35 16.46 16.16 16.16
1997-04-16 16.6 16.8 16.35 16.35
1997-04-23 16.88 16.94 16.61 16.61
1997-05-05 18.2 18.7 17.02 17.02
1997-05-12 16.16 16.16 14.88 14.88
1997-05-22 13.5 14.0 13.2 13.2
1997-06-13 14.58 14.58 13.0 13.0
1997-06-25 16.6 16.86 16.0 16.0
1997-07-11 16.42 16.51 15.89 15.89
1997-07-14 17.85 17.95 16.73 16.73
1997-07-22 17.89 17.99 17.6 17.6
1997-07-30 16.41 17.18 16.0 16.0
1997-08-01 16.4 16.65 16.17 16.17
1997-08-04 16.6 16.85 16.4 16.4
1997-08-14 16.48 16.55 16.05 16.05
1997-08-20 16.25 16.5 15.9 15.9
1997-08-26 16.73 16.79 16.33 16.33
1997-09-08 17.61 17.69 17.03 17.03
1997-09-24 13.2 13.5 12.7 12.7
1997-09-29 13.65 13.76 13.1 13.1
1997-10-08 14.1 14.37 13.75 13.75
1997-10-17 14.55 14.65 14.05 14.05
1997-11-07 14.7 14.7 14.25 14.25
1997-11-10 15.31 15.6 15.02 15.02
1997-11-28 14.38 14.47 14.0 14.0
1997-12-18 14.85 15.03 14.8 14.8
1998-01-07 16.29 16.55 16.1 16.1
1998-01-16 18.16 18.31 17.0 17.0
1998-01-21 18.9 19.22 18.6 18.6
1998-01-23 19.39 19.65 19.2 19.2
1998-02-18 19.67 19.73 19.45 19.45
1998-02-24 19.88 19.9 19.45 19.45
1998-02-26 19.97 20.0 19.7 19.7
1998-03-05 19.85 20.0 19.29 19.29
1998-03-25 20.17 20.38 19.55 19.55
1998-05-08 14.5 14.5 13.55 13.55
1998-06-01 13.47 13.8 13.18 13.18
1998-06-08 13.82 13.97 13.49 13.49
1998-07-16 12.49 12.95 12.2 12.2
1998-08-18 8.5 8.5 8.02 8.02
1998-09-01 8.55 8.75 8.5 8.5
1998-09-14 10.4 10.48 9.82 9.82
1998-09-23 9.99 10.15 9.7 9.7
1998-09-28 11.2 11.47 10.94 10.94
1998-10-13 11.21 11.49 11.0 11.0
1998-10-19 11.16 11.34 11.03 11.03
1998-10-20 11.3 11.3 11.1 11.1
1998-11-13 12.18 12.3 12.0 12.0
1998-12-10 10.52 10.65 10.5 10.5
1998-12-22 10.28 10.3 9.95 9.95
1999-01-13 9.95 10.0 9.71 9.71
1999-01-18 9.65 9.7 9.32 9.32
1999-03-15 9.75 9.75 8.9 8.9
1999-03-31 9.3 9.45 9.2 9.2
1999-04-06 9.47 9.69 9.4 9.4
1999-04-14 9.0 9.0 8.76 8.76
1999-05-20 8.26 8.35 7.9 7.9
1999-05-21 8.48 8.75 8.3 8.3
1999-05-27 8.61 8.78 8.51 8.51
1999-06-09 9.21 9.24 8.44 8.44
1999-06-14 9.93 9.93 9.15 9.15
1999-06-16 9.92 9.98 9.31 9.31
1999-06-18 10.54 10.8 10.0 10.0
1999-06-21 11.58 11.59 10.68 10.68
1999-07-28 9.95 10.08 9.82 9.82
1999-07-30 9.79 9.95 9.7 9.7
1999-08-17 10.97 11.1 10.8 10.8
1999-09-06 10.2 10.44 10.2 10.2
1999-09-07 10.3 10.38 10.1 10.1
1999-09-08 10.35 10.41 10.3 10.3
1999-09-13 10.85 10.88 10.67 10.67
1999-09-23 10.31 10.4 10.3 10.3
1999-09-24 10.46 10.55 10.32 10.32
1999-10-11 9.8 9.95 9.7 9.7
1999-10-22 9.7 9.95 9.38 9.38
1999-10-27 9.75 9.79 9.5 9.5
1999-11-22 9.67 9.69 9.4 9.4
1999-12-15 9.33 9.39 9.08 9.08
1999-12-22 9.0 9.03 8.96 8.96
1999-12-28 8.7 8.94 8.65 8.65
2000-01-04 9.01 9.15 8.77 8.77
2000-01-17 9.06 9.1 8.85 8.85
2000-01-19 9.2 9.24 9.02 9.02
2000-02-14 10.4 10.4 9.52 9.52
2000-05-11 12.09 12.35 12.0 12.0
2000-05-12 12.42 12.5 12.09 12.09
2000-05-24 13.76 13.89 13.44 13.44
2000-06-06 13.35 13.35 13.0 13.0
2000-06-13 13.45 13.47 13.25 13.25
2000-06-15 14.36 14.5 13.7 13.7
2000-06-26 13.8 14.2 13.78 13.78
2000-06-29 13.43 13.5 13.32 13.32
2000-07-25 12.86 12.86 12.7 12.7
2000-07-31 13.49 13.6 13.24 13.24
2000-08-09 13.3 13.4 12.97 12.97
2000-08-14 13.61 13.67 13.21 13.21
2000-08-17 14.2 14.39 13.35 13.35
2000-08-25 13.95 13.98 13.65 13.65
2000-09-04 13.6 13.65 13.4 13.4
2000-09-07 12.98 13.05 12.7 12.7
2000-09-21 13.0 13.1 12.8 12.8
2000-09-29 13.01 13.18 12.7 12.7
2000-10-10 13.95 13.98 12.8 12.8
2000-10-16 14.25 14.4 13.98 13.98
2000-11-07 14.86 15.15 14.58 14.58
2000-11-10 14.95 15.15 14.7 14.7
2000-11-16 15.61 15.64 15.0 15.0
2000-11-28 14.99 15.1 14.7 14.7
2000-12-12 14.91 15.05 14.67 14.67
2000-12-29 14.78 14.89 14.68 14.68
2001-01-03 15.3 15.38 15.2 15.2
2001-02-09 13.98 14.15 13.76 13.76
2001-02-26 14.0 14.08 13.85 13.85
2001-03-01 14.22 14.25 13.98 13.98
2001-03-02 14.72 15.0 14.22 14.22
2001-03-05 14.6 14.78 14.55 14.55
2001-03-26 14.53 14.55 14.28 14.28
2001-04-05 14.81 14.82 14.41 14.41
2001-04-16 15.23 15.4 15.15 15.15
2001-05-21 15.9 15.9 15.4 15.4
2001-06-12 17.05 17.3 16.3 16.3
2001-06-29 16.23 16.5 16.11 16.11
2001-07-10 15.9 15.98 15.57 15.57
2001-07-13 15.65 15.84 15.54 15.54
2001-08-03 14.45 14.5 14.2 14.2
2001-08-15 14.4 14.48 14.16 14.16
2001-08-20 14.77 14.8 14.5 14.5
2001-09-25 11.65 11.75 11.6 11.6
2001-11-14 9.96 10.0 9.5 9.5
2001-11-26 11.15 11.28 11.0 11.0
2001-11-27 11.26 11.3 11.16 11.16
2001-12-18 10.9 10.9 10.65 10.65
2001-12-21 10.57 10.57 10.38 10.38
2002-01-08 10.01 10.25 10.0 10.0
2002-01-23 8.65 8.65 7.77 7.77
2002-01-29 8.3 8.31 7.81 7.81
2002-02-04 9.26 9.28 8.95 8.95
2002-02-07 9.2 9.29 8.98 8.98
2002-02-26 9.7 9.72 9.42 9.42
2002-03-04 9.98 10.0 9.51 9.51
2002-03-05 10.35 10.46 10.0 10.0
2002-03-07 10.5 10.5 10.2 10.2
2002-03-12 11.1 11.45 11.01 11.01
2002-04-29 11.3 11.35 11.0 11.0
2002-05-28 9.96 10.05 9.8 9.8
2002-06-20 9.43 9.59 9.4 9.4
2002-06-21 9.98 9.98 9.44 9.44
2002-07-09 10.82 10.92 10.8 10.8
2002-07-11 10.59 10.69 10.5 10.5
2002-07-16 10.5 10.59 10.45 10.45
2002-07-19 10.96 10.99 10.74 10.74
2002-08-27 10.1 10.28 10.0 10.0
2002-09-06 9.79 9.83 9.73 9.73
2002-09-19 9.65 9.69 9.45 9.45
2002-10-15 8.88 8.95 8.8 8.8
2002-10-16 8.95 9.05 8.85 8.85
2002-10-22 8.81 8.87 8.66 8.66
2002-10-28 8.62 8.73 8.6 8.6
2002-11-15 8.1 8.24 8.01 8.01
2002-12-03 7.74 7.74 7.55 7.55
2002-12-09 7.8 7.81 7.73 7.73
2003-01-16 8.37 8.4 8.11 8.11
2003-01-22 7.99 8.0 7.86 7.86
2003-02-13 8.78 8.94 8.57 8.57
2003-02-25 8.93 8.95 8.68 8.68
2003-03-21 8.22 8.25 8.15 8.15
2003-03-24 8.31 8.34 8.23 8.23
2003-04-30 8.33 8.5 8.2 8.2
2003-05-29 8.62 8.7 8.35 8.35
2003-06-03 8.7 8.76 8.55 8.55
2003-06-20 8.99 9.26 8.81 8.81
2003-08-18 8.03 8.09 7.92 7.92
2003-09-18 7.06 7.17 7.05 7.05
2003-10-10 7.05 7.07 6.77 6.77
2003-10-20 6.76 6.78 6.71 6.71
2003-10-28 6.94 7.0 6.81 6.81
2003-11-17 6.56 6.59 6.48 6.48
2003-11-25 7.06 7.24 6.96 6.96
2004-01-07 7.23 7.29 7.0 7.0
2004-02-09 7.9 7.92 7.77 7.77
2004-03-10 7.75 7.77 7.6 7.6
2004-03-15 7.87 7.9 7.69 7.69
2004-03-16 8.0 8.12 7.86 7.86
2004-03-26 8.11 8.21 8.01 8.01
2004-04-26 7.77 7.78 7.65 7.65
2004-05-18 7.12 7.14 6.95 6.95
2004-06-16 6.45 6.52 6.33 6.33
2004-07-01 6.26 6.3 6.08 6.08
2004-08-02 4.4 4.5 4.31 4.31
2004-09-16 4.51 4.59 4.45 4.45
2004-10-11 4.78 4.9 4.66 4.66
2004-11-10 4.13 4.14 3.94 3.94
2004-11-15 4.3 4.33 4.24 4.24
2004-11-26 4.22 4.26 4.15 4.15
2004-11-30 4.2 4.24 4.14 4.14
2004-12-22 4.14 4.17 4.03 4.03
2005-01-05 4.0 4.01 3.88 3.88
2005-02-21 3.98 3.99 3.9 3.9
2005-03-11 3.97 4.0 3.94 3.94
2005-03-24 3.54 3.55 3.45 3.45
2005-04-05 3.32 3.36 3.27 3.27
2005-05-12 3.22 3.28 3.15 3.15
2005-06-07 3.12 3.22 3.11 3.11
2005-06-08 3.35 3.38 3.12 3.12
2005-06-13 3.36 3.41 3.3 3.3
2005-06-22 3.46 3.48 3.35 3.35
2005-07-12 2.99 3.0 2.85 2.85
2005-07-22 2.8 2.85 2.74 2.74
2005-08-01 2.88 2.89 2.84 2.84
2005-08-03 2.97 3.04 2.94 2.94
2005-08-05 3.07 3.08 3.0 3.0
2005-09-19 3.43 3.46 3.39 3.39
2005-10-27 2.9 2.93 2.87 2.87
2005-11-02 2.9 2.92 2.85 2.85
2005-11-23 2.87 2.88 2.82 2.82
2005-12-07 2.78 2.78 2.73 2.73
2005-12-09 2.81 2.83 2.75 2.75
2005-12-19 2.87 2.88 2.83 2.83
2005-12-22 2.88 2.96 2.83 2.83
2006-01-04 2.95 2.95 2.9 2.9
2006-01-12 3.07 3.09 2.98 2.98
2006-01-18 3.1 3.12 3.04 3.04
2006-01-24 3.18 3.21 3.18 3.18
2006-03-15 3.13 3.15 3.09 3.09
2006-04-07 3.59 3.59 3.59 3.59
2006-10-24 3.45 3.46 3.38 3.38
2006-11-03 3.35 3.37 3.32 3.32
2006-11-20 3.53 3.55 3.44 3.44
2006-11-30 3.66 3.75 3.61 3.61
2006-12-11 3.7 3.71 3.58 3.58
2007-01-15 4.44 4.44 4.16 4.16
2007-01-19 4.45 4.49 4.23 4.23
2007-01-29 4.61 4.65 4.46 4.46
2007-02-12 4.9 4.94 4.75 4.75
2007-02-15 5.18 5.19 5.02 5.02
2007-02-28 5.29 5.35 4.91 4.91
2007-03-15 6.27 6.34 6.14 6.14
2007-03-30 6.81 6.87 6.6 6.6
2007-04-16 9.1 9.13 8.64 8.64
2007-04-17 9.95 10.0 9.18 9.18
2007-04-20 10.11 10.13 9.29 9.29
2007-05-15 11.35 11.97 11.2 11.2
2007-05-18 11.89 12.31 11.81 11.81
2007-05-28 13.1 13.49 12.9 12.9
2007-06-08 10.25 10.55 10.11 10.11
2007-06-26 10.62 10.68 9.38 9.38
2007-07-20 6.21 6.25 5.74 5.74
2007-08-02 7.65 7.7 7.05 7.05
2007-09-03 9.07 9.59 8.91 8.91
2007-09-07 8.88 9.3 8.78 8.78
2007-10-26 7.35 7.38 7.0 7.0
2007-12-21 7.75 7.8 7.58 7.58
2007-12-26 8.37 8.42 7.88 7.88
2007-12-27 8.66 8.87 8.33 8.33
2008-01-02 9.5 9.56 8.76 8.76
2008-01-14 10.37 10.59 10.3 10.3
2008-02-14 8.95 9.07 8.75 8.75
2008-02-21 9.68 9.68 8.8 8.8
2008-07-02 3.72 3.75 3.6 3.6
2008-07-24 4.25 4.28 4.08 4.08
2008-08-14 3.1 3.15 3.07 3.07
2008-08-28 2.97 2.99 2.92 2.92
2008-09-04 3.08 3.14 3.0 3.0
2008-09-12 2.76 2.8 2.72 2.72
2008-09-24 2.65 2.67 2.55 2.55
2008-09-25 2.89 2.9 2.62 2.62
2008-10-22 2.45 2.48 2.39 2.39
2008-10-23 2.5 2.53 2.41 2.41
2008-10-30 2.14 2.18 2.1 2.1
2008-12-17 2.79 2.84 2.76 2.76
2009-02-06 3.58 3.65 3.46 3.46
2009-03-03 3.39 3.4 3.15 3.15
2009-03-19 3.84 3.89 3.71 3.71
2009-04-20 4.53 4.61 4.21 4.21
2009-04-30 4.07 4.09 4.03 4.03
2009-05-04 4.21 4.24 4.08 4.08
2009-05-08 4.7 4.85 4.35 4.35
2009-05-21 4.91 5.14 4.71 4.71
2009-06-05 5.83 6.08 5.64 5.64
2009-09-14 5.83 5.94 5.61 5.61
2009-09-15 6.1 6.27 5.96 5.96
2009-09-17 6.2 6.29 6.03 6.03
2009-10-30 7.07 7.35 6.74 6.74
2009-11-30 6.87 6.89 6.69 6.69
2009-12-24 6.96 7.01 6.73 6.73
2010-01-08 6.74 6.75 6.59 6.59
2010-02-24 6.39 6.4 6.22 6.22
2010-04-02 7.08 7.3 7.05 7.05
2010-04-21 6.29 6.3 6.01 6.01
2010-04-26 6.32 6.41 6.22 6.22
2010-05-10 5.4 5.47 5.21 5.21
2010-05-13 6.41 6.41 5.89 5.89
2010-05-18 6.49 6.85 6.16 6.16
2010-06-08 6.57 6.58 6.3 6.3
2010-06-21 7.16 7.26 6.67 6.67
2010-06-23 7.39 7.43 7.1 7.1
2010-08-23 8.83 9.25 8.44 8.44
2010-11-15 6.76 6.79 6.6 6.6
2010-12-13 6.13 6.14 6.0 6.0
2011-01-19 5.54 5.58 5.39 5.39
2011-03-11 6.21 6.32 6.2 6.2
2011-04-20 6.51 6.6 6.43 6.43
2011-04-21 6.6 6.68 6.48 6.48
2011-05-13 6.02 6.08 5.87 5.87
2011-06-03 5.66 5.68 5.6 5.6
2011-06-14 5.62 5.66 5.54 5.54
2011-06-20 5.77 5.87 5.46 5.46
2011-08-17 5.45 5.55 5.26 5.26
2011-08-23 5.14 5.17 5.08 5.08
2011-09-07 5.07 5.08 4.96 4.96
2011-09-28 4.71 4.9 4.69 4.69
2011-10-12 4.79 4.9 4.54 4.54
2011-10-26 4.65 4.72 4.58 4.58
2011-10-28 4.72 4.74 4.65 4.65
2011-11-03 4.77 4.82 4.7 4.7
2011-11-14 4.87 4.88 4.63 4.63
2011-12-16 3.61 3.63 3.52 3.52
2012-01-09 3.58 3.59 3.4 3.4
2012-01-10 3.69 3.72 3.54 3.54
2012-01-19 3.6 3.66 3.56 3.56
2012-01-20 3.72 3.76 3.6 3.6
2012-03-02 4.12 4.12 4.05 4.05
2012-03-08 4.08 4.11 4.0 4.0
2012-03-09 4.12 4.13 4.08 4.08
2012-03-16 3.89 3.9 3.81 3.81
2012-05-17 4.71 4.73 4.55 4.55
2012-06-27 5.2 5.35 5.0 5.0
2012-07-11 4.82 4.85 4.77 4.77
2012-07-17 4.64 4.67 4.51 4.51
2012-07-19 4.67 4.74 4.57 4.57
2012-08-08 4.41 4.51 4.35 4.35
2012-08-23 4.27 4.29 4.21 4.21
2012-09-18 4.34 4.5 4.28 4.28
2012-10-09 4.93 4.95 4.67 4.67
2012-10-29 4.47 4.5 4.31 4.31
2012-11-07 4.9 4.92 4.86 4.86
2012-11-12 5.0 5.01 4.88 4.88
2012-12-20 5.03 5.04 4.97 4.97
2012-12-21 5.05 5.1 5.01 5.01
2013-01-31 5.39 5.53 5.3 5.3
2013-02-18 5.46 5.56 5.35 5.35
2013-03-14 4.61 4.61 4.43 4.43
2013-06-06 5.79 5.87 5.74 5.74
2013-07-15 4.95 5.0 4.89 4.89
2013-08-08 4.9 4.96 4.85 4.85
2013-08-26 4.8 4.83 4.7 4.7
2013-08-29 4.73 4.75 4.68 4.68
2013-09-09 5.09 5.19 5.03 5.03
2013-10-15 5.52 5.66 5.46 5.46
2013-12-11 6.09 6.09 6.09 6.09
2013-12-12 6.7 6.7 6.7 6.7
2013-12-23 6.6 6.65 6.29 6.29
2014-01-14 6.72 6.73 6.51 6.51
2014-01-16 6.68 6.78 6.6 6.6
2014-02-07 7.26 7.28 7.13 7.13
2014-05-05 8.23 8.34 8.18 8.18
2014-05-14 8.16 8.24 8.06 8.06
2014-05-23 8.11 8.12 8.02 8.02
2014-06-10 8.76 8.88 8.74 8.74
2014-06-23 8.92 8.94 8.78 8.78
2014-07-31 9.03 9.11 8.98 8.98
2014-08-18 9.3 9.44 9.16 9.16
2014-09-23 11.01 11.4 10.31 10.31
2014-09-30 11.53 11.76 11.05 11.05
2014-10-08 11.87 11.98 11.55 11.55
2015-06-12 13.11 13.11 13.11 13.11
2015-06-15 14.42 14.42 14.42 14.42
2015-06-16 15.86 15.86 15.86 15.86
2015-06-17 17.45 17.45 17.45 17.45
2015-06-18 19.2 19.2 19.2 19.2
2015-12-17 12.98 12.98 12.98 12.98
2015-12-18 14.28 14.28 14.28 14.28
2015-12-21 15.71 15.71 15.71 15.71
2015-12-23 17.1 17.94 16.5 16.5
2015-12-28 17.15 17.75 16.95 16.95
2016-01-14 12.41 12.55 12.09 12.09
2016-01-19 12.29 12.29 12.29 12.29
2016-01-20 13.52 13.52 13.52 13.52
2016-03-09 13.82 14.23 13.65 13.65
2016-03-21 15.03 15.4 14.76 14.76
2016-03-25 15.79 16.12 15.03 15.03
2016-05-27 15.03 15.2 14.8 14.8
2016-05-31 15.24 15.29 14.91 14.91
2016-06-15 14.8 15.09 13.81 13.81
2016-06-22 16.55 16.69 15.33 15.33
2016-06-27 16.48 16.59 15.9 15.9
2016-07-06 18.48 18.58 17.36 17.36
2016-10-10 15.91 15.98 15.43 15.43
2016-12-13 4.52 4.52 4.21 4.21
2017-03-10 3.66 3.68 3.64 3.64
2017-04-05 3.43 3.45 3.4 3.4
2017-05-26 3.48 3.5 3.41 3.41
2017-06-07 3.5 3.51 3.42 3.42
2017-06-08 3.52 3.52 3.47 3.47
2017-06-13 3.55 3.56 3.48 3.48
2017-06-15 3.72 3.72 3.6 3.6
2017-07-31 3.87 3.91 3.77 3.77
2017-08-14 4.23 4.28 4.06 4.06
