1996-12-02 15.0 15.01 14.0 14.0
1996-12-05 16.25 16.4 15.6 15.6
1996-12-11 18.1 18.13 17.36 17.36
1996-12-16 14.41 14.41 14.41 14.41
1996-12-17 12.97 14.0 12.97 12.97
1996-12-18 14.27 14.27 12.5 12.5
1996-12-20 14.85 15.1 14.0 14.0
1997-01-15 16.26 16.33 16.01 16.01
1997-02-20 14.5 15.0 13.57 13.57
1997-04-15 16.35 16.46 16.16 16.16
1997-04-16 16.6 16.8 16.35 16.35
1997-04-23 16.88 16.94 16.61 16.61
1997-05-05 18.2 18.7 17.02 17.02
1997-05-12 16.16 16.16 14.88 14.88
1997-07-14 17.85 17.95 16.73 16.73
1997-07-22 17.89 17.99 17.6 17.6
1997-07-30 16.41 17.18 16.0 16.0
1997-08-01 16.4 16.65 16.17 16.17
1997-08-04 16.6 16.85 16.4 16.4
1997-08-20 16.25 16.5 15.9 15.9
1997-08-26 16.73 16.79 16.33 16.33
1997-09-29 13.65 13.76 13.1 13.1
1997-10-08 14.1 14.37 13.75 13.75
1997-11-10 15.31 15.6 15.02 15.02
1998-01-21 18.9 19.22 18.6 18.6
1998-01-23 19.39 19.65 19.2 19.2
1998-02-24 19.88 19.9 19.45 19.45
1998-02-26 19.97 20.0 19.7 19.7
1998-03-05 19.85 20.0 19.29 19.29
1998-06-08 13.82 13.97 13.49 13.49
1998-09-28 11.2 11.47 10.94 10.94
1998-10-19 11.16 11.34 11.03 11.03
1998-10-20 11.3 11.3 11.1 11.1
1999-01-18 9.65 9.7 9.32 9.32
1999-04-06 9.47 9.69 9.4 9.4
1999-04-14 9.0 9.0 8.76 8.76
1999-05-21 8.48 8.75 8.3 8.3
1999-05-27 8.61 8.78 8.51 8.51
1999-06-14 9.93 9.93 9.15 9.15
1999-06-16 9.92 9.98 9.31 9.31
1999-06-18 10.54 10.8 10.0 10.0
1999-06-21 11.58 11.59 10.68 10.68
1999-07-30 9.79 9.95 9.7 9.7
1999-09-07 10.3 10.38 10.1 10.1
1999-09-08 10.35 10.41 10.3 10.3
1999-09-13 10.85 10.88 10.67 10.67
1999-09-24 10.46 10.55 10.32 10.32
1999-10-11 9.8 9.95 9.7 9.7
1999-10-27 9.75 9.79 9.5 9.5
1999-12-22 9.0 9.03 8.96 8.96
1999-12-28 8.7 8.94 8.65 8.65
2000-01-04 9.01 9.15 8.77 8.77
2000-01-19 9.2 9.24 9.02 9.02
2000-05-12 12.42 12.5 12.09 12.09
2000-06-13 13.45 13.47 13.25 13.25
2000-06-15 14.36 14.5 13.7 13.7
2000-06-29 13.43 13.5 13.32 13.32
2000-07-31 13.49 13.6 13.24 13.24
2000-08-14 13.61 13.67 13.21 13.21
2000-08-17 14.2 14.39 13.35 13.35
2000-08-25 13.95 13.98 13.65 13.65
2000-09-04 13.6 13.65 13.4 13.4
2000-09-07 12.98 13.05 12.7 12.7
2000-09-29 13.01 13.18 12.7 12.7
2000-10-10 13.95 13.98 12.8 12.8
2000-10-16 14.25 14.4 13.98 13.98
2000-11-10 14.95 15.15 14.7 14.7
2000-11-16 15.61 15.64 15.0 15.0
2001-01-03 15.3 15.38 15.2 15.2
2001-03-01 14.22 14.25 13.98 13.98
2001-03-02 14.72 15.0 14.22 14.22
2001-03-05 14.6 14.78 14.55 14.55
2001-07-13 15.65 15.84 15.54 15.54
2001-08-20 14.77 14.8 14.5 14.5
2001-11-27 11.26 11.3 11.16 11.16
2001-12-21 10.57 10.57 10.38 10.38
2002-01-29 8.3 8.31 7.81 7.81
2002-02-04 9.26 9.28 8.95 8.95
2002-02-07 9.2 9.29 8.98 8.98
2002-02-26 9.7 9.72 9.42 9.42
2002-03-04 9.98 10.0 9.51 9.51
2002-03-05 10.35 10.46 10.0 10.0
2002-03-07 10.5 10.5 10.2 10.2
2002-03-12 11.1 11.45 11.01 11.01
2002-06-21 9.98 9.98 9.44 9.44
2002-07-11 10.59 10.69 10.5 10.5
2002-07-16 10.5 10.59 10.45 10.45
2002-07-19 10.96 10.99 10.74 10.74
2002-10-16 8.95 9.05 8.85 8.85
2002-10-22 8.81 8.87 8.66 8.66
2002-10-28 8.62 8.73 8.6 8.6
2002-12-09 7.8 7.81 7.73 7.73
2003-01-22 7.99 8.0 7.86 7.86
2003-03-24 8.31 8.34 8.23 8.23
2003-06-03 8.7 8.76 8.55 8.55
2003-10-20 6.76 6.78 6.71 6.71
2003-10-28 6.94 7.0 6.81 6.81
2003-11-25 7.06 7.24 6.96 6.96
2004-03-15 7.87 7.9 7.69 7.69
2004-03-16 8.0 8.12 7.86 7.86
2004-11-15 4.3 4.33 4.24 4.24
2004-11-30 4.2 4.24 4.14 4.14
2005-06-08 3.35 3.38 3.12 3.12
2005-06-13 3.36 3.41 3.3 3.3
2005-08-01 2.88 2.89 2.84 2.84
2005-08-03 2.97 3.04 2.94 2.94
2005-08-05 3.07 3.08 3.0 3.0
2005-11-02 2.9 2.92 2.85 2.85
2005-12-09 2.81 2.83 2.75 2.75
2005-12-19 2.87 2.88 2.83 2.83
2005-12-22 2.88 2.96 2.83 2.83
2006-01-12 3.07 3.09 2.98 2.98
2006-01-18 3.1 3.12 3.04 3.04
2006-01-24 3.18 3.21 3.18 3.18
2007-01-19 4.45 4.49 4.23 4.23
2007-01-29 4.61 4.65 4.46 4.46
2007-02-15 5.18 5.19 5.02 5.02
2007-02-28 5.29 5.35 4.91 4.91
2007-04-17 9.95 10.0 9.18 9.18
2007-04-20 10.11 10.13 9.29 9.29
2007-05-18 11.89 12.31 11.81 11.81
2007-05-28 13.1 13.49 12.9 12.9
2007-09-07 8.88 9.3 8.78 8.78
2007-12-26 8.37 8.42 7.88 7.88
2007-12-27 8.66 8.87 8.33 8.33
2008-01-02 9.5 9.56 8.76 8.76
2008-02-21 9.68 9.68 8.8 8.8
2008-09-04 3.08 3.14 3.0 3.0
2008-09-12 2.76 2.8 2.72 2.72
2008-09-25 2.89 2.9 2.62 2.62
2008-10-23 2.5 2.53 2.41 2.41
2008-10-30 2.14 2.18 2.1 2.1
2009-05-04 4.21 4.24 4.08 4.08
2009-05-08 4.7 4.85 4.35 4.35
2009-09-15 6.1 6.27 5.96 5.96
2009-09-17 6.2 6.29 6.03 6.03
2010-04-26 6.32 6.41 6.22 6.22
2010-05-13 6.41 6.41 5.89 5.89
2010-05-18 6.49 6.85 6.16 6.16
2010-06-21 7.16 7.26 6.67 6.67
2010-06-23 7.39 7.43 7.1 7.1
2011-04-21 6.6 6.68 6.48 6.48
2011-06-14 5.62 5.66 5.54 5.54
2011-06-20 5.77 5.87 5.46 5.46
2011-08-23 5.14 5.17 5.08 5.08
2011-10-12 4.79 4.9 4.54 4.54
2011-10-28 4.72 4.74 4.65 4.65
2011-11-03 4.77 4.82 4.7 4.7
2012-01-10 3.69 3.72 3.54 3.54
2012-01-20 3.72 3.76 3.6 3.6
2012-03-08 4.08 4.11 4.0 4.0
2012-03-09 4.12 4.13 4.08 4.08
2012-03-16 3.89 3.9 3.81 3.81
2012-07-17 4.64 4.67 4.51 4.51
2012-07-19 4.67 4.74 4.57 4.57
2012-11-12 5.0 5.01 4.88 4.88
2012-12-21 5.05 5.1 5.01 5.01
2013-08-29 4.73 4.75 4.68 4.68
2013-12-12 6.7 6.7 6.7 6.7
2014-01-16 6.68 6.78 6.6 6.6
2014-09-30 11.53 11.76 11.05 11.05
2014-10-08 11.87 11.98 11.55 11.55
2015-06-15 14.42 14.42 14.42 14.42
2015-06-16 15.86 15.86 15.86 15.86
2015-06-17 17.45 17.45 17.45 17.45
2015-06-18 19.2 19.2 19.2 19.2
2015-12-18 14.28 14.28 14.28 14.28
2015-12-21 15.71 15.71 15.71 15.71
2015-12-23 17.1 17.94 16.5 16.5
2015-12-28 17.15 17.75 16.95 16.95
2016-01-19 12.29 12.29 12.29 12.29
2016-01-20 13.52 13.52 13.52 13.52
2016-03-25 15.79 16.12 15.03 15.03
2016-05-31 15.24 15.29 14.91 14.91
2016-06-22 16.55 16.69 15.33 15.33
2016-06-27 16.48 16.59 15.9 15.9
2017-06-07 3.5 3.51 3.42 3.42
2017-06-08 3.52 3.52 3.47 3.47
2017-06-13 3.55 3.56 3.48 3.48
2017-06-15 3.72 3.72 3.6 3.6
