1994-02-02 7.7 7.7 7.4 7.4
1994-02-03 7.75 8.0 7.7 7.7
1994-02-04 8.08 8.1 7.9 7.9
1994-02-18 8.1 8.1 7.9 7.9
1994-02-22 8.05 8.09 7.8 7.8
1994-03-07 7.5 7.55 7.5 7.5
1994-05-03 5.33 5.39 5.12 5.12
1994-05-17 5.08 5.1 5.0 5.0
1994-06-10 3.85 3.89 3.85 3.85
1994-06-14 3.61 3.7 3.6 3.6
1994-06-22 3.8 3.92 3.7 3.7
1994-07-04 3.11 3.2 2.43 2.43
1994-07-05 3.2 3.2 3.1 3.1
1994-07-12 3.07 3.1 3.05 3.05
1994-07-25 2.76 2.79 2.56 2.56
1994-07-26 2.81 2.88 2.73 2.73
1994-07-29 2.51 2.53 2.45 2.45
1994-08-16 5.36 5.65 5.1 5.1
1994-09-05 6.67 6.78 5.92 5.92
1994-09-28 6.78 6.81 6.42 6.42
1994-11-03 5.78 5.87 5.53 5.53
1994-11-21 5.4 5.48 5.23 5.23
1994-12-13 4.66 4.7 4.5 4.5
1995-01-03 4.16 4.3 4.0 4.0
1995-01-18 3.85 3.85 3.8 3.8
1995-01-26 3.59 3.61 3.5 3.5
1995-02-22 3.75 3.78 3.45 3.45
1995-03-08 3.97 4.11 3.8 3.8
1995-03-17 3.64 3.65 3.5 3.5
1995-03-22 3.68 3.69 3.56 3.56
1995-04-10 3.92 4.05 3.82 3.82
1995-04-12 3.69 3.75 3.55 3.55
1995-04-14 3.65 3.67 3.6 3.6
1995-04-25 3.62 3.69 3.55 3.55
1995-05-05 3.32 3.38 3.3 3.3
1995-05-09 3.3 3.36 3.3 3.3
1995-06-16 4.51 4.6 4.3 4.3
1995-06-23 4.53 4.55 4.49 4.49
1995-07-27 5.7 5.71 5.17 5.17
1995-07-31 5.69 5.79 5.58 5.58
1995-09-18 7.99 8.15 7.65 7.65
1995-11-03 6.78 6.8 6.68 6.68
1995-11-14 6.23 6.34 6.18 6.18
1995-12-14 4.82 4.88 4.8 4.8
1995-12-20 4.62 4.65 4.53 4.53
1995-12-27 4.6 4.63 4.5 4.5
1996-01-04 4.47 4.48 4.29 4.29
1996-01-25 4.22 4.4 4.17 4.17
1996-01-30 4.4 4.44 4.14 4.14
1996-01-31 4.46 4.6 4.35 4.35
1996-02-01 4.48 4.53 4.42 4.42
1996-02-07 4.21 4.24 4.15 4.15
1996-02-08 4.19 4.22 4.19 4.19
1996-02-15 4.31 4.36 4.25 4.25
1996-03-07 4.5 4.52 4.4 4.4
1996-03-14 4.49 4.51 4.45 4.45
1996-03-25 4.55 4.64 4.52 4.52
1996-04-04 4.46 4.5 4.45 4.45
1996-04-09 4.42 4.52 4.4 4.4
1996-04-12 4.46 4.56 4.45 4.45
1996-04-15 4.46 4.51 4.41 4.41
1996-04-17 4.64 4.67 4.58 4.58
1996-04-26 5.51 5.85 5.16 5.16
1996-05-13 5.2 5.28 5.15 5.15
1996-05-27 4.7 4.74 4.65 4.65
1996-05-28 4.78 4.8 4.7 4.7
1996-06-05 4.8 4.8 4.46 4.46
1996-06-26 6.05 6.09 5.81 5.81
1996-07-10 4.83 5.0 4.8 4.8
1996-07-16 4.9 4.93 4.68 4.68
1996-07-22 5.66 5.78 5.5 5.5
1996-08-05 5.3 5.31 5.05 5.05
1996-08-08 5.3 5.45 5.25 5.25
1996-08-21 5.11 5.2 4.95 4.95
1996-08-27 5.2 5.25 5.0 5.0
1996-08-30 5.48 5.58 5.25 5.25
1996-09-26 6.61 6.75 6.2 6.2
1996-10-17 6.22 6.28 6.01 6.01
1996-10-23 6.6 6.68 6.4 6.4
1996-10-28 6.6 6.68 6.21 6.21
1996-11-13 6.05 6.11 6.01 6.01
1996-11-14 6.2 6.2 6.06 6.06
1996-11-22 6.0 6.0 5.8 5.8
1996-11-29 6.8 6.83 6.3 6.3
1996-12-02 7.8 8.0 7.05 7.05
1996-12-16 6.39 6.39 6.39 6.39
1996-12-17 5.75 5.9 5.75 5.75
1996-12-18 6.2 6.28 5.25 5.25
1996-12-23 5.74 5.88 5.46 5.46
1997-01-20 6.88 6.98 6.77 6.77
1997-01-22 7.09 7.1 6.89 6.89
1997-02-19 6.95 6.99 6.45 6.45
1997-02-20 6.9 6.98 6.26 6.26
1997-03-17 8.39 8.48 8.0 8.0
1997-04-09 8.04 8.07 7.75 7.75
1997-04-14 8.23 8.29 7.88 7.88
1997-05-16 7.75 8.38 7.75 7.75
1997-06-09 6.54 6.59 6.39 6.39
1997-06-19 6.3 6.4 6.21 6.21
1997-06-20 6.57 6.68 6.37 6.37
1997-07-11 5.26 5.3 5.05 5.05
1997-07-18 5.48 5.55 5.25 5.25
1997-07-23 5.46 5.55 5.34 5.34
1997-08-07 5.78 5.8 5.43 5.43
1997-08-14 5.61 5.66 5.45 5.45
1997-08-21 5.57 5.65 5.45 5.45
1997-08-26 5.21 5.3 5.13 5.13
1997-09-10 6.39 6.41 6.07 6.07
1997-09-19 5.64 5.64 5.45 5.45
1997-10-10 6.03 6.1 5.82 5.82
1997-10-24 6.15 6.25 5.9 5.9
1997-12-02 5.16 5.19 5.01 5.01
1997-12-05 5.05 5.14 5.05 5.05
1997-12-10 5.05 5.14 4.98 4.98
1997-12-19 4.84 4.88 4.8 4.8
1997-12-25 4.84 4.9 4.75 4.75
1998-01-07 5.13 5.15 4.98 4.98
1998-01-14 4.84 4.9 4.5 4.5
1998-02-16 5.18 5.3 5.08 5.08
1998-02-25 5.23 5.33 5.13 5.13
1998-03-24 5.58 5.69 5.4 5.4
1998-04-20 6.3 6.3 5.98 5.98
1998-04-21 6.47 6.69 6.35 6.35
1998-05-21 6.28 6.35 6.0 6.0
1998-06-16 7.0 7.0 6.38 6.38
1998-06-18 6.87 6.99 6.78 6.78
1998-07-02 6.64 6.65 6.28 6.28
1998-08-10 6.38 6.5 6.25 6.25
1998-08-19 5.39 5.44 5.2 5.2
1998-08-28 6.18 6.24 6.01 6.01
1998-10-07 7.2 7.25 7.1 7.1
1998-10-13 7.35 7.58 7.3 7.3
1998-10-23 6.77 6.9 6.75 6.75
1998-11-19 6.66 6.78 6.58 6.58
1998-12-08 6.2 6.2 6.1 6.1
1998-12-09 6.41 6.48 6.22 6.22
1998-12-14 6.17 6.25 6.15 6.15
1998-12-24 6.34 6.4 6.2 6.2
1998-12-25 6.49 6.51 6.34 6.34
1998-12-28 6.7 6.82 6.55 6.55
1999-01-14 6.5 6.58 6.3 6.3
1999-01-19 6.53 6.56 6.4 6.4
1999-02-09 5.67 5.7 5.42 5.42
1999-03-04 6.13 6.24 6.0 6.0
1999-04-02 6.16 6.19 6.05 6.05
1999-04-05 6.26 6.3 6.15 6.15
1999-04-12 6.14 6.44 6.1 6.1
1999-04-23 5.88 6.04 5.7 5.7
1999-04-28 5.54 5.7 5.52 5.52
1999-05-19 5.29 5.3 5.05 5.05
1999-06-11 6.1 6.2 5.98 5.98
1999-06-16 6.47 6.48 6.1 6.1
1999-07-20 6.38 6.4 6.01 6.01
1999-07-28 6.34 6.35 6.2 6.2
1999-08-12 6.88 7.0 6.76 6.76
1999-08-31 7.04 7.08 6.85 6.85
1999-09-14 7.42 7.55 7.36 7.36
1999-09-22 6.98 6.99 6.95 6.95
1999-09-24 6.98 7.04 6.89 6.89
1999-11-16 7.25 7.45 7.12 7.12
1999-12-02 7.21 7.22 7.0 7.0
1999-12-28 5.9 6.03 5.82 5.82
2000-01-17 6.18 6.35 6.02 6.02
2000-03-08 7.8 8.0 7.5 7.5
2000-04-07 8.39 8.68 8.31 8.31
2000-05-16 6.92 7.03 6.78 6.78
2000-05-24 8.15 8.3 8.1 8.1
2000-06-14 8.39 8.57 8.23 8.23
2000-06-19 8.08 8.2 8.01 8.01
2000-07-05 8.72 8.86 8.69 8.69
2000-07-19 8.55 8.55 8.4 8.4
2000-07-26 8.9 8.93 8.7 8.7
2000-08-07 8.64 8.7 8.5 8.5
2000-08-21 11.09 11.09 10.2 10.2
2000-09-07 9.25 9.36 9.11 9.11
2000-09-29 8.91 8.99 8.8 8.8
2000-10-11 10.2 10.2 9.34 9.34
2000-11-20 10.96 10.98 10.71 10.71
2000-11-27 10.88 11.2 10.35 10.35
2000-11-28 11.43 11.45 10.93 10.93
2000-12-01 12.19 12.2 11.41 11.41
2000-12-13 11.52 11.66 11.31 11.31
2000-12-26 11.42 11.58 11.27 11.27
2000-12-29 11.09 11.23 11.06 11.06
2001-01-11 11.88 12.0 11.45 11.45
2001-02-12 10.52 10.55 10.3 10.3
2001-02-27 9.95 9.99 9.55 9.55
2001-03-07 9.7 9.8 9.65 9.65
2001-03-20 10.29 10.36 10.25 10.25
2001-03-27 10.68 10.74 10.48 10.48
2001-03-30 10.75 10.78 10.54 10.54
2001-04-09 11.93 11.99 11.38 11.38
2001-04-24 11.45 11.45 11.2 11.2
2001-05-15 12.13 12.4 12.01 12.01
2001-05-28 12.2 12.27 11.77 11.77
2001-06-05 12.87 13.05 12.8 12.8
2001-06-12 12.71 12.78 12.51 12.51
2001-07-09 11.45 11.45 11.2 11.2
2001-07-19 11.39 11.41 11.18 11.18
2001-08-01 10.22 10.3 9.7 9.7
2001-08-09 10.24 10.25 10.0 10.0
2001-09-04 9.47 9.47 9.21 9.21
2001-09-18 9.16 9.34 9.0 9.0
2001-10-15 8.24 8.29 8.07 8.07
2001-10-17 7.88 8.09 7.8 7.8
2001-10-29 8.57 8.58 8.4 8.4
2001-11-01 9.44 9.45 8.65 8.65
2001-11-14 10.1 10.2 9.81 9.81
2001-12-25 9.76 9.9 9.61 9.61
2001-12-26 9.91 9.93 9.76 9.76
2002-01-31 8.24 8.4 7.7 7.7
2002-03-05 8.52 8.6 8.29 8.29
2002-03-06 8.56 8.9 8.55 8.55
2002-03-14 9.67 9.68 9.31 9.31
2002-03-25 9.41 9.45 9.25 9.25
2002-03-27 9.29 9.29 9.1 9.1
2002-04-03 8.71 8.76 8.61 8.61
2002-04-09 9.4 9.45 9.22 9.22
2002-04-10 9.5 9.65 9.41 9.41
2002-04-12 9.25 9.31 9.16 9.16
2002-05-13 9.98 10.1 9.7 9.7
2002-05-15 10.1 10.34 9.75 9.75
2002-05-23 10.2 10.39 10.0 10.0
2002-06-11 9.33 9.42 9.1 9.1
2002-06-18 9.2 9.29 8.9 8.9
2002-06-28 10.78 11.2 10.65 10.65
2002-07-08 10.61 10.75 10.5 10.5
2002-07-16 10.22 10.38 10.2 10.2
2002-07-17 10.37 10.38 10.22 10.22
2002-07-18 10.48 10.66 10.4 10.4
2002-07-26 10.44 10.58 10.32 10.32
2002-08-06 10.36 10.4 10.2 10.2
2002-08-07 10.41 10.54 10.38 10.38
2002-08-14 10.25 10.28 10.15 10.15
2002-09-27 9.51 9.7 9.5 9.5
2002-10-10 9.28 9.33 9.2 9.2
2002-10-16 9.17 9.3 9.08 9.08
2002-10-21 9.04 9.05 8.85 8.85
2002-10-22 9.22 9.27 9.0 9.0
2002-11-11 9.12 9.28 9.1 9.1
2002-11-18 8.51 8.74 8.49 8.49
2002-12-09 7.92 8.05 7.91 7.91
2002-12-12 7.83 8.05 7.75 7.75
2002-12-16 8.12 8.22 7.92 7.92
2003-01-08 7.97 7.98 7.73 7.73
2003-01-14 8.34 8.43 7.98 7.98
2003-01-27 8.41 8.45 8.25 8.25
2003-02-25 8.64 8.67 8.47 8.47
2003-03-04 8.76 8.77 8.7 8.7
2003-03-18 8.27 8.39 8.25 8.25
2003-03-21 8.34 8.38 8.29 8.29
2003-04-02 8.33 8.4 8.32 8.32
2003-04-08 8.06 8.1 8.03 8.03
2003-04-10 8.45 8.53 8.16 8.16
2003-06-10 7.91 7.95 7.7 7.7
2003-06-24 7.4 7.6 6.82 6.82
2003-07-15 7.18 7.23 7.1 7.1
2003-07-23 6.95 6.98 6.88 6.88
2003-07-24 6.96 7.05 6.93 6.93
2003-07-29 6.82 6.92 6.79 6.79
2003-08-11 6.83 6.87 6.71 6.71
2003-08-19 6.71 6.77 6.67 6.67
2003-08-27 6.52 6.57 6.48 6.48
2003-09-09 6.42 6.5 6.4 6.4
2003-09-10 6.45 6.47 6.42 6.42
2003-09-26 6.15 6.2 6.15 6.15
2003-10-16 6.48 6.88 6.4 6.4
2003-11-13 6.74 6.83 6.67 6.67
2003-11-28 7.06 7.16 6.99 6.99
2003-12-03 7.18 7.23 7.1 7.1
2003-12-12 7.13 7.16 7.01 7.01
2003-12-15 7.3 7.31 7.13 7.13
2004-01-05 7.38 7.5 7.2 7.2
2004-03-04 7.9 7.95 7.66 7.66
2004-03-15 7.95 8.01 7.8 7.8
2004-03-25 8.31 8.35 8.1 8.1
2004-03-26 8.34 8.39 8.26 8.26
2004-04-01 8.49 8.56 8.36 8.36
2004-04-06 8.79 8.83 8.49 8.49
2004-04-07 9.17 9.3 8.8 8.8
2004-04-26 9.0 9.2 9.0 9.0
2004-05-12 9.0 9.0 8.66 8.66
2004-05-19 8.8 9.03 8.75 8.75
2004-05-21 8.73 8.84 8.67 8.67
2004-06-09 7.5 7.75 7.35 7.35
2004-07-01 7.25 7.32 6.95 6.95
2004-07-08 7.34 7.38 7.23 7.23
2004-07-13 7.23 7.27 6.98 6.98
2004-08-06 7.34 7.44 7.29 7.29
2004-08-09 7.55 7.61 7.24 7.24
2004-09-14 7.39 7.57 7.19 7.19
2004-09-15 7.9 8.08 7.37 7.37
2004-09-28 8.89 9.16 8.67 8.67
2004-10-13 8.83 8.89 8.7 8.7
2004-11-10 7.41 7.45 7.06 7.06
2004-11-12 7.32 7.45 7.3 7.3
2004-12-02 7.46 7.48 7.38 7.38
2004-12-24 7.16 7.2 7.1 7.1
2005-01-11 6.87 6.94 6.81 6.81
2005-01-31 6.47 6.67 6.31 6.31
2005-02-01 6.41 6.55 6.37 6.37
2005-02-02 6.73 6.74 6.4 6.4
2005-03-08 7.08 7.15 6.9 6.9
2005-04-13 5.97 6.1 5.9 5.9
2005-05-13 3.93 3.97 3.88 3.88
2005-05-17 3.97 4.0 3.88 3.88
2005-05-24 3.66 3.71 3.5 3.5
2005-05-25 3.72 3.79 3.65 3.65
2005-05-30 3.83 3.84 3.75 3.75
2005-05-31 3.81 3.87 3.79 3.79
2005-06-27 4.07 4.08 3.89 3.89
2005-07-12 3.3 3.34 3.2 3.2
2005-07-19 2.85 2.89 2.75 2.75
2005-08-15 4.01 4.09 3.9 3.9
2005-08-16 4.41 4.41 4.02 4.02
2005-08-30 4.5 4.58 4.3 4.3
2005-09-05 4.54 4.58 4.31 4.31
2005-09-13 4.4 4.4 4.24 4.24
2005-09-28 3.9 3.96 3.85 3.85
2005-10-21 4.61 4.77 4.34 4.34
2005-11-03 4.35 4.38 4.08 4.08
2006-10-24 6.71 6.73 6.42 6.42
2006-11-09 6.89 6.9 6.81 6.81
2006-12-11 8.42 8.49 8.0 8.0
2006-12-18 8.93 9.09 8.47 8.47
2006-12-21 9.1 9.4 8.9 8.9
2006-12-29 8.98 9.25 8.4 8.4
2007-01-05 9.06 9.2 8.8 8.8
2007-01-10 9.97 9.97 9.85 9.85
2007-01-15 10.42 10.42 9.5 9.5
2007-01-16 10.79 10.89 10.45 10.45
2007-01-18 12.21 12.21 10.99 10.99
2007-01-23 13.58 14.2 13.5 13.5
2007-02-12 11.66 11.76 11.3 11.3
2007-03-02 12.99 13.35 12.6 12.6
2007-03-06 13.01 13.02 12.18 12.18
2007-03-21 13.0 13.0 12.75 12.75
2007-03-26 13.94 13.99 13.35 13.35
2007-05-23 23.99 24.6 22.5 22.5
2007-06-26 22.47 22.48 21.01 21.01
2007-07-11 21.0 21.0 20.29 20.29
2007-07-25 22.35 23.2 22.0 22.0
2007-07-31 23.22 23.6 22.5 22.5
2007-08-02 22.33 22.68 21.9 21.9
2007-08-06 23.4 23.95 23.0 23.0
2007-08-20 24.76 25.14 24.05 24.05
2007-09-13 26.2 26.49 25.23 25.23
2007-09-14 28.82 28.82 26.3 26.3
2007-09-19 32.69 34.0 31.38 31.38
2007-09-27 35.09 36.39 32.64 32.64
2007-10-15 38.48 40.2 36.8 36.8
2007-11-14 30.23 30.26 28.58 28.58
2007-11-20 29.89 30.2 28.17 28.17
2007-12-04 30.47 30.98 29.65 29.65
2007-12-18 33.12 34.45 31.37 31.37
2007-12-20 34.53 34.79 34.1 34.1
2008-01-11 39.87 41.5 39.26 39.26
2008-01-31 31.09 31.78 31.0 31.0
2008-02-04 32.15 32.15 29.7 29.7
2008-04-23 22.73 22.88 21.3 21.3
2008-04-30 25.52 25.52 23.2 23.2
2008-05-13 25.56 25.56 25.5 25.5
2008-05-19 29.59 29.59 27.17 27.17
2008-06-24 15.82 15.92 15.18 15.18
2008-08-13 15.19 15.34 14.76 14.76
2008-10-08 11.66 11.9 11.66 11.66
2008-10-24 10.15 10.39 9.86 9.86
2008-11-05 10.96 10.96 10.06 10.06
2008-11-26 13.36 13.86 13.02 13.02
2008-12-04 15.19 15.6 15.06 15.06
2008-12-31 14.81 15.11 14.48 14.48
2009-02-02 18.49 18.85 18.08 18.08
2009-02-13 20.75 20.98 19.99 19.99
2009-02-19 22.69 22.69 20.8 20.8
2009-03-17 22.8 23.01 22.35 22.35
2009-03-23 23.09 23.1 22.52 22.52
2009-04-10 23.95 24.6 23.76 23.76
2009-04-20 25.3 25.96 25.28 25.28
2009-04-29 25.44 25.6 24.03 24.03
2009-05-12 25.09 25.1 24.04 24.04
2009-06-01 23.65 23.97 23.22 23.22
2009-06-18 22.84 22.95 22.28 22.28
2009-07-14 25.39 25.6 24.58 24.58
2009-07-15 25.83 26.49 25.39 25.39
2009-07-20 26.84 27.0 26.03 26.03
2009-09-03 19.92 20.1 18.54 18.54
2009-10-21 21.28 21.46 21.0 21.0
2009-10-23 21.03 21.25 20.8 20.8
2009-10-30 19.64 19.95 19.46 19.46
2009-11-06 22.86 22.86 21.01 21.01
2009-11-11 22.33 22.97 21.78 21.78
2009-11-16 22.69 22.84 22.0 22.0
2009-12-01 24.97 25.0 24.0 24.0
2009-12-15 25.3 25.87 24.82 24.82
2009-12-31 23.75 23.85 23.51 23.51
2010-01-12 24.84 25.15 24.41 24.41
2010-02-09 21.6 21.68 21.41 21.41
2010-02-12 22.37 22.44 21.9 21.9
2010-02-24 22.72 22.77 22.13 22.13
2010-05-12 17.47 17.5 16.62 16.62
2010-06-22 17.94 18.43 17.3 17.3
2010-06-28 17.86 18.04 17.76 17.76
2010-07-06 16.08 16.19 15.67 15.67
2010-07-28 18.45 18.45 16.6 16.6
2010-08-06 18.47 18.57 17.81 17.81
2010-08-27 18.25 18.38 17.6 17.6
2010-09-02 18.51 18.76 18.41 18.41
2010-09-07 20.23 20.7 18.84 18.84
2010-09-27 18.22 18.25 17.79 17.79
2010-11-04 18.7 18.78 18.51 18.51
2010-11-12 19.93 20.57 19.52 19.52
2010-12-13 29.64 30.77 29.15 29.15
2011-01-04 30.74 31.79 29.7 29.7
2011-01-26 27.45 27.6 26.4 26.4
2011-01-28 28.03 28.38 27.0 27.0
2011-02-14 36.33 36.33 33.1 33.1
2011-03-16 41.81 42.2 40.01 40.01
2011-03-22 45.16 45.3 42.3 42.3
2011-04-07 54.71 54.71 49.76 49.76
2011-04-21 52.77 53.28 48.15 48.15
2011-04-29 50.29 51.5 48.21 48.21
2011-05-24 45.88 45.98 42.75 42.75
2011-06-21 23.38 24.0 22.62 22.62
2011-07-05 27.58 28.08 25.91 25.91
2011-07-13 26.98 27.04 26.2 26.2
2011-09-23 18.57 18.77 17.45 17.45
2011-10-21 17.79 18.05 17.56 17.56
2011-12-01 16.13 16.82 15.95 15.95
2011-12-26 12.78 13.08 12.54 12.54
2012-01-17 14.02 14.17 13.03 13.03
2012-03-08 15.64 15.75 15.48 15.48
2012-04-11 14.59 14.87 14.02 14.02
2012-05-21 14.12 14.27 13.87 13.87
2012-07-13 11.84 12.06 11.45 11.45
2012-08-01 11.4 11.73 10.77 10.77
2012-08-02 11.37 11.6 11.2 11.2
2012-09-06 10.09 10.16 9.98 9.98
2012-09-07 11.1 11.1 10.48 10.48
2012-09-27 11.46 11.56 10.83 10.83
2012-10-09 12.05 12.09 11.53 11.53
2012-11-20 11.34 11.58 11.12 11.12
2012-11-30 11.6 11.83 11.22 11.22
2012-12-07 14.01 14.39 13.15 13.15
2012-12-21 14.2 14.43 14.03 14.03
2013-01-22 16.03 16.39 15.37 15.37
2013-01-28 17.41 17.62 16.08 16.08
2013-02-08 17.6 17.62 17.0 17.0
2013-02-28 16.01 16.05 15.14 15.14
2013-03-04 14.64 15.25 14.64 14.64
2013-03-19 13.35 13.37 12.75 12.75
2013-03-20 13.9 13.92 13.37 13.37
2013-04-02 14.67 14.7 13.63 13.63
2013-04-09 14.97 15.7 14.93 14.93
2013-04-24 14.95 15.0 14.53 14.53
2013-05-28 14.28 14.34 13.68 13.68
2013-06-03 14.13 14.3 13.8 13.8
2013-07-17 11.66 11.87 11.2 11.2
2013-08-12 13.47 13.51 12.87 12.87
2013-08-19 13.63 13.65 12.49 12.49
2013-09-09 13.01 13.12 12.68 12.68
2013-10-11 12.37 12.47 12.28 12.28
2013-10-31 12.21 12.4 12.0 12.0
2013-11-18 12.22 12.23 11.94 11.94
2013-11-26 11.88 11.97 11.83 11.83
2013-11-27 11.99 12.07 11.85 11.85
2013-12-03 12.89 12.95 12.18 12.18
2014-01-21 10.89 10.93 10.34 10.34
2014-03-26 10.61 10.71 10.52 10.52
2014-04-04 11.61 11.74 11.51 11.51
2014-04-30 11.65 11.78 11.46 11.46
2014-05-05 12.01 12.13 11.79 11.79
2014-05-13 11.66 11.75 11.51 11.51
2014-06-03 11.38 11.48 11.31 11.31
2014-06-05 11.2 11.2 11.01 11.01
2014-06-12 11.41 11.54 11.4 11.4
2014-07-10 6.85 6.89 6.62 6.62
2014-07-25 7.27 7.33 7.07 7.07
2014-09-01 7.29 7.33 7.21 7.21
2014-11-10 8.44 8.56 8.23 8.23
2014-11-27 8.49 8.63 8.35 8.35
2014-12-22 10.51 10.58 9.8 9.8
2014-12-25 10.42 10.44 9.51 9.51
2015-02-11 9.35 9.37 9.23 9.23
2015-02-13 9.43 9.53 9.38 9.38
2015-02-17 9.5 9.54 9.47 9.47
2015-03-06 9.92 10.05 9.71 9.71
2015-03-11 9.9 9.94 9.81 9.81
2015-03-30 11.88 11.98 11.18 11.18
2015-04-23 12.84 13.21 12.64 12.64
2015-05-07 10.96 11.23 10.87 10.87
2015-07-09 9.17 9.17 8.34 8.34
2015-07-29 9.4 9.45 8.8 8.8
2015-07-31 8.97 9.05 8.74 8.74
2015-08-25 8.02 8.6 8.02 8.02
2015-09-09 8.76 8.91 8.45 8.45
2015-09-10 8.48 8.85 8.4 8.4
2015-11-11 8.5 8.6 8.32 8.32
2016-02-04 5.89 5.93 5.8 5.8
2016-02-15 5.82 5.87 5.69 5.69
2016-02-22 6.94 7.25 6.65 6.65
2016-02-26 6.78 6.78 6.2 6.2
2016-03-02 7.83 7.83 6.98 6.98
2016-03-14 7.83 7.83 7.19 7.19
2016-04-08 8.3 8.5 8.1 8.1
2016-04-11 8.76 9.13 8.33 8.33
2016-04-13 8.71 9.11 8.47 8.47
2016-05-05 7.63 7.65 7.51 7.51
2016-05-23 6.59 6.77 6.39 6.39
2016-05-31 6.53 6.53 6.28 6.28
2016-07-04 6.72 6.74 6.35 6.35
2016-07-25 7.04 7.09 7.0 7.0
2016-08-03 7.37 7.39 6.93 6.93
2016-10-19 7.27 7.38 7.21 7.21
2016-12-21 7.55 7.57 7.45 7.45
2017-01-18 7.77 7.8 7.5 7.5
2017-02-14 10.05 10.18 9.72 9.72
2017-02-21 9.92 10.19 9.68 9.68
2017-06-13 8.42 8.43 8.2 8.2
2017-08-21 12.55 12.58 12.2 12.2
