1994-01-13 5.35 5.58 5.0 5.0
1994-01-27 4.94 5.05 4.91 4.91
1994-02-02 4.6 4.65 4.45 4.45
1994-03-04 3.93 4.1 3.8 3.8
1994-05-09 3.2 3.2 3.12 3.12
1994-05-19 3.38 3.4 3.32 3.32
1994-06-06 3.13 3.16 3.1 3.1
1994-06-21 2.7 2.8 2.7 2.7
1994-06-22 2.77 2.8 2.72 2.72
1994-07-08 2.34 2.35 2.27 2.27
1994-08-03 2.9 3.0 2.15 2.15
1994-09-21 4.69 4.69 4.5 4.5
1994-09-28 4.4 4.47 4.15 4.15
1994-09-30 3.65 3.91 3.6 3.6
1994-11-03 3.13 3.22 3.03 3.03
1994-11-29 2.83 2.83 2.79 2.79
1994-11-30 2.83 2.85 2.83 2.83
1995-01-23 2.21 2.28 2.16 2.16
1995-01-25 2.23 2.26 2.2 2.2
1995-02-08 2.23 2.26 2.2 2.2
1995-02-15 2.23 2.27 2.23 2.23
1995-02-17 2.2 2.22 2.2 2.2
1995-02-20 2.22 2.25 2.18 2.18
1995-02-21 2.23 2.25 2.2 2.2
1995-02-22 2.39 2.39 2.22 2.22
1995-03-03 2.24 2.28 2.22 2.22
1995-03-06 2.32 2.35 2.27 2.27
1995-03-16 2.24 2.25 2.22 2.22
1995-03-21 2.3 2.3 2.23 2.23
1995-04-19 2.29 2.31 2.28 2.28
1995-04-28 2.14 2.17 2.1 2.1
1995-05-05 2.13 2.14 2.11 2.11
1995-05-08 2.11 2.13 2.06 2.06
1995-05-11 2.09 2.11 2.05 2.05
1995-05-12 2.13 2.19 2.08 2.08
1995-05-22 3.65 3.9 3.5 3.5
1995-06-01 2.55 2.58 2.48 2.48
1995-06-07 2.61 2.61 2.41 2.41
1995-06-09 2.67 2.7 2.57 2.57
1995-06-22 2.61 2.73 2.57 2.57
1995-07-12 3.08 3.12 3.0 3.0
1995-07-17 3.28 3.41 3.1 3.1
1995-07-24 3.44 3.62 3.28 3.28
1995-07-27 3.3 3.31 3.1 3.1
1995-08-03 3.23 3.28 3.2 3.2
1995-08-11 3.68 3.7 3.48 3.48
1995-08-16 4.46 4.56 4.3 4.3
1995-09-21 3.88 3.94 3.83 3.83
1995-10-18 4.42 4.48 4.3 4.3
1995-11-21 3.98 3.98 3.9 3.9
1995-12-05 3.62 3.67 3.58 3.58
1995-12-08 3.6 3.65 3.54 3.54
1995-12-14 3.3 3.36 3.25 3.25
1995-12-18 3.07 3.13 3.06 3.06
1995-12-19 3.07 3.1 3.03 3.03
1995-12-20 3.17 3.19 3.06 3.06
1996-01-15 3.08 3.09 2.98 2.98
1996-01-23 2.84 2.86 2.81 2.81
1996-01-29 2.96 3.04 2.91 2.91
1996-01-31 3.04 3.06 2.95 2.95
1996-02-15 2.91 2.93 2.85 2.85
1996-03-07 3.08 3.08 3.02 3.02
1996-03-20 3.2 3.28 3.12 3.12
1996-03-28 3.08 3.13 3.05 3.05
1996-04-10 3.15 3.16 3.11 3.11
1996-04-16 3.34 3.38 3.28 3.28
1996-04-23 3.43 3.6 3.28 3.28
1996-04-24 3.68 3.7 3.48 3.48
1996-04-26 3.77 4.0 3.5 3.5
1996-05-06 3.74 3.88 3.51 3.51
1996-05-17 3.84 3.84 3.71 3.71
1996-07-02 3.34 3.39 3.3 3.3
1996-07-24 3.64 3.74 3.41 3.41
1996-09-05 3.36 3.56 3.34 3.34
1996-09-19 3.15 3.17 3.08 3.08
1996-10-07 3.4 3.45 3.31 3.31
1996-10-10 3.68 3.75 3.38 3.38
1996-10-23 4.77 4.89 4.55 4.55
1996-11-19 4.96 5.2 4.73 4.73
1996-11-29 5.09 5.16 4.75 4.75
1996-12-16 5.04 5.04 5.04 5.04
1996-12-17 4.54 4.54 4.54 4.54
1996-12-18 4.65 4.8 4.09 4.09
1996-12-20 3.77 3.95 3.77 3.77
1997-01-09 3.94 3.97 3.87 3.87
1997-01-15 3.88 3.89 3.8 3.8
1997-02-19 3.99 3.99 3.73 3.73
1997-02-20 4.39 4.39 3.59 3.59
1997-03-05 4.68 4.94 4.68 4.68
1997-03-06 4.91 4.95 4.61 4.61
1997-03-21 4.7 4.75 4.51 4.51
1997-03-31 5.29 5.35 4.9 4.9
1997-04-07 5.75 5.8 5.31 5.31
1997-06-04 4.48 4.59 4.36 4.36
1997-06-13 4.03 4.05 3.6 3.6
1997-06-20 4.05 4.08 3.9 3.9
1997-07-03 3.24 3.37 3.18 3.18
1997-07-29 3.61 3.66 3.45 3.45
1997-08-25 3.85 3.93 3.77 3.77
1997-08-26 4.03 4.05 3.85 3.85
1997-08-27 4.17 4.18 4.05 4.05
1997-09-10 4.7 4.7 4.25 4.25
1997-09-30 3.76 3.83 3.72 3.72
1997-10-10 3.89 3.9 3.8 3.8
1997-10-28 3.71 3.91 3.7 3.7
1997-11-28 3.46 3.47 3.2 3.2
1997-12-12 3.37 3.42 3.36 3.36
1997-12-22 3.29 3.35 3.24 3.24
1997-12-31 3.41 3.44 3.35 3.35
1998-01-14 3.48 3.51 3.25 3.25
1998-01-23 4.1 4.1 3.75 3.75
1998-03-17 4.51 4.64 4.31 4.31
1998-05-05 6.96 7.11 6.69 6.69
1998-05-13 7.82 7.82 7.18 7.18
1998-05-25 8.14 8.34 7.66 7.66
1998-06-11 5.78 5.99 5.7 5.7
1998-07-31 6.05 6.07 5.79 5.79
1998-08-05 6.53 6.63 6.25 6.25
1998-08-12 6.75 6.75 6.0 6.0
1998-09-08 6.68 6.85 6.52 6.52
1998-09-30 7.27 7.33 7.15 7.15
1998-10-12 7.4 7.4 7.1 7.1
1998-10-19 7.26 7.29 7.11 7.11
1998-11-02 6.58 6.65 6.45 6.45
1998-11-09 6.92 6.96 6.49 6.49
1998-11-13 6.61 6.73 6.54 6.54
1998-11-19 6.42 6.52 6.41 6.41
1999-01-08 5.35 5.4 5.25 5.25
1999-01-19 4.62 4.74 4.35 4.35
1999-01-20 4.57 4.71 4.55 4.55
1999-01-21 4.75 4.85 4.44 4.44
1999-02-01 5.15 5.27 5.06 5.06
1999-02-08 5.29 5.29 4.8 4.8
1999-03-09 7.92 8.35 7.55 7.55
1999-05-11 7.7 7.78 7.4 7.4
1999-05-26 8.33 8.44 7.7 7.7
1999-08-02 9.49 9.58 9.11 9.11
1999-08-19 10.05 10.19 9.6 9.6
1999-09-01 10.73 11.28 10.58 10.58
1999-09-07 10.06 10.29 9.95 9.95
1999-10-14 8.78 9.1 8.7 8.7
1999-10-20 8.77 8.85 8.5 8.5
1999-10-22 8.76 8.87 8.47 8.47
1999-12-06 8.65 8.81 8.52 8.52
2000-01-05 9.32 9.32 9.0 9.0
2000-01-20 8.83 8.93 8.58 8.58
2000-03-08 8.15 8.39 7.98 7.98
2000-03-15 8.37 8.68 8.12 8.12
2000-03-24 9.28 9.28 8.72 8.72
2000-03-31 9.55 9.89 9.4 9.4
2000-04-06 9.14 9.25 8.99 8.99
2000-04-13 8.75 9.0 8.75 8.75
2000-04-18 8.98 8.98 8.55 8.55
2000-04-19 9.43 9.43 9.43 9.43
2000-05-16 8.3 8.3 7.9 7.9
2000-05-18 8.38 8.38 8.15 8.15
2000-06-13 9.02 9.2 8.88 8.88
2000-06-14 9.47 9.47 9.05 9.05
2000-06-22 8.64 8.78 8.45 8.45
2000-07-17 8.56 8.57 8.43 8.43
2000-07-25 8.99 8.99 8.56 8.56
2000-08-14 10.0 10.09 9.8 9.8
2000-08-21 11.28 11.58 11.1 11.1
2000-09-07 11.16 11.35 10.9 10.9
2000-09-22 11.12 11.45 11.06 11.06
2000-10-17 12.05 12.05 11.21 11.21
2000-10-30 14.0 14.18 13.65 13.65
2000-11-01 15.35 15.35 14.48 14.48
2000-11-21 15.73 15.74 15.0 15.0
2000-11-29 14.9 14.97 14.52 14.52
2001-01-19 14.8 15.12 14.57 14.57
2001-02-07 13.88 14.09 13.79 13.79
2001-02-09 13.3 13.67 13.2 13.2
2001-02-13 13.55 13.55 12.95 12.95
2001-02-23 13.23 13.23 12.8 12.8
2001-02-27 13.7 13.9 13.3 13.3
2001-03-09 14.91 14.91 14.35 14.35
2001-04-05 15.37 15.37 15.08 15.08
2001-04-06 15.93 16.13 15.2 15.2
2001-05-08 16.91 17.0 16.42 16.42
2001-05-30 17.85 18.11 17.65 17.65
2001-06-12 18.25 18.3 17.8 17.8
2001-06-13 18.59 18.74 18.3 18.3
2001-06-21 16.53 16.67 16.3 16.3
2001-07-25 15.95 16.18 15.8 15.8
2001-08-01 14.25 14.8 13.98 13.98
2001-08-15 14.2 14.3 13.8 13.8
2001-08-21 14.37 14.7 13.1 13.1
2001-09-12 13.84 14.1 13.57 13.57
2001-09-18 13.32 13.5 13.0 13.0
2001-10-09 13.1 13.24 12.7 12.7
2001-10-29 12.3 12.35 12.01 12.01
2001-11-12 11.49 11.96 11.01 11.01
2001-11-19 12.23 12.25 11.79 11.79
2001-12-03 12.97 13.08 12.82 12.82
2001-12-18 11.69 11.72 11.44 11.44
2001-12-25 11.0 11.06 10.82 10.82
2001-12-26 11.24 11.24 11.0 11.0
2002-03-07 10.96 10.96 10.3 10.3
2002-03-14 11.78 11.8 11.32 11.32
2002-04-01 11.47 11.64 11.11 11.11
2002-04-09 12.48 12.68 12.25 12.25
2002-04-26 11.39 11.48 11.05 11.05
2002-05-28 11.01 11.31 10.92 10.92
2002-06-18 10.63 10.68 10.3 10.3
2002-06-20 10.39 10.59 10.35 10.35
2002-06-26 11.7 11.97 11.21 11.21
2002-07-16 11.13 11.23 11.08 11.08
2002-07-17 11.21 11.25 11.09 11.09
2002-08-05 10.63 10.75 10.45 10.45
2002-08-19 10.27 10.4 10.26 10.26
2002-08-22 10.74 10.99 10.45 10.45
2002-08-26 10.51 10.65 10.5 10.5
2002-08-27 10.91 11.15 10.5 10.5
2002-08-30 10.57 10.64 10.55 10.55
2002-10-10 10.0 10.07 9.91 9.91
2002-10-16 10.12 10.2 9.95 9.95
2002-10-22 9.52 9.65 9.4 9.4
2002-10-23 9.71 9.99 9.55 9.55
2002-11-05 9.63 9.7 9.43 9.43
2002-12-20 8.78 8.92 8.68 8.68
2003-01-06 8.2 8.25 7.3 7.3
2003-01-13 8.42 8.49 8.2 8.2
2003-01-27 9.06 9.12 8.98 8.98
2003-02-11 8.95 8.95 8.79 8.79
2003-02-20 9.26 9.38 8.6 8.6
2003-02-27 9.3 9.45 9.2 9.2
2003-03-24 8.47 8.5 8.4 8.4
2003-04-01 8.53 8.57 8.4 8.4
2003-04-30 7.82 8.18 7.8 7.8
2003-05-14 7.38 7.4 7.05 7.05
2003-05-19 7.78 7.92 7.6 7.6
2003-05-30 7.95 8.18 7.9 7.9
2003-06-13 7.81 7.88 7.65 7.65
2003-07-08 7.29 7.36 7.19 7.19
2003-07-10 7.39 7.45 7.25 7.25
2003-08-15 7.15 7.2 7.1 7.1
2003-09-04 7.16 7.23 7.1 7.1
2003-09-05 7.28 7.52 7.26 7.26
2003-09-18 7.08 7.19 6.95 6.95
2003-10-21 6.8 6.85 6.55 6.55
2003-11-24 6.03 6.05 5.78 5.78
2003-12-01 6.2 6.23 6.0 6.0
2003-12-26 6.35 6.45 6.25 6.25
2004-01-16 6.38 6.52 6.23 6.23
2004-02-02 6.85 6.9 6.61 6.61
2004-02-09 7.15 7.15 6.92 6.92
2004-02-11 7.08 7.2 7.0 7.0
2004-02-12 7.15 7.26 7.08 7.08
2004-02-16 7.88 7.98 7.48 7.48
2004-03-12 7.0 7.07 6.89 6.89
2004-03-26 7.38 7.47 7.16 7.16
2004-04-15 7.2 7.34 7.06 7.06
2004-05-11 6.3 6.35 6.2 6.2
2004-05-12 6.45 6.48 6.26 6.26
2004-05-31 6.35 6.35 6.2 6.2
2004-06-18 5.33 5.39 5.2 5.2
2004-06-21 5.56 5.65 5.38 5.38
2004-06-30 4.99 5.11 4.99 4.99
2004-07-01 5.18 5.21 4.94 4.94
2004-07-16 4.7 4.75 4.56 4.56
2004-07-29 4.98 5.0 4.71 4.71
2004-08-25 4.31 4.36 4.31 4.31
2004-08-27 4.26 4.36 4.23 4.23
2004-10-15 5.28 5.28 4.8 4.8
2004-11-18 5.61 5.68 5.4 5.4
2004-11-22 5.76 5.98 5.75 5.75
2004-12-01 5.37 5.48 5.34 5.34
2005-01-17 4.91 5.08 4.81 4.81
2005-02-02 4.41 4.43 4.1 4.1
2005-02-16 4.47 4.55 4.45 4.45
2005-03-16 4.82 4.82 4.5 4.5
2005-04-22 3.35 3.35 3.21 3.21
2005-04-29 3.67 3.75 3.57 3.57
2005-05-24 3.56 3.63 3.46 3.46
2005-05-25 3.57 3.67 3.52 3.52
2005-06-27 3.55 3.58 3.46 3.46
2005-06-29 3.43 3.5 3.38 3.38
2005-07-06 3.14 3.19 3.09 3.09
2005-07-22 2.96 3.04 2.85 2.85
2005-07-26 3.0 3.02 2.91 2.91
2005-07-27 3.1 3.1 2.98 2.98
2005-07-29 3.13 3.15 3.03 3.03
2005-09-28 3.83 3.91 3.76 3.76
2005-11-02 3.55 3.59 3.44 3.44
2005-11-03 3.56 3.67 3.5 3.5
2005-11-11 3.46 3.52 3.41 3.41
2005-12-26 3.69 3.73 3.64 3.64
2005-12-28 3.73 3.73 3.64 3.64
2006-01-04 3.73 3.75 3.65 3.65
2006-01-05 3.82 3.83 3.71 3.71
2006-01-06 3.82 3.95 3.8 3.8
2006-01-19 4.09 4.15 3.97 3.97
2006-02-14 4.27 4.29 4.13 4.13
2006-03-06 4.09 4.14 4.03 4.03
2006-03-27 4.04 4.05 3.95 3.95
2006-04-17 4.44 4.55 4.4 4.4
2006-04-21 4.38 4.42 4.19 4.19
2006-06-26 6.89 6.95 6.33 6.33
2006-06-29 7.23 7.28 6.86 6.86
2006-07-11 7.19 7.22 6.92 6.92
2006-07-31 7.19 7.48 7.07 7.07
2006-08-08 5.89 5.93 5.7 5.7
2006-08-22 6.16 6.17 6.03 6.03
2006-08-31 6.53 6.72 6.45 6.45
2006-09-06 6.36 6.42 6.27 6.27
2006-09-12 6.3 6.31 6.24 6.24
2006-09-15 6.28 6.32 6.16 6.16
2006-09-18 6.37 6.45 6.28 6.28
2006-09-20 6.3 6.33 6.22 6.22
2006-09-25 6.97 7.18 6.7 6.7
2006-10-12 7.72 7.88 7.36 7.36
2006-10-24 8.03 8.08 7.69 7.69
2006-11-21 7.08 7.18 6.8 6.8
2006-11-24 7.19 7.2 6.95 6.95
2006-11-30 7.63 7.95 7.48 7.48
2006-12-01 7.89 8.08 7.7 7.7
2006-12-04 7.92 8.05 7.79 7.79
2006-12-12 8.15 8.21 7.73 7.73
2007-04-02 11.1 11.2 10.88 10.88
2007-04-16 15.4 15.76 14.7 14.7
2007-04-23 19.0 19.35 18.0 18.0
2007-05-16 18.08 18.2 17.4 17.4
2007-05-22 20.53 20.53 18.7 18.7
2007-05-28 21.46 21.93 20.45 20.45
2007-06-06 17.94 18.59 17.5 17.5
2007-06-07 18.79 19.12 18.0 18.0
2007-06-11 19.95 20.58 19.58 19.58
2007-06-13 24.15 24.15 23.15 23.15
2007-07-20 23.94 24.18 22.65 22.65
2007-07-23 25.79 26.06 24.1 24.1
2007-07-24 27.89 28.37 25.82 25.82
2007-08-14 26.97 27.35 26.55 26.55
2007-08-31 28.01 28.58 27.17 27.17
2007-09-03 28.34 29.0 28.0 28.0
2007-09-05 28.98 29.5 28.3 28.3
2007-09-17 26.93 27.5 26.3 26.3
2007-09-28 27.07 27.32 26.82 26.82
2007-10-16 33.02 34.0 31.94 31.94
2007-10-17 34.26 35.31 33.95 33.95
2007-10-19 35.71 35.79 33.05 33.05
2007-10-29 35.67 35.67 32.6 32.6
2007-11-09 31.38 31.83 30.68 30.68
2008-01-23 24.73 24.73 22.5 22.5
2008-04-08 17.58 18.4 17.22 17.22
2008-04-30 18.5 18.6 18.0 18.0
2008-05-12 18.5 19.0 17.88 17.88
2008-06-06 15.38 15.69 14.9 14.9
2008-06-11 14.37 14.7 14.0 14.0
2008-07-22 13.78 14.1 13.3 13.3
2008-08-14 11.19 11.6 11.13 11.13
2008-08-15 11.31 11.4 11.13 11.13
2008-08-25 10.55 10.76 10.41 10.41
2008-09-17 9.47 9.6 9.39 9.39
2008-09-25 9.61 9.7 9.2 9.2
2008-11-05 5.04 5.17 4.91 4.91
2008-11-14 6.7 6.79 6.33 6.33
2008-12-03 7.47 7.47 6.75 6.75
2009-02-05 10.83 11.46 10.5 10.5
2009-02-06 11.4 11.68 10.61 10.61
2009-03-18 11.2 11.5 11.15 11.15
2009-04-01 12.23 12.26 11.23 11.23
2009-04-23 12.19 12.4 11.88 11.88
2009-04-29 10.98 11.06 10.74 10.74
2009-05-14 11.69 12.05 11.3 11.3
2009-06-10 10.68 10.69 10.47 10.47
2009-07-06 10.58 10.59 10.42 10.42
2009-07-09 11.9 11.9 11.2 11.2
2009-07-22 12.75 12.95 11.72 11.72
2009-07-27 13.41 13.43 12.8 12.8
2009-09-25 11.2 11.31 11.1 11.1
2009-10-28 12.74 12.77 11.79 11.79
2009-12-30 14.69 15.05 14.43 14.43
2010-04-19 14.33 14.94 14.25 14.25
2010-04-20 14.79 14.8 14.2 14.2
2010-05-24 12.48 13.03 11.95 11.95
2010-06-04 11.77 11.8 11.5 11.5
2010-06-21 12.01 12.09 11.57 11.57
2010-07-06 10.99 11.0 10.6 10.6
2010-07-14 11.86 12.0 11.71 11.71
2010-08-11 10.18 10.24 9.84 9.84
2010-09-27 9.53 9.57 9.33 9.33
2010-10-18 10.62 10.87 10.0 10.0
2010-10-27 11.01 11.59 10.8 10.8
2010-11-25 10.88 11.14 10.78 10.78
2011-01-04 10.03 10.1 9.92 9.92
2011-01-18 9.2 9.28 9.06 9.06
2011-01-21 9.71 10.03 9.31 9.31
2011-01-24 10.3 10.46 9.71 9.71
2011-02-25 12.53 12.78 12.2 12.2
2011-03-11 13.07 13.45 12.72 12.72
2011-03-14 14.17 14.2 13.2 13.2
2011-06-07 10.64 11.01 10.52 10.52
2011-08-12 9.48 9.63 9.41 9.41
2011-09-19 8.9 8.94 8.74 8.74
2011-10-27 7.39 7.54 7.36 7.36
2011-11-28 7.68 7.95 7.53 7.53
2011-12-16 6.21 6.22 6.0 6.0
2011-12-30 5.94 5.98 5.83 5.83
2012-01-10 6.05 6.06 5.73 5.73
2012-03-01 6.67 6.74 6.64 6.64
2012-03-08 6.85 6.9 6.52 6.52
2012-05-17 6.64 6.67 6.52 6.52
2012-05-31 6.97 7.14 6.94 6.94
2012-06-11 6.4 6.44 6.23 6.23
2012-06-13 6.37 6.39 6.25 6.25
2012-06-14 6.36 6.45 6.32 6.32
2012-06-26 5.88 6.0 5.75 5.75
2012-06-27 5.85 5.95 5.83 5.83
2012-07-03 6.35 6.39 6.2 6.2
2012-07-17 5.5 5.53 5.4 5.4
2012-07-19 5.56 5.63 5.47 5.47
2012-08-07 5.15 5.15 5.01 5.01
2012-08-21 4.97 4.99 4.89 4.89
2012-09-06 4.88 4.89 4.8 4.8
2012-09-18 4.82 4.89 4.8 4.8
2012-09-19 4.85 4.91 4.81 4.81
2012-10-30 4.71 4.78 4.68 4.68
2012-11-01 4.83 4.84 4.7 4.7
2012-11-19 4.44 4.45 4.34 4.34
2012-12-31 4.61 4.61 4.53 4.53
2013-01-10 4.82 4.83 4.72 4.72
2013-02-19 5.54 5.65 5.5 5.5
2013-03-29 5.63 5.82 5.57 5.57
2013-04-19 5.55 5.61 5.45 5.45
2013-05-09 5.54 5.69 5.32 5.32
2013-05-15 5.5 5.55 5.26 5.26
2013-05-20 6.04 6.04 5.52 5.52
2013-06-14 5.26 5.34 5.09 5.09
2013-06-27 4.69 4.97 4.68 4.68
2013-07-10 4.57 4.57 4.39 4.39
2013-09-06 5.03 5.05 4.9 4.9
2013-09-18 5.05 5.08 5.0 5.0
2013-09-23 5.1 5.14 5.03 5.03
2013-09-30 4.88 4.88 4.82 4.82
2013-10-09 5.13 5.16 5.03 5.03
2013-10-17 5.21 5.22 5.03 5.03
2013-11-15 4.54 4.57 4.45 4.45
2013-11-28 4.78 4.83 4.73 4.73
2013-12-25 4.5 4.5 4.45 4.45
2014-01-14 4.14 4.15 4.02 4.02
2014-01-24 4.27 4.31 4.22 4.22
2014-02-10 4.39 4.4 4.25 4.25
2014-06-03 4.27 4.29 4.24 4.24
2014-07-01 4.4 4.4 4.3 4.3
2014-07-10 4.36 4.37 4.32 4.32
2014-07-14 4.5 4.52 4.42 4.42
2014-07-22 4.51 4.51 4.42 4.42
2014-08-11 4.74 4.8 4.66 4.66
2014-08-12 4.77 4.77 4.72 4.72
2014-08-15 4.77 4.84 4.7 4.7
2014-11-04 6.11 6.24 5.91 5.91
2014-11-28 8.1 8.6 7.56 7.56
2014-12-10 7.14 7.18 6.79 6.79
2014-12-31 7.32 7.44 7.19 7.19
2015-01-13 7.35 7.43 7.14 7.14
2015-01-26 7.63 7.65 7.2 7.2
2015-02-13 7.1 7.15 6.94 6.94
2015-10-12 9.72 9.72 8.02 8.02
2015-11-19 12.78 12.78 12.78 12.78
2015-11-20 14.06 14.06 14.06 14.06
2015-11-23 15.47 15.47 15.47 15.47
2016-01-22 13.45 13.45 12.28 12.28
2016-02-15 12.82 13.07 11.5 11.5
2016-02-17 12.32 13.27 11.54 11.54
2016-03-28 10.59 10.91 9.98 9.98
2016-03-30 10.18 10.26 9.88 9.88
2016-04-01 9.67 9.67 9.67 9.67
2016-04-05 9.19 9.19 9.19 9.19
2016-05-10 7.42 7.54 7.42 7.42
2016-05-11 7.05 7.1 7.05 7.05
2016-05-12 6.7 6.7 6.7 6.7
2016-05-13 6.46 6.64 6.38 6.38
2016-06-02 6.92 6.96 6.85 6.85
2016-06-20 6.18 6.18 6.18 6.18
2016-07-05 6.47 6.56 6.3 6.3
2016-08-04 6.37 6.38 6.25 6.25
2016-08-12 6.72 6.77 6.67 6.67
2016-08-16 6.87 6.94 6.74 6.74
2016-08-30 6.9 6.95 6.8 6.8
2016-08-31 7.04 7.16 6.87 6.87
2016-09-05 7.2 7.25 7.1 7.1
2016-09-08 7.49 7.51 7.28 7.28
2016-09-19 7.76 7.79 7.43 7.43
2016-09-21 7.88 7.97 7.63 7.63
2016-09-29 7.88 7.91 7.78 7.78
2016-11-08 8.09 8.14 8.01 8.01
2016-11-10 8.2 8.3 8.12 8.12
2016-12-01 8.31 8.33 8.14 8.14
2016-12-08 8.22 8.38 8.18 8.18
2016-12-15 7.83 7.96 7.59 7.59
2017-01-06 7.89 7.95 7.59 7.59
2017-01-19 7.62 7.97 7.55 7.55
2017-02-08 8.22 8.3 7.99 7.99
2017-02-27 8.13 8.17 8.07 8.07
2017-03-16 9.09 9.12 8.77 8.77
2017-03-21 8.54 8.54 8.54 8.54
2017-03-22 8.11 8.11 8.11 8.11
2017-03-23 7.7 7.7 7.7 7.7
2017-03-24 7.32 7.32 7.32 7.32
2017-03-27 6.95 6.95 6.95 6.95
2017-03-28 6.6 6.75 6.6 6.6
2017-03-30 6.4 6.51 6.3 6.3
2017-04-13 6.79 6.87 6.6 6.6
