2005-06-27 15.96 16.18 15.4 15.4
2005-07-22 13.42 13.6 12.7 12.7
2005-08-15 15.19 15.25 14.8 14.8
2005-09-02 15.01 15.14 14.86 14.86
2005-09-14 16.31 16.44 16.1 16.1
2005-10-11 16.34 16.35 16.08 16.08
2005-10-26 16.45 16.99 15.59 15.59
2005-11-14 15.7 15.7 15.34 15.34
2005-12-14 14.56 14.58 14.42 14.42
2006-01-18 14.88 14.9 14.43 14.43
2006-01-20 15.99 16.08 14.7 14.7
2006-02-21 15.14 15.25 14.6 14.6
2006-03-06 15.78 16.07 15.57 15.57
2006-03-28 15.71 15.85 15.5 15.5
2006-04-26 23.7 24.67 22.5 22.5
2006-06-09 29.1 29.1 29.1 29.1
2006-06-12 26.22 27.5 26.19 26.19
2006-10-09 25.38 25.39 24.4 24.4
2006-10-30 23.44 23.9 22.8 22.8
2006-11-01 25.6 26.0 24.12 24.12
2006-11-09 25.33 25.6 24.7 24.7
2006-11-17 27.91 28.15 26.79 26.79
2006-11-28 27.93 28.15 26.88 26.88
2006-12-15 29.15 29.68 27.75 27.75
2006-12-21 30.37 30.68 29.6 29.6
2007-01-15 34.98 35.57 32.51 32.51
2007-02-16 39.1 39.7 37.45 37.45
2007-03-16 37.54 38.4 36.65 36.65
2007-03-30 41.5 42.49 40.42 40.42
2007-04-09 40.35 40.5 39.2 39.2
2007-04-11 44.34 44.34 41.15 41.15
2007-04-16 45.95 46.1 43.88 43.88
2007-04-20 45.31 45.82 44.0 44.0
2007-05-16 49.53 49.53 47.0 47.0
2007-05-22 59.8 63.35 58.3 58.3
2007-08-16 62.04 63.59 60.03 60.03
2007-08-30 59.72 60.49 58.5 58.5
2007-09-25 55.68 55.77 51.99 51.99
2007-09-28 56.74 57.49 54.6 54.6
2007-10-17 58.77 59.6 57.1 57.1
2007-11-19 48.43 49.39 48.0 48.0
2007-11-29 43.45 43.78 42.5 42.5
2007-12-06 48.3 48.67 46.57 46.57
2007-12-24 56.81 58.2 55.0 55.0
2007-12-25 57.45 59.28 56.98 56.98
2008-01-23 56.53 57.9 55.5 55.5
2008-02-28 64.24 64.5 61.19 61.19
2008-04-07 56.72 56.72 52.0 52.0
2008-05-08 70.29 70.79 64.05 64.05
2008-06-02 67.21 68.0 65.0 65.0
2008-06-03 68.03 69.3 67.06 67.06
2008-06-10 63.29 65.55 60.0 60.0
2008-06-30 57.31 57.9 56.16 56.16
2008-07-07 59.16 59.69 57.13 57.13
2008-08-01 61.25 61.97 60.44 60.44
2008-08-04 61.0 61.88 60.5 60.5
2008-08-20 61.53 62.66 58.22 58.22
2008-09-04 49.5 49.67 48.11 48.11
2008-10-13 45.0 45.49 41.0 41.0
2008-11-07 31.86 32.2 30.46 30.46
2008-11-13 31.56 32.2 29.42 29.42
2008-11-19 33.96 35.5 30.93 30.93
2008-11-24 29.92 30.3 29.35 29.35
2008-12-03 31.17 31.2 29.26 29.26
2009-01-08 33.21 33.79 33.0 33.0
2009-01-23 33.41 34.1 33.35 33.35
2009-02-06 38.92 39.28 37.66 37.66
2009-03-17 41.5 41.53 39.8 39.8
2009-04-07 49.59 49.62 48.05 48.05
2009-04-17 58.07 58.87 56.0 56.0
2009-05-12 56.35 56.99 54.6 54.6
2009-05-13 56.99 58.1 56.45 56.45
2009-07-13 34.59 34.65 32.35 32.35
2009-07-17 35.2 35.92 34.85 34.85
2009-09-01 30.44 31.15 29.61 29.61
2009-09-07 33.09 33.6 32.31 32.31
2009-09-08 33.72 34.2 32.59 32.59
2009-09-14 34.69 35.5 34.52 34.52
2009-09-28 34.21 34.79 33.4 33.4
2009-09-30 33.9 34.3 33.0 33.0
2009-10-21 38.33 38.86 37.0 37.0
2010-01-15 36.42 36.78 34.6 34.6
2010-01-20 37.19 38.5 35.99 35.99
2010-01-28 35.02 35.42 34.11 34.11
2010-02-09 32.99 33.2 32.18 32.18
2010-03-01 34.43 34.55 33.8 33.8
2010-03-22 34.41 34.8 34.25 34.25
2010-03-23 35.51 35.98 34.43 34.43
2010-03-24 36.61 37.05 35.55 35.55
2010-03-26 36.37 36.97 36.0 36.0
2010-04-01 36.4 36.8 36.2 36.2
2010-04-02 37.42 37.48 36.37 36.37
2010-04-06 37.92 38.15 37.56 37.56
2010-05-04 36.71 37.18 36.3 36.3
2010-05-05 37.18 37.2 36.51 36.51
2010-05-24 18.97 19.08 18.5 18.5
2010-06-08 18.86 18.99 18.55 18.55
2010-06-09 19.38 19.5 18.87 18.87
2010-07-06 18.14 18.4 17.06 17.06
2010-07-20 20.33 20.36 19.55 19.55
2010-08-04 24.87 25.09 22.9 22.9
2010-08-11 26.5 26.53 25.46 25.46
2010-09-02 33.18 34.68 33.15 33.15
2010-10-08 39.02 39.26 35.9 35.9
2010-11-22 32.61 33.1 32.0 32.0
2010-11-30 34.07 36.05 33.5 33.5
2010-12-17 35.91 36.35 35.45 35.45
2010-12-20 37.44 37.94 36.0 36.0
2010-12-31 40.71 41.4 39.18 39.18
2011-02-14 49.83 50.0 46.08 46.08
2011-03-09 46.89 47.18 45.91 45.91
2011-03-22 42.21 42.83 40.84 40.84
2011-05-09 37.95 38.4 37.64 37.64
2011-05-10 38.58 38.74 37.98 37.98
2011-05-18 29.67 29.69 29.07 29.07
2011-07-04 28.15 28.28 27.5 27.5
2011-07-05 28.66 29.15 28.32 28.32
2011-07-07 29.3 29.8 28.38 28.38
2011-07-08 30.75 31.4 29.35 29.35
2011-07-22 32.19 32.27 31.11 31.11
2011-07-29 31.03 31.55 30.64 30.64
2011-10-12 21.39 21.85 20.2 20.2
2011-10-28 20.84 21.3 20.28 20.28
2011-10-31 21.06 21.18 20.66 20.66
2011-11-03 21.49 21.8 21.0 21.0
2011-11-04 21.85 22.29 21.7 21.7
2011-11-17 21.39 21.67 20.6 20.6
2011-11-25 19.73 20.03 19.56 19.56
2012-03-21 18.81 19.15 18.5 18.5
2012-03-26 19.11 19.22 18.3 18.3
2012-08-01 9.14 9.28 8.84 8.84
2012-08-21 9.24 9.26 9.08 9.08
2012-09-03 8.9 8.91 8.61 8.61
2012-09-07 9.59 9.59 8.9 8.9
2012-09-27 9.59 9.6 9.03 9.03
2012-10-09 9.98 10.0 9.56 9.56
2012-11-28 10.27 10.46 10.11 10.11
2013-01-14 12.03 12.09 11.48 11.48
2013-02-08 11.99 12.11 11.86 11.86
2013-02-27 11.14 11.22 11.06 11.06
2013-04-09 10.92 10.98 10.79 10.79
2013-04-18 10.9 11.14 10.86 10.86
2013-04-19 11.23 11.31 10.92 10.92
2013-04-22 11.49 11.71 11.23 11.23
2013-09-06 8.55 8.61 8.51 8.51
2013-09-16 9.38 9.57 9.24 9.24
2013-10-08 8.68 8.76 8.52 8.52
2013-11-25 8.32 8.41 8.27 8.27
2013-12-03 8.23 8.27 8.05 8.05
2014-01-02 8.32 8.38 8.27 8.27
2014-01-20 7.38 7.43 7.26 7.26
2014-02-10 7.06 7.1 6.87 6.87
2014-02-28 7.59 7.75 7.23 7.23
2014-03-11 7.1 7.13 7.0 7.0
2014-04-14 7.5 7.56 7.42 7.42
2014-05-21 7.23 7.24 7.1 7.1
2014-06-26 6.73 6.75 6.68 6.68
2014-06-30 6.82 6.87 6.79 6.79
2014-07-01 6.88 6.91 6.83 6.83
2014-07-02 6.96 7.02 6.86 6.86
2014-07-03 7.0 7.14 6.91 6.91
2014-07-11 7.07 7.08 6.92 6.92
2014-07-23 7.37 7.43 7.3 7.3
2014-08-08 7.51 7.54 7.46 7.46
2014-09-15 8.18 8.39 8.09 8.09
2014-09-23 7.99 8.0 7.85 7.85
2014-09-29 8.21 8.24 8.13 8.13
2014-10-30 8.25 8.28 8.15 8.15
2014-11-03 9.06 9.15 8.35 8.35
2014-11-04 9.97 9.97 9.35 9.35
2014-11-05 10.97 10.97 10.97 10.97
2015-01-20 11.63 11.68 11.37 11.37
2015-03-16 13.35 13.43 13.09 13.09
2015-03-17 14.52 14.69 13.42 13.42
2015-03-23 16.52 16.85 15.45 15.45
2015-03-27 16.18 16.52 15.56 15.56
2015-04-17 17.51 17.98 17.06 17.06
2015-04-30 17.77 18.8 17.71 17.71
2015-06-01 19.5 19.5 19.5 19.5
2015-06-02 21.45 21.45 21.45 21.45
2015-06-11 20.79 21.13 20.06 20.06
2015-07-08 8.79 9.5 8.79 8.79
2015-07-09 9.67 9.67 8.5 8.5
2015-07-17 12.81 13.0 12.06 12.06
2015-08-28 16.01 16.99 14.81 14.81
2015-09-02 11.67 13.0 11.67 11.67
2015-11-04 12.38 12.41 11.73 11.73
2015-11-09 13.17 13.56 13.03 13.03
2015-12-14 11.7 11.83 11.09 11.09
2015-12-22 12.55 12.9 12.34 12.34
2016-02-04 9.86 9.99 9.75 9.75
2016-03-02 9.71 9.78 9.01 9.01
2016-03-07 9.46 9.54 9.3 9.3
2016-03-14 9.39 9.47 9.17 9.17
2016-04-11 10.64 10.72 10.56 10.56
2016-04-13 10.66 10.86 10.57 10.57
2016-05-05 10.17 10.23 9.91 9.91
2016-05-10 9.32 9.4 9.21 9.21
2016-05-23 9.42 9.52 9.32 9.32
2016-06-22 6.3 6.31 6.22 6.22
2016-07-13 7.04 7.19 6.92 6.92
2016-07-26 6.95 6.96 6.86 6.86
2016-09-05 6.99 7.04 6.91 6.91
2016-09-19 6.86 6.87 6.82 6.82
2016-09-21 6.85 6.89 6.82 6.82
2016-09-30 6.74 6.78 6.7 6.7
2016-10-18 7.19 7.2 6.91 6.91
2016-11-10 7.31 7.44 7.21 7.21
2016-11-24 7.86 7.96 7.81 7.81
2017-01-03 7.2 7.21 7.08 7.08
2017-02-06 7.08 7.12 6.98 6.98
2017-02-07 7.15 7.28 7.05 7.05
2017-03-16 7.59 7.61 7.51 7.51
2017-03-22 8.23 8.23 7.41 7.41
2017-06-29 8.79 8.89 8.75 8.75
2017-08-03 8.42 8.48 8.32 8.32
2017-08-04 8.37 8.47 8.35 8.35
2017-08-07 8.61 8.65 8.45 8.45
2017-08-30 8.54 8.58 8.42 8.42
