2004-06-01 19.46 19.7 18.58 18.58
2004-07-16 16.11 16.11 15.2 15.2
2004-08-13 16.8 16.98 16.38 16.38
2004-08-18 16.5 16.9 16.25 16.25
2004-09-07 16.13 16.39 15.9 15.9
2004-09-23 18.41 18.54 18.03 18.03
2004-11-18 11.43 11.44 11.26 11.26
2004-11-30 10.87 11.07 10.83 10.83
2004-12-06 10.86 10.95 10.66 10.66
2004-12-22 10.35 10.35 10.08 10.08
2005-01-10 10.3 10.34 10.1 10.1
2005-02-01 9.63 9.77 9.61 9.61
2005-02-02 10.05 10.1 9.68 9.68
2005-02-04 10.19 10.23 10.02 10.02
2005-02-22 11.39 11.48 10.31 10.31
2005-03-03 10.88 11.1 10.6 10.6
2005-04-13 11.49 11.57 11.25 11.25
2005-06-06 6.36 6.4 6.02 6.02
2005-06-08 6.9 6.95 6.3 6.3
2005-06-27 7.21 7.26 6.86 6.86
2005-07-04 7.11 7.15 6.75 6.75
2005-07-29 7.33 7.42 7.2 7.2
2005-08-15 8.3 8.39 7.76 7.76
2005-08-22 7.9 7.99 7.8 7.8
2005-08-24 7.95 8.03 7.8 7.8
2005-09-09 8.39 8.6 8.3 8.3
2005-09-19 8.74 8.85 8.7 8.7
2006-10-16 5.76 5.8 5.62 5.62
2006-10-24 5.58 5.61 5.42 5.42
2006-10-25 5.67 5.75 5.6 5.6
2006-10-27 5.93 6.18 5.72 5.72
2006-11-30 5.89 5.94 5.8 5.8
2006-12-08 6.02 6.25 5.85 5.85
2007-02-08 7.55 7.59 7.43 7.43
2007-02-28 8.15 8.2 7.62 7.62
2007-03-27 9.83 9.98 9.65 9.65
2007-04-02 9.76 9.8 9.28 9.28
2007-04-06 10.84 10.87 10.37 10.37
2007-04-09 10.9 11.2 10.6 10.6
2007-04-20 12.03 12.15 11.44 11.44
2007-05-22 13.59 14.03 13.17 13.17
2007-06-27 12.0 12.25 11.62 11.62
2007-07-13 10.58 11.0 10.5 10.5
2007-07-19 10.72 10.99 10.61 10.61
2007-07-23 11.58 11.68 11.1 11.1
2007-08-20 12.55 12.59 12.25 12.25
2007-08-23 12.9 12.98 12.61 12.61
2007-09-05 13.53 13.94 13.21 13.21
2007-09-19 14.28 14.75 13.6 13.6
2007-11-19 10.96 11.03 10.66 10.66
2007-12-03 10.85 10.9 10.57 10.57
2007-12-11 12.62 12.62 12.02 12.02
2007-12-19 12.75 13.0 12.55 12.55
2007-12-21 13.69 13.93 13.01 13.01
2008-01-02 15.23 15.33 13.99 13.99
2008-01-23 16.49 16.49 15.0 15.0
2008-01-25 17.9 18.2 17.2 17.2
2008-03-19 14.09 14.38 13.64 13.64
2008-04-23 9.88 9.98 9.0 9.0
2008-04-30 11.75 11.75 10.85 10.85
2008-05-22 12.25 12.77 12.1 12.1
2008-05-23 12.17 12.5 12.01 12.01
2008-06-25 7.77 7.77 7.12 7.12
2008-07-09 8.11 8.29 7.91 7.91
2008-07-24 7.88 7.92 7.6 7.6
2008-07-28 7.88 7.97 7.73 7.73
2008-09-04 6.15 6.25 6.06 6.06
2008-09-25 5.9 6.01 5.78 5.78
2008-11-10 4.68 4.68 4.35 4.35
2008-12-10 6.17 6.19 5.9 5.9
2009-01-14 5.33 5.34 5.08 5.08
2009-01-21 5.61 5.73 5.5 5.5
2009-03-19 7.2 7.32 6.91 6.91
2009-04-03 7.8 8.22 7.5 7.5
2009-04-30 8.28 8.59 8.21 8.21
2009-05-08 9.46 9.52 9.16 9.16
2009-05-12 9.51 9.58 8.87 8.87
2009-05-22 8.97 9.04 8.73 8.73
2009-06-10 8.8 8.82 8.51 8.51
2009-07-08 9.04 9.07 8.88 8.88
2009-07-27 10.95 11.07 10.22 10.22
2009-08-12 12.6 13.1 12.12 12.12
2009-08-18 13.59 13.59 12.0 12.0
2009-08-21 15.69 15.69 14.27 14.27
2009-09-17 18.7 19.31 17.72 17.72
2009-10-30 17.2 17.59 16.93 16.93
2009-11-03 18.19 18.34 17.85 17.85
2009-12-25 17.27 17.55 17.06 17.06
2010-03-01 15.2 15.49 14.92 14.92
2010-03-22 15.28 15.39 14.63 14.63
2010-03-23 15.47 15.78 15.3 15.3
2010-06-07 8.95 9.07 8.82 8.82
2010-08-24 11.0 11.44 10.52 10.52
2010-09-06 10.92 11.19 10.52 10.52
2010-11-24 13.12 13.26 12.71 12.71
2010-12-13 12.32 12.35 12.03 12.03
2010-12-16 13.28 13.43 12.55 12.55
2011-01-28 11.06 11.2 10.83 10.83
2011-02-15 12.01 12.04 11.75 11.75
2011-03-11 12.9 13.07 12.71 12.71
2011-04-06 13.85 14.11 13.65 13.65
2011-04-11 14.18 14.23 13.71 13.71
2011-04-19 14.15 14.38 13.8 13.8
2011-04-22 15.12 15.47 14.72 14.72
2011-06-21 6.0 6.01 5.8 5.8
2011-06-30 6.54 6.61 6.3 6.3
2011-07-13 6.44 6.49 6.23 6.23
2011-07-26 5.8 5.85 5.74 5.74
2011-08-04 5.46 5.53 5.45 5.45
2011-08-12 5.18 5.21 5.09 5.09
2011-08-17 5.1 5.14 5.01 5.01
2011-08-18 5.12 5.17 5.05 5.05
2011-08-23 5.21 5.25 5.13 5.13
2011-09-01 5.18 5.22 5.12 5.12
2011-10-31 5.63 5.65 5.52 5.52
2011-11-11 6.26 6.29 6.14 6.14
2011-12-16 5.39 5.42 5.05 5.05
2011-12-30 5.56 5.66 5.3 5.3
2012-01-06 5.24 5.3 5.1 5.1
2012-01-10 5.54 5.59 5.37 5.37
2012-01-12 5.45 5.55 5.41 5.41
2012-01-17 5.64 5.67 5.25 5.25
2012-01-31 5.69 5.74 5.6 5.6
2012-02-15 5.72 5.75 5.59 5.59
2012-02-16 5.72 5.81 5.66 5.66
2012-03-02 5.69 5.73 5.5 5.5
2012-03-08 5.75 5.85 5.5 5.5
2012-03-15 6.21 6.31 5.78 5.78
2012-03-26 6.53 6.61 6.22 6.22
2012-06-06 6.54 6.64 6.51 6.51
2012-08-06 5.84 5.88 5.65 5.65
2012-08-21 5.9 5.95 5.77 5.77
2012-08-23 5.87 5.93 5.83 5.83
2012-11-08 4.61 4.73 4.6 4.6
2012-12-05 4.52 4.52 4.11 4.11
2012-12-07 4.89 4.94 4.65 4.65
2012-12-17 5.68 5.91 5.55 5.55
2013-01-28 5.5 5.55 5.3 5.3
2013-01-29 5.55 5.65 5.51 5.51
2013-02-28 5.62 5.65 5.46 5.46
2013-03-11 5.07 5.11 5.01 5.01
2013-03-22 5.17 5.31 5.12 5.12
2013-03-29 5.1 5.19 4.87 4.87
2013-04-10 4.89 4.95 4.85 4.85
2013-04-18 4.87 4.89 4.8 4.8
2013-05-03 4.46 4.51 4.43 4.43
2013-05-17 4.82 5.03 4.62 4.62
2013-05-27 4.69 4.74 4.65 4.65
2013-06-14 4.18 4.18 4.13 4.13
2013-07-30 3.63 3.65 3.55 3.55
2013-07-31 3.65 3.74 3.63 3.63
2013-08-01 3.87 3.88 3.67 3.67
2013-08-22 3.88 3.89 3.78 3.78
2013-11-14 3.55 3.57 3.52 3.52
2014-01-23 3.35 3.43 3.31 3.31
2014-01-24 3.38 3.41 3.34 3.34
2014-01-30 3.33 3.42 3.33 3.33
2014-02-07 3.35 3.36 3.27 3.27
2014-02-10 3.41 3.41 3.36 3.36
2014-02-17 3.48 3.49 3.44 3.44
2014-02-20 3.58 3.67 3.45 3.45
2014-04-08 3.4 3.41 3.36 3.36
2014-06-09 3.25 3.27 3.22 3.22
2014-06-13 3.3 3.31 3.26 3.26
2014-06-25 3.24 3.25 3.23 3.23
2014-07-11 3.29 3.31 3.28 3.28
2014-07-28 3.46 3.47 3.4 3.4
2014-08-29 3.48 3.49 3.47 3.47
2014-10-10 4.39 4.48 4.31 4.31
2014-10-20 4.25 4.25 4.18 4.18
2014-10-28 4.08 4.09 3.97 3.97
2014-12-03 4.53 4.65 4.45 4.45
2014-12-04 4.6 4.61 4.53 4.53
2014-12-08 5.15 5.15 4.72 4.72
2014-12-25 6.01 6.01 6.01 6.01
2014-12-26 6.61 6.61 6.61 6.61
2014-12-31 6.69 6.91 6.42 6.42
2015-01-05 7.06 7.21 6.77 6.77
2015-02-13 8.43 8.43 7.6 7.6
2015-03-16 10.25 10.47 9.86 9.86
2015-03-30 12.15 12.68 11.8 11.8
2015-04-03 15.84 15.84 14.17 14.17
2015-04-07 16.3 17.15 15.9 15.9
2015-06-11 17.29 17.67 17.01 17.01
2015-07-13 7.66 7.66 7.66 7.66
2015-07-14 8.43 8.43 8.43 8.43
2015-08-05 10.98 10.98 10.2 10.2
2015-08-25 7.86 7.86 7.86 7.86
2015-10-12 10.93 11.02 10.08 10.08
2015-10-20 11.05 11.08 10.6 10.6
2016-01-05 8.1 8.26 7.39 7.39
2016-01-14 7.07 7.1 6.4 6.4
2016-02-02 5.99 6.04 5.79 5.79
2016-02-04 6.68 6.68 6.1 6.1
2016-02-16 6.85 7.08 6.62 6.62
2016-03-28 6.68 6.77 6.6 6.6
2016-04-05 7.2 7.55 7.0 7.0
2016-04-11 7.58 7.58 6.89 6.89
2016-04-14 8.22 8.45 8.1 8.1
2016-05-23 7.02 7.12 6.89 6.89
2016-05-31 7.47 7.49 7.12 7.12
2016-08-23 11.15 11.55 11.01 11.01
2016-08-24 11.44 11.68 11.17 11.17
2016-08-31 12.42 12.74 12.1 12.1
2016-09-19 12.64 13.09 12.29 12.29
2016-12-27 11.37 11.37 11.37 11.37
2017-01-18 10.81 11.19 10.51 10.51
2017-01-20 11.06 11.08 10.79 10.79
2017-01-25 11.06 11.2 11.02 11.02
2017-02-03 11.08 11.15 11.06 11.06
2017-02-28 11.71 11.86 11.59 11.59
2017-04-14 11.47 11.68 11.22 11.22
2017-04-25 10.32 10.5 10.2 10.2
2017-05-17 9.73 9.89 9.54 9.54
2017-05-22 10.33 10.8 9.76 9.76
2017-05-26 10.11 10.22 9.9 9.9
2017-06-05 9.61 9.66 9.49 9.49
2017-06-12 10.14 10.21 9.88 9.88
2017-06-29 10.77 10.88 10.71 10.71
2017-07-14 10.23 10.35 10.16 10.16
2017-08-09 9.89 9.94 9.73 9.73
2017-08-16 10.32 10.45 10.11 10.11
2017-08-28 10.45 10.6 10.34 10.34
