2001-02-09 14.55 14.64 14.28 14.28
2001-05-08 16.63 16.68 16.3 16.3
2001-05-14 17.26 17.32 17.0 17.0
2001-05-21 17.58 17.68 17.36 17.36
2001-09-19 15.94 15.96 15.4 15.4
2002-01-30 12.75 13.0 12.64 12.64
2002-02-07 13.64 13.8 13.28 13.28
2002-02-08 13.81 14.18 13.75 13.75
2002-06-17 12.56 12.56 12.45 12.45
2002-06-21 13.15 13.15 12.73 12.73
2002-07-09 13.84 13.98 13.8 13.8
2002-07-29 13.49 13.49 13.38 13.38
2002-07-30 13.59 13.6 13.48 13.48
2002-08-06 13.42 13.53 13.35 13.35
2002-08-30 13.69 13.8 13.68 13.68
2002-09-13 13.3 13.48 13.25 13.25
2002-10-28 12.15 12.3 12.1 12.1
2002-10-31 12.31 12.35 12.25 12.25
2002-12-20 11.17 11.2 10.98 10.98
2003-01-24 10.87 10.88 10.65 10.65
2003-01-27 11.04 11.05 10.8 10.8
2003-04-18 11.46 11.7 11.35 11.35
2003-05-23 9.9 10.1 9.74 9.74
2003-05-29 10.15 10.15 10.0 10.0
2003-06-16 10.0 10.04 9.9 9.9
2003-06-19 9.88 10.03 9.81 9.81
2003-07-04 9.59 9.68 9.51 9.51
2003-08-05 9.51 9.56 9.47 9.47
2003-09-11 8.72 8.74 8.66 8.66
2003-10-24 8.16 8.18 8.0 8.0
2003-12-01 8.81 8.86 8.6 8.6
2003-12-04 9.26 9.28 8.96 8.96
2003-12-23 9.41 9.65 9.35 9.35
2003-12-29 9.37 9.42 9.01 9.01
2004-02-16 10.18 10.21 9.95 9.95
2004-04-21 8.99 9.08 8.9 8.9
2004-04-27 9.01 9.06 8.8 8.8
2004-05-10 9.0 9.15 9.0 9.0
2004-05-18 9.11 9.12 8.91 8.91
2004-05-20 9.34 9.48 9.23 9.23
2004-06-24 8.26 8.6 8.18 8.18
2004-08-02 7.81 7.94 7.78 7.78
2004-08-09 8.03 8.13 8.0 8.0
2004-09-17 7.46 7.51 7.19 7.19
2004-10-19 7.02 7.16 7.01 7.01
2004-10-21 7.25 7.45 7.0 7.0
2004-12-03 8.06 8.17 8.0 8.0
2004-12-08 8.0 8.04 7.93 7.93
2005-01-07 7.35 7.41 7.25 7.25
2005-05-09 7.69 7.75 7.5 7.5
2005-05-13 7.64 7.76 7.58 7.58
2005-09-07 8.1 8.11 7.87 7.87
2005-09-26 8.15 8.17 8.05 8.05
2005-10-10 8.12 8.15 7.99 7.99
2005-10-11 8.28 8.29 8.1 8.1
2005-10-24 8.63 8.77 8.43 8.43
2005-10-26 8.75 8.8 8.55 8.55
2005-11-24 8.61 8.73 8.56 8.56
2006-11-02 7.96 7.98 7.84 7.84
2006-11-06 8.01 8.03 7.9 7.9
2007-01-08 9.1 9.12 8.82 8.82
2007-02-05 9.24 9.35 9.2 9.2
2007-02-06 9.88 10.1 9.25 9.25
2007-04-23 14.74 14.8 14.1 14.1
2007-05-21 16.99 17.25 15.82 15.82
2007-08-02 14.42 14.55 13.89 13.89
2007-09-27 14.75 14.89 14.52 14.52
2007-10-10 15.21 15.46 14.95 14.95
2008-02-18 15.04 15.16 14.66 14.66
2008-04-30 13.79 13.86 13.35 13.35
2008-05-08 13.77 13.8 12.98 12.98
2008-05-14 14.72 14.8 14.01 14.01
2008-07-21 9.01 9.08 8.54 8.54
2008-10-30 7.28 7.34 7.12 7.12
2009-03-04 9.19 9.2 8.66 8.66
2009-03-12 9.49 9.55 8.87 8.87
2009-07-20 10.89 10.89 10.15 10.15
2009-10-23 9.25 9.32 9.2 9.2
2009-10-26 10.01 10.15 9.28 9.28
2010-01-15 11.99 12.07 11.86 11.86
2010-02-24 12.59 12.77 12.15 12.15
2010-04-21 14.75 14.82 14.15 14.15
2010-12-13 17.92 17.99 17.09 17.09
2011-01-26 14.47 14.54 14.24 14.24
2011-01-31 16.79 17.05 15.78 15.78
2011-03-24 16.85 17.2 16.81 16.81
2011-08-04 11.49 11.51 11.31 11.31
2012-07-12 7.02 7.08 6.9 6.9
2012-08-21 6.79 6.85 6.61 6.61
2012-11-16 6.37 6.37 6.17 6.17
2013-03-11 7.64 7.79 7.57 7.57
2013-07-11 6.79 6.93 6.6 6.6
2013-07-15 6.88 6.96 6.78 6.78
2013-10-14 9.39 9.45 8.78 8.78
2014-04-30 10.54 10.62 10.2 10.2
2014-05-08 11.45 11.45 10.36 10.36
2014-07-08 12.03 12.11 11.51 11.51
2015-01-20 13.62 13.64 13.3 13.3
2015-01-21 13.95 14.05 13.68 13.68
2015-01-22 14.16 14.29 13.9 13.9
2015-03-02 16.66 17.4 16.55 16.55
2015-03-05 16.75 17.2 16.54 16.54
2015-07-09 11.86 11.86 10.3 10.3
2015-10-13 13.87 14.09 13.45 13.45
2016-07-28 12.77 12.83 12.53 12.53
2016-08-03 12.66 12.7 12.57 12.57
2016-08-09 14.49 14.71 13.43 13.43
2016-08-15 14.39 14.73 14.18 14.18
2016-09-06 15.95 16.18 15.21 15.21
